Training sample: #12
[[8 0 0 0 0 3 0 0 0]
 [5 0 0 0 2 0 0 0 1]
 [4 0 9 6 0 5 7 0 0]
 [0 0 0 1 0 0 3 0 9]
 [0 0 0 0 0 4 0 0 2]
 [0 5 0 9 3 0 0 6 0]
 [0 0 0 2 0 0 6 0 0]
 [0 0 0 0 5 0 0 7 0]
 [7 6 0 3 0 0 0 0 0]]
New max total reward: -42 at episode: 0
episode 0, total_reward -42, epsilon 0.5997
New max total reward: -41 at episode: 3
New max total reward: -22 at episode: 4
New max total reward: -21 at episode: 12
New max total reward: -11 at episode: 15
New max total reward: 6 at episode: 28
New max total reward: 25 at episode: 31
New max total reward: 34 at episode: 123
New max total reward: 44 at episode: 200
New max total reward: 45 at episode: 240
New max total reward: 53 at episode: 252
New max total reward: 60 at episode: 274
New max total reward: 73 at episode: 341
episode 500, total_reward 13, epsilon 0.4670
New max total reward: 81 at episode: 923
episode 1000, total_reward 25, epsilon 0.3637
New max total reward: 90 at episode: 1096
New max total reward: 129 at episode: 1422
episode 1500, total_reward -22, epsilon 0.2832
episode 2000, total_reward 36, epsilon 0.2206
episode 2500, total_reward 23, epsilon 0.1718
episode 3000, total_reward 46, epsilon 0.1338
episode 3500, total_reward 54, epsilon 0.1042
episode 4000, total_reward 61, epsilon 0.0811
New max total reward: 157 at episode: 4001
episode 4500, total_reward 54, epsilon 0.0632
episode 5000, total_reward 42, epsilon 0.0492
episode 5500, total_reward 62, epsilon 0.0383
episode 6000, total_reward 90, epsilon 0.0298
episode 6500, total_reward 72, epsilon 0.0232
episode 7000, total_reward 120, epsilon 0.0181
episode 7500, total_reward 120, epsilon 0.0141
episode 8000, total_reward 62, epsilon 0.0110
episode 8500, total_reward 147, epsilon 0.0100
episode 9000, total_reward 147, epsilon 0.0100
episode 9500, total_reward 147, epsilon 0.0100
[[[ 1.00000000e-02  1.00000000e-02  1.00000000e-02  1.00000000e-02
    1.00000000e-02  1.00000000e-02  1.00000000e-02  1.00000000e-02
    1.00000000e-02  1.00000000e-02]
  [ 1.00000000e-02  2.37501130e+01  1.71958543e+01  1.00000000e-02
    1.00000000e-02  1.00000000e-02  1.00000000e-02  2.72264371e+01
    1.00000000e-02  1.00000000e-02]
  [ 1.00000000e-02  2.72561880e+01  1.59509115e+01  1.00000000e-02
    1.00000000e-02  1.00000000e-02  1.83987067e+01  2.19030923e+01
    1.00000000e-02  1.00000000e-02]
  [ 1.00000000e-02  1.00000000e-02  1.00000000e-02  1.00000000e-02
    2.67288556e+01  1.00000000e-02  1.00000000e-02  1.57502518e+01
    1.00000000e-02  1.00000000e-02]
  [ 1.00000000e-02  1.41881368e+01  1.00000000e-02  1.00000000e-02
    1.48875495e+01  1.00000000e-02  1.00000000e-02  1.59329376e+01
    1.00000000e-02  2.71644583e+01]
  [ 1.00000000e-02  1.00000000e-02  1.00000000e-02  1.00000000e-02
    1.00000000e-02  1.00000000e-02  1.00000000e-02  1.00000000e-02
    1.00000000e-02  1.00000000e-02]
  [ 1.00000000e-02  1.00000000e-02  2.30776818e+01  1.00000000e-02
    1.68242624e+01  2.77244798e+01  1.00000000e-02  1.00000000e-02
    1.00000000e-02  1.77068529e+01]
  [ 1.00000000e-02  1.00000000e-02  2.78238618e+01  1.00000000e-02
    1.84887001e+01  2.00743755e+01  1.00000000e-02  1.00000000e-02
    1.00000000e-02  1.87391126e+01]
  [ 1.00000000e-02  1.00000000e-02  1.00000000e-02  1.00000000e-02
    1.68470279e+01  1.97202007e+01  2.64259088e+01  1.00000000e-02
    1.00000000e-02  1.00000000e-02]
  [ 1.00000000e-02  1.00000000e-02  1.00000000e-02  1.00000000e-02
    1.00000000e-02  1.00000000e-02  1.00000000e-02  1.00000000e-02
    1.00000000e-02  1.00000000e-02]]

 [[ 1.00000000e-02  1.00000000e-02  1.00000000e-02  1.00000000e-02
    1.00000000e-02  1.00000000e-02  1.00000000e-02  1.00000000e-02
    1.00000000e-02  1.00000000e-02]
  [ 1.00000000e-02  1.00000000e-02  1.00000000e-02  2.74567424e+01
    1.00000000e-02  1.00000000e-02  1.00000000e-02  1.71616032e+01
    1.00000000e-02  1.00000000e-02]
  [ 1.00000000e-02  1.00000000e-02  1.00000000e-02  2.01380175e+01
    1.00000000e-02  1.00000000e-02  2.72985104e+01  1.38040461e+01
    1.00000000e-02  1.00000000e-02]
  [ 1.00000000e-02  1.00000000e-02  1.00000000e-02  1.00000000e-02
    1.85181143e+01  1.00000000e-02  1.00000000e-02  2.65842825e+01
    2.07205261e+01  1.00000000e-02]
  [ 1.00000000e-02  1.00000000e-02  1.00000000e-02  1.00000000e-02
    1.00000000e-02  1.00000000e-02  1.00000000e-02  1.00000000e-02
    1.00000000e-02  1.00000000e-02]
  [ 1.00000000e-02  1.00000000e-02  1.00000000e-02  1.00000000e-02
    1.00000000e-02  1.00000000e-02  1.00000000e-02  1.95993669e+01
    2.73853419e+01  1.79821075e+01]
  [ 1.00000000e-02  1.00000000e-02  1.00000000e-02  1.00000000e-02
    2.25360239e+01  1.00000000e-02  1.00000000e-02  1.00000000e-02
    1.60742373e+01  2.65148728e+01]
  [ 1.00000000e-02  1.00000000e-02  1.00000000e-02  1.85073228e+01
    2.64900793e+01  1.00000000e-02  1.00000000e-02  1.00000000e-02
    1.37636415e+01  2.21594898e+01]
  [ 1.00000000e-02  1.00000000e-02  1.00000000e-02  1.00000000e-02
    1.00000000e-02  1.00000000e-02  1.00000000e-02  1.00000000e-02
    1.00000000e-02  1.00000000e-02]
  [ 1.00000000e-02  1.00000000e-02  1.00000000e-02  1.00000000e-02
    1.00000000e-02  1.00000000e-02  1.00000000e-02  1.00000000e-02
    1.00000000e-02  1.00000000e-02]]

 [[ 1.00000000e-02  1.00000000e-02  1.00000000e-02  1.00000000e-02
    1.00000000e-02  1.00000000e-02  1.00000000e-02  1.00000000e-02
    1.00000000e-02  1.00000000e-02]
  [ 1.00000000e-02  1.77187899e+01  2.66291917e+01  1.75272172e+01
    1.00000000e-02  1.00000000e-02  1.00000000e-02  1.00000000e-02
    1.00000000e-02  1.00000000e-02]
  [ 1.00000000e-02  1.00000000e-02  1.00000000e-02  1.00000000e-02
    1.00000000e-02  1.00000000e-02  1.00000000e-02  1.00000000e-02
    1.00000000e-02  1.00000000e-02]
  [ 1.00000000e-02  1.00000000e-02  1.00000000e-02  1.00000000e-02
    1.00000000e-02  1.00000000e-02  1.00000000e-02  1.00000000e-02
    1.00000000e-02  1.00000000e-02]
  [ 1.00000000e-02  2.70773230e+01  1.00000000e-02  1.00000000e-02
    1.00000000e-02  1.00000000e-02  1.00000000e-02  1.00000000e-02
    1.79031071e+01  1.00000000e-02]
  [ 1.00000000e-02  1.00000000e-02  1.00000000e-02  1.00000000e-02
    1.00000000e-02  1.00000000e-02  1.00000000e-02  1.00000000e-02
    1.00000000e-02  1.00000000e-02]
  [ 1.00000000e-02  1.00000000e-02  1.00000000e-02  1.00000000e-02
    1.00000000e-02  1.00000000e-02  1.00000000e-02  1.00000000e-02
    1.00000000e-02  1.00000000e-02]
  [ 1.00000000e-02  1.00000000e-02  1.77973093e+01  2.68954932e+01
    1.00000000e-02  1.00000000e-02  1.00000000e-02  1.00000000e-02
    2.27844435e+01  1.00000000e-02]
  [ 1.00000000e-02  1.00000000e-02  1.00000000e-02  2.19059940e+01
    1.00000000e-02  1.00000000e-02  1.00000000e-02  1.00000000e-02
    2.69396313e+01  1.00000000e-02]
  [ 1.00000000e-02  1.00000000e-02  1.00000000e-02  1.00000000e-02
    1.00000000e-02  1.00000000e-02  1.00000000e-02  1.00000000e-02
    1.00000000e-02  1.00000000e-02]]

 [[ 1.00000000e-02  1.00000000e-02  1.17396006e+01  1.00000000e-02
    1.00000000e-02  1.00000000e-02  2.46988437e+01  1.00000000e-02
    1.00000000e-02  1.00000000e-02]
  [ 1.00000000e-02  1.00000000e-02  1.96251864e+01  1.00000000e-02
    2.30522471e+01  1.00000000e-02  1.00000000e-02  1.34079175e+01
    1.52341299e+01  1.00000000e-02]
  [ 1.00000000e-02  1.00000000e-02  1.11367521e+01  1.00000000e-02
    1.67108083e+01  1.00000000e-02  1.78758284e+01  2.24430180e+01
    1.45635813e+01  1.00000000e-02]
  [ 1.00000000e-02  1.00000000e-02  1.00000000e-02  1.00000000e-02
    1.00000000e-02  1.00000000e-02  1.00000000e-02  1.00000000e-02
    1.00000000e-02  1.00000000e-02]
  [ 1.00000000e-02  1.00000000e-02  1.00000000e-02  1.00000000e-02
    1.00000000e-02  1.00000000e-02  2.43612106e+01  1.90641219e+01
    2.70640116e+01  1.00000000e-02]
  [ 1.00000000e-02  1.00000000e-02  2.70248902e+01  1.00000000e-02
    1.00000000e-02  1.00000000e-02  1.93662102e+01  2.12005522e+01
    1.61937173e+01  1.00000000e-02]
  [ 1.00000000e-02  1.00000000e-02  1.00000000e-02  1.00000000e-02
    1.00000000e-02  1.00000000e-02  1.00000000e-02  1.00000000e-02
    1.00000000e-02  1.00000000e-02]
  [ 1.00000000e-02  1.00000000e-02  1.00000000e-02  1.00000000e-02
    8.28680053e+00  2.26411648e+01  1.00000000e-02  1.00000000e-02
    1.24363982e+01  1.00000000e-02]
  [ 1.00000000e-02  1.00000000e-02  1.00000000e-02  1.00000000e-02
    1.00000000e-02  1.00000000e-02  1.00000000e-02  1.00000000e-02
    1.00000000e-02  1.00000000e-02]
  [ 1.00000000e-02  1.00000000e-02  1.00000000e-02  1.00000000e-02
    1.00000000e-02  1.00000000e-02  1.00000000e-02  1.00000000e-02
    1.00000000e-02  1.00000000e-02]]

 [[ 1.00000000e-02  2.23734123e+01  1.00000000e-02  1.38278083e+01
    1.00000000e-02  1.00000000e-02  1.12552831e+01  1.00000000e-02
    1.00000000e-02  1.15272384e+01]
  [ 1.00000000e-02  7.91885277e+00  1.00000000e-02  1.67799519e+01
    1.00000000e-02  1.00000000e-02  1.00000000e-02  1.22096923e+01
    1.50942442e+01  2.31740946e+01]
  [ 1.00000000e-02  1.00534776e+01  1.00000000e-02  2.21573714e+01
    1.00000000e-02  1.00000000e-02  1.97000694e+01  1.12120150e+01
    1.18085100e+01  1.00000000e-02]
  [ 1.00000000e-02  1.00000000e-02  1.00000000e-02  1.00000000e-02
    1.00000000e-02  2.79109259e+01  1.00000000e-02  1.59371169e+01
    1.85367415e+01  1.00000000e-02]
  [ 1.00000000e-02  1.00000000e-02  1.00000000e-02  1.00000000e-02
    1.00000000e-02  1.00000000e-02  2.63258678e+01  2.00457410e+01
    2.38191634e+01  1.00000000e-02]
  [ 1.00000000e-02  1.00000000e-02  1.00000000e-02  1.00000000e-02
    1.00000000e-02  1.00000000e-02  1.00000000e-02  1.00000000e-02
    1.00000000e-02  1.00000000e-02]
  [ 1.00000000e-02  1.11577484e+01  1.00000000e-02  1.00000000e-02
    1.00000000e-02  1.74965959e+01  1.00000000e-02  1.00000000e-02
    1.89321985e+00  1.00000000e-02]
  [ 1.00000000e-02  1.58379875e+01  1.00000000e-02  1.00000000e-02
    1.00000000e-02  1.47900557e+01  1.00000000e-02  1.00000000e-02
    7.98276675e+00  1.00000000e-02]
  [ 1.00000000e-02  1.00000000e-02  1.00000000e-02  1.00000000e-02
    1.00000000e-02  1.00000000e-02  1.00000000e-02  1.00000000e-02
    1.00000000e-02  1.00000000e-02]
  [ 1.00000000e-02  1.00000000e-02  1.00000000e-02  1.00000000e-02
    1.00000000e-02  1.00000000e-02  1.00000000e-02  1.00000000e-02
    1.00000000e-02  1.00000000e-02]]

 [[ 1.00000000e-02  1.63553822e+01  2.28882515e+01  1.00000000e-02
    1.00000000e-02  1.00000000e-02  1.00000000e-02  1.00000000e-02
    1.00000000e-02  1.00000000e-02]
  [ 1.00000000e-02  1.00000000e-02  1.00000000e-02  1.00000000e-02
    1.00000000e-02  1.00000000e-02  1.00000000e-02  1.00000000e-02
    1.00000000e-02  1.00000000e-02]
  [ 1.00000000e-02  6.21724011e+00  1.19454642e+01  1.00000000e-02
    1.11138510e+01  1.00000000e-02  1.00000000e-02  1.35835951e+01
    2.20220881e+01  1.00000000e-02]
  [ 1.00000000e-02  1.00000000e-02  1.00000000e-02  1.00000000e-02
    1.00000000e-02  1.00000000e-02  1.00000000e-02  1.00000000e-02
    1.00000000e-02  1.00000000e-02]
  [ 1.00000000e-02  1.00000000e-02  1.00000000e-02  1.00000000e-02
    1.00000000e-02  1.00000000e-02  1.00000000e-02  1.00000000e-02
    1.00000000e-02  1.00000000e-02]
  [ 1.00000000e-02  1.00000000e-02  2.53983172e+01  1.00000000e-02
    1.00000000e-02  1.00000000e-02  1.00000000e-02  2.65612477e+01
    1.76902903e+01  1.00000000e-02]
  [ 1.00000000e-02  1.95150796e+01  1.00000000e-02  1.00000000e-02
    1.84337396e+01  1.00000000e-02  1.00000000e-02  1.00000000e-02
    1.68592956e+01  1.00000000e-02]
  [ 1.00000000e-02  1.00000000e-02  1.00000000e-02  1.00000000e-02
    1.00000000e-02  1.00000000e-02  1.00000000e-02  1.00000000e-02
    1.00000000e-02  1.00000000e-02]
  [ 1.00000000e-02  1.00000000e-02  1.00000000e-02  1.00000000e-02
    1.98914004e+01  1.00000000e-02  1.00000000e-02  1.41104601e+01
    8.39619991e+00  1.00000000e-02]
  [ 1.00000000e-02  1.00000000e-02  1.00000000e-02  1.00000000e-02
    1.00000000e-02  1.00000000e-02  1.00000000e-02  1.00000000e-02
    1.00000000e-02  1.00000000e-02]]

 [[ 1.00000000e-02  1.10260741e+01  1.00000000e-02  2.25587454e+01
    1.00000000e-02  1.00000000e-02  1.00000000e-02  1.00000000e-02
    1.00000000e-02  1.50178349e+01]
  [ 1.00000000e-02  1.24066981e+01  1.00000000e-02  1.73285792e+01
    1.21531754e+01  1.00000000e-02  1.00000000e-02  1.00000000e-02
    2.32792673e+01  1.53040737e+01]
  [ 1.00000000e-02  9.46000240e+00  1.00000000e-02  1.20505960e+01
    2.28630898e+01  1.65608620e+01  1.00000000e-02  1.00000000e-02
    9.19434294e+00  1.00000000e-02]
  [ 1.00000000e-02  1.00000000e-02  1.00000000e-02  1.00000000e-02
    1.00000000e-02  1.00000000e-02  1.00000000e-02  1.00000000e-02
    1.00000000e-02  1.00000000e-02]
  [ 1.00000000e-02  1.90806677e+01  1.00000000e-02  1.00000000e-02
    1.95498031e+01  1.00000000e-02  1.00000000e-02  2.68449619e+01
    1.82745218e+01  1.99609215e+01]
  [ 1.00000000e-02  2.74168842e+01  1.00000000e-02  1.00000000e-02
    1.00000000e-02  1.00000000e-02  1.00000000e-02  1.92917872e+01
    1.52589987e+01  2.61169938e+01]
  [ 1.00000000e-02  1.00000000e-02  1.00000000e-02  1.00000000e-02
    1.00000000e-02  1.00000000e-02  1.00000000e-02  1.00000000e-02
    1.00000000e-02  1.00000000e-02]
  [ 1.00000000e-02  1.27749015e+01  1.00000000e-02  8.25769550e+00
    1.16592000e+01  1.39877471e+01  1.00000000e-02  1.00000000e-02
    1.14415697e+01  1.21783108e+01]
  [ 1.00000000e-02  1.00000000e-02  1.00000000e-02  1.39731309e+01
    1.34409222e+01  1.16581859e+01  1.00000000e-02  1.00000000e-02
    6.89557197e+00  1.00000000e-02]
  [ 1.00000000e-02  1.00000000e-02  1.00000000e-02  1.00000000e-02
    1.00000000e-02  1.00000000e-02  1.00000000e-02  1.00000000e-02
    1.00000000e-02  1.00000000e-02]]

 [[ 1.00000000e-02  1.60858812e+01  1.64116475e+01  1.41535677e+01
    1.00000000e-02  1.00000000e-02  1.00000000e-02  1.00000000e-02
    1.00000000e-02  2.17406156e+01]
  [ 1.00000000e-02  2.22516309e+01  1.87132045e+01  1.67034584e+01
    1.32858174e+01  1.00000000e-02  1.00000000e-02  1.00000000e-02
    1.62995152e+01  1.30723597e+01]
  [ 1.00000000e-02  9.76692736e+00  2.27416445e+01  1.20176996e+01
    1.78790657e+01  1.00000000e-02  1.00000000e-02  1.00000000e-02
    1.65542688e+01  1.00000000e-02]
  [ 1.00000000e-02  1.00000000e-02  1.00000000e-02  1.00000000e-02
    1.74733329e+01  1.00000000e-02  1.00000000e-02  1.00000000e-02
    2.73626028e+01  1.00000000e-02]
  [ 1.00000000e-02  1.00000000e-02  1.00000000e-02  1.00000000e-02
    1.00000000e-02  1.00000000e-02  1.00000000e-02  1.00000000e-02
    1.00000000e-02  1.00000000e-02]
  [ 1.00000000e-02  1.87428530e+01  1.00000000e-02  1.00000000e-02
    1.00000000e-02  1.00000000e-02  2.74744672e+01  1.00000000e-02
    1.54372583e+01  1.85529200e+01]
  [ 1.00000000e-02  1.15006619e+01  1.64528971e+01  1.00000000e-02
    1.60343069e+01  1.00000000e-02  1.00000000e-02  1.00000000e-02
    1.44592207e+01  1.14458156e+01]
  [ 1.00000000e-02  1.00000000e-02  1.00000000e-02  1.00000000e-02
    1.00000000e-02  1.00000000e-02  1.00000000e-02  1.00000000e-02
    1.00000000e-02  1.00000000e-02]
  [ 1.00000000e-02  1.00000000e-02  1.00000000e-02  1.54940922e+01
    1.59800983e+01  1.00000000e-02  1.00000000e-02  1.00000000e-02
    1.47254437e+01  1.00000000e-02]
  [ 1.00000000e-02  1.00000000e-02  1.00000000e-02  1.00000000e-02
    1.00000000e-02  1.00000000e-02  1.00000000e-02  1.00000000e-02
    1.00000000e-02  1.00000000e-02]]

 [[ 1.00000000e-02  1.00000000e-02  1.00000000e-02  1.00000000e-02
    1.00000000e-02  1.00000000e-02  1.00000000e-02  1.00000000e-02
    1.00000000e-02  1.00000000e-02]
  [ 1.00000000e-02  1.00000000e-02  1.00000000e-02  1.00000000e-02
    1.00000000e-02  1.00000000e-02  1.00000000e-02  1.00000000e-02
    1.00000000e-02  1.00000000e-02]
  [ 1.00000000e-02  1.00380702e+01  1.82126574e+01  1.00000000e-02
    1.75235152e+01  2.27955878e+01  1.00000000e-02  1.00000000e-02
    1.09418750e+01  1.00000000e-02]
  [ 1.00000000e-02  1.00000000e-02  1.00000000e-02  1.00000000e-02
    1.00000000e-02  1.00000000e-02  1.00000000e-02  1.00000000e-02
    1.00000000e-02  1.00000000e-02]
  [ 1.00000000e-02  1.72753123e+01  1.00000000e-02  1.00000000e-02
    2.69204617e+01  1.00000000e-02  1.00000000e-02  1.00000000e-02
    1.91561673e+01  1.62388102e+01]
  [ 1.00000000e-02  2.60456155e+01  1.00000000e-02  1.00000000e-02
    1.00000000e-02  1.00000000e-02  1.00000000e-02  1.00000000e-02
    1.65295798e+01  2.64641001e+01]
  [ 1.00000000e-02  7.30785444e+00  5.38652301e-01  1.00000000e-02
    1.72460335e+01  3.02978403e+00  1.00000000e-02  1.00000000e-02
   -6.09863086e-02  3.98888979e+00]
  [ 1.00000000e-02  7.53775164e+00  5.75169747e+00  1.00000000e-02
    1.62305069e+01  1.15888181e+01  1.00000000e-02  1.00000000e-02
    5.54639910e+00  7.18749177e+00]
  [ 1.00000000e-02  1.00000000e-02  1.00000000e-02  1.00000000e-02
    1.88005430e+01  7.78996177e+00  1.00000000e-02  1.00000000e-02
    3.19593478e+00  1.00000000e-02]
  [ 1.00000000e-02  1.00000000e-02  1.00000000e-02  1.00000000e-02
    1.00000000e-02  1.00000000e-02  1.00000000e-02  1.00000000e-02
    1.00000000e-02  1.00000000e-02]]

 [[ 1.00000000e-02  1.00000000e-02  1.00000000e-02  1.00000000e-02
    1.00000000e-02  1.00000000e-02  1.00000000e-02  1.00000000e-02
    1.00000000e-02  1.00000000e-02]
  [ 1.00000000e-02  1.00000000e-02  1.00000000e-02  1.00000000e-02
    1.00000000e-02  1.00000000e-02  1.00000000e-02  1.00000000e-02
    1.00000000e-02  1.00000000e-02]
  [ 1.00000000e-02  1.00000000e-02  1.00000000e-02  1.00000000e-02
    1.00000000e-02  1.00000000e-02  1.00000000e-02  1.00000000e-02
    1.00000000e-02  1.00000000e-02]
  [ 1.00000000e-02  1.00000000e-02  1.00000000e-02  1.00000000e-02
    1.00000000e-02  1.00000000e-02  1.00000000e-02  1.00000000e-02
    1.00000000e-02  1.00000000e-02]
  [ 1.00000000e-02  1.00000000e-02  1.00000000e-02  1.00000000e-02
    1.00000000e-02  1.00000000e-02  1.00000000e-02  1.00000000e-02
    1.00000000e-02  1.00000000e-02]
  [ 1.00000000e-02  1.00000000e-02  1.00000000e-02  1.00000000e-02
    1.00000000e-02  1.00000000e-02  1.00000000e-02  1.00000000e-02
    1.00000000e-02  1.00000000e-02]
  [ 1.00000000e-02  1.00000000e-02  1.00000000e-02  1.00000000e-02
    1.00000000e-02  1.00000000e-02  1.00000000e-02  1.00000000e-02
    1.00000000e-02  1.00000000e-02]
  [ 1.00000000e-02  1.00000000e-02  1.00000000e-02  1.00000000e-02
    1.00000000e-02  1.00000000e-02  1.00000000e-02  1.00000000e-02
    1.00000000e-02  1.00000000e-02]
  [ 1.00000000e-02  1.00000000e-02  1.00000000e-02  1.00000000e-02
    1.00000000e-02  1.00000000e-02  1.00000000e-02  1.00000000e-02
    1.00000000e-02  1.00000000e-02]
  [ 1.00000000e-02  1.00000000e-02  1.00000000e-02  1.00000000e-02
    1.00000000e-02  1.00000000e-02  1.00000000e-02  1.00000000e-02
    1.00000000e-02  1.00000000e-02]]]
