Training sample: #79
[[1 0 0 5 0 7 0 6 0]
 [0 0 0 0 9 0 0 0 0]
 [0 7 9 6 4 0 0 0 1]
 [7 0 0 0 0 5 0 0 4]
 [0 0 4 9 0 0 0 0 0]
 [0 0 6 1 0 0 2 3 0]
 [9 0 1 0 0 0 0 0 0]
 [0 5 0 0 0 0 0 0 0]
 [0 6 7 0 1 0 4 0 0]]
New max total reward: -51 at episode: 0
episode 0, total_reward -51, epsilon 0.5997
New max total reward: -23 at episode: 1
New max total reward: -15 at episode: 11
New max total reward: -3 at episode: 20
New max total reward: -1 at episode: 26
New max total reward: 5 at episode: 33
New max total reward: 31 at episode: 50
New max total reward: 61 at episode: 152
episode 500, total_reward -2, epsilon 0.4670
New max total reward: 63 at episode: 758
New max total reward: 91 at episode: 853
episode 1000, total_reward -13, epsilon 0.3637
episode 1500, total_reward 18, epsilon 0.2832
episode 2000, total_reward 4, epsilon 0.2206
New max total reward: 99 at episode: 2038
episode 2500, total_reward 44, epsilon 0.1718
New max total reward: 103 at episode: 2722
New max total reward: 147 at episode: 2947
episode 3000, total_reward 64, epsilon 0.1338
episode 3500, total_reward 43, epsilon 0.1042
episode 4000, total_reward 63, epsilon 0.0811
episode 4500, total_reward 33, epsilon 0.0632
New max total reward: 157 at episode: 4610
episode 5000, total_reward 53, epsilon 0.0492
episode 5500, total_reward 128, epsilon 0.0383
episode 6000, total_reward 63, epsilon 0.0298
episode 6500, total_reward 73, epsilon 0.0232
episode 7000, total_reward 81, epsilon 0.0181
episode 7500, total_reward 99, epsilon 0.0141
episode 8000, total_reward 100, epsilon 0.0110
episode 8500, total_reward 147, epsilon 0.0100
episode 9000, total_reward 147, epsilon 0.0100
episode 9500, total_reward 147, epsilon 0.0100
[[[1.00000000e-02 1.00000000e-02 1.00000000e-02 1.00000000e-02
   1.00000000e-02 1.00000000e-02 1.00000000e-02 1.00000000e-02
   1.00000000e-02 1.00000000e-02]
  [1.00000000e-02 1.00000000e-02 2.79604626e+01 1.83666501e+01
   2.65810872e+01 1.00000000e-02 1.00000000e-02 1.00000000e-02
   1.70430747e+01 1.00000000e-02]
  [1.00000000e-02 1.00000000e-02 1.53592965e+01 1.33146647e+01
   1.00000000e-02 1.00000000e-02 1.00000000e-02 1.00000000e-02
   2.74697304e+01 1.00000000e-02]
  [1.00000000e-02 1.00000000e-02 1.00000000e-02 1.00000000e-02
   1.00000000e-02 1.00000000e-02 1.00000000e-02 1.00000000e-02
   1.00000000e-02 1.00000000e-02]
  [1.00000000e-02 1.00000000e-02 8.42041736e+00 2.47423298e+01
   1.00000000e-02 1.00000000e-02 1.00000000e-02 1.00000000e-02
   1.62236344e+01 1.00000000e-02]
  [1.00000000e-02 1.00000000e-02 1.00000000e-02 1.00000000e-02
   1.00000000e-02 1.00000000e-02 1.00000000e-02 1.00000000e-02
   1.00000000e-02 1.00000000e-02]
  [1.00000000e-02 1.00000000e-02 1.00000000e-02 8.21822759e+00
   1.00000000e-02 1.00000000e-02 1.00000000e-02 1.00000000e-02
   1.45566928e+01 5.21392346e+00]
  [1.00000000e-02 1.00000000e-02 1.00000000e-02 1.00000000e-02
   1.00000000e-02 1.00000000e-02 1.00000000e-02 1.00000000e-02
   1.00000000e-02 1.00000000e-02]
  [1.00000000e-02 1.00000000e-02 1.18562352e+01 1.32326311e+01
   1.00000000e-02 1.00000000e-02 1.00000000e-02 1.00000000e-02
   1.80115814e+01 4.14545041e+00]
  [1.00000000e-02 1.00000000e-02 1.00000000e-02 1.00000000e-02
   1.00000000e-02 1.00000000e-02 1.00000000e-02 1.00000000e-02
   1.00000000e-02 1.00000000e-02]]

 [[1.00000000e-02 1.00000000e-02 1.70729116e+01 1.71831691e+01
   1.72498747e+01 1.82148703e+01 2.79432511e+01 1.00000000e-02
   1.55657223e+01 1.00000000e-02]
  [1.00000000e-02 1.00000000e-02 2.40828402e+01 1.56982872e+01
   2.80448461e+01 1.00000000e-02 1.00000000e-02 1.00000000e-02
   1.67920292e+01 1.00000000e-02]
  [1.00000000e-02 1.00000000e-02 1.75351069e+01 1.67192522e+01
   1.00000000e-02 2.83186829e+01 1.00000000e-02 1.00000000e-02
   1.56997036e+01 1.00000000e-02]
  [1.00000000e-02 1.00000000e-02 2.44504258e+01 1.50405433e+01
   1.00000000e-02 1.00000000e-02 1.00000000e-02 1.00000000e-02
   1.50499685e+01 1.00000000e-02]
  [1.00000000e-02 1.00000000e-02 1.00000000e-02 1.00000000e-02
   1.00000000e-02 1.00000000e-02 1.00000000e-02 1.00000000e-02
   1.00000000e-02 1.00000000e-02]
  [1.00000000e-02 2.61125065e+01 1.49272485e+01 1.51247026e+01
   1.00000000e-02 1.00000000e-02 1.00000000e-02 1.00000000e-02
   1.75572781e+01 1.00000000e-02]
  [1.00000000e-02 1.00000000e-02 1.00000000e-02 1.03234670e+01
   1.00000000e-02 1.80578425e+01 1.00000000e-02 1.23286894e+01
   1.17619983e+01 1.00000000e-02]
  [1.00000000e-02 1.00000000e-02 1.63216108e+01 1.00000000e-02
   4.37251400e+00 1.61635586e+01 1.00000000e-02 1.20807403e+01
   1.14397024e+01 1.00000000e-02]
  [1.00000000e-02 1.00000000e-02 1.65996176e+01 1.23818931e+01
   1.00000000e-02 1.77969650e+01 1.00000000e-02 1.21947757e+01
   1.48789474e+01 1.00000000e-02]
  [1.00000000e-02 1.00000000e-02 1.00000000e-02 1.00000000e-02
   1.00000000e-02 1.00000000e-02 1.00000000e-02 1.00000000e-02
   1.00000000e-02 1.00000000e-02]]

 [[1.00000000e-02 1.00000000e-02 1.87805291e+01 2.73570676e+01
   1.00000000e-02 1.63484846e+01 1.00000000e-02 1.00000000e-02
   1.50891405e+01 1.00000000e-02]
  [1.00000000e-02 1.00000000e-02 1.00000000e-02 1.00000000e-02
   1.00000000e-02 1.00000000e-02 1.00000000e-02 1.00000000e-02
   1.00000000e-02 1.00000000e-02]
  [1.00000000e-02 1.00000000e-02 1.00000000e-02 1.00000000e-02
   1.00000000e-02 1.00000000e-02 1.00000000e-02 1.00000000e-02
   1.00000000e-02 1.00000000e-02]
  [1.00000000e-02 1.00000000e-02 1.00000000e-02 1.00000000e-02
   1.00000000e-02 1.00000000e-02 1.00000000e-02 1.00000000e-02
   1.00000000e-02 1.00000000e-02]
  [1.00000000e-02 1.00000000e-02 1.00000000e-02 1.00000000e-02
   1.00000000e-02 1.00000000e-02 1.00000000e-02 1.00000000e-02
   1.00000000e-02 1.00000000e-02]
  [1.00000000e-02 1.00000000e-02 1.98694854e+01 1.91223606e+01
   1.00000000e-02 1.00000000e-02 1.00000000e-02 1.00000000e-02
   2.48927415e+01 1.00000000e-02]
  [1.00000000e-02 1.00000000e-02 1.00000000e-02 2.02826473e+01
   1.00000000e-02 2.04574126e+01 1.00000000e-02 1.00000000e-02
   1.70013631e+01 1.00000000e-02]
  [1.00000000e-02 1.00000000e-02 2.09093610e+01 1.00000000e-02
   1.00000000e-02 1.69226247e+01 1.00000000e-02 1.00000000e-02
   2.02247645e+01 1.00000000e-02]
  [1.00000000e-02 1.00000000e-02 1.00000000e-02 1.00000000e-02
   1.00000000e-02 1.00000000e-02 1.00000000e-02 1.00000000e-02
   1.00000000e-02 1.00000000e-02]
  [1.00000000e-02 1.00000000e-02 1.00000000e-02 1.00000000e-02
   1.00000000e-02 1.00000000e-02 1.00000000e-02 1.00000000e-02
   1.00000000e-02 1.00000000e-02]]

 [[1.00000000e-02 1.00000000e-02 1.00000000e-02 1.00000000e-02
   1.00000000e-02 1.00000000e-02 1.00000000e-02 1.00000000e-02
   1.00000000e-02 1.00000000e-02]
  [1.00000000e-02 2.81186474e+01 1.52951362e+01 2.16769472e+01
   1.00000000e-02 1.00000000e-02 1.00000000e-02 1.00000000e-02
   1.74570029e+01 1.64719201e+01]
  [1.00000000e-02 1.00000000e-02 2.74490654e+01 1.47492544e+01
   1.00000000e-02 1.00000000e-02 1.00000000e-02 1.00000000e-02
   1.54986233e+01 1.00000000e-02]
  [1.00000000e-02 1.00000000e-02 1.77654125e+01 2.75038193e+01
   1.00000000e-02 1.00000000e-02 1.00000000e-02 1.00000000e-02
   2.36609194e+01 1.00000000e-02]
  [1.00000000e-02 1.00000000e-02 1.72139995e+01 2.24720297e+01
   1.00000000e-02 1.00000000e-02 1.91814271e+01 1.00000000e-02
   2.84931380e+01 1.00000000e-02]
  [1.00000000e-02 1.00000000e-02 1.00000000e-02 1.00000000e-02
   1.00000000e-02 1.00000000e-02 1.00000000e-02 1.00000000e-02
   1.00000000e-02 1.00000000e-02]
  [1.00000000e-02 9.03919089e+00 1.00000000e-02 1.00000000e-02
   1.00000000e-02 1.00000000e-02 2.74313037e+01 1.00000000e-02
   2.05992053e+01 1.73001129e+01]
  [1.00000000e-02 1.33382051e+01 1.00000000e-02 1.00000000e-02
   1.00000000e-02 1.00000000e-02 1.00000000e-02 1.00000000e-02
   1.65917360e+01 2.69022052e+01]
  [1.00000000e-02 1.00000000e-02 1.00000000e-02 1.00000000e-02
   1.00000000e-02 1.00000000e-02 1.00000000e-02 1.00000000e-02
   1.00000000e-02 1.00000000e-02]
  [1.00000000e-02 1.00000000e-02 1.00000000e-02 1.00000000e-02
   1.00000000e-02 1.00000000e-02 1.00000000e-02 1.00000000e-02
   1.00000000e-02 1.00000000e-02]]

 [[1.00000000e-02 1.00000000e-02 1.26262955e+01 1.63229729e+01
   1.00000000e-02 2.76435618e+01 1.00000000e-02 1.00000000e-02
   2.41374255e+01 1.00000000e-02]
  [1.00000000e-02 2.19464890e+01 1.64380201e+01 2.78178625e+01
   1.00000000e-02 1.00000000e-02 1.00000000e-02 1.00000000e-02
   1.50968424e+01 1.00000000e-02]
  [1.00000000e-02 1.00000000e-02 1.00000000e-02 1.00000000e-02
   1.00000000e-02 1.00000000e-02 1.00000000e-02 1.00000000e-02
   1.00000000e-02 1.00000000e-02]
  [1.00000000e-02 1.00000000e-02 1.00000000e-02 1.00000000e-02
   1.00000000e-02 1.00000000e-02 1.00000000e-02 1.00000000e-02
   1.00000000e-02 1.00000000e-02]
  [1.00000000e-02 1.00000000e-02 2.70006915e+01 1.66008961e+01
   1.00000000e-02 1.00000000e-02 2.16538913e+01 1.74568328e+01
   1.29930213e+01 1.00000000e-02]
  [1.00000000e-02 1.00000000e-02 2.19692997e+01 9.28273829e+00
   1.00000000e-02 1.00000000e-02 2.66810709e+01 1.00000000e-02
   1.55167750e+01 1.00000000e-02]
  [1.00000000e-02 2.52305378e+01 1.00000000e-02 1.00000000e-02
   1.00000000e-02 2.04827396e+01 1.98027241e+01 2.72570639e+01
   2.08499312e+01 1.00000000e-02]
  [1.00000000e-02 2.83314872e+01 1.00000000e-02 1.00000000e-02
   1.00000000e-02 2.09983442e+01 1.00000000e-02 2.50844100e+01
   1.64837281e+01 1.00000000e-02]
  [1.00000000e-02 1.00000000e-02 1.00000000e-02 1.00000000e-02
   1.00000000e-02 2.19542235e+01 1.99315592e+01 2.40980010e+01
   2.66443128e+01 1.00000000e-02]
  [1.00000000e-02 1.00000000e-02 1.00000000e-02 1.00000000e-02
   1.00000000e-02 1.00000000e-02 1.00000000e-02 1.00000000e-02
   1.00000000e-02 1.00000000e-02]]

 [[1.00000000e-02 1.00000000e-02 1.00000000e-02 1.00000000e-02
   1.00000000e-02 2.33499920e+01 1.00000000e-02 1.00000000e-02
   2.70325003e+01 1.00000000e-02]
  [1.00000000e-02 1.00000000e-02 1.00000000e-02 1.00000000e-02
   1.00000000e-02 1.00000000e-02 1.00000000e-02 1.00000000e-02
   1.21797458e+01 2.77669842e+01]
  [1.00000000e-02 1.00000000e-02 1.00000000e-02 1.00000000e-02
   1.00000000e-02 1.00000000e-02 1.00000000e-02 1.00000000e-02
   1.00000000e-02 1.00000000e-02]
  [1.00000000e-02 1.00000000e-02 1.00000000e-02 1.00000000e-02
   1.00000000e-02 1.00000000e-02 1.00000000e-02 1.00000000e-02
   1.00000000e-02 1.00000000e-02]
  [1.00000000e-02 1.00000000e-02 1.00000000e-02 1.00000000e-02
   1.00000000e-02 1.00000000e-02 1.00000000e-02 2.77526263e+01
   2.17384628e+01 1.00000000e-02]
  [1.00000000e-02 1.00000000e-02 1.00000000e-02 1.00000000e-02
   2.71968581e+01 1.00000000e-02 1.00000000e-02 1.00000000e-02
   1.91634263e+01 1.00000000e-02]
  [1.00000000e-02 1.00000000e-02 1.00000000e-02 1.00000000e-02
   1.00000000e-02 1.00000000e-02 1.00000000e-02 1.00000000e-02
   1.00000000e-02 1.00000000e-02]
  [1.00000000e-02 1.00000000e-02 1.00000000e-02 1.00000000e-02
   1.00000000e-02 1.00000000e-02 1.00000000e-02 1.00000000e-02
   1.00000000e-02 1.00000000e-02]
  [1.00000000e-02 1.00000000e-02 1.00000000e-02 1.00000000e-02
   1.00000000e-02 2.68758527e+01 1.00000000e-02 1.90415150e+01
   2.24258797e+01 1.96819961e+01]
  [1.00000000e-02 1.00000000e-02 1.00000000e-02 1.00000000e-02
   1.00000000e-02 1.00000000e-02 1.00000000e-02 1.00000000e-02
   1.00000000e-02 1.00000000e-02]]

 [[1.00000000e-02 1.00000000e-02 1.00000000e-02 1.00000000e-02
   1.00000000e-02 1.00000000e-02 1.00000000e-02 1.00000000e-02
   1.00000000e-02 1.00000000e-02]
  [1.00000000e-02 1.00000000e-02 1.49211669e+01 1.48434648e+01
   1.86402660e+01 1.00000000e-02 1.00000000e-02 1.00000000e-02
   2.75491182e+01 1.00000000e-02]
  [1.00000000e-02 1.00000000e-02 1.00000000e-02 1.00000000e-02
   1.00000000e-02 1.00000000e-02 1.00000000e-02 1.00000000e-02
   1.00000000e-02 1.00000000e-02]
  [1.00000000e-02 1.00000000e-02 1.48834564e+01 7.56862013e+00
   2.49019378e+01 1.00000000e-02 1.00000000e-02 1.88490234e+01
   1.85143433e+01 1.00000000e-02]
  [1.00000000e-02 1.00000000e-02 6.07290403e+00 1.38874161e+01
   1.00000000e-02 2.52952000e+01 9.45017506e+00 2.02785069e+01
   1.70648711e+01 1.00000000e-02]
  [1.00000000e-02 1.00000000e-02 2.42231473e+01 1.68328032e+01
   1.84811829e+01 1.00000000e-02 9.23144238e+00 1.00000000e-02
   1.78363350e+01 1.00000000e-02]
  [1.00000000e-02 1.00000000e-02 1.00000000e-02 5.81073468e+00
   1.00000000e-02 1.73995667e+01 1.56321089e+01 8.12263287e+00
   1.76918916e+01 1.00000000e-02]
  [1.00000000e-02 1.00000000e-02 1.50860302e+01 1.00000000e-02
   1.00000000e-02 1.72970813e+01 1.00000000e-02 3.27874942e+00
   1.72099603e+01 1.00000000e-02]
  [1.00000000e-02 1.00000000e-02 7.88689373e+00 3.46039847e+00
   1.00000000e-02 1.16880646e+01 1.72962358e+00 1.32784771e+00
   1.74999576e+01 1.00000000e-02]
  [1.00000000e-02 1.00000000e-02 1.00000000e-02 1.00000000e-02
   1.00000000e-02 1.00000000e-02 1.00000000e-02 1.00000000e-02
   1.00000000e-02 1.00000000e-02]]

 [[1.00000000e-02 1.00000000e-02 1.67703827e+01 1.50444660e+01
   2.73991802e+01 1.00000000e-02 1.00000000e-02 1.00000000e-02
   1.54728025e+01 1.00000000e-02]
  [1.00000000e-02 1.00000000e-02 1.00000000e-02 1.00000000e-02
   1.00000000e-02 1.00000000e-02 1.00000000e-02 1.00000000e-02
   1.00000000e-02 1.00000000e-02]
  [1.00000000e-02 1.00000000e-02 1.63779195e+01 2.87617170e+01
   1.00000000e-02 1.00000000e-02 1.00000000e-02 1.00000000e-02
   1.52560836e+01 1.00000000e-02]
  [1.00000000e-02 1.00000000e-02 1.93723824e+01 1.94740327e+01
   1.39323035e+01 1.00000000e-02 1.00000000e-02 2.52490278e+01
   1.00861096e+01 1.00000000e-02]
  [1.00000000e-02 1.00000000e-02 1.41421820e+01 1.72208942e+01
   1.00000000e-02 1.00000000e-02 2.50427420e+01 1.86935250e+01
   1.57634356e+01 1.00000000e-02]
  [1.00000000e-02 1.00000000e-02 1.66602831e+01 1.69603778e+01
   1.66863106e+01 1.00000000e-02 9.30358988e+00 1.00000000e-02
   1.67847564e+01 2.46714214e+01]
  [1.00000000e-02 9.00266355e+00 1.00000000e-02 1.70342812e+01
   1.00000000e-02 1.00000000e-02 1.83285934e+01 7.16919663e+00
   8.58074983e+00 1.54202585e+01]
  [1.00000000e-02 6.69956339e+00 1.13706133e+01 1.00000000e-02
   1.00000000e-02 1.00000000e-02 1.00000000e-02 1.28176220e+01
   8.62903270e+00 1.56044092e+01]
  [1.00000000e-02 1.00000000e-02 9.26089970e+00 1.69148835e+01
   1.00000000e-02 1.00000000e-02 1.18369451e+01 1.28808327e+01
   1.47694850e+01 1.50644638e+01]
  [1.00000000e-02 1.00000000e-02 1.00000000e-02 1.00000000e-02
   1.00000000e-02 1.00000000e-02 1.00000000e-02 1.00000000e-02
   1.00000000e-02 1.00000000e-02]]

 [[1.00000000e-02 1.00000000e-02 2.81264097e+01 1.72623197e+01
   1.00000000e-02 1.00000000e-02 1.00000000e-02 1.00000000e-02
   1.29683738e+01 1.00000000e-02]
  [1.00000000e-02 1.00000000e-02 1.00000000e-02 1.00000000e-02
   1.00000000e-02 1.00000000e-02 1.00000000e-02 1.00000000e-02
   1.00000000e-02 1.00000000e-02]
  [1.00000000e-02 1.00000000e-02 1.00000000e-02 1.00000000e-02
   1.00000000e-02 1.00000000e-02 1.00000000e-02 1.00000000e-02
   1.00000000e-02 1.00000000e-02]
  [1.00000000e-02 1.00000000e-02 1.51589616e+01 1.31461919e+01
   1.00000000e-02 1.00000000e-02 1.00000000e-02 1.00000000e-02
   2.54270032e+01 1.00000000e-02]
  [1.00000000e-02 1.00000000e-02 1.00000000e-02 1.00000000e-02
   1.00000000e-02 1.00000000e-02 1.00000000e-02 1.00000000e-02
   1.00000000e-02 1.00000000e-02]
  [1.00000000e-02 1.00000000e-02 1.47052543e+01 2.48287879e+01
   1.00000000e-02 1.00000000e-02 1.00000000e-02 1.00000000e-02
   1.59665098e+01 1.78792062e+01]
  [1.00000000e-02 1.00000000e-02 1.00000000e-02 1.00000000e-02
   1.00000000e-02 1.00000000e-02 1.00000000e-02 1.00000000e-02
   1.00000000e-02 1.00000000e-02]
  [1.00000000e-02 1.00000000e-02 1.69868354e+01 1.00000000e-02
   1.00000000e-02 1.69128506e+01 1.00000000e-02 1.00000000e-02
   1.60507480e+01 1.77800397e+01]
  [1.00000000e-02 1.00000000e-02 1.66922371e+01 1.73740590e+01
   1.00000000e-02 8.29952177e+00 1.00000000e-02 1.00000000e-02
   1.59655988e+01 1.67087589e+01]
  [1.00000000e-02 1.00000000e-02 1.00000000e-02 1.00000000e-02
   1.00000000e-02 1.00000000e-02 1.00000000e-02 1.00000000e-02
   1.00000000e-02 1.00000000e-02]]

 [[1.00000000e-02 1.00000000e-02 1.00000000e-02 1.00000000e-02
   1.00000000e-02 1.00000000e-02 1.00000000e-02 1.00000000e-02
   1.00000000e-02 1.00000000e-02]
  [1.00000000e-02 1.00000000e-02 1.00000000e-02 1.00000000e-02
   1.00000000e-02 1.00000000e-02 1.00000000e-02 1.00000000e-02
   1.00000000e-02 1.00000000e-02]
  [1.00000000e-02 1.00000000e-02 1.00000000e-02 1.00000000e-02
   1.00000000e-02 1.00000000e-02 1.00000000e-02 1.00000000e-02
   1.00000000e-02 1.00000000e-02]
  [1.00000000e-02 1.00000000e-02 1.00000000e-02 1.00000000e-02
   1.00000000e-02 1.00000000e-02 1.00000000e-02 1.00000000e-02
   1.00000000e-02 1.00000000e-02]
  [1.00000000e-02 1.00000000e-02 1.00000000e-02 1.00000000e-02
   1.00000000e-02 1.00000000e-02 1.00000000e-02 1.00000000e-02
   1.00000000e-02 1.00000000e-02]
  [1.00000000e-02 1.00000000e-02 1.00000000e-02 1.00000000e-02
   1.00000000e-02 1.00000000e-02 1.00000000e-02 1.00000000e-02
   1.00000000e-02 1.00000000e-02]
  [1.00000000e-02 1.00000000e-02 1.00000000e-02 1.00000000e-02
   1.00000000e-02 1.00000000e-02 1.00000000e-02 1.00000000e-02
   1.00000000e-02 1.00000000e-02]
  [1.00000000e-02 1.00000000e-02 1.00000000e-02 1.00000000e-02
   1.00000000e-02 1.00000000e-02 1.00000000e-02 1.00000000e-02
   1.00000000e-02 1.00000000e-02]
  [1.00000000e-02 1.00000000e-02 1.00000000e-02 1.00000000e-02
   1.00000000e-02 1.00000000e-02 1.00000000e-02 1.00000000e-02
   1.00000000e-02 1.00000000e-02]
  [1.00000000e-02 1.00000000e-02 1.00000000e-02 1.00000000e-02
   1.00000000e-02 1.00000000e-02 1.00000000e-02 1.00000000e-02
   1.00000000e-02 1.00000000e-02]]]
