Training sample: #73
[[0 4 7 5 0 0 0 0 0]
 [1 0 0 6 0 0 0 0 0]
 [6 5 0 0 9 0 7 0 1]
 [0 1 0 0 0 0 0 0 6]
 [0 0 4 0 6 0 0 7 0]
 [0 9 0 2 0 3 0 0 5]
 [0 7 0 0 0 0 4 6 0]
 [0 6 0 0 0 0 0 1 9]
 [9 0 0 0 0 0 5 0 0]]
New max total reward: -30 at episode: 0
episode 0, total_reward -30, epsilon 0.5997
New max total reward: -29 at episode: 1
New max total reward: -24 at episode: 7
New max total reward: -21 at episode: 12
New max total reward: -10 at episode: 13
New max total reward: -2 at episode: 35
New max total reward: -1 at episode: 37
New max total reward: 16 at episode: 50
New max total reward: 35 at episode: 109
New max total reward: 36 at episode: 227
New max total reward: 54 at episode: 282
episode 500, total_reward -21, epsilon 0.4670
episode 1000, total_reward -14, epsilon 0.3637
New max total reward: 65 at episode: 1057
New max total reward: 72 at episode: 1207
New max total reward: 82 at episode: 1273
New max total reward: 83 at episode: 1337
New max total reward: 101 at episode: 1419
episode 1500, total_reward -2, epsilon 0.2832
New max total reward: 148 at episode: 1645
episode 2000, total_reward 34, epsilon 0.2206
episode 2500, total_reward 17, epsilon 0.1718
episode 3000, total_reward 38, epsilon 0.1338
episode 3500, total_reward 44, epsilon 0.1042
episode 4000, total_reward 36, epsilon 0.0811
New max total reward: 158 at episode: 4351
episode 4500, total_reward 100, epsilon 0.0632
episode 5000, total_reward 55, epsilon 0.0492
episode 5500, total_reward 73, epsilon 0.0383
episode 6000, total_reward 148, epsilon 0.0298
episode 6500, total_reward 148, epsilon 0.0232
episode 7000, total_reward 120, epsilon 0.0181
episode 7500, total_reward 110, epsilon 0.0141
episode 8000, total_reward 148, epsilon 0.0110
episode 8500, total_reward 148, epsilon 0.0100
episode 9000, total_reward 120, epsilon 0.0100
episode 9500, total_reward 148, epsilon 0.0100
[[[ 1.00000000e-02  1.00000000e-02  2.69148103e+01  1.76930722e+01
    1.00000000e-02  1.00000000e-02  1.00000000e-02  1.00000000e-02
    8.09680592e+00  1.00000000e-02]
  [ 1.00000000e-02  1.00000000e-02  1.00000000e-02  1.00000000e-02
    1.00000000e-02  1.00000000e-02  1.00000000e-02  1.00000000e-02
    1.00000000e-02  1.00000000e-02]
  [ 1.00000000e-02  1.00000000e-02  1.00000000e-02  1.00000000e-02
    1.00000000e-02  1.00000000e-02  1.00000000e-02  1.00000000e-02
    1.00000000e-02  1.00000000e-02]
  [ 1.00000000e-02  1.00000000e-02  1.00000000e-02  1.00000000e-02
    1.00000000e-02  1.00000000e-02  1.00000000e-02  1.00000000e-02
    1.00000000e-02  1.00000000e-02]
  [ 1.00000000e-02  2.11375498e+01  1.76684142e+01  2.62199543e+01
    1.00000000e-02  1.00000000e-02  1.00000000e-02  1.00000000e-02
    2.01673736e+01  1.00000000e-02]
  [ 1.00000000e-02  2.61450001e+01  1.93979757e+01  1.00000000e-02
    1.00000000e-02  1.00000000e-02  1.00000000e-02  1.00000000e-02
    1.58241809e+01  1.00000000e-02]
  [ 1.00000000e-02  1.00000000e-02  1.80874066e+01  2.04608068e+01
    1.00000000e-02  1.00000000e-02  2.65179213e+01  1.00000000e-02
    1.70808971e+01  9.49892143e+00]
  [ 1.00000000e-02  1.00000000e-02  1.84488642e+01  1.31080219e+01
    1.00000000e-02  1.00000000e-02  1.00000000e-02  1.00000000e-02
    2.21607522e+01  2.56053245e+01]
  [ 1.00000000e-02  1.00000000e-02  1.61778379e+01  1.91646190e+01
    1.00000000e-02  1.00000000e-02  1.00000000e-02  1.00000000e-02
    2.55334061e+01  1.00000000e-02]
  [ 1.00000000e-02  1.00000000e-02  1.00000000e-02  1.00000000e-02
    1.00000000e-02  1.00000000e-02  1.00000000e-02  1.00000000e-02
    1.00000000e-02  1.00000000e-02]]

 [[ 1.00000000e-02  1.00000000e-02  1.00000000e-02  1.00000000e-02
    1.00000000e-02  1.00000000e-02  1.00000000e-02  1.00000000e-02
    1.00000000e-02  1.00000000e-02]
  [ 1.00000000e-02  1.00000000e-02  1.24324079e+01  1.55497949e+01
    1.00000000e-02  1.00000000e-02  1.00000000e-02  1.00000000e-02
    2.82602051e+01  1.00000000e-02]
  [ 1.00000000e-02  1.00000000e-02  1.65910624e+01  1.77853952e+01
    1.00000000e-02  1.00000000e-02  1.00000000e-02  1.00000000e-02
    1.50953863e+01  2.78550653e+01]
  [ 1.00000000e-02  1.00000000e-02  1.00000000e-02  1.00000000e-02
    1.00000000e-02  1.00000000e-02  1.00000000e-02  1.00000000e-02
    1.00000000e-02  1.00000000e-02]
  [ 1.00000000e-02  1.00000000e-02  2.66911046e+01  2.10966066e+01
    2.25714360e+01  1.00000000e-02  1.00000000e-02  2.13910981e+01
    1.41812029e+01  1.00000000e-02]
  [ 1.00000000e-02  1.00000000e-02  2.48649795e+01  1.00000000e-02
    2.09328984e+01  1.00000000e-02  1.00000000e-02  2.59909581e+01
    1.47084622e+01  1.00000000e-02]
  [ 1.00000000e-02  1.00000000e-02  2.16703545e+01  2.57153266e+01
    1.00000000e-02  1.00000000e-02  1.00000000e-02  1.00000000e-02
    1.70063659e+01  1.87542574e+01]
  [ 1.00000000e-02  1.00000000e-02  2.15161089e+01  1.61511347e+01
    1.98072671e+01  2.62632902e+01  1.00000000e-02  1.00000000e-02
    1.49466072e+01  1.81896574e+01]
  [ 1.00000000e-02  1.00000000e-02  1.71850667e+01  2.05870552e+01
    2.54747198e+01  1.00000000e-02  1.00000000e-02  1.00000000e-02
    1.60783350e+01  1.00000000e-02]
  [ 1.00000000e-02  1.00000000e-02  1.00000000e-02  1.00000000e-02
    1.00000000e-02  1.00000000e-02  1.00000000e-02  1.00000000e-02
    1.00000000e-02  1.00000000e-02]]

 [[ 1.00000000e-02  1.00000000e-02  1.00000000e-02  1.00000000e-02
    1.00000000e-02  1.00000000e-02  1.00000000e-02  1.00000000e-02
    1.00000000e-02  1.00000000e-02]
  [ 1.00000000e-02  1.00000000e-02  1.00000000e-02  1.00000000e-02
    1.00000000e-02  1.00000000e-02  1.00000000e-02  1.00000000e-02
    1.00000000e-02  1.00000000e-02]
  [ 1.00000000e-02  1.00000000e-02  1.45946998e+01  2.71033013e+01
    1.00000000e-02  1.00000000e-02  1.00000000e-02  1.00000000e-02
    1.23122518e+01  1.00000000e-02]
  [ 1.00000000e-02  1.00000000e-02  1.00000000e-02  1.88564752e+01
    2.22150363e+01  1.00000000e-02  1.00000000e-02  1.00000000e-02
    2.63213218e+01  1.00000000e-02]
  [ 1.00000000e-02  1.00000000e-02  1.00000000e-02  1.00000000e-02
    1.00000000e-02  1.00000000e-02  1.00000000e-02  1.00000000e-02
    1.00000000e-02  1.00000000e-02]
  [ 1.00000000e-02  1.00000000e-02  2.31662351e+01  1.00000000e-02
    2.60786275e+01  1.00000000e-02  1.00000000e-02  1.00000000e-02
    2.21762161e+01  1.00000000e-02]
  [ 1.00000000e-02  1.00000000e-02  1.00000000e-02  1.00000000e-02
    1.00000000e-02  1.00000000e-02  1.00000000e-02  1.00000000e-02
    1.00000000e-02  1.00000000e-02]
  [ 1.00000000e-02  1.00000000e-02  2.54166373e+01  1.89101193e+01
    2.23151612e+01  1.00000000e-02  1.00000000e-02  1.00000000e-02
    2.06503403e+01  1.00000000e-02]
  [ 1.00000000e-02  1.00000000e-02  1.00000000e-02  1.00000000e-02
    1.00000000e-02  1.00000000e-02  1.00000000e-02  1.00000000e-02
    1.00000000e-02  1.00000000e-02]
  [ 1.00000000e-02  1.00000000e-02  1.00000000e-02  1.00000000e-02
    1.00000000e-02  1.00000000e-02  1.00000000e-02  1.00000000e-02
    1.00000000e-02  1.00000000e-02]]

 [[ 1.00000000e-02  1.00000000e-02  1.62779021e+01  1.20493971e+01
    1.00000000e-02  2.15774760e+01  1.00000000e-02  2.81503443e+01
    2.34854559e+01  1.00000000e-02]
  [ 1.00000000e-02  1.00000000e-02  1.00000000e-02  1.00000000e-02
    1.00000000e-02  1.00000000e-02  1.00000000e-02  1.00000000e-02
    1.00000000e-02  1.00000000e-02]
  [ 1.00000000e-02  1.00000000e-02  2.92572696e+01  1.50554469e+01
    1.00000000e-02  1.90658314e+01  1.00000000e-02  1.00000000e-02
    1.83039428e+01  1.00000000e-02]
  [ 1.00000000e-02  1.00000000e-02  1.00000000e-02  1.00000000e-02
    2.79727854e+01  1.00000000e-02  1.00000000e-02  1.96480150e+01
    2.37620940e+01  2.10699995e+01]
  [ 1.00000000e-02  1.00000000e-02  1.00000000e-02  1.00000000e-02
    2.30827710e+01  2.72957809e+01  1.00000000e-02  1.93556047e+01
    2.60899093e+01  1.00000000e-02]
  [ 1.00000000e-02  1.00000000e-02  1.00000000e-02  1.00000000e-02
    2.00189302e+01  2.61806924e+01  1.00000000e-02  2.01296897e+01
    2.71605866e+01  2.02407099e+01]
  [ 1.00000000e-02  1.00000000e-02  2.03434564e+01  2.11743717e+01
    1.00000000e-02  1.00000000e-02  1.00000000e-02  1.00000000e-02
    1.97854904e+01  2.76537461e+01]
  [ 1.00000000e-02  1.00000000e-02  1.94638960e+01  2.67357044e+01
    1.95727975e+01  1.00000000e-02  1.00000000e-02  1.00000000e-02
    2.17205096e+01  2.02662993e+01]
  [ 1.00000000e-02  1.00000000e-02  1.00000000e-02  1.00000000e-02
    1.00000000e-02  1.00000000e-02  1.00000000e-02  1.00000000e-02
    1.00000000e-02  1.00000000e-02]
  [ 1.00000000e-02  1.00000000e-02  1.00000000e-02  1.00000000e-02
    1.00000000e-02  1.00000000e-02  1.00000000e-02  1.00000000e-02
    1.00000000e-02  1.00000000e-02]]

 [[ 1.00000000e-02  1.00000000e-02  1.46115555e+01  1.58406958e+01
    1.00000000e-02  2.70974948e+01  1.00000000e-02  1.00000000e-02
    2.21950601e+01  1.00000000e-02]
  [ 1.00000000e-02  1.00000000e-02  1.31226183e+01  2.81827188e+01
    1.00000000e-02  1.00000000e-02  1.00000000e-02  1.00000000e-02
    1.11386200e+01  1.00000000e-02]
  [ 1.00000000e-02  1.00000000e-02  1.00000000e-02  1.00000000e-02
    1.00000000e-02  1.00000000e-02  1.00000000e-02  1.00000000e-02
    1.00000000e-02  1.00000000e-02]
  [ 1.00000000e-02  2.72236278e+01  1.00000000e-02  1.00000000e-02
    1.00000000e-02  1.00000000e-02  1.00000000e-02  1.00000000e-02
    2.06938893e+01  2.54263090e+01]
  [ 1.00000000e-02  1.00000000e-02  1.00000000e-02  1.00000000e-02
    1.00000000e-02  1.00000000e-02  1.00000000e-02  1.00000000e-02
    1.00000000e-02  1.00000000e-02]
  [ 1.00000000e-02  2.09987701e+01  1.00000000e-02  1.00000000e-02
    1.00000000e-02  1.96216413e+01  1.00000000e-02  1.00000000e-02
    1.99294262e+01  2.83946977e+01]
  [ 1.00000000e-02  1.94169769e+01  2.04204020e+01  1.74664873e+01
    1.00000000e-02  1.00000000e-02  1.00000000e-02  1.00000000e-02
    2.75677178e+01  2.01087084e+01]
  [ 1.00000000e-02  1.00000000e-02  1.00000000e-02  1.00000000e-02
    1.00000000e-02  1.00000000e-02  1.00000000e-02  1.00000000e-02
    1.00000000e-02  1.00000000e-02]
  [ 1.00000000e-02  1.00000000e-02  2.69865386e+01  1.42108419e+01
    1.00000000e-02  1.00000000e-02  1.00000000e-02  1.00000000e-02
    2.10176900e+01  1.00000000e-02]
  [ 1.00000000e-02  1.00000000e-02  1.00000000e-02  1.00000000e-02
    1.00000000e-02  1.00000000e-02  1.00000000e-02  1.00000000e-02
    1.00000000e-02  1.00000000e-02]]

 [[ 1.00000000e-02  1.00000000e-02  1.00000000e-02  1.00000000e-02
    1.00000000e-02  1.00000000e-02  1.00000000e-02  2.18709757e+01
    2.71424844e+01  1.00000000e-02]
  [ 1.00000000e-02  1.00000000e-02  1.00000000e-02  1.00000000e-02
    1.00000000e-02  1.00000000e-02  1.00000000e-02  1.00000000e-02
    1.00000000e-02  1.00000000e-02]
  [ 1.00000000e-02  1.00000000e-02  1.00000000e-02  1.00000000e-02
    1.00000000e-02  1.00000000e-02  2.71206452e+01  1.00000000e-02
    1.76791567e+01  1.00000000e-02]
  [ 1.00000000e-02  1.00000000e-02  1.00000000e-02  1.00000000e-02
    1.00000000e-02  1.00000000e-02  1.00000000e-02  1.00000000e-02
    1.00000000e-02  1.00000000e-02]
  [ 1.00000000e-02  1.95820683e+01  1.00000000e-02  1.00000000e-02
    2.10640741e+01  1.00000000e-02  1.00000000e-02  2.76231604e+01
    1.97002756e+01  1.00000000e-02]
  [ 1.00000000e-02  1.00000000e-02  1.00000000e-02  1.00000000e-02
    1.00000000e-02  1.00000000e-02  1.00000000e-02  1.00000000e-02
    1.00000000e-02  1.00000000e-02]
  [ 1.00000000e-02  2.78654543e+01  1.00000000e-02  1.00000000e-02
    1.00000000e-02  1.00000000e-02  1.00000000e-02  1.00000000e-02
    1.94961802e+01  1.00000000e-02]
  [ 1.00000000e-02  1.00000000e-02  1.00000000e-02  1.00000000e-02
    2.70652205e+01  1.00000000e-02  1.00000000e-02  1.00000000e-02
    1.87246305e+01  1.00000000e-02]
  [ 1.00000000e-02  1.00000000e-02  1.00000000e-02  1.00000000e-02
    1.00000000e-02  1.00000000e-02  1.00000000e-02  1.00000000e-02
    1.00000000e-02  1.00000000e-02]
  [ 1.00000000e-02  1.00000000e-02  1.00000000e-02  1.00000000e-02
    1.00000000e-02  1.00000000e-02  1.00000000e-02  1.00000000e-02
    1.00000000e-02  1.00000000e-02]]

 [[ 1.00000000e-02  1.00000000e-02  1.66718540e+01  2.82841441e+01
    1.00000000e-02  1.47796705e+01  1.00000000e-02  1.00000000e-02
    1.94935190e+01  1.00000000e-02]
  [ 1.00000000e-02  1.00000000e-02  1.00000000e-02  1.00000000e-02
    1.00000000e-02  1.00000000e-02  1.00000000e-02  1.00000000e-02
    1.00000000e-02  1.00000000e-02]
  [ 1.00000000e-02  2.68152393e+01  9.20819218e+00  1.65435502e+01
    1.00000000e-02  2.58737363e+01  1.00000000e-02  1.00000000e-02
    2.68364558e+01  1.00000000e-02]
  [ 1.00000000e-02  1.37391913e+01  1.00000000e-02  1.52443816e+01
    1.00000000e-02  1.00000000e-02  1.00000000e-02  1.00000000e-02
    1.70979073e+01  1.30723201e+01]
  [ 1.00000000e-02  6.57760164e+00  1.46866577e+01  1.71030416e+01
    1.00000000e-02  4.96921493e+00  1.00000000e-02  1.00000000e-02
    2.55909745e+00  1.00000000e-02]
  [ 1.00000000e-02  1.83296846e+01 -8.81119408e-01  1.00000000e-02
    1.00000000e-02 -4.80626082e-01  1.00000000e-02  1.00000000e-02
    8.73626054e+00  9.18934321e+00]
  [ 1.00000000e-02  1.00000000e-02  1.00000000e-02  1.00000000e-02
    1.00000000e-02  1.00000000e-02  1.00000000e-02  1.00000000e-02
    1.00000000e-02  1.00000000e-02]
  [ 1.00000000e-02  1.00000000e-02  1.00000000e-02  1.00000000e-02
    1.00000000e-02  1.00000000e-02  1.00000000e-02  1.00000000e-02
    1.00000000e-02  1.00000000e-02]
  [ 1.00000000e-02  1.00000000e-02  1.11593731e+01  1.57125984e+01
    1.00000000e-02  1.00000000e-02  1.00000000e-02  1.00000000e-02
    1.29965906e+01  1.00000000e-02]
  [ 1.00000000e-02  1.00000000e-02  1.00000000e-02  1.00000000e-02
    1.00000000e-02  1.00000000e-02  1.00000000e-02  1.00000000e-02
    1.00000000e-02  1.00000000e-02]]

 [[ 1.00000000e-02  1.00000000e-02  1.53122633e+01  2.08131225e+01
    2.64819472e+01  1.69438907e+01  1.00000000e-02  1.00000000e-02
    1.73915812e+01  1.00000000e-02]
  [ 1.00000000e-02  1.00000000e-02  1.00000000e-02  1.00000000e-02
    1.00000000e-02  1.00000000e-02  1.00000000e-02  1.00000000e-02
    1.00000000e-02  1.00000000e-02]
  [ 1.00000000e-02  1.00000000e-02  1.64230531e+01  1.73458186e+01
    1.00000000e-02  2.76970651e+01  1.00000000e-02  1.00000000e-02
    2.28592819e+01  1.00000000e-02]
  [ 1.00000000e-02  1.00000000e-02  1.00000000e-02  1.19774876e+01
    1.90081182e+01  1.00000000e-02  1.00000000e-02  1.26795054e+01
    1.72284099e+01  1.00000000e-02]
  [ 1.00000000e-02  1.00000000e-02  1.90390992e+01  1.65526401e+01
    1.64359142e+01  1.60059229e+01  1.00000000e-02  1.51399047e+01
    6.04456840e+00  1.00000000e-02]
  [ 1.00000000e-02  1.00000000e-02  1.57718545e+01  1.00000000e-02
    1.98422920e+01  1.54875887e+01  1.00000000e-02  1.62708814e+01
    4.71249939e+00  1.00000000e-02]
  [ 1.00000000e-02  1.00000000e-02  2.58058264e+01  2.20632175e+01
    1.00000000e-02  1.00000000e-02  1.00000000e-02  1.00000000e-02
    1.56844108e+01  1.00000000e-02]
  [ 1.00000000e-02  1.00000000e-02  1.00000000e-02  1.00000000e-02
    1.00000000e-02  1.00000000e-02  1.00000000e-02  1.00000000e-02
    1.00000000e-02  1.00000000e-02]
  [ 1.00000000e-02  1.00000000e-02  1.00000000e-02  1.00000000e-02
    1.00000000e-02  1.00000000e-02  1.00000000e-02  1.00000000e-02
    1.00000000e-02  1.00000000e-02]
  [ 1.00000000e-02  1.00000000e-02  1.00000000e-02  1.00000000e-02
    1.00000000e-02  1.00000000e-02  1.00000000e-02  1.00000000e-02
    1.00000000e-02  1.00000000e-02]]

 [[ 1.00000000e-02  1.00000000e-02  1.00000000e-02  1.00000000e-02
    1.00000000e-02  1.00000000e-02  1.00000000e-02  1.00000000e-02
    1.00000000e-02  1.00000000e-02]
  [ 1.00000000e-02  1.00000000e-02  2.73465736e+01  1.28012020e+01
    1.00000000e-02  1.00000000e-02  1.00000000e-02  1.00000000e-02
    1.28610646e+01  1.00000000e-02]
  [ 1.00000000e-02  2.79120825e+01  1.21251065e+01  1.77373239e+01
    1.00000000e-02  1.00000000e-02  1.00000000e-02  1.00000000e-02
    2.69715914e+01  1.00000000e-02]
  [ 1.00000000e-02  1.24855438e+01  1.00000000e-02  1.25131201e+01
    1.24625725e+01  1.00000000e-02  1.00000000e-02  1.22065123e+01
    1.96265217e+01  1.00000000e-02]
  [ 1.00000000e-02  9.80648180e+00  1.59406017e+01  1.73818251e+01
    9.61700963e+00  1.00000000e-02  1.00000000e-02  1.49846958e+01
    1.77455328e+01  1.00000000e-02]
  [ 1.00000000e-02  1.43461960e+01  1.56637618e+01  1.00000000e-02
    1.23545334e+01  1.00000000e-02  9.85142681e+00  1.49029162e+01
    1.60019555e+01  1.00000000e-02]
  [ 1.00000000e-02  1.00000000e-02  1.00000000e-02  1.00000000e-02
    1.00000000e-02  1.00000000e-02  1.00000000e-02  1.00000000e-02
    1.00000000e-02  1.00000000e-02]
  [ 1.00000000e-02  1.00000000e-02  1.08212123e+01  1.68509629e+01
    1.00000000e-02  1.00000000e-02  1.00000000e-02  1.00000000e-02
    2.04573903e+01  1.00000000e-02]
  [ 1.00000000e-02  1.00000000e-02  1.82472929e+01  9.25029353e+00
    1.00000000e-02  1.00000000e-02  1.00000000e-02  9.42487404e+00
    1.68899530e+01  1.00000000e-02]
  [ 1.00000000e-02  1.00000000e-02  1.00000000e-02  1.00000000e-02
    1.00000000e-02  1.00000000e-02  1.00000000e-02  1.00000000e-02
    1.00000000e-02  1.00000000e-02]]

 [[ 1.00000000e-02  1.00000000e-02  1.00000000e-02  1.00000000e-02
    1.00000000e-02  1.00000000e-02  1.00000000e-02  1.00000000e-02
    1.00000000e-02  1.00000000e-02]
  [ 1.00000000e-02  1.00000000e-02  1.00000000e-02  1.00000000e-02
    1.00000000e-02  1.00000000e-02  1.00000000e-02  1.00000000e-02
    1.00000000e-02  1.00000000e-02]
  [ 1.00000000e-02  1.00000000e-02  1.00000000e-02  1.00000000e-02
    1.00000000e-02  1.00000000e-02  1.00000000e-02  1.00000000e-02
    1.00000000e-02  1.00000000e-02]
  [ 1.00000000e-02  1.00000000e-02  1.00000000e-02  1.00000000e-02
    1.00000000e-02  1.00000000e-02  1.00000000e-02  1.00000000e-02
    1.00000000e-02  1.00000000e-02]
  [ 1.00000000e-02  1.00000000e-02  1.00000000e-02  1.00000000e-02
    1.00000000e-02  1.00000000e-02  1.00000000e-02  1.00000000e-02
    1.00000000e-02  1.00000000e-02]
  [ 1.00000000e-02  1.00000000e-02  1.00000000e-02  1.00000000e-02
    1.00000000e-02  1.00000000e-02  1.00000000e-02  1.00000000e-02
    1.00000000e-02  1.00000000e-02]
  [ 1.00000000e-02  1.00000000e-02  1.00000000e-02  1.00000000e-02
    1.00000000e-02  1.00000000e-02  1.00000000e-02  1.00000000e-02
    1.00000000e-02  1.00000000e-02]
  [ 1.00000000e-02  1.00000000e-02  1.00000000e-02  1.00000000e-02
    1.00000000e-02  1.00000000e-02  1.00000000e-02  1.00000000e-02
    1.00000000e-02  1.00000000e-02]
  [ 1.00000000e-02  1.00000000e-02  1.00000000e-02  1.00000000e-02
    1.00000000e-02  1.00000000e-02  1.00000000e-02  1.00000000e-02
    1.00000000e-02  1.00000000e-02]
  [ 1.00000000e-02  1.00000000e-02  1.00000000e-02  1.00000000e-02
    1.00000000e-02  1.00000000e-02  1.00000000e-02  1.00000000e-02
    1.00000000e-02  1.00000000e-02]]]
