Training sample: #41
[[0 0 0 7 3 0 0 0 0]
 [0 6 9 0 0 0 0 0 8]
 [0 0 7 0 0 1 0 2 0]
 [7 0 2 0 0 9 0 0 0]
 [0 0 0 1 4 0 9 0 0]
 [4 0 0 8 2 7 0 0 0]
 [8 0 0 0 0 0 0 0 6]
 [0 5 0 0 0 0 3 0 0]
 [0 0 0 0 7 0 8 4 0]]
New max total reward: -50 at episode: 0
episode 0, total_reward -50, epsilon 0.5997
New max total reward: -39 at episode: 1
New max total reward: 6 at episode: 7
New max total reward: 15 at episode: 165
New max total reward: 25 at episode: 169
New max total reward: 33 at episode: 226
episode 500, total_reward -22, epsilon 0.4670
New max total reward: 54 at episode: 544
episode 1000, total_reward -14, epsilon 0.3637
New max total reward: 62 at episode: 1153
New max total reward: 74 at episode: 1273
episode 1500, total_reward -12, epsilon 0.2832
New max total reward: 98 at episode: 1715
New max total reward: 156 at episode: 1974
episode 2000, total_reward -24, epsilon 0.2206
episode 2500, total_reward -13, epsilon 0.1718
episode 3000, total_reward 127, epsilon 0.1338
episode 3500, total_reward 13, epsilon 0.1042
episode 4000, total_reward 23, epsilon 0.0811
episode 4500, total_reward 63, epsilon 0.0632
episode 5000, total_reward 71, epsilon 0.0492
episode 5500, total_reward 108, epsilon 0.0383
episode 6000, total_reward 81, epsilon 0.0298
episode 6500, total_reward 81, epsilon 0.0232
episode 7000, total_reward 146, epsilon 0.0181
episode 7500, total_reward 146, epsilon 0.0141
episode 8000, total_reward 128, epsilon 0.0110
episode 8500, total_reward 146, epsilon 0.0100
episode 9000, total_reward 146, epsilon 0.0100
episode 9500, total_reward 146, epsilon 0.0100
[[[ 1.00000000e-02  1.16069896e+01  1.25205464e+01  1.00000000e-02
    1.00000000e-02  1.03904518e+01  1.00000000e-02  1.00000000e-02
    1.00000000e-02  1.00000000e-02]
  [ 1.00000000e-02  8.07542631e+00 -3.59060963e-03  1.00000000e-02
   -4.36351769e-02  1.00000000e-02  1.00000000e-02  1.00000000e-02
    1.36311517e+01  1.00000000e-02]
  [ 1.00000000e-02  1.63514227e+01  1.00000000e-02  1.00000000e-02
    1.36448072e+01  1.79251036e+01  1.00000000e-02  1.00000000e-02
    1.67851584e+01  1.00000000e-02]
  [ 1.00000000e-02  1.00000000e-02  1.00000000e-02  1.00000000e-02
    1.00000000e-02  1.00000000e-02  1.00000000e-02  1.00000000e-02
    1.00000000e-02  1.00000000e-02]
  [ 1.00000000e-02  1.00000000e-02  1.00000000e-02  1.00000000e-02
    1.00000000e-02  1.00000000e-02  1.00000000e-02  1.00000000e-02
    1.00000000e-02  1.00000000e-02]
  [ 1.00000000e-02  1.00000000e-02  1.75975413e+01  1.00000000e-02
    1.78501292e+01  1.32259113e+01  1.61974448e+01  1.00000000e-02
    2.62221984e+01  1.00000000e-02]
  [ 1.00000000e-02  2.38902032e+01  1.00000000e-02  1.00000000e-02
    1.21136552e+01  9.52753524e+00  1.72028585e+01  1.00000000e-02
    1.00000000e-02  1.00000000e-02]
  [ 1.00000000e-02  1.24573241e+01  1.00000000e-02  1.00000000e-02
    1.00000000e-02  1.01650437e+01  2.34442271e+01  1.00000000e-02
    1.00000000e-02  1.83236584e+01]
  [ 1.00000000e-02  1.16279121e+01  1.00000000e-02  1.00000000e-02
    1.05805795e+01  1.79634240e+01  1.00000000e-02  1.00000000e-02
    1.00000000e-02  2.39191938e+01]
  [ 1.00000000e-02  1.00000000e-02  1.00000000e-02  1.00000000e-02
    1.00000000e-02  1.00000000e-02  1.00000000e-02  1.00000000e-02
    1.00000000e-02  1.00000000e-02]]

 [[ 1.00000000e-02  2.33229994e+01  1.85446413e+01  1.63802685e+01
    1.00000000e-02  1.59644527e+01  1.00000000e-02  1.00000000e-02
    1.00000000e-02  1.00000000e-02]
  [ 1.00000000e-02  1.00000000e-02  1.00000000e-02  1.00000000e-02
    1.00000000e-02  1.00000000e-02  1.00000000e-02  1.00000000e-02
    1.00000000e-02  1.00000000e-02]
  [ 1.00000000e-02  1.00000000e-02  1.00000000e-02  1.00000000e-02
    1.00000000e-02  1.00000000e-02  1.00000000e-02  1.00000000e-02
    1.00000000e-02  1.00000000e-02]
  [ 1.00000000e-02  1.00000000e-02  1.73387117e+01  1.00000000e-02
    2.65615796e+01  1.71416670e+01  1.00000000e-02  1.00000000e-02
    1.00000000e-02  1.00000000e-02]
  [ 1.00000000e-02  1.00000000e-02  1.00000000e-02  1.00000000e-02
    1.00000000e-02  2.59508092e+01  1.00000000e-02  1.00000000e-02
    1.00000000e-02  1.00000000e-02]
  [ 1.00000000e-02  1.00000000e-02  2.65154892e+01  1.00000000e-02
    1.66508805e+01  1.17754598e+01  1.00000000e-02  1.00000000e-02
    1.00000000e-02  1.00000000e-02]
  [ 1.00000000e-02  1.54451714e+01  1.00000000e-02  1.00000000e-02
    1.56845154e+01  1.56195994e+01  1.00000000e-02  2.39674243e+01
    1.00000000e-02  1.00000000e-02]
  [ 1.00000000e-02  1.30042200e+01  1.00000000e-02  2.41601457e+01
    1.00000000e-02  1.58353103e+01  1.00000000e-02  1.49971496e+01
    1.00000000e-02  1.00000000e-02]
  [ 1.00000000e-02  1.00000000e-02  1.00000000e-02  1.00000000e-02
    1.00000000e-02  1.00000000e-02  1.00000000e-02  1.00000000e-02
    1.00000000e-02  1.00000000e-02]
  [ 1.00000000e-02  1.00000000e-02  1.00000000e-02  1.00000000e-02
    1.00000000e-02  1.00000000e-02  1.00000000e-02  1.00000000e-02
    1.00000000e-02  1.00000000e-02]]

 [[ 1.00000000e-02  1.00000000e-02  1.00000000e-02  6.90437702e+00
    1.00000000e-02  9.62468529e+00  1.00000000e-02  1.00000000e-02
    1.00000000e-02  1.00000000e-02]
  [ 1.00000000e-02  1.00000000e-02  1.00000000e-02  4.99554040e+00
    7.83837603e+00  1.00000000e-02  1.00000000e-02  1.00000000e-02
    7.16312570e+00  1.00000000e-02]
  [ 1.00000000e-02  1.00000000e-02  1.00000000e-02  1.00000000e-02
    1.00000000e-02  1.00000000e-02  1.00000000e-02  1.00000000e-02
    1.00000000e-02  1.00000000e-02]
  [ 1.00000000e-02  1.00000000e-02  1.00000000e-02  1.00000000e-02
    1.46288859e+01  1.60572726e+01  2.59941666e+01  1.00000000e-02
    1.00000000e-02  1.67113232e+01]
  [ 1.00000000e-02  1.00000000e-02  1.00000000e-02  1.00000000e-02
    1.00000000e-02  1.68687136e+01  1.02995803e+01  1.00000000e-02
    1.55382545e+01  2.62769230e+01]
  [ 1.00000000e-02  1.00000000e-02  1.00000000e-02  1.00000000e-02
    1.00000000e-02  1.00000000e-02  1.00000000e-02  1.00000000e-02
    1.00000000e-02  1.00000000e-02]
  [ 1.00000000e-02  1.00000000e-02  1.00000000e-02  1.00000000e-02
    1.19684805e+01  2.32721373e+01  1.21307603e+01  1.00000000e-02
    1.00000000e-02  1.00000000e-02]
  [ 1.00000000e-02  1.00000000e-02  1.00000000e-02  1.00000000e-02
    1.00000000e-02  1.00000000e-02  1.00000000e-02  1.00000000e-02
    1.00000000e-02  1.00000000e-02]
  [ 1.00000000e-02  1.00000000e-02  1.00000000e-02  1.23147749e+01
    2.30567527e+01  1.75689652e+01  1.00000000e-02  1.00000000e-02
    1.00000000e-02  1.46516709e+01]
  [ 1.00000000e-02  1.00000000e-02  1.00000000e-02  1.00000000e-02
    1.00000000e-02  1.00000000e-02  1.00000000e-02  1.00000000e-02
    1.00000000e-02  1.00000000e-02]]

 [[ 1.00000000e-02  1.00000000e-02  1.00000000e-02  1.00000000e-02
    1.00000000e-02  1.00000000e-02  1.00000000e-02  1.00000000e-02
    1.00000000e-02  1.00000000e-02]
  [ 1.00000000e-02  6.64388664e+00  1.00000000e-02  1.00852658e+01
    1.00000000e-02  1.00000000e-02  1.00000000e-02  1.00000000e-02
    7.77138431e+00  1.00000000e-02]
  [ 1.00000000e-02  1.00000000e-02  1.00000000e-02  1.00000000e-02
    1.00000000e-02  1.00000000e-02  1.00000000e-02  1.00000000e-02
    1.00000000e-02  1.00000000e-02]
  [ 1.00000000e-02  1.00000000e-02  1.00000000e-02  2.67776168e+01
    1.00000000e-02  9.76947344e+00  1.27789739e+01  1.00000000e-02
    1.00000000e-02  1.00000000e-02]
  [ 1.00000000e-02  1.00000000e-02  1.00000000e-02  1.00000000e-02
    1.00000000e-02  8.98285395e+00  2.60314502e+01  1.00000000e-02
    1.00000000e-02  1.00000000e-02]
  [ 1.00000000e-02  1.00000000e-02  1.00000000e-02  1.00000000e-02
    1.00000000e-02  1.00000000e-02  1.00000000e-02  1.00000000e-02
    1.00000000e-02  1.00000000e-02]
  [ 1.00000000e-02  1.35485808e+01  1.00000000e-02  1.00000000e-02
    2.35431945e+01  1.38682429e+01  1.30391530e+01  1.00000000e-02
    1.00000000e-02  1.00000000e-02]
  [ 1.00000000e-02  1.36008501e+01  1.00000000e-02  1.11576824e+01
    1.00000000e-02  9.65527035e+00  1.31990053e+01  1.00000000e-02
    2.36825130e+01  1.00000000e-02]
  [ 1.00000000e-02  2.32261575e+01  1.00000000e-02  1.38060504e+01
    1.56606925e+01  1.69052325e+01  1.00000000e-02  1.00000000e-02
    1.00000000e-02  1.00000000e-02]
  [ 1.00000000e-02  1.00000000e-02  1.00000000e-02  1.00000000e-02
    1.00000000e-02  1.00000000e-02  1.00000000e-02  1.00000000e-02
    1.00000000e-02  1.00000000e-02]]

 [[ 1.00000000e-02  1.00000000e-02  1.00000000e-02  1.24429094e+01
    1.00000000e-02  1.50098230e+01  1.32769113e+01  1.00000000e-02
    1.00000000e-02  1.00000000e-02]
  [ 1.00000000e-02  1.00000000e-02  1.00000000e-02  1.35003324e+01
    1.00000000e-02  1.00000000e-02  1.00000000e-02  1.00000000e-02
    1.48229015e+01  1.00000000e-02]
  [ 1.00000000e-02  1.00000000e-02  1.00000000e-02  1.56537698e+01
    1.00000000e-02  1.05414122e+01  1.43937976e+01  1.00000000e-02
    1.82772416e+01  1.00000000e-02]
  [ 1.00000000e-02  1.00000000e-02  1.00000000e-02  1.00000000e-02
    1.00000000e-02  1.00000000e-02  1.00000000e-02  1.00000000e-02
    1.00000000e-02  1.00000000e-02]
  [ 1.00000000e-02  1.00000000e-02  1.00000000e-02  1.00000000e-02
    1.00000000e-02  1.00000000e-02  1.00000000e-02  1.00000000e-02
    1.00000000e-02  1.00000000e-02]
  [ 1.00000000e-02  1.00000000e-02  1.00000000e-02  1.12795163e+01
    1.00000000e-02  2.64327597e+01  1.27716432e+01  1.00000000e-02
    1.00000000e-02  1.00000000e-02]
  [ 1.00000000e-02  1.00000000e-02  1.00000000e-02  1.00000000e-02
    1.00000000e-02  1.00000000e-02  1.00000000e-02  1.00000000e-02
    1.00000000e-02  1.00000000e-02]
  [ 1.00000000e-02  1.00000000e-02  1.00000000e-02  1.42905538e+01
    1.00000000e-02  1.42969328e+01  1.37957546e+01  2.27265575e+01
    1.05158973e+01  1.00000000e-02]
  [ 1.00000000e-02  1.00000000e-02  2.39531034e+01  7.58547212e+00
    1.00000000e-02  1.59489384e+01  1.00000000e-02  5.67857988e+00
    1.00000000e-02  1.00000000e-02]
  [ 1.00000000e-02  1.00000000e-02  1.00000000e-02  1.00000000e-02
    1.00000000e-02  1.00000000e-02  1.00000000e-02  1.00000000e-02
    1.00000000e-02  1.00000000e-02]]

 [[ 1.00000000e-02  1.00000000e-02  1.00000000e-02  1.00000000e-02
    1.00000000e-02  1.00000000e-02  1.00000000e-02  1.00000000e-02
    1.00000000e-02  1.00000000e-02]
  [ 1.00000000e-02  4.08114930e+00  1.00000000e-02  9.47546230e+00
    1.00000000e-02  1.00000000e-02  1.00000000e-02  1.00000000e-02
    1.00000000e-02  2.16994372e+01]
  [ 1.00000000e-02  2.21255807e+01  1.00000000e-02  1.63176640e+01
    1.00000000e-02  1.34132728e+01  9.64305203e+00  1.00000000e-02
    1.00000000e-02  1.00000000e-02]
  [ 1.00000000e-02  1.00000000e-02  1.00000000e-02  1.00000000e-02
    1.00000000e-02  1.00000000e-02  1.00000000e-02  1.00000000e-02
    1.00000000e-02  1.00000000e-02]
  [ 1.00000000e-02  1.00000000e-02  1.00000000e-02  1.00000000e-02
    1.00000000e-02  1.00000000e-02  1.00000000e-02  1.00000000e-02
    1.00000000e-02  1.00000000e-02]
  [ 1.00000000e-02  1.00000000e-02  1.00000000e-02  1.00000000e-02
    1.00000000e-02  1.00000000e-02  1.00000000e-02  1.00000000e-02
    1.00000000e-02  1.00000000e-02]
  [ 1.00000000e-02  1.28354696e+01  1.00000000e-02  1.00000000e-02
    1.00000000e-02  1.39251859e+01  2.31148603e+01  1.00000000e-02
    1.00000000e-02  1.00000000e-02]
  [ 1.00000000e-02  1.32860696e+01  1.00000000e-02  1.49411400e+01
    1.00000000e-02  2.36208884e+01  1.38167674e+01  1.00000000e-02
    1.00000000e-02  1.00000000e-02]
  [ 1.00000000e-02  1.05833392e+01  1.00000000e-02  2.43070181e+01
    1.00000000e-02  1.74138582e+01  1.00000000e-02  1.00000000e-02
    1.00000000e-02  1.00000000e-02]
  [ 1.00000000e-02  1.00000000e-02  1.00000000e-02  1.00000000e-02
    1.00000000e-02  1.00000000e-02  1.00000000e-02  1.00000000e-02
    1.00000000e-02  1.00000000e-02]]

 [[ 1.00000000e-02  1.00000000e-02  1.00000000e-02  1.00000000e-02
    1.00000000e-02  1.00000000e-02  1.00000000e-02  1.00000000e-02
    1.00000000e-02  1.00000000e-02]
  [ 1.00000000e-02  1.67243176e+01  1.99276060e+01  1.95250466e+01
    1.80449108e+01  1.00000000e-02  1.00000000e-02  2.58338756e+01
    1.00000000e-02  1.93864476e+01]
  [ 1.00000000e-02  1.75985957e+01  1.00000000e-02  2.53801307e+01
    1.80148810e+01  1.00000000e-02  1.00000000e-02  1.00000000e-02
    1.00000000e-02  1.00000000e-02]
  [ 1.00000000e-02  1.00000000e-02  1.77156934e+01  8.67792534e+00
    1.64763129e+01  2.60101754e+01  1.00000000e-02  1.00000000e-02
    1.00000000e-02  1.73850267e+01]
  [ 1.00000000e-02  2.81655348e+01  1.00000000e-02  1.00000000e-02
    1.00000000e-02  1.34045404e+01  1.00000000e-02  1.00000000e-02
    1.00000000e-02  1.37816527e+01]
  [ 1.00000000e-02  1.00000000e-02  1.69408983e+01  1.77214298e+01
    2.63438234e+01  8.88077030e+00  1.00000000e-02  1.00000000e-02
    1.00000000e-02  1.00000000e-02]
  [ 1.00000000e-02  1.62631903e+01  2.62127699e+01  1.00000000e-02
    1.00000000e-02  1.93807608e+01  1.00000000e-02  1.92021529e+01
    1.00000000e-02  1.00000000e-02]
  [ 1.00000000e-02  1.75042171e+01  1.00000000e-02  1.00000000e-02
    1.00000000e-02  1.84659573e+01  1.00000000e-02  1.92555489e+01
    1.00000000e-02  2.67733295e+01]
  [ 1.00000000e-02  1.00000000e-02  1.00000000e-02  1.00000000e-02
    1.00000000e-02  1.00000000e-02  1.00000000e-02  1.00000000e-02
    1.00000000e-02  1.00000000e-02]
  [ 1.00000000e-02  1.00000000e-02  1.00000000e-02  1.00000000e-02
    1.00000000e-02  1.00000000e-02  1.00000000e-02  1.00000000e-02
    1.00000000e-02  1.00000000e-02]]

 [[ 1.00000000e-02  1.88162891e+01  2.51378763e+01  1.00000000e-02
    1.00000000e-02  1.00000000e-02  1.78485285e+01  1.00000000e-02
    1.00000000e-02  1.97124063e+01]
  [ 1.00000000e-02  1.00000000e-02  1.00000000e-02  1.00000000e-02
    1.00000000e-02  1.00000000e-02  1.00000000e-02  1.00000000e-02
    1.00000000e-02  1.00000000e-02]
  [ 1.00000000e-02  1.98115950e+01  1.00000000e-02  1.00000000e-02
    2.61024428e+01  1.00000000e-02  1.76714330e+01  1.00000000e-02
    1.00000000e-02  1.00000000e-02]
  [ 1.00000000e-02  1.00000000e-02  2.07376151e+01  1.00000000e-02
    1.71296945e+01  1.00000000e-02  1.56509896e+01  1.00000000e-02
    1.00000000e-02  2.75666396e+01]
  [ 1.00000000e-02  1.52925549e+01  1.00000000e-02  1.00000000e-02
    1.00000000e-02  1.00000000e-02  9.88189288e+00  1.00000000e-02
    2.61294728e+01  1.72760359e+01]
  [ 1.00000000e-02  1.00000000e-02  1.27142672e+01  1.00000000e-02
    1.30621886e+01  1.00000000e-02  2.62896344e+01  1.00000000e-02
    1.47084148e+01  1.00000000e-02]
  [ 1.00000000e-02  1.00000000e-02  1.00000000e-02  1.00000000e-02
    1.00000000e-02  1.00000000e-02  1.00000000e-02  1.00000000e-02
    1.00000000e-02  1.00000000e-02]
  [ 1.00000000e-02  2.54102226e+01  1.00000000e-02  1.00000000e-02
    1.00000000e-02  1.00000000e-02  1.00000000e-02  2.21764812e+01
    1.00000000e-02  1.82085384e+01]
  [ 1.00000000e-02  2.24082206e+01  1.94878968e+01  1.00000000e-02
    1.00000000e-02  1.00000000e-02  1.00000000e-02  2.55392086e+01
    1.00000000e-02  1.75713557e+01]
  [ 1.00000000e-02  1.00000000e-02  1.00000000e-02  1.00000000e-02
    1.00000000e-02  1.00000000e-02  1.00000000e-02  1.00000000e-02
    1.00000000e-02  1.00000000e-02]]

 [[ 1.00000000e-02  2.22660376e+01  2.05179117e+01  1.66786567e+01
    1.00000000e-02  1.00000000e-02  2.07258131e+01  1.00000000e-02
    1.00000000e-02  2.56343507e+01]
  [ 1.00000000e-02  2.68444641e+01  1.85997296e+01  1.94425091e+01
    1.00000000e-02  1.00000000e-02  1.00000000e-02  1.00000000e-02
    1.00000000e-02  2.50307724e+01]
  [ 1.00000000e-02  2.01904378e+01  1.00000000e-02  1.88884460e+01
    1.00000000e-02  1.00000000e-02  2.68455936e+01  1.00000000e-02
    1.00000000e-02  1.00000000e-02]
  [ 1.00000000e-02  1.00000000e-02  2.66761005e+01  1.36220669e+01
    1.00000000e-02  1.84138653e+01  1.78638396e+01  1.00000000e-02
    1.00000000e-02  2.03200049e+01]
  [ 1.00000000e-02  1.00000000e-02  1.00000000e-02  1.00000000e-02
    1.00000000e-02  1.00000000e-02  1.00000000e-02  1.00000000e-02
    1.00000000e-02  1.00000000e-02]
  [ 1.00000000e-02  1.00000000e-02  1.53148793e+01  2.61448115e+01
    1.00000000e-02  1.09437193e+01  1.81547709e+01  1.00000000e-02
    1.00000000e-02  1.00000000e-02]
  [ 1.00000000e-02  1.00000000e-02  1.00000000e-02  1.00000000e-02
    1.00000000e-02  1.00000000e-02  1.00000000e-02  1.00000000e-02
    1.00000000e-02  1.00000000e-02]
  [ 1.00000000e-02  1.00000000e-02  1.00000000e-02  1.00000000e-02
    1.00000000e-02  1.00000000e-02  1.00000000e-02  1.00000000e-02
    1.00000000e-02  1.00000000e-02]
  [ 1.00000000e-02  1.87953649e+01  1.81935205e+01  1.00000000e-02
    1.00000000e-02  2.54354624e+01  1.00000000e-02  1.00000000e-02
    1.00000000e-02  1.92051673e+01]
  [ 1.00000000e-02  1.00000000e-02  1.00000000e-02  1.00000000e-02
    1.00000000e-02  1.00000000e-02  1.00000000e-02  1.00000000e-02
    1.00000000e-02  1.00000000e-02]]

 [[ 1.00000000e-02  1.00000000e-02  1.00000000e-02  1.00000000e-02
    1.00000000e-02  1.00000000e-02  1.00000000e-02  1.00000000e-02
    1.00000000e-02  1.00000000e-02]
  [ 1.00000000e-02  1.00000000e-02  1.00000000e-02  1.00000000e-02
    1.00000000e-02  1.00000000e-02  1.00000000e-02  1.00000000e-02
    1.00000000e-02  1.00000000e-02]
  [ 1.00000000e-02  1.00000000e-02  1.00000000e-02  1.00000000e-02
    1.00000000e-02  1.00000000e-02  1.00000000e-02  1.00000000e-02
    1.00000000e-02  1.00000000e-02]
  [ 1.00000000e-02  1.00000000e-02  1.00000000e-02  1.00000000e-02
    1.00000000e-02  1.00000000e-02  1.00000000e-02  1.00000000e-02
    1.00000000e-02  1.00000000e-02]
  [ 1.00000000e-02  1.00000000e-02  1.00000000e-02  1.00000000e-02
    1.00000000e-02  1.00000000e-02  1.00000000e-02  1.00000000e-02
    1.00000000e-02  1.00000000e-02]
  [ 1.00000000e-02  1.00000000e-02  1.00000000e-02  1.00000000e-02
    1.00000000e-02  1.00000000e-02  1.00000000e-02  1.00000000e-02
    1.00000000e-02  1.00000000e-02]
  [ 1.00000000e-02  1.00000000e-02  1.00000000e-02  1.00000000e-02
    1.00000000e-02  1.00000000e-02  1.00000000e-02  1.00000000e-02
    1.00000000e-02  1.00000000e-02]
  [ 1.00000000e-02  1.00000000e-02  1.00000000e-02  1.00000000e-02
    1.00000000e-02  1.00000000e-02  1.00000000e-02  1.00000000e-02
    1.00000000e-02  1.00000000e-02]
  [ 1.00000000e-02  1.00000000e-02  1.00000000e-02  1.00000000e-02
    1.00000000e-02  1.00000000e-02  1.00000000e-02  1.00000000e-02
    1.00000000e-02  1.00000000e-02]
  [ 1.00000000e-02  1.00000000e-02  1.00000000e-02  1.00000000e-02
    1.00000000e-02  1.00000000e-02  1.00000000e-02  1.00000000e-02
    1.00000000e-02  1.00000000e-02]]]
