Training sample: #56
[[0 0 0 7 0 6 0 8 0]
 [0 0 0 0 5 8 0 1 0]
 [0 0 0 0 4 0 0 0 7]
 [4 0 0 0 8 0 1 5 0]
 [8 0 0 0 0 0 7 0 6]
 [0 0 7 6 1 0 0 4 0]
 [3 9 0 4 0 0 8 0 0]
 [0 0 8 0 0 1 5 0 0]
 [0 0 0 0 0 0 0 6 0]]
New max total reward: 6 at episode: 0
episode 0, total_reward 6, epsilon 0.5997
New max total reward: 7 at episode: 21
New max total reward: 16 at episode: 45
New max total reward: 25 at episode: 46
New max total reward: 33 at episode: 96
New max total reward: 35 at episode: 114
New max total reward: 62 at episode: 203
New max total reward: 63 at episode: 228
New max total reward: 72 at episode: 390
episode 500, total_reward -2, epsilon 0.4670
New max total reward: 100 at episode: 659
episode 1000, total_reward -11, epsilon 0.3637
episode 1500, total_reward 0, epsilon 0.2832
New max total reward: 110 at episode: 1584
episode 2000, total_reward 53, epsilon 0.2206
episode 2500, total_reward 62, epsilon 0.1718
New max total reward: 111 at episode: 2562
episode 3000, total_reward -11, epsilon 0.1338
New max total reward: 119 at episode: 3047
episode 3500, total_reward 35, epsilon 0.1042
New max total reward: 158 at episode: 3517
episode 4000, total_reward 110, epsilon 0.0811
episode 4500, total_reward 45, epsilon 0.0632
episode 5000, total_reward 92, epsilon 0.0492
episode 5500, total_reward 55, epsilon 0.0383
episode 6000, total_reward 54, epsilon 0.0298
episode 6500, total_reward 82, epsilon 0.0232
episode 7000, total_reward 120, epsilon 0.0181
episode 7500, total_reward 120, epsilon 0.0141
episode 8000, total_reward 91, epsilon 0.0110
episode 8500, total_reward 120, epsilon 0.0100
episode 9000, total_reward 120, epsilon 0.0100
episode 9500, total_reward 91, epsilon 0.0100
[[[ 1.00000000e-02  2.07818162e+00  1.67006681e+01  1.00000000e-02
    1.00000000e-02  1.61208408e+01  1.00000000e-02  1.00000000e-02
    1.00000000e-02  5.43045391e+00]
  [ 1.00000000e-02  6.33649550e+00  3.03300536e+00  1.46776976e+01
    1.26790986e+01  1.64421940e+01  1.00000000e-02  1.00000000e-02
    1.00000000e-02  1.00000000e-02]
  [ 1.00000000e-02  3.22324201e+00  3.68309344e+00  6.44320930e+00
    1.14395712e+01  1.66710588e+01  1.00000000e-02  1.00000000e-02
    1.00000000e-02  1.22042493e+01]
  [ 1.00000000e-02  1.00000000e-02  1.00000000e-02  1.00000000e-02
    1.00000000e-02  1.00000000e-02  1.00000000e-02  1.00000000e-02
    1.00000000e-02  1.00000000e-02]
  [ 1.00000000e-02  1.00000000e-02  7.73875856e+00  5.90636716e+00
    1.00000000e-02  1.00000000e-02  1.00000000e-02  1.00000000e-02
    1.00000000e-02  7.56957145e+00]
  [ 1.00000000e-02  1.00000000e-02  1.00000000e-02  1.00000000e-02
    1.00000000e-02  1.00000000e-02  1.00000000e-02  1.00000000e-02
    1.00000000e-02  1.00000000e-02]
  [ 1.00000000e-02  1.00000000e-02  2.15548798e+01  1.43069657e+01
    2.46626579e+01  1.00000000e-02  1.00000000e-02  1.00000000e-02
    1.00000000e-02  1.51860146e+01]
  [ 1.00000000e-02  1.00000000e-02  1.00000000e-02  1.00000000e-02
    1.00000000e-02  1.00000000e-02  1.00000000e-02  1.00000000e-02
    1.00000000e-02  1.00000000e-02]
  [ 1.00000000e-02  1.00000000e-02  1.58707721e+01  1.51894614e+01
    1.48305149e+01  2.46332346e+01  1.00000000e-02  1.00000000e-02
    1.00000000e-02  1.64412992e+01]
  [ 1.00000000e-02  1.00000000e-02  1.00000000e-02  1.00000000e-02
    1.00000000e-02  1.00000000e-02  1.00000000e-02  1.00000000e-02
    1.00000000e-02  1.00000000e-02]]

 [[ 1.00000000e-02  1.00000000e-02  1.60693412e+01  1.00000000e-02
    1.00000000e-02  1.00000000e-02  1.21666676e+01  6.61280318e+00
    1.00000000e-02  1.24071825e+01]
  [ 1.00000000e-02  1.00000000e-02  6.68000699e+00  1.48135103e+01
    6.18716767e+00  1.00000000e-02  1.54571794e+01  2.57687064e+00
    1.00000000e-02  1.00000000e-02]
  [ 1.00000000e-02  1.00000000e-02  5.97572002e-01 -1.76586247e-01
    6.99862899e+00  1.00000000e-02  1.27133344e+01  1.00000000e-02
    1.00000000e-02  1.58781925e+01]
  [ 1.00000000e-02  1.00000000e-02  1.45855685e+01  6.22793954e+00
    1.00000000e-02  1.00000000e-02  1.00000000e-02  1.00000000e-02
    1.00000000e-02  1.59482389e+01]
  [ 1.00000000e-02  1.00000000e-02  1.00000000e-02  1.00000000e-02
    1.00000000e-02  1.00000000e-02  1.00000000e-02  1.00000000e-02
    1.00000000e-02  1.00000000e-02]
  [ 1.00000000e-02  1.00000000e-02  1.00000000e-02  1.00000000e-02
    1.00000000e-02  1.00000000e-02  1.00000000e-02  1.00000000e-02
    1.00000000e-02  1.00000000e-02]
  [ 1.00000000e-02  1.00000000e-02  2.35955647e+01  1.58366448e+01
    2.10207632e+01  1.00000000e-02  2.42344694e+01  1.00000000e-02
    1.00000000e-02  1.56926611e+01]
  [ 1.00000000e-02  1.00000000e-02  1.00000000e-02  1.00000000e-02
    1.00000000e-02  1.00000000e-02  1.00000000e-02  1.00000000e-02
    1.00000000e-02  1.00000000e-02]
  [ 1.00000000e-02  1.00000000e-02  1.50043073e+01  1.70007389e+01
    1.55636619e+01  1.00000000e-02  1.00000000e-02  1.00000000e-02
    1.00000000e-02  2.49609237e+01]
  [ 1.00000000e-02  1.00000000e-02  1.00000000e-02  1.00000000e-02
    1.00000000e-02  1.00000000e-02  1.00000000e-02  1.00000000e-02
    1.00000000e-02  1.00000000e-02]]

 [[ 1.00000000e-02  2.77099910e+00  1.53271154e+01  1.00000000e-02
    1.00000000e-02  3.18041662e+00  1.28864156e+00  1.00000000e-02
    1.00000000e-02  4.20076457e-01]
  [ 1.00000000e-02  3.39100779e+00  1.28339655e+01  1.83833719e+01
    1.00000000e-02  9.11249326e-01  1.55263033e+01  1.00000000e-02
    5.54006792e+00  1.00000000e-02]
  [ 1.00000000e-02  3.73785735e+00  1.30816250e+01  1.63438593e+01
    1.00000000e-02  1.40963148e+00  6.35568046e+00  1.00000000e-02
    1.00000000e-02  1.09374853e+01]
  [ 1.00000000e-02  9.09309223e-01  1.69765183e+01  1.64819872e+01
    1.00000000e-02  1.00000000e-02  1.00000000e-02  1.00000000e-02
    1.00000000e-02  7.13367238e-01]
  [ 1.00000000e-02  1.00000000e-02  1.00000000e-02  1.00000000e-02
    1.00000000e-02  1.00000000e-02  1.00000000e-02  1.00000000e-02
    1.00000000e-02  1.00000000e-02]
  [ 1.00000000e-02  1.00000000e-02  1.30160289e+01  1.25184346e+01
    1.00000000e-02  1.00000000e-02  1.00000000e-02  1.00000000e-02
    1.00000000e-02  3.46868047e+00]
  [ 1.00000000e-02  1.00000000e-02  2.50371265e+01  1.69348280e+01
    1.00000000e-02  1.00000000e-02  2.08082549e+01  1.00000000e-02
    1.00000000e-02  1.37897460e+01]
  [ 1.00000000e-02  1.00000000e-02  1.36278706e+01  2.42698017e+01
    1.00000000e-02  1.00000000e-02  1.00000000e-02  1.00000000e-02
    1.00000000e-02  1.60338043e+01]
  [ 1.00000000e-02  1.00000000e-02  1.00000000e-02  1.00000000e-02
    1.00000000e-02  1.00000000e-02  1.00000000e-02  1.00000000e-02
    1.00000000e-02  1.00000000e-02]
  [ 1.00000000e-02  1.00000000e-02  1.00000000e-02  1.00000000e-02
    1.00000000e-02  1.00000000e-02  1.00000000e-02  1.00000000e-02
    1.00000000e-02  1.00000000e-02]]

 [[ 1.00000000e-02  1.00000000e-02  1.00000000e-02  1.00000000e-02
    1.00000000e-02  1.00000000e-02  1.00000000e-02  1.00000000e-02
    1.00000000e-02  1.00000000e-02]
  [ 1.00000000e-02  1.00000000e-02  1.93142007e+01  1.66439757e+01
    1.00000000e-02  1.00000000e-02  2.08780704e+01  1.00000000e-02
    1.00000000e-02  1.00000000e-02]
  [ 1.00000000e-02  1.00000000e-02  2.00417050e+01  1.91861037e+01
    1.00000000e-02  1.00000000e-02  1.89895486e+01  1.00000000e-02
    1.00000000e-02  2.06495271e+01]
  [ 1.00000000e-02  1.00000000e-02  1.94996596e+01  1.68508816e+01
    1.00000000e-02  1.00000000e-02  1.00000000e-02  1.00000000e-02
    1.00000000e-02  1.89350439e+01]
  [ 1.00000000e-02  1.00000000e-02  1.00000000e-02  1.00000000e-02
    1.00000000e-02  1.00000000e-02  1.00000000e-02  1.00000000e-02
    1.00000000e-02  1.00000000e-02]
  [ 1.00000000e-02  1.00000000e-02  1.72554111e+01  1.72097476e+01
    1.00000000e-02  1.00000000e-02  1.00000000e-02  2.00296893e+01
    1.00000000e-02  1.94880287e+01]
  [ 1.00000000e-02  1.00000000e-02  1.00000000e-02  1.00000000e-02
    1.00000000e-02  1.00000000e-02  1.00000000e-02  1.00000000e-02
    1.00000000e-02  1.00000000e-02]
  [ 1.00000000e-02  1.00000000e-02  1.00000000e-02  1.00000000e-02
    1.00000000e-02  1.00000000e-02  1.00000000e-02  1.00000000e-02
    1.00000000e-02  1.00000000e-02]
  [ 1.00000000e-02  1.00000000e-02  1.63841441e+01  2.59475905e+01
    1.00000000e-02  1.00000000e-02  1.00000000e-02  1.00000000e-02
    1.00000000e-02  1.66412996e+01]
  [ 1.00000000e-02  1.00000000e-02  1.00000000e-02  1.00000000e-02
    1.00000000e-02  1.00000000e-02  1.00000000e-02  1.00000000e-02
    1.00000000e-02  1.00000000e-02]]

 [[ 1.00000000e-02  1.00000000e-02  1.00000000e-02  1.00000000e-02
    1.00000000e-02  1.00000000e-02  1.00000000e-02  1.00000000e-02
    1.00000000e-02  1.00000000e-02]
  [ 1.00000000e-02  1.94753238e+01  1.65935718e+01  1.87629086e+01
    1.00000000e-02  2.02649691e+01  1.00000000e-02  1.00000000e-02
    1.00000000e-02  1.00000000e-02]
  [ 1.00000000e-02  1.96716331e+01  1.65052394e+01  1.87089661e+01
    1.00000000e-02  1.95852846e+01  1.00000000e-02  1.00000000e-02
    1.00000000e-02  1.80947842e+01]
  [ 1.00000000e-02  1.00000000e-02  1.66116866e+01  1.79222393e+01
    1.00000000e-02  1.97372357e+01  1.00000000e-02  1.00000000e-02
    1.00000000e-02  1.83932375e+01]
  [ 1.00000000e-02  1.00000000e-02  1.54690671e+01  1.86477300e+01
    1.00000000e-02  1.00000000e-02  1.00000000e-02  1.00000000e-02
    1.00000000e-02  1.78472075e+01]
  [ 1.00000000e-02  1.00000000e-02  1.56768146e+01  1.78391794e+01
    1.88056788e+01  1.97429838e+01  1.00000000e-02  1.00000000e-02
    1.00000000e-02  1.80384942e+01]
  [ 1.00000000e-02  1.00000000e-02  1.00000000e-02  1.00000000e-02
    1.00000000e-02  1.00000000e-02  1.00000000e-02  1.00000000e-02
    1.00000000e-02  1.00000000e-02]
  [ 1.00000000e-02  1.00000000e-02  2.39598072e+01  1.36456048e+01
    1.00000000e-02  1.00000000e-02  1.00000000e-02  1.00000000e-02
    1.00000000e-02  1.35905634e+01]
  [ 1.00000000e-02  1.00000000e-02  1.00000000e-02  1.00000000e-02
    1.00000000e-02  1.00000000e-02  1.00000000e-02  1.00000000e-02
    1.00000000e-02  1.00000000e-02]
  [ 1.00000000e-02  1.00000000e-02  1.00000000e-02  1.00000000e-02
    1.00000000e-02  1.00000000e-02  1.00000000e-02  1.00000000e-02
    1.00000000e-02  1.00000000e-02]]

 [[ 1.00000000e-02  1.00000000e-02  2.09608122e+01  1.00000000e-02
    1.00000000e-02  2.03843168e+01  1.00000000e-02  1.00000000e-02
    1.00000000e-02  1.62376294e+01]
  [ 1.00000000e-02  1.00000000e-02  1.82787089e+01  2.07561507e+01
    1.00000000e-02  1.89016365e+01  1.00000000e-02  1.00000000e-02
    1.00000000e-02  1.00000000e-02]
  [ 1.00000000e-02  1.00000000e-02  1.00000000e-02  1.00000000e-02
    1.00000000e-02  1.00000000e-02  1.00000000e-02  1.00000000e-02
    1.00000000e-02  1.00000000e-02]
  [ 1.00000000e-02  1.00000000e-02  1.00000000e-02  1.00000000e-02
    1.00000000e-02  1.00000000e-02  1.00000000e-02  1.00000000e-02
    1.00000000e-02  1.00000000e-02]
  [ 1.00000000e-02  1.00000000e-02  1.00000000e-02  1.00000000e-02
    1.00000000e-02  1.00000000e-02  1.00000000e-02  1.00000000e-02
    1.00000000e-02  1.00000000e-02]
  [ 1.00000000e-02  1.00000000e-02  1.91385293e+01  1.99531743e+01
    1.00000000e-02  2.12247510e+01  1.00000000e-02  1.00000000e-02
    1.00000000e-02  1.60370525e+01]
  [ 1.00000000e-02  1.00000000e-02  1.21774266e+01  1.77673306e+01
    1.00000000e-02  1.00000000e-02  1.00000000e-02  1.00000000e-02
    1.00000000e-02  2.49269004e+01]
  [ 1.00000000e-02  1.00000000e-02  1.00000000e-02  1.00000000e-02
    1.00000000e-02  1.00000000e-02  1.00000000e-02  1.00000000e-02
    1.00000000e-02  1.00000000e-02]
  [ 1.00000000e-02  1.00000000e-02  1.40830838e+01  1.15141450e+01
    1.00000000e-02  1.00000000e-02  1.00000000e-02  1.00000000e-02
    2.47695763e+01  1.48139799e+01]
  [ 1.00000000e-02  1.00000000e-02  1.00000000e-02  1.00000000e-02
    1.00000000e-02  1.00000000e-02  1.00000000e-02  1.00000000e-02
    1.00000000e-02  1.00000000e-02]]

 [[ 1.00000000e-02  1.00000000e-02  1.00000000e-02  1.00000000e-02
    1.00000000e-02  1.00000000e-02  1.00000000e-02  1.00000000e-02
    1.00000000e-02  1.00000000e-02]
  [ 1.00000000e-02  1.00000000e-02  1.00000000e-02  1.00000000e-02
    1.00000000e-02  1.00000000e-02  1.00000000e-02  1.00000000e-02
    1.00000000e-02  1.00000000e-02]
  [ 1.00000000e-02  1.38256523e+01  5.91910325e+00  1.00000000e-02
    1.00000000e-02  2.36307431e+00  4.52523766e+00  1.00000000e-02
    1.00000000e-02  1.00000000e-02]
  [ 1.00000000e-02  1.00000000e-02  1.00000000e-02  1.00000000e-02
    1.00000000e-02  1.00000000e-02  1.00000000e-02  1.00000000e-02
    1.00000000e-02  1.00000000e-02]
  [ 1.00000000e-02  1.00000000e-02  5.92976001e+00  1.00000000e-02
    1.00000000e-02  1.00000000e-02  7.64883708e+00  1.47815121e+01
    1.00000000e-02  1.00000000e-02]
  [ 1.00000000e-02  1.00000000e-02  3.43378525e+00  1.00000000e-02
    1.00000000e-02  1.41084715e+01  1.00000000e-02  1.65344209e+01
    1.00000000e-02  1.00000000e-02]
  [ 1.00000000e-02  1.00000000e-02  1.00000000e-02  1.00000000e-02
    1.00000000e-02  1.00000000e-02  1.00000000e-02  1.00000000e-02
    1.00000000e-02  1.00000000e-02]
  [ 1.00000000e-02  1.00000000e-02  1.07921005e+01  1.00000000e-02
    1.00000000e-02  1.00000000e-02  1.00000000e-02  2.45835856e+01
    1.00000000e-02  1.00000000e-02]
  [ 1.00000000e-02  2.42913014e+01  2.11011191e+01  1.00000000e-02
    1.00000000e-02  1.00000000e-02  1.00000000e-02  1.00000000e-02
    1.00000000e-02  1.00000000e-02]
  [ 1.00000000e-02  1.00000000e-02  1.00000000e-02  1.00000000e-02
    1.00000000e-02  1.00000000e-02  1.00000000e-02  1.00000000e-02
    1.00000000e-02  1.00000000e-02]]

 [[ 1.00000000e-02  1.00000000e-02  1.71444283e+01  1.00000000e-02
    1.00000000e-02  1.00000000e-02  6.08450492e+00  2.89206191e+00
    1.00000000e-02  1.00000000e-02]
  [ 1.00000000e-02  1.00000000e-02  1.54806183e+01  1.00000000e-02
    6.96553636e+00  1.00000000e-02  1.65544256e+01 -3.90094238e-02
    1.00000000e-02  1.00000000e-02]
  [ 1.00000000e-02  1.00000000e-02  1.00000000e-02  1.00000000e-02
    1.00000000e-02  1.00000000e-02  1.00000000e-02  1.00000000e-02
    1.00000000e-02  1.00000000e-02]
  [ 1.00000000e-02  1.00000000e-02  1.63954530e+01  4.88468751e+00
    1.00000000e-02  1.00000000e-02  1.00000000e-02  1.00000000e-02
    1.00000000e-02  1.59169975e+01]
  [ 1.00000000e-02  1.00000000e-02  1.40654243e+01  5.87850179e+00
    1.00000000e-02  1.00000000e-02  5.89226991e+00  6.82906166e+00
    1.00000000e-02  1.55886221e+01]
  [ 1.00000000e-02  1.00000000e-02  1.00000000e-02  1.00000000e-02
    1.00000000e-02  1.00000000e-02  1.00000000e-02  1.00000000e-02
    1.00000000e-02  1.00000000e-02]
  [ 1.00000000e-02  1.00000000e-02  1.00000000e-02  1.00000000e-02
    1.00000000e-02  1.00000000e-02  1.00000000e-02  1.00000000e-02
    1.00000000e-02  1.00000000e-02]
  [ 1.00000000e-02  1.00000000e-02  1.26038588e+01  1.44019034e+01
    1.00000000e-02  1.00000000e-02  1.00000000e-02  1.43438695e+01
    1.00000000e-02  2.53873709e+01]
  [ 1.00000000e-02  1.00000000e-02  2.45009678e+01  1.68057077e+01
    2.38414659e+01  1.00000000e-02  1.00000000e-02  1.00000000e-02
    1.00000000e-02  1.60562690e+01]
  [ 1.00000000e-02  1.00000000e-02  1.00000000e-02  1.00000000e-02
    1.00000000e-02  1.00000000e-02  1.00000000e-02  1.00000000e-02
    1.00000000e-02  1.00000000e-02]]

 [[ 1.00000000e-02  5.14813781e+00  1.62276832e+01  1.00000000e-02
    1.00000000e-02  3.64551995e+00  1.00000000e-02  2.45933537e+00
    1.00000000e-02  1.00000000e-02]
  [ 1.00000000e-02  4.70686816e+00  4.79294857e+00  1.00000000e-02
    1.01280235e+01  1.18096063e+00  1.00000000e-02  6.95038369e+00
    1.00000000e-02  1.00000000e-02]
  [ 1.00000000e-02  4.76257993e+00  2.70223631e+00  1.00000000e-02
    9.75965041e+00  6.70944879e+00  1.00000000e-02  1.00000000e-02
    1.00000000e-02  1.00000000e-02]
  [ 1.00000000e-02  1.00000000e-02  1.40202908e+01  1.42043493e+01
    1.00000000e-02 -2.21893978e-01  1.00000000e-02  1.00000000e-02
    5.61577726e+00 -1.10122226e+00]
  [ 1.00000000e-02  1.00000000e-02  7.36085738e+00  1.43227865e+01
    1.00000000e-02  1.00000000e-02  1.00000000e-02  5.73629162e+00
    1.00000000e-02  6.46286627e+00]
  [ 1.00000000e-02  1.00000000e-02 -7.03615806e-01  1.44030569e+01
    1.00000000e-02  1.39580665e+01  1.00000000e-02  1.53609583e+01
    1.00000000e-02  5.12406626e+00]
  [ 1.00000000e-02  1.00000000e-02  1.57888273e+01  2.48831962e+01
    1.70074766e+01  1.00000000e-02  1.00000000e-02  1.00000000e-02
    1.00000000e-02  1.39877573e+01]
  [ 1.00000000e-02  1.00000000e-02  1.00000000e-02  1.00000000e-02
    1.00000000e-02  1.00000000e-02  1.00000000e-02  1.00000000e-02
    1.00000000e-02  1.00000000e-02]
  [ 1.00000000e-02  2.08929544e+01  2.23280895e+01  1.63855284e+01
    2.43843571e+01  1.00000000e-02  1.00000000e-02  1.00000000e-02
    1.00000000e-02  1.49363624e+01]
  [ 1.00000000e-02  1.00000000e-02  1.00000000e-02  1.00000000e-02
    1.00000000e-02  1.00000000e-02  1.00000000e-02  1.00000000e-02
    1.00000000e-02  1.00000000e-02]]

 [[ 1.00000000e-02  1.00000000e-02  1.00000000e-02  1.00000000e-02
    1.00000000e-02  1.00000000e-02  1.00000000e-02  1.00000000e-02
    1.00000000e-02  1.00000000e-02]
  [ 1.00000000e-02  1.00000000e-02  1.00000000e-02  1.00000000e-02
    1.00000000e-02  1.00000000e-02  1.00000000e-02  1.00000000e-02
    1.00000000e-02  1.00000000e-02]
  [ 1.00000000e-02  1.00000000e-02  1.00000000e-02  1.00000000e-02
    1.00000000e-02  1.00000000e-02  1.00000000e-02  1.00000000e-02
    1.00000000e-02  1.00000000e-02]
  [ 1.00000000e-02  1.00000000e-02  1.00000000e-02  1.00000000e-02
    1.00000000e-02  1.00000000e-02  1.00000000e-02  1.00000000e-02
    1.00000000e-02  1.00000000e-02]
  [ 1.00000000e-02  1.00000000e-02  1.00000000e-02  1.00000000e-02
    1.00000000e-02  1.00000000e-02  1.00000000e-02  1.00000000e-02
    1.00000000e-02  1.00000000e-02]
  [ 1.00000000e-02  1.00000000e-02  1.00000000e-02  1.00000000e-02
    1.00000000e-02  1.00000000e-02  1.00000000e-02  1.00000000e-02
    1.00000000e-02  1.00000000e-02]
  [ 1.00000000e-02  1.00000000e-02  1.00000000e-02  1.00000000e-02
    1.00000000e-02  1.00000000e-02  1.00000000e-02  1.00000000e-02
    1.00000000e-02  1.00000000e-02]
  [ 1.00000000e-02  1.00000000e-02  1.00000000e-02  1.00000000e-02
    1.00000000e-02  1.00000000e-02  1.00000000e-02  1.00000000e-02
    1.00000000e-02  1.00000000e-02]
  [ 1.00000000e-02  1.00000000e-02  1.00000000e-02  1.00000000e-02
    1.00000000e-02  1.00000000e-02  1.00000000e-02  1.00000000e-02
    1.00000000e-02  1.00000000e-02]
  [ 1.00000000e-02  1.00000000e-02  1.00000000e-02  1.00000000e-02
    1.00000000e-02  1.00000000e-02  1.00000000e-02  1.00000000e-02
    1.00000000e-02  1.00000000e-02]]]
