Training sample: #16
[[4 0 0 0 0 0 0 0 0]
 [0 0 2 0 4 0 7 0 6]
 [8 0 3 0 0 5 0 0 0]
 [0 0 5 0 7 1 9 0 0]
 [0 0 0 3 0 0 2 0 0]
 [0 0 1 0 0 0 0 0 0]
 [0 0 0 9 0 6 8 0 0]
 [0 3 6 0 1 0 0 2 0]
 [0 0 0 0 0 4 0 1 3]]
New max total reward: -35 at episode: 0 with epsilon: 0.5997
episode 0, total_reward -35, epsilon 0.5997
New max total reward: -22 at episode: 1 with epsilon: 0.5994
New max total reward: -4 at episode: 2 with epsilon: 0.5991
New max total reward: 23 at episode: 6 with epsilon: 0.5979
New max total reward: 31 at episode: 11 with epsilon: 0.5964
New max total reward: 33 at episode: 18 with epsilon: 0.5943
New max total reward: 79 at episode: 20 with epsilon: 0.5937
New max total reward: 88 at episode: 110 with epsilon: 0.5676
New max total reward: 108 at episode: 389 with epsilon: 0.4937
episode 500, total_reward 14, epsilon 0.4670
episode 1000, total_reward -24, epsilon 0.3637
New max total reward: 117 at episode: 1167 with epsilon: 0.3345
New max total reward: 128 at episode: 1434 with epsilon: 0.2927
episode 1500, total_reward 24, epsilon 0.2832
New max total reward: 156 at episode: 1728 with epsilon: 0.2527
episode 2000, total_reward 51, epsilon 0.2206
episode 2500, total_reward -8, epsilon 0.1718
episode 3000, total_reward 34, epsilon 0.1338
episode 3500, total_reward 70, epsilon 0.1042
episode 4000, total_reward 80, epsilon 0.0811
episode 4500, total_reward 83, epsilon 0.0632
episode 5000, total_reward 70, epsilon 0.0492
episode 5500, total_reward 42, epsilon 0.0383
episode 6000, total_reward 98, epsilon 0.0298
episode 6500, total_reward 108, epsilon 0.0232
episode 7000, total_reward 90, epsilon 0.0181
episode 7500, total_reward 62, epsilon 0.0141
episode 8000, total_reward 99, epsilon 0.0110
episode 8500, total_reward 90, epsilon 0.0100
episode 9000, total_reward 89, epsilon 0.0100
episode 9500, total_reward 90, epsilon 0.0100
[[[ 1.00000000e-02  1.00000000e-02  1.00000000e-02  1.00000000e-02
    1.00000000e-02  1.00000000e-02  1.00000000e-02  1.00000000e-02
    1.00000000e-02  1.00000000e-02]
  [ 1.00000000e-02  1.05331171e+01  1.00000000e-02  1.00000000e-02
    1.00000000e-02 -1.03025609e+00  5.35608281e-01  3.12161220e+00
    1.00000000e-02 -1.28470358e+00]
  [ 1.00000000e-02  1.00000000e-02  1.00000000e-02  1.00000000e-02
    1.00000000e-02  1.00000000e-02  1.00000000e-02  2.36611027e+01
    1.00000000e-02  2.22378580e+01]
  [ 1.00000000e-02 -2.31727395e+00 -9.24890897e-01  1.00000000e-02
    1.00000000e-02  1.00000000e-02  1.77276607e-01 -8.62756864e-01
   -1.31476067e+00  1.00000000e-02]
  [ 1.00000000e-02  1.00000000e-02 -5.98602384e-01  3.17299810e-01
    1.00000000e-02  1.00000000e-02  1.14440486e+01  1.00000000e-02
    1.95101162e+00  5.15643858e+00]
  [ 1.00000000e-02  1.00000000e-02 -1.02415282e+00 -2.49262604e+00
    1.00000000e-02  1.00000000e-02  1.00000000e-02 -1.87612434e+00
   -1.43402532e+00 -2.29349181e+00]
  [ 1.00000000e-02  3.97024294e+00  1.00000000e-02  9.18227779e+00
    1.00000000e-02  2.04853081e+01  1.00000000e-02  1.00000000e-02
    1.00000000e-02  1.00000000e-02]
  [ 1.00000000e-02  1.00000000e-02  1.00000000e-02  1.01454974e+01
    1.00000000e-02  8.01066329e+00  1.00000000e-02  1.00000000e-02
    1.88828407e+01  3.02976255e+00]
  [ 1.00000000e-02  3.07914866e+00  1.96542761e+01  1.00000000e-02
    1.00000000e-02  3.33150011e+00  1.00000000e-02  1.00000000e-02
    4.62115398e+00  6.24575703e+00]
  [ 1.00000000e-02  1.00000000e-02  1.00000000e-02  1.00000000e-02
    1.00000000e-02  1.00000000e-02  1.00000000e-02  1.00000000e-02
    1.00000000e-02  1.00000000e-02]]

 [[ 1.00000000e-02  6.44807458e+00  1.00000000e-02  1.00000000e-02
    1.00000000e-02  3.65515488e+00  1.00000000e-02  1.00000000e-02
    1.00000000e-02  1.03410216e+01]
  [ 1.00000000e-02 -7.45011131e-01  1.00000000e-02  1.00000000e-02
    1.00000000e-02  1.07266343e+01  1.00000000e-02  1.00000000e-02
    1.00000000e-02 -4.82064619e-01]
  [ 1.00000000e-02  1.00000000e-02  1.00000000e-02  1.00000000e-02
    1.00000000e-02  1.00000000e-02  1.00000000e-02  1.00000000e-02
    1.00000000e-02  1.00000000e-02]
  [ 1.00000000e-02 -2.22404176e+00  1.00000000e-02  1.00000000e-02
    1.00000000e-02  1.00000000e-02  1.00000000e-02  1.00000000e-02
   -2.63411729e+00  1.00000000e-02]
  [ 1.00000000e-02  1.00000000e-02  1.00000000e-02  1.00000000e-02
    1.00000000e-02  1.00000000e-02  1.00000000e-02  1.00000000e-02
    1.00000000e-02  1.00000000e-02]
  [ 1.00000000e-02  1.00000000e-02  1.00000000e-02 -9.52314719e-01
    1.00000000e-02  1.00000000e-02  1.00000000e-02  1.00000000e-02
   -2.17248004e+00 -3.25320457e+00]
  [ 1.00000000e-02  1.00000000e-02  1.00000000e-02  1.00000000e-02
    1.00000000e-02  1.00000000e-02  1.00000000e-02  1.00000000e-02
    1.00000000e-02  1.00000000e-02]
  [ 1.00000000e-02  1.00000000e-02  1.00000000e-02  2.00293251e+01
    1.00000000e-02  7.89004686e+00  1.00000000e-02  1.00000000e-02
    1.01022868e+01  5.43983473e+00]
  [ 1.00000000e-02  1.00000000e-02  1.00000000e-02  1.00000000e-02
    1.00000000e-02  1.00000000e-02  1.00000000e-02  1.00000000e-02
    1.00000000e-02  1.00000000e-02]
  [ 1.00000000e-02  1.00000000e-02  1.00000000e-02  1.00000000e-02
    1.00000000e-02  1.00000000e-02  1.00000000e-02  1.00000000e-02
    1.00000000e-02  1.00000000e-02]]

 [[ 1.00000000e-02  1.00000000e-02  1.00000000e-02  1.00000000e-02
    1.00000000e-02  1.00000000e-02  1.00000000e-02  1.00000000e-02
    1.00000000e-02  1.00000000e-02]
  [ 1.00000000e-02  6.67937400e+00  1.00000000e-02  1.00000000e-02
    1.00000000e-02  1.00000000e-02  1.01204319e+01  2.05980578e+00
    1.00000000e-02  1.68601021e+00]
  [ 1.00000000e-02  1.00000000e-02  1.00000000e-02  1.00000000e-02
    1.00000000e-02  1.00000000e-02  1.00000000e-02  1.00000000e-02
    1.00000000e-02  1.00000000e-02]
  [ 1.00000000e-02  1.80874600e+00 -1.19871231e+00  1.00000000e-02
    1.00000000e-02  1.00000000e-02  1.22400420e-01  6.29284898e+00
    1.00000000e-02  1.00000000e-02]
  [ 1.00000000e-02  1.00000000e-02  1.17116784e+01  1.00000000e-02
    1.00000000e-02  1.00000000e-02 -8.07674009e-01  1.00000000e-02
    1.00000000e-02 -2.50980574e-01]
  [ 1.00000000e-02  1.00000000e-02  1.00000000e-02  1.00000000e-02
    1.00000000e-02  1.00000000e-02  1.00000000e-02  1.00000000e-02
    1.00000000e-02  1.00000000e-02]
  [ 1.00000000e-02  2.01844251e+01  1.00000000e-02  1.00000000e-02
    6.90362968e+00  1.00000000e-02  1.00000000e-02  1.00000000e-02
    1.00000000e-02  1.00000000e-02]
  [ 1.00000000e-02  1.00000000e-02  1.00000000e-02  1.00000000e-02
    7.66761846e+00  1.00000000e-02  1.00000000e-02  1.00000000e-02
    1.00000000e-02  1.98007149e+01]
  [ 1.00000000e-02  2.25176619e+00  1.49218555e+01  1.00000000e-02
    1.91822560e+01  1.00000000e-02  1.00000000e-02  1.00000000e-02
    1.00000000e-02  4.79375347e+00]
  [ 1.00000000e-02  1.00000000e-02  1.00000000e-02  1.00000000e-02
    1.00000000e-02  1.00000000e-02  1.00000000e-02  1.00000000e-02
    1.00000000e-02  1.00000000e-02]]

 [[ 1.00000000e-02  1.00000000e-02 -2.33012304e+00 -2.15270039e+00
    1.00000000e-02  1.00000000e-02  8.16747145e+00  1.00000000e-02
    1.00000000e-02  1.00000000e-02]
  [ 1.00000000e-02  1.00000000e-02  6.80038340e+00  1.00000000e-02
    4.80554806e+00  1.00000000e-02  9.06466883e-01  1.00000000e-02
    9.54682853e-01  1.00000000e-02]
  [ 1.00000000e-02  1.00000000e-02  1.00000000e-02  1.00000000e-02
    1.00000000e-02  1.00000000e-02  1.00000000e-02  1.00000000e-02
    1.00000000e-02  1.00000000e-02]
  [ 1.00000000e-02  1.00000000e-02  4.89140769e-01  1.00000000e-02
   -2.83883645e+00  1.00000000e-02  1.63925766e+00  1.00000000e-02
    1.46285634e+00  1.00000000e-02]
  [ 1.00000000e-02  1.00000000e-02  1.00000000e-02  1.00000000e-02
    1.00000000e-02  1.00000000e-02  1.00000000e-02  1.00000000e-02
    1.00000000e-02  1.00000000e-02]
  [ 1.00000000e-02  1.00000000e-02  1.00000000e-02  1.00000000e-02
    1.00000000e-02  1.00000000e-02  1.00000000e-02  1.00000000e-02
    1.00000000e-02  1.00000000e-02]
  [ 1.00000000e-02  1.00000000e-02  1.00000000e-02  1.00000000e-02
    1.00000000e-02  1.00000000e-02  1.00000000e-02  1.00000000e-02
    1.00000000e-02  1.00000000e-02]
  [ 1.00000000e-02  1.00000000e-02  1.00000000e-02  3.39228312e+00
    4.48273864e+00  1.00000000e-02  1.98220351e+01  1.00000000e-02
    4.71084516e+00  1.00000000e-02]
  [ 1.00000000e-02  1.00000000e-02  1.00000000e-02  1.00000000e-02
    1.13644914e+01  1.00000000e-02  1.00000000e-02  1.00000000e-02
    1.91310658e+01  1.00000000e-02]
  [ 1.00000000e-02  1.00000000e-02  1.00000000e-02  1.00000000e-02
    1.00000000e-02  1.00000000e-02  1.00000000e-02  1.00000000e-02
    1.00000000e-02  1.00000000e-02]]

 [[ 1.00000000e-02  1.00000000e-02  1.00000000e-02  1.00000000e-02
    1.00000000e-02  1.00000000e-02 -2.17413801e+00 -3.19231880e+00
    1.00000000e-02  4.78157813e-01]
  [ 1.00000000e-02  1.00000000e-02  1.00000000e-02  1.00000000e-02
   -2.42222147e+00  1.00000000e-02 -1.71679470e+00  4.98329974e+00
   -3.07179586e+00 -3.04321429e+00]
  [ 1.00000000e-02  1.00000000e-02  1.00000000e-02  1.00000000e-02
    2.02441824e+01  1.00000000e-02  1.00000000e-02  2.15971292e+01
    2.30442806e+01  1.63268790e+01]
  [ 1.00000000e-02  1.00000000e-02  1.00000000e-02  1.00000000e-02
    1.00000000e-02  1.00000000e-02  1.00000000e-02  1.00000000e-02
    1.00000000e-02  1.00000000e-02]
  [ 1.00000000e-02  1.00000000e-02  1.00000000e-02  1.00000000e-02
    1.00000000e-02 -3.24250510e+00  3.76258807e+00  1.00000000e-02
   -1.58779508e+00  1.19646238e+01]
  [ 1.00000000e-02  1.00000000e-02  1.00000000e-02  1.00000000e-02
    1.00000000e-02  1.00000000e-02  1.00000000e-02  1.00000000e-02
   -9.69716451e-01  4.23763280e-01]
  [ 1.00000000e-02  1.00000000e-02  1.00000000e-02  1.00000000e-02
    1.00000000e-02  1.00000000e-02  1.00000000e-02  1.00000000e-02
    1.00000000e-02  1.00000000e-02]
  [ 1.00000000e-02  1.00000000e-02  1.00000000e-02  1.00000000e-02
    1.95200654e+01  8.95493967e+00  4.78260659e+00  1.09246507e+01
    3.56785179e+00  1.00000000e-02]
  [ 1.00000000e-02  1.93054439e+01  1.00000000e-02  1.00000000e-02
    3.51567906e+00  3.55369075e+00  1.00000000e-02  3.56188816e+00
    3.06378488e+00  1.00000000e-02]
  [ 1.00000000e-02  1.00000000e-02  1.00000000e-02  1.00000000e-02
    1.00000000e-02  1.00000000e-02  1.00000000e-02  1.00000000e-02
    1.00000000e-02  1.00000000e-02]]

 [[ 1.00000000e-02  1.00000000e-02 -2.51912953e+00 -1.42389298e-01
    1.00000000e-02  1.00000000e-02  7.91501653e+00 -1.60554035e+00
    1.00000000e-02 -3.06657113e-01]
  [ 1.00000000e-02  1.00000000e-02  1.57918760e+00  1.00000000e-02
   -1.98180105e+00  1.00000000e-02 -5.73781303e-01 -9.78810742e-01
   -1.87598440e+00  7.74311385e+00]
  [ 1.00000000e-02  1.00000000e-02  1.00000000e-02  1.00000000e-02
    1.00000000e-02  1.00000000e-02  1.00000000e-02  1.00000000e-02
    1.00000000e-02  1.00000000e-02]
  [ 1.00000000e-02  1.00000000e-02  4.53661825e+00  1.00000000e-02
    7.54466561e+00  3.86786388e+00 -1.87560841e+00  1.00000000e-02
   -8.06538284e-01  1.00000000e-02]
  [ 1.00000000e-02  1.00000000e-02 -1.04366536e+00  1.00000000e-02
    1.00000000e-02 -1.50987815e+00  5.84326308e-01  1.00000000e-02
    1.21865123e+01 -1.79848669e+00]
  [ 1.00000000e-02  1.00000000e-02  7.30782524e+00  1.00000000e-02
    1.00000000e-02  1.00000000e-02  1.00000000e-02  1.00000000e-02
    1.07311996e-01 -1.15071630e+00]
  [ 1.00000000e-02  1.00000000e-02  1.00000000e-02  2.08515239e+01
    1.71441367e+01  7.84759975e+00  1.84565029e+01  1.00000000e-02
    1.00000000e-02  1.00000000e-02]
  [ 1.00000000e-02  1.00000000e-02  1.00000000e-02  3.59093958e+00
    1.06856619e+01  7.14991445e+00  4.79746819e+00  1.91864253e+01
    1.71196993e+00  1.00000000e-02]
  [ 1.00000000e-02  1.00000000e-02  1.00000000e-02  1.00000000e-02
    5.29426099e+00  1.99126810e+01  1.00000000e-02  9.53498766e+00
    1.87211793e+00  1.00000000e-02]
  [ 1.00000000e-02  1.00000000e-02  1.00000000e-02  1.00000000e-02
    1.00000000e-02  1.00000000e-02  1.00000000e-02  1.00000000e-02
    1.00000000e-02  1.00000000e-02]]

 [[ 1.00000000e-02  2.35219863e+01  2.09181252e+01  1.00000000e-02
    1.00000000e-02  1.41274216e+01  1.00000000e-02  7.95602210e+00
    1.00000000e-02  1.00000000e-02]
  [ 1.00000000e-02  2.26074294e+01  2.46903840e+01  1.00000000e-02
    5.13686242e+00  1.27351801e+01  1.00000000e-02  2.23463380e-01
    1.00000000e-02  1.00000000e-02]
  [ 1.00000000e-02  1.00000000e-02  1.00000000e-02  1.00000000e-02
    2.48809193e+01  1.00000000e-02  1.00000000e-02  2.03962287e+01
    1.00000000e-02  1.00000000e-02]
  [ 1.00000000e-02  1.00000000e-02  1.00000000e-02  1.00000000e-02
    1.00000000e-02  1.00000000e-02  1.00000000e-02  1.00000000e-02
    1.00000000e-02  1.00000000e-02]
  [ 1.00000000e-02  1.00000000e-02  1.71581885e+01  2.33787714e+01
    1.00000000e-02  1.88265557e+01  1.00000000e-02  1.00000000e-02
    1.00000000e-02  1.00000000e-02]
  [ 1.00000000e-02  1.00000000e-02  1.00000000e-02  1.00000000e-02
    1.00000000e-02  1.00000000e-02  1.00000000e-02  1.00000000e-02
    1.00000000e-02  1.00000000e-02]
  [ 1.00000000e-02  1.00000000e-02  1.00000000e-02  1.00000000e-02
    1.00000000e-02  1.00000000e-02  1.00000000e-02  1.00000000e-02
    1.00000000e-02  1.00000000e-02]
  [ 1.00000000e-02  1.00000000e-02  1.00000000e-02  1.00000000e-02
    1.94686315e+01  2.45958737e+01  1.00000000e-02  2.10108454e+01
    1.00000000e-02  1.00000000e-02]
  [ 1.00000000e-02  1.00000000e-02  1.00000000e-02  1.00000000e-02
    1.51510439e+01  2.11734688e+01  1.00000000e-02  2.32474268e+01
    1.00000000e-02  1.00000000e-02]
  [ 1.00000000e-02  1.00000000e-02  1.00000000e-02  1.00000000e-02
    1.00000000e-02  1.00000000e-02  1.00000000e-02  1.00000000e-02
    1.00000000e-02  1.00000000e-02]]

 [[ 1.00000000e-02  1.00000000e-02  1.00000000e-02  1.00000000e-02
    1.00000000e-02  2.31011258e+01  1.00000000e-02  1.65173999e+01
    1.00000000e-02  1.73300986e+01]
  [ 1.00000000e-02  1.00000000e-02  1.00000000e-02  1.00000000e-02
    1.00000000e-02  1.00000000e-02  1.00000000e-02  1.00000000e-02
    1.00000000e-02  1.00000000e-02]
  [ 1.00000000e-02  1.00000000e-02  1.00000000e-02  1.00000000e-02
    1.00000000e-02  1.00000000e-02  1.00000000e-02  1.00000000e-02
    1.00000000e-02  1.00000000e-02]
  [ 1.00000000e-02  1.00000000e-02  1.00000000e-02  1.00000000e-02
    1.00000000e-02  1.87330078e+01  1.00000000e-02  2.34273767e+01
    2.31034882e+01  1.00000000e-02]
  [ 1.00000000e-02  1.00000000e-02  1.00000000e-02  1.00000000e-02
    1.00000000e-02  1.00000000e-02  1.00000000e-02  1.00000000e-02
    1.00000000e-02  1.00000000e-02]
  [ 1.00000000e-02  1.00000000e-02  1.00000000e-02  1.00000000e-02
    1.00000000e-02  1.00000000e-02  1.00000000e-02  2.31631205e+01
    2.49632424e+01  1.00000000e-02]
  [ 1.00000000e-02  1.00000000e-02  1.00000000e-02  1.00000000e-02
    2.41797746e+01  2.12363341e+01  1.00000000e-02  1.00000000e-02
    1.00000000e-02  1.00000000e-02]
  [ 1.00000000e-02  1.00000000e-02  1.00000000e-02  1.00000000e-02
    1.00000000e-02  1.00000000e-02  1.00000000e-02  1.00000000e-02
    1.00000000e-02  1.00000000e-02]
  [ 1.00000000e-02  1.00000000e-02  1.00000000e-02  1.00000000e-02
    1.75969482e+01  1.82112788e+01  1.00000000e-02  1.87374763e+01
    1.00000000e-02  2.42123836e+01]
  [ 1.00000000e-02  1.00000000e-02  1.00000000e-02  1.00000000e-02
    1.00000000e-02  1.00000000e-02  1.00000000e-02  1.00000000e-02
    1.00000000e-02  1.00000000e-02]]

 [[ 1.00000000e-02  1.00000000e-02  1.11958145e+01  1.00000000e-02
    1.00000000e-02  1.05441282e+01  1.00000000e-02  2.29019914e+01
    1.00000000e-02  2.30756838e+01]
  [ 1.00000000e-02  1.00000000e-02  1.05762550e+00  1.00000000e-02
    1.00000000e-02  1.34047026e+01  1.00000000e-02  2.25480370e+01
    2.34634654e+01  2.36611903e+01]
  [ 1.00000000e-02  1.00000000e-02  1.00000000e-02  1.00000000e-02
    1.00000000e-02  1.00000000e-02  1.00000000e-02  2.27207942e+01
    2.27950546e+01  2.58666839e+01]
  [ 1.00000000e-02  1.00000000e-02  2.44602430e+01  1.00000000e-02
    1.00000000e-02  2.22484650e+01  1.00000000e-02  1.33417870e+01
    1.25578149e+01  1.00000000e-02]
  [ 1.00000000e-02  1.00000000e-02  2.23068087e+01  1.00000000e-02
    1.00000000e-02  2.45519981e+01  1.00000000e-02  1.00000000e-02
    1.87810618e+01  1.00000000e-02]
  [ 1.00000000e-02  1.00000000e-02  1.00000000e-02  1.00000000e-02
    1.00000000e-02  1.00000000e-02  1.00000000e-02  1.00000000e-02
    1.00000000e-02  1.00000000e-02]
  [ 1.00000000e-02  1.00000000e-02  1.00000000e-02  1.00000000e-02
    1.00000000e-02  2.06394931e+01  2.40424826e+01  1.00000000e-02
    1.00000000e-02  1.00000000e-02]
  [ 1.00000000e-02  1.00000000e-02  1.00000000e-02  1.00000000e-02
    1.00000000e-02  1.00000000e-02  1.00000000e-02  1.00000000e-02
    1.00000000e-02  1.00000000e-02]
  [ 1.00000000e-02  1.00000000e-02  1.00000000e-02  1.00000000e-02
    1.00000000e-02  1.00000000e-02  1.00000000e-02  1.00000000e-02
    1.00000000e-02  1.00000000e-02]
  [ 1.00000000e-02  1.00000000e-02  1.00000000e-02  1.00000000e-02
    1.00000000e-02  1.00000000e-02  1.00000000e-02  1.00000000e-02
    1.00000000e-02  1.00000000e-02]]

 [[ 1.00000000e-02  1.00000000e-02  1.00000000e-02  1.00000000e-02
    1.00000000e-02  1.00000000e-02  1.00000000e-02  1.00000000e-02
    1.00000000e-02  1.00000000e-02]
  [ 1.00000000e-02  1.00000000e-02  1.00000000e-02  1.00000000e-02
    1.00000000e-02  1.00000000e-02  1.00000000e-02  1.00000000e-02
    1.00000000e-02  1.00000000e-02]
  [ 1.00000000e-02  1.00000000e-02  1.00000000e-02  1.00000000e-02
    1.00000000e-02  1.00000000e-02  1.00000000e-02  1.00000000e-02
    1.00000000e-02  1.00000000e-02]
  [ 1.00000000e-02  1.00000000e-02  1.00000000e-02  1.00000000e-02
    1.00000000e-02  1.00000000e-02  1.00000000e-02  1.00000000e-02
    1.00000000e-02  1.00000000e-02]
  [ 1.00000000e-02  1.00000000e-02  1.00000000e-02  1.00000000e-02
    1.00000000e-02  1.00000000e-02  1.00000000e-02  1.00000000e-02
    1.00000000e-02  1.00000000e-02]
  [ 1.00000000e-02  1.00000000e-02  1.00000000e-02  1.00000000e-02
    1.00000000e-02  1.00000000e-02  1.00000000e-02  1.00000000e-02
    1.00000000e-02  1.00000000e-02]
  [ 1.00000000e-02  1.00000000e-02  1.00000000e-02  1.00000000e-02
    1.00000000e-02  1.00000000e-02  1.00000000e-02  1.00000000e-02
    1.00000000e-02  1.00000000e-02]
  [ 1.00000000e-02  1.00000000e-02  1.00000000e-02  1.00000000e-02
    1.00000000e-02  1.00000000e-02  1.00000000e-02  1.00000000e-02
    1.00000000e-02  1.00000000e-02]
  [ 1.00000000e-02  1.00000000e-02  1.00000000e-02  1.00000000e-02
    1.00000000e-02  1.00000000e-02  1.00000000e-02  1.00000000e-02
    1.00000000e-02  1.00000000e-02]
  [ 1.00000000e-02  1.00000000e-02  1.00000000e-02  1.00000000e-02
    1.00000000e-02  1.00000000e-02  1.00000000e-02  1.00000000e-02
    1.00000000e-02  1.00000000e-02]]]
