Training sample: #30
[[0 5 0 0 8 0 0 0 0]
 [0 0 4 1 0 0 9 0 0]
 [1 0 0 0 0 9 0 2 0]
 [0 0 8 3 0 0 7 0 0]
 [0 7 0 0 0 4 0 0 9]
 [0 0 0 0 0 2 0 1 0]
 [0 9 0 6 0 0 0 5 0]
 [0 0 3 0 4 0 0 0 6]
 [6 0 0 0 0 8 3 0 0]]
New max total reward: -32 at episode: 0 with epsilon: 0.5997
episode 0, total_reward -32, epsilon 0.5997
New max total reward: -16 at episode: 3 with epsilon: 0.5988
New max total reward: 3 at episode: 6 with epsilon: 0.5979
New max total reward: 60 at episode: 7 with epsilon: 0.5976
New max total reward: 70 at episode: 60 with epsilon: 0.5820
New max total reward: 81 at episode: 109 with epsilon: 0.5679
New max total reward: 118 at episode: 273 with epsilon: 0.5232
episode 500, total_reward -44, epsilon 0.4670
New max total reward: 146 at episode: 542 with epsilon: 0.4573
episode 1000, total_reward -14, epsilon 0.3637
episode 1500, total_reward 4, epsilon 0.2832
episode 2000, total_reward 50, epsilon 0.2206
episode 2500, total_reward 42, epsilon 0.1718
episode 3000, total_reward 128, epsilon 0.1338
episode 3500, total_reward 88, epsilon 0.1042
episode 4000, total_reward 70, epsilon 0.0811
episode 4500, total_reward 146, epsilon 0.0632
episode 5000, total_reward 128, epsilon 0.0492
episode 5500, total_reward 146, epsilon 0.0383
episode 6000, total_reward 146, epsilon 0.0298
episode 6500, total_reward 146, epsilon 0.0232
episode 7000, total_reward 146, epsilon 0.0181
episode 7500, total_reward 128, epsilon 0.0141
episode 8000, total_reward 146, epsilon 0.0110
episode 8500, total_reward 146, epsilon 0.0100
episode 9000, total_reward 128, epsilon 0.0100
episode 9500, total_reward 146, epsilon 0.0100
[[[ 1.00000000e-02  1.00000000e-02  2.48973916e+01 -3.14957538e-01
    1.00000000e-02  1.00000000e-02  1.00000000e-02  3.47220991e+00
    1.00000000e-02  7.96772357e-01]
  [ 1.00000000e-02  1.00000000e-02  1.00000000e-02  1.00000000e-02
    1.00000000e-02  1.00000000e-02  1.00000000e-02  1.00000000e-02
    1.00000000e-02  1.00000000e-02]
  [ 1.00000000e-02  1.00000000e-02  2.90050503e+00  1.00000000e-02
    1.00000000e-02  1.00000000e-02  4.10194512e+00  1.11197911e+01
    1.00000000e-02  2.56015674e+01]
  [ 1.00000000e-02  1.00000000e-02  1.77352670e+01  1.00000000e-02
    2.52328563e+01  1.00000000e-02  1.00000000e-02  2.15018159e+01
    1.00000000e-02  1.00000000e-02]
  [ 1.00000000e-02  1.00000000e-02  1.00000000e-02  1.00000000e-02
    1.00000000e-02  1.00000000e-02  1.00000000e-02  1.00000000e-02
    1.00000000e-02  1.00000000e-02]
  [ 1.00000000e-02  1.00000000e-02  1.00000000e-02  2.55790196e+01
    1.00000000e-02  1.00000000e-02  2.37412499e+01  2.17591941e+01
    1.00000000e-02  1.00000000e-02]
  [ 1.00000000e-02  1.87286073e+00  1.00000000e-02  1.00000000e-02
    6.31102346e+00  1.00000000e-02  2.52213195e+01  1.00000000e-02
    1.00000000e-02  1.00000000e-02]
  [ 1.00000000e-02  1.00000000e-02  1.00000000e-02  1.64479082e+01
    1.30765212e+00  1.00000000e-02  8.03782888e-01  2.48560504e+01
    1.00000000e-02  1.00000000e-02]
  [ 1.00000000e-02  2.49166137e+01  1.00000000e-02 -4.28873774e-01
   -1.98732409e+00  1.00000000e-02  1.00000000e-02  6.09245663e+00
    1.00000000e-02  1.00000000e-02]
  [ 1.00000000e-02  1.00000000e-02  1.00000000e-02  1.00000000e-02
    1.00000000e-02  1.00000000e-02  1.00000000e-02  1.00000000e-02
    1.00000000e-02  1.00000000e-02]]

 [[ 1.00000000e-02  1.00000000e-02  3.60338714e+00  2.55572806e+00
    1.00000000e-02  1.00000000e-02  1.00000000e-02  2.46122084e+01
    1.14605912e+01  1.00000000e-02]
  [ 1.00000000e-02  1.00000000e-02  1.50803720e+01  1.39129624e+01
    1.00000000e-02  1.00000000e-02  7.83865524e+00  1.00000000e-02
    2.48818523e+01  1.00000000e-02]
  [ 1.00000000e-02  1.00000000e-02  1.00000000e-02  1.00000000e-02
    1.00000000e-02  1.00000000e-02  1.00000000e-02  1.00000000e-02
    1.00000000e-02  1.00000000e-02]
  [ 1.00000000e-02  1.00000000e-02  1.00000000e-02  1.00000000e-02
    1.00000000e-02  1.00000000e-02  1.00000000e-02  1.00000000e-02
    1.00000000e-02  1.00000000e-02]
  [ 1.00000000e-02  1.00000000e-02  2.69832426e+01  1.78568239e+01
    1.00000000e-02  1.71685316e+01  1.50704052e+01  1.52771095e+01
    1.00000000e-02  1.00000000e-02]
  [ 1.00000000e-02  1.00000000e-02  1.00000000e-02  2.23265652e+01
    1.00000000e-02  2.25473887e+01  2.48994970e+01  2.21724114e+01
    1.00000000e-02  1.00000000e-02]
  [ 1.00000000e-02  1.00000000e-02  1.00000000e-02  1.00000000e-02
    1.00000000e-02  1.00000000e-02  1.00000000e-02  1.00000000e-02
    1.00000000e-02  1.00000000e-02]
  [ 1.00000000e-02  1.00000000e-02  1.00000000e-02  2.40782282e+01
    1.00000000e-02  1.00000000e-02  3.48075172e+00  4.15987340e+00
    1.53636092e+01  1.00000000e-02]
  [ 1.00000000e-02  1.00000000e-02  1.00000000e-02  2.75629359e+00
    1.00000000e-02  2.44510812e+01  1.00000000e-02  3.51459635e+00
    1.07249695e+00  1.00000000e-02]
  [ 1.00000000e-02  1.00000000e-02  1.00000000e-02  1.00000000e-02
    1.00000000e-02  1.00000000e-02  1.00000000e-02  1.00000000e-02
    1.00000000e-02  1.00000000e-02]]

 [[ 1.00000000e-02  1.00000000e-02  1.00000000e-02  1.00000000e-02
    1.00000000e-02  1.00000000e-02  1.00000000e-02  1.00000000e-02
    1.00000000e-02  1.00000000e-02]
  [ 1.00000000e-02  1.00000000e-02  1.00000000e-02  2.57040685e+01
    1.00000000e-02  1.00000000e-02  1.05175776e+01  1.00000000e-02
    1.40624118e+01  1.00000000e-02]
  [ 1.00000000e-02  1.00000000e-02  1.00000000e-02  1.00000000e-02
    1.00000000e-02  1.00000000e-02  2.52253578e+01  1.25908110e+01
    1.00000000e-02  1.00000000e-02]
  [ 1.00000000e-02  1.00000000e-02  1.00000000e-02  1.00000000e-02
    2.20600075e+01  2.04646204e+01  1.00000000e-02  2.59196917e+01
    1.00000000e-02  1.00000000e-02]
  [ 1.00000000e-02  1.00000000e-02  1.00000000e-02  1.90307570e+01
    1.00000000e-02  2.52037642e+01  2.19361320e+01  2.10531471e+01
    1.00000000e-02  1.00000000e-02]
  [ 1.00000000e-02  1.00000000e-02  1.00000000e-02  1.00000000e-02
    1.00000000e-02  1.00000000e-02  1.00000000e-02  1.00000000e-02
    1.00000000e-02  1.00000000e-02]
  [ 1.00000000e-02  1.00000000e-02  1.00000000e-02  1.00000000e-02
    2.48482698e+01  3.86939773e-01  3.39729959e+00  1.00000000e-02
    1.87334407e+00  1.00000000e-02]
  [ 1.00000000e-02  1.00000000e-02  1.00000000e-02  1.00000000e-02
    1.00000000e-02  1.00000000e-02  1.00000000e-02  1.00000000e-02
    1.00000000e-02  1.00000000e-02]
  [ 1.00000000e-02  1.00000000e-02  1.00000000e-02  1.35046618e+00
    4.24994765e+00  3.89205916e+00  1.00000000e-02  3.31549273e+00
    2.47439032e+01  1.00000000e-02]
  [ 1.00000000e-02  1.00000000e-02  1.00000000e-02  1.00000000e-02
    1.00000000e-02  1.00000000e-02  1.00000000e-02  1.00000000e-02
    1.00000000e-02  1.00000000e-02]]

 [[ 1.00000000e-02  1.00000000e-02  9.23005941e+00  1.00000000e-02
    4.39748305e+00  1.33840533e+01  1.00000000e-02  1.00000000e-02
    1.00000000e-02  2.52828946e+01]
  [ 1.00000000e-02  2.54765833e+01  1.75889786e+01  1.00000000e-02
    1.39176316e+01  1.00000000e-02  9.09393615e+00  1.00000000e-02
    1.00000000e-02  1.00000000e-02]
  [ 1.00000000e-02  1.00000000e-02  1.00000000e-02  1.00000000e-02
    1.00000000e-02  1.00000000e-02  1.00000000e-02  1.00000000e-02
    1.00000000e-02  1.00000000e-02]
  [ 1.00000000e-02  1.00000000e-02  1.00000000e-02  1.00000000e-02
    1.00000000e-02  1.00000000e-02  1.00000000e-02  1.00000000e-02
    1.00000000e-02  1.00000000e-02]
  [ 1.00000000e-02  1.90930729e+01  1.00000000e-02  1.00000000e-02
    1.00000000e-02  2.32253566e+01  2.46508598e+01  1.00000000e-02
    1.00000000e-02  1.95970072e+01]
  [ 1.00000000e-02  2.24847385e+01  1.00000000e-02  1.00000000e-02
    1.00000000e-02  2.49384884e+01  2.20152891e+01  1.00000000e-02
    1.00000000e-02  1.00000000e-02]
  [ 1.00000000e-02  1.00000000e-02  1.00000000e-02  1.00000000e-02
    1.00000000e-02  1.00000000e-02  1.00000000e-02  1.00000000e-02
    1.00000000e-02  1.00000000e-02]
  [ 1.00000000e-02  1.00000000e-02  1.00000000e-02  1.00000000e-02
    2.50559228e+01  1.00000000e-02  1.77920331e+01  1.00000000e-02
    1.00000000e-02  1.00000000e-02]
  [ 1.00000000e-02  1.00000000e-02  2.61309293e+01  1.00000000e-02
    1.01947610e+01  1.47711191e+01  1.00000000e-02  1.00000000e-02
    1.00000000e-02  1.00000000e-02]
  [ 1.00000000e-02  1.00000000e-02  1.00000000e-02  1.00000000e-02
    1.00000000e-02  1.00000000e-02  1.00000000e-02  1.00000000e-02
    1.00000000e-02  1.00000000e-02]]

 [[ 1.00000000e-02  1.00000000e-02  9.66047408e+00  2.50271491e+01
    1.00000000e-02  1.00703250e+01  1.00000000e-02  1.00000000e-02
    1.00000000e-02  1.00000000e-02]
  [ 1.00000000e-02  1.00000000e-02  1.00000000e-02  1.00000000e-02
    1.00000000e-02  1.00000000e-02  1.00000000e-02  1.00000000e-02
    1.00000000e-02  1.00000000e-02]
  [ 1.00000000e-02  1.55314969e+01  2.58017933e+01  1.00000000e-02
    1.00000000e-02  1.05018691e+01  1.03346033e+01  1.00000000e-02
    1.00000000e-02  1.00000000e-02]
  [ 1.00000000e-02  1.00000000e-02  1.00000000e-02  1.00000000e-02
    1.00000000e-02  2.17319230e+01  1.00000000e-02  1.00000000e-02
    2.64385213e+01  1.00000000e-02]
  [ 1.00000000e-02  2.65246270e+01  1.00000000e-02  1.00000000e-02
    1.00000000e-02  2.00645696e+01  2.09359682e+01  1.00000000e-02
    1.00000000e-02  1.00000000e-02]
  [ 1.00000000e-02  1.00000000e-02  1.00000000e-02  1.00000000e-02
    1.00000000e-02  1.00000000e-02  1.00000000e-02  1.00000000e-02
    1.00000000e-02  1.00000000e-02]
  [ 1.00000000e-02  1.00000000e-02  1.94022584e+01  1.00000000e-02
    1.00000000e-02  2.53507484e+01  1.77951387e+01  1.00000000e-02
    1.84700839e+01  1.00000000e-02]
  [ 1.00000000e-02  1.00000000e-02  1.00000000e-02  1.78666469e+01
    1.00000000e-02  1.00000000e-02  2.47951852e+01  1.00000000e-02
    1.84255919e+01  1.00000000e-02]
  [ 1.00000000e-02  1.00000000e-02  1.00000000e-02  1.00000000e-02
    1.00000000e-02  1.00000000e-02  1.00000000e-02  1.00000000e-02
    1.00000000e-02  1.00000000e-02]
  [ 1.00000000e-02  1.00000000e-02  1.00000000e-02  1.00000000e-02
    1.00000000e-02  1.00000000e-02  1.00000000e-02  1.00000000e-02
    1.00000000e-02  1.00000000e-02]]

 [[ 1.00000000e-02  1.00000000e-02  1.00000000e-02  1.75531748e+00
    2.49102158e+01  5.40009162e+00  1.00000000e-02  1.00000000e-02
    1.00000000e-02  1.66034659e+00]
  [ 1.00000000e-02  1.00000000e-02  1.00000000e-02  4.27264553e+00
    5.39813863e+00  1.00000000e-02  2.53953214e+01  1.00000000e-02
    1.00000000e-02  1.00000000e-02]
  [ 1.00000000e-02  1.00000000e-02  1.00000000e-02  1.00000000e-02
    1.00000000e-02  2.51931300e+01  8.09409560e+00  1.00000000e-02
    1.00000000e-02  1.47666891e+01]
  [ 1.00000000e-02  1.00000000e-02  1.00000000e-02  1.00000000e-02
    1.00000000e-02  1.90259636e+01  1.00000000e-02  2.15218681e+01
    1.84113270e+01  2.53542183e+01]
  [ 1.00000000e-02  1.00000000e-02  1.00000000e-02  1.00000000e-02
    1.00000000e-02  1.33855043e+01  1.53523671e+01  2.45582671e+01
    1.00000000e-02  1.91239753e+01]
  [ 1.00000000e-02  1.00000000e-02  1.00000000e-02  1.00000000e-02
    1.00000000e-02  1.00000000e-02  1.00000000e-02  1.00000000e-02
    1.00000000e-02  1.00000000e-02]
  [ 1.00000000e-02  1.00000000e-02  1.00000000e-02  1.00000000e-02
    1.07563566e+01  1.27384945e+01  1.53080329e+01  1.00000000e-02
    2.58642800e+01  1.00000000e-02]
  [ 1.00000000e-02  1.00000000e-02  1.00000000e-02  1.00000000e-02
    1.00000000e-02  1.00000000e-02  1.00000000e-02  1.00000000e-02
    1.00000000e-02  1.00000000e-02]
  [ 1.00000000e-02  1.00000000e-02  1.00000000e-02  2.52603180e+01
    4.67447134e+00  3.94891378e+00  1.00000000e-02  1.00000000e-02
    4.28333615e+00  1.00000000e-02]
  [ 1.00000000e-02  1.00000000e-02  1.00000000e-02  1.00000000e-02
    1.00000000e-02  1.00000000e-02  1.00000000e-02  1.00000000e-02
    1.00000000e-02  1.00000000e-02]]

 [[ 1.00000000e-02  1.00000000e-02  6.61072377e+00  1.00000000e-02
    4.31789008e+00  1.00000000e-02  1.00000000e-02  6.71729001e+00
    2.52460514e+01  1.00000000e-02]
  [ 1.00000000e-02  1.00000000e-02  1.00000000e-02  1.00000000e-02
    1.00000000e-02  1.00000000e-02  1.00000000e-02  1.00000000e-02
    1.00000000e-02  1.00000000e-02]
  [ 1.00000000e-02  6.76851138e+00  7.69947708e+00  1.00000000e-02
    1.00000000e-02  1.00000000e-02  1.00000000e-02  1.97723754e+01
    1.00000000e-02  1.00000000e-02]
  [ 1.00000000e-02  1.00000000e-02  1.00000000e-02  1.00000000e-02
    1.00000000e-02  1.00000000e-02  1.00000000e-02  1.00000000e-02
    1.00000000e-02  1.00000000e-02]
  [ 1.00000000e-02  1.73569930e+01  1.22830440e+01  2.45975061e+01
    1.00000000e-02  1.00000000e-02  1.00000000e-02  1.28211882e+01
    1.00000000e-02  1.00000000e-02]
  [ 1.00000000e-02  2.65168478e+01  1.00000000e-02  2.20255277e+01
    1.00000000e-02  1.00000000e-02  1.00000000e-02  2.51502232e+01
    1.00000000e-02  1.00000000e-02]
  [ 1.00000000e-02  2.73564563e+00  1.94286722e+01  1.00000000e-02
    4.53152911e+00  1.00000000e-02  1.00000000e-02  1.00000000e-02
    4.39437531e+00  1.00000000e-02]
  [ 1.00000000e-02  1.00000000e-02  1.00000000e-02  1.00000000e-02
    1.00000000e-02  1.00000000e-02  1.00000000e-02  1.00000000e-02
    1.00000000e-02  1.00000000e-02]
  [ 1.00000000e-02  3.59654313e+00  4.57658249e+00  1.00000000e-02
    2.24675829e+01  1.00000000e-02  1.00000000e-02  1.11171255e+01
    2.46346585e+00  1.00000000e-02]
  [ 1.00000000e-02  1.00000000e-02  1.00000000e-02  1.00000000e-02
    1.00000000e-02  1.00000000e-02  1.00000000e-02  1.00000000e-02
    1.00000000e-02  1.00000000e-02]]

 [[ 1.00000000e-02  1.00000000e-02  6.29707946e+00  1.00000000e-02
    1.00000000e-02  2.43023974e+01  1.00000000e-02  4.97865656e+00
    8.32584897e+00  1.00000000e-02]
  [ 1.00000000e-02  4.60632938e+00 -1.86976699e+00  1.00000000e-02
    1.00000000e-02  1.00000000e-02  1.00000000e-02  1.00000000e-02
    2.81344194e+00  1.00000000e-02]
  [ 1.00000000e-02  1.00000000e-02  1.00000000e-02  1.00000000e-02
    1.00000000e-02  1.00000000e-02  1.00000000e-02  1.00000000e-02
    1.00000000e-02  1.00000000e-02]
  [ 1.00000000e-02  1.00000000e-02  2.53691625e+01  1.00000000e-02
    1.00000000e-02  2.02532250e+01  1.00000000e-02  1.72053698e+01
    1.00000000e-02  1.82686992e+01]
  [ 1.00000000e-02  1.00000000e-02  1.00000000e-02  1.00000000e-02
    1.00000000e-02  1.00000000e-02  1.00000000e-02  1.00000000e-02
    1.00000000e-02  1.00000000e-02]
  [ 1.00000000e-02  2.52103138e+01  1.00000000e-02  1.00000000e-02
    1.00000000e-02  2.19882921e+01  1.00000000e-02  2.53205331e+01
    1.00000000e-02  1.00000000e-02]
  [ 1.00000000e-02  1.54934286e+01  3.69363190e+00  1.00000000e-02
    1.00000000e-02  1.00000000e-02  1.00000000e-02  1.00000000e-02
    4.75006720e-01  1.00000000e-02]
  [ 1.00000000e-02  1.00000000e-02  1.00000000e-02  1.00000000e-02
    1.00000000e-02  1.00000000e-02  1.00000000e-02  3.98126873e-01
   -2.02344816e+00 -1.79561125e+00]
  [ 1.00000000e-02  1.00000000e-02  1.00000000e-02  1.00000000e-02
    1.00000000e-02  1.00000000e-02  1.00000000e-02  1.00000000e-02
    1.00000000e-02  1.00000000e-02]
  [ 1.00000000e-02  1.00000000e-02  1.00000000e-02  1.00000000e-02
    1.00000000e-02  1.00000000e-02  1.00000000e-02  1.00000000e-02
    1.00000000e-02  1.00000000e-02]]

 [[ 1.00000000e-02  1.00000000e-02  1.00000000e-02  1.00000000e-02
    1.00000000e-02  1.00000000e-02  1.00000000e-02  1.00000000e-02
    1.00000000e-02  1.00000000e-02]
  [ 1.00000000e-02  5.67336290e-01 -2.03919721e+00  1.00000000e-02
   -1.83676216e+00  1.00000000e-02  1.00000000e-02  1.00000000e-02
    1.00000000e-02  1.00000000e-02]
  [ 1.00000000e-02  6.47251486e+00  5.84261440e+00  1.00000000e-02
    1.00000000e-02  2.26352324e+00  1.00000000e-02  6.20208375e+00
    1.00000000e-02  1.00000000e-02]
  [ 1.00000000e-02  1.00000000e-02  2.12556275e+01  1.00000000e-02
    1.00000000e-02  2.51339161e+01  1.00000000e-02  1.77500284e+01
    1.00000000e-02  1.60364523e+01]
  [ 1.00000000e-02  1.43634518e+01  1.43022005e+01  1.00000000e-02
    1.00000000e-02  1.52738882e+01  1.00000000e-02  1.42189844e+01
    1.00000000e-02  2.49934856e+01]
  [ 1.00000000e-02  1.00000000e-02  1.00000000e-02  1.00000000e-02
    1.00000000e-02  1.00000000e-02  1.00000000e-02  1.00000000e-02
    1.00000000e-02  1.00000000e-02]
  [ 1.00000000e-02  1.00000000e-02  1.00000000e-02  1.00000000e-02
    1.00000000e-02  1.00000000e-02  1.00000000e-02  1.00000000e-02
    1.00000000e-02  1.00000000e-02]
  [ 1.00000000e-02  1.00000000e-02  1.00000000e-02  1.00000000e-02
    7.39535557e-01  1.00000000e-02  1.00000000e-02  3.76980053e+00
    1.00000000e-02 -1.92904072e+00]
  [ 1.00000000e-02  3.56653218e+00  4.01113317e+00  1.00000000e-02
    1.27513303e+01  1.00000000e-02  1.00000000e-02  2.20845135e+01
    1.00000000e-02  1.00000000e-02]
  [ 1.00000000e-02  1.00000000e-02  1.00000000e-02  1.00000000e-02
    1.00000000e-02  1.00000000e-02  1.00000000e-02  1.00000000e-02
    1.00000000e-02  1.00000000e-02]]

 [[ 1.00000000e-02  1.00000000e-02  1.00000000e-02  1.00000000e-02
    1.00000000e-02  1.00000000e-02  1.00000000e-02  1.00000000e-02
    1.00000000e-02  1.00000000e-02]
  [ 1.00000000e-02  1.00000000e-02  1.00000000e-02  1.00000000e-02
    1.00000000e-02  1.00000000e-02  1.00000000e-02  1.00000000e-02
    1.00000000e-02  1.00000000e-02]
  [ 1.00000000e-02  1.00000000e-02  1.00000000e-02  1.00000000e-02
    1.00000000e-02  1.00000000e-02  1.00000000e-02  1.00000000e-02
    1.00000000e-02  1.00000000e-02]
  [ 1.00000000e-02  1.00000000e-02  1.00000000e-02  1.00000000e-02
    1.00000000e-02  1.00000000e-02  1.00000000e-02  1.00000000e-02
    1.00000000e-02  1.00000000e-02]
  [ 1.00000000e-02  1.00000000e-02  1.00000000e-02  1.00000000e-02
    1.00000000e-02  1.00000000e-02  1.00000000e-02  1.00000000e-02
    1.00000000e-02  1.00000000e-02]
  [ 1.00000000e-02  1.00000000e-02  1.00000000e-02  1.00000000e-02
    1.00000000e-02  1.00000000e-02  1.00000000e-02  1.00000000e-02
    1.00000000e-02  1.00000000e-02]
  [ 1.00000000e-02  1.00000000e-02  1.00000000e-02  1.00000000e-02
    1.00000000e-02  1.00000000e-02  1.00000000e-02  1.00000000e-02
    1.00000000e-02  1.00000000e-02]
  [ 1.00000000e-02  1.00000000e-02  1.00000000e-02  1.00000000e-02
    1.00000000e-02  1.00000000e-02  1.00000000e-02  1.00000000e-02
    1.00000000e-02  1.00000000e-02]
  [ 1.00000000e-02  1.00000000e-02  1.00000000e-02  1.00000000e-02
    1.00000000e-02  1.00000000e-02  1.00000000e-02  1.00000000e-02
    1.00000000e-02  1.00000000e-02]
  [ 1.00000000e-02  1.00000000e-02  1.00000000e-02  1.00000000e-02
    1.00000000e-02  1.00000000e-02  1.00000000e-02  1.00000000e-02
    1.00000000e-02  1.00000000e-02]]]
