Training sample: #72
[[0 4 0 0 2 0 0 0 0]
 [0 0 9 0 0 0 0 0 0]
 [0 0 3 4 0 6 0 0 0]
 [7 0 2 0 6 5 4 0 0]
 [0 5 0 0 0 1 0 0 0]
 [0 0 0 7 4 0 0 0 2]
 [0 0 0 0 1 4 0 5 6]
 [0 1 0 0 0 0 7 4 0]
 [0 0 6 0 7 0 2 0 1]]
New max total reward: -2 at episode: 0 with epsilon: 0.5997
episode 0, total_reward -2, epsilon 0.5997
New max total reward: 6 at episode: 1 with epsilon: 0.5994
New max total reward: 7 at episode: 2 with epsilon: 0.5991
New max total reward: 72 at episode: 3 with epsilon: 0.5988
New max total reward: 81 at episode: 8 with epsilon: 0.5973
New max total reward: 100 at episode: 23 with epsilon: 0.5928
New max total reward: 119 at episode: 107 with epsilon: 0.5685
New max total reward: 129 at episode: 337 with epsilon: 0.5067
episode 500, total_reward 14, epsilon 0.4670
New max total reward: 130 at episode: 996 with epsilon: 0.3644
episode 1000, total_reward 25, epsilon 0.3637
New max total reward: 158 at episode: 1065 with epsilon: 0.3521
episode 1500, total_reward -5, epsilon 0.2832
episode 2000, total_reward 43, epsilon 0.2206
episode 2500, total_reward 33, epsilon 0.1718
episode 3000, total_reward 44, epsilon 0.1338
episode 3500, total_reward -5, epsilon 0.1042
episode 4000, total_reward 90, epsilon 0.0811
episode 4500, total_reward 139, epsilon 0.0632
episode 5000, total_reward 139, epsilon 0.0492
episode 5500, total_reward 139, epsilon 0.0383
episode 6000, total_reward 120, epsilon 0.0298
episode 6500, total_reward 139, epsilon 0.0232
episode 7000, total_reward 139, epsilon 0.0181
episode 7500, total_reward 139, epsilon 0.0141
episode 8000, total_reward 139, epsilon 0.0110
episode 8500, total_reward 139, epsilon 0.0100
episode 9000, total_reward 139, epsilon 0.0100
episode 9500, total_reward 139, epsilon 0.0100
[[[ 1.00000000e-02  1.99578537e+00  1.00000000e-02  1.00000000e-02
    1.00000000e-02  1.42750793e+01  5.74364920e+00  1.00000000e-02
    1.39479136e+01  1.00000000e-02]
  [ 1.00000000e-02  1.00000000e-02  1.00000000e-02  1.00000000e-02
    1.00000000e-02  1.00000000e-02  1.00000000e-02  1.00000000e-02
    1.00000000e-02  1.00000000e-02]
  [ 1.00000000e-02  6.91938008e+00  1.00000000e-02  1.00000000e-02
    1.00000000e-02  1.39775236e+01  1.00000000e-02  5.69584308e+00
    1.39923468e+01  1.00000000e-02]
  [ 1.00000000e-02  2.60891401e+01  1.00000000e-02  1.15285215e+01
    1.00000000e-02  1.32983514e+01  1.00000000e-02  1.00000000e-02
    9.86700740e+00  9.90289926e+00]
  [ 1.00000000e-02  1.00000000e-02  1.00000000e-02  1.00000000e-02
    1.00000000e-02  1.00000000e-02  1.00000000e-02  1.00000000e-02
    1.00000000e-02  1.00000000e-02]
  [ 1.00000000e-02  1.00000000e-02  1.00000000e-02  1.72608216e+01
    1.00000000e-02  1.00000000e-02  1.00000000e-02  2.75903747e+01
    1.54509194e+01  1.18084647e+01]
  [ 1.00000000e-02  2.84545224e+00  1.00000000e-02  1.47613840e+01
    1.00000000e-02  1.31708679e+00  2.63278810e+01  1.00000000e-02
    1.10789715e+01  1.32712856e+01]
  [ 1.00000000e-02  1.00000000e-02  1.00000000e-02  2.57559307e+01
    1.00000000e-02  1.00000000e-02  1.23728037e+01  7.09478336e+00
    8.50291590e+00  1.34138644e+01]
  [ 1.00000000e-02  1.00000000e-02  1.00000000e-02  1.48269422e+01
    1.00000000e-02  7.83076451e+00  1.00000000e-02  9.35858346e+00
    1.95345639e+01  2.60314054e+01]
  [ 1.00000000e-02  1.00000000e-02  1.00000000e-02  1.00000000e-02
    1.00000000e-02  1.00000000e-02  1.00000000e-02  1.00000000e-02
    1.00000000e-02  1.00000000e-02]]

 [[ 1.00000000e-02  2.85099544e+00  1.79527786e+01  1.00000000e-02
    1.00000000e-02  2.28157060e+00  5.54504613e+00  1.00000000e-02
    1.45918957e+00  1.00000000e-02]
  [ 1.00000000e-02  1.00000000e-02  1.29394911e+01  1.00000000e-02
    1.00000000e-02  1.00000000e-02  1.85412222e+01  7.78776495e+00
    1.07914106e+00  1.00000000e-02]
  [ 1.00000000e-02  1.00000000e-02  1.00000000e-02  1.00000000e-02
    1.00000000e-02  1.00000000e-02  1.00000000e-02  1.00000000e-02
    1.00000000e-02  1.00000000e-02]
  [ 1.00000000e-02  1.14861302e+01  1.00000000e-02  1.45295309e+01
    1.00000000e-02  2.64265968e+01  1.00000000e-02  1.00000000e-02
    9.76873964e+00  1.00000000e-02]
  [ 1.00000000e-02  1.00000000e-02  1.00000000e-02  1.79361675e+01
    1.00000000e-02  1.31008133e+01  1.00000000e-02  1.00000000e-02
    2.72108491e+01  1.00000000e-02]
  [ 1.00000000e-02  1.00000000e-02  1.00000000e-02  2.71633907e+01
    1.00000000e-02  1.00000000e-02  1.00000000e-02  1.69477290e+01
    1.97276577e+01  1.00000000e-02]
  [ 1.00000000e-02  2.62058656e+01  1.00000000e-02  5.83422184e+00
    1.00000000e-02  4.07003549e+00  1.19409242e+01  1.00000000e-02
    3.78402905e+00  1.00000000e-02]
  [ 1.00000000e-02  1.00000000e-02  1.36512916e+01  4.89136260e+00
    1.00000000e-02  1.00000000e-02  9.16207895e+00  2.66300379e+01
    6.30884354e+00  1.00000000e-02]
  [ 1.00000000e-02  1.00000000e-02  1.00000000e-02  6.53140031e-01
    2.63565604e+01  7.54929283e-01  1.00000000e-02  3.39085776e-01
    4.12922838e-01  1.00000000e-02]
  [ 1.00000000e-02  1.00000000e-02  1.00000000e-02  1.00000000e-02
    1.00000000e-02  1.00000000e-02  1.00000000e-02  1.00000000e-02
    1.00000000e-02  1.00000000e-02]]

 [[ 1.00000000e-02  2.25006375e+01  5.32012861e+00  1.00000000e-02
    1.00000000e-02  3.16179502e+00  1.00000000e-02  1.00000000e-02
    4.57701492e+00  1.00000000e-02]
  [ 1.00000000e-02  1.00000000e-02  6.18917076e+00  1.00000000e-02
    1.00000000e-02  1.00000000e-02  1.00000000e-02  2.21602557e+01
    6.04323221e+00  1.00000000e-02]
  [ 1.00000000e-02  1.00000000e-02  1.00000000e-02  1.00000000e-02
    1.00000000e-02  1.00000000e-02  1.00000000e-02  1.00000000e-02
    1.00000000e-02  1.00000000e-02]
  [ 1.00000000e-02  1.00000000e-02  1.00000000e-02  1.00000000e-02
    1.00000000e-02  1.00000000e-02  1.00000000e-02  1.00000000e-02
    1.00000000e-02  1.00000000e-02]
  [ 1.00000000e-02  1.00000000e-02  1.00000000e-02  1.00000000e-02
    1.00000000e-02  2.00658189e+01  1.00000000e-02  1.00000000e-02
    1.62391403e+01  2.77883262e+01]
  [ 1.00000000e-02  1.00000000e-02  1.00000000e-02  1.00000000e-02
    1.00000000e-02  1.00000000e-02  1.00000000e-02  1.00000000e-02
    1.00000000e-02  1.00000000e-02]
  [ 1.00000000e-02  1.05874147e+01  1.00000000e-02  1.00000000e-02
    1.00000000e-02  6.25839343e+00  1.00000000e-02  1.00000000e-02
    2.71490299e+01  7.89121974e+00]
  [ 1.00000000e-02  1.00000000e-02  2.65819380e+01  1.00000000e-02
    1.00000000e-02  1.00000000e-02  1.00000000e-02  1.15725565e+01
    5.48728028e+00  2.05688168e+00]
  [ 1.00000000e-02  1.00000000e-02  1.00000000e-02  1.00000000e-02
    1.00000000e-02  2.69550520e+01  1.00000000e-02  2.39771752e+00
    1.02170269e+01  4.39191233e+00]
  [ 1.00000000e-02  1.00000000e-02  1.00000000e-02  1.00000000e-02
    1.00000000e-02  1.00000000e-02  1.00000000e-02  1.00000000e-02
    1.00000000e-02  1.00000000e-02]]

 [[ 1.00000000e-02  1.00000000e-02  1.00000000e-02  1.00000000e-02
    1.00000000e-02  1.00000000e-02  1.00000000e-02  1.00000000e-02
    1.00000000e-02  1.00000000e-02]
  [ 1.00000000e-02  1.00000000e-02  1.00000000e-02  1.69515316e+01
    1.00000000e-02  1.00000000e-02  1.00000000e-02  1.00000000e-02
    2.31686726e+01  2.69624650e+01]
  [ 1.00000000e-02  1.00000000e-02  1.00000000e-02  1.00000000e-02
    1.00000000e-02  1.00000000e-02  1.00000000e-02  1.00000000e-02
    1.00000000e-02  1.00000000e-02]
  [ 1.00000000e-02  1.00000000e-02  1.00000000e-02  2.39388597e+01
    1.00000000e-02  1.00000000e-02  1.00000000e-02  1.00000000e-02
    2.73755678e+01  2.39429032e+01]
  [ 1.00000000e-02  1.00000000e-02  1.00000000e-02  1.00000000e-02
    1.00000000e-02  1.00000000e-02  1.00000000e-02  1.00000000e-02
    1.00000000e-02  1.00000000e-02]
  [ 1.00000000e-02  1.00000000e-02  1.00000000e-02  1.00000000e-02
    1.00000000e-02  1.00000000e-02  1.00000000e-02  1.00000000e-02
    1.00000000e-02  1.00000000e-02]
  [ 1.00000000e-02  1.00000000e-02  1.00000000e-02  1.00000000e-02
    1.00000000e-02  1.00000000e-02  1.00000000e-02  1.00000000e-02
    1.00000000e-02  1.00000000e-02]
  [ 1.00000000e-02  2.71263925e+01  1.00000000e-02  8.14696225e+00
    1.00000000e-02  1.00000000e-02  1.00000000e-02  1.00000000e-02
    4.19349859e+00  6.91322765e+00]
  [ 1.00000000e-02  1.00000000e-02  1.00000000e-02  2.72713446e+01
    1.00000000e-02  1.00000000e-02  1.00000000e-02  1.00000000e-02
    1.90927628e+01  1.85225616e+01]
  [ 1.00000000e-02  1.00000000e-02  1.00000000e-02  1.00000000e-02
    1.00000000e-02  1.00000000e-02  1.00000000e-02  1.00000000e-02
    1.00000000e-02  1.00000000e-02]]

 [[ 1.00000000e-02  1.00000000e-02  1.00000000e-02  1.17873307e+01
    2.22802759e+01  1.00000000e-02  1.08713505e+01  1.00000000e-02
    2.75226904e+01  1.17177165e+01]
  [ 1.00000000e-02  1.00000000e-02  1.00000000e-02  1.00000000e-02
    1.00000000e-02  1.00000000e-02  1.00000000e-02  1.00000000e-02
    1.00000000e-02  1.00000000e-02]
  [ 1.00000000e-02  1.00000000e-02  1.00000000e-02  1.00000000e-02
    2.73983992e+01  1.00000000e-02  1.00000000e-02  1.00000000e-02
    1.56180729e+01  1.00000000e-02]
  [ 1.00000000e-02  1.00000000e-02  2.76907435e+01  1.03228536e+01
    1.00000000e-02  1.00000000e-02  1.00000000e-02  1.00000000e-02
    1.24622194e+01  1.46577872e+01]
  [ 1.00000000e-02  1.00000000e-02  1.00000000e-02  2.76740300e+01
    1.00000000e-02  1.00000000e-02  1.00000000e-02  1.00000000e-02
    2.38878434e+01  2.40215331e+01]
  [ 1.00000000e-02  1.00000000e-02  1.00000000e-02  1.00000000e-02
    1.00000000e-02  1.00000000e-02  1.00000000e-02  1.00000000e-02
    1.00000000e-02  1.00000000e-02]
  [ 1.00000000e-02  1.00000000e-02  1.00000000e-02  1.28659294e+01
    1.00000000e-02  1.00000000e-02  1.91321670e+01  1.00000000e-02
    1.50273879e+01  2.62341675e+01]
  [ 1.00000000e-02  1.00000000e-02  1.00000000e-02  1.06275684e+01
    1.00000000e-02  1.00000000e-02  2.67426599e+01  1.54386148e+01
    1.43691678e+01  1.93683813e+01]
  [ 1.00000000e-02  1.00000000e-02  1.00000000e-02  9.40606410e+00
    1.00000000e-02  1.00000000e-02  1.00000000e-02  2.61756640e+01
    1.43634388e+01  1.08814931e+01]
  [ 1.00000000e-02  1.00000000e-02  1.00000000e-02  1.00000000e-02
    1.00000000e-02  1.00000000e-02  1.00000000e-02  1.00000000e-02
    1.00000000e-02  1.00000000e-02]]

 [[ 1.00000000e-02  9.42993520e+00  1.00000000e-02  1.27570732e+01
    1.00000000e-02  1.00000000e-02  2.62545324e+01  1.00000000e-02
    1.10693169e+01  7.29405515e+00]
  [ 1.00000000e-02  1.00000000e-02  1.00000000e-02  2.68482274e+01
    1.00000000e-02  1.00000000e-02  1.19097605e+01  1.00000000e-02
    1.06877516e+01  1.40247970e+01]
  [ 1.00000000e-02  2.64845175e+01  1.00000000e-02  1.00000000e-02
    1.00000000e-02  1.00000000e-02  1.00000000e-02  1.00000000e-02
    1.50339446e+01  1.00000000e-02]
  [ 1.00000000e-02  1.00000000e-02  1.00000000e-02  1.00000000e-02
    1.00000000e-02  1.00000000e-02  1.00000000e-02  1.00000000e-02
    1.00000000e-02  1.00000000e-02]
  [ 1.00000000e-02  1.00000000e-02  1.00000000e-02  1.00000000e-02
    1.00000000e-02  1.00000000e-02  1.00000000e-02  1.00000000e-02
    1.00000000e-02  1.00000000e-02]
  [ 1.00000000e-02  1.00000000e-02  1.00000000e-02  2.36728285e+01
    1.00000000e-02  1.00000000e-02  1.00000000e-02  1.00000000e-02
    2.47668400e+01  2.61271520e+01]
  [ 1.00000000e-02  2.89453949e+00  1.00000000e-02  1.09411621e+01
    1.00000000e-02  2.77111490e+01  9.46246641e+00  1.00000000e-02
    9.36114549e+00  8.56233634e+00]
  [ 1.00000000e-02  3.89938996e+00  1.00000000e-02  1.48726619e+01
    1.00000000e-02  1.00000000e-02  1.08634238e+01  1.00000000e-02
    2.68816428e+01  1.77252528e+01]
  [ 1.00000000e-02  1.00000000e-02  1.00000000e-02  1.00000000e-02
    1.00000000e-02  1.00000000e-02  1.00000000e-02  1.00000000e-02
    1.00000000e-02  1.00000000e-02]
  [ 1.00000000e-02  1.00000000e-02  1.00000000e-02  1.00000000e-02
    1.00000000e-02  1.00000000e-02  1.00000000e-02  1.00000000e-02
    1.00000000e-02  1.00000000e-02]]

 [[ 1.00000000e-02  1.00000000e-02 -2.15503770e+00 -1.78592214e+00
    1.00000000e-02  1.00000000e-02  1.00000000e-02  1.00000000e-02
   -2.40323173e+00 -2.65033878e+00]
  [ 1.00000000e-02  1.00000000e-02 -2.80889286e+00  1.78947983e+00
    1.00000000e-02  1.00000000e-02  1.00000000e-02  7.53644573e+00
   -3.03370780e+00 -3.00038285e+00]
  [ 1.00000000e-02  1.00000000e-02  1.00000000e-02  1.00000000e-02
    1.00000000e-02  1.00000000e-02  1.00000000e-02 -2.92148328e+00
   -3.04363842e+00  1.00000000e-02]
  [ 1.00000000e-02  1.00000000e-02  1.52159659e+01  2.43410136e+01
    1.00000000e-02  1.00000000e-02  1.00000000e-02  1.00000000e-02
    2.55973938e+01  2.78797237e+01]
  [ 1.00000000e-02  1.00000000e-02  1.00000000e-02  1.00000000e-02
    1.00000000e-02  1.00000000e-02  1.00000000e-02  1.00000000e-02
    1.00000000e-02  1.00000000e-02]
  [ 1.00000000e-02  1.00000000e-02  1.00000000e-02  1.00000000e-02
    1.00000000e-02  1.00000000e-02  1.00000000e-02  1.00000000e-02
    1.00000000e-02  1.00000000e-02]
  [ 1.00000000e-02  1.00000000e-02  1.00000000e-02  2.75436172e+01
    1.00000000e-02  1.00000000e-02  1.00000000e-02  1.00000000e-02
    2.43092568e+01  2.45784462e+01]
  [ 1.00000000e-02  1.00000000e-02  1.00000000e-02  1.00000000e-02
    1.00000000e-02  1.00000000e-02  1.00000000e-02  1.00000000e-02
    1.00000000e-02  1.00000000e-02]
  [ 1.00000000e-02  1.00000000e-02  1.00000000e-02  1.00000000e-02
    1.00000000e-02  1.00000000e-02  1.00000000e-02  1.00000000e-02
    1.00000000e-02  1.00000000e-02]
  [ 1.00000000e-02  1.00000000e-02  1.00000000e-02  1.00000000e-02
    1.00000000e-02  1.00000000e-02  1.00000000e-02  1.00000000e-02
    1.00000000e-02  1.00000000e-02]]

 [[ 1.00000000e-02  1.00000000e-02  8.41151890e+00 -3.03657220e+00
    1.00000000e-02  9.55892861e+00  1.00000000e-02  1.00000000e-02
    1.41844037e+00 -2.71483603e+00]
  [ 1.00000000e-02  1.00000000e-02  1.00000000e-02  1.00000000e-02
    1.00000000e-02  1.00000000e-02  1.00000000e-02  1.00000000e-02
    1.00000000e-02  1.00000000e-02]
  [ 1.00000000e-02  1.00000000e-02  1.00000000e-02  1.00000000e-02
    1.00000000e-02 -2.05533446e+00  1.00000000e-02  1.00000000e-02
    1.13696119e+00  1.00000000e-02]
  [ 1.00000000e-02  1.00000000e-02  8.69503123e+00  2.03004873e+01
    1.00000000e-02  1.30355419e+01  2.74155168e+01  1.00000000e-02
    1.21095659e+01  2.04288205e+01]
  [ 1.00000000e-02  1.00000000e-02  1.00000000e-02  2.20514932e+01
    1.00000000e-02  2.75607743e+01  1.00000000e-02  1.00000000e-02
    2.15011722e+01  2.21062175e+01]
  [ 1.00000000e-02  1.00000000e-02  2.67735725e+01  1.99352283e+01
    1.00000000e-02  1.00000000e-02  1.00000000e-02  1.00000000e-02
    1.98651839e+01  2.19533338e+01]
  [ 1.00000000e-02  1.00000000e-02  1.00000000e-02  1.00000000e-02
    1.00000000e-02  1.00000000e-02  1.00000000e-02  1.00000000e-02
    1.00000000e-02  1.00000000e-02]
  [ 1.00000000e-02  1.00000000e-02  1.00000000e-02  1.00000000e-02
    1.00000000e-02  1.00000000e-02  1.00000000e-02  1.00000000e-02
    1.00000000e-02  1.00000000e-02]
  [ 1.00000000e-02  1.00000000e-02  1.00000000e-02  2.32309426e+01
    1.00000000e-02  1.00000000e-02  1.00000000e-02  1.00000000e-02
    2.67217368e+01  2.33534176e+01]
  [ 1.00000000e-02  1.00000000e-02  1.00000000e-02  1.00000000e-02
    1.00000000e-02  1.00000000e-02  1.00000000e-02  1.00000000e-02
    1.00000000e-02  1.00000000e-02]]

 [[ 1.00000000e-02  1.00000000e-02  1.00000000e-02 -3.12504395e+00
   -2.89755441e+00 -2.85985478e+00  1.00000000e-02  1.00000000e-02
    1.44219854e+00 -2.88476565e+00]
  [ 1.00000000e-02  1.00000000e-02  1.00000000e-02  6.07745122e+00
    1.00000000e-02  1.00000000e-02  1.00000000e-02  1.00000000e-02
   -2.99753826e+00  3.73815501e+00]
  [ 1.00000000e-02  1.00000000e-02  1.00000000e-02  1.00000000e-02
    1.00000000e-02  1.00000000e-02  1.00000000e-02  1.00000000e-02
    1.00000000e-02  1.00000000e-02]
  [ 1.00000000e-02  1.00000000e-02  1.00000000e-02  2.60188752e+01
    1.00000000e-02  2.05661787e+01  1.00000000e-02  1.00000000e-02
    2.27351219e+01  2.22550598e+01]
  [ 1.00000000e-02  1.00000000e-02  1.00000000e-02  1.00000000e-02
    1.00000000e-02  1.00000000e-02  1.00000000e-02  1.00000000e-02
    1.00000000e-02  1.00000000e-02]
  [ 1.00000000e-02  1.00000000e-02  1.00000000e-02  2.05472832e+01
    1.00000000e-02  1.00000000e-02  1.00000000e-02  1.00000000e-02
    2.73060067e+01  2.46766178e+01]
  [ 1.00000000e-02  1.00000000e-02  1.00000000e-02  1.00000000e-02
    1.00000000e-02  1.00000000e-02  1.00000000e-02  1.00000000e-02
    1.00000000e-02  1.00000000e-02]
  [ 1.00000000e-02  1.00000000e-02  1.00000000e-02  2.31185334e+01
    1.00000000e-02  1.00000000e-02  1.00000000e-02  1.00000000e-02
    2.04988478e+01  2.66517961e+01]
  [ 1.00000000e-02  1.00000000e-02  1.00000000e-02  1.00000000e-02
    1.00000000e-02  1.00000000e-02  1.00000000e-02  1.00000000e-02
    1.00000000e-02  1.00000000e-02]
  [ 1.00000000e-02  1.00000000e-02  1.00000000e-02  1.00000000e-02
    1.00000000e-02  1.00000000e-02  1.00000000e-02  1.00000000e-02
    1.00000000e-02  1.00000000e-02]]

 [[ 1.00000000e-02  1.00000000e-02  1.00000000e-02  1.00000000e-02
    1.00000000e-02  1.00000000e-02  1.00000000e-02  1.00000000e-02
    1.00000000e-02  1.00000000e-02]
  [ 1.00000000e-02  1.00000000e-02  1.00000000e-02  1.00000000e-02
    1.00000000e-02  1.00000000e-02  1.00000000e-02  1.00000000e-02
    1.00000000e-02  1.00000000e-02]
  [ 1.00000000e-02  1.00000000e-02  1.00000000e-02  1.00000000e-02
    1.00000000e-02  1.00000000e-02  1.00000000e-02  1.00000000e-02
    1.00000000e-02  1.00000000e-02]
  [ 1.00000000e-02  1.00000000e-02  1.00000000e-02  1.00000000e-02
    1.00000000e-02  1.00000000e-02  1.00000000e-02  1.00000000e-02
    1.00000000e-02  1.00000000e-02]
  [ 1.00000000e-02  1.00000000e-02  1.00000000e-02  1.00000000e-02
    1.00000000e-02  1.00000000e-02  1.00000000e-02  1.00000000e-02
    1.00000000e-02  1.00000000e-02]
  [ 1.00000000e-02  1.00000000e-02  1.00000000e-02  1.00000000e-02
    1.00000000e-02  1.00000000e-02  1.00000000e-02  1.00000000e-02
    1.00000000e-02  1.00000000e-02]
  [ 1.00000000e-02  1.00000000e-02  1.00000000e-02  1.00000000e-02
    1.00000000e-02  1.00000000e-02  1.00000000e-02  1.00000000e-02
    1.00000000e-02  1.00000000e-02]
  [ 1.00000000e-02  1.00000000e-02  1.00000000e-02  1.00000000e-02
    1.00000000e-02  1.00000000e-02  1.00000000e-02  1.00000000e-02
    1.00000000e-02  1.00000000e-02]
  [ 1.00000000e-02  1.00000000e-02  1.00000000e-02  1.00000000e-02
    1.00000000e-02  1.00000000e-02  1.00000000e-02  1.00000000e-02
    1.00000000e-02  1.00000000e-02]
  [ 1.00000000e-02  1.00000000e-02  1.00000000e-02  1.00000000e-02
    1.00000000e-02  1.00000000e-02  1.00000000e-02  1.00000000e-02
    1.00000000e-02  1.00000000e-02]]]
