Training sample: #20
[[0 0 0 4 0 0 9 7 0]
 [0 9 7 0 0 6 0 0 1]
 [2 0 0 0 0 0 0 6 0]
 [0 7 5 0 0 1 0 9 0]
 [0 0 0 0 8 0 0 0 0]
 [0 0 0 0 0 0 1 0 5]
 [0 2 0 0 0 0 0 0 9]
 [0 5 1 0 0 9 6 0 0]
 [0 0 0 0 3 0 0 0 0]]
New max total reward: -53 at episode: 0 with epsilon: 0.5997
episode 0, total_reward -53, epsilon 0.5997
New max total reward: 5 at episode: 1 with epsilon: 0.5994
New max total reward: 11 at episode: 2 with epsilon: 0.5991
New max total reward: 49 at episode: 12 with epsilon: 0.5961
New max total reward: 58 at episode: 21 with epsilon: 0.5934
New max total reward: 89 at episode: 32 with epsilon: 0.5902
New max total reward: 97 at episode: 49 with epsilon: 0.5852
New max total reward: 125 at episode: 163 with epsilon: 0.5528
episode 500, total_reward -15, epsilon 0.4670
episode 1000, total_reward -16, epsilon 0.3637
episode 1500, total_reward 51, epsilon 0.2832
New max total reward: 126 at episode: 1947 with epsilon: 0.2265
episode 2000, total_reward -8, epsilon 0.2206
episode 2500, total_reward 0, epsilon 0.1718
New max total reward: 154 at episode: 2593 with epsilon: 0.1640
episode 3000, total_reward 13, epsilon 0.1338
episode 3500, total_reward -9, epsilon 0.1042
episode 4000, total_reward -18, epsilon 0.0811
episode 4500, total_reward 58, epsilon 0.0632
episode 5000, total_reward 31, epsilon 0.0492
episode 5500, total_reward 98, epsilon 0.0383
episode 6000, total_reward 89, epsilon 0.0298
episode 6500, total_reward 98, epsilon 0.0232
episode 7000, total_reward 106, epsilon 0.0181
episode 7500, total_reward 116, epsilon 0.0141
episode 8000, total_reward 106, epsilon 0.0110
episode 8500, total_reward 106, epsilon 0.0100
episode 9000, total_reward 116, epsilon 0.0100
episode 9500, total_reward 106, epsilon 0.0100
[[[ 1.00000000e-02  5.05911730e+00  1.00000000e-02  5.81862838e+00
    1.00000000e-02  2.23383301e+01  2.74868487e+00  1.00000000e-02
    4.09199714e+00  1.00000000e-02]
  [ 1.00000000e-02  1.61003731e+01  1.00000000e-02  2.05293893e+01
    1.00000000e-02  1.00000000e-02  2.30585874e+01  1.00000000e-02
    1.79896517e+01  1.00000000e-02]
  [ 1.00000000e-02  1.00000000e-02  1.00000000e-02  2.15058466e+01
    1.00000000e-02  1.00000000e-02  2.05411561e+01  1.00000000e-02
    1.33956685e+01  1.00000000e-02]
  [ 1.00000000e-02  1.00000000e-02  1.00000000e-02  1.00000000e-02
    1.00000000e-02  1.00000000e-02  1.00000000e-02  1.00000000e-02
    1.00000000e-02  1.00000000e-02]
  [ 1.00000000e-02  2.22463199e+01  7.05841773e+00  1.00000000e-02
    1.00000000e-02  5.60066575e+00  1.00000000e-02  1.00000000e-02
    1.00000000e-02  1.00000000e-02]
  [ 1.00000000e-02  1.00000000e-02  1.43533325e+01  1.27258493e+01
    1.00000000e-02  9.31089022e+00  1.00000000e-02  1.00000000e-02
    2.28255691e+01  1.00000000e-02]
  [ 1.00000000e-02  1.00000000e-02  1.00000000e-02  1.00000000e-02
    1.00000000e-02  1.00000000e-02  1.00000000e-02  1.00000000e-02
    1.00000000e-02  1.00000000e-02]
  [ 1.00000000e-02  1.00000000e-02  1.00000000e-02  1.00000000e-02
    1.00000000e-02  1.00000000e-02  1.00000000e-02  1.00000000e-02
    1.00000000e-02  1.00000000e-02]
  [ 1.00000000e-02  1.00000000e-02  2.27222491e+01  1.78200940e+01
    1.00000000e-02  1.00000000e-02  1.00000000e-02  1.00000000e-02
    1.79050719e+01  1.00000000e-02]
  [ 1.00000000e-02  1.00000000e-02  1.00000000e-02  1.00000000e-02
    1.00000000e-02  1.00000000e-02  1.00000000e-02  1.00000000e-02
    1.00000000e-02  1.00000000e-02]]

 [[ 1.00000000e-02  1.00000000e-02  1.00000000e-02  1.64836955e+01
    1.90128254e+01  9.14393382e+00  1.00000000e-02  1.00000000e-02
    2.24619450e+01  1.00000000e-02]
  [ 1.00000000e-02  1.00000000e-02  1.00000000e-02  1.00000000e-02
    1.00000000e-02  1.00000000e-02  1.00000000e-02  1.00000000e-02
    1.00000000e-02  1.00000000e-02]
  [ 1.00000000e-02  1.00000000e-02  1.00000000e-02  1.00000000e-02
    1.00000000e-02  1.00000000e-02  1.00000000e-02  1.00000000e-02
    1.00000000e-02  1.00000000e-02]
  [ 1.00000000e-02  1.00000000e-02  1.79862478e+01  1.60573855e+01
    1.00000000e-02  2.19926186e+01  1.00000000e-02  1.00000000e-02
    1.23537409e+01  1.00000000e-02]
  [ 1.00000000e-02  1.00000000e-02  2.15981245e+01  1.00000000e-02
    1.00000000e-02  1.39727289e+01  1.00000000e-02  1.00000000e-02
    1.00000000e-02  1.00000000e-02]
  [ 1.00000000e-02  1.00000000e-02  1.00000000e-02  1.00000000e-02
    1.00000000e-02  1.00000000e-02  1.00000000e-02  1.00000000e-02
    1.00000000e-02  1.00000000e-02]
  [ 1.00000000e-02  1.00000000e-02  1.95736918e+01  1.93589572e+01
    2.40999573e+01  1.96586090e+01  1.00000000e-02  1.00000000e-02
    1.96619337e+01  1.00000000e-02]
  [ 1.00000000e-02  1.00000000e-02  1.92019539e+01  2.29494254e+01
    2.02634490e+01  1.96297905e+01  1.00000000e-02  1.00000000e-02
    1.94835124e+01  1.00000000e-02]
  [ 1.00000000e-02  1.00000000e-02  1.00000000e-02  1.00000000e-02
    1.00000000e-02  1.00000000e-02  1.00000000e-02  1.00000000e-02
    1.00000000e-02  1.00000000e-02]
  [ 1.00000000e-02  1.00000000e-02  1.00000000e-02  1.00000000e-02
    1.00000000e-02  1.00000000e-02  1.00000000e-02  1.00000000e-02
    1.00000000e-02  1.00000000e-02]]

 [[ 1.00000000e-02  1.00000000e-02  1.00000000e-02  1.00000000e-02
    1.00000000e-02  1.00000000e-02  1.00000000e-02  1.00000000e-02
    1.00000000e-02  1.00000000e-02]
  [ 1.00000000e-02  2.14287769e+01  1.00000000e-02  1.21820445e+01
    1.56036065e+01  1.00000000e-02  1.00000000e-02  1.00000000e-02
    1.46578631e+01  1.00000000e-02]
  [ 1.00000000e-02  1.00000000e-02  1.00000000e-02  1.15758382e+01
    2.20121844e+01  1.00000000e-02  1.00000000e-02  1.00000000e-02
    1.83473679e+01  1.00000000e-02]
  [ 1.00000000e-02  4.32004729e+00  1.00000000e-02  1.54567821e+01
    1.00000000e-02  7.59725727e+00  1.00000000e-02  2.22732855e+01
    5.04372979e+00  1.20269623e+01]
  [ 1.00000000e-02  5.50658197e+00  1.00000000e-02  1.00000000e-02
    1.00000000e-02  6.44825716e+00  1.00000000e-02  6.96577796e+00
    1.00000000e-02  2.30192134e+01]
  [ 1.00000000e-02  1.00000000e-02  1.00000000e-02  2.27710484e+01
    1.00000000e-02  1.55840706e+01  1.00000000e-02  1.00885966e+01
    9.38707277e+00  1.00000000e-02]
  [ 1.00000000e-02  1.00000000e-02  1.00000000e-02  1.67307868e+01
    2.01616067e+01  2.21504865e+01  1.00000000e-02  1.00000000e-02
    1.79016156e+01  1.00000000e-02]
  [ 1.00000000e-02  1.00000000e-02  1.00000000e-02  1.00000000e-02
    1.00000000e-02  1.00000000e-02  1.00000000e-02  1.00000000e-02
    1.00000000e-02  1.00000000e-02]
  [ 1.00000000e-02  1.00000000e-02  1.00000000e-02  1.80695950e+01
    1.70981781e+01  1.00000000e-02  1.00000000e-02  1.00000000e-02
    2.29669757e+01  1.00000000e-02]
  [ 1.00000000e-02  1.00000000e-02  1.00000000e-02  1.00000000e-02
    1.00000000e-02  1.00000000e-02  1.00000000e-02  1.00000000e-02
    1.00000000e-02  1.00000000e-02]]

 [[ 1.00000000e-02  1.00000000e-02  1.00000000e-02 -9.85051466e-01
   -9.57787871e-01  1.00000000e-02  1.04201869e+01  1.00000000e-02
   -4.75505668e-01  1.00000000e-02]
  [ 1.00000000e-02  1.00000000e-02  1.00000000e-02  1.00000000e-02
    1.00000000e-02  1.00000000e-02  1.00000000e-02  1.00000000e-02
    1.00000000e-02  1.00000000e-02]
  [ 1.00000000e-02  1.00000000e-02  1.00000000e-02  1.00000000e-02
    1.00000000e-02  1.00000000e-02  1.00000000e-02  1.00000000e-02
    1.00000000e-02  1.00000000e-02]
  [ 1.00000000e-02  1.00000000e-02  7.72594148e+00 -1.88399627e+00
    1.00000000e-02  1.00000000e-02 -2.41095270e+00  1.00000000e-02
    1.00000000e-02  1.00000000e-02]
  [ 1.00000000e-02  1.00000000e-02 -2.32378109e+00  1.00000000e-02
   -9.28750603e-01  1.00000000e-02  3.47695399e+00  1.00000000e-02
    1.00000000e-02  1.00000000e-02]
  [ 1.00000000e-02  1.00000000e-02  1.00000000e-02  1.00000000e-02
    1.00000000e-02  1.00000000e-02  1.00000000e-02  1.00000000e-02
    1.00000000e-02  1.00000000e-02]
  [ 1.00000000e-02  1.00000000e-02  1.57490459e+01  2.22225453e+01
    1.31024233e+01  1.00000000e-02  1.00000000e-02  1.00000000e-02
    1.68762673e+01  1.00000000e-02]
  [ 1.00000000e-02  1.00000000e-02  1.00000000e-02  1.00000000e-02
    1.00000000e-02  1.00000000e-02  1.00000000e-02  1.00000000e-02
    1.00000000e-02  1.00000000e-02]
  [ 1.00000000e-02  1.00000000e-02  1.19985279e+01  1.35841615e+01
    2.13527299e+01  1.00000000e-02  2.17701198e+01  1.00000000e-02
    1.40608904e+01  1.00000000e-02]
  [ 1.00000000e-02  1.00000000e-02  1.00000000e-02  1.00000000e-02
    1.00000000e-02  1.00000000e-02  1.00000000e-02  1.00000000e-02
    1.00000000e-02  1.00000000e-02]]

 [[ 1.00000000e-02 -8.58991890e-01  1.00000000e-02 -1.63793921e+00
   -4.34957054e-01  1.00000000e-02 -1.78930731e+00  1.00000000e-02
    1.00000000e-02  8.03832705e-01]
  [ 1.00000000e-02  9.16325611e+00  1.00000000e-02  1.65370526e+01
    1.36004601e+01  1.00000000e-02  1.50886502e+01  1.00000000e-02
    1.00000000e-02  1.00000000e-02]
  [ 1.00000000e-02  1.00000000e-02 -2.86737113e+00  7.49563113e-01
   -3.13961601e-01  1.00000000e-02  1.82887200e+00  1.00000000e-02
    1.00000000e-02  7.55602709e+00]
  [ 1.00000000e-02  1.00000000e-02 -2.62857608e+00 -1.92390255e+00
    1.00000000e-02 -1.10076056e+00 -2.71640862e+00 -4.56332553e-01
    1.00000000e-02  8.29112496e+00]
  [ 1.00000000e-02  1.00000000e-02  1.00000000e-02  1.00000000e-02
    1.00000000e-02  1.00000000e-02  1.00000000e-02  1.00000000e-02
    1.00000000e-02  1.00000000e-02]
  [ 1.00000000e-02  1.00000000e-02  3.54261035e+00 -2.37530204e+00
   -2.36750877e+00 -4.25212998e-02  1.00000000e-02 -2.32505655e+00
    1.00000000e-02  1.00000000e-02]
  [ 1.00000000e-02  1.00000000e-02  7.18576651e+00  6.68270718e+00
    6.18274946e+00  1.00000000e-02  1.00000000e-02  2.23580237e+01
    1.00000000e-02  1.00000000e-02]
  [ 1.00000000e-02  1.00000000e-02  2.24548847e+01  7.03354715e+00
    8.06236294e+00  1.00000000e-02  1.00000000e-02  1.00000000e-02
    1.00000000e-02  1.00000000e-02]
  [ 1.00000000e-02  1.00000000e-02  5.51847167e+00  1.00883386e+01
    2.20326223e+01  1.00000000e-02  2.14091538e+01  2.98661810e+00
    1.00000000e-02  1.00000000e-02]
  [ 1.00000000e-02  1.00000000e-02  1.00000000e-02  1.00000000e-02
    1.00000000e-02  1.00000000e-02  1.00000000e-02  1.00000000e-02
    1.00000000e-02  1.00000000e-02]]

 [[ 1.00000000e-02  1.00000000e-02  1.00000000e-02 -2.43728271e+00
    1.80829227e-01  1.00000000e-02 -3.22770692e+00  1.00000000e-02
   -2.40670084e+00  4.79936171e+00]
  [ 1.00000000e-02  1.00000000e-02  1.00000000e-02  5.45478775e+00
    1.69317451e+01  1.00000000e-02  1.41113942e+01  1.00000000e-02
    5.53389965e+00  1.00000000e-02]
  [ 1.00000000e-02  1.00000000e-02  4.54974829e+00  5.72560105e-01
   -1.33864862e+00  1.00000000e-02 -1.94043263e+00  1.00000000e-02
   -2.50310819e+00 -2.20983937e+00]
  [ 1.00000000e-02  1.00000000e-02 -2.33134131e+00  7.92324705e+00
    1.00000000e-02  1.00000000e-02 -1.83588886e+00  7.91286934e-01
    1.00000000e-02 -2.38209303e+00]
  [ 1.00000000e-02  1.00000000e-02 -2.46146796e+00  1.00000000e-02
    2.81575176e+00  1.00000000e-02  4.67924015e+00 -2.59182992e+00
    1.00000000e-02 -6.93773191e-01]
  [ 1.00000000e-02  1.00000000e-02 -2.97491666e+00 -1.37274467e+00
    1.95834994e+00  1.00000000e-02  1.00000000e-02  4.94247222e+00
    1.00000000e-02  1.00000000e-02]
  [ 1.00000000e-02  1.00000000e-02  1.00000000e-02  1.00000000e-02
    1.00000000e-02  1.00000000e-02  1.00000000e-02  1.00000000e-02
    1.00000000e-02  1.00000000e-02]
  [ 1.00000000e-02  1.00000000e-02  8.83460826e+00  1.60077672e+01
    4.70413065e+00  1.00000000e-02  1.00000000e-02  1.00000000e-02
    2.24599228e+01  1.00000000e-02]
  [ 1.00000000e-02  1.00000000e-02  1.00000000e-02  1.00000000e-02
    1.00000000e-02  1.00000000e-02  1.00000000e-02  1.00000000e-02
    1.00000000e-02  1.00000000e-02]
  [ 1.00000000e-02  1.00000000e-02  1.00000000e-02  1.00000000e-02
    1.00000000e-02  1.00000000e-02  1.00000000e-02  1.00000000e-02
    1.00000000e-02  1.00000000e-02]]

 [[ 1.00000000e-02  1.00000000e-02  1.00000000e-02  1.40732495e+01
   -1.36668062e+00  1.00000000e-02  1.23051758e+01 -3.18987125e-01
    1.86617086e-01  1.00000000e-02]
  [ 1.00000000e-02  1.00000000e-02  1.00000000e-02  1.00000000e-02
    1.00000000e-02  1.00000000e-02  1.00000000e-02  1.00000000e-02
    1.00000000e-02  1.00000000e-02]
  [ 1.00000000e-02  1.00000000e-02  1.00000000e-02  1.29106713e+01
   -4.56942223e-01  1.00000000e-02  1.50041288e+01  1.00000000e-02
    3.89427136e+00  1.00000000e-02]
  [ 1.00000000e-02  1.22640255e+01  1.00000000e-02  1.00000000e-02
    1.00000000e-02 -2.67760117e+00 -2.21461386e+00 -2.91693668e-02
   -2.08351084e+00  1.00000000e-02]
  [ 1.00000000e-02 -5.50701913e-01  1.00000000e-02  1.00000000e-02
    1.02590799e+01 -2.32646242e+00  3.35417961e-01  1.18151844e+01
    1.00000000e-02  1.00000000e-02]
  [ 1.00000000e-02  1.00000000e-02  1.00000000e-02  1.00000000e-02
    1.20606592e+01 -2.00654661e+00  1.00000000e-02  1.05875018e+01
   -1.49032572e+00  1.00000000e-02]
  [ 1.00000000e-02  1.00000000e-02  1.00000000e-02  1.05224291e+01
    1.42150766e+01  7.09947241e+00  1.00000000e-02  6.52793385e+00
    2.18694946e+01  1.00000000e-02]
  [ 1.00000000e-02  5.50006621e+00  1.00000000e-02  1.57320765e+00
    7.36248553e+00  2.32857516e+01  1.00000000e-02  1.00000000e-02
    4.38193819e+00  1.00000000e-02]
  [ 1.00000000e-02  1.00000000e-02  1.00000000e-02  1.00000000e-02
    1.00000000e-02  1.00000000e-02  1.00000000e-02  1.00000000e-02
    1.00000000e-02  1.00000000e-02]
  [ 1.00000000e-02  1.00000000e-02  1.00000000e-02  1.00000000e-02
    1.00000000e-02  1.00000000e-02  1.00000000e-02  1.00000000e-02
    1.00000000e-02  1.00000000e-02]]

 [[ 1.00000000e-02  1.00000000e-02  1.00000000e-02 -1.59068977e+00
    6.48396908e-01  1.00000000e-02  1.00000000e-02  1.49317776e+01
    1.78800755e+00  1.00000000e-02]
  [ 1.00000000e-02  1.00000000e-02  1.00000000e-02  1.00000000e-02
    1.00000000e-02  1.00000000e-02  1.00000000e-02  1.00000000e-02
    1.00000000e-02  1.00000000e-02]
  [ 1.00000000e-02  1.00000000e-02  1.00000000e-02  1.00000000e-02
    1.00000000e-02  1.00000000e-02  1.00000000e-02  1.00000000e-02
    1.00000000e-02  1.00000000e-02]
  [ 1.00000000e-02  1.00000000e-02  5.95935846e+00  1.00000000e-02
    1.00000000e-02  1.00000000e-02  1.00000000e-02  1.24091615e+00
    8.09859335e+00  1.00000000e-02]
  [ 1.00000000e-02  1.00000000e-02  9.50639041e+00  1.00000000e-02
    5.06698017e-01  1.00000000e-02  1.00000000e-02  1.10709230e+01
    1.00000000e-02  1.00000000e-02]
  [ 1.00000000e-02  1.00000000e-02  1.00000000e-02  1.00000000e-02
    1.00000000e-02  1.00000000e-02  1.00000000e-02  1.00000000e-02
    1.00000000e-02  1.00000000e-02]
  [ 1.00000000e-02  1.00000000e-02  1.00000000e-02  1.00000000e-02
    1.00000000e-02  1.00000000e-02  1.00000000e-02  1.00000000e-02
    1.00000000e-02  1.00000000e-02]
  [ 1.00000000e-02  1.00000000e-02  1.42134539e+01  7.98768566e+00
    2.17321406e+01  1.00000000e-02  1.00000000e-02  1.00000000e-02
    1.53134567e+01  1.00000000e-02]
  [ 1.00000000e-02  1.00000000e-02  6.61482407e+00  2.24700582e+01
    7.91260505e+00  1.00000000e-02  1.00000000e-02  1.34952717e+01
    1.34482360e+01  1.00000000e-02]
  [ 1.00000000e-02  1.00000000e-02  1.00000000e-02  1.00000000e-02
    1.00000000e-02  1.00000000e-02  1.00000000e-02  1.00000000e-02
    1.00000000e-02  1.00000000e-02]]

 [[ 1.00000000e-02  1.00000000e-02  1.00000000e-02  1.00000000e-02
    1.44396208e+01  1.00000000e-02  5.03845831e+00  9.86450479e-01
    3.29651252e+00  5.53457135e+00]
  [ 1.00000000e-02  1.00000000e-02  1.00000000e-02  1.00000000e-02
    1.19076459e+01  1.00000000e-02  1.18957949e+01  1.00000000e-02
    1.72203182e+01  1.00000000e-02]
  [ 1.00000000e-02  1.00000000e-02  1.00000000e-02  1.00000000e-02
    5.74976301e+00  1.00000000e-02  1.09947480e+01  1.00000000e-02
    3.93800089e+00  1.41974294e+01]
  [ 1.00000000e-02 -7.30048359e-01  1.71524408e+00  1.00000000e-02
    1.00000000e-02 -1.17033569e-01  1.45736628e+01  5.73905460e-01
    1.20391095e+01  1.00000000e-02]
  [ 1.00000000e-02  1.00000000e-02  1.00000000e-02  1.00000000e-02
    1.00000000e-02  1.00000000e-02  1.00000000e-02  1.00000000e-02
    1.00000000e-02  1.00000000e-02]
  [ 1.00000000e-02  1.00000000e-02 -4.38599973e-01  1.00000000e-02
    3.41049299e+00  1.46701221e+01  1.00000000e-02 -3.38470708e-01
    2.48005065e-01  1.00000000e-02]
  [ 1.00000000e-02  1.00000000e-02  2.26725523e+01  1.00000000e-02
    1.35462162e+01  6.01043521e+00  1.00000000e-02  4.90185371e+00
    6.97609888e+00  1.00000000e-02]
  [ 1.00000000e-02  2.25422242e+01  2.02060679e+00  1.00000000e-02
    6.86056679e-01  4.61298464e+00  1.00000000e-02  1.00000000e-02
    3.47487563e+00  1.00000000e-02]
  [ 1.00000000e-02  1.00000000e-02  3.42109000e+00  1.00000000e-02
    3.23069892e+00  1.00000000e-02  1.00000000e-02  2.22380947e+01
    3.62972440e+00  1.00000000e-02]
  [ 1.00000000e-02  1.00000000e-02  1.00000000e-02  1.00000000e-02
    1.00000000e-02  1.00000000e-02  1.00000000e-02  1.00000000e-02
    1.00000000e-02  1.00000000e-02]]

 [[ 1.00000000e-02  1.00000000e-02  1.00000000e-02  1.00000000e-02
    1.00000000e-02  1.00000000e-02  1.00000000e-02  1.00000000e-02
    1.00000000e-02  1.00000000e-02]
  [ 1.00000000e-02  1.00000000e-02  1.00000000e-02  1.00000000e-02
    1.00000000e-02  1.00000000e-02  1.00000000e-02  1.00000000e-02
    1.00000000e-02  1.00000000e-02]
  [ 1.00000000e-02  1.00000000e-02  1.00000000e-02  1.00000000e-02
    1.00000000e-02  1.00000000e-02  1.00000000e-02  1.00000000e-02
    1.00000000e-02  1.00000000e-02]
  [ 1.00000000e-02  1.00000000e-02  1.00000000e-02  1.00000000e-02
    1.00000000e-02  1.00000000e-02  1.00000000e-02  1.00000000e-02
    1.00000000e-02  1.00000000e-02]
  [ 1.00000000e-02  1.00000000e-02  1.00000000e-02  1.00000000e-02
    1.00000000e-02  1.00000000e-02  1.00000000e-02  1.00000000e-02
    1.00000000e-02  1.00000000e-02]
  [ 1.00000000e-02  1.00000000e-02  1.00000000e-02  1.00000000e-02
    1.00000000e-02  1.00000000e-02  1.00000000e-02  1.00000000e-02
    1.00000000e-02  1.00000000e-02]
  [ 1.00000000e-02  1.00000000e-02  1.00000000e-02  1.00000000e-02
    1.00000000e-02  1.00000000e-02  1.00000000e-02  1.00000000e-02
    1.00000000e-02  1.00000000e-02]
  [ 1.00000000e-02  1.00000000e-02  1.00000000e-02  1.00000000e-02
    1.00000000e-02  1.00000000e-02  1.00000000e-02  1.00000000e-02
    1.00000000e-02  1.00000000e-02]
  [ 1.00000000e-02  1.00000000e-02  1.00000000e-02  1.00000000e-02
    1.00000000e-02  1.00000000e-02  1.00000000e-02  1.00000000e-02
    1.00000000e-02  1.00000000e-02]
  [ 1.00000000e-02  1.00000000e-02  1.00000000e-02  1.00000000e-02
    1.00000000e-02  1.00000000e-02  1.00000000e-02  1.00000000e-02
    1.00000000e-02  1.00000000e-02]]]
