Training sample: #9
[[1 3 0 0 0 8 9 0 0]
 [0 0 8 0 0 0 0 0 0]
 [7 9 0 0 0 0 0 8 0]
 [0 0 0 6 0 0 4 0 0]
 [0 0 3 0 0 9 0 7 0]
 [0 5 0 0 2 0 8 0 0]
 [0 0 1 0 0 7 0 9 0]
 [0 0 0 5 0 0 0 0 6]
 [0 0 0 0 4 0 2 0 0]]
New max total reward: -9 at episode: 0 with epsilon: 0.5997
episode 0, total_reward -9, epsilon 0.5997
New max total reward: -4 at episode: 1 with epsilon: 0.5994
New max total reward: 4 at episode: 7 with epsilon: 0.5976
New max total reward: 21 at episode: 8 with epsilon: 0.5973
New max total reward: 33 at episode: 9 with epsilon: 0.5970
New max total reward: 59 at episode: 11 with epsilon: 0.5964
New max total reward: 60 at episode: 35 with epsilon: 0.5893
New max total reward: 69 at episode: 127 with epsilon: 0.5628
New max total reward: 144 at episode: 153 with epsilon: 0.5555
episode 500, total_reward 58, epsilon 0.4670
episode 1000, total_reward -7, epsilon 0.3637
episode 1500, total_reward -7, epsilon 0.2832
episode 2000, total_reward 68, epsilon 0.2206
episode 2500, total_reward 23, epsilon 0.1718
episode 3000, total_reward 42, epsilon 0.1338
episode 3500, total_reward -16, epsilon 0.1042
episode 4000, total_reward 68, epsilon 0.0811
episode 4500, total_reward 61, epsilon 0.0632
episode 5000, total_reward 60, epsilon 0.0492
episode 5500, total_reward 116, epsilon 0.0383
episode 6000, total_reward 117, epsilon 0.0298
episode 6500, total_reward 69, epsilon 0.0232
episode 7000, total_reward 69, epsilon 0.0181
episode 7500, total_reward 88, epsilon 0.0141
episode 8000, total_reward 89, epsilon 0.0110
episode 8500, total_reward 87, epsilon 0.0100
episode 9000, total_reward 126, epsilon 0.0100
episode 9500, total_reward 126, epsilon 0.0100
[[[ 1.00000000e-02  1.00000000e-02  1.00000000e-02  1.00000000e-02
    1.00000000e-02  1.00000000e-02  1.00000000e-02  1.00000000e-02
    1.00000000e-02  1.00000000e-02]
  [ 1.00000000e-02  1.00000000e-02  1.00000000e-02  1.00000000e-02
    1.00000000e-02  1.00000000e-02  1.00000000e-02  1.00000000e-02
    1.00000000e-02  1.00000000e-02]
  [ 1.00000000e-02  1.00000000e-02  1.91578227e+01  1.00000000e-02
    2.02778730e+01  2.34451032e+01  2.02550266e+01  1.00000000e-02
    1.00000000e-02  1.00000000e-02]
  [ 1.00000000e-02  1.00000000e-02  8.25768378e+00  1.00000000e-02
    7.59067493e+00  1.00000000e-02  1.00000000e-02  2.25022403e+01
    1.00000000e-02  1.00000000e-02]
  [ 1.00000000e-02  1.00000000e-02  1.00000000e-02  1.00000000e-02
    1.00000000e-02  9.63999661e+00  2.43935558e+01  8.48828527e+00
    1.00000000e-02  1.00000000e-02]
  [ 1.00000000e-02  1.00000000e-02  1.00000000e-02  1.00000000e-02
    1.00000000e-02  1.00000000e-02  1.00000000e-02  1.00000000e-02
    1.00000000e-02  1.00000000e-02]
  [ 1.00000000e-02  1.00000000e-02  1.00000000e-02  1.00000000e-02
    1.00000000e-02  1.00000000e-02  1.00000000e-02  1.00000000e-02
    1.00000000e-02  1.00000000e-02]
  [ 1.00000000e-02  1.00000000e-02  2.32082965e+01  1.00000000e-02
    1.69047269e+01  1.62489720e+01  1.29137895e+01  1.00000000e-02
    1.00000000e-02  1.00000000e-02]
  [ 1.00000000e-02  1.00000000e-02  1.51807500e+01  1.00000000e-02
    2.42794381e+01  1.93919851e+01  1.00000000e-02  1.03205067e+01
    1.00000000e-02  1.00000000e-02]
  [ 1.00000000e-02  1.00000000e-02  1.00000000e-02  1.00000000e-02
    1.00000000e-02  1.00000000e-02  1.00000000e-02  1.00000000e-02
    1.00000000e-02  1.00000000e-02]]

 [[ 1.00000000e-02  1.00000000e-02  1.25983444e+01  1.00000000e-02
    1.49784684e+01  1.37323403e+01  2.31745681e+01  1.00000000e-02
    1.00000000e-02  1.00000000e-02]
  [ 1.00000000e-02  1.00000000e-02  2.27043927e+01  1.00000000e-02
    1.52351037e+01  1.00000000e-02  1.34784507e+01  1.00000000e-02
    1.00000000e-02  1.00000000e-02]
  [ 1.00000000e-02  1.00000000e-02  1.00000000e-02  1.00000000e-02
    1.00000000e-02  1.00000000e-02  1.00000000e-02  1.00000000e-02
    1.00000000e-02  1.00000000e-02]
  [ 1.00000000e-02  2.79166749e+00  2.01117035e+00  3.24035380e+00
    8.07435714e+00  1.00000000e-02  1.00000000e-02  1.51961761e+00
    1.00000000e-02  2.35973339e+01]
  [ 1.00000000e-02  3.65210611e+00  1.00000000e-02  5.71246513e+00
    1.00000000e-02  2.27500335e+01  7.05692584e+00  2.66739919e+00
    1.00000000e-02  6.08233296e+00]
  [ 1.00000000e-02  5.95626571e+00  9.64005473e+00  3.33950459e+00
    2.35278836e+01  6.29139500e+00  1.71956342e+00  1.00000000e-02
    1.00000000e-02  1.00000000e-02]
  [ 1.00000000e-02  1.27278885e+01  1.00000000e-02  1.47607228e+01
    1.00000000e-02  1.19793448e+01  5.24606228e+00  2.40673051e+01
    1.00000000e-02  1.00000000e-02]
  [ 1.00000000e-02  2.44372018e+01  4.44891523e+00  1.82123385e+01
    3.28014686e+00  5.83621139e+00  5.43672919e+00  1.00000000e-02
    1.00000000e-02  1.00000000e-02]
  [ 1.00000000e-02  1.81955525e+01  2.97444358e+00  2.36329279e+01
    1.83116436e+00  2.40079857e+00  1.00000000e-02  1.63905752e+01
    1.00000000e-02  1.00000000e-02]
  [ 1.00000000e-02  1.00000000e-02  1.00000000e-02  1.00000000e-02
    1.00000000e-02  1.00000000e-02  1.00000000e-02  1.00000000e-02
    1.00000000e-02  1.00000000e-02]]

 [[ 1.00000000e-02  1.00000000e-02  1.00000000e-02  1.00000000e-02
    1.00000000e-02  1.00000000e-02  1.00000000e-02  1.00000000e-02
    1.00000000e-02  1.00000000e-02]
  [ 1.00000000e-02  1.00000000e-02  1.00000000e-02  1.00000000e-02
    1.00000000e-02  1.00000000e-02  1.00000000e-02  1.00000000e-02
    1.00000000e-02  1.00000000e-02]
  [ 1.00000000e-02  1.00000000e-02  1.86219178e+01  1.00000000e-02
    2.43094150e+01  2.06637782e+01  1.64515448e+01  1.00000000e-02
    1.00000000e-02  1.00000000e-02]
  [ 1.00000000e-02  2.28225474e+01  9.12703459e+00  1.66830647e+01
    7.14156601e+00  1.00000000e-02  1.00000000e-02  1.00000000e-02
    1.00000000e-02  1.00000000e-02]
  [ 1.00000000e-02  1.51781370e+01  1.00000000e-02  2.32148117e+01
    1.00000000e-02  7.78739329e+00  4.53102568e+00  1.00000000e-02
    1.00000000e-02  1.00000000e-02]
  [ 1.00000000e-02  6.50338612e+00  2.28049375e+01  7.87287468e+00
    1.06397628e+01  8.91532332e+00  5.84282694e+00  1.00000000e-02
    1.00000000e-02  1.00000000e-02]
  [ 1.00000000e-02  1.41533494e+01  1.00000000e-02  1.40927437e+01
    1.00000000e-02  1.40189325e+01  2.39915642e+01  1.00000000e-02
    1.00000000e-02  1.00000000e-02]
  [ 1.00000000e-02  1.00000000e-02  1.00000000e-02  1.00000000e-02
    1.00000000e-02  1.00000000e-02  1.00000000e-02  1.00000000e-02
    1.00000000e-02  1.00000000e-02]
  [ 1.00000000e-02  3.86641261e+00  9.88216735e+00  5.73781428e+00
    2.10252082e+01  2.45650471e+01  1.00000000e-02  1.00000000e-02
    1.00000000e-02  1.00000000e-02]
  [ 1.00000000e-02  1.00000000e-02  1.00000000e-02  1.00000000e-02
    1.00000000e-02  1.00000000e-02  1.00000000e-02  1.00000000e-02
    1.00000000e-02  1.00000000e-02]]

 [[ 1.00000000e-02  1.00000000e-02  1.88091897e+01  1.00000000e-02
    1.00000000e-02  1.00000000e-02  1.00000000e-02  1.00000000e-02
    2.05002121e+01  6.67942835e+00]
  [ 1.00000000e-02  2.06073731e+01  8.19435298e+00  1.00000000e-02
    1.00000000e-02  1.00000000e-02  1.00000000e-02  5.72190910e+00
    5.48652251e+00  1.00000000e-02]
  [ 1.00000000e-02  1.00000000e-02  1.13920797e+01  1.00000000e-02
    1.00000000e-02  1.00000000e-02  1.00000000e-02  1.83965207e+01
    1.00000000e-02  2.06816912e+01]
  [ 1.00000000e-02  1.00000000e-02  1.00000000e-02  1.00000000e-02
    1.00000000e-02  1.00000000e-02  1.00000000e-02  1.00000000e-02
    1.00000000e-02  1.00000000e-02]
  [ 1.00000000e-02 -1.46830056e+00  1.00000000e-02 -2.81574796e+00
    1.00000000e-02 -1.08102394e+00  1.00000000e-02  6.07440541e+00
   -1.85137774e+00  1.00000000e-02]
  [ 1.00000000e-02 -1.57572797e+00  1.00000000e-02 -3.82553137e+00
    1.00000000e-02  6.22780813e+00  1.00000000e-02  1.00000000e-02
    1.00000000e-02  1.00000000e-02]
  [ 1.00000000e-02  1.00000000e-02  1.00000000e-02  1.00000000e-02
    1.00000000e-02  1.00000000e-02  1.00000000e-02  1.00000000e-02
    1.00000000e-02  1.00000000e-02]
  [ 1.00000000e-02 -1.48227634e+00 -3.24602040e+00  2.31499238e+01
    1.00000000e-02 -8.25735277e-01  1.00000000e-02  1.00000000e-02
    1.00000000e-02  1.00000000e-02]
  [ 1.00000000e-02 -1.66350035e+00  2.28926428e+01 -3.04821588e+00
    1.00000000e-02 -3.52329427e+00  1.00000000e-02  1.00000000e-02
    1.00000000e-02 -3.14391046e+00]
  [ 1.00000000e-02  1.00000000e-02  1.00000000e-02  1.00000000e-02
    1.00000000e-02  1.00000000e-02  1.00000000e-02  1.00000000e-02
    1.00000000e-02  1.00000000e-02]]

 [[ 1.00000000e-02  1.00000000e-02  2.15525069e+01  1.00000000e-02
    1.04067771e+01  1.00000000e-02  1.05836752e+01  1.00000000e-02
    1.83578478e+01  1.00000000e-02]
  [ 1.00000000e-02  1.27065099e+01  1.08683024e+01  1.00000000e-02
    1.22220651e+01  1.00000000e-02  1.96669760e+01  1.00000000e-02
    1.01973501e+01  1.00000000e-02]
  [ 1.00000000e-02  1.00000000e-02  1.00000000e-02  1.00000000e-02
    1.00000000e-02  1.00000000e-02  1.00000000e-02  1.00000000e-02
    1.00000000e-02  1.00000000e-02]
  [ 1.00000000e-02 -4.37420340e+00  1.00000000e-02  1.00000000e-02
   -1.71969835e+00  1.00000000e-02  1.00000000e-02  1.00000000e-02
   -1.82523709e+00  1.00000000e-02]
  [ 1.00000000e-02 -3.07469912e+00  1.00000000e-02  1.00000000e-02
    1.00000000e-02 -2.86026776e+00  1.00000000e-02  1.00000000e-02
    5.50754078e+00  1.00000000e-02]
  [ 1.00000000e-02  1.00000000e-02  1.00000000e-02  1.00000000e-02
    1.00000000e-02  1.00000000e-02  1.00000000e-02  1.00000000e-02
    1.00000000e-02  1.00000000e-02]
  [ 1.00000000e-02  9.32602343e+00  1.00000000e-02  1.00000000e-02
    1.00000000e-02  2.36026202e+01  3.26643552e+00  1.00000000e-02
    1.00000000e-02  1.00000000e-02]
  [ 1.00000000e-02  1.00000000e-02  1.00000000e-02  1.00000000e-02
    1.00000000e-02  1.00000000e-02  1.00000000e-02  1.00000000e-02
    1.00000000e-02  1.00000000e-02]
  [ 1.00000000e-02  2.41623874e+01  8.07053341e+00  1.00000000e-02
    1.00000000e-02  1.96316403e+00  1.00000000e-02  1.00000000e-02
    1.00000000e-02  1.00000000e-02]
  [ 1.00000000e-02  1.00000000e-02  1.00000000e-02  1.00000000e-02
    1.00000000e-02  1.00000000e-02  1.00000000e-02  1.00000000e-02
    1.00000000e-02  1.00000000e-02]]

 [[ 1.00000000e-02  1.00000000e-02  1.00000000e-02  1.00000000e-02
    1.96351276e+01  1.00000000e-02  9.36168821e+00  1.00000000e-02
    1.00000000e-02  7.36737490e+00]
  [ 1.00000000e-02  1.00000000e-02  1.00000000e-02  1.00000000e-02
    1.00000000e-02  1.00000000e-02  1.00000000e-02  1.00000000e-02
    1.00000000e-02  1.00000000e-02]
  [ 1.00000000e-02  1.00000000e-02  1.00000000e-02  1.00000000e-02
    9.86482542e+00  1.00000000e-02  1.26112338e+01  2.03138122e+01
    1.00000000e-02  1.84225306e+01]
  [ 1.00000000e-02 -3.24872094e+00  1.00000000e-02  1.25846654e+01
   -3.13243918e+00  1.00000000e-02  1.00000000e-02 -3.12498469e+00
    1.00000000e-02  1.00000000e-02]
  [ 1.00000000e-02  1.00000000e-02  1.00000000e-02  1.00000000e-02
    1.00000000e-02  1.00000000e-02  1.00000000e-02  1.00000000e-02
    1.00000000e-02  1.00000000e-02]
  [ 1.00000000e-02  1.23471272e+01  1.00000000e-02  2.96040637e+00
   -1.72244215e+00  1.00000000e-02  1.00000000e-02  1.00000000e-02
    1.00000000e-02  1.00000000e-02]
  [ 1.00000000e-02  1.00000000e-02  1.00000000e-02  1.00000000e-02
    1.00000000e-02  1.00000000e-02  1.00000000e-02  1.00000000e-02
    1.00000000e-02  1.00000000e-02]
  [ 1.00000000e-02 -1.32911152e-01  1.00000000e-02 -4.38435982e-01
    1.00000000e-02  1.00000000e-02  2.45206437e+01  1.00000000e-02
    1.00000000e-02  1.00000000e-02]
  [ 1.00000000e-02 -6.10362855e-02  1.00000000e-02 -2.88781959e+00
    1.00000000e-02  1.00000000e-02  1.00000000e-02  1.00000000e-02
    1.00000000e-02  2.30412467e+01]
  [ 1.00000000e-02  1.00000000e-02  1.00000000e-02  1.00000000e-02
    1.00000000e-02  1.00000000e-02  1.00000000e-02  1.00000000e-02
    1.00000000e-02  1.00000000e-02]]

 [[ 1.00000000e-02  1.00000000e-02  1.03691764e+01  1.01354727e+01
    7.49739453e+00  1.99581964e+01  1.49701990e+01  1.00000000e-02
    4.83200064e+00  1.00000000e-02]
  [ 1.00000000e-02  1.00000000e-02  1.55877400e+01  1.00000000e-02
    2.02125332e+01  1.00000000e-02  1.08141057e+01  1.00000000e-02
    1.05060479e+01  1.00000000e-02]
  [ 1.00000000e-02  1.00000000e-02  1.00000000e-02  1.00000000e-02
    1.00000000e-02  1.00000000e-02  1.00000000e-02  1.00000000e-02
    1.00000000e-02  1.00000000e-02]
  [ 1.00000000e-02  1.00000000e-02 -1.80498689e+00 -4.12851893e+00
    1.00000000e-02  1.00000000e-02  1.00000000e-02  1.00000000e-02
   -4.34599925e+00  1.00000000e-02]
  [ 1.00000000e-02  1.00000000e-02  1.00000000e-02 -3.51549014e+00
    1.00000000e-02  1.00000000e-02  2.61841185e-01  1.00000000e-02
   -3.93268366e+00  1.00000000e-02]
  [ 1.00000000e-02  1.00000000e-02  1.00000000e-02  1.00000000e-02
    1.00000000e-02  1.00000000e-02  1.00000000e-02  1.00000000e-02
    1.00000000e-02  1.00000000e-02]
  [ 1.00000000e-02  1.00000000e-02  1.00000000e-02  2.30152938e+01
    1.00000000e-02  2.89311438e+00  1.00000000e-02  1.00000000e-02
    1.00000000e-02  1.00000000e-02]
  [ 1.00000000e-02  1.00000000e-02  1.00000000e-02  1.00000000e-02
    1.00000000e-02  1.00000000e-02  1.00000000e-02  1.00000000e-02
    1.00000000e-02  1.00000000e-02]
  [ 1.00000000e-02  1.00000000e-02  1.00000000e-02 -3.56060082e+00
   -2.91363703e+00 -3.01561747e+00  1.00000000e-02  1.00000000e-02
    2.30981799e+01  1.00000000e-02]
  [ 1.00000000e-02  1.00000000e-02  1.00000000e-02  1.00000000e-02
    1.00000000e-02  1.00000000e-02  1.00000000e-02  1.00000000e-02
    1.00000000e-02  1.00000000e-02]]

 [[ 1.00000000e-02  1.00000000e-02  3.50200356e+00  1.36339747e+01
    4.42492327e+00  1.00000000e-02  1.00000000e-02  1.00000000e-02
   -9.24274624e-01  2.09324168e+01]
  [ 1.00000000e-02  1.00000000e-02  5.85466778e+00  1.00000000e-02
    5.61604702e+00  1.00000000e-02  1.00000000e-02  2.00974949e+01
    1.58292220e+01  1.00000000e-02]
  [ 1.00000000e-02  1.00000000e-02  2.03280567e+01  1.00000000e-02
    1.73577204e+01  1.00000000e-02  1.00000000e-02  6.28255001e+00
    1.00000000e-02  1.03929212e+01]
  [ 1.00000000e-02  1.00000000e-02  1.00000000e-02  1.00000000e-02
    1.00000000e-02  1.00000000e-02  1.00000000e-02  1.00000000e-02
    1.00000000e-02  1.00000000e-02]
  [ 1.00000000e-02 -4.01083084e+00  1.00000000e-02 -3.34794536e+00
    1.00000000e-02  1.00000000e-02  1.00000000e-02  1.00000000e-02
    1.70185458e+01 -2.90594337e+00]
  [ 1.00000000e-02 -2.26356765e+00 -3.67657430e+00  1.72848643e+01
    1.00000000e-02  1.00000000e-02  1.00000000e-02  1.00000000e-02
    1.00000000e-02  1.00000000e-02]
  [ 1.00000000e-02  2.39587173e+01  1.00000000e-02  1.03250841e+01
    1.00000000e-02  1.00000000e-02  1.00000000e-02  4.15859889e+00
    1.00000000e-02  1.00000000e-02]
  [ 1.00000000e-02 -2.08362487e+00  1.00000000e-02 -2.70673656e+00
    2.38246973e+01  1.00000000e-02  1.00000000e-02  1.00000000e-02
    1.00000000e-02  1.00000000e-02]
  [ 1.00000000e-02  1.00000000e-02  1.00000000e-02  1.00000000e-02
    1.00000000e-02  1.00000000e-02  1.00000000e-02  1.00000000e-02
    1.00000000e-02  1.00000000e-02]
  [ 1.00000000e-02  1.00000000e-02  1.00000000e-02  1.00000000e-02
    1.00000000e-02  1.00000000e-02  1.00000000e-02  1.00000000e-02
    1.00000000e-02  1.00000000e-02]]

 [[ 1.00000000e-02  1.00000000e-02  1.00000000e-02  2.10331690e+01
    1.00000000e-02  1.18815534e+01  4.64819550e+00  1.00000000e-02
   -1.80261732e+00  1.53613096e+01]
  [ 1.00000000e-02  1.00000000e-02  1.00000000e-02  1.00000000e-02
    1.00000000e-02  1.00000000e-02  5.40960549e+00  1.48776986e+01
    1.98290309e+01  1.00000000e-02]
  [ 1.00000000e-02  1.00000000e-02  1.00000000e-02  1.00000000e-02
    1.00000000e-02  1.41160817e+01  2.12529246e+01  1.17841347e+01
    1.00000000e-02  1.27324377e+01]
  [ 1.00000000e-02 -3.39385610e+00  1.00000000e-02 -1.07986114e+00
    1.00000000e-02  1.00000000e-02  1.00000000e-02  1.00000000e-02
    1.29598850e+00 -1.79166987e+00]
  [ 1.00000000e-02  1.00000000e-02  1.00000000e-02  1.00000000e-02
    1.00000000e-02  1.00000000e-02  1.00000000e-02  1.00000000e-02
    1.00000000e-02  1.00000000e-02]
  [ 1.00000000e-02  5.92691672e+00  1.00000000e-02 -9.24667317e-01
    1.00000000e-02  1.00000000e-02 -2.60331592e+00  1.00000000e-02
    1.00000000e-02  1.00000000e-02]
  [ 1.00000000e-02  1.00000000e-02  1.00000000e-02  1.00000000e-02
    1.00000000e-02  1.00000000e-02  1.00000000e-02  1.00000000e-02
    1.00000000e-02  1.00000000e-02]
  [ 1.00000000e-02 -1.05353267e+00  1.00000000e-02 -2.64779391e-01
    1.00000000e-02  2.29336431e+01  1.00000000e-02  1.00000000e-02
    1.00000000e-02  1.00000000e-02]
  [ 1.00000000e-02 -4.10319524e+00  1.00000000e-02 -5.67121563e-02
    1.00000000e-02 -4.16368295e+00  1.00000000e-02  2.41543663e+01
   -2.65380526e+00  1.00000000e-02]
  [ 1.00000000e-02  1.00000000e-02  1.00000000e-02  1.00000000e-02
    1.00000000e-02  1.00000000e-02  1.00000000e-02  1.00000000e-02
    1.00000000e-02  1.00000000e-02]]

 [[ 1.00000000e-02  1.00000000e-02  1.00000000e-02  1.00000000e-02
    1.00000000e-02  1.00000000e-02  1.00000000e-02  1.00000000e-02
    1.00000000e-02  1.00000000e-02]
  [ 1.00000000e-02  1.00000000e-02  1.00000000e-02  1.00000000e-02
    1.00000000e-02  1.00000000e-02  1.00000000e-02  1.00000000e-02
    1.00000000e-02  1.00000000e-02]
  [ 1.00000000e-02  1.00000000e-02  1.00000000e-02  1.00000000e-02
    1.00000000e-02  1.00000000e-02  1.00000000e-02  1.00000000e-02
    1.00000000e-02  1.00000000e-02]
  [ 1.00000000e-02  1.00000000e-02  1.00000000e-02  1.00000000e-02
    1.00000000e-02  1.00000000e-02  1.00000000e-02  1.00000000e-02
    1.00000000e-02  1.00000000e-02]
  [ 1.00000000e-02  1.00000000e-02  1.00000000e-02  1.00000000e-02
    1.00000000e-02  1.00000000e-02  1.00000000e-02  1.00000000e-02
    1.00000000e-02  1.00000000e-02]
  [ 1.00000000e-02  1.00000000e-02  1.00000000e-02  1.00000000e-02
    1.00000000e-02  1.00000000e-02  1.00000000e-02  1.00000000e-02
    1.00000000e-02  1.00000000e-02]
  [ 1.00000000e-02  1.00000000e-02  1.00000000e-02  1.00000000e-02
    1.00000000e-02  1.00000000e-02  1.00000000e-02  1.00000000e-02
    1.00000000e-02  1.00000000e-02]
  [ 1.00000000e-02  1.00000000e-02  1.00000000e-02  1.00000000e-02
    1.00000000e-02  1.00000000e-02  1.00000000e-02  1.00000000e-02
    1.00000000e-02  1.00000000e-02]
  [ 1.00000000e-02  1.00000000e-02  1.00000000e-02  1.00000000e-02
    1.00000000e-02  1.00000000e-02  1.00000000e-02  1.00000000e-02
    1.00000000e-02  1.00000000e-02]
  [ 1.00000000e-02  1.00000000e-02  1.00000000e-02  1.00000000e-02
    1.00000000e-02  1.00000000e-02  1.00000000e-02  1.00000000e-02
    1.00000000e-02  1.00000000e-02]]]
