Training sample: #10
[[0 0 0 0 0 5 0 0 0]
 [0 0 0 0 7 0 5 0 0]
 [4 0 0 6 2 8 0 0 0]
 [0 2 1 0 4 0 9 0 7]
 [0 0 0 0 0 2 0 0 8]
 [7 9 0 3 0 0 0 0 4]
 [0 0 2 0 0 0 0 7 0]
 [0 7 0 0 0 3 8 0 0]
 [6 3 0 0 0 0 4 0 2]]
New max total reward: -23 at episode: 0 with epsilon: 0.5997
episode 0, total_reward -23, epsilon 0.5997
New max total reward: 9 at episode: 1 with epsilon: 0.5994
New max total reward: 35 at episode: 2 with epsilon: 0.5991
New max total reward: 46 at episode: 4 with epsilon: 0.5985
New max total reward: 72 at episode: 5 with epsilon: 0.5982
New max total reward: 101 at episode: 22 with epsilon: 0.5931
New max total reward: 110 at episode: 32 with epsilon: 0.5902
New max total reward: 120 at episode: 35 with epsilon: 0.5893
New max total reward: 129 at episode: 112 with epsilon: 0.5670
New max total reward: 130 at episode: 164 with epsilon: 0.5525
New max total reward: 148 at episode: 166 with epsilon: 0.5519
New max total reward: 158 at episode: 281 with epsilon: 0.5211
episode 500, total_reward 110, epsilon 0.4670
episode 1000, total_reward 4, epsilon 0.3637
episode 1500, total_reward -4, epsilon 0.2832
episode 2000, total_reward 91, epsilon 0.2206
episode 2500, total_reward 81, epsilon 0.1718
episode 3000, total_reward 52, epsilon 0.1338
episode 3500, total_reward 35, epsilon 0.1042
episode 4000, total_reward 100, epsilon 0.0811
episode 4500, total_reward 148, epsilon 0.0632
episode 5000, total_reward 82, epsilon 0.0492
episode 5500, total_reward 72, epsilon 0.0383
episode 6000, total_reward 119, epsilon 0.0298
episode 6500, total_reward 158, epsilon 0.0232
episode 7000, total_reward 158, epsilon 0.0181
episode 7500, total_reward 158, epsilon 0.0141
episode 8000, total_reward 158, epsilon 0.0110
episode 8500, total_reward 158, epsilon 0.0100
episode 9000, total_reward 158, epsilon 0.0100
episode 9500, total_reward 158, epsilon 0.0100
[[[ 1.00000000e-02  2.29371453e+00 -8.72580268e-01  9.43252316e-02
    1.00000000e-02  1.00000000e-02  1.00000000e-02  1.00000000e-02
    1.03884888e+00  2.12513388e+00]
  [ 1.00000000e-02  1.14578676e+01  1.00000000e-02  1.00000000e-02
    1.00000000e-02  1.00000000e-02  1.21852529e+00  1.00000000e-02
   -1.73297944e-01  1.00000000e-02]
  [ 1.00000000e-02  1.00000000e-02  1.00000000e-02 -9.10000000e-02
    1.00000000e-02  1.00000000e-02 -2.05257814e+00 -1.50482441e+00
   -2.36983701e+00 -1.87184170e+00]
  [ 1.00000000e-02  1.94467225e+01  1.00000000e-02  1.00000000e-02
    3.12331710e+01  1.00000000e-02  1.00000000e-02  1.00000000e-02
    1.00000000e-02  1.84615897e+01]
  [ 1.00000000e-02  1.15384189e+01  1.00000000e-02  3.03081192e+01
    1.00000000e-02  1.00000000e-02  1.00000000e-02  1.00000000e-02
    1.00000000e-02  3.03713280e+00]
  [ 1.00000000e-02  1.00000000e-02  1.00000000e-02  1.00000000e-02
    1.00000000e-02  1.00000000e-02  1.00000000e-02  1.00000000e-02
    1.00000000e-02  1.00000000e-02]
  [ 1.00000000e-02  1.23833286e+01  2.61444673e+01  1.00000000e-02
    1.00000000e-02  1.00000000e-02  1.91606411e+01  8.81068437e+00
    1.00000000e-02  1.00000000e-02]
  [ 1.00000000e-02 -7.50793517e-01  1.12315157e+00  1.00000000e-02
    1.09293702e+00  1.00000000e-02 -7.18895808e-01  1.00000000e-02
    2.31233849e+01  2.80343338e+00]
  [ 1.00000000e-02  2.92092940e+00  1.00000000e-02  1.64857333e+00
    1.00000000e-02  1.00000000e-02  2.27500026e+01  1.00000000e-02
    1.00000000e-02  7.88526443e+00]
  [ 1.00000000e-02  1.00000000e-02  1.00000000e-02  1.00000000e-02
    1.00000000e-02  1.00000000e-02  1.00000000e-02  1.00000000e-02
    1.00000000e-02  1.00000000e-02]]

 [[ 1.00000000e-02  1.53866348e+00 -1.55450860e+00  1.28630183e+00
    1.00000000e-02  1.00000000e-02  1.00000000e-02  1.00000000e-02
   -1.57874873e+00  1.73231550e+00]
  [ 1.00000000e-02  2.05009188e+00  1.00000000e-02  1.00000000e-02
    1.00000000e-02  1.00000000e-02  1.16920079e+01  1.00000000e-02
    1.11932720e+00  1.00000000e-02]
  [ 1.00000000e-02  1.00000000e-02  1.00000000e-02 -1.67922780e+00
    1.00000000e-02  1.00000000e-02  3.29529469e-01  1.00000000e-02
   -2.73586343e-01 -1.14263174e+00]
  [ 1.00000000e-02  3.00595363e+01  1.00000000e-02  1.00000000e-02
    1.71628690e+01  1.00000000e-02  1.00000000e-02  1.00000000e-02
    1.00000000e-02  1.62589588e+01]
  [ 1.00000000e-02  1.00000000e-02  1.00000000e-02  1.00000000e-02
    1.00000000e-02  1.00000000e-02  1.00000000e-02  1.00000000e-02
    1.00000000e-02  1.00000000e-02]
  [ 1.00000000e-02  1.79144935e+01  1.00000000e-02  1.00000000e-02
    2.30465575e+01  1.00000000e-02  1.00000000e-02  1.00000000e-02
    1.00000000e-02  3.02028638e+01]
  [ 1.00000000e-02  1.00000000e-02  1.00000000e-02  1.00000000e-02
    1.00000000e-02  1.00000000e-02  1.00000000e-02  1.00000000e-02
    1.00000000e-02  1.00000000e-02]
  [ 1.00000000e-02  3.29685707e+00 -2.25310555e+00 -4.27460099e-02
    2.27852265e+01  1.00000000e-02  6.23608675e-02  1.00000000e-02
   -2.05314181e-01 -4.85279816e-02]
  [ 1.00000000e-02  4.49697779e+00  1.00000000e-02  2.31180576e+01
    1.00000000e-02  1.00000000e-02  8.08444433e+00  1.00000000e-02
    1.00000000e-02  5.58048798e+00]
  [ 1.00000000e-02  1.00000000e-02  1.00000000e-02  1.00000000e-02
    1.00000000e-02  1.00000000e-02  1.00000000e-02  1.00000000e-02
    1.00000000e-02  1.00000000e-02]]

 [[ 1.00000000e-02  1.00000000e-02  1.00000000e-02  1.00000000e-02
    1.00000000e-02  1.00000000e-02  1.00000000e-02  1.00000000e-02
    1.00000000e-02  1.00000000e-02]
  [ 1.00000000e-02  6.74561846e-01  1.00000000e-02  1.00000000e-02
    1.00000000e-02  1.19275080e+01  1.00000000e-02  1.00000000e-02
    1.00000000e-02  1.00000000e-02]
  [ 1.00000000e-02  1.00000000e-02  1.00000000e-02  7.88745017e+00
    1.00000000e-02  7.49440209e-01  1.00000000e-02  1.81028592e+00
    1.00000000e-02  1.04488979e-02]
  [ 1.00000000e-02  1.00000000e-02  1.00000000e-02  1.00000000e-02
    1.00000000e-02  1.00000000e-02  1.00000000e-02  1.00000000e-02
    1.00000000e-02  1.00000000e-02]
  [ 1.00000000e-02  1.00000000e-02  1.00000000e-02  1.00000000e-02
    1.00000000e-02  1.00000000e-02  1.00000000e-02  1.00000000e-02
    1.00000000e-02  1.00000000e-02]
  [ 1.00000000e-02  1.00000000e-02  1.00000000e-02  1.00000000e-02
    1.00000000e-02  1.00000000e-02  1.00000000e-02  1.00000000e-02
    1.00000000e-02  1.00000000e-02]
  [ 1.00000000e-02  3.81073283e+00  1.00000000e-02  8.27057877e+00
    1.00000000e-02  1.00000000e-02  1.00000000e-02  2.57422086e+01
    1.00000000e-02  1.00000000e-02]
  [ 1.00000000e-02  5.70039724e-01  1.00000000e-02  1.58698613e+00
    1.00000000e-02  1.00000000e-02  1.00000000e-02  1.00000000e-02
    1.00000000e-02  2.24491280e+01]
  [ 1.00000000e-02  2.23902478e+01  1.00000000e-02  1.96300743e+01
    1.00000000e-02  1.00000000e-02  1.00000000e-02  1.00000000e-02
    1.00000000e-02  3.45061171e+00]
  [ 1.00000000e-02  1.00000000e-02  1.00000000e-02  1.00000000e-02
    1.00000000e-02  1.00000000e-02  1.00000000e-02  1.00000000e-02
    1.00000000e-02  1.00000000e-02]]

 [[ 1.00000000e-02  1.00000000e-02  1.00000000e-02  2.68125085e+01
    1.00000000e-02  3.05467502e+01  1.00000000e-02  1.00000000e-02
    2.72118645e+01  1.00000000e-02]
  [ 1.00000000e-02  1.00000000e-02  1.00000000e-02  1.00000000e-02
    1.00000000e-02  1.00000000e-02  1.00000000e-02  1.00000000e-02
    1.00000000e-02  1.00000000e-02]
  [ 1.00000000e-02  1.00000000e-02  1.00000000e-02  1.00000000e-02
    1.00000000e-02  1.00000000e-02  1.00000000e-02  1.00000000e-02
    1.00000000e-02  1.00000000e-02]
  [ 1.00000000e-02  1.00000000e-02  1.00000000e-02  1.00000000e-02
    1.00000000e-02  2.60592162e+01  1.00000000e-02  1.00000000e-02
    3.06436156e+01  1.00000000e-02]
  [ 1.00000000e-02  1.00000000e-02  1.00000000e-02  1.00000000e-02
    1.00000000e-02  1.00000000e-02  1.00000000e-02  1.00000000e-02
    1.00000000e-02  1.00000000e-02]
  [ 1.00000000e-02  1.00000000e-02  1.00000000e-02  1.00000000e-02
    1.00000000e-02  1.00000000e-02  3.07008550e+01  1.00000000e-02
    1.00000000e-02  1.00000000e-02]
  [ 1.00000000e-02  1.00000000e-02  1.00000000e-02  1.00000000e-02
    1.00000000e-02  1.00000000e-02  1.00000000e-02  1.00000000e-02
    1.00000000e-02  1.00000000e-02]
  [ 1.00000000e-02  1.00000000e-02  1.00000000e-02  3.06552888e+01
    1.00000000e-02  2.29906701e+01  1.94192936e+01  1.00000000e-02
    1.00000000e-02  1.00000000e-02]
  [ 1.00000000e-02  1.00000000e-02  1.00000000e-02  1.00000000e-02
    1.00000000e-02  1.00000000e-02  1.00000000e-02  1.00000000e-02
    1.00000000e-02  1.00000000e-02]
  [ 1.00000000e-02  1.00000000e-02  1.00000000e-02  1.00000000e-02
    1.00000000e-02  1.00000000e-02  1.00000000e-02  1.00000000e-02
    1.00000000e-02  1.00000000e-02]]

 [[ 1.00000000e-02  1.00000000e-02  1.00000000e-02  3.02583038e+01
    1.00000000e-02  2.26170546e+01  1.00000000e-02  1.00000000e-02
    1.00000000e-02  1.00000000e-02]
  [ 1.00000000e-02  1.00000000e-02  1.00000000e-02  1.00000000e-02
    3.07189454e+01  1.96947882e+01  2.40256947e+01  1.00000000e-02
    1.00000000e-02  1.00000000e-02]
  [ 1.00000000e-02  1.00000000e-02  1.00000000e-02  1.14977275e+01
    2.40283135e+01  7.70774044e+00  2.94032476e+01  1.00000000e-02
    1.00000000e-02  1.00000000e-02]
  [ 1.00000000e-02  1.71292896e+01  1.00000000e-02  1.00000000e-02
    1.00000000e-02  1.35641250e+01  1.00000000e-02  3.00066130e+01
    1.00000000e-02  1.88722268e+01]
  [ 1.00000000e-02  1.87628621e+01  1.00000000e-02  1.00000000e-02
    1.00000000e-02  1.75249392e+01  8.40798484e+00  1.00000000e-02
    1.00000000e-02  3.04556641e+01]
  [ 1.00000000e-02  1.00000000e-02  1.00000000e-02  1.00000000e-02
    1.00000000e-02  1.00000000e-02  1.00000000e-02  1.00000000e-02
    1.00000000e-02  1.00000000e-02]
  [ 1.00000000e-02  3.12959138e+01  1.00000000e-02  2.29157702e+01
    1.00000000e-02  1.00000000e-02  2.61295787e+01  1.00000000e-02
    1.00000000e-02  1.00000000e-02]
  [ 1.00000000e-02  1.89906911e+01  1.00000000e-02  2.28010054e+01
    1.00000000e-02  2.99671469e+01  1.87321171e+01  1.00000000e-02
    1.00000000e-02  1.00000000e-02]
  [ 1.00000000e-02  1.00000000e-02  1.00000000e-02  1.00000000e-02
    1.00000000e-02  1.00000000e-02  1.00000000e-02  1.00000000e-02
    1.00000000e-02  1.00000000e-02]
  [ 1.00000000e-02  1.00000000e-02  1.00000000e-02  1.00000000e-02
    1.00000000e-02  1.00000000e-02  1.00000000e-02  1.00000000e-02
    1.00000000e-02  1.00000000e-02]]

 [[ 1.00000000e-02  1.00000000e-02  1.00000000e-02  1.00000000e-02
    1.00000000e-02  1.00000000e-02  1.00000000e-02  1.00000000e-02
    1.00000000e-02  1.00000000e-02]
  [ 1.00000000e-02  1.00000000e-02  1.00000000e-02  1.00000000e-02
    1.00000000e-02  1.00000000e-02  1.00000000e-02  1.00000000e-02
    1.00000000e-02  1.00000000e-02]
  [ 1.00000000e-02  1.00000000e-02  1.00000000e-02  1.00000000e-02
    1.00000000e-02  2.39619692e+01  2.08492220e+01  1.00000000e-02
    3.13584342e+01  1.00000000e-02]
  [ 1.00000000e-02  1.00000000e-02  1.00000000e-02  1.00000000e-02
    1.00000000e-02  1.00000000e-02  1.00000000e-02  1.00000000e-02
    1.00000000e-02  1.00000000e-02]
  [ 1.00000000e-02  2.22497151e+01  1.00000000e-02  1.00000000e-02
    1.00000000e-02  2.98805009e+01  1.99335163e+01  1.00000000e-02
    2.51966608e+01  1.00000000e-02]
  [ 1.00000000e-02  3.15149338e+01  1.00000000e-02  1.00000000e-02
    1.00000000e-02  1.00000000e-02  2.56082484e+01  1.00000000e-02
    1.00000000e-02  1.00000000e-02]
  [ 1.00000000e-02  2.69317742e+01  2.70620687e+01  1.00000000e-02
    1.00000000e-02  1.00000000e-02  3.01134089e+01  1.00000000e-02
    1.00000000e-02  1.00000000e-02]
  [ 1.00000000e-02  2.19749893e+01  3.09082987e+01  1.00000000e-02
    1.00000000e-02  1.98267722e+01  2.64834103e+01  1.00000000e-02
    1.00000000e-02  1.00000000e-02]
  [ 1.00000000e-02  1.00000000e-02  1.00000000e-02  1.00000000e-02
    1.00000000e-02  1.00000000e-02  1.00000000e-02  1.00000000e-02
    1.00000000e-02  1.00000000e-02]
  [ 1.00000000e-02  1.00000000e-02  1.00000000e-02  1.00000000e-02
    1.00000000e-02  1.00000000e-02  1.00000000e-02  1.00000000e-02
    1.00000000e-02  1.00000000e-02]]

 [[ 1.00000000e-02  2.94639633e+01  1.00000000e-02  1.00000000e-02
    1.00000000e-02  9.55962274e+00  1.00000000e-02  1.00000000e-02
    1.49423205e+01  1.15308786e+01]
  [ 1.00000000e-02  1.20710007e+01  1.00000000e-02  1.00000000e-02
    8.46686507e+00  1.01271769e+01  1.00000000e-02  1.00000000e-02
    3.08669764e+01  1.00000000e-02]
  [ 1.00000000e-02  1.00000000e-02  1.00000000e-02  1.00000000e-02
    1.00000000e-02  1.00000000e-02  1.00000000e-02  1.00000000e-02
    1.00000000e-02  1.00000000e-02]
  [ 1.00000000e-02  1.18167691e+01  1.00000000e-02  1.00000000e-02
    1.53725261e+01  3.08875349e+01  1.00000000e-02  1.00000000e-02
    2.32908770e+01  2.58996970e+01]
  [ 1.00000000e-02  2.56087227e+01  1.00000000e-02  1.00000000e-02
    1.00000000e-02  2.05458874e+01  3.04059464e+01  1.00000000e-02
    1.91937410e+01  1.30806976e+01]
  [ 1.00000000e-02  1.29535118e+01  1.00000000e-02  1.00000000e-02
    2.98524661e+01  1.00000000e-02  3.70836653e-01  1.00000000e-02
    1.00000000e-02  1.71784610e+01]
  [ 1.00000000e-02  1.46659766e+01  1.00000000e-02  2.98393741e+01
    1.00000000e-02  1.00000000e-02  1.05818390e+01  1.00000000e-02
    1.00000000e-02  1.00000000e-02]
  [ 1.00000000e-02  1.00000000e-02  1.00000000e-02  1.00000000e-02
    1.00000000e-02  1.00000000e-02  1.00000000e-02  1.00000000e-02
    1.00000000e-02  1.00000000e-02]
  [ 1.00000000e-02  1.11120823e+01  1.00000000e-02  1.29073725e+01
    1.00000000e-02  1.74540252e+01  9.85126549e+00  1.00000000e-02
    1.00000000e-02  3.03917607e+01]
  [ 1.00000000e-02  1.00000000e-02  1.00000000e-02  1.00000000e-02
    1.00000000e-02  1.00000000e-02  1.00000000e-02  1.00000000e-02
    1.00000000e-02  1.00000000e-02]]

 [[ 1.00000000e-02  2.42041617e+00  1.00000000e-02  1.00000000e-02
    1.00000000e-02  8.58440290e+00  1.00000000e-02  1.00000000e-02
    1.00000000e-02  2.99277948e+01]
  [ 1.00000000e-02  1.00000000e-02  1.00000000e-02  1.00000000e-02
    1.00000000e-02  1.00000000e-02  1.00000000e-02  1.00000000e-02
    1.00000000e-02  1.00000000e-02]
  [ 1.00000000e-02  1.00000000e-02  1.00000000e-02  1.00000000e-02
    3.04209174e+01  1.06515589e+00  1.00000000e-02  1.00000000e-02
    1.00000000e-02  2.48423280e+00]
  [ 1.00000000e-02  1.00000000e-02  3.08408948e+01  1.00000000e-02
    1.04894775e+01  1.09701981e+01  1.00000000e-02  1.00000000e-02
    1.00000000e-02  1.41156778e+01]
  [ 1.00000000e-02  3.01056471e+01  1.00000000e-02  1.00000000e-02
    1.00000000e-02  2.37222671e+01  2.31406486e+01  1.00000000e-02
    1.00000000e-02  1.13232645e+01]
  [ 1.00000000e-02  1.00000000e-02  1.00000000e-02  1.00000000e-02
    1.00000000e-02  1.00000000e-02  1.00000000e-02  1.00000000e-02
    1.00000000e-02  1.00000000e-02]
  [ 1.00000000e-02  1.00000000e-02  1.00000000e-02  1.00000000e-02
    1.00000000e-02  1.00000000e-02  1.00000000e-02  1.00000000e-02
    1.00000000e-02  1.00000000e-02]
  [ 1.00000000e-02  5.03993440e+00  1.00000000e-02  1.00000000e-02
    1.00000000e-02  9.51855764e+00  2.97842582e+01  1.00000000e-02
    1.00000000e-02  1.23857545e+01]
  [ 1.00000000e-02  6.29914613e+00  1.00000000e-02  1.00000000e-02
    1.00000000e-02  3.05749842e+01  1.71075496e+01  1.00000000e-02
    1.00000000e-02  1.99558890e+01]
  [ 1.00000000e-02  1.00000000e-02  1.00000000e-02  1.00000000e-02
    1.00000000e-02  1.00000000e-02  1.00000000e-02  1.00000000e-02
    1.00000000e-02  1.00000000e-02]]

 [[ 1.00000000e-02  1.00000000e-02  1.00000000e-02  1.00000000e-02
    1.00000000e-02  1.00000000e-02  1.00000000e-02  1.00000000e-02
    1.00000000e-02  1.00000000e-02]
  [ 1.00000000e-02  1.00000000e-02  1.00000000e-02  1.00000000e-02
    1.00000000e-02  1.00000000e-02  1.00000000e-02  1.00000000e-02
    1.00000000e-02  1.00000000e-02]
  [ 1.00000000e-02  1.00000000e-02  1.00000000e-02  1.00000000e-02
    1.00000000e-02  2.93332835e+01  1.00000000e-02  1.00000000e-02
    9.96587884e+00  2.35861081e+01]
  [ 1.00000000e-02  1.74181475e+01  1.00000000e-02  1.00000000e-02
    1.00000000e-02  2.60923371e+01  1.00000000e-02  1.14086120e+01
    2.36446725e+01  2.96005833e+01]
  [ 1.00000000e-02  2.25088633e+01  1.00000000e-02  1.00000000e-02
    1.00000000e-02  2.46308053e+01  1.00000000e-02  1.00000000e-02
    3.21849714e+01  1.74943213e+01]
  [ 1.00000000e-02  2.04721115e+01  1.00000000e-02  1.00000000e-02
    1.00000000e-02  1.00000000e-02  1.00000000e-02  3.11053315e+01
    1.00000000e-02  1.99151897e+01]
  [ 1.00000000e-02  1.00000000e-02  1.00000000e-02  1.00000000e-02
    1.00000000e-02  1.00000000e-02  1.00000000e-02  1.00000000e-02
    1.00000000e-02  1.00000000e-02]
  [ 1.00000000e-02  3.05917335e+01  1.00000000e-02  1.00000000e-02
    1.00000000e-02  1.02306234e+01  1.00000000e-02  1.00000000e-02
    1.00000000e-02  9.75149391e+00]
  [ 1.00000000e-02  1.00000000e-02  1.00000000e-02  1.00000000e-02
    1.00000000e-02  1.00000000e-02  1.00000000e-02  1.00000000e-02
    1.00000000e-02  1.00000000e-02]
  [ 1.00000000e-02  1.00000000e-02  1.00000000e-02  1.00000000e-02
    1.00000000e-02  1.00000000e-02  1.00000000e-02  1.00000000e-02
    1.00000000e-02  1.00000000e-02]]

 [[ 1.00000000e-02  1.00000000e-02  1.00000000e-02  1.00000000e-02
    1.00000000e-02  1.00000000e-02  1.00000000e-02  1.00000000e-02
    1.00000000e-02  1.00000000e-02]
  [ 1.00000000e-02  1.00000000e-02  1.00000000e-02  1.00000000e-02
    1.00000000e-02  1.00000000e-02  1.00000000e-02  1.00000000e-02
    1.00000000e-02  1.00000000e-02]
  [ 1.00000000e-02  1.00000000e-02  1.00000000e-02  1.00000000e-02
    1.00000000e-02  1.00000000e-02  1.00000000e-02  1.00000000e-02
    1.00000000e-02  1.00000000e-02]
  [ 1.00000000e-02  1.00000000e-02  1.00000000e-02  1.00000000e-02
    1.00000000e-02  1.00000000e-02  1.00000000e-02  1.00000000e-02
    1.00000000e-02  1.00000000e-02]
  [ 1.00000000e-02  1.00000000e-02  1.00000000e-02  1.00000000e-02
    1.00000000e-02  1.00000000e-02  1.00000000e-02  1.00000000e-02
    1.00000000e-02  1.00000000e-02]
  [ 1.00000000e-02  1.00000000e-02  1.00000000e-02  1.00000000e-02
    1.00000000e-02  1.00000000e-02  1.00000000e-02  1.00000000e-02
    1.00000000e-02  1.00000000e-02]
  [ 1.00000000e-02  1.00000000e-02  1.00000000e-02  1.00000000e-02
    1.00000000e-02  1.00000000e-02  1.00000000e-02  1.00000000e-02
    1.00000000e-02  1.00000000e-02]
  [ 1.00000000e-02  1.00000000e-02  1.00000000e-02  1.00000000e-02
    1.00000000e-02  1.00000000e-02  1.00000000e-02  1.00000000e-02
    1.00000000e-02  1.00000000e-02]
  [ 1.00000000e-02  1.00000000e-02  1.00000000e-02  1.00000000e-02
    1.00000000e-02  1.00000000e-02  1.00000000e-02  1.00000000e-02
    1.00000000e-02  1.00000000e-02]
  [ 1.00000000e-02  1.00000000e-02  1.00000000e-02  1.00000000e-02
    1.00000000e-02  1.00000000e-02  1.00000000e-02  1.00000000e-02
    1.00000000e-02  1.00000000e-02]]]
