Training sample: #74
[[0 5 0 9 6 0 8 0 0]
 [0 0 2 0 0 0 0 5 6]
 [0 0 8 0 0 0 1 9 0]
 [0 0 0 1 0 2 9 0 0]
 [0 0 0 0 5 6 2 0 0]
 [0 0 0 8 0 0 0 0 5]
 [4 0 3 0 8 0 0 2 0]
 [0 2 0 0 0 9 0 1 0]
 [0 0 0 0 2 0 6 0 0]]
New max total reward: -10 at episode: 0 with epsilon: 0.5997
episode 0, total_reward -10, epsilon 0.5997
New max total reward: 25 at episode: 1 with epsilon: 0.5994
New max total reward: 36 at episode: 3 with epsilon: 0.5988
New max total reward: 92 at episode: 5 with epsilon: 0.5982
New max total reward: 100 at episode: 30 with epsilon: 0.5908
New max total reward: 148 at episode: 32 with epsilon: 0.5902
episode 500, total_reward 25, epsilon 0.4670
New max total reward: 158 at episode: 690 with epsilon: 0.4247
episode 1000, total_reward -4, epsilon 0.3637
episode 1500, total_reward 53, epsilon 0.2832
episode 2000, total_reward 45, epsilon 0.2206
episode 2500, total_reward 25, epsilon 0.1718
episode 3000, total_reward 15, epsilon 0.1338
episode 3500, total_reward 92, epsilon 0.1042
episode 4000, total_reward 53, epsilon 0.0811
episode 4500, total_reward 7, epsilon 0.0632
episode 5000, total_reward 148, epsilon 0.0492
episode 5500, total_reward 100, epsilon 0.0383
episode 6000, total_reward 100, epsilon 0.0298
episode 6500, total_reward 148, epsilon 0.0232
episode 7000, total_reward 148, epsilon 0.0181
episode 7500, total_reward 148, epsilon 0.0141
episode 8000, total_reward 148, epsilon 0.0110
episode 8500, total_reward 148, epsilon 0.0100
episode 9000, total_reward 148, epsilon 0.0100
episode 9500, total_reward 148, epsilon 0.0100
[[[ 1.00000000e-02 -2.26229572e+00  1.00000000e-02  2.70570609e+01
    1.00000000e-02  1.00000000e-02  1.00000000e-02 -9.18318253e-01
    1.00000000e-02  1.00000000e-02]
  [ 1.00000000e-02  1.00000000e-02  1.00000000e-02  1.00000000e-02
    1.00000000e-02  1.00000000e-02  1.00000000e-02  1.00000000e-02
    1.00000000e-02  1.00000000e-02]
  [ 1.00000000e-02  2.65434240e+01  1.00000000e-02  1.00000000e-02
    4.03582094e+00  1.00000000e-02  1.00000000e-02  3.61446054e+00
    1.00000000e-02  1.00000000e-02]
  [ 1.00000000e-02  1.00000000e-02  1.00000000e-02  1.00000000e-02
    1.00000000e-02  1.00000000e-02  1.00000000e-02  1.00000000e-02
    1.00000000e-02  1.00000000e-02]
  [ 1.00000000e-02  1.00000000e-02  1.00000000e-02  1.00000000e-02
    1.00000000e-02  1.00000000e-02  1.00000000e-02  1.00000000e-02
    1.00000000e-02  1.00000000e-02]
  [ 1.00000000e-02  5.76408729e+00  1.00000000e-02  1.25167553e+00
    2.73509133e+01  1.00000000e-02  1.00000000e-02  1.19109141e+00
    1.00000000e-02  1.00000000e-02]
  [ 1.00000000e-02  1.00000000e-02  1.00000000e-02  1.00000000e-02
    1.00000000e-02  1.00000000e-02  1.00000000e-02  1.00000000e-02
    1.00000000e-02  1.00000000e-02]
  [ 1.00000000e-02  1.00000000e-02  1.00000000e-02  2.44193717e+01
    2.44773083e+01  1.00000000e-02  1.00000000e-02  2.75509971e+01
    1.00000000e-02  1.00000000e-02]
  [ 1.00000000e-02  1.00000000e-02  2.83687344e+01  2.39016742e+01
    2.24870712e+01  1.00000000e-02  1.00000000e-02  2.33825488e+01
    1.00000000e-02  1.00000000e-02]
  [ 1.00000000e-02  1.00000000e-02  1.00000000e-02  1.00000000e-02
    1.00000000e-02  1.00000000e-02  1.00000000e-02  1.00000000e-02
    1.00000000e-02  1.00000000e-02]]

 [[ 1.00000000e-02 -1.46540451e+00  1.00000000e-02 -9.23349938e-01
    1.00000000e-02  1.00000000e-02  1.00000000e-02 -1.70549231e-01
    1.00000000e-02  2.71942656e+01]
  [ 1.00000000e-02  8.91343552e-01  1.00000000e-02  2.93568165e+00
    4.78356598e+00  1.00000000e-02  1.00000000e-02  2.68569783e+01
    1.00000000e-02  9.86019217e+00]
  [ 1.00000000e-02  1.00000000e-02  1.00000000e-02  1.00000000e-02
    1.00000000e-02  1.00000000e-02  1.00000000e-02  1.00000000e-02
    1.00000000e-02  1.00000000e-02]
  [ 1.00000000e-02  1.00000000e-02  1.00000000e-02  2.75124765e+01
    2.01836456e+00  1.00000000e-02  1.00000000e-02  3.34163257e+00
    1.00000000e-02  1.00000000e-02]
  [ 1.00000000e-02  2.69431981e+01  1.00000000e-02 -7.59403823e-01
    1.61087077e+00  1.00000000e-02  1.00000000e-02  3.75071884e+00
    1.00000000e-02  1.00000000e-02]
  [ 1.00000000e-02  5.13951284e-01  1.00000000e-02  9.15319800e+00
   -1.78346382e+00  1.00000000e-02  1.00000000e-02 -2.03326361e+00
    2.76141837e+01  1.00000000e-02]
  [ 1.00000000e-02  1.00000000e-02  1.00000000e-02  2.44773665e+01
    2.79251966e+01  1.00000000e-02  1.00000000e-02  2.45277734e+01
    1.00000000e-02  1.00000000e-02]
  [ 1.00000000e-02  1.00000000e-02  1.00000000e-02  1.00000000e-02
    1.00000000e-02  1.00000000e-02  1.00000000e-02  1.00000000e-02
    1.00000000e-02  1.00000000e-02]
  [ 1.00000000e-02  1.00000000e-02  1.00000000e-02  1.00000000e-02
    1.00000000e-02  1.00000000e-02  1.00000000e-02  1.00000000e-02
    1.00000000e-02  1.00000000e-02]
  [ 1.00000000e-02  1.00000000e-02  1.00000000e-02  1.00000000e-02
    1.00000000e-02  1.00000000e-02  1.00000000e-02  1.00000000e-02
    1.00000000e-02  1.00000000e-02]]

 [[ 1.00000000e-02  1.00000000e-02  1.00000000e-02 -3.07761357e+00
    1.00000000e-02  1.00000000e-02  2.73249346e+01  7.46149936e-01
    1.00000000e-02  1.00000000e-02]
  [ 1.00000000e-02  1.00000000e-02  1.00000000e-02  6.32291962e+00
    2.69606576e+01  1.00000000e-02  2.31050629e-02  2.48996400e+00
    1.00000000e-02  1.00000000e-02]
  [ 1.00000000e-02  1.00000000e-02  1.00000000e-02  1.00000000e-02
    1.00000000e-02  1.00000000e-02  1.00000000e-02  1.00000000e-02
    1.00000000e-02  1.00000000e-02]
  [ 1.00000000e-02  1.00000000e-02  2.82427065e+01 -1.03792786e-01
    3.08000452e+00 -3.02673632e+00  1.00000000e-02 -1.94617789e+00
    1.00000000e-02  1.00000000e-02]
  [ 1.00000000e-02  1.00000000e-02  1.00000000e-02  1.04417538e+01
    1.54763324e+01  1.00000000e-02  1.00000000e-02  2.80432716e+01
    1.00000000e-02  1.00000000e-02]
  [ 1.00000000e-02  1.00000000e-02  1.00000000e-02 -3.36847670e+00
    4.47888036e-01  2.70144458e+01  1.00000000e-02 -8.73445282e-01
    1.00000000e-02  1.00000000e-02]
  [ 1.00000000e-02  1.00000000e-02  1.00000000e-02  1.00000000e-02
    1.00000000e-02  1.00000000e-02  1.00000000e-02  1.00000000e-02
    1.00000000e-02  1.00000000e-02]
  [ 1.00000000e-02  1.00000000e-02  1.00000000e-02  1.00000000e-02
    1.00000000e-02  1.00000000e-02  1.00000000e-02  1.00000000e-02
    1.00000000e-02  1.00000000e-02]
  [ 1.00000000e-02  1.00000000e-02  2.53054390e+01  2.73001991e+01
    1.96299773e+01  1.00000000e-02  1.00000000e-02  2.48762709e+01
    1.00000000e-02  1.00000000e-02]
  [ 1.00000000e-02  1.00000000e-02  1.00000000e-02  1.00000000e-02
    1.00000000e-02  1.00000000e-02  1.00000000e-02  1.00000000e-02
    1.00000000e-02  1.00000000e-02]]

 [[ 1.00000000e-02  1.00000000e-02  1.00000000e-02  1.39945581e+01
    1.00000000e-02  2.67515837e+01  1.84584199e+01  1.95681366e+00
    1.07744408e+01  1.00000000e-02]
  [ 1.00000000e-02  1.00000000e-02  1.00000000e-02  7.78202483e+00
    7.71587086e+00  1.00000000e-02  5.15694175e+00  8.03188654e+00
    2.59384441e+01  1.00000000e-02]
  [ 1.00000000e-02  1.00000000e-02  1.00000000e-02  1.00000000e-02
    2.11248175e+01  1.44168961e+01  2.66753282e+01  7.14018560e+00
    1.00000000e-02  1.00000000e-02]
  [ 1.00000000e-02  1.00000000e-02  1.00000000e-02  1.00000000e-02
    1.00000000e-02  1.00000000e-02  1.00000000e-02  1.00000000e-02
    1.00000000e-02  1.00000000e-02]
  [ 1.00000000e-02  1.00000000e-02  1.00000000e-02  2.69058686e+01
    2.06956682e+01  1.00000000e-02  1.00000000e-02  1.90394152e+01
    1.00000000e-02  1.00000000e-02]
  [ 1.00000000e-02  1.00000000e-02  1.00000000e-02  1.00000000e-02
    1.00000000e-02  1.00000000e-02  1.00000000e-02  1.00000000e-02
    1.00000000e-02  1.00000000e-02]
  [ 1.00000000e-02  1.00000000e-02  1.00000000e-02  1.00000000e-02
    1.00000000e-02  1.00000000e-02  1.00000000e-02  1.00000000e-02
    1.00000000e-02  1.00000000e-02]
  [ 1.00000000e-02  1.00000000e-02  1.00000000e-02  1.82947457e+01
    2.71585993e+01  1.00000000e-02  2.35005676e+01  2.22581648e+01
    2.11830283e+01  1.00000000e-02]
  [ 1.00000000e-02  1.00000000e-02  1.00000000e-02  1.70555946e+01
    1.42834252e+01  1.00000000e-02  1.00000000e-02  2.72084896e+01
    1.38470754e+01  1.00000000e-02]
  [ 1.00000000e-02  1.00000000e-02  1.00000000e-02  1.00000000e-02
    1.00000000e-02  1.00000000e-02  1.00000000e-02  1.00000000e-02
    1.00000000e-02  1.00000000e-02]]

 [[ 1.00000000e-02  3.05999122e+00  1.00000000e-02  1.72038384e+01
    1.00000000e-02  1.00000000e-02  1.00000000e-02  2.67911200e+01
    8.61521164e+00  1.32517392e+01]
  [ 1.00000000e-02  2.97603017e+00  1.00000000e-02  2.64141201e+01
    1.66433019e+01  1.00000000e-02  1.00000000e-02  1.03979072e+01
    9.06790728e+00  1.26975658e+01]
  [ 1.00000000e-02  2.31639396e+00  1.00000000e-02  1.00000000e-02
    9.02645046e+00  1.00000000e-02  1.00000000e-02  1.11733748e+01
    1.00000000e-02  2.60101177e+01]
  [ 1.00000000e-02  1.00000000e-02  1.00000000e-02  1.77071817e+01
    2.62777138e+01  1.00000000e-02  1.00000000e-02  1.76220021e+01
    1.00000000e-02  1.00000000e-02]
  [ 1.00000000e-02  1.00000000e-02  1.00000000e-02  1.00000000e-02
    1.00000000e-02  1.00000000e-02  1.00000000e-02  1.00000000e-02
    1.00000000e-02  1.00000000e-02]
  [ 1.00000000e-02  1.00000000e-02  1.00000000e-02  1.00000000e-02
    1.00000000e-02  1.00000000e-02  1.00000000e-02  1.00000000e-02
    1.00000000e-02  1.00000000e-02]
  [ 1.00000000e-02  1.00000000e-02  1.00000000e-02  1.00000000e-02
    1.00000000e-02  1.00000000e-02  1.00000000e-02  1.00000000e-02
    1.00000000e-02  1.00000000e-02]
  [ 1.00000000e-02  1.00000000e-02  1.00000000e-02  1.93790371e+01
    2.09436011e+01  1.00000000e-02  1.00000000e-02  1.87548748e+01
    2.74497932e+01  1.00000000e-02]
  [ 1.00000000e-02  2.74562339e+01  1.00000000e-02  1.12334168e+01
    1.11278779e+01  1.00000000e-02  1.00000000e-02  1.57254158e+01
    1.14779252e+01  1.00000000e-02]
  [ 1.00000000e-02  1.00000000e-02  1.00000000e-02  1.00000000e-02
    1.00000000e-02  1.00000000e-02  1.00000000e-02  1.00000000e-02
    1.00000000e-02  1.00000000e-02]]

 [[ 1.00000000e-02  2.89088803e+00  2.63177292e+01  7.41605816e-01
    1.00000000e-02  1.00000000e-02  5.11462836e-01  1.96591466e+00
    1.00000000e-02  4.57457682e-01]
  [ 1.00000000e-02  2.61849549e+01  1.00000000e-02  8.32814783e+00
    2.09169867e+01  1.00000000e-02  8.34744867e+00  8.91815164e+00
    1.00000000e-02  8.32204716e+00]
  [ 1.00000000e-02  1.81293845e+01  1.00000000e-02  1.00000000e-02
    2.70261130e+01  1.00000000e-02  2.18434027e+01  1.52562957e+01
    1.00000000e-02  5.16493089e+00]
  [ 1.00000000e-02  1.00000000e-02  1.00000000e-02  1.00000000e-02
    1.00000000e-02  1.00000000e-02  1.00000000e-02  1.00000000e-02
    1.00000000e-02  1.00000000e-02]
  [ 1.00000000e-02  1.00000000e-02  1.00000000e-02  9.38001375e+00
    2.08761099e+01  1.00000000e-02  1.00000000e-02  2.03119609e+01
    1.00000000e-02  2.73817826e+01]
  [ 1.00000000e-02  1.00000000e-02  1.00000000e-02  1.39119268e+01
    1.71760241e+01  1.00000000e-02  1.00000000e-02  2.65576324e+01
    1.00000000e-02  1.00000000e-02]
  [ 1.00000000e-02  1.00000000e-02  1.00000000e-02  2.75947373e+01
    2.29030844e+01  1.00000000e-02  1.00000000e-02  1.78709145e+01
    1.00000000e-02  1.00000000e-02]
  [ 1.00000000e-02  1.00000000e-02  1.00000000e-02  1.58533031e+01
    2.15061491e+01  1.00000000e-02  2.67816717e+01  1.73879281e+01
    1.00000000e-02  1.00000000e-02]
  [ 1.00000000e-02  1.00000000e-02  1.00000000e-02  1.00000000e-02
    1.00000000e-02  1.00000000e-02  1.00000000e-02  1.00000000e-02
    1.00000000e-02  1.00000000e-02]
  [ 1.00000000e-02  1.00000000e-02  1.00000000e-02  1.00000000e-02
    1.00000000e-02  1.00000000e-02  1.00000000e-02  1.00000000e-02
    1.00000000e-02  1.00000000e-02]]

 [[ 1.00000000e-02  1.00000000e-02  1.00000000e-02  1.00000000e-02
    1.00000000e-02  1.00000000e-02  1.00000000e-02  1.00000000e-02
    1.00000000e-02  1.00000000e-02]
  [ 1.00000000e-02  1.01785954e+01  1.00000000e-02  1.00000000e-02
    1.00000000e-02  1.00000000e-02  2.10053518e+01  1.48793694e+01
    1.00000000e-02  1.20395846e+01]
  [ 1.00000000e-02  1.00000000e-02  1.00000000e-02  1.00000000e-02
    1.00000000e-02  1.00000000e-02  1.00000000e-02  1.00000000e-02
    1.00000000e-02  1.00000000e-02]
  [ 1.00000000e-02  1.00000000e-02  1.00000000e-02  1.00000000e-02
    1.00000000e-02  1.72429485e+01  1.45898980e+01  1.69613351e+01
    1.00000000e-02  1.00000000e-02]
  [ 1.00000000e-02  1.00000000e-02  1.00000000e-02  1.00000000e-02
    1.00000000e-02  1.00000000e-02  1.00000000e-02  1.00000000e-02
    1.00000000e-02  1.00000000e-02]
  [ 1.00000000e-02  1.69427340e+01  1.00000000e-02  1.00000000e-02
    1.00000000e-02  9.39639934e+00  1.00000000e-02  8.40619530e+00
    1.00000000e-02  1.00000000e-02]
  [ 1.00000000e-02  1.00000000e-02  1.00000000e-02  1.00000000e-02
    1.00000000e-02  2.72215992e+01  1.00000000e-02  2.70855019e+01
    1.00000000e-02  1.00000000e-02]
  [ 1.00000000e-02  1.00000000e-02  1.00000000e-02  1.00000000e-02
    1.00000000e-02  1.00000000e-02  1.00000000e-02  1.00000000e-02
    1.00000000e-02  1.00000000e-02]
  [ 1.00000000e-02  1.00000000e-02  1.00000000e-02  1.00000000e-02
    1.00000000e-02  1.00000000e-02  1.00000000e-02  1.35563740e+01
    1.00000000e-02  2.72342527e+01]
  [ 1.00000000e-02  1.00000000e-02  1.00000000e-02  1.00000000e-02
    1.00000000e-02  1.00000000e-02  1.00000000e-02  1.00000000e-02
    1.00000000e-02  1.00000000e-02]]

 [[ 1.00000000e-02  1.00000000e-02  1.00000000e-02  1.00000000e-02
    1.00000000e-02  3.36124961e+00 -1.89496235e+00 -1.06125762e+00
    2.65094801e-01  1.00000000e-02]
  [ 1.00000000e-02  1.00000000e-02  1.00000000e-02  1.00000000e-02
    1.00000000e-02  1.00000000e-02  1.00000000e-02  1.00000000e-02
    1.00000000e-02  1.00000000e-02]
  [ 1.00000000e-02  1.00000000e-02  1.00000000e-02  1.00000000e-02
    1.00000000e-02  1.19397281e+01  3.56441535e+00  1.18654294e+01
    1.00000000e-02  1.00000000e-02]
  [ 1.00000000e-02  1.00000000e-02  1.00000000e-02  4.43789695e+00
   -1.67631317e+00  5.27991881e+00  5.71058161e+00  5.50750003e+00
    1.00000000e-02  1.00000000e-02]
  [ 1.00000000e-02  1.00000000e-02  1.00000000e-02  1.60985421e+01
    2.68340719e+01  1.00000000e-02  1.00000000e-02  1.39865541e+01
    1.00000000e-02  1.00000000e-02]
  [ 1.00000000e-02  1.00000000e-02  1.00000000e-02  1.00000000e-02
    1.00000000e-02  1.00000000e-02  1.00000000e-02  1.00000000e-02
    1.00000000e-02  1.00000000e-02]
  [ 1.00000000e-02  1.00000000e-02  1.00000000e-02  1.98277318e+01
    2.07052399e+01  2.70944607e+01  1.00000000e-02  2.70617414e+01
    1.00000000e-02  1.00000000e-02]
  [ 1.00000000e-02  1.00000000e-02  1.00000000e-02  1.00000000e-02
    1.00000000e-02  1.00000000e-02  1.00000000e-02  1.00000000e-02
    1.00000000e-02  1.00000000e-02]
  [ 1.00000000e-02  1.00000000e-02  1.00000000e-02  1.80354269e+01
    2.05365927e+01  1.00000000e-02  1.00000000e-02  1.42847493e+01
    2.78926602e+01  1.00000000e-02]
  [ 1.00000000e-02  1.00000000e-02  1.00000000e-02  1.00000000e-02
    1.00000000e-02  1.00000000e-02  1.00000000e-02  1.00000000e-02
    1.00000000e-02  1.00000000e-02]]

 [[ 1.00000000e-02 -9.99999999e-01  1.00000000e-02  1.00000000e-02
    1.00000000e-02 -7.71159724e-01  1.00000000e-02  1.35702365e+00
   -1.00000000e+00 -2.49135986e+00]
  [ 1.00000000e-02  3.05648301e+00  1.00000000e-02  1.00000000e-02
    1.00000000e-02  1.00000000e-02  1.00000000e-02  3.32980275e+00
    8.32372446e-01  2.05404037e+01]
  [ 1.00000000e-02  1.78218144e-01  1.00000000e-02  1.00000000e-02
    1.00000000e-02  1.21027377e+01  1.00000000e-02  1.14103804e+01
    1.00000000e-02 -1.61498664e-01]
  [ 1.00000000e-02  1.00000000e-02  1.00000000e-02  2.56523649e+00
    5.23093767e+00  5.18620611e+00  1.00000000e-02  5.89722677e+00
    1.00000000e-02  1.00000000e-02]
  [ 1.00000000e-02  1.00000000e-02  1.00000000e-02  1.00000000e-02
    1.00000000e-02  1.00000000e-02  1.00000000e-02  1.00000000e-02
    1.00000000e-02  1.00000000e-02]
  [ 1.00000000e-02  6.13296042e+00  1.00000000e-02  1.79061272e+01
    1.71499473e+00 -2.80595619e+00  1.00000000e-02  3.39791349e-02
    1.00000000e-02  1.00000000e-02]
  [ 1.00000000e-02  1.00000000e-02  1.00000000e-02  1.00000000e-02
    1.00000000e-02  1.00000000e-02  1.00000000e-02  1.00000000e-02
    1.00000000e-02  1.00000000e-02]
  [ 1.00000000e-02  1.00000000e-02  1.00000000e-02  2.76769434e+01
    1.68560246e+01  1.00000000e-02  1.00000000e-02  2.47910171e+01
    1.36309529e+01  1.00000000e-02]
  [ 1.00000000e-02  1.00000000e-02  1.00000000e-02  1.47512050e+01
    2.75283435e+01  1.00000000e-02  1.00000000e-02  1.40502338e+01
    2.63476264e+01  1.36712884e+01]
  [ 1.00000000e-02  1.00000000e-02  1.00000000e-02  1.00000000e-02
    1.00000000e-02  1.00000000e-02  1.00000000e-02  1.00000000e-02
    1.00000000e-02  1.00000000e-02]]

 [[ 1.00000000e-02  1.00000000e-02  1.00000000e-02  1.00000000e-02
    1.00000000e-02  1.00000000e-02  1.00000000e-02  1.00000000e-02
    1.00000000e-02  1.00000000e-02]
  [ 1.00000000e-02  1.00000000e-02  1.00000000e-02  1.00000000e-02
    1.00000000e-02  1.00000000e-02  1.00000000e-02  1.00000000e-02
    1.00000000e-02  1.00000000e-02]
  [ 1.00000000e-02  1.00000000e-02  1.00000000e-02  1.00000000e-02
    1.00000000e-02  1.00000000e-02  1.00000000e-02  1.00000000e-02
    1.00000000e-02  1.00000000e-02]
  [ 1.00000000e-02  1.00000000e-02  1.00000000e-02  1.00000000e-02
    1.00000000e-02  1.00000000e-02  1.00000000e-02  1.00000000e-02
    1.00000000e-02  1.00000000e-02]
  [ 1.00000000e-02  1.00000000e-02  1.00000000e-02  1.00000000e-02
    1.00000000e-02  1.00000000e-02  1.00000000e-02  1.00000000e-02
    1.00000000e-02  1.00000000e-02]
  [ 1.00000000e-02  1.00000000e-02  1.00000000e-02  1.00000000e-02
    1.00000000e-02  1.00000000e-02  1.00000000e-02  1.00000000e-02
    1.00000000e-02  1.00000000e-02]
  [ 1.00000000e-02  1.00000000e-02  1.00000000e-02  1.00000000e-02
    1.00000000e-02  1.00000000e-02  1.00000000e-02  1.00000000e-02
    1.00000000e-02  1.00000000e-02]
  [ 1.00000000e-02  1.00000000e-02  1.00000000e-02  1.00000000e-02
    1.00000000e-02  1.00000000e-02  1.00000000e-02  1.00000000e-02
    1.00000000e-02  1.00000000e-02]
  [ 1.00000000e-02  1.00000000e-02  1.00000000e-02  1.00000000e-02
    1.00000000e-02  1.00000000e-02  1.00000000e-02  1.00000000e-02
    1.00000000e-02  1.00000000e-02]
  [ 1.00000000e-02  1.00000000e-02  1.00000000e-02  1.00000000e-02
    1.00000000e-02  1.00000000e-02  1.00000000e-02  1.00000000e-02
    1.00000000e-02  1.00000000e-02]]]
