Training sample: #4
[[0 0 5 0 8 9 0 0 0]
 [0 6 0 0 5 7 0 8 0]
 [0 0 0 6 0 0 0 0 0]
 [3 8 0 0 0 0 0 0 0]
 [0 5 0 0 0 3 0 0 1]
 [0 0 9 8 0 0 0 3 0]
 [0 0 0 0 4 0 2 0 0]
 [1 0 8 7 0 0 0 0 4]
 [0 0 6 5 0 0 0 7 0]]
New max total reward: 13 at episode: 0 with epsilon: 0.5997
episode 0, total_reward 13, epsilon 0.5997
New max total reward: 43 at episode: 1 with epsilon: 0.5994
New max total reward: 60 at episode: 4 with epsilon: 0.5985
New max total reward: 88 at episode: 11 with epsilon: 0.5964
New max total reward: 100 at episode: 49 with epsilon: 0.5852
New max total reward: 108 at episode: 97 with epsilon: 0.5713
New max total reward: 128 at episode: 388 with epsilon: 0.4939
episode 500, total_reward 71, epsilon 0.4670
New max total reward: 137 at episode: 639 with epsilon: 0.4357
episode 1000, total_reward 13, epsilon 0.3637
New max total reward: 146 at episode: 1111 with epsilon: 0.3441
episode 1500, total_reward 4, epsilon 0.2832
episode 2000, total_reward 98, epsilon 0.2206
episode 2500, total_reward -16, epsilon 0.1718
episode 3000, total_reward 60, epsilon 0.1338
episode 3500, total_reward 90, epsilon 0.1042
New max total reward: 156 at episode: 3890 with epsilon: 0.0857
episode 4000, total_reward 156, epsilon 0.0811
episode 4500, total_reward 138, epsilon 0.0632
episode 5000, total_reward 137, epsilon 0.0492
episode 5500, total_reward 81, epsilon 0.0383
episode 6000, total_reward 60, epsilon 0.0298
episode 6500, total_reward 128, epsilon 0.0232
episode 7000, total_reward 100, epsilon 0.0181
episode 7500, total_reward 100, epsilon 0.0141
episode 8000, total_reward 128, epsilon 0.0110
episode 8500, total_reward 128, epsilon 0.0100
episode 9000, total_reward 156, epsilon 0.0100
episode 9500, total_reward 119, epsilon 0.0100
[[[ 1.00000000e-02  1.00000000e-02  1.77287105e+01  1.00000000e-02
    1.49083933e+00  1.00000000e-02  1.00000000e-02 -3.89501645e-02
    1.00000000e-02  1.00000000e-02]
  [ 1.00000000e-02  9.21558821e-02 -3.60179407e+00  1.83040605e+01
    3.71033231e+00  1.00000000e-02  1.00000000e-02  2.10179933e+00
    1.00000000e-02  1.00000000e-02]
  [ 1.00000000e-02  1.00000000e-02  1.00000000e-02  1.00000000e-02
    1.00000000e-02  1.00000000e-02  1.00000000e-02  1.00000000e-02
    1.00000000e-02  1.00000000e-02]
  [ 1.00000000e-02  2.60032859e+01  2.54087416e+01  2.21675714e+01
    2.23556535e+01  1.00000000e-02  1.00000000e-02  1.00000000e-02
    1.00000000e-02  1.00000000e-02]
  [ 1.00000000e-02  1.00000000e-02  1.00000000e-02  1.00000000e-02
    1.00000000e-02  1.00000000e-02  1.00000000e-02  1.00000000e-02
    1.00000000e-02  1.00000000e-02]
  [ 1.00000000e-02  1.00000000e-02  1.00000000e-02  1.00000000e-02
    1.00000000e-02  1.00000000e-02  1.00000000e-02  1.00000000e-02
    1.00000000e-02  1.00000000e-02]
  [ 1.00000000e-02 -9.08520502e-01  1.00000000e-02  2.12873155e+00
    1.39981448e+00  1.00000000e-02  1.38958961e+00  2.36302248e+01
    1.00000000e-02  1.00000000e-02]
  [ 1.00000000e-02  6.99580715e+00  3.09113600e+00  1.00000000e-02
    2.20729459e+01  1.00000000e-02  2.70038180e+00  1.00000000e-02
    1.00000000e-02  1.00000000e-02]
  [ 1.00000000e-02  1.00000000e-02  5.05993968e+00  5.40872176e+00
    1.00000000e-02  1.00000000e-02  2.21398185e+01  1.34893391e+00
    1.00000000e-02  1.00000000e-02]
  [ 1.00000000e-02  1.00000000e-02  1.00000000e-02  1.00000000e-02
    1.00000000e-02  1.00000000e-02  1.00000000e-02  1.00000000e-02
    1.00000000e-02  1.00000000e-02]]

 [[ 1.00000000e-02  1.00000000e-02 -6.81526236e-01  1.00000000e-02
    1.72236884e+01  1.00000000e-02  1.00000000e-02  1.00000000e-02
    1.00000000e-02 -2.14155711e+00]
  [ 1.00000000e-02  1.00000000e-02  1.00000000e-02  1.00000000e-02
    1.00000000e-02  1.00000000e-02  1.00000000e-02  1.00000000e-02
    1.00000000e-02  1.00000000e-02]
  [ 1.00000000e-02  1.71052586e+01  5.94524274e+00  1.97120630e+00
   -7.95557820e-01  1.00000000e-02  1.00000000e-02  1.00000000e-02
    1.00000000e-02  1.00000000e-02]
  [ 1.00000000e-02  2.53271844e+01  2.65716700e+01  2.35554413e+01
    2.31593675e+01  1.00000000e-02  1.00000000e-02  1.00000000e-02
    1.00000000e-02  1.00000000e-02]
  [ 1.00000000e-02  1.00000000e-02  1.00000000e-02  1.00000000e-02
    1.00000000e-02  1.00000000e-02  1.00000000e-02  1.00000000e-02
    1.00000000e-02  1.00000000e-02]
  [ 1.00000000e-02  1.00000000e-02  1.00000000e-02  1.00000000e-02
    1.00000000e-02  1.00000000e-02  1.00000000e-02  1.00000000e-02
    1.00000000e-02  1.00000000e-02]
  [ 1.00000000e-02  2.66971702e-01  1.00000000e-02  1.50975203e+00
    1.03703156e-01  1.00000000e-02  1.00000000e-02  1.00000000e-02
    1.00000000e-02  2.19136146e+01]
  [ 1.00000000e-02  1.00000000e-02  1.00000000e-02  1.00000000e-02
    1.00000000e-02  1.00000000e-02  1.00000000e-02  1.00000000e-02
    1.00000000e-02  1.00000000e-02]
  [ 1.00000000e-02  1.00000000e-02  8.48799821e+00  2.29036418e+01
    1.00000000e-02  1.00000000e-02  1.00000000e-02  1.00000000e-02
    1.00000000e-02  8.31231840e-01]
  [ 1.00000000e-02  1.00000000e-02  1.00000000e-02  1.00000000e-02
    1.00000000e-02  1.00000000e-02  1.00000000e-02  1.00000000e-02
    1.00000000e-02  1.00000000e-02]]

 [[ 1.00000000e-02  1.00000000e-02 -2.75255443e+00  1.00000000e-02
   -2.49923806e+00  1.00000000e-02  1.00000000e-02 -3.47888650e+00
    1.67137953e+01 -3.60856857e+00]
  [ 1.00000000e-02  1.41055318e+00 -2.78519474e+00 -2.94181443e+00
   -2.60077686e+00  1.00000000e-02  1.00000000e-02 -1.50691079e+00
    1.00000000e-02  1.64231747e+01]
  [ 1.00000000e-02 -2.52402478e-01 -1.46147767e+00 -2.85822246e+00
    2.90922759e-01  1.00000000e-02  1.00000000e-02  1.70979006e+01
    1.00000000e-02  1.00000000e-02]
  [ 1.00000000e-02  1.00000000e-02  1.00000000e-02  1.00000000e-02
    1.00000000e-02  1.00000000e-02  1.00000000e-02  1.00000000e-02
    1.00000000e-02  1.00000000e-02]
  [ 1.00000000e-02  1.93774374e+01  1.88495998e+01  2.67057395e+01
    1.00000000e-02  1.00000000e-02  1.00000000e-02  1.00000000e-02
    1.00000000e-02  1.00000000e-02]
  [ 1.00000000e-02  1.91825832e+01  2.13104459e+01  1.00000000e-02
    2.59068984e+01  1.00000000e-02  1.00000000e-02  1.00000000e-02
    1.00000000e-02  1.00000000e-02]
  [ 1.00000000e-02 -1.33473238e+00  1.00000000e-02 -3.82566103e-01
   -8.57459081e-02  2.20114453e+01  1.00000000e-02 -2.11941285e+00
    1.00000000e-02 -1.63953082e+00]
  [ 1.00000000e-02  2.27590483e+01  4.28729758e+00  1.00000000e-02
    8.21090938e+00  3.61176617e+00  1.00000000e-02  1.00000000e-02
    1.00000000e-02  6.86220911e+00]
  [ 1.00000000e-02  1.00000000e-02  2.23200989e+01  9.36641058e+00
    1.00000000e-02 -5.42718230e-01  1.00000000e-02 -9.06837356e-01
    1.00000000e-02  1.10972631e+00]
  [ 1.00000000e-02  1.00000000e-02  1.00000000e-02  1.00000000e-02
    1.00000000e-02  1.00000000e-02  1.00000000e-02  1.00000000e-02
    1.00000000e-02  1.00000000e-02]]

 [[ 1.00000000e-02  1.00000000e-02  1.00000000e-02  1.00000000e-02
    1.00000000e-02  1.00000000e-02  1.00000000e-02  1.00000000e-02
    1.00000000e-02  1.00000000e-02]
  [ 1.00000000e-02  1.00000000e-02  1.00000000e-02  1.00000000e-02
    1.00000000e-02  1.00000000e-02  1.00000000e-02  1.00000000e-02
    1.00000000e-02  1.00000000e-02]
  [ 1.00000000e-02  1.41358793e+01  1.81474320e+01  1.00000000e-02
    2.68063691e+01  1.00000000e-02  1.00000000e-02  1.73154688e+01
    1.00000000e-02  1.00000000e-02]
  [ 1.00000000e-02  1.83592368e+01  1.92408938e+01  1.00000000e-02
    2.11908936e+01  1.00000000e-02  1.00000000e-02  1.00000000e-02
    1.00000000e-02  2.63523436e+01]
  [ 1.00000000e-02  2.60841476e+01  1.66598234e+01  1.00000000e-02
    1.00000000e-02  1.00000000e-02  1.85090757e+01  1.94089678e+01
    1.00000000e-02  1.43551827e+01]
  [ 1.00000000e-02  1.64883502e+01  1.42464815e+01  1.00000000e-02
    1.61875279e+01  2.61785330e+01  1.56354856e+01  1.00000000e-02
    1.00000000e-02  1.00000000e-02]
  [ 1.00000000e-02  1.00000000e-02  1.00000000e-02  1.00000000e-02
    5.22663504e+00  4.06395908e+00  2.56365684e+01  1.08284141e+01
    1.00000000e-02  1.67858692e+01]
  [ 1.00000000e-02  1.00000000e-02  2.52686051e+01  1.00000000e-02
    6.71329997e+00  5.90524073e+00  1.57353516e+01  1.00000000e-02
    1.00000000e-02  1.53443572e+01]
  [ 1.00000000e-02  1.00000000e-02  1.16629846e+01  1.00000000e-02
    1.00000000e-02  4.46744090e+00  1.05097117e+01  2.54140747e+01
    1.00000000e-02  9.73175729e+00]
  [ 1.00000000e-02  1.00000000e-02  1.00000000e-02  1.00000000e-02
    1.00000000e-02  1.00000000e-02  1.00000000e-02  1.00000000e-02
    1.00000000e-02  1.00000000e-02]]

 [[ 1.00000000e-02  1.00000000e-02  2.51541965e+01  1.00000000e-02
    1.73095124e+01  1.00000000e-02  1.31477959e+01  2.56661941e+01
    1.00000000e-02  1.00000000e-02]
  [ 1.00000000e-02  1.00000000e-02  1.00000000e-02  1.00000000e-02
    1.00000000e-02  1.00000000e-02  1.00000000e-02  1.00000000e-02
    1.00000000e-02  1.00000000e-02]
  [ 1.00000000e-02  1.00000000e-02  2.49474383e+01  1.00000000e-02
    2.01576255e+01  1.00000000e-02  1.00000000e-02  2.49029403e+01
    1.00000000e-02  1.00000000e-02]
  [ 1.00000000e-02  1.00000000e-02  2.11343864e+01  1.00000000e-02
    2.63017577e+01  1.00000000e-02  1.00000000e-02  1.00000000e-02
    1.00000000e-02  2.22396523e+01]
  [ 1.00000000e-02  1.00000000e-02  1.68419115e+01  1.00000000e-02
    1.00000000e-02  1.00000000e-02  2.71240786e+01  1.83924478e+01
    1.00000000e-02  1.87380245e+01]
  [ 1.00000000e-02  1.00000000e-02  1.00000000e-02  1.00000000e-02
    1.00000000e-02  1.00000000e-02  1.00000000e-02  1.00000000e-02
    1.00000000e-02  1.00000000e-02]
  [ 1.00000000e-02  1.00000000e-02  1.00000000e-02  1.00000000e-02
    1.63044982e+00  1.00000000e-02  3.02529701e+00  3.51484181e+00
    2.69319317e+01  2.26584985e+00]
  [ 1.00000000e-02  1.00000000e-02  1.64058407e+01  1.00000000e-02
    1.31980528e+01  1.00000000e-02  6.12339858e+00  1.00000000e-02
    1.00000000e-02  2.51940286e+01]
  [ 1.00000000e-02  1.00000000e-02  1.00000000e-02  1.00000000e-02
    1.00000000e-02  1.00000000e-02  1.00000000e-02  1.00000000e-02
    1.00000000e-02  1.00000000e-02]
  [ 1.00000000e-02  1.00000000e-02  1.00000000e-02  1.00000000e-02
    1.00000000e-02  1.00000000e-02  1.00000000e-02  1.00000000e-02
    1.00000000e-02  1.00000000e-02]]

 [[ 1.00000000e-02  1.00000000e-02  7.92838836e+00  1.00000000e-02
    9.52864257e+00  1.00000000e-02  2.50230877e+01  1.25688112e+01
    1.00000000e-02  1.00000000e-02]
  [ 1.00000000e-02  2.51545188e+01  1.13621530e+01  1.00000000e-02
    1.41133106e+01  1.00000000e-02  1.00000000e-02  1.03507707e+01
    1.00000000e-02  1.00000000e-02]
  [ 1.00000000e-02  1.00000000e-02  1.00000000e-02  1.00000000e-02
    1.00000000e-02  1.00000000e-02  1.00000000e-02  1.00000000e-02
    1.00000000e-02  1.00000000e-02]
  [ 1.00000000e-02  1.00000000e-02  1.00000000e-02  1.00000000e-02
    1.00000000e-02  1.00000000e-02  1.00000000e-02  1.00000000e-02
    1.00000000e-02  1.00000000e-02]
  [ 1.00000000e-02  1.98408753e+01  1.53717716e+01  1.00000000e-02
    1.00000000e-02  1.00000000e-02  1.82222179e+01  2.56947711e+01
    1.00000000e-02  1.00000000e-02]
  [ 1.00000000e-02  1.38271173e+01  2.65158687e+01  1.00000000e-02
    1.83291248e+01  1.90710114e+01  1.71971550e+01  1.00000000e-02
    1.00000000e-02  1.00000000e-02]
  [ 1.00000000e-02  1.00000000e-02  1.00000000e-02  1.00000000e-02
    2.59619067e+01  6.27638173e+00  4.98852802e+00  5.76839840e+00
    1.00000000e-02  1.00000000e-02]
  [ 1.00000000e-02  1.00000000e-02  1.00000000e-02  1.00000000e-02
    1.00000000e-02  1.00000000e-02  1.00000000e-02  1.00000000e-02
    1.00000000e-02  1.00000000e-02]
  [ 1.00000000e-02  1.00000000e-02  6.96875318e+00  1.00000000e-02
    1.00000000e-02  2.59538678e+01  4.28594310e+00  4.35476284e+00
    1.00000000e-02  1.00000000e-02]
  [ 1.00000000e-02  1.00000000e-02  1.00000000e-02  1.00000000e-02
    1.00000000e-02  1.00000000e-02  1.00000000e-02  1.00000000e-02
    1.00000000e-02  1.00000000e-02]]

 [[ 1.00000000e-02  1.00000000e-02  1.00000000e-02  1.00000000e-02
    1.00000000e-02 -1.78924216e+00  1.00000000e-02 -3.96491660e+00
    1.00000000e-02 -9.98979107e-01]
  [ 1.00000000e-02  1.00000000e-02  1.00000000e-02 -2.24769926e+00
    1.00000000e-02  1.00000000e-02  1.00000000e-02  8.49478245e+00
    1.00000000e-02  1.66359997e+00]
  [ 1.00000000e-02  1.00000000e-02  1.00000000e-02  4.44479333e+00
    1.00000000e-02  1.00000000e-02  1.00000000e-02  5.98144189e+00
    1.00000000e-02  1.00000000e-02]
  [ 1.00000000e-02  1.96588970e+01  1.00000000e-02  2.55032675e+01
    1.00000000e-02  1.00000000e-02  1.00000000e-02  1.00000000e-02
    1.00000000e-02  1.82526951e+01]
  [ 1.00000000e-02  1.00000000e-02  1.00000000e-02  1.00000000e-02
    1.00000000e-02  1.00000000e-02  1.00000000e-02  1.00000000e-02
    1.00000000e-02  1.00000000e-02]
  [ 1.00000000e-02  2.62209397e+01  1.00000000e-02  1.00000000e-02
    1.00000000e-02  1.00000000e-02  1.03515463e+01  1.00000000e-02
    2.30924683e+01  1.00000000e-02]
  [ 1.00000000e-02  1.00000000e-02  1.00000000e-02  1.00000000e-02
    1.00000000e-02  1.00000000e-02  1.00000000e-02  1.00000000e-02
    1.00000000e-02  1.00000000e-02]
  [ 1.00000000e-02  7.37132886e+00  1.00000000e-02  1.00000000e-02
    1.00000000e-02  9.08854215e+00  2.23990428e+01  1.00000000e-02
    1.00000000e-02  8.21714813e+00]
  [ 1.00000000e-02  1.00000000e-02  1.00000000e-02  1.84624652e+00
    1.00000000e-02  2.41593079e+00 -1.34533474e+00  1.00000000e-02
    2.32142113e+01 -1.29292638e+00]
  [ 1.00000000e-02  1.00000000e-02  1.00000000e-02  1.00000000e-02
    1.00000000e-02  1.00000000e-02  1.00000000e-02  1.00000000e-02
    1.00000000e-02  1.00000000e-02]]

 [[ 1.00000000e-02  1.00000000e-02  1.00000000e-02  1.00000000e-02
    1.00000000e-02  1.00000000e-02  1.00000000e-02  1.00000000e-02
    1.00000000e-02  1.00000000e-02]
  [ 1.00000000e-02  1.00000000e-02  2.34640643e+01  1.54549376e+01
    1.00000000e-02  1.00000000e-02  1.00000000e-02  1.00000000e-02
    1.00000000e-02  1.77643077e+01]
  [ 1.00000000e-02  1.00000000e-02  1.00000000e-02  1.00000000e-02
    1.00000000e-02  1.00000000e-02  1.00000000e-02  1.00000000e-02
    1.00000000e-02  1.00000000e-02]
  [ 1.00000000e-02  1.00000000e-02  1.00000000e-02  1.00000000e-02
    1.00000000e-02  1.00000000e-02  1.00000000e-02  1.00000000e-02
    1.00000000e-02  1.00000000e-02]
  [ 1.00000000e-02  1.00000000e-02  2.34192691e+01  2.14423045e+01
    1.00000000e-02  1.00000000e-02  1.83809187e+01  1.00000000e-02
    1.00000000e-02  2.54337686e+01]
  [ 1.00000000e-02  1.00000000e-02  1.99279542e+01  1.00000000e-02
    1.00000000e-02  1.00000000e-02  2.66218267e+01  1.00000000e-02
    1.00000000e-02  1.00000000e-02]
  [ 1.00000000e-02  1.00000000e-02  1.00000000e-02  2.27830647e+01
    1.00000000e-02  1.10337019e+01  8.48682188e+00  1.00000000e-02
    1.00000000e-02  1.52830695e+01]
  [ 1.00000000e-02  1.00000000e-02  1.00000000e-02  1.00000000e-02
    1.00000000e-02  2.28615909e+01  6.87704064e+00  1.00000000e-02
    1.00000000e-02  8.85672331e+00]
  [ 1.00000000e-02  1.00000000e-02  1.00000000e-02  1.00000000e-02
    1.00000000e-02  1.00000000e-02  1.00000000e-02  1.00000000e-02
    1.00000000e-02  1.00000000e-02]
  [ 1.00000000e-02  1.00000000e-02  1.00000000e-02  1.00000000e-02
    1.00000000e-02  1.00000000e-02  1.00000000e-02  1.00000000e-02
    1.00000000e-02  1.00000000e-02]]

 [[ 1.00000000e-02  1.00000000e-02 -2.20642184e+00  1.00000000e-02
    7.38641444e-01  1.00000000e-02  1.00000000e-02  1.00000000e-02
    1.00000000e-02 -2.08639200e-02]
  [ 1.00000000e-02  1.00000000e-02 -3.67326324e+00  7.60091530e+00
    8.42624628e+00  1.00000000e-02  1.00000000e-02  1.00000000e-02
    1.00000000e-02  2.93243587e+00]
  [ 1.00000000e-02  1.00000000e-02  1.00000000e-02  1.00000000e-02
    1.00000000e-02  1.00000000e-02  1.00000000e-02  1.00000000e-02
    1.00000000e-02  1.00000000e-02]
  [ 1.00000000e-02  1.00000000e-02  1.00000000e-02  1.00000000e-02
    1.00000000e-02  1.00000000e-02  1.00000000e-02  1.00000000e-02
    1.00000000e-02  1.00000000e-02]
  [ 1.00000000e-02  1.74218640e+01  2.58453631e+01  1.85812078e+01
    1.00000000e-02  1.00000000e-02  1.00000000e-02  1.00000000e-02
    1.00000000e-02  2.48395089e+01]
  [ 1.00000000e-02  2.29284795e+01  1.42803299e+01  1.00000000e-02
    1.00000000e-02  1.00000000e-02  1.00000000e-02  1.00000000e-02
    2.60676699e+01  1.00000000e-02]
  [ 1.00000000e-02  2.32853470e+01  1.00000000e-02  4.36509618e+00
    1.00000000e-02  1.00000000e-02  1.00000000e-02  1.00000000e-02
    4.20972921e+00  1.57579630e+01]
  [ 1.00000000e-02  1.00000000e-02  1.00000000e-02  1.00000000e-02
    1.00000000e-02  1.00000000e-02  1.00000000e-02  1.00000000e-02
    1.00000000e-02  1.00000000e-02]
  [ 1.00000000e-02  1.00000000e-02  1.00000000e-02  2.22592766e+00
    1.00000000e-02  1.00000000e-02  1.00000000e-02  1.00000000e-02
    3.51887141e+00  2.21880478e+01]
  [ 1.00000000e-02  1.00000000e-02  1.00000000e-02  1.00000000e-02
    1.00000000e-02  1.00000000e-02  1.00000000e-02  1.00000000e-02
    1.00000000e-02  1.00000000e-02]]

 [[ 1.00000000e-02  1.00000000e-02  1.00000000e-02  1.00000000e-02
    1.00000000e-02  1.00000000e-02  1.00000000e-02  1.00000000e-02
    1.00000000e-02  1.00000000e-02]
  [ 1.00000000e-02  1.00000000e-02  1.00000000e-02  1.00000000e-02
    1.00000000e-02  1.00000000e-02  1.00000000e-02  1.00000000e-02
    1.00000000e-02  1.00000000e-02]
  [ 1.00000000e-02  1.00000000e-02  1.00000000e-02  1.00000000e-02
    1.00000000e-02  1.00000000e-02  1.00000000e-02  1.00000000e-02
    1.00000000e-02  1.00000000e-02]
  [ 1.00000000e-02  1.00000000e-02  1.00000000e-02  1.00000000e-02
    1.00000000e-02  1.00000000e-02  1.00000000e-02  1.00000000e-02
    1.00000000e-02  1.00000000e-02]
  [ 1.00000000e-02  1.00000000e-02  1.00000000e-02  1.00000000e-02
    1.00000000e-02  1.00000000e-02  1.00000000e-02  1.00000000e-02
    1.00000000e-02  1.00000000e-02]
  [ 1.00000000e-02  1.00000000e-02  1.00000000e-02  1.00000000e-02
    1.00000000e-02  1.00000000e-02  1.00000000e-02  1.00000000e-02
    1.00000000e-02  1.00000000e-02]
  [ 1.00000000e-02  1.00000000e-02  1.00000000e-02  1.00000000e-02
    1.00000000e-02  1.00000000e-02  1.00000000e-02  1.00000000e-02
    1.00000000e-02  1.00000000e-02]
  [ 1.00000000e-02  1.00000000e-02  1.00000000e-02  1.00000000e-02
    1.00000000e-02  1.00000000e-02  1.00000000e-02  1.00000000e-02
    1.00000000e-02  1.00000000e-02]
  [ 1.00000000e-02  1.00000000e-02  1.00000000e-02  1.00000000e-02
    1.00000000e-02  1.00000000e-02  1.00000000e-02  1.00000000e-02
    1.00000000e-02  1.00000000e-02]
  [ 1.00000000e-02  1.00000000e-02  1.00000000e-02  1.00000000e-02
    1.00000000e-02  1.00000000e-02  1.00000000e-02  1.00000000e-02
    1.00000000e-02  1.00000000e-02]]]
