Training sample: #33
[[1 0 0 0 0 8 2 0 0]
 [0 0 0 9 0 0 0 6 5]
 [0 0 0 0 5 0 0 0 0]
 [3 0 0 0 0 2 1 0 0]
 [0 0 0 7 0 0 0 4 0]
 [0 0 9 0 6 0 0 7 0]
 [0 3 1 0 0 4 0 0 8]
 [0 4 2 0 0 0 3 0 0]
 [8 0 0 0 0 0 0 0 0]]
New max total reward: -14 at episode: 0 with epsilon: 0.5997
episode 0, total_reward -14, epsilon 0.5997
New max total reward: 30 at episode: 1 with epsilon: 0.5994
New max total reward: 42 at episode: 3 with epsilon: 0.5988
New max total reward: 72 at episode: 17 with epsilon: 0.5946
New max total reward: 78 at episode: 22 with epsilon: 0.5931
New max total reward: 80 at episode: 61 with epsilon: 0.5817
New max total reward: 106 at episode: 68 with epsilon: 0.5796
episode 500, total_reward 77, epsilon 0.4670
episode 1000, total_reward 40, epsilon 0.3637
New max total reward: 108 at episode: 1041 with epsilon: 0.3563
New max total reward: 117 at episode: 1127 with epsilon: 0.3413
episode 1500, total_reward 1, epsilon 0.2832
episode 2000, total_reward 60, epsilon 0.2206
episode 2500, total_reward 59, epsilon 0.1718
episode 3000, total_reward -16, epsilon 0.1338
episode 3500, total_reward 12, epsilon 0.1042
New max total reward: 126 at episode: 3788 with epsilon: 0.0902
episode 4000, total_reward 31, epsilon 0.0811
episode 4500, total_reward 10, epsilon 0.0632
episode 5000, total_reward 89, epsilon 0.0492
episode 5500, total_reward 89, epsilon 0.0383
New max total reward: 128 at episode: 5597 with epsilon: 0.0365
episode 6000, total_reward 128, epsilon 0.0298
episode 6500, total_reward 126, epsilon 0.0232
episode 7000, total_reward 126, epsilon 0.0181
episode 7500, total_reward 128, epsilon 0.0141
episode 8000, total_reward 126, epsilon 0.0110
episode 8500, total_reward 128, epsilon 0.0100
episode 9000, total_reward 128, epsilon 0.0100
episode 9500, total_reward 128, epsilon 0.0100
[[[ 1.00000000e-02  1.00000000e-02  1.00000000e-02  1.00000000e-02
    1.00000000e-02  1.00000000e-02  1.00000000e-02  1.00000000e-02
    1.00000000e-02  1.00000000e-02]
  [ 1.00000000e-02  1.00000000e-02  1.00000000e-02  1.00000000e-02
    1.00000000e-02 -2.14909060e+00 -3.57433879e+00 -2.01439477e+00
    1.00000000e-02 -1.40361688e+00]
  [ 1.00000000e-02  1.00000000e-02  1.00000000e-02 -3.36246253e-01
   -1.22559720e+00 -1.90874929e+00 -3.30338910e+00 -3.16905448e+00
    1.00000000e-02  1.00000000e-02]
  [ 1.00000000e-02  1.00000000e-02  1.00000000e-02 -1.84117631e+00
    6.89731957e-01  1.00000000e-02  2.46058020e+01  1.00000000e-02
    1.00000000e-02  1.00000000e-02]
  [ 1.00000000e-02  1.00000000e-02  1.00000000e-02 -1.68089508e+00
    2.52066128e+01  1.00000000e-02  1.00000000e-02  1.21453640e+00
    1.00000000e-02  1.00000000e-02]
  [ 1.00000000e-02  1.00000000e-02  1.00000000e-02  1.00000000e-02
    1.00000000e-02  1.00000000e-02  1.00000000e-02  1.00000000e-02
    1.00000000e-02  1.00000000e-02]
  [ 1.00000000e-02  1.00000000e-02  1.00000000e-02  1.00000000e-02
    1.00000000e-02  1.00000000e-02  1.00000000e-02  1.00000000e-02
    1.00000000e-02  1.00000000e-02]
  [ 1.00000000e-02  1.00000000e-02  1.00000000e-02  2.37425693e+01
    1.00000000e-02  1.00000000e-02  1.00000000e-02  1.00000000e-02
    1.00000000e-02  5.97286413e+00]
  [ 1.00000000e-02  1.00000000e-02  1.00000000e-02  2.30279906e+00
    1.38482851e+00  1.00000000e-02  1.00000000e-02  7.05695601e+00
    1.00000000e-02  2.33237891e+01]
  [ 1.00000000e-02  1.00000000e-02  1.00000000e-02  1.00000000e-02
    1.00000000e-02  1.00000000e-02  1.00000000e-02  1.00000000e-02
    1.00000000e-02  1.00000000e-02]]

 [[ 1.00000000e-02  1.00000000e-02  4.36924743e+00  1.00000000e-02
   -1.87505315e+00  1.00000000e-02  1.00000000e-02 -1.18466915e+00
    1.00000000e-02  1.00000000e-02]
  [ 1.00000000e-02  1.00000000e-02 -2.65131281e+00  1.00000000e-02
    1.00000000e-02  1.00000000e-02  1.00000000e-02  3.35749502e-01
   -2.22349399e+00  1.00000000e-02]
  [ 1.00000000e-02  1.00000000e-02  1.00000000e-02 -2.24095082e+00
   -2.08455579e+00  1.00000000e-02  1.00000000e-02  9.10941961e-01
   -1.91986472e+00  1.00000000e-02]
  [ 1.00000000e-02  1.00000000e-02  1.00000000e-02  1.00000000e-02
    1.00000000e-02  1.00000000e-02  1.00000000e-02  1.00000000e-02
    1.00000000e-02  1.00000000e-02]
  [ 1.00000000e-02 -5.63496546e-01  2.46788281e+01  5.12142982e+00
   -2.00550813e+00  1.00000000e-02  1.00000000e-02  1.04660093e+00
    1.00000000e-02  1.00000000e-02]
  [ 1.00000000e-02  2.55080925e+01  1.00000000e-02  1.04006682e+00
    1.00000000e-02  1.00000000e-02  1.00000000e-02 -1.86846271e-01
    1.00000000e-02  1.00000000e-02]
  [ 1.00000000e-02  1.00000000e-02  1.00000000e-02  1.00000000e-02
    9.57456780e+00  1.00000000e-02  1.00000000e-02  2.39448644e+01
    5.78526902e+00  1.00000000e-02]
  [ 1.00000000e-02  1.00000000e-02  1.00000000e-02  1.00000000e-02
    1.00000000e-02  1.00000000e-02  1.00000000e-02  1.00000000e-02
    1.00000000e-02  1.00000000e-02]
  [ 1.00000000e-02  1.00000000e-02  1.00000000e-02  1.00000000e-02
    1.00000000e-02  1.00000000e-02  1.00000000e-02  1.00000000e-02
    1.00000000e-02  1.00000000e-02]
  [ 1.00000000e-02  1.00000000e-02  1.00000000e-02  1.00000000e-02
    1.00000000e-02  1.00000000e-02  1.00000000e-02  1.00000000e-02
    1.00000000e-02  1.00000000e-02]]

 [[ 1.00000000e-02  1.00000000e-02  4.19330494e+00  1.00000000e-02
    3.93930477e+00  1.00000000e-02  3.46981804e+00  7.18308124e-01
    1.00000000e-02  3.40998823e+00]
  [ 1.00000000e-02  1.00000000e-02 -7.79290276e-01  1.00000000e-02
    1.00000000e-02  1.00000000e-02 -2.51429127e+00 -2.30590827e+00
    7.66479760e-01  4.58950785e+00]
  [ 1.00000000e-02  1.00000000e-02  1.00000000e-02 -3.50526921e+00
   -1.74395710e+00  1.00000000e-02  4.46447186e+00 -2.85997500e+00
   -2.45875939e+00  1.00000000e-02]
  [ 1.00000000e-02 -9.92489475e-01 -1.71296381e-01  2.43978607e+01
   -8.24886805e-01  1.00000000e-02 -3.47694634e+00  1.00000000e-02
    1.00000000e-02  1.00000000e-02]
  [ 1.00000000e-02  1.00000000e-02  1.00000000e-02  1.00000000e-02
    1.00000000e-02  1.00000000e-02  1.00000000e-02  1.00000000e-02
    1.00000000e-02  1.00000000e-02]
  [ 1.00000000e-02 -1.64042298e+00  1.00000000e-02 -1.18456934e+00
    1.00000000e-02  1.00000000e-02 -3.08980793e+00  2.49137329e+01
    1.00000000e-02  1.00000000e-02]
  [ 1.00000000e-02  1.00000000e-02  1.00000000e-02  1.00000000e-02
    2.37673578e+01  1.00000000e-02  1.00000000e-02  4.85091236e+00
    9.18026996e-01  2.37710260e+00]
  [ 1.00000000e-02  2.34236642e+00  1.00000000e-02  7.99765282e-01
    1.00000000e-02  1.00000000e-02  1.00000000e-02  1.00000000e-02
    2.49210768e+01  3.63633489e+00]
  [ 1.00000000e-02  2.42200526e+01  1.00000000e-02  1.52527534e-01
    1.35924784e+00  1.00000000e-02  1.00000000e-02 -4.58435921e-01
    1.00000000e-02  1.16964767e-01]
  [ 1.00000000e-02  1.00000000e-02  1.00000000e-02  1.00000000e-02
    1.00000000e-02  1.00000000e-02  1.00000000e-02  1.00000000e-02
    1.00000000e-02  1.00000000e-02]]

 [[ 1.00000000e-02  1.00000000e-02  1.00000000e-02  1.00000000e-02
    1.00000000e-02  1.00000000e-02  1.00000000e-02  1.00000000e-02
    1.00000000e-02  1.00000000e-02]
  [ 1.00000000e-02  1.00000000e-02  1.00000000e-02  1.00000000e-02
    1.00000000e-02  1.09544897e+01  6.44094124e-01 -3.76970595e-01
    1.79531135e-02  1.00000000e-02]
  [ 1.00000000e-02  1.00000000e-02  1.00000000e-02  1.00000000e-02
   -3.33274892e+00 -6.62969782e-01  2.07402818e+00  1.07159740e+01
   -6.88594438e-01  1.00000000e-02]
  [ 1.00000000e-02  1.00000000e-02  1.00000000e-02  1.00000000e-02
    2.39748890e+01  3.43819713e+00  1.00000000e-02  1.00000000e-02
   -7.96249271e-01  1.00000000e-02]
  [ 1.00000000e-02  1.00000000e-02  1.00000000e-02  1.00000000e-02
    6.76481125e+00  1.00000000e-02  1.00000000e-02  1.00000000e-02
    2.56734028e+01  1.97994369e+00]
  [ 1.00000000e-02  1.00000000e-02  1.00000000e-02  1.00000000e-02
    1.00000000e-02  1.00000000e-02  1.00000000e-02  1.00000000e-02
    1.00000000e-02  1.00000000e-02]
  [ 1.00000000e-02  1.00000000e-02  1.00000000e-02  1.00000000e-02
    1.00000000e-02  1.00000000e-02  1.00000000e-02  1.00000000e-02
    1.00000000e-02  1.00000000e-02]
  [ 1.00000000e-02  1.00000000e-02  1.00000000e-02  1.00000000e-02
    1.00000000e-02  1.39748262e+01  1.00000000e-02  1.00000000e-02
    1.20475305e+01  2.41991805e+01]
  [ 1.00000000e-02  1.00000000e-02  1.00000000e-02  1.00000000e-02
    1.00000000e-02  1.00000000e-02  2.38492887e+01  1.00000000e-02
    1.00000000e-02  2.76484954e+00]
  [ 1.00000000e-02  1.00000000e-02  1.00000000e-02  1.00000000e-02
    1.00000000e-02  1.00000000e-02  1.00000000e-02  1.00000000e-02
    1.00000000e-02  1.00000000e-02]]

 [[ 1.00000000e-02  1.00000000e-02  5.92625969e+00  1.00000000e-02
    1.00000000e-02  7.55851541e+00 -1.94286738e+00  1.00000000e-02
    1.00000000e-02  1.00000000e-02]
  [ 1.00000000e-02 -6.26200753e-01  2.69390400e+00  1.00000000e-02
    1.00000000e-02  3.49249119e-01 -2.25200530e+00  1.00000000e-02
   -1.82879983e+00  1.00000000e-02]
  [ 1.00000000e-02  1.00000000e-02  1.00000000e-02  1.00000000e-02
    1.00000000e-02  6.77018647e+00  2.69367658e+00  1.00000000e-02
   -1.80772128e+00  1.00000000e-02]
  [ 1.00000000e-02  1.00000000e-02  1.00000000e-02  1.00000000e-02
    1.00000000e-02  1.00000000e-02  1.00000000e-02  1.00000000e-02
    1.00000000e-02  1.00000000e-02]
  [ 1.00000000e-02 -6.39522271e-01  1.00000000e-02  2.37928363e+01
    1.00000000e-02  1.00000000e-02  1.00000000e-02  1.00000000e-02
   -8.93066496e-01  5.37565326e+00]
  [ 1.00000000e-02  6.68630978e+00  1.00000000e-02  4.86131052e+00
    1.00000000e-02  4.27512739e+00  1.00000000e-02  1.00000000e-02
    1.00000000e-02  2.43088545e+01]
  [ 1.00000000e-02  1.00000000e-02  1.00000000e-02  1.00000000e-02
    1.00000000e-02  2.40205662e+01  1.54456192e+00  1.00000000e-02
    2.21690523e+01  8.12505739e+00]
  [ 1.00000000e-02  1.00000000e-02  1.00000000e-02  1.00000000e-02
    1.00000000e-02  1.00000000e-02  1.00000000e-02  1.00000000e-02
    1.00000000e-02  1.00000000e-02]
  [ 1.00000000e-02  1.00000000e-02  2.43333979e+01  2.38936839e+00
    1.00000000e-02  1.00000000e-02 -8.49453694e-01  1.00000000e-02
    1.00000000e-02 -5.79634206e-01]
  [ 1.00000000e-02  1.00000000e-02  1.00000000e-02  1.00000000e-02
    1.00000000e-02  1.00000000e-02  1.00000000e-02  1.00000000e-02
    1.00000000e-02  1.00000000e-02]]

 [[ 1.00000000e-02  1.00000000e-02  8.73222982e+00  1.00000000e-02
    1.59428152e+01  3.58340270e+00  1.00000000e-02  1.00000000e-02
    1.00000000e-02  1.00000000e-02]
  [ 1.00000000e-02  2.33213631e+00  1.62350018e+01  1.00000000e-02
    1.00000000e-02  1.83896080e+00  1.00000000e-02  1.00000000e-02
    4.08347286e+00  1.00000000e-02]
  [ 1.00000000e-02  1.00000000e-02  1.00000000e-02  1.00000000e-02
    1.00000000e-02  1.00000000e-02  1.00000000e-02  1.00000000e-02
    1.00000000e-02  1.00000000e-02]
  [ 1.00000000e-02  2.42170125e+01  1.00000000e-02  1.39868620e+00
    4.17100986e+00  3.25720178e-01  1.00000000e-02  1.00000000e-02
   -2.82837404e-01  1.00000000e-02]
  [ 1.00000000e-02  1.00000000e-02  1.00000000e-02  1.00000000e-02
    1.00000000e-02  1.00000000e-02  1.00000000e-02  1.00000000e-02
    1.00000000e-02  1.00000000e-02]
  [ 1.00000000e-02  2.63898666e+00  1.00000000e-02  1.27335962e+00
    1.00000000e-02  2.45326784e+01  1.00000000e-02  1.00000000e-02
    1.00000000e-02  1.00000000e-02]
  [ 1.00000000e-02  1.00000000e-02  1.00000000e-02  1.00000000e-02
    1.00000000e-02  1.95602927e+01  1.00000000e-02  1.00000000e-02
    2.44174130e+01  1.00000000e-02]
  [ 1.00000000e-02  1.00000000e-02  1.00000000e-02  1.00000000e-02
    1.00000000e-02  1.00000000e-02  1.00000000e-02  1.00000000e-02
    1.00000000e-02  1.00000000e-02]
  [ 1.00000000e-02  1.00000000e-02  9.29527261e+00  2.35922375e+01
    1.00000000e-02  1.00000000e-02  1.00000000e-02  1.00000000e-02
    1.00000000e-02  1.00000000e-02]
  [ 1.00000000e-02  1.00000000e-02  1.00000000e-02  1.00000000e-02
    1.00000000e-02  1.00000000e-02  1.00000000e-02  1.00000000e-02
    1.00000000e-02  1.00000000e-02]]

 [[ 1.00000000e-02  1.00000000e-02  1.00000000e-02  1.00000000e-02
    1.00000000e-02  2.18076003e+01  2.41543424e+01  2.18321007e+01
    1.00000000e-02  2.18716373e+01]
  [ 1.00000000e-02  1.00000000e-02  1.00000000e-02  1.00000000e-02
    1.00000000e-02  1.00000000e-02  1.00000000e-02  1.00000000e-02
    1.00000000e-02  1.00000000e-02]
  [ 1.00000000e-02  1.00000000e-02  1.00000000e-02  1.00000000e-02
    1.00000000e-02  1.00000000e-02  1.00000000e-02  1.00000000e-02
    1.00000000e-02  1.00000000e-02]
  [ 1.00000000e-02  1.00000000e-02  1.07870902e+01  1.00000000e-02
    1.00000000e-02  2.50079906e+01  1.87899647e+01  1.00000000e-02
    1.00000000e-02  1.00000000e-02]
  [ 1.00000000e-02  1.00000000e-02  1.17409494e+01  1.00000000e-02
    1.00000000e-02  1.00000000e-02  1.00000000e-02  2.42810161e+01
    1.00000000e-02  1.24709527e+01]
  [ 1.00000000e-02  1.00000000e-02  1.00000000e-02  1.00000000e-02
    1.00000000e-02  1.00000000e-02  1.00000000e-02  1.00000000e-02
    1.00000000e-02  1.00000000e-02]
  [ 1.00000000e-02  1.00000000e-02  1.00000000e-02  1.00000000e-02
    1.00000000e-02  1.99138120e+01  2.15796178e+01  1.93705649e+01
    1.00000000e-02  2.45587945e+01]
  [ 1.00000000e-02  1.00000000e-02  2.40725189e+01  1.00000000e-02
    1.00000000e-02  1.96801972e+01  1.00000000e-02  1.00000000e-02
    1.00000000e-02  1.98722104e+01]
  [ 1.00000000e-02  1.00000000e-02  1.00000000e-02  1.00000000e-02
    1.00000000e-02  1.00000000e-02  1.00000000e-02  1.00000000e-02
    1.00000000e-02  1.00000000e-02]
  [ 1.00000000e-02  1.00000000e-02  1.00000000e-02  1.00000000e-02
    1.00000000e-02  1.00000000e-02  1.00000000e-02  1.00000000e-02
    1.00000000e-02  1.00000000e-02]]

 [[ 1.00000000e-02  1.00000000e-02  1.00000000e-02  1.00000000e-02
    1.00000000e-02  2.13007218e+01  2.16963711e+01  2.13694102e+01
    1.00000000e-02  2.47564043e+01]
  [ 1.00000000e-02  1.00000000e-02  1.00000000e-02  1.00000000e-02
    1.00000000e-02  1.00000000e-02  1.00000000e-02  1.00000000e-02
    1.00000000e-02  1.00000000e-02]
  [ 1.00000000e-02  1.00000000e-02  1.00000000e-02  1.00000000e-02
    1.00000000e-02  1.00000000e-02  1.00000000e-02  1.00000000e-02
    1.00000000e-02  1.00000000e-02]
  [ 1.00000000e-02  1.07326659e+01  1.00000000e-02  1.00000000e-02
    1.00000000e-02  6.07831478e+00  5.37469936e+00  1.00000000e-02
    2.58395780e+01  1.00000000e-02]
  [ 1.00000000e-02  2.39116049e+01  1.00000000e-02  1.00000000e-02
    1.00000000e-02  1.00000000e-02  1.00000000e-02  6.49802933e+00
    1.10877422e+01  3.90840176e+00]
  [ 1.00000000e-02  1.13781583e+01  1.00000000e-02  1.00000000e-02
    1.00000000e-02  8.88213705e+00  2.61017437e+01  3.45222096e+00
    1.00000000e-02  1.28428081e+01]
  [ 1.00000000e-02  1.00000000e-02  1.00000000e-02  1.00000000e-02
    1.00000000e-02  1.00000000e-02  1.00000000e-02  1.00000000e-02
    1.00000000e-02  1.00000000e-02]
  [ 1.00000000e-02  1.77052222e+01  1.00000000e-02  1.00000000e-02
    1.00000000e-02  2.42645843e+01  1.00000000e-02  1.00000000e-02
    1.00000000e-02  1.63402723e+01]
  [ 1.00000000e-02  8.65020843e+00  1.00000000e-02  1.00000000e-02
    1.00000000e-02  1.00000000e-02  9.92404278e+00  2.39836945e+01
    1.00000000e-02  9.41096526e+00]
  [ 1.00000000e-02  1.00000000e-02  1.00000000e-02  1.00000000e-02
    1.00000000e-02  1.00000000e-02  1.00000000e-02  1.00000000e-02
    1.00000000e-02  1.00000000e-02]]

 [[ 1.00000000e-02  1.00000000e-02  1.00000000e-02  1.00000000e-02
    1.00000000e-02  1.00000000e-02  1.00000000e-02  1.00000000e-02
    1.00000000e-02  1.00000000e-02]
  [ 1.00000000e-02  1.00000000e-02  1.00000000e-02  1.00000000e-02
    1.00000000e-02  1.73940265e+01  1.36247855e+01  2.46533765e+01
    1.00000000e-02  9.97052693e+00]
  [ 1.00000000e-02  1.00000000e-02  1.00000000e-02  1.00000000e-02
    1.00000000e-02  2.43232977e+01  1.43410469e+01  1.53294639e+01
    1.00000000e-02  1.00000000e-02]
  [ 1.00000000e-02  6.55012754e+00  2.39559716e+01  6.89219367e+00
    1.00000000e-02  6.83781842e+00  3.36998368e+00  1.00000000e-02
    1.00000000e-02  1.00000000e-02]
  [ 1.00000000e-02  7.70915579e+00  6.02078861e+00  1.45966479e+01
    1.00000000e-02  1.00000000e-02  1.00000000e-02  7.84157571e+00
    1.00000000e-02  2.57086294e+01]
  [ 1.00000000e-02  3.95630844e+00  1.00000000e-02  2.54511874e+01
    1.00000000e-02  7.02983100e+00  4.69532615e+00  4.90904447e+00
    1.00000000e-02  1.40430124e+01]
  [ 1.00000000e-02  1.00000000e-02  1.00000000e-02  1.00000000e-02
    6.08484420e+00  7.79776214e+00  2.48651259e+01  7.18277602e+00
    1.00000000e-02  1.91009543e+01]
  [ 1.00000000e-02  2.34655907e+01  6.48335761e+00  1.00000000e-02
    1.00000000e-02  1.56935179e+01  1.00000000e-02  1.00000000e-02
    1.00000000e-02  9.81494017e+00]
  [ 1.00000000e-02  5.51039048e+00  5.78401730e+00  1.00000000e-02
    2.50453808e+01  1.00000000e-02  5.32161517e+00  6.00998349e+00
    1.00000000e-02  6.70609593e+00]
  [ 1.00000000e-02  1.00000000e-02  1.00000000e-02  1.00000000e-02
    1.00000000e-02  1.00000000e-02  1.00000000e-02  1.00000000e-02
    1.00000000e-02  1.00000000e-02]]

 [[ 1.00000000e-02  1.00000000e-02  1.00000000e-02  1.00000000e-02
    1.00000000e-02  1.00000000e-02  1.00000000e-02  1.00000000e-02
    1.00000000e-02  1.00000000e-02]
  [ 1.00000000e-02  1.00000000e-02  1.00000000e-02  1.00000000e-02
    1.00000000e-02  1.00000000e-02  1.00000000e-02  1.00000000e-02
    1.00000000e-02  1.00000000e-02]
  [ 1.00000000e-02  1.00000000e-02  1.00000000e-02  1.00000000e-02
    1.00000000e-02  1.00000000e-02  1.00000000e-02  1.00000000e-02
    1.00000000e-02  1.00000000e-02]
  [ 1.00000000e-02  1.00000000e-02  1.00000000e-02  1.00000000e-02
    1.00000000e-02  1.00000000e-02  1.00000000e-02  1.00000000e-02
    1.00000000e-02  1.00000000e-02]
  [ 1.00000000e-02  1.00000000e-02  1.00000000e-02  1.00000000e-02
    1.00000000e-02  1.00000000e-02  1.00000000e-02  1.00000000e-02
    1.00000000e-02  1.00000000e-02]
  [ 1.00000000e-02  1.00000000e-02  1.00000000e-02  1.00000000e-02
    1.00000000e-02  1.00000000e-02  1.00000000e-02  1.00000000e-02
    1.00000000e-02  1.00000000e-02]
  [ 1.00000000e-02  1.00000000e-02  1.00000000e-02  1.00000000e-02
    1.00000000e-02  1.00000000e-02  1.00000000e-02  1.00000000e-02
    1.00000000e-02  1.00000000e-02]
  [ 1.00000000e-02  1.00000000e-02  1.00000000e-02  1.00000000e-02
    1.00000000e-02  1.00000000e-02  1.00000000e-02  1.00000000e-02
    1.00000000e-02  1.00000000e-02]
  [ 1.00000000e-02  1.00000000e-02  1.00000000e-02  1.00000000e-02
    1.00000000e-02  1.00000000e-02  1.00000000e-02  1.00000000e-02
    1.00000000e-02  1.00000000e-02]
  [ 1.00000000e-02  1.00000000e-02  1.00000000e-02  1.00000000e-02
    1.00000000e-02  1.00000000e-02  1.00000000e-02  1.00000000e-02
    1.00000000e-02  1.00000000e-02]]]
