2025-10-22 13:25:58.037578: I tensorflow/core/util/port.cc:153] oneDNN custom operations are on. You may see slightly different numerical results due to floating-point round-off errors from different computation orders. To turn them off, set the environment variable `TF_ENABLE_ONEDNN_OPTS=0`.
2025-10-22 13:25:58.488946: I tensorflow/core/platform/cpu_feature_guard.cc:210] This TensorFlow binary is optimized to use available CPU instructions in performance-critical operations.
To enable the following instructions: AVX2 AVX512F AVX512_VNNI FMA, in other operations, rebuild TensorFlow with the appropriate compiler flags.
2025-10-22 13:26:02.870067: I tensorflow/core/util/port.cc:153] oneDNN custom operations are on. You may see slightly different numerical results due to floating-point round-off errors from different computation orders. To turn them off, set the environment variable `TF_ENABLE_ONEDNN_OPTS=0`.
2025-10-22 13:26:08.661045: E external/local_xla/xla/stream_executor/cuda/cuda_platform.cc:51] failed call to cuInit: INTERNAL: CUDA error: Failed call to cuInit: UNKNOWN ERROR (303)
Sample: 1201
Question:
[[0 8 0 9 1 0 3 0 5]
 [0 0 0 0 3 4 9 8 0]
 [0 0 0 0 0 0 0 0 0]
 [0 0 0 0 0 0 1 5 0]
 [0 0 9 0 0 0 4 0 8]
 [0 0 0 5 4 0 0 0 3]
 [1 0 0 0 5 0 0 0 0]
 [2 7 0 0 8 0 0 0 1]
 [9 0 0 0 0 1 0 4 0]]
Solution:
[[5 6 3 0 9 2 1 4 8]
 [2 8 9 1 6 0 3 5 7]
 [4 7 1 3 5 8 9 6 2]
 [7 4 5 0 8 9 2 1 6]
 [8 9 2 5 4 1 7 0 3]
 [1 3 6 2 7 0 5 8 9]
 [3 1 8 9 0 4 6 2 5]
 [9 5 4 8 2 6 0 3 1]
 [6 2 0 7 1 3 8 9 4]]
Number of cells unfilled: 8
Accuracy: 90.12345679012346
Sample: 1202
Question:
[[0 8 1 3 0 0 5 0 7]
 [7 0 3 8 0 0 0 0 9]
 [9 5 0 0 0 7 0 0 0]
 [0 0 0 0 0 5 0 8 0]
 [0 0 0 1 9 0 0 0 0]
 [0 0 7 0 0 3 0 0 0]
 [0 0 9 0 0 0 0 0 0]
 [0 0 5 0 0 1 2 0 4]
 [1 0 0 0 7 0 0 0 8]]
Solution:
[[5 6 3 0 9 7 1 4 2]
 [2 8 9 4 6 0 3 5 7]
 [4 7 1 3 5 2 9 6 8]
 [7 4 5 0 8 9 2 1 6]
 [8 9 2 6 4 1 7 0 3]
 [1 3 6 2 7 0 5 8 9]
 [3 1 8 9 0 4 6 2 5]
 [9 5 4 8 2 6 0 3 1]
 [6 2 0 7 1 3 8 9 4]]
Number of cells unfilled: 8
Accuracy: 90.12345679012346
Sample: 1203
Question:
[[0 8 3 0 0 0 0 0 7]
 [0 0 1 0 0 0 0 0 9]
 [0 0 0 4 0 0 0 1 0]
 [0 7 0 0 2 9 5 0 1]
 [0 5 0 1 0 0 0 0 0]
 [0 0 0 7 5 0 0 4 2]
 [0 0 0 9 1 0 0 0 0]
 [5 0 0 0 4 7 0 0 0]
 [0 0 0 0 0 2 9 0 4]]
Solution:
[[5 6 3 0 9 7 1 4 8]
 [2 8 9 4 6 1 3 5 7]
 [4 7 1 3 5 8 9 6 2]
 [7 4 5 0 8 9 2 1 6]
 [8 9 2 1 4 5 7 0 3]
 [1 3 6 2 7 0 5 8 9]
 [3 1 8 9 0 4 6 2 5]
 [9 5 7 8 2 6 0 3 1]
 [6 2 0 7 1 3 8 9 4]]
Number of cells unfilled: 7
Accuracy: 91.35802469135803
Sample: 1204
Question:
[[0 8 4 0 0 0 5 0 3]
 [5 0 1 8 0 0 0 4 0]
 [3 9 0 0 0 0 0 0 1]
 [1 4 0 0 0 0 0 9 0]
 [0 0 0 0 1 9 3 0 0]
 [0 0 0 4 0 5 8 0 0]
 [0 0 0 0 0 7 0 0 9]
 [0 5 0 0 0 0 0 0 0]
 [0 0 0 5 4 6 0 0 0]]
Solution:
[[5 6 3 0 9 7 1 4 8]
 [2 8 9 4 6 1 3 5 7]
 [4 7 1 3 5 8 9 6 2]
 [7 4 5 0 8 9 2 1 6]
 [8 9 2 1 4 5 7 0 3]
 [1 3 6 2 7 0 5 8 9]
 [3 1 8 9 0 4 6 2 5]
 [9 5 4 8 2 6 0 3 1]
 [6 2 0 7 1 3 8 9 4]]
Number of cells unfilled: 7
Accuracy: 91.35802469135803
Sample: 1205
Question:
[[0 8 6 0 0 0 0 0 0]
 [9 0 0 0 0 0 0 0 2]
 [2 0 3 0 8 7 0 9 0]
 [0 0 7 6 0 0 0 8 0]
 [3 0 9 0 0 0 0 2 6]
 [8 0 0 0 0 2 3 0 7]
 [0 0 0 0 0 0 0 0 9]
 [7 0 0 0 0 5 0 0 0]
 [0 0 0 9 2 4 0 0 0]]
Solution:
[[5 6 3 0 9 7 1 4 2]
 [2 8 9 4 6 0 3 5 7]
 [4 7 1 3 5 2 9 6 8]
 [7 4 5 0 8 9 2 1 6]
 [8 9 2 6 4 1 7 0 3]
 [1 3 6 2 7 0 5 8 9]
 [3 1 8 9 0 4 6 2 5]
 [9 5 4 8 2 6 0 3 1]
 [6 2 0 7 1 3 8 9 4]]
Number of cells unfilled: 8
Accuracy: 90.12345679012346
Sample: 1206
Question:
[[0 8 6 0 0 3 0 0 0]
 [5 3 0 0 4 8 0 7 0]
 [7 0 4 0 6 0 0 3 0]
 [0 0 0 0 0 0 0 0 7]
 [0 0 0 3 0 0 0 4 8]
 [0 0 0 0 0 0 6 5 0]
 [6 0 0 0 0 0 0 0 3]
 [0 0 5 0 0 0 4 0 0]
 [8 0 0 0 2 1 0 0 5]]
Solution:
[[5 6 3 0 9 7 1 4 8]
 [2 8 9 4 6 1 3 5 7]
 [4 7 1 3 5 8 9 6 2]
 [7 4 5 0 8 9 2 1 6]
 [8 9 2 1 4 5 7 0 3]
 [1 3 6 2 7 0 5 8 9]
 [3 1 8 9 0 4 6 2 5]
 [9 5 4 8 2 6 0 3 1]
 [6 2 0 7 1 3 8 9 4]]
Number of cells unfilled: 7
Accuracy: 91.35802469135803
Sample: 1207
Question:
[[0 8 7 9 0 1 0 0 0]
 [0 0 0 5 0 0 0 0 0]
 [0 0 1 0 0 6 0 0 3]
 [0 0 0 0 0 0 6 0 5]
 [0 0 0 3 0 0 0 4 0]
 [1 0 0 0 0 0 0 9 0]
 [0 6 0 4 0 3 1 0 9]
 [0 0 0 0 0 5 0 3 0]
 [0 9 3 6 0 0 4 5 0]]
Solution:
[[5 6 3 0 9 7 1 4 8]
 [2 8 9 1 6 0 3 5 7]
 [4 7 1 3 5 8 9 6 2]
 [7 4 5 0 8 9 2 1 6]
 [8 9 2 5 4 1 7 0 3]
 [1 3 6 2 7 0 5 8 9]
 [3 1 8 9 0 4 6 2 5]
 [9 5 7 8 2 6 0 3 1]
 [6 2 0 7 1 3 8 9 4]]
Number of cells unfilled: 8
Accuracy: 90.12345679012346
Sample: 1208
Question:
[[0 8 9 0 4 6 3 2 0]
 [0 0 0 9 0 0 0 4 8]
 [0 0 3 2 0 0 0 0 0]
 [0 9 0 6 2 0 0 0 0]
 [0 0 0 0 0 4 6 0 0]
 [3 0 0 0 8 9 0 0 0]
 [0 0 0 8 0 0 0 0 2]
 [0 7 1 0 0 0 0 9 0]
 [0 0 0 0 0 3 0 6 0]]
Solution:
[[5 6 3 0 9 8 1 4 2]
 [2 8 9 1 6 0 3 5 7]
 [4 7 1 3 5 2 9 6 8]
 [7 4 5 0 8 9 2 1 6]
 [8 9 2 5 4 1 7 0 3]
 [1 3 6 2 7 0 5 8 9]
 [3 1 8 9 0 4 6 2 5]
 [9 5 7 8 2 6 0 3 1]
 [6 2 0 7 1 3 8 9 4]]
Number of cells unfilled: 8
Accuracy: 90.12345679012346
Sample: 1209
Question:
[[0 8 9 0 7 0 6 0 3]
 [2 6 0 0 0 0 0 7 9]
 [3 0 0 0 0 0 2 8 0]
 [0 0 0 9 0 5 0 0 0]
 [0 0 0 0 0 0 0 6 0]
 [8 0 6 0 0 1 0 0 0]
 [9 2 0 3 0 8 0 0 0]
 [0 0 0 0 0 0 0 9 0]
 [0 7 3 0 0 6 0 0 0]]
Solution:
[[5 6 3 0 9 2 1 4 8]
 [2 8 9 1 6 0 3 5 7]
 [4 7 1 3 5 8 9 6 2]
 [7 4 5 0 8 9 2 1 6]
 [8 9 2 5 4 1 7 0 3]
 [1 3 6 2 7 0 5 8 9]
 [3 1 8 9 0 4 6 2 5]
 [9 5 4 8 2 6 0 3 1]
 [6 2 0 7 1 3 8 9 4]]
Number of cells unfilled: 8
Accuracy: 90.12345679012346
Sample: 1210
Question:
[[0 9 0 1 0 6 0 0 0]
 [0 0 0 0 3 9 1 8 0]
 [0 0 0 8 4 0 0 0 0]
 [0 0 0 0 0 1 2 0 0]
 [0 0 0 0 0 0 5 9 6]
 [0 6 0 0 0 0 0 0 0]
 [0 1 3 0 0 8 9 0 0]
 [8 0 6 0 0 0 0 0 4]
 [9 4 0 0 6 3 0 0 0]]
Solution:
[[5 6 3 0 9 7 1 4 2]
 [2 8 9 4 6 1 3 5 7]
 [4 7 1 3 5 2 9 6 8]
 [7 4 5 0 8 9 2 1 6]
 [8 9 2 1 4 5 7 0 3]
 [1 3 6 2 7 0 5 8 9]
 [3 1 8 9 0 4 6 2 5]
 [9 5 4 8 2 6 0 3 1]
 [6 2 0 7 1 3 8 9 4]]
Number of cells unfilled: 7
Accuracy: 91.35802469135803
Sample: 1211
Question:
[[0 9 2 0 0 0 0 0 0]
 [0 0 0 0 0 0 5 0 0]
 [0 1 0 8 5 0 0 0 0]
 [0 8 6 2 0 7 0 4 0]
 [0 0 0 0 0 0 0 6 0]
 [2 5 0 0 0 4 0 0 0]
 [0 0 0 6 0 0 8 7 0]
 [0 0 0 7 0 5 4 0 2]
 [4 0 0 0 2 8 0 0 6]]
Solution:
[[5 6 3 0 9 7 1 4 8]
 [2 8 9 4 6 1 3 5 7]
 [4 7 1 3 5 8 9 6 2]
 [7 4 5 0 8 9 2 1 6]
 [8 9 2 1 4 5 7 0 3]
 [1 3 6 2 7 0 5 8 9]
 [3 1 8 9 0 4 6 2 5]
 [9 5 7 8 2 6 0 3 1]
 [6 2 0 7 1 3 8 9 4]]
Number of cells unfilled: 7
Accuracy: 91.35802469135803
Sample: 1212
Question:
[[0 9 3 0 6 1 0 0 0]
 [6 5 0 0 7 0 0 0 0]
 [0 0 7 3 0 0 9 0 0]
 [0 1 0 0 0 0 0 0 0]
 [0 0 0 0 5 0 0 8 0]
 [0 0 0 0 0 0 1 4 3]
 [0 0 0 7 0 9 0 1 0]
 [0 0 1 0 3 6 0 5 7]
 [0 3 0 5 0 0 0 0 0]]
Solution:
[[5 6 3 0 9 7 1 4 2]
 [2 8 9 1 6 0 3 5 7]
 [4 7 1 3 5 2 9 6 8]
 [7 4 5 0 8 9 2 1 6]
 [8 9 2 6 4 5 7 0 3]
 [1 3 6 2 7 0 5 8 9]
 [3 1 8 9 0 4 6 2 5]
 [9 5 7 8 2 6 0 3 1]
 [6 2 0 7 1 3 8 9 4]]
Number of cells unfilled: 8
Accuracy: 90.12345679012346
Sample: 1213
Question:
[[0 9 4 0 3 7 0 0 6]
 [0 6 0 0 0 1 0 0 0]
 [7 0 0 0 0 0 4 0 3]
 [0 0 0 0 0 0 1 0 0]
 [0 0 0 1 4 5 0 0 0]
 [0 0 7 0 0 2 0 0 0]
 [0 0 0 6 0 0 0 3 0]
 [6 0 3 0 0 4 7 0 9]
 [0 1 9 0 0 0 0 4 0]]
Solution:
[[5 6 3 0 9 2 1 4 8]
 [2 8 9 4 6 1 3 5 7]
 [4 7 1 3 5 8 9 6 2]
 [7 4 5 0 8 9 2 1 6]
 [8 9 2 1 4 5 7 0 3]
 [1 3 6 2 7 0 5 8 9]
 [3 1 8 9 0 4 6 2 5]
 [9 5 4 8 2 6 0 3 1]
 [6 2 0 7 1 3 8 9 4]]
Number of cells unfilled: 7
Accuracy: 91.35802469135803
Sample: 1214
Question:
[[0 9 5 7 4 0 0 0 8]
 [7 0 0 0 0 0 0 0 0]
 [4 0 6 8 0 9 0 0 0]
 [0 4 0 9 0 0 5 7 0]
 [0 5 8 0 0 0 0 6 9]
 [0 0 0 0 0 6 0 0 4]
 [8 7 0 1 0 0 0 0 0]
 [0 0 0 0 0 0 0 8 0]
 [0 0 0 2 9 0 0 0 0]]
Solution:
[[5 6 3 0 9 7 1 4 8]
 [2 8 9 4 6 1 3 5 7]
 [4 7 1 3 5 8 9 6 2]
 [7 4 5 0 8 9 2 1 6]
 [8 9 2 6 4 5 7 0 3]
 [1 3 6 2 7 0 5 8 9]
 [3 1 8 9 0 4 6 2 5]
 [9 5 4 8 2 6 0 3 1]
 [6 2 0 7 1 3 8 9 4]]
Number of cells unfilled: 7
Accuracy: 91.35802469135803
Sample: 1215
Question:
[[0 9 6 0 0 0 0 2 8]
 [2 0 1 0 0 0 0 0 0]
 [8 4 0 0 0 0 6 0 0]
 [0 0 0 0 0 0 0 7 6]
 [1 0 2 0 0 0 0 5 0]
 [0 0 0 1 0 0 0 0 0]
 [0 0 8 2 9 0 0 6 1]
 [0 0 0 0 1 8 4 0 0]
 [0 0 9 4 0 6 0 0 0]]
Solution:
[[5 6 3 0 9 8 1 4 2]
 [2 8 9 4 6 1 3 5 7]
 [4 7 1 3 5 2 9 6 8]
 [7 4 5 0 8 9 2 1 6]
 [8 9 2 1 4 5 7 0 3]
 [1 3 6 2 7 0 5 8 9]
 [3 1 8 9 0 4 6 2 5]
 [9 5 4 8 2 6 0 3 1]
 [6 2 0 7 1 3 8 9 4]]
Number of cells unfilled: 7
Accuracy: 91.35802469135803
Sample: 1216
Question:
[[1 0 0 0 0 0 0 4 0]
 [0 0 0 0 5 0 0 0 0]
 [6 0 5 0 0 0 8 9 0]
 [3 0 0 0 4 7 0 0 0]
 [0 0 9 8 0 0 0 0 0]
 [0 0 0 3 9 0 5 7 0]
 [4 8 0 0 0 9 7 3 0]
 [0 0 0 0 0 0 0 5 4]
 [0 0 3 0 0 0 9 0 8]]
Solution:
[[5 6 3 0 9 2 1 4 8]
 [2 8 9 1 6 0 3 5 7]
 [4 7 1 3 5 8 9 6 2]
 [7 4 5 0 8 9 2 1 6]
 [8 9 2 5 4 1 7 0 3]
 [1 3 6 2 7 0 5 8 9]
 [3 1 8 9 0 4 6 2 5]
 [9 5 4 8 2 6 0 3 1]
 [6 2 0 7 1 3 8 9 4]]
Number of cells unfilled: 8
Accuracy: 90.12345679012346
Sample: 1217
Question:
[[1 0 0 0 0 0 2 0 8]
 [0 0 0 1 0 0 3 4 0]
 [0 4 0 0 3 2 0 6 0]
 [0 0 0 0 0 5 0 0 2]
 [0 0 0 8 1 9 0 0 0]
 [8 0 0 0 0 0 0 0 0]
 [0 0 3 4 0 0 1 0 0]
 [4 0 1 0 0 0 0 8 6]
 [2 6 0 0 0 0 0 0 3]]
Solution:
[[5 6 3 0 9 7 1 4 2]
 [2 8 9 4 6 1 3 5 7]
 [4 7 1 3 5 2 9 6 8]
 [7 4 5 0 8 9 2 1 6]
 [8 9 2 1 4 5 7 0 3]
 [1 3 6 2 7 0 5 8 9]
 [3 1 8 9 0 4 6 2 5]
 [9 5 7 8 2 6 0 3 1]
 [6 2 0 7 1 3 8 9 4]]
Number of cells unfilled: 7
Accuracy: 91.35802469135803
Sample: 1218
Question:
[[1 0 0 0 0 8 5 0 0]
 [0 0 5 3 0 7 0 6 0]
 [0 0 8 0 0 0 0 2 0]
 [2 5 0 0 0 0 0 0 0]
 [0 1 6 0 8 0 0 0 0]
 [0 0 9 0 0 0 0 0 0]
 [0 0 0 0 0 0 2 0 0]
 [6 8 0 0 0 2 1 9 0]
 [0 9 0 6 0 1 0 5 8]]
Solution:
[[5 6 3 0 9 2 1 4 8]
 [2 8 9 1 6 0 3 5 7]
 [4 7 1 3 5 8 9 6 2]
 [7 4 5 0 8 9 2 1 6]
 [8 9 2 6 4 5 7 0 3]
 [1 3 6 2 7 0 5 8 9]
 [3 1 8 9 0 4 6 2 5]
 [9 5 7 8 2 6 0 3 1]
 [6 2 0 7 1 3 8 9 4]]
Number of cells unfilled: 8
Accuracy: 90.12345679012346
Sample: 1219
Question:
[[1 0 0 0 2 0 0 6 0]
 [0 0 0 7 0 8 0 2 0]
 [0 0 0 0 1 6 3 0 8]
 [2 7 0 1 6 0 0 0 0]
 [0 0 0 0 3 0 2 0 0]
 [0 3 6 8 0 0 0 0 1]
 [0 4 0 0 0 3 0 0 0]
 [0 0 0 0 0 0 7 0 0]
 [7 5 2 0 0 0 0 0 0]]
Solution:
[[5 6 3 0 9 7 1 4 2]
 [2 8 9 4 6 1 3 5 7]
 [4 7 1 3 5 2 9 6 8]
 [7 4 5 0 8 9 2 1 6]
 [8 9 2 1 4 5 7 0 3]
 [1 3 6 2 7 0 5 8 9]
 [3 1 8 9 0 4 6 2 5]
 [9 5 4 8 2 6 0 3 1]
 [6 2 0 7 1 3 8 9 4]]
Number of cells unfilled: 7
Accuracy: 91.35802469135803
Sample: 1220
Question:
[[1 0 0 0 4 2 3 0 7]
 [0 0 0 7 0 0 8 0 0]
 [0 4 0 0 0 0 0 2 1]
 [0 3 2 0 0 7 0 0 4]
 [4 0 0 8 0 0 0 0 0]
 [7 0 8 0 0 0 1 0 3]
 [0 0 0 0 0 5 0 0 2]
 [0 0 1 0 0 0 0 0 0]
 [0 0 0 1 7 6 0 0 0]]
Solution:
[[5 6 3 0 9 2 1 4 8]
 [2 8 9 4 6 1 3 5 7]
 [4 7 1 3 5 8 9 6 2]
 [7 4 5 0 8 9 2 1 6]
 [8 9 2 1 4 5 7 0 3]
 [1 3 6 2 7 0 5 8 9]
 [3 1 8 9 0 4 6 2 5]
 [9 5 4 8 2 6 0 3 1]
 [6 2 0 7 1 3 8 9 4]]
Number of cells unfilled: 7
Accuracy: 91.35802469135803
Sample: 1221
Question:
[[1 0 0 4 0 0 0 0 3]
 [7 2 0 9 0 0 0 0 0]
 [0 4 3 0 2 1 9 0 0]
 [3 0 4 0 0 0 7 0 9]
 [0 0 0 0 0 0 0 0 0]
 [2 9 0 0 3 0 1 4 0]
 [0 0 0 0 0 0 5 9 7]
 [0 0 0 0 0 7 0 0 0]
 [0 1 0 0 0 0 8 0 0]]
Solution:
[[5 6 3 0 9 2 1 4 8]
 [2 8 9 4 6 0 3 5 7]
 [4 7 1 3 5 8 9 6 2]
 [7 4 5 0 8 9 2 1 6]
 [8 9 2 5 4 1 7 0 3]
 [1 3 6 2 7 0 5 8 9]
 [3 1 8 9 0 4 6 2 5]
 [9 5 7 8 2 6 0 3 1]
 [6 2 0 7 1 3 8 9 4]]
Number of cells unfilled: 8
Accuracy: 90.12345679012346
Sample: 1222
Question:
[[1 0 0 9 8 0 0 0 0]
 [0 9 2 0 4 0 0 0 0]
 [0 0 0 0 0 7 0 0 0]
 [0 0 0 0 0 0 0 7 0]
 [7 0 5 0 0 8 0 0 0]
 [0 0 6 0 1 2 0 0 0]
 [0 0 0 0 0 4 0 8 1]
 [8 0 0 1 2 0 0 0 9]
 [0 7 0 0 0 9 4 2 0]]
Solution:
[[5 6 3 0 9 7 1 4 2]
 [2 8 9 4 6 1 3 5 7]
 [4 7 1 3 5 2 9 6 8]
 [7 4 5 0 8 9 2 1 6]
 [8 9 2 5 4 0 7 0 3]
 [1 3 6 2 7 0 5 8 9]
 [3 1 8 9 0 4 6 2 5]
 [9 5 7 8 2 6 0 3 1]
 [6 2 0 7 1 3 8 9 4]]
Number of cells unfilled: 8
Accuracy: 90.12345679012346
Sample: 1223
Question:
[[1 0 2 8 4 0 0 0 0]
 [0 8 6 0 0 0 0 0 1]
 [3 0 0 0 6 0 2 0 0]
 [0 2 0 1 8 0 0 3 6]
 [0 0 0 4 0 0 0 0 0]
 [0 0 0 0 2 3 1 0 0]
 [0 0 4 0 0 0 0 0 0]
 [0 0 0 2 3 0 4 0 5]
 [0 0 0 6 0 0 0 0 9]]
Solution:
[[5 6 3 0 9 7 1 4 8]
 [2 8 9 4 6 1 3 5 7]
 [4 7 1 3 5 8 9 6 2]
 [7 4 5 0 8 9 2 1 6]
 [8 9 2 6 4 5 7 0 3]
 [1 3 6 2 7 0 5 8 9]
 [3 1 8 9 0 4 6 2 5]
 [9 5 7 8 2 6 0 3 1]
 [6 2 0 7 1 3 8 9 4]]
Number of cells unfilled: 7
Accuracy: 91.35802469135803
Sample: 1224
Question:
[[1 0 3 0 0 4 7 0 0]
 [0 6 0 0 0 0 0 0 0]
 [8 7 0 0 0 0 0 3 4]
 [4 0 7 0 3 0 1 0 0]
 [0 8 0 1 7 0 0 0 0]
 [0 3 0 0 0 8 0 6 0]
 [0 1 0 0 4 0 0 0 9]
 [0 0 0 6 0 0 0 0 0]
 [0 4 6 0 0 0 0 0 5]]
Solution:
[[5 6 3 0 9 7 1 4 2]
 [2 8 9 1 6 0 3 5 7]
 [4 7 1 3 5 2 9 6 8]
 [7 4 5 0 8 9 2 1 6]
 [8 9 2 5 4 1 7 0 3]
 [1 3 6 2 7 0 5 8 9]
 [3 1 8 9 0 4 6 2 5]
 [9 5 7 8 2 6 0 3 1]
 [6 2 0 7 1 3 8 9 4]]
Number of cells unfilled: 8
Accuracy: 90.12345679012346
Sample: 1225
Question:
[[1 0 3 0 0 8 7 0 0]
 [0 0 6 1 0 0 0 0 0]
 [8 5 0 0 0 0 0 0 0]
 [0 1 0 0 0 0 0 7 0]
 [0 0 0 3 7 0 0 2 4]
 [0 0 0 5 0 0 0 8 0]
 [6 0 5 8 0 0 0 0 3]
 [0 8 0 0 5 0 0 0 0]
 [7 3 0 6 1 0 0 0 0]]
Solution:
[[5 6 3 0 9 8 1 4 2]
 [2 8 9 1 6 0 3 5 7]
 [4 7 1 3 5 2 9 6 8]
 [7 4 5 0 8 9 2 1 6]
 [8 9 2 5 4 1 7 0 3]
 [1 3 6 2 7 0 5 8 9]
 [3 1 8 9 0 4 6 2 5]
 [9 5 7 8 2 6 0 3 1]
 [6 2 0 7 1 3 8 9 4]]
Number of cells unfilled: 8
Accuracy: 90.12345679012346
Sample: 1226
Question:
[[1 0 7 0 0 0 0 2 0]
 [0 0 0 0 0 4 0 0 0]
 [0 4 9 0 0 0 0 5 0]
 [0 0 3 6 0 7 0 0 0]
 [0 6 0 1 4 0 7 0 0]
 [0 0 1 0 3 9 0 0 4]
 [0 9 0 0 0 0 0 0 0]
 [3 0 6 0 0 0 0 9 1]
 [7 0 0 0 0 0 6 4 0]]
Solution:
[[5 6 3 0 9 8 1 4 2]
 [2 8 9 1 6 0 3 5 7]
 [4 7 1 3 5 2 9 6 8]
 [7 4 5 0 8 9 2 1 6]
 [8 9 2 5 4 1 7 0 3]
 [1 3 6 2 7 0 5 8 9]
 [3 1 8 9 0 4 6 2 5]
 [9 5 4 8 2 6 0 3 1]
 [6 2 0 7 1 3 8 9 4]]
Number of cells unfilled: 8
Accuracy: 90.12345679012346
Sample: 1227
Question:
[[1 4 0 6 3 0 0 0 0]
 [9 0 0 7 0 0 0 0 0]
 [3 0 0 0 9 0 5 0 0]
 [0 0 0 0 0 0 7 9 0]
 [0 0 3 0 0 0 0 5 6]
 [0 0 0 5 0 0 0 0 2]
 [0 0 0 2 5 0 6 3 0]
 [0 6 0 9 0 0 0 2 7]
 [0 0 0 0 7 0 9 0 0]]
Solution:
[[5 6 3 0 9 7 1 4 2]
 [2 8 9 4 6 1 3 5 7]
 [4 7 1 3 5 2 9 6 8]
 [7 4 5 0 8 9 2 1 6]
 [8 9 2 6 4 5 7 0 3]
 [1 3 6 2 7 0 5 8 9]
 [3 1 8 9 0 4 6 2 5]
 [9 5 7 8 2 6 0 3 1]
 [6 2 0 7 1 3 8 9 4]]
Number of cells unfilled: 7
Accuracy: 91.35802469135803
Sample: 1228
Question:
[[1 6 0 0 0 0 0 0 0]
 [5 0 2 0 0 1 0 0 0]
 [0 7 3 0 0 6 5 0 0]
 [0 0 0 1 0 0 0 6 0]
 [0 0 0 3 0 0 0 4 8]
 [7 0 0 0 6 0 0 5 0]
 [6 0 0 0 0 0 0 0 0]
 [0 2 1 0 0 5 0 0 3]
 [3 5 0 2 7 0 0 0 0]]
Solution:
[[5 6 3 0 9 8 1 4 2]
 [2 8 9 4 6 1 3 5 7]
 [4 7 1 3 5 2 9 6 8]
 [7 4 5 0 8 9 2 1 6]
 [8 9 2 1 4 5 7 0 3]
 [1 3 6 2 7 0 5 8 9]
 [3 1 8 9 0 4 6 2 5]
 [9 5 4 8 2 6 0 3 1]
 [6 2 0 7 1 3 8 9 4]]
Number of cells unfilled: 7
Accuracy: 91.35802469135803
Sample: 1229
Question:
[[1 9 0 0 0 0 0 7 5]
 [8 0 0 0 0 0 9 0 0]
 [0 4 7 0 0 0 0 0 0]
 [4 1 0 0 8 9 0 0 0]
 [0 0 0 0 0 5 8 0 0]
 [0 5 0 1 7 0 0 9 4]
 [0 7 0 0 0 0 0 6 0]
 [5 8 0 0 0 0 4 3 0]
 [0 0 0 0 4 0 0 0 0]]
Solution:
[[5 6 3 0 9 8 1 4 2]
 [2 8 9 1 6 0 3 5 7]
 [4 7 1 3 5 2 9 6 8]
 [7 4 5 0 8 9 2 1 6]
 [8 9 2 6 4 5 7 0 3]
 [1 3 6 2 7 0 5 8 9]
 [3 1 8 9 0 4 6 2 5]
 [9 5 4 8 2 6 0 3 1]
 [6 2 0 7 1 3 8 9 4]]
Number of cells unfilled: 8
Accuracy: 90.12345679012346
Sample: 1230
Question:
[[1 9 0 0 0 0 6 0 0]
 [0 0 0 2 0 0 0 4 0]
 [0 0 0 6 9 0 0 7 1]
 [4 0 1 0 0 0 0 2 7]
 [6 7 0 1 0 0 0 0 9]
 [0 2 9 0 0 4 0 0 0]
 [2 0 0 0 0 0 0 0 0]
 [0 0 0 8 1 2 0 0 0]
 [0 0 0 5 0 0 0 0 6]]
Solution:
[[5 6 3 0 9 8 1 4 2]
 [2 8 9 1 6 0 3 5 7]
 [4 7 1 3 5 2 9 6 8]
 [7 4 5 0 8 9 2 1 6]
 [8 9 2 5 4 1 7 0 3]
 [1 3 6 2 7 0 5 8 9]
 [3 1 8 9 0 4 6 2 5]
 [9 5 4 8 2 6 0 3 1]
 [6 2 0 7 1 3 8 9 4]]
Number of cells unfilled: 8
Accuracy: 90.12345679012346
Sample: 1231
Question:
[[2 0 0 0 0 0 0 9 3]
 [6 0 0 0 1 0 0 0 0]
 [0 5 9 2 0 0 1 6 0]
 [0 0 0 7 0 0 3 5 0]
 [0 3 0 0 0 0 0 0 0]
 [0 0 0 8 0 2 0 0 0]
 [0 0 1 5 0 6 0 2 9]
 [0 2 6 0 0 0 5 3 0]
 [0 0 0 0 0 0 0 0 1]]
Solution:
[[5 6 3 0 9 8 1 4 2]
 [2 8 9 4 6 1 3 5 7]
 [4 7 1 3 5 2 9 6 8]
 [7 4 5 0 8 9 2 1 6]
 [8 9 2 1 4 5 7 0 3]
 [1 3 6 2 7 0 5 8 9]
 [3 1 8 9 0 4 6 2 5]
 [9 5 4 8 2 6 0 3 1]
 [6 2 0 7 1 3 8 9 4]]
Number of cells unfilled: 7
Accuracy: 91.35802469135803
Sample: 1232
Question:
[[2 0 0 0 0 3 0 0 0]
 [1 0 0 6 4 0 0 0 0]
 [0 9 6 0 0 0 3 4 0]
 [0 6 9 7 0 0 0 0 0]
 [0 0 0 0 0 0 9 0 0]
 [0 0 0 5 3 0 0 0 0]
 [0 0 3 0 0 2 0 9 4]
 [0 4 0 0 0 0 6 1 0]
 [9 1 0 0 0 0 2 0 3]]
Solution:
[[5 6 3 0 9 8 1 4 2]
 [2 8 9 4 6 1 3 5 7]
 [4 7 1 3 5 2 9 6 8]
 [7 4 5 0 8 9 2 1 6]
 [8 9 2 1 4 5 7 0 3]
 [1 3 6 2 7 0 5 8 9]
 [3 1 8 9 0 4 6 2 5]
 [9 5 4 8 2 6 0 3 1]
 [6 2 0 7 1 3 8 9 4]]
Number of cells unfilled: 7
Accuracy: 91.35802469135803
Sample: 1233
Question:
[[2 0 0 0 0 7 0 0 8]
 [0 8 0 3 0 0 0 0 0]
 [1 0 0 0 0 0 6 0 9]
 [5 3 0 1 0 0 0 0 0]
 [0 2 0 8 0 3 7 0 0]
 [8 0 7 0 5 2 1 0 0]
 [0 0 0 2 8 0 0 0 0]
 [0 0 0 0 0 1 0 7 0]
 [3 0 0 0 0 5 0 0 0]]
Solution:
[[5 6 3 0 9 7 1 4 2]
 [2 8 9 4 6 1 3 5 7]
 [4 7 1 3 5 2 9 6 8]
 [7 4 5 0 8 9 2 1 6]
 [8 9 2 1 4 5 7 0 3]
 [1 3 6 2 7 0 5 8 9]
 [3 1 8 9 0 4 6 2 5]
 [9 5 4 8 2 6 0 3 1]
 [6 2 0 7 1 3 8 9 4]]
Number of cells unfilled: 7
Accuracy: 91.35802469135803
Sample: 1234
Question:
[[2 0 0 0 7 0 4 0 0]
 [1 0 0 0 0 3 0 0 0]
 [0 7 8 0 0 0 0 0 0]
 [0 0 0 0 0 2 0 5 9]
 [4 0 0 0 0 8 0 7 0]
 [0 0 3 0 0 0 0 0 0]
 [3 0 7 8 0 0 0 0 4]
 [0 0 2 3 0 1 0 0 0]
 [8 1 0 0 4 7 0 0 2]]
Solution:
[[5 6 3 0 9 8 1 4 2]
 [2 8 9 4 6 1 3 5 7]
 [4 7 1 3 5 2 9 6 8]
 [7 4 5 0 8 9 2 1 6]
 [8 9 2 5 4 0 7 0 3]
 [1 3 6 2 7 0 5 8 9]
 [3 1 8 9 0 4 6 2 5]
 [9 5 7 8 2 6 0 3 1]
 [6 2 0 7 1 3 8 9 4]]
Number of cells unfilled: 8
Accuracy: 90.12345679012346
Sample: 1235
Question:
[[2 0 0 1 9 0 0 6 0]
 [6 0 1 0 0 7 0 0 0]
 [0 4 9 0 0 0 0 0 7]
 [0 0 0 0 0 0 0 0 4]
 [0 9 4 0 5 0 0 0 0]
 [0 0 0 7 8 0 0 0 0]
 [0 1 0 0 0 0 0 2 9]
 [4 2 0 0 0 0 7 0 6]
 [0 0 7 0 0 6 1 0 0]]
Solution:
[[5 6 3 0 9 7 1 4 8]
 [2 8 9 1 6 0 3 5 7]
 [4 7 1 3 5 8 9 6 2]
 [7 4 5 0 8 9 2 1 6]
 [8 9 2 6 4 5 7 0 3]
 [1 3 6 2 7 0 5 8 9]
 [3 1 8 9 0 4 6 2 5]
 [9 5 7 8 2 6 0 3 1]
 [6 2 0 7 1 3 8 9 4]]
Number of cells unfilled: 8
Accuracy: 90.12345679012346
Sample: 1236
Question:
[[2 0 3 5 0 0 0 0 6]
 [0 5 0 0 6 0 0 0 0]
 [0 0 4 3 0 1 0 0 0]
 [0 0 0 6 0 4 0 7 9]
 [0 0 0 2 0 0 0 5 0]
 [0 1 0 0 0 0 0 4 0]
 [0 2 5 0 0 0 0 0 0]
 [3 4 0 0 2 0 0 0 0]
 [6 0 1 0 5 0 4 0 0]]
Solution:
[[5 6 3 0 9 2 1 4 8]
 [2 8 9 1 6 0 3 5 7]
 [4 7 1 3 5 8 9 6 2]
 [7 4 5 0 8 9 2 1 6]
 [8 9 2 6 4 5 7 0 3]
 [1 3 6 2 7 0 5 8 9]
 [3 1 8 9 0 4 6 2 5]
 [9 5 7 8 2 6 0 3 1]
 [6 2 0 7 1 3 8 9 4]]
Number of cells unfilled: 8
Accuracy: 90.12345679012346
Sample: 1237
Question:
[[2 0 4 8 7 0 0 0 0]
 [0 0 1 5 0 4 7 0 0]
 [5 0 0 0 1 2 0 0 8]
 [0 0 0 0 0 0 4 8 9]
 [0 0 0 0 4 0 0 0 0]
 [1 0 0 0 0 0 0 0 6]
 [0 0 7 0 0 0 8 0 4]
 [0 0 0 0 0 5 0 0 0]
 [8 0 2 0 0 0 0 5 1]]
Solution:
[[5 6 3 0 9 8 1 4 2]
 [2 8 9 4 6 1 3 5 7]
 [4 7 1 3 5 2 9 6 8]
 [7 4 5 0 8 9 2 1 6]
 [8 9 2 6 4 5 7 0 3]
 [1 3 6 2 7 0 5 8 9]
 [3 1 8 9 0 4 6 2 5]
 [9 5 7 8 2 6 0 3 1]
 [6 2 0 7 1 3 8 9 4]]
Number of cells unfilled: 7
Accuracy: 91.35802469135803
Sample: 1238
Question:
[[2 0 9 0 5 0 0 7 1]
 [5 7 0 0 0 0 0 0 0]
 [0 3 1 0 0 0 0 0 2]
 [9 0 0 0 0 2 0 5 3]
 [0 0 3 0 0 0 0 1 0]
 [0 0 0 0 0 0 7 0 9]
 [0 0 7 9 0 0 0 0 0]
 [0 0 5 8 6 0 0 9 0]
 [0 0 0 2 0 0 3 0 0]]
Solution:
[[5 6 3 0 9 2 1 4 8]
 [2 8 9 4 6 1 3 5 7]
 [4 7 1 3 5 8 9 6 2]
 [7 4 5 0 8 9 2 1 6]
 [8 9 2 1 4 5 7 0 3]
 [1 3 6 2 7 0 5 8 9]
 [3 1 8 9 0 4 6 2 5]
 [9 5 4 8 2 6 0 3 1]
 [6 2 0 7 1 3 8 9 4]]
Number of cells unfilled: 7
Accuracy: 91.35802469135803
Sample: 1239
Question:
[[2 1 0 0 0 0 0 4 8]
 [0 9 0 0 4 0 5 0 1]
 [0 0 0 0 8 0 0 0 0]
 [0 0 5 0 0 0 1 0 0]
 [0 8 0 0 0 0 0 5 9]
 [0 0 0 0 0 8 4 0 2]
 [8 4 0 6 3 0 9 0 0]
 [0 5 0 9 0 0 0 0 0]
 [9 0 0 0 0 0 0 2 0]]
Solution:
[[5 6 3 0 9 7 1 4 8]
 [2 8 9 4 6 1 3 5 7]
 [4 7 1 3 5 8 9 6 2]
 [7 4 5 0 8 9 2 1 6]
 [8 9 2 1 4 5 7 0 3]
 [1 3 6 2 7 0 5 8 9]
 [3 1 8 9 0 4 6 2 5]
 [9 5 7 8 2 6 0 3 1]
 [6 2 0 7 1 3 8 9 4]]
Number of cells unfilled: 7
Accuracy: 91.35802469135803
Sample: 1240
Question:
[[2 1 0 0 4 0 6 0 0]
 [0 6 0 0 9 0 5 0 0]
 [0 0 0 0 0 0 0 3 0]
 [0 0 0 0 0 0 0 9 6]
 [0 0 5 6 0 0 4 0 0]
 [0 0 0 9 3 0 7 0 0]
 [4 0 0 5 6 0 9 0 7]
 [0 0 0 0 7 3 0 4 0]
 [5 0 0 0 0 0 3 0 0]]
Solution:
[[5 6 3 0 9 8 1 4 2]
 [2 8 9 4 6 0 3 5 7]
 [4 7 1 3 5 2 9 6 8]
 [7 4 5 0 8 9 2 1 6]
 [8 9 2 5 4 1 7 0 3]
 [1 3 6 2 7 0 5 8 9]
 [3 1 8 9 0 4 6 2 5]
 [9 5 4 8 2 6 0 3 1]
 [6 2 0 7 1 3 8 9 4]]
Number of cells unfilled: 8
Accuracy: 90.12345679012346
Sample: 1241
Question:
[[2 5 0 0 0 0 0 0 0]
 [0 1 4 0 0 0 0 8 2]
 [0 0 6 0 0 0 1 0 0]
 [0 8 0 0 2 4 0 5 0]
 [0 4 5 1 6 0 0 0 0]
 [1 0 0 8 0 0 6 0 0]
 [0 6 8 0 0 0 5 0 7]
 [0 0 0 0 5 0 0 0 0]
 [0 2 0 0 0 0 0 0 9]]
Solution:
[[5 6 3 0 9 2 1 4 8]
 [2 8 9 1 6 0 3 5 7]
 [4 7 1 3 5 8 9 6 2]
 [7 4 5 0 8 9 2 1 6]
 [8 9 2 5 4 1 7 0 3]
 [1 3 6 2 7 0 5 8 9]
 [3 1 8 9 0 4 6 2 5]
 [9 5 4 8 2 6 0 3 1]
 [6 2 0 7 1 3 8 9 4]]
Number of cells unfilled: 8
Accuracy: 90.12345679012346
Sample: 1242
Question:
[[2 9 0 0 8 0 3 0 0]
 [0 0 1 0 0 9 8 0 0]
 [8 0 3 2 0 4 0 0 0]
 [0 2 0 0 0 0 0 0 0]
 [1 0 9 8 0 0 0 0 0]
 [4 3 0 0 1 0 0 0 8]
 [0 0 0 3 0 0 7 5 0]
 [0 0 4 0 0 1 0 0 0]
 [0 0 0 9 0 0 0 1 0]]
Solution:
[[5 6 3 0 9 2 1 4 8]
 [2 8 9 4 6 1 3 5 7]
 [4 7 1 3 5 8 9 6 2]
 [7 4 5 0 8 9 2 1 6]
 [8 9 2 1 4 5 7 0 3]
 [1 3 6 2 7 0 5 8 9]
 [3 1 8 9 0 4 6 2 5]
 [9 5 4 8 2 6 0 3 1]
 [6 2 0 7 1 3 8 9 4]]
Number of cells unfilled: 7
Accuracy: 91.35802469135803
Sample: 1243
Question:
[[3 0 0 0 0 0 0 4 0]
 [0 0 0 0 0 6 0 8 0]
 [0 8 0 0 4 1 2 5 0]
 [6 0 8 0 0 0 0 0 0]
 [0 1 0 8 0 0 0 0 4]
 [0 7 0 0 0 3 0 0 0]
 [0 6 7 0 0 8 1 0 0]
 [1 0 4 0 3 7 0 0 0]
 [0 3 0 0 6 0 0 0 0]]
Solution:
[[5 6 3 0 9 7 1 4 8]
 [2 8 9 1 6 0 3 5 7]
 [4 7 1 3 5 8 9 6 2]
 [7 4 5 0 8 9 2 1 6]
 [8 9 2 5 4 1 7 0 3]
 [1 3 6 2 7 0 5 8 9]
 [3 1 8 9 0 4 6 2 5]
 [9 5 4 8 2 6 0 3 1]
 [6 2 0 7 1 3 8 9 4]]
Number of cells unfilled: 8
Accuracy: 90.12345679012346
Sample: 1244
Question:
[[3 0 0 0 0 5 0 0 8]
 [0 0 5 2 9 0 1 0 0]
 [0 1 2 0 8 3 0 0 0]
 [0 2 3 0 0 0 5 9 0]
 [0 8 0 0 0 0 0 1 3]
 [9 0 0 0 0 0 0 0 0]
 [0 0 0 0 1 0 0 0 0]
 [1 0 9 0 0 0 0 4 0]
 [0 5 8 0 0 0 0 7 0]]
Solution:
[[5 6 3 0 9 7 1 4 8]
 [2 8 9 4 6 1 3 5 7]
 [4 7 1 3 5 8 9 6 2]
 [7 4 5 0 8 9 2 1 6]
 [8 9 2 6 4 5 7 0 3]
 [1 3 6 2 7 0 5 8 9]
 [3 1 8 9 0 4 6 2 5]
 [9 5 4 8 2 6 0 3 1]
 [6 2 0 7 1 3 8 9 4]]
Number of cells unfilled: 7
Accuracy: 91.35802469135803
Sample: 1245
Question:
[[3 0 0 0 0 7 0 8 0]
 [0 0 0 8 0 3 9 0 1]
 [0 0 0 9 6 0 0 7 0]
 [0 0 0 0 0 0 0 0 6]
 [0 2 7 0 0 0 0 0 0]
 [0 4 0 1 0 6 0 0 0]
 [7 6 0 0 3 8 0 0 0]
 [0 0 0 0 0 1 0 0 0]
 [0 1 8 7 9 0 3 0 0]]
Solution:
[[5 6 3 0 9 8 1 4 2]
 [2 8 9 1 6 0 3 5 7]
 [4 7 1 3 5 2 9 6 8]
 [7 4 5 0 8 9 2 1 6]
 [8 9 2 5 4 1 7 0 3]
 [1 3 6 2 7 0 5 8 9]
 [3 1 8 9 0 4 6 2 5]
 [9 5 7 8 2 6 0 3 1]
 [6 2 0 7 1 3 8 9 4]]
Number of cells unfilled: 8
Accuracy: 90.12345679012346
Sample: 1246
Question:
[[3 0 0 0 1 5 0 0 6]
 [9 0 0 0 0 6 0 0 0]
 [0 0 0 0 0 0 7 0 0]
 [0 9 0 0 4 0 0 0 0]
 [2 7 0 0 0 0 3 4 0]
 [6 0 4 0 3 0 0 2 9]
 [7 0 0 0 0 0 0 0 2]
 [0 0 0 0 0 0 9 6 0]
 [0 0 6 4 0 0 0 7 3]]
Solution:
[[5 6 3 0 9 7 1 4 8]
 [2 8 9 4 6 0 3 5 7]
 [4 7 1 3 5 8 9 6 2]
 [7 4 5 0 8 9 2 1 6]
 [8 9 2 5 4 1 7 0 3]
 [1 3 6 2 7 0 5 8 9]
 [3 1 8 9 0 4 6 2 5]
 [9 5 4 8 2 6 0 3 1]
 [6 2 0 7 1 3 8 9 4]]
Number of cells unfilled: 8
Accuracy: 90.12345679012346
Sample: 1247
Question:
[[3 0 0 0 6 0 1 0 0]
 [0 2 9 0 3 1 0 0 0]
 [0 6 0 2 0 8 0 0 0]
 [0 0 2 1 0 0 0 8 6]
 [8 9 0 6 0 3 0 0 0]
 [0 0 1 0 0 0 3 0 0]
 [9 8 0 0 0 0 0 7 0]
 [0 0 0 0 0 0 0 4 3]
 [0 0 0 0 0 9 0 0 0]]
Solution:
[[5 6 3 0 9 7 1 4 2]
 [2 8 9 1 6 0 3 5 7]
 [4 7 1 3 5 2 9 6 8]
 [7 4 5 0 8 9 2 1 6]
 [8 9 2 5 4 1 7 0 3]
 [1 3 6 2 7 0 5 8 9]
 [3 1 8 9 0 4 6 2 5]
 [9 5 4 8 2 6 0 3 1]
 [6 2 0 7 1 3 8 9 4]]
Number of cells unfilled: 8
Accuracy: 90.12345679012346
Sample: 1248
Question:
[[3 0 0 6 1 0 4 0 0]
 [0 0 0 3 0 2 0 0 0]
 [0 0 0 0 7 0 0 0 0]
 [1 2 0 0 0 3 0 4 0]
 [0 6 7 4 0 0 0 0 0]
 [4 0 3 7 2 0 0 1 0]
 [0 0 1 0 0 0 0 5 8]
 [0 0 0 0 0 6 0 0 0]
 [0 0 2 0 4 0 0 0 3]]
Solution:
[[5 6 3 0 9 8 1 4 2]
 [2 8 9 1 6 0 3 5 7]
 [4 7 1 3 5 2 9 6 8]
 [7 4 5 0 8 9 2 1 6]
 [8 9 2 6 4 1 7 0 3]
 [1 3 6 2 7 0 5 8 9]
 [3 1 8 9 0 4 6 2 5]
 [9 5 4 8 2 6 0 3 1]
 [6 2 0 7 1 3 8 9 4]]
Number of cells unfilled: 8
Accuracy: 90.12345679012346
Sample: 1249
Question:
[[3 0 0 9 1 0 0 0 0]
 [0 0 0 0 5 2 0 0 3]
 [9 0 0 3 0 8 1 0 2]
 [0 0 0 0 0 5 2 0 0]
 [0 0 0 0 0 0 0 1 8]
 [0 0 3 8 0 0 9 0 5]
 [0 0 0 0 0 0 0 5 0]
 [0 8 0 0 0 1 0 0 0]
 [7 4 0 0 0 9 8 0 0]]
Solution:
[[5 6 3 0 9 7 1 4 8]
 [2 8 9 1 6 0 3 5 7]
 [4 7 1 3 5 8 9 6 2]
 [7 4 5 0 8 9 2 1 6]
 [8 9 2 6 4 1 7 0 3]
 [1 3 6 2 7 0 5 8 9]
 [3 1 8 9 0 4 6 2 5]
 [9 5 7 8 2 6 0 3 1]
 [6 2 0 7 1 3 8 9 4]]
Number of cells unfilled: 8
Accuracy: 90.12345679012346
Sample: 1250
Question:
[[3 0 2 0 0 0 0 1 8]
 [0 1 6 0 0 3 2 7 0]
 [7 8 0 0 0 0 0 0 6]
 [1 0 0 0 0 0 0 0 0]
 [0 0 0 0 9 0 0 0 7]
 [0 0 0 2 4 1 0 0 0]
 [2 6 0 0 0 0 0 0 0]
 [0 0 0 6 7 0 0 8 2]
 [0 0 0 0 1 0 0 3 0]]
Solution:
[[5 6 3 0 9 8 1 4 2]
 [2 8 9 4 6 1 3 5 7]
 [4 7 1 3 5 2 9 6 8]
 [7 4 5 0 8 9 2 1 6]
 [8 9 2 1 4 5 7 0 3]
 [1 3 6 2 7 0 5 8 9]
 [3 1 8 9 0 4 6 2 5]
 [9 5 4 8 2 6 0 3 1]
 [6 2 0 7 1 3 8 9 4]]
Number of cells unfilled: 7
Accuracy: 91.35802469135803
Sample: 1251
Question:
[[3 0 2 0 0 0 1 6 0]
 [7 0 0 0 3 0 0 0 2]
 [0 4 6 0 0 0 0 0 7]
 [1 0 0 0 0 0 7 0 0]
 [2 3 0 0 0 4 0 0 0]
 [0 6 7 2 0 1 0 3 0]
 [4 0 1 0 0 9 0 0 0]
 [0 0 0 7 0 8 0 0 0]
 [0 0 0 0 0 0 4 0 0]]
Solution:
[[5 6 3 0 9 2 1 4 8]
 [2 8 9 4 6 0 3 5 7]
 [4 7 1 3 5 8 9 6 2]
 [7 4 5 0 8 9 2 1 6]
 [8 9 2 6 4 1 7 0 3]
 [1 3 6 2 7 0 5 8 9]
 [3 1 8 9 0 4 6 2 5]
 [9 5 7 8 2 6 0 3 1]
 [6 2 0 7 1 3 8 9 4]]
Number of cells unfilled: 8
Accuracy: 90.12345679012346
Sample: 1252
Question:
[[3 0 2 0 0 6 0 0 0]
 [0 0 0 0 0 0 3 0 0]
 [0 0 0 4 0 5 0 0 0]
 [0 0 0 0 1 0 0 7 0]
 [0 0 7 0 0 4 2 0 9]
 [0 3 9 0 0 0 1 4 0]
 [0 9 4 7 0 2 0 3 0]
 [0 1 0 0 4 3 0 0 0]
 [2 0 0 0 0 0 0 0 7]]
Solution:
[[5 6 3 0 9 7 1 4 8]
 [2 8 9 1 6 0 3 5 7]
 [4 7 1 3 5 8 9 6 2]
 [7 4 5 0 8 9 2 1 6]
 [8 9 2 6 4 1 7 0 3]
 [1 3 6 2 7 0 5 8 9]
 [3 1 8 9 0 4 6 2 5]
 [9 5 4 8 2 6 0 3 1]
 [6 2 0 7 1 3 8 9 4]]
Number of cells unfilled: 8
Accuracy: 90.12345679012346
Sample: 1253
Question:
[[3 0 2 0 0 9 0 8 0]
 [0 8 0 6 0 0 0 0 3]
 [6 9 0 0 0 0 0 2 1]
 [9 0 8 0 0 0 0 0 0]
 [0 0 6 0 8 3 0 9 2]
 [0 0 0 0 0 1 0 0 6]
 [0 0 0 1 9 7 0 0 0]
 [1 0 0 0 0 0 0 0 0]
 [0 0 0 0 0 5 0 3 0]]
Solution:
[[5 6 3 0 9 7 1 4 2]
 [2 8 9 4 6 1 3 5 7]
 [4 7 1 3 5 2 9 6 8]
 [7 4 5 0 8 9 2 1 6]
 [8 9 2 1 4 5 7 0 3]
 [1 3 6 2 7 0 5 8 9]
 [3 1 8 9 0 4 6 2 5]
 [9 5 4 8 2 6 0 3 1]
 [6 2 0 7 1 3 8 9 4]]
Number of cells unfilled: 7
Accuracy: 91.35802469135803
Sample: 1254
Question:
[[3 0 6 0 0 0 0 0 0]
 [0 8 0 0 0 0 0 0 9]
 [9 2 0 7 0 0 0 3 0]
 [0 0 0 0 5 1 7 0 2]
 [0 0 9 0 0 7 3 0 0]
 [0 0 0 0 0 3 0 0 6]
 [7 0 2 0 0 0 9 0 8]
 [8 6 0 0 2 0 0 0 0]
 [0 0 3 0 0 0 6 0 0]]
Solution:
[[5 6 3 0 9 7 1 4 8]
 [2 8 9 4 6 1 3 5 7]
 [4 7 1 3 5 8 9 6 2]
 [7 4 5 0 8 9 2 1 6]
 [8 9 2 6 4 5 7 0 3]
 [1 3 6 2 7 0 5 8 9]
 [3 1 8 9 0 4 6 2 5]
 [9 5 4 8 2 6 0 3 1]
 [6 2 0 7 1 3 8 9 4]]
Number of cells unfilled: 7
Accuracy: 91.35802469135803
Sample: 1255
Question:
[[3 0 6 0 0 0 7 1 0]
 [0 0 0 0 4 0 0 8 0]
 [0 0 0 1 0 0 5 0 0]
 [4 0 7 0 0 2 8 0 0]
 [5 0 0 0 0 0 2 4 0]
 [0 0 1 0 8 0 0 5 7]
 [0 0 0 2 1 0 0 0 0]
 [0 1 0 7 0 4 0 0 0]
 [0 0 0 0 5 8 0 0 0]]
Solution:
[[5 6 3 0 9 8 1 4 2]
 [2 8 9 4 6 0 3 5 7]
 [4 7 1 3 5 2 9 6 8]
 [7 4 5 0 8 9 2 1 6]
 [8 9 2 5 4 1 7 0 3]
 [1 3 6 2 7 0 5 8 9]
 [3 1 8 9 0 4 6 2 5]
 [9 5 7 8 2 6 0 3 1]
 [6 2 0 7 1 3 8 9 4]]
Number of cells unfilled: 8
Accuracy: 90.12345679012346
Sample: 1256
Question:
[[3 0 8 0 0 0 0 0 0]
 [2 4 0 8 0 0 0 0 0]
 [0 9 6 0 0 0 0 0 0]
 [6 3 0 0 2 4 0 0 9]
 [0 0 0 0 0 0 6 2 0]
 [0 0 0 0 9 0 4 0 3]
 [8 0 0 0 0 0 0 0 6]
 [0 0 0 0 1 5 8 0 2]
 [0 0 4 0 0 8 9 0 0]]
Solution:
[[5 6 3 0 9 2 1 4 8]
 [2 8 9 1 6 0 3 5 7]
 [4 7 1 3 5 8 9 6 2]
 [7 4 5 0 8 9 2 1 6]
 [8 9 2 5 4 1 7 0 3]
 [1 3 6 2 7 0 5 8 9]
 [3 1 8 9 0 4 6 2 5]
 [9 5 7 8 2 6 0 3 1]
 [6 2 0 7 1 3 8 9 4]]
Number of cells unfilled: 8
Accuracy: 90.12345679012346
Sample: 1257
Question:
[[3 2 0 0 0 1 0 0 9]
 [0 0 0 0 0 0 8 0 0]
 [9 0 0 0 0 5 0 0 4]
 [0 1 0 4 0 9 0 6 5]
 [0 0 0 0 8 6 1 0 0]
 [0 4 0 0 5 0 0 0 0]
 [0 0 4 9 0 0 0 8 1]
 [0 0 0 0 0 0 0 0 6]
 [0 0 0 0 0 0 5 9 0]]
Solution:
[[5 6 3 0 9 7 1 4 8]
 [2 8 9 1 6 0 3 5 7]
 [4 7 1 3 5 8 9 6 2]
 [7 4 5 0 8 9 2 1 6]
 [8 9 2 5 4 1 7 0 3]
 [1 3 6 2 7 0 5 8 9]
 [3 1 8 9 0 4 6 2 5]
 [9 5 4 8 2 6 0 3 1]
 [6 2 0 7 1 3 8 9 4]]
Number of cells unfilled: 8
Accuracy: 90.12345679012346
Sample: 1258
Question:
[[3 5 0 0 0 0 9 2 0]
 [0 7 0 0 3 0 0 0 0]
 [4 0 9 2 0 0 7 0 0]
 [0 0 0 0 5 0 0 3 7]
 [0 0 0 0 0 0 2 0 4]
 [0 0 0 7 0 4 5 9 0]
 [0 0 0 0 0 1 4 5 2]
 [2 0 0 0 0 0 0 0 0]
 [0 0 0 0 0 8 3 0 0]]
Solution:
[[5 6 3 0 9 7 1 4 8]
 [2 8 9 1 6 0 3 5 7]
 [4 7 1 3 5 8 9 6 2]
 [7 4 5 0 8 9 2 1 6]
 [8 9 2 5 4 1 7 0 3]
 [1 3 6 2 7 0 5 8 9]
 [3 1 8 9 0 4 6 2 5]
 [9 5 4 8 2 6 0 3 1]
 [6 2 0 7 1 3 8 9 4]]
Number of cells unfilled: 8
Accuracy: 90.12345679012346
Sample: 1259
Question:
[[3 6 0 0 4 0 0 0 8]
 [0 0 0 0 0 8 1 0 0]
 [0 8 0 0 5 0 0 0 0]
 [0 0 0 5 0 0 0 0 9]
 [0 0 2 0 0 0 0 1 4]
 [0 0 0 0 2 0 5 8 0]
 [2 0 0 0 0 0 0 0 0]
 [0 0 0 0 9 1 4 2 0]
 [4 0 0 2 8 0 0 9 5]]
Solution:
[[5 6 3 0 9 7 1 4 8]
 [2 8 9 4 6 0 3 5 7]
 [4 7 1 3 5 8 9 6 2]
 [7 4 5 0 8 9 2 1 6]
 [8 9 2 5 4 1 7 0 3]
 [1 3 6 2 7 0 5 8 9]
 [3 1 8 9 0 4 6 2 5]
 [9 5 7 8 2 6 0 3 1]
 [6 2 0 7 1 3 8 9 4]]
Number of cells unfilled: 8
Accuracy: 90.12345679012346
Sample: 1260
Question:
[[3 7 8 0 0 0 0 0 0]
 [6 0 0 0 0 0 0 5 0]
 [0 0 0 7 0 0 0 0 0]
 [0 9 0 0 0 4 0 0 8]
 [0 0 7 5 2 0 0 4 0]
 [0 0 0 9 0 8 7 2 0]
 [5 0 4 0 0 0 2 0 0]
 [0 0 0 8 4 0 0 7 5]
 [0 8 0 0 0 0 9 0 0]]
Solution:
[[5 6 3 0 9 8 1 4 2]
 [2 8 9 4 6 1 3 5 7]
 [4 7 1 3 5 2 9 6 8]
 [7 4 5 0 8 9 2 1 6]
 [8 9 2 6 4 5 7 0 3]
 [1 3 6 2 7 0 5 8 9]
 [3 1 8 9 0 4 6 2 5]
 [9 5 7 8 2 6 0 3 1]
 [6 2 0 7 1 3 8 9 4]]
Number of cells unfilled: 7
Accuracy: 91.35802469135803
Sample: 1261
Question:
[[3 9 0 0 2 0 5 0 0]
 [5 0 0 0 7 0 0 0 0]
 [4 0 0 0 0 0 0 0 8]
 [0 0 0 0 6 8 0 4 2]
 [0 2 0 4 5 0 7 6 0]
 [0 0 0 0 0 0 8 0 0]
 [0 0 4 5 0 0 2 0 0]
 [0 0 0 0 0 0 0 5 7]
 [0 0 0 7 8 0 6 0 0]]
Solution:
[[5 6 3 0 9 2 1 4 8]
 [2 8 9 1 6 0 3 5 7]
 [4 7 1 3 5 8 9 6 2]
 [7 4 5 0 8 9 2 1 6]
 [8 9 2 6 4 1 7 0 3]
 [1 3 6 2 7 0 5 8 9]
 [3 1 8 9 0 4 6 2 5]
 [9 5 4 8 2 6 0 3 1]
 [6 2 0 7 1 3 8 9 4]]
Number of cells unfilled: 8
Accuracy: 90.12345679012346
Sample: 1262
Question:
[[4 0 0 0 0 0 0 0 0]
 [0 0 0 3 4 8 0 0 0]
 [0 0 0 0 0 5 1 0 0]
 [3 0 6 0 0 0 0 0 1]
 [0 0 0 0 0 4 0 2 0]
 [0 0 2 6 0 1 3 9 0]
 [0 6 0 0 2 0 0 0 3]
 [2 3 0 0 0 0 9 4 0]
 [1 0 9 0 0 0 6 0 0]]
Solution:
[[5 6 3 0 9 7 1 4 8]
 [2 8 9 4 6 1 3 5 7]
 [4 7 1 3 5 8 9 6 2]
 [7 4 5 0 8 9 2 1 6]
 [8 9 2 1 4 5 7 0 3]
 [1 3 6 2 7 0 5 8 9]
 [3 1 8 9 0 4 6 2 5]
 [9 5 7 8 2 6 0 3 1]
 [6 2 0 7 1 3 8 9 4]]
Number of cells unfilled: 7
Accuracy: 91.35802469135803
Sample: 1263
Question:
[[4 0 0 0 6 2 5 0 0]
 [0 0 0 7 0 9 6 4 0]
 [0 9 0 5 0 0 0 0 7]
 [0 0 0 0 0 0 4 0 2]
 [0 7 0 0 0 0 0 9 5]
 [5 0 2 0 0 0 0 6 0]
 [0 4 8 0 0 0 9 0 0]
 [0 0 0 0 0 4 0 0 0]
 [0 0 1 0 0 0 2 7 0]]
Solution:
[[5 6 3 0 9 7 1 4 8]
 [2 8 9 4 6 1 3 5 7]
 [4 7 1 3 5 8 9 6 2]
 [7 4 5 0 8 9 2 1 6]
 [8 9 2 6 4 5 7 0 3]
 [1 3 6 2 7 0 5 8 9]
 [3 1 8 9 0 4 6 2 5]
 [9 5 4 8 2 6 0 3 1]
 [6 2 0 7 1 3 8 9 4]]
Number of cells unfilled: 7
Accuracy: 91.35802469135803
Sample: 1264
Question:
[[4 0 0 0 8 0 0 0 0]
 [0 0 0 4 0 0 9 0 0]
 [6 0 2 1 7 0 0 0 0]
 [0 0 7 0 0 0 0 3 8]
 [0 0 1 8 0 7 4 0 0]
 [0 0 0 9 3 0 0 1 0]
 [0 1 0 0 0 4 0 9 7]
 [0 0 0 0 0 0 1 0 3]
 [0 0 0 0 0 0 8 4 0]]
Solution:
[[5 6 3 0 9 7 1 4 2]
 [2 8 9 1 6 0 3 5 7]
 [4 7 1 3 5 2 9 6 8]
 [7 4 5 0 8 9 2 1 6]
 [8 9 2 6 4 1 7 0 3]
 [1 3 6 2 7 0 5 8 9]
 [3 1 8 9 0 4 6 2 5]
 [9 5 4 8 2 6 0 3 1]
 [6 2 0 7 1 3 8 9 4]]
Number of cells unfilled: 8
Accuracy: 90.12345679012346
Sample: 1265
Question:
[[4 0 0 7 0 0 0 0 8]
 [5 0 9 4 0 1 0 0 0]
 [0 0 0 0 0 6 4 0 0]
 [0 0 0 0 0 0 3 0 0]
 [0 4 0 0 0 0 1 8 0]
 [0 0 0 0 0 0 0 7 6]
 [8 0 1 0 0 7 6 3 0]
 [0 0 0 0 1 0 0 0 7]
 [6 0 0 8 0 3 0 4 0]]
Solution:
[[5 6 3 0 9 7 1 4 8]
 [2 8 9 4 6 1 3 5 7]
 [4 7 1 3 5 8 9 6 2]
 [7 4 5 0 8 9 2 1 6]
 [8 9 2 1 4 5 7 0 3]
 [1 3 6 2 7 0 5 8 9]
 [3 1 8 9 0 4 6 2 5]
 [9 5 7 8 2 6 0 3 1]
 [6 2 0 7 1 3 8 9 4]]
Number of cells unfilled: 7
Accuracy: 91.35802469135803
Sample: 1266
Question:
[[4 0 0 7 9 0 0 0 0]
 [8 0 7 0 5 2 0 0 0]
 [0 0 9 0 0 0 0 0 2]
 [0 0 0 0 0 0 0 0 5]
 [0 0 0 2 3 5 0 0 0]
 [0 9 0 0 1 0 0 0 0]
 [0 0 2 0 0 8 7 0 0]
 [0 7 0 5 0 0 0 4 9]
 [5 4 0 0 0 0 2 0 8]]
Solution:
[[5 6 3 0 9 7 1 4 2]
 [2 8 9 4 6 1 3 5 7]
 [4 7 1 3 5 2 9 6 8]
 [7 4 5 0 8 9 2 1 6]
 [8 9 2 5 4 0 7 0 3]
 [1 3 6 2 7 0 5 8 9]
 [3 1 8 9 0 4 6 2 5]
 [9 5 4 8 2 6 0 3 1]
 [6 2 0 7 1 3 8 9 4]]
Number of cells unfilled: 8
Accuracy: 90.12345679012346
Sample: 1267
Question:
[[4 0 0 8 2 0 0 0 0]
 [1 8 0 0 5 7 0 0 0]
 [0 0 5 0 0 0 7 0 0]
 [0 5 0 0 9 0 0 0 0]
 [0 0 0 0 0 0 0 2 0]
 [0 0 0 2 3 8 0 0 0]
 [0 7 0 0 0 0 1 5 0]
 [0 0 8 4 0 0 2 0 7]
 [2 1 0 0 0 0 0 4 8]]
Solution:
[[5 6 3 0 9 7 1 4 2]
 [2 8 9 1 6 0 3 5 7]
 [4 7 1 3 5 2 9 6 8]
 [7 4 5 0 8 9 2 1 6]
 [8 9 2 5 4 1 7 0 3]
 [1 3 6 2 7 0 5 8 9]
 [3 1 8 9 0 4 6 2 5]
 [9 5 4 8 2 6 0 3 1]
 [6 2 0 7 1 3 8 9 4]]
Number of cells unfilled: 8
Accuracy: 90.12345679012346
Sample: 1268
Question:
[[4 0 1 0 0 2 3 0 0]
 [0 0 3 0 0 6 7 0 0]
 [0 0 7 0 0 0 0 8 0]
 [0 0 0 0 6 0 5 0 0]
 [0 7 0 0 3 0 2 0 8]
 [0 0 0 0 0 0 0 6 3]
 [0 0 0 0 0 0 0 0 0]
 [2 0 0 0 7 3 6 0 5]
 [0 0 0 8 0 5 0 2 7]]
Solution:
[[5 6 3 0 9 7 1 4 8]
 [2 8 9 4 6 1 3 5 7]
 [4 7 1 3 5 8 9 6 2]
 [7 4 5 0 8 9 2 1 6]
 [8 9 2 5 4 0 7 0 3]
 [1 3 6 2 7 0 5 8 9]
 [3 1 8 9 0 4 6 2 5]
 [9 5 4 8 2 6 0 3 1]
 [6 2 0 7 1 3 8 9 4]]
Number of cells unfilled: 8
Accuracy: 90.12345679012346
Sample: 1269
Question:
[[4 0 3 0 0 0 0 0 0]
 [0 5 7 0 0 0 0 0 3]
 [6 8 0 7 0 0 0 0 4]
 [0 0 6 0 0 0 4 0 0]
 [0 0 0 0 2 9 7 8 0]
 [0 0 0 0 0 4 0 3 0]
 [5 3 0 0 8 0 0 0 0]
 [7 0 8 0 0 0 6 5 0]
 [0 0 4 0 7 0 0 0 0]]
Solution:
[[5 6 3 0 9 8 1 4 2]
 [2 8 9 4 6 0 3 5 7]
 [4 7 1 3 5 2 9 6 8]
 [7 4 5 0 8 9 2 1 6]
 [8 9 2 5 4 1 7 0 3]
 [1 3 6 2 7 0 5 8 9]
 [3 1 8 9 0 4 6 2 5]
 [9 5 7 8 2 6 0 3 1]
 [6 2 0 7 1 3 8 9 4]]
Number of cells unfilled: 8
Accuracy: 90.12345679012346
Sample: 1270
Question:
[[4 0 3 0 0 0 0 5 7]
 [0 7 2 5 0 0 0 0 1]
 [1 0 0 0 0 0 4 2 0]
 [0 0 0 0 0 0 0 0 0]
 [0 0 4 0 2 1 0 0 3]
 [0 1 5 7 3 0 0 0 0]
 [5 0 0 3 9 0 0 0 0]
 [0 0 0 0 0 0 0 3 0]
 [2 0 7 0 6 0 0 0 0]]
Solution:
[[5 6 3 0 9 7 1 4 8]
 [2 8 9 1 6 0 3 5 7]
 [4 7 1 3 5 8 9 6 2]
 [7 4 5 0 8 9 2 1 6]
 [8 9 2 5 4 1 7 0 3]
 [1 3 6 2 7 0 5 8 9]
 [3 1 8 9 0 4 6 2 5]
 [9 5 7 8 2 6 0 3 1]
 [6 2 0 7 1 3 8 9 4]]
Number of cells unfilled: 8
Accuracy: 90.12345679012346
Sample: 1271
Question:
[[4 0 3 0 7 0 1 9 0]
 [6 0 0 0 0 0 0 7 0]
 [0 0 7 2 0 0 0 3 0]
 [0 0 6 0 0 0 0 0 0]
 [5 0 2 4 0 3 0 0 0]
 [7 0 0 0 6 5 4 0 0]
 [0 0 0 0 4 2 0 0 3]
 [0 0 0 0 5 0 0 0 0]
 [3 0 0 6 0 7 0 0 0]]
Solution:
[[5 6 3 0 9 2 1 4 8]
 [2 8 9 4 6 1 3 5 7]
 [4 7 1 3 5 8 9 6 2]
 [7 4 5 0 8 9 2 1 6]
 [8 9 2 5 4 0 7 0 3]
 [1 3 6 2 7 0 5 8 9]
 [3 1 8 9 0 4 6 2 5]
 [9 5 7 8 2 6 0 3 1]
 [6 2 0 7 1 3 8 9 4]]
Number of cells unfilled: 8
Accuracy: 90.12345679012346
Sample: 1272
Question:
[[4 0 5 0 9 0 6 2 0]
 [0 0 0 0 0 0 0 0 5]
 [2 9 0 0 0 0 4 0 7]
 [7 0 9 0 0 2 0 0 0]
 [6 5 0 0 0 0 0 0 0]
 [0 0 4 0 0 0 7 0 0]
 [0 0 0 6 0 0 5 0 0]
 [0 7 0 2 0 0 0 0 6]
 [0 0 6 3 1 0 9 0 0]]
Solution:
[[5 6 3 0 9 8 1 4 2]
 [2 8 9 4 6 1 3 5 7]
 [4 7 1 3 5 2 9 6 8]
 [7 4 5 0 8 9 2 1 6]
 [8 9 2 6 4 5 7 0 3]
 [1 3 6 2 7 0 5 8 9]
 [3 1 8 9 0 4 6 2 5]
 [9 5 4 8 2 6 0 3 1]
 [6 2 0 7 1 3 8 9 4]]
Number of cells unfilled: 7
Accuracy: 91.35802469135803
Sample: 1273
Question:
[[4 0 6 5 0 0 8 0 7]
 [0 0 9 4 0 0 5 0 0]
 [5 0 0 0 0 3 0 0 0]
 [0 0 0 0 5 9 0 0 0]
 [0 0 0 6 3 0 0 4 0]
 [0 9 0 2 0 4 0 0 0]
 [0 0 5 9 2 0 0 0 6]
 [0 0 0 0 0 0 0 0 4]
 [3 0 2 0 0 6 0 0 0]]
Solution:
[[5 6 3 0 9 2 1 4 8]
 [2 8 9 4 6 1 3 5 7]
 [4 7 1 3 5 8 9 6 2]
 [7 4 5 0 8 9 2 1 6]
 [8 9 2 1 4 5 7 0 3]
 [1 3 6 2 7 0 5 8 9]
 [3 1 8 9 0 4 6 2 5]
 [9 5 4 8 2 6 0 3 1]
 [6 2 0 7 1 3 8 9 4]]
Number of cells unfilled: 7
Accuracy: 91.35802469135803
Sample: 1274
Question:
[[4 0 7 0 0 0 1 0 0]
 [0 6 9 0 0 0 4 8 0]
 [0 1 0 0 9 0 0 7 6]
 [0 8 0 7 0 1 6 4 0]
 [0 0 0 8 0 0 0 9 1]
 [0 0 6 0 0 0 0 0 0]
 [0 0 8 0 0 0 0 0 0]
 [0 0 0 3 8 6 0 0 0]
 [0 0 0 2 0 0 7 0 0]]
Solution:
[[5 6 3 0 9 7 1 4 2]
 [2 8 9 4 6 1 3 5 7]
 [4 7 1 3 5 2 9 6 8]
 [7 4 5 0 8 9 2 1 6]
 [8 9 2 6 4 5 7 0 3]
 [1 3 6 2 7 0 5 8 9]
 [3 1 8 9 0 4 6 2 5]
 [9 5 4 8 2 6 0 3 1]
 [6 2 0 7 1 3 8 9 4]]
Number of cells unfilled: 7
Accuracy: 91.35802469135803
Sample: 1275
Question:
[[4 0 7 0 0 6 0 0 0]
 [0 0 0 8 0 0 0 0 2]
 [0 0 8 0 0 1 0 0 0]
 [0 0 0 0 0 2 0 9 0]
 [0 3 0 0 8 0 0 6 0]
 [0 0 0 0 0 0 8 0 1]
 [6 0 0 0 3 0 9 1 0]
 [3 0 0 1 0 0 0 2 8]
 [0 0 0 2 0 9 3 0 6]]
Solution:
[[5 6 3 0 9 8 1 4 2]
 [2 8 9 1 6 0 3 5 7]
 [4 7 1 3 5 2 9 6 8]
 [7 4 5 0 8 9 2 1 6]
 [8 9 2 5 4 1 7 0 3]
 [1 3 6 2 7 0 5 8 9]
 [3 1 8 9 0 4 6 2 5]
 [9 5 7 8 2 6 0 3 1]
 [6 2 0 7 1 3 8 9 4]]
Number of cells unfilled: 8
Accuracy: 90.12345679012346
Sample: 1276
Question:
[[4 0 9 0 0 0 1 0 0]
 [0 1 0 0 0 7 4 0 2]
 [0 7 0 0 0 1 0 6 0]
 [0 2 0 0 0 0 0 0 4]
 [0 0 0 0 0 0 6 2 0]
 [0 6 0 0 1 0 9 0 7]
 [2 0 0 6 0 0 0 0 1]
 [7 0 0 8 0 3 0 0 0]
 [0 0 6 0 0 0 0 9 0]]
Solution:
[[5 6 3 0 9 7 1 4 8]
 [2 8 9 1 6 0 3 5 7]
 [4 7 1 3 5 8 9 6 2]
 [7 4 5 0 8 9 2 1 6]
 [8 9 2 5 4 1 7 0 3]
 [1 3 6 2 7 0 5 8 9]
 [3 1 8 9 0 4 6 2 5]
 [9 5 4 8 2 6 0 3 1]
 [6 2 0 7 1 3 8 9 4]]
Number of cells unfilled: 8
Accuracy: 90.12345679012346
Sample: 1277
Question:
[[4 0 9 2 0 1 0 0 0]
 [0 0 6 0 0 8 0 2 0]
 [8 0 0 6 4 0 1 0 9]
 [1 0 4 0 0 0 6 0 8]
 [9 0 0 1 0 0 0 0 0]
 [0 8 2 0 0 0 0 0 0]
 [6 0 0 0 0 0 7 0 0]
 [0 0 0 9 0 0 0 0 0]
 [0 0 0 0 0 0 5 9 1]]
Solution:
[[5 6 3 0 9 2 1 4 8]
 [2 8 9 4 6 1 3 5 7]
 [4 7 1 3 5 8 9 6 2]
 [7 4 5 0 8 9 2 1 6]
 [8 9 2 1 4 5 7 0 3]
 [1 3 6 2 7 0 5 8 9]
 [3 1 8 9 0 4 6 2 5]
 [9 5 7 8 2 6 0 3 1]
 [6 2 0 7 1 3 8 9 4]]
Number of cells unfilled: 7
Accuracy: 91.35802469135803
Sample: 1278
Question:
[[4 6 0 0 0 0 0 0 0]
 [0 0 9 0 2 4 0 0 0]
 [0 0 1 0 0 0 0 8 0]
 [0 0 0 0 1 0 7 0 5]
 [0 0 0 0 4 0 6 0 0]
 [2 0 0 6 0 0 0 0 0]
 [0 9 4 0 6 8 0 0 1]
 [6 0 2 0 0 0 0 0 8]
 [1 8 0 2 9 0 0 0 0]]
Solution:
[[5 6 3 0 9 8 1 4 2]
 [2 8 9 1 6 0 3 5 7]
 [4 7 1 3 5 2 9 6 8]
 [7 4 5 0 8 9 2 1 6]
 [8 9 2 6 4 5 7 0 3]
 [1 3 6 2 7 0 5 8 9]
 [3 1 8 9 0 4 6 2 5]
 [9 5 4 8 2 6 0 3 1]
 [6 2 0 7 1 3 8 9 4]]
Number of cells unfilled: 8
Accuracy: 90.12345679012346
Sample: 1279
Question:
[[4 6 0 0 0 0 7 2 0]
 [3 0 7 0 0 0 0 5 6]
 [0 0 0 0 0 0 0 0 0]
 [8 0 0 0 0 0 5 0 0]
 [0 0 0 0 0 3 0 0 0]
 [1 0 0 0 0 0 4 7 3]
 [0 0 5 3 6 0 0 4 0]
 [0 0 0 0 7 5 2 0 0]
 [0 3 0 2 0 4 6 0 0]]
Solution:
[[5 6 3 0 9 8 1 4 2]
 [2 8 9 1 6 0 3 5 7]
 [4 7 1 3 5 2 9 6 8]
 [7 4 5 0 8 9 2 1 6]
 [8 9 2 6 4 1 7 0 3]
 [1 3 6 2 7 0 5 8 9]
 [3 1 8 9 0 4 6 2 5]
 [9 5 4 8 2 6 0 3 1]
 [6 2 0 7 1 3 8 9 4]]
Number of cells unfilled: 8
Accuracy: 90.12345679012346
Sample: 1280
Question:
[[5 0 0 0 0 1 0 0 0]
 [0 7 1 0 0 0 0 0 0]
 [4 2 0 0 0 0 0 0 8]
 [0 0 7 0 0 4 0 8 0]
 [0 8 0 2 5 0 0 0 0]
 [1 5 0 0 7 8 0 4 0]
 [0 0 2 7 0 0 0 0 0]
 [8 0 0 0 1 0 7 0 0]
 [0 0 0 0 4 0 3 6 0]]
Solution:
[[5 6 3 0 9 2 1 4 8]
 [2 8 9 1 6 0 3 5 7]
 [4 7 1 3 5 8 9 6 2]
 [7 4 5 0 8 9 2 1 6]
 [8 9 2 6 4 5 7 0 3]
 [1 3 6 2 7 0 5 8 9]
 [3 1 8 9 0 4 6 2 5]
 [9 5 4 8 2 6 0 3 1]
 [6 2 0 7 1 3 8 9 4]]
Number of cells unfilled: 8
Accuracy: 90.12345679012346
Sample: 1281
Question:
[[5 0 0 0 0 1 0 0 0]
 [7 0 0 0 0 0 0 9 0]
 [4 3 0 7 0 0 5 2 0]
 [0 0 0 8 0 0 0 0 9]
 [0 0 5 2 1 0 0 0 7]
 [0 0 0 0 7 9 0 5 0]
 [0 2 0 9 8 0 0 7 0]
 [0 0 0 0 0 0 0 0 2]
 [0 0 0 0 5 0 1 8 0]]
Solution:
[[5 6 3 0 9 7 1 4 2]
 [2 8 9 4 6 1 3 5 7]
 [4 7 1 3 5 2 9 6 8]
 [7 4 5 0 8 9 2 1 6]
 [8 9 2 1 4 5 7 0 3]
 [1 3 6 2 7 0 5 8 9]
 [3 1 8 9 0 4 6 2 5]
 [9 5 4 8 2 6 0 3 1]
 [6 2 0 7 1 3 8 9 4]]
Number of cells unfilled: 7
Accuracy: 91.35802469135803
Sample: 1282
Question:
[[5 0 0 0 0 9 0 0 0]
 [0 8 1 2 0 0 0 3 0]
 [0 0 9 1 3 0 0 8 5]
 [0 2 5 0 0 0 0 4 6]
 [0 0 3 0 0 0 0 0 0]
 [0 9 0 0 0 8 0 2 0]
 [0 0 0 0 1 0 0 0 0]
 [0 0 2 9 0 3 0 0 0]
 [0 0 0 8 5 0 2 0 0]]
Solution:
[[5 6 3 0 9 8 1 4 2]
 [2 8 9 1 6 0 3 5 7]
 [4 7 1 3 5 2 9 6 8]
 [7 4 5 0 8 9 2 1 6]
 [8 9 2 6 4 1 7 0 3]
 [1 3 6 2 7 0 5 8 9]
 [3 1 8 9 0 4 6 2 5]
 [9 5 4 8 2 6 0 3 1]
 [6 2 0 7 1 3 8 9 4]]
Number of cells unfilled: 8
Accuracy: 90.12345679012346
Sample: 1283
Question:
[[5 0 0 0 0 9 0 3 2]
 [2 0 9 0 0 0 8 1 0]
 [0 8 3 1 0 0 5 0 0]
 [0 0 0 0 0 0 0 9 0]
 [0 0 0 9 7 8 0 0 0]
 [3 0 0 0 4 0 0 0 0]
 [9 0 0 0 0 0 0 0 5]
 [0 0 1 8 0 0 0 0 0]
 [8 0 2 0 3 5 0 0 0]]
Solution:
[[5 6 3 0 9 7 1 4 2]
 [2 8 9 4 6 0 3 5 7]
 [4 7 1 3 5 2 9 6 8]
 [7 4 5 0 8 9 2 1 6]
 [8 9 2 5 4 1 7 0 3]
 [1 3 6 2 7 0 5 8 9]
 [3 1 8 9 0 4 6 2 5]
 [9 5 4 8 2 6 0 3 1]
 [6 2 0 7 1 3 8 9 4]]
Number of cells unfilled: 8
Accuracy: 90.12345679012346
Sample: 1284
Question:
[[5 0 0 0 4 2 0 0 0]
 [0 0 0 0 0 0 0 0 4]
 [8 9 0 0 0 0 0 0 0]
 [0 0 0 0 2 0 0 0 9]
 [4 0 0 3 7 0 0 0 0]
 [2 7 0 6 0 9 4 0 0]
 [0 0 3 0 0 0 7 0 0]
 [0 0 0 4 0 6 9 0 3]
 [9 0 0 0 0 7 0 6 2]]
Solution:
[[5 6 3 0 9 8 1 4 2]
 [2 8 9 4 6 1 3 5 7]
 [4 7 1 3 5 2 9 6 8]
 [7 4 5 0 8 9 2 1 6]
 [8 9 2 5 4 0 7 0 3]
 [1 3 6 2 7 0 5 8 9]
 [3 1 8 9 0 4 6 2 5]
 [9 5 4 8 2 6 0 3 1]
 [6 2 0 7 1 3 8 9 4]]
Number of cells unfilled: 8
Accuracy: 90.12345679012346
Sample: 1285
Question:
[[5 0 0 1 0 0 0 0 0]
 [0 4 1 0 2 5 0 3 0]
 [6 0 2 3 4 0 0 0 0]
 [0 0 0 0 0 2 0 0 0]
 [0 0 0 0 6 3 0 0 4]
 [0 0 4 5 1 0 0 0 0]
 [0 0 3 0 0 0 9 8 0]
 [0 0 5 0 0 0 1 0 0]
 [1 0 0 6 0 0 4 0 0]]
Solution:
[[5 6 3 0 9 7 1 4 8]
 [2 8 9 1 6 0 3 5 7]
 [4 7 1 3 5 8 9 6 2]
 [7 4 5 0 8 9 2 1 6]
 [8 9 2 5 4 1 7 0 3]
 [1 3 6 2 7 0 5 8 9]
 [3 1 8 9 0 4 6 2 5]
 [9 5 4 8 2 6 0 3 1]
 [6 2 0 7 1 3 8 9 4]]
Number of cells unfilled: 8
Accuracy: 90.12345679012346
Sample: 1286
Question:
[[5 0 0 1 0 4 0 7 0]
 [3 0 0 0 0 0 0 6 0]
 [0 7 0 0 0 0 8 0 0]
 [9 8 0 0 0 3 5 0 0]
 [0 3 0 6 0 0 0 0 0]
 [7 0 6 5 0 8 0 0 9]
 [0 0 0 0 0 0 0 9 0]
 [0 0 0 0 0 0 3 0 7]
 [0 0 0 0 6 0 0 5 8]]
Solution:
[[5 6 3 0 9 7 1 4 8]
 [2 8 9 4 6 0 3 5 7]
 [4 7 1 3 5 8 9 6 2]
 [7 4 5 0 8 9 2 1 6]
 [8 9 2 5 4 1 7 0 3]
 [1 3 6 2 7 0 5 8 9]
 [3 1 8 9 0 4 6 2 5]
 [9 5 4 8 2 6 0 3 1]
 [6 2 0 7 1 3 8 9 4]]
Number of cells unfilled: 8
Accuracy: 90.12345679012346
Sample: 1287
Question:
[[5 0 0 1 3 0 0 7 9]
 [0 0 0 5 0 0 0 4 0]
 [0 6 0 9 0 0 0 0 5]
 [7 0 6 0 0 9 0 0 0]
 [2 0 0 0 0 0 4 6 0]
 [0 4 5 0 0 0 0 0 0]
 [4 0 2 0 7 0 0 5 0]
 [0 0 9 0 0 0 0 2 6]
 [0 0 0 0 0 0 7 0 0]]
Solution:
[[5 6 3 0 9 7 1 4 8]
 [2 8 9 1 6 0 3 5 7]
 [4 7 1 3 5 8 9 6 2]
 [7 4 5 0 8 9 2 1 6]
 [8 9 2 6 4 1 7 0 3]
 [1 3 6 2 7 0 5 8 9]
 [3 1 8 9 0 4 6 2 5]
 [9 5 4 8 2 6 0 3 1]
 [6 2 0 7 1 3 8 9 4]]
Number of cells unfilled: 8
Accuracy: 90.12345679012346
Sample: 1288
Question:
[[5 0 0 3 0 0 0 0 0]
 [0 0 0 0 0 0 0 8 0]
 [4 8 9 0 0 0 0 0 0]
 [3 0 2 9 1 0 0 0 0]
 [0 9 0 0 6 0 0 0 0]
 [0 0 0 8 0 3 2 0 0]
 [0 6 0 0 0 9 0 0 2]
 [0 0 0 1 8 0 0 6 9]
 [0 0 8 2 0 0 1 3 0]]
Solution:
[[5 6 3 0 9 7 1 4 2]
 [2 8 9 4 6 1 3 5 7]
 [4 7 1 3 5 2 9 6 8]
 [7 4 5 0 8 9 2 1 6]
 [8 9 2 5 4 0 7 0 3]
 [1 3 6 2 7 0 5 8 9]
 [3 1 8 9 0 4 6 2 5]
 [9 5 4 8 2 6 0 3 1]
 [6 2 0 7 1 3 8 9 4]]
Number of cells unfilled: 8
Accuracy: 90.12345679012346
Sample: 1289
Question:
[[5 0 0 7 0 0 0 4 8]
 [0 0 0 0 4 1 5 7 0]
 [0 0 0 0 0 8 3 0 0]
 [0 0 7 3 0 0 0 1 5]
 [0 0 0 0 7 0 8 3 0]
 [0 0 0 0 0 0 0 0 4]
 [0 3 0 0 8 0 0 0 0]
 [6 9 0 0 5 0 0 0 0]
 [0 7 0 0 0 3 1 0 0]]
Solution:
[[5 6 3 0 9 7 1 4 2]
 [2 8 9 1 6 0 3 5 7]
 [4 7 1 3 5 2 9 6 8]
 [7 4 5 0 8 9 2 1 6]
 [8 9 2 6 4 5 7 0 3]
 [1 3 6 2 7 0 5 8 9]
 [3 1 8 9 0 4 6 2 5]
 [9 5 7 8 2 6 0 3 1]
 [6 2 0 7 1 3 8 9 4]]
Number of cells unfilled: 8
Accuracy: 90.12345679012346
Sample: 1290
Question:
[[5 0 0 7 3 0 0 4 9]
 [0 0 0 0 0 4 0 0 5]
 [3 0 0 0 0 0 0 6 0]
 [9 0 7 4 6 0 5 3 0]
 [0 4 0 0 0 0 0 9 0]
 [0 3 0 0 0 5 0 0 7]
 [0 0 0 2 0 0 6 7 0]
 [0 0 6 0 0 0 0 0 0]
 [0 0 0 8 4 0 0 0 0]]
Solution:
[[5 6 3 0 9 8 1 4 2]
 [2 8 9 1 6 0 3 5 7]
 [4 7 1 3 5 2 9 6 8]
 [7 4 5 0 8 9 2 1 6]
 [8 9 2 6 4 1 7 0 3]
 [1 3 6 2 7 0 5 8 9]
 [3 1 8 9 0 4 6 2 5]
 [9 5 7 8 2 6 0 3 1]
 [6 2 0 7 1 3 8 9 4]]
Number of cells unfilled: 8
Accuracy: 90.12345679012346
Sample: 1291
Question:
[[5 0 2 0 0 4 0 0 0]
 [0 7 0 0 0 0 0 0 3]
 [0 6 3 0 0 7 5 4 0]
 [0 0 5 0 0 0 1 0 0]
 [0 0 0 2 0 0 0 0 0]
 [0 0 0 0 0 0 8 3 2]
 [0 0 0 0 4 0 0 0 7]
 [0 2 6 0 3 0 0 0 0]
 [7 0 4 5 0 6 3 0 0]]
Solution:
[[5 6 3 0 9 2 1 4 8]
 [2 8 9 4 6 1 3 5 7]
 [4 7 1 3 5 8 9 6 2]
 [7 4 5 0 8 9 2 1 6]
 [8 9 2 6 4 5 7 0 3]
 [1 3 6 2 7 0 5 8 9]
 [3 1 8 9 0 4 6 2 5]
 [9 5 7 8 2 6 0 3 1]
 [6 2 0 7 1 3 8 9 4]]
Number of cells unfilled: 7
Accuracy: 91.35802469135803
Sample: 1292
Question:
[[5 0 3 0 0 0 0 0 2]
 [0 1 0 2 0 0 0 0 0]
 [0 2 9 1 0 0 0 8 3]
 [0 0 0 0 0 0 8 0 9]
 [0 9 0 0 0 2 0 1 5]
 [0 8 5 0 0 0 0 3 0]
 [0 0 0 0 0 0 5 0 0]
 [0 0 8 0 9 0 0 0 0]
 [0 0 1 7 6 0 0 9 0]]
Solution:
[[5 6 3 0 9 7 1 4 2]
 [2 8 9 4 6 1 3 5 7]
 [4 7 1 3 5 2 9 6 8]
 [7 4 5 0 8 9 2 1 6]
 [8 9 2 1 4 5 7 0 3]
 [1 3 6 2 7 0 5 8 9]
 [3 1 8 9 0 4 6 2 5]
 [9 5 7 8 2 6 0 3 1]
 [6 2 0 7 1 3 8 9 4]]
Number of cells unfilled: 7
Accuracy: 91.35802469135803
Sample: 1293
Question:
[[5 0 3 2 0 0 0 6 0]
 [0 9 0 6 0 0 0 0 0]
 [0 0 0 0 4 0 0 5 9]
 [0 0 0 4 2 0 9 0 6]
 [0 6 0 3 0 9 5 0 0]
 [0 0 0 0 5 0 0 2 3]
 [9 0 1 0 0 0 0 0 0]
 [0 0 0 0 0 0 0 0 4]
 [0 0 7 0 3 4 0 0 0]]
Solution:
[[5 6 3 0 9 7 1 4 2]
 [2 8 9 4 6 1 3 5 7]
 [4 7 1 3 5 2 9 6 8]
 [7 4 5 0 8 9 2 1 6]
 [8 9 2 1 4 5 7 0 3]
 [1 3 6 2 7 0 5 8 9]
 [3 1 8 9 0 4 6 2 5]
 [9 5 4 8 2 6 0 3 1]
 [6 2 0 7 1 3 8 9 4]]
Number of cells unfilled: 7
Accuracy: 91.35802469135803
Sample: 1294
Question:
[[5 0 6 0 0 9 0 0 0]
 [0 9 2 8 5 0 0 0 0]
 [8 1 0 0 0 0 0 0 0]
 [0 0 0 0 0 6 1 0 5]
 [0 5 0 0 1 0 2 8 0]
 [0 2 0 0 0 0 0 6 9]
 [0 6 0 7 0 1 0 0 0]
 [0 0 0 0 0 0 0 1 0]
 [0 8 9 4 0 0 0 0 0]]
Solution:
[[5 6 3 0 9 7 1 4 2]
 [2 8 9 4 6 0 3 5 7]
 [4 7 1 3 5 2 9 6 8]
 [7 4 5 0 8 9 2 1 6]
 [8 9 2 5 4 1 7 0 3]
 [1 3 6 2 7 0 5 8 9]
 [3 1 8 9 0 4 6 2 5]
 [9 5 7 8 2 6 0 3 1]
 [6 2 0 7 1 3 8 9 4]]
Number of cells unfilled: 8
Accuracy: 90.12345679012346
Sample: 1295
Question:
[[5 1 0 2 4 0 0 9 0]
 [7 0 4 9 0 1 0 0 0]
 [0 0 0 0 0 0 0 0 0]
 [0 0 0 7 2 0 0 0 4]
 [0 0 9 5 0 4 0 0 1]
 [0 0 0 0 0 9 5 2 0]
 [0 0 0 0 0 0 7 0 0]
 [3 0 7 1 9 0 0 0 0]
 [6 0 0 0 5 0 0 0 0]]
Solution:
[[5 6 3 0 9 8 1 4 2]
 [2 8 9 4 6 0 3 5 7]
 [4 7 1 3 5 2 9 6 8]
 [7 4 5 0 8 9 2 1 6]
 [8 9 2 5 4 1 7 0 3]
 [1 3 6 2 7 0 5 8 9]
 [3 1 8 9 0 4 6 2 5]
 [9 5 4 8 2 6 0 3 1]
 [6 2 0 7 1 3 8 9 4]]
Number of cells unfilled: 8
Accuracy: 90.12345679012346
Sample: 1296
Question:
[[5 1 2 0 0 0 0 0 0]
 [0 0 0 1 0 0 0 0 0]
 [0 0 6 0 0 0 8 0 0]
 [1 0 0 8 0 4 3 0 0]
 [0 0 0 9 5 0 4 1 0]
 [0 9 0 0 3 0 0 8 5]
 [3 0 8 0 0 0 0 4 0]
 [0 5 1 0 0 0 0 9 0]
 [0 0 0 5 0 3 0 0 0]]
Solution:
[[5 6 3 0 9 2 1 4 8]
 [2 8 9 4 6 1 3 5 7]
 [4 7 1 3 5 8 9 6 2]
 [7 4 5 0 8 9 2 1 6]
 [8 9 2 1 4 5 7 0 3]
 [1 3 6 2 7 0 5 8 9]
 [3 1 8 9 0 4 6 2 5]
 [9 5 4 8 2 6 0 3 1]
 [6 2 0 7 1 3 8 9 4]]
Number of cells unfilled: 7
Accuracy: 91.35802469135803
Sample: 1297
Question:
[[5 1 8 0 0 0 0 0 0]
 [2 0 0 0 0 0 0 0 3]
 [0 0 0 0 0 8 0 0 0]
 [8 0 1 0 0 0 0 4 0]
 [3 6 0 0 8 0 0 9 1]
 [0 0 0 6 0 0 0 0 0]
 [0 0 4 0 6 0 0 3 0]
 [0 0 0 0 1 4 0 8 9]
 [1 0 0 9 0 3 0 0 6]]
Solution:
[[5 6 3 0 9 7 1 4 8]
 [2 8 9 4 6 1 3 5 7]
 [4 7 1 3 5 8 9 6 2]
 [7 4 5 0 8 9 2 1 6]
 [8 9 2 1 4 5 7 0 3]
 [1 3 6 2 7 0 5 8 9]
 [3 1 8 9 0 4 6 2 5]
 [9 5 4 8 2 6 0 3 1]
 [6 2 0 7 1 3 8 9 4]]
Number of cells unfilled: 7
Accuracy: 91.35802469135803
Sample: 1298
Question:
[[5 2 0 7 0 0 0 8 0]
 [6 0 8 2 0 9 0 0 0]
 [0 0 7 0 0 5 6 0 0]
 [0 0 0 0 0 0 0 3 8]
 [0 0 0 5 9 0 0 4 0]
 [9 0 0 0 0 0 0 0 0]
 [0 0 0 0 0 6 0 9 0]
 [8 7 0 0 0 0 0 0 0]
 [0 6 0 8 0 2 0 5 7]]
Solution:
[[5 6 3 0 9 2 1 4 8]
 [2 8 9 4 6 1 3 5 7]
 [4 7 1 3 5 8 9 6 2]
 [7 4 5 0 8 9 2 1 6]
 [8 9 2 5 4 0 7 0 3]
 [1 3 6 2 7 0 5 8 9]
 [3 1 8 9 0 4 6 2 5]
 [9 5 7 8 2 6 0 3 1]
 [6 2 0 7 1 3 8 9 4]]
Number of cells unfilled: 8
Accuracy: 90.12345679012346
Sample: 1299
Question:
[[5 4 0 0 0 3 0 6 0]
 [0 7 6 0 8 5 0 4 0]
 [3 0 8 0 0 0 0 0 0]
 [0 3 0 0 0 0 0 0 0]
 [7 0 0 0 0 6 0 0 5]
 [0 8 0 0 1 9 7 0 0]
 [0 0 0 6 0 0 8 5 0]
 [0 0 0 0 0 0 0 7 3]
 [0 0 0 0 0 0 4 0 6]]
Solution:
[[5 6 3 0 9 7 1 4 2]
 [2 8 9 4 6 1 3 5 7]
 [4 7 1 3 5 2 9 6 8]
 [7 4 5 0 8 9 2 1 6]
 [8 9 2 6 4 5 7 0 3]
 [1 3 6 2 7 0 5 8 9]
 [3 1 8 9 0 4 6 2 5]
 [9 5 4 8 2 6 0 3 1]
 [6 2 0 7 1 3 8 9 4]]
Number of cells unfilled: 7
Accuracy: 91.35802469135803
Sample: 1300
Question:
[[5 6 0 0 0 0 0 0 0]
 [2 0 0 0 0 0 3 0 7]
 [0 0 0 3 0 0 0 0 0]
 [7 4 0 0 8 0 0 1 6]
 [0 0 0 0 4 0 7 0 3]
 [0 0 6 0 0 0 0 8 0]
 [0 0 8 0 0 4 6 0 0]
 [0 0 0 0 0 6 0 3 1]
 [0 0 0 7 1 0 8 0 4]]
Solution:
[[5 6 3 0 9 2 1 4 8]
 [2 8 9 1 6 0 3 5 7]
 [4 7 1 3 5 8 9 6 2]
 [7 4 5 0 8 9 2 1 6]
 [8 9 2 6 4 5 7 0 3]
 [1 3 6 2 7 0 5 8 9]
 [3 1 8 9 0 4 6 2 5]
 [9 5 7 8 2 6 0 3 1]
 [6 2 0 7 1 3 8 9 4]]
Number of cells unfilled: 8
Accuracy: 90.12345679012346
