2025-10-22 13:49:55.259012: I tensorflow/core/util/port.cc:153] oneDNN custom operations are on. You may see slightly different numerical results due to floating-point round-off errors from different computation orders. To turn them off, set the environment variable `TF_ENABLE_ONEDNN_OPTS=0`.
2025-10-22 13:49:55.353760: I tensorflow/core/platform/cpu_feature_guard.cc:210] This TensorFlow binary is optimized to use available CPU instructions in performance-critical operations.
To enable the following instructions: AVX2 AVX512F AVX512_VNNI FMA, in other operations, rebuild TensorFlow with the appropriate compiler flags.
2025-10-22 13:50:00.458668: I tensorflow/core/util/port.cc:153] oneDNN custom operations are on. You may see slightly different numerical results due to floating-point round-off errors from different computation orders. To turn them off, set the environment variable `TF_ENABLE_ONEDNN_OPTS=0`.
2025-10-22 13:50:06.554208: E external/local_xla/xla/stream_executor/cuda/cuda_platform.cc:51] failed call to cuInit: INTERNAL: CUDA error: Failed call to cuInit: UNKNOWN ERROR (303)
Sample: 12101
Question:
[[0 0 4 0 0 0 0 5 9]
 [0 2 9 6 0 0 4 0 8]
 [5 8 0 0 0 0 6 0 0]
 [0 0 0 0 0 0 0 0 6]
 [0 5 0 8 0 0 9 0 0]
 [0 0 0 7 3 0 0 0 2]
 [4 0 5 0 0 2 0 0 0]
 [0 9 8 0 6 0 2 0 0]
 [2 6 0 0 0 0 0 0 4]]
Solution:
[[6 5 0 8 3 9 1 0 4]
 [8 4 7 1 6 5 2 9 3]
 [1 0 3 4 2 0 7 8 6]
 [5 0 8 6 9 1 4 7 2]
 [9 6 2 3 7 4 8 1 5]
 [7 1 4 2 5 8 6 3 0]
 [4 7 5 9 0 0 3 2 1]
 [0 3 0 5 4 2 0 6 9]
 [2 9 1 7 8 6 5 4 0]]
Number of cells unfilled: 12
Accuracy: 85.18518518518519
Sample: 12102
Question:
[[0 0 4 0 0 3 7 0 0]
 [0 6 0 0 4 5 0 3 0]
 [0 0 0 7 9 0 0 0 0]
 [0 0 6 0 0 0 0 0 7]
 [2 0 0 0 0 0 6 0 0]
 [8 0 5 0 0 6 0 0 0]
 [0 0 0 9 0 0 0 7 3]
 [0 0 9 5 0 0 4 6 0]
 [0 0 0 0 3 4 5 0 9]]
Solution:
[[6 5 0 8 3 9 1 0 4]
 [8 4 7 1 6 5 2 9 3]
 [1 0 3 4 2 0 7 5 6]
 [5 0 8 6 9 1 4 7 2]
 [9 6 2 3 7 4 8 1 5]
 [7 1 4 2 5 8 6 3 0]
 [4 8 5 9 0 0 3 2 1]
 [0 3 0 5 4 2 0 6 9]
 [2 9 1 7 8 6 5 4 0]]
Number of cells unfilled: 12
Accuracy: 85.18518518518519
Sample: 12103
Question:
[[0 1 7 0 0 0 0 0 4]
 [9 0 0 4 0 0 0 0 0]
 [3 0 4 0 6 0 0 7 9]
 [6 0 0 3 0 2 0 0 0]
 [0 0 0 0 0 8 0 6 0]
 [0 0 0 0 0 0 1 0 0]
 [0 7 0 0 0 0 9 0 1]
 [0 3 0 7 0 0 0 4 0]
 [4 0 9 0 0 6 7 3 0]]
Solution:
[[6 5 7 1 3 9 2 8 4]
 [0 4 0 8 6 5 1 9 3]
 [1 8 3 4 2 0 7 5 6]
 [5 0 8 6 9 1 4 7 2]
 [9 6 2 3 7 4 8 1 5]
 [7 1 4 2 5 8 6 3 0]
 [4 7 5 9 0 0 3 2 1]
 [8 3 0 5 4 2 0 6 9]
 [2 9 1 7 8 6 5 4 0]]
Number of cells unfilled: 10
Accuracy: 87.65432098765432
Sample: 12104
Question:
[[0 2 9 1 6 0 0 5 0]
 [7 0 1 0 5 9 0 0 0]
 [5 6 0 2 0 7 0 0 0]
 [0 0 7 6 0 2 1 0 9]
 [9 0 0 0 0 5 0 0 0]
 [0 1 0 7 0 0 0 2 0]
 [1 0 0 0 0 0 0 0 0]
 [0 9 0 0 0 0 4 0 0]
 [0 0 0 0 0 0 8 6 0]]
Solution:
[[6 5 7 1 3 9 2 8 4]
 [0 4 0 7 6 5 1 9 3]
 [1 8 3 4 2 0 7 5 6]
 [5 0 8 6 9 1 4 7 2]
 [0 6 2 3 7 4 8 1 5]
 [7 1 9 2 5 8 6 3 0]
 [8 7 5 9 0 0 3 2 1]
 [0 3 0 5 4 7 0 6 9]
 [2 9 1 0 8 6 5 4 7]]
Number of cells unfilled: 12
Accuracy: 85.18518518518519
Sample: 12105
Question:
[[0 3 0 0 7 9 0 1 4]
 [0 0 0 5 4 0 3 0 9]
 [0 0 0 0 0 3 5 7 0]
 [0 4 0 0 5 0 0 0 7]
 [0 0 0 3 0 0 1 0 0]
 [1 0 7 4 9 0 0 5 0]
 [0 9 8 0 1 0 0 0 0]
 [0 0 2 0 0 0 0 0 0]
 [0 1 0 0 0 0 7 0 0]]
Solution:
[[6 5 0 7 3 9 1 8 4]
 [8 4 7 1 6 5 2 9 3]
 [1 0 3 4 2 0 7 5 6]
 [5 0 8 6 9 1 4 7 2]
 [9 6 2 3 7 4 8 1 5]
 [7 1 4 2 5 8 6 3 0]
 [4 8 5 9 0 0 3 2 1]
 [0 3 0 5 4 7 0 6 9]
 [2 9 1 0 8 6 5 4 7]]
Number of cells unfilled: 11
Accuracy: 86.41975308641975
Sample: 12106
Question:
[[0 4 0 0 0 0 3 0 0]
 [1 0 6 0 0 0 0 0 0]
 [3 7 0 1 4 0 0 0 5]
 [0 0 7 3 5 0 1 0 0]
 [4 3 0 7 0 1 0 0 0]
 [0 0 1 0 6 4 0 0 0]
 [0 0 0 0 0 6 5 0 0]
 [0 0 0 5 0 0 0 9 0]
 [0 5 0 0 0 0 7 8 0]]
Solution:
[[6 5 7 8 3 9 1 0 4]
 [8 4 0 1 6 5 2 9 3]
 [1 0 3 4 2 0 7 8 6]
 [5 0 8 6 9 1 4 7 2]
 [0 6 2 3 7 4 8 1 5]
 [7 1 9 2 5 8 6 3 0]
 [4 8 5 9 0 0 3 2 1]
 [0 3 0 5 4 2 0 6 9]
 [2 9 1 7 8 6 5 4 0]]
Number of cells unfilled: 13
Accuracy: 83.9506172839506
Sample: 12107
Question:
[[0 6 0 0 0 0 0 0 4]
 [0 0 0 0 0 0 2 1 0]
 [0 0 5 2 0 4 6 0 9]
 [3 9 0 0 0 0 0 0 5]
 [8 0 0 5 0 0 0 0 0]
 [0 0 0 0 1 0 0 0 0]
 [0 2 0 6 0 5 0 9 0]
 [5 0 0 9 2 0 4 0 6]
 [0 0 0 0 4 1 0 2 0]]
Solution:
[[6 5 0 1 3 9 2 8 4]
 [0 4 7 8 6 5 1 9 3]
 [1 8 3 4 2 0 7 6 0]
 [5 0 8 6 9 1 4 7 2]
 [9 6 2 3 7 4 8 1 5]
 [7 1 4 2 5 8 6 3 0]
 [4 7 5 9 0 0 3 2 1]
 [8 3 6 5 4 2 0 0 9]
 [2 9 1 7 8 6 5 4 0]]
Number of cells unfilled: 11
Accuracy: 86.41975308641975
Sample: 12108
Question:
[[0 7 0 1 0 0 5 0 6]
 [0 0 0 0 7 0 0 8 2]
 [6 0 0 0 0 8 1 0 0]
 [0 0 0 8 1 0 0 2 0]
 [2 0 0 7 0 6 0 5 0]
 [0 0 0 0 2 5 6 0 1]
 [7 0 0 0 8 0 0 0 0]
 [0 0 3 0 0 0 0 0 0]
 [5 0 4 0 0 0 7 0 0]]
Solution:
[[6 5 7 8 3 9 2 0 4]
 [8 4 0 7 6 5 1 9 3]
 [1 0 3 4 2 0 7 6 8]
 [5 0 8 6 9 1 4 7 2]
 [9 6 2 3 7 4 8 1 5]
 [7 1 4 2 5 8 6 3 0]
 [4 8 5 9 0 7 3 2 1]
 [0 3 6 5 4 2 0 8 9]
 [2 9 1 0 8 6 5 4 7]]
Number of cells unfilled: 10
Accuracy: 87.65432098765432
Sample: 12109
Question:
[[0 7 2 9 0 6 0 0 1]
 [0 9 0 0 7 0 0 2 0]
 [8 0 6 0 2 0 0 0 0]
 [0 0 8 0 0 0 0 0 0]
 [0 0 0 1 0 0 0 7 4]
 [0 1 0 0 0 0 0 0 5]
 [6 0 0 7 0 9 1 0 8]
 [9 0 0 0 8 2 0 0 0]
 [0 0 0 6 0 0 0 9 0]]
Solution:
[[6 5 7 1 3 9 2 8 4]
 [0 4 0 8 6 5 1 9 3]
 [1 8 3 4 2 0 7 6 0]
 [5 0 8 6 9 1 4 7 2]
 [0 6 2 3 7 4 8 1 5]
 [7 1 9 2 5 8 6 3 0]
 [4 7 5 9 0 0 3 2 1]
 [8 3 6 5 4 2 0 0 9]
 [2 9 1 7 8 6 5 4 0]]
Number of cells unfilled: 12
Accuracy: 85.18518518518519
Sample: 12110
Question:
[[0 8 0 0 3 4 0 0 6]
 [4 6 0 9 0 1 0 0 0]
 [9 0 3 6 8 0 0 0 0]
 [0 4 9 0 0 0 0 0 3]
 [3 0 8 0 0 9 4 1 0]
 [6 1 0 0 0 0 0 0 0]
 [0 0 0 1 0 0 0 0 0]
 [0 0 0 0 0 0 0 2 8]
 [0 0 0 0 4 0 0 7 0]]
Solution:
[[6 5 0 1 3 9 0 8 4]
 [0 4 7 8 6 5 2 9 3]
 [1 8 3 4 2 0 7 5 6]
 [5 0 8 6 9 1 4 7 2]
 [0 6 2 3 7 4 8 1 5]
 [7 1 9 2 5 8 6 3 0]
 [4 7 5 9 0 0 3 2 1]
 [8 3 0 5 4 2 0 6 9]
 [2 9 1 7 8 6 5 4 0]]
Number of cells unfilled: 12
Accuracy: 85.18518518518519
Sample: 12111
Question:
[[0 9 0 0 7 6 0 4 8]
 [0 0 0 0 9 0 6 0 0]
 [8 0 0 4 0 5 0 0 0]
 [0 0 6 7 0 0 5 0 0]
 [9 4 0 5 0 0 0 0 0]
 [5 0 7 0 6 9 0 8 0]
 [0 0 0 0 8 0 7 1 0]
 [4 0 0 0 0 0 0 0 0]
 [0 0 8 0 0 0 0 3 0]]
Solution:
[[6 5 7 1 3 9 2 8 4]
 [0 4 0 8 6 5 1 9 3]
 [1 8 3 4 2 0 7 6 0]
 [5 0 8 6 9 1 4 7 2]
 [0 6 2 3 7 4 8 1 5]
 [7 1 9 2 5 8 6 3 0]
 [4 7 5 9 0 0 3 2 1]
 [8 3 6 5 4 2 0 0 9]
 [2 9 1 7 8 6 5 4 0]]
Number of cells unfilled: 12
Accuracy: 85.18518518518519
Sample: 12112
Question:
[[0 9 8 0 0 0 0 0 0]
 [6 2 0 4 0 0 0 0 0]
 [5 0 4 0 9 2 6 0 0]
 [0 0 0 0 0 0 0 9 0]
 [2 0 0 5 3 0 0 0 0]
 [0 0 0 0 7 0 0 0 2]
 [0 5 0 8 0 0 2 0 4]
 [0 8 0 0 0 0 9 6 0]
 [4 0 6 0 0 0 0 8 5]]
Solution:
[[6 5 7 1 3 9 2 0 4]
 [0 4 0 7 6 5 1 9 3]
 [1 8 3 4 2 0 7 5 6]
 [5 0 8 6 9 1 4 7 2]
 [0 6 2 3 7 4 8 1 5]
 [7 1 9 2 5 8 6 3 0]
 [8 7 5 9 0 0 3 2 1]
 [0 3 6 5 4 7 0 8 9]
 [2 9 1 0 8 6 5 4 7]]
Number of cells unfilled: 12
Accuracy: 85.18518518518519
Sample: 12113
Question:
[[1 4 0 3 0 8 0 0 2]
 [0 0 8 2 0 0 1 0 0]
 [0 0 0 0 0 7 0 0 0]
 [5 0 0 0 0 0 4 0 0]
 [9 0 3 4 0 0 0 0 0]
 [0 0 0 0 0 0 0 1 0]
 [4 0 0 8 0 2 3 7 0]
 [0 0 0 0 7 0 0 2 1]
 [0 0 7 1 3 0 8 0 4]]
Solution:
[[6 5 0 8 3 9 1 0 4]
 [8 4 7 1 6 5 2 9 3]
 [1 0 3 4 2 0 7 6 8]
 [5 0 8 6 9 1 4 7 2]
 [0 6 2 3 7 4 8 1 5]
 [7 1 9 2 5 8 6 3 0]
 [4 8 5 9 0 0 3 2 1]
 [0 3 6 5 4 2 0 8 9]
 [2 9 1 7 8 6 5 4 0]]
Number of cells unfilled: 12
Accuracy: 85.18518518518519
Sample: 12114
Question:
[[3 0 0 0 2 4 7 0 0]
 [0 1 0 6 0 8 0 0 0]
 [0 2 0 0 0 0 0 0 0]
 [0 0 0 0 1 0 0 9 7]
 [0 9 0 0 0 0 2 1 0]
 [0 0 0 2 0 0 3 0 4]
 [0 3 7 0 0 0 0 0 9]
 [9 4 0 0 0 2 0 0 3]
 [0 0 1 0 0 0 4 7 0]]
Solution:
[[6 5 0 8 3 9 2 0 4]
 [0 4 0 7 6 5 1 9 3]
 [1 0 3 4 2 0 7 8 6]
 [5 0 8 6 9 1 4 7 2]
 [9 6 2 3 7 4 8 1 5]
 [7 1 4 2 5 8 6 3 0]
 [4 0 5 9 0 7 3 2 1]
 [8 3 7 5 4 2 0 6 9]
 [2 9 1 0 8 6 5 4 7]]
Number of cells unfilled: 12
Accuracy: 85.18518518518519
Sample: 12115
Question:
[[4 0 0 0 0 0 0 0 0]
 [0 0 0 0 4 0 3 0 2]
 [0 0 7 5 0 0 6 0 0]
 [7 5 0 0 9 4 0 0 0]
 [6 0 9 0 7 0 0 0 0]
 [0 1 0 6 0 5 0 0 0]
 [9 0 0 0 0 1 0 0 0]
 [0 4 0 0 5 9 0 1 0]
 [5 0 0 7 6 0 0 0 4]]
Solution:
[[6 5 7 1 3 9 2 8 4]
 [0 4 0 8 6 5 1 9 3]
 [1 8 3 4 2 0 7 5 6]
 [5 0 8 6 9 1 4 7 2]
 [0 6 2 3 7 4 8 1 5]
 [7 1 9 2 5 8 6 3 0]
 [4 7 5 9 0 0 3 2 1]
 [8 3 0 5 4 2 0 6 9]
 [2 9 1 7 8 6 5 4 0]]
Number of cells unfilled: 11
Accuracy: 86.41975308641975
Sample: 12116
Question:
[[4 0 8 0 1 0 0 0 0]
 [0 6 1 0 0 0 0 8 0]
 [5 9 0 8 0 0 4 0 0]
 [9 0 6 0 0 8 0 0 0]
 [0 1 0 0 5 6 0 0 0]
 [0 5 0 1 9 0 0 0 4]
 [6 0 0 5 0 0 0 0 9]
 [0 4 0 0 0 0 3 0 7]
 [0 0 0 0 4 0 0 0 0]]
Solution:
[[6 5 0 8 3 9 1 0 4]
 [8 4 7 1 6 5 2 9 3]
 [1 0 3 4 2 0 7 5 6]
 [5 0 8 6 9 1 4 7 2]
 [9 6 2 3 7 4 8 1 5]
 [7 1 4 2 5 8 6 3 0]
 [4 7 5 9 0 0 3 2 1]
 [0 3 0 5 4 2 0 6 9]
 [2 9 1 7 8 6 5 4 0]]
Number of cells unfilled: 12
Accuracy: 85.18518518518519
Sample: 12117
Question:
[[4 5 0 0 0 0 3 1 0]
 [0 3 7 0 0 4 0 0 5]
 [1 0 6 0 0 0 0 0 4]
 [0 0 0 2 0 0 0 0 0]
 [6 0 0 0 0 7 0 0 0]
 [0 0 0 8 0 5 7 0 0]
 [0 0 0 0 0 3 1 0 7]
 [7 0 0 0 0 0 0 4 6]
 [0 0 1 6 0 0 5 3 0]]
Solution:
[[6 5 0 7 3 9 1 8 4]
 [8 4 7 1 6 5 2 9 3]
 [1 0 3 4 2 0 7 5 6]
 [5 0 8 6 9 1 4 7 2]
 [0 6 2 3 7 4 8 1 5]
 [7 1 9 2 5 8 6 3 0]
 [4 8 5 9 0 7 3 2 1]
 [0 3 0 5 4 2 0 6 9]
 [2 9 1 0 8 6 5 4 7]]
Number of cells unfilled: 11
Accuracy: 86.41975308641975
Sample: 12118
Question:
[[5 0 0 0 0 0 0 1 3]
 [1 7 0 0 9 0 5 8 0]
 [0 8 3 0 0 0 0 0 0]
 [9 0 0 2 4 0 0 7 0]
 [0 3 0 0 8 0 1 0 0]
 [0 0 0 0 0 0 0 9 0]
 [8 1 0 9 0 0 7 0 0]
 [3 0 5 0 0 7 0 0 0]
 [0 0 7 0 0 0 0 5 1]]
Solution:
[[6 5 0 7 3 9 2 8 4]
 [0 4 7 8 6 5 1 9 3]
 [1 8 3 4 2 0 7 5 6]
 [5 0 8 6 9 1 4 7 2]
 [9 6 2 3 7 4 8 1 5]
 [7 1 4 2 5 8 6 3 0]
 [8 7 5 9 0 0 3 2 1]
 [0 3 0 5 4 7 0 6 9]
 [2 9 1 0 8 6 5 4 7]]
Number of cells unfilled: 11
Accuracy: 86.41975308641975
Sample: 12119
Question:
[[5 0 6 0 0 9 3 0 0]
 [3 9 0 0 5 0 0 0 0]
 [0 2 4 0 0 0 0 0 0]
 [0 6 0 2 0 0 9 0 4]
 [0 0 0 0 9 0 0 0 0]
 [0 0 0 0 3 0 0 8 1]
 [6 4 0 0 0 3 0 0 0]
 [0 0 2 5 4 0 0 0 9]
 [0 0 5 0 2 6 0 0 0]]
Solution:
[[6 5 0 1 3 9 0 0 4]
 [0 4 7 8 6 5 2 9 3]
 [1 0 3 4 2 0 7 5 8]
 [5 0 8 6 9 1 4 7 2]
 [9 6 2 3 7 4 8 1 5]
 [7 1 4 2 5 8 6 3 0]
 [4 8 5 9 0 7 3 2 1]
 [0 3 6 5 4 2 0 8 9]
 [2 9 1 0 8 6 5 4 7]]
Number of cells unfilled: 12
Accuracy: 85.18518518518519
Sample: 12120
Question:
[[5 7 0 0 0 0 4 6 0]
 [1 0 0 5 0 0 7 0 8]
 [0 6 8 0 0 0 0 5 1]
 [0 0 6 8 0 0 0 0 0]
 [0 8 1 0 4 7 6 0 0]
 [4 5 0 0 0 0 0 7 0]
 [0 0 0 1 9 0 0 0 0]
 [0 0 0 0 3 0 0 0 7]
 [0 0 0 0 0 0 0 4 0]]
Solution:
[[6 5 7 1 3 9 2 8 4]
 [0 4 0 8 6 5 1 9 3]
 [1 8 3 4 2 0 7 6 0]
 [5 0 8 6 9 1 4 7 2]
 [0 6 2 3 7 4 8 1 5]
 [7 1 9 2 5 8 6 3 0]
 [8 7 5 9 0 0 3 2 1]
 [0 3 6 5 4 2 0 0 9]
 [2 9 1 7 8 6 5 4 0]]
Number of cells unfilled: 13
Accuracy: 83.9506172839506
Sample: 12121
Question:
[[7 0 0 0 0 0 3 0 0]
 [0 0 0 0 3 0 1 0 8]
 [0 3 0 0 0 0 0 0 2]
 [0 6 3 0 7 1 5 0 0]
 [5 1 0 4 6 0 0 0 0]
 [4 0 7 0 0 5 0 0 0]
 [0 0 0 5 0 0 0 0 0]
 [0 0 4 6 1 0 0 3 7]
 [0 7 0 0 4 0 6 0 0]]
Solution:
[[6 5 0 7 3 9 2 8 4]
 [0 4 7 1 6 5 0 9 3]
 [1 8 3 4 2 0 7 5 6]
 [5 0 8 6 9 1 4 7 2]
 [0 6 2 3 7 4 8 1 5]
 [7 1 9 2 5 8 6 3 0]
 [4 7 5 9 0 0 3 2 1]
 [8 3 0 5 4 7 0 6 9]
 [2 9 1 0 8 6 5 4 7]]
Number of cells unfilled: 12
Accuracy: 85.18518518518519
Sample: 12122
Question:
[[9 0 7 0 0 0 0 2 0]
 [0 6 3 0 0 0 0 7 5]
 [0 5 0 0 0 0 6 0 9]
 [0 0 0 0 0 0 0 0 3]
 [7 0 0 9 0 0 5 0 0]
 [0 3 0 1 0 4 0 0 0]
 [0 0 2 0 0 0 0 0 6]
 [5 9 0 0 0 3 2 0 0]
 [0 7 6 0 2 0 0 3 0]]
Solution:
[[6 5 7 1 3 9 2 0 4]
 [0 4 0 8 6 5 1 9 3]
 [1 0 3 4 2 0 7 6 8]
 [5 0 8 6 9 1 4 7 2]
 [9 6 2 3 7 4 8 1 5]
 [7 1 4 2 5 8 6 3 0]
 [4 8 5 9 0 7 3 2 1]
 [0 3 6 5 4 2 0 8 9]
 [2 9 1 0 8 6 5 4 7]]
Number of cells unfilled: 11
Accuracy: 86.41975308641975
Sample: 12123
Question:
[[9 6 0 0 0 0 0 0 1]
 [0 2 0 0 0 8 0 4 0]
 [0 0 0 0 0 0 0 0 5]
 [0 0 0 4 0 1 0 3 2]
 [0 0 0 0 8 2 0 5 0]
 [0 0 0 3 5 0 8 0 4]
 [0 0 1 8 3 0 0 0 0]
 [0 0 0 0 1 5 0 0 3]
 [5 0 0 2 0 4 0 1 0]]
Solution:
[[6 5 0 7 3 9 2 0 4]
 [0 4 0 8 6 5 1 9 3]
 [1 0 3 4 2 0 7 5 6]
 [5 0 8 6 9 1 4 7 2]
 [9 6 2 3 7 4 8 1 5]
 [7 1 4 2 5 8 6 3 0]
 [4 8 5 9 0 7 3 2 1]
 [0 3 7 5 4 2 0 8 9]
 [2 9 1 0 8 6 5 4 7]]
Number of cells unfilled: 12
Accuracy: 85.18518518518519
Sample: 12124
Question:
[[5 0 0 0 0 0 0 6 0]
 [0 0 2 0 0 9 7 0 0]
 [0 8 0 7 0 0 0 1 0]
 [0 7 0 0 0 1 0 4 0]
 [8 1 0 0 0 0 0 5 7]
 [4 0 9 0 0 0 1 0 0]
 [7 5 0 0 0 0 0 0 0]
 [0 6 0 8 0 7 5 0 0]
 [0 0 0 2 0 3 0 0 6]]
Solution:
[[6 5 0 8 3 9 1 0 4]
 [8 4 7 1 6 5 2 9 3]
 [1 2 3 4 0 0 7 6 8]
 [5 0 8 6 9 1 4 7 2]
 [0 6 2 3 7 4 8 1 5]
 [7 1 9 2 5 8 6 3 0]
 [4 8 5 9 0 0 3 2 1]
 [0 3 6 5 4 7 0 8 9]
 [2 9 1 0 8 6 5 4 7]]
Number of cells unfilled: 12
Accuracy: 85.18518518518519
Sample: 12125
Question:
[[4 0 2 0 0 0 0 0 5]
 [0 0 8 0 2 0 0 6 0]
 [0 6 0 0 0 5 0 0 0]
 [0 4 0 0 5 7 0 0 2]
 [0 0 7 9 0 0 0 0 0]
 [0 0 0 0 0 0 1 7 0]
 [0 2 0 0 6 0 0 0 8]
 [0 0 0 3 0 0 0 0 0]
 [9 0 0 0 0 1 3 0 0]]
Solution:
[[6 5 7 8 3 9 2 0 4]
 [0 4 0 7 6 5 1 9 3]
 [1 8 3 4 2 0 7 5 6]
 [5 0 8 6 9 1 4 7 2]
 [0 6 2 3 7 4 8 1 5]
 [7 1 9 2 5 8 6 3 0]
 [8 7 5 9 0 0 3 2 1]
 [0 3 6 5 4 7 0 8 9]
 [2 9 1 0 8 6 5 4 7]]
Number of cells unfilled: 12
Accuracy: 85.18518518518519
Sample: 12126
Question:
[[0 0 2 1 0 0 4 0 5]
 [0 1 0 0 0 5 0 0 0]
 [0 0 0 0 3 0 0 1 0]
 [8 0 0 0 0 0 2 0 9]
 [0 2 0 3 0 0 0 4 0]
 [0 0 6 0 9 0 8 0 0]
 [0 5 0 4 0 0 0 2 0]
 [0 0 7 0 0 3 6 0 0]
 [0 0 0 0 0 7 0 0 0]]
Solution:
[[6 5 7 1 3 9 2 8 4]
 [0 4 0 8 6 5 1 9 3]
 [1 8 3 4 2 0 7 5 6]
 [5 0 8 6 9 1 4 7 2]
 [0 6 2 3 7 4 8 1 5]
 [7 1 9 2 5 8 6 3 0]
 [4 7 5 9 0 0 3 2 1]
 [8 3 0 5 4 2 0 6 9]
 [2 9 1 7 8 6 5 4 0]]
Number of cells unfilled: 11
Accuracy: 86.41975308641975
Sample: 12127
Question:
[[3 0 0 8 9 0 0 0 0]
 [0 0 2 3 0 0 0 0 9]
 [0 8 0 0 0 7 1 0 0]
 [0 6 0 0 0 8 7 0 0]
 [0 0 4 2 0 0 0 1 0]
 [0 0 0 0 0 0 0 4 0]
 [0 5 0 0 0 0 0 6 0]
 [0 0 8 7 0 0 5 0 0]
 [0 0 6 0 0 5 0 0 1]]
Solution:
[[6 5 7 8 3 9 1 0 4]
 [0 4 0 1 6 5 2 9 3]
 [1 8 3 4 2 0 7 6 0]
 [5 0 8 6 9 1 4 7 2]
 [0 6 2 3 7 4 8 1 5]
 [7 1 9 2 5 8 6 3 0]
 [8 7 5 9 0 0 3 2 1]
 [0 3 6 5 4 2 0 8 9]
 [2 9 1 7 8 6 5 4 0]]
Number of cells unfilled: 13
Accuracy: 83.9506172839506
Sample: 12128
Question:
[[0 0 5 6 0 8 0 0 4]
 [4 0 0 3 0 0 7 0 2]
 [0 1 6 0 0 0 0 0 0]
 [0 0 8 9 2 0 0 0 0]
 [0 0 0 8 3 0 6 0 0]
 [0 0 0 0 0 6 0 0 9]
 [0 0 0 0 9 0 2 5 8]
 [0 4 0 0 0 0 0 0 0]
 [0 0 0 0 0 5 3 0 1]]
Solution:
[[6 5 0 8 3 9 1 0 4]
 [8 4 7 1 6 5 2 9 3]
 [1 2 3 4 0 0 7 6 8]
 [5 0 8 6 9 1 4 7 2]
 [0 6 2 3 7 4 8 1 5]
 [7 1 9 2 5 8 6 3 0]
 [4 7 5 9 0 0 3 2 1]
 [0 3 6 5 4 7 0 8 9]
 [2 9 1 0 8 6 5 4 7]]
Number of cells unfilled: 12
Accuracy: 85.18518518518519
Sample: 12129
Question:
[[7 0 2 0 0 0 0 0 0]
 [0 0 0 6 0 0 0 0 4]
 [5 0 0 0 4 0 7 0 0]
 [0 0 0 0 3 0 9 0 0]
 [0 7 0 0 2 0 0 4 0]
 [0 0 0 5 0 6 0 0 1]
 [2 0 0 8 6 0 0 0 0]
 [0 0 0 0 0 0 5 0 9]
 [0 5 4 7 0 0 3 0 6]]
Solution:
[[6 5 0 7 3 9 1 8 4]
 [8 4 7 1 6 5 2 9 3]
 [1 0 3 4 2 0 7 5 6]
 [5 0 8 6 9 1 4 7 2]
 [0 6 2 3 7 4 8 1 5]
 [7 1 9 2 5 8 6 3 0]
 [4 7 5 9 0 0 3 2 1]
 [0 3 0 5 4 2 0 6 9]
 [2 9 1 0 8 6 5 4 7]]
Number of cells unfilled: 12
Accuracy: 85.18518518518519
Sample: 12130
Question:
[[0 0 0 0 0 4 0 0 7]
 [5 0 0 0 0 0 0 4 9]
 [0 6 0 1 0 0 0 8 0]
 [0 0 0 0 7 0 4 0 0]
 [0 0 6 5 0 0 0 1 0]
 [3 0 0 0 0 2 0 0 0]
 [0 1 5 0 2 0 8 0 0]
 [6 0 0 8 0 0 0 5 0]
 [0 0 8 0 0 0 9 0 0]]
Solution:
[[6 5 7 1 3 9 2 8 4]
 [0 4 0 8 6 5 1 9 3]
 [1 8 3 4 2 0 7 5 6]
 [5 0 8 6 9 1 4 7 2]
 [0 6 2 3 7 4 8 1 5]
 [7 1 9 2 5 8 6 3 0]
 [8 7 5 9 0 0 3 2 1]
 [0 3 0 5 4 2 0 6 9]
 [2 9 1 7 8 6 5 4 0]]
Number of cells unfilled: 12
Accuracy: 85.18518518518519
Sample: 12131
Question:
[[0 0 1 0 0 8 0 0 5]
 [0 0 0 0 1 0 0 9 0]
 [7 0 0 3 5 0 0 1 0]
 [0 2 0 0 0 0 6 0 0]
 [0 0 3 8 0 0 0 0 1]
 [0 0 0 0 0 0 9 3 0]
 [6 0 0 5 0 0 0 2 0]
 [3 7 0 0 0 4 0 0 0]
 [0 0 5 0 8 0 0 0 3]]
Solution:
[[6 5 7 1 3 9 2 0 4]
 [8 4 0 7 6 5 1 9 3]
 [1 0 3 4 2 0 7 5 6]
 [5 0 8 6 9 1 4 7 2]
 [9 6 2 3 7 4 8 1 5]
 [7 1 4 2 5 8 6 3 0]
 [4 8 5 9 0 0 3 2 1]
 [0 3 6 5 4 7 0 8 9]
 [2 9 1 0 8 6 5 4 7]]
Number of cells unfilled: 11
Accuracy: 86.41975308641975
Sample: 12132
Question:
[[0 7 0 4 0 8 0 0 0]
 [5 0 0 0 7 0 0 0 0]
 [0 0 4 9 0 0 0 7 0]
 [0 4 0 0 8 0 0 9 0]
 [0 0 1 3 0 0 0 0 0]
 [3 0 0 0 0 0 6 0 0]
 [0 0 0 0 0 0 1 0 2]
 [0 9 0 0 4 0 0 8 6]
 [0 0 6 8 0 2 0 0 9]]
Solution:
[[6 5 7 1 3 9 2 8 4]
 [0 4 0 8 6 5 1 9 3]
 [1 8 3 4 2 0 7 5 6]
 [5 0 8 6 9 1 4 7 2]
 [9 6 2 3 7 4 8 1 5]
 [7 1 4 2 5 8 6 3 0]
 [4 7 5 9 0 0 3 2 1]
 [8 3 0 5 4 2 0 6 9]
 [2 9 1 7 8 6 5 4 0]]
Number of cells unfilled: 10
Accuracy: 87.65432098765432
Sample: 12133
Question:
[[9 0 6 0 0 8 0 5 0]
 [0 2 0 0 5 0 0 0 9]
 [5 0 1 0 0 0 0 7 0]
 [0 0 2 0 6 0 0 0 5]
 [0 0 0 0 0 0 7 6 0]
 [0 0 0 4 0 0 3 0 0]
 [0 0 9 0 0 3 0 4 0]
 [2 0 0 0 9 0 0 0 6]
 [0 1 0 8 0 0 0 0 0]]
Solution:
[[6 5 0 1 3 9 2 8 4]
 [8 4 0 7 6 5 1 9 3]
 [1 0 3 4 2 0 7 5 6]
 [5 0 8 6 9 1 4 7 2]
 [9 6 2 3 7 4 8 1 5]
 [7 1 4 2 5 8 6 3 0]
 [4 8 5 9 0 7 3 2 1]
 [0 3 7 5 4 2 0 6 9]
 [2 9 1 0 8 6 5 4 7]]
Number of cells unfilled: 10
Accuracy: 87.65432098765432
Sample: 12134
Question:
[[0 0 0 0 4 0 0 0 0]
 [3 8 0 2 0 0 0 4 7]
 [0 5 0 0 0 0 0 0 0]
 [0 0 7 3 0 0 0 0 9]
 [2 9 0 0 0 4 0 3 0]
 [0 0 0 0 0 0 6 0 0]
 [9 2 0 0 3 0 0 8 0]
 [0 0 5 8 0 9 0 0 0]
 [0 0 0 0 0 2 0 0 1]]
Solution:
[[6 5 0 7 3 9 1 8 4]
 [8 4 7 1 6 5 2 9 3]
 [1 0 3 4 2 0 7 5 6]
 [5 0 8 6 9 1 4 7 2]
 [9 6 2 3 7 4 8 1 5]
 [7 1 4 2 5 8 6 3 0]
 [4 8 5 9 0 7 3 2 1]
 [0 3 0 5 4 2 0 6 9]
 [2 9 1 0 8 6 5 4 7]]
Number of cells unfilled: 10
Accuracy: 87.65432098765432
Sample: 12135
Question:
[[0 4 0 0 9 0 0 2 0]
 [0 0 1 0 0 4 0 0 8]
 [8 0 0 1 0 3 0 0 0]
 [0 0 5 0 0 7 0 0 2]
 [7 0 0 0 0 0 3 0 0]
 [0 2 0 0 5 0 0 9 0]
 [0 5 0 6 0 0 2 0 0]
 [0 0 0 0 4 0 5 0 9]
 [0 0 4 0 0 0 0 6 0]]
Solution:
[[6 5 0 1 3 9 2 8 4]
 [0 4 7 8 6 5 1 9 3]
 [1 8 3 4 2 0 7 6 0]
 [5 0 8 6 9 1 4 7 2]
 [0 6 2 3 7 4 8 1 5]
 [7 1 9 2 5 8 6 3 0]
 [4 7 5 9 0 0 3 2 1]
 [8 3 6 5 4 2 0 0 9]
 [2 9 1 7 8 6 5 4 0]]
Number of cells unfilled: 12
Accuracy: 85.18518518518519
Sample: 12136
Question:
[[0 0 2 0 0 0 0 8 0]
 [0 9 0 0 0 0 0 0 5]
 [0 0 0 7 0 0 6 0 9]
 [0 0 0 0 0 5 0 0 0]
 [0 1 0 9 0 0 5 0 7]
 [0 0 0 0 3 0 0 4 0]
 [4 0 0 0 0 8 0 0 0]
 [0 7 0 6 0 0 1 0 0]
 [3 0 0 0 2 0 0 0 0]]
Solution:
[[6 5 0 8 3 9 1 0 4]
 [8 4 7 1 6 5 2 9 3]
 [1 0 3 4 2 0 7 5 8]
 [5 0 8 6 9 1 4 7 2]
 [0 6 2 3 7 4 8 1 5]
 [7 1 9 2 5 8 6 3 0]
 [4 7 5 9 0 0 3 2 1]
 [0 3 0 5 4 2 0 6 9]
 [2 9 1 7 8 6 5 4 0]]
Number of cells unfilled: 13
Accuracy: 83.9506172839506
Sample: 12137
Question:
[[0 0 0 0 0 8 3 0 9]
 [0 0 0 0 0 0 0 0 0]
 [9 7 1 0 0 5 6 0 0]
 [5 9 2 0 0 0 1 0 0]
 [0 0 7 0 0 0 0 0 0]
 [0 0 3 9 0 6 7 4 0]
 [2 0 6 0 7 3 0 0 8]
 [0 5 0 0 8 0 0 0 0]
 [0 0 0 2 0 1 0 0 0]]
Solution:
[[6 5 0 8 3 9 1 0 4]
 [8 4 7 1 6 5 2 9 3]
 [1 0 3 4 2 0 7 6 8]
 [5 0 8 6 9 1 4 7 2]
 [9 6 2 3 7 4 8 1 5]
 [7 1 4 2 5 8 6 3 0]
 [4 7 5 9 0 0 3 2 1]
 [0 3 6 5 4 7 0 8 9]
 [2 9 1 0 8 6 5 4 7]]
Number of cells unfilled: 11
Accuracy: 86.41975308641975
Sample: 12138
Question:
[[0 0 0 7 0 0 0 6 0]
 [1 0 0 0 2 0 0 0 3]
 [0 0 9 0 0 0 4 0 0]
 [0 0 3 0 8 0 0 0 9]
 [0 0 0 2 0 0 0 0 0]
 [5 0 0 0 0 4 1 0 0]
 [8 0 0 0 3 0 5 0 0]
 [0 0 4 0 0 2 0 0 8]
 [0 6 0 8 0 0 0 7 0]]
Solution:
[[6 5 0 1 3 9 2 0 4]
 [8 4 0 7 6 5 1 9 3]
 [1 2 3 4 0 0 7 5 8]
 [5 0 8 6 9 1 4 7 2]
 [9 6 2 3 7 4 8 1 5]
 [7 1 4 2 5 8 6 3 0]
 [4 8 5 9 0 7 3 2 1]
 [0 3 7 5 4 2 0 8 9]
 [2 9 1 0 8 6 5 4 7]]
Number of cells unfilled: 11
Accuracy: 86.41975308641975
Sample: 12139
Question:
[[0 2 0 8 3 0 0 4 0]
 [4 0 0 0 9 0 2 0 0]
 [0 0 6 0 0 0 5 0 0]
 [0 0 7 4 0 0 1 3 0]
 [0 0 0 0 0 0 0 7 2]
 [5 0 1 0 0 3 0 0 0]
 [0 0 0 2 0 0 0 0 0]
 [3 0 0 0 6 1 0 0 0]
 [0 4 0 0 0 0 6 0 9]]
Solution:
[[6 5 0 1 3 9 2 8 4]
 [8 4 0 7 6 5 1 9 3]
 [1 0 3 4 2 0 7 5 6]
 [5 0 8 6 9 1 4 7 2]
 [0 6 2 3 7 4 8 1 5]
 [7 1 9 2 5 8 6 3 0]
 [4 8 5 9 0 7 3 2 1]
 [0 3 7 5 4 2 0 6 9]
 [2 9 1 0 8 6 5 4 7]]
Number of cells unfilled: 11
Accuracy: 86.41975308641975
Sample: 12140
Question:
[[0 0 0 0 0 2 4 0 0]
 [0 0 8 0 0 7 0 0 0]
 [2 9 0 0 5 0 0 0 7]
 [0 0 0 0 0 9 0 1 0]
 [0 0 3 0 0 0 0 0 4]
 [9 2 0 5 0 0 0 0 6]
 [7 6 0 0 0 5 0 0 9]
 [0 0 9 0 6 0 0 0 0]
 [0 3 0 7 0 0 6 0 0]]
Solution:
[[6 5 7 1 3 9 2 8 4]
 [0 4 0 8 6 5 1 9 3]
 [1 8 3 4 2 0 7 5 6]
 [5 0 8 6 9 1 4 7 2]
 [9 6 2 3 7 4 8 1 5]
 [7 1 4 2 5 8 6 3 0]
 [8 7 5 9 0 0 3 2 1]
 [0 3 0 5 4 2 0 6 9]
 [2 9 1 0 8 6 5 4 7]]
Number of cells unfilled: 11
Accuracy: 86.41975308641975
Sample: 12141
Question:
[[0 0 0 6 0 0 0 0 4]
 [0 3 0 0 1 0 0 0 0]
 [0 0 7 9 0 0 3 5 0]
 [0 8 0 0 0 0 0 0 2]
 [7 0 0 8 0 0 5 3 0]
 [0 5 0 0 0 6 0 0 0]
 [3 0 8 0 0 9 0 4 0]
 [0 7 0 3 0 0 8 9 0]
 [9 0 0 0 0 0 0 0 0]]
Solution:
[[6 5 7 1 3 9 2 8 4]
 [0 4 0 8 6 5 1 9 3]
 [1 8 3 4 2 0 7 6 0]
 [5 0 8 6 9 1 4 7 2]
 [9 6 2 3 7 4 8 1 5]
 [7 1 4 2 5 8 6 3 0]
 [4 7 5 9 0 0 3 2 1]
 [8 3 6 5 4 2 0 0 9]
 [2 9 1 7 8 6 5 4 0]]
Number of cells unfilled: 11
Accuracy: 86.41975308641975
Sample: 12142
Question:
[[9 0 0 8 0 0 3 5 0]
 [0 0 5 0 0 6 0 0 8]
 [0 0 0 9 0 0 4 0 0]
 [1 0 0 0 0 0 0 4 0]
 [0 0 0 1 0 0 0 0 3]
 [0 8 0 0 9 4 1 0 0]
 [3 0 7 4 0 0 8 0 0]
 [0 2 0 0 0 0 0 0 0]
 [0 0 8 0 7 0 0 3 0]]
Solution:
[[6 5 0 7 3 9 1 0 4]
 [0 4 7 8 6 5 2 9 3]
 [1 0 3 4 0 2 7 6 8]
 [5 0 8 6 9 1 4 7 2]
 [0 6 2 3 7 4 8 1 5]
 [7 1 9 2 5 8 6 3 0]
 [8 7 5 9 0 0 3 2 1]
 [0 3 6 5 4 7 0 8 9]
 [2 9 1 0 8 6 5 4 7]]
Number of cells unfilled: 13
Accuracy: 83.9506172839506
Sample: 12143
Question:
[[0 2 6 0 4 7 0 0 0]
 [5 7 0 9 0 0 0 2 0]
 [0 0 8 0 5 2 0 0 0]
 [4 9 0 0 2 0 0 5 0]
 [0 6 0 0 0 0 2 0 0]
 [0 0 0 0 0 9 0 0 1]
 [0 0 0 0 0 0 0 0 3]
 [0 0 0 0 0 0 8 1 0]
 [7 8 0 0 0 5 0 4 0]]
Solution:
[[6 5 0 8 3 9 1 0 4]
 [8 4 7 1 6 5 2 9 3]
 [1 0 3 4 2 0 7 6 8]
 [5 0 8 6 9 1 4 7 2]
 [0 6 2 3 7 4 8 1 5]
 [7 1 9 2 5 8 6 3 0]
 [4 8 5 9 0 7 3 2 1]
 [0 3 6 5 4 2 0 8 9]
 [2 9 1 0 8 6 5 4 7]]
Number of cells unfilled: 11
Accuracy: 86.41975308641975
Sample: 12144
Question:
[[0 0 0 0 0 0 1 0 0]
 [0 2 0 5 0 0 0 0 8]
 [8 0 9 0 0 0 6 0 0]
 [0 0 3 0 0 8 0 4 0]
 [2 0 0 9 0 0 0 0 3]
 [0 7 0 0 3 0 0 6 0]
 [5 0 0 0 1 0 0 0 0]
 [0 0 2 3 0 0 0 0 7]
 [7 0 0 0 0 4 3 0 0]]
Solution:
[[6 5 7 1 3 9 2 8 4]
 [0 4 0 8 6 5 1 9 3]
 [1 0 3 4 0 2 7 5 6]
 [5 0 8 6 9 1 4 7 2]
 [0 6 2 3 7 4 8 1 5]
 [7 1 9 2 5 8 6 3 0]
 [4 8 5 9 0 0 3 2 1]
 [0 3 0 5 4 7 0 6 9]
 [2 9 1 0 8 6 5 4 7]]
Number of cells unfilled: 13
Accuracy: 83.9506172839506
Sample: 12145
Question:
[[0 0 0 2 0 0 0 0 9]
 [0 5 0 0 0 7 1 0 0]
 [8 0 0 0 1 0 0 4 0]
 [0 0 0 0 7 0 0 9 0]
 [4 0 3 0 0 0 0 0 0]
 [0 7 0 1 0 0 2 0 0]
 [0 0 8 0 0 5 0 0 0]
 [0 0 0 6 0 0 0 0 3]
 [0 6 0 0 2 0 5 0 0]]
Solution:
[[6 5 0 7 3 9 2 8 4]
 [0 4 7 1 6 5 0 9 3]
 [1 8 3 4 2 0 7 5 6]
 [5 0 8 6 9 1 4 7 2]
 [9 6 2 3 7 4 8 1 5]
 [7 1 4 2 5 8 6 3 0]
 [8 7 5 9 0 0 3 2 1]
 [0 3 0 5 4 2 0 6 9]
 [2 9 1 0 8 6 5 4 7]]
Number of cells unfilled: 12
Accuracy: 85.18518518518519
Sample: 12146
Question:
[[0 0 5 2 0 0 0 0 6]
 [0 6 0 0 3 0 4 0 0]
 [3 0 0 0 0 6 0 8 0]
 [5 0 0 0 9 0 2 0 0]
 [0 9 0 0 0 8 0 7 0]
 [0 0 0 1 0 0 0 0 9]
 [0 7 0 0 0 9 5 0 0]
 [0 0 1 4 0 0 0 0 0]
 [6 0 0 0 7 0 0 2 0]]
Solution:
[[6 5 7 8 3 9 2 0 4]
 [0 4 0 1 6 5 0 9 3]
 [1 8 3 4 2 0 7 5 6]
 [5 0 8 6 9 1 4 7 2]
 [9 6 2 3 7 4 8 1 5]
 [7 1 4 2 5 8 6 3 0]
 [4 7 5 9 0 0 3 2 1]
 [8 3 6 5 4 2 0 0 9]
 [2 9 1 7 8 6 5 4 0]]
Number of cells unfilled: 12
Accuracy: 85.18518518518519
Sample: 12147
Question:
[[0 0 5 4 7 0 0 0 0]
 [0 0 0 0 0 0 0 0 6]
 [0 0 0 0 2 0 9 0 0]
 [0 0 0 0 0 0 0 0 0]
 [8 6 0 0 0 5 0 0 0]
 [0 0 0 0 0 0 7 2 0]
 [0 0 7 0 0 0 0 4 0]
 [1 0 0 0 9 0 0 0 0]
 [0 0 0 0 0 6 0 0 8]]
Solution:
[[6 5 7 8 3 9 1 0 4]
 [8 4 0 1 6 5 2 9 3]
 [1 0 3 4 2 0 7 5 8]
 [5 0 8 6 9 1 4 7 2]
 [0 6 2 3 7 4 8 1 5]
 [7 1 9 2 5 8 6 3 0]
 [4 8 5 9 0 0 3 2 1]
 [0 3 0 5 4 7 0 6 9]
 [2 9 1 0 8 6 5 4 7]]
Number of cells unfilled: 13
Accuracy: 83.9506172839506
Sample: 12148
Question:
[[0 3 0 0 0 6 0 0 1]
 [0 0 0 0 0 4 9 0 0]
 [0 0 5 0 8 0 0 3 0]
 [0 8 0 0 1 0 0 7 0]
 [0 0 0 0 0 0 6 0 0]
 [0 0 0 0 0 7 0 0 2]
 [0 7 8 2 0 0 0 0 9]
 [3 0 0 0 7 0 0 5 0]
 [0 5 1 4 0 0 0 0 0]]
Solution:
[[6 5 7 1 3 9 2 0 4]
 [0 4 0 8 6 5 1 9 3]
 [1 8 3 4 2 0 7 5 6]
 [5 0 8 6 9 1 4 7 2]
 [9 6 2 3 7 4 8 1 5]
 [7 1 4 2 5 8 6 3 0]
 [4 7 5 9 0 0 3 2 1]
 [0 3 6 5 4 7 0 8 9]
 [2 9 1 0 8 6 5 4 7]]
Number of cells unfilled: 11
Accuracy: 86.41975308641975
Sample: 12149
Question:
[[0 1 0 0 0 6 0 5 0]
 [0 0 0 0 0 0 1 0 7]
 [0 5 3 0 9 1 0 2 0]
 [1 0 0 8 0 0 0 0 3]
 [0 6 0 0 0 9 0 8 0]
 [8 0 4 0 0 0 0 0 0]
 [0 2 0 9 1 0 0 0 0]
 [0 0 0 0 0 5 0 0 2]
 [5 0 0 6 0 0 0 9 0]]
Solution:
[[6 5 7 8 3 9 1 0 4]
 [0 4 0 1 6 5 2 9 3]
 [1 8 3 4 2 0 7 5 6]
 [5 0 8 6 9 1 4 7 2]
 [9 6 2 3 7 4 8 1 5]
 [7 1 4 2 5 8 6 3 0]
 [4 7 5 9 0 0 3 2 1]
 [8 3 0 5 4 2 0 6 9]
 [2 9 1 7 8 6 5 4 0]]
Number of cells unfilled: 11
Accuracy: 86.41975308641975
Sample: 12150
Question:
[[0 0 5 0 0 8 7 4 3]
 [0 0 0 0 0 0 5 6 0]
 [9 0 0 0 6 4 1 0 0]
 [4 0 0 0 0 0 2 8 7]
 [0 2 0 4 0 0 0 0 0]
 [1 0 3 0 0 0 0 0 0]
 [0 1 0 0 9 3 0 0 0]
 [0 0 0 1 2 7 0 0 0]
 [3 0 0 0 0 0 0 0 0]]
Solution:
[[6 5 0 8 3 9 1 0 4]
 [8 4 0 1 6 5 2 9 3]
 [1 0 3 4 2 0 7 5 8]
 [5 0 8 6 9 1 4 7 2]
 [0 6 2 3 7 4 8 1 5]
 [7 1 9 2 5 8 6 3 0]
 [4 8 5 9 0 7 3 2 1]
 [0 3 7 5 4 2 0 6 9]
 [2 9 1 0 8 6 5 4 7]]
Number of cells unfilled: 12
Accuracy: 85.18518518518519
Sample: 12151
Question:
[[0 0 5 0 0 2 0 1 0]
 [0 0 0 0 7 0 0 0 6]
 [0 0 0 4 0 0 8 0 0]
 [2 7 0 0 0 0 0 0 1]
 [0 0 3 0 0 0 0 2 0]
 [1 0 4 0 0 9 0 0 0]
 [0 0 0 0 6 0 0 0 7]
 [0 0 0 8 0 0 4 0 0]
 [9 0 0 0 0 5 0 3 0]]
Solution:
[[6 5 0 8 3 9 1 0 4]
 [8 4 0 7 6 5 2 9 3]
 [1 2 3 4 0 0 7 5 8]
 [5 0 8 6 9 1 4 7 2]
 [0 6 2 3 7 4 8 1 5]
 [7 1 9 2 5 8 6 3 0]
 [4 8 5 9 0 7 3 2 1]
 [0 3 7 5 4 2 0 6 9]
 [2 9 1 0 8 6 5 4 7]]
Number of cells unfilled: 12
Accuracy: 85.18518518518519
Sample: 12152
Question:
[[4 0 0 0 5 7 0 0 0]
 [0 0 0 6 0 0 0 0 0]
 [0 0 0 0 1 9 8 0 0]
 [1 0 0 0 4 0 9 0 0]
 [0 0 2 0 0 0 0 6 0]
 [0 3 0 0 0 0 0 0 7]
 [8 0 0 0 0 1 5 0 0]
 [0 7 0 0 0 0 0 0 3]
 [0 0 6 9 0 0 0 2 0]]
Solution:
[[6 5 7 1 3 9 2 8 4]
 [0 4 0 8 6 5 1 9 3]
 [1 8 3 4 2 0 7 5 6]
 [5 0 8 6 9 1 4 7 2]
 [9 6 2 3 7 4 8 1 5]
 [7 1 4 2 5 8 6 3 0]
 [4 7 5 9 0 0 3 2 1]
 [8 3 0 5 4 2 0 6 9]
 [2 9 1 7 8 6 5 4 0]]
Number of cells unfilled: 10
Accuracy: 87.65432098765432
Sample: 12153
Question:
[[2 0 0 8 0 1 7 0 0]
 [0 1 8 0 0 6 0 2 0]
 [0 0 3 0 2 0 0 0 0]
 [6 0 0 0 1 0 0 8 0]
 [0 0 9 0 0 0 0 0 7]
 [0 0 0 0 0 4 0 0 0]
 [0 0 0 9 0 0 0 7 0]
 [8 0 0 0 6 0 0 3 0]
 [0 5 0 0 0 2 0 0 4]]
Solution:
[[6 5 7 1 3 9 2 8 4]
 [0 4 0 8 6 5 1 9 3]
 [1 8 3 4 2 0 7 6 0]
 [5 0 8 6 9 1 4 7 2]
 [0 6 2 3 7 4 8 1 5]
 [7 1 9 2 5 8 6 3 0]
 [4 7 5 9 0 0 3 2 1]
 [8 3 6 5 4 2 0 0 9]
 [2 9 1 7 8 6 5 4 0]]
Number of cells unfilled: 12
Accuracy: 85.18518518518519
Sample: 12154
Question:
[[6 0 0 0 0 0 0 0 8]
 [0 0 3 0 0 6 5 0 0]
 [0 8 0 2 0 3 0 6 0]
 [1 0 5 0 0 0 0 0 0]
 [7 0 8 0 2 0 1 0 9]
 [0 0 0 0 0 7 4 0 0]
 [0 0 7 4 0 0 8 0 1]
 [0 6 0 7 0 0 0 0 0]
 [4 0 1 0 3 0 0 0 0]]
Solution:
[[6 5 0 7 3 9 2 0 4]
 [0 4 7 8 6 5 1 9 3]
 [1 0 3 4 2 0 7 5 8]
 [5 0 8 6 9 1 4 7 2]
 [0 6 2 3 7 4 8 1 5]
 [7 1 9 2 5 8 6 3 0]
 [8 7 5 9 0 0 3 2 1]
 [0 3 6 5 4 2 0 8 9]
 [2 9 1 0 8 6 5 4 7]]
Number of cells unfilled: 13
Accuracy: 83.9506172839506
Sample: 12155
Question:
[[9 0 0 4 0 0 0 0 0]
 [4 0 8 9 7 0 0 0 1]
 [0 0 1 0 0 0 0 0 0]
 [7 0 0 0 1 2 0 0 0]
 [0 5 0 0 0 0 0 2 3]
 [1 0 0 3 0 0 7 0 9]
 [2 9 5 0 0 7 0 0 4]
 [0 0 0 0 0 6 9 0 8]
 [0 0 0 5 0 0 0 0 0]]
Solution:
[[6 5 7 1 3 9 2 8 4]
 [0 4 0 8 6 5 1 9 3]
 [1 8 3 4 2 0 7 5 6]
 [5 0 8 6 9 1 4 7 2]
 [0 6 2 3 7 4 8 1 5]
 [7 1 9 2 5 8 6 3 0]
 [4 7 5 9 0 0 3 2 1]
 [8 3 0 5 4 2 0 6 9]
 [2 9 1 7 8 6 5 4 0]]
Number of cells unfilled: 11
Accuracy: 86.41975308641975
Sample: 12156
Question:
[[7 0 0 0 5 0 0 4 0]
 [0 0 6 0 0 4 0 0 3]
 [0 0 0 9 0 0 2 0 0]
 [0 8 0 5 0 0 3 1 0]
 [0 0 4 1 0 0 0 0 7]
 [1 0 0 0 0 6 0 0 0]
 [0 0 1 4 0 0 9 0 0]
 [5 0 0 0 0 1 0 0 0]
 [0 6 0 0 2 0 0 8 0]]
Solution:
[[6 5 7 8 3 9 2 0 4]
 [8 4 0 1 6 5 0 9 3]
 [1 0 3 4 2 0 7 8 6]
 [5 0 8 6 9 1 4 7 2]
 [0 6 2 3 7 4 8 1 5]
 [7 1 9 2 5 8 6 3 0]
 [4 7 5 9 0 0 3 2 1]
 [0 3 0 5 4 7 0 6 9]
 [2 9 1 0 8 6 5 4 7]]
Number of cells unfilled: 14
Accuracy: 82.71604938271605
Sample: 12157
Question:
[[4 0 9 0 0 0 0 3 1]
 [0 0 0 0 7 2 0 0 0]
 [0 1 0 0 0 4 5 6 7]
 [0 0 6 0 0 1 3 0 2]
 [7 0 8 0 0 0 0 5 0]
 [0 0 3 6 8 0 0 9 0]
 [0 8 0 2 0 0 6 0 0]
 [2 0 0 5 9 0 4 0 3]
 [0 5 1 0 0 7 8 0 0]]
Solution:
[[6 5 0 7 3 9 1 8 4]
 [0 4 7 8 6 5 2 9 3]
 [1 8 3 4 2 0 7 5 6]
 [5 0 8 6 9 1 4 7 2]
 [0 6 2 3 7 4 8 1 5]
 [7 1 9 2 5 8 6 3 0]
 [8 7 5 9 0 0 3 2 1]
 [0 3 0 5 4 7 0 6 9]
 [2 9 1 0 8 6 5 4 7]]
Number of cells unfilled: 12
Accuracy: 85.18518518518519
Sample: 12158
Question:
[[0 0 5 9 0 0 0 3 0]
 [0 6 0 0 0 8 0 0 0]
 [4 0 9 0 7 0 0 0 8]
 [0 0 0 0 0 0 6 0 0]
 [1 0 6 7 0 0 0 0 9]
 [0 0 0 0 0 0 0 5 3]
 [0 2 0 8 4 0 0 0 0]
 [0 0 4 1 9 0 3 0 0]
 [9 0 0 0 0 7 0 0 4]]
Solution:
[[6 5 7 1 3 9 2 0 4]
 [0 4 0 7 6 5 1 9 3]
 [1 8 3 4 0 2 7 5 6]
 [5 0 8 6 9 1 4 7 2]
 [0 6 2 3 7 4 8 1 5]
 [7 1 9 2 5 8 6 3 0]
 [8 7 5 9 0 0 3 2 1]
 [0 3 6 5 4 7 0 8 9]
 [2 9 1 0 8 6 5 4 7]]
Number of cells unfilled: 12
Accuracy: 85.18518518518519
Sample: 12159
Question:
[[0 0 6 0 0 0 0 0 0]
 [0 7 0 0 0 3 0 0 0]
 [4 2 0 0 5 8 0 0 0]
 [0 0 0 0 0 0 9 0 0]
 [8 0 0 9 0 1 0 0 6]
 [0 0 0 2 0 4 0 0 5]
 [0 1 8 0 0 0 0 4 0]
 [0 0 5 8 0 9 0 0 2]
 [0 4 0 0 0 0 6 5 0]]
Solution:
[[6 5 0 7 3 9 2 0 4]
 [0 4 0 8 6 5 1 9 3]
 [1 0 3 4 2 0 7 5 6]
 [5 0 8 6 9 1 4 7 2]
 [9 6 2 3 7 4 8 1 5]
 [7 1 4 2 5 8 6 3 0]
 [4 8 5 9 0 7 3 2 1]
 [0 3 7 5 4 2 0 8 9]
 [2 9 1 0 8 6 5 4 7]]
Number of cells unfilled: 12
Accuracy: 85.18518518518519
Sample: 12160
Question:
[[0 0 0 0 0 0 1 3 0]
 [0 0 0 7 0 0 0 0 0]
 [0 8 3 0 0 1 0 0 9]
 [0 0 0 0 7 0 0 5 0]
 [6 0 0 0 5 0 0 9 0]
 [0 1 5 0 0 3 8 0 0]
 [2 0 0 0 0 0 0 0 8]
 [0 5 9 0 0 7 0 1 0]
 [0 3 0 4 0 0 0 0 0]]
Solution:
[[6 5 0 1 3 9 0 0 4]
 [0 4 7 8 6 5 2 9 3]
 [1 8 3 4 2 0 7 5 6]
 [5 0 8 6 9 1 4 7 2]
 [9 6 2 3 7 4 8 1 5]
 [7 1 4 2 5 8 6 3 0]
 [8 7 5 9 0 0 3 2 1]
 [0 3 6 5 4 2 0 8 9]
 [2 9 1 7 8 6 5 4 0]]
Number of cells unfilled: 12
Accuracy: 85.18518518518519
Sample: 12161
Question:
[[0 4 0 0 7 0 0 0 0]
 [2 0 0 0 0 5 0 3 4]
 [5 0 0 0 0 0 7 0 0]
 [0 0 0 0 0 0 0 9 0]
 [0 0 9 6 0 0 0 0 0]
 [0 5 0 0 3 9 2 0 0]
 [0 2 0 0 0 4 3 0 0]
 [0 7 0 2 0 3 5 0 0]
 [0 0 0 0 8 0 0 0 1]]
Solution:
[[6 5 7 8 3 9 1 0 4]
 [8 4 0 1 6 5 2 9 3]
 [1 0 3 4 2 0 7 6 8]
 [5 0 8 6 9 1 4 7 2]
 [0 6 2 3 7 4 8 1 5]
 [7 1 9 2 5 8 6 3 0]
 [4 7 5 9 0 0 3 2 1]
 [0 3 6 5 4 2 0 8 9]
 [2 9 1 7 8 6 5 4 0]]
Number of cells unfilled: 12
Accuracy: 85.18518518518519
Sample: 12162
Question:
[[0 0 0 9 0 0 2 0 5]
 [0 7 0 0 0 0 0 9 0]
 [0 0 9 0 0 0 7 0 4]
 [8 0 0 0 0 6 0 0 0]
 [0 0 5 2 0 0 0 4 0]
 [0 1 0 0 3 0 0 0 0]
 [0 0 1 5 0 0 0 2 0]
 [0 3 0 0 0 8 0 0 1]
 [6 0 0 0 1 0 0 0 9]]
Solution:
[[6 5 7 1 3 9 2 8 4]
 [0 4 0 8 6 5 1 9 3]
 [1 8 3 4 2 0 7 5 6]
 [5 0 8 6 9 1 4 7 2]
 [0 6 2 3 7 4 8 1 5]
 [7 1 9 2 5 8 6 3 0]
 [4 7 5 9 0 0 3 2 1]
 [8 3 0 5 4 2 0 6 9]
 [2 9 1 7 8 6 5 4 0]]
Number of cells unfilled: 11
Accuracy: 86.41975308641975
Sample: 12163
Question:
[[0 2 0 0 0 0 4 0 0]
 [0 0 7 6 0 0 0 1 0]
 [5 0 0 0 0 0 0 0 3]
 [0 0 1 7 0 2 0 3 0]
 [3 0 0 0 0 0 2 0 0]
 [0 4 0 0 3 0 0 0 5]
 [0 0 9 0 1 7 0 0 0]
 [0 0 0 9 0 0 0 0 8]
 [0 0 0 0 6 8 0 9 0]]
Solution:
[[6 5 7 1 3 9 2 8 4]
 [0 4 0 7 6 5 1 9 3]
 [1 8 3 4 2 0 7 5 6]
 [5 0 8 6 9 1 4 7 2]
 [0 6 2 3 7 4 8 1 5]
 [7 1 9 2 5 8 6 3 0]
 [4 7 5 9 0 0 3 2 1]
 [8 3 0 5 4 2 0 6 9]
 [2 9 1 0 8 6 5 4 7]]
Number of cells unfilled: 11
Accuracy: 86.41975308641975
Sample: 12164
Question:
[[9 0 6 0 2 0 0 3 0]
 [0 0 8 0 0 0 4 0 0]
 [4 0 0 0 0 1 6 0 0]
 [0 0 2 0 0 0 5 0 0]
 [1 0 4 0 5 0 8 0 9]
 [0 3 0 0 0 0 0 0 7]
 [8 5 0 0 1 0 9 0 0]
 [0 0 0 0 0 0 0 0 0]
 [0 0 0 0 4 5 0 0 1]]
Solution:
[[6 5 7 1 3 9 2 0 4]
 [0 4 0 7 6 5 1 9 3]
 [1 2 3 4 0 0 7 6 8]
 [5 0 8 6 9 1 4 7 2]
 [0 6 2 3 7 4 8 1 5]
 [7 1 9 2 5 8 6 3 0]
 [8 7 5 9 0 0 3 2 1]
 [0 3 6 5 4 7 0 8 9]
 [2 9 1 0 8 6 5 4 7]]
Number of cells unfilled: 13
Accuracy: 83.9506172839506
Sample: 12165
Question:
[[0 7 0 0 0 0 0 5 0]
 [0 0 0 0 0 0 6 0 9]
 [0 9 6 0 1 0 3 4 0]
 [0 1 0 0 5 0 0 0 0]
 [4 5 0 0 0 2 7 0 0]
 [9 0 7 0 0 0 0 8 5]
 [0 0 0 7 0 0 0 2 0]
 [0 0 0 0 0 0 0 6 8]
 [0 3 2 0 6 0 1 0 0]]
Solution:
[[6 5 0 1 3 9 2 8 4]
 [0 4 7 8 6 5 1 9 3]
 [1 8 3 4 2 0 7 5 6]
 [5 0 8 6 9 1 4 7 2]
 [9 6 2 3 7 4 8 1 5]
 [7 1 4 2 5 8 6 3 0]
 [8 7 5 9 0 0 3 2 1]
 [0 3 0 5 4 2 0 6 9]
 [2 9 1 7 8 6 5 4 0]]
Number of cells unfilled: 11
Accuracy: 86.41975308641975
Sample: 12166
Question:
[[0 0 0 3 0 0 7 0 0]
 [0 1 0 0 0 5 0 3 6]
 [0 0 3 0 7 0 2 0 0]
 [0 6 0 4 0 0 0 0 0]
 [1 0 9 0 6 0 0 0 4]
 [0 0 5 0 0 9 0 0 0]
 [0 0 0 8 0 0 0 2 0]
 [0 5 0 0 0 4 0 0 1]
 [8 0 0 0 0 0 0 0 0]]
Solution:
[[6 5 7 8 3 9 2 0 4]
 [0 4 0 1 6 5 0 9 3]
 [1 8 3 4 2 0 7 5 6]
 [5 0 8 6 9 1 4 7 2]
 [9 6 2 3 7 4 8 1 5]
 [7 1 4 2 5 8 6 3 0]
 [8 7 5 9 0 0 3 2 1]
 [0 3 0 5 4 2 0 6 9]
 [2 9 1 7 8 6 5 4 0]]
Number of cells unfilled: 13
Accuracy: 83.9506172839506
Sample: 12167
Question:
[[2 0 0 0 0 0 0 7 0]
 [0 0 6 0 0 0 0 0 4]
 [0 4 0 0 0 6 2 3 0]
 [0 1 0 0 0 0 0 2 0]
 [6 0 0 0 0 4 0 0 3]
 [0 0 8 1 0 0 9 4 0]
 [3 0 0 0 0 7 0 0 2]
 [0 0 0 0 9 0 0 5 0]
 [0 0 5 8 0 0 0 0 0]]
Solution:
[[6 5 0 7 3 9 1 8 4]
 [8 4 7 1 6 5 2 9 3]
 [1 0 3 4 2 0 7 5 6]
 [5 0 8 6 9 1 4 7 2]
 [0 6 2 3 7 4 8 1 5]
 [7 1 9 2 5 8 6 3 0]
 [4 7 5 9 0 0 3 2 1]
 [0 3 0 5 4 7 0 6 9]
 [2 9 1 0 8 6 5 4 7]]
Number of cells unfilled: 12
Accuracy: 85.18518518518519
Sample: 12168
Question:
[[1 0 0 9 0 0 0 0 0]
 [8 0 7 0 0 0 2 5 0]
 [0 0 9 0 0 4 1 6 0]
 [0 3 0 0 0 0 6 9 0]
 [0 0 4 0 0 0 0 0 5]
 [0 0 0 1 0 6 4 0 3]
 [0 0 0 0 9 3 0 0 0]
 [0 9 8 0 0 2 5 0 0]
 [0 0 0 4 5 0 0 0 0]]
Solution:
[[6 5 7 1 3 9 2 8 4]
 [0 4 0 8 6 5 1 9 3]
 [1 8 3 4 2 0 7 6 0]
 [5 0 8 6 9 1 4 7 2]
 [0 6 2 3 7 4 8 1 5]
 [7 1 9 2 5 8 6 3 0]
 [8 7 5 9 0 0 3 2 1]
 [0 3 6 5 4 2 0 0 9]
 [2 9 1 7 8 6 5 4 0]]
Number of cells unfilled: 13
Accuracy: 83.9506172839506
Sample: 12169
Question:
[[0 7 0 4 0 0 0 6 0]
 [3 2 4 0 0 0 0 0 5]
 [0 8 0 3 1 0 0 7 0]
 [0 0 0 9 0 4 0 0 0]
 [0 3 0 0 8 1 0 0 0]
 [5 0 0 0 7 0 0 0 8]
 [0 0 0 0 0 9 4 0 0]
 [8 0 0 0 0 0 0 0 0]
 [4 0 3 8 0 0 0 2 6]]
Solution:
[[6 5 0 1 3 9 2 8 4]
 [0 4 7 8 6 5 1 9 3]
 [1 8 3 4 2 0 7 5 6]
 [5 0 8 6 9 1 4 7 2]
 [9 6 2 3 7 4 8 1 5]
 [7 1 4 2 5 8 6 3 0]
 [4 7 5 9 0 0 3 2 1]
 [8 3 0 5 4 2 0 6 9]
 [2 9 1 7 8 6 5 4 0]]
Number of cells unfilled: 10
Accuracy: 87.65432098765432
Sample: 12170
Question:
[[0 0 1 0 7 0 0 0 0]
 [7 0 0 4 0 0 3 0 0]
 [0 9 0 0 0 2 0 7 0]
 [0 2 0 0 0 5 7 0 0]
 [9 0 0 8 0 0 0 4 0]
 [0 0 5 0 0 0 0 0 3]
 [0 0 0 0 6 0 0 0 1]
 [8 0 0 0 0 3 0 2 0]
 [0 6 0 9 0 0 4 0 0]]
Solution:
[[6 5 0 8 3 9 1 0 4]
 [8 4 7 1 6 5 2 9 3]
 [1 0 3 4 2 0 7 5 6]
 [5 0 8 6 9 1 4 7 2]
 [9 6 2 3 7 4 8 1 5]
 [7 1 4 2 5 8 6 3 0]
 [4 8 5 9 0 7 3 2 1]
 [0 3 0 5 4 2 0 6 9]
 [2 9 1 0 8 6 5 4 7]]
Number of cells unfilled: 11
Accuracy: 86.41975308641975
Sample: 12171
Question:
[[0 6 0 8 0 0 0 9 0]
 [0 0 8 0 0 0 5 0 0]
 [0 0 0 5 0 1 0 0 0]
 [0 0 2 3 0 0 0 8 9]
 [0 0 0 0 0 2 0 4 0]
 [0 0 0 6 0 0 0 0 3]
 [0 0 7 9 0 0 8 0 0]
 [1 0 0 2 0 0 0 0 0]
 [0 3 9 0 6 0 1 7 0]]
Solution:
[[6 5 0 1 3 9 0 8 4]
 [0 4 7 8 6 5 2 9 3]
 [1 8 3 4 2 0 7 6 0]
 [5 0 8 6 9 1 4 7 2]
 [9 6 2 3 7 4 8 1 5]
 [7 1 4 2 5 8 6 3 0]
 [8 7 5 9 0 0 3 2 1]
 [0 3 6 5 4 2 0 0 9]
 [2 9 1 7 8 6 5 4 0]]
Number of cells unfilled: 13
Accuracy: 83.9506172839506
Sample: 12172
Question:
[[0 8 0 6 0 0 0 0 0]
 [0 0 6 0 1 0 0 0 4]
 [4 0 0 0 0 0 6 0 0]
 [0 0 0 0 0 0 0 0 9]
 [0 0 7 9 0 0 5 4 0]
 [9 0 0 0 5 0 1 7 0]
 [0 0 5 0 9 0 0 0 7]
 [0 0 0 0 0 2 0 3 0]
 [0 0 4 8 7 0 0 0 1]]
Solution:
[[6 5 7 1 3 9 2 8 4]
 [0 4 0 8 6 5 1 9 3]
 [1 8 3 4 2 0 7 6 0]
 [5 0 8 6 9 1 4 7 2]
 [9 6 2 3 7 4 8 1 5]
 [7 1 4 2 5 8 6 3 0]
 [8 7 5 9 0 0 3 2 1]
 [0 3 6 5 4 2 0 0 9]
 [2 9 1 7 8 6 5 4 0]]
Number of cells unfilled: 12
Accuracy: 85.18518518518519
Sample: 12173
Question:
[[7 0 0 0 5 8 0 4 0]
 [0 0 0 4 0 0 0 0 0]
 [0 0 4 0 7 1 8 0 0]
 [8 0 0 7 0 0 4 0 0]
 [0 0 0 0 2 0 0 0 6]
 [5 0 2 1 0 0 7 0 0]
 [3 0 0 5 0 0 1 0 0]
 [0 0 5 0 1 3 0 0 0]
 [0 9 0 0 0 0 0 3 0]]
Solution:
[[6 5 0 1 3 9 2 8 4]
 [0 4 7 8 6 5 1 9 3]
 [1 8 3 4 2 0 7 6 0]
 [5 0 8 6 9 1 4 7 2]
 [9 6 2 3 7 4 8 1 5]
 [7 1 4 2 5 8 6 3 0]
 [4 7 5 9 0 0 3 2 1]
 [8 3 6 5 4 2 0 0 9]
 [2 9 1 7 8 6 5 4 0]]
Number of cells unfilled: 11
Accuracy: 86.41975308641975
Sample: 12174
Question:
[[0 0 0 0 7 0 0 0 0]
 [0 5 0 0 0 0 0 0 9]
 [7 9 0 1 0 5 0 0 0]
 [6 0 0 0 0 0 0 3 0]
 [0 8 0 0 1 4 0 6 0]
 [0 0 5 8 3 0 2 0 0]
 [0 0 0 0 0 1 0 8 0]
 [0 0 3 0 6 8 0 0 5]
 [9 4 0 0 0 0 0 2 6]]
Solution:
[[6 5 7 1 3 9 2 8 4]
 [0 4 0 8 6 5 1 9 3]
 [1 8 3 4 2 0 7 6 0]
 [5 0 8 6 9 1 4 7 2]
 [9 6 2 3 7 4 8 1 5]
 [7 1 4 2 5 8 6 3 0]
 [8 7 5 9 0 0 3 2 1]
 [0 3 6 5 4 2 0 0 9]
 [2 9 1 7 8 6 5 4 0]]
Number of cells unfilled: 12
Accuracy: 85.18518518518519
Sample: 12175
Question:
[[0 0 0 5 0 0 0 0 0]
 [7 0 0 0 1 0 0 9 0]
 [8 0 0 0 0 3 2 0 0]
 [0 4 0 0 7 0 0 8 0]
 [0 0 0 0 0 2 3 0 0]
 [0 0 0 9 0 0 0 0 5]
 [4 7 0 1 0 0 0 0 0]
 [1 8 0 0 0 0 0 0 6]
 [0 0 9 0 4 0 0 1 0]]
Solution:
[[6 5 7 1 3 9 2 8 4]
 [0 4 0 8 6 5 1 9 3]
 [1 8 3 4 2 0 7 5 6]
 [5 0 8 6 9 1 4 7 2]
 [9 6 2 3 7 4 8 1 5]
 [7 1 4 2 5 8 6 3 0]
 [8 7 5 9 0 0 3 2 1]
 [0 3 0 5 4 2 0 6 9]
 [2 9 1 7 8 6 5 4 0]]
Number of cells unfilled: 11
Accuracy: 86.41975308641975
Sample: 12176
Question:
[[0 4 0 7 0 0 3 0 0]
 [6 0 0 0 3 5 0 0 0]
 [0 0 0 0 0 4 0 0 1]
 [9 0 0 0 0 0 0 2 0]
 [0 0 0 0 0 8 0 0 0]
 [0 3 0 0 7 0 4 0 0]
 [0 0 6 8 0 0 0 1 0]
 [2 0 0 0 4 0 0 9 0]
 [0 8 0 0 0 7 5 0 0]]
Solution:
[[6 5 7 1 3 9 2 8 4]
 [0 4 0 8 6 5 1 9 3]
 [1 8 3 4 2 0 7 5 6]
 [5 0 8 6 9 1 4 7 2]
 [9 6 2 3 7 4 8 1 5]
 [7 1 4 2 5 8 6 3 0]
 [4 7 5 9 0 0 3 2 1]
 [8 3 0 5 4 2 0 6 9]
 [2 9 1 7 8 6 5 4 0]]
Number of cells unfilled: 10
Accuracy: 87.65432098765432
Sample: 12177
Question:
[[0 5 0 0 0 7 0 0 8]
 [0 0 7 0 3 0 0 5 0]
 [2 0 0 0 0 0 6 0 0]
 [0 0 0 8 0 0 4 0 2]
 [0 6 0 0 0 0 0 0 0]
 [0 0 4 0 7 0 0 1 0]
 [0 0 9 3 0 5 7 0 0]
 [4 0 0 0 9 0 0 0 0]
 [0 3 0 0 0 1 0 9 0]]
Solution:
[[6 5 0 8 3 9 1 0 4]
 [8 4 7 1 6 5 2 9 3]
 [1 0 3 4 2 0 7 5 6]
 [5 0 8 6 9 1 4 7 2]
 [9 6 2 3 7 4 8 1 5]
 [7 1 4 2 5 8 6 3 0]
 [4 7 5 9 0 0 3 2 1]
 [0 3 6 5 4 2 0 8 9]
 [2 9 1 7 8 6 5 4 0]]
Number of cells unfilled: 11
Accuracy: 86.41975308641975
Sample: 12178
Question:
[[7 1 0 0 5 2 0 0 4]
 [2 0 0 0 0 3 9 0 0]
 [0 0 6 0 0 9 0 1 0]
 [0 2 0 0 1 0 0 0 0]
 [8 9 0 6 0 0 5 0 0]
 [0 5 1 0 3 4 2 0 7]
 [0 0 0 0 4 0 6 5 8]
 [0 0 3 7 8 0 1 0 9]
 [0 0 0 0 0 6 0 4 0]]
Solution:
[[6 5 7 8 3 9 2 0 4]
 [0 4 0 1 6 5 0 9 3]
 [1 8 3 4 2 0 7 6 0]
 [5 0 8 6 9 1 4 7 2]
 [9 6 2 3 7 4 8 1 5]
 [7 1 4 2 5 8 6 3 0]
 [4 7 5 9 0 0 3 2 1]
 [8 3 6 5 4 2 0 0 9]
 [2 9 1 7 8 6 5 4 0]]
Number of cells unfilled: 13
Accuracy: 83.9506172839506
Sample: 12179
Question:
[[0 0 0 7 0 1 2 0 8]
 [0 0 0 0 0 0 5 1 0]
 [0 0 8 0 3 0 0 0 0]
 [0 9 0 0 2 8 0 7 0]
 [0 0 0 3 0 0 0 0 0]
 [6 2 0 0 0 0 0 0 0]
 [0 0 0 0 0 0 0 0 5]
 [2 0 0 5 7 0 0 3 0]
 [5 0 4 2 0 9 0 0 1]]
Solution:
[[6 5 0 7 3 9 2 8 4]
 [0 4 7 8 6 5 1 9 3]
 [1 8 3 4 2 0 7 5 6]
 [5 0 8 6 9 1 4 7 2]
 [0 6 2 3 7 4 8 1 5]
 [7 1 9 2 5 8 6 3 0]
 [4 7 5 9 0 0 3 2 1]
 [8 3 0 5 4 7 0 6 9]
 [2 9 1 0 8 6 5 4 7]]
Number of cells unfilled: 11
Accuracy: 86.41975308641975
Sample: 12180
Question:
[[5 0 6 0 3 0 0 0 9]
 [0 0 0 0 9 0 0 8 0]
 [0 0 7 1 0 8 0 0 0]
 [0 0 5 0 0 0 0 2 8]
 [0 6 0 8 0 4 0 0 0]
 [0 3 0 9 0 0 7 0 0]
 [7 2 0 0 1 0 0 4 0]
 [0 0 4 0 0 7 0 0 0]
 [6 0 0 0 0 0 2 0 0]]
Solution:
[[6 5 0 1 3 9 0 8 4]
 [0 4 7 8 6 5 2 9 3]
 [1 8 3 4 2 0 7 5 6]
 [5 0 8 6 9 1 4 7 2]
 [0 6 2 3 7 4 8 1 5]
 [7 1 9 2 5 8 6 3 0]
 [4 7 5 9 0 0 3 2 1]
 [8 3 0 5 4 2 0 6 9]
 [2 9 1 0 8 6 5 4 7]]
Number of cells unfilled: 12
Accuracy: 85.18518518518519
Sample: 12181
Question:
[[0 0 4 0 0 3 0 0 9]
 [5 0 0 0 8 0 0 0 0]
 [6 3 0 0 1 0 0 0 0]
 [0 1 0 0 0 0 0 2 0]
 [0 0 6 2 0 7 0 0 3]
 [0 0 3 0 0 1 0 0 7]
 [0 4 0 0 0 6 0 0 0]
 [0 0 7 0 0 0 0 9 0]
 [3 6 0 0 7 0 0 0 4]]
Solution:
[[6 5 7 1 3 9 2 8 4]
 [0 4 0 8 6 5 1 9 3]
 [1 8 3 4 2 0 7 6 0]
 [5 0 8 6 9 1 4 7 2]
 [0 6 2 3 7 4 8 1 5]
 [7 1 9 2 5 8 6 3 0]
 [8 7 5 9 0 0 3 2 1]
 [0 3 6 5 4 2 0 0 9]
 [2 9 1 7 8 6 5 4 0]]
Number of cells unfilled: 13
Accuracy: 83.9506172839506
Sample: 12182
Question:
[[0 0 9 0 0 0 4 0 1]
 [0 7 1 0 0 3 0 0 0]
 [8 0 0 1 9 0 0 7 0]
 [6 8 0 0 0 2 9 0 0]
 [0 0 7 9 8 0 0 6 0]
 [0 0 0 0 0 0 0 0 0]
 [0 0 0 2 0 0 0 0 0]
 [0 0 0 0 0 0 5 0 3]
 [0 1 0 8 3 0 0 9 0]]
Solution:
[[6 5 7 8 3 9 1 0 4]
 [0 4 0 7 6 5 2 9 3]
 [1 8 3 4 2 0 7 5 6]
 [5 0 8 6 9 1 4 7 2]
 [9 6 2 3 7 4 8 1 5]
 [7 1 4 2 5 8 6 3 0]
 [8 7 5 9 0 0 3 2 1]
 [0 3 0 5 4 2 0 6 9]
 [2 9 1 0 8 6 5 4 7]]
Number of cells unfilled: 12
Accuracy: 85.18518518518519
Sample: 12183
Question:
[[3 0 0 0 0 6 0 4 0]
 [0 4 6 0 0 0 7 0 0]
 [2 0 0 7 0 0 0 3 0]
 [1 0 0 0 0 3 0 9 0]
 [0 2 3 0 6 0 0 0 0]
 [0 5 0 0 8 0 0 0 0]
 [0 0 1 0 0 2 0 0 0]
 [4 0 0 0 0 0 9 0 0]
 [0 3 2 0 4 0 0 1 0]]
Solution:
[[6 5 0 7 3 9 2 8 4]
 [0 4 7 8 6 5 1 9 3]
 [1 8 3 4 2 0 7 5 6]
 [5 0 8 6 9 1 4 7 2]
 [9 6 2 3 7 4 8 1 5]
 [7 1 4 2 5 8 6 3 0]
 [4 7 5 9 0 0 3 2 1]
 [8 3 0 5 4 7 0 6 9]
 [2 9 1 0 8 6 5 4 7]]
Number of cells unfilled: 10
Accuracy: 87.65432098765432
Sample: 12184
Question:
[[0 5 0 4 1 0 0 0 0]
 [0 0 0 9 0 0 0 0 6]
 [0 1 0 0 0 0 0 4 0]
 [0 0 0 1 0 0 2 0 0]
 [3 0 5 0 6 0 9 0 0]
 [0 4 0 0 0 0 5 0 7]
 [0 8 0 3 0 0 0 0 2]
 [1 6 0 0 0 0 0 7 0]
 [4 2 0 0 0 9 0 0 0]]
Solution:
[[6 5 0 8 3 9 1 0 4]
 [8 4 7 1 6 5 2 9 3]
 [1 0 3 4 2 0 7 8 6]
 [5 0 8 6 9 1 4 7 2]
 [9 6 2 3 7 4 8 1 5]
 [7 1 4 2 5 8 6 3 0]
 [4 8 5 9 0 0 3 2 1]
 [0 3 0 5 4 2 0 6 9]
 [2 9 1 7 8 6 5 4 0]]
Number of cells unfilled: 12
Accuracy: 85.18518518518519
Sample: 12185
Question:
[[0 0 0 0 0 0 0 0 1]
 [0 8 0 0 0 5 7 3 0]
 [4 0 0 7 0 0 0 0 6]
 [0 0 0 0 5 3 0 0 0]
 [0 9 0 4 0 0 3 5 0]
 [0 0 0 0 0 9 0 0 0]
 [0 0 2 0 0 0 8 0 0]
 [0 3 0 0 9 0 4 7 0]
 [0 0 8 0 0 4 0 0 0]]
Solution:
[[6 5 0 8 3 9 1 0 4]
 [8 4 7 1 6 5 2 9 3]
 [1 0 3 4 2 0 7 6 8]
 [5 0 8 6 9 1 4 7 2]
 [0 6 2 3 7 4 8 1 5]
 [7 1 9 2 5 8 6 3 0]
 [4 8 5 9 0 0 3 2 1]
 [0 3 6 5 4 2 0 8 9]
 [2 9 1 7 8 6 5 4 0]]
Number of cells unfilled: 12
Accuracy: 85.18518518518519
Sample: 12186
Question:
[[2 0 0 0 0 1 0 3 0]
 [0 7 0 6 0 0 0 0 4]
 [0 0 9 0 0 7 0 0 2]
 [0 8 0 0 0 9 0 0 1]
 [0 0 0 0 0 0 0 7 0]
 [0 0 6 5 0 0 0 9 0]
 [8 1 0 0 0 0 4 2 0]
 [0 0 4 0 3 0 0 0 0]
 [5 0 0 0 0 0 0 8 0]]
Solution:
[[6 5 7 8 3 9 2 0 4]
 [8 4 0 1 6 5 0 9 3]
 [1 0 3 4 2 0 7 5 8]
 [5 0 8 6 9 1 4 7 2]
 [0 6 2 3 7 4 8 1 5]
 [7 1 9 2 5 8 6 3 0]
 [4 8 5 9 0 0 3 2 1]
 [0 3 6 5 4 2 0 8 9]
 [2 9 1 7 8 6 5 4 0]]
Number of cells unfilled: 13
Accuracy: 83.9506172839506
Sample: 12187
Question:
[[0 0 0 4 7 0 1 0 0]
 [0 0 0 0 0 0 0 8 6]
 [0 1 0 0 0 0 0 7 0]
 [0 5 0 9 0 0 0 0 1]
 [0 0 0 0 2 3 5 0 0]
 [0 2 0 7 0 0 3 0 0]
 [0 0 0 0 0 0 0 4 0]
 [1 7 0 0 6 2 0 0 0]
 [0 8 2 3 4 0 7 0 0]]
Solution:
[[6 5 7 1 3 9 2 8 4]
 [0 4 0 8 6 5 1 9 3]
 [1 8 3 4 2 0 7 5 6]
 [5 0 8 6 9 1 4 7 2]
 [9 6 2 3 7 4 8 1 5]
 [7 1 4 2 5 8 6 3 0]
 [8 7 5 9 0 0 3 2 1]
 [0 3 0 5 4 7 0 6 9]
 [2 9 1 0 8 6 5 4 7]]
Number of cells unfilled: 11
Accuracy: 86.41975308641975
Sample: 12188
Question:
[[0 3 7 0 0 9 2 0 1]
 [8 0 0 5 0 0 3 0 0]
 [0 0 0 0 0 0 4 7 0]
 [0 7 8 0 0 0 0 0 0]
 [0 6 0 0 0 7 8 1 0]
 [2 0 0 0 0 0 0 0 0]
 [3 0 0 7 0 0 0 0 0]
 [0 0 4 0 5 0 0 0 3]
 [0 0 0 0 0 1 6 9 8]]
Solution:
[[6 5 7 8 3 9 2 0 4]
 [8 4 0 1 6 5 0 9 3]
 [1 0 3 4 2 0 7 6 8]
 [5 0 8 6 9 1 4 7 2]
 [0 6 2 3 7 4 8 1 5]
 [7 1 9 2 5 8 6 3 0]
 [4 7 5 9 0 0 3 2 1]
 [0 3 6 5 4 2 0 8 9]
 [2 9 1 7 8 6 5 4 0]]
Number of cells unfilled: 13
Accuracy: 83.9506172839506
Sample: 12189
Question:
[[0 0 0 4 0 0 3 1 0]
 [0 4 0 0 0 0 0 0 8]
 [0 0 1 0 0 8 5 0 0]
 [0 6 0 0 0 0 9 0 0]
 [0 5 4 3 0 0 0 0 1]
 [2 0 0 0 0 0 0 0 0]
 [0 0 6 8 0 3 0 0 5]
 [0 3 0 0 6 0 0 7 0]
 [0 0 5 1 0 7 0 0 3]]
Solution:
[[6 5 0 8 3 9 1 0 4]
 [8 4 0 1 6 5 2 9 3]
 [1 2 3 4 0 0 7 5 6]
 [5 0 8 6 9 1 4 7 2]
 [0 6 2 3 7 4 8 1 5]
 [7 1 9 2 5 8 6 3 0]
 [4 8 5 9 0 7 3 2 1]
 [0 3 7 5 4 2 0 8 9]
 [2 9 1 0 8 6 5 4 7]]
Number of cells unfilled: 12
Accuracy: 85.18518518518519
Sample: 12190
Question:
[[3 0 0 1 0 0 0 8 0]
 [0 8 0 0 7 3 6 0 0]
 [0 6 0 0 9 8 1 0 0]
 [0 0 6 0 0 9 7 0 0]
 [7 0 8 0 2 0 0 0 0]
 [0 9 0 0 0 0 0 2 0]
 [0 0 0 0 0 0 0 7 4]
 [0 0 5 0 0 0 0 1 0]
 [0 7 0 0 8 0 2 0 0]]
Solution:
[[6 5 0 7 3 9 2 8 4]
 [0 4 7 8 6 5 1 9 3]
 [1 8 3 4 2 0 7 5 6]
 [5 0 8 6 9 1 4 7 2]
 [0 6 2 3 7 4 8 1 5]
 [7 1 9 2 5 8 6 3 0]
 [4 7 5 9 0 0 3 2 1]
 [8 3 0 5 4 7 0 6 9]
 [2 9 1 0 8 6 5 4 7]]
Number of cells unfilled: 11
Accuracy: 86.41975308641975
Sample: 12191
Question:
[[1 0 0 0 3 0 0 0 0]
 [2 6 0 0 0 9 0 0 0]
 [0 0 5 1 0 0 0 0 6]
 [0 0 0 0 4 0 7 0 0]
 [4 0 0 0 0 6 0 3 0]
 [0 5 0 2 0 0 0 0 4]
 [0 2 0 0 0 7 0 1 0]
 [5 0 0 8 0 0 0 0 2]
 [0 0 8 0 0 0 9 0 0]]
Solution:
[[6 5 0 7 3 9 2 8 4]
 [0 4 0 1 6 5 0 9 3]
 [1 8 3 4 2 0 7 5 6]
 [5 0 8 6 9 1 4 7 2]
 [0 6 2 3 7 4 8 1 5]
 [7 1 9 2 5 8 6 3 0]
 [4 0 5 9 0 7 3 2 1]
 [8 3 7 5 4 2 0 6 9]
 [2 9 1 0 8 6 5 4 7]]
Number of cells unfilled: 12
Accuracy: 85.18518518518519
Sample: 12192
Question:
[[0 5 2 0 0 0 0 0 0]
 [6 0 0 0 1 0 0 0 9]
 [0 0 0 0 0 7 0 2 0]
 [3 0 0 8 0 0 9 6 0]
 [0 6 0 0 3 0 1 0 0]
 [0 0 8 0 0 0 0 0 3]
 [0 0 0 5 0 0 4 0 0]
 [1 0 0 0 8 0 0 0 6]
 [0 7 0 0 0 4 0 9 0]]
Solution:
[[6 5 0 8 3 9 1 0 4]
 [8 4 7 1 6 5 2 9 3]
 [1 0 3 4 2 0 7 5 8]
 [5 0 8 6 9 1 4 7 2]
 [0 6 2 3 7 4 8 1 5]
 [7 1 9 2 5 8 6 3 0]
 [4 8 5 9 0 0 3 2 1]
 [0 3 0 5 4 2 0 6 9]
 [2 9 1 7 8 6 5 4 0]]
Number of cells unfilled: 13
Accuracy: 83.9506172839506
Sample: 12193
Question:
[[0 0 0 0 0 0 2 0 0]
 [6 0 0 0 0 5 0 0 0]
 [5 0 8 4 2 0 0 3 6]
 [0 0 0 8 0 0 0 4 0]
 [0 5 0 9 6 0 7 8 0]
 [9 0 0 0 0 4 6 0 0]
 [8 0 0 0 1 3 4 0 0]
 [4 0 0 0 0 8 0 7 0]
 [0 0 7 0 0 0 0 0 0]]
Solution:
[[6 5 0 7 3 9 1 8 4]
 [8 4 7 1 6 5 2 9 3]
 [1 0 3 4 2 0 7 5 6]
 [5 0 8 6 9 1 4 7 2]
 [9 6 2 3 7 4 8 1 5]
 [7 1 4 2 5 8 6 3 0]
 [4 8 5 9 0 7 3 2 1]
 [0 3 0 5 4 2 0 6 9]
 [2 9 1 0 8 6 5 4 7]]
Number of cells unfilled: 10
Accuracy: 87.65432098765432
Sample: 12194
Question:
[[8 0 0 0 0 9 0 2 0]
 [0 7 0 8 0 0 0 0 6]
 [0 0 5 0 1 0 3 0 0]
 [0 0 2 0 0 0 0 0 0]
 [6 3 0 0 0 0 1 0 0]
 [1 5 0 0 6 0 0 0 2]
 [5 0 0 0 0 7 0 4 0]
 [0 4 0 0 0 0 0 0 9]
 [0 0 6 0 5 0 2 0 0]]
Solution:
[[6 5 7 8 3 9 2 0 4]
 [0 4 0 1 6 5 0 9 3]
 [1 8 3 4 2 0 7 5 6]
 [5 0 8 6 9 1 4 7 2]
 [0 6 2 3 7 4 8 1 5]
 [7 1 9 2 5 8 6 3 0]
 [8 7 5 9 0 0 3 2 1]
 [0 3 6 5 4 2 0 8 9]
 [2 9 1 7 8 6 5 4 0]]
Number of cells unfilled: 13
Accuracy: 83.9506172839506
Sample: 12195
Question:
[[0 5 0 0 0 0 6 0 0]
 [0 7 1 0 8 0 5 0 0]
 [0 0 2 0 4 0 0 0 0]
 [0 1 0 5 0 0 4 0 9]
 [0 0 0 4 9 0 0 0 8]
 [3 9 0 0 2 0 0 0 7]
 [0 0 0 0 0 2 0 7 1]
 [0 0 0 0 5 0 0 2 0]
 [0 0 0 1 0 0 0 0 0]]
Solution:
[[6 5 7 8 3 9 1 0 4]
 [8 4 0 1 6 5 2 9 3]
 [1 0 3 4 2 0 7 8 6]
 [5 0 8 6 9 1 4 7 2]
 [9 6 2 3 7 4 8 1 5]
 [7 1 4 2 5 8 6 3 0]
 [4 7 5 9 0 0 3 2 1]
 [0 3 0 5 4 2 0 6 9]
 [2 9 1 0 8 6 5 4 7]]
Number of cells unfilled: 12
Accuracy: 85.18518518518519
Sample: 12196
Question:
[[3 0 0 0 0 8 0 0 2]
 [7 0 5 9 0 0 1 0 3]
 [0 0 0 0 5 6 0 4 0]
 [0 0 3 0 0 0 0 2 0]
 [9 2 0 0 0 0 3 0 0]
 [4 0 0 6 0 0 0 9 0]
 [0 0 9 7 0 4 0 0 0]
 [2 0 0 0 0 0 0 7 0]
 [8 0 0 0 6 0 4 0 9]]
Solution:
[[6 5 0 8 3 9 1 0 4]
 [8 4 7 1 6 5 2 9 3]
 [1 0 3 4 2 0 7 5 6]
 [5 0 8 6 9 1 4 7 2]
 [0 6 2 3 7 4 8 1 5]
 [7 1 9 2 5 8 6 3 0]
 [4 7 5 9 0 0 3 2 1]
 [0 3 6 5 4 2 0 8 9]
 [2 9 1 7 8 6 5 4 0]]
Number of cells unfilled: 12
Accuracy: 85.18518518518519
Sample: 12197
Question:
[[8 0 0 2 0 0 0 0 0]
 [0 3 0 0 4 7 0 0 1]
 [0 0 0 9 0 0 4 0 0]
 [0 6 0 0 7 2 0 4 0]
 [0 0 3 0 0 0 7 0 2]
 [0 0 0 5 0 0 0 0 6]
 [0 1 0 0 5 6 2 0 0]
 [6 0 5 4 0 0 0 1 0]
 [3 0 0 0 0 0 0 0 0]]
Solution:
[[6 5 7 8 3 9 1 0 4]
 [8 4 0 1 6 5 2 9 3]
 [1 0 3 4 2 0 7 5 8]
 [5 0 8 6 9 1 4 7 2]
 [9 6 2 3 7 4 8 1 5]
 [7 1 4 2 5 8 6 3 0]
 [4 8 5 9 0 0 3 2 1]
 [0 3 6 5 4 2 0 8 9]
 [2 9 1 7 8 6 5 4 0]]
Number of cells unfilled: 11
Accuracy: 86.41975308641975
Sample: 12198
Question:
[[0 8 0 7 2 0 0 0 0]
 [1 0 3 0 9 0 0 0 2]
 [9 0 0 0 0 0 8 0 5]
 [0 0 4 0 0 0 3 0 8]
 [5 0 0 0 3 0 0 0 0]
 [0 0 0 0 6 4 0 9 0]
 [0 0 0 0 0 0 9 0 0]
 [6 0 9 0 0 0 0 0 1]
 [0 1 0 0 5 0 6 8 3]]
Solution:
[[6 5 7 8 3 9 1 0 4]
 [8 4 0 1 6 5 2 9 3]
 [1 0 3 4 2 0 7 8 6]
 [5 0 8 6 9 1 4 7 2]
 [9 6 2 3 7 4 8 1 5]
 [7 1 4 2 5 8 6 3 0]
 [4 7 5 9 0 0 3 2 1]
 [0 3 0 5 4 2 0 6 9]
 [2 9 1 7 8 6 5 4 0]]
Number of cells unfilled: 12
Accuracy: 85.18518518518519
Sample: 12199
Question:
[[0 9 0 4 0 0 0 5 0]
 [0 0 0 0 5 0 0 0 2]
 [5 0 0 0 0 8 1 0 0]
 [0 7 4 0 0 0 0 0 3]
 [0 6 0 0 0 0 8 0 0]
 [9 0 0 6 0 0 0 7 0]
 [6 0 0 0 0 2 3 0 0]
 [0 0 9 5 0 0 0 4 0]
 [0 0 0 0 1 0 0 0 0]]
Solution:
[[6 5 7 1 3 9 2 8 4]
 [0 4 0 8 6 5 1 9 3]
 [1 8 3 4 2 0 7 5 6]
 [5 0 8 6 9 1 4 7 2]
 [0 6 2 3 7 4 8 1 5]
 [7 1 9 2 5 8 6 3 0]
 [4 7 5 9 0 0 3 2 1]
 [8 3 0 5 4 2 0 6 9]
 [2 9 1 7 8 6 5 4 0]]
Number of cells unfilled: 11
Accuracy: 86.41975308641975
Sample: 12200
Question:
[[6 0 0 0 3 9 0 0 4]
 [0 4 0 0 0 5 0 9 0]
 [0 0 0 4 0 0 7 0 0]
 [0 0 8 0 0 1 0 0 0]
 [0 6 0 3 0 0 0 0 5]
 [7 0 0 0 0 0 6 0 0]
 [0 0 0 0 0 0 0 2 0]
 [0 3 0 5 0 0 0 0 9]
 [2 0 1 0 8 0 0 0 0]]
Solution:
[[6 5 7 1 3 9 2 8 4]
 [0 4 0 7 6 5 1 9 3]
 [1 8 3 4 2 0 7 5 6]
 [5 0 8 6 9 1 4 7 2]
 [9 6 2 3 7 4 8 1 5]
 [7 1 4 2 5 8 6 3 0]
 [8 7 5 9 0 0 3 2 1]
 [0 3 0 5 4 7 0 6 9]
 [2 9 1 0 8 6 5 4 7]]
Number of cells unfilled: 11
Accuracy: 86.41975308641975
