2025-10-22 13:49:55.378783: I tensorflow/core/util/port.cc:153] oneDNN custom operations are on. You may see slightly different numerical results due to floating-point round-off errors from different computation orders. To turn them off, set the environment variable `TF_ENABLE_ONEDNN_OPTS=0`.
2025-10-22 13:49:55.592077: I tensorflow/core/platform/cpu_feature_guard.cc:210] This TensorFlow binary is optimized to use available CPU instructions in performance-critical operations.
To enable the following instructions: AVX2 AVX512F AVX512_VNNI FMA, in other operations, rebuild TensorFlow with the appropriate compiler flags.
2025-10-22 13:50:00.713023: I tensorflow/core/util/port.cc:153] oneDNN custom operations are on. You may see slightly different numerical results due to floating-point round-off errors from different computation orders. To turn them off, set the environment variable `TF_ENABLE_ONEDNN_OPTS=0`.
2025-10-22 13:50:07.168576: E external/local_xla/xla/stream_executor/cuda/cuda_platform.cc:51] failed call to cuInit: INTERNAL: CUDA error: Failed call to cuInit: UNKNOWN ERROR (303)
Sample: 13401
Question:
[[0 0 0 0 8 0 3 0 4]
 [0 8 5 0 0 0 1 0 0]
 [0 2 0 0 0 5 7 0 0]
 [6 0 2 0 0 0 0 0 1]
 [3 4 0 0 1 8 0 0 0]
 [1 0 0 2 0 7 0 4 0]
 [0 0 0 6 0 4 0 9 0]
 [5 0 0 0 3 0 0 0 0]
 [0 0 0 7 0 0 0 0 0]]
Solution:
[[5 3 1 6 8 9 0 4 2]
 [7 0 0 2 4 0 1 3 6]
 [4 0 6 7 5 0 8 9 0]
 [6 8 7 4 9 2 0 5 1]
 [1 4 5 0 7 3 6 8 0]
 [0 2 9 1 6 8 4 7 3]
 [0 1 4 9 3 5 7 2 8]
 [2 9 3 8 0 1 5 6 4]
 [0 6 8 0 2 4 3 1 9]]
Number of cells unfilled: 15
Accuracy: 81.48148148148148
Sample: 13402
Question:
[[0 0 0 8 0 0 0 0 0]
 [0 0 1 0 0 5 0 0 0]
 [0 0 4 0 6 0 5 0 8]
 [0 6 0 0 3 0 9 0 0]
 [0 0 3 1 0 9 0 0 0]
 [4 0 0 6 0 0 1 0 3]
 [7 4 0 0 0 0 0 0 0]
 [0 0 6 2 0 0 0 5 0]
 [0 0 5 0 9 0 6 0 4]]
Solution:
[[5 3 1 6 8 9 0 4 2]
 [7 0 0 2 4 0 0 5 6]
 [4 0 6 7 5 0 8 9 1]
 [6 8 7 4 9 2 1 0 5]
 [1 4 5 0 7 3 6 8 0]
 [0 2 9 1 6 8 4 7 3]
 [0 1 4 9 3 5 7 2 8]
 [2 9 3 8 0 1 5 6 4]
 [0 6 8 0 2 4 3 1 9]]
Number of cells unfilled: 15
Accuracy: 81.48148148148148
Sample: 13403
Question:
[[0 0 2 0 4 0 7 0 0]
 [9 0 0 2 0 0 0 4 0]
 [0 0 1 0 0 8 0 0 5]
 [0 3 0 0 6 0 0 0 0]
 [4 0 0 0 3 0 0 0 0]
 [0 0 9 7 0 4 1 3 0]
 [0 0 0 0 0 7 0 0 0]
 [0 9 0 3 0 0 0 5 0]
 [2 1 0 4 0 0 0 7 0]]
Solution:
[[5 3 1 6 8 9 0 4 2]
 [7 0 0 2 4 0 1 3 6]
 [4 0 6 7 1 0 8 5 0]
 [6 8 7 4 9 2 0 1 5]
 [1 4 5 0 7 3 6 8 9]
 [0 2 9 1 6 8 4 7 3]
 [0 1 4 9 3 5 7 2 8]
 [2 9 3 8 0 1 5 6 4]
 [0 6 8 0 2 4 3 9 1]]
Number of cells unfilled: 14
Accuracy: 82.71604938271605
Sample: 13404
Question:
[[0 1 0 0 0 0 0 0 0]
 [0 9 4 0 0 0 0 0 2]
 [8 0 0 6 0 4 0 0 0]
 [0 0 0 0 1 0 0 5 0]
 [0 0 0 5 0 6 3 0 0]
 [0 5 0 3 4 0 0 0 1]
 [7 0 0 0 0 3 0 1 0]
 [0 6 0 7 0 0 0 8 3]
 [0 0 1 0 6 0 7 0 0]]
Solution:
[[5 3 1 6 8 9 0 4 2]
 [7 0 0 2 4 0 1 3 6]
 [4 0 6 7 1 0 8 9 5]
 [6 8 7 4 9 2 0 5 1]
 [1 4 5 0 7 3 6 8 9]
 [0 2 9 1 6 8 4 7 3]
 [0 1 4 9 3 5 7 2 8]
 [2 9 3 8 0 1 5 6 4]
 [0 6 8 0 2 4 3 1 0]]
Number of cells unfilled: 14
Accuracy: 82.71604938271605
Sample: 13405
Question:
[[0 7 0 0 5 8 3 0 0]
 [0 0 8 0 3 0 9 0 0]
 [3 0 0 4 0 9 0 0 0]
 [0 0 7 0 0 0 6 0 0]
 [0 3 0 0 0 5 0 1 4]
 [4 0 0 0 0 0 0 9 0]
 [0 8 0 0 0 4 0 2 0]
 [7 0 0 0 8 0 4 0 0]
 [0 6 0 5 0 0 0 0 0]]
Solution:
[[5 3 1 6 8 9 0 4 2]
 [7 0 0 2 4 0 1 5 6]
 [4 0 6 7 5 0 8 3 0]
 [6 8 7 4 9 2 0 1 5]
 [1 4 5 0 7 3 6 8 9]
 [0 2 9 1 6 8 4 7 3]
 [0 1 4 9 3 5 7 2 8]
 [2 9 3 8 0 1 5 6 4]
 [0 6 8 0 2 4 3 9 1]]
Number of cells unfilled: 14
Accuracy: 82.71604938271605
Sample: 13406
Question:
[[0 7 0 6 0 0 0 0 1]
 [5 0 0 0 0 4 2 0 0]
 [0 3 0 0 2 0 0 0 0]
 [2 0 0 0 4 0 9 0 0]
 [0 8 0 9 0 0 0 0 2]
 [0 0 0 5 0 0 0 1 0]
 [3 0 0 0 0 9 6 0 0]
 [6 0 0 4 0 0 1 0 9]
 [0 0 0 0 6 0 0 2 3]]
Solution:
[[5 3 1 6 8 9 0 4 2]
 [7 0 0 2 4 0 9 5 6]
 [4 0 6 7 1 0 8 3 0]
 [6 8 7 4 9 2 0 1 5]
 [1 4 5 0 7 3 6 8 9]
 [0 2 9 1 6 8 4 7 3]
 [0 1 4 9 3 5 7 2 8]
 [2 9 3 8 0 1 5 6 4]
 [0 6 8 0 2 4 3 9 1]]
Number of cells unfilled: 14
Accuracy: 82.71604938271605
Sample: 13407
Question:
[[4 0 0 0 0 0 7 1 0]
 [0 0 0 6 0 0 0 8 0]
 [0 0 8 0 7 0 0 0 9]
 [0 0 2 0 5 0 8 0 0]
 [0 8 4 0 2 0 0 9 0]
 [7 5 0 0 0 0 0 0 2]
 [0 4 0 3 0 0 0 2 0]
 [0 0 0 5 0 0 0 0 7]
 [0 0 7 0 1 0 9 0 0]]
Solution:
[[5 3 1 6 8 9 0 4 2]
 [7 0 0 2 4 0 9 3 6]
 [4 0 6 7 1 0 8 5 0]
 [6 8 7 4 9 2 0 1 5]
 [1 4 5 0 7 3 6 8 9]
 [0 2 9 1 6 8 4 7 3]
 [0 1 4 9 3 5 7 2 8]
 [2 9 3 8 0 1 5 6 4]
 [0 6 8 0 2 4 3 9 1]]
Number of cells unfilled: 14
Accuracy: 82.71604938271605
Sample: 13408
Question:
[[0 0 5 6 0 0 4 0 0]
 [1 0 0 0 2 0 0 0 7]
 [0 0 0 0 0 3 0 0 0]
 [0 0 6 0 0 0 0 8 0]
 [4 0 1 8 6 0 0 0 9]
 [2 8 0 0 9 0 0 0 4]
 [0 0 2 0 1 0 9 7 0]
 [7 0 0 0 0 0 0 4 0]
 [0 1 0 0 0 0 0 0 2]]
Solution:
[[5 3 1 6 8 9 0 4 2]
 [7 0 0 2 4 0 9 5 6]
 [4 0 6 7 5 0 8 3 0]
 [6 8 7 4 9 2 0 1 5]
 [1 4 5 0 7 3 6 8 9]
 [0 2 9 1 6 8 4 7 3]
 [0 1 4 9 3 5 7 2 8]
 [2 9 3 8 0 1 5 6 4]
 [0 6 8 0 2 4 3 9 1]]
Number of cells unfilled: 14
Accuracy: 82.71604938271605
Sample: 13409
Question:
[[0 2 0 4 0 0 0 0 7]
 [7 0 0 0 0 0 0 5 0]
 [0 0 3 0 7 0 4 0 0]
 [0 0 2 0 9 4 0 0 6]
 [0 9 0 0 3 6 0 0 0]
 [0 0 0 2 0 0 0 0 0]
 [0 0 9 0 0 1 8 0 0]
 [0 3 5 9 0 0 0 0 4]
 [0 6 0 3 0 0 0 0 9]]
Solution:
[[5 3 1 6 8 9 0 4 2]
 [7 0 0 2 4 0 9 5 6]
 [4 0 6 7 1 0 8 3 0]
 [6 8 7 4 9 2 0 1 5]
 [1 4 5 0 7 3 6 8 9]
 [0 2 9 1 6 8 4 7 3]
 [0 1 4 9 3 5 7 2 8]
 [2 9 3 8 0 1 5 6 4]
 [0 6 8 0 2 4 3 9 1]]
Number of cells unfilled: 14
Accuracy: 82.71604938271605
Sample: 13410
Question:
[[5 4 0 2 0 0 0 0 0]
 [0 0 7 0 9 0 5 0 4]
 [9 1 0 0 0 0 0 8 0]
 [0 5 0 0 7 0 4 0 1]
 [7 0 0 4 0 0 6 0 0]
 [0 0 0 0 0 2 8 0 0]
 [1 0 0 0 2 0 9 0 5]
 [0 0 0 0 0 6 0 0 0]
 [0 0 0 9 0 0 0 3 0]]
Solution:
[[5 3 1 6 8 9 0 4 2]
 [7 0 0 2 4 0 1 5 6]
 [4 0 6 7 5 0 8 3 0]
 [6 8 7 4 9 2 0 1 5]
 [1 4 5 0 7 3 6 8 9]
 [0 2 9 1 6 8 4 7 3]
 [0 1 4 9 3 5 7 2 8]
 [2 9 3 8 0 1 5 6 4]
 [0 6 8 0 2 4 3 9 1]]
Number of cells unfilled: 14
Accuracy: 82.71604938271605
Sample: 13411
Question:
[[0 0 7 0 4 9 8 2 5]
 [0 0 0 0 0 0 9 0 0]
 [9 0 0 5 2 0 0 7 0]
 [0 8 0 1 7 0 0 0 4]
 [0 0 0 0 0 0 6 3 7]
 [0 0 0 0 0 4 0 0 0]
 [3 9 0 0 0 0 4 0 0]
 [5 7 0 0 0 0 0 0 0]
 [0 0 0 0 0 2 0 8 0]]
Solution:
[[5 3 1 6 8 9 0 4 2]
 [7 0 0 2 4 0 1 9 6]
 [4 0 6 7 5 0 8 3 0]
 [6 8 7 4 9 2 0 5 1]
 [1 4 5 0 7 3 6 8 0]
 [0 2 9 1 6 8 4 7 3]
 [0 1 4 9 3 5 7 2 8]
 [2 9 3 8 0 1 5 6 4]
 [0 6 8 0 2 4 3 1 9]]
Number of cells unfilled: 15
Accuracy: 81.48148148148148
Sample: 13412
Question:
[[0 4 0 1 0 0 0 0 6]
 [0 0 1 0 0 0 0 9 0]
 [0 9 0 0 7 4 0 0 0]
 [0 0 8 0 0 6 0 0 0]
 [0 6 2 9 0 0 3 0 0]
 [4 0 0 0 5 8 0 0 0]
 [0 0 9 0 0 2 7 3 0]
 [0 8 0 0 0 0 0 6 0]
 [0 0 3 0 0 0 2 0 8]]
Solution:
[[5 3 1 6 8 9 0 4 2]
 [7 0 0 2 4 0 1 9 6]
 [4 0 6 7 5 0 8 3 0]
 [6 8 7 4 9 2 0 5 1]
 [1 4 5 0 7 3 6 8 0]
 [0 2 9 1 6 8 4 7 3]
 [0 1 4 9 3 5 7 2 8]
 [2 9 3 8 0 1 5 6 4]
 [0 6 8 0 2 4 3 1 9]]
Number of cells unfilled: 15
Accuracy: 81.48148148148148
Sample: 13413
Question:
[[5 0 0 1 8 0 0 3 0]
 [0 0 0 0 0 2 7 0 0]
 [0 9 0 6 0 0 0 1 0]
 [0 0 0 0 0 6 0 4 7]
 [0 0 3 0 0 0 0 2 0]
 [6 0 0 0 0 0 3 0 0]
 [0 0 4 0 0 3 2 0 0]
 [8 0 0 5 0 0 0 0 0]
 [0 1 0 0 9 0 0 0 0]]
Solution:
[[5 3 1 6 8 9 0 4 2]
 [7 0 0 2 4 0 1 3 6]
 [4 0 6 7 1 0 8 9 5]
 [6 8 7 4 9 2 0 5 1]
 [1 4 5 0 7 3 6 8 0]
 [0 2 9 1 6 8 4 7 3]
 [0 1 4 9 3 5 7 2 8]
 [2 9 3 8 0 1 5 6 4]
 [0 6 8 0 2 4 3 1 9]]
Number of cells unfilled: 14
Accuracy: 82.71604938271605
Sample: 13414
Question:
[[8 0 1 7 5 0 0 0 0]
 [0 4 0 0 0 1 5 0 0]
 [0 0 0 4 9 0 0 0 0]
 [0 0 8 1 0 0 0 0 3]
 [0 0 6 0 0 0 0 2 0]
 [0 5 0 9 0 0 1 0 0]
 [0 0 4 0 1 0 7 0 0]
 [0 0 3 0 0 9 0 0 6]
 [2 0 0 0 0 0 0 8 0]]
Solution:
[[5 3 1 6 8 9 0 4 2]
 [7 0 0 2 4 0 9 5 6]
 [4 0 6 7 5 0 8 1 0]
 [6 8 7 4 9 2 1 0 5]
 [1 4 5 0 7 3 6 8 9]
 [0 2 9 1 6 8 4 7 3]
 [0 1 4 9 3 5 7 2 8]
 [2 9 3 8 0 1 5 6 4]
 [0 6 8 0 2 4 3 9 1]]
Number of cells unfilled: 14
Accuracy: 82.71604938271605
Sample: 13415
Question:
[[0 4 0 8 3 0 0 0 1]
 [2 0 0 0 1 7 0 6 4]
 [9 0 5 2 0 0 7 0 0]
 [0 2 0 0 0 4 3 8 6]
 [0 0 0 5 8 0 0 1 0]
 [1 0 0 0 0 0 0 2 0]
 [0 0 0 0 0 3 8 7 2]
 [6 0 0 0 9 0 0 0 0]
 [0 3 7 0 0 1 0 5 0]]
Solution:
[[5 3 1 6 8 9 0 4 2]
 [7 0 0 2 4 0 0 9 6]
 [4 0 6 7 1 0 8 3 0]
 [6 8 7 4 9 2 1 0 5]
 [1 4 5 0 7 3 6 8 0]
 [0 2 9 1 6 8 4 7 3]
 [0 1 4 9 3 5 7 2 8]
 [2 9 3 8 0 1 5 6 4]
 [0 6 8 0 2 4 3 1 9]]
Number of cells unfilled: 16
Accuracy: 80.24691358024691
Sample: 13416
Question:
[[2 0 0 0 6 0 0 4 0]
 [0 0 6 4 7 0 2 8 0]
 [0 0 0 0 0 1 9 0 0]
 [1 0 0 0 0 9 0 5 8]
 [0 3 0 0 0 0 0 0 0]
 [0 4 0 0 2 0 0 9 0]
 [0 0 3 0 0 0 0 0 0]
 [0 0 0 0 0 5 0 2 4]
 [9 0 7 0 0 0 0 0 0]]
Solution:
[[5 3 1 6 8 9 0 4 2]
 [7 0 0 2 4 0 9 5 6]
 [4 0 6 7 5 0 8 3 0]
 [6 8 7 4 9 2 0 1 5]
 [1 4 5 0 7 3 6 8 9]
 [0 2 9 1 6 8 4 7 3]
 [0 1 4 9 3 5 7 2 8]
 [2 9 3 8 0 1 5 6 4]
 [0 6 8 0 2 4 3 9 1]]
Number of cells unfilled: 14
Accuracy: 82.71604938271605
Sample: 13417
Question:
[[0 0 0 5 0 0 0 0 3]
 [6 0 7 0 9 0 0 2 0]
 [0 5 0 0 0 0 9 0 0]
 [0 0 8 0 0 3 1 0 0]
 [4 0 0 0 2 0 0 8 0]
 [0 7 1 0 8 0 0 0 0]
 [0 8 6 0 0 9 0 4 0]
 [0 4 0 0 7 0 0 0 6]
 [7 0 0 0 0 0 2 0 0]]
Solution:
[[5 3 1 6 8 9 0 4 2]
 [7 0 0 2 4 0 1 9 6]
 [4 0 6 7 1 0 8 3 5]
 [6 8 7 4 9 2 0 5 1]
 [1 4 5 0 7 3 6 8 9]
 [0 2 9 1 6 8 4 7 3]
 [0 1 4 9 3 5 7 2 8]
 [2 9 3 8 0 1 5 6 4]
 [0 6 8 0 2 4 3 1 0]]
Number of cells unfilled: 14
Accuracy: 82.71604938271605
Sample: 13418
Question:
[[8 0 0 0 0 9 1 7 0]
 [0 0 0 0 2 0 5 0 0]
 [0 0 0 4 5 1 0 3 8]
 [0 0 1 0 0 0 0 0 4]
 [0 0 6 3 0 8 0 0 0]
 [2 0 7 1 0 0 0 0 0]
 [7 0 0 0 0 6 2 1 0]
 [0 0 8 0 0 4 6 0 0]
 [0 0 0 0 0 0 0 0 0]]
Solution:
[[5 3 1 6 8 9 0 4 2]
 [7 0 0 2 4 0 1 9 6]
 [4 0 6 7 5 0 8 3 0]
 [6 8 7 4 9 2 0 5 1]
 [1 4 5 0 7 3 6 8 0]
 [0 2 9 1 6 8 4 7 3]
 [0 1 4 9 3 5 7 2 8]
 [2 9 3 8 0 1 5 6 4]
 [0 6 8 0 2 4 3 1 9]]
Number of cells unfilled: 15
Accuracy: 81.48148148148148
Sample: 13419
Question:
[[0 7 0 0 0 6 0 5 0]
 [1 0 0 0 3 0 7 0 0]
 [0 0 2 7 0 0 0 0 9]
 [3 0 0 0 9 0 0 0 8]
 [0 0 4 0 0 0 1 0 0]
 [0 0 0 0 0 5 0 9 0]
 [4 0 0 2 0 0 9 0 0]
 [0 0 9 0 8 0 0 0 7]
 [0 1 0 0 0 0 0 6 0]]
Solution:
[[5 3 1 6 8 9 0 4 2]
 [7 0 0 2 4 0 1 9 6]
 [4 0 6 7 1 0 8 3 5]
 [6 8 7 4 9 2 0 5 1]
 [1 4 5 0 7 3 6 8 0]
 [0 2 9 1 6 8 4 7 3]
 [0 1 4 9 3 5 7 2 8]
 [2 9 3 8 0 1 5 6 4]
 [0 6 8 0 2 4 3 1 9]]
Number of cells unfilled: 14
Accuracy: 82.71604938271605
Sample: 13420
Question:
[[0 2 0 0 3 0 0 0 1]
 [0 0 0 0 0 5 8 0 0]
 [0 0 8 0 0 0 4 9 0]
 [4 6 0 7 0 0 0 2 5]
 [0 3 5 0 0 0 1 0 4]
 [0 0 0 0 0 0 0 0 0]
 [0 0 0 5 8 0 7 0 0]
 [0 0 3 4 0 0 0 1 0]
 [0 0 2 0 0 0 0 4 0]]
Solution:
[[5 3 1 6 8 9 0 4 2]
 [7 0 0 2 4 0 1 3 6]
 [4 0 6 7 1 0 8 5 0]
 [6 8 7 4 9 2 0 1 5]
 [1 4 5 0 7 3 6 8 9]
 [0 2 9 1 6 8 4 7 3]
 [0 1 4 9 3 5 7 2 8]
 [2 9 3 8 0 1 5 6 4]
 [0 6 8 0 2 4 3 9 1]]
Number of cells unfilled: 14
Accuracy: 82.71604938271605
Sample: 13421
Question:
[[7 0 0 0 0 6 0 9 0]
 [0 3 0 0 8 0 0 0 7]
 [9 0 8 0 0 0 0 5 0]
 [0 0 0 2 0 0 5 0 0]
 [0 0 7 0 1 0 0 0 2]
 [0 2 0 8 0 4 0 1 0]
 [2 0 0 0 3 0 0 0 1]
 [0 0 3 0 9 0 6 0 0]
 [0 0 1 4 0 0 0 0 0]]
Solution:
[[5 3 1 6 8 9 0 4 2]
 [7 0 0 2 4 0 9 1 6]
 [4 0 6 7 1 0 8 3 0]
 [6 8 7 4 9 2 1 0 5]
 [1 4 5 0 7 3 6 8 9]
 [0 2 9 1 6 8 4 7 3]
 [0 1 4 9 3 5 7 2 8]
 [2 9 3 8 0 1 5 6 4]
 [0 6 8 0 2 4 3 9 1]]
Number of cells unfilled: 14
Accuracy: 82.71604938271605
Sample: 13422
Question:
[[1 0 0 0 0 4 3 0 0]
 [2 0 0 0 0 8 0 4 0]
 [0 0 0 6 0 0 0 0 1]
 [0 0 0 0 7 0 0 8 0]
 [0 0 0 0 0 3 5 0 0]
 [0 4 0 1 0 0 0 0 6]
 [0 0 9 0 0 7 0 0 0]
 [0 0 6 0 0 0 0 5 0]
 [4 0 0 2 0 0 0 0 9]]
Solution:
[[5 3 1 6 8 9 0 4 2]
 [7 0 0 2 4 0 9 1 6]
 [4 0 6 7 1 0 8 5 0]
 [6 8 7 4 9 2 1 0 5]
 [1 4 5 0 7 3 6 8 9]
 [0 2 9 1 6 8 4 7 3]
 [0 1 4 9 3 5 7 2 8]
 [2 9 3 8 0 1 5 6 4]
 [0 6 8 0 2 4 3 9 1]]
Number of cells unfilled: 14
Accuracy: 82.71604938271605
Sample: 13423
Question:
[[7 0 0 0 4 0 0 0 3]
 [0 0 3 0 0 8 4 0 0]
 [0 0 6 0 0 0 1 0 0]
 [0 0 0 5 0 0 0 0 7]
 [1 0 0 0 2 0 3 0 0]
 [0 0 9 0 0 0 0 0 2]
 [4 0 0 0 7 0 0 3 0]
 [0 0 8 0 0 5 0 0 0]
 [0 9 0 6 0 0 0 0 0]]
Solution:
[[5 3 1 6 8 9 0 4 2]
 [7 0 0 2 4 0 9 3 6]
 [4 0 6 7 1 0 8 5 0]
 [6 8 7 4 9 2 0 1 5]
 [1 4 5 0 7 3 6 8 9]
 [0 2 9 1 6 8 4 7 3]
 [0 1 4 9 3 5 7 2 8]
 [2 9 3 8 0 1 5 6 4]
 [0 6 8 0 2 4 3 9 1]]
Number of cells unfilled: 14
Accuracy: 82.71604938271605
Sample: 13424
Question:
[[0 0 0 0 0 2 0 6 0]
 [0 0 0 0 1 0 0 0 0]
 [0 5 0 9 0 3 0 0 2]
 [0 2 0 7 3 0 0 0 8]
 [0 0 4 0 0 0 0 0 0]
 [8 7 0 2 0 0 0 0 9]
 [0 9 0 0 0 0 2 8 0]
 [7 0 0 0 0 9 0 0 5]
 [0 0 5 8 0 0 0 0 0]]
Solution:
[[5 3 1 6 8 9 0 4 2]
 [7 0 0 2 4 0 1 9 6]
 [4 0 6 7 5 0 8 3 0]
 [6 8 7 4 9 2 0 5 1]
 [1 4 5 0 7 3 6 8 9]
 [0 2 9 1 6 8 4 7 3]
 [0 1 4 9 3 5 7 2 8]
 [2 9 3 8 0 1 5 6 4]
 [0 6 8 0 2 4 3 1 0]]
Number of cells unfilled: 15
Accuracy: 81.48148148148148
Sample: 13425
Question:
[[0 0 3 0 0 0 0 0 0]
 [6 0 0 0 0 0 9 0 0]
 [0 5 0 6 7 0 0 3 4]
 [0 0 0 0 0 2 7 0 0]
 [0 7 0 5 9 0 0 4 0]
 [8 0 0 7 0 0 0 0 0]
 [0 1 0 9 5 0 0 0 0]
 [4 0 0 0 1 6 0 5 0]
 [0 0 0 4 0 0 0 9 1]]
Solution:
[[5 3 1 6 8 9 0 4 2]
 [7 0 0 2 4 0 1 5 6]
 [4 0 6 7 1 0 8 3 0]
 [6 8 7 4 9 2 0 1 5]
 [1 4 5 0 7 3 6 8 9]
 [0 2 9 1 6 8 4 7 3]
 [0 1 4 9 3 5 7 2 8]
 [2 9 3 8 0 1 5 6 4]
 [0 6 8 0 2 4 3 9 1]]
Number of cells unfilled: 14
Accuracy: 82.71604938271605
Sample: 13426
Question:
[[4 0 8 0 3 0 0 7 5]
 [3 0 0 0 0 0 0 0 1]
 [0 0 0 2 0 0 8 0 0]
 [0 0 1 0 0 4 0 0 0]
 [0 4 0 0 0 7 3 1 0]
 [0 0 3 0 0 0 0 8 0]
 [0 0 0 4 0 1 5 0 0]
 [0 8 0 0 2 0 9 0 0]
 [0 6 2 9 0 0 0 0 0]]
Solution:
[[5 3 1 6 8 9 0 4 2]
 [7 0 0 2 4 0 9 5 6]
 [4 0 6 7 5 0 8 3 0]
 [6 8 7 4 9 2 1 0 5]
 [1 4 5 0 7 3 6 8 9]
 [0 2 9 1 6 8 4 7 3]
 [0 1 4 9 3 5 7 2 8]
 [2 9 3 8 0 1 5 6 4]
 [0 6 8 0 2 4 3 9 1]]
Number of cells unfilled: 14
Accuracy: 82.71604938271605
Sample: 13427
Question:
[[9 0 0 0 0 4 0 3 0]
 [5 4 0 0 3 0 0 0 7]
 [0 0 3 7 0 0 0 0 0]
 [0 0 0 1 0 0 8 0 0]
 [0 9 0 0 0 2 0 0 6]
 [0 0 4 0 7 0 0 5 0]
 [0 0 9 0 5 0 0 0 0]
 [4 0 0 6 0 0 1 0 0]
 [0 8 0 0 0 0 0 0 2]]
Solution:
[[5 3 1 6 8 9 0 4 2]
 [7 0 0 2 4 0 1 5 6]
 [4 0 6 7 5 0 8 3 0]
 [6 8 7 4 9 2 0 1 5]
 [1 4 5 0 7 3 6 8 9]
 [0 2 9 1 6 8 4 7 3]
 [0 1 4 9 3 5 7 2 8]
 [2 9 3 8 0 1 5 6 4]
 [0 6 8 0 2 4 3 9 1]]
Number of cells unfilled: 14
Accuracy: 82.71604938271605
Sample: 13428
Question:
[[0 9 0 0 0 4 0 0 0]
 [1 0 0 9 0 0 2 4 0]
 [0 0 0 0 7 0 5 0 0]
 [0 6 0 0 0 1 0 8 0]
 [0 0 0 6 4 0 9 0 3]
 [0 0 0 0 0 0 7 0 5]
 [0 0 7 0 0 0 0 0 0]
 [0 8 0 3 9 0 0 0 0]
 [0 0 9 0 5 7 6 0 0]]
Solution:
[[5 3 1 6 8 9 0 4 2]
 [7 0 0 2 4 0 9 5 6]
 [4 0 6 7 5 0 8 3 1]
 [6 8 7 4 9 2 1 0 5]
 [1 4 5 0 7 3 6 8 0]
 [0 2 9 1 6 8 4 7 3]
 [0 1 4 9 3 5 7 2 8]
 [2 9 3 8 0 1 5 6 4]
 [0 6 8 0 2 4 3 1 9]]
Number of cells unfilled: 14
Accuracy: 82.71604938271605
Sample: 13429
Question:
[[9 0 7 0 0 5 4 0 0]
 [1 0 0 2 4 0 0 0 0]
 [0 0 0 8 0 0 0 0 2]
 [0 0 0 0 6 0 0 1 5]
 [0 0 0 0 8 0 0 0 0]
 [0 0 4 0 5 0 0 8 0]
 [2 4 0 0 0 0 0 9 0]
 [3 5 0 0 0 0 2 0 6]
 [0 0 0 9 0 0 0 0 0]]
Solution:
[[5 3 1 6 8 9 0 4 2]
 [7 0 0 2 4 0 9 3 6]
 [4 0 6 7 5 0 8 1 0]
 [6 8 7 4 9 2 1 0 5]
 [1 4 5 0 7 3 6 8 9]
 [0 2 9 1 6 8 4 7 3]
 [0 1 4 9 3 5 7 2 8]
 [2 9 3 8 0 1 5 6 4]
 [0 6 8 0 2 4 3 9 1]]
Number of cells unfilled: 14
Accuracy: 82.71604938271605
Sample: 13430
Question:
[[0 9 0 0 4 0 6 0 0]
 [2 0 7 0 0 8 0 0 0]
 [0 0 0 0 9 0 0 0 8]
 [0 0 0 0 0 0 9 0 6]
 [0 4 0 0 0 6 0 3 0]
 [1 7 0 0 2 0 0 0 0]
 [0 0 0 0 1 0 5 0 0]
 [4 3 0 0 6 0 0 0 1]
 [0 0 0 0 0 2 7 6 9]]
Solution:
[[5 3 1 6 8 9 0 4 2]
 [7 0 0 2 4 0 9 3 6]
 [4 0 6 7 5 0 8 1 0]
 [6 8 7 4 9 2 1 0 5]
 [1 4 5 0 7 3 6 8 9]
 [0 2 9 1 6 8 4 7 3]
 [0 1 4 9 3 5 7 2 8]
 [2 9 3 8 0 1 5 6 4]
 [0 6 8 0 2 4 3 9 1]]
Number of cells unfilled: 14
Accuracy: 82.71604938271605
Sample: 13431
Question:
[[0 4 0 0 0 3 0 2 0]
 [1 0 0 0 4 0 0 0 5]
 [0 0 8 0 0 0 7 0 0]
 [2 0 0 0 0 9 0 0 8]
 [0 5 0 0 6 0 0 1 0]
 [0 0 3 4 0 0 0 0 0]
 [4 0 1 0 0 5 0 6 0]
 [0 8 0 0 1 0 0 0 9]
 [0 0 7 2 0 0 0 0 0]]
Solution:
[[5 3 1 6 8 9 0 4 2]
 [7 0 0 2 4 0 0 9 6]
 [4 0 6 7 1 0 8 5 0]
 [6 8 7 4 9 2 1 0 5]
 [1 4 5 0 7 3 6 8 0]
 [0 2 9 1 6 8 4 7 3]
 [0 1 4 9 3 5 7 2 8]
 [2 9 3 8 0 1 5 6 4]
 [0 6 8 0 2 4 3 1 9]]
Number of cells unfilled: 16
Accuracy: 80.24691358024691
Sample: 13432
Question:
[[0 9 0 5 0 0 4 8 0]
 [3 0 0 0 0 0 0 0 0]
 [0 0 0 0 0 2 0 7 9]
 [0 0 0 9 0 5 0 0 4]
 [1 0 0 8 0 4 0 0 0]
 [0 5 0 0 2 0 8 9 0]
 [0 0 0 2 0 0 0 4 7]
 [0 0 6 0 0 0 0 0 0]
 [0 4 0 0 0 8 9 2 0]]
Solution:
[[5 3 1 6 8 9 0 4 2]
 [7 0 0 2 4 0 9 3 6]
 [4 0 6 7 1 0 8 5 0]
 [6 8 7 4 9 2 0 1 5]
 [1 4 5 0 7 3 6 8 9]
 [0 2 9 1 6 8 4 7 3]
 [0 1 4 9 3 5 7 2 8]
 [2 9 3 8 0 1 5 6 4]
 [0 6 8 0 2 4 3 9 1]]
Number of cells unfilled: 14
Accuracy: 82.71604938271605
Sample: 13433
Question:
[[1 0 2 0 5 8 0 0 0]
 [0 0 0 0 6 1 5 0 0]
 [0 6 0 3 0 0 0 8 0]
 [0 5 0 0 8 0 0 1 3]
 [4 0 0 0 0 0 0 0 0]
 [0 0 0 0 0 3 7 0 5]
 [0 0 9 0 0 0 0 0 0]
 [0 0 0 0 3 0 1 0 7]
 [0 1 0 0 0 6 0 5 8]]
Solution:
[[5 3 1 6 8 9 0 4 2]
 [7 0 0 2 4 0 1 5 6]
 [4 0 6 7 5 0 8 3 0]
 [6 8 7 4 9 2 0 1 5]
 [1 4 5 0 7 3 6 8 9]
 [0 2 9 1 6 8 4 7 3]
 [0 1 4 9 3 5 7 2 8]
 [2 9 3 8 0 1 5 6 4]
 [0 6 8 0 2 4 3 9 1]]
Number of cells unfilled: 14
Accuracy: 82.71604938271605
Sample: 13434
Question:
[[0 8 0 1 0 0 5 0 0]
 [0 0 0 0 0 0 0 4 9]
 [1 0 0 0 4 0 0 3 0]
 [0 4 0 8 0 9 0 5 0]
 [0 3 0 6 0 0 0 0 0]
 [0 1 0 0 0 0 6 8 0]
 [0 0 0 0 7 0 0 0 0]
 [3 5 0 0 8 0 0 0 2]
 [8 0 9 4 5 0 0 6 0]]
Solution:
[[5 3 1 6 8 9 0 4 2]
 [7 0 0 2 4 0 1 3 6]
 [4 0 6 7 1 0 8 5 0]
 [6 8 7 4 9 2 0 1 5]
 [1 4 5 0 7 3 6 8 9]
 [0 2 9 1 6 8 4 7 3]
 [0 1 4 9 3 5 7 2 8]
 [2 9 3 8 0 1 5 6 4]
 [0 6 8 0 2 4 3 9 1]]
Number of cells unfilled: 14
Accuracy: 82.71604938271605
Sample: 13435
Question:
[[0 0 0 1 0 4 5 7 0]
 [0 0 0 0 0 6 0 3 0]
 [4 0 0 0 8 0 0 0 6]
 [0 9 0 0 1 0 0 0 0]
 [0 0 0 2 0 0 0 5 0]
 [3 0 2 0 0 8 0 0 1]
 [0 3 0 0 0 0 0 0 0]
 [2 0 0 4 0 0 0 0 5]
 [1 0 0 8 6 0 0 0 3]]
Solution:
[[5 3 1 6 8 9 0 4 2]
 [7 0 0 2 4 0 1 9 6]
 [4 0 6 7 5 0 8 3 0]
 [6 8 7 4 9 2 0 5 1]
 [1 4 5 0 7 3 6 8 9]
 [0 2 9 1 6 8 4 7 3]
 [0 1 4 9 3 5 7 2 8]
 [2 9 3 8 0 1 5 6 4]
 [0 6 8 0 2 4 3 1 0]]
Number of cells unfilled: 15
Accuracy: 81.48148148148148
Sample: 13436
Question:
[[0 3 0 0 2 0 8 0 0]
 [6 0 0 0 0 0 0 9 3]
 [1 0 0 0 0 0 0 2 5]
 [0 5 0 0 9 0 0 0 8]
 [0 0 0 0 0 7 0 5 0]
 [0 0 1 0 0 4 9 0 0]
 [0 9 0 0 3 0 0 8 0]
 [3 0 0 0 0 6 0 0 0]
 [0 0 7 4 0 0 0 0 0]]
Solution:
[[5 3 1 6 8 9 0 4 2]
 [7 0 0 2 4 0 0 5 6]
 [4 0 6 7 1 0 8 9 0]
 [6 8 7 4 9 2 1 0 5]
 [1 4 5 0 7 3 6 8 0]
 [0 2 9 1 6 8 4 7 3]
 [0 1 4 9 3 5 7 2 8]
 [2 9 3 8 0 1 5 6 4]
 [0 6 8 0 2 4 3 1 9]]
Number of cells unfilled: 16
Accuracy: 80.24691358024691
Sample: 13437
Question:
[[0 0 0 6 0 0 3 0 2]
 [0 0 0 0 8 0 5 0 0]
 [0 1 0 4 0 0 7 0 0]
 [1 8 7 0 4 0 0 0 0]
 [2 0 0 0 0 8 0 0 9]
 [0 9 5 0 0 0 0 0 0]
 [0 0 0 2 0 0 9 0 4]
 [6 0 9 0 7 0 0 0 0]
 [0 3 0 0 6 0 0 5 0]]
Solution:
[[5 3 1 6 8 9 0 4 2]
 [7 0 0 2 4 0 9 5 6]
 [4 0 6 7 5 0 8 3 0]
 [6 8 7 4 9 2 0 1 5]
 [1 4 5 0 7 3 6 8 9]
 [0 2 9 1 6 8 4 7 3]
 [0 1 4 9 3 5 7 2 8]
 [2 9 3 8 0 1 5 6 4]
 [0 6 8 0 2 4 3 9 1]]
Number of cells unfilled: 14
Accuracy: 82.71604938271605
Sample: 13438
Question:
[[0 0 0 0 4 0 0 9 0]
 [8 0 0 0 0 9 0 0 6]
 [0 9 0 2 0 0 0 0 0]
 [5 0 0 0 0 0 7 0 0]
 [0 0 3 0 5 0 0 0 8]
 [0 6 0 0 0 8 0 4 0]
 [1 0 8 0 0 0 0 0 3]
 [0 2 0 0 0 4 0 8 0]
 [0 0 7 1 0 0 0 0 0]]
Solution:
[[5 3 1 6 8 9 0 4 2]
 [7 0 0 2 4 0 1 5 6]
 [4 0 6 7 1 0 8 3 0]
 [6 8 7 4 9 2 0 1 5]
 [1 4 5 0 7 3 6 8 9]
 [0 2 9 1 6 8 4 7 3]
 [0 1 4 9 3 5 7 2 8]
 [2 9 3 8 0 1 5 6 4]
 [0 6 8 0 2 4 3 9 1]]
Number of cells unfilled: 14
Accuracy: 82.71604938271605
Sample: 13439
Question:
[[0 5 0 0 0 0 0 8 0]
 [0 0 3 4 0 0 7 0 0]
 [0 0 0 0 8 0 0 0 9]
 [0 0 1 0 0 4 0 0 0]
 [0 0 0 0 7 0 1 0 0]
 [0 6 0 1 0 0 0 3 0]
 [9 0 0 0 0 0 3 2 0]
 [0 0 4 3 0 0 6 0 0]
 [0 3 0 0 0 2 0 0 5]]
Solution:
[[5 3 1 6 8 9 0 4 2]
 [7 0 0 2 4 0 9 5 6]
 [4 0 6 7 5 0 8 3 0]
 [6 8 7 4 9 2 1 0 5]
 [1 4 5 0 7 3 6 8 9]
 [0 2 9 1 6 8 4 7 3]
 [0 1 4 9 3 5 7 2 8]
 [2 9 3 8 0 1 5 6 4]
 [0 6 8 0 2 4 3 9 1]]
Number of cells unfilled: 14
Accuracy: 82.71604938271605
Sample: 13440
Question:
[[4 0 0 5 0 0 9 0 0]
 [0 5 0 0 6 0 0 0 0]
 [0 0 7 0 0 2 0 0 5]
 [0 3 5 0 0 0 0 8 0]
 [7 0 0 0 0 0 0 0 2]
 [0 0 2 1 0 0 0 5 0]
 [0 0 0 9 0 0 0 6 0]
 [0 0 0 0 1 0 8 0 0]
 [0 7 0 0 5 4 0 0 3]]
Solution:
[[5 3 1 6 8 9 0 4 2]
 [7 0 0 2 4 0 9 3 6]
 [4 0 6 7 5 0 8 1 0]
 [6 8 7 4 9 2 0 5 1]
 [1 4 5 0 7 3 6 8 9]
 [0 2 9 1 6 8 4 7 3]
 [0 1 4 9 3 5 7 2 8]
 [2 9 3 8 0 1 5 6 4]
 [0 6 8 0 2 4 3 9 0]]
Number of cells unfilled: 15
Accuracy: 81.48148148148148
Sample: 13441
Question:
[[3 0 0 9 0 0 8 5 0]
 [0 0 0 0 0 4 0 0 9]
 [0 0 9 0 8 0 1 0 0]
 [0 0 0 0 0 0 0 0 0]
 [0 9 0 0 5 0 6 0 0]
 [0 0 3 4 0 8 0 0 5]
 [2 0 0 8 7 0 0 0 0]
 [0 7 0 0 0 6 0 2 0]
 [0 0 1 0 0 2 0 0 8]]
Solution:
[[5 3 1 6 8 9 0 4 2]
 [7 0 0 2 4 0 9 5 6]
 [4 0 6 7 5 0 8 3 0]
 [6 8 7 4 9 2 0 1 5]
 [1 4 5 0 7 3 6 8 9]
 [0 2 9 1 6 8 4 7 3]
 [0 1 4 9 3 5 7 2 8]
 [2 9 3 8 0 1 5 6 4]
 [0 6 8 0 2 4 3 9 1]]
Number of cells unfilled: 14
Accuracy: 82.71604938271605
Sample: 13442
Question:
[[0 0 0 0 0 0 2 0 0]
 [0 0 0 0 1 0 0 0 9]
 [0 0 1 0 6 7 0 0 0]
 [0 0 0 3 0 0 0 4 0]
 [2 0 0 0 0 0 0 7 0]
 [0 7 0 0 0 0 0 0 0]
 [0 0 0 0 0 0 5 1 0]
 [0 9 0 2 0 3 0 0 0]
 [0 0 0 5 0 0 0 0 0]]
Solution:
[[5 3 1 6 8 9 0 4 2]
 [7 0 0 2 4 0 1 3 6]
 [4 0 6 7 1 0 8 5 0]
 [6 8 7 4 9 2 0 1 5]
 [1 4 5 0 7 3 6 8 9]
 [0 2 9 1 6 8 4 7 3]
 [0 1 4 9 3 5 7 2 8]
 [2 9 3 8 0 1 5 6 4]
 [0 6 8 0 2 4 3 9 1]]
Number of cells unfilled: 14
Accuracy: 82.71604938271605
Sample: 13443
Question:
[[3 0 0 0 0 0 0 5 0]
 [0 0 0 0 0 6 0 0 4]
 [0 1 0 9 0 0 7 0 0]
 [0 9 0 0 1 2 0 0 5]
 [1 0 0 7 0 0 2 0 0]
 [0 0 0 0 0 4 0 8 0]
 [2 7 0 0 0 0 0 0 8]
 [9 3 0 0 6 0 0 0 0]
 [0 0 1 2 0 0 3 0 0]]
Solution:
[[5 3 1 6 8 9 0 4 2]
 [7 0 0 2 4 0 1 9 6]
 [4 0 6 7 1 0 8 3 5]
 [6 8 7 4 9 2 0 5 1]
 [1 4 5 0 7 3 6 8 0]
 [0 2 9 1 6 8 4 7 3]
 [0 1 4 9 3 5 7 2 8]
 [2 9 3 8 0 1 5 6 4]
 [0 6 8 0 2 4 3 1 9]]
Number of cells unfilled: 14
Accuracy: 82.71604938271605
Sample: 13444
Question:
[[0 0 3 0 0 0 2 0 4]
 [8 1 0 0 0 0 0 0 0]
 [0 0 0 6 8 0 7 0 3]
 [5 0 0 0 0 0 0 0 9]
 [0 0 0 3 7 0 0 0 0]
 [7 4 0 0 0 0 0 0 0]
 [1 8 0 0 9 0 0 0 0]
 [3 0 0 1 0 0 8 0 5]
 [0 9 0 7 0 0 0 4 0]]
Solution:
[[5 3 1 6 8 9 0 4 2]
 [7 0 0 2 4 0 9 5 6]
 [4 0 6 7 5 0 8 3 0]
 [6 8 7 4 9 2 0 1 5]
 [1 4 5 0 7 3 6 8 9]
 [0 2 9 1 6 8 4 7 3]
 [0 1 4 9 3 5 7 2 8]
 [2 9 3 8 0 1 5 6 4]
 [0 6 8 0 2 4 3 9 1]]
Number of cells unfilled: 14
Accuracy: 82.71604938271605
Sample: 13445
Question:
[[5 0 7 0 0 0 0 2 0]
 [0 1 0 5 0 0 0 9 0]
 [0 3 9 2 0 0 0 0 0]
 [0 0 0 0 0 0 0 8 0]
 [0 0 0 0 0 9 0 3 6]
 [0 6 0 0 7 1 0 0 0]
 [0 0 3 0 5 0 0 0 0]
 [0 0 0 0 0 0 0 4 9]
 [8 0 2 6 0 0 0 1 3]]
Solution:
[[5 3 1 6 8 9 0 4 2]
 [7 0 0 2 4 0 9 3 6]
 [4 0 6 7 1 0 8 5 0]
 [6 8 7 4 9 2 0 1 5]
 [1 4 5 0 7 3 6 8 9]
 [0 2 9 1 6 8 4 7 3]
 [0 1 4 9 3 5 7 2 8]
 [2 9 3 8 0 1 5 6 4]
 [0 6 8 0 2 4 3 9 1]]
Number of cells unfilled: 14
Accuracy: 82.71604938271605
Sample: 13446
Question:
[[0 0 7 2 3 0 0 6 0]
 [0 0 0 0 0 0 0 0 5]
 [0 0 0 0 5 6 0 0 0]
 [0 9 4 0 0 0 0 0 0]
 [6 0 0 0 0 0 0 3 2]
 [0 0 8 7 0 2 6 4 0]
 [9 0 0 8 0 0 2 0 0]
 [0 0 0 0 0 0 0 0 0]
 [4 1 0 5 2 0 3 7 0]]
Solution:
[[5 3 1 6 8 9 0 4 2]
 [7 0 0 2 4 0 1 9 6]
 [4 0 6 7 5 0 8 3 0]
 [6 8 7 4 9 2 0 5 1]
 [1 4 5 0 7 3 6 8 0]
 [0 2 9 1 6 8 4 7 3]
 [0 1 4 9 3 5 7 2 8]
 [2 9 3 8 0 1 5 6 4]
 [0 6 8 0 2 4 3 1 9]]
Number of cells unfilled: 15
Accuracy: 81.48148148148148
Sample: 13447
Question:
[[9 0 0 0 1 0 2 0 0]
 [0 4 0 0 0 8 0 0 1]
 [0 5 0 0 0 0 0 6 0]
 [5 2 3 0 0 0 0 0 6]
 [0 0 0 8 0 0 0 0 0]
 [0 6 1 0 0 3 0 5 4]
 [0 0 2 0 0 0 0 7 0]
 [0 0 0 1 0 9 0 0 0]
 [7 0 0 0 6 0 0 1 8]]
Solution:
[[5 3 1 6 8 9 0 4 2]
 [7 0 0 2 4 0 1 3 6]
 [4 0 6 7 5 0 8 9 0]
 [6 8 7 4 9 2 0 5 1]
 [1 4 5 0 7 3 6 8 0]
 [0 2 9 1 6 8 4 7 3]
 [0 1 4 9 3 5 7 2 8]
 [2 9 3 8 0 1 5 6 4]
 [0 6 8 0 2 4 3 1 9]]
Number of cells unfilled: 15
Accuracy: 81.48148148148148
Sample: 13448
Question:
[[0 0 0 0 0 0 0 0 0]
 [0 0 1 0 4 0 7 0 2]
 [4 0 0 0 0 0 5 1 3]
 [0 8 0 0 0 5 0 0 7]
 [2 0 0 0 7 0 1 0 8]
 [0 1 7 0 0 0 0 6 0]
 [0 0 0 2 0 9 0 0 0]
 [0 4 0 0 8 0 0 0 1]
 [0 0 2 0 0 0 8 3 0]]
Solution:
[[5 3 1 6 8 9 0 4 2]
 [7 0 0 2 4 0 1 9 6]
 [4 0 6 7 5 0 8 3 0]
 [6 8 7 4 9 2 0 5 1]
 [1 4 5 0 7 3 6 8 0]
 [0 2 9 1 6 8 4 7 3]
 [0 1 4 9 3 5 7 2 8]
 [2 9 3 8 0 1 5 6 4]
 [0 6 8 0 2 4 3 1 9]]
Number of cells unfilled: 15
Accuracy: 81.48148148148148
Sample: 13449
Question:
[[0 0 4 0 0 3 6 9 0]
 [0 2 0 0 9 0 0 4 0]
 [0 0 0 4 6 0 0 0 8]
 [0 0 1 6 0 0 4 0 0]
 [0 0 0 0 0 0 0 8 0]
 [0 0 0 0 0 1 2 7 6]
 [3 5 0 0 0 0 0 0 0]
 [0 0 9 0 1 0 0 6 0]
 [0 0 0 3 0 0 9 0 7]]
Solution:
[[5 3 1 6 8 9 0 4 2]
 [7 0 0 2 4 0 9 3 6]
 [4 0 6 7 1 0 8 5 0]
 [6 8 7 4 9 2 1 0 5]
 [1 4 5 0 7 3 6 8 9]
 [0 2 9 1 6 8 4 7 3]
 [0 1 4 9 3 5 7 2 8]
 [2 9 3 8 0 1 5 6 4]
 [0 6 8 0 2 4 3 9 1]]
Number of cells unfilled: 14
Accuracy: 82.71604938271605
Sample: 13450
Question:
[[1 0 0 0 0 2 0 0 0]
 [0 7 0 0 3 0 0 0 1]
 [0 3 5 0 0 0 2 0 0]
 [0 6 0 0 0 3 0 0 8]
 [3 0 0 0 7 9 0 0 5]
 [5 0 7 6 1 0 3 0 0]
 [7 0 0 0 2 0 5 0 0]
 [0 0 9 0 0 0 0 4 0]
 [0 0 0 0 0 0 0 1 0]]
Solution:
[[5 3 1 6 8 9 0 4 2]
 [7 0 0 2 4 0 9 1 6]
 [4 0 6 7 1 0 8 5 0]
 [6 8 7 4 9 2 1 0 5]
 [1 4 5 0 7 3 6 8 9]
 [0 2 9 1 6 8 4 7 3]
 [0 1 4 9 3 5 7 2 8]
 [2 9 3 8 0 1 5 6 4]
 [0 6 8 0 2 4 3 9 1]]
Number of cells unfilled: 14
Accuracy: 82.71604938271605
Sample: 13451
Question:
[[0 0 0 0 4 0 0 0 0]
 [0 0 0 3 0 0 6 0 0]
 [0 4 3 0 0 8 0 0 7]
 [2 0 0 0 0 0 0 0 0]
 [0 1 8 0 9 0 0 0 3]
 [0 6 0 0 0 0 7 1 0]
 [0 8 1 4 0 0 0 0 9]
 [5 0 0 0 0 9 0 0 0]
 [0 0 0 0 8 1 0 7 0]]
Solution:
[[5 3 1 6 8 9 0 4 2]
 [7 0 0 2 4 0 1 5 6]
 [4 0 6 7 5 0 8 3 0]
 [6 8 7 4 9 2 0 1 5]
 [1 4 5 0 7 3 6 8 9]
 [0 2 9 1 6 8 4 7 3]
 [0 1 4 9 3 5 7 2 8]
 [2 9 3 8 0 1 5 6 4]
 [0 6 8 0 2 4 3 9 1]]
Number of cells unfilled: 14
Accuracy: 82.71604938271605
Sample: 13452
Question:
[[0 0 0 1 0 0 0 7 0]
 [0 0 9 0 7 0 3 0 0]
 [0 7 0 0 0 0 0 0 0]
 [0 0 2 0 3 0 8 0 0]
 [4 0 0 0 0 0 0 0 6]
 [0 9 8 0 5 0 2 1 0]
 [0 0 5 3 0 0 0 0 0]
 [9 2 0 0 8 0 0 0 0]
 [0 8 0 0 0 5 9 0 0]]
Solution:
[[5 3 1 6 8 9 0 4 2]
 [7 0 0 2 4 0 1 3 6]
 [4 0 6 7 1 0 8 9 5]
 [6 8 7 4 9 2 0 5 1]
 [1 4 5 0 7 3 6 8 0]
 [0 2 9 1 6 8 4 7 3]
 [0 1 4 9 3 5 7 2 8]
 [2 9 3 8 0 1 5 6 4]
 [0 6 8 0 2 4 3 1 9]]
Number of cells unfilled: 14
Accuracy: 82.71604938271605
Sample: 13453
Question:
[[0 0 1 0 0 8 0 0 4]
 [0 0 0 1 0 0 0 0 0]
 [0 9 0 0 0 0 0 1 0]
 [0 0 5 2 8 0 0 0 0]
 [7 0 0 5 0 0 0 0 8]
 [0 4 0 0 0 7 0 0 0]
 [0 0 7 0 0 5 4 0 2]
 [0 0 0 0 3 0 6 0 0]
 [0 0 4 0 0 2 0 3 5]]
Solution:
[[5 3 1 6 8 9 0 4 2]
 [7 0 0 2 4 0 1 9 6]
 [4 0 6 7 1 0 8 3 5]
 [6 8 7 4 9 2 0 5 1]
 [1 4 5 0 7 3 6 8 0]
 [0 2 9 1 6 8 4 7 3]
 [0 1 4 9 3 5 7 2 8]
 [2 9 3 8 0 1 5 6 4]
 [0 6 8 0 2 4 3 1 9]]
Number of cells unfilled: 14
Accuracy: 82.71604938271605
Sample: 13454
Question:
[[0 6 0 0 0 0 0 8 0]
 [4 0 3 0 0 8 7 0 0]
 [2 0 0 0 0 0 0 4 3]
 [3 0 4 0 0 1 0 0 8]
 [0 9 0 0 0 0 0 0 0]
 [0 0 0 5 4 0 0 0 0]
 [9 0 0 0 0 0 0 0 7]
 [0 0 0 2 0 0 1 0 0]
 [1 0 7 0 0 5 0 3 0]]
Solution:
[[5 3 1 6 8 9 0 4 2]
 [7 0 0 2 4 0 1 3 6]
 [4 0 6 7 1 0 8 9 5]
 [6 8 7 4 9 2 0 5 1]
 [1 4 5 0 7 3 6 8 0]
 [0 2 9 1 6 8 4 7 3]
 [0 1 4 9 3 5 7 2 8]
 [2 9 3 8 0 1 5 6 4]
 [0 6 8 0 2 4 3 1 9]]
Number of cells unfilled: 14
Accuracy: 82.71604938271605
Sample: 13455
Question:
[[9 5 0 0 0 0 0 0 3]
 [0 3 0 0 9 0 1 0 0]
 [0 0 1 0 0 0 0 7 0]
 [0 9 3 0 5 0 0 0 1]
 [0 0 5 0 3 0 0 0 7]
 [2 0 0 0 0 6 0 0 0]
 [0 0 0 4 0 0 0 8 0]
 [0 4 0 5 0 0 0 0 0]
 [0 0 9 0 7 0 0 1 4]]
Solution:
[[5 3 1 6 8 9 0 4 2]
 [7 0 0 2 4 0 9 5 6]
 [4 0 6 7 1 0 8 3 0]
 [6 8 7 4 9 2 1 0 5]
 [1 4 5 0 7 3 6 8 9]
 [0 2 9 1 6 8 4 7 3]
 [0 1 4 9 3 5 7 2 8]
 [2 9 3 8 0 1 5 6 4]
 [0 6 8 0 2 4 3 9 1]]
Number of cells unfilled: 14
Accuracy: 82.71604938271605
Sample: 13456
Question:
[[0 0 5 0 6 9 3 0 0]
 [6 0 0 3 0 0 0 0 4]
 [0 0 0 0 1 0 0 0 0]
 [0 0 3 9 0 0 5 0 0]
 [4 0 0 0 0 1 0 0 3]
 [0 8 9 0 0 0 0 7 0]
 [0 0 4 0 0 5 0 0 9]
 [0 0 0 2 0 0 1 0 0]
 [0 7 0 0 0 0 0 8 0]]
Solution:
[[5 3 1 6 8 9 0 4 2]
 [7 0 0 2 4 0 0 5 6]
 [4 0 6 7 5 0 8 9 1]
 [6 8 7 4 9 2 1 0 5]
 [1 4 5 0 7 3 6 8 0]
 [0 2 9 1 6 8 4 7 3]
 [0 1 4 9 3 5 7 2 8]
 [2 9 3 8 0 1 5 6 4]
 [0 6 8 0 2 4 3 1 9]]
Number of cells unfilled: 15
Accuracy: 81.48148148148148
Sample: 13457
Question:
[[1 0 0 0 0 0 0 8 0]
 [0 0 6 9 1 0 0 0 3]
 [0 3 0 0 0 4 0 0 0]
 [2 0 0 6 3 0 0 0 1]
 [0 0 0 0 0 0 9 0 0]
 [0 6 1 0 0 9 0 3 0]
 [0 0 5 0 0 0 7 0 0]
 [0 1 0 5 9 0 0 0 2]
 [0 0 2 0 4 0 0 0 0]]
Solution:
[[5 3 1 6 8 9 0 4 2]
 [7 0 0 2 4 0 1 3 6]
 [4 0 6 7 1 0 8 9 5]
 [6 8 7 4 9 2 0 5 1]
 [1 4 5 0 7 3 6 8 0]
 [0 2 9 1 6 8 4 7 3]
 [0 1 4 9 3 5 7 2 8]
 [2 9 3 8 0 1 5 6 4]
 [0 6 8 0 2 4 3 1 9]]
Number of cells unfilled: 14
Accuracy: 82.71604938271605
Sample: 13458
Question:
[[0 7 2 4 0 1 0 0 0]
 [3 0 0 2 0 0 0 0 0]
 [5 0 0 0 0 0 0 0 7]
 [0 0 0 0 0 5 8 9 0]
 [1 0 0 0 2 0 0 6 0]
 [0 5 0 0 6 0 0 0 3]
 [0 0 4 0 0 0 0 3 0]
 [9 0 0 0 0 0 6 0 5]
 [2 0 0 0 0 4 9 0 0]]
Solution:
[[5 3 1 6 8 9 0 4 2]
 [7 0 0 2 4 0 0 9 6]
 [4 0 6 7 5 0 8 3 1]
 [6 8 7 4 9 2 1 5 0]
 [1 4 5 0 7 3 6 8 0]
 [0 2 9 1 6 8 4 7 3]
 [0 1 4 9 3 5 7 2 8]
 [2 9 3 8 0 1 5 6 4]
 [0 6 8 0 2 4 3 1 9]]
Number of cells unfilled: 15
Accuracy: 81.48148148148148
Sample: 13459
Question:
[[0 0 6 0 0 0 2 1 0]
 [0 0 0 7 5 0 0 0 0]
 [0 0 0 3 0 1 0 0 0]
 [0 0 1 0 7 0 0 4 0]
 [7 0 0 4 9 5 0 0 0]
 [2 0 9 0 0 3 0 0 0]
 [9 0 0 8 0 0 0 3 0]
 [0 3 0 0 0 0 8 0 0]
 [0 8 5 0 0 0 0 7 9]]
Solution:
[[5 3 1 6 8 9 0 4 2]
 [7 0 0 2 4 0 1 3 6]
 [4 0 6 7 5 0 8 9 0]
 [6 8 7 4 9 2 0 5 1]
 [1 4 5 0 7 3 6 8 0]
 [0 2 9 1 6 8 4 7 3]
 [0 1 4 9 3 5 7 2 8]
 [2 9 3 8 0 1 5 6 4]
 [0 6 8 0 2 4 3 1 9]]
Number of cells unfilled: 15
Accuracy: 81.48148148148148
Sample: 13460
Question:
[[0 9 0 0 0 7 3 0 0]
 [0 0 8 1 0 0 0 0 2]
 [0 0 0 0 3 0 0 0 0]
 [7 4 0 0 9 0 0 0 0]
 [0 0 0 0 0 1 0 4 0]
 [0 0 5 6 0 0 0 0 8]
 [0 6 0 2 0 0 0 5 0]
 [0 0 1 0 0 6 8 2 0]
 [0 0 0 0 1 0 0 0 6]]
Solution:
[[5 3 1 6 8 9 0 4 2]
 [7 0 0 2 4 0 1 9 6]
 [4 0 6 7 1 0 8 3 5]
 [6 8 7 4 9 2 0 5 1]
 [1 4 5 0 7 3 6 8 0]
 [0 2 9 1 6 8 4 7 3]
 [0 1 4 9 3 5 7 2 8]
 [2 9 3 8 0 1 5 6 4]
 [0 6 8 0 2 4 3 1 9]]
Number of cells unfilled: 14
Accuracy: 82.71604938271605
Sample: 13461
Question:
[[0 9 0 4 0 0 5 0 0]
 [0 0 6 0 0 2 0 8 0]
 [2 0 0 0 0 0 0 0 0]
 [0 1 7 5 0 0 3 0 0]
 [8 0 0 0 0 0 0 7 6]
 [0 0 0 0 7 0 0 0 0]
 [0 0 1 0 4 5 9 0 0]
 [9 0 0 1 0 0 0 0 0]
 [0 4 0 0 3 0 0 1 0]]
Solution:
[[5 3 1 6 8 9 0 4 2]
 [7 0 0 2 4 0 9 5 6]
 [4 0 6 7 5 0 8 3 0]
 [6 8 7 4 9 2 0 1 5]
 [1 4 5 0 7 3 6 8 9]
 [0 2 9 1 6 8 4 7 3]
 [0 1 4 9 3 5 7 2 8]
 [2 9 3 8 0 1 5 6 4]
 [0 6 8 0 2 4 3 9 1]]
Number of cells unfilled: 14
Accuracy: 82.71604938271605
Sample: 13462
Question:
[[0 1 0 0 7 0 0 0 0]
 [0 0 4 3 0 5 0 0 2]
 [0 0 9 0 0 6 0 0 5]
 [0 0 6 0 0 2 0 0 4]
 [0 4 0 0 6 0 0 0 0]
 [0 0 0 8 0 0 9 0 0]
 [0 0 0 0 0 3 4 0 0]
 [0 0 3 0 2 0 0 5 0]
 [4 9 0 6 0 0 2 0 3]]
Solution:
[[5 3 1 6 8 9 0 4 2]
 [7 0 0 2 4 0 9 3 6]
 [4 0 6 7 1 0 8 5 0]
 [6 8 7 4 9 2 1 0 5]
 [1 4 5 0 7 3 6 8 0]
 [0 2 9 1 6 8 4 7 3]
 [0 1 4 9 3 5 7 2 8]
 [2 9 3 8 0 1 5 6 4]
 [0 6 8 0 2 4 3 1 9]]
Number of cells unfilled: 15
Accuracy: 81.48148148148148
Sample: 13463
Question:
[[3 0 0 0 0 0 0 0 6]
 [0 0 2 8 0 0 0 0 0]
 [0 5 0 0 6 0 3 0 0]
 [0 3 0 0 1 0 8 0 9]
 [0 1 9 0 5 0 6 0 0]
 [4 0 0 0 0 0 0 0 7]
 [0 0 3 0 9 0 0 6 8]
 [0 9 0 6 0 0 0 0 0]
 [5 0 0 0 0 1 9 0 0]]
Solution:
[[5 3 1 6 8 9 0 4 2]
 [7 0 0 2 4 0 9 5 6]
 [4 0 6 7 1 0 8 3 0]
 [6 8 7 4 9 2 0 1 5]
 [1 4 5 0 7 3 6 8 9]
 [0 2 9 1 6 8 4 7 3]
 [0 1 4 9 3 5 7 2 8]
 [2 9 3 8 0 1 5 6 4]
 [0 6 8 0 2 4 3 9 1]]
Number of cells unfilled: 14
Accuracy: 82.71604938271605
Sample: 13464
Question:
[[0 5 1 0 0 2 0 0 0]
 [0 0 0 3 8 0 0 5 2]
 [0 2 0 9 5 0 1 0 0]
 [4 1 7 5 0 0 0 0 0]
 [0 0 0 4 0 0 0 0 7]
 [3 0 0 0 0 8 6 0 0]
 [0 4 0 0 0 0 0 0 0]
 [7 0 0 0 9 0 3 0 0]
 [0 0 0 0 1 0 0 9 0]]
Solution:
[[5 3 1 6 8 9 0 4 2]
 [7 0 0 2 4 0 0 3 6]
 [4 0 6 7 5 0 8 9 1]
 [6 8 7 4 9 2 1 5 0]
 [1 4 5 0 7 3 6 8 0]
 [0 2 9 1 6 8 4 7 3]
 [0 1 4 9 3 5 7 2 8]
 [2 9 3 8 0 1 5 6 4]
 [0 6 8 0 2 4 3 1 9]]
Number of cells unfilled: 15
Accuracy: 81.48148148148148
Sample: 13465
Question:
[[0 5 0 8 0 9 0 2 0]
 [0 0 0 0 0 0 0 8 0]
 [3 0 0 0 4 0 7 0 0]
 [0 0 1 0 0 0 0 9 0]
 [2 0 0 0 9 0 4 0 0]
 [0 9 0 0 0 5 0 0 1]
 [6 0 0 0 0 7 0 4 0]
 [0 2 0 0 0 0 6 0 0]
 [0 4 0 0 6 0 0 3 7]]
Solution:
[[5 3 1 6 8 9 0 4 2]
 [7 0 0 2 4 0 9 5 6]
 [4 0 6 7 5 0 8 3 0]
 [6 8 7 4 9 2 1 0 5]
 [1 4 5 0 7 3 6 8 9]
 [0 2 9 1 6 8 4 7 3]
 [0 1 4 9 3 5 7 2 8]
 [2 9 3 8 0 1 5 6 4]
 [0 6 8 0 2 4 3 9 1]]
Number of cells unfilled: 14
Accuracy: 82.71604938271605
Sample: 13466
Question:
[[0 2 0 0 0 8 0 0 0]
 [0 0 0 0 0 0 6 0 0]
 [0 3 0 0 0 0 0 9 2]
 [6 9 8 0 5 0 0 0 0]
 [0 0 1 4 0 0 0 0 0]
 [0 0 0 3 0 0 0 7 0]
 [7 1 0 5 4 0 0 6 0]
 [0 0 0 0 2 0 5 0 0]
 [0 0 5 1 0 0 0 2 7]]
Solution:
[[5 3 1 6 8 9 0 4 2]
 [7 0 0 2 4 0 9 1 6]
 [4 0 6 7 5 0 8 3 0]
 [6 8 7 4 9 2 1 0 5]
 [1 4 5 0 7 3 6 8 9]
 [0 2 9 1 6 8 4 7 3]
 [0 1 4 9 3 5 7 2 8]
 [2 9 3 8 0 1 5 6 4]
 [0 6 8 0 2 4 3 9 1]]
Number of cells unfilled: 14
Accuracy: 82.71604938271605
Sample: 13467
Question:
[[0 0 4 0 7 0 9 6 0]
 [5 0 0 6 0 0 0 0 0]
 [0 0 9 5 0 0 0 0 8]
 [0 0 0 0 0 0 0 0 3]
 [0 0 0 7 0 9 0 0 0]
 [8 0 0 0 0 0 6 2 0]
 [9 0 0 0 0 0 0 3 0]
 [0 1 0 0 8 7 2 0 0]
 [0 7 2 0 6 3 0 8 0]]
Solution:
[[5 3 1 6 8 9 0 4 2]
 [7 0 0 2 4 0 1 3 6]
 [4 0 6 7 1 0 8 9 5]
 [6 8 7 4 9 2 0 5 1]
 [1 4 5 0 7 3 6 8 0]
 [0 2 9 1 6 8 4 7 3]
 [0 1 4 9 3 5 7 2 8]
 [2 9 3 8 0 1 5 6 4]
 [0 6 8 0 2 4 3 1 9]]
Number of cells unfilled: 14
Accuracy: 82.71604938271605
Sample: 13468
Question:
[[0 0 6 0 0 0 3 0 0]
 [0 2 0 0 1 0 8 6 0]
 [0 0 5 0 0 0 9 0 0]
 [0 0 0 9 3 0 0 1 2]
 [7 0 0 0 0 0 0 0 0]
 [6 0 0 0 5 0 0 9 0]
 [4 0 0 0 0 9 0 0 3]
 [0 0 0 3 0 0 0 5 0]
 [5 3 0 0 7 0 4 0 0]]
Solution:
[[5 3 1 6 8 9 0 4 2]
 [7 0 0 2 4 0 9 5 6]
 [4 0 6 7 1 0 8 3 0]
 [6 8 7 4 9 2 0 1 5]
 [1 4 5 0 7 3 6 8 9]
 [0 2 9 1 6 8 4 7 3]
 [0 1 4 9 3 5 7 2 8]
 [2 9 3 8 0 1 5 6 4]
 [0 6 8 0 2 4 3 9 1]]
Number of cells unfilled: 14
Accuracy: 82.71604938271605
Sample: 13469
Question:
[[2 0 0 9 0 0 0 7 1]
 [0 5 0 0 0 8 3 0 0]
 [0 0 1 0 0 0 0 0 8]
 [1 4 0 6 5 0 0 0 0]
 [3 0 2 0 0 1 0 0 0]
 [0 0 0 0 4 0 0 0 0]
 [0 2 8 0 0 0 1 0 0]
 [0 0 3 0 7 0 0 0 0]
 [5 0 6 1 0 0 0 9 0]]
Solution:
[[5 3 1 6 8 9 0 4 2]
 [7 0 0 2 4 0 1 9 6]
 [4 0 6 7 1 0 8 3 5]
 [6 8 7 4 9 2 0 5 1]
 [1 4 5 0 7 3 6 8 9]
 [0 2 9 1 6 8 4 7 3]
 [0 1 4 9 3 5 7 2 8]
 [2 9 3 8 0 1 5 6 4]
 [0 6 8 0 2 4 3 1 0]]
Number of cells unfilled: 14
Accuracy: 82.71604938271605
Sample: 13470
Question:
[[0 8 0 0 0 1 5 0 0]
 [0 0 9 0 0 0 0 0 6]
 [2 0 0 0 5 0 0 4 0]
 [0 3 0 0 1 0 0 8 0]
 [0 0 5 3 0 0 0 0 9]
 [1 0 0 0 0 2 0 0 0]
 [3 0 0 0 4 0 7 0 0]
 [0 0 6 7 0 0 0 0 1]
 [0 7 0 0 0 5 0 3 0]]
Solution:
[[5 3 1 6 8 9 0 4 2]
 [7 0 0 2 4 0 1 3 6]
 [4 0 6 7 5 0 8 9 0]
 [6 8 7 4 9 2 0 5 1]
 [1 4 5 0 7 3 6 8 0]
 [0 2 9 1 6 8 4 7 3]
 [0 1 4 9 3 5 7 2 8]
 [2 9 3 8 0 1 5 6 4]
 [0 6 8 0 2 4 3 1 9]]
Number of cells unfilled: 15
Accuracy: 81.48148148148148
Sample: 13471
Question:
[[0 3 0 0 1 0 0 4 0]
 [7 0 0 0 8 0 0 0 1]
 [0 0 6 0 0 2 7 0 0]
 [0 0 7 0 0 1 6 0 0]
 [0 4 0 2 0 0 0 3 0]
 [6 0 0 8 0 0 0 0 2]
 [9 0 0 0 0 8 0 0 5]
 [0 0 0 0 2 0 9 0 0]
 [0 7 0 9 5 0 0 0 0]]
Solution:
[[5 3 1 6 8 9 0 4 2]
 [7 0 0 2 4 0 1 3 6]
 [4 0 6 7 1 0 8 9 5]
 [6 8 7 4 9 2 0 5 1]
 [1 4 5 0 7 3 6 8 0]
 [0 2 9 1 6 8 4 7 3]
 [0 1 4 9 3 5 7 2 8]
 [2 9 3 8 0 1 5 6 4]
 [0 6 8 0 2 4 3 1 9]]
Number of cells unfilled: 14
Accuracy: 82.71604938271605
Sample: 13472
Question:
[[0 0 8 6 0 3 0 1 0]
 [3 4 0 0 0 0 0 0 5]
 [1 6 0 0 9 0 0 0 0]
 [6 0 0 0 0 0 0 0 9]
 [0 8 0 0 0 6 1 4 0]
 [0 0 0 2 0 0 7 0 0]
 [0 1 0 3 2 0 5 0 0]
 [8 0 0 0 0 4 0 3 0]
 [0 0 0 7 0 0 0 0 0]]
Solution:
[[5 3 1 6 8 9 0 4 2]
 [7 0 0 2 4 0 1 5 6]
 [4 0 6 7 1 0 8 3 0]
 [6 8 7 4 9 2 0 1 5]
 [1 4 5 0 7 3 6 8 9]
 [0 2 9 1 6 8 4 7 3]
 [0 1 4 9 3 5 7 2 8]
 [2 9 3 8 0 1 5 6 4]
 [0 6 8 0 2 4 3 9 1]]
Number of cells unfilled: 14
Accuracy: 82.71604938271605
Sample: 13473
Question:
[[1 0 0 0 0 7 0 6 0]
 [0 6 3 0 5 0 0 0 0]
 [0 7 2 0 0 0 9 0 0]
 [0 0 0 0 0 0 0 0 8]
 [0 1 0 0 0 6 0 3 0]
 [0 0 7 5 0 0 4 0 6]
 [0 2 0 0 9 0 0 0 0]
 [0 0 1 7 0 3 0 2 0]
 [0 0 0 8 2 0 0 0 4]]
Solution:
[[5 3 1 6 8 9 0 4 2]
 [7 0 0 2 4 0 1 3 6]
 [4 0 6 7 1 0 8 5 0]
 [6 8 7 4 9 2 0 1 5]
 [1 4 5 0 7 3 6 8 9]
 [0 2 9 1 6 8 4 7 3]
 [0 1 4 9 3 5 7 2 8]
 [2 9 3 8 0 1 5 6 4]
 [0 6 8 0 2 4 3 9 1]]
Number of cells unfilled: 14
Accuracy: 82.71604938271605
Sample: 13474
Question:
[[7 0 0 0 0 9 0 0 0]
 [0 0 0 2 1 0 0 7 0]
 [0 1 0 0 0 0 9 0 8]
 [0 8 0 0 0 2 0 9 0]
 [0 0 4 0 3 0 0 0 0]
 [6 0 0 0 0 0 0 0 4]
 [0 0 0 0 0 0 5 0 0]
 [5 0 3 6 0 0 2 0 0]
 [0 9 0 0 0 7 0 8 0]]
Solution:
[[5 3 1 6 8 9 0 4 2]
 [7 0 0 2 4 0 1 3 6]
 [4 0 6 7 1 0 8 5 0]
 [6 8 7 4 9 2 0 1 5]
 [1 4 5 0 7 3 6 8 9]
 [0 2 9 1 6 8 4 7 3]
 [0 1 4 9 3 5 7 2 8]
 [2 9 3 8 0 1 5 6 4]
 [0 6 8 0 2 4 3 9 1]]
Number of cells unfilled: 14
Accuracy: 82.71604938271605
Sample: 13475
Question:
[[5 0 0 0 0 4 0 0 2]
 [0 4 0 3 0 0 5 0 0]
 [9 0 0 0 5 0 0 0 0]
 [0 0 0 0 6 0 0 7 0]
 [8 0 0 1 3 0 0 0 0]
 [0 3 0 0 0 5 1 0 0]
 [0 0 8 0 0 0 0 9 0]
 [0 5 0 0 4 0 6 0 1]
 [2 0 4 0 0 0 0 0 7]]
Solution:
[[5 3 1 6 8 9 0 4 2]
 [7 0 0 2 4 0 0 5 6]
 [4 0 6 7 5 0 8 9 1]
 [6 8 7 4 9 2 1 0 5]
 [1 4 5 0 7 3 6 8 0]
 [0 2 9 1 6 8 4 7 3]
 [0 1 4 9 3 5 7 2 8]
 [2 9 3 8 0 1 5 6 4]
 [0 6 8 0 2 4 3 1 9]]
Number of cells unfilled: 15
Accuracy: 81.48148148148148
Sample: 13476
Question:
[[0 0 0 4 0 9 6 0 0]
 [0 3 0 1 0 0 0 5 2]
 [6 0 9 0 3 0 0 0 7]
 [0 0 0 0 0 0 0 0 0]
 [7 2 6 8 0 0 3 0 1]
 [0 0 4 0 0 0 0 2 5]
 [8 0 1 7 0 0 0 0 0]
 [0 9 0 0 0 0 0 8 0]
 [0 0 0 0 0 0 5 0 4]]
Solution:
[[5 3 1 6 8 9 0 4 2]
 [7 0 0 2 4 0 1 5 6]
 [4 0 6 7 5 0 8 3 0]
 [6 8 7 4 9 2 0 1 5]
 [1 4 5 0 7 3 6 8 9]
 [0 2 9 1 6 8 4 7 3]
 [0 1 4 9 3 5 7 2 8]
 [2 9 3 8 0 1 5 6 4]
 [0 6 8 0 2 4 3 9 1]]
Number of cells unfilled: 14
Accuracy: 82.71604938271605
Sample: 13477
Question:
[[5 0 0 2 7 3 0 0 0]
 [0 0 0 6 4 0 0 0 8]
 [0 0 0 0 0 0 3 0 9]
 [0 0 1 0 0 0 0 0 5]
 [0 0 0 0 0 0 1 0 0]
 [0 4 5 0 1 0 0 9 0]
 [0 0 7 0 5 0 0 8 3]
 [0 0 0 4 6 0 0 0 0]
 [6 0 0 3 0 0 7 1 0]]
Solution:
[[5 3 1 6 8 9 0 4 2]
 [7 0 0 2 4 0 1 3 6]
 [4 0 6 7 5 0 8 9 0]
 [6 8 7 4 9 2 0 5 1]
 [1 4 5 0 7 3 6 8 0]
 [0 2 9 1 6 8 4 7 3]
 [0 1 4 9 3 5 7 2 8]
 [2 9 3 8 0 1 5 6 4]
 [0 6 8 0 2 4 3 1 9]]
Number of cells unfilled: 15
Accuracy: 81.48148148148148
Sample: 13478
Question:
[[6 0 5 3 0 0 0 0 0]
 [8 3 0 6 7 0 2 0 0]
 [0 9 7 0 4 0 0 0 0]
 [4 0 0 0 8 0 0 1 0]
 [1 0 6 0 3 0 0 0 0]
 [0 2 0 9 0 5 6 4 0]
 [0 0 8 7 0 4 3 5 0]
 [0 0 1 8 0 9 0 6 2]
 [0 0 0 0 0 0 9 0 7]]
Solution:
[[5 3 1 6 8 9 0 4 2]
 [7 0 0 2 4 0 1 3 6]
 [4 0 6 7 1 0 8 9 5]
 [6 8 7 4 9 2 0 5 1]
 [1 4 5 0 7 3 6 8 0]
 [0 2 9 1 6 8 4 7 3]
 [0 1 4 9 3 5 7 2 8]
 [2 9 3 8 0 1 5 6 4]
 [0 6 8 0 2 4 3 1 9]]
Number of cells unfilled: 14
Accuracy: 82.71604938271605
Sample: 13479
Question:
[[0 0 0 0 0 4 0 1 0]
 [0 0 0 8 2 9 0 0 5]
 [0 0 0 6 3 0 0 0 0]
 [4 0 0 9 0 0 0 8 0]
 [0 9 0 3 0 2 0 0 0]
 [0 6 0 0 0 0 0 7 0]
 [5 4 0 0 0 0 8 3 0]
 [9 0 1 0 5 0 4 0 7]
 [8 0 0 0 0 0 0 0 1]]
Solution:
[[5 3 1 6 8 9 0 4 2]
 [7 0 0 2 4 0 1 3 6]
 [4 0 6 7 1 0 8 9 5]
 [6 8 7 4 9 2 0 5 1]
 [1 4 5 0 7 3 6 8 9]
 [0 2 9 1 6 8 4 7 3]
 [0 1 4 9 3 5 7 2 8]
 [2 9 3 8 0 1 5 6 4]
 [0 6 8 0 2 4 3 1 0]]
Number of cells unfilled: 14
Accuracy: 82.71604938271605
Sample: 13480
Question:
[[0 0 0 0 8 4 0 6 0]
 [0 0 0 0 3 1 0 0 0]
 [6 0 0 0 9 0 5 0 0]
 [7 0 0 0 0 0 4 0 0]
 [9 1 5 0 0 0 0 8 7]
 [0 0 0 0 0 0 6 0 5]
 [0 0 9 0 4 0 7 0 0]
 [1 0 0 7 0 0 0 0 4]
 [2 0 0 1 0 0 3 0 0]]
Solution:
[[5 3 1 6 8 9 0 4 2]
 [7 0 0 2 4 0 1 3 6]
 [4 0 6 7 1 0 8 9 5]
 [6 8 7 4 9 2 0 5 1]
 [1 4 5 0 7 3 6 8 0]
 [0 2 9 1 6 8 4 7 3]
 [0 1 4 9 3 5 7 2 8]
 [2 9 3 8 0 1 5 6 4]
 [0 6 8 0 2 4 3 1 9]]
Number of cells unfilled: 14
Accuracy: 82.71604938271605
Sample: 13481
Question:
[[7 0 0 3 0 0 0 0 0]
 [0 0 9 0 0 4 0 0 0]
 [0 3 0 0 9 6 0 7 0]
 [0 0 0 0 0 0 0 0 5]
 [0 0 7 6 0 0 1 4 0]
 [1 0 0 0 0 0 2 0 0]
 [0 7 6 4 0 0 0 3 0]
 [0 0 4 9 0 0 0 5 0]
 [5 0 0 0 0 8 0 0 0]]
Solution:
[[5 3 1 6 8 9 0 4 2]
 [7 0 0 2 4 0 1 3 6]
 [4 0 6 7 1 0 8 5 0]
 [6 8 7 4 9 2 0 1 5]
 [1 4 5 0 7 3 6 8 9]
 [0 2 9 1 6 8 4 7 3]
 [0 1 4 9 3 5 7 2 8]
 [2 9 3 8 0 1 5 6 4]
 [0 6 8 0 2 4 3 9 1]]
Number of cells unfilled: 14
Accuracy: 82.71604938271605
Sample: 13482
Question:
[[0 3 0 0 0 0 0 1 0]
 [5 0 0 0 8 0 3 0 0]
 [0 9 0 0 0 3 0 8 6]
 [0 0 0 7 0 6 0 0 0]
 [4 0 0 0 9 0 2 0 0]
 [0 1 7 0 2 0 0 0 0]
 [3 0 0 9 0 0 0 2 0]
 [0 0 0 0 3 0 0 0 4]
 [0 0 5 8 0 2 9 0 0]]
Solution:
[[5 3 1 6 8 9 0 4 2]
 [7 0 0 2 4 0 0 9 6]
 [4 0 6 7 5 0 8 3 1]
 [6 8 7 4 9 2 1 0 5]
 [1 4 5 0 7 3 6 8 0]
 [0 2 9 1 6 8 4 7 3]
 [0 1 4 9 3 5 7 2 8]
 [2 9 3 8 0 1 5 6 4]
 [0 6 8 0 2 4 3 1 9]]
Number of cells unfilled: 15
Accuracy: 81.48148148148148
Sample: 13483
Question:
[[0 9 7 6 0 0 4 0 0]
 [0 0 0 4 0 9 5 0 7]
 [0 0 0 0 5 0 0 0 0]
 [6 2 0 0 3 0 0 0 0]
 [0 0 0 0 0 0 0 0 2]
 [1 0 4 0 0 2 0 0 0]
 [4 6 0 7 0 0 0 9 3]
 [0 0 5 0 0 3 0 0 0]
 [3 0 0 0 0 0 0 8 0]]
Solution:
[[5 3 1 6 8 9 0 4 2]
 [7 0 0 2 4 0 1 3 6]
 [4 0 6 7 1 0 8 9 5]
 [6 8 7 4 9 2 0 5 1]
 [1 4 5 0 7 3 6 8 0]
 [0 2 9 1 6 8 4 7 3]
 [0 1 4 9 3 5 7 2 8]
 [2 9 3 8 0 1 5 6 4]
 [0 6 8 0 2 4 3 1 9]]
Number of cells unfilled: 14
Accuracy: 82.71604938271605
Sample: 13484
Question:
[[0 0 0 6 0 0 0 0 3]
 [0 0 8 0 5 0 0 2 0]
 [9 0 0 0 0 2 1 0 0]
 [7 0 0 0 0 0 0 0 0]
 [1 0 0 2 0 0 9 0 0]
 [0 0 6 0 0 5 0 4 1]
 [0 0 4 5 0 0 0 6 0]
 [0 7 0 0 0 0 0 0 0]
 [0 0 0 0 8 4 3 0 0]]
Solution:
[[5 3 1 6 8 9 0 4 2]
 [7 0 0 2 4 0 1 5 6]
 [4 0 6 7 5 0 8 3 0]
 [6 8 7 4 9 2 0 1 5]
 [1 4 5 0 7 3 6 8 9]
 [0 2 9 1 6 8 4 7 3]
 [0 1 4 9 3 5 7 2 8]
 [2 9 3 8 0 1 5 6 4]
 [0 6 8 0 2 4 3 9 1]]
Number of cells unfilled: 14
Accuracy: 82.71604938271605
Sample: 13485
Question:
[[7 2 0 0 1 6 0 0 0]
 [3 0 8 0 7 0 0 2 5]
 [0 0 6 0 0 0 0 0 0]
 [6 0 3 0 0 0 0 0 0]
 [0 0 4 6 3 0 0 7 0]
 [0 5 0 0 0 0 0 0 0]
 [0 0 7 0 0 0 9 4 0]
 [0 3 0 7 5 0 0 0 0]
 [0 0 1 0 4 8 0 5 7]]
Solution:
[[5 3 1 6 8 9 0 4 2]
 [7 0 0 2 4 0 1 9 6]
 [4 0 6 7 5 0 8 3 0]
 [6 8 7 4 9 2 0 5 1]
 [1 4 5 0 7 3 6 8 9]
 [0 2 9 1 6 8 4 7 3]
 [0 1 4 9 3 5 7 2 8]
 [2 9 3 8 0 1 5 6 4]
 [0 6 8 0 2 4 3 1 0]]
Number of cells unfilled: 15
Accuracy: 81.48148148148148
Sample: 13486
Question:
[[0 0 6 0 0 0 9 1 0]
 [0 0 7 0 5 0 0 0 0]
 [0 0 0 4 0 0 0 8 7]
 [2 9 0 0 3 5 6 0 0]
 [0 7 0 0 0 0 0 9 0]
 [0 0 4 0 1 0 0 0 3]
 [0 0 0 2 0 7 0 3 1]
 [0 2 0 0 8 0 0 0 0]
 [0 0 9 0 0 6 0 0 0]]
Solution:
[[5 3 1 6 8 9 0 4 2]
 [7 0 0 2 4 0 9 5 6]
 [4 0 6 7 5 0 8 3 0]
 [6 8 7 4 9 2 1 0 5]
 [1 4 5 0 7 3 6 8 9]
 [0 2 9 1 6 8 4 7 3]
 [0 1 4 9 3 5 7 2 8]
 [2 9 3 8 0 1 5 6 4]
 [0 6 8 0 2 4 3 9 1]]
Number of cells unfilled: 14
Accuracy: 82.71604938271605
Sample: 13487
Question:
[[0 0 0 0 0 0 0 4 0]
 [0 0 7 0 0 5 6 0 0]
 [3 0 0 0 8 0 0 0 7]
 [0 0 9 0 3 1 0 7 0]
 [7 0 0 5 0 0 0 0 1]
 [0 6 0 0 7 0 2 0 0]
 [0 0 4 0 5 0 0 0 0]
 [8 0 0 0 0 3 0 0 5]
 [0 9 0 8 0 0 0 2 0]]
Solution:
[[5 3 1 6 8 9 0 4 2]
 [7 0 0 2 4 0 9 1 6]
 [4 0 6 7 1 0 8 3 5]
 [6 8 7 4 9 2 0 5 1]
 [1 4 5 0 7 3 6 8 9]
 [0 2 9 1 6 8 4 7 3]
 [0 1 4 9 3 5 7 2 8]
 [2 9 3 8 0 1 5 6 4]
 [0 6 8 0 2 4 3 9 0]]
Number of cells unfilled: 14
Accuracy: 82.71604938271605
Sample: 13488
Question:
[[0 0 0 0 0 6 4 9 0]
 [6 0 9 0 5 0 0 0 7]
 [7 0 0 0 8 0 0 0 5]
 [8 0 0 0 0 3 0 0 0]
 [0 6 0 8 0 5 0 0 3]
 [0 0 0 0 6 0 7 0 0]
 [0 7 0 0 0 0 1 0 0]
 [0 2 0 0 0 0 0 0 0]
 [5 0 0 0 3 0 0 0 6]]
Solution:
[[5 3 1 6 8 9 0 4 2]
 [7 0 0 2 4 0 9 5 6]
 [4 0 6 7 1 0 8 3 0]
 [6 8 7 4 9 2 0 1 5]
 [1 4 5 0 7 3 6 8 9]
 [0 2 9 1 6 8 4 7 3]
 [0 1 4 9 3 5 7 2 8]
 [2 9 3 8 0 1 5 6 4]
 [0 6 8 0 2 4 3 9 1]]
Number of cells unfilled: 14
Accuracy: 82.71604938271605
Sample: 13489
Question:
[[3 0 0 0 0 6 0 1 0]
 [0 2 0 0 0 0 5 0 0]
 [1 0 0 0 0 9 7 4 0]
 [0 0 0 0 0 7 0 0 0]
 [0 7 0 9 6 0 0 0 1]
 [6 0 0 3 1 0 0 0 0]
 [0 0 0 4 0 0 2 0 0]
 [0 0 8 0 9 0 0 0 0]
 [7 0 0 0 0 3 0 0 9]]
Solution:
[[5 3 1 6 8 9 0 4 2]
 [7 0 0 2 4 0 0 5 6]
 [4 0 6 7 5 0 8 9 1]
 [6 8 7 4 9 2 1 0 5]
 [1 4 5 0 7 3 6 8 0]
 [0 2 9 1 6 8 4 7 3]
 [0 1 4 9 3 5 7 2 8]
 [2 9 3 8 0 1 5 6 4]
 [0 6 8 0 2 4 3 1 9]]
Number of cells unfilled: 15
Accuracy: 81.48148148148148
Sample: 13490
Question:
[[0 1 0 4 0 0 0 0 0]
 [0 0 3 0 8 0 0 0 9]
 [2 0 0 0 0 3 0 4 0]
 [3 0 0 0 9 0 0 6 0]
 [0 7 0 0 0 0 3 0 0]
 [0 0 5 0 0 2 0 0 8]
 [8 0 0 0 6 0 0 0 5]
 [0 3 0 0 0 1 0 8 0]
 [0 0 6 8 0 0 7 0 0]]
Solution:
[[5 3 1 6 8 9 0 4 2]
 [7 0 0 2 4 0 9 5 6]
 [4 0 6 7 5 0 8 1 0]
 [6 8 7 4 9 2 1 0 5]
 [1 4 5 0 7 3 6 8 9]
 [0 2 9 1 6 8 4 7 3]
 [0 1 4 9 3 5 7 2 8]
 [2 9 3 8 0 1 5 6 4]
 [0 6 8 0 2 4 3 9 1]]
Number of cells unfilled: 14
Accuracy: 82.71604938271605
Sample: 13491
Question:
[[0 0 4 0 0 2 0 0 6]
 [3 0 0 0 0 6 0 8 0]
 [0 0 1 0 5 0 0 0 3]
 [5 0 0 0 0 0 0 0 0]
 [0 0 0 0 8 0 1 4 0]
 [0 0 0 0 6 0 5 0 2]
 [0 0 0 0 0 0 9 0 0]
 [0 0 0 2 9 0 0 0 0]
 [8 0 2 0 1 5 0 3 0]]
Solution:
[[5 3 1 6 8 9 0 4 2]
 [7 0 0 2 4 0 9 5 6]
 [4 0 6 7 5 0 8 3 0]
 [6 8 7 4 9 2 0 1 5]
 [1 4 5 0 7 3 6 8 9]
 [0 2 9 1 6 8 4 7 3]
 [0 1 4 9 3 5 7 2 8]
 [2 9 3 8 0 1 5 6 4]
 [0 6 8 0 2 4 3 9 1]]
Number of cells unfilled: 14
Accuracy: 82.71604938271605
Sample: 13492
Question:
[[0 0 0 6 0 0 0 0 0]
 [0 2 0 0 8 0 0 7 0]
 [0 6 0 0 3 0 0 0 1]
 [0 9 0 0 7 0 0 2 0]
 [4 0 0 0 0 0 1 0 8]
 [0 8 0 0 0 0 0 5 0]
 [0 0 0 0 0 5 0 6 3]
 [9 0 0 0 0 7 0 0 0]
 [3 1 0 9 0 0 0 8 0]]
Solution:
[[5 3 1 6 8 9 0 4 2]
 [7 0 0 2 4 0 9 5 6]
 [4 0 6 7 5 0 8 3 0]
 [6 8 7 4 9 2 1 0 5]
 [1 4 5 0 7 3 6 8 9]
 [0 2 9 1 6 8 4 7 3]
 [0 1 4 9 3 5 7 2 8]
 [2 9 3 8 0 1 5 6 4]
 [0 6 8 0 2 4 3 9 1]]
Number of cells unfilled: 14
Accuracy: 82.71604938271605
Sample: 13493
Question:
[[1 0 9 0 0 0 4 0 2]
 [4 8 0 0 0 0 3 0 0]
 [0 0 2 8 0 0 9 0 0]
 [0 2 0 0 0 0 0 0 7]
 [0 6 0 0 1 8 0 0 0]
 [0 0 1 0 2 5 0 0 6]
 [0 0 5 0 0 7 1 0 0]
 [0 9 0 3 0 0 0 0 0]
 [0 0 0 0 0 0 0 0 9]]
Solution:
[[5 3 1 6 8 9 0 4 2]
 [7 0 0 2 4 0 9 5 6]
 [4 0 6 7 1 0 8 3 0]
 [6 8 7 4 9 2 0 1 5]
 [1 4 5 0 7 3 6 8 9]
 [0 2 9 1 6 8 4 7 3]
 [0 1 4 9 3 5 7 2 8]
 [2 9 3 8 0 1 5 6 4]
 [0 6 8 0 2 4 3 9 1]]
Number of cells unfilled: 14
Accuracy: 82.71604938271605
Sample: 13494
Question:
[[0 7 0 0 4 0 0 0 0]
 [0 0 0 0 8 0 0 7 0]
 [0 4 0 0 2 3 0 8 1]
 [0 0 0 0 0 8 0 0 0]
 [0 0 0 0 1 2 0 5 0]
 [9 0 6 5 0 0 0 2 0]
 [0 0 0 0 0 4 8 1 3]
 [0 3 0 0 0 0 0 9 7]
 [7 0 0 0 0 0 0 0 0]]
Solution:
[[5 3 1 6 8 9 0 4 2]
 [7 0 0 2 4 0 1 3 6]
 [4 0 6 7 1 0 8 9 5]
 [6 8 7 4 9 2 0 5 1]
 [1 4 5 0 7 3 6 8 9]
 [0 2 9 1 6 8 4 7 3]
 [0 1 4 9 3 5 7 2 8]
 [2 9 3 8 0 1 5 6 4]
 [0 6 8 0 2 4 3 1 0]]
Number of cells unfilled: 14
Accuracy: 82.71604938271605
Sample: 13495
Question:
[[8 0 0 1 0 0 0 3 0]
 [0 0 0 0 0 9 2 0 0]
 [0 3 0 0 6 0 0 0 7]
 [9 0 0 0 0 0 0 2 0]
 [0 0 5 0 0 0 0 0 8]
 [0 8 0 0 4 0 7 0 0]
 [0 6 0 0 8 0 0 7 0]
 [5 0 0 0 0 6 0 0 2]
 [7 0 0 0 0 1 4 0 6]]
Solution:
[[5 3 1 6 8 9 0 4 2]
 [7 0 0 2 4 0 9 5 6]
 [4 0 6 7 5 0 8 3 0]
 [6 8 7 4 9 2 0 1 5]
 [1 4 5 0 7 3 6 8 9]
 [0 2 9 1 6 8 4 7 3]
 [0 1 4 9 3 5 7 2 8]
 [2 9 3 8 0 1 5 6 4]
 [0 6 8 0 2 4 3 9 1]]
Number of cells unfilled: 14
Accuracy: 82.71604938271605
Sample: 13496
Question:
[[0 0 0 0 2 8 7 0 0]
 [0 7 0 0 0 0 0 0 0]
 [2 0 0 9 0 0 0 3 0]
 [0 0 0 0 0 5 0 0 4]
 [0 8 5 0 4 0 3 0 0]
 [3 0 0 1 0 0 0 6 0]
 [0 0 0 0 9 0 0 1 0]
 [9 0 0 0 0 0 6 0 2]
 [0 0 6 2 0 0 0 0 3]]
Solution:
[[5 3 1 6 8 9 0 4 2]
 [7 0 0 2 4 0 1 5 6]
 [4 0 6 7 1 0 8 3 0]
 [6 8 7 4 9 2 0 1 5]
 [1 4 5 0 7 3 6 8 9]
 [0 2 9 1 6 8 4 7 3]
 [0 1 4 9 3 5 7 2 8]
 [2 9 3 8 0 1 5 6 4]
 [0 6 8 0 2 4 3 9 1]]
Number of cells unfilled: 14
Accuracy: 82.71604938271605
Sample: 13497
Question:
[[0 0 0 0 0 0 0 1 0]
 [6 7 0 8 0 0 2 0 0]
 [0 0 9 0 5 2 0 0 7]
 [2 0 0 0 6 5 0 0 1]
 [0 0 0 0 0 3 0 0 0]
 [0 0 5 0 0 0 0 4 0]
 [9 0 0 3 0 0 0 0 0]
 [0 5 0 0 9 7 0 0 2]
 [0 0 2 0 0 0 1 0 0]]
Solution:
[[5 3 1 6 8 9 0 4 2]
 [7 0 0 2 4 0 9 3 6]
 [4 0 6 7 1 0 8 5 0]
 [6 8 7 4 9 2 0 1 5]
 [1 4 5 0 7 3 6 8 9]
 [0 2 9 1 6 8 4 7 3]
 [0 1 4 9 3 5 7 2 8]
 [2 9 3 8 0 1 5 6 4]
 [0 6 8 0 2 4 3 9 1]]
Number of cells unfilled: 14
Accuracy: 82.71604938271605
Sample: 13498
Question:
[[0 0 1 0 4 0 0 0 6]
 [6 0 0 0 0 3 0 4 0]
 [0 0 0 0 0 7 1 0 0]
 [0 0 0 0 0 6 0 0 9]
 [0 0 8 9 0 0 0 0 0]
 [9 0 0 0 7 0 6 0 0]
 [0 5 0 0 6 0 7 0 0]
 [0 0 0 0 0 2 0 5 1]
 [3 0 0 0 1 0 4 0 0]]
Solution:
[[5 3 1 6 8 9 0 4 2]
 [7 0 0 2 4 0 1 3 6]
 [4 0 6 7 5 0 8 9 0]
 [6 8 7 4 9 2 0 5 1]
 [1 4 5 0 7 3 6 8 0]
 [0 2 9 1 6 8 4 7 3]
 [0 1 4 9 3 5 7 2 8]
 [2 9 3 8 0 1 5 6 4]
 [0 6 8 0 2 4 3 1 9]]
Number of cells unfilled: 15
Accuracy: 81.48148148148148
Sample: 13499
Question:
[[0 1 0 0 0 0 0 3 0]
 [0 0 5 3 0 0 4 0 0]
 [0 7 0 0 0 4 0 0 5]
 [0 0 0 0 0 0 6 0 0]
 [0 0 1 0 0 6 0 4 0]
 [6 0 0 9 4 0 0 0 0]
 [0 8 0 0 0 0 0 0 2]
 [0 0 4 0 2 3 0 1 0]
 [0 0 3 0 0 7 0 5 0]]
Solution:
[[5 3 1 6 8 9 0 4 2]
 [7 0 0 2 4 0 1 3 6]
 [4 0 6 7 1 0 8 5 0]
 [6 8 7 4 9 2 0 1 5]
 [1 4 5 0 7 3 6 8 9]
 [0 2 9 1 6 8 4 7 3]
 [0 1 4 9 3 5 7 2 8]
 [2 9 3 8 0 1 5 6 4]
 [0 6 8 0 2 4 3 9 1]]
Number of cells unfilled: 14
Accuracy: 82.71604938271605
Sample: 13500
Question:
[[0 3 1 0 0 9 0 0 2]
 [7 0 0 2 4 0 0 0 0]
 [0 0 0 0 0 0 8 0 0]
 [6 0 0 0 9 0 0 0 0]
 [1 0 0 0 0 3 0 8 0]
 [0 2 9 1 0 0 0 0 3]
 [0 0 4 0 3 0 0 0 8]
 [0 0 0 0 0 1 5 0 0]
 [0 6 0 0 0 0 3 0 0]]
Solution:
[[5 3 1 6 8 9 0 4 2]
 [7 0 0 2 4 0 1 9 6]
 [4 0 6 7 5 0 8 3 0]
 [6 8 7 4 9 2 0 5 1]
 [1 4 5 0 7 3 6 8 9]
 [0 2 9 1 6 8 4 7 3]
 [0 1 4 9 3 5 7 2 8]
 [2 9 3 8 0 1 5 6 4]
 [0 6 8 0 2 4 3 1 0]]
Number of cells unfilled: 15
Accuracy: 81.48148148148148
