2025-10-22 13:49:55.470051: I tensorflow/core/util/port.cc:153] oneDNN custom operations are on. You may see slightly different numerical results due to floating-point round-off errors from different computation orders. To turn them off, set the environment variable `TF_ENABLE_ONEDNN_OPTS=0`.
2025-10-22 13:49:55.848595: I tensorflow/core/platform/cpu_feature_guard.cc:210] This TensorFlow binary is optimized to use available CPU instructions in performance-critical operations.
To enable the following instructions: AVX2 AVX512F AVX512_VNNI FMA, in other operations, rebuild TensorFlow with the appropriate compiler flags.
2025-10-22 13:50:01.220187: I tensorflow/core/util/port.cc:153] oneDNN custom operations are on. You may see slightly different numerical results due to floating-point round-off errors from different computation orders. To turn them off, set the environment variable `TF_ENABLE_ONEDNN_OPTS=0`.
2025-10-22 13:50:07.713665: E external/local_xla/xla/stream_executor/cuda/cuda_platform.cc:51] failed call to cuInit: INTERNAL: CUDA error: Failed call to cuInit: UNKNOWN ERROR (303)
Sample: 13801
Question:
[[0 7 0 0 0 0 6 2 8]
 [0 1 4 0 0 7 0 0 0]
 [3 0 0 9 2 0 0 0 0]
 [0 0 0 0 5 0 0 0 1]
 [8 0 0 0 9 0 7 6 0]
 [0 0 1 0 3 8 4 0 9]
 [0 0 6 0 0 1 0 0 5]
 [0 0 0 0 4 6 3 0 7]
 [0 4 5 0 7 0 2 8 0]]
Solution:
[[2 5 0 4 7 8 1 3 6]
 [3 1 9 0 2 6 7 8 4]
 [4 6 8 5 1 3 9 0 2]
 [5 3 7 2 9 1 6 4 0]
 [0 9 4 7 5 0 8 1 3]
 [1 2 6 8 3 4 0 7 9]
 [6 4 1 9 8 5 3 2 7]
 [9 7 3 1 4 2 0 6 8]
 [0 8 2 3 6 7 5 9 1]]
Number of cells unfilled: 9
Accuracy: 88.88888888888889
Sample: 13802
Question:
[[0 7 0 0 0 0 0 0 0]
 [0 0 0 0 0 9 0 3 4]
 [0 6 0 0 0 8 0 0 0]
 [0 2 0 0 0 0 0 5 0]
 [0 0 1 0 0 0 0 4 2]
 [0 0 0 0 0 6 0 0 0]
 [0 0 0 7 0 0 6 0 0]
 [0 0 0 0 0 0 0 0 8]
 [0 0 4 0 5 0 0 0 0]]
Solution:
[[2 5 0 4 7 9 1 3 6]
 [3 1 9 8 2 6 7 5 4]
 [4 6 8 5 1 3 9 0 2]
 [5 3 7 2 9 1 6 4 0]
 [0 9 4 7 5 0 8 1 3]
 [1 2 6 0 3 4 0 7 9]
 [6 4 1 9 8 5 3 2 7]
 [9 7 3 1 4 2 0 6 8]
 [0 8 2 3 6 7 5 9 1]]
Number of cells unfilled: 9
Accuracy: 88.88888888888889
Sample: 13803
Question:
[[0 3 0 0 0 5 0 9 0]
 [6 1 0 2 0 0 0 0 0]
 [8 2 0 7 0 9 4 1 0]
 [0 9 3 0 4 0 0 2 6]
 [0 0 0 0 5 8 0 0 0]
 [1 8 0 0 0 0 3 7 0]
 [0 6 2 0 8 1 0 0 4]
 [0 0 0 0 0 0 2 5 1]
 [9 0 0 0 0 3 7 0 0]]
Solution:
[[2 5 0 4 7 0 9 3 6]
 [3 1 9 8 2 6 7 5 4]
 [4 6 8 5 9 3 1 0 2]
 [5 3 7 0 0 1 6 4 0]
 [0 9 4 2 5 0 8 1 3]
 [1 2 6 0 3 4 0 7 9]
 [6 4 1 9 8 5 3 2 7]
 [9 7 3 1 4 2 0 6 8]
 [0 8 2 3 6 7 5 9 1]]
Number of cells unfilled: 12
Accuracy: 85.18518518518519
Sample: 13804
Question:
[[4 6 0 0 0 3 0 0 0]
 [8 0 1 0 0 0 0 0 0]
 [0 3 0 1 5 2 0 0 0]
 [0 0 4 8 0 5 0 0 0]
 [9 0 0 0 6 0 0 2 0]
 [0 0 0 0 0 0 9 8 6]
 [2 0 0 0 0 0 8 0 9]
 [0 0 8 0 0 0 0 7 0]
 [0 7 0 0 0 0 0 0 2]]
Solution:
[[2 5 0 4 7 8 9 3 6]
 [3 1 9 0 2 6 7 5 4]
 [4 6 8 5 9 3 1 0 2]
 [5 3 7 2 0 1 6 4 9]
 [0 9 4 6 5 0 8 1 3]
 [1 2 6 8 3 4 0 7 5]
 [6 4 1 9 8 5 3 2 7]
 [9 7 3 1 4 2 0 6 8]
 [0 8 2 3 6 7 5 9 1]]
Number of cells unfilled: 9
Accuracy: 88.88888888888889
Sample: 13805
Question:
[[0 0 0 3 0 0 0 0 1]
 [0 4 0 0 0 0 0 0 0]
 [6 0 0 0 0 7 8 0 0]
 [9 0 0 6 0 0 0 7 5]
 [0 0 0 0 0 9 0 8 6]
 [0 0 0 0 7 0 9 0 0]
 [5 0 0 0 2 8 6 0 0]
 [0 0 6 4 0 0 0 2 0]
 [4 8 0 0 0 6 5 0 0]]
Solution:
[[2 5 0 4 7 9 1 3 6]
 [3 1 9 8 2 6 7 5 4]
 [4 6 8 5 1 3 9 0 2]
 [5 3 7 2 9 1 6 4 0]
 [0 9 4 6 5 0 8 1 3]
 [1 2 6 0 3 4 0 7 9]
 [6 4 1 9 8 5 3 2 7]
 [9 7 3 1 4 2 0 6 8]
 [0 8 2 3 6 7 5 9 1]]
Number of cells unfilled: 9
Accuracy: 88.88888888888889
Sample: 13806
Question:
[[0 0 1 0 5 0 0 7 0]
 [0 5 0 6 0 0 0 0 0]
 [7 0 0 1 0 3 5 0 0]
 [9 0 0 8 0 6 0 0 0]
 [0 6 8 0 7 0 3 0 0]
 [0 7 0 0 3 0 9 0 8]
 [4 0 0 0 0 2 0 0 0]
 [0 0 0 0 0 0 0 9 0]
 [0 1 0 0 6 0 7 0 0]]
Solution:
[[2 5 0 4 7 8 1 3 6]
 [3 1 9 0 2 6 0 8 4]
 [4 6 8 5 9 3 7 0 2]
 [5 3 7 0 0 1 6 4 0]
 [0 9 4 2 5 0 8 1 3]
 [1 2 6 8 3 4 0 7 9]
 [6 4 1 9 8 5 3 2 7]
 [9 7 3 1 4 2 0 6 8]
 [0 8 2 3 6 7 5 9 1]]
Number of cells unfilled: 12
Accuracy: 85.18518518518519
Sample: 13807
Question:
[[0 4 0 6 2 0 0 0 0]
 [0 0 0 8 0 1 0 0 0]
 [3 0 0 0 5 7 0 2 0]
 [9 0 2 0 0 0 0 8 1]
 [0 0 0 0 0 0 0 0 9]
 [0 0 6 0 1 0 4 5 0]
 [0 2 0 1 6 0 0 0 5]
 [0 8 0 0 7 0 0 4 0]
 [0 3 0 0 0 0 0 0 2]]
Solution:
[[2 5 0 4 7 9 1 3 6]
 [3 1 9 8 2 6 7 5 4]
 [4 6 8 5 1 3 0 0 2]
 [5 3 7 2 9 1 6 4 0]
 [0 9 4 7 5 0 8 1 3]
 [1 2 6 0 3 4 9 7 5]
 [6 4 1 9 8 5 3 2 7]
 [9 7 3 1 4 2 0 6 8]
 [0 8 2 3 6 7 5 9 1]]
Number of cells unfilled: 9
Accuracy: 88.88888888888889
Sample: 13808
Question:
[[0 2 0 0 0 0 7 0 0]
 [8 0 7 0 5 9 2 6 0]
 [6 0 0 0 0 7 0 3 0]
 [0 4 8 0 0 0 0 9 0]
 [3 0 0 0 0 0 0 0 0]
 [0 6 9 0 0 8 0 0 3]
 [4 0 0 0 0 3 0 8 0]
 [0 0 0 7 0 0 0 0 5]
 [0 0 0 0 1 0 3 0 0]]
Solution:
[[2 5 0 4 7 8 1 3 9]
 [3 1 9 0 2 6 7 5 4]
 [4 6 8 5 1 3 0 0 2]
 [5 3 7 2 9 1 6 4 0]
 [0 9 4 7 5 0 8 1 3]
 [1 2 6 8 3 4 9 7 5]
 [6 4 1 9 8 5 3 2 7]
 [9 7 3 1 4 2 0 6 8]
 [0 8 2 3 6 7 5 9 1]]
Number of cells unfilled: 9
Accuracy: 88.88888888888889
Sample: 13809
Question:
[[0 0 0 0 1 0 8 0 0]
 [4 0 0 0 6 0 0 0 0]
 [0 0 5 0 0 2 0 7 0]
 [0 0 2 0 9 5 0 6 0]
 [0 0 0 4 0 0 0 0 3]
 [0 0 4 0 0 6 0 9 0]
 [0 0 7 0 0 0 6 0 9]
 [5 0 0 0 0 9 0 0 7]
 [2 0 0 0 0 0 0 5 0]]
Solution:
[[2 5 0 4 7 8 1 3 6]
 [3 1 9 0 2 6 0 5 4]
 [4 6 8 5 9 3 7 0 2]
 [5 3 7 0 0 1 6 4 0]
 [0 9 4 2 5 0 8 1 3]
 [1 2 6 8 3 4 0 7 9]
 [6 4 1 9 8 5 3 2 7]
 [9 7 3 1 4 2 0 6 8]
 [0 8 2 3 6 7 5 9 1]]
Number of cells unfilled: 12
Accuracy: 85.18518518518519
Sample: 13810
Question:
[[0 0 4 8 0 0 0 7 0]
 [0 0 0 0 0 7 0 1 0]
 [0 0 0 4 5 0 8 0 0]
 [2 0 0 3 0 0 0 4 0]
 [0 0 7 0 0 5 1 0 0]
 [0 0 5 0 0 4 2 0 0]
 [0 0 1 0 0 8 7 0 0]
 [0 6 0 0 9 0 0 0 0]
 [0 5 0 0 0 0 0 2 0]]
Solution:
[[2 5 0 4 7 9 1 3 6]
 [3 1 9 8 2 6 7 5 4]
 [4 6 8 5 1 3 0 0 2]
 [5 3 7 2 9 1 6 4 0]
 [0 9 4 7 5 0 8 1 3]
 [1 2 6 0 3 4 9 7 5]
 [6 4 1 9 8 5 3 2 7]
 [9 7 3 1 4 2 0 6 8]
 [0 8 2 3 6 7 5 9 1]]
Number of cells unfilled: 9
Accuracy: 88.88888888888889
Sample: 13811
Question:
[[1 0 0 2 0 0 0 0 0]
 [0 0 0 0 0 0 3 0 0]
 [0 7 0 0 0 5 0 0 8]
 [0 0 9 0 3 0 4 0 0]
 [0 6 0 0 9 8 0 0 5]
 [0 4 0 0 0 6 0 0 3]
 [6 0 4 8 0 0 0 0 7]
 [0 0 7 0 0 4 0 0 0]
 [0 8 0 0 0 0 5 0 0]]
Solution:
[[2 5 0 4 7 0 9 3 6]
 [3 1 9 8 2 6 7 5 4]
 [4 6 8 5 9 3 1 0 2]
 [5 3 7 2 0 1 6 4 9]
 [0 9 4 7 5 0 8 1 3]
 [1 2 6 0 3 4 0 7 5]
 [6 4 1 9 8 5 3 2 7]
 [9 7 3 1 4 2 0 6 8]
 [0 8 2 3 6 7 5 9 1]]
Number of cells unfilled: 10
Accuracy: 87.65432098765432
Sample: 13812
Question:
[[2 0 0 7 0 0 0 9 0]
 [0 0 3 0 0 2 0 0 8]
 [0 0 0 0 4 0 0 0 0]
 [0 0 0 0 2 0 0 7 0]
 [5 0 0 0 0 0 9 0 0]
 [0 0 7 9 0 0 5 0 6]
 [0 4 0 0 5 0 1 0 0]
 [7 0 5 2 0 0 0 6 0]
 [6 0 0 4 0 0 0 5 0]]
Solution:
[[2 5 0 4 7 8 1 3 6]
 [3 1 9 0 2 6 7 5 4]
 [4 6 8 5 9 3 0 0 2]
 [5 3 7 8 0 1 6 4 9]
 [0 9 4 6 5 0 8 1 3]
 [1 2 6 0 3 4 0 7 5]
 [6 4 1 9 8 5 3 2 7]
 [9 7 3 1 4 2 0 6 8]
 [0 8 2 3 6 7 5 9 1]]
Number of cells unfilled: 11
Accuracy: 86.41975308641975
Sample: 13813
Question:
[[8 4 0 0 0 5 2 0 0]
 [0 0 0 0 4 0 0 0 3]
 [0 0 7 2 8 0 0 0 0]
 [0 0 9 0 0 0 0 0 0]
 [0 0 0 0 5 0 0 4 6]
 [4 5 0 8 0 0 1 0 0]
 [0 0 8 0 0 1 0 9 0]
 [0 0 0 0 0 0 0 0 0]
 [9 1 0 0 2 0 5 0 0]]
Solution:
[[2 5 0 4 7 0 9 3 6]
 [3 1 9 8 2 6 7 5 4]
 [4 6 8 5 9 3 1 0 2]
 [5 3 7 2 0 1 6 4 9]
 [0 9 4 6 5 0 8 1 3]
 [1 2 6 0 3 4 0 7 5]
 [6 4 1 9 8 5 3 2 7]
 [9 7 3 1 4 2 0 6 8]
 [0 8 2 3 6 7 5 9 1]]
Number of cells unfilled: 10
Accuracy: 87.65432098765432
Sample: 13814
Question:
[[1 0 0 0 0 0 7 0 0]
 [0 0 7 0 9 0 0 3 0]
 [3 4 0 7 0 0 0 0 8]
 [5 2 0 0 0 0 0 0 0]
 [0 0 3 4 0 0 8 0 0]
 [0 0 8 0 5 6 0 0 0]
 [0 0 0 0 1 0 0 0 2]
 [0 0 1 9 0 0 4 8 0]
 [0 0 0 0 0 8 0 6 0]]
Solution:
[[2 5 0 4 7 9 1 3 6]
 [3 1 9 8 2 6 7 5 4]
 [4 6 8 5 1 3 0 0 2]
 [5 3 7 2 9 1 6 4 0]
 [0 9 4 7 5 0 8 1 3]
 [1 2 6 0 3 4 9 7 5]
 [6 4 1 9 8 5 3 2 7]
 [9 7 3 1 4 2 0 6 8]
 [0 8 2 3 6 7 5 9 1]]
Number of cells unfilled: 9
Accuracy: 88.88888888888889
Sample: 13815
Question:
[[1 0 0 0 0 4 0 0 0]
 [0 0 0 0 8 0 3 0 0]
 [0 2 0 5 0 0 0 0 6]
 [0 5 0 7 0 0 0 3 0]
 [0 0 0 0 0 0 6 0 0]
 [4 0 9 0 0 1 0 0 5]
 [2 0 0 0 9 0 0 0 7]
 [0 7 0 2 0 0 5 0 0]
 [0 0 8 0 0 0 0 2 3]]
Solution:
[[2 5 0 4 7 9 1 3 6]
 [3 1 9 8 2 6 7 5 4]
 [4 6 8 5 1 3 0 0 2]
 [5 3 7 2 9 1 6 4 0]
 [0 9 4 6 5 0 8 1 3]
 [1 2 6 0 3 4 9 7 5]
 [6 4 1 9 8 5 3 2 7]
 [9 7 3 1 4 2 0 6 8]
 [0 8 2 3 6 7 5 9 1]]
Number of cells unfilled: 9
Accuracy: 88.88888888888889
Sample: 13816
Question:
[[7 0 0 0 0 0 9 0 0]
 [0 0 5 1 0 0 0 0 3]
 [0 0 0 0 0 8 0 4 0]
 [0 0 0 6 0 0 0 2 0]
 [0 0 6 0 0 3 0 0 5]
 [0 4 0 8 5 0 0 0 0]
 [6 0 0 0 0 1 0 0 0]
 [9 2 0 3 0 0 7 0 0]
 [0 0 3 0 8 0 0 0 6]]
Solution:
[[2 5 0 4 7 8 1 3 6]
 [3 1 9 0 2 6 7 5 4]
 [4 6 8 5 1 3 9 0 2]
 [5 3 7 8 9 1 6 4 0]
 [0 9 4 6 5 0 8 1 3]
 [1 2 6 0 3 4 0 7 9]
 [6 4 1 9 8 5 3 2 7]
 [9 7 3 1 4 2 0 6 8]
 [0 8 2 3 6 7 5 9 1]]
Number of cells unfilled: 10
Accuracy: 87.65432098765432
Sample: 13817
Question:
[[4 0 1 0 0 3 8 0 0]
 [0 0 0 0 0 0 0 0 0]
 [0 0 7 0 0 0 0 3 0]
 [0 1 8 0 0 4 0 9 0]
 [9 0 0 6 0 0 0 0 0]
 [0 4 0 0 0 0 1 0 0]
 [1 0 0 0 0 9 6 0 3]
 [8 0 0 0 0 6 4 0 0]
 [0 6 0 2 0 0 0 0 5]]
Solution:
[[2 5 0 4 7 0 9 3 6]
 [3 1 9 8 2 6 7 5 4]
 [4 6 8 5 9 3 1 0 2]
 [5 3 7 2 0 1 6 4 9]
 [0 9 4 6 5 0 8 1 3]
 [1 2 6 0 3 4 0 7 5]
 [6 4 1 9 8 5 3 2 7]
 [9 7 3 1 4 2 0 6 8]
 [0 8 2 3 6 7 5 9 1]]
Number of cells unfilled: 10
Accuracy: 87.65432098765432
Sample: 13818
Question:
[[5 0 0 0 0 6 0 0 0]
 [0 0 0 0 0 0 0 0 0]
 [0 7 0 2 9 0 6 0 0]
 [0 8 0 9 6 0 3 0 0]
 [0 2 0 7 0 0 9 0 0]
 [0 0 0 0 1 0 0 4 0]
 [0 3 0 0 0 0 0 9 0]
 [0 0 7 8 0 0 0 3 0]
 [2 0 8 0 0 0 7 0 0]]
Solution:
[[2 5 0 4 7 8 1 3 9]
 [3 1 9 0 2 6 7 8 4]
 [4 6 8 5 1 3 0 0 2]
 [5 3 7 2 9 1 6 4 0]
 [0 9 4 7 5 0 8 1 3]
 [1 2 6 8 3 4 9 7 5]
 [6 4 1 9 8 5 3 2 7]
 [9 7 3 1 4 2 0 6 8]
 [0 8 2 3 6 7 5 9 1]]
Number of cells unfilled: 9
Accuracy: 88.88888888888889
Sample: 13819
Question:
[[4 0 0 0 6 0 0 0 7]
 [0 3 6 0 0 0 8 0 0]
 [0 0 7 5 0 0 0 6 0]
 [0 0 0 8 0 1 0 0 0]
 [0 4 0 0 9 0 0 0 3]
 [0 0 9 0 0 2 0 5 0]
 [0 0 4 0 2 0 0 0 6]
 [0 6 0 1 0 0 0 0 0]
 [2 0 0 0 0 6 0 9 0]]
Solution:
[[2 5 0 4 7 8 9 3 6]
 [3 1 9 0 2 6 7 5 4]
 [4 6 8 5 9 3 1 0 2]
 [5 3 7 8 0 1 6 4 9]
 [0 9 4 2 5 0 8 1 3]
 [1 2 6 0 3 4 0 7 5]
 [6 4 1 9 8 5 3 2 7]
 [9 7 3 1 4 2 0 6 8]
 [0 8 2 3 6 7 5 9 1]]
Number of cells unfilled: 10
Accuracy: 87.65432098765432
Sample: 13820
Question:
[[0 0 5 0 0 6 0 0 4]
 [3 0 0 2 5 0 9 0 0]
 [0 0 9 0 4 0 7 0 0]
 [0 3 0 0 0 4 8 0 0]
 [4 0 0 0 0 9 0 0 0]
 [0 0 2 0 0 0 0 0 5]
 [7 0 0 3 0 5 0 9 1]
 [0 6 0 0 0 0 0 0 0]
 [0 0 0 0 7 0 5 0 3]]
Solution:
[[2 5 0 4 7 9 1 3 6]
 [3 1 9 8 2 6 7 5 4]
 [4 6 8 5 1 3 9 0 2]
 [5 3 7 2 9 1 6 4 0]
 [0 9 4 6 5 0 8 1 3]
 [1 2 6 0 3 4 0 7 9]
 [6 4 1 9 8 5 3 2 7]
 [9 7 3 1 4 2 0 6 8]
 [0 8 2 3 6 7 5 9 1]]
Number of cells unfilled: 9
Accuracy: 88.88888888888889
Sample: 13821
Question:
[[0 5 0 0 1 0 2 9 0]
 [0 0 0 0 0 4 6 0 0]
 [0 0 1 0 0 0 0 5 4]
 [5 0 0 8 0 0 1 0 0]
 [7 0 0 0 2 5 0 0 0]
 [0 0 8 0 0 0 0 0 0]
 [0 9 0 6 0 0 0 0 0]
 [0 0 3 0 9 0 0 6 8]
 [8 0 4 1 0 0 0 0 0]]
Solution:
[[2 5 0 4 7 9 1 3 6]
 [3 1 9 8 2 6 7 5 4]
 [4 6 8 5 1 3 9 0 2]
 [5 3 7 2 9 1 6 4 0]
 [0 9 4 6 5 0 8 1 3]
 [1 2 6 0 3 4 0 7 9]
 [6 4 1 9 8 5 3 2 7]
 [9 7 3 1 4 2 0 6 8]
 [0 8 2 3 6 7 5 9 1]]
Number of cells unfilled: 9
Accuracy: 88.88888888888889
Sample: 13822
Question:
[[0 5 0 0 0 0 2 0 9]
 [0 0 0 0 9 0 0 6 7]
 [0 0 9 0 0 6 5 1 0]
 [8 0 0 4 0 0 0 0 0]
 [0 2 0 0 6 0 0 7 0]
 [5 0 0 0 0 3 1 0 0]
 [0 0 5 0 0 7 0 0 1]
 [0 3 0 0 5 0 0 2 0]
 [4 0 0 8 0 0 0 0 0]]
Solution:
[[2 5 0 4 7 0 9 3 6]
 [3 1 9 8 2 6 7 5 4]
 [4 6 8 5 9 3 1 0 2]
 [5 3 7 0 0 1 6 4 0]
 [0 9 4 2 5 0 8 1 3]
 [1 2 6 0 3 4 0 7 9]
 [6 4 1 9 8 5 3 2 7]
 [9 7 3 1 4 2 0 6 8]
 [0 8 2 3 6 7 5 9 1]]
Number of cells unfilled: 12
Accuracy: 85.18518518518519
Sample: 13823
Question:
[[0 0 4 0 0 1 0 0 0]
 [0 9 0 6 3 0 2 0 0]
 [1 0 0 2 7 0 0 5 3]
 [0 7 0 0 6 0 0 0 0]
 [8 0 0 0 0 0 0 2 9]
 [0 0 0 0 0 0 1 0 0]
 [0 0 0 0 0 6 0 0 0]
 [5 0 2 3 0 0 0 4 8]
 [9 0 0 0 0 0 0 0 1]]
Solution:
[[2 5 0 4 7 9 1 3 6]
 [3 1 9 8 2 6 7 5 4]
 [4 6 8 5 1 3 9 0 2]
 [5 3 7 2 9 1 6 4 0]
 [0 9 4 6 5 0 8 1 3]
 [1 2 6 0 3 4 0 7 9]
 [6 4 1 9 8 5 3 2 7]
 [9 7 3 1 4 2 0 6 8]
 [0 8 2 3 6 7 5 9 1]]
Number of cells unfilled: 9
Accuracy: 88.88888888888889
Sample: 13824
Question:
[[0 0 0 4 0 0 2 0 1]
 [1 0 0 0 7 9 6 0 0]
 [0 0 0 8 0 0 5 0 0]
 [9 0 0 0 0 7 0 0 0]
 [0 0 5 0 0 0 0 9 3]
 [0 4 0 5 0 0 8 2 0]
 [0 6 3 0 0 0 7 4 0]
 [0 0 0 0 0 0 0 0 0]
 [4 0 0 0 0 5 3 0 8]]
Solution:
[[2 5 0 4 7 9 1 3 6]
 [3 1 9 8 2 6 7 5 4]
 [4 6 8 5 1 3 0 0 2]
 [5 3 7 2 9 1 6 4 0]
 [0 9 4 6 5 0 8 1 3]
 [1 2 6 0 3 4 9 7 5]
 [6 4 1 9 8 5 3 2 7]
 [9 7 3 1 4 2 0 6 8]
 [0 8 2 3 6 7 5 9 1]]
Number of cells unfilled: 9
Accuracy: 88.88888888888889
Sample: 13825
Question:
[[0 1 0 0 7 0 0 3 0]
 [0 0 0 0 0 6 5 0 0]
 [0 0 0 9 0 0 0 0 2]
 [0 0 5 0 0 0 2 0 0]
 [8 0 0 0 3 0 0 1 0]
 [0 7 0 0 0 2 0 0 8]
 [0 0 6 0 0 0 0 0 9]
 [7 8 0 0 0 0 0 4 0]
 [3 0 0 0 8 0 0 0 0]]
Solution:
[[2 5 0 4 7 0 9 3 6]
 [3 1 9 8 2 6 7 5 4]
 [4 6 8 5 9 3 1 0 2]
 [5 3 7 2 0 1 6 4 0]
 [0 9 4 7 5 0 8 1 3]
 [1 2 6 0 3 4 0 7 9]
 [6 4 1 9 8 5 3 2 7]
 [9 7 3 1 4 2 0 6 8]
 [0 8 2 3 6 7 5 9 1]]
Number of cells unfilled: 11
Accuracy: 86.41975308641975
Sample: 13826
Question:
[[6 0 0 0 0 7 2 0 0]
 [0 9 0 0 2 0 0 7 0]
 [0 0 2 5 0 0 0 0 8]
 [4 0 0 0 0 0 5 0 0]
 [0 8 0 6 0 0 0 1 0]
 [0 0 1 0 5 0 0 0 2]
 [0 0 6 0 9 0 0 0 0]
 [0 1 0 8 0 0 0 0 9]
 [0 0 0 0 0 3 4 0 0]]
Solution:
[[2 5 0 4 7 9 1 3 6]
 [3 1 9 8 2 6 7 5 4]
 [4 6 8 5 1 3 0 0 2]
 [5 3 7 2 9 1 6 4 0]
 [0 9 4 6 5 0 8 1 3]
 [1 2 6 0 3 4 9 7 5]
 [6 4 1 9 8 5 3 2 7]
 [9 7 3 1 4 2 0 6 8]
 [0 8 2 3 6 7 5 9 1]]
Number of cells unfilled: 9
Accuracy: 88.88888888888889
Sample: 13827
Question:
[[0 0 0 2 0 6 0 0 0]
 [0 0 0 0 0 0 1 0 0]
 [1 0 5 0 3 4 6 0 0]
 [7 0 0 0 0 3 0 0 8]
 [3 0 8 5 0 0 2 7 0]
 [0 1 0 0 0 0 0 0 0]
 [4 0 3 0 0 0 5 0 6]
 [0 0 0 0 5 0 9 0 0]
 [0 0 0 3 0 9 0 2 0]]
Solution:
[[2 5 0 4 7 0 9 3 6]
 [3 1 9 8 2 6 7 5 4]
 [4 6 8 5 9 3 1 0 2]
 [5 3 7 2 0 1 6 4 0]
 [0 9 4 6 5 0 8 1 3]
 [1 2 6 0 3 4 0 7 9]
 [6 4 1 9 8 5 3 2 7]
 [9 7 3 1 4 2 0 6 8]
 [0 8 2 3 6 7 5 9 1]]
Number of cells unfilled: 11
Accuracy: 86.41975308641975
Sample: 13828
Question:
[[6 0 0 0 5 0 0 0 4]
 [0 0 1 0 0 0 2 7 6]
 [0 2 8 0 0 3 1 0 0]
 [9 0 4 0 1 7 0 0 0]
 [0 0 0 4 0 0 8 0 7]
 [0 6 3 2 9 0 0 0 0]
 [1 9 0 0 6 0 0 4 0]
 [5 0 7 8 4 1 9 0 0]
 [0 0 0 0 0 0 5 3 0]]
Solution:
[[2 5 0 4 7 0 9 3 6]
 [3 1 9 8 2 6 7 5 4]
 [4 6 8 5 9 3 1 0 2]
 [5 3 7 2 0 1 6 4 9]
 [0 9 4 6 5 0 8 1 3]
 [1 2 6 0 3 4 0 7 5]
 [6 4 1 9 8 5 3 2 7]
 [9 7 3 1 4 2 0 6 8]
 [0 8 2 3 6 7 5 9 1]]
Number of cells unfilled: 10
Accuracy: 87.65432098765432
Sample: 13829
Question:
[[0 0 0 0 0 0 5 0 0]
 [0 9 5 3 0 0 0 0 1]
 [7 0 0 0 0 0 2 0 0]
 [0 0 0 0 0 4 0 0 0]
 [0 0 3 5 7 0 0 0 6]
 [9 0 1 6 0 0 0 0 5]
 [0 0 0 8 0 0 6 1 0]
 [0 0 0 0 5 3 0 0 8]
 [0 0 8 0 6 0 0 0 0]]
Solution:
[[2 5 0 4 7 8 9 3 6]
 [3 1 9 0 2 6 7 8 4]
 [4 6 8 5 9 3 1 0 2]
 [5 3 7 2 0 1 6 4 0]
 [0 9 4 6 5 0 8 1 3]
 [1 2 6 8 3 4 0 7 9]
 [6 4 1 9 8 5 3 2 7]
 [9 7 3 1 4 2 0 6 8]
 [0 8 2 3 6 7 5 9 1]]
Number of cells unfilled: 10
Accuracy: 87.65432098765432
Sample: 13830
Question:
[[1 0 0 0 3 5 0 0 2]
 [0 0 0 0 4 0 3 5 0]
 [0 0 0 8 0 0 1 0 0]
 [7 0 0 0 5 3 2 0 0]
 [0 0 0 0 0 0 0 3 7]
 [0 9 0 0 0 0 0 0 5]
 [0 4 0 0 0 6 0 0 0]
 [3 0 0 0 1 7 0 2 0]
 [6 0 0 0 0 0 0 0 0]]
Solution:
[[2 5 0 4 7 0 9 3 6]
 [3 1 9 8 2 6 7 5 4]
 [4 6 8 5 9 3 1 0 2]
 [5 3 7 2 0 1 6 4 9]
 [0 9 4 6 5 0 8 1 3]
 [1 2 6 0 3 4 0 7 5]
 [6 4 1 9 8 5 3 2 7]
 [9 7 3 1 4 2 0 6 8]
 [0 8 2 3 6 7 5 9 1]]
Number of cells unfilled: 10
Accuracy: 87.65432098765432
Sample: 13831
Question:
[[0 0 0 0 0 7 4 5 0]
 [0 0 8 0 2 0 0 1 0]
 [5 3 0 0 9 0 0 6 0]
 [0 0 6 9 0 0 0 4 0]
 [2 0 0 0 0 8 0 0 0]
 [0 0 0 0 0 5 0 0 0]
 [3 0 2 1 5 0 0 7 0]
 [0 0 0 0 0 2 0 9 0]
 [8 0 0 0 0 4 5 0 0]]
Solution:
[[2 5 0 4 7 9 1 3 6]
 [3 1 9 8 2 6 7 5 4]
 [4 6 8 5 1 3 0 0 2]
 [5 3 7 2 9 1 6 4 0]
 [0 9 4 7 5 0 8 1 3]
 [1 2 6 0 3 4 9 7 5]
 [6 4 1 9 8 5 3 2 7]
 [9 7 3 1 4 2 0 6 8]
 [0 8 2 3 6 7 5 9 1]]
Number of cells unfilled: 9
Accuracy: 88.88888888888889
Sample: 13832
Question:
[[0 0 4 1 0 0 0 0 2]
 [0 9 0 0 5 0 6 0 0]
 [0 0 0 0 0 4 0 1 0]
 [0 0 9 2 0 0 0 8 0]
 [0 3 0 0 7 0 9 0 0]
 [8 0 0 0 0 5 0 0 0]
 [0 6 0 5 0 0 0 0 0]
 [7 0 0 0 3 0 0 0 0]
 [9 0 3 0 0 6 5 0 0]]
Solution:
[[2 5 0 4 7 8 1 3 6]
 [3 1 9 0 2 6 7 8 4]
 [4 6 8 5 9 3 0 0 2]
 [5 3 7 2 0 1 6 4 9]
 [0 9 4 7 5 0 8 1 3]
 [1 2 6 8 3 4 0 7 5]
 [6 4 1 9 8 5 3 2 7]
 [9 7 3 1 4 2 0 6 8]
 [0 8 2 3 6 7 5 9 1]]
Number of cells unfilled: 10
Accuracy: 87.65432098765432
Sample: 13833
Question:
[[1 0 0 0 4 0 0 3 0]
 [0 0 3 0 0 8 0 0 2]
 [0 0 6 0 0 5 0 0 0]
 [0 0 4 0 0 9 0 0 7]
 [8 0 0 0 0 0 2 0 0]
 [0 1 0 0 7 0 0 4 0]
 [0 0 1 0 8 0 0 7 6]
 [0 6 0 0 0 0 9 0 0]
 [7 0 0 5 0 0 0 0 4]]
Solution:
[[2 5 0 4 7 9 1 3 6]
 [3 1 9 8 2 6 7 5 4]
 [4 6 8 5 1 3 0 0 2]
 [5 3 7 2 9 1 6 4 0]
 [0 9 4 6 5 0 8 1 3]
 [1 2 6 0 3 4 9 7 5]
 [6 4 1 9 8 5 3 2 7]
 [9 7 3 1 4 2 0 6 8]
 [0 8 2 3 6 7 5 9 1]]
Number of cells unfilled: 9
Accuracy: 88.88888888888889
Sample: 13834
Question:
[[0 0 0 0 0 2 0 0 9]
 [4 7 0 0 0 0 0 0 1]
 [9 0 0 0 0 0 0 0 0]
 [0 2 0 0 0 0 1 8 0]
 [0 0 0 0 6 0 0 2 0]
 [0 0 0 5 0 8 9 0 3]
 [7 0 9 0 8 6 2 5 0]
 [0 1 0 0 0 5 0 0 0]
 [8 5 0 0 0 9 3 0 0]]
Solution:
[[2 5 0 4 7 8 9 3 6]
 [3 1 9 0 2 6 0 5 4]
 [4 6 8 5 1 3 7 0 2]
 [5 3 7 2 9 1 6 4 0]
 [0 9 4 6 5 0 8 1 3]
 [1 2 6 8 3 4 0 7 9]
 [6 4 1 9 8 5 3 2 7]
 [9 7 3 1 4 2 0 6 8]
 [0 8 2 3 6 7 5 9 1]]
Number of cells unfilled: 10
Accuracy: 87.65432098765432
Sample: 13835
Question:
[[0 0 0 0 0 0 0 6 8]
 [0 0 7 0 0 0 0 3 0]
 [0 6 0 0 3 8 1 0 0]
 [0 0 0 2 0 0 0 0 1]
 [0 1 0 0 5 3 0 8 0]
 [9 0 0 0 0 0 5 0 0]
 [0 5 0 0 8 6 0 0 3]
 [4 0 0 0 0 0 0 0 0]
 [0 0 0 0 9 0 8 0 0]]
Solution:
[[2 5 0 4 7 8 9 3 6]
 [3 1 9 0 2 6 0 5 4]
 [4 6 8 5 9 3 7 0 2]
 [5 3 7 8 0 1 6 4 9]
 [0 9 4 7 5 0 8 1 3]
 [1 2 6 0 3 4 0 7 5]
 [6 4 1 9 8 5 3 2 7]
 [9 7 3 1 4 2 0 6 8]
 [0 8 2 3 6 7 5 9 1]]
Number of cells unfilled: 11
Accuracy: 86.41975308641975
Sample: 13836
Question:
[[0 0 0 0 0 0 5 0 0]
 [0 6 0 0 1 0 0 7 0]
 [3 1 0 0 7 0 0 4 0]
 [0 0 0 2 0 0 0 0 0]
 [0 0 8 0 0 0 0 0 3]
 [0 4 0 0 6 0 0 9 0]
 [1 0 0 0 9 0 7 0 4]
 [0 0 0 0 0 6 0 1 0]
 [0 7 0 0 0 1 9 0 0]]
Solution:
[[2 5 0 4 7 8 9 3 6]
 [3 1 9 0 2 6 7 8 4]
 [4 6 8 5 9 3 1 0 2]
 [5 3 7 2 0 1 6 4 9]
 [0 9 4 7 5 0 8 1 3]
 [1 2 6 8 3 4 0 7 5]
 [6 4 1 9 8 5 3 2 7]
 [9 7 3 1 4 2 0 6 8]
 [0 8 2 3 6 7 5 9 1]]
Number of cells unfilled: 9
Accuracy: 88.88888888888889
Sample: 13837
Question:
[[0 0 0 0 0 6 0 4 0]
 [0 0 0 5 2 0 0 0 3]
 [5 0 0 0 3 0 6 0 0]
 [0 1 0 0 0 5 0 0 4]
 [0 0 0 0 0 0 7 3 0]
 [2 0 0 0 0 3 0 0 5]
 [0 0 3 8 0 0 0 0 0]
 [0 0 9 0 0 0 0 1 0]
 [4 0 0 0 0 2 0 0 6]]
Solution:
[[2 5 0 4 7 8 9 3 6]
 [3 1 9 0 2 6 7 8 4]
 [4 6 8 5 9 3 1 0 2]
 [5 3 7 2 0 1 6 4 9]
 [0 9 4 7 5 0 8 1 3]
 [1 2 6 8 3 4 0 7 5]
 [6 4 1 9 8 5 3 2 7]
 [9 7 3 1 4 2 0 6 8]
 [0 8 2 3 6 7 5 9 1]]
Number of cells unfilled: 9
Accuracy: 88.88888888888889
Sample: 13838
Question:
[[0 0 0 0 9 0 0 4 0]
 [0 0 1 4 0 0 0 0 2]
 [0 0 0 0 0 2 1 0 7]
 [0 0 0 0 0 0 3 0 0]
 [0 0 9 0 0 4 0 7 0]
 [6 0 0 0 5 0 0 0 0]
 [0 0 7 0 0 1 0 2 0]
 [1 0 0 8 0 0 0 0 0]
 [0 5 2 0 0 9 0 1 0]]
Solution:
[[2 5 0 4 7 0 9 3 6]
 [3 1 9 8 2 6 7 5 4]
 [4 6 8 5 9 3 1 0 2]
 [5 3 7 0 0 1 6 4 0]
 [0 9 4 2 5 0 8 1 3]
 [1 2 6 0 3 4 0 7 9]
 [6 4 1 9 8 5 3 2 7]
 [9 7 3 1 4 2 0 6 8]
 [0 8 2 3 6 7 5 9 1]]
Number of cells unfilled: 12
Accuracy: 85.18518518518519
Sample: 13839
Question:
[[0 0 5 0 1 0 3 0 6]
 [0 0 0 9 0 0 0 0 0]
 [0 0 6 0 5 0 0 0 2]
 [0 0 0 0 0 3 0 7 0]
 [4 0 0 0 0 0 0 6 0]
 [0 0 2 0 8 0 0 0 1]
 [0 6 0 8 0 0 0 0 5]
 [0 2 0 0 6 0 0 0 0]
 [0 0 8 5 0 1 0 0 0]]
Solution:
[[2 5 0 4 7 8 1 3 6]
 [3 1 9 0 2 6 0 8 4]
 [4 6 8 5 9 3 7 0 2]
 [5 3 7 2 0 1 6 4 0]
 [0 9 4 7 5 0 8 1 3]
 [1 2 6 8 3 4 0 7 9]
 [6 4 1 9 8 5 3 2 7]
 [9 7 3 1 4 2 0 6 8]
 [0 8 2 3 6 7 5 9 1]]
Number of cells unfilled: 11
Accuracy: 86.41975308641975
Sample: 13840
Question:
[[0 0 8 0 0 3 0 0 0]
 [2 0 0 9 7 0 0 0 3]
 [3 0 0 6 0 0 0 0 9]
 [9 0 0 0 0 0 0 6 0]
 [0 0 5 3 0 0 0 9 0]
 [0 2 3 0 0 0 0 0 5]
 [5 0 0 2 0 0 0 0 6]
 [0 7 0 0 0 4 0 0 0]
 [0 0 0 0 0 0 1 0 0]]
Solution:
[[2 5 0 4 7 9 1 3 6]
 [3 1 9 8 2 6 7 5 4]
 [4 6 8 5 1 3 0 0 2]
 [5 3 7 2 9 1 6 4 0]
 [0 9 4 6 5 0 8 1 3]
 [1 2 6 0 3 4 9 7 5]
 [6 4 1 9 8 5 3 2 7]
 [9 7 3 1 4 2 0 6 8]
 [0 8 2 3 6 7 5 9 1]]
Number of cells unfilled: 9
Accuracy: 88.88888888888889
Sample: 13841
Question:
[[0 0 9 8 0 0 0 4 1]
 [0 0 0 0 0 0 0 0 3]
 [0 0 0 0 1 7 0 0 0]
 [9 0 0 0 5 0 0 0 0]
 [4 0 1 0 0 0 0 0 0]
 [0 6 0 4 0 0 0 1 9]
 [0 0 6 0 0 0 2 0 0]
 [0 8 0 0 0 3 0 0 0]
 [1 0 0 6 0 0 0 9 8]]
Solution:
[[2 5 0 4 7 0 9 3 6]
 [3 1 9 8 2 6 7 5 4]
 [4 6 8 5 9 3 1 0 2]
 [5 3 7 2 0 1 6 4 9]
 [0 9 4 6 5 0 8 1 3]
 [1 2 6 0 3 4 0 7 5]
 [6 4 1 9 8 5 3 2 7]
 [9 7 3 1 4 2 0 6 8]
 [0 8 2 3 6 7 5 9 1]]
Number of cells unfilled: 10
Accuracy: 87.65432098765432
Sample: 13842
Question:
[[6 0 0 0 2 0 0 0 1]
 [0 0 0 0 0 1 9 0 6]
 [0 0 0 0 5 0 0 2 0]
 [0 0 2 7 0 0 0 0 0]
 [9 0 0 0 0 5 0 1 0]
 [0 0 8 0 0 0 3 0 0]
 [0 0 0 0 0 0 2 0 4]
 [0 3 0 0 0 6 0 9 0]
 [5 0 0 0 0 2 0 6 0]]
Solution:
[[2 5 0 4 7 0 9 3 6]
 [3 1 9 8 2 6 7 5 4]
 [4 6 8 5 9 3 1 0 2]
 [5 3 7 0 0 1 6 4 0]
 [0 9 4 2 5 0 8 1 3]
 [1 2 6 0 3 4 0 7 9]
 [6 4 1 9 8 5 3 2 7]
 [9 7 3 1 4 2 0 6 8]
 [0 8 2 3 6 7 5 9 1]]
Number of cells unfilled: 12
Accuracy: 85.18518518518519
Sample: 13843
Question:
[[0 1 0 0 0 9 0 0 8]
 [8 0 0 0 4 0 0 5 0]
 [0 4 7 0 0 0 3 0 0]
 [0 5 0 0 0 1 0 0 4]
 [0 0 0 0 6 0 0 8 0]
 [0 0 3 0 0 4 7 0 0]
 [0 0 0 0 9 0 0 0 0]
 [0 6 0 4 0 0 0 0 2]
 [2 0 0 6 0 5 0 1 0]]
Solution:
[[2 5 0 4 7 0 9 3 6]
 [3 1 9 8 2 6 7 5 4]
 [4 6 8 5 9 3 1 0 2]
 [5 3 7 2 0 1 6 4 9]
 [0 9 4 7 5 0 8 1 3]
 [1 2 6 0 3 4 0 7 5]
 [6 4 1 9 8 5 3 2 7]
 [9 7 3 1 4 2 0 6 8]
 [0 8 2 3 6 7 5 9 1]]
Number of cells unfilled: 10
Accuracy: 87.65432098765432
Sample: 13844
Question:
[[1 0 0 0 5 4 0 0 0]
 [0 4 0 8 0 0 0 0 6]
 [0 8 2 3 0 0 0 0 0]
 [0 3 0 7 0 0 0 0 2]
 [0 0 7 0 8 0 4 0 0]
 [0 0 0 0 0 9 7 0 0]
 [4 0 0 0 0 0 0 0 3]
 [0 2 0 0 0 0 0 4 0]
 [3 0 8 4 0 0 6 2 0]]
Solution:
[[2 5 0 4 7 9 1 3 6]
 [3 1 9 8 2 6 7 5 4]
 [4 6 8 5 1 3 0 0 2]
 [5 3 7 2 9 1 6 4 0]
 [0 9 4 6 5 0 8 1 3]
 [1 2 6 0 3 4 9 7 5]
 [6 4 1 9 8 5 3 2 7]
 [9 7 3 1 4 2 0 6 8]
 [0 8 2 3 6 7 5 9 1]]
Number of cells unfilled: 9
Accuracy: 88.88888888888889
Sample: 13845
Question:
[[0 6 0 0 1 0 5 0 0]
 [4 0 0 3 0 0 0 0 9]
 [0 0 7 0 0 2 0 6 0]
 [0 2 0 6 0 0 0 0 8]
 [0 0 0 0 0 3 0 5 0]
 [0 0 4 0 7 0 0 0 0]
 [0 4 0 0 0 0 0 2 0]
 [0 0 6 0 0 9 1 0 0]
 [5 0 0 8 0 0 0 0 3]]
Solution:
[[2 5 0 4 7 9 1 3 6]
 [3 1 9 8 2 6 7 5 4]
 [4 6 8 5 1 3 9 0 2]
 [5 3 7 2 9 1 6 4 0]
 [0 9 4 6 5 0 8 1 3]
 [1 2 6 0 3 4 0 7 9]
 [6 4 1 9 8 5 3 2 7]
 [9 7 3 1 4 2 0 6 8]
 [0 8 2 3 6 7 5 9 1]]
Number of cells unfilled: 9
Accuracy: 88.88888888888889
Sample: 13846
Question:
[[0 0 0 0 0 0 9 4 0]
 [9 0 0 0 1 0 0 0 5]
 [0 6 0 0 0 9 0 3 1]
 [0 4 0 0 0 8 0 0 3]
 [5 0 0 0 4 0 0 8 0]
 [0 0 7 2 0 0 0 0 0]
 [0 1 0 0 0 4 0 0 8]
 [0 0 2 7 0 0 0 0 0]
 [4 0 0 0 3 0 0 5 0]]
Solution:
[[2 5 0 4 7 8 9 3 6]
 [3 1 9 0 2 6 7 8 4]
 [4 6 8 5 9 3 1 0 2]
 [5 3 7 2 0 1 6 4 9]
 [0 9 4 7 5 0 8 1 3]
 [1 2 6 8 3 4 0 7 5]
 [6 4 1 9 8 5 3 2 7]
 [9 7 3 1 4 2 0 6 8]
 [0 8 2 3 6 7 5 9 1]]
Number of cells unfilled: 9
Accuracy: 88.88888888888889
Sample: 13847
Question:
[[1 0 0 0 0 0 9 0 0]
 [0 2 5 0 0 9 0 0 1]
 [0 0 4 0 1 0 0 5 0]
 [0 0 0 0 2 0 6 0 3]
 [0 0 8 6 0 0 0 0 0]
 [2 6 0 0 0 1 0 4 0]
 [0 0 0 0 0 5 0 0 8]
 [0 0 0 0 3 0 7 0 0]
 [4 0 0 0 0 2 0 9 0]]
Solution:
[[2 5 0 4 7 9 1 3 6]
 [3 1 9 8 2 6 7 5 4]
 [4 6 8 5 1 3 9 0 2]
 [5 3 7 2 9 1 6 4 0]
 [0 9 4 6 5 0 8 1 3]
 [1 2 6 0 3 4 0 7 9]
 [6 4 1 9 8 5 3 2 7]
 [9 7 3 1 4 2 0 6 8]
 [0 8 2 3 6 7 5 9 1]]
Number of cells unfilled: 9
Accuracy: 88.88888888888889
Sample: 13848
Question:
[[2 0 0 0 8 0 0 4 0]
 [6 8 0 0 0 0 0 9 1]
 [0 0 0 3 5 0 0 0 0]
 [0 0 2 9 0 0 0 0 0]
 [0 3 0 0 0 2 0 0 0]
 [0 0 1 0 0 0 0 0 7]
 [0 0 7 0 0 0 0 0 6]
 [0 1 0 0 0 4 0 7 8]
 [0 0 9 2 0 0 0 1 0]]
Solution:
[[2 5 0 4 7 8 1 3 6]
 [3 1 9 0 2 6 0 8 4]
 [4 6 8 5 1 3 7 0 2]
 [5 3 7 8 9 1 6 4 0]
 [0 9 4 2 5 0 8 1 3]
 [1 2 6 0 3 4 0 7 9]
 [6 4 1 9 8 5 3 2 7]
 [9 7 3 1 4 2 0 6 8]
 [0 8 2 3 6 7 5 9 1]]
Number of cells unfilled: 11
Accuracy: 86.41975308641975
Sample: 13849
Question:
[[0 1 0 0 0 5 0 0 0]
 [7 0 0 2 0 0 0 0 3]
 [4 0 0 7 8 0 0 0 9]
 [0 9 4 0 0 8 0 0 7]
 [0 2 7 4 0 0 0 0 0]
 [8 0 0 0 0 0 0 0 0]
 [0 0 0 0 0 0 3 9 0]
 [0 0 6 0 3 0 8 0 0]
 [9 0 0 8 0 0 0 0 4]]
Solution:
[[2 5 0 4 7 8 1 3 6]
 [3 1 9 0 2 6 0 8 4]
 [4 6 8 5 1 3 7 0 2]
 [5 3 7 2 9 1 6 4 0]
 [0 9 4 6 5 0 8 1 3]
 [1 2 6 8 3 4 9 7 5]
 [6 4 1 9 8 5 3 2 7]
 [9 7 3 1 4 2 0 6 8]
 [0 8 2 3 6 7 5 9 1]]
Number of cells unfilled: 9
Accuracy: 88.88888888888889
Sample: 13850
Question:
[[0 0 0 7 0 0 0 6 0]
 [1 0 0 0 0 9 0 0 2]
 [5 0 0 6 0 1 0 0 4]
 [4 0 0 0 0 0 2 0 0]
 [0 9 5 0 0 0 0 0 1]
 [0 1 0 0 0 5 0 4 0]
 [0 0 8 0 0 0 0 0 0]
 [9 0 0 0 0 2 0 0 5]
 [0 0 0 0 0 0 3 0 0]]
Solution:
[[2 5 0 4 7 8 9 3 6]
 [3 1 9 0 2 6 7 5 4]
 [4 6 8 5 1 3 0 0 2]
 [5 3 7 2 9 1 6 4 0]
 [0 9 4 7 5 0 8 1 3]
 [1 2 6 8 3 4 0 7 9]
 [6 4 1 9 8 5 3 2 7]
 [9 7 3 1 4 2 0 6 8]
 [0 8 2 3 6 7 5 9 1]]
Number of cells unfilled: 10
Accuracy: 87.65432098765432
Sample: 13851
Question:
[[0 0 5 6 0 0 0 3 0]
 [0 1 0 0 0 0 0 0 9]
 [0 9 6 2 0 0 0 4 0]
 [0 0 0 4 0 0 3 0 2]
 [0 0 2 0 6 0 0 0 4]
 [0 0 0 0 5 0 0 6 0]
 [0 0 3 5 0 0 0 2 0]
 [0 0 0 0 0 0 7 0 0]
 [0 0 0 0 0 8 0 0 0]]
Solution:
[[2 5 0 4 7 8 1 3 6]
 [3 1 9 0 2 6 7 5 4]
 [4 6 8 5 9 3 0 0 2]
 [5 3 7 2 0 1 6 4 0]
 [0 9 4 6 5 0 8 1 3]
 [1 2 6 8 3 4 0 7 9]
 [6 4 1 9 8 5 3 2 7]
 [9 7 3 1 4 2 0 6 8]
 [0 8 2 3 6 7 5 9 1]]
Number of cells unfilled: 11
Accuracy: 86.41975308641975
Sample: 13852
Question:
[[0 2 0 0 0 3 0 9 0]
 [1 0 0 0 0 8 0 7 0]
 [6 0 0 0 0 0 3 0 1]
 [0 0 0 0 5 0 0 0 0]
 [0 9 0 0 0 2 0 8 0]
 [0 0 0 0 0 0 4 0 0]
 [0 0 0 0 0 7 9 0 0]
 [0 0 0 2 8 0 0 3 0]
 [0 8 0 3 0 0 0 0 7]]
Solution:
[[2 5 0 4 7 8 1 3 6]
 [3 1 9 0 2 6 7 8 4]
 [4 6 8 5 9 3 0 0 2]
 [5 3 7 2 0 1 6 4 9]
 [0 9 4 6 5 0 8 1 3]
 [1 2 6 8 3 4 0 7 5]
 [6 4 1 9 8 5 3 2 7]
 [9 7 3 1 4 2 0 6 8]
 [0 8 2 3 6 7 5 9 1]]
Number of cells unfilled: 10
Accuracy: 87.65432098765432
Sample: 13853
Question:
[[6 0 5 0 0 9 0 4 0]
 [0 7 0 4 5 0 0 0 0]
 [0 9 0 6 0 0 1 0 0]
 [0 0 0 0 9 3 0 0 0]
 [0 0 0 0 0 0 0 0 2]
 [9 0 4 5 0 0 0 3 0]
 [0 0 0 0 0 0 0 0 0]
 [3 0 0 0 4 0 0 6 0]
 [0 8 7 0 0 0 0 0 0]]
Solution:
[[2 5 0 4 7 0 9 3 6]
 [3 1 9 8 2 6 7 5 4]
 [4 6 8 5 9 3 1 0 2]
 [5 3 7 2 0 1 6 4 0]
 [0 9 4 7 5 0 8 1 3]
 [1 2 6 0 3 4 0 7 9]
 [6 4 1 9 8 5 3 2 7]
 [9 7 3 1 4 2 0 6 8]
 [0 8 2 3 6 7 5 9 1]]
Number of cells unfilled: 11
Accuracy: 86.41975308641975
Sample: 13854
Question:
[[0 0 7 0 3 0 4 0 0]
 [0 9 0 0 0 6 0 0 0]
 [5 0 0 2 0 0 0 1 0]
 [6 0 0 0 0 0 0 9 0]
 [0 1 0 0 0 0 0 0 5]
 [0 0 8 0 7 0 3 0 0]
 [0 0 0 0 2 0 0 0 4]
 [0 0 2 3 0 7 0 0 0]
 [0 0 0 8 0 0 2 0 0]]
Solution:
[[2 5 0 4 7 9 1 3 6]
 [3 1 9 8 2 6 7 5 4]
 [4 6 8 5 1 3 9 0 2]
 [5 3 7 2 9 1 6 4 0]
 [0 9 4 7 5 0 8 1 3]
 [1 2 6 0 3 4 0 7 9]
 [6 4 1 9 8 5 3 2 7]
 [9 7 3 1 4 2 0 6 8]
 [0 8 2 3 6 7 5 9 1]]
Number of cells unfilled: 9
Accuracy: 88.88888888888889
Sample: 13855
Question:
[[6 0 0 4 0 7 3 0 0]
 [9 0 0 0 0 3 0 0 1]
 [0 0 7 0 0 0 0 0 0]
 [4 8 0 0 0 0 0 9 0]
 [0 0 0 0 0 0 0 0 3]
 [3 7 0 0 0 1 0 8 5]
 [0 0 0 0 0 8 0 0 0]
 [1 2 0 5 0 0 9 0 0]
 [8 6 0 1 3 9 0 7 0]]
Solution:
[[2 5 0 4 7 9 1 3 6]
 [3 1 9 8 2 6 7 5 4]
 [4 6 8 5 1 3 9 0 2]
 [5 3 7 2 9 1 6 4 0]
 [0 9 4 6 5 0 8 1 3]
 [1 2 6 0 3 4 0 7 9]
 [6 4 1 9 8 5 3 2 7]
 [9 7 3 1 4 2 0 6 8]
 [0 8 2 3 6 7 5 9 1]]
Number of cells unfilled: 9
Accuracy: 88.88888888888889
Sample: 13856
Question:
[[7 0 0 0 0 0 4 1 0]
 [0 0 0 3 4 0 0 2 0]
 [0 0 0 0 8 9 0 0 0]
 [0 0 0 4 0 1 0 0 2]
 [8 0 0 0 2 0 6 3 0]
 [0 2 0 0 0 0 0 0 5]
 [0 1 0 0 3 0 0 4 0]
 [4 0 0 0 1 0 0 0 0]
 [5 3 8 2 0 0 0 0 0]]
Solution:
[[2 5 0 4 7 0 9 3 6]
 [3 1 9 8 2 6 7 5 4]
 [4 6 8 5 9 3 1 0 2]
 [5 3 7 2 0 1 6 4 9]
 [0 9 4 6 5 0 8 1 3]
 [1 2 6 0 3 4 0 7 5]
 [6 4 1 9 8 5 3 2 7]
 [9 7 3 1 4 2 0 6 8]
 [0 8 2 3 6 7 5 9 1]]
Number of cells unfilled: 10
Accuracy: 87.65432098765432
Sample: 13857
Question:
[[8 0 0 0 6 7 1 0 0]
 [0 1 0 0 0 0 0 0 0]
 [0 0 7 4 0 0 0 8 0]
 [9 0 0 5 0 0 0 0 0]
 [0 3 0 8 0 0 0 0 2]
 [0 0 8 0 0 4 0 6 0]
 [0 0 4 0 5 0 0 7 0]
 [2 0 0 7 0 0 0 0 9]
 [0 0 0 0 0 0 3 0 0]]
Solution:
[[2 5 0 4 7 9 1 3 6]
 [3 1 9 8 2 6 7 5 4]
 [4 6 8 5 1 3 9 0 2]
 [5 3 7 2 9 1 6 4 0]
 [0 9 4 7 5 0 8 1 3]
 [1 2 6 0 3 4 0 7 9]
 [6 4 1 9 8 5 3 2 7]
 [9 7 3 1 4 2 0 6 8]
 [0 8 2 3 6 7 5 9 1]]
Number of cells unfilled: 9
Accuracy: 88.88888888888889
Sample: 13858
Question:
[[8 0 0 4 0 0 6 0 0]
 [0 0 1 0 0 0 0 0 5]
 [0 7 0 0 0 2 0 4 0]
 [0 0 0 0 0 8 3 0 0]
 [9 0 0 0 0 6 0 0 0]
 [0 0 0 3 0 0 0 9 4]
 [0 0 5 0 0 4 0 1 0]
 [3 0 0 8 0 0 4 0 0]
 [0 0 0 0 2 0 0 0 7]]
Solution:
[[2 5 0 4 7 0 9 3 6]
 [3 1 9 8 2 6 7 5 4]
 [4 6 8 5 9 3 1 0 2]
 [5 3 7 2 0 1 6 4 9]
 [0 9 4 6 5 0 8 1 3]
 [1 2 6 0 3 4 0 7 5]
 [6 4 1 9 8 5 3 2 7]
 [9 7 3 1 4 2 0 6 8]
 [0 8 2 3 6 7 5 9 1]]
Number of cells unfilled: 10
Accuracy: 87.65432098765432
Sample: 13859
Question:
[[0 6 0 7 0 0 3 0 0]
 [0 0 9 0 3 0 0 0 2]
 [0 0 0 0 0 5 0 4 0]
 [1 0 0 0 0 8 0 0 0]
 [0 0 5 0 9 0 0 0 3]
 [0 7 0 5 0 0 4 0 0]
 [8 0 0 0 0 1 5 0 0]
 [0 0 0 6 0 0 0 3 0]
 [0 0 2 0 0 0 1 0 4]]
Solution:
[[2 5 0 4 7 8 1 3 6]
 [3 1 9 0 2 6 7 5 4]
 [4 6 8 5 1 3 9 0 2]
 [5 3 7 2 9 1 6 4 0]
 [0 9 4 7 5 0 8 1 3]
 [1 2 6 8 3 4 0 7 9]
 [6 4 1 9 8 5 3 2 7]
 [9 7 3 1 4 2 0 6 8]
 [0 8 2 3 6 7 5 9 1]]
Number of cells unfilled: 9
Accuracy: 88.88888888888889
Sample: 13860
Question:
[[0 0 8 0 0 0 0 1 0]
 [0 9 0 0 0 8 3 0 0]
 [3 5 0 0 0 0 0 0 8]
 [0 0 0 4 0 0 0 0 0]
 [0 0 5 0 0 3 0 0 1]
 [0 0 0 0 7 0 6 0 0]
 [2 0 0 0 6 0 0 7 0]
 [0 4 0 1 0 0 0 2 0]
 [0 0 1 0 0 9 0 0 3]]
Solution:
[[2 5 0 4 7 8 9 3 6]
 [3 1 9 0 2 6 7 8 4]
 [4 6 8 5 9 3 1 0 2]
 [5 3 7 2 0 1 6 4 0]
 [0 9 4 7 5 0 8 1 3]
 [1 2 6 8 3 4 0 7 9]
 [6 4 1 9 8 5 3 2 7]
 [9 7 3 1 4 2 0 6 8]
 [0 8 2 3 6 7 5 9 1]]
Number of cells unfilled: 10
Accuracy: 87.65432098765432
Sample: 13861
Question:
[[3 0 0 0 1 0 0 0 0]
 [0 4 6 0 0 5 2 7 8]
 [0 5 8 0 0 4 0 0 0]
 [0 6 4 0 3 9 5 0 0]
 [0 8 0 0 0 0 6 0 7]
 [0 0 1 0 0 2 3 0 0]
 [0 0 0 0 4 0 1 9 2]
 [0 9 5 0 0 8 0 0 4]
 [0 0 0 0 7 3 0 0 6]]
Solution:
[[2 5 0 4 7 0 9 3 6]
 [3 1 9 8 2 6 7 5 4]
 [4 6 8 5 9 3 1 0 2]
 [5 3 7 2 0 1 6 4 9]
 [0 9 4 6 5 0 8 1 3]
 [1 2 6 0 3 4 0 7 5]
 [6 4 1 9 8 5 3 2 7]
 [9 7 3 1 4 2 0 6 8]
 [0 8 2 3 6 7 5 9 1]]
Number of cells unfilled: 10
Accuracy: 87.65432098765432
Sample: 13862
Question:
[[7 0 0 0 0 2 0 0 9]
 [0 0 5 0 0 0 3 0 0]
 [0 6 0 1 0 0 2 7 0]
 [0 0 6 8 0 1 0 3 0]
 [9 0 0 4 0 6 0 0 0]
 [0 8 0 0 2 0 6 0 0]
 [0 4 0 0 0 8 1 0 0]
 [0 0 7 0 0 0 0 5 0]
 [0 0 0 0 1 0 0 0 3]]
Solution:
[[2 5 0 4 7 8 9 3 6]
 [3 1 9 0 2 6 7 5 4]
 [4 6 8 5 9 3 1 0 2]
 [5 3 7 2 0 1 6 4 9]
 [0 9 4 7 5 0 8 1 3]
 [1 2 6 8 3 4 0 7 5]
 [6 4 1 9 8 5 3 2 7]
 [9 7 3 1 4 2 0 6 8]
 [0 8 2 3 6 7 5 9 1]]
Number of cells unfilled: 9
Accuracy: 88.88888888888889
Sample: 13863
Question:
[[8 0 0 2 0 0 0 7 0]
 [0 0 5 0 0 3 8 0 0]
 [0 0 0 6 0 0 0 0 4]
 [5 0 3 0 2 0 0 0 0]
 [9 0 0 0 0 0 0 4 0]
 [0 8 0 0 0 5 3 0 0]
 [3 0 0 0 0 9 1 0 0]
 [0 1 0 0 0 0 0 6 0]
 [0 0 0 0 0 0 0 0 7]]
Solution:
[[2 5 0 4 7 0 9 3 6]
 [3 1 9 8 2 6 7 5 4]
 [4 6 8 5 9 3 1 0 2]
 [5 3 7 2 0 1 6 4 0]
 [0 9 4 7 5 0 8 1 3]
 [1 2 6 0 3 4 0 7 9]
 [6 4 1 9 8 5 3 2 7]
 [9 7 3 1 4 2 0 6 8]
 [0 8 2 3 6 7 5 9 1]]
Number of cells unfilled: 11
Accuracy: 86.41975308641975
Sample: 13864
Question:
[[0 7 3 0 5 6 0 0 8]
 [8 0 5 0 0 0 0 2 0]
 [0 1 0 0 0 0 0 0 0]
 [0 0 0 0 0 8 9 0 0]
 [4 0 0 9 0 7 1 0 3]
 [0 0 1 0 2 0 0 0 0]
 [3 0 0 0 0 0 0 0 0]
 [2 0 0 0 0 0 0 0 0]
 [0 0 4 5 0 0 2 3 6]]
Solution:
[[2 5 0 4 7 0 9 3 6]
 [3 1 9 8 2 6 7 5 4]
 [4 6 8 5 9 3 1 0 2]
 [5 3 7 2 0 1 6 4 9]
 [0 9 4 7 5 0 8 1 3]
 [1 2 6 0 3 4 0 7 5]
 [6 4 1 9 8 5 3 2 7]
 [9 7 3 1 4 2 0 6 8]
 [0 8 2 3 6 7 5 9 1]]
Number of cells unfilled: 10
Accuracy: 87.65432098765432
Sample: 13865
Question:
[[0 0 2 0 0 0 4 0 0]
 [0 3 8 0 0 6 0 7 0]
 [0 4 0 0 5 7 0 0 0]
 [0 0 0 0 7 3 0 0 6]
 [0 6 7 0 9 0 8 4 0]
 [0 0 0 0 0 0 0 9 3]
 [0 0 0 8 2 1 0 0 0]
 [0 0 0 0 0 0 0 0 0]
 [0 2 5 0 0 0 0 6 4]]
Solution:
[[2 5 0 4 7 9 1 3 6]
 [3 1 9 8 2 6 7 5 4]
 [4 6 8 5 1 3 9 0 2]
 [5 3 7 2 9 1 6 4 0]
 [0 9 4 6 5 0 8 1 3]
 [1 2 6 0 3 4 0 7 9]
 [6 4 1 9 8 5 3 2 7]
 [9 7 3 1 4 2 0 6 8]
 [0 8 2 3 6 7 5 9 1]]
Number of cells unfilled: 9
Accuracy: 88.88888888888889
Sample: 13866
Question:
[[0 7 0 0 0 0 8 0 0]
 [4 0 0 0 0 6 0 0 9]
 [0 0 6 1 0 0 0 4 0]
 [9 0 0 0 0 4 0 0 3]
 [0 0 0 5 8 0 0 0 0]
 [0 1 0 0 0 0 0 5 0]
 [0 4 0 0 0 2 0 9 0]
 [2 0 0 0 6 0 7 3 0]
 [0 0 3 9 0 0 0 0 2]]
Solution:
[[2 5 0 4 7 8 1 3 9]
 [3 1 9 0 2 6 0 5 4]
 [4 6 8 5 1 3 7 0 2]
 [5 3 7 8 9 1 6 4 0]
 [0 9 4 2 5 0 8 1 3]
 [1 2 6 0 3 4 9 7 5]
 [6 4 1 9 8 5 3 2 7]
 [9 7 3 1 4 2 0 6 8]
 [0 8 2 3 6 7 5 9 1]]
Number of cells unfilled: 10
Accuracy: 87.65432098765432
Sample: 13867
Question:
[[0 0 2 0 0 0 0 0 7]
 [0 0 0 9 7 0 0 0 2]
 [0 6 0 0 0 8 0 5 0]
 [4 0 5 0 0 3 0 0 0]
 [0 0 6 0 4 0 0 3 0]
 [0 3 0 0 0 0 0 0 8]
 [1 0 0 0 0 0 0 0 4]
 [0 5 0 0 0 4 0 8 0]
 [6 0 0 1 0 0 9 0 0]]
Solution:
[[2 5 0 4 7 8 1 3 6]
 [3 1 9 0 2 6 0 8 4]
 [4 6 8 5 1 3 7 0 2]
 [5 3 7 2 9 1 6 4 0]
 [0 9 4 6 5 0 8 1 3]
 [1 2 6 8 3 4 0 7 9]
 [6 4 1 9 8 5 3 2 7]
 [9 7 3 1 4 2 0 6 8]
 [0 8 2 3 6 7 5 9 1]]
Number of cells unfilled: 10
Accuracy: 87.65432098765432
Sample: 13868
Question:
[[0 0 0 9 8 5 0 0 0]
 [0 8 0 6 0 0 5 7 0]
 [0 0 0 0 0 3 0 1 0]
 [5 0 0 0 0 0 0 4 0]
 [0 4 0 7 0 0 0 0 2]
 [0 6 7 0 2 0 0 0 0]
 [0 0 0 5 0 0 9 0 0]
 [4 0 0 0 0 0 3 0 5]
 [0 0 1 3 0 0 0 8 7]]
Solution:
[[2 5 0 4 7 8 1 3 6]
 [3 1 9 0 2 6 0 8 4]
 [4 6 8 5 1 3 7 0 2]
 [5 3 7 2 9 1 6 4 0]
 [0 9 4 7 5 0 8 1 3]
 [1 2 6 8 3 4 0 7 9]
 [6 4 1 9 8 5 3 2 7]
 [9 7 3 1 4 2 0 6 8]
 [0 8 2 3 6 7 5 9 1]]
Number of cells unfilled: 10
Accuracy: 87.65432098765432
Sample: 13869
Question:
[[0 0 8 0 3 0 0 0 9]
 [5 0 0 0 9 4 8 2 0]
 [0 0 0 0 0 0 0 0 0]
 [1 3 0 7 0 0 0 9 8]
 [0 0 7 0 0 0 0 5 0]
 [9 0 2 0 1 0 0 0 0]
 [2 1 0 0 0 0 0 8 0]
 [3 0 0 0 0 0 0 0 0]
 [0 0 0 4 0 3 6 0 1]]
Solution:
[[2 5 0 4 7 9 1 3 6]
 [3 1 9 8 2 6 7 5 4]
 [4 6 8 5 1 3 0 0 2]
 [5 3 7 2 9 1 6 4 0]
 [0 9 4 7 5 0 8 1 3]
 [1 2 6 0 3 4 9 7 5]
 [6 4 1 9 8 5 3 2 7]
 [9 7 3 1 4 2 0 6 8]
 [0 8 2 3 6 7 5 9 1]]
Number of cells unfilled: 9
Accuracy: 88.88888888888889
Sample: 13870
Question:
[[0 0 9 0 6 0 5 1 0]
 [0 0 0 0 0 1 0 0 6]
 [0 0 0 9 7 0 8 4 0]
 [9 0 8 5 1 0 0 0 0]
 [5 2 0 0 0 0 0 0 0]
 [3 0 6 0 0 0 0 0 0]
 [1 0 2 0 0 6 0 0 5]
 [0 7 0 4 0 0 0 0 0]
 [0 0 0 0 3 0 0 2 0]]
Solution:
[[2 5 0 4 7 0 9 3 6]
 [3 1 9 8 2 6 7 5 4]
 [4 6 8 5 9 3 1 0 2]
 [5 3 7 2 0 1 6 4 9]
 [0 9 4 7 5 0 8 1 3]
 [1 2 6 0 3 4 0 7 5]
 [6 4 1 9 8 5 3 2 7]
 [9 7 3 1 4 2 0 6 8]
 [0 8 2 3 6 7 5 9 1]]
Number of cells unfilled: 10
Accuracy: 87.65432098765432
Sample: 13871
Question:
[[0 0 0 0 0 0 0 0 0]
 [0 0 0 2 0 0 5 0 0]
 [0 0 0 7 0 0 0 1 8]
 [0 0 0 0 0 5 1 9 0]
 [0 1 0 0 0 0 8 0 4]
 [4 0 9 1 8 0 0 6 0]
 [0 0 4 0 0 0 0 0 6]
 [8 6 0 5 4 0 0 0 0]
 [1 0 5 0 0 9 0 0 0]]
Solution:
[[2 5 0 4 7 9 1 3 6]
 [3 1 9 8 2 6 7 5 4]
 [4 6 8 5 1 3 0 0 2]
 [5 3 7 2 9 1 6 4 0]
 [0 9 4 7 5 0 8 1 3]
 [1 2 6 0 3 4 9 7 5]
 [6 4 1 9 8 5 3 2 7]
 [9 7 3 1 4 2 0 6 8]
 [0 8 2 3 6 7 5 9 1]]
Number of cells unfilled: 9
Accuracy: 88.88888888888889
Sample: 13872
Question:
[[0 0 0 0 0 0 0 0 0]
 [0 2 7 0 3 0 0 0 0]
 [8 0 0 0 4 0 0 0 0]
 [0 6 0 8 0 0 0 0 0]
 [0 1 0 0 2 7 9 0 6]
 [0 0 9 0 0 0 0 2 0]
 [0 7 0 6 0 0 2 0 8]
 [0 0 2 0 0 9 7 1 0]
 [0 8 1 0 0 0 0 0 9]]
Solution:
[[2 5 0 4 7 8 9 3 6]
 [3 1 9 0 2 6 7 5 4]
 [4 6 8 5 9 3 1 0 2]
 [5 3 7 2 0 1 6 4 0]
 [0 9 4 6 5 0 8 1 3]
 [1 2 6 8 3 4 0 7 9]
 [6 4 1 9 8 5 3 2 7]
 [9 7 3 1 4 2 0 6 8]
 [0 8 2 3 6 7 5 9 1]]
Number of cells unfilled: 10
Accuracy: 87.65432098765432
Sample: 13873
Question:
[[0 0 0 0 0 0 0 0 0]
 [0 4 2 6 0 0 8 7 0]
 [6 0 0 0 0 0 5 0 0]
 [0 1 0 0 7 3 4 2 0]
 [2 0 3 4 0 6 0 0 0]
 [4 7 0 0 0 0 0 0 6]
 [3 0 0 0 0 4 0 0 7]
 [0 0 1 0 3 0 0 0 0]
 [0 0 0 1 0 2 6 0 0]]
Solution:
[[2 5 0 4 7 8 1 3 6]
 [3 1 9 0 2 6 0 8 4]
 [4 6 8 5 1 3 7 0 2]
 [5 3 7 2 9 1 6 4 0]
 [0 9 4 7 5 0 8 1 3]
 [1 2 6 8 3 4 9 7 5]
 [6 4 1 9 8 5 3 2 7]
 [9 7 3 1 4 2 0 6 8]
 [0 8 2 3 6 7 5 9 1]]
Number of cells unfilled: 9
Accuracy: 88.88888888888889
Sample: 13874
Question:
[[0 0 0 0 0 0 0 0 0]
 [1 0 7 5 0 8 0 0 0]
 [0 0 9 0 6 0 0 0 0]
 [0 6 0 0 0 1 0 0 0]
 [5 0 8 0 0 2 4 0 1]
 [0 0 0 4 0 0 0 8 0]
 [0 0 6 8 0 0 5 2 0]
 [0 1 0 0 4 5 8 0 6]
 [0 0 0 2 0 0 0 0 4]]
Solution:
[[2 5 0 4 7 0 9 3 6]
 [3 1 9 8 2 6 7 5 4]
 [4 6 8 5 9 3 1 0 2]
 [5 3 7 0 0 1 6 4 0]
 [0 9 4 2 5 0 8 1 3]
 [1 2 6 0 3 4 0 7 9]
 [6 4 1 9 8 5 3 2 7]
 [9 7 3 1 4 2 0 6 8]
 [0 8 2 3 6 7 5 9 1]]
Number of cells unfilled: 12
Accuracy: 85.18518518518519
Sample: 13875
Question:
[[0 0 0 0 0 0 0 0 0]
 [6 0 3 9 0 7 0 5 0]
 [9 5 0 6 2 0 0 3 0]
 [0 2 0 0 9 0 0 0 0]
 [5 0 0 0 0 0 0 1 4]
 [0 0 7 5 0 0 0 0 0]
 [0 0 6 0 0 3 0 9 0]
 [7 9 0 2 0 0 3 0 0]
 [0 3 5 7 0 0 0 0 0]]
Solution:
[[2 5 0 4 7 8 9 3 6]
 [3 1 9 0 2 6 0 8 4]
 [4 6 8 5 1 3 7 0 2]
 [5 3 7 2 9 1 6 4 0]
 [0 9 4 6 5 0 8 1 3]
 [1 2 6 8 3 4 0 7 9]
 [6 4 1 9 8 5 3 2 7]
 [9 7 3 1 4 2 0 6 8]
 [0 8 2 3 6 7 5 9 1]]
Number of cells unfilled: 10
Accuracy: 87.65432098765432
Sample: 13876
Question:
[[0 0 0 0 0 0 0 0 0]
 [9 0 0 2 6 0 1 8 0]
 [1 0 0 8 0 3 0 2 9]
 [2 0 0 0 1 0 8 0 0]
 [0 0 1 3 0 0 0 6 0]
 [0 0 0 6 0 0 9 0 1]
 [7 4 0 0 0 0 2 9 0]
 [0 0 0 9 0 0 6 0 0]
 [0 0 0 0 0 2 0 0 3]]
Solution:
[[2 5 0 4 7 9 1 3 6]
 [3 1 9 8 2 6 7 5 4]
 [4 6 8 5 1 3 0 0 2]
 [5 3 7 2 9 1 6 4 0]
 [0 9 4 6 5 0 8 1 3]
 [1 2 6 0 3 4 9 7 5]
 [6 4 1 9 8 5 3 2 7]
 [9 7 3 1 4 2 0 6 8]
 [0 8 2 3 6 7 5 9 1]]
Number of cells unfilled: 9
Accuracy: 88.88888888888889
Sample: 13877
Question:
[[0 0 0 0 0 0 0 0 1]
 [0 0 2 0 0 4 0 6 5]
 [0 3 0 0 0 0 0 0 0]
 [6 8 0 0 7 2 4 0 3]
 [0 0 0 0 8 0 0 2 0]
 [0 0 3 0 0 6 0 0 0]
 [4 0 7 0 0 3 6 0 0]
 [0 6 0 0 2 7 0 0 0]
 [3 2 0 0 4 0 0 8 0]]
Solution:
[[2 5 0 4 7 8 1 3 6]
 [3 1 9 0 2 6 7 8 4]
 [4 6 8 5 1 3 0 0 2]
 [5 3 7 2 9 1 6 4 0]
 [0 9 4 6 5 0 8 1 3]
 [1 2 6 8 3 4 9 7 5]
 [6 4 1 9 8 5 3 2 7]
 [9 7 3 1 4 2 0 6 8]
 [0 8 2 3 6 7 5 9 1]]
Number of cells unfilled: 9
Accuracy: 88.88888888888889
Sample: 13878
Question:
[[0 0 0 0 0 0 0 0 1]
 [0 0 4 5 0 7 0 9 6]
 [7 0 0 0 0 0 0 0 0]
 [0 0 0 2 0 4 0 0 0]
 [4 7 0 0 9 0 0 8 0]
 [0 5 2 7 0 0 9 0 0]
 [0 0 0 9 5 0 0 0 0]
 [0 0 0 0 0 8 0 4 0]
 [8 9 0 4 0 2 5 0 7]]
Solution:
[[2 5 0 4 7 8 1 3 6]
 [3 1 9 0 2 6 0 8 4]
 [4 6 8 5 9 3 7 0 2]
 [5 3 7 8 0 1 6 4 9]
 [0 9 4 6 5 0 8 1 3]
 [1 2 6 0 3 4 0 7 5]
 [6 4 1 9 8 5 3 2 7]
 [9 7 3 1 4 2 0 6 8]
 [0 8 2 3 6 7 5 9 1]]
Number of cells unfilled: 11
Accuracy: 86.41975308641975
Sample: 13879
Question:
[[0 0 0 0 0 0 0 0 3]
 [2 0 8 3 0 1 4 0 9]
 [0 0 0 0 2 4 1 0 0]
 [7 0 0 0 0 0 8 0 2]
 [0 0 4 0 0 0 0 0 0]
 [6 0 0 0 0 0 0 4 0]
 [8 0 0 1 0 0 9 0 0]
 [0 3 0 4 0 2 0 0 8]
 [0 0 1 0 9 8 2 0 0]]
Solution:
[[2 5 0 4 7 0 9 3 6]
 [3 1 9 8 2 6 7 5 4]
 [4 6 8 5 9 3 1 0 2]
 [5 3 7 2 0 1 6 4 9]
 [0 9 4 6 5 0 8 1 3]
 [1 2 6 0 3 4 0 7 5]
 [6 4 1 9 8 5 3 2 7]
 [9 7 3 1 4 2 0 6 8]
 [0 8 2 3 6 7 5 9 1]]
Number of cells unfilled: 10
Accuracy: 87.65432098765432
Sample: 13880
Question:
[[0 0 0 0 0 0 0 0 4]
 [0 0 0 0 0 0 0 1 0]
 [4 0 0 5 0 8 0 9 0]
 [8 0 0 3 0 0 0 0 0]
 [0 3 6 4 0 2 0 8 5]
 [0 0 0 0 0 6 4 0 0]
 [0 8 0 0 0 5 6 0 0]
 [2 5 0 8 0 0 0 4 3]
 [0 0 3 2 0 4 0 0 0]]
Solution:
[[2 5 0 4 7 0 9 3 6]
 [3 1 9 8 2 6 7 5 4]
 [4 6 8 5 9 3 1 0 2]
 [5 3 7 2 0 1 6 4 9]
 [0 9 4 6 5 0 8 1 3]
 [1 2 6 0 3 4 0 7 5]
 [6 4 1 9 8 5 3 2 7]
 [9 7 3 1 4 2 0 6 8]
 [0 8 2 3 6 7 5 9 1]]
Number of cells unfilled: 10
Accuracy: 87.65432098765432
Sample: 13881
Question:
[[0 0 0 0 0 0 0 0 4]
 [0 1 0 0 0 0 0 0 0]
 [0 0 8 1 6 0 0 9 5]
 [0 0 0 0 9 0 0 0 3]
 [0 0 0 3 0 1 0 8 0]
 [9 3 0 2 8 0 6 0 0]
 [1 8 0 0 0 9 0 3 0]
 [0 0 0 8 2 0 0 0 6]
 [6 0 2 0 0 0 9 0 0]]
Solution:
[[2 5 0 4 7 9 1 3 6]
 [3 1 9 8 2 6 7 5 4]
 [4 6 8 5 1 3 0 0 2]
 [5 3 7 2 9 1 6 4 0]
 [0 9 4 6 5 0 8 1 3]
 [1 2 6 0 3 4 9 7 5]
 [6 4 1 9 8 5 3 2 7]
 [9 7 3 1 4 2 0 6 8]
 [0 8 2 3 6 7 5 9 1]]
Number of cells unfilled: 9
Accuracy: 88.88888888888889
Sample: 13882
Question:
[[0 0 0 0 0 0 0 0 4]
 [6 0 0 5 2 0 7 0 0]
 [1 0 0 3 0 0 0 0 0]
 [9 7 0 6 0 0 0 0 0]
 [0 0 0 7 0 2 9 6 0]
 [0 0 2 0 1 0 0 4 0]
 [0 1 4 0 7 0 0 0 0]
 [2 0 0 0 0 0 0 0 0]
 [7 9 0 4 0 6 0 2 1]]
Solution:
[[2 5 0 4 7 8 9 3 6]
 [3 1 9 0 2 6 7 8 4]
 [4 6 8 5 9 3 1 0 2]
 [5 3 7 2 0 1 6 4 9]
 [0 9 4 7 5 0 8 1 3]
 [1 2 6 8 3 4 0 7 5]
 [6 4 1 9 8 5 3 2 7]
 [9 7 3 1 4 2 0 6 8]
 [0 8 2 3 6 7 5 9 1]]
Number of cells unfilled: 9
Accuracy: 88.88888888888889
Sample: 13883
Question:
[[0 0 0 0 0 0 0 0 4]
 [6 3 0 0 1 0 9 0 0]
 [0 7 0 0 0 9 0 0 0]
 [9 0 0 2 0 0 0 0 0]
 [0 4 1 5 0 0 0 6 2]
 [0 0 0 0 6 1 4 9 0]
 [2 0 0 0 0 0 0 4 0]
 [0 9 6 0 4 0 5 1 0]
 [0 0 0 0 5 0 0 0 6]]
Solution:
[[2 5 0 4 7 9 1 3 6]
 [3 1 9 8 2 6 7 5 4]
 [4 6 8 5 1 3 9 0 2]
 [5 3 7 2 9 1 6 4 0]
 [0 9 4 7 5 0 8 1 3]
 [1 2 6 0 3 4 0 7 9]
 [6 4 1 9 8 5 3 2 7]
 [9 7 3 1 4 2 0 6 8]
 [0 8 2 3 6 7 5 9 1]]
Number of cells unfilled: 9
Accuracy: 88.88888888888889
Sample: 13884
Question:
[[0 0 0 0 0 0 0 0 5]
 [0 0 0 0 2 0 1 3 0]
 [0 0 5 1 9 0 8 0 0]
 [3 1 0 0 0 0 0 0 8]
 [0 5 0 0 0 0 3 0 0]
 [2 0 8 0 0 3 0 0 9]
 [0 2 0 7 6 0 9 0 0]
 [0 8 0 0 0 0 0 0 1]
 [9 0 0 0 0 0 0 2 0]]
Solution:
[[2 5 0 4 7 9 1 3 6]
 [3 1 9 8 2 6 7 5 4]
 [4 6 8 5 1 3 0 0 2]
 [5 3 7 2 9 1 6 4 0]
 [0 9 4 6 5 0 8 1 3]
 [1 2 6 0 3 4 9 7 5]
 [6 4 1 9 8 5 3 2 7]
 [9 7 3 1 4 2 0 6 8]
 [0 8 2 3 6 7 5 9 1]]
Number of cells unfilled: 9
Accuracy: 88.88888888888889
Sample: 13885
Question:
[[0 0 0 0 0 0 0 0 6]
 [0 0 0 7 0 0 4 1 0]
 [6 0 4 0 3 1 2 0 0]
 [0 0 0 0 0 9 0 7 0]
 [0 0 1 0 0 0 0 0 0]
 [0 0 0 6 4 8 0 0 3]
 [1 0 7 4 0 0 3 6 0]
 [0 0 0 0 0 0 7 0 2]
 [3 2 0 0 6 0 0 0 0]]
Solution:
[[2 5 0 4 7 9 1 3 6]
 [3 1 9 8 2 6 7 5 4]
 [4 6 8 5 1 3 9 0 2]
 [5 3 7 2 9 1 6 4 0]
 [0 9 4 6 5 0 8 1 3]
 [1 2 6 0 3 4 0 7 9]
 [6 4 1 9 8 5 3 2 7]
 [9 7 3 1 4 2 0 6 8]
 [0 8 2 3 6 7 5 9 1]]
Number of cells unfilled: 9
Accuracy: 88.88888888888889
Sample: 13886
Question:
[[0 0 0 0 0 0 0 0 6]
 [9 0 5 2 0 0 0 8 0]
 [8 0 0 0 0 4 0 2 0]
 [0 3 0 0 8 0 0 0 4]
 [0 0 0 6 0 3 0 0 8]
 [2 0 0 7 0 0 3 0 0]
 [3 0 8 0 2 0 0 4 7]
 [6 0 0 0 7 0 0 0 0]
 [0 0 2 0 0 0 6 3 0]]
Solution:
[[2 5 0 4 7 8 9 3 6]
 [3 1 9 0 2 6 7 5 4]
 [4 6 8 5 1 3 0 0 2]
 [5 3 7 2 9 1 6 4 0]
 [0 9 4 7 5 0 8 1 3]
 [1 2 6 8 3 4 0 7 9]
 [6 4 1 9 8 5 3 2 7]
 [9 7 3 1 4 2 0 6 8]
 [0 8 2 3 6 7 5 9 1]]
Number of cells unfilled: 10
Accuracy: 87.65432098765432
Sample: 13887
Question:
[[0 0 0 0 0 0 0 0 7]
 [0 0 6 0 0 0 5 2 0]
 [5 4 0 2 0 7 0 8 6]
 [3 0 0 0 0 0 0 0 0]
 [9 0 7 0 6 0 0 5 4]
 [0 0 0 5 0 0 0 0 0]
 [6 0 0 0 8 4 0 0 0]
 [0 0 2 0 0 5 7 0 0]
 [4 0 0 7 0 0 0 6 8]]
Solution:
[[2 5 0 4 7 8 1 3 6]
 [3 1 9 0 2 6 7 5 4]
 [4 6 8 5 9 3 0 0 2]
 [5 3 7 8 0 1 6 4 9]
 [0 9 4 2 5 0 8 1 3]
 [1 2 6 0 3 4 0 7 5]
 [6 4 1 9 8 5 3 2 7]
 [9 7 3 1 4 2 0 6 8]
 [0 8 2 3 6 7 5 9 1]]
Number of cells unfilled: 11
Accuracy: 86.41975308641975
Sample: 13888
Question:
[[0 0 0 0 0 0 0 0 7]
 [4 0 2 1 0 0 0 0 8]
 [0 0 0 0 4 0 0 0 0]
 [0 3 0 0 0 4 0 9 0]
 [1 0 5 0 3 0 0 0 2]
 [0 0 4 5 0 2 3 0 1]
 [5 0 1 0 9 3 2 0 0]
 [9 0 0 0 0 0 0 1 0]
 [0 0 3 4 0 0 0 0 0]]
Solution:
[[2 5 0 4 7 8 9 3 6]
 [3 1 9 0 2 6 7 5 4]
 [4 6 8 5 9 3 1 0 2]
 [5 3 7 2 0 1 6 4 9]
 [0 9 4 6 5 0 8 1 3]
 [1 2 6 8 3 4 0 7 5]
 [6 4 1 9 8 5 3 2 7]
 [9 7 3 1 4 2 0 6 8]
 [0 8 2 3 6 7 5 9 1]]
Number of cells unfilled: 9
Accuracy: 88.88888888888889
Sample: 13889
Question:
[[0 0 0 0 0 0 0 0 7]
 [5 0 4 9 0 7 0 0 3]
 [0 8 0 3 4 0 9 0 0]
 [0 0 0 0 3 5 0 0 0]
 [0 0 6 0 0 0 5 4 0]
 [0 0 1 0 0 0 0 0 9]
 [0 0 0 0 0 3 0 0 5]
 [0 4 0 0 0 0 8 3 0]
 [9 0 0 5 8 0 7 0 0]]
Solution:
[[2 5 0 4 7 9 1 3 6]
 [3 1 9 8 2 6 7 5 4]
 [4 6 8 5 1 3 9 0 2]
 [5 3 7 2 9 1 6 4 0]
 [0 9 4 7 5 0 8 1 3]
 [1 2 6 0 3 4 0 7 9]
 [6 4 1 9 8 5 3 2 7]
 [9 7 3 1 4 2 0 6 8]
 [0 8 2 3 6 7 5 9 1]]
Number of cells unfilled: 9
Accuracy: 88.88888888888889
Sample: 13890
Question:
[[0 0 0 0 0 0 0 0 8]
 [0 4 5 0 8 6 0 3 0]
 [0 0 7 3 0 0 0 0 0]
 [4 0 0 1 0 0 8 0 0]
 [0 0 3 0 0 8 6 9 0]
 [0 0 0 0 3 9 0 0 1]
 [0 6 8 0 9 0 1 0 4]
 [3 0 0 0 4 0 0 0 0]
 [0 0 0 6 0 1 0 0 0]]
Solution:
[[2 5 0 4 7 9 1 3 6]
 [3 1 9 8 2 6 7 5 4]
 [4 6 8 5 1 3 0 0 2]
 [5 3 7 2 9 1 6 4 0]
 [0 9 4 6 5 0 8 1 3]
 [1 2 6 0 3 4 9 7 5]
 [6 4 1 9 8 5 3 2 7]
 [9 7 3 1 4 2 0 6 8]
 [0 8 2 3 6 7 5 9 1]]
Number of cells unfilled: 9
Accuracy: 88.88888888888889
Sample: 13891
Question:
[[0 0 0 0 0 0 0 0 9]
 [0 3 0 5 0 4 0 0 0]
 [0 7 0 0 6 0 0 2 0]
 [7 0 0 0 0 6 0 0 0]
 [2 6 0 7 0 0 1 3 0]
 [0 1 9 3 0 0 6 0 0]
 [0 9 0 0 3 0 2 0 6]
 [0 0 0 0 0 0 0 1 0]
 [6 2 0 0 0 0 0 7 3]]
Solution:
[[2 5 0 4 7 0 9 3 6]
 [3 1 9 8 2 6 7 5 4]
 [4 6 8 5 9 3 1 0 2]
 [5 3 7 2 0 1 6 4 0]
 [0 9 4 7 5 0 8 1 3]
 [1 2 6 0 3 4 0 7 9]
 [6 4 1 9 8 5 3 2 7]
 [9 7 3 1 4 2 0 6 8]
 [0 8 2 3 6 7 5 9 1]]
Number of cells unfilled: 11
Accuracy: 86.41975308641975
Sample: 13892
Question:
[[0 0 0 0 0 0 0 0 9]
 [0 5 6 9 4 0 0 0 0]
 [2 0 0 0 8 6 4 0 0]
 [0 0 0 8 6 0 0 0 5]
 [0 4 0 0 0 2 9 0 6]
 [0 0 5 0 0 0 2 8 0]
 [0 6 0 5 0 8 0 0 0]
 [0 0 3 6 0 0 8 0 4]
 [0 0 1 0 0 0 0 0 0]]
Solution:
[[2 5 0 4 7 9 1 3 6]
 [3 1 9 8 2 6 7 5 4]
 [4 6 8 5 1 3 0 0 2]
 [5 3 7 2 9 1 6 4 0]
 [0 9 4 7 5 0 8 1 3]
 [1 2 6 0 3 4 9 7 5]
 [6 4 1 9 8 5 3 2 7]
 [9 7 3 1 4 2 0 6 8]
 [0 8 2 3 6 7 5 9 1]]
Number of cells unfilled: 9
Accuracy: 88.88888888888889
Sample: 13893
Question:
[[0 0 0 0 0 0 0 0 9]
 [8 0 5 2 0 0 1 0 0]
 [0 0 4 0 0 0 0 0 0]
 [0 0 2 7 1 0 0 0 3]
 [3 0 0 0 0 0 7 2 0]
 [0 8 0 0 0 3 0 9 1]
 [2 0 0 1 7 0 0 3 8]
 [0 0 0 3 0 0 0 0 0]
 [0 1 0 0 8 9 0 0 0]]
Solution:
[[2 5 0 4 7 8 9 3 6]
 [3 1 9 0 2 6 7 8 4]
 [4 6 8 5 9 3 1 0 2]
 [5 3 7 2 0 1 6 4 0]
 [0 9 4 7 5 0 8 1 3]
 [1 2 6 8 3 4 0 7 9]
 [6 4 1 9 8 5 3 2 7]
 [9 7 3 1 4 2 0 6 8]
 [0 8 2 3 6 7 5 9 1]]
Number of cells unfilled: 10
Accuracy: 87.65432098765432
Sample: 13894
Question:
[[0 0 0 0 0 0 0 1 0]
 [0 0 6 1 0 2 0 7 9]
 [0 0 0 0 0 9 6 0 2]
 [3 0 1 0 0 0 0 5 6]
 [8 0 0 0 0 0 9 0 0]
 [0 0 9 5 0 0 0 0 0]
 [0 1 0 9 0 5 0 0 0]
 [0 0 2 0 7 6 0 0 5]
 [6 0 0 2 0 0 0 0 7]]
Solution:
[[2 5 0 4 7 8 1 3 6]
 [3 1 9 0 2 6 7 5 4]
 [4 6 8 5 1 3 0 0 2]
 [5 3 7 2 9 1 6 4 0]
 [0 9 4 6 5 0 8 1 3]
 [1 2 6 8 3 4 9 7 5]
 [6 4 1 9 8 5 3 2 7]
 [9 7 3 1 4 2 0 6 8]
 [0 8 2 3 6 7 5 9 1]]
Number of cells unfilled: 9
Accuracy: 88.88888888888889
Sample: 13895
Question:
[[0 0 0 0 0 0 0 1 3]
 [0 0 6 3 0 5 0 0 7]
 [7 3 0 0 0 9 0 0 0]
 [0 4 0 0 6 0 0 8 0]
 [1 8 0 7 0 3 0 0 0]
 [0 0 0 0 0 0 7 0 1]
 [0 0 1 0 0 7 6 0 4]
 [0 6 0 8 0 0 1 0 0]
 [0 0 4 0 0 0 0 3 0]]
Solution:
[[2 5 0 4 7 8 9 3 6]
 [3 1 9 0 2 6 7 5 4]
 [4 6 8 5 9 3 1 0 2]
 [5 3 7 2 0 1 6 4 0]
 [0 9 4 7 5 0 8 1 3]
 [1 2 6 8 3 4 0 7 9]
 [6 4 1 9 8 5 3 2 7]
 [9 7 3 1 4 2 0 6 8]
 [0 8 2 3 6 7 5 9 1]]
Number of cells unfilled: 10
Accuracy: 87.65432098765432
Sample: 13896
Question:
[[0 0 0 0 0 0 0 1 4]
 [0 4 6 2 0 0 0 9 0]
 [9 1 0 5 0 0 0 0 0]
 [6 0 0 0 0 0 9 4 0]
 [4 8 0 1 9 0 0 0 0]
 [0 3 0 0 0 6 0 0 8]
 [0 0 3 0 0 0 0 0 1]
 [0 0 0 0 8 0 4 0 0]
 [0 0 0 9 0 1 6 3 0]]
Solution:
[[2 5 0 4 7 9 1 3 6]
 [3 1 9 8 2 6 7 5 4]
 [4 6 8 5 1 3 9 0 2]
 [5 3 7 2 9 1 6 4 0]
 [0 9 4 6 5 0 8 1 3]
 [1 2 6 0 3 4 0 7 9]
 [6 4 1 9 8 5 3 2 7]
 [9 7 3 1 4 2 0 6 8]
 [0 8 2 3 6 7 5 9 1]]
Number of cells unfilled: 9
Accuracy: 88.88888888888889
Sample: 13897
Question:
[[0 0 0 0 0 0 0 1 6]
 [0 0 0 0 0 8 7 0 0]
 [5 1 0 0 7 0 2 0 0]
 [2 0 0 0 0 0 0 7 0]
 [8 7 0 0 9 4 0 0 0]
 [0 0 6 0 2 0 0 0 8]
 [7 0 5 0 0 0 0 2 0]
 [1 0 0 0 0 0 5 0 0]
 [0 2 8 5 0 0 0 6 0]]
Solution:
[[2 5 0 4 7 0 9 3 6]
 [3 1 9 8 2 6 7 5 4]
 [4 6 8 5 9 3 1 0 2]
 [5 3 7 2 0 1 6 4 0]
 [0 9 4 6 5 0 8 1 3]
 [1 2 6 0 3 4 0 7 9]
 [6 4 1 9 8 5 3 2 7]
 [9 7 3 1 4 2 0 6 8]
 [0 8 2 3 6 7 5 9 1]]
Number of cells unfilled: 11
Accuracy: 86.41975308641975
Sample: 13898
Question:
[[0 0 0 0 0 0 0 1 9]
 [3 0 9 4 1 0 0 0 2]
 [2 0 0 0 0 7 4 0 0]
 [0 2 0 0 0 0 0 0 0]
 [0 0 0 0 5 0 1 0 0]
 [0 0 1 0 8 4 0 0 3]
 [0 0 0 0 0 0 3 0 4]
 [4 7 0 3 2 0 0 9 0]
 [0 0 0 0 0 1 2 7 0]]
Solution:
[[2 5 0 4 7 0 9 3 6]
 [3 1 9 8 2 6 7 5 4]
 [4 6 8 5 9 3 1 0 2]
 [5 3 7 2 0 1 6 4 0]
 [0 9 4 7 5 0 8 1 3]
 [1 2 6 0 3 4 0 7 9]
 [6 4 1 9 8 5 3 2 7]
 [9 7 3 1 4 2 0 6 8]
 [0 8 2 3 6 7 5 9 1]]
Number of cells unfilled: 11
Accuracy: 86.41975308641975
Sample: 13899
Question:
[[0 0 0 0 0 0 0 2 0]
 [0 0 1 7 0 4 0 0 9]
 [0 0 0 3 0 0 0 0 0]
 [4 0 0 0 0 6 2 9 0]
 [0 9 8 1 0 0 0 0 0]
 [0 0 2 0 4 0 1 0 8]
 [0 0 4 0 0 0 0 0 2]
 [0 8 9 0 1 0 4 6 0]
 [0 6 0 0 0 9 0 0 0]]
Solution:
[[2 5 0 4 7 9 1 3 6]
 [3 1 9 8 2 6 7 5 4]
 [4 6 8 5 1 3 0 0 2]
 [5 3 7 2 9 1 6 4 0]
 [0 9 4 6 5 0 8 1 3]
 [1 2 6 0 3 4 9 7 5]
 [6 4 1 9 8 5 3 2 7]
 [9 7 3 1 4 2 0 6 8]
 [0 8 2 3 6 7 5 9 1]]
Number of cells unfilled: 9
Accuracy: 88.88888888888889
Sample: 13900
Question:
[[0 0 0 0 0 0 0 3 0]
 [0 0 9 0 2 6 0 0 0]
 [0 6 8 5 0 0 0 0 2]
 [5 0 0 0 0 1 6 4 0]
 [0 0 0 0 5 0 0 0 3]
 [0 2 6 0 3 4 0 0 0]
 [0 4 0 0 0 0 3 0 0]
 [0 0 0 1 0 2 0 6 0]
 [0 0 2 3 0 0 5 0 1]]
Solution:
[[2 5 0 4 7 9 1 3 6]
 [3 1 9 8 2 6 7 5 4]
 [4 6 8 5 1 3 9 0 2]
 [5 3 7 2 9 1 6 4 0]
 [0 9 4 6 5 0 8 1 3]
 [1 2 6 0 3 4 0 7 9]
 [6 4 1 9 8 5 3 2 7]
 [9 7 3 1 4 2 0 6 8]
 [0 8 2 3 6 7 5 9 1]]
Number of cells unfilled: 9
Accuracy: 88.88888888888889
