2025-10-22 13:49:55.403596: I tensorflow/core/util/port.cc:153] oneDNN custom operations are on. You may see slightly different numerical results due to floating-point round-off errors from different computation orders. To turn them off, set the environment variable `TF_ENABLE_ONEDNN_OPTS=0`.
2025-10-22 13:49:55.836917: I tensorflow/core/platform/cpu_feature_guard.cc:210] This TensorFlow binary is optimized to use available CPU instructions in performance-critical operations.
To enable the following instructions: AVX2 AVX512F AVX512_VNNI FMA, in other operations, rebuild TensorFlow with the appropriate compiler flags.
2025-10-22 13:50:00.764242: I tensorflow/core/util/port.cc:153] oneDNN custom operations are on. You may see slightly different numerical results due to floating-point round-off errors from different computation orders. To turn them off, set the environment variable `TF_ENABLE_ONEDNN_OPTS=0`.
2025-10-22 13:50:07.200666: E external/local_xla/xla/stream_executor/cuda/cuda_platform.cc:51] failed call to cuInit: INTERNAL: CUDA error: Failed call to cuInit: UNKNOWN ERROR (303)
Sample: 14301
Question:
[[0 0 3 0 5 0 4 0 0]
 [0 0 5 2 0 4 0 0 0]
 [4 0 0 8 0 0 0 9 0]
 [0 3 8 0 0 2 0 0 5]
 [5 0 0 4 8 0 0 2 0]
 [0 4 0 0 0 0 0 0 9]
 [0 0 0 9 0 0 0 7 1]
 [0 9 0 0 0 3 0 0 0]
 [0 0 2 5 0 0 0 0 0]]
Solution:
[[3 5 7 1 8 9 2 4 6]
 [2 6 8 0 4 5 7 9 3]
 [4 9 0 7 2 3 5 8 1]
 [0 0 4 3 7 6 8 5 2]
 [8 7 5 9 0 2 6 1 4]
 [1 2 6 4 5 8 3 7 9]
 [7 4 3 0 1 0 9 2 8]
 [9 1 0 6 3 4 0 0 5]
 [6 8 2 5 9 7 4 3 0]]
Number of cells unfilled: 11
Accuracy: 86.41975308641975
Sample: 14302
Question:
[[0 0 3 0 6 1 0 0 0]
 [0 8 0 3 9 0 0 4 6]
 [0 0 0 4 0 0 1 0 0]
 [0 0 6 0 8 0 0 1 3]
 [0 0 0 9 3 0 0 0 4]
 [0 4 0 1 0 0 9 8 0]
 [7 0 0 0 0 0 0 0 0]
 [5 0 4 8 0 0 3 0 0]
 [0 0 0 0 0 0 0 0 1]]
Solution:
[[3 5 7 8 0 9 2 4 6]
 [2 6 8 1 4 5 7 9 3]
 [4 9 0 7 2 3 5 8 1]
 [0 0 9 3 7 6 8 5 2]
 [8 7 5 9 0 2 6 1 4]
 [1 2 6 4 5 8 3 7 9]
 [5 4 3 0 1 0 9 2 8]
 [9 1 0 6 3 4 0 0 5]
 [6 8 2 5 9 7 4 3 0]]
Number of cells unfilled: 11
Accuracy: 86.41975308641975
Sample: 14303
Question:
[[0 0 3 0 6 7 0 0 5]
 [0 0 0 0 0 4 7 2 0]
 [4 0 0 0 0 0 0 0 3]
 [1 0 8 0 4 0 6 0 0]
 [0 0 0 0 5 0 3 0 0]
 [0 0 5 2 0 0 0 4 0]
 [0 0 4 0 7 0 0 0 6]
 [0 0 0 6 3 0 5 0 0]
 [0 6 0 0 0 5 2 0 0]]
Solution:
[[3 5 7 8 0 9 2 4 6]
 [2 6 8 1 4 5 7 9 3]
 [4 9 0 7 6 3 5 8 1]
 [0 0 9 3 7 6 8 5 2]
 [8 7 5 9 0 2 6 1 4]
 [1 2 6 4 5 8 3 7 9]
 [7 4 3 5 1 0 9 2 8]
 [9 1 0 6 3 4 0 0 5]
 [6 8 2 0 9 7 4 3 0]]
Number of cells unfilled: 11
Accuracy: 86.41975308641975
Sample: 14304
Question:
[[0 0 3 0 7 0 0 0 0]
 [6 0 4 0 0 0 9 0 0]
 [0 1 0 9 0 0 0 3 6]
 [3 0 0 8 5 0 0 7 0]
 [0 0 7 1 0 0 4 0 0]
 [9 0 0 0 0 0 0 1 0]
 [0 0 0 0 0 0 0 6 0]
 [4 0 0 0 0 3 7 0 1]
 [1 0 0 0 0 0 3 9 0]]
Solution:
[[3 5 7 1 8 9 2 4 6]
 [2 6 1 0 4 5 7 9 3]
 [4 9 0 7 2 3 5 8 1]
 [0 2 4 3 7 6 8 5 9]
 [8 7 5 9 0 2 6 1 4]
 [1 0 6 4 5 8 3 7 2]
 [7 4 3 8 1 0 9 2 0]
 [9 1 0 6 3 4 0 0 5]
 [6 8 2 5 9 7 4 3 0]]
Number of cells unfilled: 11
Accuracy: 86.41975308641975
Sample: 14305
Question:
[[0 0 3 0 7 4 0 9 0]
 [7 5 0 0 0 0 0 0 3]
 [0 0 0 0 0 5 0 8 0]
 [0 3 5 0 9 0 0 0 0]
 [0 7 0 5 0 0 9 0 0]
 [0 0 8 0 4 0 5 0 0]
 [0 9 0 0 3 0 0 0 0]
 [0 8 0 0 0 9 0 2 1]
 [0 0 4 0 0 8 0 0 0]]
Solution:
[[3 5 7 1 8 9 2 4 6]
 [2 6 1 0 4 5 7 9 3]
 [4 9 0 7 2 3 5 8 1]
 [0 2 4 3 7 6 8 5 9]
 [8 7 5 9 0 2 6 1 4]
 [1 0 6 4 5 8 3 7 2]
 [7 4 3 8 1 0 9 2 0]
 [9 1 0 6 3 4 0 0 5]
 [6 8 2 5 9 7 4 3 0]]
Number of cells unfilled: 11
Accuracy: 86.41975308641975
Sample: 14306
Question:
[[0 0 3 0 7 9 6 0 5]
 [0 0 9 5 0 0 0 0 0]
 [0 0 0 0 3 0 0 8 0]
 [0 0 0 3 0 0 0 0 0]
 [0 0 7 0 0 6 4 0 8]
 [6 0 0 0 0 0 1 0 0]
 [0 9 0 8 5 0 3 0 7]
 [7 0 5 0 6 0 0 0 0]
 [3 8 0 0 0 0 0 6 0]]
Solution:
[[3 5 7 1 8 9 2 4 6]
 [0 6 1 2 4 5 7 9 3]
 [4 9 0 7 6 3 5 8 1]
 [2 4 0 3 7 6 8 5 9]
 [8 7 5 9 0 2 6 1 4]
 [1 0 6 4 5 8 3 7 2]
 [5 0 3 8 1 4 9 2 7]
 [9 1 4 6 3 0 0 0 5]
 [6 8 2 5 9 7 4 3 0]]
Number of cells unfilled: 10
Accuracy: 87.65432098765432
Sample: 14307
Question:
[[0 0 3 0 8 6 0 9 4]
 [0 0 0 5 0 0 0 0 0]
 [9 8 0 0 0 0 5 0 6]
 [1 0 0 0 9 8 0 0 0]
 [0 0 0 0 0 0 8 4 0]
 [2 0 0 6 0 4 0 0 0]
 [0 0 0 0 0 0 4 0 0]
 [8 0 9 0 4 3 0 0 0]
 [0 6 0 9 0 5 0 3 0]]
Solution:
[[3 5 7 8 0 9 2 4 6]
 [2 6 8 1 4 5 7 9 3]
 [4 9 0 7 6 3 5 8 1]
 [0 2 4 3 7 6 8 5 9]
 [8 7 5 9 0 2 6 1 4]
 [1 0 9 4 5 8 3 7 2]
 [5 4 3 0 1 0 9 2 8]
 [9 1 0 6 3 4 0 0 5]
 [6 8 2 5 9 7 4 3 0]]
Number of cells unfilled: 11
Accuracy: 86.41975308641975
Sample: 14308
Question:
[[0 0 3 0 9 0 2 0 0]
 [0 1 0 3 0 0 0 0 8]
 [0 8 9 0 0 0 6 3 0]
 [0 0 0 0 0 0 0 1 0]
 [0 0 1 0 5 4 9 0 0]
 [0 6 0 9 0 0 8 0 0]
 [0 2 0 0 0 0 0 6 0]
 [3 0 0 0 0 9 0 0 0]
 [0 9 8 0 6 1 0 0 2]]
Solution:
[[3 5 7 1 8 9 2 4 6]
 [2 6 1 0 4 5 7 9 3]
 [4 9 0 7 2 3 5 8 1]
 [0 2 4 3 7 6 8 5 9]
 [8 7 5 9 0 2 6 1 4]
 [1 0 6 4 5 8 3 7 2]
 [5 4 3 8 1 0 9 2 7]
 [9 1 0 6 3 4 0 0 5]
 [6 8 2 5 9 7 4 3 0]]
Number of cells unfilled: 10
Accuracy: 87.65432098765432
Sample: 14309
Question:
[[0 0 3 1 0 6 0 0 0]
 [8 1 0 2 0 0 3 6 0]
 [2 0 0 0 0 0 0 0 7]
 [6 2 0 3 8 0 0 0 0]
 [3 0 7 6 0 1 8 2 0]
 [0 0 0 0 0 7 0 0 0]
 [0 0 0 0 0 0 6 0 0]
 [0 0 0 0 0 0 0 4 0]
 [0 6 0 8 0 2 0 9 0]]
Solution:
[[3 5 7 1 8 9 2 4 6]
 [2 6 8 0 4 5 7 9 3]
 [4 9 0 7 2 3 5 8 1]
 [0 0 9 3 7 6 8 5 2]
 [8 7 5 9 0 2 6 1 4]
 [1 2 6 4 5 8 3 7 9]
 [5 4 3 8 1 0 9 2 7]
 [9 1 0 6 3 4 0 0 5]
 [6 8 2 5 9 7 4 3 0]]
Number of cells unfilled: 10
Accuracy: 87.65432098765432
Sample: 14310
Question:
[[0 0 3 1 0 7 0 0 0]
 [8 0 0 4 6 0 0 0 0]
 [0 0 7 0 8 3 1 6 0]
 [0 7 0 0 0 0 0 3 0]
 [4 6 0 0 0 8 0 0 0]
 [3 0 0 0 0 1 0 0 4]
 [0 8 0 0 0 6 0 0 0]
 [0 0 0 0 0 4 5 9 0]
 [1 0 0 3 0 0 0 8 0]]
Solution:
[[3 5 7 1 8 9 2 4 6]
 [2 6 1 0 4 5 7 9 3]
 [4 9 0 7 2 3 5 8 1]
 [0 0 4 3 7 6 8 5 2]
 [8 7 5 9 0 2 6 1 4]
 [1 2 6 4 5 8 3 7 9]
 [5 4 3 8 1 0 9 2 7]
 [9 1 0 6 3 4 0 0 5]
 [6 8 2 5 9 7 4 3 0]]
Number of cells unfilled: 10
Accuracy: 87.65432098765432
Sample: 14311
Question:
[[0 0 3 2 0 5 0 0 0]
 [7 2 0 0 0 0 3 0 0]
 [1 0 5 0 0 0 0 9 0]
 [3 0 9 5 0 2 7 0 1]
 [0 0 0 3 7 0 0 0 0]
 [0 0 0 0 1 9 0 5 0]
 [0 5 0 7 0 1 0 0 8]
 [0 0 0 0 0 0 0 0 4]
 [0 0 1 0 0 0 0 0 0]]
Solution:
[[3 5 7 1 8 9 2 4 6]
 [2 6 8 0 4 5 7 9 3]
 [4 9 0 7 2 3 5 8 1]
 [0 2 4 3 7 6 8 5 9]
 [8 7 5 9 0 2 6 1 4]
 [1 0 9 4 5 8 3 7 2]
 [7 4 3 8 1 0 9 2 0]
 [9 1 0 6 3 4 0 0 5]
 [6 8 2 5 9 7 4 3 0]]
Number of cells unfilled: 11
Accuracy: 86.41975308641975
Sample: 14312
Question:
[[0 0 3 2 0 6 0 0 0]
 [9 0 0 8 0 0 0 0 0]
 [0 0 0 0 0 0 0 0 7]
 [0 3 0 0 0 1 0 7 9]
 [0 0 7 0 6 0 4 3 0]
 [0 9 4 3 0 0 0 0 6]
 [0 0 6 1 0 0 0 0 0]
 [7 1 0 0 0 9 0 0 0]
 [0 4 0 0 3 0 0 6 1]]
Solution:
[[3 5 7 1 8 9 2 4 6]
 [0 6 8 2 4 5 7 9 3]
 [4 9 0 7 6 3 5 8 1]
 [0 4 9 3 7 6 8 5 2]
 [8 7 5 9 0 2 6 1 4]
 [1 2 6 4 5 8 3 7 9]
 [7 0 3 8 1 4 9 2 0]
 [9 1 4 6 3 0 0 0 5]
 [6 8 2 5 9 7 4 3 0]]
Number of cells unfilled: 10
Accuracy: 87.65432098765432
Sample: 14313
Question:
[[0 0 3 4 5 0 7 0 0]
 [0 0 4 0 7 9 0 0 0]
 [0 7 0 0 0 1 0 0 0]
 [7 0 0 0 0 0 0 5 0]
 [0 4 0 1 0 7 0 0 9]
 [3 0 1 5 9 0 0 0 0]
 [0 0 9 0 0 4 0 0 0]
 [5 0 0 0 3 0 0 0 4]
 [0 0 0 0 0 0 0 8 2]]
Solution:
[[3 5 7 1 0 9 2 4 6]
 [2 6 1 8 4 5 7 9 3]
 [4 9 0 7 6 3 5 8 1]
 [0 2 4 3 7 6 8 5 9]
 [8 7 5 9 0 2 6 1 4]
 [1 0 6 4 5 8 3 7 2]
 [7 4 3 0 1 0 9 2 8]
 [9 1 0 6 3 4 0 0 5]
 [6 8 2 5 9 7 4 3 0]]
Number of cells unfilled: 11
Accuracy: 86.41975308641975
Sample: 14314
Question:
[[0 0 3 6 0 0 0 0 0]
 [9 0 0 0 0 0 0 0 4]
 [0 0 2 0 7 4 9 3 0]
 [0 6 0 0 0 5 0 0 0]
 [0 0 0 0 0 0 0 0 0]
 [7 0 4 0 0 8 0 0 6]
 [4 0 0 0 9 6 7 0 2]
 [0 9 0 3 0 0 4 0 0]
 [2 0 0 0 0 7 0 9 0]]
Solution:
[[3 5 7 8 0 9 2 4 6]
 [0 6 1 2 4 5 7 9 3]
 [4 9 0 7 6 3 5 8 1]
 [2 4 0 3 7 6 8 5 9]
 [8 7 5 9 0 2 6 1 4]
 [1 0 6 4 5 8 3 7 2]
 [5 0 3 0 1 0 9 2 7]
 [9 1 0 6 3 4 0 0 5]
 [6 8 2 5 9 7 4 3 0]]
Number of cells unfilled: 13
Accuracy: 83.9506172839506
Sample: 14315
Question:
[[0 0 3 7 8 0 0 0 1]
 [0 0 0 6 0 0 7 4 0]
 [0 6 0 0 0 1 0 8 3]
 [0 0 0 0 3 8 1 0 0]
 [0 0 0 4 7 0 0 0 0]
 [8 0 0 1 0 6 0 0 0]
 [0 5 9 0 0 0 8 1 0]
 [0 0 1 0 0 4 0 6 0]
 [0 0 0 0 0 0 3 0 0]]
Solution:
[[3 5 7 8 0 9 2 4 6]
 [2 6 8 1 4 5 7 9 3]
 [4 9 0 7 2 3 5 8 1]
 [0 2 4 3 7 6 8 5 9]
 [8 7 5 9 0 2 6 1 4]
 [1 0 9 4 5 8 3 7 2]
 [7 4 3 0 1 0 9 2 8]
 [9 1 0 6 3 4 0 0 5]
 [6 8 2 5 9 7 4 3 0]]
Number of cells unfilled: 11
Accuracy: 86.41975308641975
Sample: 14316
Question:
[[0 0 3 8 0 0 0 0 0]
 [8 4 0 7 0 0 2 0 3]
 [0 7 2 0 4 0 0 6 0]
 [0 0 0 0 0 0 0 0 2]
 [0 0 0 4 7 0 5 0 0]
 [0 0 0 0 0 2 9 0 0]
 [7 2 0 3 0 0 0 0 0]
 [0 3 6 2 8 0 7 0 4]
 [0 0 0 0 6 0 0 0 0]]
Solution:
[[3 5 7 1 8 9 2 4 6]
 [2 6 1 0 4 5 7 9 3]
 [4 9 0 7 2 3 5 8 1]
 [0 4 9 3 7 6 8 5 2]
 [8 7 5 9 0 2 6 1 4]
 [1 2 6 4 5 8 3 7 9]
 [5 0 3 0 1 4 9 2 8]
 [9 1 4 6 3 0 0 0 5]
 [6 8 2 5 9 7 4 3 0]]
Number of cells unfilled: 10
Accuracy: 87.65432098765432
Sample: 14317
Question:
[[0 0 3 9 0 0 0 7 0]
 [0 9 0 6 7 0 2 0 0]
 [0 0 0 0 0 0 5 9 0]
 [0 0 5 0 0 0 6 0 0]
 [6 0 0 0 1 8 0 0 0]
 [7 0 0 0 0 0 0 3 0]
 [0 6 7 0 5 0 9 0 2]
 [3 0 2 0 0 6 0 5 7]
 [9 0 0 0 0 0 0 0 0]]
Solution:
[[3 5 7 1 8 9 2 4 6]
 [0 6 1 2 4 5 7 9 3]
 [4 2 9 7 6 3 5 8 1]
 [0 9 4 3 7 6 8 5 2]
 [8 7 5 9 0 2 6 1 4]
 [1 0 6 4 5 8 3 7 9]
 [5 4 3 8 1 0 9 2 7]
 [9 1 0 6 3 4 0 0 5]
 [6 8 2 5 9 7 4 3 0]]
Number of cells unfilled: 9
Accuracy: 88.88888888888889
Sample: 14318
Question:
[[0 0 3 9 6 0 0 0 5]
 [0 8 0 5 0 2 0 9 0]
 [0 0 0 0 0 3 0 2 6]
 [0 0 0 0 0 0 0 0 3]
 [0 2 0 0 0 0 5 8 0]
 [5 0 9 3 0 8 0 6 2]
 [1 0 0 0 0 0 0 0 0]
 [4 0 8 0 2 0 0 0 9]
 [0 0 0 0 0 5 0 0 0]]
Solution:
[[3 5 7 1 8 9 2 4 6]
 [2 6 8 0 4 5 7 9 3]
 [4 9 0 7 2 3 5 8 1]
 [0 2 4 3 7 6 8 5 9]
 [8 7 5 9 0 2 6 1 4]
 [1 0 9 4 5 8 3 7 2]
 [7 4 3 8 1 0 9 2 0]
 [9 1 0 6 3 4 0 0 5]
 [6 8 2 5 9 7 4 3 0]]
Number of cells unfilled: 11
Accuracy: 86.41975308641975
Sample: 14319
Question:
[[0 0 4 0 0 0 0 0 7]
 [0 8 6 0 0 0 0 0 9]
 [0 0 0 0 0 5 0 0 0]
 [0 0 3 0 6 1 0 0 0]
 [0 0 0 5 0 8 0 6 0]
 [0 6 0 4 3 0 1 0 8]
 [3 0 0 1 0 0 4 0 0]
 [0 4 1 0 5 0 0 0 6]
 [0 5 0 0 0 0 0 8 0]]
Solution:
[[3 5 7 8 0 9 2 4 6]
 [2 6 8 1 4 5 7 9 3]
 [4 0 9 7 6 3 5 8 1]
 [0 9 4 3 7 6 8 5 2]
 [8 7 5 9 0 2 6 1 4]
 [1 2 6 4 5 8 3 7 9]
 [5 4 3 0 1 0 9 2 7]
 [9 1 0 6 3 4 0 0 5]
 [6 8 2 5 9 7 4 3 0]]
Number of cells unfilled: 10
Accuracy: 87.65432098765432
Sample: 14320
Question:
[[0 0 4 0 0 0 0 0 9]
 [0 7 0 0 1 0 6 0 0]
 [0 0 1 0 9 4 0 7 2]
 [4 0 0 6 7 0 0 9 0]
 [6 0 0 0 0 0 2 0 0]
 [0 9 7 0 0 0 0 0 6]
 [0 0 0 1 0 0 0 0 0]
 [1 0 9 0 0 2 7 0 3]
 [0 2 0 0 0 0 0 0 8]]
Solution:
[[3 5 7 1 8 9 2 4 6]
 [0 6 1 2 4 5 7 9 3]
 [4 9 0 7 6 3 5 8 1]
 [0 0 9 3 7 6 8 5 2]
 [8 7 5 9 0 2 6 1 4]
 [1 2 6 4 5 8 3 7 9]
 [5 4 3 8 1 0 9 2 7]
 [9 1 0 6 3 4 0 0 5]
 [6 8 2 5 9 7 4 3 0]]
Number of cells unfilled: 10
Accuracy: 87.65432098765432
Sample: 14321
Question:
[[0 0 4 0 0 0 0 6 0]
 [0 2 3 0 0 4 9 0 5]
 [9 0 0 0 5 2 0 0 0]
 [0 4 0 3 0 9 0 0 0]
 [6 0 9 0 2 0 3 0 0]
 [0 0 0 4 6 0 0 5 0]
 [4 0 0 0 0 0 0 0 0]
 [0 0 0 5 0 0 0 0 7]
 [0 5 0 0 0 3 0 9 1]]
Solution:
[[3 5 7 8 0 9 2 4 6]
 [0 6 1 2 4 5 7 9 3]
 [4 9 0 7 6 3 5 8 1]
 [0 4 9 3 7 6 8 5 2]
 [8 7 5 9 0 2 6 1 4]
 [1 2 6 4 5 8 3 7 9]
 [7 0 3 0 1 0 9 2 8]
 [9 1 0 6 3 4 0 0 5]
 [6 8 2 5 9 7 4 3 0]]
Number of cells unfilled: 12
Accuracy: 85.18518518518519
Sample: 14322
Question:
[[0 0 4 0 0 0 0 6 0]
 [1 0 0 0 0 0 2 0 0]
 [0 2 0 0 8 5 0 0 4]
 [9 0 0 0 0 6 0 0 0]
 [2 0 3 0 0 0 1 0 0]
 [0 1 6 3 0 0 4 0 0]
 [3 9 0 0 0 2 6 0 1]
 [0 0 0 0 0 0 0 0 2]
 [0 6 0 0 0 3 9 4 0]]
Solution:
[[3 5 7 1 8 9 2 4 6]
 [2 6 8 0 4 5 7 9 3]
 [4 9 0 7 2 3 5 8 1]
 [0 2 4 3 7 6 8 5 9]
 [8 7 5 9 0 2 6 1 4]
 [1 0 9 4 5 8 3 7 2]
 [5 4 3 8 1 0 9 2 7]
 [9 1 0 6 3 4 0 0 5]
 [6 8 2 5 9 7 4 3 0]]
Number of cells unfilled: 10
Accuracy: 87.65432098765432
Sample: 14323
Question:
[[0 0 4 0 0 0 0 7 0]
 [0 0 0 0 0 8 0 0 5]
 [7 5 0 0 9 0 0 0 2]
 [0 4 0 0 0 9 0 0 0]
 [0 0 0 6 0 7 0 9 0]
 [0 0 0 3 0 0 8 0 0]
 [9 0 2 8 7 0 0 4 0]
 [0 0 0 0 0 0 0 2 0]
 [4 8 0 0 0 5 7 0 9]]
Solution:
[[3 5 7 1 8 9 2 4 6]
 [2 6 8 0 4 5 7 9 3]
 [4 9 0 7 2 3 5 8 1]
 [0 2 4 3 7 6 8 5 9]
 [8 7 5 9 0 2 6 1 4]
 [1 0 9 4 5 8 3 7 2]
 [7 4 3 5 1 0 9 2 8]
 [9 1 0 6 3 4 0 0 5]
 [6 8 2 0 9 7 4 3 0]]
Number of cells unfilled: 11
Accuracy: 86.41975308641975
Sample: 14324
Question:
[[0 0 4 0 0 0 0 8 0]
 [3 7 0 0 0 0 0 4 2]
 [5 0 0 2 0 0 0 0 7]
 [0 0 0 0 0 2 0 0 0]
 [0 3 0 7 0 0 8 5 0]
 [7 0 5 3 0 0 0 2 4]
 [0 8 0 0 0 0 0 0 0]
 [2 0 0 6 0 1 0 7 0]
 [4 0 0 0 2 0 0 3 0]]
Solution:
[[3 5 7 8 0 9 2 4 6]
 [0 6 8 2 4 5 7 9 3]
 [4 9 0 7 6 3 5 8 1]
 [0 4 9 3 7 6 8 5 2]
 [8 7 5 9 0 2 6 1 4]
 [1 2 6 4 5 8 3 7 9]
 [5 0 3 0 1 4 9 2 8]
 [9 1 4 6 3 0 0 0 5]
 [6 8 2 5 9 7 4 3 0]]
Number of cells unfilled: 11
Accuracy: 86.41975308641975
Sample: 14325
Question:
[[0 0 4 0 0 0 6 0 0]
 [0 0 5 0 6 4 7 8 0]
 [8 0 0 0 5 0 0 0 3]
 [0 0 6 0 0 7 9 0 8]
 [0 0 0 5 0 0 0 0 0]
 [7 0 0 0 0 0 2 0 0]
 [0 3 0 0 0 0 0 0 7]
 [0 4 0 3 8 0 0 6 0]
 [0 0 8 0 0 5 0 0 0]]
Solution:
[[3 5 7 1 8 9 2 4 6]
 [0 6 1 2 4 5 7 9 3]
 [4 2 9 7 6 3 5 8 1]
 [2 0 4 3 7 6 8 5 9]
 [8 7 5 9 0 2 6 1 4]
 [1 9 6 4 5 8 3 7 2]
 [5 4 3 8 1 0 9 2 7]
 [9 1 0 6 3 4 0 0 5]
 [6 8 2 5 9 7 4 3 0]]
Number of cells unfilled: 8
Accuracy: 90.12345679012346
Sample: 14326
Question:
[[0 0 4 0 0 0 8 2 0]
 [3 0 8 0 0 6 0 0 0]
 [5 2 0 0 4 0 0 0 0]
 [0 0 3 0 0 0 0 0 0]
 [0 0 0 1 0 0 0 0 0]
 [0 8 0 7 6 4 0 5 0]
 [0 0 0 0 0 8 6 0 3]
 [0 0 0 0 0 0 0 4 5]
 [4 0 6 3 5 0 2 8 0]]
Solution:
[[3 5 7 8 0 9 2 4 6]
 [2 6 8 1 4 5 7 9 3]
 [4 9 0 7 2 3 5 8 1]
 [0 4 9 3 7 6 8 5 2]
 [8 7 5 9 0 2 6 1 4]
 [1 2 6 4 5 8 3 7 9]
 [5 0 3 0 1 4 9 2 7]
 [9 1 4 6 3 0 0 0 5]
 [6 8 2 5 9 7 4 3 0]]
Number of cells unfilled: 10
Accuracy: 87.65432098765432
Sample: 14327
Question:
[[0 0 4 0 0 0 9 0 0]
 [0 5 8 0 0 4 0 0 2]
 [9 2 0 0 0 6 0 0 5]
 [0 9 0 0 0 0 4 6 0]
 [0 8 0 4 0 0 0 0 9]
 [0 0 0 0 0 2 0 5 0]
 [0 6 0 0 0 0 0 0 0]
 [0 0 2 0 0 9 8 0 0]
 [8 0 0 0 7 1 0 2 6]]
Solution:
[[3 5 7 1 8 9 2 4 6]
 [2 6 1 0 4 5 7 9 3]
 [4 9 0 7 2 3 5 8 1]
 [0 0 9 3 7 6 8 5 2]
 [8 7 5 9 0 2 6 1 4]
 [1 2 6 4 5 8 3 7 9]
 [7 4 3 8 1 0 9 2 0]
 [9 1 0 6 3 4 0 0 5]
 [6 8 2 5 9 7 4 3 0]]
Number of cells unfilled: 11
Accuracy: 86.41975308641975
Sample: 14328
Question:
[[0 0 4 0 0 5 9 0 0]
 [1 0 0 9 0 0 3 0 4]
 [8 0 9 0 0 0 0 0 0]
 [0 0 5 0 4 0 0 0 0]
 [0 0 0 0 3 0 0 6 2]
 [3 0 0 0 0 8 0 0 0]
 [9 1 0 3 0 4 0 0 8]
 [0 0 0 8 9 0 0 0 0]
 [0 4 0 0 5 1 0 3 0]]
Solution:
[[3 5 7 8 0 9 2 4 6]
 [2 6 8 1 4 5 7 9 3]
 [4 9 0 7 6 3 5 8 1]
 [0 0 9 3 7 6 8 5 2]
 [8 7 5 9 0 2 6 1 4]
 [1 2 6 4 5 8 3 7 9]
 [7 4 3 5 1 0 9 2 8]
 [9 1 0 6 3 4 0 0 5]
 [6 8 2 0 9 7 4 3 0]]
Number of cells unfilled: 11
Accuracy: 86.41975308641975
Sample: 14329
Question:
[[0 0 4 0 0 6 0 0 0]
 [0 0 3 0 0 5 8 0 0]
 [0 0 0 0 8 0 0 2 0]
 [0 3 0 4 0 0 0 0 2]
 [0 0 0 0 9 8 1 0 3]
 [0 8 1 0 0 0 0 9 0]
 [0 0 9 0 0 0 2 0 0]
 [2 4 0 8 0 0 0 0 0]
 [0 1 0 0 3 0 0 4 9]]
Solution:
[[3 5 7 8 0 9 2 4 6]
 [2 6 8 1 4 5 7 9 3]
 [4 0 9 7 6 3 5 8 1]
 [0 2 4 3 7 6 8 5 9]
 [8 7 5 9 0 2 6 1 4]
 [1 9 6 4 5 8 3 7 2]
 [5 4 3 0 1 0 9 2 7]
 [9 1 0 6 3 4 0 0 5]
 [6 8 2 5 9 7 4 3 0]]
Number of cells unfilled: 10
Accuracy: 87.65432098765432
Sample: 14330
Question:
[[0 0 4 0 0 8 0 1 0]
 [0 8 0 1 4 0 0 7 0]
 [5 0 0 0 7 3 0 0 0]
 [0 3 0 0 0 7 0 0 0]
 [8 0 6 0 0 0 0 4 0]
 [0 0 2 0 0 0 0 0 3]
 [0 0 0 7 3 0 0 8 4]
 [0 4 0 0 8 5 1 3 0]
 [0 0 0 0 0 0 5 0 0]]
Solution:
[[3 5 7 1 8 9 2 4 6]
 [0 6 1 2 4 5 7 9 3]
 [4 2 9 7 6 3 5 8 1]
 [0 9 4 3 7 6 8 5 2]
 [8 7 5 9 0 2 6 1 4]
 [1 0 6 4 5 8 3 7 9]
 [7 4 3 8 1 0 9 2 0]
 [9 1 0 6 3 4 0 0 5]
 [6 8 2 5 9 7 4 3 0]]
Number of cells unfilled: 10
Accuracy: 87.65432098765432
Sample: 14331
Question:
[[0 0 4 0 1 0 6 0 2]
 [0 5 6 0 0 8 0 1 0]
 [0 0 0 0 4 0 0 8 5]
 [0 1 0 0 0 0 8 0 0]
 [2 0 0 0 0 0 0 0 4]
 [0 4 0 0 7 9 0 0 0]
 [5 8 0 0 0 0 1 0 0]
 [0 6 0 1 0 4 0 5 0]
 [0 0 0 5 0 0 2 0 0]]
Solution:
[[3 5 7 1 8 9 2 4 6]
 [2 6 1 0 4 5 7 9 3]
 [4 9 0 7 2 3 5 8 1]
 [0 0 9 3 7 6 8 5 2]
 [8 7 5 9 0 2 6 1 4]
 [1 2 6 4 5 8 3 7 9]
 [7 4 3 8 1 0 9 2 0]
 [9 1 0 6 3 4 0 0 5]
 [6 8 2 5 9 7 4 3 0]]
Number of cells unfilled: 11
Accuracy: 86.41975308641975
Sample: 14332
Question:
[[0 0 4 0 3 0 5 0 0]
 [5 0 0 6 9 0 0 0 0]
 [0 3 0 0 0 0 0 0 1]
 [1 0 0 0 0 0 7 0 3]
 [0 4 0 0 0 0 0 0 0]
 [7 0 2 0 5 0 1 4 0]
 [4 1 0 0 0 2 3 0 0]
 [0 0 7 0 1 0 0 2 0]
 [0 2 5 0 0 0 4 0 0]]
Solution:
[[3 5 7 1 0 9 2 4 6]
 [2 6 1 8 4 5 7 9 3]
 [4 0 9 7 6 3 5 8 1]
 [0 4 0 3 7 6 8 5 2]
 [8 7 5 9 0 2 6 1 4]
 [1 2 6 4 5 8 3 7 9]
 [5 0 3 0 1 4 9 2 8]
 [9 1 4 6 3 0 0 0 5]
 [6 8 2 5 9 7 4 3 0]]
Number of cells unfilled: 11
Accuracy: 86.41975308641975
Sample: 14333
Question:
[[0 0 4 0 5 2 0 6 0]
 [2 3 0 0 0 0 0 0 0]
 [0 5 6 4 0 0 1 0 0]
 [5 0 0 0 1 0 7 8 0]
 [0 1 0 3 0 0 0 4 0]
 [6 0 0 0 0 0 0 0 0]
 [3 0 0 0 0 4 0 0 5]
 [0 0 0 0 2 0 0 1 0]
 [4 0 1 5 6 0 0 0 0]]
Solution:
[[3 5 7 1 8 9 2 4 6]
 [2 6 8 0 4 5 7 9 3]
 [4 9 0 7 6 3 5 8 1]
 [0 2 4 3 7 6 8 5 9]
 [8 7 5 9 0 2 6 1 4]
 [1 0 9 4 5 8 3 7 2]
 [5 4 3 0 1 0 9 2 8]
 [9 1 0 6 3 4 0 0 5]
 [6 8 2 5 9 7 4 3 0]]
Number of cells unfilled: 11
Accuracy: 86.41975308641975
Sample: 14334
Question:
[[0 0 4 0 5 8 0 0 2]
 [0 0 0 3 0 0 0 0 4]
 [0 9 0 0 0 7 0 3 0]
 [4 2 0 0 0 0 0 0 7]
 [1 0 0 0 0 0 2 0 0]
 [0 3 7 0 0 0 0 0 9]
 [0 0 0 0 0 2 0 9 1]
 [0 7 0 0 3 0 0 2 0]
 [0 0 1 0 0 4 7 0 0]]
Solution:
[[3 5 7 1 8 9 2 4 6]
 [0 6 8 2 4 5 7 9 3]
 [4 2 9 7 6 3 5 8 1]
 [2 0 4 3 7 6 8 5 9]
 [8 7 5 9 0 2 6 1 4]
 [1 9 6 4 5 8 3 7 2]
 [5 4 3 8 1 0 9 2 7]
 [9 1 0 6 3 4 0 0 5]
 [6 8 2 5 9 7 4 3 0]]
Number of cells unfilled: 8
Accuracy: 90.12345679012346
Sample: 14335
Question:
[[0 0 4 0 6 0 3 0 0]
 [0 0 5 4 0 0 0 6 2]
 [1 0 0 0 0 0 0 0 5]
 [0 3 0 0 0 6 5 0 0]
 [0 5 0 1 0 0 0 2 0]
 [0 0 0 5 0 4 0 0 0]
 [7 0 8 0 0 1 0 0 3]
 [0 0 0 0 0 3 0 4 0]
 [0 0 0 2 0 0 0 0 1]]
Solution:
[[3 5 7 1 8 9 2 4 6]
 [2 6 8 0 4 5 7 9 3]
 [4 9 0 7 2 3 5 8 1]
 [0 2 4 3 7 6 8 5 9]
 [8 7 5 9 0 2 6 1 4]
 [1 0 6 4 5 8 3 7 2]
 [5 4 3 8 1 0 9 2 7]
 [9 1 0 6 3 4 0 0 5]
 [6 8 2 5 9 7 4 3 0]]
Number of cells unfilled: 10
Accuracy: 87.65432098765432
Sample: 14336
Question:
[[0 0 4 0 6 5 0 8 0]
 [0 0 5 7 8 0 0 0 0]
 [0 0 0 2 0 0 0 0 6]
 [8 0 0 0 5 0 0 0 0]
 [4 0 2 0 0 6 0 0 8]
 [0 5 6 0 0 2 0 0 7]
 [0 0 7 5 0 0 0 0 0]
 [6 0 0 0 4 0 0 0 0]
 [0 0 8 0 0 7 9 0 1]]
Solution:
[[3 5 7 8 0 9 2 4 6]
 [2 6 8 1 4 5 7 9 3]
 [4 9 0 7 6 3 5 8 1]
 [0 0 4 3 7 6 8 5 2]
 [8 7 5 9 0 2 6 1 4]
 [1 2 6 4 5 8 3 7 9]
 [7 4 3 5 1 0 9 2 8]
 [9 1 0 6 3 4 0 0 5]
 [6 8 2 0 9 7 4 3 0]]
Number of cells unfilled: 11
Accuracy: 86.41975308641975
Sample: 14337
Question:
[[0 0 4 0 8 0 0 7 0]
 [0 0 0 0 0 1 0 0 0]
 [2 6 0 0 4 0 0 3 0]
 [7 0 0 5 3 0 0 4 8]
 [0 4 0 0 0 0 0 0 7]
 [3 0 0 0 0 0 1 5 0]
 [4 0 0 0 5 0 0 0 3]
 [0 0 0 0 7 3 0 8 4]
 [0 0 0 8 0 0 0 1 0]]
Solution:
[[3 5 7 1 8 9 2 4 6]
 [2 6 1 0 4 5 7 9 3]
 [4 9 0 7 2 3 5 8 1]
 [0 0 4 3 7 6 8 5 2]
 [8 7 5 9 0 2 6 1 4]
 [1 2 6 4 5 8 3 7 9]
 [5 4 3 8 1 0 9 2 7]
 [9 1 0 6 3 4 0 0 5]
 [6 8 2 5 9 7 4 3 0]]
Number of cells unfilled: 10
Accuracy: 87.65432098765432
Sample: 14338
Question:
[[0 0 4 0 8 0 3 7 0]
 [0 0 0 0 0 0 0 0 1]
 [7 0 3 0 0 0 0 8 2]
 [3 0 7 0 0 2 1 0 0]
 [0 4 1 0 0 0 0 0 0]
 [2 8 0 7 0 0 0 0 0]
 [0 0 2 0 7 4 0 0 3]
 [0 0 0 5 0 6 2 0 0]
 [0 0 0 0 0 3 0 4 0]]
Solution:
[[3 5 7 1 8 9 2 4 6]
 [2 6 8 0 4 5 7 9 3]
 [4 9 0 7 2 3 5 8 1]
 [0 0 9 3 7 6 8 5 2]
 [8 7 5 9 0 2 6 1 4]
 [1 2 6 4 5 8 3 7 9]
 [7 4 3 5 1 0 9 2 8]
 [9 1 0 6 3 4 0 0 5]
 [6 8 2 0 9 7 4 3 0]]
Number of cells unfilled: 11
Accuracy: 86.41975308641975
Sample: 14339
Question:
[[0 0 4 0 9 0 0 0 0]
 [3 0 0 0 0 0 6 0 0]
 [0 6 7 2 0 3 0 9 0]
 [0 2 0 8 0 0 7 0 0]
 [0 0 0 5 0 0 9 2 0]
 [4 0 0 0 0 0 0 0 0]
 [0 4 2 9 0 0 3 7 0]
 [0 0 3 0 0 7 0 0 6]
 [0 0 0 0 2 0 0 4 0]]
Solution:
[[3 5 7 1 8 9 2 4 6]
 [0 6 1 2 4 5 7 9 3]
 [4 9 0 7 6 3 5 8 1]
 [2 4 0 3 7 6 8 5 9]
 [8 7 5 9 0 2 6 1 4]
 [1 0 6 4 5 8 3 7 2]
 [5 0 3 8 1 4 9 2 7]
 [9 1 4 6 3 0 0 0 5]
 [6 8 2 5 9 7 4 3 0]]
Number of cells unfilled: 10
Accuracy: 87.65432098765432
Sample: 14340
Question:
[[0 0 4 2 0 0 0 0 0]
 [0 8 0 0 1 0 2 0 0]
 [0 0 3 8 0 0 9 5 0]
 [0 3 0 0 2 0 0 0 0]
 [2 0 8 0 0 6 4 1 0]
 [0 1 6 0 4 8 0 0 0]
 [0 0 2 4 3 0 0 0 0]
 [0 0 0 6 0 1 8 0 0]
 [0 0 0 0 0 0 0 0 3]]
Solution:
[[3 5 7 1 8 9 2 4 6]
 [2 6 1 0 4 5 7 9 3]
 [4 9 0 7 2 3 5 8 1]
 [0 2 4 3 7 6 8 5 9]
 [8 7 5 9 0 2 6 1 4]
 [1 0 6 4 5 8 3 7 2]
 [7 4 3 0 1 0 9 2 8]
 [9 1 0 6 3 4 0 0 5]
 [6 8 2 5 9 7 4 3 0]]
Number of cells unfilled: 11
Accuracy: 86.41975308641975
Sample: 14341
Question:
[[0 0 4 2 0 0 0 3 0]
 [0 0 0 3 0 0 5 0 7]
 [0 0 0 0 0 8 0 0 0]
 [1 4 0 0 0 0 0 0 3]
 [0 2 3 0 6 0 4 0 8]
 [8 0 6 0 0 0 0 0 0]
 [0 3 2 4 0 1 0 0 0]
 [0 1 0 6 0 0 3 0 0]
 [0 0 8 0 2 0 0 1 0]]
Solution:
[[3 5 7 8 0 9 2 4 6]
 [2 6 8 1 4 5 7 9 3]
 [4 9 0 7 6 3 5 8 1]
 [0 0 4 3 7 6 8 5 2]
 [8 7 5 9 0 2 6 1 4]
 [1 2 6 4 5 8 3 7 9]
 [5 4 3 0 1 0 9 2 8]
 [9 1 0 6 3 4 0 0 5]
 [6 8 2 5 9 7 4 3 0]]
Number of cells unfilled: 11
Accuracy: 86.41975308641975
Sample: 14342
Question:
[[0 0 4 2 0 5 8 0 1]
 [0 0 0 0 6 0 0 0 4]
 [0 2 8 0 0 0 6 5 0]
 [0 8 2 4 0 1 0 0 5]
 [1 0 5 0 0 0 4 0 0]
 [0 6 0 0 2 0 0 0 0]
 [0 0 1 9 5 0 2 0 0]
 [0 0 0 7 0 0 0 0 0]
 [0 0 0 0 0 0 0 4 0]]
Solution:
[[3 5 7 8 0 9 2 4 6]
 [0 6 8 2 4 5 7 9 3]
 [4 2 9 7 6 3 5 8 1]
 [2 4 0 3 7 6 8 5 9]
 [8 7 5 9 0 2 6 1 4]
 [1 9 6 4 5 8 3 7 2]
 [5 0 3 0 1 0 9 2 8]
 [9 1 0 6 3 4 0 0 5]
 [6 8 2 5 9 7 4 3 0]]
Number of cells unfilled: 11
Accuracy: 86.41975308641975
Sample: 14343
Question:
[[0 0 4 3 1 0 0 0 0]
 [0 3 0 0 5 0 0 0 0]
 [0 0 7 2 0 4 0 0 3]
 [4 0 3 0 0 0 6 9 0]
 [0 0 1 0 0 0 0 0 0]
 [2 0 0 7 0 0 4 0 0]
 [0 1 0 4 0 0 0 2 0]
 [7 0 5 0 0 2 0 0 0]
 [0 4 0 0 3 5 1 0 0]]
Solution:
[[3 5 7 1 8 9 2 4 6]
 [0 6 1 2 4 5 7 9 3]
 [4 2 9 7 6 3 5 8 1]
 [0 4 0 3 7 6 8 5 2]
 [8 7 5 9 0 2 6 1 4]
 [1 0 6 4 5 8 3 7 9]
 [7 0 3 8 1 4 9 2 0]
 [9 1 4 6 3 0 0 0 5]
 [6 8 2 5 9 7 4 3 0]]
Number of cells unfilled: 11
Accuracy: 86.41975308641975
Sample: 14344
Question:
[[0 0 4 3 8 0 5 0 0]
 [0 0 3 0 0 0 0 8 7]
 [2 0 0 0 0 5 4 0 0]
 [0 0 0 0 0 7 0 0 2]
 [1 0 6 2 4 0 0 0 0]
 [0 0 7 0 0 0 0 4 0]
 [0 0 0 4 0 3 0 5 0]
 [0 3 0 0 5 0 0 7 0]
 [0 0 2 8 0 0 0 0 0]]
Solution:
[[3 5 7 8 0 9 2 4 6]
 [0 6 8 2 4 5 7 9 3]
 [4 9 0 7 6 3 5 8 1]
 [0 2 4 3 7 6 8 5 9]
 [8 7 5 9 0 2 6 1 4]
 [1 0 9 4 5 8 3 7 2]
 [7 4 3 0 1 0 9 2 8]
 [9 1 0 6 3 4 0 0 5]
 [6 8 2 5 9 7 4 3 0]]
Number of cells unfilled: 12
Accuracy: 85.18518518518519
Sample: 14345
Question:
[[0 0 4 5 0 0 8 9 0]
 [0 5 0 0 2 8 6 0 0]
 [0 0 0 0 0 0 0 2 0]
 [0 0 0 2 5 0 4 0 6]
 [0 6 0 0 8 0 0 0 2]
 [2 0 0 0 0 0 9 0 0]
 [0 4 0 9 0 0 0 0 0]
 [0 3 7 0 6 0 0 4 0]
 [6 0 0 0 4 0 5 0 0]]
Solution:
[[3 5 7 8 0 9 2 4 6]
 [2 6 8 1 4 5 7 9 3]
 [4 9 0 7 6 3 5 8 1]
 [0 2 4 3 7 6 8 5 9]
 [8 7 5 9 0 2 6 1 4]
 [1 0 9 4 5 8 3 7 2]
 [5 4 3 0 1 0 9 2 7]
 [9 1 0 6 3 4 0 0 5]
 [6 8 2 5 9 7 4 3 0]]
Number of cells unfilled: 11
Accuracy: 86.41975308641975
Sample: 14346
Question:
[[0 0 4 5 0 9 0 0 0]
 [0 0 3 0 4 2 0 9 0]
 [9 0 0 6 0 0 0 0 0]
 [4 0 0 9 6 0 0 0 5]
 [5 9 0 0 0 0 2 0 0]
 [0 3 6 0 0 0 4 0 0]
 [0 0 5 4 0 0 0 0 0]
 [0 2 0 0 0 3 0 0 0]
 [0 0 0 2 0 0 1 0 8]]
Solution:
[[3 5 7 1 0 9 2 4 6]
 [2 6 1 8 4 5 7 9 3]
 [4 0 9 7 6 3 5 8 1]
 [0 2 0 3 7 6 8 5 9]
 [8 7 5 9 0 2 6 1 4]
 [1 9 6 4 5 8 3 7 2]
 [5 0 3 0 1 4 9 2 7]
 [9 1 4 6 3 0 0 0 5]
 [6 8 2 5 9 7 4 3 0]]
Number of cells unfilled: 11
Accuracy: 86.41975308641975
Sample: 14347
Question:
[[0 0 4 5 0 9 0 0 0]
 [0 0 9 8 0 0 3 0 0]
 [6 0 0 0 3 4 9 0 0]
 [0 3 0 4 0 0 0 7 1]
 [5 0 0 3 0 0 0 0 0]
 [0 4 0 0 0 6 0 0 0]
 [8 6 0 0 0 0 0 3 9]
 [0 9 5 0 0 0 0 4 0]
 [0 0 0 0 8 0 0 0 5]]
Solution:
[[3 5 7 1 0 9 2 4 6]
 [2 6 1 8 4 5 7 9 3]
 [4 0 9 7 6 3 5 8 1]
 [0 4 0 3 7 6 8 5 2]
 [8 7 5 9 0 2 6 1 4]
 [1 2 6 4 5 8 3 7 9]
 [7 0 3 0 1 4 9 2 8]
 [9 1 4 6 3 0 0 0 5]
 [6 8 2 5 9 7 4 3 0]]
Number of cells unfilled: 11
Accuracy: 86.41975308641975
Sample: 14348
Question:
[[0 0 4 7 0 0 0 0 3]
 [0 0 0 0 0 0 1 7 0]
 [0 0 3 1 6 0 8 0 4]
 [0 0 0 0 0 0 0 0 7]
 [3 0 0 9 5 0 6 0 0]
 [0 8 0 6 0 0 3 0 0]
 [7 1 0 0 0 0 0 0 0]
 [4 0 0 3 0 6 0 1 0]
 [0 0 6 0 0 1 0 0 8]]
Solution:
[[3 5 7 1 8 9 2 4 6]
 [0 6 1 2 4 5 7 9 3]
 [4 2 9 7 6 3 5 8 1]
 [0 4 0 3 7 6 8 5 2]
 [8 7 5 9 0 2 6 1 4]
 [1 0 6 4 5 8 3 7 9]
 [7 0 3 8 1 4 9 2 0]
 [9 1 4 6 3 0 0 0 5]
 [6 8 2 5 9 7 4 3 0]]
Number of cells unfilled: 11
Accuracy: 86.41975308641975
Sample: 14349
Question:
[[0 0 4 8 0 0 0 3 0]
 [2 0 0 0 0 0 0 0 0]
 [0 0 3 0 0 0 7 5 0]
 [4 0 0 0 9 1 0 2 0]
 [0 2 9 0 0 0 4 0 0]
 [1 0 8 0 0 4 3 0 0]
 [8 0 0 4 0 3 0 0 9]
 [0 9 0 0 1 0 0 0 3]
 [0 0 0 9 2 0 0 0 0]]
Solution:
[[3 5 7 8 0 9 2 4 6]
 [2 6 8 1 4 5 7 9 3]
 [4 9 0 7 6 3 5 8 1]
 [0 0 4 3 7 6 8 5 2]
 [8 7 5 9 0 2 6 1 4]
 [1 2 6 4 5 8 3 7 9]
 [5 4 3 0 1 0 9 2 8]
 [9 1 0 6 3 4 0 0 5]
 [6 8 2 5 9 7 4 3 0]]
Number of cells unfilled: 11
Accuracy: 86.41975308641975
Sample: 14350
Question:
[[0 0 4 8 1 0 3 9 0]
 [1 0 0 0 0 0 0 0 0]
 [0 0 0 0 9 2 0 0 4]
 [0 3 0 0 2 0 0 8 1]
 [0 0 0 1 8 0 4 0 3]
 [0 0 0 3 0 0 9 0 0]
 [0 0 8 0 0 0 0 0 2]
 [6 0 5 0 0 0 0 4 0]
 [0 1 0 0 4 0 8 0 0]]
Solution:
[[3 5 7 8 0 9 2 4 6]
 [2 6 8 1 4 5 7 9 3]
 [4 9 0 7 6 3 5 8 1]
 [0 4 9 3 7 6 8 5 2]
 [8 7 5 9 0 2 6 1 4]
 [1 2 6 4 5 8 3 7 9]
 [5 0 3 0 1 4 9 2 8]
 [9 1 4 6 3 0 0 0 5]
 [6 8 2 5 9 7 4 3 0]]
Number of cells unfilled: 10
Accuracy: 87.65432098765432
Sample: 14351
Question:
[[0 0 4 9 0 1 0 0 8]
 [0 0 0 0 0 0 0 7 0]
 [0 0 2 0 8 0 0 0 6]
 [4 0 0 0 0 8 0 0 3]
 [8 0 6 0 0 0 0 4 2]
 [0 0 7 0 0 0 6 0 0]
 [6 0 8 0 0 2 3 0 0]
 [0 7 3 0 0 4 0 0 0]
 [2 4 0 8 0 0 0 0 0]]
Solution:
[[3 5 7 1 8 9 2 4 6]
 [0 6 8 2 4 5 7 9 3]
 [4 9 0 7 6 3 5 8 1]
 [0 0 9 3 7 6 8 5 2]
 [8 7 5 9 0 2 6 1 4]
 [1 2 6 4 5 8 3 7 9]
 [5 4 3 8 1 0 9 2 7]
 [9 1 0 6 3 4 0 0 5]
 [6 8 2 5 9 7 4 3 0]]
Number of cells unfilled: 10
Accuracy: 87.65432098765432
Sample: 14352
Question:
[[0 0 5 0 0 0 0 0 1]
 [9 0 0 0 0 0 3 0 0]
 [0 0 0 8 2 0 0 9 0]
 [6 0 1 0 7 0 0 5 0]
 [0 0 0 0 0 0 0 0 3]
 [5 3 0 0 9 0 7 6 0]
 [3 0 0 0 0 0 9 0 7]
 [1 0 0 0 0 7 0 3 5]
 [0 7 0 0 5 0 6 0 0]]
Solution:
[[3 5 7 1 8 9 2 4 6]
 [0 6 1 2 4 5 7 9 3]
 [4 9 0 7 6 3 5 8 1]
 [0 0 4 3 7 6 8 5 2]
 [8 7 5 9 0 2 6 1 4]
 [1 2 6 4 5 8 3 7 9]
 [5 4 3 8 1 0 9 2 7]
 [9 1 0 6 3 4 0 0 5]
 [6 8 2 5 9 7 4 3 0]]
Number of cells unfilled: 10
Accuracy: 87.65432098765432
Sample: 14353
Question:
[[0 0 5 0 0 0 2 0 0]
 [0 8 0 1 0 0 0 4 0]
 [1 0 6 0 4 0 8 5 0]
 [0 5 0 0 0 1 0 0 0]
 [8 0 0 0 5 4 0 0 0]
 [6 0 0 0 2 0 0 0 5]
 [0 0 0 0 0 2 9 7 0]
 [0 0 2 0 6 0 0 8 0]
 [4 0 0 0 0 8 0 0 0]]
Solution:
[[3 5 7 1 8 9 2 4 6]
 [2 6 1 0 4 5 7 9 3]
 [4 9 0 7 2 3 5 8 1]
 [0 0 9 3 7 6 8 5 2]
 [8 7 5 9 0 2 6 1 4]
 [1 2 6 4 5 8 3 7 9]
 [5 4 3 0 1 0 9 2 8]
 [9 1 0 6 3 4 0 0 5]
 [6 8 2 5 9 7 4 3 0]]
Number of cells unfilled: 11
Accuracy: 86.41975308641975
Sample: 14354
Question:
[[0 0 5 0 0 0 3 7 0]
 [0 0 1 0 7 0 0 0 0]
 [7 0 0 4 0 0 6 0 0]
 [0 0 3 0 0 0 5 0 0]
 [0 4 0 5 0 0 0 1 0]
 [0 0 0 2 0 9 4 0 0]
 [0 7 0 0 0 4 0 0 0]
 [0 1 6 0 0 5 0 3 0]
 [5 0 0 3 0 0 7 0 6]]
Solution:
[[3 5 7 1 8 9 2 4 6]
 [0 6 1 2 4 5 7 9 3]
 [4 9 0 7 6 3 5 8 1]
 [2 0 4 3 7 6 8 5 9]
 [8 7 5 9 0 2 6 1 4]
 [1 0 6 4 5 8 3 7 2]
 [7 4 3 8 1 0 9 2 0]
 [9 1 0 6 3 4 0 0 5]
 [6 8 2 5 9 7 4 3 0]]
Number of cells unfilled: 11
Accuracy: 86.41975308641975
Sample: 14355
Question:
[[0 0 5 0 0 0 4 0 0]
 [0 0 0 8 2 0 0 5 0]
 [9 0 0 0 0 0 0 7 0]
 [0 0 3 0 0 5 0 0 1]
 [7 5 0 0 0 1 9 0 0]
 [1 0 4 0 0 0 0 0 7]
 [0 0 0 7 0 0 0 1 4]
 [0 3 1 0 4 0 0 0 0]
 [0 7 0 5 0 0 3 9 0]]
Solution:
[[3 5 7 8 0 9 2 4 6]
 [0 6 8 2 4 5 7 9 3]
 [4 9 0 7 6 3 5 8 1]
 [0 4 9 3 7 6 8 5 2]
 [8 7 5 9 0 2 6 1 4]
 [1 2 6 4 5 8 3 7 9]
 [7 0 3 0 1 4 9 2 8]
 [9 1 4 6 3 0 0 0 5]
 [6 8 2 5 9 7 4 3 0]]
Number of cells unfilled: 11
Accuracy: 86.41975308641975
Sample: 14356
Question:
[[0 0 5 0 0 0 9 1 0]
 [0 3 1 0 2 0 0 0 0]
 [9 6 0 0 0 5 2 0 3]
 [0 2 0 0 8 0 0 0 0]
 [5 0 0 0 7 0 0 9 0]
 [0 0 0 0 0 9 0 0 1]
 [0 0 0 3 0 0 1 0 0]
 [6 0 0 0 0 0 0 0 2]
 [1 0 0 0 9 2 5 6 0]]
Solution:
[[3 5 7 8 0 9 2 4 6]
 [2 6 8 1 4 5 7 9 3]
 [4 0 9 7 6 3 5 8 1]
 [0 4 0 3 7 6 8 5 2]
 [8 7 5 9 0 2 6 1 4]
 [1 2 6 4 5 8 3 7 9]
 [5 0 3 0 1 4 9 2 7]
 [9 1 4 6 3 0 0 0 5]
 [6 8 2 5 9 7 4 3 0]]
Number of cells unfilled: 11
Accuracy: 86.41975308641975
Sample: 14357
Question:
[[0 0 5 0 0 7 8 0 6]
 [0 0 8 5 0 2 0 0 0]
 [0 9 0 0 0 0 0 0 5]
 [5 0 2 6 0 0 0 8 0]
 [0 0 6 0 7 0 2 0 0]
 [9 7 0 0 0 0 5 0 0]
 [6 0 0 0 0 8 3 1 0]
 [8 0 0 9 0 0 0 0 0]
 [0 2 0 0 0 6 0 0 0]]
Solution:
[[3 5 7 8 0 9 2 4 6]
 [0 6 8 2 4 5 7 9 3]
 [4 2 9 7 6 3 5 8 1]
 [2 4 0 3 7 6 8 5 9]
 [8 7 5 9 0 2 6 1 4]
 [1 9 6 4 5 8 3 7 2]
 [5 0 3 0 1 4 9 2 7]
 [9 1 4 6 3 0 0 0 5]
 [6 8 2 5 9 7 4 3 0]]
Number of cells unfilled: 10
Accuracy: 87.65432098765432
Sample: 14358
Question:
[[0 0 5 0 0 8 0 1 0]
 [0 1 0 2 0 0 4 0 0]
 [4 0 9 5 0 0 0 0 0]
 [5 0 0 6 0 3 2 0 8]
 [0 0 8 1 0 0 0 9 0]
 [2 0 0 0 0 0 0 0 1]
 [9 0 0 0 5 0 0 0 0]
 [1 0 0 0 0 0 0 5 2]
 [0 0 0 8 0 0 0 0 4]]
Solution:
[[3 5 7 8 0 9 2 4 6]
 [0 6 8 2 4 5 7 9 3]
 [4 9 0 7 6 3 5 8 1]
 [0 4 9 3 7 6 8 5 2]
 [8 7 5 9 0 2 6 1 4]
 [1 2 6 4 5 8 3 7 9]
 [5 0 3 0 1 0 9 2 8]
 [9 1 0 6 3 4 0 0 5]
 [6 8 2 5 9 7 4 3 0]]
Number of cells unfilled: 12
Accuracy: 85.18518518518519
Sample: 14359
Question:
[[0 0 5 0 0 9 0 0 0]
 [0 9 2 0 4 0 0 0 7]
 [0 0 0 0 0 0 1 0 0]
 [0 7 9 1 0 6 0 0 0]
 [4 0 0 0 7 3 6 9 0]
 [0 0 0 0 0 0 0 0 1]
 [0 6 0 0 0 4 0 1 0]
 [0 0 7 0 1 0 0 4 3]
 [0 0 0 0 3 7 9 0 0]]
Solution:
[[3 5 7 1 8 9 2 4 6]
 [0 6 8 2 4 5 7 9 3]
 [4 9 0 7 6 3 5 8 1]
 [0 4 9 3 7 6 8 5 2]
 [8 7 5 9 0 2 6 1 4]
 [1 2 6 4 5 8 3 7 9]
 [5 0 3 8 1 0 9 2 7]
 [9 1 0 6 3 4 0 0 5]
 [6 8 2 5 9 7 4 3 0]]
Number of cells unfilled: 10
Accuracy: 87.65432098765432
Sample: 14360
Question:
[[0 0 5 0 1 0 8 0 0]
 [0 0 0 0 8 6 0 0 0]
 [8 0 0 0 0 9 7 0 0]
 [7 0 0 9 0 8 0 6 0]
 [0 8 0 0 0 0 0 0 1]
 [0 5 9 0 6 0 0 0 0]
 [0 7 0 0 0 1 0 4 2]
 [0 0 6 0 0 7 0 0 0]
 [0 1 0 0 5 0 0 7 0]]
Solution:
[[3 5 7 1 8 9 2 4 6]
 [0 6 1 2 4 5 7 9 3]
 [4 2 9 7 6 3 5 8 1]
 [2 0 4 3 7 6 8 5 9]
 [8 7 5 9 0 2 6 1 4]
 [1 9 6 4 5 8 3 7 2]
 [5 4 3 8 1 0 9 2 7]
 [9 1 0 6 3 4 0 0 5]
 [6 8 2 5 9 7 4 3 0]]
Number of cells unfilled: 8
Accuracy: 90.12345679012346
Sample: 14361
Question:
[[0 0 5 0 1 9 0 0 0]
 [0 0 3 0 0 2 0 0 6]
 [1 0 0 3 0 0 0 5 9]
 [0 1 0 2 0 0 0 6 0]
 [0 0 0 0 9 0 2 0 0]
 [0 5 2 0 3 0 0 0 4]
 [0 6 0 0 0 0 0 4 8]
 [0 3 0 0 5 0 0 0 0]
 [0 0 9 0 0 6 0 0 0]]
Solution:
[[3 5 7 1 8 9 2 4 6]
 [0 6 8 2 4 5 7 9 3]
 [4 2 9 7 6 3 5 8 1]
 [0 4 0 3 7 6 8 5 2]
 [8 7 5 9 0 2 6 1 4]
 [1 0 6 4 5 8 3 7 9]
 [7 0 3 8 1 4 9 2 0]
 [9 1 4 6 3 0 0 0 5]
 [6 8 2 5 9 7 4 3 0]]
Number of cells unfilled: 11
Accuracy: 86.41975308641975
Sample: 14362
Question:
[[0 0 5 0 2 1 6 0 4]
 [1 6 0 9 4 0 0 0 0]
 [0 0 0 5 0 0 0 9 0]
 [0 7 0 0 6 0 0 0 0]
 [0 0 0 0 0 0 0 0 9]
 [6 3 0 0 9 5 0 1 0]
 [0 0 0 0 1 2 0 0 0]
 [4 0 0 0 0 0 9 0 1]
 [0 0 6 0 0 0 5 2 0]]
Solution:
[[3 5 7 8 0 9 2 4 6]
 [2 6 8 1 4 5 7 9 3]
 [4 9 0 7 6 3 5 8 1]
 [0 0 9 3 7 6 8 5 2]
 [8 7 5 9 0 2 6 1 4]
 [1 2 6 4 5 8 3 7 9]
 [5 4 3 0 1 0 9 2 7]
 [9 1 0 6 3 4 0 0 5]
 [6 8 2 5 9 7 4 3 0]]
Number of cells unfilled: 11
Accuracy: 86.41975308641975
Sample: 14363
Question:
[[0 0 5 0 2 6 0 0 0]
 [0 1 0 3 5 0 0 0 7]
 [0 0 6 1 0 0 0 2 0]
 [5 0 2 0 0 0 0 8 1]
 [0 3 0 0 0 0 0 4 0]
 [0 0 0 0 0 0 3 0 0]
 [7 0 0 0 0 0 0 0 3]
 [6 0 0 7 1 0 2 5 0]
 [0 0 1 0 0 5 0 0 0]]
Solution:
[[3 5 7 8 0 9 2 4 6]
 [2 6 8 1 4 5 7 9 3]
 [4 9 0 7 2 3 5 8 1]
 [0 0 9 3 7 6 8 5 2]
 [8 7 5 9 0 2 6 1 4]
 [1 2 6 4 5 8 3 7 9]
 [5 4 3 0 1 0 9 2 7]
 [9 1 0 6 3 4 0 0 5]
 [6 8 2 5 9 7 4 3 0]]
Number of cells unfilled: 11
Accuracy: 86.41975308641975
Sample: 14364
Question:
[[0 0 5 0 8 0 0 0 4]
 [0 0 0 9 0 3 0 0 8]
 [0 0 0 0 0 0 0 6 0]
 [0 8 4 0 0 0 0 1 5]
 [0 1 0 8 4 0 0 0 2]
 [0 0 6 0 1 0 4 0 0]
 [1 0 0 0 0 0 0 0 0]
 [0 4 8 5 0 0 2 0 0]
 [6 0 2 1 0 0 0 5 0]]
Solution:
[[3 5 7 1 8 9 2 4 6]
 [2 6 8 0 4 5 7 9 3]
 [4 9 0 7 2 3 5 8 1]
 [0 2 4 3 7 6 8 5 9]
 [8 7 5 9 0 2 6 1 4]
 [1 0 9 4 5 8 3 7 2]
 [7 4 3 8 1 0 9 2 0]
 [9 1 0 6 3 4 0 0 5]
 [6 8 2 5 9 7 4 3 0]]
Number of cells unfilled: 11
Accuracy: 86.41975308641975
Sample: 14365
Question:
[[0 0 5 0 9 0 0 0 0]
 [0 0 0 0 0 0 7 0 0]
 [3 0 0 1 4 6 0 0 5]
 [0 0 0 6 5 0 0 3 8]
 [8 0 0 0 0 0 0 0 0]
 [0 0 6 0 0 1 0 7 0]
 [0 8 0 3 7 0 1 6 0]
 [6 0 3 0 0 0 0 5 0]
 [0 1 7 0 0 5 0 0 0]]
Solution:
[[3 5 7 1 0 9 2 4 6]
 [2 6 1 8 4 5 7 9 3]
 [4 9 0 7 2 3 5 8 1]
 [0 0 4 3 7 6 8 5 2]
 [8 7 5 9 0 2 6 1 4]
 [1 2 6 4 5 8 3 7 9]
 [5 4 3 0 1 0 9 2 8]
 [9 1 0 6 3 4 0 0 5]
 [6 8 2 5 9 7 4 3 0]]
Number of cells unfilled: 11
Accuracy: 86.41975308641975
Sample: 14366
Question:
[[0 0 5 2 0 0 0 1 4]
 [0 0 4 0 1 9 5 0 0]
 [0 8 0 0 0 0 0 0 0]
 [0 0 0 4 0 0 0 0 1]
 [0 0 0 0 2 0 4 0 5]
 [0 0 0 0 9 0 8 2 0]
 [8 0 0 0 5 0 0 0 2]
 [0 0 0 0 0 8 9 0 0]
 [0 3 6 0 4 0 0 5 0]]
Solution:
[[3 5 7 1 8 9 2 4 6]
 [0 6 8 2 4 5 7 9 3]
 [4 9 0 7 6 3 5 8 1]
 [0 4 9 3 7 6 8 5 2]
 [8 7 5 9 0 2 6 1 4]
 [1 2 6 4 5 8 3 7 9]
 [5 0 3 8 1 4 9 2 7]
 [9 1 4 6 3 0 0 0 5]
 [6 8 2 5 9 7 4 3 0]]
Number of cells unfilled: 9
Accuracy: 88.88888888888889
Sample: 14367
Question:
[[0 0 5 3 0 8 0 0 2]
 [0 0 7 9 0 0 0 0 1]
 [0 9 0 0 0 0 0 5 0]
 [7 0 0 0 2 0 0 0 9]
 [0 0 6 5 0 0 2 0 0]
 [0 2 1 0 0 0 0 0 7]
 [6 0 2 1 0 0 7 0 5]
 [5 0 0 0 0 0 0 9 6]
 [0 0 0 0 0 0 1 0 0]]
Solution:
[[3 5 7 1 0 9 2 4 6]
 [2 6 1 8 4 5 7 9 3]
 [4 0 9 7 6 3 5 8 1]
 [0 4 0 3 7 6 8 5 2]
 [8 7 5 9 0 2 6 1 4]
 [1 2 6 4 5 8 3 7 9]
 [7 0 3 0 1 4 9 2 8]
 [9 1 4 6 3 0 0 0 5]
 [6 8 2 5 9 7 4 3 0]]
Number of cells unfilled: 11
Accuracy: 86.41975308641975
Sample: 14368
Question:
[[0 0 5 4 0 0 0 0 2]
 [0 0 0 6 0 1 0 5 0]
 [3 0 0 0 0 0 4 0 0]
 [0 0 2 0 0 0 7 0 5]
 [0 0 0 0 0 0 0 0 9]
 [0 0 4 0 7 0 3 2 0]
 [7 5 0 0 0 3 0 0 0]
 [0 2 0 5 0 0 0 9 0]
 [4 0 9 0 0 0 0 3 0]]
Solution:
[[3 5 7 1 8 9 2 4 6]
 [0 6 1 2 4 5 7 9 3]
 [4 9 0 7 6 3 5 8 1]
 [0 0 4 3 7 6 8 5 2]
 [8 7 5 9 0 2 6 1 4]
 [1 2 6 4 5 8 3 7 9]
 [5 4 3 8 1 0 9 2 7]
 [9 1 0 6 3 4 0 0 5]
 [6 8 2 5 9 7 4 3 0]]
Number of cells unfilled: 10
Accuracy: 87.65432098765432
Sample: 14369
Question:
[[0 0 5 4 0 3 1 8 0]
 [0 0 0 0 0 0 6 0 0]
 [3 1 0 0 8 6 0 0 0]
 [1 0 0 0 6 5 0 0 4]
 [0 0 4 3 0 0 0 0 0]
 [5 0 0 8 4 0 0 0 0]
 [4 0 0 0 0 0 9 2 0]
 [0 6 0 0 1 0 0 0 0]
 [8 0 0 5 0 0 0 0 0]]
Solution:
[[3 5 7 1 8 9 2 4 6]
 [0 6 1 2 4 5 7 9 3]
 [4 2 9 7 6 3 5 8 1]
 [0 9 4 3 7 6 8 5 2]
 [8 7 5 9 0 2 6 1 4]
 [1 0 6 4 5 8 3 7 9]
 [7 4 3 8 1 0 9 2 0]
 [9 1 0 6 3 4 0 0 5]
 [6 8 2 5 9 7 4 3 0]]
Number of cells unfilled: 10
Accuracy: 87.65432098765432
Sample: 14370
Question:
[[0 0 5 6 0 0 9 0 0]
 [6 0 0 0 5 9 0 0 0]
 [0 3 0 1 2 0 0 0 0]
 [0 0 7 0 0 0 0 0 1]
 [1 0 0 2 0 0 0 0 0]
 [0 0 4 0 0 0 5 2 0]
 [0 0 0 0 0 0 0 3 2]
 [0 0 3 0 1 0 6 0 5]
 [5 0 0 3 6 0 1 9 0]]
Solution:
[[3 5 7 8 0 9 2 4 6]
 [2 6 8 1 4 5 7 9 3]
 [4 0 9 7 6 3 5 8 1]
 [0 9 0 3 7 6 8 5 2]
 [8 7 5 9 0 2 6 1 4]
 [1 2 6 4 5 8 3 7 9]
 [5 0 3 0 1 4 9 2 8]
 [9 1 4 6 3 0 0 0 5]
 [6 8 2 5 9 7 4 3 0]]
Number of cells unfilled: 11
Accuracy: 86.41975308641975
Sample: 14371
Question:
[[0 0 5 7 0 0 0 0 0]
 [4 0 0 0 0 0 6 0 0]
 [7 0 1 0 6 9 0 0 4]
 [0 0 9 5 0 0 0 7 6]
 [6 0 0 0 0 4 1 0 9]
 [1 0 7 0 0 0 5 4 0]
 [0 0 0 0 8 0 0 0 0]
 [9 0 0 4 2 0 7 0 0]
 [0 0 0 0 0 0 0 6 0]]
Solution:
[[3 5 7 8 0 9 2 4 6]
 [2 6 8 1 4 5 7 9 3]
 [4 9 0 7 2 3 5 8 1]
 [0 2 4 3 7 6 8 5 9]
 [8 7 5 9 0 2 6 1 4]
 [1 0 6 4 5 8 3 7 2]
 [7 4 3 5 1 0 9 2 8]
 [9 1 0 6 3 4 0 0 5]
 [6 8 2 0 9 7 4 3 0]]
Number of cells unfilled: 11
Accuracy: 86.41975308641975
Sample: 14372
Question:
[[0 0 6 0 0 0 0 0 0]
 [0 3 0 6 0 0 2 0 5]
 [8 0 0 0 3 0 0 1 0]
 [0 0 0 0 0 4 1 0 0]
 [0 7 0 8 1 0 0 0 3]
 [0 0 3 0 7 6 0 0 4]
 [7 0 0 0 0 0 0 0 0]
 [3 0 4 1 8 0 0 0 0]
 [0 8 1 0 6 0 0 4 0]]
Solution:
[[3 5 7 1 0 9 2 4 6]
 [2 6 1 8 4 5 7 9 3]
 [4 9 0 7 2 3 5 8 1]
 [0 2 4 3 7 6 8 5 9]
 [8 7 5 9 0 2 6 1 4]
 [1 0 6 4 5 8 3 7 2]
 [5 4 3 0 1 0 9 2 8]
 [9 1 0 6 3 4 0 0 5]
 [6 8 2 5 9 7 4 3 0]]
Number of cells unfilled: 11
Accuracy: 86.41975308641975
Sample: 14373
Question:
[[0 0 6 0 0 0 0 0 0]
 [0 5 9 0 3 0 0 0 0]
 [3 7 0 0 8 0 5 0 0]
 [0 0 0 8 6 0 0 0 5]
 [6 0 0 0 0 3 0 0 9]
 [0 3 0 5 0 0 0 7 0]
 [0 8 0 7 0 0 0 0 0]
 [0 0 3 0 9 0 7 0 0]
 [9 0 0 0 0 8 0 2 4]]
Solution:
[[3 5 7 8 0 9 2 4 6]
 [2 6 8 1 4 5 7 9 3]
 [4 0 9 7 2 3 5 8 1]
 [0 4 0 3 7 6 8 5 9]
 [8 7 5 9 0 2 6 1 4]
 [1 9 6 4 5 8 3 7 2]
 [5 0 3 0 1 4 9 2 7]
 [9 1 4 6 3 0 0 0 5]
 [6 8 2 5 9 7 4 3 0]]
Number of cells unfilled: 11
Accuracy: 86.41975308641975
Sample: 14374
Question:
[[0 0 6 0 0 0 0 5 0]
 [0 0 0 3 0 0 6 0 0]
 [0 1 0 0 0 0 4 9 0]
 [0 2 0 7 0 0 0 1 0]
 [0 0 0 0 2 1 7 0 0]
 [0 0 7 6 0 3 0 0 4]
 [2 0 0 4 0 7 1 0 0]
 [0 7 0 0 0 0 0 0 0]
 [4 0 3 0 0 0 0 0 6]]
Solution:
[[3 5 7 1 8 9 2 4 6]
 [2 6 8 0 4 5 7 9 3]
 [4 9 0 7 2 3 5 8 1]
 [0 2 4 3 7 6 8 5 9]
 [8 7 5 9 0 2 6 1 4]
 [1 0 6 4 5 8 3 7 2]
 [5 4 3 0 1 0 9 2 8]
 [9 1 0 6 3 4 0 0 5]
 [6 8 2 5 9 7 4 3 0]]
Number of cells unfilled: 11
Accuracy: 86.41975308641975
Sample: 14375
Question:
[[0 0 6 0 0 0 4 0 0]
 [0 0 9 0 0 0 0 7 1]
 [0 4 0 0 0 3 0 5 0]
 [0 3 2 4 0 6 0 9 0]
 [0 9 0 0 0 5 0 0 4]
 [5 0 0 2 0 0 0 6 0]
 [0 0 3 5 0 4 9 0 0]
 [0 0 5 0 6 9 0 0 0]
 [0 0 0 0 2 0 0 0 0]]
Solution:
[[3 5 7 8 0 9 2 4 6]
 [0 6 1 2 4 5 7 9 3]
 [4 9 0 7 6 3 5 8 1]
 [2 4 0 3 7 6 8 5 9]
 [8 7 5 9 0 2 6 1 4]
 [1 0 9 4 5 8 3 7 2]
 [7 0 3 0 1 0 9 2 8]
 [9 1 0 6 3 4 0 0 5]
 [6 8 2 5 9 7 4 3 0]]
Number of cells unfilled: 13
Accuracy: 83.9506172839506
Sample: 14376
Question:
[[0 0 6 0 0 0 5 1 0]
 [0 0 0 0 5 0 0 0 0]
 [0 0 4 0 0 0 0 0 3]
 [0 0 0 0 0 0 0 9 0]
 [1 0 5 0 8 9 7 0 0]
 [0 3 0 0 0 0 8 0 5]
 [9 0 0 7 0 1 0 0 0]
 [0 8 0 0 3 5 1 0 0]
 [0 0 0 0 9 0 3 7 0]]
Solution:
[[3 5 7 1 8 9 2 4 6]
 [0 6 8 2 4 5 7 9 3]
 [4 2 9 7 6 3 5 8 1]
 [2 0 4 3 7 6 8 5 9]
 [8 7 5 9 0 2 6 1 4]
 [1 9 6 4 5 8 3 7 2]
 [5 4 3 8 1 0 9 2 7]
 [9 1 0 6 3 4 0 0 5]
 [6 8 2 5 9 7 4 3 0]]
Number of cells unfilled: 8
Accuracy: 90.12345679012346
Sample: 14377
Question:
[[0 0 6 0 0 0 7 0 0]
 [0 0 0 9 5 0 8 6 0]
 [0 8 0 0 0 0 0 0 2]
 [0 2 3 0 1 0 0 0 0]
 [0 0 0 8 0 0 0 0 7]
 [7 0 0 0 6 0 1 3 0]
 [1 0 0 0 8 0 3 0 0]
 [0 0 2 0 0 1 0 7 0]
 [0 0 7 0 0 0 6 0 1]]
Solution:
[[3 5 7 8 0 9 2 4 6]
 [2 6 8 1 4 5 7 9 3]
 [4 9 0 7 6 3 5 8 1]
 [0 2 4 3 7 6 8 5 9]
 [8 7 5 9 0 2 6 1 4]
 [1 0 6 4 5 8 3 7 2]
 [5 4 3 0 1 0 9 2 8]
 [9 1 0 6 3 4 0 0 5]
 [6 8 2 5 9 7 4 3 0]]
Number of cells unfilled: 11
Accuracy: 86.41975308641975
Sample: 14378
Question:
[[0 0 6 0 0 3 0 0 1]
 [5 0 0 0 0 0 0 2 8]
 [4 0 0 0 0 0 6 0 0]
 [0 5 0 7 0 0 0 0 0]
 [1 0 0 4 0 5 0 0 0]
 [3 0 0 0 1 6 0 0 0]
 [0 1 0 5 7 0 0 0 4]
 [7 0 3 0 6 0 0 0 5]
 [0 4 0 0 0 1 0 6 0]]
Solution:
[[3 5 7 8 0 9 2 4 6]
 [2 6 8 1 4 5 7 9 3]
 [4 9 0 7 2 3 5 8 1]
 [0 0 4 3 7 6 8 5 2]
 [8 7 5 9 0 2 6 1 4]
 [1 2 6 4 5 8 3 7 9]
 [5 4 3 0 1 0 9 2 8]
 [9 1 0 6 3 4 0 0 5]
 [6 8 2 5 9 7 4 3 0]]
Number of cells unfilled: 11
Accuracy: 86.41975308641975
Sample: 14379
Question:
[[0 0 6 0 0 9 0 0 7]
 [2 9 0 0 0 0 0 4 0]
 [3 0 0 4 0 6 0 9 0]
 [0 2 0 0 6 0 7 0 3]
 [9 0 3 2 0 0 0 0 0]
 [0 0 0 0 4 0 9 0 0]
 [0 7 0 0 0 0 4 0 0]
 [6 0 0 0 0 0 0 0 2]
 [4 0 0 8 5 0 6 0 0]]
Solution:
[[3 5 7 1 8 9 2 4 6]
 [0 6 8 2 4 5 7 9 3]
 [4 9 0 7 6 3 5 8 1]
 [0 2 4 3 7 6 8 5 9]
 [8 7 5 9 0 2 6 1 4]
 [1 0 9 4 5 8 3 7 2]
 [5 4 3 8 1 0 9 2 7]
 [9 1 0 6 3 4 0 0 5]
 [6 8 2 5 9 7 4 3 0]]
Number of cells unfilled: 10
Accuracy: 87.65432098765432
Sample: 14380
Question:
[[0 0 6 0 4 0 5 8 0]
 [0 0 0 5 0 0 1 0 7]
 [0 0 0 7 0 8 0 4 6]
 [9 0 4 1 0 0 0 0 0]
 [2 0 0 0 8 0 0 0 0]
 [0 8 0 0 0 0 0 5 0]
 [0 0 0 4 1 0 0 0 0]
 [0 0 8 0 5 6 0 0 0]
 [5 1 0 0 0 7 4 0 0]]
Solution:
[[3 5 7 1 8 9 2 4 6]
 [2 6 1 0 4 5 7 9 3]
 [4 9 0 7 2 3 5 8 1]
 [0 0 9 3 7 6 8 5 2]
 [8 7 5 9 0 2 6 1 4]
 [1 2 6 4 5 8 3 7 9]
 [5 4 3 8 1 0 9 2 7]
 [9 1 0 6 3 4 0 0 5]
 [6 8 2 5 9 7 4 3 0]]
Number of cells unfilled: 10
Accuracy: 87.65432098765432
Sample: 14381
Question:
[[0 0 6 0 4 0 8 3 0]
 [0 3 0 5 0 0 0 6 0]
 [0 4 8 0 0 0 0 0 9]
 [0 0 3 9 1 0 4 0 0]
 [0 9 0 0 2 0 0 0 0]
 [0 0 0 0 0 0 9 0 6]
 [6 5 0 4 9 0 0 0 0]
 [0 0 0 0 0 0 6 0 0]
 [0 8 4 0 0 3 0 0 5]]
Solution:
[[3 5 7 1 0 9 2 4 6]
 [2 6 1 8 4 5 7 9 3]
 [4 9 0 7 2 3 5 8 1]
 [0 0 9 3 7 6 8 5 2]
 [8 7 5 9 0 2 6 1 4]
 [1 2 6 4 5 8 3 7 9]
 [7 4 3 0 1 0 9 2 8]
 [9 1 0 6 3 4 0 0 5]
 [6 8 2 5 9 7 4 3 0]]
Number of cells unfilled: 11
Accuracy: 86.41975308641975
Sample: 14382
Question:
[[0 0 6 0 5 0 0 2 0]
 [9 0 0 0 0 0 0 0 5]
 [0 3 0 0 0 2 1 0 0]
 [0 0 0 0 6 0 0 1 0]
 [6 0 0 9 0 5 3 0 2]
 [0 2 9 0 1 3 0 0 6]
 [0 0 7 0 0 0 0 6 9]
 [0 0 4 0 0 0 0 3 0]
 [0 0 0 5 0 0 0 0 0]]
Solution:
[[3 5 7 8 0 9 2 4 6]
 [0 6 8 2 4 5 7 9 3]
 [4 2 9 7 6 3 5 8 1]
 [2 4 0 3 7 6 8 5 9]
 [8 7 5 9 0 2 6 1 4]
 [1 9 6 4 5 8 3 7 2]
 [7 0 3 0 1 4 9 2 8]
 [9 1 4 6 3 0 0 0 5]
 [6 8 2 5 9 7 4 3 0]]
Number of cells unfilled: 10
Accuracy: 87.65432098765432
Sample: 14383
Question:
[[0 0 6 0 5 9 0 0 0]
 [0 0 0 8 1 0 0 0 0]
 [0 0 9 7 0 6 5 8 0]
 [9 0 0 1 0 0 0 6 0]
 [0 6 7 0 0 5 0 0 1]
 [8 1 0 0 0 7 0 0 0]
 [7 0 0 0 0 8 0 0 0]
 [0 0 0 0 0 0 4 3 0]
 [0 5 0 0 6 0 0 7 0]]
Solution:
[[3 5 7 8 0 9 2 4 6]
 [2 6 8 1 4 5 7 9 3]
 [4 9 0 7 6 3 5 8 1]
 [0 2 4 3 7 6 8 5 9]
 [8 7 5 9 0 2 6 1 4]
 [1 0 6 4 5 8 3 7 2]
 [7 4 3 5 1 0 9 2 8]
 [9 1 0 6 3 4 0 0 5]
 [6 8 2 0 9 7 4 3 0]]
Number of cells unfilled: 11
Accuracy: 86.41975308641975
Sample: 14384
Question:
[[0 0 6 0 8 2 5 0 0]
 [0 5 0 9 0 0 0 0 0]
 [0 0 2 4 5 0 0 0 0]
 [0 0 5 0 0 0 0 1 7]
 [0 0 4 2 0 0 0 6 0]
 [8 0 0 0 6 0 0 0 0]
 [6 0 9 0 4 8 0 0 0]
 [0 2 0 5 0 9 0 4 0]
 [0 0 0 0 0 0 0 0 8]]
Solution:
[[3 5 7 1 8 9 2 4 6]
 [0 6 1 2 4 5 7 9 3]
 [4 2 9 7 6 3 5 8 1]
 [2 4 0 3 7 6 8 5 9]
 [8 7 5 9 0 2 6 1 4]
 [1 9 6 4 5 8 3 7 2]
 [5 0 3 8 1 4 9 2 7]
 [9 1 4 6 3 0 0 0 5]
 [6 8 2 5 9 7 4 3 0]]
Number of cells unfilled: 8
Accuracy: 90.12345679012346
Sample: 14385
Question:
[[0 0 6 3 0 0 0 0 9]
 [4 0 0 0 0 0 0 3 0]
 [7 0 3 0 0 0 0 0 1]
 [0 0 9 7 0 1 6 0 0]
 [1 0 0 0 0 0 0 0 7]
 [0 0 0 0 5 8 0 0 0]
 [0 0 1 0 6 0 0 0 0]
 [3 4 0 0 0 7 0 1 0]
 [0 6 7 0 0 0 9 0 4]]
Solution:
[[3 5 7 1 8 9 2 4 6]
 [2 6 8 0 4 5 7 9 3]
 [4 9 0 7 2 3 5 8 1]
 [0 0 9 3 7 6 8 5 2]
 [8 7 5 9 0 2 6 1 4]
 [1 2 6 4 5 8 3 7 9]
 [5 4 3 0 1 0 9 2 8]
 [9 1 0 6 3 4 0 0 5]
 [6 8 2 5 9 7 4 3 0]]
Number of cells unfilled: 11
Accuracy: 86.41975308641975
Sample: 14386
Question:
[[0 0 6 3 5 0 0 0 0]
 [9 5 0 0 6 0 0 0 7]
 [4 0 0 0 0 0 5 0 0]
 [0 0 0 0 3 6 0 7 0]
 [5 0 0 0 0 0 1 3 0]
 [0 0 7 1 0 0 8 0 6]
 [0 1 0 0 0 3 0 0 0]
 [6 0 0 0 8 7 0 0 3]
 [0 0 0 5 0 0 0 0 8]]
Solution:
[[3 5 7 8 0 9 2 4 6]
 [2 6 8 1 4 5 7 9 3]
 [4 9 0 7 6 3 5 8 1]
 [0 2 4 3 7 6 8 5 9]
 [8 7 5 9 0 2 6 1 4]
 [1 0 6 4 5 8 3 7 2]
 [5 4 3 0 1 0 9 2 8]
 [9 1 0 6 3 4 0 0 5]
 [6 8 2 5 9 7 4 3 0]]
Number of cells unfilled: 11
Accuracy: 86.41975308641975
Sample: 14387
Question:
[[0 0 6 4 8 0 1 5 0]
 [0 0 0 0 0 7 0 8 6]
 [0 5 0 0 0 0 4 0 7]
 [3 8 0 0 0 5 0 6 0]
 [0 0 0 7 0 0 0 0 0]
 [9 0 0 0 0 0 0 0 0]
 [0 4 0 5 7 0 0 0 8]
 [0 0 8 0 6 1 0 7 0]
 [0 0 0 0 0 0 5 1 0]]
Solution:
[[3 5 7 1 8 9 2 4 6]
 [2 6 8 0 4 5 7 9 3]
 [4 9 0 7 2 3 5 8 1]
 [0 2 4 3 7 6 8 5 9]
 [8 7 5 9 0 2 6 1 4]
 [1 0 9 4 5 8 3 7 2]
 [7 4 3 0 1 0 9 2 8]
 [9 1 0 6 3 4 0 0 5]
 [6 8 2 5 9 7 4 3 0]]
Number of cells unfilled: 11
Accuracy: 86.41975308641975
Sample: 14388
Question:
[[0 0 6 5 0 1 0 0 0]
 [0 4 0 0 0 0 5 0 6]
 [0 9 0 0 0 4 8 1 0]
 [0 0 0 1 0 0 0 0 5]
 [0 0 0 6 5 0 0 9 0]
 [5 0 0 0 4 9 0 8 0]
 [0 2 7 0 0 0 9 0 0]
 [0 0 0 0 0 0 0 6 0]
 [0 0 9 0 8 0 4 0 0]]
Solution:
[[3 5 7 8 0 9 2 4 6]
 [0 6 1 2 4 5 7 9 3]
 [4 2 9 7 6 3 5 8 1]
 [2 0 4 3 7 6 8 5 9]
 [8 7 5 9 0 2 6 1 4]
 [1 9 6 4 5 8 3 7 2]
 [5 4 3 0 1 0 9 2 7]
 [9 1 0 6 3 4 0 0 5]
 [6 8 2 5 9 7 4 3 0]]
Number of cells unfilled: 10
Accuracy: 87.65432098765432
Sample: 14389
Question:
[[0 0 6 7 0 3 0 1 4]
 [0 0 0 0 0 0 8 0 3]
 [4 0 0 0 1 0 0 0 0]
 [0 0 1 0 8 0 0 0 0]
 [5 0 2 0 0 6 0 0 0]
 [0 4 0 1 0 0 0 0 6]
 [0 0 0 6 7 0 0 4 1]
 [0 7 0 0 4 0 0 0 8]
 [0 0 0 3 0 0 0 7 0]]
Solution:
[[3 5 7 8 0 9 2 4 6]
 [2 6 8 1 4 5 7 9 3]
 [4 0 9 7 2 3 5 8 1]
 [0 2 4 3 7 6 8 5 9]
 [8 7 5 9 0 2 6 1 4]
 [1 9 6 4 5 8 3 7 2]
 [5 4 3 0 1 0 9 2 7]
 [9 1 0 6 3 4 0 0 5]
 [6 8 2 5 9 7 4 3 0]]
Number of cells unfilled: 10
Accuracy: 87.65432098765432
Sample: 14390
Question:
[[0 0 6 9 0 0 0 0 0]
 [5 0 0 0 0 0 0 0 6]
 [1 0 0 0 0 0 3 9 0]
 [0 0 0 4 0 0 8 6 0]
 [0 7 0 6 0 9 0 3 0]
 [0 0 4 0 8 3 0 0 0]
 [0 0 0 0 0 0 0 7 9]
 [0 0 3 7 0 4 6 8 0]
 [0 0 0 0 9 6 4 0 0]]
Solution:
[[3 5 7 1 8 9 2 4 6]
 [0 6 1 2 4 5 7 9 3]
 [4 9 0 7 6 3 5 8 1]
 [0 0 9 3 7 6 8 5 2]
 [8 7 5 9 0 2 6 1 4]
 [1 2 6 4 5 8 3 7 9]
 [5 4 3 8 1 0 9 2 7]
 [9 1 0 6 3 4 0 0 5]
 [6 8 2 5 9 7 4 3 0]]
Number of cells unfilled: 10
Accuracy: 87.65432098765432
Sample: 14391
Question:
[[0 0 6 9 0 0 0 0 4]
 [0 9 0 0 0 0 0 7 0]
 [0 0 0 8 5 0 0 1 0]
 [2 1 0 7 0 0 9 0 0]
 [0 0 0 0 4 0 0 0 0]
 [4 0 7 0 0 0 0 2 6]
 [0 2 0 0 0 0 1 0 0]
 [9 0 4 0 0 1 0 6 0]
 [0 7 1 0 0 0 0 9 0]]
Solution:
[[3 5 7 8 0 9 2 4 6]
 [2 6 8 1 4 5 7 9 3]
 [4 9 0 7 2 3 5 8 1]
 [0 0 9 3 7 6 8 5 2]
 [8 7 5 9 0 2 6 1 4]
 [1 2 6 4 5 8 3 7 9]
 [7 4 3 5 1 0 9 2 8]
 [9 1 0 6 3 4 0 0 5]
 [6 8 2 0 9 7 4 3 0]]
Number of cells unfilled: 11
Accuracy: 86.41975308641975
Sample: 14392
Question:
[[0 0 6 9 0 8 0 0 0]
 [9 0 0 0 0 5 0 1 0]
 [0 0 2 1 6 0 0 0 0]
 [0 2 5 8 1 0 0 9 0]
 [0 9 0 0 0 0 0 0 0]
 [6 0 1 0 5 0 0 8 0]
 [0 0 8 0 0 6 1 0 0]
 [0 0 9 0 0 0 0 7 4]
 [0 1 0 2 0 0 0 0 0]]
Solution:
[[3 5 7 1 8 9 2 4 6]
 [0 6 8 2 4 5 7 9 3]
 [4 2 9 7 6 3 5 8 1]
 [0 9 4 3 7 6 8 5 2]
 [8 7 5 9 0 2 6 1 4]
 [1 0 6 4 5 8 3 7 9]
 [5 4 3 8 1 0 9 2 7]
 [9 1 0 6 3 4 0 0 5]
 [6 8 2 5 9 7 4 3 0]]
Number of cells unfilled: 9
Accuracy: 88.88888888888889
Sample: 14393
Question:
[[0 0 7 0 0 0 0 0 0]
 [0 4 8 5 0 0 0 0 0]
 [5 1 0 9 0 0 0 0 4]
 [1 8 0 7 9 0 0 0 0]
 [7 0 0 0 0 5 8 0 0]
 [0 0 0 0 4 0 0 1 0]
 [0 0 5 8 0 0 9 0 0]
 [0 9 0 0 1 0 0 0 0]
 [8 0 0 0 0 0 6 3 0]]
Solution:
[[3 5 7 1 8 9 2 4 6]
 [0 6 1 2 4 5 7 9 3]
 [4 9 0 7 6 3 5 8 1]
 [0 4 9 3 7 6 8 5 2]
 [8 7 5 9 0 2 6 1 4]
 [1 2 6 4 5 8 3 7 9]
 [7 0 3 8 1 4 9 2 0]
 [9 1 4 6 3 0 0 0 5]
 [6 8 2 5 9 7 4 3 0]]
Number of cells unfilled: 10
Accuracy: 87.65432098765432
Sample: 14394
Question:
[[0 0 7 0 0 0 0 0 0]
 [0 9 0 5 0 0 2 0 0]
 [0 5 0 4 0 6 0 0 9]
 [7 1 0 0 0 9 0 0 0]
 [5 0 0 7 0 0 0 3 0]
 [0 2 3 1 0 0 0 9 0]
 [0 0 0 0 0 0 1 0 7]
 [1 0 0 9 5 0 0 0 3]
 [0 0 2 0 1 0 0 5 0]]
Solution:
[[3 5 7 1 8 9 2 4 6]
 [0 6 1 2 4 5 7 9 3]
 [4 2 9 7 6 3 5 8 1]
 [2 4 0 3 7 6 8 5 9]
 [8 7 5 9 0 2 6 1 4]
 [1 9 6 4 5 8 3 7 2]
 [7 0 3 5 1 4 9 2 8]
 [9 1 4 6 3 0 0 0 5]
 [6 8 2 0 9 7 4 3 0]]
Number of cells unfilled: 9
Accuracy: 88.88888888888889
Sample: 14395
Question:
[[0 0 7 0 0 0 0 0 0]
 [5 0 0 9 6 0 0 0 3]
 [0 0 0 1 0 0 6 0 0]
 [7 0 0 0 0 0 0 3 6]
 [0 0 0 0 5 0 8 7 0]
 [0 6 8 0 0 3 4 0 5]
 [0 0 6 0 0 0 5 0 4]
 [4 3 0 5 0 0 0 0 7]
 [0 7 0 0 8 0 0 0 0]]
Solution:
[[3 5 7 1 0 9 2 4 6]
 [2 6 1 8 4 5 7 9 3]
 [4 9 0 7 2 3 5 8 1]
 [0 2 4 3 7 6 8 5 9]
 [8 7 5 9 0 2 6 1 4]
 [1 0 9 4 5 8 3 7 2]
 [5 4 3 0 1 0 9 2 8]
 [9 1 0 6 3 4 0 0 5]
 [6 8 2 5 9 7 4 3 0]]
Number of cells unfilled: 11
Accuracy: 86.41975308641975
Sample: 14396
Question:
[[0 0 7 0 0 0 0 0 0]
 [5 0 2 0 0 0 4 0 8]
 [0 1 0 0 4 2 0 0 5]
 [1 0 0 0 0 0 7 4 0]
 [2 0 0 7 0 0 8 0 1]
 [0 7 0 0 8 0 0 5 0]
 [4 0 0 8 0 0 0 1 0]
 [0 0 0 0 6 3 0 0 0]
 [0 0 8 0 0 0 2 0 0]]
Solution:
[[3 5 7 1 0 9 2 4 6]
 [2 6 1 8 4 5 7 9 3]
 [4 9 0 7 6 3 5 8 1]
 [0 0 4 3 7 6 8 5 2]
 [8 7 5 9 0 2 6 1 4]
 [1 2 6 4 5 8 3 7 9]
 [7 4 3 0 1 0 9 2 8]
 [9 1 0 6 3 4 0 0 5]
 [6 8 2 5 9 7 4 3 0]]
Number of cells unfilled: 11
Accuracy: 86.41975308641975
Sample: 14397
Question:
[[0 0 7 0 0 0 0 0 1]
 [0 0 9 0 3 6 0 0 8]
 [0 8 0 0 0 0 5 0 0]
 [0 0 1 0 0 0 9 0 7]
 [0 0 0 0 0 8 0 0 4]
 [0 0 5 9 0 0 0 1 0]
 [7 9 0 0 0 0 0 0 0]
 [0 5 4 0 0 9 0 8 0]
 [1 0 8 0 0 7 0 4 0]]
Solution:
[[3 5 7 1 8 9 2 4 6]
 [2 6 8 0 4 5 7 9 3]
 [4 9 0 7 2 3 5 8 1]
 [0 0 4 3 7 6 8 5 2]
 [8 7 5 9 0 2 6 1 4]
 [1 2 6 4 5 8 3 7 9]
 [5 4 3 8 1 0 9 2 7]
 [9 1 0 6 3 4 0 0 5]
 [6 8 2 5 9 7 4 3 0]]
Number of cells unfilled: 10
Accuracy: 87.65432098765432
Sample: 14398
Question:
[[0 0 7 0 0 0 2 0 5]
 [5 0 0 0 0 3 0 0 8]
 [0 0 0 0 0 0 9 3 0]
 [0 0 0 9 0 0 7 0 0]
 [9 0 0 0 8 0 0 5 0]
 [4 0 1 0 7 5 0 0 0]
 [7 0 0 0 3 0 0 0 0]
 [0 0 0 2 5 0 0 8 0]
 [0 2 0 0 0 8 0 9 0]]
Solution:
[[3 5 7 8 0 9 2 4 6]
 [0 6 1 2 4 5 7 9 3]
 [4 2 9 7 6 3 5 8 1]
 [0 4 0 3 7 6 8 5 2]
 [8 7 5 9 0 2 6 1 4]
 [1 0 6 4 5 8 3 7 9]
 [7 0 3 5 1 4 9 2 8]
 [9 1 4 6 3 0 0 0 5]
 [6 8 2 0 9 7 4 3 0]]
Number of cells unfilled: 12
Accuracy: 85.18518518518519
Sample: 14399
Question:
[[0 0 7 0 0 8 0 0 6]
 [4 0 0 0 9 0 8 0 0]
 [0 0 9 6 2 0 0 0 0]
 [0 0 8 0 4 0 2 0 0]
 [1 0 5 9 0 0 0 0 7]
 [0 4 0 7 0 0 0 8 0]
 [0 0 0 0 0 0 0 6 0]
 [0 9 0 2 0 0 4 0 0]
 [0 0 0 8 0 0 9 7 0]]
Solution:
[[3 5 7 1 8 9 2 4 6]
 [0 6 8 2 4 5 7 9 3]
 [4 9 0 7 6 3 5 8 1]
 [0 4 9 3 7 6 8 5 2]
 [8 7 5 9 0 2 6 1 4]
 [1 2 6 4 5 8 3 7 9]
 [5 0 3 8 1 4 9 2 7]
 [9 1 4 6 3 0 0 0 5]
 [6 8 2 5 9 7 4 3 0]]
Number of cells unfilled: 9
Accuracy: 88.88888888888889
Sample: 14400
Question:
[[0 0 7 0 0 9 0 0 6]
 [0 6 0 0 0 5 7 9 0]
 [4 0 0 7 0 0 5 0 1]
 [0 0 0 0 0 6 0 0 0]
 [0 7 5 9 0 0 6 0 4]
 [1 0 0 4 5 0 0 0 0]
 [0 0 3 0 1 0 0 0 0]
 [0 1 0 0 0 0 0 0 5]
 [6 0 2 0 0 7 0 0 0]]
Solution:
[[3 5 7 8 0 9 2 4 6]
 [2 6 8 1 4 5 7 9 3]
 [4 9 0 7 2 3 5 8 1]
 [0 4 9 3 7 6 8 5 2]
 [8 7 5 9 0 2 6 1 4]
 [1 2 6 4 5 8 3 7 9]
 [5 0 3 0 1 0 9 2 7]
 [9 1 0 6 3 4 0 0 5]
 [6 8 2 5 9 7 4 3 0]]
Number of cells unfilled: 11
Accuracy: 86.41975308641975
