2025-10-22 13:49:55.680232: I tensorflow/core/util/port.cc:153] oneDNN custom operations are on. You may see slightly different numerical results due to floating-point round-off errors from different computation orders. To turn them off, set the environment variable `TF_ENABLE_ONEDNN_OPTS=0`.
2025-10-22 13:49:56.309496: I tensorflow/core/platform/cpu_feature_guard.cc:210] This TensorFlow binary is optimized to use available CPU instructions in performance-critical operations.
To enable the following instructions: AVX2 AVX512F AVX512_VNNI FMA, in other operations, rebuild TensorFlow with the appropriate compiler flags.
2025-10-22 13:50:00.796376: I tensorflow/core/util/port.cc:153] oneDNN custom operations are on. You may see slightly different numerical results due to floating-point round-off errors from different computation orders. To turn them off, set the environment variable `TF_ENABLE_ONEDNN_OPTS=0`.
2025-10-22 13:50:06.770672: E external/local_xla/xla/stream_executor/cuda/cuda_platform.cc:51] failed call to cuInit: INTERNAL: CUDA error: Failed call to cuInit: UNKNOWN ERROR (303)
Sample: 15501
Question:
[[8 0 0 0 0 0 0 0 0]
 [0 0 0 0 7 0 3 0 0]
 [0 9 0 1 0 0 0 0 2]
 [0 0 0 0 0 0 0 0 1]
 [0 4 0 0 0 0 9 2 0]
 [0 0 1 2 0 0 4 6 0]
 [0 1 7 9 0 0 0 0 6]
 [0 0 0 0 5 0 0 0 0]
 [0 2 0 4 1 0 0 0 9]]
Solution:
[[5 2 8 6 3 9 1 4 7]
 [9 6 0 8 7 4 5 0 3]
 [1 4 3 0 5 2 8 9 0]
 [2 0 0 5 1 0 3 7 8]
 [8 9 4 2 0 3 6 5 1]
 [3 1 5 7 9 6 0 2 4]
 [0 3 2 9 8 5 7 1 6]
 [4 5 7 1 6 0 9 3 0]
 [0 8 6 4 0 7 2 0 5]]
Number of cells unfilled: 15
Accuracy: 81.48148148148148
Sample: 15502
Question:
[[0 0 0 0 5 6 0 0 0]
 [2 0 0 4 0 0 0 0 0]
 [0 0 0 9 2 0 7 0 8]
 [7 0 0 6 0 0 0 5 0]
 [0 0 9 0 0 0 2 4 0]
 [0 0 0 0 9 0 0 0 1]
 [9 0 0 7 0 0 0 0 5]
 [6 0 0 0 0 0 1 0 0]
 [0 0 1 0 8 0 3 6 0]]
Solution:
[[5 2 8 6 9 0 1 4 7]
 [9 6 0 8 7 4 5 0 3]
 [1 7 3 0 5 2 8 6 9]
 [6 0 0 5 1 9 3 7 8]
 [8 9 4 2 0 3 6 5 1]
 [3 1 5 7 0 6 0 2 4]
 [0 3 2 9 8 5 7 1 6]
 [4 5 7 1 6 0 9 3 0]
 [0 8 6 4 3 7 2 0 5]]
Number of cells unfilled: 14
Accuracy: 82.71604938271605
Sample: 15503
Question:
[[8 2 0 0 9 0 0 7 6]
 [0 0 0 0 2 0 0 0 0]
 [7 0 0 0 1 0 0 8 0]
 [2 6 0 0 0 0 0 0 0]
 [0 0 0 2 3 0 0 0 9]
 [3 0 8 5 4 0 0 1 0]
 [5 0 0 0 0 0 3 0 0]
 [0 4 0 1 0 0 9 0 0]
 [0 0 0 0 0 4 0 0 1]]
Solution:
[[5 2 8 6 9 0 1 4 7]
 [9 6 0 8 7 4 5 0 3]
 [1 7 3 0 5 2 0 8 9]
 [6 0 0 5 1 9 3 7 8]
 [8 9 4 2 0 3 6 5 1]
 [3 1 5 7 0 6 0 2 4]
 [0 3 2 9 8 5 7 1 6]
 [4 5 7 1 6 0 9 3 0]
 [0 8 6 4 3 7 2 0 5]]
Number of cells unfilled: 15
Accuracy: 81.48148148148148
Sample: 15504
Question:
[[5 0 0 0 0 6 0 2 0]
 [0 0 6 9 0 0 0 0 8]
 [0 2 0 3 0 0 6 0 0]
 [0 0 0 1 7 0 0 0 0]
 [1 4 0 0 0 0 0 0 0]
 [0 0 5 0 0 8 3 0 0]
 [0 0 0 0 0 0 2 0 0]
 [0 9 0 0 6 0 0 4 7]
 [0 0 2 0 0 9 8 0 0]]
Solution:
[[5 2 8 6 3 9 1 4 7]
 [9 6 0 8 7 4 5 0 3]
 [1 4 3 0 5 2 8 6 9]
 [2 0 0 5 1 0 3 7 8]
 [8 9 4 2 0 3 6 5 1]
 [3 1 5 7 9 6 0 2 4]
 [0 3 2 9 8 5 7 1 6]
 [4 5 7 1 6 0 9 3 0]
 [0 8 6 4 0 7 2 0 5]]
Number of cells unfilled: 14
Accuracy: 82.71604938271605
Sample: 15505
Question:
[[0 0 0 0 0 8 2 0 4]
 [0 0 4 3 1 0 8 0 0]
 [0 0 0 2 0 0 0 0 0]
 [4 0 2 0 9 0 3 0 7]
 [0 5 0 0 7 0 0 0 0]
 [7 0 3 8 0 2 0 0 1]
 [3 0 7 0 0 0 0 8 5]
 [0 4 5 0 0 0 7 0 2]
 [0 9 0 5 0 0 0 0 0]]
Solution:
[[5 7 8 6 9 0 1 4 2]
 [9 6 0 8 7 4 5 0 3]
 [1 4 3 0 5 2 0 8 9]
 [6 2 0 5 1 9 3 7 8]
 [8 9 4 2 0 3 6 5 1]
 [3 1 5 7 0 6 0 2 4]
 [0 3 2 9 8 5 7 1 6]
 [4 5 7 1 6 0 9 3 0]
 [0 8 6 4 3 7 2 0 5]]
Number of cells unfilled: 14
Accuracy: 82.71604938271605
Sample: 15506
Question:
[[0 0 7 0 0 0 0 0 0]
 [0 0 0 5 0 0 0 2 0]
 [0 1 0 0 0 6 3 0 0]
 [0 3 1 0 0 0 0 4 0]
 [0 6 8 0 9 0 0 0 0]
 [7 0 0 0 0 3 8 0 0]
 [0 0 6 0 0 8 7 0 0]
 [0 0 0 9 6 0 0 0 4]
 [0 0 0 0 2 0 0 5 0]]
Solution:
[[5 2 8 6 9 0 1 4 7]
 [9 6 0 8 7 4 5 0 3]
 [1 4 3 0 5 2 8 6 9]
 [6 0 0 5 1 9 3 7 8]
 [8 9 4 2 0 3 6 5 1]
 [3 1 5 7 0 6 0 2 4]
 [0 3 2 9 8 5 7 1 6]
 [4 5 7 1 6 0 9 3 0]
 [0 8 6 4 3 7 2 0 5]]
Number of cells unfilled: 14
Accuracy: 82.71604938271605
Sample: 15507
Question:
[[0 0 0 1 0 7 0 0 0]
 [0 0 0 9 5 0 0 4 1]
 [0 9 0 6 4 0 5 0 2]
 [0 0 0 7 6 0 0 0 0]
 [0 3 9 0 0 1 6 0 0]
 [0 8 0 3 0 0 0 5 0]
 [0 0 6 0 0 0 0 9 0]
 [8 5 1 0 0 0 7 0 0]
 [0 0 0 0 0 0 0 0 0]]
Solution:
[[5 2 8 6 9 0 1 4 7]
 [9 6 0 8 7 4 5 0 3]
 [1 4 3 0 5 2 8 6 9]
 [6 0 0 5 1 9 3 7 8]
 [8 9 4 2 0 3 6 5 1]
 [3 1 5 7 0 6 0 2 4]
 [0 3 2 9 8 5 7 1 6]
 [4 5 7 1 6 0 9 3 0]
 [0 8 6 4 3 7 2 0 5]]
Number of cells unfilled: 14
Accuracy: 82.71604938271605
Sample: 15508
Question:
[[0 0 4 0 0 0 0 7 0]
 [1 0 2 0 8 0 0 0 0]
 [0 3 0 4 0 0 0 0 8]
 [0 0 0 0 0 4 0 1 0]
 [0 4 0 0 5 0 0 0 9]
 [6 0 0 9 0 3 0 0 0]
 [0 0 7 0 0 0 0 6 0]
 [0 9 0 0 0 8 0 0 3]
 [0 0 0 5 0 0 2 0 0]]
Solution:
[[5 2 8 6 3 9 1 4 7]
 [9 6 0 8 7 4 5 0 3]
 [1 7 3 0 5 2 0 8 9]
 [6 0 0 5 1 0 3 7 8]
 [8 9 4 2 0 3 6 5 1]
 [3 1 5 7 9 6 0 2 4]
 [0 3 2 9 8 5 7 1 6]
 [4 5 7 1 6 0 9 3 0]
 [0 8 6 4 0 7 2 0 5]]
Number of cells unfilled: 15
Accuracy: 81.48148148148148
Sample: 15509
Question:
[[0 0 5 0 0 2 7 0 3]
 [0 0 0 0 0 0 8 0 0]
 [0 7 0 6 4 0 9 0 0]
 [5 0 0 0 0 0 0 0 0]
 [0 9 1 0 8 0 0 0 0]
 [6 8 0 0 2 4 0 0 0]
 [0 5 3 4 0 0 0 0 1]
 [0 0 0 5 0 0 2 0 0]
 [0 0 0 0 0 6 0 0 9]]
Solution:
[[5 7 8 6 9 0 1 4 2]
 [9 6 0 8 7 4 5 0 3]
 [1 4 3 0 5 2 8 9 7]
 [6 2 0 5 1 9 3 7 8]
 [8 9 4 2 0 3 6 5 1]
 [3 1 5 7 0 6 0 2 4]
 [0 3 2 9 8 5 7 1 6]
 [4 5 7 1 6 0 9 3 0]
 [0 8 6 4 3 7 2 0 5]]
Number of cells unfilled: 13
Accuracy: 83.9506172839506
Sample: 15510
Question:
[[0 0 0 0 0 0 7 0 0]
 [8 0 7 0 0 5 0 0 3]
 [0 9 0 7 1 0 0 4 0]
 [0 0 0 0 0 6 4 0 0]
 [6 0 0 3 0 0 0 0 2]
 [0 4 0 0 2 0 0 5 0]
 [0 0 0 2 0 0 0 8 0]
 [0 8 0 0 0 1 0 0 4]
 [0 0 9 0 8 0 5 0 1]]
Solution:
[[5 7 8 6 9 0 1 4 2]
 [9 6 0 8 7 4 5 0 3]
 [1 4 3 0 5 2 8 6 7]
 [6 2 0 5 1 9 3 7 8]
 [8 9 4 2 0 3 6 5 1]
 [3 1 5 7 0 6 0 2 4]
 [0 3 2 9 8 5 7 1 6]
 [4 5 7 1 6 0 9 3 0]
 [0 8 6 4 3 7 2 0 5]]
Number of cells unfilled: 13
Accuracy: 83.9506172839506
Sample: 15511
Question:
[[0 5 0 7 0 0 0 0 3]
 [0 0 0 0 8 2 0 5 4]
 [0 1 9 0 0 6 0 7 0]
 [3 0 5 0 0 0 0 8 0]
 [0 4 1 0 0 0 0 0 0]
 [0 0 0 0 4 0 0 6 7]
 [0 2 0 0 0 0 0 1 9]
 [0 0 6 0 0 0 0 0 0]
 [1 0 0 0 0 3 0 0 0]]
Solution:
[[5 2 8 6 9 0 1 4 7]
 [9 6 0 8 7 4 5 0 3]
 [1 4 3 0 5 2 8 6 9]
 [6 0 0 5 1 9 3 7 8]
 [8 9 4 2 0 3 6 5 1]
 [3 1 5 7 0 6 0 2 4]
 [0 3 2 9 8 5 7 1 6]
 [4 5 7 1 6 0 9 3 0]
 [0 8 6 4 3 7 2 0 5]]
Number of cells unfilled: 14
Accuracy: 82.71604938271605
Sample: 15512
Question:
[[0 0 0 0 4 0 0 0 0]
 [0 0 7 2 0 0 0 9 4]
 [8 0 0 0 0 9 0 0 5]
 [0 0 0 9 0 0 0 0 2]
 [0 0 2 0 0 4 0 7 9]
 [6 0 0 0 2 0 0 5 0]
 [0 0 0 3 0 7 5 0 0]
 [0 0 3 0 9 0 0 4 7]
 [0 1 0 0 0 0 0 0 0]]
Solution:
[[5 7 8 6 9 0 1 4 2]
 [9 6 0 8 7 4 5 0 3]
 [1 4 3 0 5 2 8 6 9]
 [6 2 0 5 1 9 3 7 8]
 [8 9 4 2 0 3 6 5 1]
 [3 1 5 7 0 6 0 2 4]
 [0 3 2 9 8 5 7 1 6]
 [4 5 7 1 6 0 9 3 0]
 [0 8 6 4 3 7 2 0 5]]
Number of cells unfilled: 13
Accuracy: 83.9506172839506
Sample: 15513
Question:
[[0 4 0 0 0 0 0 0 0]
 [0 0 0 6 0 0 0 0 8]
 [0 0 9 0 5 0 0 7 0]
 [1 0 0 3 0 0 0 0 0]
 [0 0 3 1 7 0 0 2 0]
 [0 0 7 0 2 5 0 0 1]
 [0 0 2 5 0 0 3 0 0]
 [7 0 0 0 3 0 0 0 2]
 [9 0 0 0 0 2 0 5 0]]
Solution:
[[5 2 8 6 3 9 1 4 7]
 [9 6 0 8 7 4 5 0 3]
 [1 7 3 0 5 2 8 6 9]
 [2 0 0 5 1 0 3 7 8]
 [8 9 4 2 0 3 6 5 1]
 [3 1 5 7 9 6 0 2 4]
 [0 3 2 9 8 5 7 1 6]
 [4 5 7 1 6 0 9 3 0]
 [0 8 6 4 0 7 2 0 5]]
Number of cells unfilled: 14
Accuracy: 82.71604938271605
Sample: 15514
Question:
[[0 8 0 0 0 0 0 0 0]
 [0 0 6 0 0 0 0 0 2]
 [0 0 0 2 9 0 7 0 0]
 [6 0 0 5 0 1 4 0 7]
 [0 7 0 0 2 0 0 5 0]
 [0 0 1 7 4 0 0 0 3]
 [0 0 0 0 0 3 0 0 0]
 [3 2 8 0 6 0 5 0 0]
 [7 0 4 0 0 0 0 1 0]]
Solution:
[[5 7 8 6 9 0 1 4 2]
 [9 6 0 8 7 4 5 0 3]
 [1 4 3 0 5 2 8 6 9]
 [6 2 0 5 1 9 3 7 8]
 [8 9 4 2 0 3 6 5 1]
 [3 1 5 7 0 6 0 2 4]
 [0 3 2 9 8 5 7 1 6]
 [4 5 7 1 6 0 9 3 0]
 [0 8 6 4 3 7 2 0 5]]
Number of cells unfilled: 13
Accuracy: 83.9506172839506
Sample: 15515
Question:
[[0 8 0 0 2 0 0 0 0]
 [0 0 9 0 5 4 7 0 0]
 [0 0 0 8 0 1 0 4 0]
 [0 0 0 0 0 0 0 0 0]
 [6 4 8 0 9 0 0 3 0]
 [0 0 0 3 4 0 6 5 0]
 [0 3 4 0 0 0 5 0 0]
 [0 1 0 0 0 9 0 0 0]
 [8 0 5 0 0 0 0 9 0]]
Solution:
[[5 2 8 6 9 0 1 4 7]
 [9 6 0 8 7 4 5 0 3]
 [1 7 3 0 5 2 8 6 9]
 [2 0 0 5 1 9 3 7 8]
 [8 9 4 2 0 3 6 5 1]
 [3 1 5 7 0 6 0 2 4]
 [0 3 2 9 8 5 7 1 6]
 [4 5 7 1 6 0 9 3 0]
 [0 8 6 4 3 7 2 0 5]]
Number of cells unfilled: 14
Accuracy: 82.71604938271605
Sample: 15516
Question:
[[0 0 4 0 0 0 0 0 0]
 [6 5 0 0 0 0 0 0 0]
 [0 0 0 0 0 9 0 2 0]
 [7 0 0 1 0 3 0 0 0]
 [0 0 0 0 0 8 0 0 6]
 [0 0 0 0 0 0 4 0 2]
 [0 0 0 0 0 0 0 0 0]
 [0 9 6 0 4 0 0 0 0]
 [0 0 0 0 0 0 8 1 0]]
Solution:
[[5 7 8 6 9 0 1 4 2]
 [9 6 0 8 7 4 5 0 3]
 [1 4 3 0 5 2 8 6 9]
 [6 2 0 5 1 9 3 7 8]
 [8 9 4 2 0 3 6 5 1]
 [3 1 5 7 0 6 0 2 4]
 [0 3 2 9 8 5 7 1 6]
 [4 5 7 1 6 0 9 3 0]
 [0 8 6 4 3 7 2 0 5]]
Number of cells unfilled: 13
Accuracy: 83.9506172839506
Sample: 15517
Question:
[[1 0 0 0 0 8 0 0 0]
 [0 0 3 2 0 0 0 0 5]
 [0 0 0 0 7 0 4 0 0]
 [0 9 0 0 0 0 5 0 6]
 [0 1 0 0 0 0 3 0 4]
 [3 0 5 4 0 0 0 2 0]
 [0 3 0 0 0 7 0 0 0]
 [0 0 2 3 0 0 6 0 0]
 [8 0 0 0 9 0 0 0 0]]
Solution:
[[5 2 8 6 3 9 1 4 7]
 [9 6 0 8 7 4 5 0 3]
 [1 7 3 0 5 2 8 6 9]
 [2 0 0 5 1 0 3 7 8]
 [8 9 4 2 0 3 6 5 1]
 [3 1 5 7 9 6 0 2 4]
 [0 3 2 9 8 5 7 1 6]
 [4 5 7 1 6 0 9 3 0]
 [0 8 6 4 0 7 2 0 5]]
Number of cells unfilled: 14
Accuracy: 82.71604938271605
Sample: 15518
Question:
[[0 2 0 0 0 0 0 0 7]
 [0 6 0 3 0 0 0 9 0]
 [7 0 0 0 2 4 5 0 6]
 [4 0 0 9 0 0 6 0 0]
 [5 0 3 8 0 0 0 0 0]
 [0 8 0 0 3 0 4 0 0]
 [0 0 0 0 9 0 0 0 0]
 [2 0 0 0 1 0 0 0 0]
 [9 0 0 4 7 8 0 0 0]]
Solution:
[[5 2 8 6 9 0 1 4 7]
 [9 6 0 8 7 4 5 0 3]
 [1 7 3 0 5 2 8 6 9]
 [2 0 0 5 1 9 3 7 8]
 [8 9 4 2 0 3 6 5 1]
 [3 1 5 7 0 6 0 2 4]
 [0 3 2 9 8 5 7 1 6]
 [4 5 7 1 6 0 9 3 0]
 [0 8 6 4 3 7 2 0 5]]
Number of cells unfilled: 14
Accuracy: 82.71604938271605
Sample: 15519
Question:
[[8 0 7 2 0 0 0 0 3]
 [0 0 0 0 3 0 4 0 0]
 [0 0 0 0 0 5 0 0 0]
 [5 0 0 4 9 0 2 0 7]
 [0 0 2 5 0 0 0 0 8]
 [0 0 0 8 0 0 5 4 0]
 [3 0 0 9 0 0 0 7 0]
 [0 0 1 0 2 0 0 0 6]
 [0 4 0 0 7 0 0 0 0]]
Solution:
[[5 7 8 6 9 0 1 4 2]
 [9 6 0 8 7 4 5 0 3]
 [1 4 3 0 5 2 8 6 9]
 [6 2 0 5 1 9 3 7 8]
 [8 9 4 2 0 3 6 5 1]
 [3 1 5 7 0 6 0 2 4]
 [0 3 2 9 8 5 7 1 6]
 [4 5 7 1 6 0 9 3 0]
 [0 8 6 4 3 7 2 0 5]]
Number of cells unfilled: 13
Accuracy: 83.9506172839506
Sample: 15520
Question:
[[1 0 0 4 0 0 0 8 0]
 [3 9 0 0 5 0 2 0 0]
 [0 0 6 0 0 0 0 0 0]
 [8 0 0 0 0 4 0 3 0]
 [0 0 3 5 8 0 0 0 7]
 [0 2 0 3 1 0 0 0 0]
 [0 0 9 1 0 0 0 0 6]
 [0 0 0 0 0 5 7 0 0]
 [5 0 0 0 4 0 0 1 0]]
Solution:
[[5 7 8 6 9 0 1 4 2]
 [9 6 0 8 7 4 5 0 3]
 [1 4 3 0 5 2 8 6 9]
 [6 2 0 5 1 9 3 7 8]
 [8 9 4 2 0 3 6 5 1]
 [3 1 5 7 0 6 0 2 4]
 [0 3 2 9 8 5 7 1 6]
 [4 5 7 1 6 0 9 3 0]
 [0 8 6 4 3 7 2 0 5]]
Number of cells unfilled: 13
Accuracy: 83.9506172839506
Sample: 15521
Question:
[[0 0 8 0 2 0 0 4 0]
 [0 5 0 0 0 7 0 0 0]
 [1 0 0 9 0 0 0 0 0]
 [0 3 0 0 0 2 0 1 0]
 [0 0 0 6 0 0 2 3 0]
 [0 0 2 0 3 0 0 0 8]
 [0 0 1 0 8 0 3 0 0]
 [9 8 0 0 0 0 0 0 1]
 [0 7 0 0 0 5 0 0 4]]
Solution:
[[5 7 8 6 9 0 1 4 2]
 [9 6 0 8 7 4 5 0 3]
 [1 4 3 0 5 2 8 9 7]
 [6 2 0 5 1 9 3 7 8]
 [8 9 4 2 0 3 6 5 1]
 [3 1 5 7 0 6 0 2 4]
 [0 3 2 9 8 5 7 1 6]
 [4 5 7 1 6 0 9 3 0]
 [0 8 6 4 3 7 2 0 5]]
Number of cells unfilled: 13
Accuracy: 83.9506172839506
Sample: 15522
Question:
[[5 0 0 2 0 0 0 0 8]
 [9 0 0 4 0 0 3 0 0]
 [8 7 0 1 0 9 0 4 0]
 [0 0 0 0 0 0 0 0 9]
 [7 5 1 0 0 0 0 0 0]
 [0 2 0 0 0 0 1 0 0]
 [0 0 0 0 9 1 4 5 0]
 [6 0 0 0 4 0 2 0 0]
 [0 0 0 8 0 6 0 0 0]]
Solution:
[[5 2 8 6 3 9 1 4 7]
 [9 6 0 8 7 4 5 0 3]
 [1 4 3 0 5 2 8 6 9]
 [2 0 0 5 1 0 3 7 8]
 [8 9 4 2 0 3 6 5 1]
 [3 1 5 7 9 6 0 2 4]
 [0 3 2 9 8 5 7 1 6]
 [4 5 7 1 6 0 9 3 0]
 [0 8 6 4 0 7 2 0 5]]
Number of cells unfilled: 14
Accuracy: 82.71604938271605
Sample: 15523
Question:
[[0 0 7 9 0 0 8 0 4]
 [5 0 0 8 0 0 0 0 0]
 [0 1 0 0 0 3 5 2 0]
 [0 0 8 0 4 0 9 0 0]
 [0 0 0 0 0 0 0 0 0]
 [0 0 0 5 7 0 6 4 0]
 [9 0 0 1 0 0 0 0 2]
 [0 6 0 0 0 0 0 0 0]
 [0 2 0 0 0 0 0 1 0]]
Solution:
[[5 2 8 6 3 9 1 4 7]
 [9 6 0 8 7 4 5 0 3]
 [1 7 3 0 5 2 8 9 0]
 [6 0 0 5 1 0 3 7 8]
 [8 9 4 2 0 3 6 5 1]
 [3 1 5 7 9 6 0 2 4]
 [0 3 2 9 8 5 7 1 6]
 [4 5 7 1 6 0 9 3 0]
 [0 8 6 4 0 7 2 0 5]]
Number of cells unfilled: 15
Accuracy: 81.48148148148148
Sample: 15524
Question:
[[0 4 0 0 0 6 0 0 9]
 [0 0 6 0 0 0 0 0 5]
 [2 0 0 7 0 0 0 1 0]
 [0 0 5 0 0 7 0 0 0]
 [1 0 0 2 0 0 0 8 7]
 [0 0 0 0 3 0 4 0 0]
 [0 0 0 9 0 0 1 0 0]
 [9 0 0 0 7 1 0 0 2]
 [0 0 0 0 8 2 0 9 0]]
Solution:
[[5 7 8 6 9 0 1 4 2]
 [9 6 0 8 7 4 5 0 3]
 [1 4 3 0 5 2 0 8 9]
 [6 2 0 5 1 9 3 7 8]
 [8 9 4 2 0 3 6 5 1]
 [3 1 5 7 0 6 0 2 4]
 [0 3 2 9 8 5 7 1 6]
 [4 5 7 1 6 0 9 3 0]
 [0 8 6 4 3 7 2 0 5]]
Number of cells unfilled: 14
Accuracy: 82.71604938271605
Sample: 15525
Question:
[[0 0 0 0 6 0 0 0 2]
 [2 0 0 0 9 7 0 0 0]
 [0 3 0 2 0 0 7 0 0]
 [6 0 0 3 0 0 0 0 9]
 [0 0 8 0 0 0 0 4 0]
 [0 5 0 0 8 0 0 0 0]
 [0 0 0 0 0 1 9 0 0]
 [7 0 0 9 0 0 0 0 3]
 [0 0 4 0 0 0 5 1 0]]
Solution:
[[5 7 8 6 9 0 1 4 2]
 [9 6 0 8 7 4 5 0 3]
 [1 4 3 0 5 2 8 6 7]
 [6 2 0 5 1 9 3 7 8]
 [8 9 4 2 0 3 6 5 1]
 [3 1 5 7 0 6 0 2 4]
 [0 3 2 9 8 5 7 1 6]
 [4 5 7 1 6 0 9 3 0]
 [0 8 6 4 3 7 2 0 5]]
Number of cells unfilled: 13
Accuracy: 83.9506172839506
Sample: 15526
Question:
[[5 0 7 4 0 0 0 0 1]
 [0 2 0 0 0 0 0 4 0]
 [1 0 0 0 5 0 0 3 0]
 [9 0 5 0 0 4 0 0 8]
 [0 0 0 7 9 0 0 1 0]
 [0 0 0 5 8 0 0 0 0]
 [2 6 0 0 0 0 0 0 0]
 [0 0 0 8 0 0 1 0 0]
 [7 0 8 0 4 0 0 0 9]]
Solution:
[[5 2 8 6 3 9 1 4 7]
 [9 6 0 8 7 4 5 0 3]
 [1 7 3 0 5 2 8 6 9]
 [2 0 0 5 1 0 3 7 8]
 [8 9 4 2 0 3 6 5 1]
 [3 1 5 7 9 6 0 2 4]
 [0 3 2 9 8 5 7 1 6]
 [4 5 7 1 6 0 9 3 0]
 [0 8 6 4 0 7 2 0 5]]
Number of cells unfilled: 14
Accuracy: 82.71604938271605
Sample: 15527
Question:
[[0 9 0 0 4 0 7 0 0]
 [0 0 0 0 0 5 0 0 6]
 [1 0 0 8 0 0 2 0 0]
 [7 0 0 0 0 0 0 4 0]
 [9 0 3 0 2 0 0 0 0]
 [0 8 0 7 0 0 3 0 0]
 [8 0 0 0 0 6 0 0 5]
 [0 0 7 9 0 0 8 0 0]
 [0 1 0 0 0 0 0 2 0]]
Solution:
[[5 2 8 6 3 9 1 4 7]
 [9 6 0 8 7 4 5 0 3]
 [1 7 3 0 5 2 8 6 9]
 [6 0 0 5 1 0 3 7 8]
 [8 9 4 2 0 3 6 5 1]
 [3 1 5 7 9 6 0 2 4]
 [0 3 2 9 8 5 7 1 6]
 [4 5 7 1 6 0 9 3 0]
 [0 8 6 4 0 7 2 0 5]]
Number of cells unfilled: 14
Accuracy: 82.71604938271605
Sample: 15528
Question:
[[0 0 3 0 0 0 0 7 0]
 [9 0 0 0 0 1 3 0 0]
 [0 4 0 0 0 0 0 0 5]
 [0 7 0 0 1 0 0 3 0]
 [2 0 0 0 6 0 9 0 0]
 [0 0 5 9 0 0 0 0 4]
 [8 0 0 1 0 0 6 0 0]
 [0 0 0 0 0 8 0 0 3]
 [0 0 0 0 2 6 0 0 0]]
Solution:
[[5 7 8 6 9 0 1 4 2]
 [9 6 0 8 7 4 5 0 3]
 [1 4 3 0 5 2 8 9 7]
 [6 2 0 5 1 9 3 7 8]
 [8 9 4 2 0 3 6 5 1]
 [3 1 5 7 0 6 0 2 4]
 [0 3 2 9 8 5 7 1 6]
 [4 5 7 1 6 0 9 3 0]
 [0 8 6 4 3 7 2 0 5]]
Number of cells unfilled: 13
Accuracy: 83.9506172839506
Sample: 15529
Question:
[[0 0 0 1 0 0 0 8 0]
 [0 6 7 9 0 4 1 0 0]
 [0 0 1 0 0 0 9 0 3]
 [0 0 0 0 2 1 8 0 0]
 [0 0 0 0 0 8 0 7 6]
 [0 8 0 3 7 5 0 0 0]
 [0 7 0 0 0 0 0 0 0]
 [0 4 0 2 0 0 5 0 1]
 [6 0 2 0 0 3 0 0 0]]
Solution:
[[5 7 8 6 9 0 1 4 2]
 [9 6 0 8 7 4 5 0 3]
 [1 4 3 0 5 2 8 6 9]
 [6 2 0 5 1 9 3 7 8]
 [8 9 4 2 0 3 6 5 1]
 [3 1 5 7 0 6 0 2 4]
 [0 3 2 9 8 5 7 1 6]
 [4 5 7 1 6 0 9 3 0]
 [0 8 6 4 3 7 2 0 5]]
Number of cells unfilled: 13
Accuracy: 83.9506172839506
Sample: 15530
Question:
[[0 0 0 0 0 7 0 2 0]
 [3 7 0 2 0 0 5 0 0]
 [0 0 2 0 6 0 4 0 0]
 [0 0 3 4 0 0 0 6 0]
 [0 8 0 0 0 0 1 0 4]
 [0 0 0 0 5 0 0 0 0]
 [9 0 0 0 0 0 0 0 8]
 [0 0 7 6 0 0 0 4 0]
 [0 0 0 0 1 0 6 0 9]]
Solution:
[[5 2 8 6 9 0 1 4 7]
 [9 6 0 8 7 4 5 0 3]
 [1 7 3 0 5 2 8 6 9]
 [2 0 0 5 1 9 3 7 8]
 [8 9 4 2 0 3 6 5 1]
 [3 1 5 7 0 6 0 2 4]
 [0 3 2 9 8 5 7 1 6]
 [4 5 7 1 6 0 9 3 0]
 [0 8 6 4 3 7 2 0 5]]
Number of cells unfilled: 14
Accuracy: 82.71604938271605
Sample: 15531
Question:
[[0 0 0 0 0 9 0 0 0]
 [4 2 0 0 0 8 0 9 0]
 [0 0 0 4 1 0 0 0 0]
 [0 5 0 7 0 2 0 0 0]
 [0 0 8 0 0 0 0 0 2]
 [9 0 0 0 0 3 0 0 5]
 [0 9 0 0 0 0 0 0 7]
 [0 0 3 6 9 0 5 8 0]
 [0 6 0 2 0 5 3 0 0]]
Solution:
[[5 2 8 6 3 9 1 4 7]
 [9 6 0 8 7 4 5 0 3]
 [1 4 3 0 5 2 8 6 9]
 [2 0 0 5 1 0 3 7 8]
 [8 9 4 2 0 3 6 5 1]
 [3 1 5 7 9 6 0 2 4]
 [0 3 2 9 8 5 7 1 6]
 [4 5 7 1 6 0 9 3 0]
 [0 8 6 4 0 7 2 0 5]]
Number of cells unfilled: 14
Accuracy: 82.71604938271605
Sample: 15532
Question:
[[6 0 0 0 5 0 0 0 8]
 [0 0 8 0 0 0 5 0 0]
 [0 0 5 0 0 2 0 0 0]
 [0 0 0 4 0 0 0 0 7]
 [4 0 0 0 0 7 6 8 0]
 [0 0 0 0 6 0 0 1 0]
 [8 0 0 0 7 0 0 0 1]
 [7 0 2 0 1 0 0 0 6]
 [0 3 0 0 0 9 0 0 0]]
Solution:
[[5 2 8 6 9 0 1 4 7]
 [9 6 0 8 7 4 5 0 3]
 [1 7 3 0 5 2 8 6 9]
 [6 0 0 5 1 9 3 7 8]
 [8 9 4 2 0 3 6 5 1]
 [3 1 5 7 0 6 0 2 4]
 [0 3 2 9 8 5 7 1 6]
 [4 5 7 1 6 0 9 3 0]
 [0 8 6 4 3 7 2 0 5]]
Number of cells unfilled: 14
Accuracy: 82.71604938271605
Sample: 15533
Question:
[[8 0 0 0 0 0 6 0 0]
 [0 2 0 0 0 0 0 0 3]
 [5 0 6 0 3 0 0 2 0]
 [9 6 0 0 2 0 8 0 0]
 [0 8 0 0 5 0 2 0 0]
 [0 0 0 0 0 1 0 9 0]
 [0 0 7 5 0 0 0 0 0]
 [0 0 0 7 0 0 0 4 0]
 [0 5 0 0 6 0 7 0 0]]
Solution:
[[5 2 8 6 9 0 1 4 7]
 [9 6 0 8 7 4 5 0 3]
 [1 4 3 0 5 2 8 6 9]
 [6 0 0 5 1 9 3 7 8]
 [8 9 4 2 0 3 6 5 1]
 [3 1 5 7 0 6 0 2 4]
 [0 3 2 9 8 5 7 1 6]
 [4 5 7 1 6 0 9 3 0]
 [0 8 6 4 3 7 2 0 5]]
Number of cells unfilled: 14
Accuracy: 82.71604938271605
Sample: 15534
Question:
[[9 0 8 2 0 5 0 0 0]
 [0 0 0 1 6 0 0 0 0]
 [0 0 0 0 0 0 0 0 0]
 [0 0 5 0 0 7 4 6 0]
 [4 0 0 0 8 1 0 7 0]
 [3 0 0 0 0 4 5 0 0]
 [5 0 0 0 4 0 0 0 7]
 [2 6 0 0 0 9 0 0 0]
 [0 1 0 0 0 2 0 3 0]]
Solution:
[[5 2 8 6 3 9 1 4 7]
 [9 6 0 8 7 4 5 0 3]
 [1 4 3 0 5 2 8 9 0]
 [6 0 0 5 1 0 3 7 8]
 [8 9 4 2 0 3 6 5 1]
 [3 1 5 7 9 6 0 2 4]
 [0 3 2 9 8 5 7 1 6]
 [4 5 7 1 6 0 9 3 0]
 [0 8 6 4 0 7 2 0 5]]
Number of cells unfilled: 15
Accuracy: 81.48148148148148
Sample: 15535
Question:
[[4 0 2 7 0 0 0 0 0]
 [0 0 0 0 0 9 0 0 0]
 [7 0 0 0 8 1 6 3 0]
 [0 2 0 6 7 0 0 1 0]
 [0 0 0 3 0 2 7 4 0]
 [9 0 0 0 0 0 0 5 0]
 [0 0 5 0 4 3 9 0 0]
 [1 0 3 0 0 0 0 0 5]
 [0 0 0 0 0 0 0 0 0]]
Solution:
[[5 2 8 6 3 9 1 4 7]
 [9 6 0 8 7 4 5 0 3]
 [1 4 3 0 5 2 8 6 9]
 [6 0 0 5 1 0 3 7 8]
 [8 9 4 2 0 3 6 5 1]
 [3 1 5 7 9 6 0 2 4]
 [0 3 2 9 8 5 7 1 6]
 [4 5 7 1 6 0 9 3 0]
 [0 8 6 4 0 7 2 0 5]]
Number of cells unfilled: 14
Accuracy: 82.71604938271605
Sample: 15536
Question:
[[0 0 0 0 1 0 0 0 4]
 [0 0 8 0 0 3 0 0 0]
 [3 0 0 2 0 0 9 0 0]
 [0 5 0 0 7 8 0 0 0]
 [0 0 0 5 0 0 0 1 7]
 [4 0 0 3 0 0 5 0 0]
 [0 3 0 6 0 0 0 0 9]
 [0 9 4 0 0 2 6 0 0]
 [6 0 0 0 0 0 0 5 0]]
Solution:
[[5 2 8 6 3 9 1 4 7]
 [9 6 0 8 7 4 5 0 3]
 [1 4 3 0 5 2 0 8 9]
 [6 0 0 5 1 0 3 7 8]
 [8 9 4 2 0 3 6 5 1]
 [3 1 5 7 9 6 0 2 4]
 [0 3 2 9 8 5 7 1 6]
 [4 5 7 1 6 0 9 3 0]
 [0 8 6 4 0 7 2 0 5]]
Number of cells unfilled: 15
Accuracy: 81.48148148148148
Sample: 15537
Question:
[[0 0 7 3 0 0 0 5 0]
 [0 4 0 0 0 1 7 0 0]
 [8 0 0 0 7 0 0 0 4]
 [0 6 0 0 8 0 0 2 0]
 [0 0 1 0 3 0 8 0 0]
 [4 0 0 0 0 2 0 0 3]
 [0 0 0 9 0 0 0 0 0]
 [0 0 4 0 1 0 5 0 0]
 [0 3 0 0 0 0 0 9 6]]
Solution:
[[5 2 8 6 3 9 1 4 7]
 [9 6 0 8 7 4 5 0 3]
 [1 7 3 0 5 2 0 8 9]
 [2 0 0 5 1 0 3 7 8]
 [8 9 4 2 0 3 6 5 1]
 [3 1 5 7 9 6 0 2 4]
 [0 3 2 9 8 5 7 1 6]
 [4 5 7 1 6 0 9 3 0]
 [0 8 6 4 0 7 2 0 5]]
Number of cells unfilled: 15
Accuracy: 81.48148148148148
Sample: 15538
Question:
[[0 0 9 1 0 0 0 4 0]
 [0 0 0 0 4 0 0 0 3]
 [0 6 0 0 0 0 0 0 0]
 [3 0 0 0 0 0 0 0 7]
 [0 0 0 8 0 0 5 0 4]
 [5 0 8 0 0 4 0 2 0]
 [0 5 0 4 0 2 7 0 0]
 [6 0 0 9 0 1 0 0 0]
 [0 0 2 0 8 0 0 1 0]]
Solution:
[[5 2 8 6 9 0 1 4 7]
 [9 6 0 8 7 4 5 0 3]
 [1 4 3 0 5 2 8 6 9]
 [6 0 0 5 1 9 3 7 8]
 [8 9 4 2 0 3 6 5 1]
 [3 1 5 7 0 6 0 2 4]
 [0 3 2 9 8 5 7 1 6]
 [4 5 7 1 6 0 9 3 0]
 [0 8 6 4 3 7 2 0 5]]
Number of cells unfilled: 14
Accuracy: 82.71604938271605
Sample: 15539
Question:
[[0 3 0 0 0 8 6 1 0]
 [1 0 0 0 0 0 8 2 0]
 [0 0 0 0 1 0 0 0 3]
 [4 0 7 0 0 0 5 0 0]
 [0 0 0 5 0 0 0 4 0]
 [3 0 0 0 0 6 0 0 2]
 [0 0 9 0 7 0 2 0 0]
 [0 4 0 0 0 0 0 9 0]
 [2 0 0 0 0 1 0 0 8]]
Solution:
[[5 2 8 6 3 9 1 4 7]
 [9 6 0 8 7 4 5 0 3]
 [1 4 3 0 5 2 8 6 9]
 [2 0 0 5 1 0 3 7 8]
 [8 9 4 2 0 3 6 5 1]
 [3 1 5 7 9 6 0 2 4]
 [0 3 2 9 8 5 7 1 6]
 [4 5 7 1 6 0 9 3 0]
 [0 8 6 4 0 7 2 0 5]]
Number of cells unfilled: 14
Accuracy: 82.71604938271605
Sample: 15540
Question:
[[0 0 3 6 0 0 1 0 0]
 [5 0 0 0 4 0 0 0 0]
 [0 7 0 0 0 2 0 0 0]
 [0 0 0 8 9 0 3 0 0]
 [0 0 0 0 0 0 0 0 7]
 [0 0 6 0 0 0 9 0 0]
 [0 0 1 9 0 0 0 3 0]
 [0 2 0 0 7 0 0 0 1]
 [4 0 0 0 0 5 0 0 0]]
Solution:
[[5 7 8 6 9 0 1 4 2]
 [9 6 0 8 7 4 5 0 3]
 [1 4 3 0 5 2 8 6 9]
 [6 2 0 5 1 9 3 7 8]
 [8 9 4 2 0 3 6 5 1]
 [3 1 5 7 0 6 0 2 4]
 [0 3 2 9 8 5 7 1 6]
 [4 5 7 1 6 0 9 3 0]
 [0 8 6 4 3 7 2 0 5]]
Number of cells unfilled: 13
Accuracy: 83.9506172839506
Sample: 15541
Question:
[[0 0 6 0 0 0 8 0 0]
 [0 0 0 2 1 9 0 0 0]
 [0 9 1 0 0 4 3 7 0]
 [7 0 0 0 4 0 6 0 0]
 [0 0 0 7 6 5 0 1 0]
 [0 0 0 0 0 0 0 8 5]
 [2 0 0 9 0 0 0 0 0]
 [0 0 3 5 0 0 0 0 0]
 [0 8 0 0 0 0 0 0 0]]
Solution:
[[5 2 8 6 3 9 1 4 7]
 [9 6 0 8 7 4 5 0 3]
 [1 4 3 0 5 2 8 6 9]
 [6 0 0 5 1 0 3 7 8]
 [8 9 4 2 0 3 6 5 1]
 [3 1 5 7 9 6 0 2 4]
 [0 3 2 9 8 5 7 1 6]
 [4 5 7 1 6 0 9 3 0]
 [0 8 6 4 0 7 2 0 5]]
Number of cells unfilled: 14
Accuracy: 82.71604938271605
Sample: 15542
Question:
[[0 0 3 0 0 0 4 0 0]
 [0 0 0 0 0 4 2 0 7]
 [4 0 0 0 7 0 0 9 0]
 [0 0 0 6 0 0 0 0 0]
 [9 0 0 0 2 0 0 0 4]
 [0 8 0 0 0 5 0 0 0]
 [0 0 5 8 0 0 0 0 0]
 [0 6 0 0 0 3 0 1 0]
 [1 0 0 0 9 0 7 0 0]]
Solution:
[[5 2 8 6 3 9 1 4 7]
 [9 6 0 8 7 4 5 0 3]
 [1 7 3 0 5 2 8 6 9]
 [6 0 0 5 1 0 3 7 8]
 [8 9 4 2 0 3 6 5 1]
 [3 1 5 7 9 6 0 2 4]
 [0 3 2 9 8 5 7 1 6]
 [4 5 7 1 6 0 9 3 0]
 [0 8 6 4 0 7 2 0 5]]
Number of cells unfilled: 14
Accuracy: 82.71604938271605
Sample: 15543
Question:
[[0 0 0 0 0 2 0 0 0]
 [0 0 0 0 0 1 8 7 0]
 [4 0 0 6 0 0 2 1 0]
 [0 6 0 0 0 0 0 8 0]
 [2 0 0 0 6 0 4 3 0]
 [0 0 5 0 0 0 0 0 7]
 [0 9 0 4 0 0 0 0 0]
 [0 0 0 3 0 0 0 0 8]
 [1 0 0 0 0 6 3 4 0]]
Solution:
[[5 2 8 6 9 0 1 4 7]
 [9 6 0 8 7 4 5 0 3]
 [1 7 3 0 5 2 8 6 9]
 [6 0 0 5 1 9 3 7 8]
 [8 9 4 2 0 3 6 5 1]
 [3 1 5 7 0 6 0 2 4]
 [0 3 2 9 8 5 7 1 6]
 [4 5 7 1 6 0 9 3 0]
 [0 8 6 4 3 7 2 0 5]]
Number of cells unfilled: 14
Accuracy: 82.71604938271605
Sample: 15544
Question:
[[0 0 0 0 2 0 0 8 0]
 [0 1 0 9 0 0 4 0 5]
 [0 0 0 0 0 1 0 0 6]
 [1 0 0 4 0 0 9 0 3]
 [0 0 9 0 0 0 0 0 2]
 [0 0 3 0 0 0 0 0 0]
 [4 0 0 0 0 7 0 0 0]
 [0 0 1 3 0 0 5 0 4]
 [5 0 0 0 0 0 0 6 0]]
Solution:
[[5 2 8 6 9 0 1 4 7]
 [9 6 0 8 7 4 5 0 3]
 [1 4 3 0 5 2 8 6 9]
 [6 0 0 5 1 9 3 7 8]
 [8 9 4 2 0 3 6 5 1]
 [3 1 5 7 0 6 0 2 4]
 [0 3 2 9 8 5 7 1 6]
 [4 5 7 1 6 0 9 3 0]
 [0 8 6 4 3 7 2 0 5]]
Number of cells unfilled: 14
Accuracy: 82.71604938271605
Sample: 15545
Question:
[[0 0 0 0 7 0 0 0 0]
 [6 0 0 0 0 2 0 0 0]
 [0 9 4 1 0 0 0 7 0]
 [0 6 0 0 0 0 0 0 3]
 [0 2 0 0 0 0 0 0 1]
 [0 3 1 4 0 0 7 0 0]
 [0 4 9 3 0 0 0 0 7]
 [5 0 0 0 0 0 9 0 0]
 [0 0 0 0 8 0 4 0 0]]
Solution:
[[5 2 8 6 3 9 1 4 7]
 [9 6 0 8 7 4 5 0 3]
 [1 7 3 0 5 2 8 6 9]
 [6 0 0 5 1 0 3 7 8]
 [8 9 4 2 0 3 6 5 1]
 [3 1 5 7 9 6 0 2 4]
 [0 3 2 9 8 5 7 1 6]
 [4 5 7 1 6 0 9 3 0]
 [0 8 6 4 0 7 2 0 5]]
Number of cells unfilled: 14
Accuracy: 82.71604938271605
Sample: 15546
Question:
[[0 5 0 0 0 0 0 0 0]
 [0 0 1 8 0 0 0 0 6]
 [6 0 0 0 0 9 0 4 0]
 [2 0 0 0 0 4 5 9 0]
 [0 7 0 0 3 0 0 0 0]
 [4 0 0 0 0 2 0 6 0]
 [1 0 0 0 0 0 0 0 0]
 [0 0 0 0 0 1 6 0 9]
 [0 0 0 4 2 0 0 1 0]]
Solution:
[[5 7 8 6 9 0 1 4 2]
 [9 6 0 8 7 4 5 0 3]
 [1 4 3 0 5 2 8 9 7]
 [6 2 0 5 1 9 3 7 8]
 [8 9 4 2 0 3 6 5 1]
 [3 1 5 7 0 6 0 2 4]
 [0 3 2 9 8 5 7 1 6]
 [4 5 7 1 6 0 9 3 0]
 [0 8 6 4 3 7 2 0 5]]
Number of cells unfilled: 13
Accuracy: 83.9506172839506
Sample: 15547
Question:
[[3 0 0 0 9 0 0 1 0]
 [9 0 0 0 3 0 2 6 0]
 [0 0 4 5 0 0 0 0 0]
 [0 0 0 0 8 0 0 0 9]
 [8 0 0 0 0 0 1 0 6]
 [0 9 3 0 0 0 0 8 0]
 [0 0 0 2 0 0 0 0 0]
 [0 7 0 0 0 8 0 0 0]
 [6 0 0 0 1 0 0 9 0]]
Solution:
[[5 7 8 6 9 0 1 4 2]
 [9 6 0 8 7 4 5 0 3]
 [1 4 3 0 5 2 8 9 7]
 [6 2 0 5 1 9 3 7 8]
 [8 9 4 2 0 3 6 5 1]
 [3 1 5 7 0 6 0 2 4]
 [0 3 2 9 8 5 7 1 6]
 [4 5 7 1 6 0 9 3 0]
 [0 8 6 4 3 7 2 0 5]]
Number of cells unfilled: 13
Accuracy: 83.9506172839506
Sample: 15548
Question:
[[4 1 0 0 0 0 7 0 0]
 [0 0 0 0 0 0 3 0 0]
 [0 3 7 0 0 4 0 0 6]
 [5 0 0 1 0 0 0 0 0]
 [0 8 4 0 0 7 0 6 0]
 [0 0 0 0 6 0 0 0 0]
 [0 4 8 0 0 3 6 0 0]
 [0 0 0 0 9 0 0 0 4]
 [2 0 0 0 0 0 0 0 8]]
Solution:
[[5 7 8 6 9 0 1 4 2]
 [9 6 0 8 7 4 5 0 3]
 [1 4 3 0 5 2 8 6 9]
 [6 2 0 5 1 9 3 7 8]
 [8 9 4 2 0 3 6 5 1]
 [3 1 5 7 0 6 0 2 4]
 [0 3 2 9 8 5 7 1 6]
 [4 5 7 1 6 0 9 3 0]
 [0 8 6 4 3 7 2 0 5]]
Number of cells unfilled: 13
Accuracy: 83.9506172839506
Sample: 15549
Question:
[[3 0 0 8 0 0 0 0 0]
 [0 7 0 2 0 0 0 0 0]
 [0 0 1 0 0 5 9 0 0]
 [0 0 0 6 5 0 0 0 0]
 [0 0 0 0 0 4 0 1 0]
 [0 0 6 0 0 0 0 4 9]
 [0 0 4 0 0 6 1 0 0]
 [2 0 0 0 3 0 4 0 0]
 [0 8 0 0 0 0 0 0 7]]
Solution:
[[5 2 8 6 3 9 1 4 7]
 [9 6 0 8 7 4 5 0 3]
 [1 4 3 0 5 2 0 8 9]
 [6 0 0 5 1 0 3 7 8]
 [8 9 4 2 0 3 6 5 1]
 [3 1 5 7 9 6 0 2 4]
 [0 3 2 9 8 5 7 1 6]
 [4 5 7 1 6 0 9 3 0]
 [0 8 6 4 0 7 2 0 5]]
Number of cells unfilled: 15
Accuracy: 81.48148148148148
Sample: 15550
Question:
[[0 6 9 0 0 0 5 0 0]
 [5 0 0 0 0 0 0 0 0]
 [0 4 0 0 0 1 0 9 0]
 [0 0 0 0 0 0 9 2 0]
 [0 0 2 1 0 4 0 7 0]
 [6 0 0 0 9 3 4 0 0]
 [9 3 5 8 0 0 1 0 0]
 [0 0 0 0 0 0 0 5 2]
 [2 0 0 4 0 6 0 0 0]]
Solution:
[[5 7 8 6 9 0 1 4 2]
 [9 6 0 8 7 4 5 0 3]
 [1 4 3 0 5 2 8 6 9]
 [6 2 0 5 1 9 3 7 8]
 [8 9 4 2 0 3 6 5 1]
 [3 1 5 7 0 6 0 2 4]
 [0 3 2 9 8 5 7 1 6]
 [4 5 7 1 6 0 9 3 0]
 [0 8 6 4 3 7 2 0 5]]
Number of cells unfilled: 13
Accuracy: 83.9506172839506
Sample: 15551
Question:
[[0 7 8 0 0 5 0 0 6]
 [3 0 1 0 8 0 0 0 0]
 [0 6 0 3 0 0 0 0 0]
 [0 1 0 4 0 0 0 6 3]
 [8 5 0 1 0 0 0 0 2]
 [0 0 3 0 0 2 0 0 0]
 [0 0 0 0 0 0 0 0 0]
 [1 8 0 0 7 0 0 0 9]
 [9 0 5 0 4 0 2 0 1]]
Solution:
[[5 2 8 6 3 9 1 4 7]
 [9 6 0 8 7 4 5 0 3]
 [1 4 3 0 5 2 8 6 9]
 [6 0 0 5 1 0 3 7 8]
 [8 9 4 2 0 3 6 5 1]
 [3 1 5 7 9 6 0 2 4]
 [0 3 2 9 8 5 7 1 6]
 [4 5 7 1 6 0 9 3 0]
 [0 8 6 4 0 7 2 0 5]]
Number of cells unfilled: 14
Accuracy: 82.71604938271605
Sample: 15552
Question:
[[0 0 0 2 0 4 0 0 0]
 [0 2 0 0 6 0 0 4 0]
 [5 0 0 0 0 0 0 0 0]
 [3 7 0 0 0 2 0 0 0]
 [0 0 0 9 4 0 0 7 0]
 [0 0 0 3 0 0 0 9 0]
 [0 8 0 0 0 1 0 0 4]
 [0 0 7 0 8 0 1 3 0]
 [2 0 0 5 3 0 8 0 0]]
Solution:
[[5 7 8 6 9 0 1 4 2]
 [9 6 0 8 7 4 5 0 3]
 [1 4 3 0 5 2 8 6 7]
 [6 2 0 5 1 9 3 7 8]
 [8 9 4 2 0 3 6 5 1]
 [3 1 5 7 0 6 0 2 4]
 [0 3 2 9 8 5 7 1 6]
 [4 5 7 1 6 0 9 3 0]
 [0 8 6 4 3 7 2 0 5]]
Number of cells unfilled: 13
Accuracy: 83.9506172839506
Sample: 15553
Question:
[[8 5 0 0 0 0 0 0 7]
 [0 3 0 0 0 7 0 0 0]
 [0 0 2 0 1 0 4 0 0]
 [0 0 0 0 0 0 0 3 0]
 [0 9 0 8 0 0 0 0 1]
 [0 0 5 0 6 0 2 0 0]
 [0 0 6 0 0 9 0 4 2]
 [0 0 0 1 0 6 5 0 0]
 [5 0 0 0 4 0 0 0 0]]
Solution:
[[5 2 8 6 9 0 1 4 7]
 [9 6 0 8 7 4 5 0 3]
 [1 4 3 0 5 2 8 6 9]
 [6 0 0 5 1 9 3 7 8]
 [8 9 4 2 0 3 6 5 1]
 [3 1 5 7 0 6 0 2 4]
 [0 3 2 9 8 5 7 1 6]
 [4 5 7 1 6 0 9 3 0]
 [0 8 6 4 3 7 2 0 5]]
Number of cells unfilled: 14
Accuracy: 82.71604938271605
Sample: 15554
Question:
[[0 0 1 0 0 8 4 6 0]
 [0 3 0 0 0 0 7 0 0]
 [6 0 0 0 0 0 0 1 2]
 [5 0 0 0 0 0 0 0 0]
 [0 0 9 2 6 3 0 5 0]
 [0 0 6 0 4 7 1 0 0]
 [0 0 5 3 0 9 0 0 6]
 [0 0 0 0 5 0 0 0 0]
 [0 0 0 4 0 6 0 0 0]]
Solution:
[[5 7 8 6 9 0 1 4 2]
 [9 6 0 8 7 4 5 0 3]
 [1 4 3 0 5 2 8 9 7]
 [6 2 0 5 1 9 3 7 8]
 [8 9 4 2 0 3 6 5 1]
 [3 1 5 7 0 6 0 2 4]
 [0 3 2 9 8 5 7 1 6]
 [4 5 7 1 6 0 9 3 0]
 [0 8 6 4 3 7 2 0 5]]
Number of cells unfilled: 13
Accuracy: 83.9506172839506
Sample: 15555
Question:
[[1 0 0 0 0 8 0 0 6]
 [0 0 0 0 0 0 5 0 0]
 [0 0 0 7 3 0 0 8 0]
 [0 1 0 0 0 0 0 3 0]
 [0 0 5 2 0 0 0 0 0]
 [9 0 0 0 0 1 0 0 4]
 [0 4 0 0 8 0 0 0 9]
 [0 7 9 0 0 6 0 1 0]
 [8 0 0 0 0 0 6 0 0]]
Solution:
[[5 2 8 6 9 0 1 4 7]
 [9 6 0 8 7 4 5 0 3]
 [1 4 3 0 5 2 8 6 9]
 [6 0 0 5 1 9 3 7 8]
 [8 9 4 2 0 3 6 5 1]
 [3 1 5 7 0 6 0 2 4]
 [0 3 2 9 8 5 7 1 6]
 [4 5 7 1 6 0 9 3 0]
 [0 8 6 4 3 7 2 0 5]]
Number of cells unfilled: 14
Accuracy: 82.71604938271605
Sample: 15556
Question:
[[9 0 0 0 2 0 4 1 0]
 [0 3 0 8 0 0 0 2 5]
 [0 0 0 0 0 7 0 0 0]
 [0 9 5 0 0 0 0 0 4]
 [0 0 3 0 0 0 9 0 0]
 [1 0 0 0 7 0 2 0 0]
 [8 0 0 0 0 2 1 4 3]
 [0 0 0 0 0 0 0 0 0]
 [3 0 1 6 4 0 5 8 0]]
Solution:
[[5 2 8 6 3 9 1 4 7]
 [9 6 0 8 7 4 5 0 3]
 [1 7 3 0 5 2 8 6 9]
 [6 0 0 5 1 0 3 7 8]
 [8 9 4 2 0 3 6 5 1]
 [3 1 5 7 9 6 0 2 4]
 [0 3 2 9 8 5 7 1 6]
 [4 5 7 1 6 0 9 3 0]
 [0 8 6 4 0 7 2 0 5]]
Number of cells unfilled: 14
Accuracy: 82.71604938271605
Sample: 15557
Question:
[[0 0 0 0 0 0 0 0 3]
 [0 5 0 0 0 4 0 2 0]
 [0 1 0 0 0 8 0 0 0]
 [1 0 2 5 0 0 0 6 0]
 [0 6 0 0 3 1 7 0 0]
 [3 7 0 0 0 0 0 5 0]
 [7 0 0 0 1 6 5 0 0]
 [0 3 0 0 0 0 0 0 0]
 [5 0 6 2 0 0 0 0 0]]
Solution:
[[5 7 8 6 9 0 1 4 2]
 [9 6 0 8 7 4 5 0 3]
 [1 4 3 0 5 2 8 6 9]
 [6 2 0 5 1 9 3 7 8]
 [8 9 4 2 0 3 6 5 1]
 [3 1 5 7 0 6 0 2 4]
 [0 3 2 9 8 5 7 1 6]
 [4 5 7 1 6 0 9 3 0]
 [0 8 6 4 3 7 2 0 5]]
Number of cells unfilled: 13
Accuracy: 83.9506172839506
Sample: 15558
Question:
[[0 0 0 0 0 0 4 0 9]
 [8 0 0 0 0 0 0 0 0]
 [0 9 3 0 0 0 0 7 0]
 [0 4 6 8 9 0 0 0 0]
 [0 0 7 0 3 0 0 0 0]
 [3 8 0 0 0 0 0 9 6]
 [6 0 0 3 4 0 0 2 5]
 [0 0 9 0 7 0 0 0 0]
 [4 0 0 6 0 0 0 0 0]]
Solution:
[[5 7 8 6 9 0 1 4 2]
 [9 6 0 8 7 4 5 0 3]
 [1 4 3 0 5 2 8 6 9]
 [6 2 0 5 1 9 3 7 8]
 [8 9 4 2 0 3 6 5 1]
 [3 1 5 7 0 6 0 2 4]
 [0 3 2 9 8 5 7 1 6]
 [4 5 7 1 6 0 9 3 0]
 [0 8 6 4 3 7 2 0 5]]
Number of cells unfilled: 13
Accuracy: 83.9506172839506
Sample: 15559
Question:
[[0 0 0 0 1 0 0 9 0]
 [0 0 0 0 0 6 2 0 0]
 [3 0 5 0 9 0 1 4 0]
 [6 1 0 0 0 0 0 0 4]
 [0 0 0 0 7 0 0 0 0]
 [0 0 2 6 0 4 0 0 0]
 [0 0 0 0 0 2 0 0 9]
 [9 0 6 7 4 0 0 0 0]
 [0 0 0 1 0 0 6 7 0]]
Solution:
[[5 7 8 6 9 0 1 4 2]
 [9 6 0 8 7 4 5 0 3]
 [1 4 3 0 5 2 0 8 9]
 [6 2 0 5 1 9 3 7 8]
 [8 9 4 2 0 3 6 5 1]
 [3 1 5 7 0 6 0 2 4]
 [0 3 2 9 8 5 7 1 6]
 [4 5 7 1 6 0 9 3 0]
 [0 8 6 4 3 7 2 0 5]]
Number of cells unfilled: 14
Accuracy: 82.71604938271605
Sample: 15560
Question:
[[0 0 0 0 5 0 0 0 0]
 [0 0 0 0 0 0 0 4 1]
 [0 0 0 4 0 9 8 0 0]
 [0 0 0 5 9 0 4 6 0]
 [0 4 5 1 0 0 0 0 0]
 [6 9 0 0 0 8 0 0 0]
 [0 8 0 0 0 4 0 0 0]
 [0 0 6 0 1 0 0 0 0]
 [0 1 9 0 6 0 3 2 0]]
Solution:
[[5 7 8 6 9 0 1 4 2]
 [9 6 0 8 7 4 5 0 3]
 [1 4 3 0 5 2 8 6 9]
 [6 2 0 5 1 9 3 7 8]
 [8 9 4 2 0 3 6 5 1]
 [3 1 5 7 0 6 0 2 4]
 [0 3 2 9 8 5 7 1 6]
 [4 5 7 1 6 0 9 3 0]
 [0 8 6 4 3 7 2 0 5]]
Number of cells unfilled: 13
Accuracy: 83.9506172839506
Sample: 15561
Question:
[[0 0 0 4 0 0 8 0 0]
 [2 7 0 9 0 8 4 0 0]
 [0 0 0 0 0 6 0 0 1]
 [0 1 8 0 9 0 0 0 0]
 [6 0 0 0 0 0 0 1 9]
 [0 0 0 0 0 0 3 0 0]
 [1 4 0 0 0 0 9 3 0]
 [0 0 0 3 0 1 0 8 4]
 [0 0 0 0 0 0 0 0 6]]
Solution:
[[5 7 8 6 9 0 1 4 2]
 [9 6 0 8 7 4 5 0 3]
 [1 4 3 0 5 2 8 9 7]
 [6 2 0 5 1 9 3 7 8]
 [8 9 4 2 0 3 6 5 1]
 [3 1 5 7 0 6 0 2 4]
 [0 3 2 9 8 5 7 1 6]
 [4 5 7 1 6 0 9 3 0]
 [0 8 6 4 3 7 2 0 5]]
Number of cells unfilled: 13
Accuracy: 83.9506172839506
Sample: 15562
Question:
[[0 0 0 6 0 0 0 9 1]
 [0 3 0 0 0 0 5 0 0]
 [6 0 1 0 0 0 2 0 0]
 [0 0 0 9 0 0 0 0 0]
 [7 0 0 0 3 0 0 5 0]
 [8 0 0 5 0 0 0 1 0]
 [0 0 0 0 0 0 9 2 0]
 [0 5 0 0 6 0 0 0 3]
 [1 0 9 0 0 2 0 6 5]]
Solution:
[[5 7 8 6 9 0 1 4 2]
 [9 6 0 8 7 4 5 0 3]
 [1 4 3 0 5 2 8 9 7]
 [6 2 0 5 1 9 3 7 8]
 [8 9 4 2 0 3 6 5 1]
 [3 1 5 7 0 6 0 2 4]
 [0 3 2 9 8 5 7 1 6]
 [4 5 7 1 6 0 9 3 0]
 [0 8 6 4 3 7 2 0 5]]
Number of cells unfilled: 13
Accuracy: 83.9506172839506
Sample: 15563
Question:
[[0 0 2 0 0 0 0 0 0]
 [0 6 0 3 0 0 0 0 5]
 [0 0 0 8 0 0 0 0 9]
 [5 0 0 1 0 9 4 0 0]
 [0 0 1 0 0 0 0 9 0]
 [0 0 0 2 6 0 5 0 0]
 [4 0 0 9 0 2 0 0 1]
 [0 5 0 0 0 0 2 0 4]
 [0 1 0 0 5 0 0 6 0]]
Solution:
[[5 7 8 6 9 0 1 4 2]
 [9 6 0 8 7 4 5 0 3]
 [1 4 3 0 5 2 8 6 9]
 [6 2 0 5 1 9 3 7 8]
 [8 9 4 2 0 3 6 5 1]
 [3 1 5 7 0 6 0 2 4]
 [0 3 2 9 8 5 7 1 6]
 [4 5 7 1 6 0 9 3 0]
 [0 8 6 4 3 7 2 0 5]]
Number of cells unfilled: 13
Accuracy: 83.9506172839506
Sample: 15564
Question:
[[0 0 2 3 7 0 5 0 0]
 [0 0 0 0 8 6 2 0 7]
 [0 0 0 0 0 0 0 0 0]
 [0 0 0 0 4 0 0 3 0]
 [0 6 0 0 9 0 0 2 0]
 [8 0 0 0 0 0 0 0 0]
 [0 2 0 0 0 0 8 5 0]
 [0 0 5 8 3 0 0 7 0]
 [0 7 0 0 0 2 3 0 6]]
Solution:
[[5 2 8 6 3 9 1 4 7]
 [9 6 0 8 7 4 5 0 3]
 [1 4 3 0 5 2 8 6 9]
 [6 0 0 5 1 0 3 7 8]
 [8 9 4 2 0 3 6 5 1]
 [3 1 5 7 9 6 0 2 4]
 [0 3 2 9 8 5 7 1 6]
 [4 5 7 1 6 0 9 3 0]
 [0 8 6 4 0 7 2 0 5]]
Number of cells unfilled: 14
Accuracy: 82.71604938271605
Sample: 15565
Question:
[[0 0 6 0 0 0 0 0 0]
 [0 0 3 0 0 9 0 0 1]
 [0 2 0 0 0 7 0 0 3]
 [0 0 0 2 0 0 5 3 0]
 [0 0 0 0 0 0 1 0 6]
 [0 0 0 0 1 5 0 8 0]
 [0 5 0 3 0 0 2 0 0]
 [0 3 0 0 0 0 0 6 8]
 [8 0 0 0 6 1 0 0 5]]
Solution:
[[5 7 8 6 9 0 1 4 2]
 [9 6 0 8 7 4 5 0 3]
 [1 4 3 0 5 2 8 9 7]
 [6 2 0 5 1 9 3 7 8]
 [8 9 4 2 0 3 6 5 1]
 [3 1 5 7 0 6 0 2 4]
 [0 3 2 9 8 5 7 1 6]
 [4 5 7 1 6 0 9 3 0]
 [0 8 6 4 3 7 2 0 5]]
Number of cells unfilled: 13
Accuracy: 83.9506172839506
Sample: 15566
Question:
[[0 0 8 0 0 5 0 0 7]
 [4 9 0 0 0 0 0 0 0]
 [7 0 5 9 6 0 0 4 0]
 [0 0 0 0 0 0 9 0 0]
 [5 0 0 0 1 0 0 0 8]
 [6 0 0 0 3 0 5 0 0]
 [9 0 6 0 0 0 0 0 0]
 [0 5 7 0 0 8 0 0 0]
 [0 4 0 6 7 0 0 0 0]]
Solution:
[[5 7 8 6 9 0 1 4 2]
 [9 6 0 8 7 4 5 0 3]
 [1 4 3 0 5 2 8 9 7]
 [6 2 0 5 1 9 3 7 8]
 [8 9 4 2 0 3 6 5 1]
 [3 1 5 7 0 6 0 2 4]
 [0 3 2 9 8 5 7 1 6]
 [4 5 7 1 6 0 9 3 0]
 [0 8 6 4 3 7 2 0 5]]
Number of cells unfilled: 13
Accuracy: 83.9506172839506
Sample: 15567
Question:
[[0 1 0 3 7 0 0 0 9]
 [0 0 0 0 8 6 0 0 1]
 [8 0 7 0 0 9 0 6 0]
 [0 0 0 0 0 8 9 0 0]
 [0 3 0 0 1 0 0 0 0]
 [7 0 9 0 6 0 0 0 0]
 [0 0 5 0 0 1 0 0 3]
 [0 0 0 0 0 0 8 0 0]
 [0 0 2 0 0 7 1 0 0]]
Solution:
[[5 2 8 6 3 9 1 4 7]
 [9 6 0 8 7 4 5 0 3]
 [1 4 3 0 5 2 8 6 9]
 [6 0 0 5 1 0 3 7 8]
 [8 9 4 2 0 3 6 5 1]
 [3 1 5 7 9 6 0 2 4]
 [0 3 2 9 8 5 7 1 6]
 [4 5 7 1 6 0 9 3 0]
 [0 8 6 4 0 7 2 0 5]]
Number of cells unfilled: 14
Accuracy: 82.71604938271605
Sample: 15568
Question:
[[0 2 0 0 0 0 0 0 0]
 [0 0 6 1 0 0 9 2 0]
 [0 9 1 0 0 0 5 0 3]
 [2 0 0 0 0 0 4 0 0]
 [1 0 0 0 0 3 7 0 0]
 [0 0 0 0 5 0 0 0 0]
 [6 0 5 0 0 1 0 0 0]
 [0 3 0 0 0 9 0 0 1]
 [9 0 0 6 0 0 2 5 0]]
Solution:
[[5 7 8 6 9 0 1 4 2]
 [9 6 0 8 7 4 5 0 3]
 [1 4 3 0 5 2 8 9 7]
 [6 2 0 5 1 9 3 7 8]
 [8 9 4 2 0 3 6 5 1]
 [3 1 5 7 0 6 0 2 4]
 [0 3 2 9 8 5 7 1 6]
 [4 5 7 1 6 0 9 3 0]
 [0 8 6 4 3 7 2 0 5]]
Number of cells unfilled: 13
Accuracy: 83.9506172839506
Sample: 15569
Question:
[[0 3 2 8 0 0 0 0 0]
 [0 0 0 0 5 2 0 0 0]
 [1 0 0 0 0 0 0 0 0]
 [0 2 0 0 0 0 0 0 8]
 [4 0 0 9 0 6 0 3 0]
 [5 0 0 0 0 0 0 4 0]
 [3 0 1 2 0 4 5 0 0]
 [0 4 5 0 0 0 0 1 2]
 [0 8 0 0 0 0 0 0 3]]
Solution:
[[5 2 8 6 3 9 1 4 7]
 [9 6 0 8 7 4 5 0 3]
 [1 4 3 0 5 2 0 8 9]
 [6 0 0 5 1 0 3 7 8]
 [8 9 4 2 0 3 6 5 1]
 [3 1 5 7 9 6 0 2 4]
 [0 3 2 9 8 5 7 1 6]
 [4 5 7 1 6 0 9 3 0]
 [0 8 6 4 0 7 2 0 5]]
Number of cells unfilled: 15
Accuracy: 81.48148148148148
Sample: 15570
Question:
[[0 4 2 1 3 0 0 0 5]
 [0 0 5 0 0 0 0 0 4]
 [0 6 0 0 0 0 7 0 0]
 [0 0 0 5 7 0 0 8 2]
 [0 0 0 0 0 0 6 0 0]
 [0 7 8 0 0 0 5 4 0]
 [0 0 0 0 6 0 2 7 0]
 [2 0 0 0 0 4 0 0 0]
 [0 0 7 0 0 0 0 0 8]]
Solution:
[[5 2 8 6 3 9 1 4 7]
 [9 6 0 8 7 4 5 0 3]
 [1 7 3 0 5 2 8 6 9]
 [6 0 0 5 1 0 3 7 8]
 [8 9 4 2 0 3 6 5 1]
 [3 1 5 7 9 6 0 2 4]
 [0 3 2 9 8 5 7 1 6]
 [4 5 7 1 6 0 9 3 0]
 [0 8 6 4 0 7 2 0 5]]
Number of cells unfilled: 14
Accuracy: 82.71604938271605
Sample: 15571
Question:
[[0 9 0 0 5 1 0 4 6]
 [1 6 0 3 0 0 0 0 0]
 [4 0 5 0 9 0 0 0 0]
 [0 0 6 0 0 9 0 0 0]
 [0 0 1 0 0 6 0 2 8]
 [3 0 0 4 0 0 0 0 0]
 [0 0 0 1 4 0 0 3 0]
 [0 0 0 0 0 0 9 0 0]
 [0 0 4 0 0 5 0 0 0]]
Solution:
[[5 2 8 6 3 9 1 4 7]
 [9 6 0 8 7 4 5 0 3]
 [1 7 3 0 5 2 8 6 9]
 [2 0 0 5 1 0 3 7 8]
 [8 9 4 2 0 3 6 5 1]
 [3 1 5 7 9 6 0 2 4]
 [0 3 2 9 8 5 7 1 6]
 [4 5 7 1 6 0 9 3 0]
 [0 8 6 4 0 7 2 0 5]]
Number of cells unfilled: 14
Accuracy: 82.71604938271605
Sample: 15572
Question:
[[2 0 0 0 0 0 0 0 1]
 [0 9 0 0 0 0 8 7 0]
 [0 8 4 7 0 1 0 0 9]
 [0 0 9 0 0 0 1 0 0]
 [0 0 1 6 0 3 4 0 0]
 [7 0 0 0 0 0 0 2 0]
 [0 0 0 0 9 7 0 0 4]
 [4 7 0 2 0 0 0 0 0]
 [0 0 8 0 0 0 0 0 0]]
Solution:
[[5 7 8 6 9 0 1 4 2]
 [9 6 0 8 7 4 5 0 3]
 [1 4 3 0 5 2 8 6 9]
 [6 2 0 5 1 9 3 7 8]
 [8 9 4 2 0 3 6 5 1]
 [3 1 5 7 0 6 0 2 4]
 [0 3 2 9 8 5 7 1 6]
 [4 5 7 1 6 0 9 3 0]
 [0 8 6 4 3 7 2 0 5]]
Number of cells unfilled: 13
Accuracy: 83.9506172839506
Sample: 15573
Question:
[[3 0 0 0 5 0 9 0 0]
 [7 0 0 0 4 0 0 5 0]
 [0 0 0 0 0 0 0 2 0]
 [4 0 2 0 6 5 0 0 8]
 [0 0 0 2 8 0 0 0 0]
 [0 5 0 4 0 9 6 0 0]
 [0 9 0 5 0 6 0 0 0]
 [6 0 4 8 0 0 0 0 0]
 [0 0 0 0 2 0 0 0 0]]
Solution:
[[5 7 8 6 9 0 1 4 2]
 [9 6 0 8 7 4 5 0 3]
 [1 4 3 0 5 2 8 6 9]
 [6 2 0 5 1 9 3 7 8]
 [8 9 4 2 0 3 6 5 1]
 [3 1 5 7 0 6 0 2 4]
 [0 3 2 9 8 5 7 1 6]
 [4 5 7 1 6 0 9 3 0]
 [0 8 6 4 3 7 2 0 5]]
Number of cells unfilled: 13
Accuracy: 83.9506172839506
Sample: 15574
Question:
[[4 5 0 2 6 0 0 0 0]
 [0 0 0 0 7 4 0 0 0]
 [0 0 2 5 0 8 6 0 4]
 [0 6 0 0 0 2 0 0 0]
 [7 0 0 0 4 0 0 0 0]
 [0 8 0 0 0 6 3 0 1]
 [0 0 8 0 0 0 4 2 0]
 [0 0 0 0 8 0 0 0 7]
 [0 0 0 0 0 5 0 0 0]]
Solution:
[[5 2 8 6 3 9 1 4 7]
 [9 6 0 8 7 4 5 0 3]
 [1 4 3 0 5 2 8 6 9]
 [6 0 0 5 1 0 3 7 8]
 [8 9 4 2 0 3 6 5 1]
 [3 1 5 7 9 6 0 2 4]
 [0 3 2 9 8 5 7 1 6]
 [4 5 7 1 6 0 9 3 0]
 [0 8 6 4 0 7 2 0 5]]
Number of cells unfilled: 14
Accuracy: 82.71604938271605
Sample: 15575
Question:
[[6 0 0 1 8 0 0 0 5]
 [3 0 0 0 0 0 0 0 6]
 [0 2 0 0 0 0 4 0 0]
 [0 4 0 0 0 0 0 6 0]
 [0 0 3 0 0 0 2 0 7]
 [5 0 7 2 6 0 0 3 0]
 [0 0 0 0 0 3 0 5 0]
 [0 5 2 4 0 0 0 0 0]
 [7 0 0 0 0 0 0 0 2]]
Solution:
[[5 2 8 6 3 9 1 4 7]
 [9 6 0 8 7 4 5 0 3]
 [1 4 3 0 5 2 8 6 9]
 [6 0 0 5 1 0 3 7 8]
 [8 9 4 2 0 3 6 5 1]
 [3 1 5 7 9 6 0 2 4]
 [0 3 2 9 8 5 7 1 6]
 [4 5 7 1 6 0 9 3 0]
 [0 8 6 4 0 7 2 0 5]]
Number of cells unfilled: 14
Accuracy: 82.71604938271605
Sample: 15576
Question:
[[7 0 5 4 0 0 0 2 0]
 [0 0 0 0 0 3 0 0 9]
 [0 0 0 2 0 0 0 1 0]
 [0 1 0 0 4 0 0 0 0]
 [0 0 0 9 0 0 0 8 0]
 [0 0 3 0 0 0 9 0 4]
 [2 0 9 0 1 0 8 4 0]
 [0 0 0 8 0 9 1 0 2]
 [0 0 0 0 0 0 0 0 3]]
Solution:
[[5 2 8 6 3 9 1 4 7]
 [9 6 0 8 7 4 5 0 3]
 [1 4 3 0 5 2 8 6 9]
 [6 0 0 5 1 0 3 7 8]
 [8 9 4 2 0 3 6 5 1]
 [3 1 5 7 9 6 0 2 4]
 [0 3 2 9 8 5 7 1 6]
 [4 5 7 1 6 0 9 3 0]
 [0 8 6 4 0 7 2 0 5]]
Number of cells unfilled: 14
Accuracy: 82.71604938271605
Sample: 15577
Question:
[[6 0 0 0 0 0 1 0 0]
 [0 9 0 7 0 0 0 0 0]
 [5 0 8 0 0 1 4 0 0]
 [0 0 6 0 4 0 8 0 0]
 [0 0 2 0 0 8 0 1 0]
 [8 0 0 6 1 0 0 5 0]
 [2 0 0 0 0 6 5 0 0]
 [0 0 0 4 0 0 0 0 0]
 [0 0 0 0 5 0 0 3 0]]
Solution:
[[5 7 8 6 9 0 1 4 2]
 [9 6 0 8 7 4 5 0 3]
 [1 4 3 0 5 2 8 6 7]
 [6 2 0 5 1 9 3 7 8]
 [8 9 4 2 0 3 6 5 1]
 [3 1 5 7 0 6 0 2 4]
 [0 3 2 9 8 5 7 1 6]
 [4 5 7 1 6 0 9 3 0]
 [0 8 6 4 3 7 2 0 5]]
Number of cells unfilled: 13
Accuracy: 83.9506172839506
Sample: 15578
Question:
[[0 7 0 0 0 0 0 2 0]
 [0 0 8 0 1 0 0 0 7]
 [0 0 0 7 0 0 4 8 0]
 [9 0 3 0 0 6 7 0 0]
 [0 4 0 0 0 0 0 0 8]
 [0 0 0 0 5 0 3 0 0]
 [6 0 0 0 0 9 0 0 0]
 [0 1 0 2 0 0 0 0 4]
 [5 0 0 0 3 0 0 0 0]]
Solution:
[[5 7 8 6 9 0 1 4 2]
 [9 6 0 8 7 4 5 0 3]
 [1 4 3 0 5 2 0 8 7]
 [6 2 0 5 1 9 3 7 8]
 [8 9 4 2 0 3 6 5 1]
 [3 1 5 7 0 6 0 2 4]
 [0 3 2 9 8 5 7 1 6]
 [4 5 7 1 6 0 9 3 0]
 [0 8 6 4 3 7 2 0 5]]
Number of cells unfilled: 14
Accuracy: 82.71604938271605
Sample: 15579
Question:
[[0 0 3 0 0 0 0 5 0]
 [0 6 0 3 0 8 7 0 0]
 [0 0 2 0 0 0 0 0 0]
 [0 0 6 9 0 2 8 0 0]
 [2 9 0 0 0 3 0 0 1]
 [0 8 0 0 4 0 0 0 0]
 [6 0 0 2 0 9 3 0 0]
 [0 2 0 0 0 0 0 0 7]
 [0 0 0 0 0 7 0 9 0]]
Solution:
[[5 7 8 6 9 0 1 4 2]
 [9 6 0 8 7 4 5 0 3]
 [1 4 3 0 5 2 8 9 7]
 [6 2 0 5 1 9 3 7 8]
 [8 9 4 2 0 3 6 5 1]
 [3 1 5 7 0 6 0 2 4]
 [0 3 2 9 8 5 7 1 6]
 [4 5 7 1 6 0 9 3 0]
 [0 8 6 4 3 7 2 0 5]]
Number of cells unfilled: 13
Accuracy: 83.9506172839506
Sample: 15580
Question:
[[0 0 4 0 0 7 0 8 0]
 [0 0 3 0 1 8 9 7 0]
 [0 0 0 0 0 0 2 0 0]
 [4 7 0 0 0 0 0 9 0]
 [0 0 9 7 0 0 3 0 8]
 [0 0 0 0 0 9 0 0 7]
 [0 0 1 0 0 4 0 3 0]
 [6 0 0 0 8 0 0 0 0]
 [0 0 0 1 0 0 0 0 5]]
Solution:
[[5 2 8 6 3 9 1 4 7]
 [9 6 0 8 7 4 5 0 3]
 [1 7 3 0 5 2 8 6 9]
 [6 0 0 5 1 0 3 7 8]
 [8 9 4 2 0 3 6 5 1]
 [3 1 5 7 9 6 0 2 4]
 [0 3 2 9 8 5 7 1 6]
 [4 5 7 1 6 0 9 3 0]
 [0 8 6 4 0 7 2 0 5]]
Number of cells unfilled: 14
Accuracy: 82.71604938271605
Sample: 15581
Question:
[[0 2 0 3 0 0 7 0 0]
 [0 9 0 0 0 7 0 0 8]
 [0 0 7 0 6 0 0 3 0]
 [0 6 0 7 0 0 0 5 0]
 [0 0 2 0 0 6 8 0 0]
 [1 0 0 9 0 0 0 0 0]
 [0 0 9 0 0 3 2 0 0]
 [0 5 0 0 1 0 0 0 4]
 [0 0 0 4 0 0 0 8 0]]
Solution:
[[5 2 8 6 3 9 1 4 7]
 [9 6 0 8 7 4 5 0 3]
 [1 7 3 0 5 2 0 8 9]
 [2 0 0 5 1 0 3 7 8]
 [8 9 4 2 0 3 6 5 1]
 [3 1 5 7 9 6 0 2 4]
 [0 3 2 9 8 5 7 1 6]
 [4 5 7 1 6 0 9 3 0]
 [0 8 6 4 0 7 2 0 5]]
Number of cells unfilled: 15
Accuracy: 81.48148148148148
Sample: 15582
Question:
[[0 5 0 1 0 0 7 0 0]
 [0 0 7 0 0 0 0 2 0]
 [3 0 0 0 0 7 0 0 8]
 [0 0 0 3 4 0 2 0 0]
 [0 0 3 0 0 9 0 0 5]
 [0 9 0 0 0 0 0 6 0]
 [0 0 5 0 6 0 0 0 0]
 [8 0 4 9 0 0 0 1 0]
 [0 3 0 0 0 8 0 0 4]]
Solution:
[[5 2 8 6 3 9 1 4 7]
 [9 6 0 8 7 4 5 0 3]
 [1 4 3 0 5 2 8 6 9]
 [6 0 0 5 1 0 3 7 8]
 [8 9 4 2 0 3 6 5 1]
 [3 1 5 7 9 6 0 2 4]
 [0 3 2 9 8 5 7 1 6]
 [4 5 7 1 6 0 9 3 0]
 [0 8 6 4 0 7 2 0 5]]
Number of cells unfilled: 14
Accuracy: 82.71604938271605
Sample: 15583
Question:
[[0 7 0 5 0 0 3 0 0]
 [1 0 0 8 0 7 0 0 6]
 [0 0 8 0 4 0 0 7 0]
 [3 0 0 0 6 0 0 0 0]
 [0 0 5 4 0 0 0 6 0]
 [0 2 0 0 0 0 8 0 4]
 [0 0 0 0 5 0 0 0 1]
 [0 0 7 0 0 4 0 9 0]
 [2 0 0 9 0 0 0 0 0]]
Solution:
[[5 7 8 6 9 0 1 4 2]
 [9 6 0 8 7 4 5 0 3]
 [1 4 3 0 5 2 8 6 9]
 [6 2 0 5 1 9 3 7 8]
 [8 9 4 2 0 3 6 5 1]
 [3 1 5 7 0 6 0 2 4]
 [0 3 2 9 8 5 7 1 6]
 [4 5 7 1 6 0 9 3 0]
 [0 8 6 4 3 7 2 0 5]]
Number of cells unfilled: 13
Accuracy: 83.9506172839506
Sample: 15584
Question:
[[2 0 0 0 5 0 0 0 7]
 [0 0 0 0 0 0 0 6 0]
 [0 9 0 6 0 3 0 0 0]
 [0 0 0 9 0 8 0 7 0]
 [0 0 0 0 0 0 0 0 0]
 [0 0 4 0 1 0 2 0 0]
 [0 8 0 0 0 0 0 3 0]
 [0 0 5 0 0 0 0 0 1]
 [1 0 2 0 7 0 0 0 4]]
Solution:
[[5 2 8 6 9 0 1 4 7]
 [9 6 0 8 7 4 5 0 3]
 [1 4 3 0 5 2 8 6 9]
 [2 0 0 5 1 9 3 7 8]
 [8 9 4 2 0 3 6 5 1]
 [3 1 5 7 0 6 0 2 4]
 [0 3 2 9 8 5 7 1 6]
 [4 5 7 1 6 0 9 3 0]
 [0 8 6 4 3 7 2 0 5]]
Number of cells unfilled: 14
Accuracy: 82.71604938271605
Sample: 15585
Question:
[[0 0 5 0 6 0 4 2 0]
 [0 4 0 8 0 5 0 0 0]
 [0 0 0 0 0 4 0 8 0]
 [1 6 0 0 5 0 0 3 0]
 [0 0 3 0 0 0 0 0 0]
 [5 2 0 0 0 0 1 6 0]
 [0 0 0 0 0 9 0 0 8]
 [9 0 0 7 0 0 0 0 0]
 [0 0 2 0 1 0 3 9 0]]
Solution:
[[5 2 8 6 9 0 1 4 7]
 [9 6 0 8 7 4 5 0 3]
 [1 7 3 0 5 2 0 8 9]
 [6 0 0 5 1 9 3 7 8]
 [8 9 4 2 0 3 6 5 1]
 [3 1 5 7 0 6 0 2 4]
 [0 3 2 9 8 5 7 1 6]
 [4 5 7 1 6 0 9 3 0]
 [0 8 6 4 3 7 2 0 5]]
Number of cells unfilled: 15
Accuracy: 81.48148148148148
Sample: 15586
Question:
[[0 0 0 0 0 2 6 7 0]
 [0 9 7 0 1 0 0 0 5]
 [0 0 6 0 8 0 0 0 4]
 [6 0 0 0 0 9 0 0 0]
 [0 3 0 0 0 0 0 0 0]
 [0 0 4 0 5 0 0 0 7]
 [0 0 0 0 0 8 0 0 1]
 [0 0 8 1 0 0 7 4 0]
 [0 0 0 0 7 0 0 5 0]]
Solution:
[[5 7 8 6 9 0 1 4 2]
 [9 6 0 8 7 4 5 0 3]
 [1 4 3 0 5 2 8 9 7]
 [6 2 0 5 1 9 3 7 8]
 [8 9 4 2 0 3 6 5 1]
 [3 1 5 7 0 6 0 2 4]
 [0 3 2 9 8 5 7 1 6]
 [4 5 7 1 6 0 9 3 0]
 [0 8 6 4 3 7 2 0 5]]
Number of cells unfilled: 13
Accuracy: 83.9506172839506
Sample: 15587
Question:
[[0 1 0 0 0 8 0 0 0]
 [5 0 4 2 0 0 0 0 8]
 [0 8 0 0 5 4 0 0 0]
 [8 0 1 0 0 3 0 0 4]
 [0 0 0 0 0 0 0 1 0]
 [0 2 0 0 0 0 6 0 0]
 [2 0 3 0 8 0 0 0 5]
 [0 0 0 0 0 2 0 0 0]
 [0 9 0 3 0 0 0 7 0]]
Solution:
[[5 2 8 6 3 9 1 4 7]
 [9 6 0 8 7 4 5 0 3]
 [1 4 3 0 5 2 8 6 9]
 [2 0 0 5 1 0 3 7 8]
 [8 9 4 2 0 3 6 5 1]
 [3 1 5 7 9 6 0 2 4]
 [0 3 2 9 8 5 7 1 6]
 [4 5 7 1 6 0 9 3 0]
 [0 8 6 4 0 7 2 0 5]]
Number of cells unfilled: 14
Accuracy: 82.71604938271605
Sample: 15588
Question:
[[0 0 1 0 4 0 0 0 5]
 [5 0 0 1 0 0 0 8 0]
 [0 9 0 0 0 7 0 0 0]
 [0 0 3 7 0 0 0 0 2]
 [8 0 0 0 2 0 0 5 0]
 [0 2 0 0 0 0 6 0 0]
 [0 0 0 0 7 0 0 2 0]
 [0 0 4 3 0 0 0 0 1]
 [0 6 0 0 0 9 5 0 0]]
Solution:
[[5 7 8 6 9 0 1 4 2]
 [9 6 0 8 7 4 5 0 3]
 [1 4 3 0 5 2 8 6 9]
 [6 2 0 5 1 9 3 7 8]
 [8 9 4 2 0 3 6 5 1]
 [3 1 5 7 0 6 0 2 4]
 [0 3 2 9 8 5 7 1 6]
 [4 5 7 1 6 0 9 3 0]
 [0 8 6 4 3 7 2 0 5]]
Number of cells unfilled: 13
Accuracy: 83.9506172839506
Sample: 15589
Question:
[[0 6 0 9 0 0 0 0 2]
 [0 5 0 0 4 0 0 9 6]
 [7 0 9 0 0 0 0 4 0]
 [0 2 0 0 6 0 0 0 7]
 [0 0 3 2 8 0 0 0 9]
 [0 0 0 0 3 0 0 0 0]
 [4 0 5 0 0 0 0 0 0]
 [0 0 0 8 5 0 1 0 0]
 [1 7 0 0 0 0 0 2 0]]
Solution:
[[5 2 8 6 3 9 1 4 7]
 [9 6 0 8 7 4 5 0 3]
 [1 7 3 0 5 2 8 6 9]
 [2 0 0 5 1 0 3 7 8]
 [8 9 4 2 0 3 6 5 1]
 [3 1 5 7 9 6 0 2 4]
 [0 3 2 9 8 5 7 1 6]
 [4 5 7 1 6 0 9 3 0]
 [0 8 6 4 0 7 2 0 5]]
Number of cells unfilled: 14
Accuracy: 82.71604938271605
Sample: 15590
Question:
[[0 9 0 0 0 8 0 4 6]
 [0 0 7 0 0 0 0 3 0]
 [0 0 0 0 2 0 0 0 0]
 [6 0 0 0 0 5 2 0 4]
 [0 0 0 0 0 0 0 5 0]
 [0 0 4 0 0 0 0 0 0]
 [0 0 8 7 1 0 6 0 0]
 [3 0 0 4 0 0 9 0 8]
 [1 0 0 0 8 3 0 0 0]]
Solution:
[[5 7 8 6 9 0 1 4 2]
 [9 6 0 8 7 4 5 0 3]
 [1 4 3 0 5 2 8 6 7]
 [6 2 0 5 1 9 3 7 8]
 [8 9 4 2 0 3 6 5 1]
 [3 1 5 7 0 6 0 2 4]
 [0 3 2 9 8 5 7 1 6]
 [4 5 7 1 6 0 9 3 0]
 [0 8 6 4 3 7 2 0 5]]
Number of cells unfilled: 13
Accuracy: 83.9506172839506
Sample: 15591
Question:
[[0 5 7 0 0 4 0 3 8]
 [0 4 0 0 0 8 0 0 1]
 [0 0 0 0 7 0 4 6 0]
 [0 8 0 0 0 1 0 0 3]
 [0 0 9 0 0 0 0 0 0]
 [5 0 0 2 0 0 0 0 0]
 [0 0 0 0 0 6 3 0 0]
 [0 6 0 0 5 0 0 8 0]
 [4 0 0 8 1 0 0 0 6]]
Solution:
[[5 2 8 6 3 9 1 4 7]
 [9 6 0 8 7 4 5 0 3]
 [1 4 3 0 5 2 8 6 9]
 [2 0 0 5 1 0 3 7 8]
 [8 9 4 2 0 3 6 5 1]
 [3 1 5 7 9 6 0 2 4]
 [0 3 2 9 8 5 7 1 6]
 [4 5 7 1 6 0 9 3 0]
 [0 8 6 4 0 7 2 0 5]]
Number of cells unfilled: 14
Accuracy: 82.71604938271605
Sample: 15592
Question:
[[0 0 0 0 0 0 0 0 6]
 [0 3 0 0 6 0 1 9 0]
 [0 0 0 1 0 0 3 5 0]
 [2 0 4 0 0 1 9 0 0]
 [0 1 0 0 7 0 0 0 5]
 [0 9 0 6 0 0 0 0 0]
 [0 8 0 5 0 0 0 0 9]
 [7 0 0 0 8 9 0 1 0]
 [0 0 0 0 0 6 0 8 0]]
Solution:
[[5 7 8 6 9 0 1 4 2]
 [9 6 0 8 7 4 5 0 3]
 [1 4 3 0 5 2 8 6 9]
 [6 2 0 5 1 9 3 7 8]
 [8 9 4 2 0 3 6 5 1]
 [3 1 5 7 0 6 0 2 4]
 [0 3 2 9 8 5 7 1 6]
 [4 5 7 1 6 0 9 3 0]
 [0 8 6 4 3 7 2 0 5]]
Number of cells unfilled: 13
Accuracy: 83.9506172839506
Sample: 15593
Question:
[[0 0 4 0 5 7 0 0 0]
 [1 0 0 0 8 4 0 7 0]
 [0 0 0 1 0 0 0 0 0]
 [0 0 0 0 0 0 2 0 6]
 [0 0 1 4 0 0 0 8 0]
 [9 0 8 5 0 0 0 4 0]
 [3 0 0 0 4 0 0 0 9]
 [4 1 0 0 3 0 0 0 0]
 [0 0 5 8 0 0 0 3 0]]
Solution:
[[5 2 8 6 3 9 1 4 7]
 [9 6 0 8 7 4 5 0 3]
 [1 4 3 0 5 2 8 6 9]
 [6 0 0 5 1 0 3 7 8]
 [8 9 4 2 0 3 6 5 1]
 [3 1 5 7 9 6 0 2 4]
 [0 3 2 9 8 5 7 1 6]
 [4 5 7 1 6 0 9 3 0]
 [0 8 6 4 0 7 2 0 5]]
Number of cells unfilled: 14
Accuracy: 82.71604938271605
Sample: 15594
Question:
[[0 2 0 0 0 0 0 7 0]
 [7 4 0 3 0 0 0 5 0]
 [0 0 8 0 7 0 0 0 4]
 [2 0 0 0 6 0 5 4 0]
 [0 0 0 0 0 0 0 0 2]
 [0 0 5 0 0 0 6 8 0]
 [0 5 0 9 0 1 0 0 0]
 [0 0 2 0 4 0 0 0 0]
 [3 0 4 0 5 0 0 0 8]]
Solution:
[[5 7 8 6 9 0 1 4 2]
 [9 6 0 8 7 4 5 0 3]
 [1 4 3 0 5 2 0 8 9]
 [6 2 0 5 1 9 3 7 8]
 [8 9 4 2 0 3 6 5 1]
 [3 1 5 7 0 6 0 2 4]
 [0 3 2 9 8 5 7 1 6]
 [4 5 7 1 6 0 9 3 0]
 [0 8 6 4 3 7 2 0 5]]
Number of cells unfilled: 14
Accuracy: 82.71604938271605
Sample: 15595
Question:
[[0 7 0 0 5 0 0 9 0]
 [0 0 0 3 0 8 7 0 5]
 [0 0 0 0 0 0 1 0 3]
 [0 6 0 8 0 3 0 0 9]
 [0 5 9 0 7 0 3 0 0]
 [3 0 0 0 0 9 0 0 0]
 [4 0 0 0 0 0 0 0 0]
 [0 3 5 0 8 0 0 0 1]
 [2 0 0 6 0 0 0 0 0]]
Solution:
[[5 2 8 6 9 0 1 4 7]
 [9 6 0 8 7 4 5 0 3]
 [1 4 3 0 5 2 8 6 9]
 [6 0 0 5 1 9 3 7 8]
 [8 9 4 2 0 3 6 5 1]
 [3 1 5 7 0 6 0 2 4]
 [0 3 2 9 8 5 7 1 6]
 [4 5 7 1 6 0 9 3 0]
 [0 8 6 4 3 7 2 0 5]]
Number of cells unfilled: 14
Accuracy: 82.71604938271605
Sample: 15596
Question:
[[0 0 8 0 0 0 0 5 0]
 [6 7 0 0 3 0 0 0 8]
 [0 1 0 6 0 2 4 0 0]
 [0 9 7 0 0 0 0 0 0]
 [0 0 0 0 0 3 0 8 0]
 [5 0 0 0 1 9 0 0 0]
 [0 0 0 0 2 0 8 0 9]
 [0 0 0 0 5 1 3 7 2]
 [0 0 0 4 0 0 0 1 0]]
Solution:
[[5 7 8 6 9 0 1 4 2]
 [9 6 0 8 7 4 5 0 3]
 [1 4 3 0 5 2 8 6 7]
 [6 2 0 5 1 9 3 7 8]
 [8 9 4 2 0 3 6 5 1]
 [3 1 5 7 0 6 0 2 4]
 [0 3 2 9 8 5 7 1 6]
 [4 5 7 1 6 0 9 3 0]
 [0 8 6 4 3 7 2 0 5]]
Number of cells unfilled: 13
Accuracy: 83.9506172839506
Sample: 15597
Question:
[[9 0 0 4 0 0 0 0 0]
 [0 5 0 0 6 0 0 0 8]
 [0 0 1 0 0 7 0 2 0]
 [0 2 0 0 3 0 0 5 0]
 [0 0 9 0 0 0 8 0 0]
 [0 0 0 0 0 1 0 0 2]
 [0 9 5 0 0 0 0 8 6]
 [0 3 6 0 5 0 2 0 0]
 [7 0 0 0 0 0 0 3 5]]
Solution:
[[5 7 8 6 9 0 1 4 2]
 [9 6 0 8 7 4 5 0 3]
 [1 4 3 0 5 2 8 9 7]
 [6 2 0 5 1 9 3 7 8]
 [8 9 4 2 0 3 6 5 1]
 [3 1 5 7 0 6 0 2 4]
 [0 3 2 9 8 5 7 1 6]
 [4 5 7 1 6 0 9 3 0]
 [0 8 6 4 3 7 2 0 5]]
Number of cells unfilled: 13
Accuracy: 83.9506172839506
Sample: 15598
Question:
[[1 0 0 0 2 0 7 0 5]
 [0 0 0 0 0 0 0 0 0]
 [0 6 7 0 0 0 0 0 0]
 [5 0 0 0 4 0 2 0 0]
 [0 7 4 0 0 3 0 9 0]
 [0 0 0 7 0 0 0 0 6]
 [0 0 0 0 6 0 0 2 1]
 [0 0 0 0 1 7 5 4 0]
 [0 0 0 0 9 4 0 8 0]]
Solution:
[[5 2 8 6 3 9 1 4 7]
 [9 6 0 8 7 4 5 0 3]
 [1 4 3 0 5 2 8 6 9]
 [2 0 0 5 1 0 3 7 8]
 [8 9 4 2 0 3 6 5 1]
 [3 1 5 7 9 6 0 2 4]
 [0 3 2 9 8 5 7 1 6]
 [4 5 7 1 6 0 9 3 0]
 [0 8 6 4 0 7 2 0 5]]
Number of cells unfilled: 14
Accuracy: 82.71604938271605
Sample: 15599
Question:
[[0 0 0 0 0 3 7 0 0]
 [9 7 0 0 8 0 0 6 0]
 [0 1 5 0 0 0 0 0 8]
 [1 9 0 0 6 0 8 0 0]
 [0 0 8 2 0 0 0 1 0]
 [0 0 0 0 0 0 0 9 6]
 [0 0 0 0 0 8 0 0 0]
 [0 0 0 4 0 0 0 0 0]
 [6 8 0 0 7 0 0 0 9]]
Solution:
[[5 7 8 6 9 0 1 4 2]
 [9 6 0 8 7 4 5 0 3]
 [1 4 3 0 5 2 8 6 9]
 [6 2 0 5 1 9 3 7 8]
 [8 9 4 2 0 3 6 5 1]
 [3 1 5 7 0 6 0 2 4]
 [0 3 2 9 8 5 7 1 6]
 [4 5 7 1 6 0 9 3 0]
 [0 8 6 4 3 7 2 0 5]]
Number of cells unfilled: 13
Accuracy: 83.9506172839506
Sample: 15600
Question:
[[0 0 0 6 0 0 1 0 0]
 [9 6 0 0 7 0 0 0 0]
 [0 0 3 0 0 2 0 0 0]
 [0 0 0 0 0 0 0 0 8]
 [0 0 4 0 0 3 6 5 0]
 [0 0 5 0 0 6 0 2 4]
 [0 3 0 0 0 5 0 0 6]
 [4 5 0 0 0 0 0 3 0]
 [0 0 6 0 0 0 2 0 0]]
Solution:
[[5 2 8 6 9 0 1 4 7]
 [9 6 0 8 7 4 5 0 3]
 [1 7 3 0 5 2 8 6 9]
 [6 0 0 5 1 9 3 7 8]
 [8 9 4 2 0 3 6 5 1]
 [3 1 5 7 0 6 0 2 4]
 [0 3 2 9 8 5 7 1 6]
 [4 5 7 1 6 0 9 3 0]
 [0 8 6 4 3 7 2 0 5]]
Number of cells unfilled: 14
Accuracy: 82.71604938271605
