2025-10-22 13:49:55.552337: I tensorflow/core/util/port.cc:153] oneDNN custom operations are on. You may see slightly different numerical results due to floating-point round-off errors from different computation orders. To turn them off, set the environment variable `TF_ENABLE_ONEDNN_OPTS=0`.
2025-10-22 13:49:56.035516: I tensorflow/core/platform/cpu_feature_guard.cc:210] This TensorFlow binary is optimized to use available CPU instructions in performance-critical operations.
To enable the following instructions: AVX2 AVX512F AVX512_VNNI FMA, in other operations, rebuild TensorFlow with the appropriate compiler flags.
2025-10-22 13:50:01.078789: I tensorflow/core/util/port.cc:153] oneDNN custom operations are on. You may see slightly different numerical results due to floating-point round-off errors from different computation orders. To turn them off, set the environment variable `TF_ENABLE_ONEDNN_OPTS=0`.
2025-10-22 13:50:07.200889: E external/local_xla/xla/stream_executor/cuda/cuda_platform.cc:51] failed call to cuInit: INTERNAL: CUDA error: Failed call to cuInit: UNKNOWN ERROR (303)
Sample: 16701
Question:
[[0 0 9 0 0 0 0 0 0]
 [0 0 0 8 0 0 0 6 9]
 [0 0 0 2 0 0 0 4 0]
 [9 0 7 0 0 0 0 2 0]
 [0 0 2 0 8 7 9 1 0]
 [8 1 0 0 0 0 0 0 3]
 [7 0 0 3 9 0 2 8 0]
 [0 0 0 0 1 2 0 0 0]
 [3 0 0 0 0 0 0 0 1]]
Solution:
[[4 8 3 0 5 7 9 2 0]
 [0 2 5 9 6 8 4 7 3]
 [1 0 9 4 2 3 8 0 6]
 [5 4 1 6 7 0 3 9 2]
 [2 7 0 5 9 4 6 1 8]
 [9 3 6 8 1 2 7 4 5]
 [0 9 7 2 8 5 0 3 1]
 [6 5 2 1 3 9 0 8 4]
 [3 1 4 7 0 6 2 5 9]]
Number of cells unfilled: 11
Accuracy: 86.41975308641975
Sample: 16702
Question:
[[0 0 9 0 0 0 0 0 2]
 [1 4 0 0 6 0 3 0 0]
 [0 0 2 1 0 9 0 6 4]
 [0 6 0 4 0 0 0 0 0]
 [3 2 0 0 0 0 4 0 0]
 [9 0 0 0 3 0 0 2 1]
 [0 0 0 0 2 6 0 0 8]
 [0 0 0 0 0 0 0 0 0]
 [0 0 0 0 1 0 6 0 7]]
Solution:
[[4 8 3 0 5 1 9 2 0]
 [0 2 5 9 6 8 1 7 3]
 [1 7 9 4 2 3 5 8 6]
 [5 4 1 6 7 0 3 9 2]
 [2 0 0 5 9 4 6 1 8]
 [9 3 6 8 1 2 7 4 5]
 [6 9 7 2 8 5 0 3 1]
 [8 5 2 1 3 9 0 6 4]
 [3 1 4 7 0 6 2 5 9]]
Number of cells unfilled: 9
Accuracy: 88.88888888888889
Sample: 16703
Question:
[[0 0 9 0 0 0 0 3 0]
 [8 0 0 0 0 3 0 0 0]
 [6 0 0 5 4 0 0 0 8]
 [5 0 0 0 2 9 0 0 4]
 [0 0 0 0 0 0 0 0 0]
 [0 0 0 0 1 0 9 0 5]
 [0 0 8 0 3 0 6 4 0]
 [9 6 0 0 5 0 0 0 0]
 [4 0 3 0 0 8 0 0 9]]
Solution:
[[4 8 3 0 5 7 9 2 0]
 [0 2 5 9 6 8 1 7 3]
 [1 0 9 4 2 3 8 0 6]
 [5 4 1 6 7 0 3 9 2]
 [2 7 0 5 9 4 6 1 8]
 [9 3 6 8 1 2 7 4 5]
 [0 9 7 2 8 5 0 3 1]
 [6 5 2 1 3 9 0 8 4]
 [3 1 4 7 0 6 2 5 9]]
Number of cells unfilled: 11
Accuracy: 86.41975308641975
Sample: 16704
Question:
[[0 0 9 0 0 0 1 0 3]
 [0 1 0 0 0 0 0 0 2]
 [0 0 0 0 0 0 4 0 0]
 [6 4 0 0 1 0 0 0 0]
 [0 0 0 5 4 0 6 0 0]
 [0 0 5 7 0 0 0 0 9]
 [0 0 0 9 6 0 5 0 0]
 [0 0 0 1 0 7 0 0 4]
 [9 7 0 0 0 4 0 1 6]]
Solution:
[[4 8 3 0 5 1 9 2 0]
 [0 2 5 9 6 8 4 7 3]
 [1 0 9 4 2 3 5 8 6]
 [5 4 1 6 7 0 3 9 2]
 [2 7 0 5 9 4 6 1 8]
 [9 3 6 8 1 2 7 4 5]
 [6 9 7 2 8 5 0 3 1]
 [8 5 2 1 3 9 0 6 4]
 [3 1 4 7 0 6 8 5 9]]
Number of cells unfilled: 9
Accuracy: 88.88888888888889
Sample: 16705
Question:
[[0 0 9 0 5 0 2 7 0]
 [0 8 2 3 0 7 0 0 9]
 [0 0 0 0 0 0 3 0 8]
 [0 0 7 0 0 0 0 0 2]
 [0 0 0 0 7 3 5 0 0]
 [5 0 0 9 0 2 8 0 0]
 [2 0 0 0 0 1 9 0 0]
 [9 3 0 0 0 6 0 0 0]
 [0 0 0 0 0 0 0 0 0]]
Solution:
[[4 8 3 5 0 1 9 2 0]
 [0 2 5 9 6 8 1 7 3]
 [1 0 9 4 2 3 5 8 6]
 [5 4 1 6 7 0 3 9 2]
 [2 7 0 3 9 4 6 1 8]
 [9 3 6 8 1 2 7 4 5]
 [6 9 7 2 8 5 0 3 1]
 [0 5 2 1 3 9 8 6 4]
 [8 1 4 7 0 6 2 5 9]]
Number of cells unfilled: 9
Accuracy: 88.88888888888889
Sample: 16706
Question:
[[0 0 9 1 0 0 0 0 0]
 [0 7 0 0 0 3 0 6 0]
 [0 5 0 0 0 6 7 1 0]
 [3 0 1 8 0 4 0 5 0]
 [5 0 0 0 0 0 9 0 0]
 [0 0 7 0 0 0 0 3 0]
 [9 0 6 0 0 0 1 0 3]
 [0 0 0 0 3 0 0 7 6]
 [0 0 0 0 0 0 5 0 0]]
Solution:
[[4 8 3 0 5 1 9 2 0]
 [0 2 5 9 6 8 4 7 3]
 [1 0 9 4 2 3 5 8 6]
 [5 4 1 6 7 0 3 9 2]
 [2 7 0 5 9 4 6 1 8]
 [9 3 6 8 1 2 7 4 5]
 [6 9 7 2 8 5 0 3 1]
 [8 5 2 1 3 9 0 6 4]
 [3 1 4 7 0 6 8 5 9]]
Number of cells unfilled: 9
Accuracy: 88.88888888888889
Sample: 16707
Question:
[[0 0 9 3 0 5 7 0 0]
 [0 8 0 0 1 0 0 0 0]
 [7 5 0 0 8 0 0 3 1]
 [0 0 0 0 0 7 0 5 8]
 [0 0 5 9 0 8 0 0 0]
 [0 3 0 1 0 0 9 7 0]
 [0 0 8 0 0 0 0 0 0]
 [0 4 0 0 0 0 0 0 7]
 [0 2 0 0 0 0 3 0 0]]
Solution:
[[4 8 3 5 0 1 9 2 0]
 [0 2 5 9 6 8 1 7 3]
 [1 0 9 4 2 3 5 0 6]
 [5 4 1 6 7 0 3 9 2]
 [2 7 0 3 9 4 6 1 8]
 [9 3 6 8 1 2 7 4 5]
 [6 9 7 2 8 5 0 3 1]
 [0 5 2 1 3 9 0 8 4]
 [3 1 4 7 0 6 2 5 9]]
Number of cells unfilled: 11
Accuracy: 86.41975308641975
Sample: 16708
Question:
[[0 1 0 0 0 0 0 0 5]
 [3 0 2 0 0 0 0 1 6]
 [0 0 0 0 0 0 7 3 0]
 [6 0 0 0 9 8 5 0 0]
 [7 0 0 0 0 0 1 0 0]
 [0 0 5 0 0 1 0 0 2]
 [0 5 0 0 3 0 6 0 7]
 [0 7 0 0 1 0 3 0 0]
 [2 0 0 0 0 6 0 0 0]]
Solution:
[[4 8 3 5 0 1 9 2 0]
 [0 2 5 9 6 8 4 7 3]
 [1 7 9 4 2 3 5 8 6]
 [5 4 1 6 7 0 3 9 2]
 [2 0 0 3 9 4 6 1 8]
 [9 3 6 8 1 2 7 4 5]
 [6 9 7 2 8 5 0 3 1]
 [8 5 2 1 3 9 0 6 4]
 [3 1 4 7 0 6 8 5 9]]
Number of cells unfilled: 9
Accuracy: 88.88888888888889
Sample: 16709
Question:
[[0 1 0 0 0 0 0 3 8]
 [0 2 9 8 3 0 0 0 0]
 [0 0 0 5 0 0 0 2 0]
 [1 5 0 0 8 2 0 0 0]
 [0 0 8 3 0 5 2 0 0]
 [0 0 0 0 9 0 0 0 0]
 [0 3 0 2 0 0 0 0 0]
 [9 0 0 0 1 0 0 0 0]
 [0 8 0 9 0 0 0 4 6]]
Solution:
[[4 8 3 0 5 1 9 2 0]
 [0 2 5 9 6 8 4 7 3]
 [1 0 9 4 2 3 5 8 6]
 [5 4 1 6 7 0 3 9 2]
 [2 7 0 5 9 4 6 1 8]
 [9 3 6 8 1 2 7 4 5]
 [6 9 7 2 8 5 0 3 1]
 [8 5 2 1 3 9 0 6 4]
 [3 1 4 7 0 6 2 5 9]]
Number of cells unfilled: 9
Accuracy: 88.88888888888889
Sample: 16710
Question:
[[0 1 0 0 2 4 0 0 0]
 [0 7 0 5 0 6 0 4 0]
 [5 0 0 0 0 0 0 0 0]
 [0 0 1 7 0 0 0 3 9]
 [0 6 0 0 0 1 4 2 0]
 [0 0 2 4 0 0 0 0 0]
 [0 2 0 6 0 0 0 7 0]
 [0 0 5 0 0 0 0 0 2]
 [0 4 7 0 1 0 0 0 0]]
Solution:
[[4 8 3 5 0 1 9 2 0]
 [0 2 5 9 6 8 4 7 3]
 [1 7 9 4 2 3 5 8 6]
 [5 4 1 6 7 0 3 9 2]
 [2 0 0 3 9 4 6 1 8]
 [9 3 6 8 1 2 7 4 5]
 [6 9 7 2 8 5 0 3 1]
 [8 5 2 1 3 9 0 6 4]
 [3 1 4 7 0 6 8 5 9]]
Number of cells unfilled: 9
Accuracy: 88.88888888888889
Sample: 16711
Question:
[[0 1 0 0 8 0 2 3 0]
 [0 4 0 0 9 0 0 0 0]
 [8 0 0 0 0 6 0 0 0]
 [1 0 0 0 7 0 0 9 0]
 [0 0 8 0 1 4 0 0 0]
 [0 6 0 0 0 0 1 4 0]
 [6 7 0 0 0 1 0 0 0]
 [0 0 9 0 0 8 0 0 0]
 [0 0 0 7 4 0 0 0 9]]
Solution:
[[4 8 3 5 0 7 9 2 0]
 [0 2 5 9 6 8 1 7 3]
 [1 7 9 4 2 3 5 8 6]
 [5 4 1 6 7 0 3 9 2]
 [2 0 0 3 9 4 6 1 8]
 [9 3 6 8 1 2 7 4 5]
 [6 9 7 2 8 5 0 3 1]
 [8 5 2 1 3 9 0 6 4]
 [3 1 4 7 0 6 8 5 9]]
Number of cells unfilled: 9
Accuracy: 88.88888888888889
Sample: 16712
Question:
[[0 1 0 5 6 0 3 0 0]
 [0 3 0 0 0 2 0 0 0]
 [0 0 4 0 0 0 0 0 2]
 [0 6 0 7 0 4 5 0 0]
 [0 0 0 8 0 0 6 4 0]
 [0 0 0 0 0 0 0 0 0]
 [0 5 2 0 0 3 0 0 0]
 [1 4 0 6 0 0 0 0 0]
 [6 0 0 2 4 0 0 1 5]]
Solution:
[[4 8 3 5 0 1 9 2 0]
 [0 2 5 9 6 8 4 7 3]
 [1 0 9 4 2 3 8 0 6]
 [5 4 1 6 7 0 3 9 2]
 [2 7 0 3 9 4 6 1 8]
 [9 3 6 8 1 2 7 4 5]
 [6 9 7 2 8 5 0 3 1]
 [0 5 2 1 3 9 0 8 4]
 [3 1 4 7 0 6 2 5 9]]
Number of cells unfilled: 11
Accuracy: 86.41975308641975
Sample: 16713
Question:
[[0 1 3 0 4 7 0 0 0]
 [0 0 2 1 0 0 0 0 0]
 [8 4 0 0 0 0 0 0 0]
 [3 0 8 2 0 0 0 0 0]
 [0 0 1 0 7 0 8 3 0]
 [4 0 0 0 0 3 1 0 0]
 [0 0 0 0 8 0 0 0 0]
 [0 0 7 0 0 2 0 1 0]
 [2 0 0 0 3 0 9 6 0]]
Solution:
[[4 8 3 5 0 7 9 2 0]
 [0 2 5 9 6 8 4 7 3]
 [1 0 9 4 2 3 5 8 6]
 [5 4 1 6 7 0 3 9 2]
 [2 7 0 3 9 4 6 1 8]
 [9 3 6 8 1 2 7 4 5]
 [6 9 7 2 8 5 0 3 1]
 [8 5 2 1 3 9 0 6 4]
 [3 1 4 7 0 6 8 5 9]]
Number of cells unfilled: 9
Accuracy: 88.88888888888889
Sample: 16714
Question:
[[0 1 6 0 9 0 0 0 0]
 [0 0 4 1 5 0 0 0 6]
 [0 0 0 0 0 0 0 0 0]
 [6 0 0 2 0 0 0 3 4]
 [4 7 0 0 3 1 0 0 0]
 [0 0 0 0 0 0 7 0 1]
 [3 0 0 0 0 0 0 1 0]
 [0 0 0 3 0 0 0 6 2]
 [0 0 2 0 4 6 0 0 7]]
Solution:
[[4 8 3 0 5 7 9 2 0]
 [0 2 5 9 6 8 4 7 3]
 [1 0 9 4 2 3 5 8 6]
 [5 4 1 6 7 0 3 9 2]
 [2 7 0 5 9 4 6 1 8]
 [9 3 6 8 1 2 7 4 5]
 [6 9 7 2 8 5 0 3 1]
 [8 5 2 1 3 9 0 6 4]
 [3 1 4 7 0 6 2 5 9]]
Number of cells unfilled: 9
Accuracy: 88.88888888888889
Sample: 16715
Question:
[[0 2 0 0 5 0 0 1 0]
 [0 0 3 0 0 0 0 5 9]
 [0 0 0 3 0 9 0 0 4]
 [0 0 9 0 0 0 0 0 0]
 [0 8 0 0 0 4 0 0 0]
 [0 6 4 0 2 0 0 0 0]
 [0 0 0 0 0 0 1 4 0]
 [0 3 0 2 0 1 9 0 0]
 [0 0 5 9 4 0 0 2 3]]
Solution:
[[4 8 3 5 0 1 9 2 0]
 [0 2 5 9 6 8 4 7 3]
 [1 7 9 4 2 3 5 8 6]
 [5 4 1 6 7 0 3 9 2]
 [2 0 0 3 9 4 6 1 8]
 [9 3 6 8 1 2 7 4 5]
 [6 9 7 2 8 5 0 3 1]
 [8 5 2 1 3 9 0 6 4]
 [3 1 4 7 0 6 8 5 9]]
Number of cells unfilled: 9
Accuracy: 88.88888888888889
Sample: 16716
Question:
[[0 2 0 0 8 0 0 7 0]
 [0 0 0 6 0 0 0 0 0]
 [9 6 0 2 0 0 1 0 3]
 [0 0 0 0 0 4 0 0 0]
 [4 8 0 0 9 6 7 0 0]
 [0 7 6 0 2 0 0 0 0]
 [8 0 0 0 0 0 9 0 0]
 [0 0 2 9 7 0 0 0 0]
 [0 0 7 4 0 0 0 0 6]]
Solution:
[[4 8 3 5 0 1 9 2 0]
 [0 2 5 9 6 8 4 7 3]
 [1 0 9 4 2 3 5 0 6]
 [5 4 1 6 7 0 3 9 2]
 [2 7 0 3 9 4 6 1 8]
 [9 3 6 8 1 2 7 4 5]
 [6 9 7 2 8 5 0 3 1]
 [0 5 2 1 3 9 0 8 4]
 [8 1 4 7 0 6 2 5 9]]
Number of cells unfilled: 11
Accuracy: 86.41975308641975
Sample: 16717
Question:
[[0 2 0 8 0 0 0 0 0]
 [1 0 0 0 0 0 8 0 0]
 [0 9 0 0 4 3 1 2 0]
 [0 0 9 0 0 4 0 0 0]
 [2 0 0 0 1 8 3 0 9]
 [8 3 0 2 0 0 0 1 0]
 [0 0 0 0 0 5 0 4 1]
 [0 0 0 0 0 0 0 0 0]
 [0 4 0 0 0 6 0 3 0]]
Solution:
[[4 8 3 0 5 1 9 2 0]
 [0 2 5 9 6 8 4 7 3]
 [1 0 9 4 2 3 5 8 6]
 [5 4 1 6 7 0 3 9 2]
 [2 7 0 5 9 4 6 1 8]
 [9 3 6 8 1 2 7 4 5]
 [6 9 7 2 8 5 0 3 1]
 [8 5 2 1 3 9 0 6 4]
 [3 1 4 7 0 6 8 5 9]]
Number of cells unfilled: 9
Accuracy: 88.88888888888889
Sample: 16718
Question:
[[0 2 1 0 0 5 3 0 8]
 [0 0 0 0 0 3 0 0 7]
 [0 0 0 4 0 0 5 0 0]
 [0 0 0 8 3 0 4 0 9]
 [3 0 0 0 9 7 0 0 0]
 [0 0 0 5 0 0 0 0 0]
 [0 3 0 0 0 9 8 0 0]
 [0 7 8 0 0 0 0 0 4]
 [0 0 0 7 0 8 0 5 0]]
Solution:
[[4 8 3 5 0 7 9 2 0]
 [0 2 5 9 6 8 1 7 3]
 [1 0 9 4 2 3 5 0 6]
 [5 4 1 6 7 0 3 9 2]
 [2 7 0 3 9 4 6 1 8]
 [9 3 6 8 1 2 7 4 5]
 [6 9 7 2 8 5 0 3 1]
 [0 5 2 1 3 9 0 8 4]
 [8 1 4 7 0 6 2 5 9]]
Number of cells unfilled: 11
Accuracy: 86.41975308641975
Sample: 16719
Question:
[[0 2 3 0 4 6 5 0 0]
 [0 0 7 2 0 0 0 0 0]
 [5 4 0 0 0 0 0 0 2]
 [7 0 0 0 3 0 1 8 0]
 [0 0 0 0 5 0 0 0 0]
 [0 0 6 0 0 7 2 0 5]
 [0 0 2 0 6 0 3 0 0]
 [3 0 5 7 2 0 0 0 0]
 [4 0 0 0 0 0 0 0 0]]
Solution:
[[4 8 3 5 0 7 9 2 0]
 [0 2 5 9 6 8 1 7 3]
 [1 0 9 4 2 3 5 8 6]
 [5 4 1 6 7 0 3 9 2]
 [2 7 0 3 9 4 6 1 8]
 [9 3 6 8 1 2 7 4 5]
 [6 9 7 2 8 5 0 3 1]
 [0 5 2 1 3 9 8 6 4]
 [8 1 4 7 0 6 2 5 9]]
Number of cells unfilled: 9
Accuracy: 88.88888888888889
Sample: 16720
Question:
[[0 2 5 8 1 0 3 0 0]
 [6 0 0 0 7 0 0 0 5]
 [0 0 7 0 0 0 2 0 0]
 [3 0 0 0 2 0 9 0 6]
 [0 9 0 0 0 0 0 0 0]
 [5 0 6 0 0 0 0 7 0]
 [0 0 3 0 0 0 0 5 0]
 [0 0 9 7 0 0 0 0 0]
 [7 0 0 2 3 0 6 0 0]]
Solution:
[[4 8 3 0 5 1 9 2 0]
 [0 2 5 9 6 8 1 7 3]
 [1 0 9 4 2 3 5 8 6]
 [5 4 1 6 7 0 3 9 2]
 [2 7 0 5 9 4 6 1 8]
 [9 3 6 8 1 2 7 4 5]
 [6 9 7 2 8 5 0 3 1]
 [8 5 2 1 3 9 0 6 4]
 [3 1 4 7 0 6 2 5 9]]
Number of cells unfilled: 9
Accuracy: 88.88888888888889
Sample: 16721
Question:
[[0 3 0 0 0 7 0 0 0]
 [0 0 0 9 0 0 3 0 0]
 [0 6 0 0 0 1 0 4 0]
 [6 1 0 0 0 0 0 0 0]
 [4 0 3 6 9 0 0 0 0]
 [0 0 7 0 1 4 0 0 0]
 [1 7 0 3 4 0 8 2 0]
 [0 0 9 0 7 0 0 0 1]
 [0 4 0 0 0 0 0 0 0]]
Solution:
[[4 8 3 0 5 1 9 2 0]
 [0 2 5 9 6 8 4 7 3]
 [1 0 9 4 2 3 5 0 6]
 [5 4 1 6 7 0 3 9 2]
 [2 7 0 5 9 4 6 1 8]
 [9 3 6 8 1 2 7 4 5]
 [0 9 7 2 8 5 0 3 1]
 [6 5 2 1 3 9 0 8 4]
 [8 1 4 7 0 6 2 5 9]]
Number of cells unfilled: 11
Accuracy: 86.41975308641975
Sample: 16722
Question:
[[0 3 0 0 7 1 9 0 6]
 [0 0 0 0 0 0 1 5 0]
 [6 0 0 5 9 0 0 0 0]
 [0 0 0 0 6 0 0 0 0]
 [0 6 0 0 0 0 3 0 7]
 [9 0 7 0 1 3 5 0 0]
 [4 0 0 0 0 0 0 0 0]
 [0 7 0 0 0 0 0 1 0]
 [8 1 0 0 0 9 7 0 0]]
Solution:
[[4 8 3 5 0 7 1 2 0]
 [0 2 5 9 6 8 4 7 3]
 [1 0 9 4 2 3 8 0 6]
 [5 4 1 6 7 0 3 9 2]
 [2 7 0 3 9 4 6 1 8]
 [9 3 6 8 1 2 7 4 5]
 [0 9 7 2 8 5 0 3 1]
 [6 5 2 1 3 9 0 8 4]
 [8 1 4 7 0 6 2 5 9]]
Number of cells unfilled: 11
Accuracy: 86.41975308641975
Sample: 16723
Question:
[[0 3 0 2 0 4 0 0 0]
 [0 0 0 6 0 0 2 0 3]
 [7 0 0 0 0 8 0 4 6]
 [1 6 0 0 0 0 0 7 0]
 [0 2 0 0 6 0 0 0 0]
 [9 0 0 0 0 0 0 0 0]
 [0 4 0 3 0 7 0 0 2]
 [3 0 6 0 2 0 8 0 7]
 [0 0 0 0 8 0 0 0 0]]
Solution:
[[4 8 3 0 5 7 9 2 0]
 [0 2 5 9 6 8 4 7 3]
 [1 7 9 4 2 3 5 0 6]
 [5 4 1 6 7 0 3 8 2]
 [2 0 8 5 9 4 6 1 0]
 [9 3 6 8 1 2 7 4 5]
 [6 9 7 2 8 5 0 3 1]
 [8 5 2 1 3 9 0 6 4]
 [3 1 4 7 0 6 8 5 9]]
Number of cells unfilled: 10
Accuracy: 87.65432098765432
Sample: 16724
Question:
[[0 3 7 6 0 5 1 0 0]
 [0 0 1 0 0 0 6 3 0]
 [9 0 0 0 0 0 0 5 7]
 [3 0 2 0 5 0 0 0 0]
 [0 0 0 0 0 0 0 0 0]
 [0 0 4 3 1 0 0 0 0]
 [0 1 5 0 9 0 0 6 0]
 [7 0 0 0 0 0 0 9 1]
 [0 0 0 0 0 7 0 0 3]]
Solution:
[[4 8 3 5 0 7 1 2 0]
 [0 2 5 9 6 8 4 7 3]
 [1 0 9 4 2 3 5 8 6]
 [5 4 1 6 7 0 3 9 2]
 [2 7 0 3 9 4 6 1 8]
 [9 3 6 8 1 2 7 4 5]
 [6 9 7 2 8 5 0 3 1]
 [8 5 2 1 3 9 0 6 4]
 [3 1 4 7 0 6 2 5 9]]
Number of cells unfilled: 9
Accuracy: 88.88888888888889
Sample: 16725
Question:
[[0 4 0 0 0 0 0 6 0]
 [0 9 5 0 6 0 0 2 8]
 [0 0 8 0 0 5 0 0 0]
 [9 0 0 0 0 0 4 0 5]
 [0 0 0 6 9 0 0 0 2]
 [8 0 0 5 0 0 0 0 0]
 [0 2 0 0 0 0 0 4 0]
 [4 0 6 3 1 0 0 0 9]
 [5 0 0 0 0 0 0 0 6]]
Solution:
[[4 8 3 0 5 7 9 2 0]
 [0 2 5 9 6 8 1 7 3]
 [1 0 9 4 2 3 8 0 6]
 [5 4 1 6 7 0 3 9 2]
 [2 7 0 5 9 4 6 1 8]
 [9 3 6 8 1 2 7 4 5]
 [6 9 7 2 8 5 0 3 1]
 [0 5 2 1 3 9 0 8 4]
 [8 1 4 7 0 6 2 5 9]]
Number of cells unfilled: 11
Accuracy: 86.41975308641975
Sample: 16726
Question:
[[0 4 0 0 9 0 0 0 0]
 [0 0 0 8 0 1 4 0 0]
 [7 0 8 4 6 0 0 1 0]
 [0 0 0 0 0 8 0 0 0]
 [0 9 4 0 0 6 0 0 0]
 [0 0 7 0 4 0 0 6 1]
 [0 0 1 0 0 0 0 0 0]
 [9 0 0 0 7 0 0 4 0]
 [0 0 6 1 0 9 0 2 3]]
Solution:
[[4 8 3 0 5 1 9 2 0]
 [0 2 5 9 6 8 4 7 3]
 [1 0 9 4 2 3 8 0 6]
 [5 4 1 6 7 0 3 9 2]
 [2 7 0 5 9 4 6 1 8]
 [9 3 6 8 1 2 7 4 5]
 [6 9 7 2 8 5 0 3 1]
 [0 5 2 1 3 9 0 8 4]
 [8 1 4 7 0 6 2 5 9]]
Number of cells unfilled: 11
Accuracy: 86.41975308641975
Sample: 16727
Question:
[[0 4 1 0 0 7 9 0 3]
 [2 0 0 4 9 0 0 0 0]
 [0 7 0 0 0 3 0 0 0]
 [7 0 0 0 0 1 0 0 0]
 [0 8 0 0 0 0 0 9 0]
 [0 5 0 0 0 0 0 0 1]
 [4 0 0 0 2 0 0 0 0]
 [0 9 7 0 3 0 0 2 0]
 [0 0 0 1 0 0 4 0 7]]
Solution:
[[4 8 3 5 0 7 9 2 0]
 [0 2 5 9 6 8 1 7 3]
 [1 0 9 4 2 3 5 0 6]
 [5 4 1 6 7 0 3 9 2]
 [2 7 0 3 9 4 6 1 8]
 [9 3 6 8 1 2 7 4 5]
 [0 9 7 2 8 5 0 3 1]
 [6 5 2 1 3 9 0 8 4]
 [3 1 4 7 0 6 2 5 9]]
Number of cells unfilled: 11
Accuracy: 86.41975308641975
Sample: 16728
Question:
[[0 5 0 0 0 0 0 2 6]
 [0 3 2 0 6 0 0 0 8]
 [0 0 0 0 0 0 0 0 0]
 [6 8 0 0 7 0 0 0 4]
 [0 0 0 2 0 0 9 0 0]
 [0 0 9 6 4 0 0 0 0]
 [2 9 0 0 0 0 8 7 0]
 [0 0 4 9 8 0 6 0 2]
 [0 0 0 0 0 7 0 0 0]]
Solution:
[[4 8 3 5 0 7 9 2 0]
 [0 2 5 9 6 8 4 7 3]
 [1 0 9 4 2 3 5 0 6]
 [5 4 1 6 7 0 3 9 2]
 [2 7 0 3 9 4 6 1 8]
 [9 3 6 8 1 2 7 4 5]
 [0 9 7 2 8 5 0 3 1]
 [6 5 2 1 3 9 0 8 4]
 [8 1 4 7 0 6 2 5 9]]
Number of cells unfilled: 11
Accuracy: 86.41975308641975
Sample: 16729
Question:
[[0 5 0 2 0 0 7 0 0]
 [4 0 6 0 3 0 0 0 2]
 [0 0 0 0 0 0 0 0 9]
 [9 0 0 0 0 5 0 0 1]
 [0 0 3 0 7 0 0 0 0]
 [0 0 0 0 9 2 5 0 3]
 [0 0 0 5 0 9 2 0 0]
 [0 0 5 7 1 0 3 9 0]
 [0 0 0 0 0 0 0 1 0]]
Solution:
[[4 8 3 5 0 1 9 2 0]
 [0 2 5 9 6 8 1 7 3]
 [1 0 9 4 2 3 5 8 6]
 [5 4 1 6 7 0 3 9 2]
 [2 7 0 3 9 4 6 1 8]
 [9 3 6 8 1 2 7 4 5]
 [6 9 7 2 8 5 0 3 1]
 [8 5 2 1 3 9 0 6 4]
 [3 1 4 7 0 6 2 5 9]]
Number of cells unfilled: 9
Accuracy: 88.88888888888889
Sample: 16730
Question:
[[0 5 0 6 0 0 0 2 0]
 [0 4 7 0 0 0 8 6 0]
 [0 0 0 0 8 7 4 0 0]
 [0 1 0 0 4 0 0 0 0]
 [0 3 0 5 0 0 0 8 0]
 [0 0 8 0 0 0 0 0 0]
 [4 7 0 0 2 5 0 0 0]
 [0 0 0 0 0 0 0 0 2]
 [0 0 6 4 0 8 7 5 0]]
Solution:
[[4 8 3 5 0 1 9 2 0]
 [0 2 5 9 6 8 1 7 3]
 [1 0 9 4 2 3 5 0 6]
 [5 4 1 6 7 0 3 9 2]
 [2 7 0 3 9 4 6 1 8]
 [9 3 6 8 1 2 7 4 5]
 [0 9 7 2 8 5 0 3 1]
 [6 5 2 1 3 9 0 8 4]
 [8 1 4 7 0 6 2 5 9]]
Number of cells unfilled: 11
Accuracy: 86.41975308641975
Sample: 16731
Question:
[[0 5 2 0 7 0 6 0 0]
 [6 0 0 5 0 1 2 0 8]
 [8 0 0 0 0 0 0 0 0]
 [0 1 0 0 0 0 5 0 0]
 [0 6 7 0 5 0 0 0 0]
 [0 0 8 2 0 6 1 7 0]
 [1 0 0 0 0 0 0 0 0]
 [0 0 0 3 0 0 0 6 0]
 [0 0 0 9 1 0 0 2 0]]
Solution:
[[4 8 3 0 5 1 9 2 0]
 [0 2 5 9 6 8 1 7 3]
 [1 0 9 4 2 3 5 8 6]
 [5 4 1 6 7 0 3 9 2]
 [2 7 0 5 9 4 6 1 8]
 [9 3 6 8 1 2 7 4 5]
 [6 9 7 2 8 5 0 3 1]
 [8 5 2 1 3 9 0 6 4]
 [3 1 4 7 0 6 2 5 9]]
Number of cells unfilled: 9
Accuracy: 88.88888888888889
Sample: 16732
Question:
[[0 5 3 0 0 1 4 0 0]
 [6 0 8 0 0 4 0 0 0]
 [0 0 0 0 0 0 0 6 5]
 [0 0 9 0 0 0 0 0 8]
 [0 0 2 0 0 0 3 0 0]
 [5 0 0 0 8 0 0 0 0]
 [0 0 0 0 1 8 0 0 0]
 [0 8 6 0 5 0 0 3 1]
 [4 0 0 6 0 3 0 5 0]]
Solution:
[[4 8 3 0 5 1 9 2 0]
 [0 2 5 9 6 8 4 7 3]
 [1 0 9 4 2 3 8 0 6]
 [5 4 1 6 7 0 3 9 2]
 [2 7 0 5 9 4 6 1 8]
 [9 3 6 8 1 2 7 4 5]
 [6 9 7 2 8 5 0 3 1]
 [0 5 2 1 3 9 0 8 4]
 [8 1 4 7 0 6 2 5 9]]
Number of cells unfilled: 11
Accuracy: 86.41975308641975
Sample: 16733
Question:
[[0 5 9 0 7 0 8 4 0]
 [0 0 7 0 8 0 0 0 0]
 [2 0 0 9 0 4 0 0 0]
 [0 0 0 5 0 0 7 9 0]
 [0 0 4 0 0 8 0 0 2]
 [9 0 0 7 0 2 0 0 0]
 [0 0 1 0 0 0 0 0 4]
 [0 0 6 0 0 0 5 0 0]
 [7 0 0 0 5 0 0 0 0]]
Solution:
[[4 8 3 0 5 7 9 2 0]
 [0 2 5 9 6 8 1 7 3]
 [1 7 9 4 2 3 8 0 6]
 [5 4 1 6 7 0 3 9 2]
 [2 0 0 5 9 4 6 1 8]
 [9 3 6 8 1 2 7 4 5]
 [0 9 7 2 8 5 0 3 1]
 [6 5 2 1 3 9 0 8 4]
 [3 1 4 7 0 6 2 5 9]]
Number of cells unfilled: 11
Accuracy: 86.41975308641975
Sample: 16734
Question:
[[0 6 0 0 0 0 0 7 0]
 [0 0 4 0 8 0 0 0 3]
 [0 8 7 0 0 0 0 2 4]
 [0 2 0 0 1 5 0 0 8]
 [0 0 0 0 0 0 0 0 0]
 [0 0 3 7 4 0 2 0 0]
 [4 0 8 0 7 0 3 0 6]
 [0 0 2 0 0 0 7 0 0]
 [6 0 0 4 0 0 0 0 0]]
Solution:
[[4 8 3 0 5 7 9 2 0]
 [0 2 5 9 6 8 1 7 3]
 [1 0 9 4 2 3 5 0 6]
 [5 4 1 6 7 0 3 9 2]
 [2 7 0 5 9 4 6 1 8]
 [9 3 6 8 1 2 7 4 5]
 [6 9 7 2 8 5 0 3 1]
 [0 5 2 1 3 9 0 8 4]
 [8 1 4 7 0 6 2 5 9]]
Number of cells unfilled: 11
Accuracy: 86.41975308641975
Sample: 16735
Question:
[[0 6 0 0 9 0 0 1 0]
 [7 0 0 0 2 0 0 0 0]
 [0 0 0 0 0 1 0 0 0]
 [0 7 1 0 0 4 5 6 0]
 [8 0 6 7 5 0 0 0 0]
 [0 0 0 0 0 0 0 0 8]
 [0 0 5 0 0 0 7 0 0]
 [0 4 7 1 6 0 0 8 0]
 [0 0 0 0 0 5 1 4 0]]
Solution:
[[4 8 3 0 5 7 9 2 0]
 [0 2 5 9 6 8 4 7 3]
 [1 0 9 4 2 3 5 0 6]
 [5 4 1 6 7 0 3 9 2]
 [2 7 0 5 9 4 6 1 8]
 [9 3 6 8 1 2 7 4 5]
 [6 9 7 2 8 5 0 3 1]
 [0 5 2 1 3 9 0 8 4]
 [3 1 4 7 0 6 2 5 9]]
Number of cells unfilled: 11
Accuracy: 86.41975308641975
Sample: 16736
Question:
[[0 6 0 3 0 0 0 0 0]
 [0 0 9 0 0 0 0 0 0]
 [0 3 7 0 0 0 0 8 0]
 [0 0 0 0 3 0 6 0 5]
 [6 0 8 0 0 2 0 1 3]
 [0 5 0 0 0 1 0 0 0]
 [3 0 5 6 0 0 2 0 8]
 [0 0 6 2 0 0 0 0 0]
 [0 1 0 0 5 8 0 3 0]]
Solution:
[[4 8 3 5 0 1 9 2 0]
 [0 2 5 9 6 8 1 7 3]
 [1 0 9 4 2 3 8 0 6]
 [5 4 1 6 7 0 3 9 2]
 [2 7 0 3 9 4 6 1 8]
 [9 3 6 8 1 2 7 4 5]
 [0 9 7 2 8 5 0 3 1]
 [6 5 2 1 3 9 0 8 4]
 [8 1 4 7 0 6 2 5 9]]
Number of cells unfilled: 11
Accuracy: 86.41975308641975
Sample: 16737
Question:
[[0 6 0 3 0 7 0 5 1]
 [3 0 5 6 0 0 8 0 0]
 [1 7 0 0 0 0 0 0 0]
 [0 0 0 0 3 0 0 4 0]
 [0 0 0 0 0 1 0 2 0]
 [0 1 0 0 0 0 6 0 0]
 [7 0 0 0 8 0 0 3 0]
 [0 0 0 5 0 6 0 0 0]
 [8 0 6 0 0 0 5 1 0]]
Solution:
[[4 8 3 5 0 1 9 2 0]
 [0 2 5 9 6 8 4 7 3]
 [1 0 9 4 2 3 5 8 6]
 [5 4 1 6 7 0 3 9 2]
 [2 7 0 3 9 4 6 1 8]
 [9 3 6 8 1 2 7 4 5]
 [6 9 7 2 8 5 0 3 1]
 [8 5 2 1 3 9 0 6 4]
 [3 1 4 7 0 6 2 5 9]]
Number of cells unfilled: 9
Accuracy: 88.88888888888889
Sample: 16738
Question:
[[0 6 0 8 0 0 0 9 0]
 [0 0 0 0 0 5 0 0 1]
 [8 1 0 7 0 9 0 6 0]
 [1 0 9 0 5 6 0 0 0]
 [7 0 0 0 0 0 0 0 0]
 [0 8 6 0 0 0 9 0 0]
 [0 9 0 0 0 8 0 0 0]
 [0 7 0 0 0 1 0 2 4]
 [5 0 0 0 7 0 0 0 0]]
Solution:
[[4 8 3 0 5 1 9 2 0]
 [0 2 5 9 6 8 4 7 3]
 [1 0 9 4 2 3 5 0 6]
 [5 4 1 6 7 0 3 9 2]
 [2 7 0 5 9 4 6 1 8]
 [9 3 6 8 1 2 7 4 5]
 [6 9 7 2 8 5 0 3 1]
 [0 5 2 1 3 9 0 8 4]
 [3 1 4 7 0 6 2 5 9]]
Number of cells unfilled: 11
Accuracy: 86.41975308641975
Sample: 16739
Question:
[[0 6 0 9 0 1 0 0 0]
 [0 3 0 0 0 8 0 0 0]
 [0 0 0 0 0 0 0 9 0]
 [6 0 7 0 9 2 0 3 0]
 [0 0 0 5 0 0 2 0 6]
 [0 0 0 0 0 3 0 7 9]
 [0 0 0 2 0 0 3 0 5]
 [2 0 0 0 0 0 0 0 0]
 [9 5 0 0 3 6 0 0 7]]
Solution:
[[4 8 3 5 0 1 9 2 0]
 [0 2 5 9 6 8 4 7 3]
 [1 0 9 4 2 3 5 8 6]
 [5 4 1 6 7 0 3 9 2]
 [2 7 0 3 9 4 6 1 8]
 [9 3 6 8 1 2 7 4 5]
 [6 9 7 2 8 5 0 3 1]
 [8 5 2 1 3 9 0 6 4]
 [3 1 4 7 0 6 8 5 9]]
Number of cells unfilled: 9
Accuracy: 88.88888888888889
Sample: 16740
Question:
[[0 6 9 0 0 3 5 7 0]
 [0 0 0 0 0 0 6 0 4]
 [4 0 5 7 0 0 0 0 9]
 [0 9 0 2 0 0 0 0 0]
 [0 5 0 1 0 6 9 0 0]
 [0 0 0 0 0 0 0 0 6]
 [0 0 0 6 0 7 3 0 0]
 [0 0 7 0 0 0 0 0 0]
 [0 3 6 5 9 0 4 0 0]]
Solution:
[[4 8 3 0 5 1 9 2 0]
 [0 2 5 9 6 8 4 7 3]
 [1 0 9 4 2 3 5 0 6]
 [5 4 1 6 7 0 3 9 2]
 [2 7 0 5 9 4 6 1 8]
 [9 3 6 8 1 2 7 4 5]
 [6 9 7 2 8 5 0 3 1]
 [0 5 2 1 3 9 0 8 4]
 [8 1 4 7 0 6 2 5 9]]
Number of cells unfilled: 11
Accuracy: 86.41975308641975
Sample: 16741
Question:
[[0 6 9 0 8 0 0 0 0]
 [0 0 0 9 0 7 0 1 6]
 [1 7 0 3 0 0 0 0 0]
 [0 8 3 7 9 0 0 0 0]
 [0 1 0 6 0 3 8 0 0]
 [0 0 0 0 0 0 0 0 9]
 [7 0 0 0 0 0 0 0 0]
 [0 3 0 5 0 0 6 0 0]
 [0 0 0 2 0 0 3 7 0]]
Solution:
[[4 8 3 0 5 1 9 2 0]
 [0 2 5 9 6 8 4 7 3]
 [1 0 9 4 2 3 8 0 6]
 [5 4 1 6 7 0 3 9 2]
 [2 7 0 3 9 4 6 1 8]
 [9 3 6 8 1 2 7 4 5]
 [0 9 7 2 8 5 0 3 1]
 [6 5 2 1 3 9 0 8 4]
 [3 1 4 7 0 6 2 5 9]]
Number of cells unfilled: 11
Accuracy: 86.41975308641975
Sample: 16742
Question:
[[0 7 0 0 0 0 0 6 5]
 [0 0 1 0 0 6 0 0 0]
 [0 0 0 0 0 9 0 0 8]
 [0 6 0 0 5 1 0 4 3]
 [1 0 0 7 0 0 0 8 0]
 [0 5 0 0 0 8 0 0 0]
 [0 0 0 0 9 0 0 0 0]
 [5 0 8 1 0 0 0 0 0]
 [7 9 0 6 8 0 0 5 0]]
Solution:
[[4 8 3 5 0 1 9 2 0]
 [0 2 5 9 6 8 4 7 3]
 [1 0 9 4 2 3 5 8 6]
 [5 4 1 6 7 0 3 9 2]
 [2 7 0 3 9 4 6 1 8]
 [9 3 6 8 1 2 7 4 5]
 [6 9 7 2 8 5 0 3 1]
 [8 5 2 1 3 9 0 6 4]
 [3 1 4 7 0 6 2 5 9]]
Number of cells unfilled: 9
Accuracy: 88.88888888888889
Sample: 16743
Question:
[[0 7 0 0 0 0 8 5 0]
 [0 0 0 0 0 0 0 2 0]
 [0 0 0 0 8 0 1 0 0]
 [1 0 3 0 0 0 0 0 0]
 [0 0 0 1 0 4 3 0 0]
 [0 4 8 0 0 6 0 7 0]
 [0 8 0 3 0 7 4 0 0]
 [0 0 0 0 6 8 0 1 0]
 [6 0 7 0 1 0 0 3 0]]
Solution:
[[4 8 3 5 0 7 9 2 0]
 [0 2 5 9 6 8 1 7 3]
 [1 0 9 4 2 3 5 8 6]
 [5 4 1 6 7 0 3 9 2]
 [2 7 0 3 9 4 6 1 8]
 [9 3 6 8 1 2 7 4 5]
 [6 9 7 2 8 5 0 3 1]
 [8 5 2 1 3 9 0 6 4]
 [3 1 4 7 0 6 8 5 9]]
Number of cells unfilled: 9
Accuracy: 88.88888888888889
Sample: 16744
Question:
[[0 7 0 3 0 4 0 8 0]
 [9 0 4 0 0 0 0 3 2]
 [0 0 0 0 2 0 0 0 0]
 [8 0 3 2 0 0 7 0 0]
 [0 4 0 7 0 8 0 0 0]
 [0 0 0 0 0 9 0 4 0]
 [0 0 6 8 0 0 3 0 0]
 [0 0 5 0 0 0 0 0 9]
 [0 8 0 0 9 0 0 0 0]]
Solution:
[[4 8 3 0 5 1 9 2 0]
 [0 2 5 9 6 8 1 7 3]
 [1 7 9 4 2 3 5 8 6]
 [5 4 1 6 7 0 3 9 2]
 [2 0 0 5 9 4 6 1 8]
 [9 3 6 8 1 2 7 4 5]
 [6 9 7 2 8 5 0 3 1]
 [8 5 2 1 3 9 0 6 4]
 [3 1 4 7 0 6 8 5 9]]
Number of cells unfilled: 9
Accuracy: 88.88888888888889
Sample: 16745
Question:
[[0 7 0 4 5 0 0 0 0]
 [0 3 0 0 0 6 0 0 0]
 [9 0 4 0 0 0 0 0 6]
 [7 0 0 0 0 3 0 0 0]
 [4 0 0 0 0 9 0 6 0]
 [0 0 0 5 0 0 7 9 0]
 [0 5 0 0 3 0 0 0 0]
 [3 0 9 7 0 0 2 1 0]
 [6 0 0 9 0 0 0 0 0]]
Solution:
[[4 8 3 0 5 7 9 2 0]
 [0 2 5 9 6 8 1 7 3]
 [1 0 9 4 2 3 5 8 6]
 [5 4 1 6 7 0 3 9 2]
 [2 7 0 5 9 4 6 1 8]
 [9 3 6 8 1 2 7 4 5]
 [6 9 7 2 8 5 0 3 1]
 [8 5 2 1 3 9 0 6 4]
 [3 1 4 7 0 6 2 5 9]]
Number of cells unfilled: 9
Accuracy: 88.88888888888889
Sample: 16746
Question:
[[0 7 0 9 0 4 0 0 8]
 [0 8 0 1 3 0 0 0 0]
 [9 0 0 0 0 0 3 0 0]
 [0 0 0 5 0 0 0 1 4]
 [0 0 0 0 0 0 0 0 0]
 [0 0 0 6 1 0 0 0 9]
 [7 1 0 0 0 0 0 0 0]
 [0 9 3 0 8 0 4 0 0]
 [4 0 0 3 0 1 9 7 0]]
Solution:
[[4 8 3 5 0 1 9 2 0]
 [0 2 5 9 6 8 1 7 3]
 [1 0 9 4 2 3 8 0 6]
 [5 4 1 6 7 0 3 9 2]
 [2 7 0 3 9 4 6 1 8]
 [9 3 6 8 1 2 7 4 5]
 [6 9 7 2 8 5 0 3 1]
 [0 5 2 1 3 9 0 8 4]
 [3 1 4 7 0 6 2 5 9]]
Number of cells unfilled: 11
Accuracy: 86.41975308641975
Sample: 16747
Question:
[[0 8 0 0 0 0 0 0 2]
 [1 4 0 6 0 0 0 0 0]
 [0 0 0 0 5 0 4 0 1]
 [0 6 0 0 4 0 9 0 3]
 [0 2 0 0 1 0 0 0 0]
 [5 0 0 0 0 6 2 0 0]
 [6 0 0 2 0 0 0 0 0]
 [4 0 2 0 8 5 0 0 0]
 [0 1 8 4 0 0 0 0 0]]
Solution:
[[4 8 3 5 0 7 1 2 0]
 [0 2 5 9 6 8 4 7 3]
 [1 0 9 4 2 3 8 0 6]
 [5 4 1 6 7 0 3 9 2]
 [2 7 0 3 9 4 6 1 8]
 [9 3 6 8 1 2 7 4 5]
 [0 9 7 2 8 5 0 3 1]
 [6 5 2 1 3 9 0 8 4]
 [8 1 4 7 0 6 2 5 9]]
Number of cells unfilled: 11
Accuracy: 86.41975308641975
Sample: 16748
Question:
[[0 8 0 0 2 0 0 9 7]
 [9 0 0 6 0 0 0 0 0]
 [0 2 0 0 0 0 6 5 0]
 [0 0 0 0 0 0 7 0 0]
 [0 0 0 0 9 0 0 1 0]
 [0 0 0 0 7 5 0 3 0]
 [0 9 6 7 0 0 2 0 0]
 [7 0 0 9 0 8 0 6 5]
 [8 5 0 0 0 0 0 0 0]]
Solution:
[[4 8 3 5 0 7 9 2 0]
 [0 2 5 9 6 8 1 7 3]
 [1 0 9 4 2 3 8 0 6]
 [5 4 1 6 7 0 3 9 2]
 [2 7 0 3 9 4 6 1 8]
 [9 3 6 8 1 2 7 4 5]
 [6 9 7 2 8 5 0 3 1]
 [0 5 2 1 3 9 0 8 4]
 [3 1 4 7 0 6 2 5 9]]
Number of cells unfilled: 11
Accuracy: 86.41975308641975
Sample: 16749
Question:
[[0 8 0 2 0 0 7 0 5]
 [0 0 3 0 5 8 0 9 0]
 [0 2 0 7 9 0 0 0 0]
 [2 5 0 0 7 0 0 3 0]
 [0 0 8 0 3 0 0 0 0]
 [0 0 0 0 0 9 0 0 8]
 [0 6 9 0 2 0 0 5 0]
 [0 4 0 0 0 0 9 2 0]
 [0 0 0 0 0 0 0 0 0]]
Solution:
[[4 8 3 5 0 7 9 2 0]
 [0 2 5 9 6 8 1 7 3]
 [1 0 9 4 2 3 8 0 6]
 [5 4 1 6 7 0 3 9 2]
 [2 7 0 3 9 4 6 1 8]
 [9 3 6 8 1 2 7 4 5]
 [6 9 7 2 8 5 0 3 1]
 [0 5 2 1 3 9 0 8 4]
 [8 1 4 7 0 6 2 5 9]]
Number of cells unfilled: 11
Accuracy: 86.41975308641975
Sample: 16750
Question:
[[0 8 0 2 1 0 6 0 3]
 [0 0 0 0 0 0 4 2 0]
 [0 3 0 0 0 4 0 0 0]
 [4 1 0 0 0 3 2 0 0]
 [0 0 2 6 4 0 1 8 0]
 [0 6 8 0 0 0 0 0 0]
 [0 0 0 0 5 6 0 0 1]
 [0 0 6 0 0 2 0 0 0]
 [0 0 0 0 9 0 0 0 0]]
Solution:
[[4 8 3 0 5 7 9 2 0]
 [0 2 5 9 6 8 1 7 3]
 [1 0 9 4 2 3 5 8 6]
 [5 4 1 6 7 0 3 9 2]
 [2 7 0 5 9 4 6 1 8]
 [9 3 6 8 1 2 7 4 5]
 [6 9 7 2 8 5 0 3 1]
 [8 5 2 1 3 9 0 6 4]
 [3 1 4 7 0 6 2 5 9]]
Number of cells unfilled: 9
Accuracy: 88.88888888888889
Sample: 16751
Question:
[[0 8 0 5 0 0 0 0 4]
 [0 2 0 0 0 0 0 3 0]
 [5 0 0 0 3 0 0 0 0]
 [1 0 0 9 0 0 0 0 0]
 [0 4 5 6 0 0 0 0 9]
 [0 0 0 0 0 3 1 0 0]
 [0 1 3 0 5 0 4 6 0]
 [9 0 0 4 0 1 5 0 0]
 [0 0 0 0 6 0 0 0 0]]
Solution:
[[4 8 3 0 5 7 9 2 0]
 [0 2 5 9 6 8 1 7 3]
 [1 7 9 4 2 3 5 8 6]
 [5 4 1 6 7 0 3 9 2]
 [2 0 0 3 9 4 6 1 8]
 [9 3 6 8 1 2 7 4 5]
 [6 9 7 2 8 5 0 3 1]
 [8 5 2 1 3 9 0 6 4]
 [3 1 4 7 0 6 8 5 9]]
Number of cells unfilled: 9
Accuracy: 88.88888888888889
Sample: 16752
Question:
[[0 8 0 5 0 0 0 3 6]
 [0 0 2 0 7 0 0 0 0]
 [0 5 0 0 0 0 7 0 0]
 [8 2 0 0 0 0 0 0 0]
 [0 3 7 2 6 0 5 0 0]
 [6 0 0 0 3 8 0 7 0]
 [0 0 0 6 0 2 0 1 0]
 [0 0 0 0 0 0 0 0 0]
 [0 6 0 3 0 0 2 4 0]]
Solution:
[[4 8 3 0 5 7 9 2 0]
 [0 2 5 9 6 8 1 7 3]
 [1 0 9 4 2 3 5 0 6]
 [5 4 1 6 7 0 3 9 2]
 [2 7 0 5 9 4 6 1 8]
 [9 3 6 8 1 2 7 4 5]
 [6 9 7 2 8 5 0 3 1]
 [0 5 2 1 3 9 0 8 4]
 [8 1 4 7 0 6 2 5 9]]
Number of cells unfilled: 11
Accuracy: 86.41975308641975
Sample: 16753
Question:
[[0 8 1 0 0 0 7 9 0]
 [0 0 0 0 0 7 1 0 4]
 [0 0 0 0 0 0 0 5 0]
 [4 0 0 0 0 0 0 0 1]
 [5 0 7 0 0 0 0 4 9]
 [0 0 8 4 9 0 0 7 0]
 [0 0 4 0 0 0 0 0 0]
 [0 0 9 6 2 0 0 0 5]
 [0 5 0 0 7 0 0 8 0]]
Solution:
[[4 8 3 0 5 1 9 2 0]
 [0 2 5 9 6 8 4 7 3]
 [1 0 9 4 2 3 5 8 6]
 [5 4 1 6 7 0 3 9 2]
 [2 7 0 5 9 4 6 1 8]
 [9 3 6 8 1 2 7 4 5]
 [6 9 7 2 8 5 0 3 1]
 [8 5 2 1 3 9 0 6 4]
 [3 1 4 7 0 6 8 5 9]]
Number of cells unfilled: 9
Accuracy: 88.88888888888889
Sample: 16754
Question:
[[0 8 2 0 3 0 5 0 0]
 [0 0 0 7 0 0 0 3 0]
 [0 0 0 0 1 0 6 0 0]
 [0 0 0 6 5 0 1 0 3]
 [0 5 6 0 0 0 7 0 0]
 [0 0 1 0 4 0 0 0 0]
 [0 6 0 5 0 1 4 7 0]
 [0 0 0 0 0 4 0 0 0]
 [0 0 0 3 0 0 0 6 1]]
Solution:
[[4 8 3 0 5 7 9 2 0]
 [0 2 5 9 6 8 1 7 3]
 [1 7 9 4 2 3 5 8 6]
 [5 4 1 6 7 0 3 9 2]
 [2 0 0 5 9 4 6 1 8]
 [9 3 6 8 1 2 7 4 5]
 [6 9 7 2 8 5 0 3 1]
 [8 5 2 1 3 9 0 6 4]
 [3 1 4 7 0 6 2 5 9]]
Number of cells unfilled: 9
Accuracy: 88.88888888888889
Sample: 16755
Question:
[[0 9 0 0 0 8 2 0 3]
 [0 4 0 0 0 0 0 0 0]
 [5 0 0 9 0 0 0 6 0]
 [0 1 0 0 6 0 0 0 4]
 [6 8 0 0 9 0 0 0 0]
 [0 0 0 0 0 5 8 0 0]
 [8 0 0 5 0 1 0 0 0]
 [0 6 1 0 0 0 0 4 0]
 [9 0 0 6 4 0 0 0 0]]
Solution:
[[4 8 3 0 5 7 9 2 0]
 [0 2 5 9 6 8 1 7 3]
 [1 0 9 4 2 3 5 8 6]
 [5 4 1 6 7 0 3 9 2]
 [2 7 0 5 9 4 6 1 8]
 [9 3 6 8 1 2 7 4 5]
 [6 9 7 2 8 5 0 3 1]
 [8 5 2 1 3 9 0 6 4]
 [3 1 4 7 0 6 8 5 9]]
Number of cells unfilled: 9
Accuracy: 88.88888888888889
Sample: 16756
Question:
[[0 9 0 0 6 0 0 0 1]
 [0 0 0 0 0 0 0 0 0]
 [0 5 0 7 1 0 0 0 0]
 [0 6 1 0 3 7 0 0 2]
 [0 0 0 0 0 4 0 7 0]
 [4 0 0 0 0 0 0 0 3]
 [0 4 7 2 0 6 1 0 0]
 [3 0 0 0 7 0 0 4 6]
 [0 1 0 0 0 0 2 0 0]]
Solution:
[[4 8 3 0 5 1 9 2 0]
 [0 2 5 9 6 8 1 7 3]
 [1 0 9 4 2 3 5 8 6]
 [5 4 1 6 7 0 3 9 2]
 [2 7 0 5 9 4 6 1 8]
 [9 3 6 8 1 2 7 4 5]
 [6 9 7 2 8 5 0 3 1]
 [8 5 2 1 3 9 0 6 4]
 [3 1 4 7 0 6 8 5 9]]
Number of cells unfilled: 9
Accuracy: 88.88888888888889
Sample: 16757
Question:
[[0 9 0 0 7 1 0 6 0]
 [0 0 0 4 0 9 0 2 0]
 [0 0 0 0 0 0 0 0 7]
 [9 0 0 0 0 2 0 1 0]
 [0 8 5 0 6 4 2 0 0]
 [0 0 0 0 9 0 4 0 0]
 [0 0 0 2 0 0 6 9 0]
 [0 0 4 0 0 0 7 0 0]
 [0 6 0 0 1 0 0 4 0]]
Solution:
[[4 8 3 5 0 7 9 2 0]
 [0 2 5 9 6 8 4 7 3]
 [1 7 9 4 2 3 5 8 6]
 [5 4 1 6 7 0 3 9 2]
 [2 0 0 3 9 4 6 1 8]
 [9 3 6 8 1 2 7 4 5]
 [6 9 7 2 8 5 0 3 1]
 [8 5 2 1 3 9 0 6 4]
 [3 1 4 7 0 6 8 5 9]]
Number of cells unfilled: 9
Accuracy: 88.88888888888889
Sample: 16758
Question:
[[0 9 0 1 5 0 0 8 0]
 [0 0 4 8 0 2 0 0 0]
 [0 0 5 0 0 4 2 0 1]
 [0 0 0 0 0 0 4 0 5]
 [0 5 0 9 0 0 0 0 0]
 [4 0 1 2 0 0 0 9 8]
 [0 8 6 0 0 0 0 1 0]
 [0 0 7 0 0 0 0 0 0]
 [0 4 0 0 0 8 0 0 0]]
Solution:
[[4 8 3 5 0 7 9 2 0]
 [0 2 5 9 6 8 1 7 3]
 [1 0 9 4 2 3 8 0 6]
 [5 4 1 6 7 0 3 9 2]
 [2 7 0 3 9 4 6 1 8]
 [9 3 6 8 1 2 7 4 5]
 [6 9 7 2 8 5 0 3 1]
 [0 5 2 1 3 9 0 8 4]
 [3 1 4 7 0 6 2 5 9]]
Number of cells unfilled: 11
Accuracy: 86.41975308641975
Sample: 16759
Question:
[[0 9 1 0 0 0 0 0 0]
 [0 0 0 0 9 0 0 5 1]
 [5 3 0 0 0 2 0 7 0]
 [2 0 0 0 0 8 0 0 0]
 [0 0 3 0 0 4 0 0 0]
 [0 0 0 0 1 0 3 0 0]
 [0 0 0 0 5 0 0 2 9]
 [0 2 7 3 0 9 1 0 0]
 [0 0 0 0 0 1 7 3 0]]
Solution:
[[4 8 3 5 0 1 9 2 0]
 [0 2 5 9 6 8 1 7 3]
 [1 7 9 4 2 3 5 8 6]
 [5 4 1 6 7 0 3 9 2]
 [2 0 0 3 9 4 6 1 8]
 [9 3 6 8 1 2 7 4 5]
 [6 9 7 2 8 5 0 3 1]
 [8 5 2 1 3 9 0 6 4]
 [3 1 4 7 0 6 2 5 9]]
Number of cells unfilled: 9
Accuracy: 88.88888888888889
Sample: 16760
Question:
[[0 9 5 8 7 0 3 0 0]
 [0 0 0 0 0 1 0 0 8]
 [0 0 0 2 0 0 7 0 0]
 [0 2 0 6 0 0 0 0 0]
 [0 0 0 3 0 0 2 8 0]
 [0 7 3 0 0 2 1 0 0]
 [0 0 7 0 0 3 6 0 1]
 [0 0 0 0 0 8 0 2 7]
 [0 0 0 0 6 0 0 0 0]]
Solution:
[[4 8 3 5 0 7 9 2 0]
 [0 2 5 9 6 8 1 7 3]
 [1 0 9 4 2 3 5 8 6]
 [5 4 1 6 7 0 3 9 2]
 [2 7 0 3 9 4 6 1 8]
 [9 3 6 8 1 2 7 4 5]
 [6 9 7 2 8 5 0 3 1]
 [8 5 2 1 3 9 0 6 4]
 [3 1 4 7 0 6 2 5 9]]
Number of cells unfilled: 9
Accuracy: 88.88888888888889
Sample: 16761
Question:
[[1 0 0 0 0 6 0 0 0]
 [0 4 9 0 0 7 0 3 0]
 [0 0 0 9 3 0 1 0 0]
 [0 0 3 0 1 0 0 0 0]
 [0 0 7 0 6 0 0 5 2]
 [0 6 0 0 0 4 0 1 0]
 [6 0 1 0 7 3 0 0 0]
 [0 0 0 0 9 0 0 0 0]
 [0 0 4 0 0 0 0 7 3]]
Solution:
[[4 8 3 0 5 7 9 2 0]
 [0 2 5 9 6 8 4 7 3]
 [1 0 9 4 2 3 8 0 6]
 [5 4 1 6 7 0 3 9 2]
 [2 7 0 5 9 4 6 1 8]
 [9 3 6 8 1 2 7 4 5]
 [6 9 7 2 8 5 0 3 1]
 [0 5 2 1 3 9 0 8 4]
 [8 1 4 7 0 6 2 5 9]]
Number of cells unfilled: 11
Accuracy: 86.41975308641975
Sample: 16762
Question:
[[1 0 4 2 8 0 0 0 5]
 [5 0 0 7 0 0 0 0 0]
 [0 0 0 0 4 0 0 8 0]
 [8 0 2 0 0 7 9 0 6]
 [0 0 5 0 0 8 0 0 0]
 [7 0 0 1 0 0 0 5 0]
 [0 7 0 5 0 2 0 0 0]
 [0 0 1 0 0 0 0 0 2]
 [0 0 0 0 0 4 8 0 0]]
Solution:
[[4 8 3 5 0 1 9 2 0]
 [0 2 5 9 6 8 4 7 3]
 [1 0 9 4 2 3 5 8 6]
 [5 4 1 6 7 0 3 9 2]
 [2 7 0 3 9 4 6 1 8]
 [9 3 6 8 1 2 7 4 5]
 [6 9 7 2 8 5 0 3 1]
 [8 5 2 1 3 9 0 6 4]
 [3 1 4 7 0 6 2 5 9]]
Number of cells unfilled: 9
Accuracy: 88.88888888888889
Sample: 16763
Question:
[[1 4 0 2 3 0 8 0 0]
 [0 0 6 0 0 4 2 0 0]
 [0 0 0 0 6 0 0 0 0]
 [0 9 3 4 0 0 0 0 0]
 [0 0 0 0 0 0 0 3 0]
 [0 5 0 1 0 0 0 0 0]
 [0 0 0 0 0 0 3 8 0]
 [0 0 2 0 1 0 4 0 6]
 [3 6 0 0 4 8 0 1 0]]
Solution:
[[4 8 3 5 0 1 9 2 0]
 [0 2 5 9 6 8 1 7 3]
 [1 0 9 4 2 3 5 0 6]
 [5 4 1 6 7 0 3 9 2]
 [2 7 0 3 9 4 6 1 8]
 [9 3 6 8 1 2 7 4 5]
 [6 9 7 2 8 5 0 3 1]
 [0 5 2 1 3 9 0 8 4]
 [8 1 4 7 0 6 2 5 9]]
Number of cells unfilled: 11
Accuracy: 86.41975308641975
Sample: 16764
Question:
[[1 5 0 0 0 7 0 9 8]
 [0 0 2 0 0 0 0 0 0]
 [0 0 0 8 1 0 2 5 0]
 [8 0 0 0 0 0 9 1 0]
 [0 2 0 0 5 0 0 0 7]
 [9 7 0 0 0 1 0 0 0]
 [0 0 0 0 3 0 8 0 0]
 [0 9 0 0 6 8 0 0 5]
 [0 0 0 0 0 9 0 0 0]]
Solution:
[[4 8 3 5 0 7 9 2 0]
 [0 2 5 9 6 8 4 7 3]
 [1 0 9 4 2 3 5 0 6]
 [5 4 1 6 7 0 3 9 2]
 [2 7 0 3 9 4 6 1 8]
 [9 3 6 8 1 2 7 4 5]
 [6 9 7 2 8 5 0 3 1]
 [0 5 2 1 3 9 0 8 4]
 [8 1 4 7 0 6 2 5 9]]
Number of cells unfilled: 11
Accuracy: 86.41975308641975
Sample: 16765
Question:
[[1 9 0 0 4 0 0 0 0]
 [0 0 0 0 0 7 9 0 1]
 [0 3 0 0 0 0 0 0 2]
 [0 0 0 7 0 0 4 0 0]
 [0 0 0 0 9 0 0 0 3]
 [8 5 0 0 1 0 0 0 7]
 [0 0 0 9 0 3 7 0 0]
 [9 0 0 4 2 0 1 0 0]
 [0 0 3 0 0 0 0 2 0]]
Solution:
[[4 8 3 0 5 7 9 2 0]
 [0 2 5 9 6 8 4 7 3]
 [1 0 9 4 2 3 5 8 6]
 [5 4 1 6 7 0 3 9 2]
 [2 7 0 5 9 4 6 1 8]
 [9 3 6 8 1 2 7 4 5]
 [6 9 7 2 8 5 0 3 1]
 [8 5 2 1 3 9 0 6 4]
 [3 1 4 7 0 6 2 5 9]]
Number of cells unfilled: 9
Accuracy: 88.88888888888889
Sample: 16766
Question:
[[1 9 0 0 6 0 0 0 0]
 [0 0 2 0 0 0 0 0 0]
 [0 4 6 3 0 9 0 0 1]
 [0 0 0 0 0 3 0 0 6]
 [9 0 0 0 0 0 0 4 0]
 [6 0 1 0 2 0 0 0 0]
 [2 0 0 4 0 6 0 5 7]
 [0 0 3 2 0 0 1 0 0]
 [4 0 0 0 0 1 0 0 0]]
Solution:
[[4 8 3 0 5 1 9 2 0]
 [0 2 5 9 6 8 4 7 3]
 [1 0 9 4 2 3 5 0 6]
 [5 4 1 6 7 0 3 9 2]
 [2 7 0 5 9 4 6 1 8]
 [9 3 6 8 1 2 7 4 5]
 [6 9 7 2 8 5 0 3 1]
 [0 5 2 1 3 9 0 8 4]
 [3 1 4 7 0 6 2 5 9]]
Number of cells unfilled: 11
Accuracy: 86.41975308641975
Sample: 16767
Question:
[[1 9 0 3 0 8 0 7 0]
 [0 0 2 0 0 0 0 0 0]
 [0 0 8 0 2 1 3 0 9]
 [2 0 0 7 0 0 0 0 1]
 [0 3 0 0 8 9 0 0 0]
 [7 8 0 0 0 0 0 9 0]
 [0 0 0 1 0 0 0 3 5]
 [0 0 0 0 3 0 0 0 6]
 [0 0 0 0 0 0 0 8 0]]
Solution:
[[4 8 3 0 5 1 9 2 0]
 [0 2 5 9 6 8 1 7 3]
 [1 0 9 4 2 3 5 8 6]
 [5 4 1 6 7 0 3 9 2]
 [2 7 0 5 9 4 6 1 8]
 [9 3 6 8 1 2 7 4 5]
 [6 9 7 2 8 5 0 3 1]
 [8 5 2 1 3 9 0 6 4]
 [3 1 4 7 0 6 8 5 9]]
Number of cells unfilled: 9
Accuracy: 88.88888888888889
Sample: 16768
Question:
[[2 0 0 0 0 0 0 0 0]
 [0 0 9 0 1 0 2 0 5]
 [1 5 0 8 0 0 7 6 0]
 [8 0 0 0 0 1 0 0 0]
 [0 0 2 9 0 0 8 0 0]
 [3 0 0 0 0 5 0 2 0]
 [5 3 0 0 0 0 0 0 0]
 [0 0 8 3 9 0 0 0 0]
 [0 0 1 0 5 2 0 0 0]]
Solution:
[[4 8 3 0 5 1 9 2 0]
 [0 2 5 9 6 8 1 7 3]
 [1 7 9 4 2 3 5 8 6]
 [5 4 1 6 7 0 3 9 2]
 [2 0 0 5 9 4 6 1 8]
 [9 3 6 8 1 2 7 4 5]
 [6 9 7 2 8 5 0 3 1]
 [8 5 2 1 3 9 0 6 4]
 [3 1 4 7 0 6 8 5 9]]
Number of cells unfilled: 9
Accuracy: 88.88888888888889
Sample: 16769
Question:
[[2 0 0 0 0 0 0 4 0]
 [0 9 0 6 1 0 3 0 0]
 [0 0 0 4 0 2 9 0 0]
 [0 1 4 5 0 0 0 0 0]
 [0 6 0 8 0 0 1 0 0]
 [0 0 0 0 0 0 0 0 0]
 [1 0 0 0 0 9 6 2 0]
 [6 0 3 2 4 0 0 0 1]
 [0 0 0 0 0 0 4 0 3]]
Solution:
[[4 8 3 5 0 7 9 2 0]
 [0 2 5 9 6 8 1 7 3]
 [1 0 9 4 2 3 5 8 6]
 [5 4 1 6 7 0 3 9 2]
 [2 7 0 3 9 4 6 1 8]
 [9 3 6 8 1 2 7 4 5]
 [6 9 7 2 8 5 0 3 1]
 [8 5 2 1 3 9 0 6 4]
 [3 1 4 7 0 6 2 5 9]]
Number of cells unfilled: 9
Accuracy: 88.88888888888889
Sample: 16770
Question:
[[2 0 0 0 0 0 0 5 0]
 [0 4 0 7 1 0 0 2 8]
 [7 8 0 0 0 5 0 0 0]
 [5 1 0 0 0 8 0 0 0]
 [0 0 4 0 7 0 0 0 0]
 [0 0 0 2 5 0 4 1 0]
 [0 0 0 0 9 0 0 0 7]
 [0 0 2 0 0 0 0 0 0]
 [0 7 0 0 3 2 0 0 1]]
Solution:
[[4 8 3 0 5 1 9 2 0]
 [0 2 5 9 6 8 4 7 3]
 [1 7 9 4 2 3 5 8 6]
 [5 4 1 6 7 0 3 9 2]
 [2 0 0 5 9 4 6 1 8]
 [9 3 6 8 1 2 7 4 5]
 [6 9 7 2 8 5 0 3 1]
 [8 5 2 1 3 9 0 6 4]
 [3 1 4 7 0 6 8 5 9]]
Number of cells unfilled: 9
Accuracy: 88.88888888888889
Sample: 16771
Question:
[[2 0 0 0 0 8 0 0 0]
 [0 0 0 0 5 0 0 8 6]
 [6 0 8 0 1 9 0 0 0]
 [9 0 0 0 6 0 0 4 7]
 [1 0 0 0 8 0 0 0 0]
 [0 0 5 9 0 0 0 0 1]
 [0 0 9 0 0 1 0 0 0]
 [8 2 0 0 0 0 1 0 0]
 [0 0 6 5 2 0 0 0 0]]
Solution:
[[4 8 3 5 0 7 1 2 0]
 [0 2 5 9 6 8 4 7 3]
 [1 0 9 4 2 3 5 0 6]
 [5 4 1 6 7 0 3 9 2]
 [2 7 0 3 9 4 6 1 8]
 [9 3 6 8 1 2 7 4 5]
 [0 9 7 2 8 5 0 3 1]
 [6 5 2 1 3 9 0 8 4]
 [8 1 4 7 0 6 2 5 9]]
Number of cells unfilled: 11
Accuracy: 86.41975308641975
Sample: 16772
Question:
[[2 0 0 0 3 0 0 0 0]
 [0 0 6 0 0 9 0 0 0]
 [8 0 3 2 0 4 9 0 0]
 [0 6 0 3 0 8 7 0 5]
 [0 8 0 9 0 0 0 0 0]
 [0 0 4 0 0 6 0 0 0]
 [0 0 0 4 0 0 3 0 9]
 [0 3 9 0 6 0 0 0 0]
 [0 2 0 0 0 0 0 0 8]]
Solution:
[[4 8 3 0 5 7 9 2 0]
 [0 2 5 9 6 8 1 7 3]
 [1 0 9 4 2 3 8 0 6]
 [5 4 1 6 7 0 3 9 2]
 [2 7 0 5 9 4 6 1 8]
 [9 3 6 8 1 2 7 4 5]
 [0 9 7 2 8 5 0 3 1]
 [6 5 2 1 3 9 0 8 4]
 [3 1 4 7 0 6 2 5 9]]
Number of cells unfilled: 11
Accuracy: 86.41975308641975
Sample: 16773
Question:
[[2 0 0 6 0 0 0 0 0]
 [4 0 0 0 0 9 0 0 0]
 [0 8 0 0 0 0 0 0 0]
 [0 0 0 0 3 8 0 0 9]
 [9 3 0 0 0 0 0 5 8]
 [6 0 0 5 0 0 0 1 0]
 [3 0 9 0 6 1 8 0 0]
 [0 0 0 0 0 0 1 0 0]
 [0 5 0 9 8 0 0 6 3]]
Solution:
[[4 8 3 5 0 7 9 2 0]
 [0 2 5 9 6 8 4 7 3]
 [1 0 9 4 2 3 8 0 6]
 [5 4 1 6 7 0 3 9 2]
 [2 7 0 3 9 4 6 1 8]
 [9 3 6 8 1 2 7 4 5]
 [6 9 7 2 8 5 0 3 1]
 [0 5 2 1 3 9 0 8 4]
 [8 1 4 7 0 6 2 5 9]]
Number of cells unfilled: 11
Accuracy: 86.41975308641975
Sample: 16774
Question:
[[2 0 0 7 3 0 5 0 0]
 [0 0 4 0 0 8 0 7 2]
 [5 0 0 0 0 0 3 8 0]
 [7 5 0 0 0 4 0 3 0]
 [0 0 2 0 0 0 0 4 0]
 [0 0 0 2 5 0 0 0 8]
 [6 0 0 0 8 5 0 0 0]
 [0 0 0 0 0 0 0 0 0]
 [1 0 8 0 0 7 0 0 0]]
Solution:
[[4 8 3 0 5 7 9 2 0]
 [0 2 5 9 6 8 1 7 3]
 [1 0 9 4 2 3 5 8 6]
 [5 4 1 6 7 0 3 9 2]
 [2 7 0 5 9 4 6 1 8]
 [9 3 6 8 1 2 7 4 5]
 [6 9 7 2 8 5 0 3 1]
 [8 5 2 1 3 9 0 6 4]
 [3 1 4 7 0 6 8 5 9]]
Number of cells unfilled: 9
Accuracy: 88.88888888888889
Sample: 16775
Question:
[[2 0 7 3 0 9 6 0 0]
 [6 0 0 0 1 0 0 2 3]
 [0 0 0 0 0 0 7 9 0]
 [0 0 9 8 0 0 0 0 0]
 [0 0 0 0 6 0 9 0 0]
 [0 2 0 5 0 0 0 0 0]
 [3 0 6 0 0 0 0 0 0]
 [0 0 0 0 3 0 0 1 6]
 [9 1 0 2 0 0 0 7 0]]
Solution:
[[4 8 3 5 0 7 9 2 0]
 [0 2 5 9 6 8 1 7 3]
 [1 0 9 4 2 3 5 8 6]
 [5 4 1 6 7 0 3 9 2]
 [2 7 0 3 9 4 6 1 8]
 [9 3 6 8 1 2 7 4 5]
 [6 9 7 2 8 5 0 3 1]
 [8 5 2 1 3 9 0 6 4]
 [3 1 4 7 0 6 2 5 9]]
Number of cells unfilled: 9
Accuracy: 88.88888888888889
Sample: 16776
Question:
[[2 1 0 0 0 7 8 0 5]
 [0 0 0 0 8 1 0 0 0]
 [7 0 0 5 2 0 0 3 0]
 [0 0 0 7 3 0 0 5 0]
 [5 0 0 8 0 0 0 0 0]
 [0 0 3 0 1 0 7 0 2]
 [0 0 0 0 0 0 0 0 0]
 [0 0 2 0 0 0 0 8 4]
 [0 8 7 0 0 0 0 0 9]]
Solution:
[[4 8 3 5 0 1 9 2 0]
 [0 2 5 9 6 8 4 7 3]
 [1 0 9 4 2 3 5 8 6]
 [5 4 1 6 7 0 3 9 2]
 [2 7 0 3 9 4 6 1 8]
 [9 3 6 8 1 2 7 4 5]
 [6 9 7 2 8 5 0 3 1]
 [8 5 2 1 3 9 0 6 4]
 [3 1 4 7 0 6 2 5 9]]
Number of cells unfilled: 9
Accuracy: 88.88888888888889
Sample: 16777
Question:
[[2 6 0 0 0 0 0 0 0]
 [0 0 1 0 0 7 0 0 0]
 [0 0 8 6 3 0 2 0 0]
 [0 0 7 3 0 0 8 2 0]
 [8 0 2 7 0 1 0 0 0]
 [6 0 0 0 0 0 0 7 0]
 [1 0 0 8 0 0 4 9 0]
 [0 0 3 0 1 0 0 0 0]
 [7 0 0 2 0 0 0 0 0]]
Solution:
[[4 8 3 5 0 1 9 2 0]
 [0 2 5 9 6 8 4 7 3]
 [1 0 9 4 2 3 5 0 6]
 [5 4 1 6 7 0 3 9 2]
 [2 7 0 3 9 4 6 1 8]
 [9 3 6 8 1 2 7 4 5]
 [0 9 7 2 8 5 0 3 1]
 [6 5 2 1 3 9 0 8 4]
 [3 1 4 7 0 6 2 5 9]]
Number of cells unfilled: 11
Accuracy: 86.41975308641975
Sample: 16778
Question:
[[2 6 0 0 7 0 0 9 0]
 [0 0 5 0 0 0 3 0 0]
 [0 0 3 6 0 5 2 0 7]
 [0 5 0 0 9 0 6 0 3]
 [7 0 0 2 0 3 0 0 0]
 [0 9 0 0 0 0 7 2 0]
 [0 0 0 0 0 0 0 3 0]
 [0 0 0 0 0 7 4 0 0]
 [0 0 0 0 6 0 8 0 0]]
Solution:
[[4 8 3 5 0 1 9 2 0]
 [0 2 5 9 6 8 4 7 3]
 [1 0 9 4 2 3 5 8 6]
 [5 4 1 6 7 0 3 9 2]
 [2 7 0 3 9 4 6 1 8]
 [9 3 6 8 1 2 7 4 5]
 [6 9 7 2 8 5 0 3 1]
 [8 5 2 1 3 9 0 6 4]
 [3 1 4 7 0 6 2 5 9]]
Number of cells unfilled: 9
Accuracy: 88.88888888888889
Sample: 16779
Question:
[[2 9 0 0 0 8 0 0 0]
 [0 0 0 1 0 0 0 2 0]
 [0 0 1 5 0 0 4 0 9]
 [0 0 4 0 0 0 3 8 0]
 [0 8 9 0 0 0 6 0 0]
 [0 0 0 0 0 0 0 0 0]
 [4 5 0 0 9 0 2 0 8]
 [0 0 0 8 5 0 0 0 0]
 [9 0 0 4 0 2 0 1 0]]
Solution:
[[4 8 3 0 5 7 9 2 0]
 [0 2 5 9 6 8 1 7 3]
 [1 0 9 4 2 3 5 8 6]
 [5 4 1 6 7 0 3 9 2]
 [2 7 0 5 9 4 6 1 8]
 [9 3 6 8 1 2 7 4 5]
 [6 9 7 2 8 5 0 3 1]
 [8 5 2 1 3 9 0 6 4]
 [3 1 4 7 0 6 2 5 9]]
Number of cells unfilled: 9
Accuracy: 88.88888888888889
Sample: 16780
Question:
[[3 0 0 0 0 0 0 0 0]
 [0 7 0 0 0 0 5 0 0]
 [5 4 0 0 0 3 0 8 0]
 [0 8 0 0 0 2 0 1 0]
 [9 0 0 3 0 1 0 0 0]
 [0 0 0 5 0 0 3 0 9]
 [0 9 5 0 0 0 2 0 8]
 [1 0 0 9 0 8 0 0 3]
 [0 0 0 0 2 5 0 0 0]]
Solution:
[[4 8 3 0 5 1 9 2 0]
 [0 2 5 9 6 8 4 7 3]
 [1 0 9 4 2 3 8 0 6]
 [5 4 1 6 7 0 3 9 2]
 [2 7 0 5 9 4 6 1 8]
 [9 3 6 8 1 2 7 4 5]
 [0 9 7 2 8 5 0 3 1]
 [6 5 2 1 3 9 0 8 4]
 [3 1 4 7 0 6 2 5 9]]
Number of cells unfilled: 11
Accuracy: 86.41975308641975
Sample: 16781
Question:
[[3 0 0 0 0 0 0 8 0]
 [6 9 0 7 0 8 0 0 0]
 [0 7 0 0 0 5 0 0 6]
 [0 0 9 3 0 0 7 0 0]
 [7 0 0 0 0 6 0 0 0]
 [8 0 0 0 0 9 0 4 1]
 [0 0 0 9 0 0 0 0 0]
 [5 0 3 8 6 0 0 0 0]
 [0 0 0 0 5 7 6 0 0]]
Solution:
[[4 8 3 0 5 1 9 2 0]
 [0 2 5 9 6 8 1 7 3]
 [1 0 9 4 2 3 5 0 6]
 [5 4 1 6 7 0 3 9 2]
 [2 7 0 5 9 4 6 1 8]
 [9 3 6 8 1 2 7 4 5]
 [0 9 7 2 8 5 0 3 1]
 [6 5 2 1 3 9 0 8 4]
 [8 1 4 7 0 6 2 5 9]]
Number of cells unfilled: 11
Accuracy: 86.41975308641975
Sample: 16782
Question:
[[3 0 0 0 0 6 0 0 0]
 [5 0 0 0 0 0 0 7 0]
 [0 0 0 0 5 1 0 0 8]
 [6 0 0 0 0 0 0 0 1]
 [7 1 0 0 4 2 6 0 5]
 [0 0 8 0 0 0 7 0 0]
 [0 0 7 0 0 0 1 0 0]
 [0 6 5 0 0 0 8 0 3]
 [1 3 0 6 0 0 0 0 0]]
Solution:
[[4 8 3 5 0 1 9 2 0]
 [0 2 5 9 6 8 1 7 3]
 [1 7 9 4 2 3 8 0 6]
 [5 4 1 6 7 0 3 9 2]
 [2 0 0 3 9 4 6 1 8]
 [9 3 6 8 1 2 7 4 5]
 [6 9 7 2 8 5 0 3 1]
 [0 5 2 1 3 9 0 8 4]
 [8 1 4 7 0 6 2 5 9]]
Number of cells unfilled: 11
Accuracy: 86.41975308641975
Sample: 16783
Question:
[[3 0 0 0 8 6 0 0 0]
 [0 7 8 0 0 5 6 1 0]
 [0 0 0 0 0 0 0 3 0]
 [0 3 1 0 0 0 0 7 5]
 [0 0 0 5 0 1 0 0 0]
 [6 0 0 0 3 7 0 8 0]
 [0 4 0 0 0 8 7 0 0]
 [0 2 0 0 0 0 0 0 1]
 [8 0 0 1 0 0 0 0 0]]
Solution:
[[4 8 3 0 5 7 1 2 0]
 [0 2 5 9 6 8 4 7 3]
 [1 0 9 4 2 3 5 0 6]
 [5 4 1 6 7 0 3 9 2]
 [2 7 0 5 9 4 6 1 8]
 [9 3 6 8 1 2 7 4 5]
 [6 9 7 2 8 5 0 3 1]
 [0 5 2 1 3 9 0 8 4]
 [8 1 4 7 0 6 2 5 9]]
Number of cells unfilled: 11
Accuracy: 86.41975308641975
Sample: 16784
Question:
[[3 0 0 6 0 0 0 0 0]
 [0 0 0 0 0 5 0 0 0]
 [0 2 0 9 0 0 0 0 0]
 [0 0 0 0 0 0 0 3 4]
 [4 0 2 7 3 0 0 0 5]
 [0 0 5 0 0 8 7 2 0]
 [0 0 0 3 0 7 0 8 0]
 [0 8 0 2 5 0 0 4 0]
 [5 0 7 0 0 0 0 0 2]]
Solution:
[[4 8 3 0 5 7 9 2 0]
 [0 2 5 9 6 8 1 7 3]
 [1 7 9 4 2 3 8 0 6]
 [5 4 1 6 7 0 3 9 2]
 [2 0 0 5 9 4 6 1 8]
 [9 3 6 8 1 2 7 4 5]
 [0 9 7 2 8 5 0 3 1]
 [6 5 2 1 3 9 0 8 4]
 [3 1 4 7 0 6 2 5 9]]
Number of cells unfilled: 11
Accuracy: 86.41975308641975
Sample: 16785
Question:
[[3 0 2 0 0 0 0 0 0]
 [0 1 5 0 0 4 0 0 9]
 [9 0 0 2 1 0 3 0 5]
 [0 0 0 0 8 2 0 5 0]
 [0 0 0 0 7 0 0 9 0]
 [2 0 0 0 0 0 0 0 0]
 [0 0 4 0 0 1 0 0 0]
 [0 0 0 0 0 0 9 0 1]
 [0 0 3 9 5 0 0 4 2]]
Solution:
[[4 8 3 5 0 1 9 2 0]
 [0 2 5 9 6 8 4 7 3]
 [1 0 9 4 2 3 5 0 6]
 [5 4 1 6 7 0 3 9 2]
 [2 7 0 3 9 4 6 1 8]
 [9 3 6 8 1 2 7 4 5]
 [0 9 7 2 8 5 0 3 1]
 [6 5 2 1 3 9 0 8 4]
 [8 1 4 7 0 6 2 5 9]]
Number of cells unfilled: 11
Accuracy: 86.41975308641975
Sample: 16786
Question:
[[3 0 6 0 4 1 9 0 0]
 [0 0 0 0 9 0 6 0 1]
 [0 0 0 7 0 0 0 4 3]
 [4 0 9 0 0 0 0 1 0]
 [1 7 0 0 3 0 0 0 6]
 [0 0 0 4 0 0 0 9 7]
 [0 0 1 0 2 0 0 0 0]
 [0 3 0 0 8 0 0 0 0]
 [0 0 0 9 0 0 0 0 0]]
Solution:
[[4 8 3 5 0 1 9 2 0]
 [0 2 5 9 6 8 4 7 3]
 [1 0 9 4 2 3 5 8 6]
 [5 4 1 6 7 0 3 9 2]
 [2 7 0 3 9 4 6 1 8]
 [9 3 6 8 1 2 7 4 5]
 [6 9 7 2 8 5 0 3 1]
 [0 5 2 1 3 9 8 6 4]
 [8 1 4 7 0 6 2 5 9]]
Number of cells unfilled: 9
Accuracy: 88.88888888888889
Sample: 16787
Question:
[[3 0 7 9 0 5 0 0 6]
 [0 0 9 0 0 0 0 7 0]
 [1 0 0 0 0 6 0 0 0]
 [0 1 0 3 0 7 4 0 2]
 [5 0 0 0 0 1 0 6 0]
 [0 7 0 0 0 0 0 0 0]
 [6 3 0 0 1 0 0 0 0]
 [0 0 0 5 0 0 0 0 3]
 [0 9 0 0 6 0 7 0 0]]
Solution:
[[4 8 3 0 5 1 9 2 0]
 [0 2 5 9 6 8 4 7 3]
 [1 0 9 4 2 3 8 0 6]
 [5 4 1 6 7 0 3 9 2]
 [2 7 0 5 9 4 6 1 8]
 [9 3 6 8 1 2 7 4 5]
 [0 9 7 2 8 5 0 3 1]
 [6 5 2 1 3 9 0 8 4]
 [3 1 4 7 0 6 2 5 9]]
Number of cells unfilled: 11
Accuracy: 86.41975308641975
Sample: 16788
Question:
[[3 0 8 0 2 4 9 0 0]
 [0 5 0 0 7 0 0 0 8]
 [0 0 7 0 0 0 3 0 0]
 [7 9 0 0 3 0 6 0 5]
 [0 8 5 0 0 0 0 7 0]
 [6 0 0 0 0 0 0 0 0]
 [0 0 0 0 9 3 5 0 0]
 [0 0 6 0 0 7 0 0 0]
 [0 0 9 0 0 0 0 8 0]]
Solution:
[[4 8 3 0 5 1 9 2 0]
 [0 2 5 9 6 8 4 7 3]
 [1 0 9 4 2 3 8 0 6]
 [5 4 1 6 7 0 3 9 2]
 [2 7 0 5 9 4 6 1 8]
 [9 3 6 8 1 2 7 4 5]
 [0 9 7 2 8 5 0 3 1]
 [6 5 2 1 3 9 0 8 4]
 [8 1 4 7 0 6 2 5 9]]
Number of cells unfilled: 11
Accuracy: 86.41975308641975
Sample: 16789
Question:
[[3 6 0 0 0 0 0 9 2]
 [0 2 7 0 0 0 3 0 0]
 [1 0 0 0 0 0 6 0 0]
 [0 0 2 6 0 0 0 0 0]
 [7 0 3 0 0 0 1 0 0]
 [6 0 0 7 3 0 0 0 9]
 [0 0 1 5 4 0 0 0 3]
 [0 0 0 0 0 0 0 0 7]
 [9 0 0 0 6 0 0 1 0]]
Solution:
[[4 8 3 5 0 1 9 2 0]
 [0 2 5 9 6 8 4 7 3]
 [1 0 9 4 2 3 8 0 6]
 [5 4 1 6 7 0 3 9 2]
 [2 7 0 3 9 4 6 1 8]
 [9 3 6 8 1 2 7 4 5]
 [0 9 7 2 8 5 0 3 1]
 [6 5 2 1 3 9 0 8 4]
 [3 1 4 7 0 6 2 5 9]]
Number of cells unfilled: 11
Accuracy: 86.41975308641975
Sample: 16790
Question:
[[3 8 0 0 0 4 0 0 0]
 [0 0 0 1 0 0 0 0 8]
 [0 4 1 9 0 0 6 3 0]
 [9 6 0 0 3 0 8 4 0]
 [0 0 0 0 9 0 0 0 0]
 [0 3 0 6 0 8 0 0 1]
 [0 0 0 0 4 0 0 0 3]
 [0 0 6 0 0 0 5 0 4]
 [0 0 0 0 0 0 7 0 0]]
Solution:
[[4 8 3 0 5 1 9 2 0]
 [0 2 5 9 6 8 1 7 3]
 [1 0 9 4 2 3 8 0 6]
 [5 4 1 6 7 0 3 9 2]
 [2 7 0 3 9 4 6 1 8]
 [9 3 6 8 1 2 7 4 5]
 [0 9 7 2 8 5 0 3 1]
 [6 5 2 1 3 9 0 8 4]
 [8 1 4 7 0 6 2 5 9]]
Number of cells unfilled: 11
Accuracy: 86.41975308641975
Sample: 16791
Question:
[[3 8 0 0 0 6 5 0 0]
 [7 0 4 0 0 0 0 0 0]
 [0 0 6 4 0 3 0 7 8]
 [6 0 0 0 3 0 0 0 1]
 [0 0 0 7 6 0 0 0 2]
 [0 0 7 0 0 0 0 0 0]
 [4 0 0 0 5 0 0 6 3]
 [5 0 0 0 0 0 8 0 7]
 [0 0 0 0 0 8 0 0 0]]
Solution:
[[4 8 3 5 0 1 9 2 0]
 [0 2 5 9 6 8 4 7 3]
 [1 0 9 4 2 3 5 8 6]
 [5 4 1 6 7 0 3 9 2]
 [2 7 0 3 9 4 6 1 8]
 [9 3 6 8 1 2 7 4 5]
 [6 9 7 2 8 5 0 3 1]
 [8 5 2 1 3 9 0 6 4]
 [3 1 4 7 0 6 8 5 9]]
Number of cells unfilled: 9
Accuracy: 88.88888888888889
Sample: 16792
Question:
[[4 0 0 0 7 5 9 0 0]
 [0 0 9 2 3 0 0 6 0]
 [0 0 7 0 0 0 0 0 0]
 [0 0 1 0 0 0 0 0 5]
 [0 0 0 0 6 0 0 4 0]
 [5 0 6 0 0 0 0 7 9]
 [9 0 0 0 0 0 5 0 0]
 [6 7 0 0 0 0 4 1 0]
 [0 1 5 0 0 7 0 0 0]]
Solution:
[[4 8 3 0 5 1 9 2 0]
 [0 2 5 9 6 8 4 7 3]
 [1 0 9 4 2 3 5 8 6]
 [5 4 1 6 7 0 3 9 2]
 [2 7 0 5 9 4 6 1 8]
 [9 3 6 8 1 2 7 4 5]
 [6 9 7 2 8 5 0 3 1]
 [8 5 2 1 3 9 0 6 4]
 [3 1 4 7 0 6 8 5 9]]
Number of cells unfilled: 9
Accuracy: 88.88888888888889
Sample: 16793
Question:
[[4 0 0 8 0 0 0 2 0]
 [0 0 0 0 1 0 0 9 0]
 [0 0 0 0 0 0 0 0 4]
 [8 0 5 0 0 4 0 0 7]
 [1 6 0 0 0 0 0 0 0]
 [0 0 0 0 6 8 1 5 0]
 [7 0 4 0 0 0 0 0 5]
 [0 0 1 0 0 5 0 0 0]
 [6 0 0 7 0 1 4 8 0]]
Solution:
[[4 8 3 5 0 7 9 2 0]
 [0 2 5 9 6 8 1 7 3]
 [1 7 9 4 2 3 5 8 6]
 [5 4 1 6 7 0 3 9 2]
 [2 0 0 3 9 4 6 1 8]
 [9 3 6 8 1 2 7 4 5]
 [6 9 7 2 8 5 0 3 1]
 [8 5 2 1 3 9 0 6 4]
 [3 1 4 7 0 6 8 5 9]]
Number of cells unfilled: 9
Accuracy: 88.88888888888889
Sample: 16794
Question:
[[4 0 5 0 3 0 1 0 2]
 [0 2 6 0 0 5 0 0 0]
 [0 0 0 0 4 0 0 6 0]
 [1 0 0 0 0 0 9 0 0]
 [0 5 0 0 0 0 7 0 0]
 [0 0 0 0 0 0 0 2 0]
 [0 0 0 3 0 0 2 0 0]
 [0 3 1 2 0 0 6 0 5]
 [5 0 0 0 1 6 0 4 0]]
Solution:
[[4 8 3 0 5 7 1 2 0]
 [0 2 5 9 6 8 4 7 3]
 [1 7 9 4 2 3 5 8 6]
 [5 4 1 6 7 0 3 9 2]
 [2 0 0 5 9 4 6 1 8]
 [9 3 6 8 1 2 7 4 5]
 [6 9 7 2 8 5 0 3 1]
 [8 5 2 1 3 9 0 6 4]
 [3 1 4 7 0 6 8 5 9]]
Number of cells unfilled: 9
Accuracy: 88.88888888888889
Sample: 16795
Question:
[[4 0 6 0 0 0 0 0 0]
 [0 0 9 2 6 0 7 4 0]
 [2 7 0 9 0 0 0 0 1]
 [9 0 0 0 0 2 8 0 0]
 [0 0 4 0 0 0 0 0 9]
 [0 0 0 0 4 0 5 0 0]
 [6 0 0 0 0 1 2 9 0]
 [0 0 0 7 0 0 0 0 0]
 [1 0 0 0 0 0 4 0 7]]
Solution:
[[4 8 3 5 0 7 9 2 0]
 [0 2 5 9 6 8 1 7 3]
 [1 0 9 4 2 3 5 8 6]
 [5 4 1 6 7 0 3 9 2]
 [2 7 0 3 9 4 6 1 8]
 [9 3 6 8 1 2 7 4 5]
 [6 9 7 2 8 5 0 3 1]
 [8 5 2 1 3 9 0 6 4]
 [3 1 4 7 0 6 8 5 9]]
Number of cells unfilled: 9
Accuracy: 88.88888888888889
Sample: 16796
Question:
[[4 0 9 0 6 3 0 0 0]
 [0 3 0 0 1 0 0 0 0]
 [0 0 0 7 0 4 0 0 0]
 [0 1 0 6 7 0 0 0 0]
 [0 7 0 4 0 0 0 3 0]
 [9 0 0 0 0 0 6 0 0]
 [0 0 1 0 9 0 0 0 7]
 [7 0 0 3 0 0 0 0 0]
 [6 0 3 1 0 0 5 2 0]]
Solution:
[[4 8 3 0 5 1 9 2 0]
 [0 2 5 9 6 8 4 7 3]
 [1 0 9 4 2 3 5 8 6]
 [5 4 1 6 7 0 3 9 2]
 [2 7 0 3 9 4 6 1 8]
 [9 3 6 8 1 2 7 4 5]
 [6 9 7 2 8 5 0 3 1]
 [8 5 2 1 3 9 0 6 4]
 [3 1 4 7 0 6 2 5 9]]
Number of cells unfilled: 9
Accuracy: 88.88888888888889
Sample: 16797
Question:
[[4 1 0 0 0 0 5 0 7]
 [8 0 0 5 0 0 0 0 0]
 [0 0 6 0 7 4 0 1 0]
 [1 0 4 0 6 8 0 0 0]
 [0 0 0 0 0 1 0 0 4]
 [7 8 0 0 5 0 0 6 0]
 [0 0 0 0 0 0 0 0 0]
 [2 0 0 0 8 0 0 7 0]
 [3 0 0 0 0 0 1 8 0]]
Solution:
[[4 8 3 0 5 1 9 2 0]
 [0 2 5 9 6 8 4 7 3]
 [1 0 9 4 2 3 5 0 6]
 [5 4 1 6 7 0 3 9 2]
 [2 7 0 5 9 4 6 1 8]
 [9 3 6 8 1 2 7 4 5]
 [0 9 7 2 8 5 0 3 1]
 [6 5 2 1 3 9 0 8 4]
 [8 1 4 7 0 6 2 5 9]]
Number of cells unfilled: 11
Accuracy: 86.41975308641975
Sample: 16798
Question:
[[4 1 0 0 9 0 0 2 0]
 [0 7 0 2 0 0 3 0 0]
 [0 0 0 0 5 0 0 0 0]
 [0 0 0 3 6 0 9 0 7]
 [0 0 0 0 0 0 0 5 6]
 [0 0 0 5 0 7 2 0 0]
 [5 9 0 0 3 0 7 0 0]
 [0 0 0 0 0 2 5 9 0]
 [7 0 0 0 0 0 0 6 0]]
Solution:
[[4 8 3 0 5 1 9 2 0]
 [0 2 5 9 6 8 4 7 3]
 [1 0 9 4 2 3 8 0 6]
 [5 4 1 6 7 0 3 9 2]
 [2 7 0 5 9 4 6 1 8]
 [9 3 6 8 1 2 7 4 5]
 [0 9 7 2 8 5 0 3 1]
 [6 5 2 1 3 9 0 8 4]
 [3 1 4 7 0 6 2 5 9]]
Number of cells unfilled: 11
Accuracy: 86.41975308641975
Sample: 16799
Question:
[[4 5 0 8 0 0 9 2 0]
 [0 0 2 4 0 0 0 0 1]
 [0 1 0 0 0 0 0 0 0]
 [2 0 0 0 0 0 0 3 0]
 [0 0 0 0 0 5 0 0 0]
 [9 0 5 0 0 0 0 7 0]
 [0 2 8 0 0 9 5 1 0]
 [0 9 0 2 1 0 0 0 4]
 [0 0 0 5 0 8 0 0 0]]
Solution:
[[4 8 3 5 0 7 1 2 0]
 [0 2 5 9 6 8 4 7 3]
 [1 0 9 4 2 3 5 0 6]
 [5 4 1 6 7 0 3 9 2]
 [2 7 0 3 9 4 6 1 8]
 [9 3 6 8 1 2 7 4 5]
 [0 9 7 2 8 5 0 3 1]
 [6 5 2 1 3 9 0 8 4]
 [3 1 4 7 0 6 2 5 9]]
Number of cells unfilled: 11
Accuracy: 86.41975308641975
Sample: 16800
Question:
[[4 8 0 0 0 0 0 2 0]
 [0 0 0 9 0 8 0 7 0]
 [0 0 9 4 2 0 0 0 6]
 [0 0 0 6 7 0 0 0 2]
 [2 0 0 0 9 0 0 0 0]
 [0 0 6 8 0 0 7 4 0]
 [0 9 7 0 0 0 0 3 0]
 [0 0 0 0 0 0 0 0 0]
 [0 0 4 7 0 0 0 5 9]]
Solution:
[[4 8 3 5 0 1 9 2 0]
 [0 2 5 9 6 8 4 7 3]
 [1 7 9 4 2 3 5 8 6]
 [5 4 1 6 7 0 3 9 2]
 [2 0 0 3 9 4 6 1 8]
 [9 3 6 8 1 2 7 4 5]
 [6 9 7 2 8 5 0 3 1]
 [8 5 2 1 3 9 0 6 4]
 [3 1 4 7 0 6 2 5 9]]
Number of cells unfilled: 9
Accuracy: 88.88888888888889
