2025-10-22 13:25:57.911954: I tensorflow/core/util/port.cc:153] oneDNN custom operations are on. You may see slightly different numerical results due to floating-point round-off errors from different computation orders. To turn them off, set the environment variable `TF_ENABLE_ONEDNN_OPTS=0`.
2025-10-22 13:25:58.006612: I tensorflow/core/platform/cpu_feature_guard.cc:210] This TensorFlow binary is optimized to use available CPU instructions in performance-critical operations.
To enable the following instructions: AVX2 AVX512F AVX512_VNNI FMA, in other operations, rebuild TensorFlow with the appropriate compiler flags.
2025-10-22 13:26:03.293287: I tensorflow/core/util/port.cc:153] oneDNN custom operations are on. You may see slightly different numerical results due to floating-point round-off errors from different computation orders. To turn them off, set the environment variable `TF_ENABLE_ONEDNN_OPTS=0`.
2025-10-22 13:26:09.779027: E external/local_xla/xla/stream_executor/cuda/cuda_platform.cc:51] failed call to cuInit: INTERNAL: CUDA error: Failed call to cuInit: UNKNOWN ERROR (303)
Sample: 1701
Question:
[[0 0 7 0 3 0 5 0 0]
 [4 0 0 0 0 0 0 0 6]
 [0 0 0 0 0 1 0 7 4]
 [0 0 4 0 7 0 0 5 0]
 [0 0 3 1 6 5 0 4 8]
 [0 0 0 0 0 3 0 0 0]
 [0 0 6 0 8 0 0 0 5]
 [3 0 0 0 0 0 8 0 0]
 [0 9 0 0 0 2 0 6 0]]
Solution:
[[3 9 8 0 5 6 2 1 7]
 [7 0 6 3 4 1 5 0 9]
 [4 5 1 7 9 0 6 3 8]
 [8 4 0 5 1 3 7 6 2]
 [1 7 9 0 0 2 4 8 3]
 [5 3 2 9 6 7 1 0 0]
 [6 0 3 0 8 9 0 2 1]
 [9 0 4 1 2 5 8 7 6]
 [0 2 5 6 7 4 3 9 0]]
Number of cells unfilled: 15
Accuracy: 81.48148148148148
Sample: 1702
Question:
[[0 0 7 0 9 8 0 0 1]
 [0 0 0 1 0 0 0 0 0]
 [0 8 0 5 4 0 0 6 0]
 [0 5 0 2 8 0 0 4 0]
 [0 0 0 0 0 0 0 0 3]
 [2 0 0 0 0 0 8 0 0]
 [4 0 2 0 6 0 0 9 0]
 [0 9 0 0 0 0 6 0 0]
 [0 0 5 9 2 0 0 0 4]]
Solution:
[[3 9 8 0 5 6 2 1 7]
 [7 0 6 3 4 8 5 0 9]
 [4 5 1 7 9 0 6 3 8]
 [8 4 0 5 1 3 7 6 2]
 [1 7 9 0 0 2 4 8 3]
 [5 3 2 9 6 7 1 0 0]
 [6 0 3 0 8 9 0 2 1]
 [9 0 4 1 2 5 8 7 6]
 [0 2 5 6 7 4 3 9 0]]
Number of cells unfilled: 15
Accuracy: 81.48148148148148
Sample: 1703
Question:
[[0 7 0 0 2 5 3 0 0]
 [0 0 6 7 0 0 0 0 0]
 [2 0 0 0 4 0 0 0 7]
 [0 0 1 0 0 4 9 0 0]
 [0 6 0 5 0 0 0 0 2]
 [8 0 0 0 1 0 0 0 0]
 [0 5 0 4 0 0 0 0 3]
 [0 0 3 0 0 9 0 8 0]
 [0 0 0 0 0 0 6 0 0]]
Solution:
[[3 9 8 0 5 6 2 1 4]
 [2 0 6 3 4 8 5 0 9]
 [4 5 1 7 9 0 6 3 8]
 [8 4 0 9 1 5 7 6 2]
 [1 7 9 0 0 2 4 8 3]
 [5 3 2 4 6 7 1 0 0]
 [6 0 3 5 8 9 0 2 1]
 [9 0 4 1 2 3 8 7 6]
 [7 2 5 6 0 4 3 9 0]]
Number of cells unfilled: 14
Accuracy: 82.71604938271605
Sample: 1704
Question:
[[0 3 0 9 0 0 0 2 0]
 [0 0 0 0 0 5 0 0 8]
 [1 0 0 0 7 0 9 0 0]
 [0 0 6 0 4 7 0 0 0]
 [4 0 0 5 0 0 7 0 0]
 [0 7 0 0 0 1 0 0 0]
 [0 8 0 0 0 0 0 3 0]
 [7 0 0 0 0 9 5 0 0]
 [0 0 2 0 0 0 0 0 6]]
Solution:
[[3 9 8 0 5 6 2 1 7]
 [2 0 6 3 4 8 5 0 9]
 [4 5 1 7 9 0 6 3 8]
 [8 4 0 9 1 0 7 6 5]
 [1 7 9 0 0 2 4 8 3]
 [5 3 2 8 6 7 1 0 0]
 [6 0 3 5 8 9 0 2 1]
 [9 0 4 1 2 3 8 7 6]
 [7 2 5 6 0 4 3 9 0]]
Number of cells unfilled: 15
Accuracy: 81.48148148148148
Sample: 1705
Question:
[[4 0 0 0 3 0 0 0 6]
 [0 9 0 0 0 8 0 0 0]
 [0 0 0 0 0 1 0 5 0]
 [0 2 0 0 0 0 0 0 4]
 [0 0 0 8 0 0 0 0 7]
 [6 0 0 0 7 0 0 3 0]
 [0 0 2 0 0 9 0 0 3]
 [3 0 0 0 5 0 7 0 0]
 [0 1 0 0 0 0 0 6 0]]
Solution:
[[3 9 8 0 5 6 2 1 4]
 [2 0 6 3 4 1 5 0 9]
 [4 5 1 7 9 8 6 3 0]
 [8 4 0 9 1 5 7 6 2]
 [1 7 9 0 0 2 4 8 3]
 [5 3 2 8 6 7 1 9 0]
 [6 0 3 5 8 9 0 2 1]
 [9 8 4 1 2 3 0 7 6]
 [7 2 5 6 0 4 3 0 8]]
Number of cells unfilled: 13
Accuracy: 83.9506172839506
Sample: 1706
Question:
[[0 0 9 0 3 1 0 0 0]
 [0 6 0 0 0 7 0 1 0]
 [1 0 0 0 0 0 0 7 0]
 [0 0 1 0 8 2 5 0 0]
 [0 7 0 0 0 0 0 3 9]
 [0 8 6 0 0 0 0 0 2]
 [0 9 0 0 2 0 4 0 0]
 [0 0 0 0 7 0 0 0 6]
 [6 4 0 9 0 0 0 0 0]]
Solution:
[[3 9 8 0 5 6 2 1 7]
 [7 0 6 3 4 1 5 0 9]
 [4 5 1 7 9 0 6 3 8]
 [8 4 0 9 1 0 7 6 5]
 [1 7 9 0 0 2 4 8 3]
 [5 3 2 8 6 7 1 0 0]
 [6 0 3 5 8 9 0 2 1]
 [9 0 4 1 2 3 8 7 6]
 [0 2 5 6 7 4 3 9 0]]
Number of cells unfilled: 15
Accuracy: 81.48148148148148
Sample: 1707
Question:
[[2 0 0 0 0 6 0 0 0]
 [7 5 0 0 8 0 0 1 0]
 [0 0 9 3 7 0 2 0 0]
 [0 9 0 7 5 0 3 0 0]
 [5 0 7 0 0 0 0 0 0]
 [3 0 0 0 6 8 0 0 0]
 [0 0 0 0 0 0 0 6 0]
 [0 0 0 0 0 0 0 0 4]
 [9 0 0 6 2 0 7 0 0]]
Solution:
[[3 9 8 0 5 6 2 1 7]
 [2 0 6 3 4 1 5 0 9]
 [4 5 1 7 9 0 6 3 8]
 [8 4 0 9 1 0 7 6 5]
 [1 7 9 0 0 2 4 8 3]
 [5 3 2 4 6 8 1 0 0]
 [6 0 3 5 8 9 0 2 1]
 [9 0 4 1 2 3 8 7 6]
 [7 2 5 6 0 4 3 9 0]]
Number of cells unfilled: 15
Accuracy: 81.48148148148148
Sample: 1708
Question:
[[4 0 0 0 0 9 6 8 0]
 [0 0 0 6 7 0 0 0 4]
 [0 0 0 0 8 0 0 0 5]
 [6 0 0 9 0 0 7 4 0]
 [0 0 0 0 0 0 0 9 0]
 [0 9 0 0 0 0 0 0 6]
 [9 0 4 8 0 0 0 0 2]
 [0 3 1 0 0 4 0 0 9]
 [8 0 0 0 0 0 0 7 0]]
Solution:
[[3 9 8 0 5 6 2 1 4]
 [7 0 6 3 4 8 5 0 9]
 [4 5 1 7 9 0 6 3 8]
 [8 4 0 9 1 3 7 6 2]
 [1 7 9 5 0 2 4 8 3]
 [5 3 2 8 6 7 1 9 0]
 [6 0 3 0 8 9 0 2 1]
 [9 0 4 1 2 5 8 7 6]
 [0 2 7 6 0 4 3 5 0]]
Number of cells unfilled: 14
Accuracy: 82.71604938271605
Sample: 1709
Question:
[[0 0 3 0 0 4 5 0 0]
 [0 8 0 0 0 0 0 0 0]
 [4 1 0 0 2 0 0 0 3]
 [0 0 8 0 5 0 0 0 9]
 [0 5 0 6 0 0 0 7 0]
 [1 0 0 0 0 3 4 0 0]
 [0 3 0 7 0 0 0 6 0]
 [0 0 1 0 9 0 0 0 0]
 [8 0 0 0 0 5 2 0 0]]
Solution:
[[3 9 8 2 5 6 0 1 7]
 [2 0 6 3 4 1 5 0 9]
 [4 5 1 7 9 8 6 3 2]
 [8 4 0 0 1 0 7 6 5]
 [1 7 9 0 0 2 4 8 3]
 [5 3 2 9 6 7 1 0 0]
 [6 0 3 5 8 9 0 2 1]
 [9 8 4 1 2 3 0 7 6]
 [7 2 5 6 0 4 3 9 8]]
Number of cells unfilled: 14
Accuracy: 82.71604938271605
Sample: 1710
Question:
[[0 0 3 0 5 0 0 9 0]
 [2 0 0 0 0 6 0 0 0]
 [0 4 0 7 0 0 0 0 1]
 [4 0 0 2 0 0 0 0 0]
 [0 7 0 0 0 0 0 0 0]
 [0 0 5 0 1 0 9 0 0]
 [0 0 0 0 0 8 1 5 0]
 [0 0 8 0 3 0 0 0 9]
 [6 0 0 5 0 0 3 8 0]]
Solution:
[[3 9 8 0 5 6 2 1 7]
 [2 0 6 3 4 8 5 0 9]
 [4 5 1 7 9 0 6 3 8]
 [8 4 0 9 1 0 7 6 5]
 [1 7 9 0 0 2 4 8 3]
 [5 3 2 4 6 7 1 0 0]
 [6 0 3 5 8 9 0 2 1]
 [9 0 4 1 2 3 8 7 6]
 [7 2 5 6 0 4 3 9 0]]
Number of cells unfilled: 15
Accuracy: 81.48148148148148
Sample: 1711
Question:
[[0 0 0 0 0 2 1 0 8]
 [0 0 1 0 0 0 3 0 0]
 [8 0 0 0 0 0 0 5 7]
 [0 0 0 0 0 0 0 0 2]
 [0 0 9 6 0 0 4 0 0]
 [4 0 0 0 0 5 0 7 0]
 [0 0 6 3 0 0 0 0 0]
 [0 1 0 0 9 0 0 0 0]
 [5 0 0 0 0 8 0 0 4]]
Solution:
[[3 9 8 0 5 6 2 1 7]
 [2 0 6 3 4 1 5 0 9]
 [4 5 1 7 9 0 6 3 8]
 [8 4 0 9 1 5 7 6 2]
 [1 7 9 0 0 2 4 8 3]
 [5 3 2 4 6 8 1 0 0]
 [6 0 3 5 8 9 0 2 1]
 [9 0 4 1 2 3 8 7 6]
 [7 2 5 6 0 4 3 9 0]]
Number of cells unfilled: 14
Accuracy: 82.71604938271605
Sample: 1712
Question:
[[8 9 0 0 0 0 0 4 0]
 [0 0 6 4 9 0 0 0 5]
 [0 0 0 0 0 1 0 0 0]
 [6 0 8 0 4 0 0 2 0]
 [0 1 0 0 8 0 6 7 0]
 [0 0 2 1 0 0 0 0 0]
 [0 0 0 0 6 0 0 3 0]
 [0 0 0 0 3 2 7 0 0]
 [0 0 0 7 0 0 0 8 6]]
Solution:
[[3 9 8 0 5 6 2 1 7]
 [2 0 6 3 4 1 5 0 9]
 [4 5 1 7 9 0 6 3 8]
 [8 4 0 9 1 0 7 6 5]
 [1 7 9 0 0 2 4 8 3]
 [5 3 2 4 6 7 1 0 0]
 [6 0 3 5 8 9 0 2 1]
 [9 0 4 1 2 3 8 7 6]
 [7 2 5 6 0 4 3 9 0]]
Number of cells unfilled: 15
Accuracy: 81.48148148148148
Sample: 1713
Question:
[[0 0 9 0 0 0 0 0 0]
 [7 0 0 0 8 0 0 0 0]
 [0 5 0 0 4 6 0 0 2]
 [0 6 7 4 1 0 0 0 3]
 [0 0 0 0 3 0 0 0 0]
 [5 1 0 0 6 9 7 0 0]
 [2 8 0 0 0 0 3 0 5]
 [6 7 0 0 0 2 4 0 0]
 [0 0 0 0 0 0 0 1 0]]
Solution:
[[3 9 8 0 5 6 2 1 4]
 [7 0 6 3 4 1 5 0 9]
 [4 5 1 7 9 0 6 3 8]
 [8 4 0 9 1 3 7 6 5]
 [1 7 9 5 0 2 4 8 3]
 [5 3 2 4 6 8 1 0 0]
 [6 0 3 0 8 9 0 2 1]
 [9 0 4 1 2 5 8 7 6]
 [0 2 5 6 7 4 3 9 0]]
Number of cells unfilled: 14
Accuracy: 82.71604938271605
Sample: 1714
Question:
[[0 4 0 0 5 9 0 1 3]
 [0 6 0 2 0 0 0 4 0]
 [5 9 0 6 0 0 8 0 0]
 [0 8 6 5 7 0 0 0 9]
 [1 0 4 0 0 8 0 7 0]
 [9 0 0 0 0 6 0 0 0]
 [0 0 3 1 0 4 0 6 0]
 [0 2 7 0 8 0 1 0 0]
 [0 0 0 0 0 0 0 5 8]]
Solution:
[[3 9 8 0 5 6 2 1 7]
 [2 0 6 3 4 1 5 0 9]
 [4 5 1 7 9 0 6 3 8]
 [8 4 0 0 1 0 7 6 5]
 [1 7 9 0 0 2 4 8 3]
 [5 3 2 9 6 8 1 0 0]
 [6 0 3 5 8 9 0 2 1]
 [9 0 4 1 2 3 8 7 6]
 [7 2 5 6 0 4 3 9 0]]
Number of cells unfilled: 16
Accuracy: 80.24691358024691
Sample: 1715
Question:
[[0 0 0 0 0 0 3 0 0]
 [0 0 6 0 7 3 0 0 9]
 [7 3 0 0 0 0 4 2 0]
 [0 8 0 7 0 0 9 0 0]
 [0 0 0 0 0 0 0 0 0]
 [0 0 9 0 6 1 0 0 5]
 [0 0 4 0 1 0 0 0 0]
 [0 6 0 0 4 9 1 5 0]
 [9 0 0 6 0 0 0 0 4]]
Solution:
[[3 9 8 2 5 6 0 1 4]
 [2 0 6 3 4 1 5 0 9]
 [4 5 1 7 9 8 6 3 2]
 [8 4 0 9 1 0 7 6 5]
 [1 7 9 0 0 2 4 8 3]
 [5 3 2 8 6 7 1 0 0]
 [6 0 3 5 8 9 0 2 1]
 [9 8 4 1 2 3 0 7 6]
 [7 2 5 6 0 4 3 9 8]]
Number of cells unfilled: 13
Accuracy: 83.9506172839506
Sample: 1716
Question:
[[1 7 0 5 0 0 8 0 0]
 [8 0 0 0 9 0 0 1 0]
 [0 0 4 1 0 0 0 0 0]
 [6 0 0 0 0 9 0 8 0]
 [0 0 3 0 8 0 0 0 0]
 [0 0 7 6 0 0 2 0 0]
 [3 0 0 9 0 5 0 6 0]
 [0 0 0 0 6 0 3 0 0]
 [7 0 0 8 0 0 0 5 0]]
Solution:
[[3 9 8 0 5 6 2 1 7]
 [7 0 6 3 4 1 5 0 9]
 [4 5 1 7 9 0 6 3 8]
 [8 4 0 9 1 3 7 6 5]
 [1 7 9 5 0 2 4 8 3]
 [5 3 2 8 6 7 1 0 0]
 [6 0 3 0 8 9 0 2 1]
 [9 0 4 1 2 5 8 7 6]
 [0 2 5 6 7 4 3 9 0]]
Number of cells unfilled: 14
Accuracy: 82.71604938271605
Sample: 1717
Question:
[[0 0 0 4 6 0 2 3 0]
 [0 3 4 0 9 0 0 0 0]
 [1 9 0 8 5 0 0 0 6]
 [0 6 0 0 8 0 1 0 0]
 [2 0 7 0 0 0 0 9 5]
 [0 0 5 3 0 0 0 6 7]
 [7 0 0 6 0 0 9 4 2]
 [9 0 0 0 1 4 7 0 0]
 [0 0 0 0 0 2 0 5 0]]
Solution:
[[3 9 8 0 5 6 2 1 4]
 [2 0 6 3 4 8 5 0 9]
 [4 5 1 7 9 0 6 3 8]
 [8 4 0 9 1 0 7 6 5]
 [1 7 9 0 0 2 4 8 3]
 [5 3 2 4 6 7 1 0 0]
 [6 0 3 5 8 9 0 2 1]
 [9 0 4 1 2 3 8 7 6]
 [7 2 5 6 0 4 3 9 0]]
Number of cells unfilled: 15
Accuracy: 81.48148148148148
Sample: 1718
Question:
[[2 0 0 0 0 6 0 0 7]
 [0 4 0 0 0 0 0 0 0]
 [0 0 0 0 5 0 2 0 0]
 [0 6 7 0 0 3 0 2 0]
 [0 1 2 0 7 0 0 0 3]
 [3 0 0 0 0 0 0 0 0]
 [0 2 8 9 0 0 3 0 0]
 [1 0 0 8 0 2 0 0 6]
 [6 0 0 0 0 7 8 0 0]]
Solution:
[[3 9 8 0 5 6 2 1 4]
 [2 0 6 3 4 8 5 0 9]
 [4 5 1 7 9 0 6 3 8]
 [8 4 0 9 1 3 7 6 2]
 [1 7 9 5 0 2 4 8 3]
 [5 3 2 8 6 7 1 0 0]
 [6 0 3 0 8 9 0 2 1]
 [9 0 4 1 2 5 8 7 6]
 [7 2 5 6 0 4 3 9 0]]
Number of cells unfilled: 14
Accuracy: 82.71604938271605
Sample: 1719
Question:
[[0 3 0 5 0 0 7 0 0]
 [1 0 0 0 0 6 0 2 0]
 [0 0 0 0 4 0 0 0 0]
 [3 0 0 0 5 0 0 0 4]
 [0 0 0 9 0 0 8 0 0]
 [0 7 0 0 0 3 0 6 0]
 [0 0 3 0 0 2 0 1 0]
 [7 2 0 1 0 0 0 0 8]
 [6 1 0 0 9 0 0 0 0]]
Solution:
[[3 9 8 0 5 6 2 1 7]
 [2 0 6 3 4 8 5 0 9]
 [4 5 1 7 9 0 6 3 8]
 [8 4 0 9 1 3 7 6 5]
 [1 7 9 5 0 2 4 8 3]
 [5 3 2 8 6 7 1 0 0]
 [6 0 3 0 8 9 0 2 1]
 [9 0 4 1 2 5 8 7 6]
 [7 2 5 6 0 4 3 9 0]]
Number of cells unfilled: 14
Accuracy: 82.71604938271605
Sample: 1720
Question:
[[5 0 0 1 9 0 0 6 0]
 [3 0 7 0 0 0 0 2 0]
 [0 0 0 0 0 0 8 0 0]
 [0 0 0 0 0 6 0 0 1]
 [0 0 0 0 0 9 3 0 0]
 [0 0 0 0 1 0 7 0 0]
 [0 0 0 0 4 0 0 0 0]
 [8 0 1 9 2 0 5 0 0]
 [9 2 0 7 0 5 0 0 0]]
Solution:
[[3 9 8 0 5 6 2 1 4]
 [7 0 6 3 4 8 5 0 9]
 [4 5 1 7 9 0 6 3 8]
 [8 4 0 9 1 0 7 6 5]
 [1 7 9 0 0 2 4 8 3]
 [5 3 2 8 6 7 1 0 0]
 [6 0 3 5 8 9 0 2 1]
 [9 0 4 1 2 3 8 7 6]
 [0 2 5 6 7 4 3 9 0]]
Number of cells unfilled: 15
Accuracy: 81.48148148148148
Sample: 1721
Question:
[[0 0 0 0 0 3 0 0 0]
 [3 0 0 1 2 0 0 7 0]
 [0 1 0 7 6 0 0 0 0]
 [4 0 0 2 0 0 0 0 5]
 [0 7 0 0 0 6 0 1 0]
 [6 0 0 0 0 0 9 0 0]
 [0 6 0 0 0 2 0 3 0]
 [5 0 0 0 8 0 0 0 0]
 [0 2 8 0 0 7 4 5 0]]
Solution:
[[3 9 8 0 5 6 2 1 4]
 [7 0 6 3 4 8 5 0 9]
 [4 5 1 7 9 0 6 3 8]
 [8 4 0 9 1 0 7 6 5]
 [1 7 9 0 0 2 4 8 3]
 [5 3 2 4 6 7 1 0 0]
 [6 0 3 5 8 9 0 2 1]
 [9 0 4 1 2 3 8 7 6]
 [0 2 5 6 7 4 3 9 0]]
Number of cells unfilled: 15
Accuracy: 81.48148148148148
Sample: 1722
Question:
[[0 0 0 0 4 0 0 7 9]
 [0 0 7 3 0 8 5 0 0]
 [6 0 0 0 0 0 0 3 8]
 [1 0 0 0 0 0 0 0 0]
 [0 0 3 9 0 2 0 5 1]
 [0 2 0 1 0 0 0 0 0]
 [0 0 0 4 2 0 0 0 0]
 [0 0 5 8 0 9 0 0 3]
 [0 0 0 0 0 3 0 8 0]]
Solution:
[[3 9 8 0 5 6 2 1 4]
 [7 0 6 3 4 1 5 0 9]
 [4 5 1 7 9 0 6 3 8]
 [8 4 0 9 1 3 7 6 5]
 [1 7 9 5 0 2 4 8 3]
 [5 3 2 4 6 7 1 9 0]
 [6 0 3 0 8 9 0 2 1]
 [9 0 4 1 2 5 8 7 6]
 [0 2 7 6 0 4 3 5 0]]
Number of cells unfilled: 14
Accuracy: 82.71604938271605
Sample: 1723
Question:
[[0 0 5 0 7 0 4 0 0]
 [0 6 0 0 0 8 0 0 0]
 [9 0 0 5 0 0 0 2 0]
 [0 8 0 0 0 0 0 0 1]
 [5 0 0 0 1 0 0 9 0]
 [0 0 1 4 0 0 5 0 0]
 [3 0 0 0 0 6 0 0 7]
 [0 0 7 2 0 0 0 3 0]
 [0 5 0 0 3 0 9 0 0]]
Solution:
[[3 9 8 0 5 6 2 1 4]
 [2 0 6 3 4 1 5 0 9]
 [4 5 1 7 9 0 6 3 8]
 [8 4 0 9 1 3 7 6 5]
 [1 7 9 5 0 2 4 8 3]
 [5 3 2 8 6 7 1 0 0]
 [6 0 3 0 8 9 0 2 1]
 [9 0 4 1 2 5 8 7 6]
 [7 2 5 6 0 4 3 9 0]]
Number of cells unfilled: 14
Accuracy: 82.71604938271605
Sample: 1724
Question:
[[0 0 0 0 0 1 9 0 2]
 [0 0 1 7 0 0 0 0 0]
 [0 0 0 4 0 9 0 0 1]
 [0 8 0 0 4 0 5 6 0]
 [6 0 0 0 0 0 0 0 0]
 [0 1 5 0 0 6 0 0 3]
 [4 0 0 0 0 0 7 3 0]
 [0 0 2 5 6 0 0 8 4]
 [0 0 0 0 0 0 0 0 0]]
Solution:
[[3 9 8 0 5 6 2 1 4]
 [2 0 6 3 4 1 5 0 9]
 [4 5 1 7 9 0 6 3 8]
 [8 4 0 9 1 3 7 6 5]
 [1 7 9 5 0 2 4 8 3]
 [5 3 2 4 6 8 1 0 0]
 [6 0 3 0 8 9 0 2 1]
 [9 0 4 1 2 5 8 7 6]
 [7 2 5 6 0 4 3 9 0]]
Number of cells unfilled: 14
Accuracy: 82.71604938271605
Sample: 1725
Question:
[[0 5 0 0 0 0 0 0 7]
 [0 0 0 8 0 1 0 2 0]
 [0 0 0 0 9 0 0 0 8]
 [0 0 0 0 0 6 5 4 0]
 [0 0 1 0 0 0 0 7 0]
 [5 0 0 7 2 8 0 1 3]
 [3 6 0 9 0 0 0 0 0]
 [0 9 0 0 0 0 0 0 0]
 [0 8 0 0 6 0 3 0 0]]
Solution:
[[3 9 8 0 5 6 2 1 4]
 [2 0 6 3 4 1 5 0 9]
 [4 5 1 7 9 0 6 3 8]
 [8 4 0 9 1 3 7 6 5]
 [1 7 9 5 0 2 4 8 3]
 [5 3 2 4 6 8 1 0 0]
 [6 0 3 0 8 9 0 2 1]
 [9 0 4 1 2 5 8 7 6]
 [7 2 5 6 0 4 3 9 0]]
Number of cells unfilled: 14
Accuracy: 82.71604938271605
Sample: 1726
Question:
[[0 3 0 0 0 0 1 0 0]
 [0 0 5 0 3 0 0 0 4]
 [7 4 0 0 0 0 2 0 0]
 [5 0 0 2 0 0 0 9 0]
 [0 0 0 0 0 0 8 0 0]
 [0 6 0 0 4 0 0 0 5]
 [0 0 6 8 0 0 0 0 0]
 [0 5 0 0 0 9 0 1 0]
 [3 0 0 0 6 0 0 0 7]]
Solution:
[[3 9 8 2 5 6 0 1 4]
 [2 0 6 3 4 1 5 0 9]
 [4 5 1 7 9 8 6 3 2]
 [8 4 0 9 1 0 7 6 5]
 [1 7 9 0 0 2 4 8 3]
 [5 3 2 4 6 7 1 9 0]
 [6 0 3 5 8 9 0 2 1]
 [9 8 4 1 2 3 0 7 6]
 [7 2 5 6 0 4 3 0 8]]
Number of cells unfilled: 13
Accuracy: 83.9506172839506
Sample: 1727
Question:
[[0 0 1 8 0 0 0 5 0]
 [0 4 0 0 0 6 7 0 1]
 [0 3 0 0 0 0 8 0 0]
 [0 0 0 0 0 9 6 0 0]
 [0 0 0 0 0 0 1 2 0]
 [1 0 6 7 0 0 0 0 5]
 [0 0 0 0 0 0 0 0 0]
 [2 0 8 6 0 0 5 0 0]
 [7 0 0 0 2 0 0 6 0]]
Solution:
[[3 9 8 2 5 6 0 1 7]
 [2 0 6 3 4 1 5 0 9]
 [4 5 1 7 9 8 6 3 2]
 [8 4 0 9 1 0 7 6 5]
 [1 7 9 0 0 2 4 8 3]
 [5 3 2 4 6 7 1 0 0]
 [6 0 3 5 8 9 0 2 1]
 [9 8 4 1 2 3 0 7 6]
 [7 2 5 6 0 4 3 9 8]]
Number of cells unfilled: 13
Accuracy: 83.9506172839506
Sample: 1728
Question:
[[0 1 0 0 0 5 0 0 0]
 [5 0 8 6 0 3 0 1 0]
 [2 0 0 0 1 0 0 0 8]
 [0 0 9 0 0 0 0 0 0]
 [8 0 0 0 0 0 0 0 2]
 [0 3 0 0 6 0 0 8 0]
 [0 5 0 0 0 0 0 2 3]
 [0 0 0 4 0 7 0 0 0]
 [0 8 0 0 5 0 0 6 0]]
Solution:
[[3 9 8 0 5 6 2 1 4]
 [2 0 6 3 4 1 5 0 9]
 [4 5 1 7 9 8 6 3 0]
 [8 4 0 9 1 3 7 6 2]
 [1 7 9 5 0 2 4 8 3]
 [5 3 2 4 6 7 1 9 0]
 [6 0 3 0 8 9 0 2 1]
 [9 8 4 1 2 5 0 7 6]
 [7 2 5 6 0 4 3 0 8]]
Number of cells unfilled: 13
Accuracy: 83.9506172839506
Sample: 1729
Question:
[[3 0 0 0 1 0 0 0 2]
 [0 1 0 0 0 8 0 0 0]
 [0 4 0 6 0 0 1 0 0]
 [8 0 0 0 5 0 0 2 0]
 [0 7 0 0 0 0 0 0 5]
 [0 0 4 0 0 0 3 0 1]
 [4 0 7 0 9 0 2 0 0]
 [9 0 0 0 8 0 5 0 3]
 [0 8 0 0 0 0 0 9 0]]
Solution:
[[3 9 8 0 5 6 2 1 7]
 [7 0 6 3 4 8 5 0 9]
 [4 5 1 7 9 0 6 3 8]
 [8 4 0 9 1 3 7 6 5]
 [1 7 9 5 0 2 4 8 3]
 [5 3 2 4 6 7 1 0 0]
 [6 0 3 0 8 9 0 2 1]
 [9 0 4 1 2 5 8 7 6]
 [0 2 5 6 7 4 3 9 0]]
Number of cells unfilled: 14
Accuracy: 82.71604938271605
Sample: 1730
Question:
[[5 0 8 0 0 0 0 0 1]
 [0 3 0 0 0 0 0 5 0]
 [7 0 1 0 5 0 3 0 0]
 [0 0 4 0 0 6 0 0 0]
 [0 0 0 0 0 4 9 6 0]
 [0 7 0 0 3 0 0 0 8]
 [2 0 0 0 9 0 0 0 0]
 [0 0 7 2 0 0 0 9 0]
 [0 8 0 0 1 0 0 0 5]]
Solution:
[[3 9 8 0 5 6 2 1 7]
 [2 0 6 3 4 1 5 0 9]
 [4 5 1 7 9 8 6 3 0]
 [8 4 0 9 1 5 7 6 2]
 [1 7 9 0 0 2 4 8 3]
 [5 3 2 8 6 7 1 9 0]
 [6 0 3 5 8 9 0 2 1]
 [9 8 4 1 2 3 0 7 6]
 [7 2 5 6 0 4 3 0 8]]
Number of cells unfilled: 13
Accuracy: 83.9506172839506
Sample: 1731
Question:
[[0 0 2 0 0 9 0 1 7]
 [9 0 0 0 0 0 0 4 2]
 [0 1 0 0 0 0 9 0 0]
 [1 0 0 0 0 4 7 0 0]
 [0 0 3 6 0 0 0 8 0]
 [0 0 0 0 8 0 0 0 0]
 [0 5 0 9 0 0 0 7 0]
 [0 0 6 0 3 0 0 0 5]
 [2 0 0 0 0 7 4 0 0]]
Solution:
[[3 9 8 0 5 6 2 1 7]
 [7 0 6 3 4 1 5 0 9]
 [4 5 1 7 9 0 6 3 8]
 [8 4 0 9 1 3 7 6 2]
 [1 7 9 5 0 2 4 8 3]
 [5 3 2 4 6 8 1 0 0]
 [6 0 3 0 8 9 0 2 1]
 [9 0 4 1 2 5 8 7 6]
 [0 2 5 6 7 4 3 9 0]]
Number of cells unfilled: 14
Accuracy: 82.71604938271605
Sample: 1732
Question:
[[0 1 0 8 0 0 0 0 5]
 [7 0 0 9 0 0 0 6 0]
 [0 0 0 0 0 2 3 0 0]
 [0 0 7 1 0 0 0 4 0]
 [0 0 0 0 0 5 0 0 2]
 [0 4 0 0 8 0 0 0 0]
 [9 0 1 0 0 8 0 0 0]
 [4 0 6 0 0 0 0 0 3]
 [0 7 0 6 0 0 0 9 0]]
Solution:
[[3 9 8 2 5 6 0 1 4]
 [2 0 6 3 4 1 5 0 9]
 [4 5 1 7 9 8 6 3 2]
 [8 4 0 9 1 3 7 6 5]
 [1 7 9 5 0 2 4 8 3]
 [5 3 2 8 6 7 1 9 0]
 [6 0 3 0 8 9 0 2 1]
 [9 8 4 1 2 5 0 7 6]
 [7 2 5 6 0 4 3 0 8]]
Number of cells unfilled: 12
Accuracy: 85.18518518518519
Sample: 1733
Question:
[[0 9 0 0 1 0 0 0 6]
 [0 0 7 4 0 0 2 0 0]
 [1 0 0 0 0 0 0 0 0]
 [0 0 0 0 0 0 0 0 8]
 [0 6 0 0 0 8 0 9 0]
 [0 0 5 2 0 0 4 0 0]
 [0 7 0 0 2 5 3 0 0]
 [5 0 0 3 0 0 0 0 0]
 [0 0 3 0 7 4 0 5 0]]
Solution:
[[3 9 8 0 5 6 2 1 4]
 [2 0 6 3 4 1 5 0 9]
 [4 5 1 7 9 8 6 3 0]
 [8 4 0 9 1 0 7 6 5]
 [1 7 9 0 0 2 4 8 3]
 [5 3 2 4 6 7 1 9 0]
 [6 0 3 5 8 9 0 2 1]
 [9 8 4 1 2 3 0 7 6]
 [7 2 5 6 0 4 3 0 8]]
Number of cells unfilled: 14
Accuracy: 82.71604938271605
Sample: 1734
Question:
[[7 0 0 2 0 0 0 6 0]
 [0 0 0 0 9 0 7 0 0]
 [0 0 4 0 0 0 8 0 2]
 [0 0 0 0 0 9 0 8 0]
 [8 0 0 3 0 0 0 0 6]
 [0 0 5 0 1 0 3 0 0]
 [0 0 1 9 0 0 0 3 0]
 [2 0 0 7 0 0 6 0 0]
 [0 4 0 0 5 0 0 0 0]]
Solution:
[[3 9 8 0 5 6 2 1 4]
 [7 0 6 3 4 1 5 0 9]
 [4 5 1 7 9 0 6 3 8]
 [8 4 0 9 1 3 7 6 5]
 [1 7 9 5 0 2 4 8 3]
 [5 3 2 4 6 8 1 9 0]
 [6 0 3 0 8 9 0 2 1]
 [9 0 4 1 2 5 8 7 6]
 [0 2 5 6 7 4 3 0 0]]
Number of cells unfilled: 14
Accuracy: 82.71604938271605
Sample: 1735
Question:
[[5 0 0 9 0 4 2 0 8]
 [0 0 0 8 0 0 0 0 6]
 [0 0 0 0 0 0 0 3 0]
 [4 3 2 0 0 0 0 7 0]
 [7 0 9 4 8 0 0 0 0]
 [0 0 8 0 0 0 0 0 0]
 [0 0 7 5 0 0 0 6 0]
 [9 0 0 2 0 6 4 0 0]
 [0 8 0 1 0 0 9 0 0]]
Solution:
[[3 9 8 0 5 6 2 1 7]
 [7 0 6 3 4 8 5 0 9]
 [4 5 1 7 9 0 6 3 8]
 [8 4 0 9 1 3 7 6 2]
 [1 7 9 5 0 2 4 8 3]
 [5 3 2 8 6 7 1 0 0]
 [6 0 3 0 8 9 0 2 1]
 [9 0 4 1 2 5 8 7 6]
 [0 2 5 6 7 4 3 9 0]]
Number of cells unfilled: 14
Accuracy: 82.71604938271605
Sample: 1736
Question:
[[7 0 0 4 0 0 1 2 0]
 [0 6 0 9 3 0 0 0 7]
 [0 0 5 0 0 8 9 0 6]
 [0 0 4 0 0 7 8 0 0]
 [5 2 0 0 1 0 0 0 0]
 [0 9 0 6 0 5 0 0 3]
 [4 0 0 7 0 0 6 8 0]
 [6 0 2 0 0 1 0 4 9]
 [0 0 1 3 0 0 5 0 0]]
Solution:
[[3 9 8 0 5 6 2 1 4]
 [2 0 6 3 4 1 5 0 9]
 [4 5 1 7 9 0 6 3 8]
 [8 4 0 9 1 5 7 6 2]
 [1 7 9 0 0 2 4 8 3]
 [5 3 2 4 6 8 1 0 0]
 [6 0 3 5 8 9 0 2 1]
 [9 0 4 1 2 3 8 7 6]
 [7 2 5 6 0 4 3 9 0]]
Number of cells unfilled: 14
Accuracy: 82.71604938271605
Sample: 1737
Question:
[[0 0 3 0 0 0 0 0 8]
 [4 0 0 0 3 0 0 0 0]
 [0 2 0 8 0 4 0 1 6]
 [5 0 0 0 0 0 0 0 0]
 [0 0 0 0 0 0 0 2 9]
 [0 0 7 4 1 3 0 6 0]
 [0 0 5 9 0 0 0 0 1]
 [8 0 2 0 0 0 7 0 0]
 [0 0 0 0 0 6 0 0 0]]
Solution:
[[3 9 8 0 5 6 2 1 7]
 [2 0 6 3 4 1 5 0 9]
 [4 5 1 7 9 8 6 3 0]
 [8 4 0 9 1 5 7 6 2]
 [1 7 9 0 0 2 4 8 3]
 [5 3 2 8 6 7 1 0 0]
 [6 0 3 5 8 9 0 2 1]
 [9 8 4 1 2 3 0 7 6]
 [7 2 5 6 0 4 3 9 8]]
Number of cells unfilled: 13
Accuracy: 83.9506172839506
Sample: 1738
Question:
[[2 0 7 0 6 0 0 0 0]
 [0 0 0 4 0 0 2 7 0]
 [0 0 9 7 0 0 6 0 3]
 [6 0 0 0 0 9 7 4 0]
 [0 0 0 0 0 0 0 0 1]
 [0 5 0 0 0 0 9 0 0]
 [0 0 0 0 3 6 0 0 0]
 [1 0 4 0 7 0 0 9 0]
 [3 0 0 1 8 0 0 0 0]]
Solution:
[[3 9 8 0 5 6 2 1 7]
 [7 0 6 3 4 8 5 0 9]
 [4 5 1 7 9 0 6 3 8]
 [8 4 0 9 1 0 7 6 5]
 [1 7 9 0 0 2 4 8 3]
 [5 3 2 8 6 7 1 9 0]
 [6 0 3 5 8 9 0 2 1]
 [9 0 4 1 2 3 8 7 6]
 [0 2 0 6 7 4 3 5 0]]
Number of cells unfilled: 15
Accuracy: 81.48148148148148
Sample: 1739
Question:
[[0 4 0 0 8 0 5 6 0]
 [0 5 0 1 0 4 0 0 0]
 [0 0 8 0 0 0 0 0 0]
 [0 6 5 0 0 2 0 0 9]
 [2 3 0 0 0 9 0 0 0]
 [0 7 0 0 1 0 6 0 3]
 [0 0 7 0 0 5 0 0 0]
 [0 0 0 9 7 0 4 0 0]
 [0 1 0 0 0 0 0 0 2]]
Solution:
[[3 9 8 0 5 6 2 1 4]
 [2 0 6 3 4 1 5 0 9]
 [4 5 1 7 9 8 6 3 0]
 [8 4 0 9 1 5 7 6 2]
 [1 7 9 0 0 2 4 8 3]
 [5 3 2 4 6 7 1 0 0]
 [6 0 3 5 8 9 0 2 1]
 [9 8 4 1 2 3 0 7 6]
 [7 2 5 6 0 4 3 9 8]]
Number of cells unfilled: 13
Accuracy: 83.9506172839506
Sample: 1740
Question:
[[0 0 6 0 0 4 0 9 0]
 [1 0 0 0 0 0 3 0 0]
 [0 0 0 0 2 0 0 0 5]
 [0 0 9 2 0 0 0 8 0]
 [6 7 0 0 0 8 0 0 0]
 [0 0 0 0 0 9 0 0 3]
 [0 6 4 0 8 0 0 1 0]
 [0 5 0 6 0 1 4 0 0]
 [7 0 1 4 0 0 0 0 0]]
Solution:
[[3 9 8 0 5 6 2 1 7]
 [7 0 6 3 4 8 5 0 9]
 [4 5 1 7 9 0 6 3 8]
 [8 4 0 9 1 3 7 6 2]
 [1 7 9 5 0 2 4 8 3]
 [5 3 2 8 6 7 1 0 0]
 [6 0 3 0 8 9 0 2 1]
 [9 0 4 1 2 5 8 7 6]
 [0 2 5 6 7 4 3 9 0]]
Number of cells unfilled: 14
Accuracy: 82.71604938271605
Sample: 1741
Question:
[[0 7 0 0 0 2 0 0 4]
 [0 0 0 6 0 0 8 0 0]
 [1 0 0 0 7 0 0 3 0]
 [0 1 0 0 3 0 0 9 0]
 [0 0 9 0 0 5 0 0 0]
 [3 0 0 4 0 0 2 0 0]
 [0 0 1 0 6 0 0 4 0]
 [6 4 0 5 0 0 0 0 0]
 [9 0 0 0 0 0 0 0 8]]
Solution:
[[3 9 8 0 5 6 2 1 7]
 [2 0 6 3 4 8 5 0 9]
 [4 5 1 7 9 0 6 3 8]
 [8 4 0 9 1 3 7 6 5]
 [1 7 9 5 0 2 4 8 3]
 [5 3 2 4 6 7 1 0 0]
 [6 0 3 0 8 9 0 2 1]
 [9 0 4 1 2 5 8 7 6]
 [7 2 5 6 0 4 3 9 0]]
Number of cells unfilled: 14
Accuracy: 82.71604938271605
Sample: 1742
Question:
[[0 5 0 0 0 8 0 6 0]
 [0 0 3 2 0 0 0 0 0]
 [7 0 0 0 9 0 0 0 0]
 [3 0 0 0 0 0 1 0 0]
 [0 1 0 0 0 4 0 0 6]
 [0 0 0 0 0 0 5 4 0]
 [1 3 0 0 0 5 6 0 0]
 [0 0 9 7 0 0 0 0 8]
 [2 0 0 0 3 0 0 0 0]]
Solution:
[[3 9 8 0 5 6 2 1 7]
 [7 0 6 3 4 1 5 0 9]
 [4 5 1 7 9 0 6 3 8]
 [8 4 0 9 1 3 7 6 2]
 [1 7 9 5 0 2 4 8 3]
 [5 3 2 4 6 7 1 0 0]
 [6 0 3 0 8 9 0 2 1]
 [9 0 4 1 2 5 8 7 6]
 [0 2 5 6 7 4 3 9 0]]
Number of cells unfilled: 14
Accuracy: 82.71604938271605
Sample: 1743
Question:
[[0 0 6 0 0 0 0 2 0]
 [2 0 1 7 0 0 4 0 0]
 [0 4 0 0 0 0 0 0 7]
 [5 0 0 0 9 0 0 0 3]
 [0 0 0 0 0 5 8 0 0]
 [0 1 0 6 0 0 0 4 0]
 [0 2 0 4 0 0 0 6 0]
 [0 0 8 0 2 0 9 0 0]
 [0 0 0 0 0 3 0 0 0]]
Solution:
[[3 9 8 0 5 6 2 1 7]
 [2 0 6 3 4 1 5 0 9]
 [4 5 1 7 9 0 6 3 8]
 [8 4 0 9 1 3 7 6 2]
 [1 7 9 5 0 2 4 8 3]
 [5 3 2 4 6 7 1 0 0]
 [6 0 3 0 8 9 0 2 1]
 [9 0 4 1 2 5 8 7 6]
 [7 2 5 6 0 4 3 9 0]]
Number of cells unfilled: 14
Accuracy: 82.71604938271605
Sample: 1744
Question:
[[3 7 0 9 0 0 0 4 0]
 [0 0 4 0 0 0 0 0 0]
 [9 1 0 0 0 0 7 0 0]
 [0 6 0 0 5 0 0 0 0]
 [0 0 3 7 0 0 1 2 0]
 [0 0 7 3 0 0 4 0 0]
 [0 0 1 8 3 0 9 0 0]
 [0 0 0 0 0 2 0 0 8]
 [8 0 0 0 9 0 0 1 0]]
Solution:
[[3 9 8 0 5 6 2 1 7]
 [2 0 6 3 4 1 5 0 9]
 [4 5 1 7 9 0 6 3 8]
 [8 4 0 9 1 5 7 6 2]
 [1 7 9 0 0 2 4 8 3]
 [5 3 2 8 6 7 1 0 0]
 [6 0 3 5 8 9 0 2 1]
 [9 0 4 1 2 3 8 7 6]
 [7 2 5 6 0 4 3 9 0]]
Number of cells unfilled: 14
Accuracy: 82.71604938271605
Sample: 1745
Question:
[[0 0 5 3 0 0 0 0 0]
 [0 0 0 1 0 0 0 0 7]
 [1 6 0 0 4 0 3 0 0]
 [0 5 0 9 6 0 0 0 3]
 [0 0 0 4 0 0 0 7 0]
 [9 4 0 0 0 3 6 0 0]
 [0 0 0 0 0 0 0 0 8]
 [0 0 2 0 0 0 1 0 6]
 [3 1 0 6 0 0 7 0 0]]
Solution:
[[3 9 8 2 5 6 0 1 7]
 [2 0 6 3 4 1 5 0 9]
 [4 5 1 7 9 8 6 3 2]
 [8 4 0 9 1 0 7 6 5]
 [1 7 9 0 0 2 4 8 3]
 [5 3 2 8 6 7 1 9 0]
 [6 0 3 5 8 9 0 2 1]
 [9 8 4 1 2 3 0 7 6]
 [7 2 5 6 0 4 3 0 8]]
Number of cells unfilled: 13
Accuracy: 83.9506172839506
Sample: 1746
Question:
[[0 0 6 5 0 0 0 3 0]
 [0 1 0 0 0 3 0 0 0]
 [0 8 0 0 6 9 0 0 0]
 [0 0 0 0 3 0 2 0 0]
 [0 7 0 4 0 0 8 5 0]
 [0 0 9 0 0 5 0 4 0]
 [1 0 0 0 0 0 0 0 2]
 [0 0 7 0 5 0 0 6 0]
 [0 0 0 0 0 7 3 0 0]]
Solution:
[[3 9 8 0 5 6 2 1 7]
 [2 0 6 3 4 1 5 0 9]
 [4 5 1 7 9 0 6 3 8]
 [8 4 0 9 1 5 7 6 2]
 [1 7 9 0 0 2 4 8 3]
 [5 3 2 8 6 7 1 0 0]
 [6 0 3 5 8 9 0 2 1]
 [9 0 4 1 2 3 8 7 6]
 [7 2 5 6 0 4 3 9 0]]
Number of cells unfilled: 14
Accuracy: 82.71604938271605
Sample: 1747
Question:
[[0 0 3 0 0 5 0 0 2]
 [6 5 0 0 2 0 0 4 0]
 [9 2 0 0 0 0 0 0 0]
 [0 0 0 0 8 0 0 1 0]
 [5 0 0 0 0 2 0 0 6]
 [0 0 0 0 7 0 4 0 0]
 [0 6 0 0 0 3 0 0 9]
 [3 0 0 0 1 0 0 0 0]
 [0 0 0 7 0 0 0 8 0]]
Solution:
[[3 9 8 0 5 6 2 1 7]
 [7 0 6 3 4 8 5 0 9]
 [4 5 1 7 9 0 6 3 8]
 [8 4 0 9 1 5 7 6 2]
 [1 7 9 0 0 2 4 8 3]
 [5 3 2 4 6 7 1 0 0]
 [6 0 3 5 8 9 0 2 1]
 [9 0 4 1 2 3 8 7 6]
 [0 2 5 6 7 4 3 9 0]]
Number of cells unfilled: 14
Accuracy: 82.71604938271605
Sample: 1748
Question:
[[0 5 0 0 0 3 0 0 0]
 [7 0 0 0 5 0 0 1 0]
 [0 0 9 0 4 0 5 0 0]
 [0 0 0 0 0 6 0 8 0]
 [0 0 0 0 2 0 7 0 0]
 [4 0 2 0 0 1 6 0 0]
 [0 0 6 0 0 4 0 0 8]
 [0 9 0 3 0 0 0 6 0]
 [2 0 0 0 6 0 9 0 0]]
Solution:
[[3 9 8 0 5 6 2 1 4]
 [7 0 6 3 4 1 5 0 9]
 [4 5 1 7 9 0 6 3 8]
 [8 4 0 9 1 0 7 6 5]
 [1 7 9 0 0 2 4 8 3]
 [5 3 2 4 6 8 1 0 0]
 [6 0 3 5 8 9 0 2 1]
 [9 0 4 1 2 3 8 7 6]
 [0 2 5 6 7 4 3 9 0]]
Number of cells unfilled: 15
Accuracy: 81.48148148148148
Sample: 1749
Question:
[[4 0 0 0 0 9 6 0 0]
 [0 0 2 8 0 0 0 0 7]
 [0 9 0 0 6 0 0 0 8]
 [0 7 4 6 0 0 8 0 0]
 [0 0 0 0 0 1 0 0 0]
 [1 0 0 0 7 0 0 0 3]
 [0 4 0 9 0 0 2 0 6]
 [0 0 3 0 0 6 0 5 0]
 [0 0 0 0 5 0 0 0 0]]
Solution:
[[3 9 8 0 5 6 2 1 4]
 [2 0 6 3 4 1 5 0 9]
 [4 5 1 7 9 0 6 3 8]
 [8 4 0 9 1 5 7 6 2]
 [1 7 9 0 0 2 4 8 3]
 [5 3 2 4 6 8 1 0 0]
 [6 0 3 5 8 9 0 2 1]
 [9 0 4 1 2 3 8 7 6]
 [7 2 5 6 0 4 3 9 0]]
Number of cells unfilled: 14
Accuracy: 82.71604938271605
Sample: 1750
Question:
[[0 0 3 0 2 0 8 0 5]
 [1 0 0 0 0 8 0 4 0]
 [0 0 0 7 0 0 2 0 0]
 [3 0 2 0 0 0 1 0 0]
 [0 0 0 0 0 1 0 2 0]
 [8 0 0 4 5 0 0 0 0]
 [4 0 1 0 0 0 7 0 0]
 [0 7 0 0 9 0 0 0 0]
 [0 0 0 2 0 0 5 0 0]]
Solution:
[[3 9 8 0 5 6 2 1 7]
 [7 0 6 3 4 1 5 0 9]
 [4 5 1 7 9 0 6 3 8]
 [8 4 0 9 1 0 7 6 5]
 [1 7 9 0 0 2 4 8 3]
 [5 3 2 4 6 8 1 9 0]
 [6 0 3 5 8 9 0 2 1]
 [9 0 4 1 2 3 8 7 6]
 [0 2 7 6 0 4 3 5 0]]
Number of cells unfilled: 15
Accuracy: 81.48148148148148
Sample: 1751
Question:
[[0 0 5 0 9 0 0 0 0]
 [7 0 0 0 0 4 0 0 1]
 [0 0 0 0 0 0 8 5 0]
 [0 0 1 0 0 7 0 0 0]
 [4 0 0 3 6 0 0 0 0]
 [0 6 0 0 4 0 0 0 7]
 [0 0 8 2 0 0 0 9 0]
 [0 0 0 4 0 0 2 0 0]
 [1 0 0 0 0 6 0 0 3]]
Solution:
[[3 9 8 0 5 6 2 1 7]
 [7 0 6 3 4 1 5 0 9]
 [4 5 1 7 9 0 6 3 8]
 [8 4 0 9 1 3 7 6 5]
 [1 7 9 5 0 2 4 8 3]
 [5 3 2 4 6 8 1 9 0]
 [6 0 3 0 8 9 0 2 1]
 [9 0 4 1 2 5 8 7 6]
 [0 2 7 6 0 4 3 5 0]]
Number of cells unfilled: 14
Accuracy: 82.71604938271605
Sample: 1752
Question:
[[0 0 0 0 3 0 8 9 0]
 [0 0 0 0 0 1 0 0 0]
 [9 0 0 0 0 0 3 7 1]
 [3 0 0 0 0 0 0 0 8]
 [0 0 0 5 0 0 6 0 0]
 [0 6 2 0 0 4 0 0 0]
 [0 0 5 6 0 0 0 0 0]
 [7 0 0 0 1 0 0 0 9]
 [0 4 0 0 0 2 0 0 0]]
Solution:
[[3 9 8 0 5 6 2 1 4]
 [2 0 6 3 4 8 5 0 9]
 [4 5 1 7 9 0 6 3 8]
 [8 4 0 5 1 3 7 6 2]
 [1 7 9 0 0 2 4 8 3]
 [5 3 2 4 6 7 1 0 0]
 [6 0 3 0 8 9 0 2 1]
 [9 0 4 1 2 5 8 7 6]
 [7 2 5 6 0 4 3 9 0]]
Number of cells unfilled: 15
Accuracy: 81.48148148148148
Sample: 1753
Question:
[[0 0 0 0 0 0 9 0 0]
 [4 0 0 0 0 1 0 5 0]
 [0 8 0 0 0 0 0 0 3]
 [7 0 0 0 1 0 0 6 0]
 [0 9 0 5 0 0 0 0 2]
 [0 0 0 7 0 0 3 0 0]
 [5 0 0 1 0 0 0 4 0]
 [0 0 2 0 4 0 5 0 0]
 [0 0 8 0 6 0 0 0 0]]
Solution:
[[3 9 8 0 5 6 2 1 7]
 [2 0 6 3 4 8 5 0 9]
 [4 5 1 7 9 0 6 3 8]
 [8 4 0 9 1 5 7 6 2]
 [1 7 9 0 0 2 4 8 3]
 [5 3 2 4 6 7 1 0 0]
 [6 0 3 5 8 9 0 2 1]
 [9 0 4 1 2 3 8 7 6]
 [7 2 5 6 0 4 3 9 0]]
Number of cells unfilled: 14
Accuracy: 82.71604938271605
Sample: 1754
Question:
[[0 0 0 7 5 0 0 6 0]
 [0 6 0 0 1 0 0 0 0]
 [0 0 0 0 0 6 3 0 1]
 [0 0 2 0 0 0 9 0 0]
 [9 0 0 0 0 0 0 0 8]
 [0 1 0 0 0 7 0 5 0]
 [4 0 0 0 0 0 0 0 2]
 [0 7 0 0 0 1 0 3 0]
 [0 0 1 8 4 0 0 0 0]]
Solution:
[[3 9 8 0 5 6 2 1 4]
 [7 0 6 3 4 1 5 0 9]
 [4 5 1 7 9 0 6 3 8]
 [8 4 0 9 1 5 7 6 2]
 [1 7 9 0 0 2 4 8 3]
 [5 3 2 4 6 8 1 0 0]
 [6 0 3 5 8 9 0 2 1]
 [9 0 4 1 2 3 8 7 6]
 [0 2 5 6 7 4 3 9 0]]
Number of cells unfilled: 14
Accuracy: 82.71604938271605
Sample: 1755
Question:
[[0 0 1 0 0 0 0 8 3]
 [7 9 0 0 0 0 1 0 0]
 [0 0 0 0 0 1 0 7 0]
 [4 0 0 3 5 0 0 0 0]
 [0 5 0 6 0 0 0 0 0]
 [0 0 8 0 0 7 3 0 0]
 [0 0 0 0 0 0 0 2 4]
 [0 0 9 0 0 3 7 0 0]
 [6 0 0 0 2 0 0 0 0]]
Solution:
[[3 9 8 0 5 6 2 1 7]
 [2 0 6 3 4 1 5 0 9]
 [4 5 1 7 9 0 6 3 8]
 [8 4 0 9 1 3 7 6 2]
 [1 7 9 5 0 2 4 8 3]
 [5 3 2 8 6 7 1 0 0]
 [6 0 3 0 8 9 0 2 1]
 [9 0 4 1 2 5 8 7 6]
 [7 2 5 6 0 4 3 9 0]]
Number of cells unfilled: 14
Accuracy: 82.71604938271605
Sample: 1756
Question:
[[3 0 0 6 0 0 0 0 0]
 [0 0 0 0 1 0 0 6 7]
 [0 0 9 0 0 5 1 0 0]
 [0 9 0 0 0 0 8 0 0]
 [0 0 0 0 0 8 0 1 0]
 [0 0 8 1 0 0 0 4 5]
 [0 2 0 0 3 0 0 0 0]
 [0 0 4 0 0 1 5 0 0]
 [7 0 0 2 0 0 0 0 0]]
Solution:
[[3 9 8 2 5 6 0 1 4]
 [2 0 6 3 4 1 5 0 9]
 [4 5 1 7 9 8 6 3 2]
 [8 4 0 9 1 0 7 6 5]
 [1 7 9 0 0 2 4 8 3]
 [5 3 2 8 6 7 1 0 0]
 [6 0 3 5 8 9 0 2 1]
 [9 8 4 1 2 3 0 7 6]
 [7 2 5 6 0 4 3 9 8]]
Number of cells unfilled: 13
Accuracy: 83.9506172839506
Sample: 1757
Question:
[[0 7 0 0 0 0 3 0 4]
 [6 0 0 0 0 5 0 1 0]
 [0 8 0 2 0 0 0 0 0]
 [8 0 0 0 0 0 1 0 0]
 [0 5 0 0 0 8 0 0 9]
 [0 0 6 3 0 0 0 8 0]
 [5 0 0 0 0 3 0 9 0]
 [0 0 0 0 7 0 0 0 0]
 [0 1 0 5 4 0 2 0 0]]
Solution:
[[3 9 8 0 5 6 2 1 4]
 [7 0 6 3 4 1 5 0 9]
 [4 5 1 7 9 0 6 3 8]
 [8 4 0 9 1 5 7 6 2]
 [1 7 9 0 0 2 4 8 3]
 [5 3 2 4 6 7 1 0 0]
 [6 0 3 5 8 9 0 2 1]
 [9 0 4 1 2 3 8 7 6]
 [0 2 5 6 7 4 3 9 0]]
Number of cells unfilled: 14
Accuracy: 82.71604938271605
Sample: 1758
Question:
[[0 4 0 0 3 0 0 0 2]
 [1 0 0 0 0 4 3 0 0]
 [8 7 0 0 2 0 0 4 1]
 [0 0 8 0 9 0 2 0 4]
 [0 9 0 0 0 0 8 0 7]
 [0 0 0 0 0 0 0 9 0]
 [6 0 0 3 0 0 0 0 0]
 [0 0 0 0 0 5 7 0 0]
 [0 8 0 0 4 0 0 2 0]]
Solution:
[[3 9 8 0 5 6 2 1 7]
 [2 0 6 3 4 8 5 0 9]
 [4 5 1 7 9 0 6 3 8]
 [8 4 0 9 1 3 7 6 2]
 [1 7 9 5 0 2 4 8 3]
 [5 3 2 8 6 7 1 0 0]
 [6 0 3 0 8 9 0 2 1]
 [9 0 4 1 2 5 8 7 6]
 [7 2 5 6 0 4 3 9 0]]
Number of cells unfilled: 14
Accuracy: 82.71604938271605
Sample: 1759
Question:
[[0 5 4 0 0 7 0 0 0]
 [6 0 8 4 0 0 1 0 0]
 [0 0 0 0 0 0 0 4 0]
 [0 6 0 0 3 0 0 0 0]
 [9 0 2 6 0 0 0 1 0]
 [0 0 0 0 0 9 0 0 0]
 [0 0 0 2 0 0 0 0 1]
 [0 9 0 0 8 6 4 2 0]
 [2 0 5 0 0 0 8 6 0]]
Solution:
[[3 9 8 0 5 6 2 1 4]
 [2 0 6 3 4 1 5 0 9]
 [4 5 1 7 9 0 6 3 8]
 [8 4 0 9 1 0 7 6 5]
 [1 7 9 0 0 2 4 8 3]
 [5 3 2 8 6 7 1 0 0]
 [6 0 3 5 8 9 0 2 1]
 [9 0 4 1 2 3 8 7 6]
 [7 2 5 6 0 4 3 9 0]]
Number of cells unfilled: 15
Accuracy: 81.48148148148148
Sample: 1760
Question:
[[0 5 0 0 0 8 4 7 0]
 [0 0 0 7 0 0 0 0 9]
 [0 0 0 0 1 0 8 2 0]
 [0 2 0 0 8 0 0 5 0]
 [0 0 3 6 0 0 7 0 0]
 [9 0 0 0 0 0 0 0 8]
 [0 0 8 3 0 0 0 0 0]
 [0 4 0 0 7 0 1 0 0]
 [6 0 0 0 0 2 0 0 0]]
Solution:
[[3 9 8 0 5 6 2 1 4]
 [2 0 6 3 4 1 5 0 9]
 [4 5 1 7 9 0 6 3 8]
 [8 4 0 5 1 3 7 6 2]
 [1 7 9 0 0 2 4 8 3]
 [5 3 2 9 6 8 1 0 0]
 [6 0 3 0 8 9 0 2 1]
 [9 0 4 1 2 5 8 7 6]
 [7 2 5 6 0 4 3 9 0]]
Number of cells unfilled: 15
Accuracy: 81.48148148148148
Sample: 1761
Question:
[[0 0 6 0 0 3 0 2 0]
 [0 0 0 0 7 0 0 0 9]
 [0 0 0 4 0 0 1 0 0]
 [0 0 8 0 0 0 2 0 0]
 [6 0 0 0 0 8 0 0 5]
 [3 5 0 0 0 0 0 8 0]
 [7 0 0 1 0 0 0 0 2]
 [0 4 0 0 9 0 7 0 0]
 [0 0 5 0 0 0 0 3 0]]
Solution:
[[3 9 8 0 5 6 2 1 4]
 [7 0 6 3 4 8 5 0 9]
 [4 5 1 7 9 0 6 3 8]
 [8 4 0 9 1 3 7 6 2]
 [1 7 9 5 0 2 4 8 3]
 [5 3 2 8 6 7 1 9 0]
 [6 0 3 0 8 9 0 2 1]
 [9 0 4 1 2 5 8 7 6]
 [0 2 7 6 0 4 3 5 0]]
Number of cells unfilled: 14
Accuracy: 82.71604938271605
Sample: 1762
Question:
[[0 0 0 0 0 0 0 1 2]
 [3 7 0 0 1 9 0 0 0]
 [0 0 0 0 5 0 0 0 3]
 [0 1 0 5 0 0 0 2 0]
 [9 0 0 0 2 7 3 0 0]
 [7 0 0 0 0 8 0 9 6]
 [0 0 8 9 4 5 0 0 0]
 [0 0 0 0 0 0 0 8 0]
 [1 0 5 0 0 0 0 0 0]]
Solution:
[[3 9 8 0 5 6 2 1 7]
 [2 0 6 3 4 1 5 0 9]
 [4 5 1 7 9 8 6 3 0]
 [8 4 0 9 1 5 7 6 2]
 [1 7 9 0 0 2 4 8 3]
 [5 3 2 4 6 7 1 0 0]
 [6 0 3 5 8 9 0 2 1]
 [9 8 4 1 2 3 0 7 6]
 [7 2 5 6 0 4 3 9 8]]
Number of cells unfilled: 13
Accuracy: 83.9506172839506
Sample: 1763
Question:
[[0 5 0 0 0 6 0 0 7]
 [3 0 0 0 0 5 0 8 9]
 [2 0 0 9 0 3 1 5 0]
 [0 6 0 0 0 0 4 0 0]
 [5 0 0 2 9 0 0 7 0]
 [9 1 8 7 0 0 0 0 0]
 [0 7 1 0 5 0 0 6 8]
 [0 0 0 0 4 0 0 0 0]
 [0 0 0 8 1 0 2 0 3]]
Solution:
[[3 9 8 2 5 6 0 1 7]
 [2 0 6 3 4 1 5 0 9]
 [4 5 1 7 9 8 6 3 2]
 [8 4 0 9 1 3 7 6 5]
 [1 7 9 5 0 2 4 8 3]
 [5 3 2 8 6 7 1 0 0]
 [6 0 3 0 8 9 0 2 1]
 [9 8 4 1 2 5 0 7 6]
 [7 2 5 6 0 4 3 9 8]]
Number of cells unfilled: 12
Accuracy: 85.18518518518519
Sample: 1764
Question:
[[0 0 0 0 3 0 7 0 0]
 [0 0 8 9 1 2 0 3 0]
 [0 0 9 0 0 0 0 0 6]
 [0 7 0 0 0 0 1 0 9]
 [8 0 0 0 9 1 0 2 3]
 [2 0 0 0 0 0 0 4 0]
 [0 0 7 2 0 3 0 0 0]
 [5 0 2 0 6 0 0 0 0]
 [0 0 0 0 5 0 0 0 0]]
Solution:
[[3 9 8 0 5 6 2 1 4]
 [2 0 6 3 4 1 5 0 9]
 [4 5 1 7 9 0 6 3 8]
 [8 4 0 9 1 5 7 6 2]
 [1 7 9 0 0 2 4 8 3]
 [5 3 2 4 6 8 1 0 0]
 [6 0 3 5 8 9 0 2 1]
 [9 0 4 1 2 3 8 7 6]
 [7 2 5 6 0 4 3 9 0]]
Number of cells unfilled: 14
Accuracy: 82.71604938271605
Sample: 1765
Question:
[[0 1 3 0 9 0 0 0 0]
 [8 4 0 0 2 0 0 0 0]
 [2 0 9 0 0 8 0 0 0]
 [0 0 0 0 1 7 9 0 5]
 [0 0 0 2 0 5 4 0 0]
 [0 0 8 0 0 0 0 0 1]
 [0 0 0 4 0 0 0 0 7]
 [0 0 1 9 8 0 0 2 0]
 [0 0 0 0 0 0 1 0 4]]
Solution:
[[3 9 8 0 5 6 2 1 4]
 [2 0 6 3 4 1 5 0 9]
 [4 5 1 7 9 0 6 3 8]
 [8 4 0 9 1 5 7 6 2]
 [1 7 9 0 0 2 4 8 3]
 [5 3 2 8 6 7 1 0 0]
 [6 0 3 5 8 9 0 2 1]
 [9 0 4 1 2 3 8 7 6]
 [7 2 5 6 0 4 3 9 0]]
Number of cells unfilled: 14
Accuracy: 82.71604938271605
Sample: 1766
Question:
[[0 0 7 2 0 0 0 0 9]
 [0 4 0 0 9 0 0 0 0]
 [9 0 0 7 0 3 0 5 0]
 [0 0 0 6 0 0 1 0 0]
 [7 0 0 0 3 0 0 0 2]
 [0 6 3 0 0 0 0 4 0]
 [4 0 0 0 2 0 0 1 5]
 [0 5 0 0 0 8 0 2 0]
 [0 0 0 0 0 0 8 0 0]]
Solution:
[[3 9 8 0 5 6 2 1 7]
 [7 0 6 3 4 8 5 0 9]
 [4 5 1 7 9 0 6 3 8]
 [8 4 0 9 1 0 7 6 5]
 [1 7 9 0 0 2 4 8 3]
 [5 3 2 8 6 7 1 0 0]
 [6 0 3 5 8 9 0 2 1]
 [9 0 4 1 2 3 8 7 6]
 [0 2 5 6 7 4 3 9 0]]
Number of cells unfilled: 15
Accuracy: 81.48148148148148
Sample: 1767
Question:
[[0 0 0 0 3 0 4 0 0]
 [0 2 0 4 0 0 0 0 0]
 [7 0 0 6 5 8 9 0 0]
 [0 0 0 0 9 5 0 2 0]
 [9 3 0 8 0 0 6 0 0]
 [0 0 2 7 0 0 0 0 4]
 [1 0 0 0 0 0 0 0 6]
 [0 8 0 0 0 0 0 1 0]
 [0 0 0 0 0 6 5 0 7]]
Solution:
[[3 9 8 0 5 6 2 1 7]
 [7 0 6 3 4 1 5 0 9]
 [4 5 1 7 9 0 6 3 8]
 [8 4 0 9 1 3 7 6 5]
 [1 7 9 5 0 2 4 8 3]
 [5 3 2 8 6 7 1 9 0]
 [6 0 3 0 8 9 0 2 1]
 [9 0 4 1 2 5 8 7 6]
 [0 2 0 6 7 4 3 5 0]]
Number of cells unfilled: 14
Accuracy: 82.71604938271605
Sample: 1768
Question:
[[0 0 0 0 8 0 0 7 0]
 [0 0 5 0 0 3 9 0 0]
 [0 0 0 2 0 0 0 0 4]
 [0 0 1 0 7 0 0 0 8]
 [0 6 0 0 9 1 7 0 0]
 [0 0 0 4 0 0 0 0 0]
 [0 9 6 0 2 0 0 5 0]
 [0 5 3 0 0 0 0 0 0]
 [1 0 0 0 0 5 6 0 9]]
Solution:
[[3 9 8 0 5 6 2 1 4]
 [7 0 6 3 4 8 5 0 9]
 [4 5 1 7 9 0 6 3 8]
 [8 4 0 9 1 0 7 6 5]
 [1 7 9 0 0 2 4 8 3]
 [5 3 2 4 6 7 1 0 0]
 [6 0 3 5 8 9 0 2 1]
 [9 0 4 1 2 3 8 7 6]
 [0 2 5 6 7 4 3 9 0]]
Number of cells unfilled: 15
Accuracy: 81.48148148148148
Sample: 1769
Question:
[[0 0 0 0 0 0 2 0 0]
 [5 0 3 7 0 0 0 0 0]
 [0 9 1 0 0 0 7 0 8]
 [3 8 0 0 0 1 4 0 5]
 [9 0 0 0 0 0 1 0 0]
 [4 0 0 3 0 0 0 8 0]
 [0 0 0 0 0 0 0 0 2]
 [0 0 4 5 0 2 0 7 0]
 [0 0 0 0 7 4 0 9 0]]
Solution:
[[3 9 8 0 5 6 2 1 4]
 [2 0 6 3 4 1 5 0 9]
 [4 5 1 7 9 0 6 3 8]
 [8 4 0 9 1 3 7 6 2]
 [1 7 9 5 0 2 4 8 3]
 [5 3 2 4 6 8 1 0 0]
 [6 0 3 0 8 9 0 2 1]
 [9 0 4 1 2 5 8 7 6]
 [7 2 5 6 0 4 3 9 0]]
Number of cells unfilled: 14
Accuracy: 82.71604938271605
Sample: 1770
Question:
[[0 0 0 5 0 3 0 0 0]
 [6 3 0 0 0 0 0 0 8]
 [0 1 9 4 0 0 0 0 0]
 [0 0 3 9 0 6 0 2 0]
 [0 0 0 8 0 4 0 7 9]
 [0 0 0 0 0 0 4 6 3]
 [0 0 0 0 1 2 0 3 0]
 [0 0 2 0 0 0 0 0 0]
 [0 7 0 0 0 0 0 1 0]]
Solution:
[[3 9 8 0 5 6 2 1 7]
 [2 0 6 3 4 1 5 0 9]
 [4 5 1 7 9 8 6 3 0]
 [8 4 0 9 1 0 7 6 5]
 [1 7 9 0 0 2 4 8 3]
 [5 3 2 8 6 7 1 0 0]
 [6 0 3 5 8 9 0 2 1]
 [9 8 4 1 2 3 0 7 6]
 [7 2 5 6 0 4 3 9 8]]
Number of cells unfilled: 14
Accuracy: 82.71604938271605
Sample: 1771
Question:
[[0 0 3 7 0 0 0 0 0]
 [0 2 0 1 0 3 7 0 0]
 [0 0 0 0 2 0 0 5 0]
 [0 0 0 8 0 0 0 0 0]
 [8 4 0 0 0 9 0 0 0]
 [0 0 7 0 1 0 5 0 0]
 [0 0 2 0 3 0 1 0 0]
 [0 6 0 0 0 0 0 9 0]
 [4 0 0 0 0 0 0 0 6]]
Solution:
[[3 9 8 0 5 6 2 1 7]
 [2 0 6 3 4 1 5 0 9]
 [4 5 1 7 9 0 6 3 8]
 [8 4 0 9 1 0 7 6 5]
 [1 7 9 0 0 2 4 8 3]
 [5 3 2 4 6 7 1 0 0]
 [6 0 3 5 8 9 0 2 1]
 [9 0 4 1 2 3 8 7 6]
 [7 2 5 6 0 4 3 9 0]]
Number of cells unfilled: 15
Accuracy: 81.48148148148148
Sample: 1772
Question:
[[0 3 5 0 0 0 9 0 0]
 [0 0 0 0 5 0 0 2 0]
 [7 0 0 0 0 4 0 0 0]
 [0 6 1 8 0 0 3 4 0]
 [0 0 8 0 0 0 0 0 6]
 [0 4 0 6 0 0 1 0 9]
 [0 1 0 0 0 0 0 0 0]
 [0 0 0 1 3 0 8 0 4]
 [0 0 9 7 0 0 0 1 0]]
Solution:
[[3 9 8 0 5 6 2 1 7]
 [7 0 6 3 4 1 5 0 9]
 [4 5 1 7 9 0 6 3 8]
 [8 4 0 9 1 0 7 6 5]
 [1 7 9 0 0 2 4 8 3]
 [5 3 2 4 6 8 1 9 0]
 [6 0 3 5 8 9 0 2 1]
 [9 0 4 1 2 3 8 7 6]
 [0 2 0 6 7 4 3 5 0]]
Number of cells unfilled: 15
Accuracy: 81.48148148148148
Sample: 1773
Question:
[[7 0 2 0 1 0 0 0 0]
 [0 0 0 0 0 5 0 9 0]
 [0 5 0 6 0 0 4 0 0]
 [0 1 4 0 6 0 3 0 0]
 [0 0 7 0 0 4 0 0 8]
 [2 0 0 3 0 0 0 0 0]
 [0 0 9 7 5 0 0 0 0]
 [0 7 0 0 0 6 5 0 0]
 [0 0 0 0 0 0 0 8 0]]
Solution:
[[3 9 8 0 5 6 2 1 4]
 [7 0 6 3 4 1 5 0 9]
 [4 5 1 7 9 0 6 3 8]
 [8 4 0 9 1 0 7 6 5]
 [1 7 9 0 0 2 4 8 3]
 [5 3 2 4 6 7 1 0 0]
 [6 0 3 5 8 9 0 2 1]
 [9 0 4 1 2 3 8 7 6]
 [0 2 5 6 7 4 3 9 0]]
Number of cells unfilled: 15
Accuracy: 81.48148148148148
Sample: 1774
Question:
[[9 0 0 0 0 3 0 5 0]
 [0 4 0 0 6 0 0 0 3]
 [0 0 3 8 0 0 0 6 0]
 [0 0 9 0 0 4 0 0 6]
 [0 1 0 0 0 0 0 9 0]
 [0 0 0 0 2 0 1 0 0]
 [0 0 0 7 3 0 0 2 0]
 [0 0 8 0 0 6 0 0 5]
 [7 0 0 5 0 0 0 0 0]]
Solution:
[[3 9 8 0 5 6 2 1 4]
 [2 0 6 3 4 1 5 0 9]
 [4 5 1 7 9 8 6 3 0]
 [8 4 0 5 1 3 7 6 2]
 [1 7 9 0 0 2 4 8 3]
 [5 3 2 4 6 7 1 0 0]
 [6 0 3 0 8 9 0 2 1]
 [9 8 4 1 2 5 0 7 6]
 [7 2 5 6 0 4 3 9 8]]
Number of cells unfilled: 14
Accuracy: 82.71604938271605
Sample: 1775
Question:
[[8 0 0 0 0 0 0 0 3]
 [0 7 0 0 0 4 0 2 0]
 [0 0 9 8 0 0 7 0 0]
 [0 8 0 5 0 0 6 0 0]
 [6 0 0 0 1 0 0 0 0]
 [9 0 5 0 0 6 0 0 4]
 [7 0 0 6 0 0 5 0 0]
 [0 0 0 0 2 0 0 0 1]
 [0 0 0 0 0 3 0 6 0]]
Solution:
[[3 9 8 0 5 6 2 1 4]
 [2 0 6 3 4 8 5 0 9]
 [4 5 1 7 9 0 6 3 8]
 [8 4 0 9 1 3 7 6 2]
 [1 7 9 5 0 2 4 8 3]
 [5 3 2 8 6 7 1 0 0]
 [6 0 3 0 8 9 0 2 1]
 [9 0 4 1 2 5 8 7 6]
 [7 2 5 6 0 4 3 9 0]]
Number of cells unfilled: 14
Accuracy: 82.71604938271605
Sample: 1776
Question:
[[0 0 0 0 0 3 5 0 0]
 [0 0 2 0 8 0 0 0 0]
 [4 0 0 0 0 0 0 6 0]
 [0 0 9 0 0 0 0 8 2]
 [0 0 0 0 0 0 0 0 0]
 [0 0 0 0 0 5 0 0 6]
 [0 0 0 7 0 0 4 0 0]
 [6 0 0 0 2 0 0 0 0]
 [5 3 0 0 0 0 0 0 0]]
Solution:
[[3 9 8 0 5 6 2 1 7]
 [7 0 6 3 4 1 5 0 9]
 [4 5 1 7 9 0 6 3 8]
 [8 4 0 9 1 5 7 6 2]
 [1 7 9 0 0 2 4 8 3]
 [5 3 2 4 6 7 1 0 0]
 [6 0 3 5 8 9 0 2 1]
 [9 0 4 1 2 3 8 7 6]
 [0 2 5 6 7 4 3 9 0]]
Number of cells unfilled: 14
Accuracy: 82.71604938271605
Sample: 1777
Question:
[[0 0 0 0 0 9 0 0 8]
 [0 0 0 5 0 1 7 0 0]
 [3 8 0 0 0 6 0 2 0]
 [0 0 0 0 0 0 0 0 1]
 [6 0 8 2 0 4 9 0 5]
 [4 0 0 9 7 0 3 0 0]
 [1 2 4 0 5 0 0 0 0]
 [9 6 0 4 3 8 5 0 0]
 [0 5 0 0 0 0 0 6 7]]
Solution:
[[3 9 8 0 5 6 2 1 7]
 [7 0 6 3 4 8 5 0 9]
 [4 5 1 7 9 0 6 3 8]
 [8 4 0 9 1 5 7 6 2]
 [1 7 9 0 0 2 4 8 3]
 [5 3 2 4 6 7 1 0 0]
 [6 0 3 5 8 9 0 2 1]
 [9 0 4 1 2 3 8 7 6]
 [0 2 5 6 7 4 3 9 0]]
Number of cells unfilled: 14
Accuracy: 82.71604938271605
Sample: 1778
Question:
[[9 0 0 0 0 2 0 1 0]
 [0 0 5 7 8 0 0 0 0]
 [0 0 6 0 0 3 0 0 0]
 [0 0 0 8 0 9 4 0 7]
 [0 9 0 0 0 0 0 0 0]
 [0 0 0 0 0 7 3 2 0]
 [0 3 2 0 0 6 8 9 0]
 [0 6 0 0 0 0 0 0 4]
 [5 0 0 0 0 0 0 6 2]]
Solution:
[[3 9 8 0 5 6 2 1 4]
 [2 0 6 3 4 1 5 0 9]
 [4 5 1 7 9 8 6 3 0]
 [8 4 0 9 1 5 7 6 2]
 [1 7 9 0 0 2 4 8 3]
 [5 3 2 8 6 7 1 0 0]
 [6 0 3 5 8 9 0 2 1]
 [9 8 4 1 2 3 0 7 6]
 [7 2 5 6 0 4 3 9 8]]
Number of cells unfilled: 13
Accuracy: 83.9506172839506
Sample: 1779
Question:
[[0 5 0 0 2 0 0 0 0]
 [0 0 0 6 0 0 0 0 7]
 [0 0 0 8 0 0 3 1 4]
 [0 7 9 0 4 0 0 0 0]
 [0 0 4 0 0 0 5 0 0]
 [0 0 0 3 0 2 0 0 0]
 [0 6 5 0 8 0 0 3 0]
 [8 0 0 0 0 5 0 0 6]
 [0 9 1 0 0 6 0 4 0]]
Solution:
[[3 9 8 2 5 6 0 1 7]
 [2 0 6 3 4 1 5 0 9]
 [4 5 1 7 9 8 6 3 2]
 [8 4 0 9 1 0 7 6 5]
 [1 7 9 0 0 2 4 8 3]
 [5 3 2 8 6 7 1 9 0]
 [6 0 3 5 8 9 0 2 1]
 [9 8 4 1 2 3 0 7 6]
 [7 2 5 6 0 4 3 0 8]]
Number of cells unfilled: 13
Accuracy: 83.9506172839506
Sample: 1780
Question:
[[0 0 0 8 0 0 6 0 7]
 [0 0 5 3 0 6 0 9 0]
 [8 0 9 0 0 4 0 1 3]
 [0 2 6 0 0 9 0 0 5]
 [0 8 1 5 7 3 0 0 2]
 [0 0 0 0 0 1 0 4 0]
 [9 0 0 0 2 0 0 3 6]
 [0 5 0 9 0 0 4 8 0]
 [7 1 0 0 0 0 0 0 0]]
Solution:
[[3 9 8 0 5 6 2 1 4]
 [7 0 6 3 4 8 5 0 9]
 [4 5 1 7 9 0 6 3 8]
 [8 4 0 9 1 5 7 6 2]
 [1 7 9 0 0 2 4 8 3]
 [5 3 2 8 6 7 1 0 0]
 [6 0 3 5 8 9 0 2 1]
 [9 0 4 1 2 3 8 7 6]
 [0 2 5 6 7 4 3 9 0]]
Number of cells unfilled: 14
Accuracy: 82.71604938271605
Sample: 1781
Question:
[[9 0 0 0 6 7 0 0 3]
 [0 0 6 0 3 1 5 0 0]
 [0 3 0 9 0 0 0 0 0]
 [0 0 0 6 0 4 0 8 0]
 [0 0 1 7 0 0 0 0 5]
 [8 0 0 0 0 0 7 0 0]
 [0 2 0 0 0 0 4 0 0]
 [0 0 3 1 0 0 0 0 6]
 [0 0 0 0 2 0 0 5 0]]
Solution:
[[3 9 8 0 5 6 2 1 7]
 [7 0 6 3 4 8 5 0 9]
 [4 5 1 7 9 0 6 3 8]
 [8 4 0 9 1 5 7 6 2]
 [1 7 9 0 0 2 4 8 3]
 [5 3 2 8 6 7 1 0 0]
 [6 0 3 5 8 9 0 2 1]
 [9 0 4 1 2 3 8 7 6]
 [0 2 5 6 7 4 3 9 0]]
Number of cells unfilled: 14
Accuracy: 82.71604938271605
Sample: 1782
Question:
[[0 0 0 9 3 0 0 0 0]
 [4 0 3 0 0 0 5 8 0]
 [0 1 0 0 0 0 0 0 2]
 [0 5 0 0 0 1 6 0 0]
 [0 0 6 2 0 0 0 3 4]
 [3 0 0 0 9 6 0 0 0]
 [0 0 0 0 2 0 0 0 9]
 [0 0 0 0 1 0 0 4 0]
 [9 0 0 7 6 3 1 0 0]]
Solution:
[[3 9 8 0 5 6 0 1 2]
 [2 0 6 3 4 1 5 0 9]
 [4 5 1 7 9 8 6 3 0]
 [8 4 0 9 1 0 7 6 5]
 [1 7 9 0 0 2 4 8 3]
 [5 3 2 4 6 7 1 0 0]
 [6 0 3 5 8 9 0 2 1]
 [9 8 4 1 2 3 0 7 6]
 [7 2 5 6 0 4 3 9 8]]
Number of cells unfilled: 15
Accuracy: 81.48148148148148
Sample: 1783
Question:
[[0 0 0 0 9 1 0 0 0]
 [0 0 0 0 0 8 0 6 0]
 [0 7 0 2 0 0 0 0 9]
 [0 8 2 0 0 0 5 1 0]
 [3 0 0 0 6 0 9 2 0]
 [0 0 0 5 0 0 0 0 8]
 [4 0 0 6 0 0 0 0 2]
 [0 0 0 0 8 0 3 0 0]
 [8 9 5 0 0 3 0 0 0]]
Solution:
[[3 9 8 0 5 6 2 1 4]
 [7 0 6 3 4 1 5 0 9]
 [4 5 1 7 9 0 6 3 8]
 [8 4 0 9 1 5 7 6 2]
 [1 7 9 0 0 2 4 8 3]
 [5 3 2 4 6 8 1 9 0]
 [6 0 3 5 8 9 0 2 1]
 [9 0 4 1 2 3 8 7 6]
 [0 2 7 6 0 4 3 5 0]]
Number of cells unfilled: 14
Accuracy: 82.71604938271605
Sample: 1784
Question:
[[0 1 4 0 0 0 0 0 0]
 [2 0 0 0 0 0 0 0 0]
 [9 0 0 0 0 1 3 8 0]
 [0 0 1 0 3 0 9 7 0]
 [5 0 0 4 0 0 0 6 0]
 [0 6 7 0 0 5 0 0 0]
 [0 9 0 0 5 0 7 0 0]
 [0 0 5 0 0 0 0 0 6]
 [7 0 2 1 4 0 5 0 0]]
Solution:
[[3 9 8 2 5 6 0 1 7]
 [2 0 6 3 4 1 5 0 9]
 [4 5 1 7 9 8 6 3 0]
 [8 4 0 9 1 5 7 6 2]
 [1 7 9 0 0 2 4 8 3]
 [5 3 2 8 6 7 1 0 0]
 [6 0 3 5 8 9 0 2 1]
 [9 8 4 1 2 3 0 7 6]
 [7 2 5 6 0 4 3 9 8]]
Number of cells unfilled: 13
Accuracy: 83.9506172839506
Sample: 1785
Question:
[[0 0 8 0 0 0 0 5 4]
 [0 0 0 0 0 0 0 3 0]
 [0 0 0 9 3 0 0 0 0]
 [0 7 0 0 0 0 1 0 0]
 [0 0 0 0 0 4 0 8 6]
 [9 0 0 0 5 0 0 0 0]
 [0 0 4 0 0 0 0 0 0]
 [5 0 0 0 0 0 0 0 0]
 [0 0 0 7 0 0 9 0 0]]
Solution:
[[3 9 8 2 5 6 0 1 7]
 [2 0 6 3 4 1 5 0 9]
 [4 5 1 7 9 8 6 3 2]
 [8 4 0 9 1 3 7 6 5]
 [1 7 9 5 0 2 4 8 3]
 [5 3 2 4 6 7 1 0 0]
 [6 0 3 0 8 9 0 2 1]
 [9 8 4 1 2 5 0 7 6]
 [7 2 5 6 0 4 3 9 8]]
Number of cells unfilled: 12
Accuracy: 85.18518518518519
Sample: 1786
Question:
[[0 8 0 0 0 0 0 5 0]
 [0 0 0 0 4 0 0 0 0]
 [0 0 0 0 0 7 0 1 0]
 [0 5 1 3 0 0 0 0 0]
 [0 0 0 0 6 0 0 0 7]
 [0 0 0 0 2 0 0 0 4]
 [4 0 0 0 0 0 0 0 6]
 [0 0 0 8 0 0 0 0 0]
 [0 0 7 0 0 5 0 0 0]]
Solution:
[[3 9 8 0 5 6 2 1 4]
 [2 0 6 3 4 1 5 0 9]
 [4 5 1 7 9 8 6 3 0]
 [8 4 0 9 1 5 7 6 2]
 [1 7 9 0 0 2 4 8 3]
 [5 3 2 8 6 7 1 9 0]
 [6 0 3 5 8 9 0 2 1]
 [9 8 4 1 2 3 0 7 6]
 [7 2 5 6 0 4 3 0 8]]
Number of cells unfilled: 13
Accuracy: 83.9506172839506
Sample: 1787
Question:
[[9 0 0 0 0 0 0 7 4]
 [0 0 5 8 0 0 0 0 0]
 [4 1 8 0 0 0 9 0 6]
 [2 0 4 0 3 0 0 0 5]
 [0 0 0 0 0 7 3 0 0]
 [0 0 7 6 4 0 0 0 0]
 [0 0 0 0 0 0 0 0 2]
 [0 0 0 4 8 0 0 3 0]
 [5 4 0 7 0 0 0 9 0]]
Solution:
[[3 9 8 0 5 6 2 1 7]
 [7 0 6 3 4 1 5 0 9]
 [4 5 1 7 9 0 6 3 8]
 [8 4 0 9 1 5 7 6 2]
 [1 7 9 0 0 2 4 8 3]
 [5 3 2 4 6 8 1 0 0]
 [6 0 3 5 8 9 0 2 1]
 [9 0 4 1 2 3 8 7 6]
 [0 2 7 6 0 4 3 9 5]]
Number of cells unfilled: 14
Accuracy: 82.71604938271605
Sample: 1788
Question:
[[0 0 7 0 0 8 4 0 0]
 [0 3 0 0 0 0 0 0 8]
 [0 0 0 1 0 0 0 7 2]
 [7 0 0 6 0 0 9 0 0]
 [0 0 2 0 0 7 0 4 0]
 [0 5 0 0 1 0 0 0 7]
 [0 0 4 0 0 1 0 0 9]
 [0 0 9 2 0 6 0 8 4]
 [0 6 0 0 0 0 0 0 0]]
Solution:
[[3 9 8 0 5 6 0 1 2]
 [2 0 6 3 4 1 5 0 9]
 [4 5 1 7 9 8 6 3 0]
 [8 4 0 9 1 0 7 6 5]
 [1 7 9 0 0 2 4 8 3]
 [5 3 2 4 6 7 1 9 0]
 [6 0 3 5 8 9 0 2 1]
 [9 8 4 1 2 3 0 7 6]
 [7 2 5 6 0 4 3 0 8]]
Number of cells unfilled: 15
Accuracy: 81.48148148148148
Sample: 1789
Question:
[[9 0 0 0 0 7 5 0 0]
 [0 0 0 0 4 0 0 2 0]
 [0 1 0 3 0 0 0 0 7]
 [0 4 0 0 0 0 0 0 0]
 [2 0 0 0 9 4 8 0 5]
 [5 0 0 0 0 3 0 0 2]
 [0 6 0 0 0 0 0 0 8]
 [0 0 0 0 3 0 7 0 9]
 [7 9 0 0 0 8 0 5 0]]
Solution:
[[3 9 8 0 5 6 2 1 7]
 [2 0 6 3 4 1 5 0 9]
 [4 5 1 7 9 8 6 3 0]
 [8 4 0 9 1 5 7 6 2]
 [1 7 9 0 0 2 4 8 3]
 [5 3 2 4 6 7 1 9 0]
 [6 0 3 5 8 9 0 2 1]
 [9 8 4 1 2 3 0 7 6]
 [7 2 5 6 0 4 3 0 8]]
Number of cells unfilled: 13
Accuracy: 83.9506172839506
Sample: 1790
Question:
[[3 0 1 2 0 8 0 5 0]
 [2 0 6 0 0 9 0 0 8]
 [0 0 4 0 0 0 0 0 0]
 [0 7 0 0 9 0 5 1 0]
 [8 0 9 0 3 6 0 7 2]
 [0 0 0 0 1 0 0 6 0]
 [0 0 0 4 0 7 1 3 0]
 [4 0 5 0 8 1 0 0 6]
 [0 6 0 0 2 0 9 0 4]]
Solution:
[[3 9 8 0 5 6 2 1 7]
 [7 0 6 3 4 8 5 0 9]
 [4 5 1 7 9 0 6 3 8]
 [8 4 0 9 1 3 7 6 5]
 [1 7 9 5 0 2 4 8 3]
 [5 3 2 4 6 7 1 0 0]
 [6 0 3 0 8 9 0 2 1]
 [9 0 4 1 2 5 8 7 6]
 [0 2 5 6 7 4 3 9 0]]
Number of cells unfilled: 14
Accuracy: 82.71604938271605
Sample: 1791
Question:
[[0 9 0 0 3 0 0 0 0]
 [4 3 0 8 0 0 2 0 0]
 [0 6 0 0 0 0 0 0 7]
 [0 0 7 0 8 0 0 6 0]
 [0 0 0 4 0 0 8 0 0]
 [0 2 9 0 0 0 0 0 4]
 [0 0 0 5 0 0 0 7 2]
 [0 0 0 0 0 0 9 5 0]
 [2 0 0 0 4 3 0 8 0]]
Solution:
[[3 9 8 2 5 6 0 1 4]
 [2 0 6 3 4 1 5 0 9]
 [4 5 1 7 9 8 6 3 2]
 [8 4 0 9 1 0 7 6 5]
 [1 7 9 0 0 2 4 8 3]
 [5 3 2 4 6 7 1 0 0]
 [6 0 3 5 8 9 0 2 1]
 [9 8 4 1 2 3 0 7 6]
 [7 2 5 6 0 4 3 9 8]]
Number of cells unfilled: 13
Accuracy: 83.9506172839506
Sample: 1792
Question:
[[0 0 0 0 0 0 0 3 0]
 [0 0 1 0 0 0 9 0 8]
 [0 3 0 0 9 0 1 0 4]
 [0 0 4 0 1 0 0 9 0]
 [6 5 0 0 0 0 0 0 0]
 [0 0 0 0 0 7 0 0 5]
 [0 7 0 6 0 0 2 0 0]
 [0 0 9 0 8 3 0 4 0]
 [0 0 0 0 0 2 0 0 0]]
Solution:
[[3 9 8 0 5 6 2 1 7]
 [7 0 6 3 4 8 5 0 9]
 [4 5 1 7 9 0 6 3 8]
 [8 4 0 9 1 3 7 6 2]
 [1 7 9 5 0 2 4 8 3]
 [5 3 2 4 6 7 1 0 0]
 [6 0 3 0 8 9 0 2 1]
 [9 0 4 1 2 5 8 7 6]
 [0 2 5 6 7 4 3 9 0]]
Number of cells unfilled: 14
Accuracy: 82.71604938271605
Sample: 1793
Question:
[[0 0 0 0 2 0 9 0 0]
 [0 5 0 6 0 0 0 7 0]
 [0 0 9 0 0 0 0 0 1]
 [0 7 0 0 5 0 0 0 0]
 [4 0 0 0 7 6 0 3 0]
 [0 0 3 4 0 0 0 0 0]
 [1 0 0 0 0 0 8 0 0]
 [0 3 8 5 0 0 0 4 0]
 [0 0 7 0 0 8 0 0 2]]
Solution:
[[3 9 8 0 5 6 2 1 4]
 [2 0 6 3 4 8 5 0 9]
 [4 5 1 7 9 0 6 3 8]
 [8 4 0 9 1 0 7 6 5]
 [1 7 9 0 0 2 4 8 3]
 [5 3 2 8 6 7 1 0 0]
 [6 0 3 5 8 9 0 2 1]
 [9 0 4 1 2 3 8 7 6]
 [7 2 5 6 0 4 3 9 0]]
Number of cells unfilled: 15
Accuracy: 81.48148148148148
Sample: 1794
Question:
[[6 0 0 1 0 4 0 0 0]
 [0 0 5 0 0 6 0 0 2]
 [0 1 0 0 2 0 0 0 0]
 [7 0 0 0 0 0 9 0 0]
 [8 4 0 0 6 3 0 0 0]
 [0 0 0 8 0 0 0 6 0]
 [0 0 6 3 0 0 5 2 9]
 [0 9 0 5 0 0 0 7 0]
 [0 0 4 0 0 0 3 0 1]]
Solution:
[[3 9 8 0 5 6 2 1 4]
 [7 0 6 3 4 8 5 0 9]
 [4 5 1 7 9 0 6 3 8]
 [8 4 0 9 1 0 7 6 5]
 [1 7 9 0 0 2 4 8 3]
 [5 3 2 8 6 7 1 9 0]
 [6 0 3 5 8 9 0 2 1]
 [9 0 4 1 2 3 8 7 6]
 [0 2 0 6 7 4 3 5 0]]
Number of cells unfilled: 15
Accuracy: 81.48148148148148
Sample: 1795
Question:
[[0 8 0 1 0 0 3 0 0]
 [0 0 9 0 3 0 0 0 5]
 [0 0 0 0 9 2 0 4 0]
 [0 7 0 3 0 0 1 0 0]
 [0 0 0 0 0 4 0 0 0]
 [0 0 0 0 5 0 0 2 0]
 [0 6 0 0 0 0 0 3 0]
 [8 0 7 6 0 0 0 0 0]
 [1 0 0 0 0 0 8 0 0]]
Solution:
[[3 9 8 0 5 6 2 1 7]
 [7 0 6 3 4 1 5 0 9]
 [4 5 1 7 9 0 6 3 8]
 [8 4 0 9 1 0 7 6 5]
 [1 7 9 0 0 2 4 8 3]
 [5 3 2 4 6 8 1 0 0]
 [6 0 3 5 8 9 0 2 1]
 [9 0 4 1 2 3 8 7 6]
 [0 2 5 6 7 4 3 9 0]]
Number of cells unfilled: 15
Accuracy: 81.48148148148148
Sample: 1796
Question:
[[0 9 0 7 0 0 0 0 4]
 [0 0 0 0 0 0 3 0 0]
 [5 0 0 0 2 0 0 7 0]
 [0 0 0 0 5 2 0 0 0]
 [0 2 0 0 0 1 6 0 0]
 [1 0 0 8 0 0 0 2 0]
 [7 0 0 0 0 8 0 5 0]
 [0 0 4 0 0 0 0 0 9]
 [0 3 0 0 0 0 0 0 6]]
Solution:
[[3 9 8 0 5 6 2 1 7]
 [2 0 6 3 4 1 5 0 9]
 [4 5 1 7 9 0 6 3 8]
 [8 4 0 9 1 3 7 6 5]
 [1 7 9 5 0 2 4 8 3]
 [5 3 2 8 6 7 1 0 0]
 [6 0 3 0 8 9 0 2 1]
 [9 0 4 1 2 5 8 7 6]
 [7 2 5 6 0 4 3 9 0]]
Number of cells unfilled: 14
Accuracy: 82.71604938271605
Sample: 1797
Question:
[[0 3 0 0 6 0 1 0 0]
 [1 0 6 8 0 0 0 0 0]
 [0 0 5 0 0 9 0 0 0]
 [0 0 0 0 0 8 0 0 1]
 [3 0 0 0 2 0 6 0 0]
 [0 0 2 6 0 1 0 4 0]
 [0 7 0 0 0 0 0 0 9]
 [0 0 3 0 7 0 5 0 0]
 [5 0 0 0 0 6 0 0 4]]
Solution:
[[3 9 8 0 5 6 2 1 7]
 [2 0 6 3 4 8 5 0 9]
 [4 5 1 7 9 0 6 3 8]
 [8 4 0 0 1 0 7 6 5]
 [1 7 9 0 0 2 4 8 3]
 [5 3 2 9 6 7 1 0 0]
 [6 0 3 5 8 9 0 2 1]
 [9 0 4 1 2 3 8 7 6]
 [7 2 5 6 0 4 3 9 0]]
Number of cells unfilled: 16
Accuracy: 80.24691358024691
Sample: 1798
Question:
[[0 4 0 0 0 6 1 0 0]
 [0 8 0 0 0 0 0 3 0]
 [1 0 0 5 0 0 0 0 9]
 [0 0 8 0 0 0 5 0 4]
 [0 7 0 0 0 0 3 0 0]
 [5 0 0 4 0 0 0 9 0]
 [2 0 0 3 0 4 9 0 0]
 [0 5 0 0 6 0 0 0 3]
 [0 0 0 0 7 0 0 2 0]]
Solution:
[[3 9 8 0 5 6 2 1 4]
 [2 0 6 3 4 1 5 0 9]
 [4 5 1 7 9 8 6 3 0]
 [8 4 0 9 1 5 7 6 2]
 [1 7 9 0 0 2 4 8 3]
 [5 3 2 8 6 7 1 0 0]
 [6 0 3 5 8 9 0 2 1]
 [9 8 4 1 2 3 0 7 6]
 [7 2 5 6 0 4 3 9 8]]
Number of cells unfilled: 13
Accuracy: 83.9506172839506
Sample: 1799
Question:
[[9 0 0 0 0 1 0 0 4]
 [0 1 0 7 0 0 8 0 0]
 [0 0 5 2 0 0 1 0 0]
 [0 0 9 0 0 4 0 0 7]
 [7 4 0 0 2 0 0 0 0]
 [0 5 0 6 0 0 0 0 0]
 [0 9 0 0 0 3 0 0 5]
 [5 0 0 4 0 0 0 8 0]
 [0 0 3 0 0 0 0 6 0]]
Solution:
[[3 9 8 0 5 6 2 1 7]
 [2 0 6 3 4 8 5 0 9]
 [4 5 1 7 9 0 6 3 8]
 [8 4 0 9 1 0 7 6 5]
 [1 7 9 0 0 2 4 8 3]
 [5 3 2 4 6 7 1 0 0]
 [6 0 3 5 8 9 0 2 1]
 [9 0 4 1 2 3 8 7 6]
 [7 2 5 6 0 4 3 9 0]]
Number of cells unfilled: 15
Accuracy: 81.48148148148148
Sample: 1800
Question:
[[0 0 8 0 5 0 0 1 0]
 [0 0 0 3 0 0 5 0 9]
 [4 5 0 0 0 0 0 0 0]
 [8 4 0 0 1 0 0 0 0]
 [0 7 0 0 0 2 0 8 0]
 [0 0 2 0 0 0 1 0 0]
 [6 0 0 0 0 9 0 0 1]
 [0 0 4 0 2 0 0 7 0]
 [0 2 0 6 0 0 3 0 0]]
Solution:
[[3 9 8 0 5 6 2 1 4]
 [7 0 6 3 4 1 5 0 9]
 [4 5 1 7 9 0 6 3 8]
 [8 4 0 9 1 3 7 6 2]
 [1 7 9 5 0 2 4 8 3]
 [5 3 2 4 6 8 1 0 0]
 [6 0 3 0 8 9 0 2 1]
 [9 0 4 1 2 5 8 7 6]
 [0 2 5 6 7 4 3 9 0]]
Number of cells unfilled: 14
Accuracy: 82.71604938271605
