2025-10-22 13:49:55.563040: I tensorflow/core/util/port.cc:153] oneDNN custom operations are on. You may see slightly different numerical results due to floating-point round-off errors from different computation orders. To turn them off, set the environment variable `TF_ENABLE_ONEDNN_OPTS=0`.
2025-10-22 13:49:55.950413: I tensorflow/core/platform/cpu_feature_guard.cc:210] This TensorFlow binary is optimized to use available CPU instructions in performance-critical operations.
To enable the following instructions: AVX2 AVX512F AVX512_VNNI FMA, in other operations, rebuild TensorFlow with the appropriate compiler flags.
2025-10-22 13:50:01.622775: I tensorflow/core/util/port.cc:153] oneDNN custom operations are on. You may see slightly different numerical results due to floating-point round-off errors from different computation orders. To turn them off, set the environment variable `TF_ENABLE_ONEDNN_OPTS=0`.
2025-10-22 13:50:08.070637: E external/local_xla/xla/stream_executor/cuda/cuda_platform.cc:51] failed call to cuInit: INTERNAL: CUDA error: Failed call to cuInit: UNKNOWN ERROR (303)
Sample: 17501
Question:
[[0 6 0 0 0 3 0 0 0]
 [0 0 0 0 0 9 0 6 4]
 [0 0 0 0 0 0 0 0 0]
 [4 1 0 0 6 7 0 5 0]
 [0 0 7 0 0 0 0 0 0]
 [0 0 0 5 0 4 1 0 0]
 [6 0 1 0 4 5 0 7 2]
 [0 5 2 0 0 0 0 1 0]
 [7 4 0 2 0 0 6 0 0]]
Solution:
[[2 5 8 6 1 4 9 3 0]
 [4 0 0 5 9 2 6 8 7]
 [1 9 7 0 3 8 4 2 5]
 [5 7 1 3 6 0 8 4 9]
 [9 6 2 8 4 7 5 0 3]
 [8 3 4 0 5 9 1 7 2]
 [0 2 3 9 8 5 7 6 1]
 [7 4 5 2 0 6 3 9 8]
 [6 8 9 1 7 3 2 5 4]]
Number of cells unfilled: 9
Accuracy: 88.88888888888889
Sample: 17502
Question:
[[0 6 0 0 9 0 7 0 0]
 [0 0 0 0 3 5 0 0 0]
 [0 3 9 7 0 6 0 0 5]
 [0 0 0 0 8 0 0 0 7]
 [0 5 6 0 7 9 0 8 3]
 [8 0 0 0 0 3 9 5 0]
 [0 1 0 0 0 0 0 6 0]
 [0 2 0 0 0 0 0 0 0]
 [0 0 5 0 6 0 0 0 0]]
Solution:
[[2 5 8 6 1 4 9 3 0]
 [4 0 0 0 9 2 6 8 7]
 [1 9 7 0 3 8 4 2 5]
 [5 7 1 3 6 0 8 4 2]
 [9 6 2 7 4 1 5 0 3]
 [8 3 4 5 2 9 1 7 6]
 [0 2 3 9 8 5 7 6 1]
 [7 4 5 2 0 6 3 9 8]
 [6 8 9 1 7 3 2 5 4]]
Number of cells unfilled: 9
Accuracy: 88.88888888888889
Sample: 17503
Question:
[[0 6 0 1 0 8 0 0 0]
 [0 0 8 0 9 0 6 0 1]
 [9 0 0 6 0 0 0 8 4]
 [0 5 1 9 0 6 0 0 8]
 [4 0 9 5 0 0 0 0 0]
 [6 8 0 0 4 1 0 5 0]
 [0 0 0 0 0 0 0 0 7]
 [0 0 0 4 0 0 0 0 0]
 [0 0 0 0 0 0 0 4 2]]
Solution:
[[2 5 8 6 1 4 9 3 0]
 [4 0 0 0 9 2 6 8 7]
 [1 9 7 0 3 8 4 2 5]
 [5 7 1 3 6 0 8 4 2]
 [9 6 2 8 4 7 5 0 3]
 [8 3 4 5 2 9 1 7 6]
 [0 2 3 9 8 5 7 6 1]
 [7 4 5 2 0 6 3 9 8]
 [6 8 9 1 7 3 2 5 4]]
Number of cells unfilled: 9
Accuracy: 88.88888888888889
Sample: 17504
Question:
[[0 6 0 1 7 0 9 8 0]
 [9 0 0 0 8 0 2 0 0]
 [0 0 0 9 0 2 0 1 0]
 [0 0 5 0 0 0 6 7 0]
 [0 2 0 6 0 8 0 0 0]
 [0 0 3 0 0 0 0 0 8]
 [2 0 0 0 0 0 0 0 1]
 [0 0 0 0 2 0 7 6 0]
 [0 7 8 0 0 1 0 0 0]]
Solution:
[[2 5 8 6 1 4 9 3 0]
 [4 0 0 0 9 2 6 8 7]
 [1 9 7 5 3 8 4 0 0]
 [5 7 1 3 6 0 8 4 2]
 [9 6 2 7 4 1 0 5 3]
 [8 3 4 0 5 9 1 7 6]
 [0 2 3 9 8 5 7 6 1]
 [7 4 5 2 0 6 3 9 8]
 [6 8 9 1 7 3 5 2 4]]
Number of cells unfilled: 11
Accuracy: 86.41975308641975
Sample: 17505
Question:
[[0 6 0 5 0 0 0 2 7]
 [5 0 0 0 0 0 3 0 0]
 [3 2 0 0 8 7 0 0 5]
 [0 7 0 0 0 0 8 0 0]
 [0 0 3 0 2 6 0 0 0]
 [0 0 0 7 0 0 0 3 6]
 [0 0 0 0 0 1 2 0 8]
 [8 0 6 0 7 0 0 0 0]
 [0 0 0 0 0 4 0 6 0]]
Solution:
[[2 5 8 6 1 4 9 3 0]
 [4 0 0 5 9 2 6 1 7]
 [1 9 7 0 3 8 4 2 5]
 [5 7 1 3 6 0 8 4 2]
 [9 6 2 8 4 7 5 0 3]
 [8 3 4 0 5 9 1 7 6]
 [0 2 3 9 8 5 7 6 1]
 [7 4 5 2 0 6 3 8 9]
 [6 8 9 1 7 3 2 5 4]]
Number of cells unfilled: 9
Accuracy: 88.88888888888889
Sample: 17506
Question:
[[0 6 0 7 0 0 0 0 0]
 [0 0 0 0 0 9 0 0 0]
 [0 1 0 0 0 0 0 0 9]
 [0 5 7 4 0 0 8 0 0]
 [8 0 0 0 0 0 0 4 0]
 [0 0 0 0 8 5 9 0 0]
 [0 8 9 0 7 4 5 0 3]
 [0 0 0 0 0 3 4 0 0]
 [3 0 0 0 5 0 0 7 8]]
Solution:
[[2 5 8 6 1 4 9 3 0]
 [4 0 0 0 9 2 6 1 7]
 [1 9 7 5 3 8 4 0 0]
 [5 7 1 3 6 0 8 4 2]
 [9 6 2 8 4 1 0 0 3]
 [8 3 4 0 2 9 1 7 5]
 [0 2 3 9 8 5 7 6 1]
 [7 4 5 2 0 6 3 8 9]
 [6 8 9 1 7 3 5 2 4]]
Number of cells unfilled: 12
Accuracy: 85.18518518518519
Sample: 17507
Question:
[[0 6 0 8 0 0 0 0 0]
 [0 2 0 0 1 0 0 8 5]
 [1 0 0 5 0 0 2 0 0]
 [0 1 0 9 2 0 0 0 0]
 [5 0 0 0 0 8 9 0 0]
 [0 8 9 1 0 5 0 2 6]
 [0 0 6 0 0 0 0 7 0]
 [0 0 0 0 0 0 0 4 0]
 [0 0 0 6 0 0 0 0 0]]
Solution:
[[2 5 8 6 1 4 9 3 0]
 [4 0 0 0 9 2 6 1 7]
 [1 9 7 5 3 8 4 0 2]
 [5 7 1 3 6 0 8 4 0]
 [9 6 2 8 4 7 0 5 3]
 [8 3 4 0 5 9 1 7 6]
 [0 2 3 9 8 5 7 6 1]
 [7 4 5 2 0 6 3 8 9]
 [6 8 9 1 7 3 5 2 4]]
Number of cells unfilled: 11
Accuracy: 86.41975308641975
Sample: 17508
Question:
[[0 6 2 0 5 0 0 0 3]
 [5 0 4 0 0 3 6 0 8]
 [0 0 0 0 4 0 0 5 0]
 [0 0 7 0 0 0 0 0 0]
 [0 0 0 0 2 0 0 0 0]
 [0 2 1 0 0 0 0 0 0]
 [0 0 0 0 8 6 3 0 2]
 [0 8 0 4 0 0 0 0 5]
 [2 0 6 5 3 0 4 0 0]]
Solution:
[[2 5 8 6 1 4 9 3 0]
 [4 0 0 5 9 2 6 8 7]
 [1 9 7 0 3 8 4 0 5]
 [5 7 1 3 6 0 8 4 9]
 [9 6 2 8 4 7 0 5 3]
 [8 3 4 0 5 9 1 7 2]
 [0 2 3 9 8 5 7 6 1]
 [7 4 5 2 0 6 3 9 8]
 [6 8 9 1 7 3 5 2 4]]
Number of cells unfilled: 10
Accuracy: 87.65432098765432
Sample: 17509
Question:
[[0 6 3 0 0 0 1 0 5]
 [0 0 4 0 0 6 0 0 0]
 [7 5 0 0 0 0 4 0 0]
 [5 1 0 6 0 0 0 7 0]
 [3 0 7 0 0 0 0 0 0]
 [0 4 6 0 3 0 5 0 0]
 [0 0 0 0 0 0 3 0 0]
 [0 0 1 0 6 0 0 0 4]
 [0 0 0 0 9 8 7 0 6]]
Solution:
[[2 5 8 6 1 4 9 3 0]
 [4 0 0 5 9 2 6 1 7]
 [1 9 7 0 3 0 4 0 8]
 [5 7 1 3 6 0 8 4 2]
 [9 6 2 8 4 1 0 5 3]
 [8 3 4 0 5 9 1 7 6]
 [0 2 3 9 8 5 7 6 1]
 [7 4 5 2 0 6 3 8 9]
 [6 8 9 1 7 3 5 2 4]]
Number of cells unfilled: 11
Accuracy: 86.41975308641975
Sample: 17510
Question:
[[0 6 3 4 0 0 0 7 0]
 [2 0 0 1 0 0 4 0 0]
 [0 1 0 0 7 0 0 2 0]
 [0 0 0 8 9 0 0 0 7]
 [0 0 4 0 0 6 0 0 1]
 [0 3 0 0 0 0 0 6 0]
 [6 4 0 0 0 7 0 0 2]
 [0 7 1 0 0 0 6 0 4]
 [3 0 2 0 0 0 0 0 0]]
Solution:
[[2 5 8 6 1 4 9 3 0]
 [4 0 0 5 9 2 6 1 7]
 [1 9 7 0 3 8 4 2 5]
 [5 7 1 3 6 0 8 4 9]
 [9 6 2 8 4 1 5 0 3]
 [8 3 4 0 5 9 1 7 2]
 [0 2 3 9 8 5 7 6 1]
 [7 4 5 2 0 6 3 9 8]
 [6 8 9 1 7 3 2 5 4]]
Number of cells unfilled: 9
Accuracy: 88.88888888888889
Sample: 17511
Question:
[[0 6 4 0 0 0 0 3 0]
 [3 0 0 1 0 6 7 4 0]
 [1 7 0 0 3 0 2 0 0]
 [0 2 0 9 0 0 0 0 0]
 [0 0 0 0 0 0 0 6 2]
 [6 0 0 5 0 0 0 0 0]
 [2 4 0 6 1 0 0 7 0]
 [0 0 0 0 0 0 1 0 0]
 [0 0 0 2 0 7 0 0 4]]
Solution:
[[2 5 8 6 1 4 9 3 0]
 [4 0 0 5 9 2 6 1 7]
 [1 9 7 0 3 0 4 8 5]
 [5 7 1 3 6 0 8 4 9]
 [9 6 2 8 4 1 0 5 3]
 [8 3 4 0 5 9 1 7 2]
 [0 2 3 9 8 5 7 6 1]
 [7 4 5 2 0 6 3 9 8]
 [6 8 9 1 7 3 5 2 4]]
Number of cells unfilled: 10
Accuracy: 87.65432098765432
Sample: 17512
Question:
[[0 6 4 7 1 0 0 0 0]
 [1 0 0 0 6 8 0 0 0]
 [7 0 8 4 0 3 0 1 0]
 [0 0 3 0 0 0 5 4 0]
 [0 8 0 0 0 0 2 0 0]
 [0 0 0 0 4 0 0 0 7]
 [3 0 6 0 0 0 4 7 0]
 [0 0 0 0 3 7 0 0 0]
 [0 0 0 6 0 0 3 0 8]]
Solution:
[[2 5 8 6 1 4 9 3 0]
 [4 0 0 8 9 2 6 1 7]
 [1 9 7 0 3 0 4 0 5]
 [5 7 1 3 6 0 8 4 2]
 [9 6 2 7 4 1 0 5 3]
 [8 3 4 5 2 9 1 7 6]
 [0 2 3 9 8 5 7 6 1]
 [7 4 5 2 0 6 3 8 9]
 [6 8 9 1 7 3 5 2 4]]
Number of cells unfilled: 10
Accuracy: 87.65432098765432
Sample: 17513
Question:
[[0 6 9 0 8 0 0 4 0]
 [0 0 7 4 0 0 0 0 1]
 [0 0 0 0 2 0 0 0 0]
 [8 0 0 0 3 0 0 0 7]
 [0 0 0 0 0 4 0 2 8]
 [7 0 0 2 0 0 1 3 0]
 [0 0 0 0 0 7 3 0 0]
 [0 0 0 8 0 0 0 1 4]
 [0 0 8 3 0 0 7 0 2]]
Solution:
[[2 5 8 6 1 4 9 3 0]
 [4 0 0 0 9 2 6 1 7]
 [1 9 7 5 3 8 4 0 0]
 [5 7 1 3 6 0 8 4 0]
 [9 6 2 8 4 7 0 5 3]
 [8 3 4 0 5 9 1 7 2]
 [0 2 3 9 8 5 7 6 1]
 [7 4 5 2 0 6 3 8 9]
 [6 8 9 1 7 3 5 2 4]]
Number of cells unfilled: 12
Accuracy: 85.18518518518519
Sample: 17514
Question:
[[0 7 0 0 0 0 0 9 0]
 [0 0 0 0 7 0 5 0 3]
 [5 0 8 3 0 9 0 0 0]
 [0 0 0 8 0 0 9 0 0]
 [0 3 0 0 0 0 0 0 4]
 [8 0 5 0 0 0 0 0 1]
 [0 0 7 2 9 0 0 0 0]
 [2 0 3 7 0 5 8 0 0]
 [9 0 0 0 0 3 0 2 0]]
Solution:
[[2 5 8 6 1 4 9 3 0]
 [4 0 0 0 9 2 6 1 7]
 [1 9 7 5 3 0 4 0 8]
 [5 7 1 3 6 0 8 4 2]
 [9 6 2 8 4 1 0 5 3]
 [8 3 4 0 5 9 1 7 6]
 [0 2 3 9 8 5 7 6 1]
 [7 4 5 2 0 6 3 8 9]
 [6 8 9 1 7 3 5 2 4]]
Number of cells unfilled: 11
Accuracy: 86.41975308641975
Sample: 17515
Question:
[[0 7 0 0 0 9 0 8 0]
 [0 0 0 4 0 0 7 0 0]
 [1 0 5 0 0 7 0 6 0]
 [0 0 6 8 0 0 3 0 0]
 [0 0 0 0 3 6 0 0 9]
 [9 0 0 7 0 4 0 0 8]
 [0 6 0 0 0 0 0 3 0]
 [0 9 0 0 4 3 0 0 0]
 [0 0 0 6 0 8 0 0 7]]
Solution:
[[2 5 8 6 1 4 9 3 0]
 [4 0 0 5 9 2 6 1 7]
 [1 9 7 0 3 8 4 2 5]
 [5 7 1 3 6 0 8 4 2]
 [9 6 2 8 4 7 5 0 3]
 [8 3 4 0 5 9 1 7 6]
 [0 2 3 9 8 5 7 6 1]
 [7 4 5 2 0 6 3 8 9]
 [6 8 9 1 7 3 2 5 4]]
Number of cells unfilled: 9
Accuracy: 88.88888888888889
Sample: 17516
Question:
[[0 7 0 0 0 9 1 3 0]
 [0 3 8 0 6 0 9 0 0]
 [1 0 9 0 0 0 0 0 8]
 [0 0 0 5 0 6 0 7 0]
 [7 0 0 0 0 0 0 0 0]
 [0 0 0 2 0 0 6 0 0]
 [8 6 0 7 3 0 0 0 0]
 [0 1 0 0 0 0 0 0 6]
 [0 0 3 0 0 1 7 8 0]]
Solution:
[[2 5 8 6 1 4 9 3 0]
 [4 0 0 0 9 2 6 8 7]
 [1 9 7 5 3 8 4 2 0]
 [5 7 1 3 6 0 8 4 2]
 [9 6 2 8 4 7 5 0 3]
 [8 3 4 0 5 9 1 7 6]
 [0 2 3 9 8 5 7 6 1]
 [7 4 5 2 0 6 3 9 8]
 [6 8 9 1 7 3 2 5 4]]
Number of cells unfilled: 10
Accuracy: 87.65432098765432
Sample: 17517
Question:
[[0 7 0 3 0 0 0 1 0]
 [0 3 0 0 6 2 0 8 7]
 [4 0 0 0 0 0 0 0 3]
 [0 0 0 0 0 0 0 9 0]
 [8 1 0 0 0 0 3 0 0]
 [0 9 4 7 0 0 8 0 0]
 [3 4 0 0 0 0 0 0 8]
 [0 0 9 0 0 1 0 0 0]
 [1 0 7 0 8 0 0 0 9]]
Solution:
[[2 5 8 6 1 4 9 3 0]
 [4 0 0 5 9 2 6 1 7]
 [1 9 7 0 3 8 4 0 2]
 [5 7 1 3 6 0 8 4 9]
 [9 6 2 8 4 7 0 5 3]
 [8 3 4 0 5 9 1 7 6]
 [0 2 3 9 8 5 7 6 1]
 [7 4 5 2 0 6 3 9 8]
 [6 8 9 1 7 3 5 2 4]]
Number of cells unfilled: 10
Accuracy: 87.65432098765432
Sample: 17518
Question:
[[0 7 0 5 0 0 9 0 0]
 [9 0 0 0 0 1 0 0 0]
 [0 3 0 9 0 0 0 2 8]
 [7 0 3 4 1 0 5 0 0]
 [0 4 0 0 0 0 0 0 0]
 [0 0 9 7 0 3 0 0 0]
 [0 0 5 0 4 0 0 0 0]
 [4 0 0 0 0 7 0 3 0]
 [3 0 0 1 0 9 0 0 5]]
Solution:
[[2 5 8 6 1 4 9 3 0]
 [4 0 0 5 9 2 6 1 7]
 [1 9 7 0 3 8 4 2 5]
 [5 7 1 3 6 0 8 4 2]
 [9 6 2 7 4 1 5 0 3]
 [8 3 4 0 5 9 1 7 6]
 [0 2 3 9 8 5 7 6 1]
 [7 4 5 2 0 6 3 9 8]
 [6 8 9 1 7 3 2 5 4]]
Number of cells unfilled: 9
Accuracy: 88.88888888888889
Sample: 17519
Question:
[[0 7 2 9 0 0 0 8 0]
 [5 0 9 0 8 2 0 0 4]
 [0 4 0 7 0 5 0 0 0]
 [0 0 0 0 5 0 0 3 0]
 [0 0 0 0 0 0 0 1 5]
 [0 0 0 0 0 0 0 0 0]
 [0 2 0 0 0 7 0 0 8]
 [7 0 5 0 0 4 2 9 0]
 [0 9 8 5 0 0 0 0 0]]
Solution:
[[2 5 8 6 1 4 9 3 0]
 [4 0 0 0 9 2 6 1 7]
 [1 9 7 0 3 8 4 2 5]
 [5 7 1 3 6 0 8 4 9]
 [9 6 2 8 4 7 5 0 3]
 [8 3 4 5 2 9 1 7 6]
 [0 2 3 9 8 5 7 6 1]
 [7 4 5 2 0 6 3 9 8]
 [6 8 9 1 7 3 2 5 4]]
Number of cells unfilled: 9
Accuracy: 88.88888888888889
Sample: 17520
Question:
[[0 7 3 0 0 6 8 4 0]
 [0 6 0 4 0 0 0 0 1]
 [0 0 1 0 8 3 0 0 0]
 [0 0 0 0 0 7 0 2 0]
 [0 0 0 0 0 0 0 5 0]
 [0 0 8 0 0 0 4 0 0]
 [0 0 7 0 3 0 0 0 0]
 [0 4 6 7 0 8 0 0 0]
 [3 0 0 0 1 4 7 6 0]]
Solution:
[[2 5 8 6 1 4 9 3 0]
 [4 0 0 0 9 2 6 1 7]
 [1 9 7 5 3 8 4 2 0]
 [5 7 1 3 6 0 8 4 0]
 [9 6 2 8 4 7 5 0 3]
 [8 3 4 0 5 9 1 7 2]
 [0 2 3 9 8 5 7 6 1]
 [7 4 5 2 0 6 3 8 9]
 [6 8 9 1 7 3 2 5 4]]
Number of cells unfilled: 11
Accuracy: 86.41975308641975
Sample: 17521
Question:
[[0 7 4 0 6 0 0 0 1]
 [2 9 0 0 0 1 0 0 0]
 [6 0 1 0 7 2 9 4 0]
 [7 0 0 0 0 0 0 5 0]
 [0 6 0 0 0 0 0 8 0]
 [0 0 0 0 0 9 4 0 0]
 [0 0 0 0 4 6 0 0 0]
 [0 2 0 0 0 0 0 9 4]
 [0 0 0 2 0 0 7 6 0]]
Solution:
[[2 5 8 6 1 4 9 3 0]
 [4 0 0 0 9 2 6 1 7]
 [1 9 7 0 3 8 4 2 5]
 [5 7 1 3 6 0 8 4 2]
 [9 6 2 8 4 1 5 0 3]
 [8 3 4 5 2 9 1 7 6]
 [0 2 3 9 8 5 7 6 1]
 [7 4 5 2 0 6 3 8 9]
 [6 8 9 1 7 3 2 5 4]]
Number of cells unfilled: 9
Accuracy: 88.88888888888889
Sample: 17522
Question:
[[0 7 5 0 0 0 0 0 0]
 [0 0 0 7 2 0 0 3 0]
 [3 2 0 0 5 6 0 0 0]
 [6 0 0 0 8 0 0 0 0]
 [0 0 0 0 9 0 2 0 0]
 [0 0 2 0 0 7 0 0 0]
 [0 0 4 0 0 0 0 0 3]
 [0 6 3 0 7 2 4 0 5]
 [0 5 0 4 0 0 7 6 0]]
Solution:
[[2 5 8 6 1 4 9 3 0]
 [4 0 0 0 9 2 6 8 7]
 [1 9 7 5 3 8 4 0 2]
 [5 7 1 3 6 0 8 4 9]
 [9 6 2 8 4 7 0 5 3]
 [8 3 4 0 5 9 1 7 6]
 [0 2 3 9 8 5 7 6 1]
 [7 4 5 2 0 6 3 9 8]
 [6 8 9 1 7 3 5 2 4]]
Number of cells unfilled: 10
Accuracy: 87.65432098765432
Sample: 17523
Question:
[[0 7 5 4 1 0 0 0 0]
 [0 2 0 0 0 9 0 0 7]
 [0 0 0 0 0 2 5 0 0]
 [7 9 0 0 0 0 6 0 3]
 [5 0 0 0 0 0 0 1 0]
 [0 1 0 0 4 0 0 0 9]
 [0 0 7 2 0 4 0 9 0]
 [0 0 1 5 7 0 0 0 0]
 [2 0 0 0 9 1 0 0 0]]
Solution:
[[2 5 8 6 1 4 9 3 0]
 [4 0 0 0 9 2 6 1 7]
 [1 9 7 0 3 8 4 2 5]
 [5 7 1 3 6 0 8 4 2]
 [9 6 2 8 4 7 5 0 3]
 [8 3 4 5 2 9 1 7 6]
 [0 2 3 9 8 5 7 6 1]
 [7 4 5 2 0 6 3 9 8]
 [6 8 9 1 7 3 2 5 4]]
Number of cells unfilled: 9
Accuracy: 88.88888888888889
Sample: 17524
Question:
[[0 7 6 0 0 0 0 2 0]
 [3 0 8 0 0 0 7 0 0]
 [5 2 0 6 0 0 0 8 0]
 [2 6 0 0 0 0 0 3 8]
 [8 0 7 0 0 0 0 5 0]
 [0 0 0 0 2 0 0 0 0]
 [0 3 0 2 0 0 0 0 5]
 [0 0 0 0 0 0 0 6 0]
 [0 0 5 4 9 0 0 7 2]]
Solution:
[[2 5 8 6 1 4 9 3 0]
 [4 0 0 0 9 2 6 8 7]
 [1 9 7 5 3 8 4 0 0]
 [5 7 1 3 6 0 8 4 2]
 [9 6 2 8 4 7 0 0 3]
 [8 3 4 0 2 9 1 7 5]
 [0 2 3 9 8 5 7 6 1]
 [7 4 5 2 0 6 3 9 8]
 [6 8 9 1 7 3 5 2 4]]
Number of cells unfilled: 12
Accuracy: 85.18518518518519
Sample: 17525
Question:
[[0 7 8 4 0 0 0 0 0]
 [0 0 5 0 0 1 0 0 0]
 [1 4 0 7 0 0 8 5 0]
 [4 8 0 0 0 5 0 0 6]
 [0 5 1 8 6 0 7 0 0]
 [7 0 6 1 0 4 0 0 0]
 [0 0 0 0 0 0 9 0 4]
 [0 0 0 0 4 0 2 0 0]
 [0 0 0 0 0 0 0 7 0]]
Solution:
[[2 5 8 6 1 4 9 3 0]
 [4 0 0 0 9 2 6 1 7]
 [1 9 7 0 3 8 4 0 5]
 [5 7 1 3 6 0 8 4 2]
 [9 6 2 8 4 1 0 5 3]
 [8 3 4 5 2 9 1 7 6]
 [0 2 3 9 8 5 7 6 1]
 [7 4 5 2 0 6 3 8 9]
 [6 8 9 1 7 3 5 2 4]]
Number of cells unfilled: 10
Accuracy: 87.65432098765432
Sample: 17526
Question:
[[0 7 9 3 0 5 0 0 0]
 [0 0 5 0 0 1 0 6 0]
 [1 0 0 4 0 0 5 0 0]
 [5 0 0 0 0 4 8 0 6]
 [0 0 0 0 1 0 4 3 0]
 [3 0 0 8 0 0 0 0 1]
 [0 0 0 0 0 8 0 4 5]
 [0 0 0 0 0 0 3 0 8]
 [0 0 0 0 4 0 6 1 0]]
Solution:
[[2 5 8 6 1 4 9 3 0]
 [4 0 0 5 9 2 6 8 7]
 [1 9 7 0 3 8 4 0 5]
 [5 7 1 3 6 0 8 4 9]
 [9 6 2 8 4 1 0 5 3]
 [8 3 4 0 5 9 1 7 2]
 [0 2 3 9 8 5 7 6 1]
 [7 4 5 2 0 6 3 9 8]
 [6 8 9 1 7 3 5 2 4]]
Number of cells unfilled: 10
Accuracy: 87.65432098765432
Sample: 17527
Question:
[[0 8 0 0 0 0 0 0 0]
 [0 3 2 0 9 0 0 0 0]
 [5 0 0 0 0 0 0 0 2]
 [0 0 7 0 1 5 9 0 0]
 [0 0 0 6 2 0 0 5 7]
 [2 0 0 9 0 7 1 0 6]
 [0 0 0 2 0 1 5 0 9]
 [1 9 0 0 0 0 0 6 0]
 [0 0 5 0 6 0 0 0 0]]
Solution:
[[2 5 8 6 1 4 9 3 0]
 [4 0 0 0 9 2 6 8 7]
 [1 9 7 5 3 8 4 0 0]
 [5 7 1 3 6 0 8 4 2]
 [9 6 2 8 4 7 0 0 3]
 [8 3 4 0 2 9 1 7 5]
 [0 2 3 9 8 5 7 6 1]
 [7 4 5 2 0 6 3 9 8]
 [6 8 9 1 7 3 5 2 4]]
Number of cells unfilled: 12
Accuracy: 85.18518518518519
Sample: 17528
Question:
[[0 8 0 0 0 0 0 6 5]
 [3 0 0 0 0 0 0 0 7]
 [0 0 0 6 0 8 4 0 0]
 [0 2 8 0 0 0 0 4 6]
 [0 0 0 0 4 0 0 0 0]
 [0 0 0 0 0 2 3 0 8]
 [2 6 0 1 0 4 0 0 0]
 [0 3 4 0 8 6 0 1 0]
 [0 0 1 2 3 0 0 0 0]]
Solution:
[[2 5 8 6 1 4 9 3 0]
 [4 0 0 0 9 2 6 1 7]
 [1 9 7 5 3 8 4 0 2]
 [5 7 1 3 6 0 8 4 9]
 [9 6 2 7 4 1 5 0 3]
 [8 3 4 0 5 9 1 7 6]
 [0 2 3 9 8 5 7 6 1]
 [7 4 5 2 0 6 3 9 8]
 [6 8 9 1 7 3 2 5 4]]
Number of cells unfilled: 10
Accuracy: 87.65432098765432
Sample: 17529
Question:
[[0 8 0 0 0 0 3 0 0]
 [1 0 5 7 0 0 2 8 0]
 [3 0 0 0 0 0 0 5 1]
 [0 5 0 3 0 0 0 7 0]
 [0 1 0 0 6 9 0 3 0]
 [0 0 0 0 0 0 0 0 2]
 [7 3 0 0 5 0 8 1 0]
 [0 2 8 0 0 0 7 0 0]
 [5 0 0 0 0 0 0 0 0]]
Solution:
[[2 5 8 6 1 4 9 3 0]
 [4 0 0 0 9 2 6 8 7]
 [1 9 7 0 3 8 4 2 5]
 [5 7 1 3 6 0 8 4 9]
 [9 6 2 8 4 7 5 0 3]
 [8 3 4 5 2 9 1 7 6]
 [0 2 3 9 8 5 7 6 1]
 [7 4 5 2 0 6 3 9 8]
 [6 8 9 1 7 3 2 5 4]]
Number of cells unfilled: 9
Accuracy: 88.88888888888889
Sample: 17530
Question:
[[0 8 0 0 0 5 0 7 0]
 [0 0 2 0 3 1 8 0 0]
 [0 0 4 8 0 0 5 0 0]
 [0 0 9 0 0 0 0 5 0]
 [2 4 0 0 0 0 9 0 7]
 [8 0 5 0 0 0 4 2 0]
 [0 0 0 0 5 0 7 8 0]
 [5 0 0 0 0 0 2 0 9]
 [0 9 0 0 0 0 0 4 0]]
Solution:
[[2 5 8 6 1 4 9 3 0]
 [4 0 0 0 9 2 6 8 7]
 [1 9 7 5 3 8 4 2 0]
 [5 7 1 3 6 0 8 4 2]
 [9 6 2 8 4 7 5 0 3]
 [8 3 4 0 5 9 1 7 6]
 [0 2 3 9 8 5 7 6 1]
 [7 4 5 2 0 6 3 9 8]
 [6 8 9 1 7 3 2 5 4]]
Number of cells unfilled: 10
Accuracy: 87.65432098765432
Sample: 17531
Question:
[[0 8 0 0 2 4 0 0 0]
 [0 7 0 0 0 0 0 0 6]
 [3 0 0 0 0 0 0 1 0]
 [0 0 0 6 0 0 1 0 5]
 [0 5 0 8 0 0 3 0 0]
 [0 0 0 0 0 0 0 8 7]
 [0 3 6 0 0 0 5 0 0]
 [5 1 0 0 0 8 0 7 0]
 [8 0 7 0 6 0 0 3 0]]
Solution:
[[2 5 8 6 1 4 9 3 0]
 [4 0 0 0 9 2 6 1 7]
 [1 9 7 8 3 0 4 0 5]
 [5 7 1 3 6 0 8 4 2]
 [9 6 2 7 4 1 0 5 3]
 [8 3 4 5 2 9 1 7 6]
 [0 2 3 9 8 5 7 6 1]
 [7 4 5 2 0 6 3 9 8]
 [6 8 9 1 7 3 5 2 4]]
Number of cells unfilled: 10
Accuracy: 87.65432098765432
Sample: 17532
Question:
[[0 8 0 0 6 4 0 1 0]
 [0 0 0 0 0 0 6 0 8]
 [1 0 0 8 9 0 0 0 0]
 [0 0 9 0 7 0 0 0 0]
 [0 0 0 0 0 0 9 0 0]
 [0 0 0 9 3 0 0 4 0]
 [9 1 0 0 0 0 2 0 0]
 [0 6 2 0 8 0 1 0 4]
 [4 0 8 2 0 0 0 9 6]]
Solution:
[[2 5 8 6 1 4 9 3 0]
 [4 0 0 0 9 2 6 1 7]
 [1 9 7 5 3 8 4 2 0]
 [5 7 1 3 6 0 8 4 0]
 [9 6 2 8 4 7 5 0 3]
 [8 3 4 0 5 9 1 7 2]
 [0 2 3 9 8 5 7 6 1]
 [7 4 5 2 0 6 3 8 9]
 [6 8 9 1 7 3 2 5 4]]
Number of cells unfilled: 11
Accuracy: 86.41975308641975
Sample: 17533
Question:
[[0 8 0 2 1 0 7 0 0]
 [0 6 0 0 0 0 3 0 0]
 [0 0 9 0 0 0 0 8 0]
 [4 7 0 3 0 0 8 0 6]
 [0 9 0 6 0 0 0 0 3]
 [0 0 0 0 0 0 0 4 0]
 [0 3 7 0 0 0 0 0 0]
 [8 0 0 0 3 0 4 0 0]
 [9 4 0 0 0 6 0 0 7]]
Solution:
[[2 5 8 6 1 4 9 3 0]
 [4 0 0 0 9 2 6 1 7]
 [1 9 7 5 3 8 4 0 0]
 [5 7 1 3 6 0 8 4 2]
 [9 6 2 7 4 1 0 0 3]
 [8 3 4 0 2 9 1 7 5]
 [0 2 3 9 8 5 7 6 1]
 [7 4 5 2 0 6 3 8 9]
 [6 8 9 1 7 3 5 2 4]]
Number of cells unfilled: 12
Accuracy: 85.18518518518519
Sample: 17534
Question:
[[0 8 0 4 2 0 6 0 1]
 [0 0 0 0 0 8 0 5 0]
 [1 0 2 6 0 5 0 4 0]
 [0 0 0 0 0 6 5 0 0]
 [4 0 6 2 5 0 8 1 0]
 [0 0 0 1 0 4 0 2 0]
 [9 2 0 0 0 0 0 0 0]
 [7 0 0 0 0 0 0 0 2]
 [0 0 1 0 0 0 0 0 0]]
Solution:
[[2 5 8 6 1 4 9 3 0]
 [4 0 0 8 9 2 6 1 7]
 [1 9 7 0 3 0 4 8 5]
 [5 7 1 3 6 0 8 4 2]
 [9 6 2 7 4 1 0 5 3]
 [8 3 4 5 2 9 1 7 6]
 [0 2 3 9 8 5 7 6 1]
 [7 4 5 2 0 6 3 9 8]
 [6 8 9 1 7 3 5 2 4]]
Number of cells unfilled: 9
Accuracy: 88.88888888888889
Sample: 17535
Question:
[[0 8 0 6 0 0 0 0 2]
 [6 0 0 0 0 2 0 4 0]
 [4 0 0 0 7 3 0 0 8]
 [0 0 2 0 8 0 3 0 0]
 [0 0 4 0 3 0 0 1 5]
 [3 0 0 0 0 7 0 0 0]
 [0 0 6 0 0 0 0 0 0]
 [0 4 0 7 6 0 8 0 0]
 [0 3 0 0 2 4 0 0 0]]
Solution:
[[2 5 8 6 1 4 9 3 0]
 [4 0 0 8 9 2 6 1 7]
 [1 9 7 5 3 0 4 2 8]
 [5 7 1 3 6 0 8 4 2]
 [9 6 2 7 4 1 5 0 3]
 [8 3 4 0 5 9 1 7 6]
 [0 2 3 9 8 5 7 6 1]
 [7 4 5 2 0 6 3 8 9]
 [6 8 9 1 7 3 2 5 4]]
Number of cells unfilled: 9
Accuracy: 88.88888888888889
Sample: 17536
Question:
[[0 8 0 6 0 0 9 0 0]
 [0 4 1 0 5 0 0 0 6]
 [6 0 0 0 7 0 0 0 0]
 [5 0 0 0 2 0 8 0 0]
 [0 0 0 0 0 6 5 0 7]
 [8 0 0 0 0 0 0 9 2]
 [0 0 7 0 0 8 0 2 0]
 [0 5 0 2 0 0 7 8 0]
 [0 0 0 5 0 0 6 0 9]]
Solution:
[[2 5 8 6 1 4 9 3 0]
 [4 0 0 8 9 2 6 1 7]
 [1 9 7 0 3 0 4 0 5]
 [5 7 1 3 6 0 8 4 2]
 [9 6 2 7 4 1 0 5 3]
 [8 3 4 5 2 9 1 7 6]
 [0 2 3 9 8 5 7 6 1]
 [7 4 5 2 0 6 3 8 9]
 [6 8 9 1 7 3 5 2 4]]
Number of cells unfilled: 10
Accuracy: 87.65432098765432
Sample: 17537
Question:
[[0 8 2 0 0 1 0 0 0]
 [7 0 6 8 0 0 2 0 0]
 [1 9 0 6 0 0 0 7 0]
 [8 0 0 9 0 0 0 2 0]
 [0 0 0 0 0 0 3 5 0]
 [0 6 0 0 2 0 0 0 0]
 [0 0 7 0 1 9 0 0 0]
 [0 2 0 7 6 0 0 0 0]
 [0 1 0 0 0 8 0 0 7]]
Solution:
[[2 5 8 6 1 4 9 3 0]
 [4 0 0 0 9 2 6 8 7]
 [1 9 7 5 3 8 4 0 0]
 [5 7 1 3 6 0 8 4 2]
 [9 6 2 7 4 1 0 0 3]
 [8 3 4 0 2 9 1 7 5]
 [0 2 3 9 8 5 7 6 1]
 [7 4 5 2 0 6 3 9 8]
 [6 8 9 1 7 3 5 2 4]]
Number of cells unfilled: 12
Accuracy: 85.18518518518519
Sample: 17538
Question:
[[0 8 2 0 4 1 9 0 0]
 [5 0 4 0 8 0 0 0 0]
 [1 9 0 5 0 2 0 8 0]
 [0 0 5 0 2 9 0 0 0]
 [0 0 9 4 0 5 2 0 1]
 [4 0 0 0 1 0 0 9 0]
 [0 5 0 0 0 0 7 0 0]
 [0 0 0 0 0 0 6 5 0]
 [0 0 0 0 0 0 0 0 0]]
Solution:
[[2 5 8 6 1 4 9 3 0]
 [4 0 0 8 9 2 6 1 7]
 [1 9 7 0 3 0 4 5 8]
 [5 7 1 3 6 0 8 4 2]
 [9 6 2 5 4 1 0 0 3]
 [8 3 4 0 2 9 1 7 5]
 [0 2 3 9 8 5 7 6 1]
 [7 4 5 2 0 6 3 8 9]
 [6 8 9 1 7 3 5 2 4]]
Number of cells unfilled: 11
Accuracy: 86.41975308641975
Sample: 17539
Question:
[[0 8 7 0 0 0 0 0 0]
 [1 0 4 0 9 0 0 2 0]
 [2 9 0 0 0 4 0 0 0]
 [0 7 0 0 6 5 0 1 9]
 [0 0 8 0 1 0 0 7 0]
 [0 0 0 7 0 0 0 0 4]
 [8 2 0 1 0 0 9 0 0]
 [0 4 9 0 0 0 7 0 0]
 [0 0 1 0 0 0 0 0 2]]
Solution:
[[2 5 8 6 1 4 9 3 0]
 [4 0 0 5 9 2 6 1 7]
 [1 9 7 0 3 0 4 8 5]
 [5 7 1 3 6 0 8 4 9]
 [9 6 2 7 4 1 5 0 3]
 [8 3 4 0 5 9 1 7 6]
 [0 2 3 9 8 5 7 6 1]
 [7 4 5 2 0 6 3 9 8]
 [6 8 9 1 7 3 2 5 4]]
Number of cells unfilled: 10
Accuracy: 87.65432098765432
Sample: 17540
Question:
[[0 8 7 0 0 0 0 9 0]
 [2 0 3 5 0 0 8 0 0]
 [9 5 0 0 0 0 2 3 0]
 [0 2 0 0 0 0 5 0 0]
 [7 0 0 2 0 0 0 0 3]
 [0 0 0 6 4 0 9 0 0]
 [0 9 8 0 0 0 0 2 0]
 [3 0 0 0 2 0 0 0 0]
 [5 0 0 0 0 0 7 0 8]]
Solution:
[[2 5 8 6 1 4 9 3 0]
 [4 0 0 0 9 2 6 1 7]
 [1 9 7 0 3 8 4 2 5]
 [5 7 1 3 6 0 8 4 2]
 [9 6 2 8 4 1 5 0 3]
 [8 3 4 5 2 9 1 7 6]
 [0 2 3 9 8 5 7 6 1]
 [7 4 5 2 0 6 3 9 8]
 [6 8 9 1 7 3 2 5 4]]
Number of cells unfilled: 9
Accuracy: 88.88888888888889
Sample: 17541
Question:
[[0 9 0 0 0 0 0 0 0]
 [6 0 0 0 0 4 0 5 0]
 [5 7 0 0 6 0 2 8 0]
 [0 5 6 0 9 7 0 0 0]
 [9 0 0 4 3 0 0 0 0]
 [0 3 0 0 0 5 0 0 7]
 [3 0 0 5 0 9 0 7 0]
 [7 0 0 0 4 6 5 0 0]
 [0 0 0 3 0 0 0 0 0]]
Solution:
[[2 5 8 6 1 4 9 3 0]
 [4 0 0 8 9 2 6 1 7]
 [1 9 7 5 3 0 4 2 8]
 [5 7 1 3 6 0 8 4 2]
 [9 6 2 7 4 1 5 0 3]
 [8 3 4 0 5 9 1 7 6]
 [0 2 3 9 8 5 7 6 1]
 [7 4 5 2 0 6 3 8 9]
 [6 8 9 1 7 3 2 5 4]]
Number of cells unfilled: 9
Accuracy: 88.88888888888889
Sample: 17542
Question:
[[0 9 0 0 0 0 0 3 5]
 [8 0 0 5 0 0 0 1 0]
 [0 5 0 0 1 3 8 0 0]
 [0 3 4 0 9 5 0 8 1]
 [1 0 5 4 0 0 0 0 3]
 [9 8 0 0 0 0 0 4 0]
 [0 0 0 0 0 2 0 0 0]
 [0 1 0 0 0 6 0 0 0]
 [0 0 0 0 0 0 0 9 0]]
Solution:
[[2 5 8 6 1 4 9 3 0]
 [4 0 0 8 9 2 6 1 7]
 [1 9 7 0 3 0 4 0 5]
 [5 7 1 3 6 0 8 4 2]
 [9 6 2 7 4 1 0 5 3]
 [8 3 4 5 2 9 1 7 6]
 [0 2 3 9 8 5 7 6 1]
 [7 4 5 2 0 6 3 8 9]
 [6 8 9 1 7 3 5 2 4]]
Number of cells unfilled: 10
Accuracy: 87.65432098765432
Sample: 17543
Question:
[[0 9 0 0 0 0 0 4 0]
 [8 0 7 0 0 0 0 0 0]
 [4 6 0 0 5 0 7 0 8]
 [5 0 0 0 0 0 0 8 0]
 [0 0 6 0 0 0 0 0 9]
 [9 0 0 2 0 1 0 7 0]
 [0 0 8 0 0 0 0 6 4]
 [7 4 0 0 0 0 5 9 0]
 [0 0 0 0 0 5 0 0 0]]
Solution:
[[2 5 8 6 1 4 9 3 0]
 [4 0 0 5 9 2 6 1 7]
 [1 9 7 0 3 0 4 8 5]
 [5 7 1 3 6 0 8 4 9]
 [9 6 2 8 4 7 0 5 3]
 [8 3 4 0 5 9 1 7 2]
 [0 2 3 9 8 5 7 6 1]
 [7 4 5 2 0 6 3 9 8]
 [6 8 9 1 7 3 5 2 4]]
Number of cells unfilled: 10
Accuracy: 87.65432098765432
Sample: 17544
Question:
[[0 9 0 0 0 0 5 0 0]
 [0 0 3 0 0 0 0 8 9]
 [0 0 0 0 0 3 7 2 0]
 [8 0 0 0 4 1 0 7 0]
 [0 7 0 0 0 0 2 0 0]
 [5 0 0 7 0 0 0 3 0]
 [0 0 7 0 0 0 8 5 0]
 [0 5 8 3 0 0 0 9 2]
 [9 0 0 0 0 0 0 0 0]]
Solution:
[[2 5 8 6 1 4 9 3 0]
 [4 0 0 0 9 2 6 1 7]
 [1 9 7 5 3 8 4 0 0]
 [5 7 1 3 6 0 8 4 2]
 [9 6 2 8 4 7 0 5 3]
 [8 3 4 0 5 9 1 7 6]
 [0 2 3 9 8 5 7 6 1]
 [7 4 5 2 0 6 3 8 9]
 [6 8 9 1 7 3 5 2 4]]
Number of cells unfilled: 11
Accuracy: 86.41975308641975
Sample: 17545
Question:
[[0 9 0 0 0 6 0 0 0]
 [3 0 0 0 8 0 0 1 6]
 [0 0 0 0 5 0 8 0 9]
 [0 0 0 0 0 5 0 6 8]
 [0 0 0 0 9 0 5 0 1]
 [0 0 0 6 0 0 9 3 0]
 [0 0 0 0 0 9 0 0 3]
 [0 0 0 5 0 0 1 0 0]
 [0 4 7 3 0 8 0 0 5]]
Solution:
[[2 5 8 6 1 4 9 3 0]
 [4 0 0 8 9 2 6 5 7]
 [1 9 7 5 3 0 4 8 2]
 [5 7 1 3 6 0 8 4 9]
 [9 6 2 7 4 1 0 0 3]
 [8 3 4 0 2 9 1 7 5]
 [0 2 3 9 8 5 7 6 1]
 [7 4 5 2 0 6 3 9 8]
 [6 8 9 1 7 3 5 2 4]]
Number of cells unfilled: 10
Accuracy: 87.65432098765432
Sample: 17546
Question:
[[0 9 0 0 6 4 3 7 0]
 [0 0 0 7 0 0 0 0 0]
 [4 0 0 3 0 0 0 6 9]
 [0 0 6 0 0 0 0 1 0]
 [0 0 0 0 0 0 0 2 0]
 [0 0 0 6 0 0 0 0 0]
 [0 7 8 4 3 0 6 9 0]
 [3 0 0 0 7 0 0 0 8]
 [0 4 0 8 0 9 0 0 0]]
Solution:
[[2 5 8 6 1 4 9 3 0]
 [4 0 0 8 9 2 6 1 7]
 [1 9 7 0 3 0 4 2 8]
 [5 7 1 3 6 0 8 4 2]
 [9 6 2 7 4 1 5 0 3]
 [8 3 4 5 2 9 1 7 6]
 [0 2 3 9 8 5 7 6 1]
 [7 4 5 2 0 6 3 8 9]
 [6 8 9 1 7 3 2 5 4]]
Number of cells unfilled: 9
Accuracy: 88.88888888888889
Sample: 17547
Question:
[[0 9 0 2 0 0 5 7 0]
 [8 0 7 0 0 0 0 0 0]
 [0 0 5 9 0 0 0 6 8]
 [7 0 0 5 0 8 0 0 2]
 [5 0 9 0 7 0 6 0 0]
 [0 8 2 6 9 0 0 0 0]
 [0 0 6 0 0 0 0 0 0]
 [0 0 0 0 5 0 0 3 0]
 [0 0 0 0 0 0 0 1 0]]
Solution:
[[2 5 8 6 1 4 9 3 0]
 [4 0 0 5 9 2 6 8 7]
 [1 9 7 0 3 8 4 2 5]
 [5 7 1 3 6 0 8 4 2]
 [9 6 2 8 4 1 5 0 3]
 [8 3 4 0 5 9 1 7 6]
 [0 2 3 9 8 5 7 6 1]
 [7 4 5 2 0 6 3 9 8]
 [6 8 9 1 7 3 2 5 4]]
Number of cells unfilled: 9
Accuracy: 88.88888888888889
Sample: 17548
Question:
[[0 9 0 3 0 4 0 5 8]
 [0 0 0 0 9 5 7 0 4]
 [0 0 5 8 7 0 3 0 0]
 [0 0 9 0 0 0 4 0 0]
 [0 0 0 0 0 8 0 0 7]
 [3 8 0 7 4 0 0 0 9]
 [0 0 0 0 0 0 0 0 0]
 [0 1 0 0 0 0 0 7 0]
 [0 6 7 0 3 0 0 0 0]]
Solution:
[[2 5 8 6 1 4 9 3 0]
 [4 0 0 0 9 2 6 1 7]
 [1 9 7 0 3 0 4 0 8]
 [5 7 1 3 6 0 8 4 2]
 [9 6 2 8 4 1 0 5 3]
 [8 3 4 5 2 9 1 7 6]
 [0 2 3 9 8 5 7 6 1]
 [7 4 5 2 0 6 3 8 9]
 [6 8 9 1 7 3 5 2 4]]
Number of cells unfilled: 11
Accuracy: 86.41975308641975
Sample: 17549
Question:
[[0 9 0 3 0 7 8 6 0]
 [8 0 3 0 2 0 9 0 0]
 [7 6 0 0 0 0 0 2 0]
 [6 0 0 7 3 0 0 8 0]
 [0 0 8 0 0 0 3 9 0]
 [2 0 0 9 0 8 0 0 6]
 [0 0 0 0 0 0 0 7 0]
 [0 0 0 1 0 0 0 0 0]
 [0 0 0 5 7 0 0 0 0]]
Solution:
[[2 5 8 6 1 4 9 3 0]
 [4 0 0 0 9 2 6 1 7]
 [1 9 7 0 3 8 4 2 5]
 [5 7 1 3 6 0 8 4 2]
 [9 6 2 8 4 1 5 0 3]
 [8 3 4 5 2 9 1 7 6]
 [0 2 3 9 8 5 7 6 1]
 [7 4 5 2 0 6 3 8 9]
 [6 8 9 1 7 3 2 5 4]]
Number of cells unfilled: 9
Accuracy: 88.88888888888889
Sample: 17550
Question:
[[0 9 0 3 5 0 0 1 0]
 [0 4 0 2 0 1 3 0 9]
 [0 0 0 0 0 0 5 2 0]
 [0 0 2 0 0 3 1 9 0]
 [0 0 9 0 0 0 0 4 5]
 [5 1 0 0 4 0 2 0 3]
 [0 0 0 0 0 0 0 0 0]
 [0 0 0 8 3 0 0 0 0]
 [3 0 0 6 0 0 0 0 0]]
Solution:
[[2 5 8 6 1 4 9 3 0]
 [4 0 0 0 9 2 6 5 7]
 [1 9 7 5 3 8 4 0 0]
 [5 7 1 3 6 0 8 4 2]
 [9 6 2 8 4 7 0 0 3]
 [8 3 4 0 2 9 1 7 5]
 [0 2 3 9 8 5 7 6 1]
 [7 4 5 2 0 6 3 8 9]
 [6 8 9 1 7 3 5 2 4]]
Number of cells unfilled: 12
Accuracy: 85.18518518518519
Sample: 17551
Question:
[[0 9 0 7 0 0 0 0 2]
 [1 0 0 4 0 9 0 0 3]
 [0 0 0 0 2 1 0 0 0]
 [3 2 0 0 0 7 6 5 0]
 [7 0 0 0 4 0 3 0 0]
 [0 1 0 0 0 3 0 0 0]
 [0 0 1 0 0 4 0 0 0]
 [9 0 0 3 1 0 0 0 0]
 [0 7 0 9 0 2 0 0 0]]
Solution:
[[2 5 8 6 1 4 9 3 0]
 [4 0 0 0 9 2 6 1 7]
 [1 9 7 5 3 8 4 0 0]
 [5 7 1 3 6 0 8 4 2]
 [9 6 2 8 4 1 0 0 3]
 [8 3 4 0 2 9 1 7 5]
 [0 2 3 9 8 5 7 6 1]
 [7 4 5 2 0 6 3 9 8]
 [6 8 9 1 7 3 5 2 4]]
Number of cells unfilled: 12
Accuracy: 85.18518518518519
Sample: 17552
Question:
[[0 9 0 7 0 2 0 8 0]
 [0 0 4 0 0 0 9 0 0]
 [0 6 0 0 0 0 0 1 0]
 [0 0 0 0 8 0 0 3 0]
 [4 3 0 0 6 0 1 0 0]
 [0 1 8 0 0 0 0 0 9]
 [0 4 9 0 0 6 0 0 0]
 [0 0 1 0 0 0 3 0 0]
 [3 8 0 0 0 0 0 9 6]]
Solution:
[[2 5 8 6 1 4 9 3 0]
 [4 0 0 0 9 2 6 1 7]
 [1 9 7 5 3 8 4 0 0]
 [5 7 1 3 6 0 8 4 2]
 [9 6 2 7 4 1 0 5 3]
 [8 3 4 0 5 9 1 7 6]
 [0 2 3 9 8 5 7 6 1]
 [7 4 5 2 0 6 3 8 9]
 [6 8 9 1 7 3 5 2 4]]
Number of cells unfilled: 11
Accuracy: 86.41975308641975
Sample: 17553
Question:
[[0 9 0 8 0 0 4 0 0]
 [0 0 0 0 6 9 7 8 0]
 [0 0 0 2 4 0 0 0 6]
 [0 0 0 0 7 0 6 0 0]
 [3 0 1 0 0 0 9 0 0]
 [7 0 0 0 0 2 0 0 8]
 [0 0 0 4 9 0 0 7 0]
 [9 0 0 0 0 6 0 0 4]
 [0 0 7 0 2 8 0 0 0]]
Solution:
[[2 5 8 6 1 4 9 3 0]
 [4 0 0 8 9 2 6 1 7]
 [1 9 7 5 3 0 4 2 8]
 [5 7 1 3 6 0 8 4 2]
 [9 6 2 7 4 1 5 0 3]
 [8 3 4 0 5 9 1 7 6]
 [0 2 3 9 8 5 7 6 1]
 [7 4 5 2 0 6 3 8 9]
 [6 8 9 1 7 3 2 5 4]]
Number of cells unfilled: 9
Accuracy: 88.88888888888889
Sample: 17554
Question:
[[0 9 1 7 5 0 0 0 0]
 [6 0 4 0 9 0 0 0 0]
 [0 7 0 4 0 0 1 0 0]
 [0 1 0 0 0 4 0 0 0]
 [4 0 9 0 7 0 0 0 0]
 [0 5 6 0 0 0 0 7 0]
 [0 6 0 0 0 5 7 0 0]
 [0 0 5 9 0 0 8 2 0]
 [0 0 7 1 0 0 0 0 5]]
Solution:
[[2 5 8 6 1 4 9 3 0]
 [4 0 0 0 9 2 6 8 7]
 [1 9 7 0 3 8 4 0 5]
 [5 7 1 3 6 0 8 4 2]
 [9 6 2 8 4 1 0 5 3]
 [8 3 4 5 2 9 1 7 6]
 [0 2 3 9 8 5 7 6 1]
 [7 4 5 2 0 6 3 9 8]
 [6 8 9 1 7 3 5 2 4]]
Number of cells unfilled: 10
Accuracy: 87.65432098765432
Sample: 17555
Question:
[[0 9 3 8 0 0 0 4 6]
 [0 0 0 0 0 0 0 2 0]
 [4 0 0 0 9 0 0 0 8]
 [0 0 7 0 0 0 0 0 0]
 [0 0 0 3 2 0 0 0 0]
 [0 0 5 0 0 0 2 0 0]
 [0 2 4 0 8 9 0 3 0]
 [6 0 0 0 0 3 0 0 9]
 [0 0 0 4 6 0 0 8 0]]
Solution:
[[2 5 8 6 1 4 9 3 0]
 [4 0 0 0 9 2 6 1 7]
 [1 9 7 5 3 8 4 0 0]
 [5 7 1 3 6 0 8 4 2]
 [9 6 2 8 4 1 0 0 3]
 [8 3 4 0 2 9 1 7 5]
 [0 2 3 9 8 5 7 6 1]
 [7 4 5 2 0 6 3 8 9]
 [6 8 9 1 7 3 5 2 4]]
Number of cells unfilled: 12
Accuracy: 85.18518518518519
Sample: 17556
Question:
[[0 9 6 0 5 7 0 0 0]
 [4 0 7 6 0 8 0 0 9]
 [8 5 0 0 4 0 6 0 0]
 [0 0 0 0 7 0 9 0 5]
 [0 0 8 0 0 0 0 0 0]
 [0 7 0 0 0 9 0 4 8]
 [0 0 5 0 0 0 0 0 0]
 [0 0 0 0 0 4 0 0 1]
 [0 4 0 0 0 0 5 0 3]]
Solution:
[[2 5 8 6 1 4 9 3 0]
 [4 0 0 8 9 2 6 1 7]
 [1 9 7 0 3 0 4 0 8]
 [5 7 1 3 6 0 8 4 2]
 [9 6 2 7 4 1 0 5 3]
 [8 3 4 5 2 9 1 7 6]
 [0 2 3 9 8 5 7 6 1]
 [7 4 5 2 0 6 3 8 9]
 [6 8 9 1 7 3 5 2 4]]
Number of cells unfilled: 10
Accuracy: 87.65432098765432
Sample: 17557
Question:
[[0 9 7 0 0 0 2 0 6]
 [0 0 4 0 0 2 0 3 7]
 [0 3 0 0 6 0 9 4 0]
 [0 0 0 0 0 5 0 0 0]
 [0 0 0 0 0 0 0 0 9]
 [0 0 0 0 9 8 3 0 0]
 [0 7 0 0 2 0 0 0 0]
 [0 0 9 0 0 0 0 0 4]
 [0 6 2 3 0 4 7 0 0]]
Solution:
[[2 5 8 6 1 4 9 3 0]
 [4 0 0 8 9 2 6 1 7]
 [1 9 7 0 3 0 4 0 5]
 [5 7 1 3 6 0 8 4 2]
 [9 6 2 7 4 1 0 5 3]
 [8 3 4 5 2 9 1 7 6]
 [0 2 3 9 8 5 7 6 1]
 [7 4 5 2 0 6 3 8 9]
 [6 8 9 1 7 3 5 2 4]]
Number of cells unfilled: 10
Accuracy: 87.65432098765432
Sample: 17558
Question:
[[0 9 7 0 1 2 0 0 3]
 [0 5 0 9 7 0 0 0 0]
 [1 0 0 3 0 5 0 0 0]
 [0 0 0 2 0 0 3 0 0]
 [7 0 0 0 0 0 0 0 5]
 [9 0 3 0 5 0 4 6 0]
 [0 0 0 0 2 0 0 3 0]
 [5 0 0 0 9 1 0 0 0]
 [0 0 1 7 0 3 0 0 0]]
Solution:
[[2 5 8 6 1 4 9 3 0]
 [4 0 0 0 9 2 6 1 7]
 [1 9 7 0 3 8 4 2 5]
 [5 7 1 3 6 0 8 4 2]
 [9 6 2 8 4 1 5 0 3]
 [8 3 4 5 2 9 1 7 6]
 [0 2 3 9 8 5 7 6 1]
 [7 4 5 2 0 6 3 8 9]
 [6 8 9 1 7 3 2 5 4]]
Number of cells unfilled: 9
Accuracy: 88.88888888888889
Sample: 17559
Question:
[[0 9 7 0 4 0 3 0 2]
 [0 0 8 0 0 0 0 0 0]
 [0 4 0 0 0 1 0 0 9]
 [0 0 4 6 7 0 0 0 0]
 [0 0 0 0 1 0 9 0 0]
 [0 6 0 9 0 8 0 0 0]
 [0 0 9 0 8 7 0 0 0]
 [0 0 6 4 0 9 0 0 0]
 [7 8 0 1 6 0 0 0 0]]
Solution:
[[2 5 8 6 1 4 9 3 0]
 [4 0 0 5 9 2 6 8 7]
 [1 9 7 0 3 8 4 2 5]
 [5 7 1 3 6 0 8 4 9]
 [9 6 2 7 4 1 5 0 3]
 [8 3 4 0 5 9 1 7 2]
 [0 2 3 9 8 5 7 6 1]
 [7 4 5 2 0 6 3 9 8]
 [6 8 9 1 7 3 2 5 4]]
Number of cells unfilled: 9
Accuracy: 88.88888888888889
Sample: 17560
Question:
[[0 9 7 0 8 1 4 0 0]
 [5 0 0 4 7 0 0 0 0]
 [1 0 0 5 0 9 0 8 0]
 [0 0 0 0 1 0 0 7 0]
 [0 0 0 0 0 0 0 0 6]
 [0 0 8 0 0 0 0 0 3]
 [0 5 0 9 0 0 7 0 8]
 [0 4 0 0 5 8 0 9 1]
 [0 0 0 0 0 7 0 0 0]]
Solution:
[[2 5 8 6 1 4 9 3 0]
 [4 0 0 0 9 2 6 1 7]
 [1 9 7 5 3 8 4 2 0]
 [5 7 1 3 6 0 8 4 2]
 [9 6 2 7 4 1 5 0 3]
 [8 3 4 0 5 9 1 7 6]
 [0 2 3 9 8 5 7 6 1]
 [7 4 5 2 0 6 3 8 9]
 [6 8 9 1 7 3 2 5 4]]
Number of cells unfilled: 10
Accuracy: 87.65432098765432
Sample: 17561
Question:
[[0 9 8 0 0 0 0 7 5]
 [0 0 2 0 0 0 1 0 8]
 [7 1 0 0 5 0 2 9 0]
 [0 0 0 0 9 4 0 0 0]
 [0 0 0 0 0 6 0 0 0]
 [0 0 0 7 0 0 0 0 9]
 [0 5 7 1 0 2 0 8 0]
 [0 8 0 0 0 9 0 0 1]
 [0 0 9 0 0 0 7 0 2]]
Solution:
[[2 5 8 6 1 4 9 3 0]
 [4 0 0 5 9 2 6 1 7]
 [1 9 7 0 3 8 4 0 5]
 [5 7 1 3 6 0 8 4 2]
 [9 6 2 8 4 7 0 5 3]
 [8 3 4 0 5 9 1 7 6]
 [0 2 3 9 8 5 7 6 1]
 [7 4 5 2 0 6 3 8 9]
 [6 8 9 1 7 3 5 2 4]]
Number of cells unfilled: 10
Accuracy: 87.65432098765432
Sample: 17562
Question:
[[0 9 8 0 2 0 0 0 3]
 [4 0 0 0 0 0 2 9 0]
 [3 2 0 0 0 6 4 0 8]
 [0 0 4 0 0 0 8 0 0]
 [9 0 0 3 0 8 0 4 0]
 [6 0 0 0 0 0 3 0 9]
 [0 0 0 0 0 9 6 0 0]
 [0 0 0 7 0 0 0 0 0]
 [0 6 0 1 0 0 0 0 0]]
Solution:
[[2 5 8 6 1 4 9 3 0]
 [4 0 0 0 9 2 6 1 7]
 [1 9 7 5 3 8 4 0 0]
 [5 7 1 3 6 0 8 4 2]
 [9 6 2 8 4 7 0 0 3]
 [8 3 4 0 2 9 1 7 5]
 [0 2 3 9 8 5 7 6 1]
 [7 4 5 2 0 6 3 9 8]
 [6 8 9 1 7 3 5 2 4]]
Number of cells unfilled: 12
Accuracy: 85.18518518518519
Sample: 17563
Question:
[[1 0 0 0 0 0 0 0 0]
 [0 6 5 4 1 0 0 0 0]
 [8 4 0 0 7 6 0 0 0]
 [0 7 6 5 0 8 0 0 4]
 [5 0 8 1 0 0 0 0 0]
 [0 0 0 0 6 0 0 0 0]
 [7 0 0 0 0 0 0 4 0]
 [0 0 4 0 8 0 0 0 1]
 [0 0 1 0 5 0 3 9 0]]
Solution:
[[2 5 8 6 1 4 9 3 0]
 [4 0 0 0 9 2 6 8 7]
 [1 9 7 0 3 8 4 0 2]
 [5 7 1 3 6 0 8 4 9]
 [9 6 2 8 4 7 0 5 3]
 [8 3 4 5 2 9 1 7 6]
 [0 2 3 9 8 5 7 6 1]
 [7 4 5 2 0 6 3 9 8]
 [6 8 9 1 7 3 5 2 4]]
Number of cells unfilled: 10
Accuracy: 87.65432098765432
Sample: 17564
Question:
[[1 0 0 0 0 0 0 0 8]
 [0 9 5 0 8 0 6 1 0]
 [0 0 3 0 0 0 0 9 5]
 [5 0 0 7 0 2 0 3 0]
 [0 3 0 0 0 8 0 0 6]
 [9 0 0 0 0 0 0 0 0]
 [0 0 0 0 0 0 0 0 3]
 [6 1 0 0 0 0 8 0 9]
 [0 0 8 0 0 0 1 5 0]]
Solution:
[[2 5 8 6 1 4 9 3 0]
 [4 0 0 8 9 2 6 1 7]
 [1 9 7 5 3 0 4 8 2]
 [5 7 1 3 6 0 8 4 9]
 [9 6 2 7 4 1 5 0 3]
 [8 3 4 0 5 9 1 7 6]
 [0 2 3 9 8 5 7 6 1]
 [7 4 5 2 0 6 3 9 8]
 [6 8 9 1 7 3 2 5 4]]
Number of cells unfilled: 9
Accuracy: 88.88888888888889
Sample: 17565
Question:
[[1 0 0 0 0 0 0 6 7]
 [0 8 6 0 4 0 0 0 0]
 [0 0 0 1 0 0 8 0 0]
 [0 0 4 0 0 0 0 0 8]
 [7 0 0 0 0 0 4 2 0]
 [0 0 0 0 0 0 0 9 0]
 [0 0 3 4 1 0 0 0 0]
 [0 7 1 0 6 3 0 8 0]
 [4 6 0 7 0 8 3 0 0]]
Solution:
[[2 5 8 6 1 4 9 3 0]
 [4 0 0 0 9 2 6 1 7]
 [1 9 7 5 3 8 4 0 0]
 [5 7 1 3 6 0 8 4 2]
 [9 6 2 7 4 1 0 5 3]
 [8 3 4 0 5 9 1 7 6]
 [0 2 3 9 8 5 7 6 1]
 [7 4 5 2 0 6 3 8 9]
 [6 8 9 1 7 3 5 2 4]]
Number of cells unfilled: 11
Accuracy: 86.41975308641975
Sample: 17566
Question:
[[1 0 0 0 0 0 4 6 0]
 [0 7 0 0 2 0 0 0 0]
 [0 5 4 0 0 6 0 0 0]
 [0 0 9 1 0 0 0 4 6]
 [0 0 0 0 8 4 9 1 0]
 [0 0 0 9 6 0 8 0 2]
 [0 0 0 2 4 0 0 0 1]
 [2 6 0 0 0 0 0 8 0]
 [0 0 1 0 0 8 0 0 0]]
Solution:
[[2 5 8 6 1 4 9 3 0]
 [4 0 0 8 9 2 6 1 7]
 [1 9 7 5 3 0 4 2 8]
 [5 7 1 3 6 0 8 4 2]
 [9 6 2 7 4 1 5 0 3]
 [8 3 4 0 5 9 1 7 6]
 [0 2 3 9 8 5 7 6 1]
 [7 4 5 2 0 6 3 8 9]
 [6 8 9 1 7 3 2 5 4]]
Number of cells unfilled: 9
Accuracy: 88.88888888888889
Sample: 17567
Question:
[[1 0 0 0 0 2 0 0 5]
 [0 3 9 0 0 0 6 0 2]
 [5 0 0 6 0 0 0 0 0]
 [0 0 0 4 0 7 0 2 1]
 [0 0 0 0 3 0 0 6 0]
 [0 9 0 0 0 1 0 0 3]
 [0 2 6 0 0 0 3 1 0]
 [3 1 0 0 0 0 0 5 0]
 [9 0 5 0 0 0 2 0 0]]
Solution:
[[2 5 8 6 1 4 9 3 0]
 [4 0 0 0 9 2 6 1 7]
 [1 9 7 0 3 8 4 0 2]
 [5 7 1 3 6 0 8 4 9]
 [9 6 2 8 4 7 5 0 3]
 [8 3 4 5 2 9 1 7 6]
 [0 2 3 9 8 5 7 6 1]
 [7 4 5 2 0 6 3 9 8]
 [6 8 9 1 7 3 2 5 4]]
Number of cells unfilled: 10
Accuracy: 87.65432098765432
Sample: 17568
Question:
[[1 0 0 0 0 9 0 0 0]
 [0 0 6 0 0 7 0 0 0]
 [0 0 0 0 0 0 0 6 1]
 [8 0 0 0 1 4 5 0 3]
 [4 0 5 8 0 0 6 0 0]
 [0 3 0 0 0 0 0 0 8]
 [6 0 3 4 0 1 0 0 5]
 [0 0 0 0 5 6 1 3 0]
 [0 0 0 0 0 0 4 0 0]]
Solution:
[[2 5 8 6 1 4 9 3 0]
 [4 0 0 0 9 2 6 8 7]
 [1 9 7 5 3 8 4 2 0]
 [5 7 1 3 6 0 8 4 9]
 [9 6 2 8 4 7 5 0 3]
 [8 3 4 0 5 9 1 7 2]
 [0 2 3 9 8 5 7 6 1]
 [7 4 5 2 0 6 3 9 8]
 [6 8 9 1 7 3 2 5 4]]
Number of cells unfilled: 10
Accuracy: 87.65432098765432
Sample: 17569
Question:
[[1 0 0 0 4 0 5 0 3]
 [0 0 0 0 0 0 1 6 0]
 [0 0 5 0 6 0 0 0 9]
 [5 0 3 0 0 0 0 1 4]
 [0 1 0 0 0 0 0 0 0]
 [0 0 9 0 0 0 6 0 5]
 [0 0 1 0 0 0 4 0 0]
 [9 0 0 4 0 0 0 3 0]
 [4 0 6 8 0 7 9 0 0]]
Solution:
[[2 5 8 6 1 4 9 3 0]
 [4 0 0 0 9 2 6 1 7]
 [1 9 7 5 3 8 4 0 0]
 [5 7 1 3 6 0 8 4 0]
 [9 6 2 8 4 7 0 5 3]
 [8 3 4 0 5 9 1 7 2]
 [0 2 3 9 8 5 7 6 1]
 [7 4 5 2 0 6 3 8 9]
 [6 8 9 1 7 3 5 2 4]]
Number of cells unfilled: 12
Accuracy: 85.18518518518519
Sample: 17570
Question:
[[1 0 0 0 7 0 0 0 0]
 [8 0 0 0 0 0 7 0 0]
 [0 9 0 0 0 0 0 0 2]
 [0 0 0 0 4 2 9 0 6]
 [0 0 6 9 0 0 0 3 0]
 [0 2 0 6 3 0 0 7 4]
 [3 7 0 0 0 0 4 0 0]
 [2 0 9 0 0 4 0 0 0]
 [0 0 0 7 0 0 0 9 3]]
Solution:
[[2 5 8 6 1 4 9 3 0]
 [4 0 0 8 9 2 6 1 7]
 [1 9 7 0 3 0 4 8 5]
 [5 7 1 3 6 0 8 4 9]
 [9 6 2 0 4 7 0 5 3]
 [8 3 4 0 5 9 1 7 2]
 [0 2 3 9 8 5 7 6 1]
 [7 4 5 2 0 6 3 9 8]
 [6 8 9 1 7 3 5 2 4]]
Number of cells unfilled: 11
Accuracy: 86.41975308641975
Sample: 17571
Question:
[[1 0 0 0 7 0 0 0 8]
 [2 0 0 0 0 0 7 4 0]
 [0 4 0 0 0 0 0 1 5]
 [8 0 2 0 0 0 0 7 1]
 [0 0 0 2 0 0 0 0 0]
 [5 1 0 0 0 0 4 0 0]
 [7 0 0 6 0 3 0 8 0]
 [0 8 0 0 0 2 5 0 0]
 [4 0 0 0 0 0 0 2 0]]
Solution:
[[2 5 8 6 1 4 9 3 0]
 [4 0 0 0 9 2 6 8 7]
 [1 9 7 5 3 8 4 2 0]
 [5 7 1 3 6 0 8 4 9]
 [9 6 2 8 4 7 5 0 3]
 [8 3 4 0 5 9 1 7 2]
 [0 2 3 9 8 5 7 6 1]
 [7 4 5 2 0 6 3 9 8]
 [6 8 9 1 7 3 2 5 4]]
Number of cells unfilled: 10
Accuracy: 87.65432098765432
Sample: 17572
Question:
[[1 0 0 2 0 0 0 0 0]
 [0 0 0 3 0 8 0 6 0]
 [0 0 0 0 1 4 0 0 0]
 [0 4 0 0 8 1 6 0 0]
 [0 3 0 4 0 2 0 0 0]
 [0 0 1 6 0 0 0 0 2]
 [0 0 2 0 0 6 3 0 0]
 [6 0 4 0 0 3 0 5 9]
 [3 0 0 8 0 0 0 0 0]]
Solution:
[[2 5 8 6 1 4 9 3 0]
 [4 0 0 0 9 2 6 1 7]
 [1 9 7 5 3 8 4 2 0]
 [5 7 1 3 6 0 8 4 2]
 [9 6 2 8 4 7 5 0 3]
 [8 3 4 0 5 9 1 7 6]
 [0 2 3 9 8 5 7 6 1]
 [7 4 5 2 0 6 3 8 9]
 [6 8 9 1 7 3 2 5 4]]
Number of cells unfilled: 10
Accuracy: 87.65432098765432
Sample: 17573
Question:
[[1 0 0 2 0 0 6 0 0]
 [0 0 0 0 9 6 0 3 0]
 [0 0 0 3 0 1 2 4 0]
 [0 2 0 4 0 9 0 1 0]
 [0 1 0 0 6 3 0 0 0]
 [0 0 0 0 0 0 0 0 6]
 [0 0 0 9 0 0 0 0 4]
 [0 0 4 0 0 2 1 0 0]
 [5 8 0 0 0 4 3 0 2]]
Solution:
[[2 5 8 6 1 4 9 3 0]
 [4 0 0 0 9 2 6 1 7]
 [1 9 7 0 3 8 4 0 2]
 [5 7 1 3 6 0 8 4 9]
 [9 6 2 8 4 7 5 0 3]
 [8 3 4 5 2 9 1 7 6]
 [0 2 3 9 8 5 7 6 1]
 [7 4 5 2 0 6 3 9 8]
 [6 8 9 1 7 3 2 5 4]]
Number of cells unfilled: 10
Accuracy: 87.65432098765432
Sample: 17574
Question:
[[1 0 0 5 0 0 6 3 0]
 [0 0 6 1 0 0 0 4 0]
 [0 0 5 0 0 0 7 0 1]
 [0 0 0 0 8 2 4 0 0]
 [0 0 7 0 0 0 5 0 0]
 [0 4 0 0 0 0 0 0 3]
 [0 6 3 0 1 0 0 0 7]
 [5 0 4 0 0 0 0 6 0]
 [7 1 0 0 0 5 0 0 0]]
Solution:
[[2 5 8 6 1 4 9 3 0]
 [4 0 0 0 9 2 6 1 7]
 [1 9 7 5 3 8 4 0 0]
 [5 7 1 3 6 0 8 4 9]
 [9 6 2 8 4 7 0 5 3]
 [8 3 4 0 5 9 1 7 2]
 [0 2 3 9 8 5 7 6 1]
 [7 4 5 2 0 6 3 9 8]
 [6 8 9 1 7 3 5 2 4]]
Number of cells unfilled: 11
Accuracy: 86.41975308641975
Sample: 17575
Question:
[[1 0 0 5 8 0 0 0 0]
 [0 0 0 6 0 1 0 0 3]
 [0 0 0 0 7 3 0 0 0]
 [0 6 0 1 0 5 3 0 0]
 [0 0 1 0 3 8 0 7 0]
 [0 0 0 7 6 0 0 5 0]
 [2 9 0 0 0 0 7 0 1]
 [0 1 0 8 0 0 0 0 5]
 [0 0 5 0 0 0 6 0 0]]
Solution:
[[2 5 8 6 1 4 9 3 0]
 [4 0 0 5 9 2 6 1 7]
 [1 9 7 0 3 8 4 2 5]
 [5 7 1 3 6 0 8 4 2]
 [9 6 2 8 4 7 5 0 3]
 [8 3 4 0 5 9 1 7 6]
 [0 2 3 9 8 5 7 6 1]
 [7 4 5 2 0 6 3 8 9]
 [6 8 9 1 7 3 2 5 4]]
Number of cells unfilled: 9
Accuracy: 88.88888888888889
Sample: 17576
Question:
[[1 0 0 7 0 0 0 0 0]
 [0 8 0 0 0 0 0 0 7]
 [0 6 0 0 0 3 0 0 0]
 [3 9 0 0 0 5 0 0 0]
 [0 7 1 0 0 0 5 0 0]
 [0 0 0 9 1 0 0 0 0]
 [7 0 0 5 3 0 0 9 2]
 [0 0 0 2 0 1 0 5 0]
 [0 0 2 0 9 7 3 0 1]]
Solution:
[[2 5 8 6 1 4 9 3 0]
 [4 0 0 5 9 2 6 1 7]
 [1 9 7 0 3 8 4 0 5]
 [5 7 1 3 6 0 8 4 2]
 [9 6 2 8 4 7 0 5 3]
 [8 3 4 0 5 9 1 7 6]
 [0 2 3 9 8 5 7 6 1]
 [7 4 5 2 0 6 3 8 9]
 [6 8 9 1 7 3 5 2 4]]
Number of cells unfilled: 10
Accuracy: 87.65432098765432
Sample: 17577
Question:
[[1 0 0 8 0 0 0 9 2]
 [9 6 0 0 0 7 1 0 0]
 [0 8 2 0 0 0 6 7 0]
 [0 9 0 2 0 0 0 6 0]
 [0 0 6 0 1 9 0 8 0]
 [2 1 0 0 0 0 7 0 0]
 [0 7 0 0 0 0 0 0 0]
 [0 0 0 0 5 0 0 0 0]
 [0 0 0 7 3 0 0 0 0]]
Solution:
[[2 5 8 6 1 4 9 3 0]
 [4 0 0 5 9 2 6 1 7]
 [1 9 7 0 3 0 4 8 5]
 [5 7 1 3 6 0 8 4 2]
 [9 6 2 8 4 7 0 5 3]
 [8 3 4 0 5 9 1 7 6]
 [0 2 3 9 8 5 7 6 1]
 [7 4 5 2 0 6 3 9 8]
 [6 8 9 1 7 3 5 2 4]]
Number of cells unfilled: 10
Accuracy: 87.65432098765432
Sample: 17578
Question:
[[1 0 0 9 4 0 0 0 6]
 [9 7 0 0 0 1 0 8 0]
 [0 6 4 0 0 7 0 0 0]
 [0 0 0 0 0 0 2 0 8]
 [0 0 0 0 8 0 3 0 0]
 [0 0 1 0 0 0 0 0 0]
 [0 0 0 0 0 8 0 0 0]
 [0 9 0 7 0 0 0 0 4]
 [8 0 7 6 0 4 1 9 0]]
Solution:
[[2 5 8 6 1 4 9 3 0]
 [4 0 0 0 9 2 6 1 7]
 [1 9 7 5 3 8 4 0 0]
 [5 7 1 3 6 0 8 4 2]
 [9 6 2 8 4 7 0 0 3]
 [8 3 4 0 2 9 1 7 5]
 [0 2 3 9 8 5 7 6 1]
 [7 4 5 2 0 6 3 9 8]
 [6 8 9 1 7 3 5 2 4]]
Number of cells unfilled: 12
Accuracy: 85.18518518518519
Sample: 17579
Question:
[[1 0 2 0 0 0 3 0 6]
 [0 0 7 0 0 0 2 1 0]
 [3 6 0 0 0 0 0 9 7]
 [0 7 9 0 0 0 6 2 0]
 [0 0 0 0 0 2 0 0 0]
 [0 0 1 0 0 0 0 7 3]
 [0 0 0 2 0 0 9 0 0]
 [0 0 6 0 1 0 0 0 0]
 [0 2 3 4 0 8 0 0 1]]
Solution:
[[2 5 8 6 1 4 9 3 0]
 [4 0 0 0 9 2 6 1 7]
 [1 9 7 0 3 8 4 2 5]
 [5 7 1 3 6 0 8 4 9]
 [9 6 2 8 4 7 5 0 3]
 [8 3 4 5 2 9 1 7 6]
 [0 2 3 9 8 5 7 6 1]
 [7 4 5 2 0 6 3 9 8]
 [6 8 9 1 7 3 2 5 4]]
Number of cells unfilled: 9
Accuracy: 88.88888888888889
Sample: 17580
Question:
[[1 0 2 7 0 0 0 0 4]
 [3 0 0 0 9 0 0 7 0]
 [0 0 0 0 0 0 0 0 5]
 [0 0 0 5 4 0 0 0 0]
 [0 3 0 8 0 9 0 0 0]
 [0 4 0 0 3 7 0 0 8]
 [0 0 0 0 0 0 5 4 0]
 [0 0 0 0 0 8 3 0 7]
 [4 0 0 0 5 3 0 8 9]]
Solution:
[[2 5 8 6 1 4 9 3 0]
 [4 0 0 0 9 2 6 8 7]
 [1 9 7 5 3 8 4 2 0]
 [5 7 1 3 6 0 8 4 9]
 [9 6 2 8 4 1 5 0 3]
 [8 3 4 0 5 9 1 7 2]
 [0 2 3 9 8 5 7 6 1]
 [7 4 5 2 0 6 3 9 8]
 [6 8 9 1 7 3 2 5 4]]
Number of cells unfilled: 10
Accuracy: 87.65432098765432
Sample: 17581
Question:
[[1 0 4 0 0 0 0 9 0]
 [0 9 0 0 0 1 0 0 7]
 [0 6 7 0 0 8 0 0 0]
 [9 0 6 0 0 0 1 4 0]
 [4 8 0 0 1 0 7 0 0]
 [0 7 0 0 0 0 0 8 0]
 [6 0 0 0 8 0 9 0 0]
 [0 0 8 0 0 9 0 0 4]
 [0 0 0 5 3 0 0 0 1]]
Solution:
[[2 5 8 6 1 4 9 3 0]
 [4 0 0 5 9 2 6 1 7]
 [1 9 7 0 3 8 4 2 5]
 [5 7 1 3 6 0 8 4 9]
 [9 6 2 8 4 7 5 0 3]
 [8 3 4 0 5 9 1 7 6]
 [0 2 3 9 8 5 7 6 1]
 [7 4 5 2 0 6 3 9 8]
 [6 8 9 1 7 3 2 5 4]]
Number of cells unfilled: 9
Accuracy: 88.88888888888889
Sample: 17582
Question:
[[1 0 4 8 0 0 0 7 9]
 [7 2 0 0 0 9 1 0 8]
 [0 8 0 0 0 0 2 4 0]
 [0 4 0 0 9 0 0 0 0]
 [0 0 0 4 0 5 0 0 0]
 [0 0 0 0 0 3 0 0 0]
 [0 7 0 9 0 4 0 2 0]
 [0 0 2 0 7 1 0 0 0]
 [9 1 0 0 0 0 0 0 7]]
Solution:
[[2 5 8 6 1 4 9 3 0]
 [4 0 0 0 9 2 6 1 7]
 [1 9 7 0 3 8 4 0 5]
 [5 7 1 3 6 0 8 4 2]
 [9 6 2 8 4 7 0 5 3]
 [8 3 4 5 2 9 1 7 6]
 [0 2 3 9 8 5 7 6 1]
 [7 4 5 2 0 6 3 9 8]
 [6 8 9 1 7 3 5 2 4]]
Number of cells unfilled: 10
Accuracy: 87.65432098765432
Sample: 17583
Question:
[[1 0 6 0 2 0 0 0 0]
 [0 0 0 0 0 4 0 0 0]
 [0 0 0 1 0 5 0 0 0]
 [0 2 0 0 0 0 0 1 0]
 [0 0 7 0 3 6 0 0 0]
 [3 0 0 2 0 0 0 0 7]
 [0 6 1 9 0 0 2 0 3]
 [9 0 2 0 0 0 0 7 1]
 [7 3 0 0 0 0 9 6 0]]
Solution:
[[2 5 8 6 1 4 9 3 0]
 [4 0 0 0 9 2 6 1 7]
 [1 9 7 0 3 8 4 0 5]
 [5 7 1 3 6 0 8 4 2]
 [9 6 2 8 4 1 0 5 3]
 [8 3 4 5 2 9 1 7 6]
 [0 2 3 9 8 5 7 6 1]
 [7 4 5 2 0 6 3 9 8]
 [6 8 9 1 7 3 5 2 4]]
Number of cells unfilled: 10
Accuracy: 87.65432098765432
Sample: 17584
Question:
[[1 0 7 0 0 4 0 0 0]
 [0 0 0 0 9 0 8 0 0]
 [0 0 0 7 6 0 0 1 0]
 [0 0 0 4 0 0 0 2 1]
 [0 4 0 0 0 0 7 0 0]
 [2 0 0 0 1 8 0 0 0]
 [7 1 0 3 0 0 0 8 4]
 [0 8 2 0 0 0 0 0 3]
 [4 0 3 0 0 0 2 7 0]]
Solution:
[[2 5 8 6 1 4 9 3 0]
 [4 0 0 5 9 2 6 8 7]
 [1 9 7 0 3 8 4 2 5]
 [5 7 1 3 6 0 8 4 2]
 [9 6 2 7 4 1 5 0 3]
 [8 3 4 0 5 9 1 7 6]
 [0 2 3 9 8 5 7 6 1]
 [7 4 5 2 0 6 3 9 8]
 [6 8 9 1 7 3 2 5 4]]
Number of cells unfilled: 9
Accuracy: 88.88888888888889
Sample: 17585
Question:
[[1 0 7 0 0 5 6 2 0]
 [0 8 6 0 0 0 1 0 5]
 [0 2 0 0 1 0 0 7 8]
 [0 0 0 5 0 0 0 0 0]
 [0 0 0 0 8 4 0 0 0]
 [8 0 0 0 0 3 0 0 0]
 [0 0 0 0 0 0 7 5 0]
 [0 0 5 2 0 7 0 8 6]
 [0 6 0 0 0 8 2 0 0]]
Solution:
[[2 5 8 6 1 4 9 3 0]
 [4 0 0 8 9 2 6 1 7]
 [1 9 7 0 3 0 4 0 8]
 [5 7 1 3 6 0 8 4 2]
 [9 6 2 7 4 1 0 5 3]
 [8 3 4 5 2 9 1 7 6]
 [0 2 3 9 8 5 7 6 1]
 [7 4 5 2 0 6 3 8 9]
 [6 8 9 1 7 3 5 2 4]]
Number of cells unfilled: 10
Accuracy: 87.65432098765432
Sample: 17586
Question:
[[1 0 7 0 5 0 0 9 0]
 [0 0 0 0 6 0 0 8 0]
 [8 0 0 9 0 0 4 0 0]
 [0 0 0 0 0 0 0 4 0]
 [0 0 0 3 0 0 6 0 8]
 [0 0 0 0 9 8 0 5 3]
 [0 5 0 0 3 0 0 0 9]
 [0 8 0 6 0 0 0 3 4]
 [0 0 0 0 0 0 5 6 0]]
Solution:
[[2 5 8 6 1 4 9 3 0]
 [4 0 0 5 9 2 6 1 7]
 [1 9 7 0 3 8 4 2 5]
 [5 7 1 3 6 0 8 4 2]
 [9 6 2 8 4 1 5 0 3]
 [8 3 4 0 5 9 1 7 6]
 [0 2 3 9 8 5 7 6 1]
 [7 4 5 2 0 6 3 8 9]
 [6 8 9 1 7 3 2 5 4]]
Number of cells unfilled: 9
Accuracy: 88.88888888888889
Sample: 17587
Question:
[[1 0 7 0 6 0 0 0 0]
 [0 0 0 0 0 8 0 1 0]
 [0 8 9 0 4 0 6 0 0]
 [0 0 2 0 0 0 0 0 0]
 [0 0 0 0 0 0 9 0 7]
 [7 0 3 0 9 0 0 0 0]
 [0 7 0 9 0 0 0 8 6]
 [0 0 0 6 7 0 1 0 4]
 [4 0 0 0 8 1 0 9 0]]
Solution:
[[2 5 8 6 1 4 9 3 0]
 [4 0 0 0 9 2 6 1 7]
 [1 9 7 0 3 8 4 2 5]
 [5 7 1 3 6 0 8 4 2]
 [9 6 2 8 4 7 5 0 3]
 [8 3 4 5 2 9 1 7 6]
 [0 2 3 9 8 5 7 6 1]
 [7 4 5 2 0 6 3 8 9]
 [6 8 9 1 7 3 2 5 4]]
Number of cells unfilled: 9
Accuracy: 88.88888888888889
Sample: 17588
Question:
[[1 0 9 0 0 0 0 0 7]
 [0 0 0 1 0 0 9 8 0]
 [0 0 0 0 0 0 0 5 0]
 [0 2 4 0 6 1 0 7 9]
 [0 1 0 2 7 0 6 0 0]
 [0 0 6 9 0 4 0 0 0]
 [0 0 0 4 0 0 7 0 0]
 [0 7 0 0 2 9 0 0 0]
 [4 0 0 0 0 0 0 1 2]]
Solution:
[[2 5 8 6 1 4 9 3 0]
 [4 0 0 5 9 2 6 1 7]
 [1 9 7 0 3 0 4 5 8]
 [5 7 1 3 6 0 8 4 2]
 [9 6 2 7 4 1 0 0 3]
 [8 3 4 0 2 9 1 7 5]
 [0 2 3 9 8 5 7 6 1]
 [7 4 5 2 0 6 3 8 9]
 [6 8 9 1 7 3 5 2 4]]
Number of cells unfilled: 11
Accuracy: 86.41975308641975
Sample: 17589
Question:
[[1 2 0 0 0 0 3 0 0]
 [0 0 0 0 0 0 0 0 9]
 [0 0 0 2 0 0 0 0 8]
 [0 0 3 0 1 0 0 0 0]
 [0 7 0 0 0 0 4 0 2]
 [4 0 0 7 0 2 0 3 0]
 [0 0 2 4 0 3 0 5 0]
 [5 0 0 1 7 0 0 0 0]
 [7 0 4 0 0 5 1 0 3]]
Solution:
[[2 5 8 6 1 4 9 3 0]
 [4 0 0 0 9 2 6 8 7]
 [1 9 7 0 3 8 4 2 5]
 [5 7 1 3 6 0 8 4 2]
 [9 6 2 8 4 7 5 0 3]
 [8 3 4 5 2 9 1 7 6]
 [0 2 3 9 8 5 7 6 1]
 [7 4 5 2 0 6 3 9 8]
 [6 8 9 1 7 3 2 5 4]]
Number of cells unfilled: 9
Accuracy: 88.88888888888889
Sample: 17590
Question:
[[1 2 0 0 0 0 7 0 6]
 [0 3 6 7 0 0 0 4 0]
 [4 0 0 0 2 0 1 3 0]
 [2 0 0 0 0 0 4 6 0]
 [6 7 0 0 3 4 0 0 1]
 [0 1 0 0 0 0 3 0 0]
 [0 0 0 0 0 5 0 0 0]
 [0 0 0 0 6 0 2 0 0]
 [3 0 0 0 0 9 0 0 0]]
Solution:
[[2 5 8 6 1 4 9 3 0]
 [4 0 0 0 9 2 6 1 7]
 [1 9 7 5 3 8 4 0 0]
 [5 7 1 3 6 0 8 4 0]
 [9 6 2 8 4 7 0 5 3]
 [8 3 4 0 5 9 1 7 2]
 [0 2 3 9 8 5 7 6 1]
 [7 4 5 2 0 6 3 8 9]
 [6 8 9 1 7 3 5 2 4]]
Number of cells unfilled: 12
Accuracy: 85.18518518518519
Sample: 17591
Question:
[[1 2 0 0 0 4 6 0 0]
 [7 0 0 0 2 0 5 0 0]
 [0 4 5 0 0 0 0 0 0]
 [0 0 0 0 5 6 0 8 3]
 [0 6 0 0 4 0 0 0 0]
 [0 0 1 0 0 7 0 0 0]
 [0 0 7 0 0 0 0 6 0]
 [2 5 0 0 7 0 0 0 0]
 [0 0 4 0 1 2 0 0 0]]
Solution:
[[2 5 8 6 1 4 9 3 0]
 [4 0 0 0 9 2 6 8 7]
 [1 9 7 5 3 8 4 0 2]
 [5 7 1 3 6 0 8 4 9]
 [9 6 2 8 4 7 0 0 3]
 [8 3 4 0 2 9 1 7 5]
 [0 2 3 9 8 5 7 6 1]
 [7 4 5 2 0 6 3 9 8]
 [6 8 9 1 7 3 5 2 4]]
Number of cells unfilled: 11
Accuracy: 86.41975308641975
Sample: 17592
Question:
[[1 3 0 0 4 0 0 0 6]
 [8 0 4 0 5 0 0 0 0]
 [0 5 6 0 0 1 0 0 0]
 [0 6 8 1 0 0 4 0 0]
 [0 1 0 0 0 0 0 0 0]
 [3 0 5 4 8 0 0 0 0]
 [0 0 0 0 0 8 0 0 5]
 [0 0 0 6 0 4 7 2 0]
 [0 0 3 5 0 0 6 0 0]]
Solution:
[[2 5 8 6 1 4 9 3 0]
 [4 0 0 0 9 2 6 1 7]
 [1 9 7 5 3 8 4 0 2]
 [5 7 1 3 6 0 8 4 9]
 [9 6 2 8 4 7 0 5 3]
 [8 3 4 0 5 9 1 7 6]
 [0 2 3 9 8 5 7 6 1]
 [7 4 5 2 0 6 3 9 8]
 [6 8 9 1 7 3 5 2 4]]
Number of cells unfilled: 10
Accuracy: 87.65432098765432
Sample: 17593
Question:
[[1 5 0 0 0 0 0 4 7]
 [0 4 3 7 0 0 5 0 8]
 [7 0 8 0 0 0 3 1 0]
 [3 0 4 0 0 0 0 0 0]
 [0 0 0 0 0 9 0 0 0]
 [0 0 0 3 0 2 4 0 0]
 [0 8 0 0 0 0 0 3 0]
 [5 0 0 8 0 3 1 0 0]
 [0 0 1 0 5 4 0 0 0]]
Solution:
[[2 5 8 6 1 4 9 3 0]
 [4 0 0 0 9 2 6 1 7]
 [1 9 7 0 3 8 4 2 5]
 [5 7 1 3 6 0 8 4 2]
 [9 6 2 8 4 7 5 0 3]
 [8 3 4 5 2 9 1 7 6]
 [0 2 3 9 8 5 7 6 1]
 [7 4 5 2 0 6 3 8 9]
 [6 8 9 1 7 3 2 5 4]]
Number of cells unfilled: 9
Accuracy: 88.88888888888889
Sample: 17594
Question:
[[1 5 0 0 0 0 6 3 0]
 [0 0 9 0 0 3 4 0 0]
 [0 0 0 0 7 0 0 9 0]
 [0 0 0 0 6 4 3 0 9]
 [0 4 0 9 3 0 8 0 0]
 [0 0 0 7 0 8 0 0 6]
 [0 0 0 0 0 0 0 8 0]
 [4 0 0 8 0 6 0 0 0]
 [3 0 0 0 9 7 0 0 4]]
Solution:
[[2 5 8 6 1 4 9 3 0]
 [4 0 0 0 9 2 6 1 7]
 [1 9 7 5 3 8 4 0 0]
 [5 7 1 3 6 0 8 4 2]
 [9 6 2 8 4 7 0 5 3]
 [8 3 4 0 5 9 1 7 6]
 [0 2 3 9 8 5 7 6 1]
 [7 4 5 2 0 6 3 8 9]
 [6 8 9 1 7 3 5 2 4]]
Number of cells unfilled: 11
Accuracy: 86.41975308641975
Sample: 17595
Question:
[[1 6 0 0 0 2 0 8 0]
 [0 0 0 0 0 0 0 0 5]
 [7 0 5 0 0 8 0 2 0]
 [5 0 1 0 0 0 0 7 0]
 [0 2 0 0 8 0 5 0 0]
 [8 7 0 0 0 0 2 6 0]
 [2 0 0 6 0 0 8 0 0]
 [6 0 0 0 3 9 7 0 0]
 [0 1 0 0 0 0 0 0 6]]
Solution:
[[2 5 8 6 1 4 9 3 0]
 [4 0 0 0 9 2 6 8 7]
 [1 9 7 5 3 8 4 0 2]
 [5 7 1 3 6 0 8 4 9]
 [9 6 2 8 4 7 5 0 3]
 [8 3 4 0 5 9 1 7 6]
 [0 2 3 9 8 5 7 6 1]
 [7 4 5 2 0 6 3 9 8]
 [6 8 9 1 7 3 2 5 4]]
Number of cells unfilled: 10
Accuracy: 87.65432098765432
Sample: 17596
Question:
[[2 0 0 0 0 0 0 0 8]
 [4 0 0 0 0 0 0 0 0]
 [0 3 0 0 0 0 0 9 0]
 [3 9 0 6 0 5 8 7 0]
 [0 0 0 7 9 0 0 5 3]
 [0 0 5 0 8 0 6 0 0]
 [6 8 0 3 0 0 0 0 7]
 [0 0 0 9 0 0 3 6 0]
 [0 0 0 0 7 0 0 0 0]]
Solution:
[[2 5 8 6 1 4 9 3 0]
 [4 0 0 8 9 2 6 1 7]
 [1 9 7 0 3 0 4 2 5]
 [5 7 1 3 6 0 8 4 2]
 [9 6 2 7 4 1 5 0 3]
 [8 3 4 5 2 9 1 7 6]
 [0 2 3 9 8 5 7 6 1]
 [7 4 5 2 0 6 3 9 8]
 [6 8 9 1 7 3 2 5 4]]
Number of cells unfilled: 9
Accuracy: 88.88888888888889
Sample: 17597
Question:
[[2 0 0 0 0 0 0 0 9]
 [0 0 6 2 0 0 8 0 0]
 [8 0 5 0 1 4 2 0 0]
 [0 2 8 0 0 0 6 0 5]
 [0 0 7 5 0 0 0 0 8]
 [6 0 0 0 0 0 7 9 0]
 [7 0 9 0 0 0 0 0 6]
 [0 0 0 0 8 0 0 0 2]
 [0 0 0 0 0 0 5 7 0]]
Solution:
[[2 5 8 6 1 4 9 3 0]
 [4 0 0 8 9 2 6 1 7]
 [1 9 7 0 3 0 4 8 5]
 [5 7 1 3 6 0 8 4 2]
 [9 6 2 0 4 7 0 5 3]
 [8 3 4 0 5 9 1 7 6]
 [0 2 3 9 8 5 7 6 1]
 [7 4 5 2 0 6 3 9 8]
 [6 8 9 1 7 3 5 2 4]]
Number of cells unfilled: 11
Accuracy: 86.41975308641975
Sample: 17598
Question:
[[2 0 0 0 0 0 4 0 0]
 [0 0 0 0 2 0 0 9 0]
 [0 0 0 0 0 0 0 7 0]
 [3 0 4 0 0 0 0 0 0]
 [0 6 0 4 0 0 5 3 0]
 [5 0 0 0 0 6 0 2 0]
 [0 0 3 0 4 5 0 0 1]
 [6 0 5 3 1 0 2 0 0]
 [1 4 0 6 0 2 0 0 0]]
Solution:
[[2 5 8 6 1 4 9 3 0]
 [4 0 0 0 9 2 6 1 7]
 [1 9 7 0 3 8 4 2 5]
 [5 7 1 3 6 0 8 4 2]
 [9 6 2 8 4 7 5 0 3]
 [8 3 4 5 2 9 1 7 6]
 [0 2 3 9 8 5 7 6 1]
 [7 4 5 2 0 6 3 8 9]
 [6 8 9 1 7 3 2 5 4]]
Number of cells unfilled: 9
Accuracy: 88.88888888888889
Sample: 17599
Question:
[[2 0 0 0 0 3 9 0 0]
 [6 8 0 0 0 0 0 0 0]
 [0 9 3 8 0 0 6 2 0]
 [0 6 9 0 8 2 0 0 4]
 [4 0 8 3 0 0 0 0 0]
 [3 2 0 6 4 0 0 9 0]
 [0 0 0 0 0 0 0 8 0]
 [0 0 0 0 9 0 5 0 0]
 [0 0 0 0 0 0 1 0 9]]
Solution:
[[2 5 8 6 1 4 9 3 0]
 [4 0 0 0 9 2 6 1 7]
 [1 9 7 5 3 8 4 0 0]
 [5 7 1 3 6 0 8 4 2]
 [9 6 2 8 4 7 0 5 3]
 [8 3 4 0 5 9 1 7 6]
 [0 2 3 9 8 5 7 6 1]
 [7 4 5 2 0 6 3 8 9]
 [6 8 9 1 7 3 5 2 4]]
Number of cells unfilled: 11
Accuracy: 86.41975308641975
Sample: 17600
Question:
[[2 0 0 0 0 4 9 3 0]
 [0 0 0 0 9 2 6 0 7]
 [0 0 7 0 3 0 0 0 0]
 [0 0 0 0 6 0 8 0 0]
 [9 6 0 0 0 0 0 0 0]
 [0 0 0 0 0 9 1 0 0]
 [0 2 3 0 0 0 7 6 0]
 [0 4 0 2 0 0 0 0 0]
 [0 0 9 0 7 3 0 0 4]]
Solution:
[[2 5 8 6 1 4 9 3 0]
 [4 0 0 0 9 2 6 8 7]
 [1 9 7 5 3 8 4 0 0]
 [5 7 1 3 6 0 8 4 2]
 [9 6 2 8 4 7 0 5 3]
 [8 3 4 0 2 9 1 7 6]
 [0 2 3 9 8 5 7 6 1]
 [7 4 5 2 0 6 3 9 8]
 [6 8 9 1 7 3 5 2 4]]
Number of cells unfilled: 11
Accuracy: 86.41975308641975
