2025-10-22 13:49:56.270683: I tensorflow/core/util/port.cc:153] oneDNN custom operations are on. You may see slightly different numerical results due to floating-point round-off errors from different computation orders. To turn them off, set the environment variable `TF_ENABLE_ONEDNN_OPTS=0`.
2025-10-22 13:49:57.222562: I tensorflow/core/platform/cpu_feature_guard.cc:210] This TensorFlow binary is optimized to use available CPU instructions in performance-critical operations.
To enable the following instructions: AVX2 AVX512F AVX512_VNNI FMA, in other operations, rebuild TensorFlow with the appropriate compiler flags.
2025-10-22 13:50:01.844145: I tensorflow/core/util/port.cc:153] oneDNN custom operations are on. You may see slightly different numerical results due to floating-point round-off errors from different computation orders. To turn them off, set the environment variable `TF_ENABLE_ONEDNN_OPTS=0`.
2025-10-22 13:50:08.026700: E external/local_xla/xla/stream_executor/cuda/cuda_platform.cc:51] failed call to cuInit: INTERNAL: CUDA error: Failed call to cuInit: UNKNOWN ERROR (303)
Sample: 17701
Question:
[[5 0 7 4 0 9 0 6 8]
 [0 9 0 0 0 5 7 0 0]
 [4 8 0 7 6 0 0 0 0]
 [0 0 0 0 0 0 0 3 0]
 [9 0 0 0 0 0 0 1 0]
 [0 0 0 8 0 0 0 0 6]
 [0 4 0 9 0 0 0 8 0]
 [6 0 0 0 4 0 0 5 9]
 [0 0 0 5 0 6 0 0 0]]
Solution:
[[9 5 3 4 1 8 2 6 0]
 [0 1 6 2 9 0 5 8 3]
 [4 8 2 0 5 6 7 1 9]
 [5 2 9 3 0 0 1 0 8]
 [1 0 0 5 7 4 3 2 6]
 [7 3 8 0 6 2 4 9 5]
 [2 7 0 6 8 5 9 4 1]
 [6 9 4 1 3 7 8 5 0]
 [8 0 1 9 4 0 6 7 2]]
Number of cells unfilled: 14
Accuracy: 82.71604938271605
Sample: 17702
Question:
[[5 0 8 6 0 0 0 4 3]
 [3 2 0 0 0 0 6 0 0]
 [0 4 0 0 0 8 2 5 0]
 [0 0 3 0 0 1 0 0 0]
 [0 0 0 0 8 0 3 0 0]
 [0 0 0 3 0 7 0 0 0]
 [0 0 0 0 0 0 4 8 0]
 [2 0 0 0 0 3 5 0 0]
 [6 8 0 0 5 4 0 0 2]]
Solution:
[[9 5 3 4 1 8 2 6 0]
 [0 1 6 7 9 0 5 8 3]
 [4 8 2 0 5 6 7 1 9]
 [5 2 9 3 0 0 1 0 8]
 [1 0 0 5 7 4 3 2 6]
 [7 3 8 0 6 2 4 9 5]
 [2 7 0 6 8 5 9 4 1]
 [6 9 4 1 3 7 8 5 0]
 [8 0 1 9 4 0 6 7 2]]
Number of cells unfilled: 14
Accuracy: 82.71604938271605
Sample: 17703
Question:
[[5 1 0 0 2 0 0 0 0]
 [0 6 8 1 5 0 4 0 0]
 [0 0 0 0 0 6 0 0 0]
 [0 5 6 0 4 2 0 1 0]
 [2 8 0 0 0 0 0 0 0]
 [1 0 4 6 0 0 0 0 0]
 [0 2 0 0 0 5 0 7 3]
 [8 0 0 0 0 0 0 0 0]
 [0 4 0 0 0 1 2 0 0]]
Solution:
[[9 5 3 4 1 8 2 6 0]
 [0 1 6 2 9 0 5 8 3]
 [4 8 2 0 5 6 7 1 9]
 [5 2 9 3 0 0 1 0 8]
 [1 0 0 8 7 4 3 2 6]
 [7 3 8 0 6 2 4 9 5]
 [2 7 0 6 8 5 9 4 1]
 [6 9 4 1 3 7 8 5 0]
 [8 0 1 9 4 0 6 7 2]]
Number of cells unfilled: 14
Accuracy: 82.71604938271605
Sample: 17704
Question:
[[5 1 0 2 0 0 0 0 0]
 [0 0 3 0 5 0 0 0 0]
 [0 9 7 0 0 0 2 0 0]
 [0 7 0 0 0 1 4 6 0]
 [0 0 9 0 7 0 0 0 0]
 [0 2 0 0 0 3 0 0 7]
 [9 5 0 0 3 0 0 0 2]
 [0 3 1 7 0 0 0 0 0]
 [0 0 0 0 0 5 0 0 1]]
Solution:
[[9 5 3 4 1 8 2 6 0]
 [0 1 6 7 2 9 5 8 3]
 [4 8 2 0 5 6 7 1 9]
 [5 2 9 3 0 0 1 0 8]
 [1 0 0 8 7 4 3 2 6]
 [7 3 8 0 6 2 4 9 5]
 [2 7 0 6 8 5 9 4 1]
 [6 9 4 1 3 7 8 5 0]
 [8 0 1 9 4 0 6 7 2]]
Number of cells unfilled: 13
Accuracy: 83.9506172839506
Sample: 17705
Question:
[[5 2 0 0 0 0 8 0 1]
 [0 3 0 5 0 0 0 0 0]
 [9 0 0 0 0 6 0 0 0]
 [0 0 0 6 0 9 0 0 5]
 [0 9 0 2 7 0 0 0 0]
 [7 0 0 0 0 3 0 0 0]
 [0 5 0 3 0 2 0 0 0]
 [3 0 0 7 6 0 0 5 0]
 [0 7 0 0 9 0 0 2 0]]
Solution:
[[9 5 3 4 1 8 2 6 0]
 [0 1 6 7 9 0 5 8 3]
 [4 8 2 0 5 6 7 1 9]
 [5 2 9 3 0 0 1 0 8]
 [1 0 0 8 7 4 3 2 6]
 [7 3 8 0 6 2 4 9 5]
 [2 7 0 6 8 5 9 4 1]
 [6 9 4 1 3 7 8 5 0]
 [8 0 1 9 4 0 6 7 2]]
Number of cells unfilled: 14
Accuracy: 82.71604938271605
Sample: 17706
Question:
[[5 2 0 7 9 0 0 1 0]
 [0 7 9 0 0 0 0 0 0]
 [8 0 1 0 0 2 0 0 0]
 [0 0 0 0 0 7 0 0 0]
 [0 0 5 8 0 0 1 0 0]
 [0 8 0 1 0 9 4 0 3]
 [2 9 0 0 0 8 0 0 0]
 [0 5 0 0 0 0 0 0 1]
 [1 0 7 2 0 0 0 0 0]]
Solution:
[[9 5 3 4 1 8 2 6 0]
 [0 1 6 2 9 0 5 8 3]
 [4 8 2 0 5 6 7 1 9]
 [5 2 9 3 0 0 1 0 8]
 [1 0 0 8 7 4 3 2 6]
 [7 3 8 0 6 2 4 9 5]
 [2 7 0 6 8 5 9 4 1]
 [6 9 4 1 3 7 8 5 0]
 [8 0 1 9 4 0 6 7 2]]
Number of cells unfilled: 14
Accuracy: 82.71604938271605
Sample: 17707
Question:
[[5 3 0 8 1 0 0 0 7]
 [0 0 8 0 9 0 0 0 0]
 [0 9 7 5 0 3 0 0 0]
 [0 0 5 7 0 0 0 0 9]
 [7 0 3 0 0 0 2 4 0]
 [0 0 0 0 0 1 0 0 0]
 [0 0 0 1 0 9 0 7 0]
 [0 0 9 3 8 0 0 0 0]
 [8 0 0 0 0 5 0 0 0]]
Solution:
[[9 5 3 4 1 8 2 6 0]
 [0 1 6 7 2 9 5 8 3]
 [4 8 2 0 5 6 7 1 9]
 [5 2 9 3 0 0 1 0 8]
 [1 0 0 5 7 4 3 2 6]
 [7 3 8 0 6 2 4 9 5]
 [2 7 0 6 8 5 9 4 1]
 [6 9 4 1 3 7 8 5 0]
 [8 0 1 9 4 0 6 7 2]]
Number of cells unfilled: 13
Accuracy: 83.9506172839506
Sample: 17708
Question:
[[5 7 0 0 0 1 0 6 3]
 [0 0 1 0 0 0 4 0 5]
 [0 3 4 6 0 0 0 1 0]
 [0 0 0 9 0 0 3 0 0]
 [0 0 0 8 0 5 0 0 7]
 [0 0 5 0 6 0 0 0 0]
 [4 0 0 7 3 0 0 0 0]
 [0 6 7 0 0 0 5 0 0]
 [0 0 0 0 0 6 0 7 4]]
Solution:
[[9 5 3 4 1 8 2 6 0]
 [0 1 6 2 9 0 5 8 3]
 [4 8 2 0 5 6 7 1 9]
 [5 2 9 3 0 0 1 0 8]
 [1 0 0 5 7 4 3 2 6]
 [7 3 8 0 6 2 4 9 5]
 [2 7 0 6 8 5 9 4 1]
 [6 9 4 1 3 7 8 5 0]
 [8 0 1 9 4 0 6 7 2]]
Number of cells unfilled: 14
Accuracy: 82.71604938271605
Sample: 17709
Question:
[[5 7 0 9 1 0 8 2 0]
 [0 0 8 2 0 7 5 0 9]
 [0 0 0 0 8 0 0 1 0]
 [7 0 5 0 9 0 0 0 1]
 [0 0 0 5 0 0 0 0 0]
 [2 9 0 0 0 1 0 0 0]
 [3 0 0 0 0 0 0 0 2]
 [6 0 0 0 0 0 7 0 0]
 [0 0 0 0 7 2 0 0 0]]
Solution:
[[9 5 3 4 1 8 2 6 0]
 [0 1 6 7 2 9 5 8 3]
 [4 8 2 0 5 6 7 1 9]
 [5 2 9 3 0 0 1 0 8]
 [1 0 0 5 7 4 3 2 6]
 [7 3 8 0 6 2 4 9 5]
 [2 7 0 6 8 5 9 4 1]
 [6 9 4 1 3 7 8 5 0]
 [8 0 1 9 4 0 6 7 2]]
Number of cells unfilled: 13
Accuracy: 83.9506172839506
Sample: 17710
Question:
[[5 9 0 0 0 7 0 0 0]
 [8 0 0 0 9 0 0 2 0]
 [0 7 2 0 1 0 0 0 0]
 [9 2 0 1 8 0 0 0 0]
 [0 0 7 0 0 9 0 0 0]
 [0 5 0 0 0 0 0 0 1]
 [0 8 0 0 2 0 6 0 3]
 [0 1 0 0 7 0 0 0 0]
 [0 0 5 0 0 8 1 0 0]]
Solution:
[[9 5 3 4 1 8 2 6 0]
 [0 1 6 7 2 9 5 8 3]
 [4 8 2 0 5 6 7 1 9]
 [5 2 9 3 0 0 1 0 8]
 [1 0 0 5 7 4 3 2 6]
 [7 3 8 0 6 2 4 9 5]
 [2 7 0 6 8 5 9 4 1]
 [6 9 4 1 3 7 8 5 0]
 [8 0 1 9 4 0 6 7 2]]
Number of cells unfilled: 13
Accuracy: 83.9506172839506
Sample: 17711
Question:
[[6 0 0 0 0 0 0 0 0]
 [0 0 9 0 3 0 0 0 0]
 [4 0 0 0 0 0 0 0 5]
 [0 0 0 8 9 0 2 0 0]
 [0 0 5 2 0 1 3 0 8]
 [0 8 0 0 5 3 0 1 9]
 [5 9 0 1 0 0 0 2 0]
 [0 0 0 0 0 0 0 0 0]
 [3 0 1 0 2 5 9 0 0]]
Solution:
[[9 5 3 4 1 8 2 6 0]
 [0 1 6 7 9 0 5 8 3]
 [4 8 2 0 5 6 7 1 9]
 [5 2 9 3 0 0 1 0 8]
 [1 0 0 8 7 4 3 2 6]
 [7 3 8 0 6 2 4 9 5]
 [2 7 0 6 8 5 9 4 1]
 [6 9 4 1 3 7 8 5 0]
 [8 0 1 9 4 0 6 7 2]]
Number of cells unfilled: 14
Accuracy: 82.71604938271605
Sample: 17712
Question:
[[6 0 0 0 0 0 0 8 0]
 [7 0 0 0 0 0 0 0 0]
 [0 0 9 0 0 3 0 0 0]
 [0 0 3 4 0 2 0 0 1]
 [0 1 0 8 0 0 0 4 9]
 [0 0 0 0 9 1 2 3 0]
 [8 0 4 0 2 0 0 0 0]
 [0 9 0 0 0 4 0 2 8]
 [0 0 0 9 0 8 3 0 0]]
Solution:
[[9 5 3 4 1 8 2 6 0]
 [0 1 6 7 2 9 5 8 3]
 [4 8 2 0 5 6 7 1 9]
 [5 2 9 3 0 0 1 0 8]
 [1 0 0 8 7 4 3 2 6]
 [7 3 8 0 6 2 4 9 5]
 [2 7 0 6 8 5 9 4 1]
 [6 9 4 1 3 7 8 5 0]
 [8 0 1 9 4 0 6 7 2]]
Number of cells unfilled: 13
Accuracy: 83.9506172839506
Sample: 17713
Question:
[[6 0 0 0 0 0 4 2 0]
 [1 0 0 0 0 0 6 0 5]
 [0 2 4 0 0 0 0 1 7]
 [0 5 0 0 6 0 7 0 0]
 [2 0 0 0 0 0 0 6 0]
 [4 6 0 0 9 8 0 5 0]
 [5 0 0 0 0 0 0 4 1]
 [0 0 0 0 0 6 0 0 0]
 [7 1 0 0 0 0 2 0 0]]
Solution:
[[9 5 3 4 1 8 2 6 0]
 [0 1 6 7 2 9 5 8 3]
 [4 8 2 0 5 6 7 1 9]
 [5 2 9 3 0 0 1 0 8]
 [1 0 0 8 7 4 3 2 6]
 [7 3 8 0 6 2 4 9 5]
 [2 7 0 6 8 5 9 4 1]
 [6 9 4 1 3 7 8 5 0]
 [8 0 1 9 4 0 6 7 2]]
Number of cells unfilled: 13
Accuracy: 83.9506172839506
Sample: 17714
Question:
[[6 0 0 0 0 0 5 1 0]
 [0 0 4 0 6 0 0 9 2]
 [5 0 9 1 0 2 4 0 6]
 [0 0 0 0 0 3 0 0 0]
 [1 0 0 2 0 0 0 0 0]
 [0 9 0 0 0 7 0 0 0]
 [0 0 0 0 2 1 0 5 0]
 [0 5 0 9 0 4 0 0 0]
 [4 0 2 0 0 0 0 0 9]]
Solution:
[[9 5 3 4 1 8 2 6 0]
 [0 1 6 7 2 9 5 8 3]
 [4 8 2 0 5 6 7 1 9]
 [5 2 9 3 0 0 1 0 8]
 [1 0 0 5 7 4 3 2 6]
 [7 3 8 0 6 2 4 9 5]
 [2 7 0 6 8 5 9 4 1]
 [6 9 4 1 3 7 8 5 0]
 [8 0 1 9 4 0 6 7 2]]
Number of cells unfilled: 13
Accuracy: 83.9506172839506
Sample: 17715
Question:
[[6 0 0 0 0 1 0 0 0]
 [0 1 0 8 9 0 0 0 0]
 [0 8 9 0 6 3 0 0 5]
 [3 0 6 9 0 0 0 0 0]
 [1 0 0 0 8 6 0 0 0]
 [0 0 0 0 0 0 0 5 0]
 [8 0 5 0 1 0 4 7 0]
 [9 0 0 0 5 0 0 0 1]
 [0 0 0 3 0 0 0 0 0]]
Solution:
[[9 5 3 4 1 8 2 6 0]
 [0 1 6 7 9 0 5 8 3]
 [4 8 2 0 5 6 7 1 9]
 [5 2 9 3 0 0 1 0 8]
 [1 0 0 5 7 4 3 2 6]
 [7 3 8 0 6 2 4 9 5]
 [2 7 0 6 8 5 9 4 1]
 [6 9 4 1 3 7 8 5 0]
 [8 0 1 9 4 0 6 7 2]]
Number of cells unfilled: 14
Accuracy: 82.71604938271605
Sample: 17716
Question:
[[6 0 0 0 0 1 5 7 0]
 [7 0 0 8 0 0 3 0 1]
 [0 0 0 0 0 0 0 6 8]
 [0 9 4 7 0 6 0 0 0]
 [0 7 0 5 0 0 0 3 0]
 [0 0 0 0 0 8 0 0 0]
 [0 0 7 0 0 0 0 5 0]
 [0 0 0 0 0 5 1 0 6]
 [0 0 0 1 0 3 7 8 0]]
Solution:
[[9 5 3 4 1 8 2 6 0]
 [0 1 6 7 9 0 5 8 3]
 [4 8 2 0 5 6 7 1 9]
 [5 2 9 3 0 0 1 0 8]
 [1 0 0 5 7 4 3 2 6]
 [7 3 8 0 6 2 4 9 5]
 [2 7 0 6 8 5 9 4 1]
 [6 9 4 1 3 7 8 5 0]
 [8 0 1 9 4 0 6 7 2]]
Number of cells unfilled: 14
Accuracy: 82.71604938271605
Sample: 17717
Question:
[[6 0 0 0 0 7 0 0 0]
 [0 0 0 6 2 0 0 0 0]
 [0 0 0 0 3 0 0 0 0]
 [5 0 7 0 0 0 0 6 1]
 [1 9 0 0 7 0 0 0 4]
 [0 4 6 5 0 0 0 9 0]
 [9 0 0 0 0 0 0 1 0]
 [0 0 1 0 4 9 0 5 7]
 [4 7 0 0 0 0 0 0 6]]
Solution:
[[9 5 3 4 1 8 2 6 0]
 [0 1 6 7 9 0 5 8 3]
 [4 8 2 0 5 6 7 1 9]
 [5 2 9 3 0 0 1 0 8]
 [1 0 0 5 7 4 3 2 6]
 [7 3 8 0 6 2 4 9 5]
 [2 7 0 6 8 5 9 4 1]
 [6 9 4 1 3 7 8 5 0]
 [8 0 1 9 4 0 6 7 2]]
Number of cells unfilled: 14
Accuracy: 82.71604938271605
Sample: 17718
Question:
[[6 0 0 0 0 7 0 2 0]
 [0 8 0 2 0 0 0 0 0]
 [0 0 0 6 0 3 4 0 1]
 [0 0 0 9 0 0 3 0 0]
 [3 0 9 0 0 0 0 0 7]
 [8 2 0 0 7 0 0 0 6]
 [7 3 0 0 2 6 0 0 0]
 [0 6 2 0 0 9 0 0 0]
 [9 0 8 0 3 0 0 0 0]]
Solution:
[[9 5 3 4 1 8 2 6 0]
 [0 1 6 7 2 9 5 8 3]
 [4 8 2 0 5 6 7 1 9]
 [5 2 9 3 0 0 1 0 8]
 [1 0 0 8 7 4 3 2 6]
 [7 3 8 0 6 2 4 9 5]
 [2 7 0 6 8 5 9 4 1]
 [6 9 4 1 3 7 8 5 0]
 [8 0 1 9 4 0 6 7 2]]
Number of cells unfilled: 13
Accuracy: 83.9506172839506
Sample: 17719
Question:
[[6 0 0 0 0 9 0 2 0]
 [1 0 9 0 0 0 0 8 0]
 [0 2 4 0 0 0 0 0 0]
 [0 0 8 0 0 4 0 0 0]
 [0 1 0 0 6 0 8 0 0]
 [0 0 0 0 0 2 5 0 3]
 [0 6 1 4 2 0 0 0 0]
 [9 0 0 8 0 6 0 0 0]
 [8 4 0 0 9 0 2 0 0]]
Solution:
[[9 5 3 4 1 8 2 6 0]
 [0 1 6 2 9 0 5 8 3]
 [4 8 2 0 5 6 7 1 9]
 [5 2 9 3 0 0 1 0 8]
 [1 0 0 8 7 4 3 2 6]
 [7 3 8 0 6 2 4 9 5]
 [2 7 0 6 8 5 9 4 1]
 [6 9 4 1 3 7 8 5 0]
 [8 0 1 9 4 0 6 7 2]]
Number of cells unfilled: 14
Accuracy: 82.71604938271605
Sample: 17720
Question:
[[6 0 0 0 2 0 0 3 1]
 [0 0 0 0 0 0 5 0 2]
 [0 0 2 0 1 0 6 9 0]
 [0 2 5 0 0 0 0 0 0]
 [3 0 0 0 0 0 0 6 0]
 [9 6 0 0 0 2 0 1 5]
 [5 0 0 0 0 0 0 0 0]
 [0 1 0 4 0 8 3 0 0]
 [0 3 0 0 0 1 0 0 9]]
Solution:
[[9 5 3 4 1 8 2 6 0]
 [0 1 6 2 9 0 5 8 3]
 [4 8 2 0 5 6 7 1 9]
 [5 2 9 3 0 0 1 0 8]
 [1 0 0 5 7 4 3 2 6]
 [7 3 8 0 6 2 4 9 5]
 [2 7 0 6 8 5 9 4 1]
 [6 9 4 1 3 7 8 5 0]
 [8 0 1 9 4 0 6 7 2]]
Number of cells unfilled: 14
Accuracy: 82.71604938271605
Sample: 17721
Question:
[[6 0 0 0 3 5 0 0 4]
 [1 5 0 0 0 7 0 6 0]
 [0 4 3 1 6 0 0 0 0]
 [0 0 0 3 0 0 7 0 5]
 [7 3 0 0 0 0 0 1 0]
 [5 0 4 0 7 1 0 0 0]
 [0 7 0 0 0 0 8 0 0]
 [0 0 0 0 4 0 0 0 1]
 [0 0 0 0 0 3 2 0 0]]
Solution:
[[9 5 3 4 1 8 2 6 0]
 [0 1 6 2 9 0 5 8 3]
 [4 8 2 0 5 6 7 1 9]
 [5 2 9 3 0 0 1 0 8]
 [1 0 0 8 7 4 3 2 6]
 [7 3 8 0 6 2 4 9 5]
 [2 7 0 6 8 5 9 4 1]
 [6 9 4 1 3 7 8 5 0]
 [8 0 1 9 4 0 6 7 2]]
Number of cells unfilled: 14
Accuracy: 82.71604938271605
Sample: 17722
Question:
[[6 0 0 0 5 0 9 0 3]
 [0 0 0 0 7 0 8 5 0]
 [0 0 0 9 0 0 0 0 7]
 [0 1 2 5 0 0 0 0 0]
 [7 0 0 8 0 0 6 0 0]
 [0 0 0 0 0 7 0 3 0]
 [0 0 5 0 0 9 0 8 6]
 [0 0 0 0 0 5 3 7 0]
 [0 8 0 0 6 0 0 0 9]]
Solution:
[[9 5 3 4 1 8 2 6 0]
 [0 1 6 7 2 9 5 8 3]
 [4 8 2 0 5 6 7 1 9]
 [5 2 9 3 0 0 1 0 8]
 [1 0 0 8 7 4 3 2 6]
 [7 3 8 0 6 2 4 9 5]
 [2 7 0 6 8 5 9 4 1]
 [6 9 4 1 3 7 8 5 0]
 [8 0 1 9 4 0 6 7 2]]
Number of cells unfilled: 13
Accuracy: 83.9506172839506
Sample: 17723
Question:
[[6 0 0 1 0 0 0 0 0]
 [2 0 0 0 0 4 0 0 0]
 [0 0 0 0 0 0 0 4 1]
 [0 0 0 0 8 0 0 0 9]
 [5 1 0 0 0 0 7 0 8]
 [0 0 9 5 0 7 4 0 0]
 [4 7 0 0 0 9 0 8 0]
 [0 0 5 4 0 8 0 0 0]
 [0 0 0 7 1 0 5 0 0]]
Solution:
[[9 5 3 4 1 8 2 6 0]
 [0 1 6 7 9 0 5 8 3]
 [4 8 2 0 5 6 7 1 9]
 [5 2 9 3 0 0 1 0 8]
 [1 0 0 8 7 4 3 2 6]
 [7 3 8 0 6 2 4 9 5]
 [2 7 0 6 8 5 9 4 1]
 [6 9 4 1 3 7 8 5 0]
 [8 0 1 9 4 0 6 7 2]]
Number of cells unfilled: 14
Accuracy: 82.71604938271605
Sample: 17724
Question:
[[6 0 0 1 0 0 0 7 2]
 [0 0 0 0 0 0 1 0 8]
 [0 8 0 0 2 0 6 3 0]
 [0 9 5 0 1 6 0 0 0]
 [0 6 0 0 0 3 7 0 0]
 [0 0 0 0 8 0 0 0 0]
 [0 0 0 0 0 2 8 6 0]
 [0 0 0 0 3 0 0 2 1]
 [0 0 6 0 0 0 3 0 7]]
Solution:
[[9 5 3 4 1 8 2 6 0]
 [0 1 6 7 2 9 5 8 3]
 [4 8 2 0 5 6 7 1 9]
 [5 2 9 3 0 0 1 0 8]
 [1 0 0 8 7 4 3 2 6]
 [7 3 8 0 6 2 4 9 5]
 [2 7 0 6 8 5 9 4 1]
 [6 9 4 1 3 7 8 5 0]
 [8 0 1 9 4 0 6 7 2]]
Number of cells unfilled: 13
Accuracy: 83.9506172839506
Sample: 17725
Question:
[[6 0 0 2 0 0 0 0 0]
 [0 0 0 0 8 0 0 3 0]
 [0 0 0 7 0 0 0 0 0]
 [0 0 6 0 0 0 8 1 0]
 [8 9 0 1 6 0 0 0 4]
 [0 4 0 3 0 0 0 6 0]
 [1 0 0 0 3 0 6 4 0]
 [4 3 0 0 0 0 0 9 8]
 [0 0 8 0 0 9 1 0 0]]
Solution:
[[9 5 3 4 1 8 2 6 0]
 [0 1 6 7 2 9 5 8 3]
 [4 8 2 0 5 6 7 1 9]
 [5 2 9 3 0 0 1 0 8]
 [1 0 0 5 7 4 3 2 6]
 [7 3 8 0 6 2 4 9 5]
 [2 7 0 6 8 5 9 4 1]
 [6 9 4 1 3 7 8 5 0]
 [8 0 1 9 4 0 6 7 2]]
Number of cells unfilled: 13
Accuracy: 83.9506172839506
Sample: 17726
Question:
[[6 0 0 7 1 0 0 0 0]
 [0 1 0 4 0 5 6 0 0]
 [0 7 5 0 0 0 0 0 0]
 [0 0 0 2 0 0 0 0 0]
 [0 4 0 0 5 0 0 0 0]
 [0 0 0 9 0 0 0 0 1]
 [0 6 1 5 4 0 0 3 7]
 [0 3 0 0 0 0 4 0 6]
 [0 0 7 0 0 3 1 5 0]]
Solution:
[[9 5 3 4 1 8 2 6 0]
 [0 1 6 7 2 9 5 8 3]
 [4 8 2 0 5 6 7 1 9]
 [5 2 9 3 0 0 1 0 8]
 [1 0 0 5 7 4 3 2 6]
 [7 3 8 0 6 2 4 9 5]
 [2 7 0 6 8 5 9 4 1]
 [6 9 4 1 3 7 8 5 0]
 [8 0 1 9 4 0 6 7 2]]
Number of cells unfilled: 13
Accuracy: 83.9506172839506
Sample: 17727
Question:
[[6 0 0 8 0 0 0 7 4]
 [0 5 0 1 0 0 0 0 0]
 [0 0 8 0 6 0 0 1 0]
 [0 2 0 0 0 8 9 0 0]
 [9 0 0 2 0 6 0 0 0]
 [0 1 0 5 9 0 0 0 0]
 [5 0 9 6 0 0 0 0 1]
 [0 0 2 0 5 0 0 9 0]
 [0 8 0 0 0 2 0 0 0]]
Solution:
[[9 5 3 4 1 8 2 6 0]
 [0 1 6 7 9 0 5 8 3]
 [4 8 2 0 5 6 7 1 9]
 [5 2 9 3 0 0 1 0 8]
 [1 0 0 5 7 4 3 2 6]
 [7 3 8 0 6 2 4 9 5]
 [2 7 0 6 8 5 9 4 1]
 [6 9 4 1 3 7 8 5 0]
 [8 0 1 9 4 0 6 7 2]]
Number of cells unfilled: 14
Accuracy: 82.71604938271605
Sample: 17728
Question:
[[6 0 0 9 0 0 0 0 0]
 [0 0 0 8 2 0 0 6 7]
 [8 0 0 0 0 7 3 0 9]
 [0 0 0 7 0 0 0 0 8]
 [0 4 5 6 0 8 0 0 2]
 [0 0 0 0 0 2 0 3 0]
 [0 0 8 0 0 0 0 2 3]
 [0 6 0 0 0 9 0 7 0]
 [0 0 0 0 0 0 9 0 6]]
Solution:
[[9 5 3 4 1 8 2 6 0]
 [0 1 6 7 2 9 5 8 3]
 [4 8 2 0 5 6 7 1 9]
 [5 2 9 3 0 0 1 0 8]
 [1 0 0 8 7 4 3 2 6]
 [7 3 8 0 6 2 4 9 5]
 [2 7 0 6 8 5 9 4 1]
 [6 9 4 1 3 7 8 5 0]
 [8 0 1 9 4 0 6 7 2]]
Number of cells unfilled: 13
Accuracy: 83.9506172839506
Sample: 17729
Question:
[[6 0 2 0 0 7 0 0 0]
 [4 0 0 8 0 0 0 0 0]
 [0 1 0 0 0 0 0 0 0]
 [0 0 5 0 1 0 0 7 2]
 [1 0 0 7 5 0 9 8 0]
 [0 0 0 9 0 2 5 0 0]
 [0 0 0 0 8 0 7 1 0]
 [7 8 0 0 0 0 0 2 9]
 [2 0 1 0 0 9 0 0 0]]
Solution:
[[9 5 3 4 1 8 2 6 0]
 [0 1 6 7 2 9 5 8 3]
 [4 8 2 0 5 6 7 1 9]
 [5 2 9 3 0 0 1 0 8]
 [1 0 0 5 7 4 3 2 6]
 [7 3 8 0 6 2 4 9 5]
 [2 7 0 6 8 5 9 4 1]
 [6 9 4 1 3 7 8 5 0]
 [8 0 1 9 4 0 6 7 2]]
Number of cells unfilled: 13
Accuracy: 83.9506172839506
Sample: 17730
Question:
[[6 0 2 7 0 5 1 0 4]
 [0 1 5 0 2 0 6 7 0]
 [4 0 0 0 0 0 0 0 2]
 [5 0 0 1 0 6 7 4 0]
 [0 4 0 0 5 7 0 0 1]
 [0 0 0 0 0 0 5 0 6]
 [0 0 0 0 7 9 0 0 0]
 [0 0 0 0 0 0 0 0 0]
 [0 0 7 0 0 8 0 0 0]]
Solution:
[[9 5 3 4 1 8 2 6 0]
 [0 1 6 2 9 0 5 8 3]
 [4 8 2 0 5 6 7 1 9]
 [5 2 9 3 0 0 1 0 8]
 [1 0 0 5 7 4 3 2 6]
 [7 3 8 0 6 2 4 9 5]
 [2 7 0 6 8 5 9 4 1]
 [6 9 4 1 3 7 8 5 0]
 [8 0 1 9 4 0 6 7 2]]
Number of cells unfilled: 14
Accuracy: 82.71604938271605
Sample: 17731
Question:
[[6 0 3 0 8 0 0 0 2]
 [0 9 5 0 3 0 0 0 0]
 [8 0 0 9 0 6 5 0 0]
 [9 0 8 0 0 0 0 0 0]
 [0 0 6 0 0 3 9 2 0]
 [0 3 0 0 0 5 0 8 6]
 [0 0 0 0 0 0 0 1 0]
 [0 0 2 0 0 0 0 0 0]
 [0 0 0 2 0 0 0 4 0]]
Solution:
[[9 5 3 4 1 8 2 6 0]
 [0 1 6 7 2 9 5 8 3]
 [4 8 2 0 5 6 7 1 9]
 [5 2 9 3 0 0 1 0 8]
 [1 0 0 5 7 4 3 2 6]
 [7 3 8 0 6 2 4 9 5]
 [2 7 0 6 8 5 9 4 1]
 [6 9 4 1 3 7 8 5 0]
 [8 0 1 9 4 0 6 7 2]]
Number of cells unfilled: 13
Accuracy: 83.9506172839506
Sample: 17732
Question:
[[6 0 4 3 0 8 0 7 0]
 [2 0 0 0 4 0 0 0 0]
 [0 8 3 0 0 0 0 0 0]
 [4 0 8 0 2 0 0 0 0]
 [0 0 0 0 0 0 7 0 0]
 [0 3 0 4 6 0 0 0 0]
 [0 0 7 0 3 0 0 0 0]
 [0 0 2 7 8 0 9 0 5]
 [0 6 0 2 0 0 0 0 0]]
Solution:
[[9 5 3 4 1 8 2 6 0]
 [0 1 6 2 9 0 5 8 3]
 [4 8 2 0 5 6 7 1 9]
 [5 2 9 3 0 0 1 0 8]
 [1 0 0 8 7 4 3 2 6]
 [7 3 8 0 6 2 4 9 5]
 [2 7 0 6 8 5 9 4 1]
 [6 9 4 1 3 7 8 5 0]
 [8 0 1 9 4 0 6 7 2]]
Number of cells unfilled: 14
Accuracy: 82.71604938271605
Sample: 17733
Question:
[[6 0 5 0 0 0 0 7 0]
 [8 4 0 0 0 0 5 0 0]
 [0 2 7 0 0 6 0 8 0]
 [4 0 2 0 7 0 0 0 0]
 [5 8 0 0 0 0 0 2 0]
 [0 0 6 0 0 0 0 0 8]
 [0 0 4 0 0 7 0 0 2]
 [7 0 0 0 0 0 0 6 0]
 [0 0 0 0 9 1 0 5 7]]
Solution:
[[9 5 3 4 1 8 2 6 0]
 [0 1 6 7 9 0 5 8 3]
 [4 8 2 0 5 6 7 1 9]
 [5 2 9 3 0 0 1 0 8]
 [1 0 0 5 7 4 3 2 6]
 [7 3 8 0 6 2 4 9 5]
 [2 7 0 6 8 5 9 4 1]
 [6 9 4 1 3 7 8 5 0]
 [8 0 1 9 4 0 6 7 2]]
Number of cells unfilled: 14
Accuracy: 82.71604938271605
Sample: 17734
Question:
[[6 0 7 8 0 0 2 0 0]
 [0 0 0 0 0 7 0 6 0]
 [5 1 0 2 0 0 8 0 0]
 [2 6 0 1 0 0 0 0 0]
 [0 0 0 0 7 0 0 0 0]
 [7 0 5 6 0 0 0 0 8]
 [8 0 0 0 2 0 0 0 1]
 [1 0 0 0 6 0 4 3 0]
 [0 5 0 0 0 1 0 0 0]]
Solution:
[[9 5 3 4 1 8 2 6 0]
 [0 1 6 7 2 9 5 8 3]
 [4 8 2 0 5 6 7 1 9]
 [5 2 9 3 0 0 1 0 8]
 [1 0 0 8 7 4 3 2 6]
 [7 3 8 0 6 2 4 9 5]
 [2 7 0 6 8 5 9 4 1]
 [6 9 4 1 3 7 8 5 0]
 [8 0 1 9 4 0 6 7 2]]
Number of cells unfilled: 13
Accuracy: 83.9506172839506
Sample: 17735
Question:
[[6 0 8 1 9 0 0 0 0]
 [1 3 0 4 0 0 0 0 0]
 [0 4 9 0 3 8 0 0 6]
 [0 9 1 8 6 0 3 4 0]
 [4 0 0 9 0 0 0 0 0]
 [3 0 0 0 1 0 0 0 8]
 [0 0 0 0 0 0 0 5 9]
 [0 0 0 0 0 9 0 2 0]
 [0 0 0 0 0 0 8 0 0]]
Solution:
[[9 5 3 4 1 8 2 6 0]
 [0 1 6 7 2 9 5 8 3]
 [4 8 2 0 5 6 7 1 9]
 [5 2 9 3 0 0 1 0 8]
 [1 0 0 5 7 4 3 2 6]
 [7 3 8 0 6 2 4 9 5]
 [2 7 0 6 8 5 9 4 1]
 [6 9 4 1 3 7 8 5 0]
 [8 0 1 9 4 0 6 7 2]]
Number of cells unfilled: 13
Accuracy: 83.9506172839506
Sample: 17736
Question:
[[6 3 0 0 0 0 0 0 0]
 [2 0 1 6 0 9 3 7 0]
 [0 7 0 0 0 1 2 0 0]
 [0 9 6 1 0 0 0 0 0]
 [7 1 0 3 0 0 0 2 0]
 [3 0 2 0 6 7 0 0 9]
 [0 0 0 0 0 0 0 6 0]
 [0 0 0 0 0 0 5 0 2]
 [0 0 0 0 2 0 4 0 0]]
Solution:
[[9 5 3 4 1 8 2 6 0]
 [0 1 6 7 9 0 5 8 3]
 [4 8 2 0 5 6 7 1 9]
 [5 2 9 3 0 0 1 0 8]
 [1 0 0 5 7 4 3 2 6]
 [7 3 8 0 6 2 4 9 5]
 [2 7 0 6 8 5 9 4 1]
 [6 9 4 1 3 7 8 5 0]
 [8 0 1 9 4 0 6 7 2]]
Number of cells unfilled: 14
Accuracy: 82.71604938271605
Sample: 17737
Question:
[[6 5 0 0 0 7 0 1 4]
 [0 0 7 0 0 0 9 5 0]
 [1 0 9 4 0 0 6 0 7]
 [0 0 0 2 0 0 0 0 5]
 [0 0 0 3 0 5 0 0 0]
 [0 6 0 0 4 0 0 0 0]
 [0 0 1 0 0 4 0 9 0]
 [4 0 0 0 0 0 5 0 0]
 [5 9 0 6 1 0 0 0 0]]
Solution:
[[9 5 3 4 1 8 2 6 0]
 [0 1 6 7 9 0 5 8 3]
 [4 8 2 0 5 6 7 1 9]
 [5 2 9 3 0 0 1 0 8]
 [1 0 0 5 7 4 3 2 6]
 [7 3 8 0 6 2 4 9 5]
 [2 7 0 6 8 5 9 4 1]
 [6 9 4 1 3 7 8 5 0]
 [8 0 1 9 4 0 6 7 2]]
Number of cells unfilled: 14
Accuracy: 82.71604938271605
Sample: 17738
Question:
[[6 5 0 0 7 0 1 8 0]
 [0 0 1 0 0 0 6 0 0]
 [7 0 0 0 0 0 0 3 0]
 [5 0 0 0 0 0 0 7 8]
 [0 1 0 0 0 0 5 0 0]
 [8 0 7 6 0 0 3 1 0]
 [0 0 0 0 0 0 0 0 3]
 [0 8 0 0 9 4 0 5 0]
 [0 7 0 5 0 0 0 6 0]]
Solution:
[[9 5 3 4 1 8 2 6 0]
 [0 1 6 7 9 0 5 8 3]
 [4 8 2 0 5 6 7 1 9]
 [5 2 9 3 0 0 1 0 8]
 [1 0 0 5 7 4 3 2 6]
 [7 3 8 0 6 2 4 9 5]
 [2 7 0 6 8 5 9 4 1]
 [6 9 4 1 3 7 8 5 0]
 [8 0 1 9 4 0 6 7 2]]
Number of cells unfilled: 14
Accuracy: 82.71604938271605
Sample: 17739
Question:
[[6 5 0 4 0 7 0 0 0]
 [0 0 0 9 0 0 0 0 0]
 [0 4 9 0 6 0 7 0 0]
 [0 0 0 0 3 9 0 7 0]
 [4 0 0 6 7 0 0 5 3]
 [0 0 3 5 0 0 6 0 9]
 [0 0 0 0 0 5 0 0 0]
 [0 1 4 0 0 0 5 0 0]
 [0 8 0 0 0 0 0 0 4]]
Solution:
[[9 5 3 4 1 8 2 6 0]
 [0 1 6 7 2 9 5 8 3]
 [4 8 2 0 5 6 7 1 9]
 [5 2 9 3 0 0 1 0 8]
 [1 0 0 8 7 4 3 2 6]
 [7 3 8 0 6 2 4 9 5]
 [2 7 0 6 8 5 9 4 1]
 [6 9 4 1 3 7 8 5 0]
 [8 0 1 9 4 0 6 7 2]]
Number of cells unfilled: 13
Accuracy: 83.9506172839506
Sample: 17740
Question:
[[7 0 0 0 0 0 0 5 0]
 [0 5 8 0 0 7 1 0 4]
 [1 4 0 0 0 0 3 0 0]
 [4 0 7 0 0 0 0 8 5]
 [0 1 5 0 0 0 0 0 0]
 [3 0 0 0 0 0 4 0 0]
 [0 0 0 0 0 0 0 4 0]
 [0 3 0 6 9 0 0 1 7]
 [8 0 0 7 0 0 0 0 3]]
Solution:
[[9 5 3 4 1 8 2 6 0]
 [0 1 6 7 2 9 5 8 3]
 [4 8 2 0 5 6 7 1 9]
 [5 2 9 3 0 0 1 0 8]
 [1 0 0 5 7 4 3 2 6]
 [7 3 8 0 6 2 4 9 5]
 [2 7 0 6 8 5 9 4 1]
 [6 9 4 1 3 7 8 5 0]
 [8 0 1 9 4 0 6 7 2]]
Number of cells unfilled: 13
Accuracy: 83.9506172839506
Sample: 17741
Question:
[[7 0 0 0 0 0 1 0 6]
 [0 0 4 7 6 0 0 5 0]
 [0 0 5 0 3 1 0 0 7]
 [0 7 0 0 9 0 0 0 0]
 [0 0 0 0 0 0 0 0 3]
 [0 0 0 0 2 0 0 0 0]
 [1 0 0 0 0 4 6 0 0]
 [0 6 0 3 1 0 7 0 5]
 [0 5 3 0 0 0 0 0 4]]
Solution:
[[9 5 3 4 1 8 2 6 0]
 [0 1 6 7 2 9 5 8 3]
 [4 8 2 0 5 6 7 1 9]
 [5 2 9 3 0 0 1 0 8]
 [1 0 0 8 7 4 3 2 6]
 [7 3 8 0 6 2 4 9 5]
 [2 7 0 6 8 5 9 4 1]
 [6 9 4 1 3 7 8 5 0]
 [8 0 1 9 4 0 6 7 2]]
Number of cells unfilled: 13
Accuracy: 83.9506172839506
Sample: 17742
Question:
[[7 0 0 0 0 0 5 0 0]
 [2 5 0 8 6 0 0 0 0]
 [0 6 9 7 0 0 0 0 0]
 [5 7 0 6 0 0 0 0 0]
 [9 0 2 0 0 0 0 0 0]
 [0 8 6 0 2 9 0 5 0]
 [0 0 0 9 5 0 3 0 4]
 [0 0 0 2 0 0 0 0 0]
 [8 0 0 0 7 0 0 0 5]]
Solution:
[[9 5 3 4 1 8 2 6 0]
 [0 1 6 7 9 0 5 8 3]
 [4 8 2 0 5 6 7 1 9]
 [5 2 9 3 0 0 1 0 8]
 [1 0 0 5 7 4 3 2 6]
 [7 3 8 0 6 2 4 9 5]
 [2 7 0 6 8 5 9 4 1]
 [6 9 4 1 3 7 8 5 0]
 [8 0 1 9 4 0 6 7 2]]
Number of cells unfilled: 14
Accuracy: 82.71604938271605
Sample: 17743
Question:
[[7 0 0 0 0 3 4 0 1]
 [0 0 1 0 0 0 9 3 0]
 [0 0 9 4 0 0 0 7 8]
 [0 1 0 0 0 4 8 0 0]
 [9 4 0 0 6 2 0 0 0]
 [3 0 0 1 0 0 0 0 0]
 [0 7 0 0 0 0 3 0 4]
 [0 0 0 0 3 0 0 9 7]
 [0 0 0 0 0 0 1 8 0]]
Solution:
[[9 5 3 4 1 8 2 6 0]
 [0 1 6 7 9 0 5 8 3]
 [4 8 2 0 5 6 7 1 9]
 [5 2 9 3 0 0 1 0 8]
 [1 0 0 5 7 4 3 2 6]
 [7 3 8 0 6 2 4 9 5]
 [2 7 0 6 8 5 9 4 1]
 [6 9 4 1 3 7 8 5 0]
 [8 0 1 9 4 0 6 7 2]]
Number of cells unfilled: 14
Accuracy: 82.71604938271605
Sample: 17744
Question:
[[7 0 0 0 0 8 0 0 2]
 [0 0 0 0 7 0 1 3 0]
 [0 3 2 0 1 9 8 0 7]
 [0 0 6 0 0 0 9 0 0]
 [0 0 5 0 0 0 0 8 0]
 [0 2 0 8 3 0 0 0 0]
 [2 0 3 0 0 0 0 1 0]
 [0 0 0 0 0 2 0 0 9]
 [0 9 8 1 0 0 0 0 0]]
Solution:
[[9 5 3 4 1 8 2 6 0]
 [0 1 6 2 9 0 5 8 3]
 [4 8 2 0 5 6 7 1 9]
 [5 2 9 3 0 0 1 0 8]
 [1 0 0 8 7 4 3 2 6]
 [7 3 8 0 6 2 4 9 5]
 [2 7 0 6 8 5 9 4 1]
 [6 9 4 1 3 7 8 5 0]
 [8 0 1 9 4 0 6 7 2]]
Number of cells unfilled: 14
Accuracy: 82.71604938271605
Sample: 17745
Question:
[[7 0 0 0 0 9 0 0 6]
 [4 0 0 1 3 0 0 0 0]
 [0 0 0 0 0 0 0 5 0]
 [9 0 6 0 7 0 2 0 4]
 [5 2 0 0 0 0 6 0 0]
 [0 0 7 0 0 0 0 9 0]
 [0 0 9 0 0 0 0 4 7]
 [0 7 4 0 0 6 5 0 2]
 [2 0 0 0 0 0 9 0 0]]
Solution:
[[9 5 3 4 1 8 2 6 0]
 [0 1 6 7 2 9 5 8 3]
 [4 8 2 0 5 6 7 1 9]
 [5 2 9 3 0 0 1 0 8]
 [1 0 0 8 7 4 3 2 6]
 [7 3 8 0 6 2 4 9 5]
 [2 7 0 6 8 5 9 4 1]
 [6 9 4 1 3 7 8 5 0]
 [8 0 1 9 4 0 6 7 2]]
Number of cells unfilled: 13
Accuracy: 83.9506172839506
Sample: 17746
Question:
[[7 0 0 0 0 9 0 3 5]
 [0 0 6 0 0 4 0 0 0]
 [0 9 0 7 0 0 0 0 0]
 [0 2 7 6 0 0 0 0 8]
 [6 8 0 9 0 0 0 4 0]
 [0 0 0 0 2 0 0 0 0]
 [9 0 4 8 0 6 0 0 0]
 [0 0 2 0 0 0 8 0 0]
 [8 0 0 0 7 2 4 0 0]]
Solution:
[[9 5 3 4 1 8 2 6 0]
 [0 1 6 2 9 0 5 8 3]
 [4 8 2 0 5 6 7 1 9]
 [5 2 9 3 0 0 1 0 8]
 [1 0 0 5 7 4 3 2 6]
 [7 3 8 0 6 2 4 9 5]
 [2 7 0 6 8 5 9 4 1]
 [6 9 4 1 3 7 8 5 0]
 [8 0 1 9 4 0 6 7 2]]
Number of cells unfilled: 14
Accuracy: 82.71604938271605
Sample: 17747
Question:
[[7 0 0 0 1 0 0 0 0]
 [0 0 0 7 3 0 2 0 0]
 [0 0 0 0 0 0 0 0 0]
 [0 0 4 8 7 0 0 0 0]
 [0 8 0 0 5 2 4 0 7]
 [0 0 0 0 0 0 0 5 8]
 [8 0 2 9 0 0 7 0 5]
 [0 4 7 0 0 0 0 9 0]
 [9 5 0 0 8 0 0 4 2]]
Solution:
[[9 5 3 4 1 8 2 6 0]
 [0 1 6 7 2 9 5 8 3]
 [4 8 2 0 5 6 7 1 9]
 [5 2 9 3 0 0 1 0 8]
 [1 0 0 5 7 4 3 2 6]
 [7 3 8 0 6 2 4 9 5]
 [2 7 0 6 8 5 9 4 1]
 [6 9 4 1 3 7 8 5 0]
 [8 0 1 9 4 0 6 7 2]]
Number of cells unfilled: 13
Accuracy: 83.9506172839506
Sample: 17748
Question:
[[7 0 0 0 2 5 6 0 3]
 [0 3 0 4 6 0 0 2 7]
 [0 0 0 0 0 3 5 4 0]
 [4 7 0 0 0 0 0 5 0]
 [0 0 0 0 7 0 0 0 2]
 [6 0 2 5 0 0 0 0 0]
 [0 0 7 6 0 4 0 0 0]
 [8 0 0 0 0 0 0 0 0]
 [9 4 0 0 0 0 0 6 0]]
Solution:
[[9 5 3 4 1 8 2 6 0]
 [0 1 6 7 2 9 5 8 3]
 [4 8 2 0 5 6 7 1 9]
 [5 2 9 3 0 0 1 0 8]
 [1 0 0 8 7 4 3 2 6]
 [7 3 8 0 6 2 4 9 5]
 [2 7 0 6 8 5 9 4 1]
 [6 9 4 1 3 7 8 5 0]
 [8 0 1 9 4 0 6 7 2]]
Number of cells unfilled: 13
Accuracy: 83.9506172839506
Sample: 17749
Question:
[[7 0 0 3 0 0 1 0 0]
 [0 0 0 0 1 0 2 0 6]
 [2 0 1 9 0 6 0 3 0]
 [4 7 0 0 0 0 0 0 0]
 [0 0 6 0 0 0 7 0 0]
 [5 0 0 0 0 0 0 0 0]
 [0 9 0 1 6 0 0 7 2]
 [0 0 0 7 0 3 9 6 0]
 [0 0 0 0 0 2 3 0 1]]
Solution:
[[9 5 3 4 1 8 2 6 0]
 [0 1 6 7 2 9 5 8 3]
 [4 8 2 0 5 6 7 1 9]
 [5 2 9 3 0 0 1 0 8]
 [1 0 0 8 7 4 3 2 6]
 [7 3 8 0 6 2 4 9 5]
 [2 7 0 6 8 5 9 4 1]
 [6 9 4 1 3 7 8 5 0]
 [8 0 1 9 4 0 6 7 2]]
Number of cells unfilled: 13
Accuracy: 83.9506172839506
Sample: 17750
Question:
[[7 0 0 3 9 0 0 0 0]
 [0 0 0 7 0 4 0 9 0]
 [0 0 0 0 1 6 0 0 0]
 [0 0 1 0 4 9 0 0 0]
 [9 0 4 6 0 7 0 0 3]
 [0 7 0 1 0 0 0 0 0]
 [0 9 0 0 0 3 0 0 1]
 [1 0 0 0 6 0 0 0 0]
 [3 4 0 0 0 0 8 5 0]]
Solution:
[[9 5 3 4 1 8 2 6 0]
 [0 1 6 7 9 0 5 8 3]
 [4 8 2 0 5 6 7 1 9]
 [5 2 9 3 0 0 1 0 8]
 [1 0 0 5 7 4 3 2 6]
 [7 3 8 0 6 2 4 9 5]
 [2 7 0 6 8 5 9 4 1]
 [6 9 4 1 3 7 8 5 0]
 [8 0 1 9 4 0 6 7 2]]
Number of cells unfilled: 14
Accuracy: 82.71604938271605
Sample: 17751
Question:
[[7 0 0 4 6 0 1 0 0]
 [0 0 4 0 8 1 0 6 7]
 [0 0 0 0 0 0 8 0 0]
 [0 0 7 0 0 0 9 0 4]
 [1 4 0 9 0 0 0 8 0]
 [0 9 8 0 0 6 7 1 0]
 [0 6 0 0 2 0 0 0 0]
 [0 0 0 0 0 0 6 0 0]
 [0 0 0 0 5 0 0 0 0]]
Solution:
[[9 5 3 4 1 8 2 6 0]
 [0 1 6 7 9 0 5 8 3]
 [4 8 2 0 5 6 7 1 9]
 [5 2 9 3 0 0 1 0 8]
 [1 0 0 5 7 4 3 2 6]
 [7 3 8 0 6 2 4 9 5]
 [2 7 0 6 8 5 9 4 1]
 [6 9 4 1 3 7 8 5 0]
 [8 0 1 9 4 0 6 7 2]]
Number of cells unfilled: 14
Accuracy: 82.71604938271605
Sample: 17752
Question:
[[7 0 0 6 0 0 0 0 1]
 [6 2 0 0 0 0 0 5 0]
 [0 1 4 7 0 0 0 0 0]
 [4 0 0 0 7 0 5 0 0]
 [0 0 0 5 0 0 0 0 2]
 [0 5 0 0 9 3 0 0 6]
 [0 0 1 0 0 2 0 7 0]
 [0 0 7 0 6 0 1 0 0]
 [5 4 0 0 0 0 6 2 0]]
Solution:
[[9 5 3 4 1 8 2 6 0]
 [0 1 6 7 2 9 5 8 3]
 [4 8 2 0 5 6 7 1 9]
 [5 2 9 3 0 0 1 0 8]
 [1 0 0 8 7 4 3 2 6]
 [7 3 8 0 6 2 4 9 5]
 [2 7 0 6 8 5 9 4 1]
 [6 9 4 1 3 7 8 5 0]
 [8 0 1 9 4 0 6 7 2]]
Number of cells unfilled: 13
Accuracy: 83.9506172839506
Sample: 17753
Question:
[[7 0 1 0 0 0 0 6 2]
 [8 0 0 0 0 1 4 0 0]
 [0 0 0 0 3 0 0 0 0]
 [3 0 5 1 8 0 0 0 0]
 [0 8 0 0 4 0 0 0 0]
 [4 0 0 5 0 7 0 0 0]
 [0 7 0 3 0 5 1 0 0]
 [5 0 0 4 0 0 0 0 8]
 [0 4 0 0 7 8 0 0 0]]
Solution:
[[9 5 3 4 1 8 2 6 0]
 [0 1 6 7 2 9 5 8 3]
 [4 8 2 0 5 6 7 1 9]
 [5 2 9 3 0 0 1 0 8]
 [1 0 0 5 7 4 3 2 6]
 [7 3 8 0 6 2 4 9 5]
 [2 7 0 6 8 5 9 4 1]
 [6 9 4 1 3 7 8 5 0]
 [8 0 1 9 4 0 6 7 2]]
Number of cells unfilled: 13
Accuracy: 83.9506172839506
Sample: 17754
Question:
[[7 0 2 0 0 3 0 6 1]
 [0 0 5 0 0 0 2 0 7]
 [0 1 0 0 0 0 0 5 0]
 [0 0 7 0 0 0 5 0 6]
 [0 0 0 0 0 0 0 1 2]
 [1 0 0 0 2 0 7 3 0]
 [0 7 0 0 0 5 0 0 3]
 [3 2 0 8 9 0 0 0 0]
 [5 0 0 0 0 0 6 0 0]]
Solution:
[[9 5 3 4 1 8 2 6 0]
 [0 1 6 7 2 9 5 8 3]
 [4 8 2 0 5 6 7 1 9]
 [5 2 9 3 0 0 1 0 8]
 [1 0 0 5 7 4 3 2 6]
 [7 3 8 0 6 2 4 9 5]
 [2 7 0 6 8 5 9 4 1]
 [6 9 4 1 3 7 8 5 0]
 [8 0 1 9 4 0 6 7 2]]
Number of cells unfilled: 13
Accuracy: 83.9506172839506
Sample: 17755
Question:
[[7 0 2 0 3 0 5 9 0]
 [0 5 0 0 0 0 0 0 0]
 [1 3 0 0 0 0 2 0 7]
 [0 1 0 0 0 0 7 5 0]
 [0 0 5 0 0 0 0 0 2]
 [0 0 0 3 0 0 9 0 1]
 [0 0 1 0 0 0 0 0 9]
 [0 7 3 4 0 6 1 0 0]
 [0 2 0 0 0 0 3 0 0]]
Solution:
[[9 5 3 4 1 8 2 6 0]
 [0 1 6 7 2 9 5 8 3]
 [4 8 2 0 5 6 7 1 9]
 [5 2 9 3 0 0 1 0 8]
 [1 0 0 8 7 4 3 2 6]
 [7 3 8 0 6 2 4 9 5]
 [2 7 0 6 8 5 9 4 1]
 [6 9 4 1 3 7 8 5 0]
 [8 0 1 9 4 0 6 7 2]]
Number of cells unfilled: 13
Accuracy: 83.9506172839506
Sample: 17756
Question:
[[7 0 2 3 0 1 9 0 0]
 [0 0 0 0 0 4 0 0 0]
 [0 1 0 9 0 0 0 7 0]
 [0 4 8 0 0 0 0 0 0]
 [0 0 5 0 0 0 0 0 0]
 [0 0 0 0 0 0 2 4 0]
 [4 0 1 0 0 2 0 9 7]
 [0 0 0 4 0 9 1 3 0]
 [0 3 0 7 0 0 0 0 2]]
Solution:
[[9 5 3 4 1 8 2 6 0]
 [0 1 6 7 2 9 5 8 3]
 [4 8 2 0 5 6 7 1 9]
 [5 2 9 3 0 0 1 0 8]
 [1 0 0 8 7 4 3 2 6]
 [7 3 8 0 6 2 4 9 5]
 [2 7 0 6 8 5 9 4 1]
 [6 9 4 1 3 7 8 5 0]
 [8 0 1 9 4 0 6 7 2]]
Number of cells unfilled: 13
Accuracy: 83.9506172839506
Sample: 17757
Question:
[[7 0 3 0 0 0 0 0 1]
 [0 0 0 0 0 0 0 0 0]
 [0 0 0 0 7 0 0 0 8]
 [9 0 0 0 4 2 0 0 0]
 [0 7 0 5 3 0 0 2 0]
 [5 0 0 7 0 9 3 0 4]
 [0 9 0 0 0 0 0 4 3]
 [4 2 0 3 9 0 7 0 5]
 [0 0 0 0 0 5 0 0 0]]
Solution:
[[9 5 3 4 1 8 2 6 0]
 [0 1 6 7 9 0 5 8 3]
 [4 8 2 0 5 6 7 1 9]
 [5 2 9 3 0 0 1 0 8]
 [1 0 0 8 7 4 3 2 6]
 [7 3 8 0 6 2 4 9 5]
 [2 7 0 6 8 5 9 4 1]
 [6 9 4 1 3 7 8 5 0]
 [8 0 1 9 4 0 6 7 2]]
Number of cells unfilled: 14
Accuracy: 82.71604938271605
Sample: 17758
Question:
[[7 0 3 0 5 9 6 0 4]
 [0 0 0 0 0 4 9 0 0]
 [0 4 0 0 6 0 0 5 7]
 [6 0 5 9 3 0 7 0 0]
 [0 7 0 0 0 5 0 9 0]
 [0 0 0 0 7 0 3 0 0]
 [2 3 0 0 0 0 0 0 0]
 [0 0 0 6 0 0 0 0 0]
 [1 0 0 0 0 0 0 0 3]]
Solution:
[[9 5 3 4 1 8 2 6 0]
 [0 1 6 7 2 9 5 8 3]
 [4 8 2 0 5 6 7 1 9]
 [5 2 9 3 0 0 1 0 8]
 [1 0 0 8 7 4 3 2 6]
 [7 3 8 0 6 2 4 9 5]
 [2 7 0 6 8 5 9 4 1]
 [6 9 4 1 3 7 8 5 0]
 [8 0 1 9 4 0 6 7 2]]
Number of cells unfilled: 13
Accuracy: 83.9506172839506
Sample: 17759
Question:
[[7 0 5 4 0 0 8 6 0]
 [0 0 0 0 9 0 5 0 0]
 [3 0 0 0 0 0 0 0 4]
 [0 0 0 9 4 0 0 5 0]
 [4 0 0 7 0 1 0 0 0]
 [0 0 1 0 3 5 0 0 0]
 [1 0 0 0 5 0 0 0 0]
 [5 4 0 3 7 0 0 0 0]
 [0 7 3 1 0 9 0 0 0]]
Solution:
[[9 5 3 4 1 8 2 6 0]
 [0 1 6 7 9 0 5 8 3]
 [4 8 2 0 5 6 7 1 9]
 [5 2 9 3 0 0 1 0 8]
 [1 0 0 8 7 4 3 2 6]
 [7 3 8 0 6 2 4 9 5]
 [2 7 0 6 8 5 9 4 1]
 [6 9 4 1 3 7 8 5 0]
 [8 0 1 9 4 0 6 7 2]]
Number of cells unfilled: 14
Accuracy: 82.71604938271605
Sample: 17760
Question:
[[7 1 0 0 0 0 0 0 9]
 [6 0 0 0 0 0 0 0 0]
 [0 0 0 1 9 0 0 0 0]
 [0 0 0 4 3 0 2 0 1]
 [0 4 0 0 0 9 0 3 5]
 [0 0 1 2 0 5 0 4 0]
 [9 0 5 0 2 0 0 0 0]
 [0 0 0 0 0 3 1 0 0]
 [0 3 0 5 0 0 0 9 2]]
Solution:
[[9 5 3 4 1 8 2 6 0]
 [0 1 6 2 9 0 5 8 3]
 [4 8 2 0 5 6 7 1 9]
 [5 2 9 3 0 0 1 0 8]
 [1 0 0 5 7 4 3 2 6]
 [7 3 8 0 6 2 4 9 5]
 [2 7 0 6 8 5 9 4 1]
 [6 9 4 1 3 7 8 5 0]
 [8 0 1 9 4 0 6 7 2]]
Number of cells unfilled: 14
Accuracy: 82.71604938271605
Sample: 17761
Question:
[[7 1 0 6 0 0 0 0 0]
 [0 0 2 0 4 0 0 0 0]
 [8 0 4 0 0 0 0 0 6]
 [6 8 0 1 0 0 0 0 0]
 [0 0 0 0 0 4 0 0 0]
 [4 0 7 8 6 0 0 2 0]
 [2 0 0 0 0 6 0 1 0]
 [0 7 0 0 1 0 0 0 0]
 [1 0 0 0 2 8 9 0 5]]
Solution:
[[9 5 3 4 1 8 2 6 0]
 [0 1 6 2 9 0 5 8 3]
 [4 8 2 0 5 6 7 1 9]
 [5 2 9 3 0 0 1 0 8]
 [1 0 0 5 7 4 3 2 6]
 [7 3 8 0 6 2 4 9 5]
 [2 7 0 6 8 5 9 4 1]
 [6 9 4 1 3 7 8 5 0]
 [8 0 1 9 4 0 6 7 2]]
Number of cells unfilled: 14
Accuracy: 82.71604938271605
Sample: 17762
Question:
[[7 2 0 0 1 8 0 0 0]
 [1 0 9 0 0 5 8 0 0]
 [0 0 5 0 0 0 0 0 0]
 [0 5 2 0 8 0 0 0 9]
 [8 1 0 0 7 0 0 5 0]
 [0 0 0 5 0 0 0 0 0]
 [2 0 0 0 0 7 0 0 0]
 [0 9 0 1 0 0 0 0 7]
 [0 7 0 8 0 9 4 3 0]]
Solution:
[[9 5 3 4 1 8 2 6 0]
 [0 1 6 7 2 9 5 8 3]
 [4 8 2 0 5 6 7 1 9]
 [5 2 9 3 0 0 1 0 8]
 [1 0 0 8 7 4 3 2 6]
 [7 3 8 0 6 2 4 9 5]
 [2 7 0 6 8 5 9 4 1]
 [6 9 4 1 3 7 8 5 0]
 [8 0 1 9 4 0 6 7 2]]
Number of cells unfilled: 13
Accuracy: 83.9506172839506
Sample: 17763
Question:
[[7 3 0 0 0 0 0 0 6]
 [0 1 0 0 0 0 5 0 0]
 [0 0 4 0 0 0 0 0 0]
 [0 0 0 6 4 0 7 5 0]
 [0 6 5 0 7 9 0 0 0]
 [4 0 0 0 0 0 0 0 9]
 [8 0 0 0 6 7 0 4 0]
 [0 0 0 9 5 0 6 8 0]
 [0 0 0 8 0 4 9 0 7]]
Solution:
[[9 5 3 4 1 8 2 6 0]
 [0 1 6 2 9 0 5 8 3]
 [4 8 2 0 5 6 7 1 9]
 [5 2 9 3 0 0 1 0 8]
 [1 0 0 5 7 4 3 2 6]
 [7 3 8 0 6 2 4 9 5]
 [2 7 0 6 8 5 9 4 1]
 [6 9 4 1 3 7 8 5 0]
 [8 0 1 9 4 0 6 7 2]]
Number of cells unfilled: 14
Accuracy: 82.71604938271605
Sample: 17764
Question:
[[7 5 0 4 0 0 0 0 0]
 [0 0 0 3 0 0 1 0 0]
 [0 3 0 0 7 2 0 0 0]
 [0 7 0 0 0 0 0 0 0]
 [0 0 3 2 0 4 0 0 0]
 [4 0 2 0 5 7 0 0 1]
 [0 0 0 5 0 0 0 0 0]
 [1 2 0 0 0 3 9 6 0]
 [0 4 0 0 0 1 0 0 3]]
Solution:
[[9 5 3 4 1 8 2 6 0]
 [0 1 6 7 2 9 5 8 3]
 [4 8 2 0 5 6 7 1 9]
 [5 2 9 3 0 0 1 0 8]
 [1 0 0 8 7 4 3 2 6]
 [7 3 8 0 6 2 4 9 5]
 [2 7 0 6 8 5 9 4 1]
 [6 9 4 1 3 7 8 5 0]
 [8 0 1 9 4 0 6 7 2]]
Number of cells unfilled: 13
Accuracy: 83.9506172839506
Sample: 17765
Question:
[[7 6 0 4 0 0 0 0 0]
 [5 0 8 1 0 0 0 4 0]
 [0 4 1 0 6 8 0 0 0]
 [0 0 6 0 0 0 7 0 5]
 [1 5 0 7 8 0 0 0 0]
 [0 0 0 5 0 6 0 1 0]
 [0 0 0 0 7 0 0 0 3]
 [0 0 0 0 0 5 0 8 2]
 [0 8 0 0 0 0 1 0 0]]
Solution:
[[9 5 3 4 1 8 2 6 0]
 [0 1 6 7 9 0 5 8 3]
 [4 8 2 0 5 6 7 1 9]
 [5 2 9 3 0 0 1 0 8]
 [1 0 0 5 7 4 3 2 6]
 [7 3 8 0 6 2 4 9 5]
 [2 7 0 6 8 5 9 4 1]
 [6 9 4 1 3 7 8 5 0]
 [8 0 1 9 4 0 6 7 2]]
Number of cells unfilled: 14
Accuracy: 82.71604938271605
Sample: 17766
Question:
[[7 6 0 9 1 0 2 3 0]
 [0 0 2 3 0 6 0 0 9]
 [0 0 0 0 2 7 0 1 0]
 [0 0 0 7 0 0 0 6 0]
 [3 9 0 6 0 1 0 7 0]
 [0 0 0 0 9 0 0 0 1]
 [5 0 0 0 0 0 6 0 0]
 [0 7 0 0 0 3 0 0 0]
 [4 0 0 0 0 0 0 0 0]]
Solution:
[[9 5 3 4 1 8 2 6 0]
 [0 1 6 7 2 9 5 8 3]
 [4 8 2 0 5 6 7 1 9]
 [5 2 9 3 0 0 1 0 8]
 [1 0 0 8 7 4 3 2 6]
 [7 3 8 0 6 2 4 9 5]
 [2 7 0 6 8 5 9 4 1]
 [6 9 4 1 3 7 8 5 0]
 [8 0 1 9 4 0 6 7 2]]
Number of cells unfilled: 13
Accuracy: 83.9506172839506
Sample: 17767
Question:
[[7 9 0 5 0 0 0 0 0]
 [0 0 0 0 0 1 0 0 0]
 [0 1 6 7 9 0 0 4 0]
 [0 4 0 0 0 9 0 5 0]
 [6 0 0 0 5 0 0 0 0]
 [0 5 0 0 0 7 2 0 8]
 [9 0 4 0 1 0 0 0 0]
 [5 6 0 0 0 0 0 0 0]
 [0 7 1 4 0 0 0 0 9]]
Solution:
[[9 5 3 4 1 8 2 6 0]
 [0 1 6 7 9 0 5 8 3]
 [4 8 2 0 5 6 7 1 9]
 [5 2 9 3 0 0 1 0 8]
 [1 0 0 8 7 4 3 2 6]
 [7 3 8 0 6 2 4 9 5]
 [2 7 0 6 8 5 9 4 1]
 [6 9 4 1 3 7 8 5 0]
 [8 0 1 9 4 0 6 7 2]]
Number of cells unfilled: 14
Accuracy: 82.71604938271605
Sample: 17768
Question:
[[8 0 0 0 0 0 0 0 1]
 [0 6 0 0 2 8 0 0 0]
 [5 0 9 1 0 6 0 0 0]
 [9 0 0 0 8 1 0 0 0]
 [0 0 0 9 0 2 0 5 0]
 [0 8 0 6 0 0 0 0 0]
 [1 5 0 0 0 9 3 7 0]
 [6 0 0 0 0 5 0 0 0]
 [0 9 0 2 0 0 5 0 0]]
Solution:
[[9 5 3 4 1 8 2 6 0]
 [0 1 6 7 2 9 5 8 3]
 [4 8 2 0 5 6 7 1 9]
 [5 2 9 3 0 0 1 0 8]
 [1 0 0 5 7 4 3 2 6]
 [7 3 8 0 6 2 4 9 5]
 [2 7 0 6 8 5 9 4 1]
 [6 9 4 1 3 7 8 5 0]
 [8 0 1 9 4 0 6 7 2]]
Number of cells unfilled: 13
Accuracy: 83.9506172839506
Sample: 17769
Question:
[[8 0 0 0 0 0 0 1 0]
 [2 0 0 0 8 7 6 0 9]
 [0 0 7 9 0 1 0 0 0]
 [0 7 0 0 0 0 0 0 4]
 [0 0 0 0 6 0 0 7 5]
 [0 0 0 0 0 0 0 0 0]
 [0 0 8 2 0 0 0 0 0]
 [6 1 0 0 7 9 0 2 0]
 [0 0 9 8 0 6 7 0 1]]
Solution:
[[9 5 3 4 1 8 2 6 0]
 [0 1 6 7 2 9 5 8 3]
 [4 8 2 0 5 6 7 1 9]
 [5 2 9 3 0 0 1 0 8]
 [1 0 0 5 7 4 3 2 6]
 [7 3 8 0 6 2 4 9 5]
 [2 7 0 6 8 5 9 4 1]
 [6 9 4 1 3 7 8 5 0]
 [8 0 1 9 4 0 6 7 2]]
Number of cells unfilled: 13
Accuracy: 83.9506172839506
Sample: 17770
Question:
[[8 0 0 0 0 0 0 1 5]
 [0 7 0 0 0 0 0 0 2]
 [0 0 0 0 0 0 6 0 0]
 [0 1 0 6 0 8 0 0 0]
 [0 0 0 1 9 0 7 0 8]
 [9 0 8 0 0 0 0 6 0]
 [0 0 3 7 0 9 0 0 0]
 [7 0 6 8 1 0 0 3 0]
 [1 9 0 0 6 3 0 0 0]]
Solution:
[[9 5 3 4 1 8 2 6 0]
 [0 1 6 7 2 9 5 8 3]
 [4 8 2 0 5 6 7 1 9]
 [5 2 9 3 0 0 1 0 8]
 [1 0 0 8 7 4 3 2 6]
 [7 3 8 0 6 2 4 9 5]
 [2 7 0 6 8 5 9 4 1]
 [6 9 4 1 3 7 8 5 0]
 [8 0 1 9 4 0 6 7 2]]
Number of cells unfilled: 13
Accuracy: 83.9506172839506
Sample: 17771
Question:
[[8 0 0 0 0 0 0 6 4]
 [9 0 0 8 0 0 1 0 3]
 [0 0 0 0 0 3 9 0 0]
 [1 8 0 5 0 2 0 4 0]
 [0 3 0 0 4 0 0 0 0]
 [4 0 0 1 0 0 0 0 6]
 [0 0 0 0 0 0 6 9 0]
 [0 9 0 0 8 0 0 0 1]
 [0 1 4 0 0 0 0 3 8]]
Solution:
[[9 5 3 4 1 8 2 6 0]
 [0 1 6 7 2 9 5 8 3]
 [4 8 2 0 5 6 7 1 9]
 [5 2 9 3 0 0 1 0 8]
 [1 0 0 5 7 4 3 2 6]
 [7 3 8 0 6 2 4 9 5]
 [2 7 0 6 8 5 9 4 1]
 [6 9 4 1 3 7 8 5 0]
 [8 0 1 9 4 0 6 7 2]]
Number of cells unfilled: 13
Accuracy: 83.9506172839506
Sample: 17772
Question:
[[8 0 0 0 0 0 0 9 0]
 [0 6 2 0 0 0 8 0 3]
 [0 0 0 6 0 0 0 2 1]
 [0 2 6 0 0 0 0 3 9]
 [0 0 8 0 0 0 0 6 0]
 [9 3 0 0 0 0 1 0 8]
 [2 0 0 0 0 6 0 1 0]
 [0 0 3 4 0 5 0 0 2]
 [0 0 9 0 0 0 0 0 6]]
Solution:
[[9 5 3 4 1 8 2 6 0]
 [0 1 6 7 2 9 5 8 3]
 [4 8 2 0 5 6 7 1 9]
 [5 2 9 3 0 0 1 0 8]
 [1 0 0 5 7 4 3 2 6]
 [7 3 8 0 6 2 4 9 5]
 [2 7 0 6 8 5 9 4 1]
 [6 9 4 1 3 7 8 5 0]
 [8 0 1 9 4 0 6 7 2]]
Number of cells unfilled: 13
Accuracy: 83.9506172839506
Sample: 17773
Question:
[[8 0 0 0 0 0 2 0 0]
 [0 0 0 0 0 0 0 0 0]
 [7 2 0 0 0 0 0 0 0]
 [0 0 0 0 4 0 0 1 2]
 [0 4 0 2 0 3 5 0 6]
 [5 0 0 0 1 6 4 3 0]
 [2 5 0 0 6 0 0 0 1]
 [3 0 6 1 0 2 0 5 0]
 [0 0 0 0 3 5 0 0 0]]
Solution:
[[9 5 3 4 1 8 2 6 0]
 [0 1 6 7 9 0 5 8 3]
 [4 8 2 0 5 6 7 1 9]
 [5 2 9 3 0 0 1 0 8]
 [1 0 0 8 7 4 3 2 6]
 [7 3 8 0 6 2 4 9 5]
 [2 7 0 6 8 5 9 4 1]
 [6 9 4 1 3 7 8 5 0]
 [8 0 1 9 4 0 6 7 2]]
Number of cells unfilled: 14
Accuracy: 82.71604938271605
Sample: 17774
Question:
[[8 0 0 0 0 0 6 0 9]
 [6 9 0 7 0 0 0 1 3]
 [0 0 3 0 0 0 0 8 0]
 [0 0 9 8 0 0 0 0 7]
 [0 7 6 0 5 4 0 0 0]
 [0 0 0 0 0 0 1 0 0]
 [0 0 0 0 0 7 8 0 0]
 [0 0 8 0 0 0 0 3 6]
 [0 3 1 0 0 0 9 0 0]]
Solution:
[[9 5 3 4 1 8 2 6 0]
 [0 1 6 7 2 9 5 8 3]
 [4 8 2 0 5 6 7 1 9]
 [5 2 9 3 0 0 1 0 8]
 [1 0 0 8 7 4 3 2 6]
 [7 3 8 0 6 2 4 9 5]
 [2 7 0 6 8 5 9 4 1]
 [6 9 4 1 3 7 8 5 0]
 [8 0 1 9 4 0 6 7 2]]
Number of cells unfilled: 13
Accuracy: 83.9506172839506
Sample: 17775
Question:
[[8 0 0 0 0 3 0 6 0]
 [0 0 0 0 8 0 0 0 5]
 [0 2 9 0 6 1 0 0 0]
 [0 0 0 0 4 0 0 0 0]
 [0 6 0 3 0 0 0 5 8]
 [0 3 0 0 0 0 4 1 0]
 [6 0 0 1 0 0 5 4 0]
 [0 0 3 0 0 4 8 0 0]
 [0 0 0 8 0 6 0 3 1]]
Solution:
[[9 5 3 4 1 8 2 6 0]
 [0 1 6 7 2 9 5 8 3]
 [4 8 2 0 5 6 7 1 9]
 [5 2 9 3 0 0 1 0 8]
 [1 0 0 8 7 4 3 2 6]
 [7 3 8 0 6 2 4 9 5]
 [2 7 0 6 8 5 9 4 1]
 [6 9 4 1 3 7 8 5 0]
 [8 0 1 9 4 0 6 7 2]]
Number of cells unfilled: 13
Accuracy: 83.9506172839506
Sample: 17776
Question:
[[8 0 0 0 0 9 5 0 0]
 [5 0 0 0 0 4 0 3 6]
 [0 0 1 0 0 0 0 0 0]
 [9 0 4 5 0 0 0 0 0]
 [0 5 0 0 0 7 0 9 0]
 [7 1 0 4 0 0 8 0 0]
 [0 0 0 0 0 0 0 0 0]
 [4 7 0 8 0 5 0 0 0]
 [0 8 9 0 7 1 0 0 0]]
Solution:
[[9 5 3 4 1 8 2 6 0]
 [0 1 6 7 2 9 5 8 3]
 [4 8 2 0 5 6 7 1 9]
 [5 2 9 3 0 0 1 0 8]
 [1 0 0 5 7 4 3 2 6]
 [7 3 8 0 6 2 4 9 5]
 [2 7 0 6 8 5 9 4 1]
 [6 9 4 1 3 7 8 5 0]
 [8 0 1 9 4 0 6 7 2]]
Number of cells unfilled: 13
Accuracy: 83.9506172839506
Sample: 17777
Question:
[[8 0 0 3 0 0 0 0 5]
 [4 7 0 0 0 0 0 0 0]
 [0 0 3 0 7 0 8 0 4]
 [0 0 0 0 0 5 0 0 1]
 [5 0 0 0 0 0 7 0 0]
 [0 0 0 0 0 0 0 0 6]
 [9 0 0 5 3 0 0 0 0]
 [3 8 0 0 4 9 5 0 7]
 [0 4 0 8 0 7 0 9 0]]
Solution:
[[9 5 3 4 1 8 2 6 0]
 [0 1 6 7 2 9 5 8 3]
 [4 8 2 0 5 6 7 1 9]
 [5 2 9 3 0 0 1 0 8]
 [1 0 0 5 7 4 3 2 6]
 [7 3 8 0 6 2 4 9 5]
 [2 7 0 6 8 5 9 4 1]
 [6 9 4 1 3 7 8 5 0]
 [8 0 1 9 4 0 6 7 2]]
Number of cells unfilled: 13
Accuracy: 83.9506172839506
Sample: 17778
Question:
[[8 0 0 3 0 4 0 0 0]
 [0 0 0 0 0 0 8 0 0]
 [0 0 3 0 0 1 0 0 0]
 [0 8 7 0 3 2 0 5 6]
 [0 6 0 0 0 0 0 0 7]
 [5 0 2 7 0 0 0 8 0]
 [0 0 0 0 0 0 0 2 0]
 [0 0 0 0 5 8 6 3 0]
 [6 0 0 2 0 3 0 0 5]]
Solution:
[[9 5 3 4 1 8 2 6 0]
 [0 1 6 7 9 0 5 8 3]
 [4 8 2 0 5 6 7 1 9]
 [5 2 9 3 0 0 1 0 8]
 [1 0 0 8 7 4 3 2 6]
 [7 3 8 0 6 2 4 9 5]
 [2 7 0 6 8 5 9 4 1]
 [6 9 4 1 3 7 8 5 0]
 [8 0 1 9 4 0 6 7 2]]
Number of cells unfilled: 14
Accuracy: 82.71604938271605
Sample: 17779
Question:
[[8 0 0 3 0 7 9 0 0]
 [3 9 0 0 5 0 0 0 0]
 [0 0 7 0 0 0 0 3 8]
 [0 0 0 0 0 0 0 2 0]
 [5 0 0 0 0 0 0 0 9]
 [0 0 0 0 0 3 0 6 0]
 [1 0 0 0 7 5 0 0 0]
 [0 3 0 9 0 8 1 0 0]
 [7 8 0 1 0 0 0 9 5]]
Solution:
[[9 5 3 4 1 8 2 6 0]
 [0 1 6 7 2 9 5 8 3]
 [4 8 2 0 5 6 7 1 9]
 [5 2 9 3 0 0 1 0 8]
 [1 0 0 5 7 4 3 2 6]
 [7 3 8 0 6 2 4 9 5]
 [2 7 0 6 8 5 9 4 1]
 [6 9 4 1 3 7 8 5 0]
 [8 0 1 9 4 0 6 7 2]]
Number of cells unfilled: 13
Accuracy: 83.9506172839506
Sample: 17780
Question:
[[8 0 0 5 0 0 0 0 0]
 [0 0 0 0 2 3 8 0 0]
 [0 0 0 0 6 0 0 0 9]
 [5 4 0 0 0 0 3 0 7]
 [0 7 9 0 0 0 0 4 8]
 [3 0 8 0 0 4 0 5 0]
 [0 0 5 0 0 0 0 9 0]
 [0 0 0 0 3 5 7 0 0]
 [7 0 3 9 8 0 0 0 0]]
Solution:
[[9 5 3 4 1 8 2 6 0]
 [0 1 6 7 9 0 5 8 3]
 [4 8 2 0 5 6 7 1 9]
 [5 2 9 3 0 0 1 0 8]
 [1 0 0 8 7 4 3 2 6]
 [7 3 8 0 6 2 4 9 5]
 [2 7 0 6 8 5 9 4 1]
 [6 9 4 1 3 7 8 5 0]
 [8 0 1 9 4 0 6 7 2]]
Number of cells unfilled: 14
Accuracy: 82.71604938271605
Sample: 17781
Question:
[[8 0 0 6 0 7 0 0 3]
 [0 3 0 0 0 5 0 1 0]
 [4 0 0 0 0 0 0 0 0]
 [5 0 3 0 0 0 0 8 4]
 [0 0 8 0 0 0 1 0 9]
 [9 0 0 0 0 4 0 5 0]
 [1 9 0 0 0 0 5 4 0]
 [0 0 5 0 0 0 9 0 8]
 [0 0 0 5 0 0 0 3 0]]
Solution:
[[9 5 3 4 1 8 2 6 0]
 [0 1 6 2 9 0 5 8 3]
 [4 8 2 0 5 6 7 1 9]
 [5 2 9 3 0 0 1 0 8]
 [1 0 0 8 7 4 3 2 6]
 [7 3 8 0 6 2 4 9 5]
 [2 7 0 6 8 5 9 4 1]
 [6 9 4 1 3 7 8 5 0]
 [8 0 1 9 4 0 6 7 2]]
Number of cells unfilled: 14
Accuracy: 82.71604938271605
Sample: 17782
Question:
[[8 0 0 9 0 0 3 7 0]
 [0 0 4 7 6 0 8 0 9]
 [0 0 0 0 8 3 0 0 6]
 [0 5 0 0 0 0 4 0 0]
 [0 0 0 0 4 0 0 0 0]
 [0 1 0 0 0 7 0 0 0]
 [0 9 7 0 0 6 0 0 3]
 [3 0 0 0 0 0 0 6 0]
 [0 0 0 0 9 0 0 0 4]]
Solution:
[[9 5 3 4 1 8 2 6 0]
 [0 1 6 7 9 0 5 8 3]
 [4 8 2 0 5 6 7 1 9]
 [5 2 9 3 0 0 1 0 8]
 [1 0 0 8 7 4 3 2 6]
 [7 3 8 0 6 2 4 9 5]
 [2 7 0 6 8 5 9 4 1]
 [6 9 4 1 3 7 8 5 0]
 [8 0 1 9 4 0 6 7 2]]
Number of cells unfilled: 14
Accuracy: 82.71604938271605
Sample: 17783
Question:
[[8 0 5 0 0 0 0 0 0]
 [0 2 0 8 3 0 0 0 0]
 [0 4 0 0 0 0 1 0 0]
 [0 0 0 0 8 0 0 0 5]
 [3 0 8 2 0 0 0 0 1]
 [0 5 2 0 0 4 0 0 0]
 [0 0 1 0 2 0 0 0 0]
 [0 0 4 1 5 0 6 9 0]
 [0 3 0 4 0 0 0 0 0]]
Solution:
[[9 5 3 4 1 8 2 6 0]
 [0 1 6 2 9 0 5 8 3]
 [4 8 2 0 5 6 7 1 9]
 [5 2 9 3 0 0 1 0 8]
 [1 0 0 5 7 4 3 2 6]
 [7 3 8 0 6 2 4 9 5]
 [2 7 0 6 8 5 9 4 1]
 [6 9 4 1 3 7 8 5 0]
 [8 0 1 9 4 0 6 7 2]]
Number of cells unfilled: 14
Accuracy: 82.71604938271605
Sample: 17784
Question:
[[8 0 5 0 1 0 0 0 0]
 [9 3 0 8 0 0 0 0 0]
 [0 7 1 0 0 0 0 0 0]
 [0 1 3 7 0 0 0 0 5]
 [7 8 0 9 0 0 0 0 0]
 [5 0 0 0 0 1 0 8 0]
 [3 0 0 0 9 0 0 5 0]
 [0 9 0 0 5 7 2 4 0]
 [0 0 0 0 0 8 0 0 9]]
Solution:
[[9 5 3 4 1 8 2 6 0]
 [0 1 6 7 2 9 5 8 3]
 [4 8 2 0 5 6 7 1 9]
 [5 2 9 3 0 0 1 0 8]
 [1 0 0 5 7 4 3 2 6]
 [7 3 8 0 6 2 4 9 5]
 [2 7 0 6 8 5 9 4 1]
 [6 9 4 1 3 7 8 5 0]
 [8 0 1 9 4 0 6 7 2]]
Number of cells unfilled: 13
Accuracy: 83.9506172839506
Sample: 17785
Question:
[[8 0 6 0 5 0 3 9 0]
 [0 3 5 9 0 6 8 0 7]
 [0 7 0 0 0 0 0 0 5]
 [7 0 0 0 0 9 0 0 8]
 [0 0 0 0 0 0 6 0 0]
 [0 6 0 8 0 3 9 7 0]
 [0 0 9 0 0 1 0 0 0]
 [0 0 0 6 0 0 0 3 0]
 [0 0 0 0 0 2 0 0 0]]
Solution:
[[9 5 3 4 1 8 2 6 0]
 [0 1 6 2 9 0 5 8 3]
 [4 8 2 0 5 6 7 1 9]
 [5 2 9 3 0 0 1 0 8]
 [1 0 0 8 7 4 3 2 6]
 [7 3 8 0 6 2 4 9 5]
 [2 7 0 6 8 5 9 4 1]
 [6 9 4 1 3 7 8 5 0]
 [8 0 1 9 4 0 6 7 2]]
Number of cells unfilled: 14
Accuracy: 82.71604938271605
Sample: 17786
Question:
[[8 0 7 0 0 0 0 9 0]
 [9 3 0 0 0 6 0 0 0]
 [0 5 6 8 0 0 7 0 3]
 [6 8 0 0 0 5 9 0 0]
 [0 0 3 0 0 0 0 5 6]
 [0 0 0 7 0 0 8 3 0]
 [0 0 0 0 0 0 0 7 9]
 [7 0 0 0 2 0 0 0 0]
 [0 9 0 0 4 0 0 0 0]]
Solution:
[[9 5 3 4 1 8 2 6 0]
 [0 1 6 7 2 9 5 8 3]
 [4 8 2 0 5 6 7 1 9]
 [5 2 9 3 0 0 1 0 8]
 [1 0 0 5 7 4 3 2 6]
 [7 3 8 0 6 2 4 9 5]
 [2 7 0 6 8 5 9 4 1]
 [6 9 4 1 3 7 8 5 0]
 [8 0 1 9 4 0 6 7 2]]
Number of cells unfilled: 13
Accuracy: 83.9506172839506
Sample: 17787
Question:
[[8 0 9 0 0 0 0 7 0]
 [0 7 0 8 0 0 9 0 1]
 [0 4 1 0 0 0 0 0 0]
 [0 8 0 7 0 5 0 0 0]
 [1 0 7 0 9 0 0 5 0]
 [0 0 5 0 1 8 0 0 4]
 [0 0 0 9 0 4 0 0 0]
 [0 0 4 0 0 0 2 0 0]
 [9 0 0 0 0 0 6 0 0]]
Solution:
[[9 5 3 4 1 8 2 6 0]
 [0 1 6 2 9 0 5 8 3]
 [4 8 2 0 5 6 7 1 9]
 [5 2 9 3 0 0 1 0 8]
 [1 0 0 5 7 4 3 2 6]
 [7 3 8 0 6 2 4 9 5]
 [2 7 0 6 8 5 9 4 1]
 [6 9 4 1 3 7 8 5 0]
 [8 0 1 9 4 0 6 7 2]]
Number of cells unfilled: 14
Accuracy: 82.71604938271605
Sample: 17788
Question:
[[8 0 9 0 0 4 6 0 7]
 [0 0 4 0 0 9 0 2 0]
 [2 0 0 8 0 0 0 0 0]
 [0 0 6 0 0 0 8 0 9]
 [0 0 8 0 4 0 0 7 2]
 [0 2 0 0 0 0 0 6 0]
 [0 8 0 5 0 3 0 0 0]
 [6 0 0 0 0 0 7 0 0]
 [0 9 0 0 6 0 0 0 4]]
Solution:
[[9 5 3 4 1 8 2 6 0]
 [0 1 6 7 2 9 5 8 3]
 [4 8 2 0 5 6 7 1 9]
 [5 2 9 3 0 0 1 0 8]
 [1 0 0 8 7 4 3 2 6]
 [7 3 8 0 6 2 4 9 5]
 [2 7 0 6 8 5 9 4 1]
 [6 9 4 1 3 7 8 5 0]
 [8 0 1 9 4 0 6 7 2]]
Number of cells unfilled: 13
Accuracy: 83.9506172839506
Sample: 17789
Question:
[[8 1 0 3 0 6 7 0 2]
 [2 0 0 0 0 0 8 3 0]
 [0 7 0 0 2 0 0 1 6]
 [0 0 8 1 0 7 6 0 0]
 [7 6 0 0 0 0 0 0 0]
 [1 0 0 0 6 3 0 8 0]
 [3 0 0 0 0 0 0 0 0]
 [0 0 0 0 0 4 0 0 3]
 [0 0 0 0 0 9 0 0 0]]
Solution:
[[9 5 3 4 1 8 2 6 0]
 [0 1 6 7 2 9 5 8 3]
 [4 8 2 0 5 6 7 1 9]
 [5 2 9 3 0 0 1 0 8]
 [1 0 0 5 7 4 3 2 6]
 [7 3 8 0 6 2 4 9 5]
 [2 7 0 6 8 5 9 4 1]
 [6 9 4 1 3 7 8 5 0]
 [8 0 1 9 4 0 6 7 2]]
Number of cells unfilled: 13
Accuracy: 83.9506172839506
Sample: 17790
Question:
[[8 2 0 0 0 1 4 3 0]
 [0 1 0 6 0 0 2 0 0]
 [7 0 0 0 0 2 0 0 0]
 [6 5 0 7 0 0 0 0 0]
 [0 0 0 0 5 8 0 0 0]
 [0 0 0 1 0 0 0 2 0]
 [5 0 0 2 0 0 0 0 0]
 [0 7 8 0 6 5 0 0 0]
 [2 0 1 8 0 7 0 0 0]]
Solution:
[[9 5 3 4 1 8 2 6 0]
 [0 1 6 7 2 9 5 8 3]
 [4 8 2 0 5 6 7 1 9]
 [5 2 9 3 0 0 1 0 8]
 [1 0 0 5 7 4 3 2 6]
 [7 3 8 0 6 2 4 9 5]
 [2 7 0 6 8 5 9 4 1]
 [6 9 4 1 3 7 8 5 0]
 [8 0 1 9 4 0 6 7 2]]
Number of cells unfilled: 13
Accuracy: 83.9506172839506
Sample: 17791
Question:
[[8 4 0 0 0 0 0 1 7]
 [0 0 3 0 8 0 4 6 0]
 [7 0 6 1 0 0 8 0 3]
 [6 0 0 0 4 1 0 7 0]
 [0 7 0 6 0 3 0 0 0]
 [0 0 4 0 0 0 0 0 0]
 [0 0 0 0 0 5 1 0 0]
 [1 3 0 0 0 0 0 0 0]
 [0 0 0 0 0 9 0 3 0]]
Solution:
[[9 5 3 4 1 8 2 6 0]
 [0 1 6 7 2 9 5 8 3]
 [4 8 2 0 5 6 7 1 9]
 [5 2 9 3 0 0 1 0 8]
 [1 0 0 5 7 4 3 2 6]
 [7 3 8 0 6 2 4 9 5]
 [2 7 0 6 8 5 9 4 1]
 [6 9 4 1 3 7 8 5 0]
 [8 0 1 9 4 0 6 7 2]]
Number of cells unfilled: 13
Accuracy: 83.9506172839506
Sample: 17792
Question:
[[8 6 0 0 0 0 7 0 0]
 [0 0 9 6 0 7 0 2 0]
 [0 0 0 3 8 0 0 9 0]
 [6 0 3 0 2 0 8 0 0]
 [7 9 0 0 0 0 0 0 6]
 [0 2 8 0 0 0 0 3 9]
 [0 0 7 1 3 0 0 0 0]
 [0 3 0 0 0 0 0 0 0]
 [0 0 0 5 0 0 0 0 7]]
Solution:
[[9 5 3 4 1 8 2 6 0]
 [0 1 6 7 9 0 5 8 3]
 [4 8 2 0 5 6 7 1 9]
 [5 2 9 3 0 0 1 0 8]
 [1 0 0 5 7 4 3 2 6]
 [7 3 8 0 6 2 4 9 5]
 [2 7 0 6 8 5 9 4 1]
 [6 9 4 1 3 7 8 5 0]
 [8 0 1 9 4 0 6 7 2]]
Number of cells unfilled: 14
Accuracy: 82.71604938271605
Sample: 17793
Question:
[[8 7 0 0 4 0 6 0 0]
 [0 4 3 0 0 5 0 0 0]
 [5 0 0 7 0 0 3 0 0]
 [0 8 5 0 3 0 0 0 0]
 [7 0 0 0 0 6 0 0 0]
 [6 0 4 0 7 0 0 3 0]
 [0 0 0 3 0 0 0 9 1]
 [0 0 8 0 5 0 0 0 0]
 [0 6 0 4 0 0 5 0 0]]
Solution:
[[9 5 3 4 1 8 2 6 0]
 [0 1 6 2 9 0 5 8 3]
 [4 8 2 0 5 6 7 1 9]
 [5 2 9 3 0 0 1 0 8]
 [1 0 0 8 7 4 3 2 6]
 [7 3 8 0 6 2 4 9 5]
 [2 7 0 6 8 5 9 4 1]
 [6 9 4 1 3 7 8 5 0]
 [8 0 1 9 4 0 6 7 2]]
Number of cells unfilled: 14
Accuracy: 82.71604938271605
Sample: 17794
Question:
[[8 9 0 2 0 5 0 4 0]
 [0 0 2 8 3 0 9 0 0]
 [5 0 3 0 4 9 0 0 0]
 [0 0 0 0 0 0 3 1 0]
 [0 0 0 0 0 0 0 6 0]
 [0 0 0 0 8 3 0 0 0]
 [0 0 5 0 0 2 4 0 0]
 [4 0 0 0 5 0 0 8 2]
 [3 0 0 0 0 0 0 0 0]]
Solution:
[[9 5 3 4 1 8 2 6 0]
 [0 1 6 7 2 9 5 8 3]
 [4 8 2 0 5 6 7 1 9]
 [5 2 9 3 0 0 1 0 8]
 [1 0 0 5 7 4 3 2 6]
 [7 3 8 0 6 2 4 9 5]
 [2 7 0 6 8 5 9 4 1]
 [6 9 4 1 3 7 8 5 0]
 [8 0 1 9 4 0 6 7 2]]
Number of cells unfilled: 13
Accuracy: 83.9506172839506
Sample: 17795
Question:
[[9 0 0 0 0 0 3 0 5]
 [0 3 0 0 0 0 9 1 0]
 [0 0 0 0 9 0 0 4 2]
 [0 0 1 4 0 0 0 0 0]
 [0 4 0 0 0 9 0 2 0]
 [0 0 5 0 6 7 0 0 4]
 [4 0 9 0 0 0 0 5 1]
 [5 1 0 0 0 0 2 0 3]
 [0 0 3 0 0 0 0 9 0]]
Solution:
[[9 5 3 4 1 8 2 6 0]
 [0 1 6 7 2 9 5 8 3]
 [4 8 2 0 5 6 7 1 9]
 [5 2 9 3 0 0 1 0 8]
 [1 0 0 5 7 4 3 2 6]
 [7 3 8 0 6 2 4 9 5]
 [2 7 0 6 8 5 9 4 1]
 [6 9 4 1 3 7 8 5 0]
 [8 0 1 9 4 0 6 7 2]]
Number of cells unfilled: 13
Accuracy: 83.9506172839506
Sample: 17796
Question:
[[9 0 0 0 0 0 6 0 0]
 [0 0 0 0 0 8 0 5 0]
 [0 0 5 4 9 0 8 0 0]
 [5 4 0 6 8 0 9 0 2]
 [2 0 8 0 0 0 5 0 0]
 [0 9 0 0 0 2 0 4 0]
 [0 0 0 0 7 0 0 0 6]
 [0 0 4 0 3 0 0 0 0]
 [6 0 0 0 0 0 0 0 0]]
Solution:
[[9 5 3 4 1 8 2 6 0]
 [0 1 6 2 9 0 5 8 3]
 [4 8 2 0 5 6 7 1 9]
 [5 2 9 3 0 0 1 0 8]
 [1 0 0 8 7 4 3 2 6]
 [7 3 8 0 6 2 4 9 5]
 [2 7 0 6 8 5 9 4 1]
 [6 9 4 1 3 7 8 5 0]
 [8 0 1 9 4 0 6 7 2]]
Number of cells unfilled: 14
Accuracy: 82.71604938271605
Sample: 17797
Question:
[[9 0 0 0 0 4 0 2 8]
 [0 4 0 0 6 0 0 0 0]
 [1 0 0 0 0 7 0 0 0]
 [0 0 4 0 9 1 0 0 0]
 [5 0 0 0 0 0 0 0 0]
 [0 1 9 6 0 5 7 0 0]
 [0 0 0 0 4 0 0 7 0]
 [0 0 7 5 0 9 0 0 0]
 [6 5 0 0 1 0 0 0 0]]
Solution:
[[9 5 3 4 1 8 2 6 0]
 [0 1 6 7 2 9 5 8 3]
 [4 8 2 0 5 6 7 1 9]
 [5 2 9 3 0 0 1 0 8]
 [1 0 0 8 7 4 3 2 6]
 [7 3 8 0 6 2 4 9 5]
 [2 7 0 6 8 5 9 4 1]
 [6 9 4 1 3 7 8 5 0]
 [8 0 1 9 4 0 6 7 2]]
Number of cells unfilled: 13
Accuracy: 83.9506172839506
Sample: 17798
Question:
[[9 0 0 0 2 5 0 4 0]
 [4 0 0 1 0 6 0 0 0]
 [0 0 0 0 9 0 0 0 5]
 [0 6 2 5 0 4 0 0 0]
 [0 0 9 0 6 2 0 0 0]
 [0 4 0 9 1 0 0 0 0]
 [6 0 0 0 0 1 0 2 0]
 [0 0 5 0 0 0 6 0 0]
 [2 0 4 0 0 0 0 8 7]]
Solution:
[[9 5 3 4 1 8 2 6 0]
 [0 1 6 7 9 0 5 8 3]
 [4 8 2 0 5 6 7 1 9]
 [5 2 9 3 0 0 1 0 8]
 [1 0 0 5 7 4 3 2 6]
 [7 3 8 0 6 2 4 9 5]
 [2 7 0 6 8 5 9 4 1]
 [6 9 4 1 3 7 8 5 0]
 [8 0 1 9 4 0 6 7 2]]
Number of cells unfilled: 14
Accuracy: 82.71604938271605
Sample: 17799
Question:
[[9 0 0 0 7 0 3 0 2]
 [0 0 7 0 0 0 4 0 0]
 [0 2 0 3 0 9 0 0 0]
 [0 0 2 0 0 3 0 5 0]
 [3 5 0 7 0 2 9 0 4]
 [7 0 4 5 9 0 0 0 0]
 [0 0 0 4 0 0 0 0 9]
 [0 0 0 0 0 0 6 0 0]
 [0 0 0 0 2 0 8 0 0]]
Solution:
[[9 5 3 4 1 8 2 6 0]
 [0 1 6 2 9 0 5 8 3]
 [4 8 2 0 5 6 7 1 9]
 [5 2 9 3 0 0 1 0 8]
 [1 0 0 5 7 4 3 2 6]
 [7 3 8 0 6 2 4 9 5]
 [2 7 0 6 8 5 9 4 1]
 [6 9 4 1 3 7 8 5 0]
 [8 0 1 9 4 0 6 7 2]]
Number of cells unfilled: 14
Accuracy: 82.71604938271605
Sample: 17800
Question:
[[9 0 0 4 0 0 2 0 0]
 [0 1 0 0 0 0 0 0 0]
 [4 0 0 0 5 6 7 0 0]
 [0 2 9 0 0 0 1 0 8]
 [0 0 0 0 0 0 0 0 0]
 [7 0 8 0 0 2 4 9 0]
 [2 7 0 0 0 0 0 4 0]
 [0 0 4 0 0 0 8 0 0]
 [8 0 1 9 0 0 0 7 2]]
Solution:
[[9 5 3 4 1 8 2 6 0]
 [0 1 6 7 2 9 5 8 3]
 [4 8 2 0 5 6 7 1 9]
 [5 2 9 3 0 0 1 0 8]
 [1 0 0 5 7 4 3 2 6]
 [7 3 8 0 6 2 4 9 5]
 [2 7 0 6 8 5 9 4 1]
 [6 9 4 1 3 7 8 5 0]
 [8 0 1 9 4 0 6 7 2]]
Number of cells unfilled: 13
Accuracy: 83.9506172839506
