2025-10-22 13:49:55.551867: I tensorflow/core/util/port.cc:153] oneDNN custom operations are on. You may see slightly different numerical results due to floating-point round-off errors from different computation orders. To turn them off, set the environment variable `TF_ENABLE_ONEDNN_OPTS=0`.
2025-10-22 13:49:56.038552: I tensorflow/core/platform/cpu_feature_guard.cc:210] This TensorFlow binary is optimized to use available CPU instructions in performance-critical operations.
To enable the following instructions: AVX2 AVX512F AVX512_VNNI FMA, in other operations, rebuild TensorFlow with the appropriate compiler flags.
2025-10-22 13:50:02.057261: I tensorflow/core/util/port.cc:153] oneDNN custom operations are on. You may see slightly different numerical results due to floating-point round-off errors from different computation orders. To turn them off, set the environment variable `TF_ENABLE_ONEDNN_OPTS=0`.
2025-10-22 13:50:08.857525: E external/local_xla/xla/stream_executor/cuda/cuda_platform.cc:51] failed call to cuInit: INTERNAL: CUDA error: Failed call to cuInit: UNKNOWN ERROR (303)
Sample: 18101
Question:
[[0 0 6 0 0 7 0 0 0]
 [0 0 3 0 4 0 0 0 0]
 [1 0 0 6 0 0 0 0 5]
 [8 0 0 1 0 0 0 5 0]
 [0 1 0 0 0 2 8 0 0]
 [0 0 4 0 5 0 1 0 0]
 [0 0 2 0 0 0 0 9 0]
 [6 0 0 9 0 0 5 0 0]
 [0 3 0 0 7 0 0 6 0]]
Solution:
[[2 5 4 9 1 6 0 7 0]
 [0 6 7 8 4 2 1 0 3]
 [1 9 3 0 0 7 6 8 5]
 [3 2 6 5 0 0 8 1 9]
 [8 0 0 0 7 3 4 2 6]
 [5 1 0 2 6 8 3 0 7]
 [4 0 9 7 0 5 2 3 8]
 [6 3 8 1 2 9 7 5 4]
 [7 0 1 3 8 4 0 9 0]]
Number of cells unfilled: 18
Accuracy: 77.77777777777779
Sample: 18102
Question:
[[0 0 8 0 0 0 0 0 0]
 [0 1 7 0 9 0 0 8 0]
 [4 0 0 3 0 7 0 0 1]
 [2 0 0 0 0 0 0 0 0]
 [0 0 0 0 0 5 0 0 3]
 [0 0 9 1 0 0 0 4 0]
 [5 0 0 9 0 0 0 2 6]
 [1 0 3 0 5 0 0 0 4]
 [7 0 0 4 1 0 0 0 0]]
Solution:
[[2 5 4 9 1 6 0 7 0]
 [7 6 0 8 4 2 9 0 3]
 [1 9 3 0 0 7 6 8 5]
 [3 2 6 5 0 0 8 1 9]
 [8 0 0 0 7 3 4 2 6]
 [5 1 0 2 6 8 3 0 7]
 [4 0 9 7 0 5 2 3 8]
 [0 3 8 1 2 9 7 6 4]
 [6 7 1 3 8 4 5 9 0]]
Number of cells unfilled: 17
Accuracy: 79.01234567901234
Sample: 18103
Question:
[[0 8 0 0 2 0 0 0 1]
 [0 4 6 0 5 8 3 0 0]
 [3 0 0 0 6 0 0 0 0]
 [0 0 9 8 0 0 0 4 2]
 [0 0 0 0 0 0 8 0 0]
 [0 0 0 0 7 0 0 9 0]
 [9 0 0 6 0 0 0 2 7]
 [5 0 0 0 8 0 0 0 0]
 [0 1 7 5 0 0 0 8 0]]
Solution:
[[2 5 4 9 1 6 0 7 0]
 [0 8 7 0 4 2 9 0 3]
 [1 9 3 0 0 7 6 8 5]
 [3 2 6 5 0 0 8 1 9]
 [8 0 0 0 7 3 4 2 6]
 [5 1 0 2 6 8 3 0 7]
 [4 0 9 7 0 5 2 3 8]
 [6 3 8 1 2 9 7 5 4]
 [7 0 1 3 8 4 0 9 0]]
Number of cells unfilled: 19
Accuracy: 76.5432098765432
Sample: 18104
Question:
[[0 0 6 0 9 0 2 4 0]
 [0 2 0 5 3 7 8 0 0]
 [9 0 5 4 0 0 0 0 0]
 [0 0 2 0 0 0 6 0 0]
 [7 6 0 0 0 1 4 3 0]
 [1 0 0 0 0 4 0 9 8]
 [0 0 0 6 1 2 0 0 0]
 [0 3 8 0 0 0 0 1 6]
 [0 0 4 9 0 0 5 0 7]]
Solution:
[[2 5 4 9 1 6 0 7 0]
 [6 0 7 8 4 2 1 0 3]
 [1 9 3 0 0 7 6 8 5]
 [3 2 6 5 0 0 8 1 9]
 [8 0 0 0 7 3 4 2 6]
 [5 1 0 2 6 8 3 0 7]
 [4 6 9 7 0 5 2 3 8]
 [0 3 8 1 2 9 7 6 4]
 [7 0 1 3 8 4 5 9 0]]
Number of cells unfilled: 17
Accuracy: 79.01234567901234
Sample: 18105
Question:
[[9 0 0 0 2 0 0 6 0]
 [0 6 0 7 0 3 5 0 9]
 [0 0 0 0 0 8 0 0 0]
 [2 8 0 0 0 0 0 1 0]
 [5 0 0 0 0 0 7 0 4]
 [0 4 0 0 0 0 0 0 0]
 [4 0 0 3 0 0 8 0 0]
 [0 0 0 0 9 4 0 3 0]
 [3 0 0 6 0 0 0 0 2]]
Solution:
[[2 5 4 9 1 6 0 7 0]
 [6 7 0 8 4 2 1 0 3]
 [1 9 3 0 0 7 6 8 5]
 [3 2 6 5 0 0 8 1 9]
 [8 0 0 0 7 3 4 2 6]
 [5 1 0 2 6 8 3 0 7]
 [0 4 9 6 0 5 2 3 8]
 [0 3 8 1 2 9 7 6 4]
 [7 6 1 3 8 4 5 9 0]]
Number of cells unfilled: 17
Accuracy: 79.01234567901234
Sample: 18106
Question:
[[4 0 0 8 0 0 6 0 0]
 [0 0 8 0 0 5 0 2 0]
 [5 0 0 0 3 0 0 0 0]
 [0 0 0 0 1 0 7 0 0]
 [0 0 2 3 0 0 0 0 6]
 [0 5 0 0 0 9 0 8 0]
 [0 8 0 0 0 0 0 0 1]
 [2 0 0 0 0 4 0 9 0]
 [0 0 9 7 0 0 0 0 0]]
Solution:
[[2 5 4 9 1 6 0 7 0]
 [7 8 0 0 4 2 9 0 3]
 [1 9 3 0 0 7 6 8 5]
 [3 2 6 5 0 0 8 1 9]
 [8 0 0 0 7 3 4 5 6]
 [5 1 0 2 6 8 3 0 7]
 [6 4 9 7 0 5 2 3 8]
 [0 3 8 1 2 9 7 6 4]
 [0 7 1 3 8 4 5 9 0]]
Number of cells unfilled: 18
Accuracy: 77.77777777777779
Sample: 18107
Question:
[[4 0 0 0 0 7 0 5 0]
 [7 0 0 8 5 0 0 0 0]
 [0 1 0 0 2 0 9 0 0]
 [0 0 0 2 7 0 3 0 0]
 [3 0 0 0 0 9 4 0 2]
 [6 0 0 0 3 0 0 7 0]
 [0 8 0 0 0 2 0 0 1]
 [0 0 0 0 0 0 5 0 0]
 [2 0 0 3 1 0 0 0 4]]
Solution:
[[2 5 4 9 1 6 0 7 0]
 [0 6 7 8 4 2 9 0 3]
 [1 9 3 0 0 7 6 8 5]
 [3 2 6 5 0 0 8 1 9]
 [8 0 0 0 7 3 4 5 6]
 [5 1 0 2 6 8 3 0 7]
 [0 4 9 6 0 5 2 3 8]
 [0 3 8 1 2 9 7 6 4]
 [6 7 1 3 8 4 5 9 0]]
Number of cells unfilled: 17
Accuracy: 79.01234567901234
Sample: 18108
Question:
[[0 4 6 0 0 5 0 0 1]
 [3 0 9 4 0 0 0 0 2]
 [0 0 0 9 8 0 0 0 0]
 [5 6 0 0 7 0 0 0 4]
 [0 0 0 1 0 0 0 0 0]
 [2 0 0 0 9 0 0 0 5]
 [0 0 4 0 0 7 0 2 3]
 [0 0 0 5 4 0 0 0 6]
 [0 8 0 0 0 0 0 0 0]]
Solution:
[[2 5 4 9 1 6 0 7 0]
 [0 7 0 8 4 2 1 0 3]
 [1 9 3 0 0 7 6 8 5]
 [3 2 6 5 0 0 8 1 9]
 [8 0 0 0 7 3 4 5 6]
 [5 1 0 2 6 8 3 0 7]
 [6 4 9 7 0 5 2 3 8]
 [0 3 8 1 2 9 7 6 4]
 [7 0 1 3 8 4 5 9 0]]
Number of cells unfilled: 18
Accuracy: 77.77777777777779
Sample: 18109
Question:
[[0 0 0 0 0 0 0 0 0]
 [0 0 0 0 0 1 5 0 0]
 [0 0 0 6 0 9 4 0 2]
 [0 9 6 0 0 3 0 2 0]
 [0 0 1 7 0 0 0 0 0]
 [7 3 0 9 2 0 0 0 6]
 [0 7 0 1 0 0 9 3 0]
 [0 2 3 0 0 0 0 0 0]
 [0 0 0 0 6 0 0 0 7]]
Solution:
[[2 5 4 9 1 6 0 7 0]
 [0 6 7 8 4 2 1 0 3]
 [1 9 3 0 0 7 6 8 5]
 [3 2 6 5 0 0 8 1 9]
 [8 0 0 0 7 3 4 2 6]
 [5 1 0 2 6 8 3 0 7]
 [4 0 9 7 0 5 2 3 8]
 [6 3 8 1 2 9 7 5 4]
 [7 0 1 3 8 4 0 9 0]]
Number of cells unfilled: 18
Accuracy: 77.77777777777779
Sample: 18110
Question:
[[0 0 0 0 3 0 0 0 0]
 [0 0 9 0 0 0 0 8 7]
 [0 0 6 0 0 0 0 0 0]
 [8 0 0 4 0 2 0 0 0]
 [0 3 0 7 8 0 5 0 4]
 [0 0 0 0 5 0 0 2 0]
 [2 0 0 0 0 0 8 0 0]
 [0 0 0 3 4 0 7 0 0]
 [0 4 7 2 0 0 0 5 3]]
Solution:
[[2 5 4 9 1 6 0 7 0]
 [0 6 7 8 4 2 9 0 3]
 [1 9 3 0 0 7 6 8 5]
 [3 2 6 5 0 0 8 1 9]
 [8 0 0 0 7 3 4 2 6]
 [5 1 0 2 6 8 3 0 7]
 [4 0 9 7 0 5 2 3 8]
 [6 3 8 1 2 9 7 5 4]
 [7 0 1 3 8 4 0 9 0]]
Number of cells unfilled: 18
Accuracy: 77.77777777777779
Sample: 18111
Question:
[[0 0 0 2 9 0 0 7 1]
 [0 0 0 0 6 0 0 0 0]
 [0 0 0 0 0 0 0 0 0]
 [0 3 4 1 0 0 2 0 7]
 [8 0 0 0 0 0 0 0 3]
 [1 0 7 0 0 2 8 4 0]
 [0 0 0 3 0 0 1 0 0]
 [4 0 2 0 0 0 0 0 0]
 [0 0 3 0 7 4 0 0 8]]
Solution:
[[2 5 4 9 1 6 0 7 0]
 [0 6 7 8 4 2 1 0 3]
 [1 9 3 0 0 7 6 8 5]
 [3 2 6 5 0 0 8 1 9]
 [8 0 0 0 7 3 4 2 6]
 [5 1 0 2 6 8 3 0 7]
 [4 0 9 7 0 5 2 3 8]
 [6 3 8 1 2 9 7 5 4]
 [7 0 1 3 8 4 0 9 0]]
Number of cells unfilled: 18
Accuracy: 77.77777777777779
Sample: 18112
Question:
[[0 0 0 8 0 2 3 0 0]
 [6 0 8 0 0 0 0 0 0]
 [0 0 2 0 6 9 0 7 0]
 [0 0 0 3 7 0 9 0 8]
 [0 0 0 0 0 0 7 0 0]
 [0 0 0 9 0 0 0 6 2]
 [0 0 0 0 9 0 0 0 3]
 [5 0 1 0 8 0 0 0 0]
 [0 0 3 0 0 7 2 0 0]]
Solution:
[[2 5 4 9 1 6 0 7 0]
 [6 8 7 0 4 2 1 0 3]
 [1 9 3 0 0 7 6 8 5]
 [3 2 6 5 0 0 8 1 9]
 [8 0 0 0 7 3 4 2 6]
 [5 1 0 2 6 8 3 0 7]
 [0 4 9 6 0 5 2 3 8]
 [0 3 8 1 2 9 7 6 4]
 [7 6 1 3 8 4 5 9 0]]
Number of cells unfilled: 17
Accuracy: 79.01234567901234
Sample: 18113
Question:
[[0 0 4 0 0 0 9 0 0]
 [7 0 0 0 0 0 0 0 3]
 [3 0 6 0 0 0 0 8 4]
 [0 0 0 0 0 0 0 9 6]
 [0 0 0 0 0 8 7 4 0]
 [9 0 0 0 0 7 3 0 8]
 [8 0 0 0 5 1 0 0 0]
 [4 0 0 0 0 0 0 6 0]
 [0 3 0 0 0 6 0 0 7]]
Solution:
[[2 5 4 9 1 6 0 7 0]
 [7 6 0 8 4 2 1 0 3]
 [1 9 3 0 0 7 6 8 5]
 [3 2 6 5 0 0 8 1 9]
 [8 0 0 0 7 3 4 2 6]
 [5 1 0 2 6 8 3 0 7]
 [4 7 9 6 0 5 2 3 8]
 [6 3 8 1 2 9 7 5 4]
 [0 0 1 3 8 4 0 9 0]]
Number of cells unfilled: 18
Accuracy: 77.77777777777779
Sample: 18114
Question:
[[0 0 7 0 5 0 0 0 0]
 [0 4 0 3 0 0 0 0 0]
 [0 9 0 0 0 0 0 1 6]
 [0 0 0 4 0 0 0 9 0]
 [0 8 0 0 9 7 0 5 0]
 [0 0 5 8 3 0 0 0 0]
 [3 7 0 9 4 0 0 0 0]
 [4 0 0 0 0 8 3 0 0]
 [0 5 0 0 7 0 0 0 0]]
Solution:
[[2 5 4 9 1 6 0 7 0]
 [6 7 0 8 4 2 1 0 3]
 [1 9 3 0 0 7 6 8 5]
 [3 2 6 5 0 0 8 1 9]
 [8 0 0 0 7 3 4 5 6]
 [5 1 0 2 6 8 3 0 7]
 [7 4 9 6 0 5 2 3 8]
 [0 3 8 1 2 9 7 6 4]
 [0 6 1 3 8 4 5 9 0]]
Number of cells unfilled: 17
Accuracy: 79.01234567901234
Sample: 18115
Question:
[[0 0 9 5 0 0 0 0 1]
 [1 0 0 0 0 2 0 0 0]
 [0 0 0 0 0 8 6 0 3]
 [0 5 8 0 0 7 0 0 9]
 [0 0 1 0 0 0 0 0 0]
 [2 9 0 0 0 0 7 0 8]
 [8 0 2 0 1 5 0 0 0]
 [0 7 0 0 2 0 0 0 0]
 [0 0 5 0 0 9 0 0 0]]
Solution:
[[2 5 4 9 1 6 0 7 0]
 [7 6 0 8 4 2 9 0 3]
 [1 9 3 0 0 7 6 8 5]
 [3 2 6 5 0 0 8 1 9]
 [8 0 0 0 7 3 4 2 6]
 [5 1 0 2 6 8 3 0 7]
 [0 4 9 7 0 5 2 3 8]
 [0 3 8 1 2 9 7 6 4]
 [6 7 1 3 8 4 5 9 0]]
Number of cells unfilled: 17
Accuracy: 79.01234567901234
Sample: 18116
Question:
[[0 5 0 2 0 0 4 1 0]
 [0 0 0 0 9 0 0 0 5]
 [0 7 4 0 1 0 0 0 0]
 [0 0 0 9 0 1 0 6 0]
 [0 0 0 0 0 0 0 3 0]
 [0 0 7 0 0 0 0 0 0]
 [5 4 0 0 7 0 0 0 9]
 [0 1 9 0 2 4 7 0 0]
 [0 0 2 5 0 0 0 0 0]]
Solution:
[[2 5 4 9 1 6 0 7 0]
 [0 6 7 8 4 2 9 0 3]
 [1 9 3 0 0 7 6 8 5]
 [3 2 6 5 0 0 8 1 9]
 [8 0 0 0 7 3 4 2 6]
 [5 1 0 2 6 8 3 0 7]
 [7 4 9 6 0 5 2 3 8]
 [6 3 8 1 2 9 7 5 4]
 [0 0 1 3 8 4 0 9 0]]
Number of cells unfilled: 18
Accuracy: 77.77777777777779
Sample: 18117
Question:
[[0 6 0 1 0 5 0 4 2]
 [0 0 0 0 0 3 0 0 6]
 [4 5 0 0 0 0 0 0 0]
 [0 3 0 0 0 6 0 0 1]
 [7 8 0 0 0 0 0 5 0]
 [0 0 0 0 3 0 0 2 0]
 [0 0 0 4 6 0 2 0 0]
 [0 0 0 0 5 2 3 1 0]
 [0 0 0 0 0 1 0 0 0]]
Solution:
[[2 5 4 9 1 6 0 7 0]
 [6 8 7 0 4 2 1 0 3]
 [1 9 3 0 0 7 6 8 5]
 [3 2 6 5 0 0 8 1 9]
 [8 0 0 0 7 3 4 5 6]
 [5 1 0 2 6 8 3 0 7]
 [4 0 9 6 0 5 2 3 8]
 [0 3 8 1 2 9 7 6 4]
 [7 6 1 3 8 4 5 9 0]]
Number of cells unfilled: 17
Accuracy: 79.01234567901234
Sample: 18118
Question:
[[0 7 0 0 0 0 9 0 0]
 [0 0 8 0 0 0 0 1 0]
 [0 5 0 4 3 0 0 0 0]
 [7 0 0 0 0 9 1 0 2]
 [9 8 0 0 0 0 5 7 0]
 [0 0 0 0 0 0 0 8 0]
 [0 0 0 0 5 0 7 0 0]
 [0 0 1 0 0 0 2 9 0]
 [0 2 0 0 1 0 0 5 8]]
Solution:
[[2 5 4 9 1 6 0 7 0]
 [7 6 0 8 4 2 1 0 3]
 [1 9 3 0 0 7 6 8 5]
 [3 2 6 5 0 0 8 1 9]
 [8 0 0 0 7 3 4 2 6]
 [5 1 0 2 6 8 3 0 7]
 [4 7 9 6 0 5 2 3 8]
 [6 3 8 1 2 9 7 5 4]
 [0 0 1 3 8 4 0 9 0]]
Number of cells unfilled: 18
Accuracy: 77.77777777777779
Sample: 18119
Question:
[[0 8 0 7 0 0 0 2 0]
 [3 0 0 0 0 4 0 0 0]
 [7 0 2 8 3 0 5 0 0]
 [0 0 5 0 0 0 3 0 0]
 [4 0 0 3 5 0 0 8 7]
 [0 0 0 2 0 8 0 0 0]
 [0 0 0 0 0 0 0 0 0]
 [0 4 0 0 0 0 0 0 1]
 [5 7 0 0 0 0 2 0 9]]
Solution:
[[2 5 4 9 1 6 0 7 0]
 [7 6 0 8 4 2 9 0 3]
 [1 9 3 0 0 7 6 8 5]
 [3 2 6 5 0 0 8 1 9]
 [8 0 0 0 7 3 4 5 6]
 [5 1 0 2 6 8 3 0 7]
 [4 0 9 6 0 5 2 3 8]
 [0 3 8 1 2 9 7 6 4]
 [6 7 1 3 8 4 5 9 0]]
Number of cells unfilled: 17
Accuracy: 79.01234567901234
Sample: 18120
Question:
[[2 0 0 6 0 1 8 0 0]
 [0 0 6 0 9 4 0 0 0]
 [1 9 0 8 2 0 0 4 0]
 [0 0 0 0 4 2 0 0 3]
 [0 0 8 0 0 0 0 0 0]
 [0 0 0 0 0 0 0 0 7]
 [0 0 0 0 0 0 0 9 0]
 [8 0 1 0 0 0 0 0 0]
 [9 4 0 0 6 0 1 0 2]]
Solution:
[[2 5 4 9 1 6 0 7 0]
 [0 6 7 8 4 2 1 0 3]
 [1 9 3 0 0 7 6 8 5]
 [3 2 6 5 0 0 8 1 9]
 [8 0 0 0 7 3 4 2 6]
 [5 1 0 2 6 8 3 0 7]
 [4 0 9 7 0 5 2 3 8]
 [6 3 8 1 2 9 7 5 4]
 [7 0 1 3 8 4 0 9 0]]
Number of cells unfilled: 18
Accuracy: 77.77777777777779
Sample: 18121
Question:
[[2 0 5 0 0 0 0 0 0]
 [0 9 7 4 0 0 2 3 0]
 [0 0 0 2 0 0 0 0 7]
 [0 7 2 3 5 0 0 0 9]
 [0 0 3 0 0 0 5 0 0]
 [4 0 0 7 0 9 0 0 0]
 [0 0 0 0 0 0 0 0 0]
 [0 0 0 0 0 4 0 8 0]
 [0 0 0 9 0 3 0 1 5]]
Solution:
[[2 5 4 9 1 6 0 7 0]
 [6 0 7 8 4 2 9 0 3]
 [1 9 3 0 0 7 6 8 5]
 [3 2 6 5 0 0 8 1 9]
 [8 0 0 0 7 3 4 5 6]
 [5 1 0 2 6 8 3 0 7]
 [4 6 9 7 0 5 2 3 8]
 [0 3 8 1 2 9 7 6 4]
 [7 0 1 3 8 4 5 9 0]]
Number of cells unfilled: 17
Accuracy: 79.01234567901234
Sample: 18122
Question:
[[2 0 5 0 4 0 0 3 0]
 [0 6 0 0 5 0 0 7 0]
 [0 3 0 0 0 0 0 0 4]
 [3 4 0 7 0 0 6 0 0]
 [0 5 6 0 0 0 7 2 0]
 [0 0 2 0 0 0 0 0 0]
 [0 0 0 0 8 9 0 5 0]
 [0 0 4 0 0 0 0 0 2]
 [0 7 0 0 0 0 0 6 0]]
Solution:
[[2 5 4 9 1 6 0 7 0]
 [0 6 7 8 4 2 1 0 3]
 [1 9 3 0 0 7 6 8 5]
 [3 2 6 5 0 0 8 1 9]
 [8 0 0 0 7 3 4 2 6]
 [5 1 0 2 6 8 3 0 7]
 [4 0 9 7 0 5 2 3 8]
 [6 3 8 1 2 9 7 5 4]
 [7 0 1 3 8 4 0 9 0]]
Number of cells unfilled: 18
Accuracy: 77.77777777777779
Sample: 18123
Question:
[[3 0 7 9 0 0 0 0 0]
 [5 0 0 0 0 4 0 7 9]
 [0 0 0 8 0 0 5 0 0]
 [0 0 0 0 0 0 0 0 0]
 [0 0 0 0 0 0 0 0 2]
 [0 0 0 0 9 8 3 0 6]
 [9 0 8 4 7 0 0 3 0]
 [0 0 4 0 0 5 0 0 0]
 [7 5 0 3 0 0 8 0 0]]
Solution:
[[2 5 4 9 1 6 0 7 0]
 [0 6 7 8 4 2 9 0 3]
 [1 9 3 0 0 7 6 8 5]
 [3 2 6 5 0 0 8 1 9]
 [8 0 0 0 7 3 4 2 6]
 [5 1 0 2 6 8 3 0 7]
 [4 0 9 7 0 5 2 3 8]
 [6 3 8 1 2 9 7 5 4]
 [7 0 1 3 8 4 0 9 0]]
Number of cells unfilled: 18
Accuracy: 77.77777777777779
Sample: 18124
Question:
[[4 3 0 0 0 0 0 0 2]
 [9 0 1 0 0 2 3 0 0]
 [0 8 0 0 0 9 0 0 0]
 [2 0 0 0 0 4 0 0 1]
 [0 4 0 0 0 0 8 0 0]
 [0 0 0 0 7 5 9 0 0]
 [8 9 0 0 0 0 1 4 0]
 [0 0 3 0 0 0 0 8 0]
 [1 0 0 0 0 0 2 0 0]]
Solution:
[[2 5 4 9 1 6 0 7 0]
 [6 8 7 0 4 2 9 0 3]
 [1 9 3 0 0 7 6 8 5]
 [3 2 6 5 0 0 8 1 9]
 [8 0 0 0 7 3 4 2 6]
 [5 1 0 2 6 8 3 0 7]
 [4 7 9 6 0 5 2 3 8]
 [0 3 8 1 2 9 7 6 4]
 [0 6 1 3 8 4 5 9 0]]
Number of cells unfilled: 17
Accuracy: 79.01234567901234
Sample: 18125
Question:
[[8 0 4 0 7 0 0 0 6]
 [0 5 0 0 0 0 0 8 0]
 [0 7 2 0 0 6 4 0 0]
 [0 0 0 0 8 0 0 0 7]
 [0 0 8 2 0 4 0 5 0]
 [0 4 6 0 0 0 0 0 2]
 [0 0 0 9 0 0 5 0 0]
 [0 0 0 1 6 0 2 7 0]
 [0 0 0 0 0 0 0 0 0]]
Solution:
[[2 5 4 9 1 6 0 7 0]
 [6 8 7 0 4 2 1 0 3]
 [1 9 3 0 0 7 6 8 5]
 [3 2 6 5 0 0 8 1 9]
 [8 0 0 0 7 3 4 2 6]
 [5 1 0 2 6 8 3 0 7]
 [0 4 9 6 0 5 2 3 8]
 [0 3 8 1 2 9 7 6 4]
 [7 6 1 3 8 4 5 9 0]]
Number of cells unfilled: 17
Accuracy: 79.01234567901234
Sample: 18126
Question:
[[0 0 0 5 0 0 7 0 4]
 [0 0 3 0 0 0 0 0 2]
 [0 0 6 0 0 4 0 8 1]
 [0 1 0 2 0 3 0 0 0]
 [0 4 0 8 1 0 0 0 0]
 [0 5 9 6 0 0 0 0 0]
 [0 0 0 0 0 0 1 0 0]
 [0 9 0 0 5 2 0 0 0]
 [0 0 0 0 8 0 0 4 3]]
Solution:
[[2 5 4 9 1 6 0 7 0]
 [6 8 7 0 4 2 9 0 3]
 [1 9 3 0 0 7 6 8 5]
 [3 2 6 5 0 0 8 1 9]
 [8 0 0 0 7 3 4 5 6]
 [5 1 0 2 6 8 3 0 7]
 [0 4 9 7 0 5 2 3 8]
 [0 3 8 1 2 9 7 6 4]
 [0 7 1 3 8 4 5 9 0]]
Number of cells unfilled: 18
Accuracy: 77.77777777777779
Sample: 18127
Question:
[[0 2 0 0 4 0 0 0 6]
 [9 0 0 0 0 7 5 0 0]
 [0 0 0 6 0 0 0 0 0]
 [3 0 0 0 0 1 7 0 0]
 [0 0 8 0 2 0 0 0 0]
 [0 4 0 7 0 3 0 8 0]
 [5 0 0 0 0 0 0 1 9]
 [0 3 0 0 0 9 0 5 7]
 [0 0 0 0 0 0 3 0 0]]
Solution:
[[2 5 4 9 1 6 0 7 0]
 [6 8 7 0 4 2 9 0 3]
 [1 9 3 0 0 7 6 8 5]
 [3 2 6 5 0 0 8 1 9]
 [8 0 0 0 7 3 4 5 6]
 [5 1 0 2 6 8 3 0 7]
 [4 0 9 6 0 5 2 3 8]
 [0 3 8 1 2 9 7 6 4]
 [7 6 1 3 8 4 5 9 0]]
Number of cells unfilled: 17
Accuracy: 79.01234567901234
Sample: 18128
Question:
[[9 0 4 1 0 0 0 0 5]
 [0 0 0 0 2 0 6 0 0]
 [0 1 6 9 8 5 0 0 7]
 [0 5 0 0 6 3 0 0 0]
 [7 0 0 0 9 0 0 4 0]
 [0 6 9 0 1 7 2 0 8]
 [0 9 5 0 0 2 0 0 0]
 [0 0 8 0 3 0 1 0 0]
 [2 0 0 0 0 0 8 0 4]]
Solution:
[[2 5 4 9 1 6 0 7 0]
 [0 6 7 8 4 2 9 0 3]
 [1 9 3 0 0 7 6 8 5]
 [3 2 6 5 0 0 8 1 9]
 [8 0 0 0 7 3 4 2 6]
 [5 1 0 2 6 8 3 0 7]
 [4 0 9 7 0 5 2 3 8]
 [6 3 8 1 2 9 7 5 4]
 [7 0 1 3 8 4 0 9 0]]
Number of cells unfilled: 18
Accuracy: 77.77777777777779
Sample: 18129
Question:
[[0 0 0 0 0 0 0 2 0]
 [5 0 0 0 0 0 8 0 7]
 [0 0 2 7 0 0 5 0 3]
 [0 0 9 2 0 1 0 8 0]
 [8 0 0 3 0 0 0 7 0]
 [0 0 6 0 7 0 0 0 9]
 [4 0 8 5 0 0 0 3 0]
 [0 1 0 0 0 4 0 0 0]
 [0 0 0 0 0 0 4 0 8]]
Solution:
[[2 5 4 9 1 6 0 7 0]
 [6 8 7 0 4 2 9 0 3]
 [1 9 3 0 0 7 6 8 5]
 [3 2 6 5 0 0 8 1 9]
 [8 0 0 0 7 3 4 5 6]
 [5 1 0 2 6 8 3 0 7]
 [4 0 9 6 0 5 2 3 8]
 [0 3 8 1 2 9 7 6 4]
 [7 6 1 3 8 4 5 9 0]]
Number of cells unfilled: 17
Accuracy: 79.01234567901234
Sample: 18130
Question:
[[1 0 0 0 5 8 3 0 0]
 [0 0 0 0 0 0 0 8 0]
 [0 0 2 9 0 0 0 0 0]
 [0 0 0 4 0 0 8 7 0]
 [7 0 0 0 8 5 0 0 3]
 [0 0 0 0 0 0 1 5 0]
 [5 0 0 0 1 4 0 3 0]
 [0 4 0 0 0 7 0 0 0]
 [0 0 6 5 3 0 0 0 0]]
Solution:
[[2 5 4 9 1 6 0 7 0]
 [0 6 7 8 4 2 1 0 3]
 [1 9 3 0 0 7 6 8 5]
 [3 2 6 5 0 0 8 1 9]
 [8 0 0 0 7 3 4 2 6]
 [5 1 0 2 6 8 3 0 7]
 [0 4 9 6 0 5 2 3 8]
 [0 3 8 1 2 9 7 6 4]
 [6 7 1 3 8 4 5 9 0]]
Number of cells unfilled: 17
Accuracy: 79.01234567901234
Sample: 18131
Question:
[[0 0 0 5 2 8 9 0 0]
 [0 9 0 0 7 0 5 1 0]
 [0 0 0 0 0 0 0 8 0]
 [0 7 0 6 0 0 0 0 9]
 [3 5 0 0 1 9 0 6 0]
 [0 0 0 0 5 3 0 0 4]
 [9 0 7 0 0 0 6 0 5]
 [0 0 2 0 9 0 8 0 0]
 [0 0 0 0 0 0 0 0 0]]
Solution:
[[2 5 4 9 1 6 0 7 0]
 [7 8 0 0 4 2 1 0 3]
 [1 9 3 0 0 7 6 8 5]
 [3 2 6 5 0 0 8 1 9]
 [8 0 0 0 7 3 4 5 6]
 [5 1 0 2 6 8 3 0 7]
 [4 0 9 6 0 5 2 3 8]
 [0 3 8 1 2 9 7 6 4]
 [6 7 1 3 8 4 5 9 0]]
Number of cells unfilled: 18
Accuracy: 77.77777777777779
Sample: 18132
Question:
[[0 0 0 1 0 0 6 9 0]
 [0 0 9 6 5 0 0 8 2]
 [0 0 0 0 0 8 1 0 5]
 [0 0 8 0 2 0 0 0 0]
 [2 0 0 5 1 0 9 0 0]
 [0 0 0 8 0 6 0 0 0]
 [0 0 0 0 0 0 0 6 0]
 [0 7 0 0 0 5 0 0 1]
 [0 3 5 0 0 0 0 0 9]]
Solution:
[[2 5 4 9 1 6 0 7 0]
 [0 6 7 8 4 2 1 0 3]
 [1 9 3 0 0 7 6 8 5]
 [3 2 6 5 0 0 8 1 9]
 [8 0 0 0 7 3 4 2 6]
 [5 1 0 2 6 8 3 0 7]
 [4 0 9 7 0 5 2 3 8]
 [6 3 8 1 2 9 7 5 4]
 [7 0 1 3 8 4 0 9 0]]
Number of cells unfilled: 18
Accuracy: 77.77777777777779
Sample: 18133
Question:
[[0 0 5 0 9 0 0 1 0]
 [0 0 0 4 0 0 0 0 0]
 [1 0 3 0 6 0 0 0 0]
 [6 0 0 8 2 0 4 0 1]
 [0 0 0 0 1 9 0 8 0]
 [0 0 0 6 0 0 9 0 0]
 [8 0 0 0 4 0 0 0 2]
 [0 2 0 0 0 6 1 0 9]
 [0 0 0 0 0 0 8 4 0]]
Solution:
[[2 5 4 9 1 6 0 7 0]
 [6 8 7 0 4 2 1 0 3]
 [1 9 3 0 0 7 6 8 5]
 [3 2 6 5 0 0 8 1 9]
 [8 0 0 0 7 3 4 5 6]
 [5 1 0 2 6 8 3 0 7]
 [4 7 9 6 0 5 2 3 8]
 [0 3 8 1 2 9 7 6 4]
 [0 6 1 3 8 4 5 9 0]]
Number of cells unfilled: 17
Accuracy: 79.01234567901234
Sample: 18134
Question:
[[0 0 7 2 0 0 8 0 0]
 [0 0 0 0 0 0 3 0 6]
 [0 0 0 0 0 9 0 0 0]
 [4 1 0 0 0 7 0 8 0]
 [8 0 9 0 0 0 7 0 4]
 [0 7 2 0 0 0 0 1 0]
 [2 0 0 0 1 0 0 0 0]
 [0 0 8 9 0 4 0 0 0]
 [0 4 1 0 2 8 0 0 0]]
Solution:
[[2 5 4 9 1 6 0 7 0]
 [0 6 7 8 4 2 1 0 3]
 [1 9 3 0 0 7 6 8 5]
 [3 2 6 5 0 0 8 1 9]
 [8 0 0 0 7 3 4 2 6]
 [5 1 0 2 6 8 3 0 7]
 [6 4 9 7 0 5 2 3 8]
 [0 3 8 1 2 9 7 6 4]
 [0 7 1 3 8 4 5 9 0]]
Number of cells unfilled: 17
Accuracy: 79.01234567901234
Sample: 18135
Question:
[[0 0 8 4 0 0 7 0 9]
 [9 0 0 0 0 0 5 1 0]
 [0 0 0 0 0 9 0 4 8]
 [1 0 0 7 0 0 9 0 0]
 [2 6 0 0 0 0 0 0 0]
 [0 0 0 0 0 5 0 0 0]
 [0 0 0 0 7 1 8 0 4]
 [0 0 0 5 0 4 1 0 0]
 [0 1 0 0 8 0 0 7 0]]
Solution:
[[2 5 4 9 1 6 0 7 0]
 [6 8 7 0 4 2 9 0 3]
 [1 9 3 0 0 7 6 8 5]
 [3 2 6 5 0 0 8 1 9]
 [8 0 0 0 7 3 4 5 6]
 [5 1 0 2 6 8 3 0 7]
 [0 4 9 6 0 5 2 3 8]
 [0 3 8 1 2 9 7 6 4]
 [7 6 1 3 8 4 5 9 0]]
Number of cells unfilled: 17
Accuracy: 79.01234567901234
Sample: 18136
Question:
[[0 1 7 0 0 0 0 0 2]
 [6 0 0 0 0 0 0 9 0]
 [9 2 0 0 0 0 1 0 6]
 [0 0 0 0 8 4 0 0 0]
 [0 7 0 0 0 0 0 0 0]
 [0 0 9 0 0 2 0 0 5]
 [0 0 1 6 0 0 5 0 9]
 [0 0 0 0 0 5 0 2 7]
 [0 5 0 2 0 0 6 1 0]]
Solution:
[[2 5 4 9 1 6 0 7 0]
 [6 8 7 0 4 2 1 0 3]
 [1 9 3 0 0 7 6 8 5]
 [3 2 6 5 0 0 8 1 9]
 [8 0 0 0 7 3 4 2 6]
 [5 1 0 2 6 8 3 0 7]
 [4 6 9 7 0 5 2 3 8]
 [0 3 8 1 2 9 7 6 4]
 [0 7 1 3 8 4 5 9 0]]
Number of cells unfilled: 17
Accuracy: 79.01234567901234
Sample: 18137
Question:
[[0 5 0 0 7 6 0 0 0]
 [0 3 6 4 0 5 0 0 0]
 [4 0 0 3 0 0 0 5 0]
 [0 4 9 0 6 0 0 0 3]
 [5 7 0 0 3 0 9 0 0]
 [0 0 0 0 0 9 0 0 0]
 [0 9 0 0 4 0 5 0 0]
 [0 0 0 0 0 7 0 0 0]
 [0 6 0 0 0 0 8 2 0]]
Solution:
[[2 5 4 9 1 6 0 7 0]
 [6 7 0 8 4 2 1 0 3]
 [1 9 3 0 0 7 6 8 5]
 [3 2 6 5 0 0 8 1 9]
 [8 0 0 0 7 3 4 2 6]
 [5 1 0 2 6 8 3 0 7]
 [0 4 9 6 0 5 2 3 8]
 [0 3 8 1 2 9 7 6 4]
 [7 6 1 3 8 4 5 9 0]]
Number of cells unfilled: 17
Accuracy: 79.01234567901234
Sample: 18138
Question:
[[0 8 0 0 0 7 1 4 0]
 [0 2 0 0 8 0 3 0 7]
 [7 0 0 0 4 0 0 2 0]
 [0 0 8 0 0 0 0 3 0]
 [4 0 3 0 0 0 8 0 2]
 [2 1 0 0 0 0 4 0 0]
 [0 0 0 5 0 6 0 0 0]
 [0 3 0 0 0 4 7 0 0]
 [1 0 0 0 0 0 0 0 0]]
Solution:
[[2 5 4 9 1 6 0 7 0]
 [7 6 0 8 4 2 9 0 3]
 [1 9 3 0 0 7 6 8 5]
 [3 2 6 5 0 0 8 1 9]
 [8 0 0 0 7 3 4 5 6]
 [5 1 0 2 6 8 3 0 7]
 [4 0 9 7 0 5 2 3 8]
 [0 3 8 1 2 9 7 6 4]
 [6 7 1 3 8 4 5 9 0]]
Number of cells unfilled: 17
Accuracy: 79.01234567901234
Sample: 18139
Question:
[[0 8 1 0 0 9 6 0 0]
 [0 0 0 0 0 4 0 0 1]
 [4 7 0 1 0 0 9 0 0]
 [0 6 0 3 2 0 0 0 0]
 [0 0 0 0 0 0 0 0 7]
 [0 1 0 4 0 0 8 0 0]
 [8 0 0 0 0 0 0 9 0]
 [0 9 6 0 0 0 0 8 4]
 [0 4 0 0 0 0 7 0 6]]
Solution:
[[2 5 4 9 1 6 0 7 0]
 [6 0 7 8 4 2 9 0 3]
 [1 9 3 0 0 7 6 8 5]
 [3 2 6 5 0 0 8 1 9]
 [8 0 0 0 7 3 4 2 6]
 [5 1 0 2 6 8 3 0 7]
 [4 0 9 6 0 5 2 3 8]
 [0 3 8 1 2 9 7 6 4]
 [7 6 1 3 8 4 5 9 0]]
Number of cells unfilled: 17
Accuracy: 79.01234567901234
Sample: 18140
Question:
[[2 0 0 7 8 0 0 0 0]
 [0 0 0 1 0 0 8 0 0]
 [0 3 0 0 0 0 0 0 0]
 [0 0 2 0 0 4 0 8 5]
 [0 0 0 0 0 0 3 6 0]
 [3 5 0 0 6 0 0 0 4]
 [8 0 5 0 0 0 6 0 0]
 [4 6 0 0 2 0 0 3 8]
 [0 2 0 0 0 0 0 5 0]]
Solution:
[[2 5 4 9 1 6 0 7 0]
 [6 7 0 8 4 2 1 0 3]
 [1 9 3 0 0 7 6 8 5]
 [3 2 6 5 0 0 8 1 9]
 [8 0 0 0 7 3 4 5 6]
 [5 1 0 2 6 8 3 0 7]
 [4 0 9 6 0 5 2 3 8]
 [0 3 8 1 2 9 7 6 4]
 [7 6 1 3 8 4 5 9 0]]
Number of cells unfilled: 17
Accuracy: 79.01234567901234
Sample: 18141
Question:
[[4 0 0 0 0 0 1 3 0]
 [9 0 0 0 0 0 8 0 0]
 [0 3 5 0 0 0 0 0 0]
 [5 0 0 0 0 2 0 6 0]
 [0 4 0 0 3 9 0 0 2]
 [0 0 0 5 6 0 0 0 0]
 [2 0 6 0 5 3 0 4 0]
 [3 9 0 6 0 0 0 0 0]
 [0 0 4 0 9 0 0 0 0]]
Solution:
[[2 5 4 9 1 6 0 7 0]
 [7 8 0 0 4 2 9 0 3]
 [1 9 3 0 0 7 6 8 5]
 [3 2 6 5 0 0 8 1 9]
 [8 0 0 0 7 3 4 5 6]
 [5 1 0 2 6 8 3 0 7]
 [4 7 9 6 0 5 2 3 8]
 [0 3 8 1 2 9 7 6 4]
 [0 6 1 3 8 4 5 9 0]]
Number of cells unfilled: 18
Accuracy: 77.77777777777779
Sample: 18142
Question:
[[5 0 0 0 0 0 0 2 6]
 [0 7 0 0 0 0 9 0 0]
 [9 0 2 0 0 0 7 5 0]
 [7 0 1 0 0 9 0 0 2]
 [6 5 0 1 0 0 0 0 0]
 [0 0 9 0 0 5 0 1 0]
 [0 0 0 0 0 0 0 6 0]
 [2 0 0 8 3 0 0 0 0]
 [1 0 0 5 0 0 0 0 7]]
Solution:
[[2 5 4 9 1 6 0 7 0]
 [0 6 7 8 4 2 9 0 3]
 [1 9 3 0 0 7 6 8 5]
 [3 2 6 5 0 0 8 1 9]
 [8 0 0 0 7 3 4 2 6]
 [5 1 0 2 6 8 3 0 7]
 [4 0 9 7 0 5 2 3 8]
 [6 3 8 1 2 9 7 5 4]
 [7 0 1 3 8 4 0 9 0]]
Number of cells unfilled: 18
Accuracy: 77.77777777777779
Sample: 18143
Question:
[[6 0 0 2 0 1 0 0 0]
 [1 0 8 4 7 0 0 6 2]
 [0 4 0 0 8 0 0 0 0]
 [0 0 7 6 0 0 0 0 4]
 [4 1 0 0 0 0 0 0 0]
 [8 0 6 0 0 2 7 0 0]
 [0 8 0 0 0 0 0 9 0]
 [0 0 0 1 0 0 0 0 0]
 [0 0 0 0 2 0 0 3 8]]
Solution:
[[2 5 4 9 1 6 0 7 0]
 [6 0 7 8 4 2 9 0 3]
 [1 9 3 0 0 7 6 8 5]
 [3 2 6 5 0 0 8 1 9]
 [8 0 0 0 7 3 4 2 6]
 [5 1 0 2 6 8 3 0 7]
 [4 6 9 7 0 5 2 3 8]
 [0 3 8 1 2 9 7 6 4]
 [7 0 1 3 8 4 5 9 0]]
Number of cells unfilled: 17
Accuracy: 79.01234567901234
Sample: 18144
Question:
[[0 0 0 0 5 0 3 0 0]
 [4 0 0 0 0 0 2 0 7]
 [0 0 3 0 0 2 0 8 0]
 [0 0 7 0 0 6 0 0 8]
 [0 0 0 9 0 0 0 0 0]
 [8 1 0 5 0 0 0 0 0]
 [0 4 0 1 0 0 0 6 0]
 [0 9 0 0 6 0 0 0 3]
 [0 0 6 0 0 7 8 0 0]]
Solution:
[[2 5 4 9 1 6 0 7 0]
 [7 8 0 0 4 2 9 0 3]
 [1 9 3 0 0 7 6 8 5]
 [3 2 6 5 0 0 8 1 9]
 [8 0 0 0 7 3 4 2 6]
 [5 1 0 2 6 8 3 0 7]
 [4 0 9 7 0 5 2 3 8]
 [0 3 8 1 2 9 7 6 4]
 [6 7 1 3 8 4 5 9 0]]
Number of cells unfilled: 18
Accuracy: 77.77777777777779
Sample: 18145
Question:
[[0 0 0 8 6 0 5 0 7]
 [9 0 0 0 0 0 0 0 2]
 [0 7 0 0 0 2 0 8 0]
 [0 4 0 0 0 5 8 0 0]
 [5 0 9 3 0 0 0 0 4]
 [0 0 1 0 0 0 0 0 0]
 [0 5 0 0 0 4 0 0 8]
 [0 0 0 1 0 0 2 0 0]
 [0 0 3 6 0 0 0 4 0]]
Solution:
[[2 5 4 9 1 6 0 7 0]
 [6 8 7 0 4 2 9 0 3]
 [1 9 3 0 0 7 6 8 5]
 [3 2 6 5 0 0 8 1 9]
 [8 0 0 0 7 3 4 2 6]
 [5 1 0 2 6 8 3 0 7]
 [4 7 9 6 0 5 2 3 8]
 [0 3 8 1 2 9 7 6 4]
 [0 6 1 3 8 4 5 9 0]]
Number of cells unfilled: 17
Accuracy: 79.01234567901234
Sample: 18146
Question:
[[0 9 0 0 0 0 0 0 0]
 [7 0 0 4 0 0 2 0 0]
 [0 0 0 0 0 6 0 9 1]
 [0 0 5 0 0 4 0 0 2]
 [8 0 0 2 0 0 4 0 0]
 [0 0 0 0 1 5 0 6 0]
 [3 0 0 0 0 0 0 2 0]
 [0 8 7 0 0 2 3 0 0]
 [0 4 0 3 0 0 0 0 7]]
Solution:
[[2 5 4 9 1 6 0 7 0]
 [0 7 0 8 4 2 9 0 3]
 [1 9 3 0 0 7 6 8 5]
 [3 2 6 5 0 0 8 1 9]
 [8 0 0 0 7 3 4 5 6]
 [5 1 0 2 6 8 3 0 7]
 [7 4 9 6 0 5 2 3 8]
 [0 3 8 1 2 9 7 6 4]
 [6 0 1 3 8 4 5 9 0]]
Number of cells unfilled: 18
Accuracy: 77.77777777777779
Sample: 18147
Question:
[[0 5 0 0 9 0 0 0 2]
 [0 0 2 5 0 0 0 1 0]
 [3 0 0 0 0 0 5 0 0]
 [0 0 0 0 4 0 0 0 6]
 [0 0 6 8 0 0 1 0 0]
 [0 3 0 0 7 0 0 8 0]
 [7 0 0 0 0 9 0 0 0]
 [0 0 0 0 8 4 0 6 0]
 [0 0 8 2 0 0 0 0 1]]
Solution:
[[2 5 4 9 1 6 0 7 0]
 [7 8 0 0 4 2 9 0 3]
 [1 9 3 0 0 7 6 8 5]
 [3 2 6 5 0 0 8 1 9]
 [8 0 0 0 7 3 4 2 6]
 [5 1 0 2 6 8 3 0 7]
 [4 7 9 6 0 5 2 3 8]
 [0 3 8 1 2 9 7 6 4]
 [0 6 1 3 8 4 5 9 0]]
Number of cells unfilled: 18
Accuracy: 77.77777777777779
Sample: 18148
Question:
[[8 0 0 0 0 0 0 0 0]
 [0 4 0 7 0 0 0 1 0]
 [0 0 0 0 3 0 7 0 0]
 [0 0 1 3 9 0 0 7 0]
 [9 0 0 0 0 0 6 0 0]
 [5 0 6 0 0 2 3 0 0]
 [0 0 0 0 8 0 9 0 0]
 [1 0 8 4 0 7 0 0 0]
 [0 3 0 0 5 0 0 0 0]]
Solution:
[[2 5 4 9 1 6 0 7 0]
 [0 8 7 0 4 2 1 0 3]
 [1 9 3 0 0 7 6 8 5]
 [3 2 6 5 0 0 8 1 9]
 [8 0 0 0 7 3 4 5 6]
 [5 1 0 2 6 8 3 0 7]
 [7 4 9 6 0 5 2 3 8]
 [0 3 8 1 2 9 7 6 4]
 [6 0 1 3 8 4 5 9 0]]
Number of cells unfilled: 18
Accuracy: 77.77777777777779
Sample: 18149
Question:
[[4 0 0 1 0 0 0 0 0]
 [0 5 0 4 9 2 0 0 0]
 [9 2 8 0 0 0 0 0 0]
 [0 3 0 0 0 0 6 7 0]
 [0 0 9 0 4 0 0 0 0]
 [0 0 0 7 5 0 0 1 0]
 [3 0 0 0 0 0 2 4 0]
 [0 0 0 0 3 0 0 8 0]
 [0 0 0 0 0 8 0 5 6]]
Solution:
[[2 5 4 9 1 6 0 7 0]
 [0 6 7 8 4 2 1 0 3]
 [1 9 3 0 0 7 6 8 5]
 [3 2 6 5 0 0 8 1 9]
 [8 0 0 0 7 3 4 2 6]
 [5 1 0 2 6 8 3 0 7]
 [7 4 9 6 0 5 2 3 8]
 [6 3 8 1 2 9 7 5 4]
 [0 0 1 3 8 4 0 9 0]]
Number of cells unfilled: 18
Accuracy: 77.77777777777779
Sample: 18150
Question:
[[0 0 0 4 0 0 0 0 0]
 [0 9 0 0 0 0 0 0 0]
 [8 0 0 0 9 5 0 3 0]
 [3 0 0 0 0 1 7 6 0]
 [1 0 0 0 0 6 0 5 0]
 [0 0 2 7 0 0 0 0 0]
 [0 3 1 0 0 0 0 8 0]
 [6 0 0 0 0 0 5 0 0]
 [0 0 8 0 0 3 0 0 6]]
Solution:
[[2 5 4 9 1 6 0 7 0]
 [0 7 0 8 4 2 9 0 3]
 [1 9 3 0 0 7 6 8 5]
 [3 2 6 5 0 0 8 1 9]
 [8 0 0 0 7 3 4 2 6]
 [5 1 0 2 6 8 3 0 7]
 [7 4 9 6 0 5 2 3 8]
 [6 3 8 1 2 9 7 5 4]
 [0 0 1 3 8 4 0 9 0]]
Number of cells unfilled: 19
Accuracy: 76.5432098765432
Sample: 18151
Question:
[[0 3 0 0 0 0 0 2 0]
 [0 0 9 0 4 0 0 0 1]
 [0 0 6 0 1 2 0 0 9]
 [0 9 0 0 7 0 0 0 0]
 [0 0 1 6 0 4 0 0 0]
 [0 7 0 1 0 0 0 0 6]
 [5 0 0 0 0 0 0 0 0]
 [0 0 0 0 0 0 0 8 0]
 [0 0 7 0 6 0 5 0 4]]
Solution:
[[2 5 4 9 1 6 0 7 0]
 [7 6 0 8 4 2 9 0 3]
 [1 9 3 0 0 7 6 8 5]
 [3 2 6 5 0 0 8 1 9]
 [8 0 0 0 7 3 4 5 6]
 [5 1 0 2 6 8 3 0 7]
 [4 7 9 6 0 5 2 3 8]
 [0 3 8 1 2 9 7 6 4]
 [6 0 1 3 8 4 5 9 0]]
Number of cells unfilled: 17
Accuracy: 79.01234567901234
Sample: 18152
Question:
[[0 4 0 8 0 0 0 0 2]
 [2 0 0 0 0 0 0 8 6]
 [0 0 7 0 0 0 4 0 0]
 [0 0 0 0 0 0 0 1 0]
 [0 0 0 0 0 5 0 0 0]
 [8 0 0 7 1 0 2 0 0]
 [0 0 3 6 0 0 8 0 0]
 [7 0 0 4 0 0 6 0 0]
 [0 0 0 0 0 3 0 4 9]]
Solution:
[[2 5 4 9 1 6 0 7 0]
 [0 7 0 8 4 2 9 0 3]
 [1 9 3 0 0 7 6 8 5]
 [3 2 6 5 0 0 8 1 9]
 [8 0 0 0 7 3 4 2 6]
 [5 1 0 2 6 8 3 0 7]
 [7 4 9 6 0 5 2 3 8]
 [6 3 8 1 2 9 7 5 4]
 [0 0 1 3 8 4 0 9 0]]
Number of cells unfilled: 19
Accuracy: 76.5432098765432
Sample: 18153
Question:
[[7 0 0 1 0 0 9 0 0]
 [9 0 0 0 0 6 2 0 0]
 [0 0 6 0 0 0 0 3 7]
 [0 0 4 0 0 0 0 0 0]
 [1 8 0 2 0 0 5 0 0]
 [0 0 0 0 0 0 0 0 8]
 [2 0 0 0 7 0 0 5 0]
 [0 0 0 0 2 1 7 0 0]
 [0 0 0 5 0 0 0 9 0]]
Solution:
[[2 5 4 9 1 6 0 7 0]
 [6 8 7 0 4 2 1 0 3]
 [1 9 3 0 0 7 6 8 5]
 [3 2 6 5 0 0 8 1 9]
 [8 0 0 0 7 3 4 2 6]
 [5 1 0 2 6 8 3 0 7]
 [4 0 9 6 0 5 2 3 8]
 [0 3 8 1 2 9 7 6 4]
 [7 6 1 3 8 4 5 9 0]]
Number of cells unfilled: 17
Accuracy: 79.01234567901234
Sample: 18154
Question:
[[3 0 0 0 0 7 0 8 0]
 [0 6 9 0 0 0 0 0 4]
 [0 0 8 0 2 0 0 0 3]
 [0 0 0 0 0 0 4 0 0]
 [0 3 0 0 0 8 0 7 0]
 [5 0 7 0 1 0 0 0 0]
 [0 9 0 1 0 3 0 0 6]
 [0 0 3 0 0 6 0 9 0]
 [6 0 0 2 0 0 0 0 7]]
Solution:
[[2 5 4 9 1 6 0 7 0]
 [6 8 7 0 4 2 9 0 3]
 [1 9 3 0 0 7 6 8 5]
 [3 2 6 5 0 0 8 1 9]
 [8 0 0 0 7 3 4 5 6]
 [5 1 0 2 6 8 3 0 7]
 [0 4 9 6 0 5 2 3 8]
 [0 3 8 1 2 9 7 6 4]
 [7 6 1 3 8 4 5 9 0]]
Number of cells unfilled: 17
Accuracy: 79.01234567901234
Sample: 18155
Question:
[[0 0 5 0 0 3 0 0 4]
 [0 4 0 0 6 0 0 2 0]
 [9 0 0 0 0 0 7 0 0]
 [0 0 0 2 0 0 0 6 0]
 [0 0 0 0 7 0 1 0 0]
 [5 0 0 0 0 4 0 0 9]
 [0 5 0 0 0 9 0 0 8]
 [4 0 8 0 0 0 0 0 0]
 [0 9 3 1 0 0 0 0 0]]
Solution:
[[2 5 4 9 1 6 0 7 0]
 [7 6 0 8 4 2 9 0 3]
 [1 9 3 0 0 7 6 8 5]
 [3 2 6 5 0 0 8 1 9]
 [8 0 0 0 7 3 4 5 6]
 [5 1 0 2 6 8 3 0 7]
 [0 4 9 7 0 5 2 3 8]
 [0 3 8 1 2 9 7 6 4]
 [6 7 1 3 8 4 5 9 0]]
Number of cells unfilled: 17
Accuracy: 79.01234567901234
Sample: 18156
Question:
[[0 0 0 0 0 0 8 4 0]
 [0 0 6 0 7 8 0 5 0]
 [0 0 5 0 0 9 0 0 3]
 [0 0 0 0 0 0 0 0 0]
 [1 0 0 8 9 0 0 0 0]
 [5 0 7 0 3 0 4 1 0]
 [0 1 0 0 4 2 9 0 6]
 [2 0 0 0 0 0 0 7 0]
 [0 0 0 0 0 0 0 3 4]]
Solution:
[[2 5 4 9 1 6 0 7 0]
 [6 8 7 0 4 2 1 0 3]
 [1 9 3 0 0 7 6 8 5]
 [3 2 6 5 0 0 8 1 9]
 [8 0 0 0 7 3 4 5 6]
 [5 1 0 2 6 8 3 0 7]
 [0 4 9 7 0 5 2 3 8]
 [0 3 8 1 2 9 7 6 4]
 [7 6 1 3 8 4 5 9 0]]
Number of cells unfilled: 17
Accuracy: 79.01234567901234
Sample: 18157
Question:
[[0 0 0 0 0 0 6 8 0]
 [0 6 0 5 0 0 0 2 4]
 [0 0 7 0 0 2 0 0 3]
 [1 5 0 0 6 3 0 0 0]
 [0 0 0 0 0 0 3 0 0]
 [0 0 0 0 0 7 0 0 0]
 [7 0 3 8 9 0 0 0 2]
 [0 4 0 0 0 0 0 6 0]
 [0 0 2 0 0 4 1 0 0]]
Solution:
[[2 5 4 9 1 6 0 7 0]
 [0 7 0 8 4 2 1 0 3]
 [1 9 3 0 0 7 6 8 5]
 [3 2 6 5 0 0 8 1 9]
 [8 0 0 0 7 3 4 5 6]
 [5 1 0 2 6 8 3 0 7]
 [6 4 9 7 0 5 2 3 8]
 [0 3 8 1 2 9 7 6 4]
 [7 0 1 3 8 4 5 9 0]]
Number of cells unfilled: 18
Accuracy: 77.77777777777779
Sample: 18158
Question:
[[0 0 4 3 0 0 9 0 0]
 [3 0 0 0 0 1 5 0 0]
 [0 0 0 0 2 0 0 0 8]
 [0 7 0 0 0 9 0 8 0]
 [0 0 6 0 0 0 0 9 0]
 [5 0 0 0 1 0 7 0 0]
 [7 0 0 1 0 0 2 0 0]
 [0 6 0 0 0 5 0 7 0]
 [0 4 0 0 7 2 0 5 0]]
Solution:
[[2 5 4 9 1 6 0 7 0]
 [7 6 0 8 4 2 9 0 3]
 [1 9 3 0 0 7 6 8 5]
 [3 2 6 5 0 0 8 1 9]
 [8 0 0 0 7 3 4 2 6]
 [5 1 0 2 6 8 3 0 7]
 [4 7 9 6 0 5 2 3 8]
 [6 3 8 1 2 9 7 5 4]
 [0 0 1 3 8 4 0 9 0]]
Number of cells unfilled: 18
Accuracy: 77.77777777777779
Sample: 18159
Question:
[[0 9 8 0 0 5 2 0 0]
 [5 0 0 0 8 0 0 0 0]
 [2 7 0 0 0 1 5 0 0]
 [0 0 0 0 0 0 6 0 7]
 [8 6 0 0 0 3 0 2 0]
 [0 0 0 0 0 7 1 8 0]
 [0 4 0 0 0 0 0 1 0]
 [0 1 5 0 0 9 8 0 2]
 [7 0 0 0 0 0 4 0 5]]
Solution:
[[2 5 4 9 1 6 0 7 0]
 [0 6 7 8 4 2 1 0 3]
 [1 9 3 0 0 7 6 8 5]
 [3 2 6 5 0 0 8 1 9]
 [8 0 0 0 7 3 4 5 6]
 [5 1 0 2 6 8 3 0 7]
 [0 4 9 7 0 5 2 3 8]
 [0 3 8 1 2 9 7 6 4]
 [6 7 1 3 8 4 5 9 0]]
Number of cells unfilled: 17
Accuracy: 79.01234567901234
Sample: 18160
Question:
[[0 0 0 0 9 0 0 7 0]
 [0 1 0 0 0 7 6 0 0]
 [0 0 7 4 0 0 0 3 1]
 [5 0 0 0 8 0 2 0 0]
 [0 0 9 0 0 0 0 0 7]
 [0 2 0 0 0 3 0 6 0]
 [0 3 0 0 7 2 0 0 6]
 [0 0 0 0 4 0 0 0 0]
 [0 0 8 5 0 0 0 0 0]]
Solution:
[[2 5 4 9 1 6 0 7 0]
 [0 6 7 8 4 2 9 0 3]
 [1 9 3 0 0 7 6 8 5]
 [3 2 6 5 0 0 8 1 9]
 [8 0 0 0 7 3 4 5 6]
 [5 1 0 2 6 8 3 0 7]
 [4 7 9 6 0 5 2 3 8]
 [0 3 8 1 2 9 7 6 4]
 [6 0 1 3 8 4 5 9 0]]
Number of cells unfilled: 17
Accuracy: 79.01234567901234
Sample: 18161
Question:
[[0 3 0 0 0 1 7 0 0]
 [4 0 0 0 2 0 0 8 0]
 [0 0 1 9 0 0 0 0 0]
 [0 0 5 0 6 0 0 0 4]
 [6 0 0 0 0 0 2 0 0]
 [0 4 8 2 0 0 0 6 0]
 [5 0 0 0 8 0 0 2 0]
 [0 0 0 0 0 0 9 0 0]
 [0 0 0 7 0 2 0 0 3]]
Solution:
[[2 5 4 9 1 6 0 7 0]
 [0 6 7 8 4 2 1 0 3]
 [1 9 3 0 0 7 6 8 5]
 [3 2 6 5 0 0 8 1 9]
 [8 0 0 0 7 3 4 5 6]
 [5 1 0 2 6 8 3 0 7]
 [6 4 9 7 0 5 2 3 8]
 [0 3 8 1 2 9 7 6 4]
 [7 0 1 3 8 4 5 9 0]]
Number of cells unfilled: 17
Accuracy: 79.01234567901234
Sample: 18162
Question:
[[2 0 0 0 0 0 3 0 0]
 [0 0 3 0 0 6 0 7 0]
 [0 9 0 0 1 0 0 0 5]
 [6 0 0 7 0 0 5 0 0]
 [0 0 0 0 0 2 0 0 0]
 [0 1 0 0 9 0 0 0 8]
 [0 4 0 5 0 0 8 0 0]
 [9 0 0 0 4 0 1 5 0]
 [0 0 0 0 0 9 0 0 4]]
Solution:
[[2 5 4 9 1 6 0 7 0]
 [6 8 7 0 4 2 1 0 3]
 [1 9 3 0 0 7 6 8 5]
 [3 2 6 5 0 0 8 1 9]
 [8 0 0 0 7 3 4 2 6]
 [5 1 0 2 6 8 3 0 7]
 [0 4 9 7 0 5 2 3 8]
 [0 3 8 1 2 9 7 6 4]
 [7 6 1 3 8 4 5 9 0]]
Number of cells unfilled: 17
Accuracy: 79.01234567901234
Sample: 18163
Question:
[[1 0 0 8 0 5 7 0 0]
 [0 0 0 1 0 0 6 0 0]
 [0 0 0 0 0 9 0 0 0]
 [0 0 5 2 0 0 0 1 9]
 [0 2 0 0 0 0 0 0 0]
 [0 8 3 0 0 0 4 0 0]
 [0 4 0 0 0 0 0 7 0]
 [0 1 0 6 3 0 0 0 2]
 [0 0 0 0 4 7 0 0 5]]
Solution:
[[2 5 4 9 1 6 0 7 0]
 [7 6 0 8 4 2 1 0 3]
 [1 9 3 0 0 7 6 8 5]
 [3 2 6 5 0 0 8 1 9]
 [8 0 0 0 7 3 4 2 6]
 [5 1 0 2 6 8 3 0 7]
 [4 7 9 6 0 5 2 3 8]
 [6 3 8 1 2 9 7 5 4]
 [0 0 1 3 8 4 0 9 0]]
Number of cells unfilled: 18
Accuracy: 77.77777777777779
Sample: 18164
Question:
[[0 0 0 0 3 0 7 2 0]
 [1 0 0 0 0 7 0 4 0]
 [3 0 0 0 0 4 0 0 8]
 [0 0 5 0 0 0 4 0 0]
 [0 0 0 0 9 0 0 0 0]
 [8 0 0 0 0 1 0 0 7]
 [0 8 0 0 0 3 0 0 0]
 [0 3 0 7 0 0 0 0 6]
 [7 0 0 6 1 0 3 0 0]]
Solution:
[[2 5 4 9 1 6 0 7 0]
 [0 6 7 8 4 2 9 0 3]
 [1 9 3 0 0 7 6 8 5]
 [3 2 6 5 0 0 8 1 9]
 [8 0 0 0 7 3 4 2 6]
 [5 1 0 2 6 8 3 0 7]
 [7 4 9 6 0 5 2 3 8]
 [6 3 8 1 2 9 7 5 4]
 [0 0 1 3 8 4 0 9 0]]
Number of cells unfilled: 18
Accuracy: 77.77777777777779
Sample: 18165
Question:
[[0 0 5 0 0 0 0 0 0]
 [0 1 0 6 0 8 0 2 0]
 [0 0 6 0 0 0 8 0 1]
 [0 0 4 0 2 0 0 0 0]
 [0 2 0 8 0 1 3 0 0]
 [0 0 0 4 7 0 0 0 0]
 [0 6 0 2 0 4 0 0 8]
 [0 0 0 0 0 0 2 3 0]
 [9 0 0 0 0 0 0 6 0]]
Solution:
[[2 5 4 9 1 6 0 7 0]
 [0 6 7 8 4 2 1 0 3]
 [1 9 3 0 0 7 6 8 5]
 [3 2 6 5 0 0 8 1 9]
 [8 0 0 0 7 3 4 2 6]
 [5 1 0 2 6 8 3 0 7]
 [7 4 9 6 0 5 2 3 8]
 [6 3 8 1 2 9 7 5 4]
 [0 0 1 3 8 4 0 9 0]]
Number of cells unfilled: 18
Accuracy: 77.77777777777779
Sample: 18166
Question:
[[0 2 0 0 6 0 4 0 0]
 [0 0 0 0 0 9 0 0 0]
 [7 0 0 0 0 4 0 8 0]
 [0 3 0 0 8 0 2 0 0]
 [0 0 0 0 0 0 0 4 5]
 [0 6 0 0 0 0 3 0 8]
 [0 4 0 1 0 6 0 3 0]
 [0 0 3 4 0 0 1 0 0]
 [0 0 2 0 3 0 0 0 0]]
Solution:
[[2 5 4 9 1 6 0 7 0]
 [6 0 7 8 4 2 9 0 3]
 [1 9 3 0 0 7 6 8 5]
 [3 2 6 5 0 0 8 1 9]
 [8 0 0 0 7 3 4 2 6]
 [5 1 0 2 6 8 3 0 7]
 [4 6 9 7 0 5 2 3 8]
 [0 3 8 1 2 9 7 6 4]
 [7 0 1 3 8 4 5 9 0]]
Number of cells unfilled: 17
Accuracy: 79.01234567901234
Sample: 18167
Question:
[[0 4 0 0 0 6 0 0 0]
 [0 0 6 8 0 0 9 0 5]
 [0 0 0 0 9 2 0 0 0]
 [0 0 0 7 8 0 0 0 0]
 [0 0 7 0 0 9 6 0 8]
 [3 0 0 0 0 0 0 0 0]
 [0 0 0 0 0 0 5 1 0]
 [0 0 9 0 2 0 8 0 7]
 [5 0 0 0 0 8 2 0 0]]
Solution:
[[2 5 4 9 1 6 0 7 0]
 [6 7 0 8 4 2 1 0 3]
 [1 9 3 0 0 7 6 8 5]
 [3 2 6 5 0 0 8 1 9]
 [8 0 0 0 7 3 4 2 6]
 [5 1 0 2 6 8 3 0 7]
 [4 6 9 7 0 5 2 3 8]
 [0 3 8 1 2 9 7 6 4]
 [7 0 1 3 8 4 5 9 0]]
Number of cells unfilled: 17
Accuracy: 79.01234567901234
Sample: 18168
Question:
[[0 0 1 0 8 0 7 0 9]
 [0 0 0 0 0 5 8 0 2]
 [0 0 0 0 0 0 0 6 4]
 [0 3 0 0 0 8 0 0 0]
 [1 0 0 0 0 0 0 0 0]
 [0 4 0 2 0 6 3 0 8]
 [3 0 0 0 0 1 0 9 0]
 [8 0 0 0 9 3 6 0 0]
 [0 0 9 0 6 0 4 0 0]]
Solution:
[[2 5 4 9 1 6 0 7 0]
 [0 6 7 8 4 2 1 0 3]
 [1 9 3 0 0 7 6 8 5]
 [3 2 6 5 0 0 8 1 9]
 [8 0 0 0 7 3 4 5 6]
 [5 1 0 2 6 8 3 0 7]
 [0 4 9 6 0 5 2 3 8]
 [0 3 8 1 2 9 7 6 4]
 [6 7 1 3 8 4 5 9 0]]
Number of cells unfilled: 17
Accuracy: 79.01234567901234
Sample: 18169
Question:
[[3 0 0 0 2 0 0 0 0]
 [0 0 8 0 0 1 0 9 4]
 [0 0 4 0 0 5 0 3 0]
 [2 0 9 0 3 0 0 4 8]
 [0 6 5 0 0 0 0 0 3]
 [0 4 0 8 0 2 0 6 0]
 [0 0 0 0 9 8 0 0 0]
 [5 0 0 0 0 0 6 0 0]
 [0 0 1 2 0 0 0 0 0]]
Solution:
[[2 5 4 9 1 6 0 7 0]
 [7 6 0 8 4 2 9 0 3]
 [1 9 3 0 0 7 6 8 5]
 [3 2 6 5 0 0 8 1 9]
 [8 0 0 0 7 3 4 5 6]
 [5 1 0 2 6 8 3 0 7]
 [4 0 9 7 0 5 2 3 8]
 [0 3 8 1 2 9 7 6 4]
 [6 7 1 3 8 4 5 9 0]]
Number of cells unfilled: 17
Accuracy: 79.01234567901234
Sample: 18170
Question:
[[0 0 0 0 0 3 0 0 0]
 [0 0 3 9 4 0 5 0 0]
 [4 9 0 7 5 0 0 0 0]
 [0 5 0 0 0 7 9 0 0]
 [0 0 0 0 2 0 0 1 0]
 [2 0 0 0 0 0 0 0 6]
 [1 0 6 8 0 0 0 0 0]
 [0 7 0 0 0 4 6 0 0]
 [9 0 0 0 0 0 0 8 3]]
Solution:
[[2 5 4 9 1 6 0 7 0]
 [7 6 0 8 4 2 1 0 3]
 [1 9 3 0 0 7 6 8 5]
 [3 2 6 5 0 0 8 1 9]
 [8 0 0 0 7 3 4 2 6]
 [5 1 0 2 6 8 3 0 7]
 [4 7 9 6 0 5 2 3 8]
 [6 3 8 1 2 9 7 5 4]
 [0 0 1 3 8 4 0 9 0]]
Number of cells unfilled: 18
Accuracy: 77.77777777777779
Sample: 18171
Question:
[[0 0 0 1 0 0 0 0 0]
 [0 0 1 0 6 2 4 0 7]
 [0 0 3 0 4 0 6 0 0]
 [0 9 0 0 0 6 3 0 0]
 [0 0 0 0 0 1 0 7 0]
 [0 2 7 0 3 0 0 0 6]
 [0 0 0 0 0 5 2 0 3]
 [8 0 0 0 0 0 0 0 4]
 [0 0 2 0 1 0 0 6 0]]
Solution:
[[2 5 4 9 1 6 0 7 0]
 [7 8 0 0 4 2 1 0 3]
 [1 9 3 0 0 7 6 8 5]
 [3 2 6 5 0 0 8 1 9]
 [8 0 0 0 7 3 4 5 6]
 [5 1 0 2 6 8 3 0 7]
 [4 6 9 7 0 5 2 3 8]
 [0 3 8 1 2 9 7 6 4]
 [0 7 1 3 8 4 5 9 0]]
Number of cells unfilled: 18
Accuracy: 77.77777777777779
Sample: 18172
Question:
[[0 0 5 3 6 0 8 0 0]
 [0 0 0 0 9 0 0 0 5]
 [1 0 0 0 0 0 0 3 0]
 [6 0 8 1 0 0 3 0 2]
 [0 0 2 5 0 0 0 0 8]
 [0 1 0 0 2 0 0 0 0]
 [7 0 0 0 0 0 5 0 6]
 [0 0 0 0 0 4 2 0 0]
 [0 0 1 6 0 0 0 8 0]]
Solution:
[[2 5 4 9 1 6 0 7 0]
 [6 8 7 0 4 2 9 0 3]
 [1 9 3 0 0 7 6 8 5]
 [3 2 6 5 0 0 8 1 9]
 [8 0 0 0 7 3 4 5 6]
 [5 1 0 2 6 8 3 0 7]
 [4 0 9 7 0 5 2 3 8]
 [0 3 8 1 2 9 7 6 4]
 [7 6 1 3 8 4 5 9 0]]
Number of cells unfilled: 17
Accuracy: 79.01234567901234
Sample: 18173
Question:
[[1 0 0 2 0 0 8 0 0]
 [0 0 5 0 0 3 0 9 0]
 [0 4 0 0 0 0 0 0 7]
 [5 0 0 0 0 9 0 4 0]
 [0 3 9 0 0 0 0 0 6]
 [0 0 4 0 7 0 0 0 0]
 [0 0 0 5 0 0 0 0 2]
 [0 5 0 0 0 1 0 3 0]
 [0 0 0 0 8 0 6 0 0]]
Solution:
[[2 5 4 9 1 6 0 7 0]
 [6 0 7 8 4 2 9 0 3]
 [1 9 3 0 0 7 6 8 5]
 [3 2 6 5 0 0 8 1 9]
 [8 0 0 0 7 3 4 5 6]
 [5 1 0 2 6 8 3 0 7]
 [4 6 9 7 0 5 2 3 8]
 [0 3 8 1 2 9 7 6 4]
 [7 0 1 3 8 4 5 9 0]]
Number of cells unfilled: 17
Accuracy: 79.01234567901234
Sample: 18174
Question:
[[9 0 0 0 0 8 5 0 6]
 [0 2 0 9 0 0 4 0 0]
 [0 0 7 0 3 0 0 0 0]
 [0 0 8 0 0 9 0 0 3]
 [0 9 0 0 0 0 2 0 0]
 [1 0 0 0 5 0 0 8 0]
 [3 0 0 0 0 6 0 1 0]
 [0 0 9 0 7 0 0 0 0]
 [0 4 0 5 0 0 0 0 0]]
Solution:
[[2 5 4 9 1 6 0 7 0]
 [0 6 7 8 4 2 1 0 3]
 [1 9 3 0 0 7 6 8 5]
 [3 2 6 5 0 0 8 1 9]
 [8 0 0 0 7 3 4 2 6]
 [5 1 0 2 6 8 3 0 7]
 [7 4 9 6 0 5 2 3 8]
 [6 3 8 1 2 9 7 5 4]
 [0 0 1 3 8 4 0 9 0]]
Number of cells unfilled: 18
Accuracy: 77.77777777777779
Sample: 18175
Question:
[[0 0 6 1 0 0 0 0 0]
 [0 0 0 7 0 3 0 4 0]
 [0 0 0 0 9 0 0 0 7]
 [0 0 2 0 0 1 8 0 0]
 [0 4 8 0 0 5 3 0 0]
 [3 0 1 0 0 9 0 5 2]
 [0 2 4 0 0 0 9 0 0]
 [0 0 0 0 5 0 4 0 0]
 [0 6 5 0 0 0 0 0 1]]
Solution:
[[2 5 4 9 1 6 0 7 0]
 [0 7 0 8 4 2 1 0 3]
 [1 9 3 0 0 7 6 8 5]
 [3 2 6 5 0 0 8 1 9]
 [8 0 0 0 7 3 4 2 6]
 [5 1 0 2 6 8 3 0 7]
 [7 4 9 6 0 5 2 3 8]
 [6 3 8 1 2 9 7 5 4]
 [0 0 1 3 8 4 0 9 0]]
Number of cells unfilled: 19
Accuracy: 76.5432098765432
Sample: 18176
Question:
[[0 0 0 0 0 0 8 0 3]
 [0 9 0 5 0 8 0 0 0]
 [0 2 1 0 0 0 0 4 0]
 [0 0 3 0 0 0 0 0 0]
 [1 0 0 0 0 0 2 6 0]
 [0 0 8 0 1 7 0 0 0]
 [0 8 0 3 0 0 0 0 6]
 [0 0 6 0 0 0 0 2 4]
 [5 0 7 0 4 0 1 0 0]]
Solution:
[[2 5 4 9 1 6 0 7 0]
 [7 8 0 0 4 2 1 0 3]
 [1 9 3 0 0 7 6 8 5]
 [3 2 6 5 0 0 8 1 9]
 [8 0 0 0 7 3 4 2 6]
 [5 1 0 2 6 8 3 0 7]
 [4 7 9 6 0 5 2 3 8]
 [6 3 8 1 2 9 7 5 4]
 [0 0 1 3 8 4 0 9 0]]
Number of cells unfilled: 19
Accuracy: 76.5432098765432
Sample: 18177
Question:
[[0 0 2 3 0 0 9 0 8]
 [8 9 0 0 0 2 0 5 0]
 [0 0 6 0 0 0 2 0 0]
 [3 4 0 0 0 8 0 0 2]
 [0 0 0 1 0 0 0 0 0]
 [0 0 5 0 7 0 0 4 0]
 [0 0 4 0 3 0 0 0 0]
 [0 0 0 0 0 0 0 0 5]
 [2 5 0 0 0 9 4 0 0]]
Solution:
[[2 5 4 9 1 6 0 7 0]
 [0 8 7 0 4 2 1 0 3]
 [1 9 3 0 0 7 6 8 5]
 [3 2 6 5 0 0 8 1 9]
 [8 0 0 0 7 3 4 2 6]
 [5 1 0 2 6 8 3 0 7]
 [6 4 9 7 0 5 2 3 8]
 [0 3 8 1 2 9 7 6 4]
 [7 0 1 3 8 4 5 9 0]]
Number of cells unfilled: 18
Accuracy: 77.77777777777779
Sample: 18178
Question:
[[0 7 3 5 0 0 0 0 0]
 [0 0 0 0 4 0 0 3 0]
 [0 0 0 3 7 0 0 0 0]
 [8 0 0 0 0 0 0 0 4]
 [0 0 0 0 0 1 0 0 5]
 [5 0 0 4 0 7 8 0 2]
 [0 0 2 0 0 0 1 0 7]
 [6 0 7 0 9 0 0 2 0]
 [0 0 0 0 0 5 4 6 0]]
Solution:
[[2 5 4 9 1 6 0 7 0]
 [6 8 7 0 4 2 9 0 3]
 [1 9 3 0 0 7 6 8 5]
 [3 2 6 5 0 0 8 1 9]
 [8 0 0 0 7 3 4 2 6]
 [5 1 0 2 6 8 3 0 7]
 [4 0 9 6 0 5 2 3 8]
 [0 3 8 1 2 9 7 6 4]
 [7 6 1 3 8 4 5 9 0]]
Number of cells unfilled: 17
Accuracy: 79.01234567901234
Sample: 18179
Question:
[[1 8 0 9 0 3 2 0 0]
 [6 0 0 0 8 0 0 9 0]
 [0 0 0 0 0 0 0 0 0]
 [8 0 0 0 0 0 0 0 2]
 [0 0 0 0 3 0 9 8 0]
 [0 0 7 0 4 0 5 0 6]
 [9 0 5 3 2 0 4 0 0]
 [0 3 0 0 0 4 0 0 0]
 [0 2 0 0 5 0 0 0 0]]
Solution:
[[2 5 4 9 1 6 0 7 0]
 [0 7 0 8 4 2 9 0 3]
 [1 9 3 0 0 7 6 8 5]
 [3 2 6 5 0 0 8 1 9]
 [8 0 0 0 7 3 4 2 6]
 [5 1 0 2 6 8 3 0 7]
 [7 4 9 6 0 5 2 3 8]
 [6 3 8 1 2 9 7 5 4]
 [0 0 1 3 8 4 0 9 0]]
Number of cells unfilled: 19
Accuracy: 76.5432098765432
Sample: 18180
Question:
[[9 0 0 0 2 0 7 0 0]
 [0 0 0 0 0 8 0 0 2]
 [0 0 4 0 0 0 0 5 0]
 [0 0 7 0 3 6 0 0 0]
 [0 0 0 0 8 1 0 0 0]
 [3 8 0 2 0 0 0 0 6]
 [0 6 0 0 1 0 0 0 3]
 [7 0 0 0 0 0 0 4 0]
 [5 0 0 0 0 0 9 0 0]]
Solution:
[[2 5 4 9 1 6 0 7 0]
 [0 6 7 8 4 2 9 0 3]
 [1 9 3 0 0 7 6 8 5]
 [3 2 6 5 0 0 8 1 9]
 [8 0 0 0 7 3 4 2 6]
 [5 1 0 2 6 8 3 0 7]
 [4 0 9 7 0 5 2 3 8]
 [6 3 8 1 2 9 7 5 4]
 [7 0 1 3 8 4 0 9 0]]
Number of cells unfilled: 18
Accuracy: 77.77777777777779
Sample: 18181
Question:
[[0 6 0 0 0 0 0 0 0]
 [0 0 5 0 6 7 4 0 0]
 [3 0 0 0 0 0 0 9 0]
 [0 0 0 1 0 0 9 8 0]
 [0 0 2 5 0 0 0 0 0]
 [0 8 0 0 7 6 0 2 0]
 [8 7 0 3 0 5 0 0 0]
 [0 3 4 0 0 0 0 0 0]
 [0 9 0 0 0 8 0 4 0]]
Solution:
[[2 5 4 9 1 6 0 7 0]
 [7 6 0 8 4 2 9 0 3]
 [1 9 3 0 0 7 6 8 5]
 [3 2 6 5 0 0 8 1 9]
 [8 0 0 0 7 3 4 5 6]
 [5 1 0 2 6 8 3 0 7]
 [0 4 9 6 0 5 2 3 8]
 [0 3 8 1 2 9 7 6 4]
 [6 7 1 3 8 4 5 9 0]]
Number of cells unfilled: 17
Accuracy: 79.01234567901234
Sample: 18182
Question:
[[0 2 8 0 0 0 0 0 0]
 [0 4 0 0 0 5 7 0 0]
 [0 1 0 2 0 0 3 0 6]
 [0 0 0 3 0 0 1 0 0]
 [0 7 0 0 8 9 5 4 0]
 [2 0 0 0 0 1 0 0 3]
 [0 0 0 0 7 0 0 0 0]
 [9 0 0 0 1 0 0 0 4]
 [0 0 0 0 6 0 0 9 0]]
Solution:
[[2 5 4 9 1 6 0 7 0]
 [6 8 7 0 4 2 1 0 3]
 [1 9 3 0 0 7 6 8 5]
 [3 2 6 5 0 0 8 1 9]
 [8 0 0 0 7 3 4 2 6]
 [5 1 0 2 6 8 3 0 7]
 [4 6 9 7 0 5 2 3 8]
 [0 3 8 1 2 9 7 6 4]
 [0 7 1 3 8 4 5 9 0]]
Number of cells unfilled: 17
Accuracy: 79.01234567901234
Sample: 18183
Question:
[[5 0 0 0 2 0 0 0 1]
 [0 0 2 0 0 6 0 7 5]
 [0 1 0 0 0 9 6 0 0]
 [0 0 7 0 6 0 2 0 0]
 [0 0 0 8 0 0 0 3 0]
 [0 3 0 0 0 0 0 0 0]
 [4 0 0 6 0 0 7 0 0]
 [0 0 0 0 0 4 0 0 8]
 [0 0 9 0 7 0 5 0 0]]
Solution:
[[2 5 4 9 1 6 0 7 0]
 [0 6 7 8 4 2 1 0 3]
 [1 9 3 0 0 7 6 8 5]
 [3 2 6 5 0 0 8 1 9]
 [8 0 0 0 7 3 4 5 6]
 [5 1 0 2 6 8 3 0 7]
 [0 4 9 7 0 5 2 3 8]
 [0 3 8 1 2 9 7 6 4]
 [6 7 1 3 8 4 5 9 0]]
Number of cells unfilled: 17
Accuracy: 79.01234567901234
Sample: 18184
Question:
[[0 7 0 0 9 0 2 0 0]
 [0 9 2 4 3 6 0 7 0]
 [5 0 0 8 0 0 0 0 0]
 [9 4 0 0 0 8 0 5 2]
 [0 6 0 7 0 0 3 0 1]
 [0 8 0 0 6 0 0 0 4]
 [0 0 0 0 5 0 0 1 0]
 [6 0 4 0 7 2 9 0 0]
 [0 1 3 0 0 4 0 0 6]]
Solution:
[[2 5 4 9 1 6 0 7 0]
 [7 8 0 0 4 2 9 0 3]
 [1 9 3 0 0 7 6 8 5]
 [3 2 6 5 0 0 8 1 9]
 [8 0 0 0 7 3 4 2 6]
 [5 1 0 2 6 8 3 0 7]
 [4 7 9 6 0 5 2 3 8]
 [6 3 8 1 2 9 7 5 4]
 [0 0 1 3 8 4 0 9 0]]
Number of cells unfilled: 19
Accuracy: 76.5432098765432
Sample: 18185
Question:
[[0 8 0 0 9 0 4 0 3]
 [0 0 0 0 0 0 7 0 0]
 [2 0 0 3 0 0 0 0 0]
 [0 5 0 0 0 0 0 0 8]
 [0 3 0 0 4 0 0 0 9]
 [0 0 0 1 0 6 0 0 0]
 [0 0 0 0 5 0 0 0 0]
 [0 9 0 4 0 8 5 3 0]
 [0 0 0 9 0 3 0 0 4]]
Solution:
[[2 5 4 9 1 6 0 7 0]
 [0 6 7 8 4 2 9 0 3]
 [1 9 3 0 0 7 6 8 5]
 [3 2 6 5 0 0 8 1 9]
 [8 0 0 0 7 3 4 2 6]
 [5 1 0 2 6 8 3 0 7]
 [4 0 9 7 0 5 2 3 8]
 [6 3 8 1 2 9 7 5 4]
 [7 0 1 3 8 4 0 9 0]]
Number of cells unfilled: 18
Accuracy: 77.77777777777779
Sample: 18186
Question:
[[1 0 7 8 0 0 0 2 0]
 [0 0 2 0 0 0 8 0 0]
 [0 0 0 0 0 5 3 0 0]
 [0 9 0 0 0 0 7 8 0]
 [2 0 0 1 0 0 0 0 3]
 [0 4 0 0 8 0 2 1 0]
 [0 0 0 0 0 0 0 0 0]
 [8 0 3 7 0 0 1 0 0]
 [0 0 0 0 6 0 0 0 0]]
Solution:
[[2 5 4 9 1 6 0 7 0]
 [6 0 7 8 4 2 9 0 3]
 [1 9 3 0 0 7 6 8 5]
 [3 2 6 5 0 0 8 1 9]
 [8 0 0 0 7 3 4 2 6]
 [5 1 0 2 6 8 3 0 7]
 [4 0 9 7 0 5 2 3 8]
 [0 3 8 1 2 9 7 6 4]
 [7 6 1 3 8 4 5 9 0]]
Number of cells unfilled: 17
Accuracy: 79.01234567901234
Sample: 18187
Question:
[[2 0 0 0 0 0 7 0 0]
 [0 3 0 0 0 2 0 6 0]
 [0 0 1 0 6 0 0 0 5]
 [0 1 0 0 0 6 0 5 0]
 [7 0 0 8 0 0 0 0 2]
 [0 0 9 0 5 0 0 0 0]
 [0 4 0 0 9 0 0 3 0]
 [0 0 0 0 0 5 4 0 0]
 [0 0 8 4 0 0 0 0 1]]
Solution:
[[2 5 4 9 1 6 0 7 0]
 [7 8 0 0 4 2 1 0 3]
 [1 9 3 0 0 7 6 8 5]
 [3 2 6 5 0 0 8 1 9]
 [8 0 0 0 7 3 4 2 6]
 [5 1 0 2 6 8 3 0 7]
 [4 7 9 6 0 5 2 3 8]
 [6 3 8 1 2 9 7 5 4]
 [0 0 1 3 8 4 0 9 0]]
Number of cells unfilled: 19
Accuracy: 76.5432098765432
Sample: 18188
Question:
[[0 4 0 5 1 0 0 0 3]
 [0 0 9 0 0 7 0 6 2]
 [6 0 8 0 0 0 0 0 4]
 [0 0 0 0 6 2 0 7 8]
 [0 3 0 4 9 0 5 0 0]
 [1 0 2 7 0 3 0 0 0]
 [0 7 0 0 2 4 0 0 0]
 [8 0 3 0 0 0 0 1 6]
 [5 6 0 0 0 0 0 9 0]]
Solution:
[[2 5 4 9 1 6 0 7 0]
 [0 6 7 8 4 2 1 0 3]
 [1 9 3 0 0 7 6 8 5]
 [3 2 6 5 0 0 8 1 9]
 [8 0 0 0 7 3 4 5 6]
 [5 1 0 2 6 8 3 0 7]
 [7 4 9 6 0 5 2 3 8]
 [0 3 8 1 2 9 7 6 4]
 [6 0 1 3 8 4 5 9 0]]
Number of cells unfilled: 17
Accuracy: 79.01234567901234
Sample: 18189
Question:
[[0 2 0 0 7 0 3 0 0]
 [0 0 8 3 5 0 0 4 0]
 [9 0 0 0 0 0 0 0 0]
 [7 0 0 1 9 0 0 0 0]
 [0 0 0 0 0 6 0 0 0]
 [0 0 9 8 4 0 1 0 0]
 [0 0 1 5 8 0 0 0 3]
 [0 9 0 0 0 0 8 5 0]
 [0 0 0 0 6 0 4 1 0]]
Solution:
[[2 5 4 9 1 6 0 7 0]
 [0 6 7 8 4 2 9 0 3]
 [1 9 3 0 0 7 6 8 5]
 [3 2 6 5 0 0 8 1 9]
 [8 0 0 0 7 3 4 2 6]
 [5 1 0 2 6 8 3 0 7]
 [7 4 9 6 0 5 2 3 8]
 [0 3 8 1 2 9 7 6 4]
 [6 0 1 3 8 4 5 9 0]]
Number of cells unfilled: 17
Accuracy: 79.01234567901234
Sample: 18190
Question:
[[5 0 6 8 0 4 0 0 0]
 [0 0 8 0 0 0 0 0 3]
 [2 0 0 0 0 0 0 0 5]
 [0 0 5 6 0 2 4 1 0]
 [0 0 0 9 0 0 7 0 0]
 [0 0 0 0 0 0 0 0 2]
 [7 0 0 0 0 8 0 0 0]
 [0 0 1 0 0 3 0 0 0]
 [0 9 3 0 5 0 0 6 4]]
Solution:
[[2 5 4 9 1 6 0 7 0]
 [6 7 0 8 4 2 1 0 3]
 [1 9 3 0 0 7 6 8 5]
 [3 2 6 5 0 0 8 1 9]
 [8 0 0 0 7 3 4 5 6]
 [5 1 0 2 6 8 3 0 7]
 [0 4 9 6 0 5 2 3 8]
 [0 3 8 1 2 9 7 6 4]
 [7 6 1 3 8 4 5 9 0]]
Number of cells unfilled: 17
Accuracy: 79.01234567901234
Sample: 18191
Question:
[[4 0 0 0 2 0 7 0 0]
 [0 1 0 3 0 0 0 6 0]
 [6 0 3 0 0 4 0 0 0]
 [0 0 0 7 0 5 2 0 0]
 [7 0 0 4 0 2 0 8 0]
 [0 0 0 0 8 0 0 0 0]
 [8 0 0 0 4 0 5 0 0]
 [0 0 0 0 0 0 0 1 9]
 [0 0 6 0 0 9 0 0 0]]
Solution:
[[2 5 4 9 1 6 0 7 0]
 [6 8 7 0 4 2 1 0 3]
 [1 9 3 0 0 7 6 8 5]
 [3 2 6 5 0 0 8 1 9]
 [8 0 0 0 7 3 4 2 6]
 [5 1 0 2 6 8 3 0 7]
 [4 0 9 7 0 5 2 3 8]
 [0 3 8 1 2 9 7 6 4]
 [7 6 1 3 8 4 5 9 0]]
Number of cells unfilled: 17
Accuracy: 79.01234567901234
Sample: 18192
Question:
[[9 0 0 0 0 0 0 8 5]
 [0 0 0 0 7 9 2 6 0]
 [0 2 0 1 0 0 0 3 4]
 [0 3 5 0 2 0 0 0 0]
 [0 0 0 4 8 0 3 0 0]
 [0 0 0 3 0 6 0 7 2]
 [0 1 6 0 5 0 0 9 0]
 [8 0 0 0 9 0 4 0 0]
 [7 0 4 0 0 2 1 5 6]]
Solution:
[[2 5 4 9 1 6 0 7 0]
 [6 8 7 0 4 2 1 0 3]
 [1 9 3 0 0 7 6 8 5]
 [3 2 6 5 0 0 8 1 9]
 [8 0 0 0 7 3 4 5 6]
 [5 1 0 2 6 8 3 0 7]
 [0 4 9 6 0 5 2 3 8]
 [0 3 8 1 2 9 7 6 4]
 [7 6 1 3 8 4 5 9 0]]
Number of cells unfilled: 17
Accuracy: 79.01234567901234
Sample: 18193
Question:
[[0 0 9 1 0 0 0 0 0]
 [6 0 0 8 0 0 0 0 0]
 [0 0 1 0 4 7 0 0 0]
 [0 6 7 0 0 1 0 0 0]
 [9 0 0 0 0 0 4 0 0]
 [0 1 2 0 0 8 7 9 0]
 [0 0 0 0 0 9 0 2 4]
 [0 0 3 0 0 0 9 5 6]
 [0 0 0 0 0 5 3 7 0]]
Solution:
[[2 5 4 9 1 6 0 7 0]
 [6 8 7 0 4 2 9 0 3]
 [1 9 3 0 0 7 6 8 5]
 [3 2 6 5 0 0 8 1 9]
 [8 0 0 0 7 3 4 5 6]
 [5 1 0 2 6 8 3 0 7]
 [0 4 9 6 0 5 2 3 8]
 [0 3 8 1 2 9 7 6 4]
 [0 7 1 3 8 4 5 9 0]]
Number of cells unfilled: 18
Accuracy: 77.77777777777779
Sample: 18194
Question:
[[0 0 0 0 0 8 0 6 0]
 [0 0 0 0 0 0 9 0 0]
 [7 0 8 0 3 0 4 0 0]
 [0 2 7 0 0 0 0 0 1]
 [0 0 3 0 0 0 0 0 0]
 [0 0 0 0 0 6 0 0 0]
 [0 5 0 0 0 0 0 0 0]
 [6 9 0 0 0 4 0 0 0]
 [0 0 0 0 0 0 0 0 8]]
Solution:
[[2 5 4 9 1 6 0 7 0]
 [6 8 7 0 4 2 9 0 3]
 [1 9 3 0 0 7 6 8 5]
 [3 2 6 5 0 0 8 1 9]
 [8 0 0 0 7 3 4 5 6]
 [5 1 0 2 6 8 3 0 7]
 [4 7 9 6 0 5 2 3 8]
 [0 3 8 1 2 9 7 6 4]
 [0 6 1 3 8 4 5 9 0]]
Number of cells unfilled: 17
Accuracy: 79.01234567901234
Sample: 18195
Question:
[[0 0 8 0 9 0 0 0 1]
 [9 0 0 0 6 0 0 0 0]
 [0 0 0 0 0 3 0 2 0]
 [7 0 0 8 0 0 0 0 0]
 [0 2 0 0 0 0 0 4 0]
 [8 0 0 0 4 0 0 9 5]
 [6 4 0 9 1 0 0 7 0]
 [0 0 9 0 0 0 0 0 2]
 [0 0 3 0 0 6 4 0 0]]
Solution:
[[2 5 4 9 1 6 0 7 0]
 [0 8 7 0 4 2 1 0 3]
 [1 9 3 0 0 7 6 8 5]
 [3 2 6 5 0 0 8 1 9]
 [8 0 0 0 7 3 4 2 6]
 [5 1 0 2 6 8 3 0 7]
 [6 4 9 7 0 5 2 3 8]
 [0 3 8 1 2 9 7 6 4]
 [7 0 1 3 8 4 5 9 0]]
Number of cells unfilled: 18
Accuracy: 77.77777777777779
Sample: 18196
Question:
[[0 0 7 0 0 0 2 0 0]
 [1 3 0 0 0 0 0 0 7]
 [5 2 0 0 0 7 0 0 0]
 [0 6 0 5 0 0 8 0 0]
 [0 0 5 8 0 2 0 0 3]
 [0 0 0 0 6 0 0 9 0]
 [0 0 3 0 0 5 0 0 1]
 [4 0 0 9 0 0 0 0 0]
 [0 5 0 0 8 0 0 4 0]]
Solution:
[[2 5 4 9 1 6 0 7 0]
 [0 6 7 8 4 2 9 0 3]
 [1 9 3 0 0 7 6 8 5]
 [3 2 6 5 0 0 8 1 9]
 [8 0 0 0 7 3 4 2 6]
 [5 1 0 2 6 8 3 0 7]
 [7 4 9 6 0 5 2 3 8]
 [6 3 8 1 2 9 7 5 4]
 [0 0 1 3 8 4 0 9 0]]
Number of cells unfilled: 18
Accuracy: 77.77777777777779
Sample: 18197
Question:
[[0 5 0 0 0 0 9 0 0]
 [0 0 8 0 2 0 6 1 3]
 [1 0 0 0 0 0 0 0 4]
 [0 0 3 0 0 6 0 8 2]
 [0 0 0 3 0 0 7 0 0]
 [0 0 0 2 8 0 0 0 0]
 [0 0 0 0 0 0 0 0 0]
 [0 0 5 8 0 0 0 6 1]
 [4 0 0 0 6 1 0 0 0]]
Solution:
[[2 5 4 9 1 6 0 7 0]
 [0 8 7 0 4 2 9 0 3]
 [1 9 3 0 0 7 6 8 5]
 [3 2 6 5 0 0 8 1 9]
 [8 0 0 0 7 3 4 2 6]
 [5 1 0 2 6 8 3 0 7]
 [4 0 9 7 0 5 2 3 8]
 [6 3 8 1 2 9 7 5 4]
 [7 0 1 3 8 4 0 9 0]]
Number of cells unfilled: 19
Accuracy: 76.5432098765432
Sample: 18198
Question:
[[0 8 0 0 0 0 0 5 4]
 [9 0 0 0 0 5 0 2 0]
 [7 0 0 0 0 0 9 1 0]
 [8 0 0 5 0 2 3 0 0]
 [0 0 0 6 0 8 0 0 0]
 [0 0 4 0 0 9 0 0 6]
 [0 9 0 0 0 0 2 0 5]
 [0 0 0 0 0 0 0 0 0]
 [3 0 0 0 1 0 0 6 0]]
Solution:
[[2 5 4 9 1 6 0 7 0]
 [0 6 7 8 4 2 9 0 3]
 [1 9 3 0 0 7 6 8 5]
 [3 2 6 5 0 0 8 1 9]
 [8 0 0 0 7 3 4 2 6]
 [5 1 0 2 6 8 3 0 7]
 [4 0 9 7 0 5 2 3 8]
 [6 3 8 1 2 9 7 5 4]
 [7 0 1 3 8 4 0 9 0]]
Number of cells unfilled: 18
Accuracy: 77.77777777777779
Sample: 18199
Question:
[[0 1 6 3 0 0 5 0 0]
 [0 0 0 0 6 0 0 3 0]
 [3 0 0 8 0 5 0 0 0]
 [0 4 0 0 0 9 0 0 0]
 [0 0 0 7 0 0 0 0 0]
 [1 0 0 0 3 0 8 9 0]
 [8 0 0 0 5 0 1 6 0]
 [0 0 0 6 0 0 0 0 9]
 [0 0 0 2 0 0 0 0 8]]
Solution:
[[2 5 4 9 1 6 0 7 0]
 [0 6 7 8 4 2 1 0 3]
 [1 9 3 0 0 7 6 8 5]
 [3 2 6 5 0 0 8 1 9]
 [8 0 0 0 7 3 4 5 6]
 [5 1 0 2 6 8 3 0 7]
 [0 4 9 7 0 5 2 3 8]
 [0 3 8 1 2 9 7 6 4]
 [6 7 1 3 8 4 5 9 0]]
Number of cells unfilled: 17
Accuracy: 79.01234567901234
Sample: 18200
Question:
[[2 0 4 9 1 0 0 0 0]
 [0 0 0 0 4 0 0 0 0]
 [1 9 0 0 0 7 0 8 5]
 [0 2 6 5 0 0 8 1 0]
 [0 0 0 0 0 0 0 0 0]
 [5 0 0 0 0 0 0 0 7]
 [0 0 0 0 0 0 2 0 8]
 [0 3 8 1 0 9 7 0 0]
 [0 0 0 0 0 4 0 9 0]]
Solution:
[[2 5 4 9 1 6 0 7 0]
 [7 8 0 0 4 2 9 0 3]
 [1 9 3 0 0 7 6 8 5]
 [3 2 6 5 0 0 8 1 9]
 [8 0 0 0 7 3 4 2 6]
 [5 1 0 2 6 8 3 0 7]
 [4 7 9 6 0 5 2 3 8]
 [0 3 8 1 2 9 7 6 4]
 [0 6 1 3 8 4 5 9 0]]
Number of cells unfilled: 18
Accuracy: 77.77777777777779
