2025-10-22 13:49:55.826794: I tensorflow/core/util/port.cc:153] oneDNN custom operations are on. You may see slightly different numerical results due to floating-point round-off errors from different computation orders. To turn them off, set the environment variable `TF_ENABLE_ONEDNN_OPTS=0`.
2025-10-22 13:49:56.635417: I tensorflow/core/platform/cpu_feature_guard.cc:210] This TensorFlow binary is optimized to use available CPU instructions in performance-critical operations.
To enable the following instructions: AVX2 AVX512F AVX512_VNNI FMA, in other operations, rebuild TensorFlow with the appropriate compiler flags.
2025-10-22 13:50:00.797309: I tensorflow/core/util/port.cc:153] oneDNN custom operations are on. You may see slightly different numerical results due to floating-point round-off errors from different computation orders. To turn them off, set the environment variable `TF_ENABLE_ONEDNN_OPTS=0`.
2025-10-22 13:50:07.552552: E external/local_xla/xla/stream_executor/cuda/cuda_platform.cc:51] failed call to cuInit: INTERNAL: CUDA error: Failed call to cuInit: UNKNOWN ERROR (303)
Sample: 19801
Question:
[[0 7 0 9 0 0 4 8 0]
 [8 0 0 0 0 0 0 7 9]
 [0 0 9 0 0 0 1 0 0]
 [0 0 0 0 5 0 2 3 0]
 [0 0 7 8 0 0 0 0 1]
 [3 0 0 0 0 6 0 0 0]
 [0 0 1 5 0 0 0 0 4]
 [0 5 0 0 2 0 0 0 0]
 [9 6 0 0 0 7 0 0 0]]
Solution:
[[5 2 3 4 7 9 0 8 0]
 [9 7 6 5 8 2 3 1 4]
 [4 0 1 0 6 3 5 0 2]
 [0 8 7 6 1 4 2 5 3]
 [2 4 5 0 3 7 8 9 6]
 [6 3 0 9 5 8 1 7 0]
 [0 6 2 8 9 5 7 3 1]
 [7 5 9 3 4 1 6 2 8]
 [8 1 0 7 2 6 9 4 5]]
Number of cells unfilled: 11
Accuracy: 86.41975308641975
Sample: 19802
Question:
[[0 0 0 0 6 3 0 0 0]
 [6 0 0 5 0 0 9 0 4]
 [8 0 0 9 4 0 0 0 6]
 [9 0 0 0 0 0 5 0 0]
 [0 8 0 7 0 0 0 0 0]
 [0 7 4 0 9 0 0 0 8]
 [7 0 0 4 0 0 0 0 5]
 [0 0 1 0 0 6 2 0 0]
 [0 0 0 0 0 0 0 0 0]]
Solution:
[[5 2 3 4 7 9 0 8 0]
 [9 7 6 5 8 2 3 1 4]
 [4 0 1 0 6 3 5 0 7]
 [0 8 7 6 1 4 2 5 3]
 [2 4 5 0 3 7 8 9 6]
 [6 3 0 9 5 8 1 7 0]
 [0 6 2 8 9 5 7 3 1]
 [7 5 9 3 4 1 6 2 8]
 [8 1 0 7 2 6 9 4 5]]
Number of cells unfilled: 11
Accuracy: 86.41975308641975
Sample: 19803
Question:
[[0 0 0 0 1 0 0 0 6]
 [0 0 0 0 0 3 4 0 0]
 [0 0 7 9 0 0 0 5 0]
 [7 8 0 5 0 0 0 9 0]
 [0 0 2 0 0 9 0 0 0]
 [0 5 0 0 0 0 0 0 0]
 [0 0 5 8 0 0 0 4 0]
 [4 0 0 0 6 0 0 0 1]
 [0 7 0 0 0 4 3 0 0]]
Solution:
[[5 2 3 4 7 9 0 8 0]
 [9 7 6 5 8 2 3 1 4]
 [4 0 1 0 6 3 5 0 7]
 [0 8 7 6 1 4 2 5 3]
 [2 4 5 0 3 7 8 9 6]
 [6 3 0 9 5 8 1 7 0]
 [0 6 2 8 9 5 7 3 1]
 [7 5 9 3 4 1 6 2 8]
 [8 1 0 7 2 6 9 4 5]]
Number of cells unfilled: 11
Accuracy: 86.41975308641975
Sample: 19804
Question:
[[0 0 8 0 0 2 1 0 0]
 [4 0 0 5 0 0 0 0 9]
 [9 2 1 6 0 0 0 0 5]
 [0 7 0 0 0 0 0 0 0]
 [5 0 0 9 0 0 0 0 6]
 [0 0 9 0 3 0 4 0 0]
 [0 4 5 0 6 0 0 0 1]
 [0 0 0 1 0 0 0 0 0]
 [1 0 0 0 0 5 0 9 0]]
Solution:
[[5 2 3 4 7 9 0 8 0]
 [9 7 6 5 8 2 3 1 4]
 [4 0 1 0 6 3 5 0 9]
 [0 8 7 6 1 4 2 5 3]
 [2 4 5 0 3 7 8 9 6]
 [6 3 0 9 5 8 1 7 0]
 [0 6 2 8 9 5 7 3 1]
 [7 5 9 3 4 1 6 2 8]
 [8 1 0 7 2 6 9 4 5]]
Number of cells unfilled: 11
Accuracy: 86.41975308641975
Sample: 19805
Question:
[[0 0 1 0 0 0 0 9 6]
 [0 0 0 0 0 7 0 0 0]
 [4 0 9 0 6 0 3 0 0]
 [6 0 4 0 8 0 0 3 0]
 [3 1 0 0 0 0 8 0 9]
 [0 0 0 2 0 0 6 0 4]
 [9 0 6 0 4 0 0 0 3]
 [1 3 0 0 0 5 0 0 0]
 [0 0 0 0 0 0 0 0 0]]
Solution:
[[5 2 3 4 7 9 0 8 0]
 [9 7 6 5 8 2 3 1 4]
 [4 0 1 0 6 3 5 0 2]
 [0 8 7 6 1 4 2 5 3]
 [2 4 5 0 3 7 8 9 6]
 [6 3 0 9 5 8 1 7 0]
 [0 6 2 8 9 5 7 3 1]
 [7 5 9 3 4 1 6 2 8]
 [8 1 0 7 2 6 9 4 5]]
Number of cells unfilled: 11
Accuracy: 86.41975308641975
Sample: 19806
Question:
[[0 8 0 3 0 4 6 0 0]
 [3 6 0 0 0 8 4 7 0]
 [7 0 0 0 0 0 0 3 0]
 [0 2 0 0 0 6 8 0 0]
 [0 0 0 9 0 0 0 5 0]
 [0 0 1 0 0 0 0 0 0]
 [2 0 6 0 0 3 0 0 0]
 [0 3 0 0 4 0 0 0 0]
 [4 0 8 0 6 0 3 0 0]]
Solution:
[[5 2 3 4 7 9 0 8 0]
 [9 7 6 5 8 2 3 1 4]
 [4 0 1 0 6 3 5 0 7]
 [0 8 7 6 1 4 2 5 3]
 [2 4 5 0 3 7 8 9 6]
 [6 3 0 9 5 8 1 7 0]
 [0 6 2 8 9 5 7 3 1]
 [7 5 9 3 4 1 6 2 8]
 [8 1 0 7 2 6 9 4 5]]
Number of cells unfilled: 11
Accuracy: 86.41975308641975
Sample: 19807
Question:
[[0 0 0 0 9 0 0 2 0]
 [0 0 0 4 0 0 7 0 0]
 [0 0 6 0 0 5 0 0 8]
 [0 0 0 2 0 0 9 0 0]
 [5 0 0 0 0 8 0 0 3]
 [0 0 0 0 7 0 0 4 0]
 [3 0 8 0 0 0 0 0 1]
 [0 0 5 0 0 6 0 0 0]
 [6 9 0 0 3 0 0 0 0]]
Solution:
[[5 2 3 4 7 9 0 8 0]
 [9 7 6 5 8 2 3 1 4]
 [4 0 1 0 6 3 5 0 9]
 [0 8 7 6 1 4 2 5 3]
 [2 4 5 0 3 7 8 9 6]
 [6 3 0 9 5 8 1 7 0]
 [0 6 2 8 9 5 7 3 1]
 [7 5 9 3 4 1 6 2 8]
 [8 1 0 7 2 6 9 4 5]]
Number of cells unfilled: 11
Accuracy: 86.41975308641975
Sample: 19808
Question:
[[0 0 1 2 7 0 6 0 0]
 [0 0 0 0 6 0 0 0 0]
 [6 0 0 0 0 3 0 2 0]
 [3 0 0 7 0 0 0 0 4]
 [0 9 0 8 0 0 0 0 0]
 [0 0 5 0 0 2 1 0 0]
 [8 0 0 1 0 0 0 3 0]
 [0 4 0 0 0 0 0 0 9]
 [0 0 3 0 0 7 5 0 0]]
Solution:
[[5 2 3 4 7 9 0 8 0]
 [9 7 6 5 8 2 3 1 4]
 [4 0 1 0 6 3 5 0 7]
 [0 8 7 6 1 4 2 5 3]
 [2 4 5 0 3 7 8 9 6]
 [6 3 0 9 5 8 1 7 0]
 [0 6 2 8 9 5 7 3 1]
 [7 5 9 3 4 1 6 2 8]
 [8 1 0 7 2 6 9 4 5]]
Number of cells unfilled: 11
Accuracy: 86.41975308641975
Sample: 19809
Question:
[[0 0 5 0 0 0 0 0 9]
 [0 3 0 0 0 5 1 4 0]
 [9 0 0 0 0 2 6 0 0]
 [5 0 0 0 3 0 0 0 2]
 [0 0 0 0 0 0 0 7 0]
 [3 0 7 8 4 0 0 9 0]
 [0 8 0 0 0 4 2 0 0]
 [0 0 0 2 0 0 0 0 6]
 [1 0 0 6 0 8 0 0 0]]
Solution:
[[5 2 3 4 7 9 0 8 0]
 [9 7 6 5 8 2 3 1 4]
 [4 0 1 0 6 3 5 0 2]
 [0 8 7 6 1 4 2 5 3]
 [2 4 5 0 3 7 8 9 6]
 [6 3 0 9 5 8 1 7 0]
 [0 6 2 8 9 5 7 3 1]
 [7 5 9 3 4 1 6 2 8]
 [8 1 0 7 2 6 9 4 5]]
Number of cells unfilled: 11
Accuracy: 86.41975308641975
Sample: 19810
Question:
[[0 5 0 0 0 9 0 0 4]
 [4 0 0 7 0 0 0 6 0]
 [0 0 8 0 0 0 3 0 0]
 [0 0 0 0 0 6 0 0 0]
 [0 0 3 1 9 0 8 0 0]
 [1 0 0 4 0 0 0 9 0]
 [0 0 0 0 7 0 0 0 0]
 [0 9 0 6 0 0 0 0 5]
 [2 0 0 0 0 5 6 1 0]]
Solution:
[[5 2 3 4 7 9 0 8 0]
 [9 7 6 5 8 2 3 1 4]
 [4 0 1 0 6 3 5 0 7]
 [0 8 7 6 1 4 2 5 3]
 [2 4 5 0 3 7 8 9 6]
 [6 3 0 9 5 8 1 7 0]
 [0 6 2 8 9 5 7 3 1]
 [7 5 9 3 4 1 6 2 8]
 [8 1 0 7 2 6 9 4 5]]
Number of cells unfilled: 11
Accuracy: 86.41975308641975
Sample: 19811
Question:
[[0 7 0 0 0 0 4 0 0]
 [0 0 2 0 0 3 0 7 1]
 [4 3 0 0 0 0 5 0 0]
 [0 8 0 0 0 0 0 0 2]
 [0 4 0 0 0 6 7 8 3]
 [0 0 0 0 3 2 0 0 0]
 [6 0 0 0 1 0 0 0 0]
 [0 5 0 7 0 0 0 4 0]
 [0 0 8 0 0 0 0 0 0]]
Solution:
[[5 2 3 4 7 9 0 8 0]
 [9 7 6 5 8 2 3 1 4]
 [4 0 1 0 6 3 5 0 2]
 [0 8 7 6 1 4 2 5 3]
 [2 4 5 0 3 7 8 9 6]
 [6 3 0 9 5 8 1 7 0]
 [0 6 2 8 9 5 7 3 1]
 [7 5 9 3 4 1 6 2 8]
 [8 1 0 7 2 6 9 4 5]]
Number of cells unfilled: 11
Accuracy: 86.41975308641975
Sample: 19812
Question:
[[0 0 9 0 3 0 0 2 8]
 [0 0 0 0 1 0 0 0 0]
 [0 3 0 7 8 0 0 5 0]
 [2 0 4 0 0 3 0 0 0]
 [0 0 0 5 0 0 0 3 0]
 [0 0 0 6 0 0 0 0 2]
 [0 4 1 0 0 0 9 0 0]
 [0 0 0 0 4 0 3 0 6]
 [0 8 3 0 0 0 0 7 0]]
Solution:
[[5 2 3 4 7 9 0 8 0]
 [9 7 6 5 8 2 3 1 4]
 [4 0 1 0 6 3 5 0 7]
 [0 8 7 6 1 4 2 5 3]
 [2 4 5 0 3 7 8 9 6]
 [6 3 0 9 5 8 1 7 0]
 [0 6 2 8 9 5 7 3 1]
 [7 5 9 3 4 1 6 2 8]
 [8 1 0 7 2 6 9 4 5]]
Number of cells unfilled: 11
Accuracy: 86.41975308641975
Sample: 19813
Question:
[[7 0 0 0 0 0 0 0 8]
 [0 5 0 7 0 0 2 0 0]
 [0 0 3 0 0 0 0 6 0]
 [0 2 0 0 9 0 1 0 0]
 [8 0 0 0 0 0 6 0 0]
 [0 0 4 1 0 0 0 3 0]
 [0 0 0 9 2 0 0 0 6]
 [4 0 0 5 7 0 0 0 0]
 [0 9 0 0 0 1 5 0 0]]
Solution:
[[5 2 3 4 7 9 0 8 0]
 [9 7 6 5 8 2 3 1 4]
 [4 0 1 0 6 3 5 0 7]
 [0 8 7 6 1 4 2 5 3]
 [2 4 5 0 3 7 8 9 6]
 [6 3 0 9 5 8 1 7 0]
 [0 6 2 8 9 5 7 3 1]
 [7 5 9 3 4 1 6 2 8]
 [8 1 0 7 2 6 9 4 5]]
Number of cells unfilled: 11
Accuracy: 86.41975308641975
Sample: 19814
Question:
[[3 0 0 0 0 0 0 0 7]
 [0 0 6 0 0 0 0 4 9]
 [0 5 0 0 0 9 2 0 0]
 [0 1 0 0 5 0 0 0 0]
 [0 0 8 0 0 1 0 0 0]
 [0 0 0 2 9 0 1 0 0]
 [4 0 0 7 0 0 0 6 0]
 [0 0 7 0 0 0 0 0 3]
 [0 8 0 0 0 2 7 0 0]]
Solution:
[[5 2 3 4 7 9 0 8 0]
 [9 7 6 5 8 2 3 1 4]
 [4 0 1 0 6 3 5 0 7]
 [0 8 7 6 1 4 2 5 3]
 [2 4 5 0 3 7 8 9 6]
 [6 3 0 9 5 8 1 7 0]
 [0 6 2 8 9 5 7 3 1]
 [7 5 9 3 4 1 6 2 8]
 [8 1 0 7 2 6 9 4 5]]
Number of cells unfilled: 11
Accuracy: 86.41975308641975
Sample: 19815
Question:
[[0 7 0 0 0 0 3 0 2]
 [0 2 5 0 6 0 0 0 0]
 [3 0 1 0 0 0 0 5 6]
 [0 0 0 6 0 3 5 0 0]
 [0 0 0 0 4 0 0 6 0]
 [8 1 0 0 0 9 2 0 0]
 [0 0 7 4 0 0 1 3 0]
 [0 0 0 0 0 6 0 0 0]
 [0 0 0 5 0 0 0 9 0]]
Solution:
[[5 2 3 4 7 9 0 8 0]
 [9 7 6 5 8 2 3 1 4]
 [4 0 1 0 6 3 5 0 2]
 [0 8 7 6 1 4 2 5 3]
 [2 4 5 0 3 7 8 9 6]
 [6 3 0 9 5 8 1 7 0]
 [0 6 2 8 9 5 7 3 1]
 [7 5 9 3 4 1 6 2 8]
 [8 1 0 7 2 6 9 4 5]]
Number of cells unfilled: 11
Accuracy: 86.41975308641975
Sample: 19816
Question:
[[0 7 0 6 0 0 0 0 8]
 [1 0 8 0 2 0 0 0 0]
 [0 0 6 0 0 0 9 0 0]
 [0 0 1 3 0 0 0 0 6]
 [0 0 0 0 0 5 0 9 0]
 [7 0 0 0 0 4 8 0 0]
 [0 3 0 0 4 0 0 5 0]
 [6 0 0 5 0 0 0 0 3]
 [0 0 5 0 0 0 2 0 0]]
Solution:
[[5 2 3 4 7 9 0 8 0]
 [9 7 6 5 8 2 3 1 4]
 [4 0 1 0 6 3 5 0 2]
 [0 8 7 6 1 4 2 5 3]
 [2 4 5 0 3 7 8 9 6]
 [6 3 0 9 5 8 1 7 0]
 [0 6 2 8 9 5 7 3 1]
 [7 5 9 3 4 1 6 2 8]
 [8 1 0 7 2 6 9 4 5]]
Number of cells unfilled: 11
Accuracy: 86.41975308641975
Sample: 19817
Question:
[[9 0 0 0 0 1 0 8 0]
 [0 0 8 0 4 0 5 0 0]
 [0 0 0 8 0 0 0 0 7]
 [0 3 0 2 0 0 0 0 0]
 [2 0 0 0 1 0 6 0 0]
 [0 0 1 0 0 3 0 9 0]
 [6 0 0 1 0 0 8 0 0]
 [0 0 4 0 5 0 0 6 0]
 [0 7 0 0 0 6 0 0 5]]
Solution:
[[5 2 3 4 7 9 0 8 0]
 [9 7 6 5 8 2 3 1 4]
 [4 0 1 0 6 3 5 0 2]
 [0 8 7 6 1 4 2 5 3]
 [2 4 5 0 3 7 8 9 6]
 [6 3 0 9 5 8 1 7 0]
 [0 6 2 8 9 5 7 3 1]
 [7 5 9 3 4 1 6 2 8]
 [8 1 0 7 2 6 9 4 5]]
Number of cells unfilled: 11
Accuracy: 86.41975308641975
Sample: 19818
Question:
[[0 0 2 0 0 0 1 0 0]
 [0 1 0 0 0 9 0 6 5]
 [0 3 0 0 0 1 0 8 2]
 [0 5 0 0 0 4 0 3 1]
 [0 6 0 5 0 0 0 0 7]
 [0 0 0 1 0 6 0 0 0]
 [5 0 4 0 2 0 0 0 0]
 [0 0 0 8 0 0 0 5 0]
 [0 0 7 0 0 0 0 0 0]]
Solution:
[[5 2 3 4 7 9 0 8 0]
 [9 7 6 5 8 2 3 1 4]
 [4 0 1 0 6 3 5 0 7]
 [0 8 7 6 1 4 2 5 3]
 [2 4 5 0 3 7 8 9 6]
 [6 3 0 9 5 8 1 7 0]
 [0 6 2 8 9 5 7 3 1]
 [7 5 9 3 4 1 6 2 8]
 [8 1 0 7 2 6 9 4 5]]
Number of cells unfilled: 11
Accuracy: 86.41975308641975
Sample: 19819
Question:
[[6 0 4 0 0 0 8 0 5]
 [0 0 3 0 8 1 0 0 2]
 [0 0 0 7 0 0 3 0 0]
 [3 0 0 0 9 0 0 2 0]
 [0 0 0 0 6 0 9 0 0]
 [0 9 2 0 7 0 0 6 0]
 [0 5 0 0 0 0 0 0 0]
 [0 0 7 8 0 5 0 0 0]
 [0 0 1 9 3 0 0 0 8]]
Solution:
[[5 2 3 4 7 9 0 8 0]
 [9 7 6 5 8 2 3 1 4]
 [4 0 1 0 6 3 5 0 2]
 [0 8 7 6 1 4 2 5 3]
 [2 4 5 0 3 7 8 9 6]
 [6 3 0 9 5 8 1 7 0]
 [0 6 2 8 9 5 7 3 1]
 [7 5 9 3 4 1 6 2 8]
 [8 1 0 7 2 6 9 4 5]]
Number of cells unfilled: 11
Accuracy: 86.41975308641975
Sample: 19820
Question:
[[0 0 9 0 0 0 0 0 6]
 [0 0 0 2 7 0 0 8 0]
 [0 8 0 0 0 6 3 0 0]
 [0 0 5 9 0 0 0 0 0]
 [0 0 1 0 2 0 7 0 0]
 [0 4 0 0 0 7 0 0 3]
 [0 0 0 0 1 0 6 0 0]
 [0 6 0 0 0 4 0 3 0]
 [5 0 0 0 0 2 4 0 0]]
Solution:
[[5 2 3 4 7 9 0 8 0]
 [9 7 6 5 8 2 3 1 4]
 [4 0 1 0 6 3 5 0 9]
 [0 8 7 6 1 4 2 5 3]
 [2 4 5 0 3 7 8 9 6]
 [6 3 0 9 5 8 1 7 0]
 [0 6 2 8 9 5 7 3 1]
 [7 5 9 3 4 1 6 2 8]
 [8 1 0 7 2 6 9 4 5]]
Number of cells unfilled: 11
Accuracy: 86.41975308641975
Sample: 19821
Question:
[[0 5 0 0 9 0 0 3 0]
 [0 0 1 0 3 0 0 0 7]
 [2 0 0 1 0 0 9 6 0]
 [0 1 2 8 0 0 0 0 0]
 [8 0 0 0 4 0 0 0 0]
 [0 0 9 0 0 1 8 0 0]
 [0 0 0 0 0 0 0 0 0]
 [1 0 0 4 0 0 2 0 0]
 [0 0 0 0 0 7 0 5 6]]
Solution:
[[5 2 3 4 7 9 0 8 0]
 [9 7 6 5 8 2 3 1 4]
 [4 0 1 0 6 3 5 0 2]
 [0 8 7 6 1 4 2 5 3]
 [2 4 5 0 3 7 8 9 6]
 [6 3 0 9 5 8 1 7 0]
 [0 6 2 8 9 5 7 3 1]
 [7 5 9 3 4 1 6 2 8]
 [8 1 0 7 2 6 9 4 5]]
Number of cells unfilled: 11
Accuracy: 86.41975308641975
Sample: 19822
Question:
[[0 8 6 0 0 0 0 0 1]
 [1 0 0 0 0 0 4 9 0]
 [0 0 9 1 0 0 6 0 0]
 [9 0 0 6 0 0 0 0 4]
 [0 3 0 0 0 5 0 0 0]
 [0 0 0 0 3 0 0 2 0]
 [0 0 5 0 2 7 0 0 0]
 [8 0 0 4 0 0 0 0 9]
 [0 0 0 0 0 0 7 0 0]]
Solution:
[[5 2 3 4 7 9 0 8 0]
 [9 7 6 5 8 2 3 1 4]
 [4 0 1 0 6 3 5 0 2]
 [0 8 7 6 1 4 2 5 3]
 [2 4 5 0 3 7 8 9 6]
 [6 3 0 9 5 8 1 7 0]
 [0 6 2 8 9 5 7 3 1]
 [7 5 9 3 4 1 6 2 8]
 [8 1 0 7 2 6 9 4 5]]
Number of cells unfilled: 11
Accuracy: 86.41975308641975
Sample: 19823
Question:
[[0 3 0 0 0 2 4 8 0]
 [0 0 0 0 0 0 3 0 0]
 [1 0 0 0 4 0 0 0 5]
 [7 1 0 0 0 0 0 0 0]
 [0 6 0 0 0 4 0 5 0]
 [0 0 5 7 9 0 0 0 0]
 [0 8 0 6 0 0 0 4 0]
 [3 0 0 4 2 0 8 6 0]
 [0 0 0 0 0 8 0 0 3]]
Solution:
[[5 2 3 4 7 9 0 8 0]
 [9 7 6 5 8 2 3 1 4]
 [4 0 1 0 6 3 5 0 7]
 [0 8 7 6 1 4 2 5 3]
 [2 4 5 0 3 7 8 9 6]
 [6 3 0 9 5 8 1 7 0]
 [0 6 2 8 9 5 7 3 1]
 [7 5 9 3 4 1 6 2 8]
 [8 1 0 7 2 6 9 4 5]]
Number of cells unfilled: 11
Accuracy: 86.41975308641975
Sample: 19824
Question:
[[2 6 0 8 0 0 0 3 0]
 [0 0 7 0 0 0 0 0 0]
 [9 0 0 0 0 1 0 0 2]
 [5 0 0 1 6 0 2 0 0]
 [0 0 0 9 0 0 0 0 6]
 [0 0 0 0 0 2 0 5 0]
 [7 0 0 0 0 6 0 0 9]
 [0 0 0 0 0 0 7 4 0]
 [1 4 0 0 0 9 0 0 5]]
Solution:
[[5 2 3 4 7 9 0 8 0]
 [9 7 6 5 8 2 3 1 4]
 [4 0 1 0 6 3 5 0 7]
 [0 8 7 6 1 4 2 5 3]
 [2 4 5 0 3 7 8 9 6]
 [6 3 0 9 5 8 1 7 0]
 [0 6 2 8 9 5 7 3 1]
 [7 5 9 3 4 1 6 2 8]
 [8 1 0 7 2 6 9 4 5]]
Number of cells unfilled: 11
Accuracy: 86.41975308641975
Sample: 19825
Question:
[[0 3 0 0 0 4 0 8 0]
 [0 2 0 9 0 0 0 0 6]
 [0 0 1 0 5 0 0 0 9]
 [0 0 0 0 0 0 2 0 0]
 [0 8 0 0 0 0 9 6 0]
 [0 0 4 0 0 9 0 0 1]
 [0 0 7 4 0 0 0 0 5]
 [0 0 0 0 7 1 6 0 0]
 [3 0 0 0 9 5 0 0 0]]
Solution:
[[5 2 3 4 7 9 0 8 0]
 [9 7 6 5 8 2 3 1 4]
 [4 0 1 0 6 3 5 0 9]
 [0 8 7 6 1 4 2 5 3]
 [2 4 5 0 3 7 8 9 6]
 [6 3 0 9 5 8 1 7 0]
 [0 6 2 8 9 5 7 3 1]
 [7 5 9 3 4 1 6 2 8]
 [8 1 0 7 2 6 9 4 5]]
Number of cells unfilled: 11
Accuracy: 86.41975308641975
Sample: 19826
Question:
[[0 6 0 0 0 7 0 2 0]
 [4 0 0 0 0 0 0 0 5]
 [0 0 0 0 9 0 4 0 0]
 [2 0 6 0 7 0 0 8 0]
 [0 7 0 0 0 0 0 0 0]
 [1 0 8 0 0 6 0 0 0]
 [6 0 0 3 5 0 0 0 2]
 [0 2 0 0 0 8 0 1 0]
 [0 0 3 0 0 0 9 0 0]]
Solution:
[[5 2 3 4 7 9 0 8 0]
 [9 7 6 5 8 2 3 1 4]
 [4 0 1 0 6 3 5 0 7]
 [0 8 7 6 1 4 2 5 3]
 [2 4 5 0 3 7 8 9 6]
 [6 3 0 9 5 8 1 7 0]
 [0 6 2 8 9 5 7 3 1]
 [7 5 9 3 4 1 6 2 8]
 [8 1 0 7 2 6 9 4 5]]
Number of cells unfilled: 11
Accuracy: 86.41975308641975
Sample: 19827
Question:
[[0 0 0 0 0 5 0 7 0]
 [0 9 0 0 6 0 3 0 0]
 [8 0 0 2 0 0 0 0 6]
 [0 0 7 0 5 0 0 9 0]
 [0 1 0 6 0 0 0 0 5]
 [0 0 0 0 0 4 6 0 0]
 [1 0 0 0 0 6 0 0 8]
 [0 5 0 1 0 0 2 0 0]
 [0 0 4 0 3 0 0 0 0]]
Solution:
[[5 2 3 4 7 9 0 8 0]
 [9 7 6 5 8 2 3 1 4]
 [4 0 1 0 6 3 5 0 7]
 [0 8 7 6 1 4 2 5 3]
 [2 4 5 0 3 7 8 9 6]
 [6 3 0 9 5 8 1 7 0]
 [0 6 2 8 9 5 7 3 1]
 [7 5 9 3 4 1 6 2 8]
 [8 1 0 7 2 6 9 4 5]]
Number of cells unfilled: 11
Accuracy: 86.41975308641975
Sample: 19828
Question:
[[0 0 0 0 0 0 0 2 0]
 [0 9 0 0 8 0 5 0 7]
 [0 0 2 7 0 0 8 0 9]
 [0 7 0 9 0 0 0 8 0]
 [0 0 0 0 0 0 0 0 3]
 [6 0 0 0 2 8 0 0 0]
 [0 0 0 0 4 0 1 0 0]
 [0 2 0 0 0 0 0 5 0]
 [0 8 0 5 0 3 0 7 0]]
Solution:
[[5 2 3 4 7 9 0 8 0]
 [9 7 6 5 8 2 3 1 4]
 [4 0 1 0 6 3 5 0 9]
 [0 8 7 6 1 4 2 5 3]
 [2 4 5 0 3 7 8 9 6]
 [6 3 0 9 5 8 1 7 0]
 [0 6 2 8 9 5 7 3 1]
 [7 5 9 3 4 1 6 2 8]
 [8 1 0 7 2 6 9 4 5]]
Number of cells unfilled: 11
Accuracy: 86.41975308641975
Sample: 19829
Question:
[[0 0 2 0 7 5 0 0 0]
 [0 0 0 8 0 0 6 0 0]
 [0 5 9 0 0 0 1 0 0]
 [0 0 7 0 0 0 2 0 8]
 [6 0 0 0 0 0 0 4 0]
 [0 0 8 0 9 0 3 0 5]
 [0 0 0 0 8 0 4 1 0]
 [0 0 0 3 0 2 0 9 0]
 [0 0 0 1 6 0 0 0 0]]
Solution:
[[5 2 3 4 7 9 0 8 0]
 [9 7 6 5 8 2 3 1 4]
 [4 0 1 0 6 3 5 0 7]
 [0 8 7 6 1 4 2 5 3]
 [2 4 5 0 3 7 8 9 6]
 [6 3 0 9 5 8 1 7 0]
 [0 6 2 8 9 5 7 3 1]
 [7 5 9 3 4 1 6 2 8]
 [8 1 0 7 2 6 9 4 5]]
Number of cells unfilled: 11
Accuracy: 86.41975308641975
Sample: 19830
Question:
[[0 0 9 0 5 0 0 4 8]
 [0 4 0 0 0 9 2 0 0]
 [0 0 0 0 0 7 0 3 9]
 [0 9 0 0 0 4 0 0 2]
 [6 0 0 7 0 0 0 0 0]
 [0 0 5 0 1 0 0 0 0]
 [0 0 0 6 0 0 8 0 0]
 [0 3 0 0 0 0 0 2 0]
 [8 0 1 0 0 2 0 0 4]]
Solution:
[[5 2 3 4 7 9 0 8 0]
 [9 7 6 5 8 2 3 1 4]
 [4 0 1 0 6 3 5 0 9]
 [0 8 7 6 1 4 2 5 3]
 [2 4 5 0 3 7 8 9 6]
 [6 3 0 9 5 8 1 7 0]
 [0 6 2 8 9 5 7 3 1]
 [7 5 9 3 4 1 6 2 8]
 [8 1 0 7 2 6 9 4 5]]
Number of cells unfilled: 11
Accuracy: 86.41975308641975
Sample: 19831
Question:
[[9 0 0 6 0 0 2 0 8]
 [0 0 0 0 0 0 5 0 0]
 [2 0 0 0 4 0 0 6 9]
 [0 2 8 0 9 0 1 0 5]
 [0 0 7 1 2 0 0 0 0]
 [0 0 0 0 0 0 3 0 0]
 [3 4 0 9 0 0 0 0 0]
 [0 0 5 0 0 4 0 0 0]
 [0 9 0 3 5 0 6 0 0]]
Solution:
[[5 2 3 4 7 9 0 8 0]
 [9 7 6 5 8 2 3 1 4]
 [4 0 1 0 6 3 5 0 7]
 [0 8 7 6 1 4 2 5 3]
 [2 4 5 0 3 7 8 9 6]
 [6 3 0 9 5 8 1 7 0]
 [0 6 2 8 9 5 7 3 1]
 [7 5 9 3 4 1 6 2 8]
 [8 1 0 7 2 6 9 4 5]]
Number of cells unfilled: 11
Accuracy: 86.41975308641975
Sample: 19832
Question:
[[6 0 8 0 0 3 0 0 4]
 [0 2 3 9 0 0 0 0 0]
 [5 0 9 0 0 0 0 0 2]
 [4 0 0 0 0 0 0 3 1]
 [0 5 0 0 0 4 9 0 0]
 [0 0 2 0 0 0 0 0 5]
 [0 0 0 0 8 0 4 5 0]
 [0 0 0 1 0 2 8 0 9]
 [0 8 0 0 3 0 0 0 0]]
Solution:
[[5 2 3 4 7 9 0 8 0]
 [9 7 6 5 8 2 3 1 4]
 [4 0 1 0 6 3 5 0 7]
 [0 8 7 6 1 4 2 5 3]
 [2 4 5 0 3 7 8 9 6]
 [6 3 0 9 5 8 1 7 0]
 [0 6 2 8 9 5 7 3 1]
 [7 5 9 3 4 1 6 2 8]
 [8 1 0 7 2 6 9 4 5]]
Number of cells unfilled: 11
Accuracy: 86.41975308641975
Sample: 19833
Question:
[[0 0 1 0 0 0 4 0 0]
 [0 0 0 0 0 8 0 0 0]
 [5 0 0 0 9 0 0 0 7]
 [7 0 0 6 0 0 0 0 0]
 [0 0 0 0 5 0 9 7 0]
 [0 5 0 0 0 3 0 0 6]
 [3 0 0 0 6 7 2 0 5]
 [6 2 0 0 3 0 0 0 9]
 [0 0 0 2 0 0 0 0 0]]
Solution:
[[5 2 3 4 7 9 0 8 0]
 [9 7 6 5 8 2 3 1 4]
 [4 0 1 0 6 3 5 0 2]
 [0 8 7 6 1 4 2 5 3]
 [2 4 5 0 3 7 8 9 6]
 [6 3 0 9 5 8 1 7 0]
 [0 6 2 8 9 5 7 3 1]
 [7 5 9 3 4 1 6 2 8]
 [8 1 0 7 2 6 9 4 5]]
Number of cells unfilled: 11
Accuracy: 86.41975308641975
Sample: 19834
Question:
[[0 5 0 0 0 0 3 0 0]
 [0 0 8 1 3 0 0 2 0]
 [0 3 0 0 0 7 0 0 1]
 [0 0 0 5 0 0 2 0 0]
 [0 0 2 3 1 0 0 0 6]
 [4 0 0 0 0 2 0 0 0]
 [0 0 6 2 8 0 1 0 0]
 [9 0 0 0 0 0 0 8 0]
 [0 0 0 0 0 0 0 6 0]]
Solution:
[[5 2 3 4 7 9 0 8 0]
 [9 7 6 5 8 2 3 1 4]
 [4 0 1 0 6 3 5 0 7]
 [0 8 7 6 1 4 2 5 3]
 [2 4 5 0 3 7 8 9 6]
 [6 3 0 9 5 8 1 7 0]
 [0 6 2 8 9 5 7 3 1]
 [7 5 9 3 4 1 6 2 8]
 [8 1 0 7 2 6 9 4 5]]
Number of cells unfilled: 11
Accuracy: 86.41975308641975
Sample: 19835
Question:
[[9 0 0 4 0 0 3 0 0]
 [0 0 2 0 0 5 0 0 0]
 [4 0 0 9 0 0 5 0 6]
 [0 1 9 0 0 0 0 0 0]
 [0 0 0 0 0 6 0 8 0]
 [3 0 0 5 0 0 7 0 0]
 [0 0 4 7 0 0 0 0 0]
 [0 9 0 0 5 0 4 0 0]
 [5 0 0 0 0 0 0 3 7]]
Solution:
[[5 2 3 4 7 9 0 8 0]
 [9 7 6 5 8 2 3 1 4]
 [4 0 1 0 6 3 5 0 7]
 [0 8 7 6 1 4 2 5 3]
 [2 4 5 0 3 7 8 9 6]
 [6 3 0 9 5 8 1 7 0]
 [0 6 2 8 9 5 7 3 1]
 [7 5 9 3 4 1 6 2 8]
 [8 1 0 7 2 6 9 4 5]]
Number of cells unfilled: 11
Accuracy: 86.41975308641975
Sample: 19836
Question:
[[0 5 0 8 0 6 0 0 4]
 [7 9 0 0 0 0 0 0 6]
 [8 0 0 0 0 0 0 5 0]
 [0 0 8 7 0 5 3 0 0]
 [2 0 0 0 8 0 0 0 0]
 [0 0 7 0 0 1 6 0 0]
 [0 0 0 5 0 0 0 0 1]
 [0 6 0 0 7 8 5 3 0]
 [0 7 0 0 1 0 0 0 0]]
Solution:
[[5 2 3 4 7 9 0 8 0]
 [9 7 6 5 8 2 3 1 4]
 [4 0 1 0 6 3 5 0 7]
 [0 8 7 6 1 4 2 5 3]
 [2 4 5 0 3 7 8 9 6]
 [6 3 0 9 5 8 1 7 0]
 [0 6 2 8 9 5 7 3 1]
 [7 5 9 3 4 1 6 2 8]
 [8 1 0 7 2 6 9 4 5]]
Number of cells unfilled: 11
Accuracy: 86.41975308641975
Sample: 19837
Question:
[[0 0 9 0 0 8 0 0 5]
 [0 0 0 4 0 0 0 8 0]
 [0 0 0 0 7 0 3 0 0]
 [2 0 0 0 0 6 0 0 9]
 [0 9 5 8 0 0 0 0 0]
 [0 6 1 0 9 0 0 0 0]
 [0 5 0 0 0 1 0 0 6]
 [0 2 0 0 3 0 0 4 0]
 [0 0 0 0 8 0 7 0 0]]
Solution:
[[5 2 3 4 7 9 0 8 0]
 [9 7 6 5 8 2 3 1 4]
 [4 0 1 0 6 3 5 0 7]
 [0 8 7 6 1 4 2 5 3]
 [2 4 5 0 3 7 8 9 6]
 [6 3 0 9 5 8 1 7 0]
 [0 6 2 8 9 5 7 3 1]
 [7 5 9 3 4 1 6 2 8]
 [8 1 0 7 2 6 9 4 5]]
Number of cells unfilled: 11
Accuracy: 86.41975308641975
Sample: 19838
Question:
[[5 0 0 2 0 0 3 0 0]
 [1 0 0 5 0 3 8 0 0]
 [0 0 0 0 7 0 0 0 9]
 [0 2 0 0 0 9 0 0 3]
 [0 0 5 8 0 0 0 0 0]
 [0 0 0 7 0 1 5 0 0]
 [0 8 0 6 0 0 0 0 0]
 [0 5 4 0 0 0 9 0 0]
 [0 0 3 0 4 0 0 0 1]]
Solution:
[[5 2 3 4 7 9 0 8 0]
 [9 7 6 5 8 2 3 1 4]
 [4 0 1 0 6 3 5 0 7]
 [0 8 7 6 1 4 2 5 3]
 [2 4 5 0 3 7 8 9 6]
 [6 3 0 9 5 8 1 7 0]
 [0 6 2 8 9 5 7 3 1]
 [7 5 9 3 4 1 6 2 8]
 [8 1 0 7 2 6 9 4 5]]
Number of cells unfilled: 11
Accuracy: 86.41975308641975
Sample: 19839
Question:
[[0 0 0 0 9 8 0 6 1]
 [6 0 0 0 0 0 0 9 0]
 [0 0 1 0 0 0 3 0 0]
 [0 1 0 0 0 7 2 0 0]
 [0 3 6 4 0 0 0 0 0]
 [0 0 0 9 0 0 8 0 0]
 [0 7 0 6 0 2 0 0 5]
 [8 0 0 5 0 0 0 0 3]
 [0 0 5 0 0 0 0 0 9]]
Solution:
[[5 2 3 4 7 9 0 8 0]
 [9 7 6 5 8 2 3 1 4]
 [4 0 1 0 6 3 5 0 7]
 [0 8 7 6 1 4 2 5 3]
 [2 4 5 0 3 7 8 9 6]
 [6 3 0 9 5 8 1 7 0]
 [0 6 2 8 9 5 7 3 1]
 [7 5 9 3 4 1 6 2 8]
 [8 1 0 7 2 6 9 4 5]]
Number of cells unfilled: 11
Accuracy: 86.41975308641975
Sample: 19840
Question:
[[0 9 0 3 0 0 0 0 0]
 [8 0 0 0 2 0 0 6 9]
 [0 0 2 0 0 0 1 0 0]
 [0 0 0 9 0 5 0 4 0]
 [0 0 0 0 4 0 0 5 8]
 [0 0 0 0 0 0 9 0 0]
 [0 0 4 0 0 0 7 0 0]
 [6 0 8 4 0 0 5 0 0]
 [0 2 0 0 6 0 0 9 4]]
Solution:
[[5 2 3 4 7 9 0 8 0]
 [9 7 6 5 8 2 3 1 4]
 [4 0 1 0 6 3 5 0 2]
 [0 8 7 6 1 4 2 5 3]
 [2 4 5 0 3 7 8 9 6]
 [6 3 0 9 5 8 1 7 0]
 [0 6 2 8 9 5 7 3 1]
 [7 5 9 3 4 1 6 2 8]
 [8 1 0 7 2 6 9 4 5]]
Number of cells unfilled: 11
Accuracy: 86.41975308641975
Sample: 19841
Question:
[[8 0 0 0 0 0 0 4 0]
 [2 0 6 0 0 8 0 1 0]
 [0 3 0 0 6 0 8 0 7]
 [0 0 0 0 0 0 0 0 0]
 [0 0 0 1 0 7 0 0 8]
 [7 0 0 0 8 0 2 0 1]
 [0 7 0 0 0 9 0 0 0]
 [3 0 0 0 0 0 0 5 0]
 [0 0 2 0 3 0 7 0 6]]
Solution:
[[5 2 3 4 7 9 0 8 0]
 [9 7 6 5 8 2 3 1 4]
 [4 0 1 0 6 3 5 0 7]
 [0 8 7 6 1 4 2 5 3]
 [2 4 5 0 3 7 8 9 6]
 [6 3 0 9 5 8 1 7 0]
 [0 6 2 8 9 5 7 3 1]
 [7 5 9 3 4 1 6 2 8]
 [8 1 0 7 2 6 9 4 5]]
Number of cells unfilled: 11
Accuracy: 86.41975308641975
Sample: 19842
Question:
[[2 0 0 0 5 0 8 0 0]
 [0 0 7 6 0 0 0 0 0]
 [0 3 0 0 0 9 0 0 0]
 [4 0 0 0 1 0 0 0 0]
 [0 0 0 0 0 0 4 0 1]
 [0 7 0 0 0 0 5 0 2]
 [0 0 0 0 2 0 0 0 4]
 [0 0 9 7 0 0 0 8 0]
 [0 6 0 0 0 3 0 0 0]]
Solution:
[[5 2 3 4 7 9 0 8 0]
 [9 7 6 5 8 2 3 1 4]
 [4 0 1 0 6 3 5 0 9]
 [0 8 7 6 1 4 2 5 3]
 [2 4 5 0 3 7 8 9 6]
 [6 3 0 9 5 8 1 7 0]
 [0 6 2 8 9 5 7 3 1]
 [7 5 9 3 4 1 6 2 8]
 [8 1 0 7 2 6 9 4 5]]
Number of cells unfilled: 11
Accuracy: 86.41975308641975
Sample: 19843
Question:
[[0 0 6 5 0 2 0 0 0]
 [0 3 0 0 8 0 2 0 0]
 [0 0 0 3 0 1 0 0 4]
 [0 0 4 0 0 0 0 7 0]
 [0 6 0 0 0 0 0 0 9]
 [0 2 0 0 0 3 1 0 0]
 [6 0 0 0 0 8 0 0 5]
 [0 5 0 1 0 0 8 0 0]
 [9 0 0 0 0 0 0 1 7]]
Solution:
[[5 2 3 4 7 9 0 8 0]
 [9 7 6 5 8 2 3 1 4]
 [4 0 1 0 6 3 5 0 9]
 [0 8 7 6 1 4 2 5 3]
 [2 4 5 0 3 7 8 9 6]
 [6 3 0 9 5 8 1 7 0]
 [0 6 2 8 9 5 7 3 1]
 [7 5 9 3 4 1 6 2 8]
 [8 1 0 7 2 6 9 4 5]]
Number of cells unfilled: 11
Accuracy: 86.41975308641975
Sample: 19844
Question:
[[0 0 9 5 0 0 0 0 7]
 [0 0 0 0 0 4 0 8 0]
 [1 0 0 0 6 0 0 0 2]
 [9 0 0 3 5 0 0 0 1]
 [0 0 0 0 0 9 0 0 0]
 [0 0 3 0 0 1 6 0 0]
 [7 0 5 0 0 0 2 1 0]
 [0 9 0 0 7 0 0 0 5]
 [3 0 1 0 0 0 0 0 0]]
Solution:
[[5 2 3 4 7 9 0 8 0]
 [9 7 6 5 8 2 3 1 4]
 [4 0 1 0 6 3 5 0 9]
 [0 8 7 6 1 4 2 5 3]
 [2 4 5 0 3 7 8 9 6]
 [6 3 0 9 5 8 1 7 0]
 [0 6 2 8 9 5 7 3 1]
 [7 5 9 3 4 1 6 2 8]
 [8 1 0 7 2 6 9 4 5]]
Number of cells unfilled: 11
Accuracy: 86.41975308641975
Sample: 19845
Question:
[[1 0 0 3 0 0 0 0 0]
 [0 0 4 0 2 0 0 1 8]
 [0 0 0 0 0 0 6 0 0]
 [0 0 2 0 7 0 0 0 4]
 [0 0 0 2 0 5 9 0 0]
 [0 0 8 0 4 0 0 3 0]
 [8 7 0 0 5 0 0 2 0]
 [0 0 5 0 0 2 0 0 0]
 [4 0 0 7 0 0 0 0 5]]
Solution:
[[5 2 3 4 7 9 0 8 0]
 [9 7 6 5 8 2 3 1 4]
 [4 0 1 0 6 3 5 0 7]
 [0 8 7 6 1 4 2 5 3]
 [2 4 5 0 3 7 8 9 6]
 [6 3 0 9 5 8 1 7 0]
 [0 6 2 8 9 5 7 3 1]
 [7 5 9 3 4 1 6 2 8]
 [8 1 0 7 2 6 9 4 5]]
Number of cells unfilled: 11
Accuracy: 86.41975308641975
Sample: 19846
Question:
[[8 0 0 0 0 3 9 0 0]
 [1 0 0 0 0 6 0 8 0]
 [0 6 5 0 0 0 0 0 7]
 [5 0 0 3 1 0 6 0 0]
 [0 1 0 8 6 0 0 5 0]
 [0 0 0 0 0 5 0 0 0]
 [6 0 0 0 0 8 4 3 0]
 [0 9 0 4 0 0 0 0 0]
 [0 0 0 0 0 0 0 0 2]]
Solution:
[[5 2 3 4 7 9 0 8 0]
 [9 7 6 5 8 2 3 1 4]
 [4 0 1 0 6 3 5 0 9]
 [0 8 7 6 1 4 2 5 3]
 [2 4 5 0 3 7 8 9 6]
 [6 3 0 9 5 8 1 7 0]
 [0 6 2 8 9 5 7 3 1]
 [7 5 9 3 4 1 6 2 8]
 [8 1 0 7 2 6 9 4 5]]
Number of cells unfilled: 11
Accuracy: 86.41975308641975
Sample: 19847
Question:
[[0 0 3 0 7 0 0 8 5]
 [0 4 8 0 0 0 0 0 0]
 [0 0 0 0 2 5 0 0 0]
 [1 0 0 0 4 7 0 0 0]
 [6 3 0 0 0 0 9 0 0]
 [0 0 0 0 0 0 0 6 0]
 [0 0 9 0 0 2 5 7 0]
 [8 0 0 0 0 0 0 9 3]
 [0 0 0 4 0 6 0 0 0]]
Solution:
[[5 2 3 4 7 9 0 8 0]
 [9 7 6 5 8 2 3 1 4]
 [4 0 1 0 6 3 5 0 7]
 [0 8 7 6 1 4 2 5 3]
 [2 4 5 0 3 7 8 9 6]
 [6 3 0 9 5 8 1 7 0]
 [0 6 2 8 9 5 7 3 1]
 [7 5 9 3 4 1 6 2 8]
 [8 1 0 7 2 6 9 4 5]]
Number of cells unfilled: 11
Accuracy: 86.41975308641975
Sample: 19848
Question:
[[0 0 0 3 2 0 0 0 5]
 [0 1 0 8 7 0 6 0 0]
 [3 0 0 0 0 9 0 7 0]
 [0 0 1 0 0 0 0 0 8]
 [8 0 0 9 0 0 0 2 0]
 [0 4 0 0 8 0 5 0 0]
 [7 0 0 0 9 0 0 8 0]
 [0 0 6 0 0 0 4 0 0]
 [0 9 0 2 0 0 0 0 0]]
Solution:
[[5 2 3 4 7 9 0 8 0]
 [9 7 6 5 8 2 3 1 4]
 [4 0 1 0 6 3 5 0 9]
 [0 8 7 6 1 4 2 5 3]
 [2 4 5 0 3 7 8 9 6]
 [6 3 0 9 5 8 1 7 0]
 [0 6 2 8 9 5 7 3 1]
 [7 5 9 3 4 1 6 2 8]
 [8 1 0 7 2 6 9 4 5]]
Number of cells unfilled: 11
Accuracy: 86.41975308641975
Sample: 19849
Question:
[[0 0 0 0 0 0 0 8 5]
 [8 0 0 0 0 5 0 0 0]
 [0 0 5 7 0 0 2 0 0]
 [9 0 2 0 7 0 1 0 0]
 [0 0 0 9 0 2 0 6 0]
 [0 4 0 0 0 1 0 0 0]
 [6 0 3 1 0 0 0 0 0]
 [2 0 0 0 0 7 3 0 0]
 [4 5 0 0 3 0 0 0 1]]
Solution:
[[5 2 3 4 7 9 0 8 0]
 [9 7 6 5 8 2 3 1 4]
 [4 0 1 0 6 3 5 0 9]
 [0 8 7 6 1 4 2 5 3]
 [2 4 5 0 3 7 8 9 6]
 [6 3 0 9 5 8 1 7 0]
 [0 6 2 8 9 5 7 3 1]
 [7 5 9 3 4 1 6 2 8]
 [8 1 0 7 2 6 9 4 5]]
Number of cells unfilled: 11
Accuracy: 86.41975308641975
Sample: 19850
Question:
[[0 0 3 0 0 0 2 0 0]
 [0 0 0 0 0 7 4 0 0]
 [0 7 0 1 0 0 0 0 6]
 [0 8 0 0 0 1 0 0 0]
 [0 0 9 0 7 0 0 0 8]
 [7 0 6 8 0 0 0 0 0]
 [0 6 0 0 1 0 0 0 4]
 [5 0 0 0 0 4 0 0 0]
 [0 9 0 6 3 5 0 2 1]]
Solution:
[[5 2 3 4 7 9 0 8 0]
 [9 7 6 5 8 2 3 1 4]
 [4 0 1 0 6 3 5 0 2]
 [0 8 7 6 1 4 2 5 3]
 [2 4 5 0 3 7 8 9 6]
 [6 3 0 9 5 8 1 7 0]
 [0 6 2 8 9 5 7 3 1]
 [7 5 9 3 4 1 6 2 8]
 [8 1 0 7 2 6 9 4 5]]
Number of cells unfilled: 11
Accuracy: 86.41975308641975
Sample: 19851
Question:
[[0 4 0 0 3 6 8 0 0]
 [8 0 0 0 0 9 0 0 0]
 [0 0 7 0 8 2 0 0 4]
 [0 0 3 0 0 1 0 0 0]
 [0 0 0 0 0 0 3 1 0]
 [7 0 0 3 0 0 0 0 2]
 [0 0 8 0 6 7 0 0 0]
 [0 7 0 2 0 0 0 0 8]
 [5 0 2 0 0 0 0 9 0]]
Solution:
[[5 2 3 4 7 9 0 8 0]
 [9 7 6 5 8 2 3 1 4]
 [4 0 1 0 6 3 5 0 2]
 [0 8 7 6 1 4 2 5 3]
 [2 4 5 0 3 7 8 9 6]
 [6 3 0 9 5 8 1 7 0]
 [0 6 2 8 9 5 7 3 1]
 [7 5 9 3 4 1 6 2 8]
 [8 1 0 7 2 6 9 4 5]]
Number of cells unfilled: 11
Accuracy: 86.41975308641975
Sample: 19852
Question:
[[0 7 0 0 6 0 0 0 1]
 [0 4 0 8 0 0 9 7 5]
 [9 0 0 0 0 0 6 0 0]
 [0 3 0 0 7 0 0 1 0]
 [0 0 5 0 0 8 0 0 0]
 [0 0 0 0 0 6 3 0 0]
 [0 0 4 0 2 0 0 0 3]
 [0 2 0 0 0 0 1 0 0]
 [3 0 7 0 0 1 0 2 0]]
Solution:
[[5 2 3 4 7 9 0 8 0]
 [9 7 6 5 8 2 3 1 4]
 [4 0 1 0 6 3 5 0 2]
 [0 8 7 6 1 4 2 5 3]
 [2 4 5 0 3 7 8 9 6]
 [6 3 0 9 5 8 1 7 0]
 [0 6 2 8 9 5 7 3 1]
 [7 5 9 3 4 1 6 2 8]
 [8 1 0 7 2 6 9 4 5]]
Number of cells unfilled: 11
Accuracy: 86.41975308641975
Sample: 19853
Question:
[[0 9 0 0 0 3 0 0 1]
 [0 0 6 5 9 4 0 8 0]
 [0 0 5 1 0 0 0 0 0]
 [0 6 0 3 0 0 0 0 0]
 [9 0 7 0 6 0 0 1 0]
 [2 0 0 0 0 7 0 0 6]
 [0 7 0 0 3 0 0 0 9]
 [0 0 0 7 0 0 1 0 0]
 [4 0 0 0 0 0 8 0 0]]
Solution:
[[5 2 3 4 7 9 0 8 0]
 [9 7 6 5 8 2 3 1 4]
 [4 0 1 0 6 3 5 0 9]
 [0 8 7 6 1 4 2 5 3]
 [2 4 5 0 3 7 8 9 6]
 [6 3 0 9 5 8 1 7 0]
 [0 6 2 8 9 5 7 3 1]
 [7 5 9 3 4 1 6 2 8]
 [8 1 0 7 2 6 9 4 5]]
Number of cells unfilled: 11
Accuracy: 86.41975308641975
Sample: 19854
Question:
[[4 1 2 0 0 9 8 0 0]
 [0 0 0 7 0 0 0 0 2]
 [0 7 5 0 0 0 1 0 0]
 [0 0 0 0 7 0 2 0 0]
 [0 0 3 2 0 0 0 0 5]
 [0 0 0 0 9 0 0 4 0]
 [5 0 0 8 0 0 0 6 0]
 [0 3 0 0 0 0 0 0 8]
 [0 0 8 0 0 7 5 2 0]]
Solution:
[[5 2 3 4 7 9 0 8 0]
 [9 7 6 5 8 2 3 1 4]
 [4 0 1 0 6 3 5 0 7]
 [0 8 7 6 1 4 2 5 3]
 [2 4 5 0 3 7 8 9 6]
 [6 3 0 9 5 8 1 7 0]
 [0 6 2 8 9 5 7 3 1]
 [7 5 9 3 4 1 6 2 8]
 [8 1 0 7 2 6 9 4 5]]
Number of cells unfilled: 11
Accuracy: 86.41975308641975
Sample: 19855
Question:
[[0 0 0 0 0 0 0 6 0]
 [7 0 0 5 0 0 0 0 4]
 [0 8 0 0 4 9 0 0 0]
 [9 0 0 0 0 1 0 0 5]
 [0 7 0 0 5 0 0 2 0]
 [0 0 3 2 0 0 0 7 0]
 [0 6 0 1 0 0 0 8 0]
 [0 0 0 0 0 0 3 0 0]
 [1 0 0 0 2 0 0 0 7]]
Solution:
[[5 2 3 4 7 9 0 8 0]
 [9 7 6 5 8 2 3 1 4]
 [4 0 1 0 6 3 5 0 2]
 [0 8 7 6 1 4 2 5 3]
 [2 4 5 0 3 7 8 9 6]
 [6 3 0 9 5 8 1 7 0]
 [0 6 2 8 9 5 7 3 1]
 [7 5 9 3 4 1 6 2 8]
 [8 1 0 7 2 6 9 4 5]]
Number of cells unfilled: 11
Accuracy: 86.41975308641975
Sample: 19856
Question:
[[0 0 4 0 2 0 0 1 0]
 [0 2 0 0 0 5 0 0 3]
 [0 0 0 0 7 0 8 0 0]
 [0 0 3 0 0 6 0 5 0]
 [0 9 0 2 0 0 0 0 6]
 [8 0 0 0 5 0 0 3 0]
 [0 0 1 9 0 0 0 0 0]
 [0 3 0 0 6 0 0 0 7]
 [0 0 0 0 0 0 0 4 0]]
Solution:
[[5 2 3 4 7 9 0 8 0]
 [9 7 6 5 8 2 3 1 4]
 [4 0 1 0 6 3 5 0 9]
 [0 8 7 6 1 4 2 5 3]
 [2 4 5 0 3 7 8 9 6]
 [6 3 0 9 5 8 1 7 0]
 [0 6 2 8 9 5 7 3 1]
 [7 5 9 3 4 1 6 2 8]
 [8 1 0 7 2 6 9 4 5]]
Number of cells unfilled: 11
Accuracy: 86.41975308641975
Sample: 19857
Question:
[[0 7 2 0 9 0 0 6 0]
 [5 0 0 2 0 0 0 0 8]
 [0 0 8 0 0 6 0 0 0]
 [0 0 0 0 0 0 5 0 0]
 [0 9 0 0 0 2 0 8 0]
 [0 0 4 9 0 0 0 0 3]
 [0 0 0 0 0 0 0 0 4]
 [0 8 0 6 0 0 0 1 0]
 [0 0 3 0 7 1 0 0 0]]
Solution:
[[5 2 3 4 7 9 0 8 0]
 [9 7 6 5 8 2 3 1 4]
 [4 0 1 0 6 3 5 0 7]
 [0 8 7 6 1 4 2 5 3]
 [2 4 5 0 3 7 8 9 6]
 [6 3 0 9 5 8 1 7 0]
 [0 6 2 8 9 5 7 3 1]
 [7 5 9 3 4 1 6 2 8]
 [8 1 0 7 2 6 9 4 5]]
Number of cells unfilled: 11
Accuracy: 86.41975308641975
Sample: 19858
Question:
[[2 0 0 7 9 0 4 0 0]
 [8 0 0 0 0 0 0 0 0]
 [6 0 0 0 0 0 9 0 1]
 [0 9 0 0 0 3 6 0 0]
 [0 0 6 2 0 0 0 0 0]
 [0 0 1 0 6 0 2 3 7]
 [0 0 0 4 0 5 0 6 0]
 [0 0 0 0 3 0 0 0 0]
 [9 3 5 0 7 0 1 0 0]]
Solution:
[[5 2 3 4 7 9 0 8 0]
 [9 7 6 5 8 2 3 1 4]
 [4 0 1 0 6 3 5 0 9]
 [0 8 7 6 1 4 2 5 3]
 [2 4 5 0 3 7 8 9 6]
 [6 3 0 9 5 8 1 7 0]
 [0 6 2 8 9 5 7 3 1]
 [7 5 9 3 4 1 6 2 8]
 [8 1 0 7 2 6 9 4 5]]
Number of cells unfilled: 11
Accuracy: 86.41975308641975
Sample: 19859
Question:
[[0 0 1 0 5 0 0 0 0]
 [0 3 0 0 0 8 5 0 0]
 [6 0 0 0 0 0 0 0 2]
 [0 9 0 0 3 0 7 5 0]
 [0 0 0 0 0 0 0 0 6]
 [4 0 0 0 0 0 0 1 0]
 [0 0 4 0 8 3 0 0 0]
 [0 0 0 0 7 9 0 0 5]
 [0 7 0 5 0 0 8 3 0]]
Solution:
[[5 2 3 4 7 9 0 8 0]
 [9 7 6 5 8 2 3 1 4]
 [4 0 1 0 6 3 5 0 7]
 [0 8 7 6 1 4 2 5 3]
 [2 4 5 0 3 7 8 9 6]
 [6 3 0 9 5 8 1 7 0]
 [0 6 2 8 9 5 7 3 1]
 [7 5 9 3 4 1 6 2 8]
 [8 1 0 7 2 6 9 4 5]]
Number of cells unfilled: 11
Accuracy: 86.41975308641975
Sample: 19860
Question:
[[7 0 0 2 0 0 3 0 0]
 [4 3 0 0 0 9 0 5 0]
 [0 1 0 0 0 6 0 0 9]
 [0 0 8 0 2 0 0 6 1]
 [0 2 0 0 6 3 0 7 0]
 [5 7 0 0 0 4 0 0 3]
 [6 0 3 9 0 0 0 0 7]
 [0 4 0 0 0 5 8 0 0]
 [0 0 7 4 0 1 5 9 0]]
Solution:
[[5 2 3 4 7 9 0 8 0]
 [9 7 6 5 8 2 3 1 4]
 [4 0 1 0 6 3 5 0 2]
 [0 8 7 6 1 4 2 5 3]
 [2 4 5 0 3 7 8 9 6]
 [6 3 0 9 5 8 1 7 0]
 [0 6 2 8 9 5 7 3 1]
 [7 5 9 3 4 1 6 2 8]
 [8 1 0 7 2 6 9 4 5]]
Number of cells unfilled: 11
Accuracy: 86.41975308641975
Sample: 19861
Question:
[[0 0 8 0 0 3 0 0 0]
 [5 0 0 0 6 0 7 0 0]
 [0 0 9 0 0 4 0 0 2]
 [0 0 0 9 0 0 0 0 0]
 [0 0 4 0 0 0 5 0 0]
 [1 0 0 0 2 0 0 0 7]
 [0 8 0 6 0 0 2 0 5]
 [0 0 5 3 0 0 1 0 6]
 [6 0 0 0 5 0 0 7 0]]
Solution:
[[5 2 3 4 7 9 0 8 0]
 [9 7 6 5 8 2 3 1 4]
 [4 0 1 0 6 3 5 0 2]
 [0 8 7 6 1 4 2 5 3]
 [2 4 5 0 3 7 8 9 6]
 [6 3 0 9 5 8 1 7 0]
 [0 6 2 8 9 5 7 3 1]
 [7 5 9 3 4 1 6 2 8]
 [8 1 0 7 2 6 9 4 5]]
Number of cells unfilled: 11
Accuracy: 86.41975308641975
Sample: 19862
Question:
[[0 0 0 0 0 0 0 0 2]
 [7 5 0 2 1 0 9 0 4]
 [0 0 9 0 4 7 5 0 0]
 [0 0 0 0 0 0 0 0 0]
 [8 0 0 0 0 0 0 0 1]
 [3 0 0 0 0 0 7 5 0]
 [1 4 0 0 7 2 0 0 0]
 [0 0 0 1 5 0 4 0 0]
 [5 0 7 9 0 0 0 2 0]]
Solution:
[[5 2 3 4 7 9 0 8 0]
 [9 7 6 5 8 2 3 1 4]
 [4 0 1 0 6 3 5 0 7]
 [0 8 7 6 1 4 2 5 3]
 [2 4 5 0 3 7 8 9 6]
 [6 3 0 9 5 8 1 7 0]
 [0 6 2 8 9 5 7 3 1]
 [7 5 9 3 4 1 6 2 8]
 [8 1 0 7 2 6 9 4 5]]
Number of cells unfilled: 11
Accuracy: 86.41975308641975
Sample: 19863
Question:
[[0 0 0 0 0 0 0 9 0]
 [8 0 0 9 1 0 0 0 0]
 [0 0 6 0 7 2 1 0 0]
 [0 2 0 0 0 7 0 6 0]
 [4 0 3 0 6 0 0 0 8]
 [0 0 0 0 2 0 0 0 1]
 [0 0 0 0 8 1 2 0 6]
 [0 8 0 0 0 6 0 0 9]
 [0 0 0 0 9 0 0 7 0]]
Solution:
[[5 2 3 4 7 9 0 8 0]
 [9 7 6 5 8 2 3 1 4]
 [4 0 1 0 6 3 5 0 2]
 [0 8 7 6 1 4 2 5 3]
 [2 4 5 0 3 7 8 9 6]
 [6 3 0 9 5 8 1 7 0]
 [0 6 2 8 9 5 7 3 1]
 [7 5 9 3 4 1 6 2 8]
 [8 1 0 7 2 6 9 4 5]]
Number of cells unfilled: 11
Accuracy: 86.41975308641975
Sample: 19864
Question:
[[0 0 0 4 2 0 0 6 0]
 [2 0 0 0 9 8 0 0 5]
 [0 4 0 0 0 0 0 0 0]
 [0 0 4 0 0 5 6 0 0]
 [0 9 0 8 4 0 0 0 0]
 [8 0 5 0 6 2 0 0 0]
 [0 0 6 0 5 0 0 3 7]
 [0 0 2 0 0 0 0 0 0]
 [0 5 0 0 0 9 8 0 0]]
Solution:
[[5 2 3 4 7 9 0 8 0]
 [9 7 6 5 8 2 3 1 4]
 [4 0 1 0 6 3 5 0 9]
 [0 8 7 6 1 4 2 5 3]
 [2 4 5 0 3 7 8 9 6]
 [6 3 0 9 5 8 1 7 0]
 [0 6 2 8 9 5 7 3 1]
 [7 5 9 3 4 1 6 2 8]
 [8 1 0 7 2 6 9 4 5]]
Number of cells unfilled: 11
Accuracy: 86.41975308641975
Sample: 19865
Question:
[[0 0 1 8 0 0 0 0 0]
 [3 0 8 4 7 0 0 0 0]
 [7 6 0 0 1 3 0 0 0]
 [0 0 4 0 0 0 0 0 0]
 [0 0 7 0 8 0 9 0 2]
 [0 8 0 6 0 0 0 3 0]
 [4 0 0 3 6 0 0 0 8]
 [0 1 0 0 0 0 0 0 0]
 [0 0 0 0 4 1 7 0 0]]
Solution:
[[5 2 3 4 7 9 0 8 0]
 [9 7 6 5 8 2 3 1 4]
 [4 0 1 0 6 3 5 0 9]
 [0 8 7 6 1 4 2 5 3]
 [2 4 5 0 3 7 8 9 6]
 [6 3 0 9 5 8 1 7 0]
 [0 6 2 8 9 5 7 3 1]
 [7 5 9 3 4 1 6 2 8]
 [8 1 0 7 2 6 9 4 5]]
Number of cells unfilled: 11
Accuracy: 86.41975308641975
Sample: 19866
Question:
[[0 0 3 0 8 0 0 0 0]
 [0 0 0 0 0 1 0 3 0]
 [0 0 0 0 0 5 0 0 6]
 [0 4 0 0 6 0 7 0 3]
 [8 3 0 0 0 0 0 0 2]
 [6 0 7 2 0 0 0 0 0]
 [2 0 6 0 4 0 0 0 8]
 [0 0 0 0 0 2 0 7 0]
 [3 7 0 8 0 6 0 2 4]]
Solution:
[[5 2 3 4 7 9 0 8 0]
 [9 7 6 5 8 2 3 1 4]
 [4 0 1 0 6 3 5 0 9]
 [0 8 7 6 1 4 2 5 3]
 [2 4 5 0 3 7 8 9 6]
 [6 3 0 9 5 8 1 7 0]
 [0 6 2 8 9 5 7 3 1]
 [7 5 9 3 4 1 6 2 8]
 [8 1 0 7 2 6 9 4 5]]
Number of cells unfilled: 11
Accuracy: 86.41975308641975
Sample: 19867
Question:
[[0 0 5 0 3 9 0 0 0]
 [0 0 7 0 0 0 0 0 6]
 [0 8 0 0 0 0 4 0 0]
 [5 4 0 0 0 0 0 6 1]
 [6 0 8 0 0 0 7 0 5]
 [0 0 1 0 0 0 8 0 0]
 [0 0 6 0 0 5 0 1 7]
 [0 1 0 0 6 0 0 8 0]
 [7 0 0 0 8 0 0 0 4]]
Solution:
[[5 2 3 4 7 9 0 8 0]
 [9 7 6 5 8 2 3 1 4]
 [4 0 1 0 6 3 5 0 7]
 [0 8 7 6 1 4 2 5 3]
 [2 4 5 0 3 7 8 9 6]
 [6 3 0 9 5 8 1 7 0]
 [0 6 2 8 9 5 7 3 1]
 [7 5 9 3 4 1 6 2 8]
 [8 1 0 7 2 6 9 4 5]]
Number of cells unfilled: 11
Accuracy: 86.41975308641975
Sample: 19868
Question:
[[0 0 8 0 0 0 0 0 4]
 [0 7 4 0 2 0 0 0 0]
 [6 5 0 0 0 8 0 7 0]
 [8 0 0 2 0 0 4 0 0]
 [7 2 0 0 0 0 8 6 0]
 [0 4 0 0 0 0 0 0 5]
 [0 0 0 0 9 1 2 0 0]
 [5 0 0 6 0 0 0 0 8]
 [0 6 0 0 0 0 7 0 0]]
Solution:
[[5 2 3 4 7 9 0 8 0]
 [9 7 6 5 8 2 3 1 4]
 [4 0 1 0 6 3 5 0 2]
 [0 8 7 6 1 4 2 5 3]
 [2 4 5 0 3 7 8 9 6]
 [6 3 0 9 5 8 1 7 0]
 [0 6 2 8 9 5 7 3 1]
 [7 5 9 3 4 1 6 2 8]
 [8 1 0 7 2 6 9 4 5]]
Number of cells unfilled: 11
Accuracy: 86.41975308641975
Sample: 19869
Question:
[[0 0 8 0 7 0 0 0 0]
 [4 3 0 8 0 6 0 0 0]
 [0 6 7 3 1 0 0 0 0]
 [8 0 0 0 0 0 0 0 6]
 [0 1 0 4 0 0 0 0 7]
 [0 0 6 1 0 8 3 0 0]
 [0 0 3 7 0 0 9 0 5]
 [7 0 0 0 4 0 0 0 0]
 [0 0 1 6 0 0 0 0 0]]
Solution:
[[5 2 3 4 7 9 0 8 0]
 [9 7 6 5 8 2 3 1 4]
 [4 0 1 0 6 3 5 0 2]
 [0 8 7 6 1 4 2 5 3]
 [2 4 5 0 3 7 8 9 6]
 [6 3 0 9 5 8 1 7 0]
 [0 6 2 8 9 5 7 3 1]
 [7 5 9 3 4 1 6 2 8]
 [8 1 0 7 2 6 9 4 5]]
Number of cells unfilled: 11
Accuracy: 86.41975308641975
Sample: 19870
Question:
[[0 1 7 0 0 0 0 0 9]
 [2 0 6 0 7 0 0 3 0]
 [0 3 0 1 0 0 0 0 0]
 [0 2 1 6 9 0 0 0 0]
 [3 0 0 0 0 1 0 0 0]
 [7 0 9 0 2 3 0 0 0]
 [0 0 0 0 0 9 0 4 8]
 [6 0 0 3 0 0 2 0 0]
 [0 0 2 0 0 7 0 0 0]]
Solution:
[[5 2 3 4 7 9 0 8 0]
 [9 7 6 5 8 2 3 1 4]
 [4 0 1 0 6 3 5 0 2]
 [0 8 7 6 1 4 2 5 3]
 [2 4 5 0 3 7 8 9 6]
 [6 3 0 9 5 8 1 7 0]
 [0 6 2 8 9 5 7 3 1]
 [7 5 9 3 4 1 6 2 8]
 [8 1 0 7 2 6 9 4 5]]
Number of cells unfilled: 11
Accuracy: 86.41975308641975
Sample: 19871
Question:
[[0 2 1 0 0 0 5 0 6]
 [5 8 0 0 0 6 0 0 0]
 [3 0 0 1 0 0 8 2 0]
 [0 0 0 0 5 0 4 0 0]
 [0 0 0 0 0 2 9 0 0]
 [0 0 0 0 0 0 0 8 0]
 [8 0 0 2 1 0 0 0 0]
 [1 5 0 0 6 3 0 0 0]
 [0 6 2 0 0 8 0 3 0]]
Solution:
[[5 2 3 4 7 9 0 8 0]
 [9 7 6 5 8 2 3 1 4]
 [4 0 1 0 6 3 5 0 9]
 [0 8 7 6 1 4 2 5 3]
 [2 4 5 0 3 7 8 9 6]
 [6 3 0 9 5 8 1 7 0]
 [0 6 2 8 9 5 7 3 1]
 [7 5 9 3 4 1 6 2 8]
 [8 1 0 7 2 6 9 4 5]]
Number of cells unfilled: 11
Accuracy: 86.41975308641975
Sample: 19872
Question:
[[0 3 0 0 0 0 6 0 0]
 [0 0 5 0 0 0 2 0 0]
 [0 0 0 0 0 0 0 0 7]
 [0 4 0 0 7 0 0 0 0]
 [0 0 0 1 0 5 0 0 8]
 [0 1 8 3 4 0 5 7 0]
 [0 0 1 7 3 0 0 0 0]
 [4 0 0 0 8 0 0 0 5]
 [0 7 0 5 0 4 3 1 0]]
Solution:
[[5 2 3 4 7 9 0 8 0]
 [9 7 6 5 8 2 3 1 4]
 [4 0 1 0 6 3 5 0 9]
 [0 8 7 6 1 4 2 5 3]
 [2 4 5 0 3 7 8 9 6]
 [6 3 0 9 5 8 1 7 0]
 [0 6 2 8 9 5 7 3 1]
 [7 5 9 3 4 1 6 2 8]
 [8 1 0 7 2 6 9 4 5]]
Number of cells unfilled: 11
Accuracy: 86.41975308641975
Sample: 19873
Question:
[[0 4 0 8 0 0 0 0 0]
 [5 0 0 0 0 0 0 0 8]
 [0 9 0 0 2 0 0 0 0]
 [2 0 0 0 0 6 7 0 0]
 [0 8 3 5 0 0 0 2 6]
 [0 0 0 0 3 0 0 5 0]
 [0 0 0 6 0 2 5 0 0]
 [7 0 0 0 0 0 0 3 2]
 [0 0 5 3 7 0 6 8 0]]
Solution:
[[5 2 3 4 7 9 0 8 0]
 [9 7 6 5 8 2 3 1 4]
 [4 0 1 0 6 3 5 0 7]
 [0 8 7 6 1 4 2 5 3]
 [2 4 5 0 3 7 8 9 6]
 [6 3 0 9 5 8 1 7 0]
 [0 6 2 8 9 5 7 3 1]
 [7 5 9 3 4 1 6 2 8]
 [8 1 0 7 2 6 9 4 5]]
Number of cells unfilled: 11
Accuracy: 86.41975308641975
Sample: 19874
Question:
[[0 6 8 0 2 4 9 0 1]
 [0 0 0 9 0 6 0 8 0]
 [0 2 0 0 1 0 0 0 0]
 [0 0 9 0 0 0 7 0 0]
 [0 0 0 4 0 0 0 1 0]
 [0 4 0 0 0 0 3 0 0]
 [2 0 0 0 8 0 0 9 0]
 [0 1 0 2 0 9 4 0 6]
 [0 0 6 0 0 1 0 0 0]]
Solution:
[[5 2 3 4 7 9 0 8 0]
 [9 7 6 5 8 2 3 1 4]
 [4 0 1 0 6 3 5 0 9]
 [0 8 7 6 1 4 2 5 3]
 [2 4 5 0 3 7 8 9 6]
 [6 3 0 9 5 8 1 7 0]
 [0 6 2 8 9 5 7 3 1]
 [7 5 9 3 4 1 6 2 8]
 [8 1 0 7 2 6 9 4 5]]
Number of cells unfilled: 11
Accuracy: 86.41975308641975
Sample: 19875
Question:
[[0 7 2 0 0 4 0 0 0]
 [3 0 9 0 0 0 0 0 4]
 [0 6 0 0 3 7 0 9 0]
 [9 0 4 0 0 2 0 6 0]
 [0 2 0 3 0 0 4 0 0]
 [0 3 7 4 0 6 9 0 0]
 [7 0 0 0 0 0 0 2 0]
 [0 0 0 0 0 9 5 0 0]
 [0 0 0 7 0 0 8 0 0]]
Solution:
[[5 2 3 4 7 9 0 8 0]
 [9 7 6 5 8 2 3 1 4]
 [4 0 1 0 6 3 5 0 7]
 [0 8 7 6 1 4 2 5 3]
 [2 4 5 0 3 7 8 9 6]
 [6 3 0 9 5 8 1 7 0]
 [0 6 2 8 9 5 7 3 1]
 [7 5 9 3 4 1 6 2 8]
 [8 1 0 7 2 6 9 4 5]]
Number of cells unfilled: 11
Accuracy: 86.41975308641975
Sample: 19876
Question:
[[0 8 0 0 0 9 0 0 0]
 [3 0 0 0 0 0 0 7 0]
 [0 5 0 7 0 0 0 0 0]
 [0 0 1 0 0 0 9 2 0]
 [9 0 0 0 2 7 0 0 6]
 [0 0 0 0 0 1 3 0 7]
 [6 0 0 0 0 3 1 9 0]
 [0 1 0 2 9 0 0 0 0]
 [0 0 3 1 0 6 7 0 2]]
Solution:
[[5 2 3 4 7 9 0 8 0]
 [9 7 6 5 8 2 3 1 4]
 [4 0 1 0 6 3 5 0 9]
 [0 8 7 6 1 4 2 5 3]
 [2 4 5 0 3 7 8 9 6]
 [6 3 0 9 5 8 1 7 0]
 [0 6 2 8 9 5 7 3 1]
 [7 5 9 3 4 1 6 2 8]
 [8 1 0 7 2 6 9 4 5]]
Number of cells unfilled: 11
Accuracy: 86.41975308641975
Sample: 19877
Question:
[[0 9 0 0 0 8 0 0 0]
 [6 0 0 0 7 0 0 0 0]
 [0 7 0 0 0 1 5 0 2]
 [0 0 0 0 4 0 0 0 9]
 [0 8 4 0 0 9 1 0 0]
 [9 6 0 8 0 0 0 0 7]
 [8 1 0 9 0 7 0 0 0]
 [7 0 0 0 0 4 0 0 0]
 [0 4 0 1 6 0 0 0 0]]
Solution:
[[5 2 3 4 7 9 0 8 0]
 [9 7 6 5 8 2 3 1 4]
 [4 0 1 0 6 3 5 0 7]
 [0 8 7 6 1 4 2 5 3]
 [2 4 5 0 3 7 8 9 6]
 [6 3 0 9 5 8 1 7 0]
 [0 6 2 8 9 5 7 3 1]
 [7 5 9 3 4 1 6 2 8]
 [8 1 0 7 2 6 9 4 5]]
Number of cells unfilled: 11
Accuracy: 86.41975308641975
Sample: 19878
Question:
[[0 9 3 0 0 0 0 0 0]
 [2 0 8 4 0 0 3 5 0]
 [4 0 0 0 2 0 0 8 9]
 [0 0 0 0 0 0 0 0 0]
 [0 0 5 0 0 1 0 0 0]
 [9 4 0 0 0 6 0 0 0]
 [0 0 0 8 0 5 0 9 3]
 [8 0 0 0 0 0 5 4 0]
 [0 3 0 0 9 4 2 0 0]]
Solution:
[[5 2 3 4 7 9 0 8 0]
 [9 7 6 5 8 2 3 1 4]
 [4 0 1 0 6 3 5 0 7]
 [0 8 7 6 1 4 2 5 3]
 [2 4 5 0 3 7 8 9 6]
 [6 3 0 9 5 8 1 7 0]
 [0 6 2 8 9 5 7 3 1]
 [7 5 9 3 4 1 6 2 8]
 [8 1 0 7 2 6 9 4 5]]
Number of cells unfilled: 11
Accuracy: 86.41975308641975
Sample: 19879
Question:
[[4 0 0 0 0 0 1 7 0]
 [7 8 0 0 4 0 0 5 9]
 [0 5 1 9 0 0 0 0 0]
 [9 0 0 1 0 0 7 0 0]
 [8 4 0 0 0 0 0 0 5]
 [0 1 7 0 5 8 0 4 0]
 [0 0 0 4 0 0 0 0 0]
 [0 0 0 0 0 2 0 0 1]
 [0 0 0 0 0 6 0 8 0]]
Solution:
[[5 2 3 4 7 9 0 8 0]
 [9 7 6 5 8 2 3 1 4]
 [4 0 1 0 6 3 5 0 2]
 [0 8 7 6 1 4 2 5 3]
 [2 4 5 0 3 7 8 9 6]
 [6 3 0 9 5 8 1 7 0]
 [0 6 2 8 9 5 7 3 1]
 [7 5 9 3 4 1 6 2 8]
 [8 1 0 7 2 6 9 4 5]]
Number of cells unfilled: 11
Accuracy: 86.41975308641975
Sample: 19880
Question:
[[4 0 0 0 5 0 0 9 0]
 [5 0 0 4 0 1 0 0 8]
 [0 2 0 0 9 8 4 0 0]
 [0 0 0 0 0 9 0 1 2]
 [0 0 0 5 0 0 9 0 0]
 [0 0 0 8 0 2 5 0 4]
 [6 7 0 0 0 0 2 0 0]
 [0 0 0 1 0 0 0 5 0]
 [0 0 0 0 0 4 8 0 0]]
Solution:
[[5 2 3 4 7 9 0 8 0]
 [9 7 6 5 8 2 3 1 4]
 [4 0 1 0 6 3 5 0 7]
 [0 8 7 6 1 4 2 5 3]
 [2 4 5 0 3 7 8 9 6]
 [6 3 0 9 5 8 1 7 0]
 [0 6 2 8 9 5 7 3 1]
 [7 5 9 3 4 1 6 2 8]
 [8 1 0 7 2 6 9 4 5]]
Number of cells unfilled: 11
Accuracy: 86.41975308641975
Sample: 19881
Question:
[[7 0 0 0 8 0 0 0 0]
 [0 0 0 0 0 1 7 0 0]
 [0 0 0 0 0 2 0 6 0]
 [0 7 5 0 0 0 9 3 0]
 [0 0 8 0 0 0 5 0 6]
 [6 9 0 0 3 0 0 8 0]
 [5 6 0 9 0 7 0 0 0]
 [0 0 3 0 6 8 0 0 5]
 [0 8 0 0 0 0 0 9 0]]
Solution:
[[5 2 3 4 7 9 0 8 0]
 [9 7 6 5 8 2 3 1 4]
 [4 0 1 0 6 3 5 0 9]
 [0 8 7 6 1 4 2 5 3]
 [2 4 5 0 3 7 8 9 6]
 [6 3 0 9 5 8 1 7 0]
 [0 6 2 8 9 5 7 3 1]
 [7 5 9 3 4 1 6 2 8]
 [8 1 0 7 2 6 9 4 5]]
Number of cells unfilled: 11
Accuracy: 86.41975308641975
Sample: 19882
Question:
[[8 0 0 0 0 7 9 6 0]
 [0 0 9 0 3 0 0 0 4]
 [1 0 0 0 0 9 5 0 0]
 [6 0 0 0 0 2 0 0 0]
 [0 1 0 0 0 8 0 0 0]
 [0 0 3 0 4 0 6 0 0]
 [0 0 6 0 9 0 0 5 0]
 [0 0 0 0 0 3 4 0 0]
 [0 2 0 7 0 0 0 9 0]]
Solution:
[[5 2 3 4 7 9 0 8 0]
 [9 7 6 5 8 2 3 1 4]
 [4 0 1 0 6 3 5 0 9]
 [0 8 7 6 1 4 2 5 3]
 [2 4 5 0 3 7 8 9 6]
 [6 3 0 9 5 8 1 7 0]
 [0 6 2 8 9 5 7 3 1]
 [7 5 9 3 4 1 6 2 8]
 [8 1 0 7 2 6 9 4 5]]
Number of cells unfilled: 11
Accuracy: 86.41975308641975
Sample: 19883
Question:
[[0 0 4 0 0 1 0 0 9]
 [0 8 0 4 0 0 0 5 0]
 [9 0 0 0 3 0 4 0 0]
 [0 0 0 0 0 2 0 0 6]
 [0 5 0 0 1 0 9 0 0]
 [8 0 0 9 0 0 0 7 0]
 [7 0 0 0 0 0 0 9 0]
 [3 0 0 0 0 6 0 0 2]
 [0 1 0 0 0 0 3 0 0]]
Solution:
[[5 2 3 4 7 9 0 8 0]
 [9 7 6 5 8 2 3 1 4]
 [4 0 1 0 6 3 5 0 9]
 [0 8 7 6 1 4 2 5 3]
 [2 4 5 0 3 7 8 9 6]
 [6 3 0 9 5 8 1 7 0]
 [0 6 2 8 9 5 7 3 1]
 [7 5 9 3 4 1 6 2 8]
 [8 1 0 7 2 6 9 4 5]]
Number of cells unfilled: 11
Accuracy: 86.41975308641975
Sample: 19884
Question:
[[0 3 0 0 0 4 9 0 0]
 [0 0 4 9 0 0 0 0 5]
 [0 0 0 0 5 0 4 6 0]
 [0 0 8 4 0 0 0 5 0]
 [3 0 0 2 0 1 0 0 0]
 [0 2 0 0 7 0 0 0 0]
 [6 0 0 0 0 7 0 0 8]
 [0 1 0 0 0 0 0 0 6]
 [0 0 2 6 0 0 5 0 0]]
Solution:
[[5 2 3 4 7 9 0 8 0]
 [9 7 6 5 8 2 3 1 4]
 [4 0 1 0 6 3 5 0 2]
 [0 8 7 6 1 4 2 5 3]
 [2 4 5 0 3 7 8 9 6]
 [6 3 0 9 5 8 1 7 0]
 [0 6 2 8 9 5 7 3 1]
 [7 5 9 3 4 1 6 2 8]
 [8 1 0 7 2 6 9 4 5]]
Number of cells unfilled: 11
Accuracy: 86.41975308641975
Sample: 19885
Question:
[[6 0 0 0 9 0 0 4 0]
 [0 3 0 0 0 7 6 0 0]
 [0 1 0 6 0 0 8 0 0]
 [3 0 0 0 2 0 4 0 0]
 [0 0 0 0 0 0 0 2 6]
 [0 0 0 0 0 5 0 3 0]
 [2 0 0 0 8 0 0 0 4]
 [0 0 1 0 0 9 0 0 0]
 [9 7 0 5 0 0 0 0 0]]
Solution:
[[5 2 3 4 7 9 0 8 0]
 [9 7 6 5 8 2 3 1 4]
 [4 0 1 0 6 3 5 0 9]
 [0 8 7 6 1 4 2 5 3]
 [2 4 5 0 3 7 8 9 6]
 [6 3 0 9 5 8 1 7 0]
 [0 6 2 8 9 5 7 3 1]
 [7 5 9 3 4 1 6 2 8]
 [8 1 0 7 2 6 9 4 5]]
Number of cells unfilled: 11
Accuracy: 86.41975308641975
Sample: 19886
Question:
[[7 0 0 0 0 0 4 0 0]
 [0 0 9 0 0 0 0 2 0]
 [0 4 5 3 0 0 0 0 1]
 [4 0 0 5 0 8 1 0 0]
 [9 0 0 4 0 0 0 0 0]
 [0 5 8 0 6 0 0 0 4]
 [0 0 0 0 3 0 5 1 0]
 [0 8 3 0 0 5 0 0 6]
 [0 0 0 6 0 0 0 0 0]]
Solution:
[[5 2 3 4 7 9 0 8 0]
 [9 7 6 5 8 2 3 1 4]
 [4 0 1 0 6 3 5 0 2]
 [0 8 7 6 1 4 2 5 3]
 [2 4 5 0 3 7 8 9 6]
 [6 3 0 9 5 8 1 7 0]
 [0 6 2 8 9 5 7 3 1]
 [7 5 9 3 4 1 6 2 8]
 [8 1 0 7 2 6 9 4 5]]
Number of cells unfilled: 11
Accuracy: 86.41975308641975
Sample: 19887
Question:
[[0 0 0 0 3 5 0 0 0]
 [7 3 0 0 0 0 0 0 0]
 [0 6 0 4 0 9 0 7 0]
 [0 0 5 2 0 8 0 0 0]
 [1 0 0 0 0 4 0 6 0]
 [0 2 7 0 5 0 0 0 8]
 [0 5 0 0 4 0 7 0 0]
 [0 0 0 9 1 0 4 3 0]
 [0 0 0 0 0 3 0 0 0]]
Solution:
[[5 2 3 4 7 9 0 8 0]
 [9 7 6 5 8 2 3 1 4]
 [4 0 1 0 6 3 5 0 2]
 [0 8 7 6 1 4 2 5 3]
 [2 4 5 0 3 7 8 9 6]
 [6 3 0 9 5 8 1 7 0]
 [0 6 2 8 9 5 7 3 1]
 [7 5 9 3 4 1 6 2 8]
 [8 1 0 7 2 6 9 4 5]]
Number of cells unfilled: 11
Accuracy: 86.41975308641975
Sample: 19888
Question:
[[0 0 0 5 0 9 0 0 0]
 [5 0 0 0 0 0 0 4 0]
 [0 0 2 0 6 0 7 0 0]
 [0 0 7 0 3 0 0 0 8]
 [0 5 0 0 0 4 0 0 0]
 [6 0 0 1 0 0 0 0 0]
 [0 9 0 0 0 0 0 1 0]
 [0 0 6 0 0 0 0 0 2]
 [2 0 0 0 8 0 6 0 3]]
Solution:
[[5 2 3 4 7 9 0 8 0]
 [9 7 6 5 8 2 3 1 4]
 [4 0 1 0 6 3 5 0 9]
 [0 8 7 6 1 4 2 5 3]
 [2 4 5 0 3 7 8 9 6]
 [6 3 0 9 5 8 1 7 0]
 [0 6 2 8 9 5 7 3 1]
 [7 5 9 3 4 1 6 2 8]
 [8 1 0 7 2 6 9 4 5]]
Number of cells unfilled: 11
Accuracy: 86.41975308641975
Sample: 19889
Question:
[[3 0 0 0 0 1 0 0 0]
 [0 0 8 7 0 0 0 0 2]
 [0 0 0 0 0 2 4 3 0]
 [0 7 0 0 9 0 0 0 6]
 [0 0 9 0 0 0 0 2 0]
 [6 8 0 2 0 0 0 0 0]
 [0 5 0 0 0 4 0 0 0]
 [0 0 6 8 0 0 0 0 7]
 [0 0 0 0 0 0 1 5 0]]
Solution:
[[5 2 3 4 7 9 0 8 0]
 [9 7 6 5 8 2 3 1 4]
 [4 0 1 0 6 3 5 0 2]
 [0 8 7 6 1 4 2 5 3]
 [2 4 5 0 3 7 8 9 6]
 [6 3 0 9 5 8 1 7 0]
 [0 6 2 8 9 5 7 3 1]
 [7 5 9 3 4 1 6 2 8]
 [8 1 0 7 2 6 9 4 5]]
Number of cells unfilled: 11
Accuracy: 86.41975308641975
Sample: 19890
Question:
[[0 0 0 0 0 1 0 2 0]
 [0 0 8 0 0 0 0 6 0]
 [0 0 1 8 4 0 0 0 0]
 [2 0 0 0 0 0 0 0 0]
 [0 0 0 4 0 7 9 0 0]
 [0 6 4 9 0 0 8 3 0]
 [7 0 0 0 0 5 0 0 0]
 [1 0 0 0 0 0 0 0 5]
 [0 0 0 2 0 8 1 0 3]]
Solution:
[[5 2 3 4 7 9 0 8 0]
 [9 7 6 5 8 2 3 1 4]
 [4 0 1 0 6 3 5 0 2]
 [0 8 7 6 1 4 2 5 3]
 [2 4 5 0 3 7 8 9 6]
 [6 3 0 9 5 8 1 7 0]
 [0 6 2 8 9 5 7 3 1]
 [7 5 9 3 4 1 6 2 8]
 [8 1 0 7 2 6 9 4 5]]
Number of cells unfilled: 11
Accuracy: 86.41975308641975
Sample: 19891
Question:
[[0 0 3 0 4 0 0 0 9]
 [0 9 0 1 0 0 0 2 0]
 [5 0 0 0 0 9 8 0 0]
 [0 7 0 0 6 0 0 4 0]
 [0 0 9 3 0 0 0 0 6]
 [0 0 0 0 0 0 0 0 0]
 [8 0 0 4 0 0 5 0 0]
 [0 3 0 2 0 0 0 7 0]
 [0 0 4 0 1 0 0 0 2]]
Solution:
[[5 2 3 4 7 9 0 8 0]
 [9 7 6 5 8 2 3 1 4]
 [4 0 1 0 6 3 5 0 2]
 [0 8 7 6 1 4 2 5 3]
 [2 4 5 0 3 7 8 9 6]
 [6 3 0 9 5 8 1 7 0]
 [0 6 2 8 9 5 7 3 1]
 [7 5 9 3 4 1 6 2 8]
 [8 1 0 7 2 6 9 4 5]]
Number of cells unfilled: 11
Accuracy: 86.41975308641975
Sample: 19892
Question:
[[0 0 1 4 0 0 3 0 8]
 [9 0 0 0 0 0 0 0 0]
 [0 3 0 0 0 0 9 0 0]
 [0 0 4 0 0 8 6 0 7]
 [0 0 0 7 1 0 0 0 0]
 [0 0 0 6 4 0 0 3 0]
 [5 0 0 0 0 0 0 2 0]
 [0 0 7 0 6 0 4 0 1]
 [0 0 0 8 0 0 0 0 0]]
Solution:
[[5 2 3 4 7 9 0 8 0]
 [9 7 6 5 8 2 3 1 4]
 [4 0 1 0 6 3 5 0 9]
 [0 8 7 6 1 4 2 5 3]
 [2 4 5 0 3 7 8 9 6]
 [6 3 0 9 5 8 1 7 0]
 [0 6 2 8 9 5 7 3 1]
 [7 5 9 3 4 1 6 2 8]
 [8 1 0 7 2 6 9 4 5]]
Number of cells unfilled: 11
Accuracy: 86.41975308641975
Sample: 19893
Question:
[[9 0 0 0 6 0 0 0 3]
 [0 0 0 5 0 0 0 0 0]
 [0 0 4 0 0 7 0 0 0]
 [0 0 0 0 0 0 0 0 8]
 [0 8 0 0 3 0 9 1 0]
 [1 0 0 0 0 0 6 3 0]
 [3 0 0 0 5 0 0 0 1]
 [0 1 2 0 0 0 0 5 0]
 [6 0 0 0 8 0 0 0 9]]
Solution:
[[5 2 3 4 7 9 0 8 0]
 [9 7 6 5 8 2 3 1 4]
 [4 0 1 0 6 3 5 0 7]
 [0 8 7 6 1 4 2 5 3]
 [2 4 5 0 3 7 8 9 6]
 [6 3 0 9 5 8 1 7 0]
 [0 6 2 8 9 5 7 3 1]
 [7 5 9 3 4 1 6 2 8]
 [8 1 0 7 2 6 9 4 5]]
Number of cells unfilled: 11
Accuracy: 86.41975308641975
Sample: 19894
Question:
[[0 0 7 0 0 0 0 2 0]
 [0 0 4 0 0 0 6 0 0]
 [9 0 0 0 3 0 0 0 1]
 [0 7 0 0 0 8 0 0 0]
 [5 0 1 3 0 0 0 0 8]
 [0 0 0 0 1 5 0 0 0]
 [0 6 2 9 0 0 0 5 0]
 [7 0 0 0 5 0 8 0 0]
 [1 0 0 0 0 3 0 0 9]]
Solution:
[[5 2 3 4 7 9 0 8 0]
 [9 7 6 5 8 2 3 1 4]
 [4 0 1 0 6 3 5 0 7]
 [0 8 7 6 1 4 2 5 3]
 [2 4 5 0 3 7 8 9 6]
 [6 3 0 9 5 8 1 7 0]
 [0 6 2 8 9 5 7 3 1]
 [7 5 9 3 4 1 6 2 8]
 [8 1 0 7 2 6 9 4 5]]
Number of cells unfilled: 11
Accuracy: 86.41975308641975
Sample: 19895
Question:
[[0 0 2 3 1 0 6 4 0]
 [0 0 8 0 0 0 0 5 0]
 [0 0 9 0 0 4 0 1 7]
 [0 5 0 2 0 6 0 0 0]
 [0 0 0 0 0 0 8 6 0]
 [0 1 4 0 5 0 3 0 0]
 [9 3 0 4 0 8 0 0 0]
 [7 0 0 6 2 0 0 0 9]
 [0 2 5 0 3 1 7 0 0]]
Solution:
[[5 2 3 4 7 9 0 8 0]
 [9 7 6 5 8 2 3 1 4]
 [4 0 1 0 6 3 5 0 2]
 [0 8 7 6 1 4 2 5 3]
 [2 4 5 0 3 7 8 9 6]
 [6 3 0 9 5 8 1 7 0]
 [0 6 2 8 9 5 7 3 1]
 [7 5 9 3 4 1 6 2 8]
 [8 1 0 7 2 6 9 4 5]]
Number of cells unfilled: 11
Accuracy: 86.41975308641975
Sample: 19896
Question:
[[0 0 0 6 0 0 0 0 3]
 [0 0 9 0 3 0 5 0 0]
 [6 0 0 0 0 5 0 7 0]
 [7 0 0 5 0 0 2 0 0]
 [0 9 0 0 2 0 0 3 0]
 [0 0 2 1 0 0 0 0 9]
 [0 4 0 0 5 8 0 0 0]
 [0 0 7 0 1 0 3 0 0]
 [0 0 0 3 0 0 0 8 4]]
Solution:
[[5 2 3 4 7 9 0 8 0]
 [9 7 6 5 8 2 3 1 4]
 [4 0 1 0 6 3 5 0 9]
 [0 8 7 6 1 4 2 5 3]
 [2 4 5 0 3 7 8 9 6]
 [6 3 0 9 5 8 1 7 0]
 [0 6 2 8 9 5 7 3 1]
 [7 5 9 3 4 1 6 2 8]
 [8 1 0 7 2 6 9 4 5]]
Number of cells unfilled: 11
Accuracy: 86.41975308641975
Sample: 19897
Question:
[[1 0 0 0 0 7 0 0 2]
 [0 0 8 9 0 0 5 0 0]
 [0 4 0 0 0 0 0 3 0]
 [0 0 4 0 0 5 6 0 0]
 [2 0 0 1 0 0 0 0 9]
 [0 7 0 0 6 0 0 0 0]
 [6 0 0 0 0 2 0 0 5]
 [0 0 0 7 0 0 1 0 0]
 [0 3 0 0 1 0 0 8 0]]
Solution:
[[5 2 3 4 7 9 0 8 0]
 [9 7 6 5 8 2 3 1 4]
 [4 0 1 0 6 3 5 0 2]
 [0 8 7 6 1 4 2 5 3]
 [2 4 5 0 3 7 8 9 6]
 [6 3 0 9 5 8 1 7 0]
 [0 6 2 8 9 5 7 3 1]
 [7 5 9 3 4 1 6 2 8]
 [8 1 0 7 2 6 9 4 5]]
Number of cells unfilled: 11
Accuracy: 86.41975308641975
Sample: 19898
Question:
[[3 0 0 0 0 0 1 0 0]
 [6 0 1 0 7 0 0 0 0]
 [0 5 0 0 0 0 0 0 0]
 [0 0 7 0 1 0 6 0 0]
 [0 0 0 9 0 0 0 8 0]
 [0 2 0 0 0 5 0 0 4]
 [2 0 0 0 6 0 3 0 0]
 [0 0 0 0 0 8 0 9 0]
 [0 0 0 4 0 0 0 0 5]]
Solution:
[[5 2 3 4 7 9 0 8 0]
 [9 7 6 5 8 2 3 1 4]
 [4 0 1 0 6 3 5 0 2]
 [0 8 7 6 1 4 2 5 3]
 [2 4 5 0 3 7 8 9 6]
 [6 3 0 9 5 8 1 7 0]
 [0 6 2 8 9 5 7 3 1]
 [7 5 9 3 4 1 6 2 8]
 [8 1 0 7 2 6 9 4 5]]
Number of cells unfilled: 11
Accuracy: 86.41975308641975
Sample: 19899
Question:
[[7 0 0 0 0 0 0 9 0]
 [0 1 0 0 0 5 0 0 0]
 [0 0 2 0 4 0 1 0 0]
 [9 0 0 0 0 0 0 7 0]
 [0 0 3 0 2 0 6 0 0]
 [0 2 0 0 0 6 0 0 1]
 [2 0 0 4 0 0 0 5 0]
 [0 0 8 0 0 3 4 0 0]
 [0 4 0 0 8 0 0 0 6]]
Solution:
[[5 2 3 4 7 9 0 8 0]
 [9 7 6 5 8 2 3 1 4]
 [4 0 1 0 6 3 5 0 7]
 [0 8 7 6 1 4 2 5 3]
 [2 4 5 0 3 7 8 9 6]
 [6 3 0 9 5 8 1 7 0]
 [0 6 2 8 9 5 7 3 1]
 [7 5 9 3 4 1 6 2 8]
 [8 1 0 7 2 6 9 4 5]]
Number of cells unfilled: 11
Accuracy: 86.41975308641975
Sample: 19900
Question:
[[5 0 0 0 0 9 0 8 0]
 [0 7 6 5 0 0 0 1 0]
 [0 0 0 0 6 0 5 0 0]
 [0 0 0 0 0 4 0 0 3]
 [0 4 0 0 3 0 0 9 0]
 [6 0 0 9 0 0 1 0 0]
 [0 0 2 0 9 0 0 0 1]
 [0 0 0 0 0 1 0 2 8]
 [8 0 0 7 0 0 9 0 0]]
Solution:
[[5 2 3 4 7 9 0 8 0]
 [9 7 6 5 8 2 3 1 4]
 [4 0 1 0 6 3 5 0 9]
 [0 8 7 6 1 4 2 5 3]
 [2 4 5 0 3 7 8 9 6]
 [6 3 0 9 5 8 1 7 0]
 [0 6 2 8 9 5 7 3 1]
 [7 5 9 3 4 1 6 2 8]
 [8 1 0 7 2 6 9 4 5]]
Number of cells unfilled: 11
Accuracy: 86.41975308641975
