2025-10-22 14:11:57.027107: I tensorflow/core/util/port.cc:153] oneDNN custom operations are on. You may see slightly different numerical results due to floating-point round-off errors from different computation orders. To turn them off, set the environment variable `TF_ENABLE_ONEDNN_OPTS=0`.
2025-10-22 14:11:57.134046: I tensorflow/core/platform/cpu_feature_guard.cc:210] This TensorFlow binary is optimized to use available CPU instructions in performance-critical operations.
To enable the following instructions: AVX2 AVX512F AVX512_VNNI FMA, in other operations, rebuild TensorFlow with the appropriate compiler flags.
2025-10-22 14:12:02.390197: I tensorflow/core/util/port.cc:153] oneDNN custom operations are on. You may see slightly different numerical results due to floating-point round-off errors from different computation orders. To turn them off, set the environment variable `TF_ENABLE_ONEDNN_OPTS=0`.
2025-10-22 14:12:08.470625: E external/local_xla/xla/stream_executor/cuda/cuda_platform.cc:51] failed call to cuInit: INTERNAL: CUDA error: Failed call to cuInit: UNKNOWN ERROR (303)
Sample: 21201
Question:
[[0 8 0 6 4 0 9 0 0]
 [0 0 0 0 0 8 0 0 0]
 [6 0 0 9 7 0 0 0 8]
 [0 0 0 5 0 0 0 4 0]
 [0 4 0 0 0 7 0 0 6]
 [0 0 5 0 0 0 2 0 0]
 [1 0 2 0 0 0 0 3 0]
 [0 0 0 0 3 0 1 0 0]
 [0 9 0 0 0 6 0 0 7]]
Solution:
[[0 5 8 6 3 0 1 4 9]
 [9 6 0 2 4 7 5 8 3]
 [3 0 0 1 0 9 6 7 2]
 [6 9 7 3 2 8 4 1 5]
 [0 3 1 0 5 4 2 9 6]
 [2 0 4 9 6 1 8 3 7]
 [7 0 6 4 8 5 9 2 1]
 [1 4 5 7 9 2 3 6 8]
 [8 2 9 0 1 3 7 5 4]]
Number of cells unfilled: 11
Accuracy: 86.41975308641975
Sample: 21202
Question:
[[0 0 0 0 0 0 8 0 0]
 [4 0 0 0 3 0 2 0 0]
 [0 0 6 4 0 0 0 0 1]
 [2 0 0 0 8 0 9 0 0]
 [0 6 0 9 0 0 0 0 2]
 [0 0 9 0 0 0 0 7 0]
 [0 4 0 0 0 7 0 0 0]
 [0 5 1 0 0 3 0 0 0]
 [9 0 0 1 6 0 0 0 5]]
Solution:
[[0 5 8 6 3 0 1 4 9]
 [9 6 0 2 4 7 5 8 3]
 [3 0 0 1 0 9 6 7 2]
 [6 9 7 3 2 8 4 1 5]
 [0 3 1 0 5 4 2 9 6]
 [2 0 4 9 6 1 8 3 7]
 [7 0 6 4 8 5 9 2 1]
 [1 4 5 7 9 2 3 6 8]
 [8 2 9 0 1 3 7 5 4]]
Number of cells unfilled: 11
Accuracy: 86.41975308641975
Sample: 21203
Question:
[[0 0 6 0 5 0 9 4 0]
 [0 0 0 0 0 6 0 0 0]
 [9 0 0 2 0 0 6 0 3]
 [0 8 0 0 0 1 2 0 0]
 [0 0 4 0 2 0 0 0 5]
 [2 0 0 0 0 0 0 7 0]
 [7 0 0 0 0 0 0 3 0]
 [0 0 5 0 4 0 0 0 9]
 [0 1 0 8 0 0 0 0 0]]
Solution:
[[0 5 8 6 3 0 1 4 9]
 [9 6 2 0 4 7 5 8 3]
 [3 0 0 1 0 9 6 7 2]
 [6 9 7 3 2 8 4 1 5]
 [0 3 1 0 5 4 2 9 6]
 [2 0 4 9 6 1 8 3 7]
 [7 0 6 4 8 5 9 2 1]
 [1 4 5 7 9 2 3 6 8]
 [8 2 9 0 1 3 7 5 4]]
Number of cells unfilled: 11
Accuracy: 86.41975308641975
Sample: 21204
Question:
[[0 0 0 7 0 0 0 1 0]
 [0 0 0 0 0 3 0 0 8]
 [3 0 5 0 6 0 4 0 0]
 [0 0 8 0 5 0 0 4 0]
 [0 9 0 0 0 0 2 0 0]
 [4 0 0 3 0 0 0 0 6]
 [0 2 0 0 3 0 9 0 0]
 [7 0 0 0 0 6 0 0 0]
 [0 0 4 1 0 0 0 6 0]]
Solution:
[[0 5 8 6 3 0 1 4 9]
 [9 1 0 2 4 7 5 8 3]
 [3 0 0 1 0 9 6 7 2]
 [6 9 7 3 2 8 4 1 5]
 [0 3 1 0 5 4 2 9 6]
 [2 0 4 9 6 1 8 3 7]
 [7 0 6 4 8 5 9 2 1]
 [1 4 5 7 9 2 3 6 8]
 [8 2 9 0 1 3 7 5 4]]
Number of cells unfilled: 11
Accuracy: 86.41975308641975
Sample: 21205
Question:
[[0 0 0 8 0 0 0 0 2]
 [4 0 0 0 0 0 0 0 0]
 [0 0 8 0 5 0 7 4 0]
 [5 9 0 0 8 0 0 0 0]
 [8 0 0 0 0 1 9 0 0]
 [0 0 1 7 0 0 0 0 0]
 [0 0 5 0 1 6 8 0 0]
 [0 0 0 3 0 0 0 6 0]
 [0 0 9 0 7 0 1 0 0]]
Solution:
[[0 5 8 6 3 0 1 4 9]
 [9 6 0 2 4 7 5 8 3]
 [3 0 0 1 0 9 6 7 2]
 [6 9 7 3 2 8 4 1 5]
 [0 3 1 0 5 4 2 9 6]
 [2 0 4 9 6 1 8 3 7]
 [7 0 6 4 8 5 9 2 1]
 [1 4 5 7 9 2 3 6 8]
 [8 2 9 0 1 3 7 5 4]]
Number of cells unfilled: 11
Accuracy: 86.41975308641975
Sample: 21206
Question:
[[0 0 0 8 0 0 3 1 0]
 [0 0 0 0 0 0 0 6 0]
 [3 6 0 0 1 0 0 0 5]
 [9 3 0 0 5 0 1 0 0]
 [4 0 2 0 0 9 0 5 0]
 [0 0 0 4 0 0 0 0 3]
 [0 0 3 0 0 7 0 0 0]
 [6 9 0 0 4 0 0 3 0]
 [2 0 0 0 0 0 0 0 9]]
Solution:
[[0 5 8 6 3 0 1 4 9]
 [9 1 0 2 4 7 5 8 3]
 [3 0 0 1 0 9 6 7 2]
 [6 9 7 3 2 8 4 1 5]
 [0 3 1 0 5 4 2 9 6]
 [2 0 4 9 6 1 8 3 7]
 [7 0 6 4 8 5 9 2 1]
 [1 4 5 7 9 2 3 6 8]
 [8 2 9 0 1 3 7 5 4]]
Number of cells unfilled: 11
Accuracy: 86.41975308641975
Sample: 21207
Question:
[[0 6 0 4 8 0 0 0 7]
 [0 0 3 0 0 7 6 0 0]
 [0 0 0 6 0 0 0 4 0]
 [0 3 0 0 0 8 0 6 0]
 [6 0 0 0 0 0 0 0 9]
 [0 8 9 0 0 6 0 3 2]
 [0 2 0 0 0 4 0 7 0]
 [1 0 0 0 0 0 0 0 0]
 [0 0 0 5 7 0 2 0 0]]
Solution:
[[0 5 8 6 3 0 1 4 9]
 [9 1 0 2 4 7 5 8 3]
 [3 0 0 1 0 9 6 7 2]
 [6 9 7 3 2 8 4 1 5]
 [0 3 1 0 5 4 2 9 6]
 [2 0 4 9 6 1 8 3 7]
 [7 0 6 4 8 5 9 2 1]
 [1 4 5 7 9 2 3 6 8]
 [8 2 9 0 1 3 7 5 4]]
Number of cells unfilled: 11
Accuracy: 86.41975308641975
Sample: 21208
Question:
[[7 8 2 0 0 0 0 0 4]
 [0 0 0 1 0 0 0 0 0]
 [0 9 0 0 0 7 0 0 0]
 [4 0 0 0 3 0 5 0 0]
 [0 0 8 0 0 0 0 6 0]
 [0 0 9 0 0 1 7 0 0]
 [9 0 0 0 0 0 3 0 2]
 [0 2 3 8 6 0 0 0 0]
 [0 0 0 2 4 0 0 0 6]]
Solution:
[[0 5 8 6 3 0 1 4 9]
 [9 6 0 2 4 7 5 8 3]
 [3 0 0 1 0 9 6 7 2]
 [6 9 7 3 2 8 4 1 5]
 [0 3 1 0 5 4 2 9 6]
 [2 0 4 9 6 1 8 3 7]
 [7 0 6 4 8 5 9 2 1]
 [1 4 5 7 9 2 3 6 8]
 [8 2 9 0 1 3 7 5 4]]
Number of cells unfilled: 11
Accuracy: 86.41975308641975
Sample: 21209
Question:
[[0 0 5 0 3 1 0 0 0]
 [4 1 0 0 0 6 0 0 7]
 [0 6 3 0 0 0 0 5 0]
 [0 4 0 0 0 0 0 2 0]
 [1 0 0 0 0 0 6 7 0]
 [6 3 2 7 0 0 0 4 1]
 [3 0 0 0 9 0 0 0 0]
 [0 9 0 0 0 4 0 1 5]
 [5 0 0 1 0 0 9 0 0]]
Solution:
[[0 5 8 6 3 0 1 4 9]
 [9 6 0 2 4 7 5 8 3]
 [3 0 0 1 0 9 6 7 2]
 [6 9 7 3 2 8 4 1 5]
 [0 3 1 0 5 4 2 9 6]
 [2 0 4 9 6 1 8 3 7]
 [7 0 6 4 8 5 9 2 1]
 [1 4 5 7 9 2 3 6 8]
 [8 2 9 0 1 3 7 5 4]]
Number of cells unfilled: 11
Accuracy: 86.41975308641975
Sample: 21210
Question:
[[4 1 0 0 0 0 0 6 0]
 [0 0 3 1 4 9 0 0 0]
 [0 0 0 0 0 8 0 0 0]
 [0 0 7 0 0 6 0 4 9]
 [0 3 0 4 2 0 0 7 1]
 [0 0 4 0 3 0 0 8 0]
 [0 8 0 0 0 0 7 0 3]
 [0 0 0 0 0 0 0 0 0]
 [0 0 0 6 9 0 0 0 0]]
Solution:
[[0 5 8 6 3 0 1 4 9]
 [9 6 2 0 4 7 5 8 3]
 [3 0 0 1 0 9 6 7 2]
 [6 9 7 3 2 8 4 1 5]
 [0 3 1 0 5 4 2 9 6]
 [2 0 4 9 6 1 8 3 7]
 [7 0 6 4 8 5 9 2 1]
 [1 4 5 7 9 2 3 6 8]
 [8 2 9 0 1 3 7 5 4]]
Number of cells unfilled: 11
Accuracy: 86.41975308641975
Sample: 21211
Question:
[[6 0 0 0 0 0 0 0 2]
 [1 0 2 0 6 0 0 3 0]
 [0 9 0 3 0 0 0 0 0]
 [0 1 0 0 3 0 0 0 6]
 [0 0 6 4 0 5 0 0 0]
 [0 0 4 0 0 0 7 0 0]
 [8 0 0 0 0 7 0 5 0]
 [0 2 0 0 9 0 0 0 1]
 [0 0 0 0 0 0 8 0 0]]
Solution:
[[0 5 8 6 3 0 1 4 9]
 [9 6 0 2 4 7 5 8 3]
 [3 0 0 1 0 9 6 7 2]
 [6 9 7 3 2 8 4 1 5]
 [0 3 1 0 5 4 2 9 6]
 [2 0 4 9 6 1 8 3 7]
 [7 0 6 4 8 5 9 2 1]
 [1 4 5 7 9 2 3 6 8]
 [8 2 9 0 1 3 7 5 4]]
Number of cells unfilled: 11
Accuracy: 86.41975308641975
Sample: 21212
Question:
[[1 0 0 0 0 0 0 0 0]
 [0 0 0 0 4 0 0 3 0]
 [0 0 9 7 0 0 5 0 0]
 [0 0 5 0 0 4 2 0 0]
 [6 0 0 2 0 0 0 0 0]
 [7 2 0 5 9 0 0 8 0]
 [3 0 0 0 0 0 7 0 8]
 [0 0 7 0 2 0 4 0 0]
 [0 6 0 0 0 7 0 1 0]]
Solution:
[[0 5 8 6 3 0 1 4 9]
 [9 1 0 2 4 7 5 8 3]
 [3 0 0 1 0 9 6 7 2]
 [6 9 7 3 2 8 4 1 5]
 [0 3 1 0 5 4 2 9 6]
 [2 0 4 9 6 1 8 3 7]
 [7 0 6 4 8 5 9 2 1]
 [1 4 5 7 9 2 3 6 8]
 [8 2 9 0 1 3 7 5 4]]
Number of cells unfilled: 11
Accuracy: 86.41975308641975
Sample: 21213
Question:
[[0 0 0 0 0 0 2 0 0]
 [0 0 1 0 9 0 7 0 6]
 [3 7 0 0 0 4 0 0 0]
 [0 0 4 0 0 3 0 0 0]
 [0 2 0 0 0 0 0 3 8]
 [0 0 0 0 5 0 0 6 0]
 [0 0 0 0 7 2 0 0 0]
 [0 4 0 0 0 0 0 8 0]
 [5 3 0 6 0 9 0 0 7]]
Solution:
[[0 5 8 6 3 0 1 4 9]
 [9 6 0 2 4 7 5 8 3]
 [3 0 0 1 0 9 6 7 2]
 [6 9 7 3 2 8 4 1 5]
 [0 3 1 0 5 4 2 9 6]
 [2 0 4 9 6 1 8 3 7]
 [7 0 6 4 8 5 9 2 1]
 [1 4 5 7 9 2 3 6 8]
 [8 2 9 0 1 3 7 5 4]]
Number of cells unfilled: 11
Accuracy: 86.41975308641975
Sample: 21214
Question:
[[9 8 0 0 6 0 0 0 0]
 [5 6 0 0 0 0 0 0 0]
 [2 0 0 8 0 0 3 7 0]
 [0 3 0 0 0 1 0 5 2]
 [0 0 1 7 0 0 0 0 0]
 [0 5 0 0 0 8 0 0 7]
 [0 0 0 0 0 3 0 0 1]
 [0 0 0 2 4 0 0 0 3]
 [0 0 0 0 0 0 5 0 0]]
Solution:
[[0 5 8 6 3 0 1 4 9]
 [9 6 0 2 4 7 5 8 3]
 [3 0 0 1 0 9 6 7 2]
 [6 9 7 3 2 8 4 1 5]
 [0 3 1 0 5 4 2 9 6]
 [2 0 4 9 6 1 8 3 7]
 [7 0 6 4 8 5 9 2 1]
 [1 4 5 7 9 2 3 6 8]
 [8 2 9 0 1 3 7 5 4]]
Number of cells unfilled: 11
Accuracy: 86.41975308641975
Sample: 21215
Question:
[[1 2 0 0 0 0 0 0 9]
 [0 0 3 0 0 0 0 7 0]
 [4 0 0 0 1 0 6 0 0]
 [0 0 9 0 0 4 0 0 3]
 [0 0 4 0 5 0 0 0 0]
 [8 0 0 6 0 0 4 0 0]
 [0 0 0 0 6 0 8 0 0]
 [0 0 0 0 0 2 0 0 0]
 [5 0 0 7 4 0 0 1 6]]
Solution:
[[0 5 8 6 3 0 1 4 9]
 [9 1 0 2 4 7 5 8 3]
 [3 0 0 1 0 9 6 7 2]
 [6 9 7 3 2 8 4 1 5]
 [0 3 1 0 5 4 2 9 6]
 [2 0 4 9 6 1 8 3 7]
 [7 0 6 4 8 5 9 2 1]
 [1 4 5 7 9 2 3 6 8]
 [8 2 9 0 1 3 7 5 4]]
Number of cells unfilled: 11
Accuracy: 86.41975308641975
Sample: 21216
Question:
[[4 0 0 0 0 5 0 0 0]
 [0 2 5 0 0 8 0 9 0]
 [6 0 0 9 0 0 2 0 0]
 [0 0 0 0 0 0 0 3 0]
 [8 6 0 0 3 0 0 2 0]
 [0 0 2 0 1 0 0 7 0]
 [0 1 0 0 7 0 0 0 0]
 [0 4 0 0 0 1 0 0 3]
 [0 0 3 4 8 0 7 0 1]]
Solution:
[[0 5 8 6 3 0 1 4 9]
 [9 6 0 2 4 7 5 8 3]
 [3 0 0 1 0 9 6 7 2]
 [6 9 7 3 2 8 4 1 5]
 [0 3 1 0 5 4 2 9 6]
 [2 0 4 9 6 1 8 3 7]
 [7 0 6 4 8 5 9 2 1]
 [1 4 5 7 9 2 3 6 8]
 [8 2 9 0 1 3 7 5 4]]
Number of cells unfilled: 11
Accuracy: 86.41975308641975
Sample: 21217
Question:
[[0 0 0 2 0 0 0 0 0]
 [0 3 0 0 4 0 0 7 0]
 [1 6 0 0 0 9 0 0 3]
 [0 0 0 0 0 8 0 3 6]
 [0 0 8 4 0 0 0 0 0]
 [5 0 0 0 0 0 7 0 0]
 [4 0 5 3 0 0 0 0 0]
 [0 0 6 0 1 0 0 2 0]
 [0 1 0 0 5 0 6 0 4]]
Solution:
[[0 5 8 6 3 0 1 4 9]
 [9 6 2 0 4 7 5 8 3]
 [3 0 0 1 0 9 6 7 2]
 [6 9 7 3 2 8 4 1 5]
 [0 3 1 0 5 4 2 9 6]
 [2 0 4 9 6 1 8 3 7]
 [7 0 6 4 8 5 9 2 1]
 [1 4 5 7 9 2 3 6 8]
 [8 2 9 0 1 3 7 5 4]]
Number of cells unfilled: 11
Accuracy: 86.41975308641975
Sample: 21218
Question:
[[0 7 0 5 6 0 0 9 8]
 [4 0 0 1 8 3 0 2 0]
 [0 6 0 0 0 0 0 3 0]
 [2 0 5 0 9 1 4 0 0]
 [0 3 6 0 0 8 0 0 5]
 [0 0 0 6 0 7 2 0 0]
 [0 4 7 9 3 0 8 6 0]
 [0 0 0 0 0 2 0 0 1]
 [5 0 0 7 0 0 0 0 9]]
Solution:
[[0 5 8 6 3 0 1 4 9]
 [9 1 0 2 4 7 5 8 3]
 [3 0 0 1 0 9 6 7 2]
 [6 9 7 3 2 8 4 1 5]
 [0 3 1 0 5 4 2 9 6]
 [2 0 4 9 6 1 8 3 7]
 [7 0 6 4 8 5 9 2 1]
 [1 4 5 7 9 2 3 6 8]
 [8 2 9 0 1 3 7 5 4]]
Number of cells unfilled: 11
Accuracy: 86.41975308641975
Sample: 21219
Question:
[[0 0 0 0 0 9 1 0 0]
 [0 0 5 6 0 0 0 2 0]
 [0 2 0 0 0 0 0 0 7]
 [2 0 0 3 0 0 0 4 0]
 [0 6 4 0 0 0 8 0 0]
 [0 5 3 0 0 0 0 0 9]
 [0 0 0 0 7 0 0 0 0]
 [0 0 0 0 1 3 0 0 8]
 [0 3 0 4 0 0 0 5 0]]
Solution:
[[0 5 8 6 3 0 1 4 9]
 [9 1 0 2 4 7 5 8 3]
 [3 0 0 1 0 9 6 7 2]
 [6 9 7 3 2 8 4 1 5]
 [0 3 1 0 5 4 2 9 6]
 [2 0 4 9 6 1 8 3 7]
 [7 0 6 4 8 5 9 2 1]
 [1 4 5 7 9 2 3 6 8]
 [8 2 9 0 1 3 7 5 4]]
Number of cells unfilled: 11
Accuracy: 86.41975308641975
Sample: 21220
Question:
[[6 0 0 0 0 9 0 0 0]
 [1 9 0 2 3 0 8 0 0]
 [0 0 3 0 0 0 2 9 0]
 [0 3 0 0 0 0 1 2 0]
 [0 0 0 0 0 0 0 0 0]
 [0 7 4 8 0 0 0 3 0]
 [0 0 0 0 5 6 0 0 0]
 [7 0 6 0 0 0 4 0 0]
 [0 4 2 9 0 8 6 0 0]]
Solution:
[[0 5 8 6 3 0 1 4 9]
 [9 6 0 2 4 7 5 8 3]
 [3 0 0 1 0 9 6 7 2]
 [6 9 7 3 2 8 4 1 5]
 [0 3 1 0 5 4 2 9 6]
 [2 0 4 9 6 1 8 3 7]
 [7 0 6 4 8 5 9 2 1]
 [1 4 5 7 9 2 3 6 8]
 [8 2 9 0 1 3 7 5 4]]
Number of cells unfilled: 11
Accuracy: 86.41975308641975
Sample: 21221
Question:
[[0 8 0 0 5 0 0 0 0]
 [7 0 9 8 0 0 0 4 0]
 [5 0 0 0 0 0 0 0 0]
 [0 0 1 0 0 0 0 0 0]
 [8 0 2 7 0 4 0 0 0]
 [0 0 0 0 8 6 0 3 0]
 [0 0 0 0 0 1 2 0 9]
 [1 0 0 0 6 0 0 0 4]
 [4 0 0 0 3 0 5 6 0]]
Solution:
[[0 5 8 6 3 0 1 4 9]
 [9 6 0 2 4 7 5 8 3]
 [3 0 0 1 0 9 6 7 2]
 [6 9 7 3 2 8 4 1 5]
 [0 3 1 0 5 4 2 9 6]
 [2 0 4 9 6 1 8 3 7]
 [7 0 6 4 8 5 9 2 1]
 [1 4 5 7 9 2 3 6 8]
 [8 2 9 0 1 3 7 5 4]]
Number of cells unfilled: 11
Accuracy: 86.41975308641975
Sample: 21222
Question:
[[0 0 1 0 0 0 6 0 0]
 [0 8 0 0 0 0 0 2 0]
 [0 0 2 4 0 0 0 0 7]
 [0 6 0 5 0 0 0 0 0]
 [2 0 9 0 0 7 0 0 5]
 [0 0 0 2 9 0 0 3 0]
 [8 0 0 0 0 4 0 0 0]
 [0 1 0 7 0 0 3 0 0]
 [0 0 4 0 5 0 0 0 9]]
Solution:
[[0 5 8 6 3 0 1 4 9]
 [9 1 0 2 4 7 5 8 3]
 [3 0 0 1 0 9 6 7 2]
 [6 9 7 3 2 8 4 1 5]
 [0 3 1 0 5 4 2 9 6]
 [2 0 4 9 6 1 8 3 7]
 [7 0 6 4 8 5 9 2 1]
 [1 4 5 7 9 2 3 6 8]
 [8 2 9 0 1 3 7 5 4]]
Number of cells unfilled: 11
Accuracy: 86.41975308641975
Sample: 21223
Question:
[[0 6 7 1 0 3 9 4 0]
 [0 0 0 4 0 0 0 0 7]
 [1 3 0 0 0 0 0 0 0]
 [0 0 3 0 0 0 1 0 0]
 [0 0 0 0 0 6 0 0 0]
 [0 8 1 0 0 0 0 0 5]
 [0 2 0 7 0 4 0 0 0]
 [4 0 0 0 0 0 0 3 0]
 [0 0 0 9 3 2 8 0 0]]
Solution:
[[0 5 8 6 3 0 1 4 9]
 [9 6 0 2 4 7 5 8 3]
 [3 0 0 1 0 9 6 7 2]
 [6 9 7 3 2 8 4 1 5]
 [0 3 1 0 5 4 2 9 6]
 [2 0 4 9 6 1 8 3 7]
 [7 0 6 4 8 5 9 2 1]
 [1 4 5 7 9 2 3 6 8]
 [8 2 9 0 1 3 7 5 4]]
Number of cells unfilled: 11
Accuracy: 86.41975308641975
Sample: 21224
Question:
[[0 6 0 0 0 0 0 0 0]
 [0 7 0 0 0 9 0 0 0]
 [0 0 0 2 0 0 0 4 0]
 [0 0 0 0 0 0 0 0 0]
 [4 0 1 5 0 0 0 0 0]
 [0 0 0 0 0 6 3 0 7]
 [5 0 0 1 0 0 0 0 0]
 [0 0 0 0 0 0 0 0 6]
 [0 9 0 0 0 0 7 0 8]]
Solution:
[[0 5 8 6 3 0 1 4 9]
 [9 6 2 0 4 7 5 8 3]
 [3 0 0 1 0 9 6 7 2]
 [6 9 7 3 2 8 4 1 5]
 [0 3 1 0 5 4 2 9 6]
 [2 0 4 9 6 1 8 3 7]
 [7 0 6 4 8 5 9 2 1]
 [1 4 5 7 9 2 3 6 8]
 [8 2 9 0 1 3 7 5 4]]
Number of cells unfilled: 11
Accuracy: 86.41975308641975
Sample: 21225
Question:
[[0 0 0 3 0 0 0 0 1]
 [2 0 0 0 0 6 0 9 0]
 [0 5 3 0 0 0 8 0 0]
 [0 0 0 0 6 0 4 0 0]
 [0 8 0 0 0 0 1 0 0]
 [6 0 0 7 0 0 0 3 0]
 [0 2 0 0 0 9 0 0 4]
 [9 0 0 0 3 0 0 2 0]
 [0 0 5 2 0 7 0 0 0]]
Solution:
[[0 5 8 6 3 0 1 4 9]
 [9 1 0 2 4 7 5 8 3]
 [3 0 0 1 0 9 6 7 2]
 [6 9 7 3 2 8 4 1 5]
 [0 3 1 0 5 4 2 9 6]
 [2 0 4 9 6 1 8 3 7]
 [7 0 6 4 8 5 9 2 1]
 [1 4 5 7 9 2 3 6 8]
 [8 2 9 0 1 3 7 5 4]]
Number of cells unfilled: 11
Accuracy: 86.41975308641975
Sample: 21226
Question:
[[0 1 7 0 0 2 0 0 0]
 [0 0 0 0 1 0 7 0 0]
 [4 0 0 8 0 0 0 0 6]
 [0 0 0 0 0 4 0 5 0]
 [0 2 0 0 0 5 0 0 0]
 [9 0 0 6 0 0 0 0 8]
 [3 0 0 0 0 0 9 6 0]
 [0 0 9 0 0 0 0 0 4]
 [0 4 0 9 0 0 8 3 0]]
Solution:
[[0 5 8 6 3 0 1 4 9]
 [9 6 0 2 4 7 5 8 3]
 [3 0 0 1 0 9 6 7 2]
 [6 9 7 3 2 8 4 1 5]
 [0 3 1 0 5 4 2 9 6]
 [2 0 4 9 6 1 8 3 7]
 [7 0 6 4 8 5 9 2 1]
 [1 4 5 7 9 2 3 6 8]
 [8 2 9 0 1 3 7 5 4]]
Number of cells unfilled: 11
Accuracy: 86.41975308641975
Sample: 21227
Question:
[[0 1 9 0 8 0 0 0 0]
 [0 0 0 0 0 4 0 1 0]
 [6 0 0 7 0 0 3 0 0]
 [0 0 8 0 4 0 0 0 0]
 [3 0 0 1 0 0 0 2 0]
 [0 0 0 0 5 0 0 0 3]
 [0 0 0 0 0 5 7 3 0]
 [7 0 0 6 0 0 0 0 1]
 [0 9 0 0 0 0 2 6 0]]
Solution:
[[0 5 8 6 3 0 1 4 9]
 [9 6 0 2 4 7 5 8 3]
 [3 0 0 1 0 9 6 7 2]
 [6 9 7 3 2 8 4 1 5]
 [0 3 1 0 5 4 2 9 6]
 [2 0 4 9 6 1 8 3 7]
 [7 0 6 4 8 5 9 2 1]
 [1 4 5 7 9 2 3 6 8]
 [8 2 9 0 1 3 7 5 4]]
Number of cells unfilled: 11
Accuracy: 86.41975308641975
Sample: 21228
Question:
[[0 4 0 3 0 0 1 0 0]
 [0 0 7 0 0 0 0 0 0]
 [0 0 0 0 6 8 0 4 7]
 [0 8 0 0 0 3 0 0 0]
 [3 0 1 9 0 0 0 8 0]
 [4 0 9 0 0 0 3 0 0]
 [0 0 0 0 2 5 0 0 6]
 [0 1 0 8 0 0 4 0 0]
 [5 0 0 0 0 0 0 2 0]]
Solution:
[[0 5 8 6 3 0 1 4 9]
 [9 1 0 2 4 7 5 8 3]
 [3 0 0 1 0 9 6 7 2]
 [6 9 7 3 2 8 4 1 5]
 [0 3 1 0 5 4 2 9 6]
 [2 0 4 9 6 1 8 3 7]
 [7 0 6 4 8 5 9 2 1]
 [1 4 5 7 9 2 3 6 8]
 [8 2 9 0 1 3 7 5 4]]
Number of cells unfilled: 11
Accuracy: 86.41975308641975
Sample: 21229
Question:
[[7 0 0 0 0 0 0 0 0]
 [6 5 9 0 0 8 7 0 0]
 [0 0 8 0 0 0 0 0 0]
 [0 6 0 0 5 2 0 8 4]
 [0 0 0 0 9 0 0 6 0]
 [9 0 0 4 0 0 0 7 0]
 [0 2 0 0 0 0 0 0 9]
 [4 0 0 8 0 0 1 3 0]
 [3 0 0 9 1 0 0 0 8]]
Solution:
[[0 5 8 6 3 0 1 4 9]
 [9 1 0 2 4 7 5 8 3]
 [3 0 0 1 0 9 6 7 2]
 [6 9 7 3 2 8 4 1 5]
 [0 3 1 0 5 4 2 9 6]
 [2 0 4 9 6 1 8 3 7]
 [7 0 6 4 8 5 9 2 1]
 [1 4 5 7 9 2 3 6 8]
 [8 2 9 0 1 3 7 5 4]]
Number of cells unfilled: 11
Accuracy: 86.41975308641975
Sample: 21230
Question:
[[0 0 0 0 0 3 4 0 0]
 [1 0 6 0 0 0 0 0 0]
 [7 0 0 9 0 0 5 6 0]
 [0 0 0 0 8 0 0 7 9]
 [3 0 0 0 5 0 0 0 6]
 [9 0 0 6 0 1 2 0 0]
 [0 0 9 0 0 0 0 2 0]
 [0 0 0 5 0 0 0 8 0]
 [0 4 0 0 0 6 0 0 5]]
Solution:
[[0 5 8 6 3 0 1 4 9]
 [9 1 0 2 4 7 5 8 3]
 [3 0 0 1 0 9 6 7 2]
 [6 9 7 3 2 8 4 1 5]
 [0 3 1 0 5 4 2 9 6]
 [2 0 4 9 6 1 8 3 7]
 [7 0 6 4 8 5 9 2 1]
 [1 4 5 7 9 2 3 6 8]
 [8 2 9 0 1 3 7 5 4]]
Number of cells unfilled: 11
Accuracy: 86.41975308641975
Sample: 21231
Question:
[[5 6 0 2 0 0 0 0 0]
 [0 0 1 0 0 5 6 7 2]
 [0 0 0 8 1 0 0 0 0]
 [0 4 2 0 0 0 8 0 6]
 [0 1 0 0 0 0 9 0 0]
 [8 0 0 0 0 0 0 0 5]
 [2 0 0 4 0 0 0 0 0]
 [0 5 0 0 0 2 0 0 0]
 [0 3 0 5 0 9 0 4 1]]
Solution:
[[0 5 8 6 3 0 1 4 9]
 [9 1 0 2 4 7 5 8 3]
 [3 0 0 1 0 9 6 7 2]
 [6 9 7 3 2 8 4 1 5]
 [0 3 1 0 5 4 2 9 6]
 [2 0 4 9 6 1 8 3 7]
 [7 0 6 4 8 5 9 2 1]
 [1 4 5 7 9 2 3 6 8]
 [8 2 9 0 1 3 7 5 4]]
Number of cells unfilled: 11
Accuracy: 86.41975308641975
Sample: 21232
Question:
[[4 0 0 0 0 0 0 0 9]
 [5 0 0 0 9 2 0 0 7]
 [0 0 0 1 0 0 2 6 0]
 [0 4 0 0 2 0 7 9 0]
 [0 0 0 0 0 8 0 0 2]
 [2 0 0 9 0 7 0 5 0]
 [0 0 0 7 0 0 0 0 0]
 [0 0 0 0 0 9 3 0 0]
 [7 0 0 0 8 0 9 0 5]]
Solution:
[[0 5 8 6 3 0 1 4 9]
 [9 1 0 2 4 7 5 8 3]
 [3 0 0 1 0 9 6 7 2]
 [6 9 7 3 2 8 4 1 5]
 [0 3 1 0 5 4 2 9 6]
 [2 0 4 9 6 1 8 3 7]
 [7 0 6 4 8 5 9 2 1]
 [1 4 5 7 9 2 3 6 8]
 [8 2 9 0 1 3 7 5 4]]
Number of cells unfilled: 11
Accuracy: 86.41975308641975
Sample: 21233
Question:
[[0 0 0 2 0 0 0 0 0]
 [0 0 5 0 1 3 0 0 0]
 [0 0 0 0 9 5 1 0 0]
 [0 0 2 3 0 0 9 0 0]
 [6 0 0 0 0 0 0 4 0]
 [0 8 0 0 0 0 0 7 3]
 [4 0 0 0 3 0 0 0 6]
 [0 7 0 0 0 4 0 8 0]
 [0 0 3 1 0 0 4 0 0]]
Solution:
[[0 5 8 6 3 0 1 4 9]
 [9 6 0 2 4 7 5 8 3]
 [3 0 0 1 0 9 6 7 2]
 [6 9 7 3 2 8 4 1 5]
 [0 3 1 0 5 4 2 9 6]
 [2 0 4 9 6 1 8 3 7]
 [7 0 6 4 8 5 9 2 1]
 [1 4 5 7 9 2 3 6 8]
 [8 2 9 0 1 3 7 5 4]]
Number of cells unfilled: 11
Accuracy: 86.41975308641975
Sample: 21234
Question:
[[0 0 4 0 0 2 8 0 0]
 [0 7 0 4 9 0 0 0 0]
 [3 0 0 0 0 0 0 0 0]
 [0 9 0 1 7 0 0 0 0]
 [4 0 0 3 0 0 0 0 0]
 [0 0 1 0 0 5 0 6 0]
 [0 0 8 0 0 1 0 0 5]
 [1 0 0 0 0 0 2 8 0]
 [0 4 0 0 0 0 6 1 0]]
Solution:
[[0 5 8 6 3 0 1 4 9]
 [9 6 0 2 4 7 5 8 3]
 [3 0 0 1 0 9 6 7 2]
 [6 9 7 3 2 8 4 1 5]
 [0 3 1 0 5 4 2 9 6]
 [2 0 4 9 6 1 8 3 7]
 [7 0 6 4 8 5 9 2 1]
 [1 4 5 7 9 2 3 6 8]
 [8 2 9 0 1 3 7 5 4]]
Number of cells unfilled: 11
Accuracy: 86.41975308641975
Sample: 21235
Question:
[[0 4 0 0 0 3 0 0 6]
 [6 0 0 0 1 0 3 0 0]
 [0 0 3 8 0 0 0 9 0]
 [0 0 0 9 6 0 0 8 0]
 [0 0 0 0 0 2 0 0 5]
 [0 0 0 3 0 0 1 6 0]
 [0 5 0 0 0 0 0 0 0]
 [2 0 7 0 0 4 0 0 0]
 [4 0 6 0 0 0 0 0 7]]
Solution:
[[0 5 8 6 3 0 1 4 9]
 [9 1 0 2 4 7 5 8 3]
 [3 0 0 1 0 9 6 7 2]
 [6 9 7 3 2 8 4 1 5]
 [0 3 1 0 5 4 2 9 6]
 [2 0 4 9 6 1 8 3 7]
 [7 0 6 4 8 5 9 2 1]
 [1 4 5 7 9 2 3 6 8]
 [8 2 9 0 1 3 7 5 4]]
Number of cells unfilled: 11
Accuracy: 86.41975308641975
Sample: 21236
Question:
[[0 5 0 0 0 0 0 4 0]
 [0 0 4 1 0 0 6 0 0]
 [2 0 6 0 4 0 0 0 8]
 [0 0 0 7 0 0 0 0 0]
 [0 0 0 0 6 1 3 0 0]
 [0 0 1 0 3 9 0 0 0]
 [8 0 0 0 0 0 0 0 2]
 [4 0 0 0 0 0 0 5 6]
 [0 0 9 6 0 0 7 0 0]]
Solution:
[[0 5 8 6 3 0 1 4 9]
 [9 1 0 2 4 7 5 8 3]
 [3 0 0 1 0 9 6 7 2]
 [6 9 7 3 2 8 4 1 5]
 [0 3 1 0 5 4 2 9 6]
 [2 0 4 9 6 1 8 3 7]
 [7 0 6 4 8 5 9 2 1]
 [1 4 5 7 9 2 3 6 8]
 [8 2 9 0 1 3 7 5 4]]
Number of cells unfilled: 11
Accuracy: 86.41975308641975
Sample: 21237
Question:
[[0 8 0 0 0 3 0 1 0]
 [0 0 0 0 5 0 0 0 8]
 [2 0 0 0 0 8 0 0 6]
 [0 1 5 0 0 4 0 8 7]
 [0 4 0 0 0 1 0 3 0]
 [0 0 0 0 7 0 0 0 0]
 [1 0 4 0 0 9 0 0 0]
 [0 9 0 0 3 0 0 0 0]
 [0 0 8 4 0 0 0 9 0]]
Solution:
[[0 5 8 6 3 0 1 4 9]
 [9 1 0 2 4 7 5 8 3]
 [3 0 0 1 0 9 6 7 2]
 [6 9 7 3 2 8 4 1 5]
 [0 3 1 0 5 4 2 9 6]
 [2 0 4 9 6 1 8 3 7]
 [7 0 6 4 8 5 9 2 1]
 [1 4 5 7 9 2 3 6 8]
 [8 2 9 0 1 3 7 5 4]]
Number of cells unfilled: 11
Accuracy: 86.41975308641975
Sample: 21238
Question:
[[0 0 1 0 0 0 0 0 5]
 [9 0 0 0 0 3 1 0 0]
 [0 3 0 0 0 0 0 0 4]
 [0 0 9 0 0 7 6 0 0]
 [0 7 0 0 8 0 0 5 0]
 [8 0 0 2 0 0 0 0 1]
 [0 9 0 6 0 1 8 0 0]
 [0 0 8 3 2 0 0 0 6]
 [6 0 0 0 4 0 0 0 0]]
Solution:
[[0 5 8 6 3 0 1 4 9]
 [9 6 0 2 4 7 5 8 3]
 [3 0 0 1 0 9 6 7 2]
 [6 9 7 3 2 8 4 1 5]
 [0 3 1 0 5 4 2 9 6]
 [2 0 4 9 6 1 8 3 7]
 [7 0 6 4 8 5 9 2 1]
 [1 4 5 7 9 2 3 6 8]
 [8 2 9 0 1 3 7 5 4]]
Number of cells unfilled: 11
Accuracy: 86.41975308641975
Sample: 21239
Question:
[[0 3 0 0 0 2 0 0 0]
 [0 0 9 4 0 0 0 0 2]
 [0 1 2 0 9 0 0 0 0]
 [0 0 0 5 0 0 0 3 0]
 [0 5 0 0 7 0 2 6 0]
 [0 0 7 0 0 4 5 0 9]
 [1 0 0 0 0 8 0 7 0]
 [0 0 5 0 4 0 0 0 8]
 [0 0 0 7 0 0 6 0 0]]
Solution:
[[0 5 8 6 3 0 1 4 9]
 [9 1 0 2 4 7 5 8 3]
 [3 0 0 1 0 9 6 7 2]
 [6 9 7 3 2 8 4 1 5]
 [0 3 1 0 5 4 2 9 6]
 [2 0 4 9 6 1 8 3 7]
 [7 0 6 4 8 5 9 2 1]
 [1 4 5 7 9 2 3 6 8]
 [8 2 9 0 1 3 7 5 4]]
Number of cells unfilled: 11
Accuracy: 86.41975308641975
Sample: 21240
Question:
[[0 7 0 0 3 0 0 0 5]
 [0 0 2 0 0 7 9 0 0]
 [9 0 0 8 0 0 0 7 0]
 [0 0 0 4 6 0 0 0 0]
 [0 0 0 0 0 0 0 0 4]
 [0 9 0 3 0 8 0 2 0]
 [1 0 6 0 8 0 0 0 9]
 [3 2 0 0 0 0 1 0 0]
 [0 8 0 0 0 3 0 5 0]]
Solution:
[[0 5 8 6 3 0 1 4 9]
 [9 6 0 2 4 7 5 8 3]
 [3 0 0 1 0 9 6 7 2]
 [6 9 7 3 2 8 4 1 5]
 [0 3 1 0 5 4 2 9 6]
 [2 0 4 9 6 1 8 3 7]
 [7 0 6 4 8 5 9 2 1]
 [1 4 5 7 9 2 3 6 8]
 [8 2 9 0 1 3 7 5 4]]
Number of cells unfilled: 11
Accuracy: 86.41975308641975
Sample: 21241
Question:
[[2 0 0 0 0 5 0 0 8]
 [0 0 8 0 0 0 0 6 0]
 [0 4 0 0 9 0 2 0 0]
 [0 8 0 0 0 0 0 7 6]
 [4 0 0 0 8 0 3 9 0]
 [0 0 9 0 0 0 8 0 1]
 [0 0 4 0 3 0 7 0 0]
 [0 3 0 5 7 0 0 0 0]
 [7 0 0 1 0 0 0 0 0]]
Solution:
[[0 5 8 6 3 0 1 4 9]
 [9 6 2 0 4 7 5 8 3]
 [3 0 0 1 0 9 6 7 2]
 [6 9 7 3 2 8 4 1 5]
 [0 3 1 0 5 4 2 9 6]
 [2 0 4 9 6 1 8 3 7]
 [7 0 6 4 8 5 9 2 1]
 [1 4 5 7 9 2 3 6 8]
 [8 2 9 0 1 3 7 5 4]]
Number of cells unfilled: 11
Accuracy: 86.41975308641975
Sample: 21242
Question:
[[0 6 2 0 0 0 0 0 0]
 [5 0 4 0 0 0 0 2 0]
 [7 0 9 0 1 5 0 0 6]
 [9 0 0 0 0 8 6 0 0]
 [0 7 0 0 0 4 1 8 0]
 [0 0 0 1 0 0 0 0 4]
 [0 0 0 0 4 1 0 0 0]
 [0 0 0 0 8 0 0 0 1]
 [0 0 0 9 7 0 8 0 3]]
Solution:
[[0 5 8 6 3 0 1 4 9]
 [9 6 0 2 4 7 5 8 3]
 [3 0 0 1 0 9 6 7 2]
 [6 9 7 3 2 8 4 1 5]
 [0 3 1 0 5 4 2 9 6]
 [2 0 4 9 6 1 8 3 7]
 [7 0 6 4 8 5 9 2 1]
 [1 4 5 7 9 2 3 6 8]
 [8 2 9 0 1 3 7 5 4]]
Number of cells unfilled: 11
Accuracy: 86.41975308641975
Sample: 21243
Question:
[[0 9 5 0 7 0 6 4 0]
 [0 4 0 9 0 0 0 5 7]
 [7 0 0 0 0 0 3 0 0]
 [0 7 2 0 0 0 0 8 0]
 [0 0 0 4 3 2 0 0 0]
 [4 0 0 0 8 0 0 0 0]
 [0 8 0 5 0 9 4 0 3]
 [0 0 0 6 0 0 0 9 0]
 [0 0 0 0 1 0 0 0 0]]
Solution:
[[0 5 8 6 3 0 1 4 9]
 [9 6 0 2 4 7 5 8 3]
 [3 0 0 1 0 9 6 7 2]
 [6 9 7 3 2 8 4 1 5]
 [0 3 1 0 5 4 2 9 6]
 [2 0 4 9 6 1 8 3 7]
 [7 0 6 4 8 5 9 2 1]
 [1 4 5 7 9 2 3 6 8]
 [8 2 9 0 1 3 7 5 4]]
Number of cells unfilled: 11
Accuracy: 86.41975308641975
Sample: 21244
Question:
[[0 9 3 6 8 1 0 0 0]
 [1 4 0 0 0 0 0 0 0]
 [7 0 8 0 0 0 3 0 0]
 [0 0 5 0 2 0 0 0 0]
 [0 0 0 3 4 0 0 8 6]
 [0 3 0 1 0 0 2 0 0]
 [0 0 4 0 6 0 5 0 0]
 [0 0 0 0 0 0 0 9 0]
 [0 1 7 9 0 0 0 0 8]]
Solution:
[[0 5 8 6 3 0 1 4 9]
 [9 6 0 2 4 7 5 8 3]
 [3 0 0 1 0 9 6 7 2]
 [6 9 7 3 2 8 4 1 5]
 [0 3 1 0 5 4 2 9 6]
 [2 0 4 9 6 1 8 3 7]
 [7 0 6 4 8 5 9 2 1]
 [1 4 5 7 9 2 3 6 8]
 [8 2 9 0 1 3 7 5 4]]
Number of cells unfilled: 11
Accuracy: 86.41975308641975
Sample: 21245
Question:
[[0 0 4 0 3 0 9 8 0]
 [0 8 0 9 0 0 0 2 0]
 [0 0 0 0 0 8 3 0 6]
 [0 0 0 0 0 7 6 0 3]
 [0 7 0 0 9 0 0 1 0]
 [5 0 0 1 0 0 0 0 0]
 [0 1 0 0 0 9 0 3 0]
 [0 0 5 3 0 0 7 0 0]
 [4 0 0 0 2 0 0 0 0]]
Solution:
[[0 5 8 6 3 0 1 4 9]
 [9 6 2 0 4 7 5 8 3]
 [3 0 0 1 0 9 6 7 2]
 [6 9 7 3 2 8 4 1 5]
 [0 3 1 0 5 4 2 9 6]
 [2 0 4 9 6 1 8 3 7]
 [7 0 6 4 8 5 9 2 1]
 [1 4 5 7 9 2 3 6 8]
 [8 2 9 0 1 3 7 5 4]]
Number of cells unfilled: 11
Accuracy: 86.41975308641975
Sample: 21246
Question:
[[0 0 5 0 8 0 0 0 0]
 [2 0 0 0 0 6 3 0 0]
 [0 4 0 1 0 0 0 0 0]
 [7 0 0 0 0 3 0 0 6]
 [0 8 0 0 0 0 0 0 0]
 [0 0 1 0 9 0 0 0 0]
 [6 0 0 0 0 2 0 0 9]
 [0 0 0 0 0 0 7 0 2]
 [0 0 0 5 4 0 6 0 3]]
Solution:
[[0 5 8 6 3 0 1 4 9]
 [9 1 0 2 4 7 5 8 3]
 [3 0 0 1 0 9 6 7 2]
 [6 9 7 3 2 8 4 1 5]
 [0 3 1 0 5 4 2 9 6]
 [2 0 4 9 6 1 8 3 7]
 [7 0 6 4 8 5 9 2 1]
 [1 4 5 7 9 2 3 6 8]
 [8 2 9 0 1 3 7 5 4]]
Number of cells unfilled: 11
Accuracy: 86.41975308641975
Sample: 21247
Question:
[[0 0 8 0 0 0 5 0 0]
 [0 0 0 3 0 1 6 0 0]
 [0 6 0 0 7 0 0 4 0]
 [0 3 0 4 0 0 0 0 5]
 [6 0 0 7 0 0 0 3 0]
 [0 0 5 0 3 0 9 0 0]
 [1 0 0 2 0 0 0 0 8]
 [0 0 3 0 0 0 2 0 0]
 [0 7 0 0 9 0 0 5 0]]
Solution:
[[0 5 8 6 3 0 1 4 9]
 [9 6 0 2 4 7 5 8 3]
 [3 0 0 1 0 9 6 7 2]
 [6 9 7 3 2 8 4 1 5]
 [0 3 1 0 5 4 2 9 6]
 [2 0 4 9 6 1 8 3 7]
 [7 0 6 4 8 5 9 2 1]
 [1 4 5 7 9 2 3 6 8]
 [8 2 9 0 1 3 7 5 4]]
Number of cells unfilled: 11
Accuracy: 86.41975308641975
Sample: 21248
Question:
[[0 0 2 0 0 0 0 0 0]
 [1 0 6 5 0 0 2 0 7]
 [3 0 0 6 0 0 0 0 4]
 [0 6 0 0 0 0 0 0 0]
 [0 0 0 0 8 0 0 9 0]
 [4 0 0 7 0 0 0 0 3]
 [0 0 0 0 7 5 0 0 1]
 [0 0 1 3 0 0 4 0 0]
 [5 0 0 0 0 0 3 0 0]]
Solution:
[[0 5 8 6 3 0 1 4 9]
 [9 1 0 2 4 7 5 8 3]
 [3 0 0 1 0 9 6 7 2]
 [6 9 7 3 2 8 4 1 5]
 [0 3 1 0 5 4 2 9 6]
 [2 0 4 9 6 1 8 3 7]
 [7 0 6 4 8 5 9 2 1]
 [1 4 5 7 9 2 3 6 8]
 [8 2 9 0 1 3 7 5 4]]
Number of cells unfilled: 11
Accuracy: 86.41975308641975
Sample: 21249
Question:
[[0 0 0 0 3 0 7 1 9]
 [0 0 0 0 0 0 6 0 0]
 [0 0 8 0 9 0 0 5 0]
 [0 0 0 0 0 7 3 6 0]
 [0 1 6 2 5 0 0 8 0]
 [9 0 0 0 0 0 0 0 0]
 [0 8 7 0 6 5 0 0 0]
 [0 9 0 0 7 4 0 0 0]
 [0 0 0 0 0 0 8 0 5]]
Solution:
[[0 5 8 6 3 0 1 4 9]
 [9 1 0 2 4 7 5 8 3]
 [3 0 0 1 0 9 6 7 2]
 [6 9 7 3 2 8 4 1 5]
 [0 3 1 0 5 4 2 9 6]
 [2 0 4 9 6 1 8 3 7]
 [7 0 6 4 8 5 9 2 1]
 [1 4 5 7 9 2 3 6 8]
 [8 2 9 0 1 3 7 5 4]]
Number of cells unfilled: 11
Accuracy: 86.41975308641975
Sample: 21250
Question:
[[0 0 9 2 0 0 0 3 0]
 [0 0 7 0 8 0 9 0 0]
 [1 0 0 0 0 9 0 0 4]
 [5 0 0 0 9 0 4 0 0]
 [0 7 0 0 0 0 0 9 0]
 [0 0 4 0 0 7 0 0 5]
 [7 0 0 0 0 6 0 0 8]
 [0 0 1 0 5 0 6 0 0]
 [0 6 0 3 0 0 0 2 0]]
Solution:
[[0 5 8 6 3 0 1 4 9]
 [9 1 2 0 4 7 5 8 3]
 [3 0 0 1 0 9 6 7 2]
 [6 9 7 3 2 8 4 1 5]
 [0 3 1 0 5 4 2 9 6]
 [2 0 4 9 6 1 8 3 7]
 [7 0 6 4 8 5 9 2 1]
 [1 4 5 7 9 2 3 6 8]
 [8 2 9 0 1 3 7 5 4]]
Number of cells unfilled: 11
Accuracy: 86.41975308641975
Sample: 21251
Question:
[[0 0 6 0 0 0 0 0 0]
 [0 9 0 3 0 7 8 0 0]
 [0 0 0 4 0 0 0 0 0]
 [0 0 0 0 5 0 0 2 6]
 [3 7 0 0 0 0 0 0 0]
 [0 0 0 9 0 0 0 0 5]
 [0 0 0 0 6 2 0 0 0]
 [4 0 0 0 0 0 3 0 0]
 [0 0 0 0 0 0 0 0 0]]
Solution:
[[0 5 8 6 3 0 1 4 9]
 [9 6 0 2 4 7 5 8 3]
 [3 0 0 1 0 9 6 7 2]
 [6 9 7 3 2 8 4 1 5]
 [0 3 1 0 5 4 2 9 6]
 [2 0 4 9 6 1 8 3 7]
 [7 0 6 4 8 5 9 2 1]
 [1 4 5 7 9 2 3 6 8]
 [8 2 9 0 1 3 7 5 4]]
Number of cells unfilled: 11
Accuracy: 86.41975308641975
Sample: 21252
Question:
[[5 4 0 0 8 0 7 0 0]
 [0 0 0 0 0 7 0 4 5]
 [1 0 0 0 0 0 0 0 0]
 [0 0 0 6 0 2 3 0 0]
 [0 0 1 0 7 0 0 0 0]
 [2 3 0 0 4 0 0 7 0]
 [0 0 0 0 0 9 8 0 0]
 [8 5 0 0 3 0 0 0 7]
 [0 0 2 0 0 0 0 3 0]]
Solution:
[[0 5 8 6 3 0 1 4 9]
 [9 6 0 2 4 7 5 8 3]
 [3 0 0 1 0 9 6 7 2]
 [6 9 7 3 2 8 4 1 5]
 [0 3 1 0 5 4 2 9 6]
 [2 0 4 9 6 1 8 3 7]
 [7 0 6 4 8 5 9 2 1]
 [1 4 5 7 9 2 3 6 8]
 [8 2 9 0 1 3 7 5 4]]
Number of cells unfilled: 11
Accuracy: 86.41975308641975
Sample: 21253
Question:
[[0 0 2 5 0 0 0 4 0]
 [0 0 0 0 0 0 0 0 8]
 [4 3 0 0 0 0 0 0 7]
 [0 0 4 0 1 5 0 0 2]
 [0 0 0 0 0 0 0 1 0]
 [7 0 0 2 0 0 4 0 0]
 [0 0 7 1 0 0 0 2 0]
 [0 0 5 4 0 0 6 7 0]
 [6 0 0 0 0 9 0 0 0]]
Solution:
[[0 5 8 6 3 0 1 4 9]
 [9 1 0 2 4 7 5 8 3]
 [3 0 0 1 0 9 6 7 2]
 [6 9 7 3 2 8 4 1 5]
 [0 3 1 0 5 4 2 9 6]
 [2 0 4 9 6 1 8 3 7]
 [7 0 6 4 8 5 9 2 1]
 [1 4 5 7 9 2 3 6 8]
 [8 2 9 0 1 3 7 5 4]]
Number of cells unfilled: 11
Accuracy: 86.41975308641975
Sample: 21254
Question:
[[0 1 0 3 0 5 0 4 0]
 [0 0 0 0 6 0 0 0 1]
 [0 0 0 0 0 0 0 0 3]
 [0 0 0 0 7 0 0 9 0]
 [0 4 0 9 0 1 0 0 5]
 [0 0 8 0 0 0 0 0 0]
 [0 5 0 4 0 9 3 0 0]
 [4 0 0 0 0 7 0 5 0]
 [2 0 9 0 0 0 0 0 4]]
Solution:
[[0 5 8 6 3 0 1 4 9]
 [9 1 0 2 4 7 5 8 3]
 [3 0 0 1 0 9 6 7 2]
 [6 9 7 3 2 8 4 1 5]
 [0 3 1 0 5 4 2 9 6]
 [2 0 4 9 6 1 8 3 7]
 [7 0 6 4 8 5 9 2 1]
 [1 4 5 7 9 2 3 6 8]
 [8 2 9 0 1 3 7 5 4]]
Number of cells unfilled: 11
Accuracy: 86.41975308641975
Sample: 21255
Question:
[[0 5 0 1 4 0 8 0 0]
 [4 0 0 0 0 0 0 0 0]
 [0 0 0 7 0 9 0 4 0]
 [6 0 0 0 7 0 0 1 8]
 [0 0 0 6 0 0 7 0 0]
 [0 7 0 8 0 0 0 5 0]
 [0 8 2 0 6 0 1 0 0]
 [0 6 0 0 1 0 5 0 0]
 [0 0 0 2 0 0 0 0 3]]
Solution:
[[0 5 8 6 3 0 1 4 9]
 [9 1 2 0 4 7 5 8 3]
 [3 0 0 1 0 9 6 7 2]
 [6 9 7 3 2 8 4 1 5]
 [0 3 1 0 5 4 2 9 6]
 [2 0 4 9 6 1 8 3 7]
 [7 0 6 4 8 5 9 2 1]
 [1 4 5 7 9 2 3 6 8]
 [8 2 9 0 1 3 7 5 4]]
Number of cells unfilled: 11
Accuracy: 86.41975308641975
Sample: 21256
Question:
[[3 7 0 5 0 0 0 0 4]
 [0 0 5 0 0 0 0 0 0]
 [4 6 0 0 3 0 0 5 0]
 [0 1 0 0 5 2 0 0 0]
 [0 0 3 1 7 0 0 6 0]
 [0 0 0 0 0 0 0 0 1]
 [0 0 6 7 0 0 0 4 0]
 [8 0 0 0 9 0 0 0 0]
 [0 0 7 4 0 0 9 3 0]]
Solution:
[[0 5 8 6 3 0 1 4 9]
 [9 1 0 2 4 7 5 8 3]
 [3 0 0 1 0 9 6 7 2]
 [6 9 7 3 2 8 4 1 5]
 [0 3 1 0 5 4 2 9 6]
 [2 0 4 9 6 1 8 3 7]
 [7 0 6 4 8 5 9 2 1]
 [1 4 5 7 9 2 3 6 8]
 [8 2 9 0 1 3 7 5 4]]
Number of cells unfilled: 11
Accuracy: 86.41975308641975
Sample: 21257
Question:
[[0 0 3 0 2 0 0 0 1]
 [0 0 0 0 0 0 5 0 0]
 [0 9 0 0 0 6 3 0 0]
 [0 1 0 0 0 7 0 0 5]
 [4 0 0 8 0 0 0 0 0]
 [0 0 7 0 3 0 2 0 0]
 [0 7 0 0 0 9 0 0 3]
 [8 0 0 4 0 0 0 7 2]
 [0 0 1 0 7 0 0 5 0]]
Solution:
[[0 5 8 6 3 0 1 4 9]
 [9 1 0 2 4 7 5 8 3]
 [3 0 0 1 0 9 6 7 2]
 [6 9 7 3 2 8 4 1 5]
 [0 3 1 0 5 4 2 9 6]
 [2 0 4 9 6 1 8 3 7]
 [7 0 6 4 8 5 9 2 1]
 [1 4 5 7 9 2 3 6 8]
 [8 2 9 0 1 3 7 5 4]]
Number of cells unfilled: 11
Accuracy: 86.41975308641975
Sample: 21258
Question:
[[2 0 6 0 0 0 0 0 8]
 [0 8 0 2 0 0 0 0 0]
 [0 1 0 0 0 0 0 3 0]
 [0 0 1 3 2 0 0 9 0]
 [0 0 3 0 0 9 4 0 5]
 [6 0 0 0 4 0 8 2 0]
 [0 0 0 1 7 0 0 8 0]
 [0 0 2 0 0 4 7 0 0]
 [0 0 0 0 6 0 0 5 0]]
Solution:
[[0 5 8 6 3 0 1 4 9]
 [9 6 0 2 4 7 5 8 3]
 [3 0 0 1 0 9 6 7 2]
 [6 9 7 3 2 8 4 1 5]
 [0 3 1 0 5 4 2 9 6]
 [2 0 4 9 6 1 8 3 7]
 [7 0 6 4 8 5 9 2 1]
 [1 4 5 7 9 2 3 6 8]
 [8 2 9 0 1 3 7 5 4]]
Number of cells unfilled: 11
Accuracy: 86.41975308641975
Sample: 21259
Question:
[[0 1 0 0 0 4 0 0 0]
 [7 4 0 0 1 3 0 0 0]
 [0 0 0 2 0 0 0 0 0]
 [1 0 0 6 3 0 0 9 0]
 [0 0 2 0 0 7 0 3 0]
 [0 0 0 0 0 1 0 4 0]
 [0 6 0 0 0 0 0 1 5]
 [4 8 0 0 0 2 9 0 0]
 [0 0 0 0 0 0 0 6 0]]
Solution:
[[0 5 8 6 3 0 1 4 9]
 [9 1 0 2 4 7 5 8 3]
 [3 0 0 1 0 9 6 7 2]
 [6 9 7 3 2 8 4 1 5]
 [0 3 1 0 5 4 2 9 6]
 [2 0 4 9 6 1 8 3 7]
 [7 0 6 4 8 5 9 2 1]
 [1 4 5 7 9 2 3 6 8]
 [8 2 9 0 1 3 7 5 4]]
Number of cells unfilled: 11
Accuracy: 86.41975308641975
Sample: 21260
Question:
[[9 0 0 0 0 0 0 4 0]
 [0 0 3 0 0 2 0 0 8]
 [0 0 0 5 0 7 2 6 0]
 [2 0 0 0 0 1 0 7 0]
 [0 0 0 7 0 0 4 0 2]
 [0 4 0 0 0 5 8 0 6]
 [3 5 0 0 0 0 0 0 0]
 [0 0 0 0 0 4 0 8 0]
 [4 8 0 0 0 3 9 0 7]]
Solution:
[[0 5 8 6 3 0 1 4 9]
 [9 6 0 2 4 7 5 8 3]
 [3 0 0 1 0 9 6 7 2]
 [6 9 7 3 2 8 4 1 5]
 [0 3 1 0 5 4 2 9 6]
 [2 0 4 9 6 1 8 3 7]
 [7 0 6 4 8 5 9 2 1]
 [1 4 5 7 9 2 3 6 8]
 [8 2 9 0 1 3 7 5 4]]
Number of cells unfilled: 11
Accuracy: 86.41975308641975
Sample: 21261
Question:
[[1 0 0 0 0 2 8 0 0]
 [0 0 5 3 0 0 0 7 2]
 [0 7 0 0 0 0 0 0 0]
 [4 0 0 0 0 0 0 9 8]
 [0 0 0 0 4 0 2 0 0]
 [0 2 1 0 0 9 0 0 3]
 [9 0 0 0 0 8 3 0 0]
 [0 0 0 5 6 0 0 0 0]
 [0 1 0 0 0 0 0 0 6]]
Solution:
[[0 5 8 6 3 0 1 4 9]
 [9 6 0 2 4 7 5 8 3]
 [3 0 0 1 0 9 6 7 2]
 [6 9 7 3 2 8 4 1 5]
 [0 3 1 0 5 4 2 9 6]
 [2 0 4 9 6 1 8 3 7]
 [7 0 6 4 8 5 9 2 1]
 [1 4 5 7 9 2 3 6 8]
 [8 2 9 0 1 3 7 5 4]]
Number of cells unfilled: 11
Accuracy: 86.41975308641975
Sample: 21262
Question:
[[5 0 6 4 0 0 7 0 0]
 [3 0 0 0 7 2 0 9 0]
 [0 2 0 0 8 0 4 0 3]
 [8 0 0 0 0 5 0 1 6]
 [0 9 2 1 3 0 0 5 0]
 [0 0 0 0 2 6 0 7 0]
 [0 0 3 7 0 9 6 0 0]
 [0 0 4 0 1 0 0 2 0]
 [1 0 5 0 0 0 0 0 8]]
Solution:
[[0 5 8 6 3 0 1 4 9]
 [9 6 0 2 4 7 5 8 3]
 [3 0 0 1 0 9 6 7 2]
 [6 9 7 3 2 8 4 1 5]
 [0 3 1 0 5 4 2 9 6]
 [2 0 4 9 6 1 8 3 7]
 [7 0 6 4 8 5 9 2 1]
 [1 4 5 7 9 2 3 6 8]
 [8 2 9 0 1 3 7 5 4]]
Number of cells unfilled: 11
Accuracy: 86.41975308641975
Sample: 21263
Question:
[[1 0 0 9 7 0 0 0 0]
 [0 9 0 0 0 0 0 1 2]
 [0 0 4 0 0 0 0 0 0]
 [0 0 6 0 0 0 0 4 9]
 [9 4 0 0 0 3 5 0 1]
 [0 5 0 2 9 0 6 0 0]
 [8 0 0 0 0 0 0 0 0]
 [0 0 0 8 0 0 1 0 5]
 [0 6 0 5 1 0 0 7 8]]
Solution:
[[0 5 8 6 3 0 1 4 9]
 [9 6 0 2 4 7 5 8 3]
 [3 0 0 1 0 9 6 7 2]
 [6 9 7 3 2 8 4 1 5]
 [0 3 1 0 5 4 2 9 6]
 [2 0 4 9 6 1 8 3 7]
 [7 0 6 4 8 5 9 2 1]
 [1 4 5 7 9 2 3 6 8]
 [8 2 9 0 1 3 7 5 4]]
Number of cells unfilled: 11
Accuracy: 86.41975308641975
Sample: 21264
Question:
[[0 6 0 0 0 0 0 0 0]
 [0 0 7 0 0 9 2 3 0]
 [8 0 0 0 3 0 0 0 0]
 [4 0 0 0 0 0 3 8 0]
 [0 9 1 0 2 0 0 4 0]
 [0 0 0 0 0 0 9 6 0]
 [0 0 0 0 0 7 0 0 0]
 [0 1 0 2 0 4 7 0 0]
 [0 0 9 0 1 5 4 0 0]]
Solution:
[[0 5 8 6 3 0 1 4 9]
 [9 6 2 0 4 7 5 8 3]
 [3 0 0 1 0 9 6 7 2]
 [6 9 7 3 2 8 4 1 5]
 [0 3 1 0 5 4 2 9 6]
 [2 0 4 9 6 1 8 3 7]
 [7 0 6 4 8 5 9 2 1]
 [1 4 5 7 9 2 3 6 8]
 [8 2 9 0 1 3 7 5 4]]
Number of cells unfilled: 11
Accuracy: 86.41975308641975
Sample: 21265
Question:
[[0 0 0 0 3 0 0 0 0]
 [0 0 2 1 0 5 7 0 3]
 [3 0 0 7 0 2 0 0 1]
 [2 0 0 0 1 0 5 0 6]
 [0 0 3 0 0 0 0 0 0]
 [0 6 0 0 0 8 0 0 0]
 [0 0 9 0 0 3 0 6 0]
 [7 0 0 0 5 0 9 0 2]
 [0 0 4 9 0 0 0 0 0]]
Solution:
[[0 5 8 6 3 0 1 4 9]
 [9 1 2 0 4 7 5 8 3]
 [3 0 0 1 0 9 6 7 2]
 [6 9 7 3 2 8 4 1 5]
 [0 3 1 0 5 4 2 9 6]
 [2 0 4 9 6 1 8 3 7]
 [7 0 6 4 8 5 9 2 1]
 [1 4 5 7 9 2 3 6 8]
 [8 2 9 0 1 3 7 5 4]]
Number of cells unfilled: 11
Accuracy: 86.41975308641975
Sample: 21266
Question:
[[0 4 0 0 0 0 7 0 0]
 [0 6 0 0 4 0 0 0 0]
 [2 0 0 3 0 0 0 5 4]
 [5 0 0 1 9 0 0 7 3]
 [0 9 0 0 0 0 0 0 0]
 [0 0 7 0 0 8 0 0 0]
 [9 0 0 0 2 5 0 1 0]
 [0 5 0 0 1 3 0 9 2]
 [0 0 0 9 0 0 0 0 0]]
Solution:
[[0 5 8 6 3 0 1 4 9]
 [9 6 0 2 4 7 5 8 3]
 [3 0 0 1 0 9 6 7 2]
 [6 9 7 3 2 8 4 1 5]
 [0 3 1 0 5 4 2 9 6]
 [2 0 4 9 6 1 8 3 7]
 [7 0 6 4 8 5 9 2 1]
 [1 4 5 7 9 2 3 6 8]
 [8 2 9 0 1 3 7 5 4]]
Number of cells unfilled: 11
Accuracy: 86.41975308641975
Sample: 21267
Question:
[[6 5 0 0 0 8 0 0 0]
 [0 9 4 0 0 0 0 0 0]
 [0 0 0 1 0 0 0 5 0]
 [0 0 6 7 0 0 0 1 8]
 [8 0 0 0 0 0 9 3 0]
 [0 0 2 0 0 5 0 6 0]
 [0 0 0 2 3 0 4 0 0]
 [7 0 0 0 0 4 0 0 0]
 [0 2 8 0 0 0 0 7 0]]
Solution:
[[0 5 8 6 3 0 1 4 9]
 [9 1 0 2 4 7 5 8 3]
 [3 0 0 1 0 9 6 7 2]
 [6 9 7 3 2 8 4 1 5]
 [0 3 1 0 5 4 2 9 6]
 [2 0 4 9 6 1 8 3 7]
 [7 0 6 4 8 5 9 2 1]
 [1 4 5 7 9 2 3 6 8]
 [8 2 9 0 1 3 7 5 4]]
Number of cells unfilled: 11
Accuracy: 86.41975308641975
Sample: 21268
Question:
[[0 0 0 0 0 4 0 7 0]
 [4 0 0 0 0 0 0 0 5]
 [0 5 0 2 0 0 1 0 0]
 [2 0 0 6 0 0 0 0 1]
 [0 6 0 0 8 5 0 0 0]
 [0 0 8 0 0 0 6 0 0]
 [0 0 3 0 0 0 0 9 0]
 [7 0 0 0 9 0 0 0 3]
 [0 2 0 8 0 0 5 1 0]]
Solution:
[[0 5 8 6 3 0 1 4 9]
 [9 6 0 2 4 7 5 8 3]
 [3 0 0 1 0 9 6 7 2]
 [6 9 7 3 2 8 4 1 5]
 [0 3 1 0 5 4 2 9 6]
 [2 0 4 9 6 1 8 3 7]
 [7 0 6 4 8 5 9 2 1]
 [1 4 5 7 9 2 3 6 8]
 [8 2 9 0 1 3 7 5 4]]
Number of cells unfilled: 11
Accuracy: 86.41975308641975
Sample: 21269
Question:
[[0 0 0 7 0 0 4 0 2]
 [0 0 0 0 0 0 3 0 0]
 [9 0 0 0 4 0 0 5 0]
 [0 7 0 0 0 6 0 0 0]
 [0 0 1 8 0 0 0 0 0]
 [3 0 0 0 2 0 5 0 0]
 [2 0 0 0 5 0 0 0 4]
 [0 0 6 0 0 1 0 0 0]
 [0 8 0 2 0 0 0 9 0]]
Solution:
[[0 5 8 6 3 0 1 4 9]
 [9 6 0 2 4 7 5 8 3]
 [3 0 0 1 0 9 6 7 2]
 [6 9 7 3 2 8 4 1 5]
 [0 3 1 0 5 4 2 9 6]
 [2 0 4 9 6 1 8 3 7]
 [7 0 6 4 8 5 9 2 1]
 [1 4 5 7 9 2 3 6 8]
 [8 2 9 0 1 3 7 5 4]]
Number of cells unfilled: 11
Accuracy: 86.41975308641975
Sample: 21270
Question:
[[0 0 0 1 0 0 2 7 0]
 [7 3 0 0 0 9 0 0 0]
 [0 8 0 0 0 0 0 0 9]
 [0 0 0 0 0 8 0 0 0]
 [6 7 0 0 0 5 0 3 0]
 [5 9 0 0 0 2 7 0 1]
 [8 0 0 0 0 0 0 0 0]
 [0 0 0 0 3 4 0 0 0]
 [0 1 0 0 0 0 3 9 0]]
Solution:
[[0 5 8 6 3 0 1 4 9]
 [9 6 0 2 4 7 5 8 3]
 [3 0 0 1 0 9 6 7 2]
 [6 9 7 3 2 8 4 1 5]
 [0 3 1 0 5 4 2 9 6]
 [2 0 4 9 6 1 8 3 7]
 [7 0 6 4 8 5 9 2 1]
 [1 4 5 7 9 2 3 6 8]
 [8 2 9 0 1 3 7 5 4]]
Number of cells unfilled: 11
Accuracy: 86.41975308641975
Sample: 21271
Question:
[[0 0 9 0 0 0 0 0 4]
 [0 2 3 0 8 0 0 0 0]
 [0 4 0 7 0 3 0 0 0]
 [0 0 2 0 3 4 7 0 6]
 [0 0 0 0 0 0 2 1 0]
 [0 1 0 0 0 5 0 0 9]
 [9 0 0 0 0 1 4 0 0]
 [0 0 7 0 0 0 0 0 0]
 [0 8 0 0 2 0 0 6 0]]
Solution:
[[0 5 8 6 3 0 1 4 9]
 [9 6 2 0 4 7 5 8 3]
 [3 0 0 1 0 9 6 7 2]
 [6 9 7 3 2 8 4 1 5]
 [0 3 1 0 5 4 2 9 6]
 [2 0 4 9 6 1 8 3 7]
 [7 0 6 4 8 5 9 2 1]
 [1 4 5 7 9 2 3 6 8]
 [8 2 9 0 1 3 7 5 4]]
Number of cells unfilled: 11
Accuracy: 86.41975308641975
Sample: 21272
Question:
[[0 0 0 0 0 0 3 0 0]
 [0 0 0 0 0 0 0 5 0]
 [0 2 3 7 0 0 0 0 9]
 [0 1 2 9 0 0 0 0 4]
 [0 0 0 2 0 6 0 0 0]
 [3 0 0 0 0 0 0 8 0]
 [0 0 9 1 0 0 0 0 0]
 [0 0 7 0 0 4 0 0 1]
 [0 4 1 0 7 2 0 9 0]]
Solution:
[[0 5 8 6 3 0 1 4 9]
 [9 1 0 2 4 7 5 8 3]
 [3 0 0 1 0 9 6 7 2]
 [6 9 7 3 2 8 4 1 5]
 [0 3 1 0 5 4 2 9 6]
 [2 0 4 9 6 1 8 3 7]
 [7 0 6 4 8 5 9 2 1]
 [1 4 5 7 9 2 3 6 8]
 [8 2 9 0 1 3 7 5 4]]
Number of cells unfilled: 11
Accuracy: 86.41975308641975
Sample: 21273
Question:
[[0 0 0 0 3 8 0 0 0]
 [0 0 0 0 2 5 0 6 0]
 [3 0 0 9 0 0 8 2 0]
 [7 0 0 0 9 3 2 0 0]
 [0 0 0 0 0 0 0 0 7]
 [2 0 0 0 5 0 9 0 0]
 [0 0 1 0 8 0 0 0 4]
 [0 7 0 0 0 0 0 0 0]
 [8 0 0 0 0 9 5 0 0]]
Solution:
[[0 5 8 6 3 0 1 4 9]
 [9 6 0 2 4 7 5 8 3]
 [3 0 0 1 0 9 6 7 2]
 [6 9 7 3 2 8 4 1 5]
 [0 3 1 0 5 4 2 9 6]
 [2 0 4 9 6 1 8 3 7]
 [7 0 6 4 8 5 9 2 1]
 [1 4 5 7 9 2 3 6 8]
 [8 2 9 0 1 3 7 5 4]]
Number of cells unfilled: 11
Accuracy: 86.41975308641975
Sample: 21274
Question:
[[0 0 0 0 9 0 0 0 0]
 [0 3 0 0 0 0 7 0 0]
 [4 0 0 8 0 0 0 5 6]
 [0 0 7 0 0 0 0 0 1]
 [0 2 0 0 0 5 0 0 0]
 [8 0 0 1 0 0 0 7 5]
 [0 0 0 6 0 0 0 0 0]
 [0 8 0 0 5 1 0 6 4]
 [6 0 0 0 4 8 0 1 0]]
Solution:
[[0 5 8 6 3 0 1 4 9]
 [9 6 0 2 4 7 5 8 3]
 [3 0 0 1 0 9 6 7 2]
 [6 9 7 3 2 8 4 1 5]
 [0 3 1 0 5 4 2 9 6]
 [2 0 4 9 6 1 8 3 7]
 [7 0 6 4 8 5 9 2 1]
 [1 4 5 7 9 2 3 6 8]
 [8 2 9 0 1 3 7 5 4]]
Number of cells unfilled: 11
Accuracy: 86.41975308641975
Sample: 21275
Question:
[[0 0 0 7 0 0 0 4 0]
 [0 0 0 0 0 0 8 0 0]
 [0 3 0 4 8 0 0 0 1]
 [0 0 0 0 0 5 0 0 0]
 [0 5 0 0 4 0 3 1 0]
 [0 4 0 0 1 0 0 6 0]
 [0 8 0 0 6 0 1 0 0]
 [0 0 9 0 0 2 0 8 3]
 [5 0 0 0 0 0 0 0 6]]
Solution:
[[0 5 8 6 3 0 1 4 9]
 [9 1 0 2 4 7 5 8 3]
 [3 0 0 1 0 9 6 7 2]
 [6 9 7 3 2 8 4 1 5]
 [0 3 1 0 5 4 2 9 6]
 [2 0 4 9 6 1 8 3 7]
 [7 0 6 4 8 5 9 2 1]
 [1 4 5 7 9 2 3 6 8]
 [8 2 9 0 1 3 7 5 4]]
Number of cells unfilled: 11
Accuracy: 86.41975308641975
Sample: 21276
Question:
[[0 0 3 7 9 0 0 6 1]
 [0 1 0 0 0 6 0 0 0]
 [6 0 0 3 0 0 0 7 0]
 [1 0 0 0 0 3 0 9 6]
 [0 0 0 0 2 9 0 0 0]
 [0 0 4 0 0 0 5 0 0]
 [0 5 0 0 0 0 0 0 0]
 [0 0 8 0 0 0 0 0 0]
 [3 0 0 0 0 7 0 5 9]]
Solution:
[[0 5 8 6 3 0 1 4 9]
 [9 6 0 2 4 7 5 8 3]
 [3 0 0 1 0 9 6 7 2]
 [6 9 7 3 2 8 4 1 5]
 [0 3 1 0 5 4 2 9 6]
 [2 0 4 9 6 1 8 3 7]
 [7 0 6 4 8 5 9 2 1]
 [1 4 5 7 9 2 3 6 8]
 [8 2 9 0 1 3 7 5 4]]
Number of cells unfilled: 11
Accuracy: 86.41975308641975
Sample: 21277
Question:
[[0 0 5 9 0 3 0 7 0]
 [0 0 7 0 0 6 0 3 0]
 [0 0 0 0 0 0 5 0 0]
 [0 2 0 0 9 1 8 0 0]
 [0 0 1 3 0 0 0 6 0]
 [5 0 0 0 0 0 0 0 0]
 [0 0 0 1 0 0 0 0 0]
 [0 0 0 6 0 7 0 0 4]
 [0 0 9 0 3 0 0 1 7]]
Solution:
[[0 5 8 6 3 0 1 4 9]
 [9 1 0 2 4 7 5 8 3]
 [3 0 0 1 0 9 6 7 2]
 [6 9 7 3 2 8 4 1 5]
 [0 3 1 0 5 4 2 9 6]
 [2 0 4 9 6 1 8 3 7]
 [7 0 6 4 8 5 9 2 1]
 [1 4 5 7 9 2 3 6 8]
 [8 2 9 0 1 3 7 5 4]]
Number of cells unfilled: 11
Accuracy: 86.41975308641975
Sample: 21278
Question:
[[0 8 0 0 0 9 0 0 6]
 [0 9 6 0 0 5 4 0 8]
 [0 0 5 0 0 0 0 0 0]
 [0 6 0 0 0 3 8 0 0]
 [8 0 2 0 7 0 0 0 3]
 [0 0 0 5 0 0 0 0 0]
 [0 0 0 0 0 0 3 0 4]
 [1 0 0 0 0 0 6 0 9]
 [0 3 0 0 0 4 0 8 0]]
Solution:
[[0 5 8 6 3 0 1 4 9]
 [9 6 0 2 4 7 5 8 3]
 [3 0 0 1 0 9 6 7 2]
 [6 9 7 3 2 8 4 1 5]
 [0 3 1 0 5 4 2 9 6]
 [2 0 4 9 6 1 8 3 7]
 [7 0 6 4 8 5 9 2 1]
 [1 4 5 7 9 2 3 6 8]
 [8 2 9 0 1 3 7 5 4]]
Number of cells unfilled: 11
Accuracy: 86.41975308641975
Sample: 21279
Question:
[[2 0 0 0 7 0 4 0 0]
 [0 0 9 0 0 0 0 0 0]
 [0 4 0 6 0 0 0 0 5]
 [0 3 0 5 0 0 6 0 0]
 [0 9 0 3 0 0 0 0 8]
 [0 0 5 0 9 0 0 0 0]
 [0 8 0 4 0 3 0 5 0]
 [0 0 0 0 0 0 8 0 4]
 [0 0 0 0 0 1 3 0 6]]
Solution:
[[0 5 8 6 3 0 1 4 9]
 [9 1 2 0 4 7 5 8 3]
 [3 0 0 1 0 9 6 7 2]
 [6 9 7 3 2 8 4 1 5]
 [0 3 1 0 5 4 2 9 6]
 [2 0 4 9 6 1 8 3 7]
 [7 0 6 4 8 5 9 2 1]
 [1 4 5 7 9 2 3 6 8]
 [8 2 9 0 1 3 7 5 4]]
Number of cells unfilled: 11
Accuracy: 86.41975308641975
Sample: 21280
Question:
[[5 0 0 0 0 6 0 3 9]
 [0 0 0 0 5 0 4 1 0]
 [7 0 8 0 0 0 0 0 5]
 [0 5 0 0 1 0 6 0 0]
 [8 0 2 0 3 5 0 0 0]
 [9 0 0 0 0 0 8 0 1]
 [0 6 9 0 8 0 0 0 0]
 [2 0 0 3 0 0 0 0 0]
 [0 0 0 0 0 7 0 0 6]]
Solution:
[[0 5 8 6 3 0 1 4 9]
 [9 6 0 2 4 7 5 8 3]
 [3 0 0 1 0 9 6 7 2]
 [6 9 7 3 2 8 4 1 5]
 [0 3 1 0 5 4 2 9 6]
 [2 0 4 9 6 1 8 3 7]
 [7 0 6 4 8 5 9 2 1]
 [1 4 5 7 9 2 3 6 8]
 [8 2 9 0 1 3 7 5 4]]
Number of cells unfilled: 11
Accuracy: 86.41975308641975
Sample: 21281
Question:
[[0 8 5 0 0 0 0 0 0]
 [0 4 3 0 0 0 0 0 7]
 [2 0 0 0 0 3 5 0 4]
 [0 0 8 0 0 2 4 0 5]
 [0 0 0 9 0 0 0 7 0]
 [0 0 0 0 6 0 1 0 0]
 [0 3 0 0 0 4 2 0 8]
 [0 0 0 0 0 0 7 0 0]
 [0 0 2 0 1 0 0 4 9]]
Solution:
[[0 5 8 6 3 0 1 4 9]
 [9 6 0 2 4 7 5 8 3]
 [3 0 0 1 0 9 6 7 2]
 [6 9 7 3 2 8 4 1 5]
 [0 3 1 0 5 4 2 9 6]
 [2 0 4 9 6 1 8 3 7]
 [7 0 6 4 8 5 9 2 1]
 [1 4 5 7 9 2 3 6 8]
 [8 2 9 0 1 3 7 5 4]]
Number of cells unfilled: 11
Accuracy: 86.41975308641975
Sample: 21282
Question:
[[9 0 0 0 0 0 0 0 0]
 [0 0 0 0 0 1 8 2 0]
 [0 0 5 9 0 6 0 0 0]
 [7 0 8 1 0 0 9 0 4]
 [0 0 6 0 2 0 1 0 0]
 [0 5 0 0 0 9 6 0 0]
 [0 6 0 0 0 0 5 4 3]
 [0 1 0 0 0 0 0 8 0]
 [0 0 0 0 0 4 0 0 0]]
Solution:
[[0 5 8 6 3 0 1 4 9]
 [9 6 2 0 4 7 5 8 3]
 [3 0 0 1 0 9 6 7 2]
 [6 9 7 3 2 8 4 1 5]
 [0 3 1 0 5 4 2 9 6]
 [2 0 4 9 6 1 8 3 7]
 [7 0 6 4 8 5 9 2 1]
 [1 4 5 7 9 2 3 6 8]
 [8 2 9 0 1 3 7 5 4]]
Number of cells unfilled: 11
Accuracy: 86.41975308641975
Sample: 21283
Question:
[[0 0 0 0 5 0 2 7 0]
 [0 0 1 0 0 0 0 9 8]
 [0 0 0 2 0 0 0 0 0]
 [1 0 8 0 0 2 0 0 0]
 [0 0 7 5 9 0 0 0 0]
 [9 4 0 0 7 0 3 1 0]
 [7 1 4 0 0 0 0 0 3]
 [0 0 0 0 0 0 0 0 0]
 [6 0 0 0 4 8 7 5 0]]
Solution:
[[0 5 8 6 3 0 1 4 9]
 [9 1 0 2 4 7 5 8 3]
 [3 0 0 1 0 9 6 7 2]
 [6 9 7 3 2 8 4 1 5]
 [0 3 1 0 5 4 2 9 6]
 [2 0 4 9 6 1 8 3 7]
 [7 0 6 4 8 5 9 2 1]
 [1 4 5 7 9 2 3 6 8]
 [8 2 9 0 1 3 7 5 4]]
Number of cells unfilled: 11
Accuracy: 86.41975308641975
Sample: 21284
Question:
[[0 0 6 0 0 0 0 3 5]
 [0 5 0 3 0 0 2 0 0]
 [0 0 0 0 0 7 0 0 8]
 [6 0 0 0 0 9 0 0 0]
 [0 3 0 1 0 0 0 2 0]
 [4 0 0 0 0 0 1 0 0]
 [0 0 4 0 0 1 0 5 0]
 [9 0 0 0 7 0 3 0 0]
 [0 8 0 2 0 0 0 0 1]]
Solution:
[[0 5 8 6 3 0 1 4 9]
 [9 6 0 2 4 7 5 8 3]
 [3 0 0 1 0 9 6 7 2]
 [6 9 7 3 2 8 4 1 5]
 [0 3 1 0 5 4 2 9 6]
 [2 0 4 9 6 1 8 3 7]
 [7 0 6 4 8 5 9 2 1]
 [1 4 5 7 9 2 3 6 8]
 [8 2 9 0 1 3 7 5 4]]
Number of cells unfilled: 11
Accuracy: 86.41975308641975
Sample: 21285
Question:
[[0 0 6 7 0 0 0 5 0]
 [0 8 0 0 5 6 0 0 0]
 [0 0 0 0 0 2 0 0 9]
 [8 0 0 0 0 5 0 0 1]
 [4 0 0 3 0 0 0 0 0]
 [0 0 5 0 7 0 0 3 0]
 [0 0 2 0 0 3 0 7 0]
 [1 0 0 5 0 0 9 0 0]
 [0 4 0 0 6 0 0 0 0]]
Solution:
[[0 5 8 6 3 0 1 4 9]
 [9 1 0 2 4 7 5 8 3]
 [3 0 0 1 0 9 6 7 2]
 [6 9 7 3 2 8 4 1 5]
 [0 3 1 0 5 4 2 9 6]
 [2 0 4 9 6 1 8 3 7]
 [7 0 6 4 8 5 9 2 1]
 [1 4 5 7 9 2 3 6 8]
 [8 2 9 0 1 3 7 5 4]]
Number of cells unfilled: 11
Accuracy: 86.41975308641975
Sample: 21286
Question:
[[0 0 0 0 0 9 0 0 0]
 [0 0 1 0 0 0 0 0 9]
 [0 0 2 0 8 0 0 0 6]
 [0 5 0 0 0 7 0 6 0]
 [0 9 0 0 3 0 4 0 0]
 [0 0 7 0 9 0 2 3 0]
 [4 1 0 0 0 0 7 0 0]
 [0 0 8 0 0 0 0 4 0]
 [5 7 0 1 0 4 0 0 0]]
Solution:
[[0 5 8 6 3 0 1 4 9]
 [9 6 0 2 4 7 5 8 3]
 [3 0 0 1 0 9 6 7 2]
 [6 9 7 3 2 8 4 1 5]
 [0 3 1 0 5 4 2 9 6]
 [2 0 4 9 6 1 8 3 7]
 [7 0 6 4 8 5 9 2 1]
 [1 4 5 7 9 2 3 6 8]
 [8 2 9 0 1 3 7 5 4]]
Number of cells unfilled: 11
Accuracy: 86.41975308641975
Sample: 21287
Question:
[[8 0 0 1 0 0 0 0 0]
 [0 7 0 0 3 6 0 1 0]
 [0 1 9 4 0 5 7 0 0]
 [4 0 5 0 0 0 0 3 0]
 [0 0 0 0 0 0 9 0 6]
 [0 0 0 0 0 7 0 0 0]
 [0 0 8 9 0 0 0 0 0]
 [0 0 1 0 6 3 0 0 2]
 [0 0 0 0 0 2 3 5 0]]
Solution:
[[0 5 8 6 3 0 1 4 9]
 [9 6 0 2 4 7 5 8 3]
 [3 0 0 1 0 9 6 7 2]
 [6 9 7 3 2 8 4 1 5]
 [0 3 1 0 5 4 2 9 6]
 [2 0 4 9 6 1 8 3 7]
 [7 0 6 4 8 5 9 2 1]
 [1 4 5 7 9 2 3 6 8]
 [8 2 9 0 1 3 7 5 4]]
Number of cells unfilled: 11
Accuracy: 86.41975308641975
Sample: 21288
Question:
[[0 2 0 0 0 0 0 8 0]
 [0 9 0 0 0 3 0 0 0]
 [7 0 5 0 0 6 9 0 2]
 [0 0 0 0 6 2 0 4 0]
 [0 0 0 8 0 7 0 5 3]
 [0 7 0 0 4 0 2 0 0]
 [8 0 4 6 0 0 0 0 0]
 [0 3 0 0 0 0 0 0 0]
 [0 0 0 7 0 0 4 0 9]]
Solution:
[[0 5 8 6 3 0 1 4 9]
 [9 6 0 2 4 7 5 8 3]
 [3 0 0 1 0 9 6 7 2]
 [6 9 7 3 2 8 4 1 5]
 [0 3 1 0 5 4 2 9 6]
 [2 0 4 9 6 1 8 3 7]
 [7 0 6 4 8 5 9 2 1]
 [1 4 5 7 9 2 3 6 8]
 [8 2 9 0 1 3 7 5 4]]
Number of cells unfilled: 11
Accuracy: 86.41975308641975
Sample: 21289
Question:
[[0 0 1 0 0 4 9 2 0]
 [0 0 0 0 0 0 0 0 0]
 [7 9 0 5 3 0 0 0 4]
 [0 0 0 3 0 0 0 0 2]
 [0 4 0 0 0 0 1 6 0]
 [0 0 9 8 1 0 0 5 0]
 [0 0 3 0 7 0 0 0 0]
 [1 0 7 4 5 0 0 0 0]
 [0 2 0 0 0 8 0 3 0]]
Solution:
[[0 5 8 6 3 0 1 4 9]
 [9 6 0 2 4 7 5 8 3]
 [3 0 0 1 0 9 6 7 2]
 [6 9 7 3 2 8 4 1 5]
 [0 3 1 0 5 4 2 9 6]
 [2 0 4 9 6 1 8 3 7]
 [7 0 6 4 8 5 9 2 1]
 [1 4 5 7 9 2 3 6 8]
 [8 2 9 0 1 3 7 5 4]]
Number of cells unfilled: 11
Accuracy: 86.41975308641975
Sample: 21290
Question:
[[0 0 4 0 5 0 0 0 0]
 [9 3 0 2 0 0 0 0 5]
 [0 0 0 0 9 0 0 6 0]
 [7 5 0 0 0 2 0 0 3]
 [0 0 0 0 0 0 0 1 0]
 [4 0 0 0 0 0 6 0 0]
 [1 0 0 3 0 0 7 0 0]
 [0 0 8 7 0 0 0 0 0]
 [0 7 0 0 2 0 0 0 9]]
Solution:
[[0 5 8 6 3 0 1 4 9]
 [9 6 2 0 4 7 5 8 3]
 [3 0 0 1 0 9 6 7 2]
 [6 9 7 3 2 8 4 1 5]
 [0 3 1 0 5 4 2 9 6]
 [2 0 4 9 6 1 8 3 7]
 [7 0 6 4 8 5 9 2 1]
 [1 4 5 7 9 2 3 6 8]
 [8 2 9 0 1 3 7 5 4]]
Number of cells unfilled: 11
Accuracy: 86.41975308641975
Sample: 21291
Question:
[[0 0 0 0 0 0 0 0 0]
 [0 1 6 0 0 2 0 0 3]
 [0 0 4 1 0 0 8 5 0]
 [0 0 0 7 0 0 3 0 0]
 [0 5 1 0 8 0 0 0 0]
 [0 0 0 0 0 4 0 2 0]
 [0 0 0 0 3 0 0 0 0]
 [0 0 8 4 0 7 1 3 2]
 [0 9 2 0 6 0 7 0 0]]
Solution:
[[0 5 8 6 3 0 1 4 9]
 [9 1 0 2 4 7 5 8 3]
 [3 0 0 1 0 9 6 7 2]
 [6 9 7 3 2 8 4 1 5]
 [0 3 1 0 5 4 2 9 6]
 [2 0 4 9 6 1 8 3 7]
 [7 0 6 4 8 5 9 2 1]
 [1 4 5 7 9 2 3 6 8]
 [8 2 9 0 1 3 7 5 4]]
Number of cells unfilled: 11
Accuracy: 86.41975308641975
Sample: 21292
Question:
[[0 0 0 6 5 3 0 0 0]
 [0 0 0 0 0 1 5 2 4]
 [0 0 8 2 0 0 0 0 0]
 [0 0 7 0 3 9 0 0 0]
 [0 1 5 0 0 0 0 8 3]
 [0 0 0 0 1 0 9 0 0]
 [0 4 0 0 0 2 8 0 0]
 [5 8 0 0 6 0 0 0 0]
 [0 0 1 0 0 0 0 5 0]]
Solution:
[[0 5 8 6 3 0 1 4 9]
 [9 1 2 0 4 7 5 8 3]
 [3 0 0 1 0 9 6 7 2]
 [6 9 7 3 2 8 4 1 5]
 [0 3 1 0 5 4 2 9 6]
 [2 0 4 9 6 1 8 3 7]
 [7 0 6 4 8 5 9 2 1]
 [1 4 5 7 9 2 3 6 8]
 [8 2 9 0 1 3 7 5 4]]
Number of cells unfilled: 11
Accuracy: 86.41975308641975
Sample: 21293
Question:
[[6 0 0 0 9 0 0 1 0]
 [0 0 0 0 8 5 0 0 0]
 [2 0 0 0 0 0 0 0 0]
 [0 0 0 0 0 0 0 6 0]
 [0 7 0 0 0 0 0 2 0]
 [0 0 5 0 3 9 0 0 0]
 [0 0 0 2 0 7 0 0 0]
 [0 0 8 0 0 0 9 0 0]
 [0 0 0 0 0 0 0 4 0]]
Solution:
[[0 5 8 6 3 0 1 4 9]
 [9 1 0 2 4 7 5 8 3]
 [3 0 0 1 0 9 6 7 2]
 [6 9 7 3 2 8 4 1 5]
 [0 3 1 0 5 4 2 9 6]
 [2 0 4 9 6 1 8 3 7]
 [7 0 6 4 8 5 9 2 1]
 [1 4 5 7 9 2 3 6 8]
 [8 2 9 0 1 3 7 5 4]]
Number of cells unfilled: 11
Accuracy: 86.41975308641975
Sample: 21294
Question:
[[0 0 2 5 9 0 0 0 7]
 [7 0 0 0 0 0 0 6 0]
 [0 3 0 0 0 0 9 0 0]
 [0 0 4 2 0 0 0 0 9]
 [3 0 0 0 0 9 0 0 0]
 [0 0 0 0 8 4 1 0 0]
 [0 1 0 0 2 0 7 0 0]
 [0 0 0 0 7 0 6 9 0]
 [0 0 7 0 0 8 0 0 2]]
Solution:
[[0 5 8 6 3 0 1 4 9]
 [9 6 0 2 4 7 5 8 3]
 [3 0 0 1 0 9 6 7 2]
 [6 9 7 3 2 8 4 1 5]
 [0 3 1 0 5 4 2 9 6]
 [2 0 4 9 6 1 8 3 7]
 [7 0 6 4 8 5 9 2 1]
 [1 4 5 7 9 2 3 6 8]
 [8 2 9 0 1 3 7 5 4]]
Number of cells unfilled: 11
Accuracy: 86.41975308641975
Sample: 21295
Question:
[[0 0 2 0 9 0 0 8 6]
 [0 3 0 0 0 1 0 0 0]
 [0 5 8 0 0 0 0 0 7]
 [9 0 0 0 8 0 0 0 4]
 [0 0 0 4 0 0 8 7 0]
 [0 0 5 0 0 6 0 0 0]
 [8 0 0 9 0 0 0 4 0]
 [0 0 0 7 2 0 9 0 8]
 [0 0 0 0 4 0 7 0 0]]
Solution:
[[0 5 8 6 3 0 1 4 9]
 [9 6 0 2 4 7 5 8 3]
 [3 0 0 1 0 9 6 7 2]
 [6 9 7 3 2 8 4 1 5]
 [0 3 1 0 5 4 2 9 6]
 [2 0 4 9 6 1 8 3 7]
 [7 0 6 4 8 5 9 2 1]
 [1 4 5 7 9 2 3 6 8]
 [8 2 9 0 1 3 7 5 4]]
Number of cells unfilled: 11
Accuracy: 86.41975308641975
Sample: 21296
Question:
[[0 1 0 0 6 0 0 0 2]
 [0 6 2 7 0 0 0 8 0]
 [0 0 0 0 0 0 4 0 0]
 [1 0 0 0 0 0 0 0 8]
 [0 7 5 0 0 6 0 9 0]
 [0 8 0 5 0 0 0 0 0]
 [0 0 0 0 0 9 0 0 3]
 [0 0 0 2 0 7 0 0 0]
 [0 9 7 0 5 0 0 2 0]]
Solution:
[[0 5 8 6 3 0 1 4 9]
 [9 6 0 2 4 7 5 8 3]
 [3 0 0 1 0 9 6 7 2]
 [6 9 7 3 2 8 4 1 5]
 [0 3 1 0 5 4 2 9 6]
 [2 0 4 9 6 1 8 3 7]
 [7 0 6 4 8 5 9 2 1]
 [1 4 5 7 9 2 3 6 8]
 [8 2 9 0 1 3 7 5 4]]
Number of cells unfilled: 11
Accuracy: 86.41975308641975
Sample: 21297
Question:
[[5 0 6 0 0 1 7 0 0]
 [0 7 0 9 5 0 0 0 3]
 [3 0 9 0 0 8 0 0 0]
 [0 0 0 0 0 5 1 0 0]
 [0 0 7 1 6 0 0 0 5]
 [0 0 0 0 8 0 0 2 0]
 [0 6 0 0 0 0 0 0 0]
 [7 0 0 5 9 0 0 0 6]
 [0 0 3 0 0 0 4 0 0]]
Solution:
[[0 5 8 6 3 0 1 4 9]
 [9 6 0 2 4 7 5 8 3]
 [3 0 0 1 0 9 6 7 2]
 [6 9 7 3 2 8 4 1 5]
 [0 3 1 0 5 4 2 9 6]
 [2 0 4 9 6 1 8 3 7]
 [7 0 6 4 8 5 9 2 1]
 [1 4 5 7 9 2 3 6 8]
 [8 2 9 0 1 3 7 5 4]]
Number of cells unfilled: 11
Accuracy: 86.41975308641975
Sample: 21298
Question:
[[0 6 5 0 0 4 0 8 0]
 [9 7 0 0 0 0 0 0 0]
 [0 0 0 8 3 6 0 0 0]
 [0 2 0 0 0 9 3 0 0]
 [0 0 0 4 0 0 0 1 5]
 [7 8 0 0 2 0 0 0 0]
 [0 0 6 5 0 0 0 0 7]
 [0 0 0 7 0 0 0 0 0]
 [0 0 0 0 4 0 8 0 3]]
Solution:
[[0 5 8 6 3 0 1 4 9]
 [9 1 0 2 4 7 5 8 3]
 [3 0 0 1 0 9 6 7 2]
 [6 9 7 3 2 8 4 1 5]
 [0 3 1 0 5 4 2 9 6]
 [2 0 4 9 6 1 8 3 7]
 [7 0 6 4 8 5 9 2 1]
 [1 4 5 7 9 2 3 6 8]
 [8 2 9 0 1 3 7 5 4]]
Number of cells unfilled: 11
Accuracy: 86.41975308641975
Sample: 21299
Question:
[[0 0 3 0 7 0 8 0 0]
 [0 7 0 0 0 0 0 0 0]
 [5 0 0 6 0 1 0 0 3]
 [0 1 0 3 0 0 0 0 2]
 [0 0 5 0 0 2 0 0 0]
 [2 0 0 1 6 0 5 0 0]
 [3 0 0 4 0 0 9 0 0]
 [1 0 0 0 0 6 3 0 5]
 [0 0 9 0 0 0 0 4 0]]
Solution:
[[0 5 8 6 3 0 1 4 9]
 [9 6 2 0 4 7 5 8 3]
 [3 0 0 1 0 9 6 7 2]
 [6 9 7 3 2 8 4 1 5]
 [0 3 1 0 5 4 2 9 6]
 [2 0 4 9 6 1 8 3 7]
 [7 0 6 4 8 5 9 2 1]
 [1 4 5 7 9 2 3 6 8]
 [8 2 9 0 1 3 7 5 4]]
Number of cells unfilled: 11
Accuracy: 86.41975308641975
Sample: 21300
Question:
[[0 0 0 0 3 0 1 0 0]
 [0 0 0 0 0 7 0 8 0]
 [3 0 0 1 0 0 0 7 2]
 [0 9 0 0 0 0 0 1 5]
 [0 0 0 0 5 0 0 0 0]
 [2 0 0 0 0 1 8 0 0]
 [0 0 6 4 0 0 0 0 0]
 [0 4 0 7 9 0 0 6 0]
 [8 0 0 0 0 3 7 0 0]]
Solution:
[[0 5 8 6 3 0 1 4 9]
 [9 1 0 2 4 7 5 8 3]
 [3 0 0 1 0 9 6 7 2]
 [6 9 7 3 2 8 4 1 5]
 [0 3 1 0 5 4 2 9 6]
 [2 0 4 9 6 1 8 3 7]
 [7 0 6 4 8 5 9 2 1]
 [1 4 5 7 9 2 3 6 8]
 [8 2 9 0 1 3 7 5 4]]
Number of cells unfilled: 11
Accuracy: 86.41975308641975
