2025-10-22 14:11:57.336614: I tensorflow/core/util/port.cc:153] oneDNN custom operations are on. You may see slightly different numerical results due to floating-point round-off errors from different computation orders. To turn them off, set the environment variable `TF_ENABLE_ONEDNN_OPTS=0`.
2025-10-22 14:11:57.790951: I tensorflow/core/platform/cpu_feature_guard.cc:210] This TensorFlow binary is optimized to use available CPU instructions in performance-critical operations.
To enable the following instructions: AVX2 AVX512F AVX512_VNNI FMA, in other operations, rebuild TensorFlow with the appropriate compiler flags.
2025-10-22 14:12:03.666140: I tensorflow/core/util/port.cc:153] oneDNN custom operations are on. You may see slightly different numerical results due to floating-point round-off errors from different computation orders. To turn them off, set the environment variable `TF_ENABLE_ONEDNN_OPTS=0`.
2025-10-22 14:12:09.923008: E external/local_xla/xla/stream_executor/cuda/cuda_platform.cc:51] failed call to cuInit: INTERNAL: CUDA error: Failed call to cuInit: UNKNOWN ERROR (303)
Sample: 22601
Question:
[[0 2 0 0 0 5 4 0 3]
 [0 0 3 0 9 2 6 0 0]
 [9 1 0 0 0 0 0 0 0]
 [3 0 1 0 0 0 0 0 9]
 [0 9 0 6 0 0 0 0 2]
 [6 0 0 0 4 0 0 0 0]
 [0 0 0 0 7 0 0 0 1]
 [0 0 7 0 0 1 8 0 0]
 [0 0 0 0 8 0 7 0 0]]
Solution:
[[9 5 8 0 6 7 4 3 2]
 [2 6 3 0 8 4 5 1 9]
 [4 0 0 1 2 3 0 7 8]
 [3 2 4 8 1 0 7 9 5]
 [8 7 9 4 0 6 1 0 3]
 [1 0 0 2 5 9 8 6 0]
 [7 4 2 6 3 5 9 8 1]
 [0 9 5 7 0 2 6 0 4]
 [6 0 1 9 4 8 3 2 7]]
Number of cells unfilled: 15
Accuracy: 81.48148148148148
Sample: 22602
Question:
[[0 1 0 0 0 0 0 0 0]
 [0 5 4 0 6 0 0 0 0]
 [0 3 0 0 0 0 0 9 2]
 [4 0 0 0 0 0 0 1 0]
 [0 0 0 0 0 3 8 0 5]
 [0 0 0 0 1 8 0 7 0]
 [6 2 1 4 0 0 0 8 0]
 [0 8 0 0 0 0 0 0 1]
 [9 0 0 0 0 2 0 0 0]]
Solution:
[[7 5 8 0 6 9 4 3 2]
 [2 6 3 0 7 4 5 1 9]
 [4 0 0 1 0 3 8 7 6]
 [3 2 4 8 1 0 7 9 5]
 [8 7 9 4 0 6 1 0 3]
 [1 0 0 2 5 7 0 6 8]
 [0 8 2 6 3 5 9 0 1]
 [0 9 5 7 2 1 6 8 4]
 [6 0 1 9 4 8 3 2 7]]
Number of cells unfilled: 15
Accuracy: 81.48148148148148
Sample: 22603
Question:
[[0 5 9 0 6 0 1 0 0]
 [0 0 2 0 0 0 0 5 0]
 [1 0 0 0 0 0 0 0 6]
 [0 0 0 7 0 4 0 0 0]
 [9 0 0 0 2 0 0 1 0]
 [0 3 0 9 0 0 0 0 7]
 [0 0 6 3 0 8 4 0 0]
 [0 0 8 6 0 0 0 0 0]
 [5 0 0 0 9 0 0 6 0]]
Solution:
[[7 5 8 0 6 9 4 3 2]
 [2 6 3 0 8 4 5 1 9]
 [4 0 0 1 2 3 8 7 6]
 [3 2 4 8 1 0 7 9 5]
 [8 7 9 4 0 6 1 0 3]
 [1 0 0 2 5 7 0 6 8]
 [0 8 2 6 3 5 9 0 1]
 [0 9 5 7 0 2 6 8 4]
 [6 0 1 9 4 8 3 2 7]]
Number of cells unfilled: 15
Accuracy: 81.48148148148148
Sample: 22604
Question:
[[9 0 0 4 0 0 0 8 0]
 [0 0 0 0 0 7 0 0 3]
 [0 0 1 0 8 0 0 0 0]
 [2 0 0 0 4 0 0 7 0]
 [0 1 0 9 0 0 2 0 5]
 [0 0 6 0 0 0 0 0 0]
 [8 0 0 0 0 4 0 5 0]
 [0 3 0 0 5 0 0 0 4]
 [0 0 5 2 0 0 6 0 0]]
Solution:
[[9 5 8 0 6 7 4 3 2]
 [7 6 3 5 8 4 0 1 9]
 [4 0 0 1 9 3 5 7 8]
 [3 2 4 8 1 9 7 0 5]
 [8 7 9 4 0 6 1 0 3]
 [1 0 0 2 5 0 8 6 0]
 [0 4 2 6 3 5 9 8 1]
 [0 9 5 7 2 1 6 0 4]
 [6 0 1 9 4 8 3 2 7]]
Number of cells unfilled: 15
Accuracy: 81.48148148148148
Sample: 22605
Question:
[[0 0 0 0 4 0 0 0 0]
 [0 3 0 2 0 0 0 0 1]
 [6 0 0 0 0 1 0 4 0]
 [0 4 2 0 8 0 0 0 9]
 [5 0 0 0 0 0 0 3 0]
 [3 0 9 0 0 2 0 0 0]
 [4 0 0 9 0 0 7 0 0]
 [0 9 3 0 0 4 0 0 2]
 [0 0 0 8 0 0 0 0 0]]
Solution:
[[2 5 8 0 6 0 4 3 0]
 [0 6 3 5 7 4 2 1 9]
 [4 0 0 1 2 3 8 7 6]
 [3 2 4 8 1 9 7 0 5]
 [8 7 9 4 0 6 1 0 3]
 [1 0 0 2 5 7 0 6 8]
 [7 4 2 6 3 5 9 0 1]
 [0 9 5 7 0 2 6 8 4]
 [6 0 1 9 4 8 3 2 7]]
Number of cells unfilled: 16
Accuracy: 80.24691358024691
Sample: 22606
Question:
[[3 0 0 0 2 4 0 9 0]
 [0 2 0 0 9 0 3 0 0]
 [0 7 0 3 0 0 0 0 0]
 [0 0 0 0 8 0 0 0 5]
 [0 0 0 0 0 9 0 8 0]
 [8 0 0 4 0 0 9 0 3]
 [0 0 1 0 0 6 0 0 0]
 [7 0 0 2 0 0 4 0 0]
 [2 6 0 9 0 0 7 0 0]]
Solution:
[[9 5 8 0 6 2 4 3 0]
 [7 6 3 5 8 4 2 1 9]
 [4 0 0 1 9 3 5 7 8]
 [3 2 4 8 1 0 7 9 5]
 [8 7 9 4 0 6 1 0 3]
 [1 0 0 2 5 9 8 6 0]
 [0 8 2 6 3 5 9 0 1]
 [0 9 5 7 2 1 6 8 4]
 [6 0 1 9 4 8 3 2 7]]
Number of cells unfilled: 14
Accuracy: 82.71604938271605
Sample: 22607
Question:
[[4 0 0 0 0 9 0 7 0]
 [0 0 0 0 8 0 0 0 0]
 [0 1 0 3 0 0 9 0 2]
 [6 0 2 0 0 0 3 0 0]
 [0 9 0 0 0 0 0 0 0]
 [3 0 1 6 0 0 0 0 9]
 [0 6 0 8 0 5 2 0 0]
 [0 0 5 0 0 0 0 0 8]
 [0 3 0 0 4 0 6 0 5]]
Solution:
[[9 5 8 0 6 2 4 3 0]
 [2 6 3 0 7 4 5 1 9]
 [4 0 0 1 9 3 8 7 2]
 [3 2 4 8 1 0 7 9 5]
 [8 7 9 4 0 6 1 0 3]
 [1 0 0 2 5 9 0 6 8]
 [7 4 2 6 3 5 9 8 1]
 [0 9 5 7 2 1 6 0 4]
 [6 0 1 9 4 8 3 2 7]]
Number of cells unfilled: 14
Accuracy: 82.71604938271605
Sample: 22608
Question:
[[6 0 0 3 0 2 0 0 0]
 [1 3 0 5 0 0 0 0 7]
 [0 9 0 7 8 0 0 0 0]
 [0 0 0 1 4 0 5 0 0]
 [0 0 0 6 0 0 0 3 2]
 [0 8 0 0 0 0 6 0 0]
 [0 0 5 0 0 0 0 0 0]
 [0 0 0 0 0 0 0 2 0]
 [2 7 0 0 0 0 1 4 8]]
Solution:
[[9 5 8 0 6 2 4 3 0]
 [2 6 3 0 8 4 5 1 9]
 [4 0 0 1 9 3 2 7 8]
 [3 2 4 8 1 0 7 9 5]
 [8 7 9 4 0 6 1 0 3]
 [1 0 0 2 5 7 8 6 0]
 [7 4 2 6 3 5 9 8 1]
 [0 9 5 7 2 1 6 0 4]
 [6 0 1 9 4 8 3 2 7]]
Number of cells unfilled: 14
Accuracy: 82.71604938271605
Sample: 22609
Question:
[[0 8 0 0 0 0 7 0 4]
 [2 0 0 0 8 0 0 9 0]
 [9 0 0 7 0 0 0 0 0]
 [0 9 0 4 0 0 0 5 0]
 [0 0 0 0 5 0 1 0 0]
 [1 5 0 2 0 0 0 4 0]
 [0 0 6 0 2 5 0 0 3]
 [0 0 0 0 0 7 0 0 0]
 [0 2 0 8 0 0 0 7 0]]
Solution:
[[9 5 8 0 6 2 4 3 0]
 [0 6 3 5 7 4 2 1 9]
 [4 0 0 1 9 3 5 7 6]
 [3 2 4 8 1 9 7 0 5]
 [8 7 9 4 0 6 1 0 3]
 [1 0 0 2 5 7 8 6 0]
 [7 4 2 6 3 5 9 8 1]
 [0 9 5 7 2 1 6 0 4]
 [6 0 1 9 4 8 3 2 7]]
Number of cells unfilled: 14
Accuracy: 82.71604938271605
Sample: 22610
Question:
[[7 0 6 0 0 8 3 0 0]
 [0 3 0 0 0 0 0 0 0]
 [1 0 8 3 0 0 0 6 0]
 [0 8 0 6 0 0 7 4 0]
 [9 0 0 0 4 0 0 0 0]
 [0 6 0 8 0 1 2 0 0]
 [6 7 0 1 0 0 8 0 0]
 [0 0 0 0 0 2 0 0 0]
 [0 0 2 0 0 0 0 0 5]]
Solution:
[[9 5 8 0 6 0 4 3 0]
 [2 6 3 5 7 4 8 1 9]
 [4 0 0 1 8 3 2 7 6]
 [3 2 4 8 1 0 7 9 5]
 [8 7 9 4 0 6 1 0 3]
 [1 0 0 2 5 9 0 6 8]
 [7 8 2 6 3 5 9 0 1]
 [0 9 5 7 0 2 6 8 4]
 [6 0 1 9 4 8 3 2 7]]
Number of cells unfilled: 15
Accuracy: 81.48148148148148
Sample: 22611
Question:
[[0 0 3 0 0 0 0 0 8]
 [0 2 0 0 3 0 0 7 0]
 [4 0 0 1 0 0 2 0 0]
 [5 0 0 4 0 0 6 0 0]
 [0 0 9 0 0 0 0 0 5]
 [0 6 0 0 2 0 0 1 0]
 [0 0 0 8 0 0 0 0 0]
 [6 0 0 0 4 0 3 0 0]
 [0 1 0 0 0 7 0 9 0]]
Solution:
[[9 5 8 0 6 7 4 3 0]
 [7 6 3 0 2 4 5 1 9]
 [4 0 0 1 9 3 2 7 8]
 [3 2 4 8 1 0 7 9 5]
 [8 7 9 4 0 6 1 0 3]
 [1 0 0 2 5 9 8 6 0]
 [0 4 2 6 3 5 9 8 1]
 [0 9 5 7 0 2 6 0 4]
 [6 0 1 9 4 8 3 2 7]]
Number of cells unfilled: 16
Accuracy: 80.24691358024691
Sample: 22612
Question:
[[0 1 0 0 4 8 0 6 0]
 [0 0 0 5 7 0 8 4 0]
 [0 4 0 0 0 0 2 0 7]
 [0 9 5 0 0 0 0 0 2]
 [2 7 0 0 1 0 0 0 0]
 [4 0 0 0 0 9 6 0 0]
 [0 0 0 0 6 1 4 0 0]
 [0 5 0 0 0 0 0 0 0]
 [3 0 0 0 0 0 0 7 0]]
Solution:
[[9 5 8 0 6 7 4 3 0]
 [7 6 3 5 2 4 8 1 9]
 [4 0 0 1 9 3 5 7 2]
 [3 2 4 8 1 0 7 9 5]
 [8 7 9 4 0 6 1 0 3]
 [1 0 0 2 5 9 0 6 8]
 [0 4 2 6 3 5 9 8 1]
 [0 9 5 7 0 1 6 0 4]
 [6 0 1 9 4 8 3 2 7]]
Number of cells unfilled: 15
Accuracy: 81.48148148148148
Sample: 22613
Question:
[[0 5 6 0 9 0 0 7 0]
 [0 9 0 0 0 0 0 0 8]
 [3 0 0 0 0 0 0 0 0]
 [0 0 1 0 0 7 4 0 0]
 [0 0 0 9 0 0 0 1 0]
 [0 4 0 0 1 0 7 0 6]
 [0 0 9 0 7 0 0 4 0]
 [5 0 0 2 0 0 0 0 0]
 [0 0 7 0 5 0 0 6 0]]
Solution:
[[9 5 8 0 6 7 4 3 0]
 [7 6 3 0 2 4 5 1 9]
 [4 0 0 1 9 3 2 7 6]
 [3 2 4 8 1 0 7 9 5]
 [8 7 9 4 0 6 1 0 3]
 [1 0 0 2 5 9 8 6 0]
 [0 8 2 6 3 5 9 0 1]
 [0 9 5 7 0 2 6 8 4]
 [6 0 1 9 4 8 3 2 7]]
Number of cells unfilled: 16
Accuracy: 80.24691358024691
Sample: 22614
Question:
[[0 0 0 0 0 0 0 3 2]
 [0 3 0 0 2 0 0 0 8]
 [2 0 0 8 0 3 9 0 0]
 [0 9 0 0 4 0 7 0 0]
 [0 0 1 0 0 7 6 0 0]
 [7 0 0 6 0 2 0 0 9]
 [0 0 0 4 0 0 0 0 6]
 [0 6 0 0 5 0 8 0 0]
 [8 0 0 0 0 0 0 9 0]]
Solution:
[[2 5 8 0 6 7 4 3 0]
 [7 6 3 0 8 4 5 1 9]
 [4 0 0 1 9 3 2 7 6]
 [3 2 4 8 1 0 7 9 5]
 [8 7 9 4 0 6 1 0 3]
 [1 0 0 2 5 9 8 6 0]
 [0 8 2 6 3 5 9 0 1]
 [0 9 5 7 2 1 6 8 4]
 [6 0 1 9 4 8 3 2 7]]
Number of cells unfilled: 15
Accuracy: 81.48148148148148
Sample: 22615
Question:
[[0 0 0 4 0 7 0 0 0]
 [0 0 4 0 8 0 0 9 7]
 [0 7 0 9 0 0 4 0 0]
 [0 0 0 0 0 0 0 6 0]
 [0 2 0 0 9 0 3 0 0]
 [0 0 9 0 0 8 0 0 2]
 [0 8 0 0 5 0 6 0 0]
 [1 0 0 0 2 0 0 0 5]
 [0 0 5 8 0 0 0 2 4]]
Solution:
[[7 5 8 0 6 2 4 3 0]
 [2 6 3 5 7 4 8 1 9]
 [4 0 0 1 9 3 2 7 6]
 [3 2 4 8 1 0 7 9 5]
 [8 7 9 4 0 6 1 0 3]
 [1 0 0 2 5 9 0 6 8]
 [0 8 2 6 3 5 9 0 1]
 [0 9 5 7 2 1 6 8 4]
 [6 0 1 9 4 8 3 2 7]]
Number of cells unfilled: 14
Accuracy: 82.71604938271605
Sample: 22616
Question:
[[0 0 0 4 0 7 0 0 8]
 [7 0 0 0 5 0 1 2 0]
 [0 5 0 0 0 0 7 0 0]
 [2 0 0 0 8 0 0 0 5]
 [0 4 0 0 0 0 0 8 0]
 [0 0 6 0 0 9 0 0 0]
 [0 0 0 8 0 0 0 3 0]
 [0 0 9 0 0 6 0 0 2]
 [3 0 0 0 2 0 0 0 1]]
Solution:
[[9 5 8 0 6 7 4 3 2]
 [2 6 3 0 8 4 5 1 9]
 [4 0 0 1 9 3 8 7 6]
 [3 2 4 8 1 0 7 9 5]
 [8 7 9 4 0 6 1 0 3]
 [1 0 0 2 5 9 0 6 8]
 [7 4 2 6 3 5 9 8 1]
 [0 9 5 7 2 1 6 0 4]
 [6 0 1 9 4 8 3 2 7]]
Number of cells unfilled: 13
Accuracy: 83.9506172839506
Sample: 22617
Question:
[[4 0 0 5 0 0 8 0 0]
 [0 6 0 0 0 2 0 0 0]
 [9 0 0 0 4 0 0 0 6]
 [1 0 0 0 2 0 0 0 4]
 [0 0 0 8 0 0 5 0 0]
 [0 2 0 0 0 0 0 3 0]
 [0 4 9 2 1 0 0 0 7]
 [0 0 0 7 0 3 0 0 0]
 [0 0 7 0 0 0 0 1 0]]
Solution:
[[2 5 8 0 6 9 4 3 0]
 [7 6 3 5 8 4 2 1 9]
 [4 0 0 1 2 3 8 7 6]
 [3 2 4 8 1 0 7 9 5]
 [8 7 9 4 0 6 1 0 3]
 [1 0 0 2 5 7 0 6 8]
 [0 4 2 6 3 5 9 0 1]
 [0 9 5 7 0 2 6 8 4]
 [6 0 1 9 4 8 3 2 7]]
Number of cells unfilled: 15
Accuracy: 81.48148148148148
Sample: 22618
Question:
[[0 0 4 0 6 0 0 7 0]
 [0 3 0 0 0 0 0 0 0]
 [5 0 0 8 0 7 0 0 0]
 [0 0 0 3 0 2 4 0 0]
 [0 0 2 0 9 0 0 0 7]
 [0 1 0 0 0 8 0 9 0]
 [0 0 0 0 0 1 0 0 6]
 [0 5 0 0 0 0 0 2 9]
 [0 0 6 0 2 0 7 0 0]]
Solution:
[[7 5 8 0 6 9 4 3 2]
 [2 6 3 5 7 4 8 1 9]
 [4 0 0 1 8 3 5 7 6]
 [3 2 4 8 1 0 7 9 5]
 [8 7 9 4 0 6 1 0 3]
 [1 0 0 2 5 7 0 6 8]
 [0 8 2 6 3 5 9 0 1]
 [0 9 5 7 2 1 6 8 4]
 [6 0 1 9 4 8 3 2 7]]
Number of cells unfilled: 13
Accuracy: 83.9506172839506
Sample: 22619
Question:
[[0 7 0 0 0 0 2 0 0]
 [6 5 0 7 4 0 0 0 8]
 [0 0 0 0 1 0 0 0 0]
 [0 0 0 9 0 0 0 5 0]
 [0 0 0 0 8 3 0 2 0]
 [7 3 0 1 0 0 0 0 4]
 [9 6 0 0 3 0 0 0 7]
 [1 8 0 0 0 0 0 6 0]
 [5 0 3 0 0 0 0 9 0]]
Solution:
[[9 5 8 0 6 7 4 3 2]
 [2 6 3 0 8 4 5 1 9]
 [4 0 0 1 2 3 8 7 6]
 [3 2 4 8 1 0 7 9 5]
 [8 7 9 4 0 6 1 0 3]
 [1 0 0 2 5 9 0 6 8]
 [7 4 2 6 3 5 9 8 1]
 [0 9 5 7 0 2 6 0 4]
 [6 0 1 9 4 8 3 2 7]]
Number of cells unfilled: 14
Accuracy: 82.71604938271605
Sample: 22620
Question:
[[0 0 9 0 0 0 0 0 4]
 [0 0 0 9 0 0 3 0 0]
 [0 6 0 0 4 0 0 9 8]
 [1 0 6 0 0 0 0 0 7]
 [7 2 0 0 6 0 0 5 0]
 [0 5 0 0 8 0 0 2 0]
 [0 0 0 0 2 0 0 0 0]
 [0 0 2 5 0 4 0 8 0]
 [0 4 0 8 0 6 0 0 0]]
Solution:
[[7 5 8 0 6 9 4 3 0]
 [2 6 3 0 7 4 5 1 9]
 [4 0 0 1 8 3 2 7 6]
 [3 2 4 8 1 0 7 9 5]
 [8 7 9 4 0 6 1 0 3]
 [1 0 0 2 5 7 8 6 0]
 [0 4 2 6 3 5 9 0 1]
 [0 9 5 7 0 2 6 8 4]
 [6 0 1 9 4 8 3 2 7]]
Number of cells unfilled: 16
Accuracy: 80.24691358024691
Sample: 22621
Question:
[[2 0 7 0 0 0 3 4 0]
 [0 0 0 0 0 0 8 2 0]
 [0 8 0 0 4 0 0 0 6]
 [7 0 0 2 0 0 6 0 0]
 [0 2 0 0 3 6 0 8 0]
 [0 0 0 1 0 5 0 0 0]
 [0 7 0 0 6 3 4 0 0]
 [8 4 0 5 0 0 0 0 0]
 [0 0 9 0 0 0 0 0 0]]
Solution:
[[2 5 8 0 6 9 4 3 0]
 [7 6 3 5 8 4 2 1 9]
 [4 0 0 1 2 3 5 7 6]
 [3 2 4 8 1 0 7 9 5]
 [8 7 9 4 0 6 1 0 3]
 [1 0 0 2 5 7 8 6 0]
 [0 8 2 6 3 5 9 0 1]
 [0 9 5 7 0 2 6 8 4]
 [6 0 1 9 4 8 3 2 7]]
Number of cells unfilled: 15
Accuracy: 81.48148148148148
Sample: 22622
Question:
[[2 0 0 0 0 0 4 0 0]
 [0 0 0 0 1 0 0 0 0]
 [0 0 5 3 0 0 6 1 7]
 [4 0 0 0 0 0 0 0 9]
 [8 3 0 0 0 4 0 5 0]
 [5 0 1 0 0 0 0 0 2]
 [1 0 0 0 9 0 2 0 0]
 [0 0 0 0 0 8 1 7 4]
 [0 0 4 0 7 0 0 0 0]]
Solution:
[[2 5 8 0 6 7 4 3 0]
 [7 6 3 5 8 4 2 1 9]
 [4 0 0 1 2 3 5 7 8]
 [3 2 4 8 1 0 7 9 5]
 [8 7 9 4 0 6 1 0 3]
 [1 0 0 2 5 9 8 6 0]
 [0 4 2 6 3 5 9 8 1]
 [0 9 5 7 0 2 6 0 4]
 [6 0 1 9 4 8 3 2 7]]
Number of cells unfilled: 15
Accuracy: 81.48148148148148
Sample: 22623
Question:
[[0 4 0 0 3 0 0 0 7]
 [0 0 0 0 0 0 2 0 0]
 [0 7 0 1 9 0 0 0 5]
 [0 3 0 9 0 0 0 0 0]
 [0 0 4 0 5 0 0 0 0]
 [7 0 5 0 0 3 0 0 9]
 [6 0 0 0 0 0 0 8 0]
 [0 0 0 6 0 0 5 1 0]
 [0 5 0 0 4 0 0 0 6]]
Solution:
[[9 5 8 0 6 7 4 3 0]
 [7 6 3 5 8 4 2 1 9]
 [4 0 0 1 9 3 5 7 8]
 [3 2 4 8 1 0 7 9 5]
 [8 7 9 4 0 6 1 0 3]
 [1 0 0 2 5 9 8 6 0]
 [0 4 2 6 3 5 9 0 1]
 [0 9 5 7 0 2 6 8 4]
 [6 0 1 9 4 8 3 2 7]]
Number of cells unfilled: 15
Accuracy: 81.48148148148148
Sample: 22624
Question:
[[0 0 0 0 4 0 7 0 0]
 [0 0 8 0 0 9 0 0 0]
 [0 2 0 1 0 0 0 0 3]
 [0 0 0 0 0 1 5 0 0]
 [5 0 6 0 0 0 0 7 0]
 [0 1 0 0 5 0 0 4 6]
 [0 9 0 2 0 0 0 0 0]
 [4 0 0 0 1 0 6 0 0]
 [0 0 3 0 0 8 0 1 0]]
Solution:
[[9 5 8 0 6 7 4 3 2]
 [7 6 3 5 0 4 8 1 9]
 [4 0 0 1 9 3 5 7 6]
 [3 2 4 8 1 0 7 9 5]
 [8 7 9 4 0 6 1 0 3]
 [1 0 0 2 5 9 0 6 8]
 [0 8 2 6 3 5 9 0 1]
 [0 9 5 7 2 1 6 8 4]
 [6 0 1 9 4 8 3 2 7]]
Number of cells unfilled: 14
Accuracy: 82.71604938271605
Sample: 22625
Question:
[[0 0 0 6 0 0 5 9 0]
 [0 0 0 3 0 0 0 0 0]
 [9 0 0 0 0 1 0 0 0]
 [1 0 0 5 0 0 4 0 0]
 [0 0 7 2 0 0 0 0 5]
 [0 0 0 7 1 0 2 6 0]
 [3 0 0 0 0 7 0 0 8]
 [0 0 0 0 0 2 7 0 0]
 [7 0 5 0 8 0 9 0 6]]
Solution:
[[9 5 8 0 6 0 4 3 2]
 [2 6 3 0 7 4 5 1 9]
 [4 0 0 1 9 3 8 7 6]
 [3 2 4 8 1 0 7 9 5]
 [8 7 9 4 0 6 1 0 3]
 [1 0 0 2 5 7 0 6 8]
 [7 4 2 6 3 5 9 8 1]
 [0 9 5 7 2 1 6 0 4]
 [6 0 1 9 4 8 3 2 7]]
Number of cells unfilled: 14
Accuracy: 82.71604938271605
Sample: 22626
Question:
[[0 0 2 9 0 0 0 5 3]
 [5 0 0 0 2 0 6 0 0]
 [0 8 0 0 0 5 0 0 0]
 [0 7 0 0 0 0 0 8 0]
 [0 0 3 2 0 0 0 0 4]
 [6 0 0 0 0 7 1 0 0]
 [0 0 0 0 4 2 0 0 1]
 [0 0 1 0 9 3 0 0 0]
 [0 4 0 1 0 0 0 0 0]]
Solution:
[[9 5 8 0 6 7 4 3 2]
 [7 6 3 5 2 4 8 1 9]
 [4 0 0 1 9 3 5 7 6]
 [3 2 4 8 1 0 7 9 5]
 [8 7 9 4 0 6 1 0 3]
 [1 0 0 2 5 9 0 6 8]
 [0 4 2 6 3 5 9 8 1]
 [0 9 5 7 0 2 6 0 4]
 [6 0 1 9 4 8 3 2 7]]
Number of cells unfilled: 14
Accuracy: 82.71604938271605
Sample: 22627
Question:
[[8 0 0 2 7 0 0 0 5]
 [0 0 0 5 0 0 3 0 0]
 [0 5 0 0 0 4 0 7 0]
 [0 2 0 0 4 0 0 6 0]
 [0 0 7 1 0 0 0 0 8]
 [0 0 0 6 0 0 9 0 0]
 [0 1 0 4 0 0 0 5 0]
 [0 0 5 0 0 6 0 0 9]
 [3 0 0 0 5 0 2 0 0]]
Solution:
[[2 5 8 0 6 9 4 3 0]
 [0 6 3 5 7 4 2 1 9]
 [4 0 0 1 2 3 8 7 6]
 [3 2 4 8 1 0 7 9 5]
 [8 7 9 4 0 6 1 0 3]
 [1 0 0 2 5 7 0 6 8]
 [7 4 2 6 3 5 9 0 1]
 [0 9 5 7 0 2 6 8 4]
 [6 0 1 9 4 8 3 2 7]]
Number of cells unfilled: 15
Accuracy: 81.48148148148148
Sample: 22628
Question:
[[6 0 0 0 7 0 2 0 0]
 [0 0 0 9 0 0 0 5 0]
 [0 0 8 2 0 0 0 0 4]
 [0 0 3 0 0 0 0 2 0]
 [0 8 0 0 6 0 0 0 5]
 [9 0 0 7 0 0 1 0 0]
 [0 0 4 6 9 0 0 0 0]
 [1 0 0 0 0 7 9 0 0]
 [0 0 0 0 0 1 0 3 0]]
Solution:
[[9 5 8 0 6 7 4 3 2]
 [7 6 3 5 0 4 8 1 9]
 [4 0 0 1 9 3 5 7 6]
 [3 2 4 8 1 0 7 9 5]
 [8 7 9 4 0 6 1 0 3]
 [1 0 0 2 5 9 0 6 8]
 [0 4 2 6 3 5 9 8 1]
 [0 9 5 7 2 1 6 0 4]
 [6 0 1 9 4 8 3 2 7]]
Number of cells unfilled: 14
Accuracy: 82.71604938271605
Sample: 22629
Question:
[[0 4 0 1 0 0 0 0 5]
 [0 0 0 0 7 0 9 0 0]
 [9 0 2 0 0 0 0 3 0]
 [0 0 0 0 0 3 0 7 0]
 [0 6 0 8 0 0 0 0 1]
 [0 0 0 0 2 0 8 0 0]
 [4 0 6 0 0 5 0 0 8]
 [0 5 0 0 8 0 0 0 0]
 [0 0 1 4 0 0 0 0 0]]
Solution:
[[2 5 8 0 6 9 4 3 0]
 [7 6 3 5 8 4 2 1 9]
 [4 0 0 1 2 3 5 7 8]
 [3 2 4 8 1 0 7 9 5]
 [8 7 9 4 0 6 1 0 3]
 [1 0 0 2 5 7 8 6 0]
 [0 4 2 6 3 5 9 0 1]
 [0 9 5 7 0 2 6 8 4]
 [6 0 1 9 4 8 3 2 7]]
Number of cells unfilled: 15
Accuracy: 81.48148148148148
Sample: 22630
Question:
[[0 0 0 0 2 0 0 0 8]
 [3 0 0 0 0 0 0 7 0]
 [0 0 0 0 0 0 0 0 0]
 [0 0 0 0 6 0 2 0 0]
 [0 0 8 0 0 0 0 0 0]
 [0 0 0 0 0 9 1 3 0]
 [0 4 0 0 0 7 0 0 0]
 [0 2 9 0 0 0 0 0 4]
 [0 0 0 1 0 3 0 0 0]]
Solution:
[[7 5 8 0 6 9 4 3 2]
 [0 6 3 0 2 4 5 1 9]
 [4 0 0 1 0 3 8 7 6]
 [3 2 4 8 1 0 7 9 5]
 [8 7 9 4 0 6 1 0 3]
 [1 0 0 2 5 7 0 6 8]
 [0 8 2 6 3 5 9 0 1]
 [0 9 5 7 0 2 6 8 4]
 [6 0 1 9 4 8 3 2 7]]
Number of cells unfilled: 17
Accuracy: 79.01234567901234
Sample: 22631
Question:
[[0 0 5 4 9 0 1 0 8]
 [4 0 6 2 5 0 0 9 0]
 [8 0 0 0 0 3 0 0 0]
 [0 6 0 0 0 0 0 0 3]
 [2 0 0 0 3 7 4 5 0]
 [0 0 0 9 4 1 8 6 0]
 [0 2 1 0 0 4 5 0 9]
 [0 0 0 8 0 5 7 1 0]
 [0 7 0 0 6 0 0 0 0]]
Solution:
[[9 5 8 0 6 0 4 3 0]
 [2 6 3 0 8 4 5 1 9]
 [4 0 0 1 9 3 2 7 6]
 [3 2 4 8 1 0 7 9 5]
 [8 7 9 4 0 6 1 0 3]
 [1 0 0 2 5 7 8 6 0]
 [7 4 2 6 3 5 9 8 1]
 [0 9 5 7 0 2 6 0 4]
 [6 0 1 9 4 8 3 2 7]]
Number of cells unfilled: 16
Accuracy: 80.24691358024691
Sample: 22632
Question:
[[0 0 0 0 0 8 5 0 0]
 [3 0 0 0 0 0 1 7 0]
 [0 9 1 0 3 0 0 0 0]
 [0 0 0 0 0 0 9 4 0]
 [7 2 0 6 5 0 0 1 0]
 [0 0 0 0 0 2 0 0 0]
 [1 0 0 0 4 0 0 5 0]
 [0 7 0 0 0 6 0 0 0]
 [0 0 5 1 0 0 0 0 8]]
Solution:
[[9 5 8 0 6 2 4 3 0]
 [7 6 3 5 8 4 2 1 9]
 [4 0 0 1 9 3 5 7 8]
 [3 2 4 8 1 0 7 9 5]
 [8 7 9 4 0 6 1 0 3]
 [1 0 0 2 5 7 8 6 0]
 [0 4 2 6 3 5 9 8 1]
 [0 9 5 7 2 1 6 0 4]
 [6 0 1 9 4 8 3 2 7]]
Number of cells unfilled: 14
Accuracy: 82.71604938271605
Sample: 22633
Question:
[[0 0 0 0 0 0 9 0 0]
 [0 0 3 0 5 0 0 0 2]
 [0 4 0 0 0 2 0 5 0]
 [0 0 6 5 0 0 0 0 3]
 [0 2 0 0 1 0 4 0 0]
 [0 0 0 0 0 6 0 7 0]
 [9 0 0 0 8 0 7 0 0]
 [0 0 1 0 3 9 0 0 8]
 [0 8 0 1 0 0 0 0 0]]
Solution:
[[9 5 8 0 6 7 4 3 2]
 [7 6 3 0 8 4 5 1 9]
 [4 0 0 1 2 3 8 7 6]
 [3 2 4 8 1 0 7 9 5]
 [8 7 9 4 0 6 1 0 3]
 [1 0 0 2 5 9 0 6 8]
 [0 4 2 6 3 5 9 0 1]
 [0 9 5 7 0 2 6 8 4]
 [6 0 1 9 4 8 3 2 7]]
Number of cells unfilled: 15
Accuracy: 81.48148148148148
Sample: 22634
Question:
[[3 9 0 0 0 0 8 0 0]
 [5 0 0 2 0 8 7 3 4]
 [0 0 0 7 6 0 0 9 1]
 [0 1 0 0 8 0 2 0 0]
 [0 0 6 0 5 4 0 0 0]
 [4 0 0 1 7 0 0 0 9]
 [0 0 8 4 0 0 0 5 6]
 [0 2 5 0 0 0 0 0 7]
 [9 7 0 6 1 0 3 0 0]]
Solution:
[[7 5 8 0 6 9 4 3 2]
 [2 6 3 0 8 4 5 1 9]
 [4 0 0 1 0 3 8 7 6]
 [3 2 4 8 1 0 7 9 5]
 [8 7 9 4 0 6 1 0 3]
 [1 0 0 2 5 7 0 6 8]
 [0 8 2 6 3 5 9 0 1]
 [0 9 5 7 2 1 6 8 4]
 [6 0 1 9 4 8 3 2 7]]
Number of cells unfilled: 15
Accuracy: 81.48148148148148
Sample: 22635
Question:
[[1 0 0 7 0 0 0 0 4]
 [0 0 0 0 9 2 0 0 0]
 [2 0 0 1 0 0 9 0 7]
 [0 0 1 5 0 0 0 0 0]
 [0 2 0 0 0 4 0 0 1]
 [4 0 0 0 0 0 5 7 0]
 [0 1 0 0 0 0 0 3 0]
 [0 8 0 0 6 0 0 0 0]
 [7 0 0 2 0 0 0 0 5]]
Solution:
[[2 5 8 0 6 7 4 3 0]
 [7 6 3 0 2 4 5 1 9]
 [4 0 0 1 9 3 8 7 2]
 [3 2 4 8 1 0 7 9 5]
 [8 7 9 4 0 6 1 0 3]
 [1 0 0 2 5 9 0 6 8]
 [0 4 2 6 3 5 9 0 1]
 [0 9 5 7 0 2 6 8 4]
 [6 0 1 9 4 8 3 2 7]]
Number of cells unfilled: 16
Accuracy: 80.24691358024691
Sample: 22636
Question:
[[0 7 0 0 0 4 0 0 3]
 [0 0 8 0 0 0 0 0 0]
 [0 0 2 0 1 0 5 0 0]
 [0 6 0 0 0 3 0 0 4]
 [0 0 0 0 0 0 0 9 0]
 [0 4 0 8 9 7 3 0 6]
 [7 0 0 0 0 2 4 3 0]
 [0 2 0 0 0 0 6 0 0]
 [0 0 4 0 7 0 0 0 2]]
Solution:
[[9 5 8 0 6 7 4 3 0]
 [7 6 3 0 2 4 5 1 9]
 [4 0 0 1 8 3 2 7 6]
 [3 2 4 8 1 0 7 9 5]
 [8 7 9 4 0 6 1 0 3]
 [1 0 0 2 5 9 8 6 0]
 [0 4 2 6 3 5 9 8 1]
 [0 9 5 7 0 2 6 0 4]
 [6 0 1 9 4 8 3 2 7]]
Number of cells unfilled: 16
Accuracy: 80.24691358024691
Sample: 22637
Question:
[[0 8 0 5 0 3 0 0 0]
 [0 0 9 0 0 0 8 0 5]
 [1 0 0 0 0 0 3 0 6]
 [0 0 0 0 0 2 0 7 0]
 [0 0 3 0 1 0 0 0 0]
 [9 0 0 3 0 0 0 0 0]
 [0 3 7 9 0 0 0 0 0]
 [0 9 0 2 0 0 0 0 0]
 [6 0 8 0 4 0 0 0 1]]
Solution:
[[9 5 8 0 6 2 4 3 0]
 [0 6 3 5 7 4 2 1 9]
 [4 0 0 1 9 3 5 7 8]
 [3 2 4 8 1 0 7 9 5]
 [8 7 9 4 0 6 1 0 3]
 [1 0 0 2 5 7 8 6 0]
 [7 4 2 6 3 5 9 8 1]
 [0 9 5 7 2 1 6 0 4]
 [6 0 1 9 4 8 3 2 7]]
Number of cells unfilled: 14
Accuracy: 82.71604938271605
Sample: 22638
Question:
[[0 0 0 4 0 0 0 7 0]
 [0 0 8 0 0 9 5 0 0]
 [6 0 0 0 1 0 0 0 3]
 [0 0 0 0 0 0 7 0 0]
 [9 0 0 7 0 6 0 0 1]
 [0 1 0 0 0 4 0 2 0]
 [3 0 0 0 4 0 0 0 7]
 [0 0 5 0 0 3 8 0 0]
 [0 2 0 9 0 0 0 0 0]]
Solution:
[[9 5 8 0 6 7 4 3 2]
 [7 6 3 5 2 4 8 1 9]
 [4 0 0 1 8 3 5 7 6]
 [3 2 4 8 1 0 7 9 5]
 [8 7 9 4 0 6 1 0 3]
 [1 0 0 2 5 9 0 6 8]
 [0 8 2 6 3 5 9 0 1]
 [0 9 5 7 0 2 6 8 4]
 [6 0 1 9 4 8 3 2 7]]
Number of cells unfilled: 14
Accuracy: 82.71604938271605
Sample: 22639
Question:
[[0 4 0 0 7 0 6 3 0]
 [0 0 5 2 0 0 8 7 0]
 [0 8 0 0 1 0 0 0 2]
 [3 0 6 0 4 0 0 2 0]
 [0 9 8 0 0 0 0 5 0]
 [0 0 0 0 0 0 0 0 0]
 [0 0 0 0 0 2 0 4 0]
 [0 0 0 8 5 0 0 0 0]
 [0 0 0 6 0 4 9 0 0]]
Solution:
[[9 5 8 0 6 7 4 3 0]
 [7 6 3 0 2 4 5 1 9]
 [4 0 0 1 9 3 2 7 6]
 [3 2 4 8 1 0 7 9 5]
 [8 7 9 4 0 6 1 0 3]
 [1 0 0 2 5 9 8 6 0]
 [0 8 2 6 3 5 9 0 1]
 [0 9 5 7 0 2 6 8 4]
 [6 0 1 9 4 8 3 2 7]]
Number of cells unfilled: 16
Accuracy: 80.24691358024691
Sample: 22640
Question:
[[6 0 0 0 0 7 5 0 0]
 [0 5 7 0 1 3 0 0 0]
 [0 8 0 9 0 0 0 0 0]
 [0 6 0 0 0 2 8 3 0]
 [0 0 0 0 0 0 0 0 4]
 [0 0 2 0 0 0 0 0 1]
 [0 0 6 0 0 8 0 0 0]
 [5 0 0 0 3 0 0 9 0]
 [0 3 0 0 7 0 0 4 0]]
Solution:
[[9 5 8 0 6 0 4 3 2]
 [2 6 3 5 7 4 8 1 9]
 [4 0 0 1 2 3 5 7 6]
 [3 2 4 8 1 0 7 9 5]
 [8 7 9 4 0 6 1 0 3]
 [1 0 0 2 5 9 0 6 8]
 [7 4 2 6 3 5 9 8 1]
 [0 9 5 7 0 1 6 0 4]
 [6 0 1 9 4 8 3 2 7]]
Number of cells unfilled: 14
Accuracy: 82.71604938271605
Sample: 22641
Question:
[[0 0 2 0 0 0 4 0 0]
 [7 0 0 0 0 0 0 0 8]
 [0 9 0 0 6 0 0 1 0]
 [0 5 0 6 1 0 0 0 0]
 [0 0 0 3 0 0 0 6 0]
 [0 0 0 0 9 2 5 0 0]
 [8 0 0 0 0 0 0 0 7]
 [0 0 4 0 0 0 2 0 0]
 [0 3 0 1 0 0 0 5 0]]
Solution:
[[9 5 8 0 6 2 4 3 0]
 [0 6 3 5 7 4 2 1 9]
 [4 0 0 1 9 3 5 7 8]
 [3 2 4 8 1 0 7 9 5]
 [8 7 9 4 0 6 1 0 3]
 [1 0 0 2 5 9 8 6 0]
 [7 4 2 6 3 5 9 8 1]
 [0 9 5 7 2 1 6 0 4]
 [6 0 1 9 4 8 3 2 7]]
Number of cells unfilled: 14
Accuracy: 82.71604938271605
Sample: 22642
Question:
[[0 0 7 6 0 9 0 0 0]
 [0 0 0 0 0 3 0 0 0]
 [0 0 0 7 5 0 6 0 0]
 [4 0 0 0 0 0 0 0 8]
 [0 3 0 0 0 0 0 1 0]
 [0 0 9 2 0 0 5 0 0]
 [8 0 0 0 0 5 0 0 4]
 [0 0 6 0 7 0 2 0 0]
 [0 1 0 0 0 0 0 3 0]]
Solution:
[[9 5 8 0 6 7 4 3 0]
 [7 6 3 5 2 4 8 1 9]
 [4 0 0 1 8 3 2 7 6]
 [3 2 4 8 1 0 7 9 5]
 [8 7 9 4 0 6 1 0 3]
 [1 0 0 2 5 9 0 6 8]
 [0 4 2 6 3 5 9 8 1]
 [0 9 5 7 0 2 6 0 4]
 [6 0 1 9 4 8 3 2 7]]
Number of cells unfilled: 15
Accuracy: 81.48148148148148
Sample: 22643
Question:
[[0 0 0 1 7 0 0 3 0]
 [0 0 0 0 0 0 0 0 0]
 [0 7 0 0 0 8 1 0 9]
 [0 1 0 0 9 0 2 0 8]
 [0 0 0 8 0 0 3 0 0]
 [6 0 0 0 0 0 4 0 0]
 [0 8 0 7 0 0 0 0 2]
 [9 0 5 0 0 2 0 0 0]
 [0 0 0 0 0 9 0 4 0]]
Solution:
[[7 5 8 0 6 9 4 3 2]
 [2 6 3 0 7 4 5 1 9]
 [4 0 0 1 0 3 8 7 6]
 [3 2 4 8 1 0 7 9 5]
 [8 7 9 4 0 6 1 0 3]
 [1 0 0 2 5 7 0 6 8]
 [0 8 2 6 3 5 9 0 1]
 [0 9 5 7 2 1 6 8 4]
 [6 0 1 9 4 8 3 2 7]]
Number of cells unfilled: 15
Accuracy: 81.48148148148148
Sample: 22644
Question:
[[0 9 0 0 0 0 0 0 4]
 [5 0 3 0 9 0 0 0 6]
 [0 7 2 3 4 0 0 0 0]
 [0 0 0 0 3 0 0 9 0]
 [9 0 0 0 0 0 0 5 0]
 [4 0 0 8 0 0 3 0 7]
 [1 0 0 6 0 0 0 0 0]
 [0 0 0 2 0 0 5 0 0]
 [3 0 0 0 0 0 0 0 8]]
Solution:
[[9 5 8 0 6 0 4 3 2]
 [2 6 3 0 7 4 5 1 9]
 [4 0 0 1 9 3 8 7 6]
 [3 2 4 8 1 0 7 9 5]
 [8 7 9 4 0 6 1 0 3]
 [1 0 0 2 5 7 0 6 8]
 [7 4 2 6 3 5 9 8 1]
 [0 9 5 7 0 2 6 0 4]
 [6 0 1 9 4 8 3 2 7]]
Number of cells unfilled: 15
Accuracy: 81.48148148148148
Sample: 22645
Question:
[[7 0 1 0 9 0 0 2 0]
 [4 0 0 0 0 8 0 0 9]
 [0 0 0 4 0 0 8 7 0]
 [0 0 2 0 0 3 0 0 0]
 [5 0 4 7 1 9 0 0 0]
 [0 0 0 0 2 0 0 0 0]
 [0 5 8 0 0 0 0 0 7]
 [0 0 0 5 0 2 6 0 0]
 [6 9 0 0 0 0 0 0 0]]
Solution:
[[0 5 8 0 6 9 4 3 2]
 [2 6 3 0 8 4 5 1 9]
 [4 0 0 1 2 3 8 7 6]
 [3 2 4 8 1 0 7 9 5]
 [8 7 9 4 0 6 1 0 3]
 [1 0 0 2 5 7 0 6 8]
 [7 4 2 6 3 5 9 8 1]
 [0 9 5 7 0 2 6 0 4]
 [6 0 1 9 4 8 3 2 7]]
Number of cells unfilled: 15
Accuracy: 81.48148148148148
Sample: 22646
Question:
[[0 6 0 0 0 1 5 0 0]
 [0 0 0 0 0 0 3 7 0]
 [0 0 5 0 7 0 0 0 4]
 [2 0 0 9 0 0 0 3 0]
 [0 1 0 0 0 6 0 0 2]
 [0 0 3 0 0 0 4 0 0]
 [0 0 8 0 5 0 0 4 0]
 [0 0 0 1 0 0 0 0 0]
 [9 5 0 0 0 2 0 0 0]]
Solution:
[[9 5 8 0 6 2 4 3 0]
 [2 6 3 5 7 4 8 1 9]
 [4 0 0 1 9 3 2 7 6]
 [3 2 4 8 1 0 7 9 5]
 [8 7 9 4 0 6 1 0 3]
 [1 0 0 2 5 7 0 6 8]
 [7 4 2 6 3 5 9 8 1]
 [0 9 5 7 2 1 6 0 4]
 [6 0 1 9 4 8 3 2 7]]
Number of cells unfilled: 13
Accuracy: 83.9506172839506
Sample: 22647
Question:
[[0 2 9 0 0 0 0 0 5]
 [8 0 0 0 0 2 6 0 0]
 [0 6 7 3 0 0 0 0 0]
 [0 0 6 0 0 0 9 0 0]
 [0 0 0 0 8 0 0 0 3]
 [0 0 0 1 0 0 0 4 0]
 [0 5 0 0 4 0 0 0 8]
 [0 9 0 0 0 7 5 0 0]
 [0 0 0 5 3 0 0 1 0]]
Solution:
[[9 5 8 0 6 7 4 3 0]
 [2 6 3 0 8 4 5 1 9]
 [4 0 0 1 9 3 8 7 2]
 [3 2 4 8 1 0 7 9 5]
 [8 7 9 4 0 6 1 0 3]
 [1 0 0 2 5 9 0 6 8]
 [7 4 2 6 3 5 9 0 1]
 [0 9 5 7 0 2 6 8 4]
 [6 0 1 9 4 8 3 2 7]]
Number of cells unfilled: 15
Accuracy: 81.48148148148148
Sample: 22648
Question:
[[0 0 3 9 4 0 0 0 0]
 [7 0 0 6 0 0 9 0 0]
 [0 0 0 0 5 0 0 0 6]
 [0 2 0 0 0 0 0 8 5]
 [1 0 0 0 0 0 0 6 0]
 [0 7 0 0 0 8 4 0 0]
 [2 0 7 0 9 6 0 0 8]
 [0 6 0 0 8 0 5 0 3]
 [0 0 0 0 7 0 0 0 0]]
Solution:
[[9 5 8 0 6 7 4 3 2]
 [2 6 3 0 8 4 5 1 9]
 [4 0 0 1 9 3 8 7 6]
 [3 2 4 8 1 0 7 9 5]
 [8 7 9 4 0 6 1 0 3]
 [1 0 0 2 5 9 0 6 8]
 [7 4 2 6 3 5 9 8 1]
 [0 9 5 7 2 1 6 0 4]
 [6 0 1 9 4 8 3 2 7]]
Number of cells unfilled: 13
Accuracy: 83.9506172839506
Sample: 22649
Question:
[[3 0 0 0 0 0 0 0 0]
 [0 1 0 0 0 8 0 0 4]
 [0 0 2 7 5 0 3 0 0]
 [0 9 0 0 6 5 0 0 1]
 [5 0 0 2 0 0 0 6 0]
 [0 0 6 9 0 0 5 0 0]
 [0 0 0 0 0 7 0 4 0]
 [0 7 0 0 0 0 1 9 0]
 [8 0 0 0 9 0 0 0 7]]
Solution:
[[0 5 8 0 6 9 4 3 2]
 [7 6 3 0 8 4 5 1 9]
 [4 0 0 1 2 3 8 7 6]
 [3 2 4 8 1 0 7 9 5]
 [8 7 9 4 0 6 1 0 3]
 [1 0 0 2 5 7 0 6 8]
 [0 8 2 6 3 5 9 0 1]
 [0 9 5 7 0 2 6 8 4]
 [6 0 1 9 4 8 3 2 7]]
Number of cells unfilled: 16
Accuracy: 80.24691358024691
Sample: 22650
Question:
[[4 0 0 0 2 0 0 0 7]
 [0 0 7 0 0 9 0 0 0]
 [0 0 2 0 0 0 1 4 0]
 [0 6 0 0 0 2 4 0 0]
 [0 0 9 3 0 0 0 0 0]
 [8 0 0 0 1 0 0 7 0]
 [0 0 6 2 0 0 0 8 0]
 [0 0 0 0 0 3 0 1 5]
 [5 0 0 0 8 0 7 0 0]]
Solution:
[[9 5 8 0 6 7 4 3 2]
 [7 6 3 5 2 4 8 1 9]
 [4 0 0 1 9 3 5 7 6]
 [3 2 4 8 1 0 7 9 5]
 [8 7 9 4 0 6 1 0 3]
 [1 0 0 2 5 9 0 6 8]
 [0 4 2 6 3 5 9 0 1]
 [0 9 5 7 0 2 6 8 4]
 [6 0 1 9 4 8 3 2 7]]
Number of cells unfilled: 14
Accuracy: 82.71604938271605
Sample: 22651
Question:
[[9 0 0 2 0 0 1 0 0]
 [1 7 6 0 0 0 0 0 0]
 [0 0 3 0 0 9 0 0 0]
 [0 0 0 6 8 0 5 0 4]
 [0 0 1 5 0 3 0 6 0]
 [0 0 0 0 2 0 0 0 8]
 [6 0 0 0 3 0 0 0 9]
 [0 2 5 1 0 0 0 0 0]
 [0 0 0 8 0 2 0 0 0]]
Solution:
[[7 5 8 0 6 9 4 3 2]
 [2 6 3 0 7 4 5 1 9]
 [4 0 0 1 0 3 8 7 6]
 [3 2 4 8 1 0 7 9 5]
 [8 7 9 4 0 6 1 0 3]
 [1 0 0 2 5 7 0 6 8]
 [0 8 2 6 3 5 9 0 1]
 [0 9 5 7 2 1 6 8 4]
 [6 0 1 9 4 8 3 2 7]]
Number of cells unfilled: 15
Accuracy: 81.48148148148148
Sample: 22652
Question:
[[0 0 0 3 0 0 0 0 4]
 [0 6 0 7 2 0 0 8 0]
 [0 0 8 0 0 9 7 0 0]
 [0 8 0 0 3 0 4 0 0]
 [5 0 0 1 0 0 0 0 0]
 [0 0 9 8 0 7 0 2 0]
 [1 0 0 5 0 0 0 0 9]
 [0 0 7 0 0 0 0 4 0]
 [0 9 0 0 0 0 3 0 0]]
Solution:
[[9 5 8 0 6 7 4 3 0]
 [2 6 3 0 8 4 5 1 9]
 [4 0 0 1 9 3 8 7 2]
 [3 2 4 8 1 0 7 9 5]
 [8 7 9 4 0 6 1 0 3]
 [1 0 0 2 5 9 0 6 8]
 [7 4 2 6 3 5 9 8 1]
 [0 9 5 7 2 1 6 0 4]
 [6 0 1 9 4 8 3 2 7]]
Number of cells unfilled: 14
Accuracy: 82.71604938271605
Sample: 22653
Question:
[[0 0 6 0 0 4 0 1 0]
 [1 0 0 2 0 0 0 0 7]
 [0 8 0 0 0 0 9 0 0]
 [0 0 0 0 0 3 0 0 0]
 [7 0 0 1 0 0 2 0 0]
 [0 0 4 0 8 0 0 0 0]
 [0 0 3 0 0 7 5 0 0]
 [5 0 0 9 0 0 0 2 0]
 [0 6 0 0 0 0 7 0 9]]
Solution:
[[9 5 8 0 6 7 4 3 2]
 [2 6 3 5 0 4 8 1 9]
 [4 0 0 1 8 3 5 7 6]
 [3 2 4 8 1 0 7 9 5]
 [8 7 9 4 0 6 1 0 3]
 [1 0 0 2 5 9 0 6 8]
 [7 4 2 6 3 5 9 8 1]
 [0 9 5 7 2 1 6 0 4]
 [6 0 1 9 4 8 3 2 7]]
Number of cells unfilled: 13
Accuracy: 83.9506172839506
Sample: 22654
Question:
[[4 0 1 0 0 7 0 0 0]
 [0 0 0 0 5 0 6 0 8]
 [6 0 0 0 8 0 0 0 0]
 [0 0 0 0 0 1 5 0 2]
 [2 0 0 0 0 0 0 0 7]
 [9 1 7 0 0 2 0 0 0]
 [0 0 0 0 0 5 8 0 0]
 [0 0 4 0 0 8 7 0 6]
 [7 0 0 2 0 0 0 0 1]]
Solution:
[[2 5 8 0 6 9 4 3 0]
 [7 6 3 5 2 4 8 1 9]
 [4 0 0 1 8 3 5 7 2]
 [3 2 4 8 1 0 7 9 5]
 [8 7 9 4 0 6 1 0 3]
 [1 0 0 2 5 7 0 6 8]
 [0 4 2 6 3 5 9 8 1]
 [0 9 5 7 0 2 6 0 4]
 [6 0 1 9 4 8 3 2 7]]
Number of cells unfilled: 15
Accuracy: 81.48148148148148
Sample: 22655
Question:
[[6 3 0 7 0 2 0 8 9]
 [0 0 0 0 0 0 0 0 0]
 [7 0 0 0 8 3 0 2 0]
 [0 0 0 9 0 0 0 4 0]
 [0 1 2 5 0 6 0 0 0]
 [0 0 0 0 0 8 0 0 0]
 [0 9 0 0 0 0 1 0 3]
 [0 7 0 0 0 0 0 5 2]
 [5 0 6 0 7 0 0 0 0]]
Solution:
[[7 5 8 0 6 9 4 3 0]
 [2 6 3 5 7 4 8 1 9]
 [4 0 0 1 8 3 2 7 6]
 [3 2 4 8 1 0 7 9 5]
 [8 7 9 4 0 6 1 0 3]
 [1 0 0 2 5 7 0 6 8]
 [0 4 2 6 3 5 9 8 1]
 [0 9 5 7 0 2 6 0 4]
 [6 0 1 9 4 8 3 2 7]]
Number of cells unfilled: 15
Accuracy: 81.48148148148148
Sample: 22656
Question:
[[0 0 0 0 0 0 0 6 0]
 [9 0 0 0 0 0 7 0 2]
 [4 0 6 1 0 0 0 9 0]
 [0 0 0 5 0 0 8 0 0]
 [0 0 0 0 0 0 0 0 6]
 [8 0 1 0 0 4 0 5 0]
 [0 3 0 9 0 8 4 0 0]
 [1 0 4 0 5 0 0 8 0]
 [0 0 0 4 0 1 6 0 0]]
Solution:
[[7 5 8 0 6 9 4 3 2]
 [2 6 3 5 7 4 8 1 9]
 [4 0 0 1 8 3 5 7 6]
 [3 2 4 8 1 0 7 9 5]
 [8 7 9 4 0 6 1 0 3]
 [1 0 0 2 5 7 0 6 8]
 [0 8 2 6 3 5 9 0 1]
 [0 9 5 7 0 2 6 8 4]
 [6 0 1 9 4 8 3 2 7]]
Number of cells unfilled: 14
Accuracy: 82.71604938271605
Sample: 22657
Question:
[[7 0 0 0 3 0 0 0 9]
 [0 0 0 0 0 2 0 0 0]
 [0 0 3 8 0 0 4 5 0]
 [0 0 2 0 0 5 1 0 0]
 [0 0 0 0 0 0 0 6 0]
 [9 0 0 0 0 0 0 7 0]
 [3 0 0 0 6 0 0 0 0]
 [0 0 4 1 0 8 0 0 0]
 [0 8 0 2 0 0 5 0 0]]
Solution:
[[9 5 8 0 6 0 4 3 0]
 [2 6 3 5 7 4 8 1 9]
 [4 0 0 1 8 3 2 7 6]
 [3 2 4 8 1 9 7 0 5]
 [8 7 9 4 0 6 1 0 3]
 [1 0 0 2 5 7 0 6 8]
 [7 4 2 6 3 5 9 8 1]
 [0 9 5 7 0 2 6 0 4]
 [6 0 1 9 4 8 3 2 7]]
Number of cells unfilled: 15
Accuracy: 81.48148148148148
Sample: 22658
Question:
[[0 0 1 9 0 0 8 0 4]
 [5 0 0 0 0 0 0 0 2]
 [0 8 0 0 2 1 0 7 0]
 [0 0 0 2 3 0 6 0 0]
 [0 6 0 0 0 4 0 0 7]
 [0 0 5 6 0 0 0 8 0]
 [0 0 2 0 0 0 0 0 8]
 [9 0 0 3 0 0 0 0 1]
 [0 4 0 0 0 0 7 0 0]]
Solution:
[[2 5 8 0 6 9 4 3 0]
 [0 6 3 5 7 4 2 1 9]
 [4 0 0 1 2 3 8 7 6]
 [3 2 4 8 1 0 7 9 5]
 [8 7 9 4 0 6 1 0 3]
 [1 0 0 2 5 7 0 6 8]
 [7 4 2 6 3 5 9 8 1]
 [0 9 5 7 0 1 6 0 4]
 [6 0 1 9 4 8 3 2 7]]
Number of cells unfilled: 15
Accuracy: 81.48148148148148
Sample: 22659
Question:
[[0 0 0 0 0 0 0 0 0]
 [0 1 0 0 0 0 5 0 3]
 [7 0 0 0 9 6 0 0 0]
 [0 0 0 3 0 0 4 0 0]
 [6 0 0 0 0 0 0 7 0]
 [8 0 9 0 0 0 0 0 0]
 [0 4 0 0 7 0 0 0 0]
 [0 5 0 0 0 0 1 0 0]
 [0 0 0 0 6 0 0 0 0]]
Solution:
[[2 5 8 0 6 0 4 3 0]
 [0 6 3 5 7 4 2 1 9]
 [4 0 0 1 9 3 8 7 6]
 [3 2 4 8 1 0 7 9 5]
 [8 7 9 4 0 6 1 0 3]
 [1 0 0 2 5 7 0 6 8]
 [7 8 2 6 3 5 9 0 1]
 [0 9 5 7 0 2 6 8 4]
 [6 0 1 9 4 8 3 2 7]]
Number of cells unfilled: 16
Accuracy: 80.24691358024691
Sample: 22660
Question:
[[0 1 0 2 0 0 4 0 0]
 [9 0 0 0 0 8 0 0 0]
 [0 0 7 0 0 0 0 0 0]
 [0 0 6 0 0 0 1 5 0]
 [0 0 0 0 9 0 2 4 0]
 [0 4 0 5 0 0 0 0 3]
 [0 0 8 0 5 7 3 0 0]
 [0 0 0 0 6 0 0 0 0]
 [0 5 0 4 0 0 0 1 0]]
Solution:
[[7 5 8 0 6 9 4 3 0]
 [2 6 3 0 7 4 5 1 9]
 [4 0 0 1 8 3 2 7 6]
 [3 2 4 8 1 0 7 9 5]
 [8 7 9 4 0 6 1 0 3]
 [1 0 0 2 5 7 8 6 0]
 [0 8 2 6 3 5 9 0 1]
 [0 9 5 7 0 2 6 8 4]
 [6 0 1 9 4 8 3 2 7]]
Number of cells unfilled: 16
Accuracy: 80.24691358024691
Sample: 22661
Question:
[[2 0 0 0 5 0 7 0 0]
 [0 0 9 0 0 2 0 8 0]
 [0 0 1 6 0 0 0 0 0]
 [0 0 0 0 7 0 0 4 8]
 [4 0 7 0 0 5 2 0 0]
 [0 3 0 0 0 0 0 0 0]
 [0 1 0 0 9 0 0 2 0]
 [6 0 0 5 0 0 9 0 0]
 [0 0 0 0 0 4 0 0 3]]
Solution:
[[7 5 8 0 6 9 4 3 2]
 [2 6 3 0 7 4 5 1 9]
 [4 0 0 1 0 3 8 7 6]
 [3 2 4 8 1 0 7 9 5]
 [8 7 9 4 0 6 1 0 3]
 [1 0 0 2 5 7 0 6 8]
 [0 4 2 6 3 5 9 8 1]
 [0 9 5 7 2 1 6 0 4]
 [6 0 1 9 4 8 3 2 7]]
Number of cells unfilled: 15
Accuracy: 81.48148148148148
Sample: 22662
Question:
[[7 2 0 0 6 3 0 5 0]
 [0 4 3 0 0 0 8 0 0]
 [9 0 0 0 0 0 0 0 0]
 [0 5 0 0 0 0 2 3 6]
 [0 0 0 0 5 0 0 0 1]
 [0 0 0 0 1 2 0 0 0]
 [8 0 0 0 0 0 6 2 5]
 [2 0 0 6 9 0 0 0 0]
 [4 0 5 0 0 0 0 7 0]]
Solution:
[[9 5 8 0 6 2 4 3 0]
 [2 6 3 5 7 4 8 1 9]
 [4 0 0 1 9 3 2 7 6]
 [3 2 4 8 1 9 7 0 5]
 [8 7 9 4 0 6 1 0 3]
 [1 0 0 2 5 7 0 6 8]
 [7 4 2 6 3 5 9 8 1]
 [0 9 5 7 2 1 6 0 4]
 [6 0 1 9 4 8 3 2 7]]
Number of cells unfilled: 13
Accuracy: 83.9506172839506
Sample: 22663
Question:
[[0 0 9 0 0 3 1 0 0]
 [5 0 0 0 0 0 0 8 0]
 [0 0 0 4 0 0 0 0 9]
 [2 0 0 1 6 0 9 0 0]
 [0 9 0 0 0 2 0 0 0]
 [0 0 6 9 3 0 0 0 0]
 [8 0 0 0 7 0 0 0 4]
 [0 0 3 0 0 1 6 0 0]
 [0 7 0 0 0 0 0 0 5]]
Solution:
[[2 5 8 0 6 9 4 3 0]
 [0 6 3 5 7 4 2 1 9]
 [4 0 0 1 2 3 8 7 6]
 [3 2 4 8 1 0 7 9 5]
 [8 7 9 4 0 6 1 0 3]
 [1 0 0 2 5 7 0 6 8]
 [7 4 2 6 3 5 9 8 1]
 [0 9 5 7 0 2 6 0 4]
 [6 0 1 9 4 8 3 2 7]]
Number of cells unfilled: 15
Accuracy: 81.48148148148148
Sample: 22664
Question:
[[0 0 0 0 0 5 0 9 2]
 [0 0 5 0 0 0 3 0 0]
 [0 2 0 3 0 0 0 8 0]
 [0 3 0 0 4 9 8 0 0]
 [0 0 6 1 0 0 0 4 0]
 [4 0 0 0 6 0 0 0 0]
 [0 5 0 0 0 2 9 0 0]
 [0 0 0 0 7 0 0 0 0]
 [1 0 0 0 0 0 0 2 7]]
Solution:
[[9 5 8 0 6 2 4 3 0]
 [0 6 3 5 7 4 2 1 9]
 [4 0 0 1 9 3 5 7 8]
 [3 2 4 8 1 0 7 9 5]
 [8 7 9 4 0 6 1 0 3]
 [1 0 0 2 5 9 8 6 0]
 [7 4 2 6 3 5 9 8 1]
 [0 9 5 7 2 1 6 0 4]
 [6 0 1 9 4 8 3 2 7]]
Number of cells unfilled: 14
Accuracy: 82.71604938271605
Sample: 22665
Question:
[[0 0 3 0 0 0 4 0 0]
 [0 9 0 7 0 0 8 3 0]
 [7 0 0 0 0 0 0 0 9]
 [0 0 9 8 0 0 0 0 4]
 [5 0 0 9 1 0 6 0 0]
 [0 6 0 0 0 5 0 0 0]
 [0 0 7 3 0 0 0 0 8]
 [9 1 0 0 0 0 0 2 0]
 [0 0 0 0 0 2 0 4 0]]
Solution:
[[9 5 8 0 6 2 4 3 0]
 [0 6 3 5 7 4 2 1 9]
 [4 0 0 1 9 3 5 7 6]
 [3 2 4 8 1 0 7 9 5]
 [8 7 9 4 0 6 1 0 3]
 [1 0 0 2 5 9 8 6 0]
 [7 4 2 6 3 5 9 0 1]
 [0 9 5 7 2 1 6 8 4]
 [6 0 1 9 4 8 3 2 7]]
Number of cells unfilled: 14
Accuracy: 82.71604938271605
Sample: 22666
Question:
[[0 0 4 0 0 0 0 9 2]
 [0 5 0 0 1 0 7 0 0]
 [0 0 0 9 0 0 0 5 1]
 [0 9 0 0 8 0 0 1 7]
 [0 7 0 5 9 0 0 2 0]
 [8 0 0 0 0 0 0 0 0]
 [0 2 0 0 7 0 0 0 5]
 [0 0 0 8 0 0 0 0 0]
 [6 0 0 0 0 3 0 7 0]]
Solution:
[[9 5 8 0 6 7 4 3 0]
 [7 6 3 0 8 4 5 1 9]
 [4 0 0 1 9 3 2 7 8]
 [3 2 4 8 1 0 7 9 5]
 [8 7 9 4 0 6 1 0 3]
 [1 0 0 2 5 9 8 6 0]
 [0 8 2 6 3 5 9 0 1]
 [0 9 5 7 2 1 6 8 4]
 [6 0 1 9 4 8 3 2 7]]
Number of cells unfilled: 15
Accuracy: 81.48148148148148
Sample: 22667
Question:
[[3 0 0 6 0 0 7 0 0]
 [0 1 0 0 0 9 0 0 0]
 [0 0 0 0 0 0 0 4 0]
 [0 8 1 0 0 0 0 0 0]
 [7 0 0 1 0 0 3 0 5]
 [5 0 0 7 0 0 1 2 0]
 [0 2 0 0 6 7 5 0 0]
 [6 0 0 0 0 0 0 0 0]
 [0 0 5 2 0 0 0 3 0]]
Solution:
[[0 5 8 0 6 9 4 3 2]
 [0 6 3 0 2 4 5 1 9]
 [4 0 0 1 0 3 8 7 6]
 [3 2 4 8 1 0 7 9 5]
 [8 7 9 4 0 6 1 0 3]
 [1 0 0 2 5 7 0 6 8]
 [7 4 2 6 3 5 9 8 1]
 [0 9 5 7 0 2 6 0 4]
 [6 0 1 9 4 8 3 2 7]]
Number of cells unfilled: 17
Accuracy: 79.01234567901234
Sample: 22668
Question:
[[0 0 7 3 0 0 0 0 6]
 [0 6 0 0 5 0 1 0 0]
 [8 0 0 0 0 0 0 4 0]
 [0 3 0 0 0 9 0 0 0]
 [0 0 2 0 1 0 0 0 7]
 [7 0 0 2 0 0 6 0 0]
 [4 0 0 9 0 0 0 8 0]
 [0 7 0 0 2 0 9 6 0]
 [0 0 9 5 0 0 0 0 1]]
Solution:
[[0 5 8 0 6 9 4 3 2]
 [7 6 3 5 2 4 8 1 9]
 [4 0 0 1 8 3 5 7 6]
 [3 2 4 8 1 0 7 9 5]
 [8 7 9 4 0 6 1 0 3]
 [1 0 0 2 5 7 0 6 8]
 [0 4 2 6 3 5 9 8 1]
 [0 9 5 7 0 1 6 0 4]
 [6 0 1 9 4 8 3 2 7]]
Number of cells unfilled: 15
Accuracy: 81.48148148148148
Sample: 22669
Question:
[[4 0 0 0 0 6 0 8 0]
 [0 2 0 0 5 0 0 0 0]
 [0 7 6 0 0 0 1 0 0]
 [7 0 0 0 1 0 4 0 0]
 [0 0 0 9 0 0 0 0 3]
 [0 0 5 0 0 8 0 1 0]
 [0 0 7 0 0 2 0 4 0]
 [0 0 2 3 0 0 0 0 9]
 [6 0 0 0 8 0 2 0 1]]
Solution:
[[7 5 8 0 6 9 4 3 2]
 [2 6 3 5 7 4 8 1 9]
 [4 0 0 1 2 3 5 7 6]
 [3 2 4 8 1 0 7 9 5]
 [8 7 9 4 0 6 1 0 3]
 [1 0 0 2 5 7 0 6 8]
 [0 8 2 6 3 5 9 0 1]
 [0 9 5 7 0 2 6 8 4]
 [6 0 1 9 4 8 3 2 7]]
Number of cells unfilled: 14
Accuracy: 82.71604938271605
Sample: 22670
Question:
[[5 0 0 0 8 3 9 0 0]
 [4 0 0 2 0 0 3 0 0]
 [6 0 0 9 0 0 0 0 0]
 [0 6 0 3 0 0 0 0 0]
 [8 0 0 6 0 0 5 0 0]
 [0 0 2 0 7 0 0 0 1]
 [0 0 8 0 6 0 0 0 9]
 [0 3 0 0 0 0 0 0 6]
 [0 7 0 0 0 4 0 0 8]]
Solution:
[[9 5 8 0 6 7 4 3 2]
 [7 6 3 5 2 4 8 1 9]
 [4 0 0 1 9 3 5 7 6]
 [3 2 4 8 1 0 7 9 5]
 [8 7 9 4 0 6 1 0 3]
 [1 0 0 2 5 9 0 6 8]
 [0 4 2 6 3 5 9 8 1]
 [0 9 5 7 0 1 6 0 4]
 [6 0 1 9 4 8 3 2 7]]
Number of cells unfilled: 14
Accuracy: 82.71604938271605
Sample: 22671
Question:
[[0 0 2 1 3 9 0 5 0]
 [3 0 0 0 0 0 0 0 0]
 [0 0 0 8 0 4 0 0 0]
 [9 0 0 0 8 2 6 4 0]
 [0 3 0 0 0 0 2 0 8]
 [0 0 0 6 0 1 3 9 0]
 [0 9 8 0 0 0 4 2 0]
 [0 0 0 0 4 0 0 8 0]
 [0 1 0 2 0 0 0 0 0]]
Solution:
[[2 5 8 0 6 9 4 3 0]
 [0 6 3 5 7 4 2 1 9]
 [4 0 0 1 8 3 5 7 6]
 [3 2 4 8 1 0 7 9 5]
 [8 7 9 4 0 6 1 0 3]
 [1 0 0 2 5 7 8 6 0]
 [7 8 2 6 3 5 9 0 1]
 [0 9 5 7 2 1 6 8 4]
 [6 0 1 9 4 8 3 2 7]]
Number of cells unfilled: 14
Accuracy: 82.71604938271605
Sample: 22672
Question:
[[0 6 0 0 0 3 0 0 0]
 [0 0 2 0 7 0 6 0 0]
 [9 0 0 8 0 0 0 4 0]
 [0 3 1 0 0 0 0 0 2]
 [0 0 0 0 1 0 0 0 0]
 [5 0 0 7 0 0 0 8 0]
 [4 0 0 0 8 9 7 0 5]
 [0 0 0 5 0 0 8 0 0]
 [0 0 0 0 0 7 0 9 0]]
Solution:
[[9 5 8 0 6 2 4 3 0]
 [2 6 3 5 7 4 8 1 9]
 [4 0 0 1 8 3 2 7 6]
 [3 2 4 8 1 9 7 0 5]
 [8 7 9 4 0 6 1 0 3]
 [1 0 0 2 5 7 0 6 8]
 [7 8 2 6 3 5 9 0 1]
 [0 9 5 7 2 1 6 8 4]
 [6 0 1 9 4 8 3 2 7]]
Number of cells unfilled: 13
Accuracy: 83.9506172839506
Sample: 22673
Question:
[[0 0 0 0 0 0 0 0 0]
 [0 0 8 0 0 0 6 4 0]
 [0 2 7 0 0 1 0 0 5]
 [0 9 0 0 0 2 0 7 3]
 [0 3 0 0 0 9 1 0 0]
 [0 0 0 0 0 0 9 0 0]
 [6 0 0 5 0 0 3 0 0]
 [0 0 0 0 4 0 0 5 6]
 [0 0 0 2 0 3 0 1 0]]
Solution:
[[9 5 8 0 6 2 4 3 0]
 [0 6 3 5 7 4 2 1 9]
 [4 0 0 1 9 3 5 7 6]
 [3 2 4 8 1 0 7 9 5]
 [8 7 9 4 0 6 1 0 3]
 [1 0 0 2 5 7 8 6 0]
 [7 4 2 6 3 5 9 8 1]
 [0 9 5 7 2 1 6 0 4]
 [6 0 1 9 4 8 3 2 7]]
Number of cells unfilled: 14
Accuracy: 82.71604938271605
Sample: 22674
Question:
[[2 0 5 0 0 1 9 8 0]
 [0 0 0 0 0 8 0 0 0]
 [7 0 0 4 0 0 1 3 2]
 [0 8 0 0 0 5 0 0 6]
 [0 7 2 6 0 0 0 0 0]
 [4 0 0 0 0 0 0 5 0]
 [0 0 0 0 8 0 0 0 0]
 [0 0 0 0 0 0 0 4 0]
 [1 0 4 7 0 0 0 2 9]]
Solution:
[[9 5 8 0 6 7 4 3 2]
 [7 6 3 5 2 4 8 1 9]
 [4 0 0 1 8 3 5 7 6]
 [3 2 4 8 1 0 7 9 5]
 [8 7 9 4 0 6 1 0 3]
 [1 0 0 2 5 9 0 6 8]
 [0 4 2 6 3 5 9 8 1]
 [0 9 5 7 0 2 6 0 4]
 [6 0 1 9 4 8 3 2 7]]
Number of cells unfilled: 14
Accuracy: 82.71604938271605
Sample: 22675
Question:
[[8 9 0 0 0 0 0 0 4]
 [0 0 0 0 3 0 0 9 6]
 [4 0 0 2 0 0 0 0 7]
 [0 6 4 0 0 5 0 3 0]
 [0 3 0 0 0 0 0 6 0]
 [1 0 0 0 0 0 4 0 0]
 [2 0 0 5 6 0 0 8 0]
 [6 4 0 0 0 0 0 0 0]
 [0 1 0 0 0 2 0 0 0]]
Solution:
[[9 5 8 0 6 0 4 3 0]
 [0 6 3 5 8 4 2 1 9]
 [4 0 0 1 9 3 5 7 8]
 [3 2 4 8 1 0 7 9 5]
 [8 7 9 4 0 6 1 0 3]
 [1 0 0 2 5 7 8 6 0]
 [7 4 2 6 3 5 9 8 1]
 [0 9 5 7 0 2 6 0 4]
 [6 0 1 9 4 8 3 2 7]]
Number of cells unfilled: 16
Accuracy: 80.24691358024691
Sample: 22676
Question:
[[9 3 2 1 0 0 0 0 8]
 [7 0 1 0 0 0 6 0 0]
 [0 5 0 0 0 0 0 0 2]
 [0 0 0 0 1 4 2 0 0]
 [5 0 0 0 9 0 0 0 0]
 [0 1 0 8 5 0 0 0 7]
 [0 0 9 0 0 0 0 0 5]
 [0 6 0 0 0 0 0 4 0]
 [1 0 5 0 7 0 3 2 0]]
Solution:
[[0 5 8 0 6 9 4 3 0]
 [2 6 3 0 7 4 5 1 9]
 [4 0 0 1 8 3 2 7 6]
 [3 2 4 8 1 0 7 9 5]
 [8 7 9 4 0 6 1 0 3]
 [1 0 0 2 5 7 8 6 0]
 [7 4 2 6 3 5 9 8 1]
 [0 9 5 7 0 2 6 0 4]
 [6 0 1 9 4 8 3 2 7]]
Number of cells unfilled: 16
Accuracy: 80.24691358024691
Sample: 22677
Question:
[[0 0 6 8 0 0 0 0 9]
 [0 0 0 0 0 6 0 4 0]
 [3 0 0 0 5 0 2 0 0]
 [0 3 0 0 0 0 1 0 0]
 [1 0 0 0 0 8 0 9 2]
 [0 2 0 0 1 0 0 5 0]
 [0 7 0 4 0 0 0 2 0]
 [8 0 0 0 2 7 9 0 0]
 [0 0 0 0 0 5 0 0 7]]
Solution:
[[7 5 8 0 6 9 4 3 2]
 [0 6 3 0 2 4 5 1 9]
 [4 0 0 1 0 3 8 7 6]
 [3 2 4 8 1 0 7 9 5]
 [8 7 9 4 0 6 1 0 3]
 [1 0 0 2 5 7 0 6 8]
 [0 4 2 6 3 5 9 8 1]
 [0 9 5 7 0 2 6 0 4]
 [6 0 1 9 4 8 3 2 7]]
Number of cells unfilled: 17
Accuracy: 79.01234567901234
Sample: 22678
Question:
[[8 0 0 9 0 0 0 0 1]
 [0 0 2 3 0 8 0 0 0]
 [0 6 0 0 5 0 0 0 0]
 [0 0 5 0 9 0 0 7 8]
 [0 7 0 0 0 3 0 9 0]
 [9 0 0 7 0 0 1 0 0]
 [0 0 0 0 3 0 4 0 9]
 [0 2 0 0 0 0 0 0 6]
 [4 0 0 6 0 0 0 1 0]]
Solution:
[[7 5 8 0 6 2 4 3 0]
 [2 6 3 5 7 4 8 1 9]
 [4 0 0 1 9 3 2 7 6]
 [3 2 4 8 1 0 7 9 5]
 [8 7 9 4 0 6 1 0 3]
 [1 0 0 2 5 9 0 6 8]
 [0 4 2 6 3 5 9 0 1]
 [0 9 5 7 2 1 6 8 4]
 [6 0 1 9 4 8 3 2 7]]
Number of cells unfilled: 14
Accuracy: 82.71604938271605
Sample: 22679
Question:
[[0 0 4 7 0 9 0 3 0]
 [7 0 0 0 0 0 0 0 6]
 [9 3 0 0 5 0 0 0 0]
 [0 7 0 9 0 4 0 1 0]
 [0 0 0 0 8 7 0 0 0]
 [4 0 0 0 0 5 0 0 8]
 [0 0 1 0 0 0 2 0 0]
 [3 0 0 8 0 1 0 4 0]
 [0 0 0 0 9 0 0 0 0]]
Solution:
[[9 5 8 0 6 0 4 3 0]
 [0 6 3 5 7 4 2 1 9]
 [4 0 0 1 9 3 5 7 8]
 [3 2 4 8 1 0 7 9 5]
 [8 7 9 4 0 6 1 0 3]
 [1 0 0 2 5 9 8 6 0]
 [7 8 2 6 3 5 9 0 1]
 [0 9 5 7 0 2 6 8 4]
 [6 0 1 9 4 8 3 2 7]]
Number of cells unfilled: 16
Accuracy: 80.24691358024691
Sample: 22680
Question:
[[4 0 0 0 0 3 1 0 6]
 [0 0 0 0 0 0 0 5 0]
 [0 0 0 1 7 0 0 0 9]
 [0 0 0 0 0 0 0 4 0]
 [1 0 9 0 0 2 8 0 0]
 [5 0 4 0 0 1 0 0 0]
 [0 0 0 0 0 5 2 0 0]
 [9 0 0 0 6 0 4 0 0]
 [3 5 2 0 0 0 0 0 8]]
Solution:
[[9 5 8 0 6 2 4 3 0]
 [2 6 3 5 7 4 8 1 9]
 [4 0 0 1 9 3 5 7 2]
 [3 2 4 8 1 9 7 0 5]
 [8 7 9 4 0 6 1 0 3]
 [1 0 0 2 5 7 0 6 8]
 [7 8 2 6 3 5 9 0 1]
 [0 9 5 7 2 1 6 8 4]
 [6 0 1 9 4 8 3 2 7]]
Number of cells unfilled: 13
Accuracy: 83.9506172839506
Sample: 22681
Question:
[[0 3 0 4 0 0 0 1 0]
 [7 0 0 0 3 0 0 0 5]
 [0 0 8 0 0 0 9 0 0]
 [0 6 0 1 0 0 0 2 0]
 [0 0 9 0 0 0 8 0 0]
 [0 0 0 0 0 5 0 0 7]
 [0 0 0 0 1 0 0 6 0]
 [0 1 0 0 2 4 0 0 0]
 [0 0 3 6 0 0 0 0 0]]
Solution:
[[0 5 8 0 6 9 4 3 2]
 [7 6 3 5 2 4 8 1 9]
 [4 0 0 1 8 3 5 7 6]
 [3 2 4 8 1 0 7 9 5]
 [8 7 9 4 0 6 1 0 3]
 [1 0 0 2 5 7 0 6 8]
 [0 4 2 6 3 5 9 0 1]
 [0 9 5 7 0 2 6 8 4]
 [6 0 1 9 4 8 3 2 7]]
Number of cells unfilled: 15
Accuracy: 81.48148148148148
Sample: 22682
Question:
[[0 3 0 0 0 0 0 0 0]
 [0 0 1 9 0 7 0 3 0]
 [0 0 8 5 2 0 0 0 0]
 [0 0 0 0 0 5 6 0 8]
 [0 0 0 3 0 0 0 9 4]
 [2 0 9 8 0 6 1 0 0]
 [0 0 0 7 0 0 0 0 0]
 [3 0 0 0 5 0 4 0 0]
 [0 5 0 0 0 0 9 8 0]]
Solution:
[[0 5 8 0 6 9 4 3 2]
 [7 6 3 5 2 4 8 1 9]
 [4 0 0 1 8 3 5 7 6]
 [3 2 4 8 1 0 7 9 5]
 [8 7 9 4 0 6 1 0 3]
 [1 0 0 2 5 7 0 6 8]
 [0 4 2 6 3 5 9 0 1]
 [0 9 5 7 0 2 6 8 4]
 [6 0 1 9 4 8 3 2 7]]
Number of cells unfilled: 15
Accuracy: 81.48148148148148
Sample: 22683
Question:
[[0 7 0 2 0 0 9 0 0]
 [0 0 0 0 0 1 0 5 0]
 [0 0 0 0 6 0 0 0 8]
 [7 1 0 3 0 0 0 0 0]
 [6 0 3 0 4 0 0 0 9]
 [0 4 9 0 0 0 3 0 0]
 [0 0 7 4 0 0 2 0 0]
 [0 0 0 0 5 0 0 6 0]
 [0 0 0 0 0 8 0 0 1]]
Solution:
[[7 5 8 0 6 0 4 3 0]
 [2 6 3 0 7 4 5 1 9]
 [4 0 0 1 9 3 8 7 2]
 [3 2 4 8 1 9 7 0 5]
 [8 7 9 4 0 6 1 0 3]
 [1 0 0 2 5 7 0 6 8]
 [0 4 2 6 3 5 9 0 1]
 [0 9 5 7 0 2 6 8 4]
 [6 0 1 9 4 8 3 2 7]]
Number of cells unfilled: 17
Accuracy: 79.01234567901234
Sample: 22684
Question:
[[0 0 8 9 0 0 0 0 5]
 [9 2 0 0 8 0 0 1 0]
 [7 6 0 0 0 0 0 0 0]
 [0 0 0 0 5 0 0 0 9]
 [1 0 0 7 0 0 0 4 2]
 [0 4 0 0 1 0 5 0 0]
 [0 0 0 0 0 5 2 0 0]
 [0 0 0 6 3 0 0 0 8]
 [0 3 0 0 7 0 9 6 0]]
Solution:
[[9 5 8 0 6 0 4 3 0]
 [0 6 3 5 7 4 2 1 9]
 [4 0 0 1 9 3 8 7 6]
 [3 2 4 8 1 0 7 9 5]
 [8 7 9 4 0 6 1 0 3]
 [1 0 0 2 5 9 0 6 8]
 [7 4 2 6 3 5 9 8 1]
 [0 9 5 7 0 2 6 0 4]
 [6 0 1 9 4 8 3 2 7]]
Number of cells unfilled: 16
Accuracy: 80.24691358024691
Sample: 22685
Question:
[[2 9 0 3 0 7 0 4 0]
 [0 0 0 0 8 0 0 0 0]
 [0 4 0 0 5 0 1 0 0]
 [0 0 0 5 0 0 0 1 3]
 [0 5 1 0 0 0 2 6 0]
 [8 0 2 0 0 3 0 0 4]
 [0 0 0 8 0 0 0 0 0]
 [7 0 6 4 0 2 0 0 0]
 [0 0 4 0 0 0 0 7 0]]
Solution:
[[9 5 8 0 6 7 4 3 2]
 [2 6 3 0 8 4 5 1 9]
 [4 0 0 1 9 3 8 7 6]
 [3 2 4 8 1 0 7 9 5]
 [8 7 9 4 0 6 1 0 3]
 [1 0 0 2 5 9 0 6 8]
 [7 4 2 6 3 5 9 0 1]
 [0 9 5 7 2 1 6 8 4]
 [6 0 1 9 4 8 3 2 7]]
Number of cells unfilled: 13
Accuracy: 83.9506172839506
Sample: 22686
Question:
[[0 0 0 0 0 0 3 1 0]
 [0 6 7 0 0 0 0 0 5]
 [4 0 0 0 5 0 0 0 6]
 [0 0 0 5 4 0 6 0 0]
 [0 3 0 2 9 0 0 0 0]
 [5 0 0 0 0 8 0 0 2]
 [0 0 1 0 8 0 0 7 0]
 [2 0 0 9 0 0 0 0 8]
 [0 8 0 0 0 0 0 6 0]]
Solution:
[[9 5 8 0 6 7 4 3 0]
 [7 6 3 5 8 4 2 1 9]
 [4 0 0 1 2 3 8 7 6]
 [3 2 4 8 1 0 7 9 5]
 [8 7 9 4 0 6 1 0 3]
 [1 0 0 2 5 9 0 6 8]
 [0 4 2 6 3 5 9 8 1]
 [0 9 5 7 0 2 6 0 4]
 [6 0 1 9 4 8 3 2 7]]
Number of cells unfilled: 15
Accuracy: 81.48148148148148
Sample: 22687
Question:
[[0 0 0 0 0 1 0 0 0]
 [0 0 0 4 0 0 0 0 0]
 [0 5 6 2 0 7 0 3 0]
 [0 0 1 5 0 0 9 0 0]
 [0 2 7 0 0 0 0 6 0]
 [9 0 0 0 0 0 0 0 7]
 [2 0 0 0 0 0 0 0 0]
 [0 4 0 1 9 0 0 8 2]
 [0 6 3 0 0 0 5 0 4]]
Solution:
[[9 5 8 0 6 7 4 3 0]
 [0 6 3 0 2 4 5 1 9]
 [4 0 0 1 9 3 2 7 6]
 [3 2 4 8 1 0 7 9 5]
 [8 7 9 4 0 6 1 0 3]
 [1 0 0 2 5 9 8 6 0]
 [7 4 2 6 3 5 9 8 1]
 [0 9 5 7 0 2 6 0 4]
 [6 0 1 9 4 8 3 2 7]]
Number of cells unfilled: 16
Accuracy: 80.24691358024691
Sample: 22688
Question:
[[0 0 0 0 0 0 3 8 0]
 [0 0 0 1 0 9 0 0 0]
 [0 0 0 0 0 0 0 5 0]
 [2 0 0 0 0 0 0 0 0]
 [0 0 0 8 3 0 0 0 0]
 [9 7 0 0 0 0 0 0 6]
 [0 0 5 0 0 0 0 0 1]
 [0 6 0 0 0 7 0 0 4]
 [0 0 0 0 8 0 0 0 0]]
Solution:
[[7 5 8 0 6 2 4 3 0]
 [2 6 3 5 7 4 8 1 9]
 [4 0 0 1 9 3 2 7 6]
 [3 2 4 8 1 9 7 0 5]
 [8 7 9 4 0 6 1 0 3]
 [1 0 0 2 5 7 0 6 8]
 [0 4 2 6 3 5 9 0 1]
 [0 9 5 7 2 1 6 8 4]
 [6 0 1 9 4 8 3 2 7]]
Number of cells unfilled: 14
Accuracy: 82.71604938271605
Sample: 22689
Question:
[[0 0 0 0 1 8 0 0 0]
 [0 0 2 9 0 4 8 0 0]
 [8 9 0 0 0 0 0 0 0]
 [6 0 0 3 0 2 0 0 1]
 [0 0 0 4 0 0 2 0 0]
 [0 4 0 0 8 0 0 6 0]
 [0 5 4 0 0 7 0 0 8]
 [0 0 0 0 0 0 0 9 7]
 [0 8 1 0 0 9 5 0 0]]
Solution:
[[9 5 8 0 6 7 4 3 2]
 [7 6 3 5 0 4 8 1 9]
 [4 0 0 1 8 3 5 7 6]
 [3 2 4 8 1 0 7 9 5]
 [8 7 9 4 0 6 1 0 3]
 [1 0 0 2 5 9 0 6 8]
 [0 4 2 6 3 5 9 8 1]
 [0 9 5 7 2 1 6 0 4]
 [6 0 1 9 4 8 3 2 7]]
Number of cells unfilled: 14
Accuracy: 82.71604938271605
Sample: 22690
Question:
[[0 1 0 0 7 0 0 8 0]
 [0 0 0 0 0 0 5 0 0]
 [9 0 0 6 0 0 0 1 0]
 [3 4 0 0 8 0 0 5 0]
 [0 8 0 0 2 0 0 7 0]
 [0 0 5 0 0 3 0 0 8]
 [0 0 0 0 1 0 0 0 0]
 [0 0 1 2 0 7 0 4 0]
 [0 2 0 8 0 4 0 0 0]]
Solution:
[[2 5 8 0 6 9 4 3 0]
 [0 6 3 5 7 4 2 1 9]
 [4 0 0 1 2 3 5 7 8]
 [3 2 4 8 1 0 7 9 5]
 [8 7 9 4 0 6 1 0 3]
 [1 0 0 2 5 7 8 6 0]
 [7 4 2 6 3 5 9 8 1]
 [0 9 5 7 0 1 6 0 4]
 [6 0 1 9 4 8 3 2 7]]
Number of cells unfilled: 15
Accuracy: 81.48148148148148
Sample: 22691
Question:
[[0 7 9 0 0 0 6 0 0]
 [0 4 5 0 1 0 0 0 0]
 [3 0 0 9 0 7 0 0 5]
 [0 9 0 7 0 4 0 0 3]
 [4 0 0 0 0 1 2 0 0]
 [0 0 3 0 8 0 0 0 0]
 [0 0 0 1 7 0 0 0 0]
 [0 0 4 5 0 8 0 0 7]
 [0 0 0 0 0 0 0 8 0]]
Solution:
[[7 5 8 0 6 0 4 3 2]
 [2 6 3 5 7 4 8 1 9]
 [4 0 0 1 9 3 5 7 6]
 [3 2 4 8 1 0 7 9 5]
 [8 7 9 4 0 6 1 0 3]
 [1 0 0 2 5 7 0 6 8]
 [0 4 2 6 3 5 9 8 1]
 [0 9 5 7 2 1 6 0 4]
 [6 0 1 9 4 8 3 2 7]]
Number of cells unfilled: 14
Accuracy: 82.71604938271605
Sample: 22692
Question:
[[2 0 0 8 0 0 0 0 0]
 [0 6 0 0 4 0 8 3 0]
 [0 8 4 0 9 0 6 0 0]
 [0 0 3 0 0 0 0 0 5]
 [0 0 7 4 0 5 0 0 0]
 [4 5 0 0 1 0 9 0 0]
 [0 0 0 1 0 0 0 8 6]
 [0 0 0 0 0 4 1 0 0]
 [0 0 0 0 8 0 0 9 0]]
Solution:
[[9 5 8 0 6 2 4 3 0]
 [2 6 3 5 7 4 8 1 9]
 [4 0 0 1 8 3 5 7 2]
 [3 2 4 8 1 0 7 9 5]
 [8 7 9 4 0 6 1 0 3]
 [1 0 0 2 5 7 0 6 8]
 [7 4 2 6 3 5 9 8 1]
 [0 9 5 7 2 1 6 0 4]
 [6 0 1 9 4 8 3 2 7]]
Number of cells unfilled: 13
Accuracy: 83.9506172839506
Sample: 22693
Question:
[[0 8 0 0 0 6 0 5 0]
 [0 0 5 0 4 0 0 6 3]
 [0 0 0 0 0 0 2 0 0]
 [0 0 0 0 5 0 0 0 0]
 [0 0 0 0 3 7 1 0 0]
 [0 0 4 6 0 0 0 3 5]
 [0 0 7 0 0 3 0 1 6]
 [0 1 0 4 0 0 5 0 0]
 [9 0 0 0 0 0 0 0 0]]
Solution:
[[2 5 8 0 6 7 4 3 0]
 [7 6 3 5 2 4 8 1 9]
 [4 0 0 1 8 3 5 7 2]
 [3 2 4 8 1 0 7 9 5]
 [8 7 9 4 0 6 1 0 3]
 [1 0 0 2 5 9 0 6 8]
 [0 4 2 6 3 5 9 8 1]
 [0 9 5 7 0 2 6 0 4]
 [6 0 1 9 4 8 3 2 7]]
Number of cells unfilled: 15
Accuracy: 81.48148148148148
Sample: 22694
Question:
[[2 0 0 0 6 0 1 9 0]
 [0 0 0 5 0 0 0 0 0]
 [0 0 3 0 0 9 0 0 7]
 [1 0 0 0 0 8 0 0 0]
 [0 3 0 0 7 0 2 1 0]
 [0 0 0 0 0 0 0 0 4]
 [0 7 0 0 0 0 0 0 0]
 [0 0 1 0 3 0 7 2 0]
 [6 2 0 0 0 0 0 3 9]]
Solution:
[[2 5 8 0 6 7 4 3 0]
 [7 6 3 5 8 4 2 1 9]
 [4 0 0 1 2 3 5 7 8]
 [3 2 4 8 1 0 7 9 5]
 [8 7 9 4 0 6 1 0 3]
 [1 0 0 2 5 9 8 6 0]
 [0 4 2 6 3 5 9 8 1]
 [0 9 5 7 0 2 6 0 4]
 [6 0 1 9 4 8 3 2 7]]
Number of cells unfilled: 15
Accuracy: 81.48148148148148
Sample: 22695
Question:
[[0 9 0 0 2 1 6 7 0]
 [0 3 0 0 0 9 0 0 0]
 [0 0 0 0 0 0 1 0 0]
 [0 7 0 0 6 0 3 5 0]
 [0 0 0 0 5 0 0 1 0]
 [2 0 0 0 0 8 0 0 9]
 [0 0 0 0 0 0 2 0 5]
 [0 4 0 0 0 0 0 3 0]
 [3 0 9 1 8 0 0 0 0]]
Solution:
[[9 5 8 0 6 7 4 3 2]
 [7 6 3 5 2 4 8 1 9]
 [4 0 0 1 9 3 5 7 6]
 [3 2 4 8 1 0 7 9 5]
 [8 7 9 4 0 6 1 0 3]
 [1 0 0 2 5 9 0 6 8]
 [0 8 2 6 3 5 9 0 1]
 [0 9 5 7 0 2 6 8 4]
 [6 0 1 9 4 8 3 2 7]]
Number of cells unfilled: 14
Accuracy: 82.71604938271605
Sample: 22696
Question:
[[0 8 2 9 7 0 0 0 0]
 [0 0 0 1 0 0 0 9 0]
 [0 0 7 0 0 3 0 0 8]
 [0 0 0 5 0 6 3 0 0]
 [0 0 0 0 0 2 1 0 5]
 [6 0 0 0 4 8 0 0 0]
 [0 0 0 8 0 0 0 0 0]
 [0 0 3 0 0 0 0 2 6]
 [0 7 6 0 0 0 8 0 0]]
Solution:
[[9 5 8 0 6 0 4 3 0]
 [0 6 3 5 7 4 2 1 9]
 [4 0 0 1 9 3 5 7 8]
 [3 2 4 8 1 9 7 0 5]
 [8 7 9 4 0 6 1 0 3]
 [1 0 0 2 5 7 8 6 0]
 [7 8 2 6 3 5 9 0 1]
 [0 9 5 7 0 2 6 8 4]
 [6 0 1 9 4 8 3 2 7]]
Number of cells unfilled: 16
Accuracy: 80.24691358024691
Sample: 22697
Question:
[[4 0 0 0 0 5 2 0 0]
 [1 0 0 6 0 0 0 7 0]
 [0 9 0 0 4 0 0 0 0]
 [0 0 9 0 0 0 0 0 0]
 [0 6 0 5 0 0 8 3 0]
 [5 0 0 0 8 0 0 0 1]
 [9 0 0 7 0 0 0 8 0]
 [0 4 0 0 5 0 0 0 3]
 [0 0 0 0 0 2 6 0 0]]
Solution:
[[0 5 8 0 6 9 4 3 2]
 [0 6 3 0 2 4 5 1 9]
 [4 0 0 1 0 3 8 7 6]
 [3 2 4 8 1 0 7 9 5]
 [8 7 9 4 0 6 1 0 3]
 [1 0 0 2 5 7 0 6 8]
 [7 4 2 6 3 5 9 8 1]
 [0 9 5 7 0 2 6 0 4]
 [6 0 1 9 4 8 3 2 7]]
Number of cells unfilled: 17
Accuracy: 79.01234567901234
Sample: 22698
Question:
[[0 0 5 0 1 0 0 0 0]
 [7 0 0 9 0 0 0 0 0]
 [0 2 0 0 5 0 0 6 7]
 [0 0 0 0 0 4 5 0 8]
 [8 0 0 0 0 3 4 7 0]
 [0 0 0 7 0 0 0 0 2]
 [0 4 0 0 0 1 0 2 0]
 [0 0 0 0 9 0 1 0 5]
 [0 0 6 2 0 0 0 0 0]]
Solution:
[[9 5 8 0 6 2 4 3 0]
 [0 6 3 5 7 4 2 1 9]
 [4 0 0 1 9 3 5 7 8]
 [3 2 4 8 1 0 7 9 5]
 [8 7 9 4 0 6 1 0 3]
 [1 0 0 2 5 7 8 6 0]
 [7 8 2 6 3 5 9 0 1]
 [0 9 5 7 2 1 6 8 4]
 [6 0 1 9 4 8 3 2 7]]
Number of cells unfilled: 14
Accuracy: 82.71604938271605
Sample: 22699
Question:
[[0 0 1 0 0 0 0 0 0]
 [0 8 0 0 0 4 0 2 0]
 [5 0 0 0 9 0 0 0 4]
 [0 0 0 5 0 0 0 9 7]
 [0 0 7 0 3 0 0 0 8]
 [0 9 0 0 0 8 2 0 0]
 [0 6 0 0 0 7 0 0 2]
 [0 0 0 0 1 0 0 7 0]
 [0 0 4 3 2 0 6 0 0]]
Solution:
[[9 5 8 0 6 2 4 3 0]
 [0 6 3 5 7 4 2 1 9]
 [4 0 0 1 9 3 5 7 6]
 [3 2 4 8 1 9 7 0 5]
 [8 7 9 4 0 6 1 0 3]
 [1 0 0 2 5 7 8 6 0]
 [7 8 2 6 3 5 9 0 1]
 [0 9 5 7 2 1 6 8 4]
 [6 0 1 9 4 8 3 2 7]]
Number of cells unfilled: 14
Accuracy: 82.71604938271605
Sample: 22700
Question:
[[0 0 0 0 6 0 4 0 0]
 [0 6 0 0 0 4 0 1 9]
 [0 0 0 1 0 0 0 7 0]
 [3 0 4 0 0 0 0 0 5]
 [0 7 0 4 0 0 1 0 0]
 [0 0 0 0 5 0 0 0 0]
 [0 0 2 0 3 0 9 0 0]
 [0 9 0 7 0 0 6 0 0]
 [0 0 0 0 0 8 0 2 0]]
Solution:
[[9 5 8 0 6 2 4 3 0]
 [0 6 3 5 7 4 2 1 9]
 [4 0 0 1 9 3 5 7 8]
 [3 2 4 8 1 0 7 9 5]
 [8 7 9 4 0 6 1 0 3]
 [1 0 0 2 5 7 8 6 0]
 [7 8 2 6 3 5 9 0 1]
 [0 9 5 7 2 1 6 8 4]
 [6 0 1 9 4 8 3 2 7]]
Number of cells unfilled: 14
Accuracy: 82.71604938271605
