2025-10-22 14:11:57.129363: I tensorflow/core/util/port.cc:153] oneDNN custom operations are on. You may see slightly different numerical results due to floating-point round-off errors from different computation orders. To turn them off, set the environment variable `TF_ENABLE_ONEDNN_OPTS=0`.
2025-10-22 14:11:57.429370: I tensorflow/core/platform/cpu_feature_guard.cc:210] This TensorFlow binary is optimized to use available CPU instructions in performance-critical operations.
To enable the following instructions: AVX2 AVX512F AVX512_VNNI FMA, in other operations, rebuild TensorFlow with the appropriate compiler flags.
2025-10-22 14:12:02.527472: I tensorflow/core/util/port.cc:153] oneDNN custom operations are on. You may see slightly different numerical results due to floating-point round-off errors from different computation orders. To turn them off, set the environment variable `TF_ENABLE_ONEDNN_OPTS=0`.
2025-10-22 14:12:08.875118: E external/local_xla/xla/stream_executor/cuda/cuda_platform.cc:51] failed call to cuInit: INTERNAL: CUDA error: Failed call to cuInit: UNKNOWN ERROR (303)
Sample: 23001
Question:
[[0 0 5 0 0 7 6 9 0]
 [0 0 0 0 8 0 0 0 7]
 [0 7 0 6 0 0 3 0 0]
 [2 0 0 7 0 0 0 1 0]
 [0 0 0 9 0 0 4 0 0]
 [0 9 0 0 0 8 0 0 3]
 [1 0 0 8 0 0 0 0 0]
 [0 8 3 0 0 6 0 0 5]
 [0 0 2 0 4 0 0 0 0]]
Solution:
[[7 5 8 1 6 0 4 3 2]
 [9 2 3 0 4 8 0 1 5]
 [0 4 1 9 2 3 6 0 7]
 [4 1 7 3 9 6 2 8 0]
 [2 8 6 7 0 1 3 5 9]
 [5 3 9 2 8 0 1 7 6]
 [8 7 2 0 1 9 5 6 3]
 [3 9 5 6 0 2 7 0 4]
 [1 6 0 0 5 4 9 2 8]]
Number of cells unfilled: 13
Accuracy: 83.9506172839506
Sample: 23002
Question:
[[0 0 7 1 0 0 0 0 6]
 [0 0 0 0 0 0 9 0 0]
 [0 9 0 0 0 0 0 3 0]
 [0 0 0 7 0 0 0 0 8]
 [8 0 6 0 4 0 0 0 7]
 [0 0 0 0 0 2 3 0 0]
 [0 5 0 0 0 9 0 0 0]
 [4 0 1 6 0 0 0 0 0]
 [7 0 0 4 0 0 0 0 0]]
Solution:
[[0 5 8 1 6 2 4 3 0]
 [9 7 3 5 4 8 0 1 2]
 [0 2 1 9 0 3 6 5 7]
 [4 1 7 3 9 6 2 8 5]
 [2 8 6 7 5 1 3 4 9]
 [5 3 9 2 8 0 1 7 6]
 [8 4 2 0 1 7 5 6 3]
 [3 9 5 6 2 0 8 0 4]
 [7 6 0 8 3 4 9 2 1]]
Number of cells unfilled: 10
Accuracy: 87.65432098765432
Sample: 23003
Question:
[[8 0 0 0 6 0 0 0 9]
 [0 0 0 8 0 0 4 1 0]
 [0 4 0 0 0 9 0 0 0]
 [2 0 0 0 7 0 0 0 0]
 [0 0 0 0 0 0 0 3 0]
 [0 6 0 1 9 0 0 0 2]
 [0 9 2 6 8 0 0 0 1]
 [0 8 0 9 0 0 0 0 4]
 [5 0 0 0 0 0 0 0 0]]
Solution:
[[7 5 8 1 6 0 4 3 2]
 [9 2 3 5 4 8 0 1 0]
 [0 4 1 9 2 3 6 5 7]
 [4 1 7 3 9 6 2 8 5]
 [2 8 6 7 5 1 3 4 9]
 [5 3 9 2 8 0 1 7 6]
 [8 7 2 0 1 9 5 6 3]
 [3 9 5 6 7 2 8 0 4]
 [0 6 0 8 3 4 9 2 1]]
Number of cells unfilled: 9
Accuracy: 88.88888888888889
Sample: 23004
Question:
[[9 0 8 4 0 0 6 0 0]
 [0 4 0 0 0 6 0 0 2]
 [0 0 0 0 8 0 0 0 0]
 [0 8 0 0 6 0 9 0 0]
 [3 0 0 0 0 0 0 0 0]
 [0 0 0 0 0 1 0 7 0]
 [0 6 5 0 2 3 4 0 0]
 [0 0 0 0 0 0 0 5 0]
 [0 9 0 0 4 0 2 0 0]]
Solution:
[[0 5 8 1 6 7 4 3 0]
 [9 7 3 5 4 8 0 1 2]
 [0 4 1 9 2 3 6 5 7]
 [4 1 7 3 9 6 2 8 5]
 [2 8 6 7 5 1 3 4 9]
 [5 3 9 2 8 0 1 7 6]
 [8 0 2 0 1 9 5 6 3]
 [3 9 5 6 7 2 8 0 4]
 [7 6 0 8 3 4 9 2 1]]
Number of cells unfilled: 9
Accuracy: 88.88888888888889
Sample: 23005
Question:
[[0 0 0 0 5 0 4 0 0]
 [3 4 7 0 2 0 0 0 0]
 [0 0 0 0 8 0 7 0 0]
 [8 0 0 0 6 0 0 0 4]
 [0 2 0 0 0 5 0 0 3]
 [4 0 0 0 9 0 0 1 2]
 [0 0 0 0 0 0 0 0 6]
 [5 0 0 0 4 9 0 0 0]
 [0 3 0 0 0 0 1 0 0]]
Solution:
[[7 5 8 1 6 0 4 3 2]
 [9 2 3 5 4 8 0 1 0]
 [0 4 1 9 2 3 6 5 7]
 [4 1 7 3 9 6 2 8 5]
 [2 8 6 7 5 1 3 4 9]
 [5 3 9 2 8 0 1 7 6]
 [8 7 2 0 1 9 5 6 3]
 [3 9 5 6 0 2 7 0 4]
 [0 6 0 8 3 4 9 2 1]]
Number of cells unfilled: 10
Accuracy: 87.65432098765432
Sample: 23006
Question:
[[0 0 6 0 9 0 1 0 8]
 [0 0 8 0 0 0 0 9 0]
 [0 9 0 0 0 8 5 0 6]
 [0 8 0 0 1 0 0 6 0]
 [0 0 0 4 0 7 0 0 0]
 [0 0 4 0 0 0 7 0 0]
 [0 1 9 0 6 0 0 5 0]
 [0 0 0 2 0 0 0 0 3]
 [3 0 2 0 0 0 6 0 0]]
Solution:
[[0 5 8 1 6 7 4 3 0]
 [9 7 3 5 4 8 0 1 2]
 [0 2 1 9 0 3 6 0 7]
 [4 1 7 3 5 6 2 8 0]
 [2 8 6 7 0 1 3 5 9]
 [5 3 9 2 8 0 1 7 6]
 [7 4 2 8 1 9 5 6 3]
 [3 9 5 6 7 2 8 0 4]
 [1 6 0 0 3 4 9 2 0]]
Number of cells unfilled: 13
Accuracy: 83.9506172839506
Sample: 23007
Question:
[[0 4 0 2 6 0 0 0 7]
 [0 0 0 0 0 4 0 0 0]
 [0 0 6 3 7 0 4 0 0]
 [0 0 0 5 0 0 0 0 1]
 [1 0 5 0 0 0 0 0 0]
 [0 2 0 0 0 7 6 0 0]
 [0 7 8 0 0 3 2 0 4]
 [0 0 0 7 0 0 0 8 9]
 [9 0 0 0 8 0 0 0 0]]
Solution:
[[0 5 8 1 6 7 4 3 0]
 [9 7 3 5 4 8 0 1 2]
 [0 2 1 9 0 3 6 5 7]
 [4 1 7 3 9 6 2 8 5]
 [2 8 6 7 5 1 3 4 9]
 [5 3 9 2 8 0 1 7 6]
 [7 4 2 8 1 9 5 6 3]
 [3 9 5 6 7 2 8 0 4]
 [8 6 0 0 3 4 9 2 1]]
Number of cells unfilled: 9
Accuracy: 88.88888888888889
Sample: 23008
Question:
[[0 0 0 0 9 0 0 0 0]
 [9 0 6 0 0 4 3 0 0]
 [0 7 0 8 0 0 0 0 0]
 [5 0 3 0 0 7 6 0 0]
 [0 9 0 0 0 0 0 0 2]
 [0 0 0 0 0 0 0 1 0]
 [0 0 0 7 6 0 4 0 0]
 [6 0 0 4 0 0 0 3 5]
 [4 0 0 0 0 5 0 0 0]]
Solution:
[[0 5 8 1 6 7 4 3 0]
 [9 7 3 5 4 8 0 1 2]
 [0 2 1 9 0 3 6 5 7]
 [4 1 7 3 9 6 2 8 5]
 [2 8 6 7 5 1 3 4 9]
 [5 3 9 2 8 0 1 7 6]
 [8 4 2 0 1 9 5 6 3]
 [3 9 5 6 0 2 7 0 4]
 [7 6 0 8 3 4 9 2 1]]
Number of cells unfilled: 10
Accuracy: 87.65432098765432
Sample: 23009
Question:
[[2 0 0 9 1 0 6 0 0]
 [0 0 9 0 0 0 0 0 0]
 [0 8 0 0 0 0 0 1 0]
 [5 0 0 2 0 0 0 0 0]
 [0 4 1 0 0 0 2 0 0]
 [0 2 0 0 4 0 0 5 6]
 [4 0 0 5 6 0 1 0 0]
 [0 0 0 0 0 1 0 0 3]
 [0 0 0 0 0 9 0 7 0]]
Solution:
[[0 5 8 1 6 2 4 3 0]
 [9 7 3 5 4 8 0 1 2]
 [0 2 1 9 0 3 6 0 7]
 [4 1 7 3 9 6 2 8 0]
 [2 8 6 7 0 1 3 5 9]
 [5 3 9 2 8 0 1 7 6]
 [7 4 2 8 1 9 5 6 3]
 [3 9 5 6 2 7 8 0 4]
 [8 6 0 0 5 4 9 2 1]]
Number of cells unfilled: 12
Accuracy: 85.18518518518519
Sample: 23010
Question:
[[0 0 0 0 0 0 0 7 8]
 [0 8 1 0 0 3 0 4 0]
 [0 9 0 0 0 8 0 5 1]
 [0 0 0 0 3 1 0 0 0]
 [7 0 0 0 2 5 0 8 0]
 [0 1 0 0 4 0 0 2 6]
 [6 0 8 0 0 0 0 0 0]
 [0 7 2 0 9 0 0 0 0]
 [0 0 0 0 0 0 0 1 7]]
Solution:
[[7 5 8 1 6 0 4 3 2]
 [9 2 3 5 4 8 0 1 0]
 [0 4 1 9 2 3 6 5 7]
 [4 1 7 3 9 6 2 8 5]
 [2 8 6 7 5 1 3 4 9]
 [5 3 9 2 8 0 1 7 6]
 [8 7 2 0 1 9 5 6 3]
 [3 9 5 6 7 2 8 0 4]
 [1 6 0 8 3 4 9 2 0]]
Number of cells unfilled: 9
Accuracy: 88.88888888888889
Sample: 23011
Question:
[[0 6 0 0 0 1 4 0 8]
 [8 0 0 0 9 0 7 0 0]
 [0 0 0 0 0 7 0 3 6]
 [5 0 2 0 0 9 0 0 0]
 [0 0 0 0 0 3 0 0 0]
 [0 0 0 4 5 0 2 0 0]
 [0 0 0 9 1 0 0 7 0]
 [0 0 6 0 3 0 8 0 0]
 [1 9 0 0 4 0 3 0 0]]
Solution:
[[7 5 8 1 6 0 4 3 2]
 [9 2 3 5 4 8 0 1 0]
 [0 4 1 9 2 3 6 5 7]
 [4 1 7 3 9 6 2 8 5]
 [2 8 6 7 5 1 3 4 9]
 [5 3 9 2 8 0 1 7 6]
 [8 7 2 0 1 9 5 6 3]
 [3 9 5 6 7 2 8 0 4]
 [0 6 0 8 3 4 9 2 1]]
Number of cells unfilled: 9
Accuracy: 88.88888888888889
Sample: 23012
Question:
[[0 0 7 5 0 4 1 3 0]
 [0 0 0 0 0 6 0 0 0]
 [5 0 0 0 9 0 0 2 0]
 [0 9 0 0 0 0 8 4 0]
 [8 0 0 0 0 7 0 0 0]
 [7 0 0 0 0 5 6 0 1]
 [0 0 4 0 8 0 0 0 3]
 [9 0 0 0 0 0 0 8 0]
 [3 0 0 0 0 0 0 0 0]]
Solution:
[[0 5 8 1 6 7 4 3 0]
 [9 7 3 5 4 8 0 1 2]
 [0 4 1 9 2 3 6 5 7]
 [4 1 7 3 9 6 2 8 5]
 [2 8 6 7 5 1 3 4 9]
 [5 3 9 2 8 0 1 7 6]
 [7 0 2 8 1 9 5 6 3]
 [3 9 5 6 0 2 7 0 4]
 [1 6 0 0 3 4 9 2 8]]
Number of cells unfilled: 10
Accuracy: 87.65432098765432
Sample: 23013
Question:
[[0 0 6 1 0 0 0 0 0]
 [0 8 0 0 4 0 0 0 5]
 [7 0 0 0 9 0 0 2 0]
 [0 0 1 0 0 0 6 0 0]
 [0 3 0 0 0 5 0 8 0]
 [4 0 0 0 7 0 0 0 3]
 [0 0 0 3 0 0 5 7 0]
 [0 9 0 0 8 0 0 0 0]
 [3 0 0 0 0 4 0 0 8]]
Solution:
[[0 5 8 1 6 7 4 3 0]
 [9 7 3 5 4 8 0 1 2]
 [0 4 1 9 2 3 6 5 7]
 [4 1 7 3 9 6 2 8 5]
 [2 8 6 7 5 1 3 4 9]
 [5 3 9 2 8 0 1 7 6]
 [8 0 2 0 1 9 5 6 3]
 [3 9 5 6 7 2 8 0 4]
 [7 6 0 8 3 4 9 2 1]]
Number of cells unfilled: 9
Accuracy: 88.88888888888889
Sample: 23014
Question:
[[0 0 0 2 3 0 0 6 0]
 [0 0 0 0 0 5 0 0 0]
 [0 0 5 0 0 0 9 0 7]
 [9 0 6 5 0 0 0 0 2]
 [0 0 8 6 0 1 4 0 0]
 [0 3 0 0 0 0 0 1 0]
 [0 0 0 0 0 0 0 0 0]
 [6 4 2 7 0 0 0 9 0]
 [0 0 1 0 0 9 0 8 4]]
Solution:
[[0 5 8 1 6 7 4 3 0]
 [9 7 3 5 4 8 0 1 2]
 [0 4 1 9 2 3 6 5 7]
 [4 1 7 3 9 6 2 8 5]
 [2 8 6 7 5 1 3 4 9]
 [5 3 9 2 8 0 1 7 6]
 [8 0 2 0 1 9 5 6 3]
 [3 9 5 6 7 2 8 0 4]
 [7 6 0 8 3 4 9 2 1]]
Number of cells unfilled: 9
Accuracy: 88.88888888888889
Sample: 23015
Question:
[[0 0 0 6 0 0 0 4 0]
 [0 0 0 0 9 0 6 2 0]
 [0 0 0 5 2 1 0 0 0]
 [1 4 3 0 0 5 0 0 6]
 [0 0 0 0 4 0 0 0 7]
 [0 5 0 8 0 0 0 0 0]
 [0 0 2 9 0 0 0 6 0]
 [0 8 0 0 0 0 0 0 0]
 [0 0 7 0 8 6 0 0 5]]
Solution:
[[7 5 8 1 6 0 4 3 2]
 [9 2 3 5 4 8 0 1 0]
 [0 4 1 9 2 3 6 5 7]
 [4 1 7 3 9 6 2 8 5]
 [2 8 6 7 5 1 3 4 9]
 [5 3 9 2 8 0 1 7 6]
 [8 7 2 0 1 9 5 6 3]
 [3 9 5 6 7 2 8 0 4]
 [0 6 0 8 3 4 9 2 1]]
Number of cells unfilled: 9
Accuracy: 88.88888888888889
Sample: 23016
Question:
[[0 0 2 0 0 1 6 0 0]
 [0 6 0 0 9 0 0 0 0]
 [1 0 0 8 0 0 0 0 4]
 [0 1 0 0 7 0 0 9 0]
 [2 0 0 1 0 0 3 0 0]
 [0 0 6 0 0 5 0 0 1]
 [0 0 5 4 0 0 0 0 3]
 [0 3 0 0 0 0 0 7 0]
 [8 0 0 0 0 3 5 0 0]]
Solution:
[[0 5 8 1 6 7 4 3 0]
 [9 7 3 5 4 8 0 1 2]
 [0 4 1 9 2 3 6 5 7]
 [4 1 7 3 9 6 2 8 5]
 [2 8 6 7 5 1 3 4 9]
 [5 3 9 2 8 0 1 7 6]
 [8 0 2 0 1 9 5 6 3]
 [3 9 5 6 0 2 7 0 4]
 [7 6 0 0 3 4 9 2 8]]
Number of cells unfilled: 11
Accuracy: 86.41975308641975
Sample: 23017
Question:
[[0 0 0 0 5 0 0 0 0]
 [0 9 5 0 0 8 0 0 4]
 [8 0 0 0 0 4 0 7 0]
 [9 0 2 0 8 0 0 0 7]
 [5 0 0 0 4 0 0 0 8]
 [0 0 0 2 0 0 6 0 0]
 [0 0 8 0 0 0 0 1 0]
 [0 0 0 0 0 3 4 0 0]
 [4 0 0 0 7 0 0 0 9]]
Solution:
[[0 5 8 1 6 7 4 3 2]
 [9 7 3 0 4 8 0 1 5]
 [0 4 1 9 2 3 6 0 7]
 [4 1 7 3 5 6 2 8 0]
 [2 8 6 7 0 1 3 5 9]
 [5 3 9 2 8 0 1 7 6]
 [8 0 2 0 1 9 5 6 3]
 [3 9 5 6 7 2 8 0 4]
 [7 6 0 5 3 4 9 2 1]]
Number of cells unfilled: 12
Accuracy: 85.18518518518519
Sample: 23018
Question:
[[0 0 0 0 8 0 2 0 0]
 [0 0 0 6 0 0 1 0 0]
 [5 0 0 2 0 1 0 8 0]
 [0 0 3 0 0 0 0 9 0]
 [2 0 0 9 0 8 5 0 0]
 [0 0 9 0 4 0 0 0 0]
 [9 0 0 0 0 5 0 0 1]
 [8 0 0 0 6 0 0 0 0]
 [0 7 0 0 0 0 8 5 0]]
Solution:
[[7 5 8 1 6 0 4 3 2]
 [9 2 3 5 4 8 0 1 0]
 [0 4 1 9 2 3 6 5 7]
 [4 1 7 3 9 6 2 8 5]
 [2 8 6 7 5 1 3 4 9]
 [5 3 9 2 8 0 1 7 6]
 [8 7 2 0 1 9 5 6 3]
 [3 9 5 6 7 2 8 0 4]
 [0 6 0 8 3 4 9 2 1]]
Number of cells unfilled: 9
Accuracy: 88.88888888888889
Sample: 23019
Question:
[[0 0 0 0 9 0 7 0 0]
 [0 0 7 1 0 0 0 0 3]
 [0 1 0 0 0 0 0 2 0]
 [0 7 0 0 0 0 0 0 6]
 [1 6 0 7 0 0 0 5 0]
 [0 0 5 0 3 0 0 0 0]
 [0 4 1 3 0 0 0 0 5]
 [0 0 0 0 0 8 4 0 0]
 [0 0 6 5 0 0 0 0 7]]
Solution:
[[0 5 8 1 6 7 4 3 2]
 [9 7 3 0 4 8 0 1 5]
 [0 2 1 9 5 3 6 0 7]
 [4 1 7 3 9 6 2 8 0]
 [2 8 6 7 0 1 3 5 9]
 [5 3 9 2 8 0 1 7 6]
 [8 4 2 0 1 9 5 6 3]
 [3 9 5 6 7 2 8 0 4]
 [7 6 0 5 3 4 9 2 1]]
Number of cells unfilled: 11
Accuracy: 86.41975308641975
Sample: 23020
Question:
[[0 0 0 2 0 0 0 0 4]
 [0 0 0 7 0 0 0 6 0]
 [0 0 3 0 0 9 0 2 7]
 [0 0 1 0 7 0 0 9 3]
 [8 0 0 9 0 3 0 0 0]
 [0 0 0 0 0 0 6 0 0]
 [0 1 0 0 0 0 4 0 0]
 [0 0 2 3 0 0 0 1 9]
 [0 5 0 0 0 1 0 0 0]]
Solution:
[[7 5 8 1 6 0 4 3 2]
 [9 2 3 5 4 8 0 1 0]
 [0 4 1 9 2 3 6 5 7]
 [4 1 7 3 9 6 2 8 5]
 [2 8 6 7 5 1 3 4 9]
 [5 3 9 2 8 0 1 7 6]
 [8 7 2 0 1 9 5 6 3]
 [3 9 5 6 0 2 7 0 4]
 [0 6 0 8 7 4 9 2 1]]
Number of cells unfilled: 10
Accuracy: 87.65432098765432
Sample: 23021
Question:
[[0 0 2 0 5 8 0 0 4]
 [0 0 0 3 0 0 8 0 0]
 [9 0 0 0 0 0 0 5 0]
 [0 7 0 0 0 0 0 4 0]
 [0 0 0 1 0 0 0 0 0]
 [0 0 5 0 8 4 6 0 0]
 [0 0 4 0 2 6 0 8 0]
 [6 0 0 0 0 0 0 0 2]
 [0 0 0 0 1 0 0 0 6]]
Solution:
[[0 5 8 1 6 7 4 3 0]
 [9 7 3 5 4 8 0 1 2]
 [0 4 1 9 2 3 6 5 7]
 [4 1 7 3 9 6 2 8 5]
 [2 8 6 7 5 1 3 4 9]
 [5 3 9 2 8 0 1 7 6]
 [8 0 2 0 1 9 5 6 3]
 [3 9 5 6 7 2 8 0 4]
 [7 6 0 8 3 4 9 2 1]]
Number of cells unfilled: 9
Accuracy: 88.88888888888889
Sample: 23022
Question:
[[0 1 0 0 7 0 0 0 2]
 [6 0 7 0 0 0 9 0 0]
 [8 0 0 0 0 5 1 0 0]
 [5 0 0 0 1 9 6 0 0]
 [0 0 0 4 0 0 0 0 0]
 [0 0 0 0 5 0 0 3 0]
 [0 0 0 0 0 8 0 0 0]
 [0 6 8 1 0 0 5 0 0]
 [1 0 0 5 0 0 0 9 0]]
Solution:
[[0 5 8 1 6 7 4 3 2]
 [9 7 3 5 4 8 0 1 0]
 [0 2 1 9 0 3 6 5 7]
 [4 1 7 3 9 6 2 8 5]
 [2 8 6 7 5 1 3 4 9]
 [5 3 9 2 8 0 1 7 6]
 [7 4 2 8 1 9 5 6 3]
 [3 9 5 6 0 2 7 0 4]
 [8 6 0 0 3 4 9 2 1]]
Number of cells unfilled: 10
Accuracy: 87.65432098765432
Sample: 23023
Question:
[[0 1 6 2 0 0 0 5 0]
 [4 0 0 0 0 0 0 0 0]
 [0 0 0 0 6 1 7 0 0]
 [9 0 0 0 0 0 6 0 0]
 [0 5 1 0 0 6 0 8 0]
 [0 0 0 0 5 0 0 0 3]
 [0 4 0 0 0 2 8 0 0]
 [0 0 0 0 0 8 0 0 0]
 [0 8 2 0 1 0 0 6 0]]
Solution:
[[0 5 8 1 6 7 4 3 0]
 [9 7 3 5 4 8 0 1 2]
 [0 2 1 9 0 3 6 5 7]
 [4 1 7 3 9 6 2 8 5]
 [2 8 6 7 5 1 3 4 9]
 [5 3 9 2 8 0 1 7 6]
 [7 4 2 8 1 9 5 6 3]
 [3 9 5 6 0 2 7 0 4]
 [8 6 0 0 3 4 9 2 1]]
Number of cells unfilled: 10
Accuracy: 87.65432098765432
Sample: 23024
Question:
[[0 2 0 6 0 3 0 0 9]
 [0 0 0 0 0 7 6 0 0]
 [0 0 0 8 0 0 3 0 0]
 [0 0 1 0 0 0 0 0 4]
 [0 0 0 0 8 0 0 0 0]
 [0 3 0 9 0 4 2 0 0]
 [0 0 2 0 7 0 0 0 0]
 [5 0 0 0 0 0 9 0 2]
 [0 4 0 2 0 9 0 6 0]]
Solution:
[[7 5 8 1 6 0 4 3 2]
 [9 2 3 5 4 8 0 1 0]
 [0 4 1 9 2 3 6 5 7]
 [4 1 7 3 9 6 2 8 5]
 [2 8 6 7 5 1 3 4 9]
 [5 3 9 2 8 0 1 7 6]
 [8 7 2 0 1 9 5 6 3]
 [3 9 5 6 7 2 8 0 4]
 [0 6 0 8 3 4 9 2 1]]
Number of cells unfilled: 9
Accuracy: 88.88888888888889
Sample: 23025
Question:
[[0 4 0 9 0 0 2 0 0]
 [0 0 0 0 0 0 0 3 0]
 [1 0 3 0 0 2 4 0 0]
 [0 2 0 0 0 1 0 9 0]
 [0 0 0 8 0 0 0 0 0]
 [0 0 0 0 2 0 7 0 0]
 [0 3 0 0 0 4 0 2 0]
 [0 1 5 0 0 9 0 4 0]
 [4 0 0 0 6 0 0 0 5]]
Solution:
[[0 5 8 1 6 7 4 3 0]
 [9 7 3 5 4 8 0 1 2]
 [0 2 1 9 0 3 6 5 7]
 [4 1 7 3 9 6 2 8 5]
 [2 8 6 7 5 1 3 4 9]
 [5 3 9 2 8 0 1 7 6]
 [8 4 2 0 1 9 5 6 3]
 [3 9 5 6 0 2 7 0 4]
 [7 6 0 8 3 4 9 2 1]]
Number of cells unfilled: 10
Accuracy: 87.65432098765432
Sample: 23026
Question:
[[0 6 0 0 0 0 2 0 1]
 [9 0 0 1 0 2 0 3 0]
 [0 0 2 0 5 0 0 0 0]
 [8 0 0 9 0 1 0 0 2]
 [0 0 4 0 0 0 9 0 0]
 [0 0 0 0 7 0 0 0 0]
 [2 0 0 8 0 3 1 0 0]
 [0 0 0 5 0 0 0 0 3]
 [0 0 0 0 1 0 0 0 8]]
Solution:
[[0 5 8 1 6 7 4 3 0]
 [9 7 3 5 4 8 0 1 2]
 [0 4 1 9 2 3 6 0 7]
 [4 1 7 3 9 6 2 8 0]
 [2 8 6 7 0 1 3 5 9]
 [5 3 9 2 8 0 1 7 6]
 [8 0 2 0 1 9 5 6 3]
 [3 9 5 6 7 2 8 0 4]
 [7 6 0 8 5 4 9 2 1]]
Number of cells unfilled: 12
Accuracy: 85.18518518518519
Sample: 23027
Question:
[[0 6 0 3 0 0 0 0 0]
 [2 0 0 1 0 0 0 0 0]
 [3 1 0 0 9 0 0 0 4]
 [0 0 2 0 0 0 0 4 0]
 [9 4 0 0 0 1 0 0 8]
 [0 0 0 0 4 0 7 0 0]
 [0 0 6 0 0 9 0 0 0]
 [8 9 0 4 0 0 0 0 3]
 [0 0 0 0 8 0 0 5 0]]
Solution:
[[0 5 8 1 6 7 4 3 2]
 [9 7 3 0 4 8 0 1 5]
 [0 2 1 9 5 3 6 0 7]
 [4 1 7 3 9 6 2 8 0]
 [2 8 6 7 0 1 3 5 9]
 [5 3 9 2 8 0 1 7 6]
 [8 4 2 0 1 9 5 6 3]
 [3 9 5 6 7 2 8 0 4]
 [1 6 0 8 3 4 9 2 0]]
Number of cells unfilled: 12
Accuracy: 85.18518518518519
Sample: 23028
Question:
[[0 9 0 0 1 0 0 7 0]
 [0 0 0 0 0 0 0 0 3]
 [0 0 8 0 0 5 0 0 0]
 [4 0 0 1 0 0 0 5 0]
 [0 1 0 5 0 9 0 0 0]
 [0 0 7 0 4 0 0 0 0]
 [2 0 0 0 0 0 6 0 0]
 [0 7 0 6 9 0 0 4 0]
 [0 4 0 0 5 0 0 1 8]]
Solution:
[[0 5 8 1 6 7 4 3 2]
 [9 7 3 0 4 8 0 1 5]
 [0 2 1 9 5 3 6 0 7]
 [4 1 7 3 9 6 2 8 0]
 [2 8 6 7 0 1 3 5 9]
 [5 3 9 2 8 0 1 7 6]
 [7 4 2 8 1 9 5 6 3]
 [3 9 5 6 7 2 8 0 4]
 [8 6 0 5 3 4 9 2 1]]
Number of cells unfilled: 10
Accuracy: 87.65432098765432
Sample: 23029
Question:
[[2 0 0 0 0 0 0 0 9]
 [9 0 0 0 0 5 0 0 0]
 [0 6 0 9 7 0 4 0 0]
 [0 4 0 6 1 0 0 0 7]
 [0 0 0 0 0 7 6 0 0]
 [0 0 0 8 0 0 1 0 0]
 [0 9 0 7 4 0 0 1 0]
 [0 0 0 0 0 8 0 0 0]
 [0 0 3 0 0 0 7 0 4]]
Solution:
[[0 5 8 1 6 7 4 3 2]
 [9 7 3 0 4 8 0 1 5]
 [0 2 1 9 5 3 6 0 7]
 [4 1 7 3 9 6 2 8 0]
 [2 8 6 7 0 1 3 5 9]
 [5 3 9 2 8 0 1 7 6]
 [7 4 2 8 1 9 5 6 3]
 [3 9 5 6 7 2 8 0 4]
 [8 6 0 5 3 4 9 2 1]]
Number of cells unfilled: 10
Accuracy: 87.65432098765432
Sample: 23030
Question:
[[2 0 9 0 3 0 0 7 0]
 [0 0 0 0 0 1 2 0 0]
 [0 4 0 0 0 2 0 0 0]
 [9 0 7 0 2 0 0 0 5]
 [0 6 0 0 0 0 0 0 0]
 [0 0 0 8 0 0 7 9 0]
 [0 0 0 0 0 0 0 3 0]
 [3 0 5 0 7 0 9 0 0]
 [6 0 0 0 0 9 0 5 0]]
Solution:
[[0 5 8 1 6 7 4 3 0]
 [9 7 3 5 4 8 0 1 2]
 [0 4 1 9 2 3 6 5 7]
 [4 1 7 3 9 6 2 8 5]
 [2 8 6 7 5 1 3 4 9]
 [5 3 9 2 8 0 1 7 6]
 [8 0 2 0 1 9 5 6 3]
 [3 9 5 6 0 2 7 0 4]
 [7 6 0 8 3 4 9 2 1]]
Number of cells unfilled: 10
Accuracy: 87.65432098765432
Sample: 23031
Question:
[[3 0 0 0 0 0 0 0 0]
 [0 0 0 0 1 0 0 0 4]
 [0 1 2 5 0 0 6 0 0]
 [0 2 5 0 0 7 1 0 0]
 [8 0 0 0 0 0 0 0 5]
 [0 0 0 2 5 0 0 9 0]
 [0 6 7 0 2 0 5 0 0]
 [0 8 0 7 0 0 0 6 0]
 [0 0 0 6 0 0 0 0 0]]
Solution:
[[7 5 8 1 6 0 4 3 2]
 [9 2 3 0 4 8 0 1 5]
 [0 4 1 9 2 3 6 0 7]
 [4 1 7 3 5 6 2 8 0]
 [2 8 6 7 0 1 3 5 9]
 [5 3 9 2 8 0 1 7 6]
 [8 7 2 0 1 9 5 6 3]
 [3 9 5 6 0 2 7 0 4]
 [1 6 0 5 7 4 9 2 8]]
Number of cells unfilled: 12
Accuracy: 85.18518518518519
Sample: 23032
Question:
[[3 0 0 0 2 0 0 7 0]
 [0 0 0 0 0 9 5 0 0]
 [6 0 9 0 7 0 0 8 0]
 [0 6 3 7 0 0 0 2 0]
 [0 0 0 0 3 0 0 0 0]
 [7 0 0 2 0 0 0 0 8]
 [0 8 0 1 0 0 0 0 0]
 [2 0 0 0 8 0 0 6 0]
 [0 0 0 0 0 0 0 0 4]]
Solution:
[[0 5 8 1 6 7 4 3 0]
 [9 7 3 5 4 8 0 1 2]
 [0 4 1 9 2 3 6 5 7]
 [4 1 7 3 9 6 2 8 5]
 [2 8 6 7 5 1 3 4 9]
 [5 3 9 2 8 0 1 7 6]
 [8 0 2 0 1 9 5 6 3]
 [3 9 5 6 7 2 8 0 4]
 [7 6 0 8 3 4 9 2 1]]
Number of cells unfilled: 9
Accuracy: 88.88888888888889
Sample: 23033
Question:
[[4 0 0 5 6 0 3 0 0]
 [2 0 0 7 0 0 4 0 0]
 [0 0 6 0 0 0 0 8 0]
 [0 0 2 0 0 0 0 0 1]
 [3 0 0 2 0 0 5 0 0]
 [0 9 0 0 5 0 0 0 0]
 [0 2 0 4 0 0 0 0 3]
 [0 0 0 0 7 5 2 0 0]
 [7 0 0 0 0 0 0 4 0]]
Solution:
[[0 5 8 1 6 7 4 3 0]
 [9 7 3 5 4 8 0 1 2]
 [0 4 1 9 2 3 6 5 7]
 [4 1 7 3 9 6 2 8 5]
 [2 8 6 7 5 1 3 4 9]
 [5 3 9 2 8 0 1 7 6]
 [8 0 2 0 1 9 5 6 3]
 [3 9 5 6 0 2 7 0 4]
 [0 6 0 8 7 4 9 2 1]]
Number of cells unfilled: 11
Accuracy: 86.41975308641975
Sample: 23034
Question:
[[4 6 0 8 0 0 0 0 3]
 [0 0 0 0 0 7 0 6 0]
 [0 0 5 0 0 0 0 0 0]
 [0 0 0 0 2 0 0 0 4]
 [0 0 1 0 0 3 0 0 0]
 [3 4 0 6 0 0 9 0 0]
 [5 0 0 0 0 0 0 0 8]
 [0 1 0 0 0 0 3 0 9]
 [9 8 0 3 0 0 0 4 0]]
Solution:
[[7 5 8 1 6 0 4 3 2]
 [9 2 3 0 4 8 0 1 5]
 [0 4 1 9 2 3 6 0 7]
 [4 1 7 3 5 6 2 8 0]
 [2 8 6 7 0 1 3 5 9]
 [5 3 9 2 8 0 1 7 6]
 [8 7 2 0 1 9 5 6 3]
 [3 9 5 6 0 2 7 0 4]
 [1 6 0 5 7 4 9 2 8]]
Number of cells unfilled: 12
Accuracy: 85.18518518518519
Sample: 23035
Question:
[[6 0 0 0 0 0 0 0 0]
 [0 0 0 9 0 0 0 3 0]
 [0 3 2 0 7 0 4 0 0]
 [0 0 0 0 0 0 7 0 0]
 [0 8 0 2 0 0 5 0 0]
 [0 7 5 0 4 0 0 2 0]
 [0 0 0 0 0 1 2 4 0]
 [0 2 4 0 3 0 0 0 5]
 [8 0 0 4 0 0 0 0 0]]
Solution:
[[7 5 8 1 6 0 4 3 2]
 [9 2 3 5 4 8 0 1 0]
 [0 4 1 9 2 3 6 5 7]
 [4 1 7 3 9 6 2 8 5]
 [2 8 6 7 5 1 3 4 9]
 [5 3 9 2 8 0 1 7 6]
 [8 7 2 0 1 9 5 6 3]
 [3 9 5 6 7 2 8 0 4]
 [0 6 0 8 3 4 9 2 1]]
Number of cells unfilled: 9
Accuracy: 88.88888888888889
Sample: 23036
Question:
[[6 0 0 0 0 5 0 8 0]
 [0 0 0 6 0 0 0 0 2]
 [0 0 0 0 3 0 0 0 0]
 [0 0 0 0 0 4 1 0 0]
 [0 8 4 0 0 0 0 6 0]
 [1 0 0 0 6 0 0 0 5]
 [0 1 0 9 0 0 7 0 0]
 [4 0 0 0 0 6 0 1 0]
 [8 0 9 0 0 1 0 5 0]]
Solution:
[[7 5 8 1 6 0 4 3 2]
 [9 2 3 5 4 8 0 1 0]
 [0 4 1 9 2 3 6 5 7]
 [4 1 7 3 9 6 2 8 5]
 [2 8 6 7 5 1 3 4 9]
 [5 3 9 2 8 0 1 7 6]
 [8 7 2 0 1 9 5 6 3]
 [3 9 5 6 7 2 8 0 4]
 [0 6 0 8 3 4 9 2 1]]
Number of cells unfilled: 9
Accuracy: 88.88888888888889
Sample: 23037
Question:
[[7 0 0 0 0 4 0 0 0]
 [0 1 0 0 6 0 7 0 2]
 [0 0 0 0 0 7 0 8 0]
 [2 0 0 0 1 0 6 0 3]
 [0 6 0 0 0 0 0 0 0]
 [0 3 0 6 0 0 5 0 0]
 [1 2 0 9 0 0 0 0 0]
 [0 0 0 0 0 0 0 5 0]
 [0 0 3 0 7 0 2 0 1]]
Solution:
[[0 5 8 1 6 2 4 3 0]
 [9 7 3 5 4 8 0 1 2]
 [0 2 1 9 0 3 6 5 7]
 [4 1 7 3 9 6 2 8 5]
 [2 8 6 7 5 1 3 4 9]
 [5 3 9 2 8 0 1 7 6]
 [8 4 2 0 1 9 5 6 3]
 [3 9 5 6 2 0 7 0 4]
 [7 6 0 8 3 4 9 2 1]]
Number of cells unfilled: 10
Accuracy: 87.65432098765432
Sample: 23038
Question:
[[0 0 0 0 0 5 0 0 0]
 [0 0 1 0 9 0 0 0 0]
 [0 8 0 0 0 0 0 9 4]
 [0 0 5 0 8 1 0 0 0]
 [0 0 9 0 0 4 0 5 6]
 [0 3 0 0 0 0 8 0 7]
 [6 0 0 9 0 0 0 0 5]
 [0 1 0 4 0 6 0 0 9]
 [0 0 0 0 5 0 0 0 3]]
Solution:
[[7 5 8 1 6 2 4 3 0]
 [9 2 3 0 4 8 0 1 5]
 [0 4 1 9 5 3 6 0 7]
 [4 1 7 3 9 6 2 8 0]
 [2 8 6 7 0 1 3 5 9]
 [5 3 9 2 8 0 1 7 6]
 [8 7 2 0 1 9 5 6 3]
 [3 9 5 6 2 7 8 0 4]
 [1 6 0 5 3 4 9 2 0]]
Number of cells unfilled: 12
Accuracy: 85.18518518518519
Sample: 23039
Question:
[[4 0 0 0 0 6 0 8 0]
 [0 5 0 0 0 0 9 0 0]
 [0 0 9 4 5 0 0 0 0]
 [7 0 0 0 0 8 0 2 0]
 [0 0 3 0 0 0 0 0 1]
 [0 0 4 1 7 0 0 0 0]
 [0 0 0 0 0 0 0 3 0]
 [0 0 0 0 0 2 6 0 7]
 [6 0 0 0 3 0 2 0 8]]
Solution:
[[0 5 8 1 6 7 4 3 2]
 [9 7 3 5 4 8 0 1 0]
 [0 4 1 9 2 3 6 5 7]
 [4 1 7 3 9 6 2 8 5]
 [2 8 6 7 5 1 3 4 9]
 [5 3 9 2 8 0 1 7 6]
 [7 0 2 8 1 9 5 6 3]
 [3 9 5 6 0 2 7 0 4]
 [1 6 0 0 7 4 9 2 8]]
Number of cells unfilled: 10
Accuracy: 87.65432098765432
Sample: 23040
Question:
[[8 0 0 0 0 9 5 0 0]
 [0 0 7 0 4 0 0 9 0]
 [9 1 0 2 0 0 0 0 0]
 [4 0 0 0 0 6 0 3 0]
 [0 0 0 0 7 0 4 0 6]
 [0 0 0 0 0 0 0 0 5]
 [0 0 0 1 0 0 0 0 2]
 [6 0 0 0 9 0 8 0 0]
 [0 5 0 0 0 3 0 4 0]]
Solution:
[[0 5 8 1 6 7 4 3 0]
 [9 7 3 5 4 8 0 1 2]
 [0 2 1 9 0 3 6 5 7]
 [4 1 7 3 9 6 2 8 5]
 [2 8 6 7 5 1 3 4 9]
 [5 3 9 2 8 0 1 7 6]
 [7 4 2 8 1 9 5 6 3]
 [3 9 5 6 7 2 8 0 4]
 [8 6 0 0 3 4 9 2 1]]
Number of cells unfilled: 9
Accuracy: 88.88888888888889
Sample: 23041
Question:
[[9 0 0 0 2 1 0 0 8]
 [0 0 2 0 0 0 0 6 0]
 [0 3 0 8 0 0 0 0 0]
 [0 0 0 0 0 9 0 5 2]
 [0 0 7 0 0 4 0 0 0]
 [5 0 0 0 0 0 3 0 0]
 [7 0 0 9 0 0 0 8 0]
 [1 0 3 0 7 0 0 2 0]
 [0 6 0 3 0 0 5 0 1]]
Solution:
[[0 5 8 1 6 7 4 3 2]
 [9 7 3 5 4 8 0 1 0]
 [0 4 1 9 2 3 6 5 7]
 [4 1 7 3 9 6 2 8 5]
 [2 8 6 7 5 1 3 4 9]
 [5 3 9 2 8 0 1 7 6]
 [7 0 2 8 1 9 5 6 3]
 [3 9 5 6 0 2 7 0 4]
 [1 6 0 0 7 4 9 2 8]]
Number of cells unfilled: 10
Accuracy: 87.65432098765432
Sample: 23042
Question:
[[0 7 0 3 0 4 0 0 0]
 [0 0 9 1 0 7 0 4 0]
 [0 0 0 0 9 0 0 0 0]
 [0 4 0 0 7 0 0 1 0]
 [8 0 3 6 0 1 0 0 0]
 [0 0 7 0 0 0 0 0 6]
 [0 3 0 0 1 0 0 9 0]
 [0 0 2 0 0 0 5 0 0]
 [5 0 0 0 0 2 0 3 7]]
Solution:
[[7 5 8 1 6 2 4 3 0]
 [9 2 3 5 4 8 0 1 0]
 [0 4 1 9 0 3 6 0 7]
 [4 1 7 3 9 6 2 8 0]
 [2 8 6 7 0 1 3 5 9]
 [5 3 9 2 8 0 1 7 6]
 [8 7 2 0 1 9 5 6 3]
 [3 9 5 6 2 7 8 0 4]
 [1 6 0 8 5 4 9 2 0]]
Number of cells unfilled: 13
Accuracy: 83.9506172839506
Sample: 23043
Question:
[[0 0 7 0 0 0 0 0 0]
 [0 3 0 0 4 0 7 9 0]
 [1 5 0 0 0 2 6 0 0]
 [0 0 4 3 0 1 5 0 8]
 [5 0 0 0 2 0 1 0 0]
 [7 0 6 0 8 9 0 2 0]
 [6 0 0 0 0 5 3 0 0]
 [0 0 8 0 0 4 0 0 0]
 [2 7 0 0 3 8 0 4 1]]
Solution:
[[0 5 8 1 6 7 4 3 2]
 [9 7 3 5 4 8 0 1 0]
 [0 4 1 9 2 3 6 5 7]
 [4 1 7 3 9 6 2 8 5]
 [2 8 6 7 5 1 3 4 9]
 [5 3 9 2 8 0 1 7 6]
 [8 0 2 0 1 9 5 6 3]
 [3 9 5 6 7 2 8 0 4]
 [7 6 0 8 3 4 9 2 1]]
Number of cells unfilled: 9
Accuracy: 88.88888888888889
Sample: 23044
Question:
[[9 0 0 0 2 0 0 6 0]
 [0 0 0 0 0 7 0 0 0]
 [0 7 0 3 0 0 0 0 8]
 [0 9 0 0 6 0 0 0 0]
 [0 5 0 1 0 0 0 2 0]
 [1 0 0 0 0 2 6 0 0]
 [0 0 0 0 0 0 4 0 0]
 [0 0 4 0 0 8 0 0 3]
 [5 0 0 0 1 0 0 9 0]]
Solution:
[[0 5 8 1 6 7 4 3 2]
 [9 7 3 5 4 8 0 1 0]
 [0 2 1 9 0 3 6 5 7]
 [4 1 7 3 9 6 2 8 5]
 [2 8 6 7 5 1 3 4 9]
 [5 3 9 2 8 0 1 7 6]
 [8 4 2 0 1 9 5 6 3]
 [3 9 5 6 7 2 8 0 4]
 [7 6 0 8 3 4 9 2 1]]
Number of cells unfilled: 9
Accuracy: 88.88888888888889
Sample: 23045
Question:
[[0 0 7 6 8 0 3 0 0]
 [1 0 0 0 3 0 0 8 0]
 [0 3 8 0 0 4 0 0 0]
 [9 0 0 0 0 6 0 0 5]
 [0 0 1 0 7 0 0 9 0]
 [0 7 0 0 0 0 2 0 0]
 [0 1 0 0 9 0 0 5 0]
 [0 0 0 3 0 0 0 0 2]
 [0 0 5 4 0 0 9 0 0]]
Solution:
[[0 5 8 1 6 7 4 3 2]
 [9 2 3 5 4 8 0 1 0]
 [0 4 1 9 2 3 6 5 7]
 [4 1 7 3 9 6 2 8 5]
 [2 8 6 7 5 1 3 4 9]
 [5 3 9 2 8 0 1 7 6]
 [8 7 2 0 1 9 5 6 3]
 [3 9 5 6 0 2 7 0 4]
 [0 6 0 8 7 4 9 2 1]]
Number of cells unfilled: 10
Accuracy: 87.65432098765432
Sample: 23046
Question:
[[0 0 2 8 0 0 0 0 0]
 [8 0 0 0 0 9 4 0 1]
 [0 0 0 0 5 0 0 8 0]
 [1 0 0 5 0 0 6 0 0]
 [0 0 6 0 0 1 0 2 0]
 [0 7 0 0 0 0 0 0 3]
 [0 0 1 0 0 5 0 4 0]
 [0 3 0 0 0 0 0 0 7]
 [4 0 0 0 6 0 9 0 0]]
Solution:
[[0 5 8 1 6 7 4 3 0]
 [9 7 3 5 4 8 0 1 2]
 [0 2 1 9 0 3 6 5 7]
 [4 1 7 3 9 6 2 8 5]
 [2 8 6 7 5 1 3 4 9]
 [5 3 9 2 8 0 1 7 6]
 [8 4 2 0 1 9 5 6 3]
 [3 9 5 6 0 2 7 0 4]
 [7 6 0 0 3 4 9 2 8]]
Number of cells unfilled: 11
Accuracy: 86.41975308641975
Sample: 23047
Question:
[[0 9 7 0 0 0 1 0 0]
 [5 2 0 0 0 9 6 0 0]
 [6 0 0 0 0 0 0 0 0]
 [3 0 0 8 9 5 0 0 0]
 [0 0 5 0 0 0 3 0 0]
 [0 6 0 0 3 4 0 0 9]
 [0 0 0 0 0 2 0 5 3]
 [0 0 0 0 0 3 4 0 0]
 [0 0 1 0 0 8 0 6 0]]
Solution:
[[7 5 8 1 6 2 4 3 0]
 [9 2 3 5 4 8 0 1 0]
 [0 4 1 9 0 3 6 0 7]
 [4 1 7 3 5 6 2 8 0]
 [2 8 6 7 0 1 3 5 9]
 [5 3 9 2 8 0 1 7 6]
 [8 7 2 0 1 9 5 6 3]
 [3 9 5 6 2 7 8 0 4]
 [1 6 0 8 3 4 9 2 0]]
Number of cells unfilled: 13
Accuracy: 83.9506172839506
Sample: 23048
Question:
[[0 0 7 1 0 9 0 6 0]
 [0 0 6 0 0 0 0 0 0]
 [9 3 8 0 0 6 0 1 0]
 [0 0 0 2 0 5 0 8 0]
 [0 4 0 7 6 0 0 0 0]
 [0 7 0 0 0 0 0 0 5]
 [0 8 0 0 0 7 9 3 0]
 [0 0 0 0 0 0 8 0 0]
 [2 0 0 0 3 4 0 0 6]]
Solution:
[[0 5 8 1 6 7 4 3 2]
 [9 7 3 0 4 8 0 1 5]
 [0 2 1 9 5 3 6 0 7]
 [4 1 7 3 9 6 2 8 0]
 [2 8 6 7 0 1 3 5 9]
 [5 3 9 2 8 0 1 7 6]
 [7 4 2 8 1 9 5 6 3]
 [3 9 5 6 2 0 7 0 4]
 [8 6 0 5 7 4 9 2 1]]
Number of cells unfilled: 11
Accuracy: 86.41975308641975
Sample: 23049
Question:
[[0 8 0 0 0 0 0 0 7]
 [1 0 0 6 8 0 0 0 0]
 [0 0 9 0 0 5 3 0 0]
 [0 0 4 0 2 0 0 0 0]
 [9 1 0 0 0 4 0 0 3]
 [5 0 0 1 0 0 4 0 0]
 [0 0 1 0 0 2 9 0 0]
 [0 0 0 4 3 0 0 0 6]
 [7 0 0 0 0 0 0 0 0]]
Solution:
[[0 5 8 1 6 2 4 3 0]
 [9 7 3 5 4 8 0 1 2]
 [0 2 1 9 0 3 6 0 7]
 [4 1 7 3 9 6 2 8 0]
 [2 8 6 7 0 1 3 5 9]
 [5 3 9 2 8 0 1 7 6]
 [8 4 2 0 1 9 5 6 3]
 [3 9 5 6 2 7 8 0 4]
 [7 6 0 8 3 4 9 2 1]]
Number of cells unfilled: 12
Accuracy: 85.18518518518519
Sample: 23050
Question:
[[0 0 0 0 0 5 0 0 7]
 [2 0 0 0 6 0 3 0 0]
 [0 0 0 8 0 0 0 0 0]
 [0 7 0 0 0 0 0 0 5]
 [0 0 2 9 7 0 6 4 0]
 [4 0 6 0 5 0 7 0 0]
 [7 0 3 0 0 0 0 1 0]
 [0 2 0 0 3 0 4 0 0]
 [6 0 4 0 0 9 0 0 0]]
Solution:
[[0 5 8 1 6 2 4 3 0]
 [9 7 3 5 4 8 0 1 2]
 [0 2 1 9 0 3 6 0 7]
 [4 1 7 3 5 6 2 8 0]
 [2 8 6 7 0 1 3 5 9]
 [5 3 9 2 8 0 1 7 6]
 [7 4 2 8 1 9 5 6 3]
 [3 9 5 6 2 0 7 0 4]
 [8 6 0 0 3 4 9 2 1]]
Number of cells unfilled: 13
Accuracy: 83.9506172839506
Sample: 23051
Question:
[[0 0 0 0 9 0 7 0 0]
 [0 0 7 6 0 0 0 0 0]
 [9 0 3 0 0 8 0 0 4]
 [0 9 0 0 3 0 0 0 0]
 [3 0 8 0 0 4 0 0 2]
 [0 0 2 0 0 0 0 1 0]
 [8 0 5 3 0 0 2 4 0]
 [2 0 0 0 0 5 8 0 0]
 [0 3 0 0 0 0 0 0 5]]
Solution:
[[0 5 8 1 6 7 4 3 0]
 [9 7 3 5 4 8 0 1 2]
 [0 4 1 9 2 3 6 5 7]
 [4 1 7 3 9 6 2 8 5]
 [2 8 6 7 5 1 3 4 9]
 [5 3 9 2 8 0 1 7 6]
 [7 0 2 8 1 9 5 6 3]
 [3 9 5 6 0 2 7 0 4]
 [1 6 0 0 7 4 9 2 8]]
Number of cells unfilled: 10
Accuracy: 87.65432098765432
Sample: 23052
Question:
[[0 0 8 9 0 2 0 0 6]
 [5 0 0 7 0 0 2 0 9]
 [0 0 0 0 5 0 0 7 0]
 [0 0 0 0 0 1 0 0 4]
 [0 8 0 0 0 0 0 0 2]
 [4 0 0 2 0 0 0 6 0]
 [0 5 0 0 0 9 0 0 0]
 [0 0 3 0 0 0 0 9 7]
 [9 7 0 4 0 0 6 0 0]]
Solution:
[[0 5 8 1 6 7 4 3 0]
 [9 7 3 5 4 8 0 1 2]
 [0 4 1 9 2 3 6 0 7]
 [4 1 7 3 9 6 2 8 0]
 [2 8 6 7 0 1 3 5 9]
 [5 3 9 2 8 0 1 7 6]
 [8 0 2 0 1 9 5 6 3]
 [3 9 5 6 7 2 8 0 4]
 [7 6 0 8 3 4 9 2 1]]
Number of cells unfilled: 12
Accuracy: 85.18518518518519
Sample: 23053
Question:
[[0 0 9 0 5 0 0 0 0]
 [0 6 0 4 0 0 2 0 9]
 [7 0 0 0 0 0 5 0 0]
 [2 0 0 0 3 4 8 0 6]
 [0 8 0 0 6 0 0 0 3]
 [0 0 0 8 0 0 0 2 0]
 [0 4 0 3 0 0 6 0 2]
 [3 0 0 0 0 0 0 9 0]
 [0 0 0 0 0 1 3 0 0]]
Solution:
[[0 5 8 1 6 7 4 3 2]
 [9 7 3 5 4 8 0 1 0]
 [0 2 1 9 0 3 6 5 7]
 [4 1 7 3 9 6 2 8 5]
 [2 8 6 7 5 1 3 4 9]
 [5 3 9 2 8 0 1 7 6]
 [7 4 2 8 1 9 5 6 3]
 [3 9 5 6 0 2 7 0 4]
 [1 6 0 0 7 4 9 2 8]]
Number of cells unfilled: 10
Accuracy: 87.65432098765432
Sample: 23054
Question:
[[0 3 0 0 8 0 0 7 0]
 [7 0 5 0 0 0 0 0 1]
 [0 0 0 0 0 7 6 0 0]
 [0 2 7 0 5 0 0 6 0]
 [0 0 3 0 7 2 0 5 9]
 [5 0 0 6 0 0 0 0 0]
 [0 0 8 0 0 4 0 0 0]
 [3 0 0 0 2 0 0 8 0]
 [0 0 2 0 0 0 9 0 0]]
Solution:
[[0 5 8 1 6 7 4 3 2]
 [9 7 3 0 4 8 0 1 5]
 [0 2 1 9 5 3 6 0 7]
 [4 1 7 3 9 6 2 8 0]
 [2 8 6 7 0 1 3 5 9]
 [5 3 9 2 8 0 1 7 6]
 [8 4 2 0 1 9 5 6 3]
 [3 9 5 6 0 2 7 0 4]
 [1 6 0 5 3 4 9 2 8]]
Number of cells unfilled: 12
Accuracy: 85.18518518518519
Sample: 23055
Question:
[[0 5 3 0 0 9 0 2 0]
 [0 0 1 0 0 0 6 0 0]
 [0 0 0 1 0 0 0 0 5]
 [0 3 2 0 0 7 0 9 0]
 [0 0 7 0 8 0 0 0 0]
 [5 0 0 0 0 0 0 0 3]
 [3 0 0 0 0 4 2 0 0]
 [0 7 0 0 3 0 0 4 0]
 [0 2 4 7 9 0 0 0 0]]
Solution:
[[0 5 8 1 6 7 4 3 0]
 [9 7 3 5 4 8 0 1 2]
 [0 4 1 9 2 3 6 5 7]
 [4 1 7 3 9 6 2 8 5]
 [2 8 6 7 5 1 3 4 9]
 [5 3 9 2 8 0 1 7 6]
 [7 0 2 8 1 9 5 6 3]
 [3 9 5 6 0 2 7 0 4]
 [1 6 0 0 7 4 9 2 8]]
Number of cells unfilled: 10
Accuracy: 87.65432098765432
Sample: 23056
Question:
[[0 6 0 2 0 0 0 0 0]
 [0 0 9 0 7 0 0 8 0]
 [0 0 0 0 0 4 0 0 0]
 [0 2 0 7 0 0 6 0 0]
 [3 0 7 0 6 5 0 0 8]
 [0 0 6 0 2 0 0 3 7]
 [1 0 0 0 0 0 0 0 9]
 [0 0 3 0 9 0 8 0 0]
 [0 0 0 5 0 0 0 7 3]]
Solution:
[[0 5 8 1 6 7 4 3 0]
 [9 7 3 5 4 8 0 1 2]
 [0 4 1 9 2 3 6 5 7]
 [4 1 7 3 9 6 2 8 5]
 [2 8 6 7 5 1 3 4 9]
 [5 3 9 2 8 0 1 7 6]
 [7 0 2 8 1 9 5 6 3]
 [3 9 5 6 0 2 7 0 4]
 [1 6 0 0 7 4 9 2 8]]
Number of cells unfilled: 10
Accuracy: 87.65432098765432
Sample: 23057
Question:
[[0 9 0 0 0 0 0 0 0]
 [0 0 1 2 0 0 0 0 3]
 [7 0 0 0 0 0 1 6 0]
 [0 0 9 6 0 0 0 1 5]
 [0 0 0 0 9 0 6 0 0]
 [8 0 6 1 0 5 0 3 0]
 [0 0 0 0 0 4 0 2 0]
 [0 8 0 0 0 0 0 5 1]
 [0 0 2 5 0 0 3 0 0]]
Solution:
[[7 5 8 1 6 0 4 3 2]
 [9 2 3 5 4 8 0 1 0]
 [0 4 1 9 2 3 6 5 7]
 [4 1 7 3 9 6 2 8 5]
 [2 8 6 7 5 1 3 4 9]
 [5 3 9 2 8 0 1 7 6]
 [8 7 2 0 1 9 5 6 3]
 [3 9 5 6 7 2 8 0 4]
 [0 6 0 8 3 4 9 2 1]]
Number of cells unfilled: 9
Accuracy: 88.88888888888889
Sample: 23058
Question:
[[6 7 0 0 1 0 0 2 0]
 [0 0 8 0 0 0 6 0 0]
 [0 1 0 0 0 9 0 0 0]
 [0 4 0 0 0 0 0 0 5]
 [8 6 0 0 2 0 0 7 0]
 [0 0 0 4 0 0 8 0 0]
 [1 0 0 0 0 0 0 3 0]
 [7 3 0 1 0 2 0 0 6]
 [0 0 6 0 3 0 0 0 7]]
Solution:
[[0 5 8 1 6 7 4 3 0]
 [9 7 3 5 4 8 0 1 2]
 [0 4 1 9 2 3 6 5 7]
 [4 1 7 3 9 6 2 8 5]
 [2 8 6 7 5 1 3 4 9]
 [5 3 9 2 8 0 1 7 6]
 [8 0 2 0 1 9 5 6 3]
 [3 9 5 6 7 2 8 0 4]
 [7 6 0 8 3 4 9 2 1]]
Number of cells unfilled: 9
Accuracy: 88.88888888888889
Sample: 23059
Question:
[[8 0 0 0 0 0 3 0 0]
 [1 0 9 0 0 7 0 0 8]
 [0 6 0 0 9 0 0 0 0]
 [0 0 6 0 0 1 0 0 7]
 [4 0 0 5 0 0 0 0 0]
 [0 0 0 0 6 9 0 4 0]
 [2 0 1 9 0 0 7 8 0]
 [0 0 8 0 0 2 0 0 0]
 [0 9 0 1 0 0 0 0 2]]
Solution:
[[0 5 8 1 6 7 4 3 2]
 [9 7 3 0 4 8 0 1 5]
 [0 2 1 9 0 3 6 0 7]
 [4 1 7 3 5 6 2 8 0]
 [2 8 6 7 0 1 3 5 9]
 [5 3 9 2 8 0 1 7 6]
 [7 4 2 8 1 9 5 6 3]
 [3 9 5 6 7 2 8 0 4]
 [1 6 0 5 3 4 9 2 0]]
Number of cells unfilled: 12
Accuracy: 85.18518518518519
Sample: 23060
Question:
[[0 0 0 6 0 0 0 0 0]
 [7 0 0 0 3 0 2 0 0]
 [0 4 0 0 0 5 0 3 1]
 [0 6 0 0 0 0 0 0 7]
 [1 0 0 0 6 0 3 8 0]
 [4 0 0 0 7 8 0 1 0]
 [0 2 0 9 0 0 8 0 0]
 [6 0 0 0 2 0 0 0 3]
 [0 0 4 0 0 0 0 2 0]]
Solution:
[[0 5 8 1 6 7 4 3 2]
 [9 7 3 5 4 8 0 1 0]
 [0 2 1 9 0 3 6 5 7]
 [4 1 7 3 9 6 2 8 5]
 [2 8 6 7 5 1 3 4 9]
 [5 3 9 2 8 0 1 7 6]
 [7 4 2 8 1 9 5 6 3]
 [3 9 5 6 0 2 7 0 4]
 [8 6 0 0 3 4 9 2 1]]
Number of cells unfilled: 10
Accuracy: 87.65432098765432
Sample: 23061
Question:
[[0 0 8 0 0 2 6 0 4]
 [9 0 0 0 6 0 0 7 0]
 [0 0 0 1 0 0 0 0 0]
 [4 0 0 0 1 0 5 6 0]
 [0 5 1 0 0 0 0 0 9]
 [8 0 0 0 9 0 4 0 0]
 [1 0 0 0 7 0 0 0 6]
 [0 8 0 0 0 0 7 0 0]
 [0 0 7 3 0 0 0 5 0]]
Solution:
[[0 5 8 1 6 7 4 3 0]
 [9 7 3 5 4 8 0 1 2]
 [0 4 1 9 2 3 6 5 7]
 [4 1 7 3 9 6 2 8 5]
 [2 8 6 7 5 1 3 4 9]
 [5 3 9 2 8 0 1 7 6]
 [8 0 2 0 1 9 5 6 3]
 [3 9 5 6 0 2 7 0 4]
 [7 6 0 8 3 4 9 2 1]]
Number of cells unfilled: 10
Accuracy: 87.65432098765432
Sample: 23062
Question:
[[0 0 1 0 0 0 2 0 0]
 [3 2 0 0 5 0 0 6 0]
 [0 6 0 0 0 2 0 0 8]
 [0 9 0 0 0 6 0 8 0]
 [5 0 0 0 4 0 0 0 7]
 [0 0 0 7 0 0 9 0 0]
 [0 0 3 0 7 0 0 0 4]
 [2 0 0 1 0 0 0 0 0]
 [0 7 0 0 0 4 8 0 0]]
Solution:
[[0 5 8 1 6 7 4 3 2]
 [9 7 3 0 4 8 0 1 5]
 [0 4 1 9 2 3 6 0 7]
 [4 1 7 3 9 6 2 8 0]
 [2 8 6 7 0 1 3 5 9]
 [5 3 9 2 8 0 1 7 6]
 [8 0 2 0 1 9 5 6 3]
 [3 9 5 6 7 2 8 0 4]
 [7 6 0 8 5 4 9 2 1]]
Number of cells unfilled: 12
Accuracy: 85.18518518518519
Sample: 23063
Question:
[[0 4 0 0 0 2 0 0 0]
 [3 0 0 0 0 0 0 0 5]
 [6 0 0 0 1 0 0 2 0]
 [0 0 0 0 9 3 0 0 6]
 [0 0 0 0 0 0 4 0 0]
 [0 0 2 1 5 0 0 0 8]
 [0 8 0 5 0 0 0 1 2]
 [0 5 6 9 0 0 0 0 0]
 [0 1 3 0 7 0 0 0 0]]
Solution:
[[0 5 8 1 6 2 4 3 0]
 [9 7 3 5 4 8 0 1 2]
 [0 2 1 9 0 3 6 0 7]
 [4 1 7 3 9 6 2 8 0]
 [2 8 6 7 0 1 3 5 9]
 [5 3 9 2 8 0 1 7 6]
 [7 4 2 8 1 9 5 6 3]
 [3 9 5 6 2 7 8 0 4]
 [8 6 0 0 3 4 9 2 1]]
Number of cells unfilled: 12
Accuracy: 85.18518518518519
Sample: 23064
Question:
[[0 9 0 0 2 0 7 0 0]
 [1 0 0 0 0 9 0 0 2]
 [0 0 6 8 0 0 0 9 0]
 [5 0 0 7 0 0 2 0 0]
 [0 0 0 0 4 0 0 0 0]
 [0 6 0 0 0 1 0 7 0]
 [0 7 0 0 0 0 3 0 4]
 [0 1 0 0 0 2 8 6 0]
 [6 0 3 0 0 0 0 0 0]]
Solution:
[[0 5 8 1 6 7 4 3 2]
 [9 7 3 5 4 8 0 1 0]
 [0 2 1 9 0 3 6 5 7]
 [4 1 7 3 9 6 2 8 5]
 [2 8 6 7 5 1 3 4 9]
 [5 3 9 2 8 0 1 7 6]
 [7 4 2 8 1 9 5 6 3]
 [3 9 5 6 0 2 7 0 4]
 [1 6 0 0 3 4 9 2 8]]
Number of cells unfilled: 10
Accuracy: 87.65432098765432
Sample: 23065
Question:
[[0 0 0 0 1 0 7 0 0]
 [0 0 2 0 0 0 0 0 0]
 [0 7 0 4 8 0 0 0 3]
 [0 0 1 9 0 0 0 0 0]
 [9 0 0 0 0 6 0 0 0]
 [0 5 0 1 3 0 8 0 0]
 [0 3 0 5 4 0 0 7 0]
 [0 0 0 0 0 1 3 0 4]
 [0 0 0 0 6 0 5 0 8]]
Solution:
[[0 5 8 1 6 7 4 3 0]
 [9 7 3 5 4 8 0 1 2]
 [0 4 1 9 2 3 6 5 7]
 [4 1 7 3 9 6 2 8 5]
 [2 8 6 7 5 1 3 4 9]
 [5 3 9 2 8 0 1 7 6]
 [8 0 2 0 1 9 5 6 3]
 [3 9 5 6 7 2 8 0 4]
 [7 6 0 8 3 4 9 2 1]]
Number of cells unfilled: 9
Accuracy: 88.88888888888889
Sample: 23066
Question:
[[0 5 3 1 0 7 0 0 0]
 [0 2 0 6 8 0 0 0 0]
 [0 0 6 0 3 5 8 0 0]
 [3 9 0 0 5 0 0 0 1]
 [0 0 0 0 0 0 0 5 0]
 [0 0 0 0 0 0 6 3 0]
 [0 0 0 5 0 0 0 0 7]
 [7 3 0 4 0 1 0 6 0]
 [0 4 2 0 0 0 0 0 0]]
Solution:
[[0 5 8 1 6 7 4 3 0]
 [9 7 3 5 4 8 0 1 2]
 [0 2 1 9 0 3 6 5 7]
 [4 1 7 3 9 6 2 8 5]
 [2 8 6 7 5 1 3 4 9]
 [5 3 9 2 8 0 1 7 6]
 [8 4 2 0 1 9 5 6 3]
 [3 9 5 6 2 0 7 0 4]
 [7 6 0 8 3 4 9 2 1]]
Number of cells unfilled: 10
Accuracy: 87.65432098765432
Sample: 23067
Question:
[[0 1 0 0 0 0 0 0 5]
 [0 6 0 4 0 8 0 0 0]
 [0 0 0 0 0 6 0 3 0]
 [0 0 0 0 2 7 4 0 0]
 [0 0 0 0 5 0 0 0 0]
 [0 9 0 0 0 0 0 8 0]
 [0 0 0 0 0 0 6 9 0]
 [0 0 5 0 0 0 0 0 0]
 [0 0 3 0 0 0 0 0 0]]
Solution:
[[7 5 8 1 6 2 4 3 0]
 [9 2 3 5 4 8 0 1 0]
 [0 4 1 9 0 3 6 0 7]
 [4 1 7 3 9 6 2 8 0]
 [2 8 6 7 0 1 3 5 9]
 [5 3 9 2 8 0 1 7 6]
 [8 7 2 0 1 9 5 6 3]
 [3 9 5 6 2 7 8 0 4]
 [1 6 0 8 3 4 9 2 0]]
Number of cells unfilled: 13
Accuracy: 83.9506172839506
Sample: 23068
Question:
[[0 9 5 0 6 0 1 7 0]
 [0 0 4 3 0 0 5 8 0]
 [0 0 0 7 0 0 0 0 9]
 [0 5 1 4 8 0 9 0 0]
 [9 0 3 5 0 0 6 0 0]
 [2 0 0 0 1 0 8 3 0]
 [0 2 0 9 0 6 7 0 4]
 [0 7 0 0 2 0 0 0 0]
 [0 1 0 0 4 0 0 5 0]]
Solution:
[[0 5 8 1 6 7 4 3 2]
 [9 7 3 5 4 8 0 1 0]
 [0 2 1 9 0 3 6 5 7]
 [4 1 7 3 9 6 2 8 5]
 [2 8 6 7 5 1 3 4 9]
 [5 3 9 2 8 0 1 7 6]
 [8 4 2 0 1 9 5 6 3]
 [3 9 5 6 0 2 7 0 4]
 [7 6 0 0 3 4 9 2 8]]
Number of cells unfilled: 11
Accuracy: 86.41975308641975
Sample: 23069
Question:
[[3 0 0 0 0 9 0 5 0]
 [7 0 0 0 5 0 0 0 1]
 [0 0 2 0 0 0 0 4 0]
 [0 0 0 0 0 0 0 3 2]
 [4 0 0 1 9 0 5 8 0]
 [0 2 5 3 0 0 0 0 0]
 [8 0 9 0 0 5 4 7 0]
 [0 0 0 0 0 0 0 0 6]
 [0 0 0 0 0 7 0 2 0]]
Solution:
[[7 5 8 1 6 0 4 3 2]
 [9 2 3 5 4 8 0 1 0]
 [0 4 1 9 2 3 6 5 7]
 [4 1 7 3 9 6 2 8 5]
 [2 8 6 7 5 1 3 4 9]
 [5 3 9 2 8 0 1 7 6]
 [8 7 2 0 1 9 5 6 3]
 [3 9 5 6 0 2 7 0 4]
 [1 6 0 0 7 4 9 2 8]]
Number of cells unfilled: 10
Accuracy: 87.65432098765432
Sample: 23070
Question:
[[0 0 0 0 0 7 3 0 0]
 [0 0 2 0 4 0 0 9 0]
 [0 7 0 0 0 0 0 0 5]
 [0 8 0 0 0 3 6 0 0]
 [1 0 0 9 0 0 0 0 0]
 [0 0 4 0 2 0 0 0 0]
 [0 6 0 0 0 0 5 0 8]
 [9 0 0 0 6 0 0 1 0]
 [0 0 0 0 0 5 9 0 0]]
Solution:
[[0 5 8 1 6 7 4 3 0]
 [9 7 3 5 4 8 0 1 2]
 [0 2 1 9 0 3 6 5 7]
 [4 1 7 3 9 6 2 8 5]
 [2 8 6 7 5 1 3 4 9]
 [5 3 9 2 8 0 1 7 6]
 [7 4 2 8 1 9 5 6 3]
 [3 9 5 6 7 2 8 0 4]
 [8 6 0 0 3 4 9 2 1]]
Number of cells unfilled: 9
Accuracy: 88.88888888888889
Sample: 23071
Question:
[[0 2 0 0 8 0 0 5 0]
 [0 0 0 0 0 6 0 0 1]
 [1 0 0 7 0 0 0 0 0]
 [0 0 0 6 0 4 0 0 9]
 [0 9 0 0 3 0 8 0 0]
 [6 0 0 0 0 0 0 0 0]
 [0 5 0 0 0 0 0 2 0]
 [0 0 8 0 0 0 3 9 0]
 [7 0 0 9 0 0 0 0 4]]
Solution:
[[7 5 8 1 6 2 4 3 0]
 [9 2 3 5 4 8 0 1 0]
 [0 4 1 9 0 3 6 0 7]
 [4 1 7 3 9 6 2 8 0]
 [2 8 6 7 0 1 3 5 9]
 [5 3 9 2 8 0 1 7 6]
 [8 7 2 0 1 9 5 6 3]
 [3 9 5 6 2 7 8 0 4]
 [1 6 0 8 3 4 9 2 0]]
Number of cells unfilled: 13
Accuracy: 83.9506172839506
Sample: 23072
Question:
[[0 0 3 9 0 0 0 0 0]
 [0 4 0 0 5 0 0 0 7]
 [2 1 0 0 0 8 5 0 0]
 [0 0 0 0 0 6 0 0 0]
 [6 0 0 5 2 0 0 0 0]
 [0 2 0 1 8 0 6 0 0]
 [1 0 0 0 0 5 2 0 0]
 [0 9 0 7 0 0 0 3 0]
 [0 0 0 0 0 0 0 0 4]]
Solution:
[[0 5 8 1 6 7 4 3 0]
 [9 7 3 5 4 8 0 1 2]
 [0 4 1 9 2 3 6 5 7]
 [4 1 7 3 9 6 2 8 5]
 [2 8 6 7 5 1 3 4 9]
 [5 3 9 2 8 0 1 7 6]
 [8 0 2 0 1 9 5 6 3]
 [3 9 5 6 0 2 7 0 4]
 [1 6 0 0 3 4 9 2 8]]
Number of cells unfilled: 11
Accuracy: 86.41975308641975
Sample: 23073
Question:
[[0 0 4 0 5 0 0 0 2]
 [0 0 0 0 0 4 7 0 0]
 [0 9 0 1 0 0 0 4 0]
 [0 4 6 0 2 0 8 0 0]
 [9 0 0 4 0 0 0 3 0]
 [0 0 0 0 0 7 0 0 0]
 [0 0 0 0 0 0 0 0 0]
 [0 0 9 6 0 0 0 1 0]
 [1 3 0 0 0 8 5 0 0]]
Solution:
[[0 5 8 1 6 7 4 3 0]
 [9 7 3 5 4 8 0 1 2]
 [0 4 1 9 2 3 6 5 7]
 [4 1 7 3 9 6 2 8 5]
 [2 8 6 7 5 1 3 4 9]
 [5 3 9 2 8 0 1 7 6]
 [8 0 2 0 1 9 5 6 3]
 [3 9 5 6 7 2 8 0 4]
 [7 6 0 8 3 4 9 2 1]]
Number of cells unfilled: 9
Accuracy: 88.88888888888889
Sample: 23074
Question:
[[0 0 0 0 0 0 0 0 2]
 [4 0 0 0 0 1 0 8 0]
 [0 0 5 0 7 0 3 0 0]
 [2 0 0 7 0 0 0 9 0]
 [0 6 0 0 0 0 0 0 8]
 [0 0 9 0 0 5 7 0 0]
 [0 0 0 0 9 3 0 4 0]
 [0 0 3 1 0 0 5 0 0]
 [6 0 0 0 5 0 0 0 0]]
Solution:
[[0 5 8 1 6 7 4 3 0]
 [9 7 3 5 4 8 0 1 2]
 [0 2 1 9 0 3 6 0 7]
 [4 1 7 3 9 6 2 8 0]
 [2 8 6 7 0 1 3 5 9]
 [5 3 9 2 8 0 1 7 6]
 [8 4 2 0 1 9 5 6 3]
 [3 9 5 6 7 2 8 0 4]
 [1 6 0 8 5 4 9 2 0]]
Number of cells unfilled: 13
Accuracy: 83.9506172839506
Sample: 23075
Question:
[[0 0 2 0 0 9 0 0 0]
 [0 0 5 1 4 0 0 0 8]
 [0 1 0 0 6 5 2 0 9]
 [0 0 4 0 0 0 6 5 1]
 [1 0 0 0 0 4 0 0 2]
 [8 0 0 0 0 0 4 0 0]
 [0 6 0 3 0 1 0 0 0]
 [2 7 0 0 8 0 0 0 0]
 [0 0 0 0 0 0 0 0 0]]
Solution:
[[0 5 8 1 6 2 4 3 0]
 [9 7 3 5 4 8 0 1 2]
 [0 2 1 9 0 3 6 5 7]
 [4 1 7 3 9 6 2 8 5]
 [2 8 6 7 5 1 3 4 9]
 [5 3 9 2 8 0 1 7 6]
 [7 4 2 8 1 9 5 6 3]
 [3 9 5 6 2 7 8 0 4]
 [8 6 0 0 3 4 9 2 1]]
Number of cells unfilled: 9
Accuracy: 88.88888888888889
Sample: 23076
Question:
[[0 3 0 0 1 0 0 0 2]
 [5 0 0 0 0 0 0 0 0]
 [0 0 9 0 0 3 0 4 0]
 [0 7 0 0 9 0 8 0 3]
 [0 0 0 0 0 8 0 6 0]
 [0 9 0 0 6 0 0 0 1]
 [0 2 0 0 0 6 0 0 0]
 [0 0 7 0 3 0 2 1 0]
 [0 0 3 9 0 0 0 0 6]]
Solution:
[[0 5 8 1 6 7 4 3 2]
 [9 7 3 0 4 8 0 1 5]
 [0 2 1 9 0 3 6 0 7]
 [4 1 7 3 5 6 2 8 0]
 [2 8 6 7 0 1 3 5 9]
 [5 3 9 2 8 0 1 7 6]
 [7 4 2 8 1 9 5 6 3]
 [3 9 5 6 0 2 7 0 4]
 [8 6 0 5 3 4 9 2 1]]
Number of cells unfilled: 12
Accuracy: 85.18518518518519
Sample: 23077
Question:
[[0 0 4 5 0 0 0 0 0]
 [0 0 2 7 0 0 9 0 4]
 [0 8 0 3 0 0 2 0 7]
 [0 0 0 0 9 1 0 0 6]
 [0 0 0 0 8 0 3 9 0]
 [0 0 0 4 0 0 0 7 2]
 [2 0 9 1 0 3 0 0 0]
 [1 0 0 0 0 0 4 0 0]
 [0 0 3 0 0 0 6 0 0]]
Solution:
[[0 5 8 1 6 7 4 3 0]
 [9 7 3 5 4 8 0 1 2]
 [0 2 1 9 0 3 6 5 7]
 [4 1 7 3 9 6 2 8 5]
 [2 8 6 7 5 1 3 4 9]
 [5 3 9 2 8 0 1 7 6]
 [8 4 2 0 1 9 5 6 3]
 [3 9 5 6 0 2 7 0 4]
 [7 6 0 8 3 4 9 2 1]]
Number of cells unfilled: 10
Accuracy: 87.65432098765432
Sample: 23078
Question:
[[0 0 6 9 0 0 5 0 0]
 [5 9 0 0 3 0 0 0 0]
 [3 0 0 0 0 1 0 0 0]
 [0 7 0 0 0 0 2 0 0]
 [0 0 4 0 9 2 0 0 5]
 [0 0 0 7 0 0 0 6 4]
 [0 0 0 0 0 0 0 1 8]
 [0 0 9 2 0 0 4 0 0]
 [0 8 0 0 6 0 0 0 0]]
Solution:
[[0 5 8 1 6 7 4 3 2]
 [9 7 3 0 4 8 0 1 5]
 [0 2 1 9 5 3 6 0 7]
 [4 1 7 3 9 6 2 8 0]
 [2 8 6 7 0 1 3 5 9]
 [5 3 9 2 8 0 1 7 6]
 [8 4 2 0 1 9 5 6 3]
 [3 9 5 6 0 2 7 0 4]
 [1 6 0 5 7 4 9 2 8]]
Number of cells unfilled: 12
Accuracy: 85.18518518518519
Sample: 23079
Question:
[[0 0 0 0 0 0 0 0 0]
 [0 9 0 0 8 0 0 0 1]
 [0 3 6 0 0 7 9 5 0]
 [6 0 4 0 0 0 0 2 0]
 [0 0 0 2 0 0 5 7 4]
 [0 0 5 0 0 0 0 0 0]
 [2 8 0 9 0 6 0 4 0]
 [0 0 0 0 1 0 0 0 0]
 [0 0 0 4 7 0 2 1 0]]
Solution:
[[0 5 8 1 6 7 4 3 0]
 [9 7 3 5 4 8 0 1 2]
 [0 4 1 9 2 3 6 5 7]
 [4 1 7 3 9 6 2 8 5]
 [2 8 6 7 5 1 3 4 9]
 [5 3 9 2 8 0 1 7 6]
 [8 0 2 0 1 9 5 6 3]
 [3 9 5 6 7 2 8 0 4]
 [7 6 0 8 3 4 9 2 1]]
Number of cells unfilled: 9
Accuracy: 88.88888888888889
Sample: 23080
Question:
[[0 0 0 7 0 4 0 8 0]
 [3 7 0 0 0 0 0 0 0]
 [0 6 0 0 0 5 0 0 2]
 [0 0 0 0 0 0 1 9 0]
 [5 0 0 0 1 6 0 0 4]
 [4 0 7 2 9 0 0 0 0]
 [0 0 0 0 0 0 4 0 0]
 [0 0 2 0 0 0 8 3 0]
 [0 0 9 1 4 0 0 0 0]]
Solution:
[[0 5 8 1 6 7 4 3 0]
 [9 7 3 5 4 8 0 1 2]
 [0 2 1 9 0 3 6 5 7]
 [4 1 7 3 9 6 2 8 5]
 [2 8 6 7 5 1 3 4 9]
 [5 3 9 2 8 0 1 7 6]
 [8 4 2 0 1 9 5 6 3]
 [3 9 5 6 7 2 8 0 4]
 [7 6 0 8 3 4 9 2 1]]
Number of cells unfilled: 9
Accuracy: 88.88888888888889
Sample: 23081
Question:
[[1 0 0 5 0 0 9 0 0]
 [0 0 7 0 0 6 0 2 0]
 [0 0 0 0 7 0 0 0 8]
 [0 0 0 0 0 0 0 0 6]
 [5 0 0 3 0 0 8 0 0]
 [0 2 1 0 0 0 0 9 3]
 [0 0 3 0 5 8 4 0 0]
 [4 0 0 0 0 1 0 8 0]
 [0 0 0 4 0 0 0 0 9]]
Solution:
[[0 5 8 1 6 7 4 3 0]
 [9 7 3 5 4 8 0 1 2]
 [0 2 1 9 0 3 6 5 7]
 [4 1 7 3 9 6 2 8 5]
 [2 8 6 7 5 1 3 4 9]
 [5 3 9 2 8 0 1 7 6]
 [8 4 2 0 1 9 5 6 3]
 [3 9 5 6 7 2 8 0 4]
 [7 6 0 8 3 4 9 2 1]]
Number of cells unfilled: 9
Accuracy: 88.88888888888889
Sample: 23082
Question:
[[1 0 0 2 0 0 0 6 4]
 [0 4 0 0 0 6 0 1 2]
 [0 0 0 0 0 0 9 0 0]
 [0 0 0 0 3 0 0 7 0]
 [7 0 8 0 0 0 0 0 0]
 [0 9 0 1 0 0 4 0 0]
 [0 2 0 9 0 0 6 0 0]
 [0 0 3 0 5 8 0 0 0]
 [0 0 0 0 0 0 0 0 5]]
Solution:
[[0 5 8 1 6 7 4 3 0]
 [9 7 3 5 4 8 0 1 2]
 [0 2 1 9 0 3 6 0 7]
 [4 1 7 3 5 6 2 8 0]
 [2 8 6 7 0 1 3 5 9]
 [5 3 9 2 8 0 1 7 6]
 [8 4 2 0 1 9 5 6 3]
 [3 9 5 6 7 2 8 0 4]
 [1 6 0 8 3 4 9 2 0]]
Number of cells unfilled: 13
Accuracy: 83.9506172839506
Sample: 23083
Question:
[[2 5 7 3 0 0 0 0 0]
 [0 4 0 1 0 9 0 0 8]
 [0 0 0 0 4 0 0 6 0]
 [0 3 4 6 0 5 0 7 1]
 [0 0 6 0 0 0 2 0 0]
 [0 8 2 4 0 1 0 9 5]
 [0 0 5 0 0 3 7 0 6]
 [3 0 0 0 8 0 0 0 0]
 [1 0 8 2 0 0 0 0 4]]
Solution:
[[0 5 8 1 6 7 4 3 0]
 [9 7 3 5 4 8 0 1 2]
 [0 4 1 9 2 3 6 5 7]
 [4 1 7 3 9 6 2 8 5]
 [2 8 6 7 5 1 3 4 9]
 [5 3 9 2 8 0 1 7 6]
 [7 0 2 8 1 9 5 6 3]
 [3 9 5 6 0 2 7 0 4]
 [8 6 0 0 3 4 9 2 1]]
Number of cells unfilled: 10
Accuracy: 87.65432098765432
Sample: 23084
Question:
[[3 0 0 6 0 8 0 5 0]
 [0 0 0 7 0 0 0 0 6]
 [0 6 0 0 2 5 8 0 0]
 [7 0 0 0 0 0 4 0 0]
 [0 2 0 0 9 0 0 8 0]
 [0 0 0 0 0 1 0 0 2]
 [0 4 0 0 5 0 0 0 8]
 [2 0 3 0 0 0 5 0 0]
 [5 0 0 1 0 0 0 9 0]]
Solution:
[[0 5 8 1 6 7 4 3 0]
 [9 7 3 5 4 8 0 1 2]
 [0 4 1 9 2 3 6 5 7]
 [4 1 7 3 9 6 2 8 5]
 [2 8 6 7 5 1 3 4 9]
 [5 3 9 2 8 0 1 7 6]
 [8 0 2 0 1 9 5 6 3]
 [3 9 5 6 7 2 8 0 4]
 [7 6 0 8 3 4 9 2 1]]
Number of cells unfilled: 9
Accuracy: 88.88888888888889
Sample: 23085
Question:
[[0 0 3 0 2 0 0 0 4]
 [0 1 0 0 0 7 3 0 0]
 [6 0 0 3 0 0 0 8 0]
 [1 0 0 0 0 8 0 0 0]
 [0 0 7 9 0 0 5 0 0]
 [0 9 0 0 0 0 0 6 0]
 [0 0 0 0 4 0 0 0 2]
 [0 0 1 7 0 0 0 3 0]
 [0 5 0 0 0 1 9 0 0]]
Solution:
[[0 5 8 1 6 7 4 3 0]
 [9 7 3 5 4 8 0 1 2]
 [0 2 1 9 0 3 6 0 7]
 [4 1 7 3 9 6 2 8 0]
 [2 8 6 7 0 1 3 5 9]
 [5 3 9 2 8 0 1 7 6]
 [7 4 2 8 1 9 5 6 3]
 [3 9 5 6 0 2 7 0 4]
 [8 6 0 0 7 4 9 2 1]]
Number of cells unfilled: 13
Accuracy: 83.9506172839506
Sample: 23086
Question:
[[0 5 0 1 0 0 0 0 7]
 [0 0 9 0 7 0 0 0 0]
 [7 0 0 0 3 5 0 8 0]
 [6 0 0 0 0 1 8 0 0]
 [0 7 0 0 4 0 0 0 1]
 [9 0 0 0 0 0 0 2 0]
 [0 4 0 0 0 7 0 0 3]
 [0 9 0 4 0 0 6 0 0]
 [2 0 0 0 0 0 0 4 0]]
Solution:
[[0 5 8 1 6 2 4 3 0]
 [9 7 3 5 4 8 0 1 2]
 [0 2 1 9 0 3 6 5 7]
 [4 1 7 3 9 6 2 8 5]
 [2 8 6 7 5 1 3 4 9]
 [5 3 9 2 8 0 1 7 6]
 [7 4 2 8 1 9 5 6 3]
 [3 9 5 6 2 0 7 0 4]
 [8 6 0 0 3 4 9 2 1]]
Number of cells unfilled: 10
Accuracy: 87.65432098765432
Sample: 23087
Question:
[[0 3 0 0 9 0 0 0 0]
 [4 0 0 0 0 5 1 0 0]
 [0 0 8 4 0 0 0 0 0]
 [0 0 2 1 0 0 5 6 0]
 [0 0 0 0 0 0 2 0 0]
 [6 0 0 0 0 2 0 7 1]
 [0 4 0 8 0 0 0 0 2]
 [5 0 0 0 0 4 6 0 0]
 [0 0 9 0 3 0 0 0 0]]
Solution:
[[0 5 8 1 6 7 4 3 0]
 [9 7 3 5 4 8 0 1 2]
 [0 4 1 9 2 3 6 5 7]
 [4 1 7 3 9 6 2 8 5]
 [2 8 6 7 5 1 3 4 9]
 [5 3 9 2 8 0 1 7 6]
 [8 0 2 0 1 9 5 6 3]
 [3 9 5 6 7 2 8 0 4]
 [7 6 0 8 3 4 9 2 1]]
Number of cells unfilled: 9
Accuracy: 88.88888888888889
Sample: 23088
Question:
[[0 0 0 0 0 0 9 0 6]
 [0 5 0 0 7 0 0 0 0]
 [0 2 0 0 0 8 3 0 0]
 [5 0 3 0 0 0 0 0 0]
 [0 0 0 0 0 1 7 0 0]
 [0 8 0 0 5 0 6 4 2]
 [9 0 0 0 1 0 0 0 3]
 [0 0 1 7 3 0 4 0 0]
 [0 0 0 4 0 0 0 0 0]]
Solution:
[[7 5 8 1 6 0 4 3 2]
 [9 2 3 5 4 8 0 1 0]
 [0 4 1 9 2 3 6 5 7]
 [4 1 7 3 9 6 2 8 5]
 [2 8 6 7 5 1 3 4 9]
 [5 3 9 2 8 0 1 7 6]
 [8 7 2 0 1 9 5 6 3]
 [3 9 5 6 0 2 7 0 4]
 [1 6 0 0 7 4 9 2 8]]
Number of cells unfilled: 10
Accuracy: 87.65432098765432
Sample: 23089
Question:
[[0 8 0 0 5 0 9 0 6]
 [0 0 6 0 0 0 0 0 3]
 [0 0 0 8 0 6 0 7 0]
 [4 0 9 0 0 0 1 0 0]
 [0 5 0 4 0 0 0 0 0]
 [8 0 1 0 9 0 0 0 0]
 [0 1 0 0 8 0 4 0 0]
 [0 0 8 0 0 7 0 2 0]
 [3 0 0 2 0 0 0 0 0]]
Solution:
[[0 5 8 1 6 7 4 3 2]
 [9 7 3 5 4 8 0 1 0]
 [0 2 1 9 0 3 6 5 7]
 [4 1 7 3 9 6 2 8 5]
 [2 8 6 7 5 1 3 4 9]
 [5 3 9 2 8 0 1 7 6]
 [7 4 2 8 1 9 5 6 3]
 [3 9 5 6 0 2 7 0 4]
 [8 6 0 0 7 4 9 2 1]]
Number of cells unfilled: 10
Accuracy: 87.65432098765432
Sample: 23090
Question:
[[0 7 0 0 6 0 0 0 0]
 [0 0 0 7 0 0 9 0 6]
 [5 0 9 0 4 0 0 0 2]
 [0 0 0 1 0 0 0 4 5]
 [0 0 0 0 0 0 0 3 0]
 [8 0 0 0 0 6 0 0 0]
 [0 0 6 0 2 0 0 0 0]
 [0 0 1 0 0 5 4 0 0]
 [0 0 4 0 9 7 0 0 3]]
Solution:
[[7 5 8 1 6 0 4 3 2]
 [9 2 3 5 4 8 0 1 0]
 [0 4 1 9 2 3 6 5 7]
 [4 1 7 3 9 6 2 8 5]
 [2 8 6 7 5 1 3 4 9]
 [5 3 9 2 8 0 1 7 6]
 [8 7 2 0 1 9 5 6 3]
 [3 9 5 6 7 2 8 0 4]
 [0 6 0 8 3 4 9 2 1]]
Number of cells unfilled: 9
Accuracy: 88.88888888888889
Sample: 23091
Question:
[[0 8 2 0 0 0 0 4 0]
 [0 7 0 0 0 0 2 0 9]
 [1 0 0 9 0 0 0 0 5]
 [0 4 0 0 8 9 0 0 2]
 [0 0 0 1 3 0 8 7 0]
 [0 1 0 2 0 0 0 0 4]
 [0 0 0 0 0 0 4 2 7]
 [0 0 0 0 5 0 0 0 0]
 [3 0 0 8 0 0 5 0 0]]
Solution:
[[0 5 8 1 6 7 4 3 0]
 [9 7 3 5 4 8 0 1 2]
 [0 4 1 9 2 3 6 5 7]
 [4 1 7 3 9 6 2 8 5]
 [2 8 6 7 5 1 3 4 9]
 [5 3 9 2 8 0 1 7 6]
 [8 0 2 0 1 9 5 6 3]
 [3 9 5 6 7 2 8 0 4]
 [7 6 0 8 3 4 9 2 1]]
Number of cells unfilled: 9
Accuracy: 88.88888888888889
Sample: 23092
Question:
[[0 0 1 0 8 0 5 0 2]
 [7 0 0 0 9 0 0 1 0]
 [0 5 0 1 0 0 0 0 0]
 [0 0 0 0 6 0 0 0 0]
 [8 7 0 0 0 3 0 0 0]
 [0 0 9 7 0 8 0 2 0]
 [0 6 0 0 0 9 0 8 4]
 [4 0 0 0 0 0 3 0 0]
 [0 0 7 8 0 0 0 5 0]]
Solution:
[[7 5 8 1 6 0 4 3 2]
 [9 2 3 5 4 8 0 1 0]
 [0 4 1 9 2 3 6 5 7]
 [4 1 7 3 9 6 2 8 5]
 [2 8 6 7 5 1 3 4 9]
 [5 3 9 2 8 0 1 7 6]
 [8 7 2 0 1 9 5 6 3]
 [3 9 5 6 7 2 8 0 4]
 [0 6 0 8 3 4 9 2 1]]
Number of cells unfilled: 9
Accuracy: 88.88888888888889
Sample: 23093
Question:
[[0 0 3 0 4 9 5 0 0]
 [0 0 0 0 0 0 0 0 8]
 [1 0 4 5 0 0 0 0 0]
 [0 0 0 0 0 0 0 0 1]
 [8 3 0 0 0 0 0 0 5]
 [0 0 1 9 8 0 7 3 0]
 [2 0 9 0 5 0 4 0 0]
 [7 0 0 0 0 0 0 0 0]
 [0 0 0 0 1 6 0 2 0]]
Solution:
[[0 5 8 1 6 2 4 3 0]
 [9 7 3 5 4 8 0 1 2]
 [0 2 1 9 0 3 6 5 7]
 [4 1 7 3 9 6 2 8 5]
 [2 8 6 7 5 1 3 4 9]
 [5 3 9 2 8 0 1 7 6]
 [7 4 2 8 1 9 5 6 3]
 [3 9 5 6 2 7 8 0 4]
 [8 6 0 0 3 4 9 2 1]]
Number of cells unfilled: 9
Accuracy: 88.88888888888889
Sample: 23094
Question:
[[0 0 0 0 0 0 3 0 0]
 [0 0 0 0 7 0 0 0 6]
 [8 0 0 2 0 0 0 5 0]
 [0 0 0 0 0 9 0 0 7]
 [0 5 0 4 3 0 0 1 0]
 [4 0 0 0 8 0 0 0 3]
 [2 1 0 0 9 0 0 0 0]
 [0 0 4 8 0 0 0 2 0]
 [5 8 0 0 0 0 6 0 0]]
Solution:
[[0 5 8 1 6 2 4 3 0]
 [9 7 3 5 4 8 0 1 2]
 [0 4 1 9 0 3 6 0 7]
 [4 1 7 3 5 6 2 8 0]
 [2 8 6 7 0 1 3 5 9]
 [5 3 9 2 8 0 1 7 6]
 [8 0 2 0 1 9 5 6 3]
 [3 9 5 6 2 0 7 0 4]
 [7 6 0 8 3 4 9 2 1]]
Number of cells unfilled: 14
Accuracy: 82.71604938271605
Sample: 23095
Question:
[[6 0 0 0 0 4 0 0 0]
 [0 0 1 6 9 0 0 0 0]
 [0 0 0 8 0 0 4 0 0]
 [2 0 0 0 0 0 0 0 4]
 [7 0 0 0 0 0 0 0 2]
 [1 0 0 0 2 9 0 3 7]
 [0 0 9 7 0 0 0 0 0]
 [0 2 0 0 4 6 8 0 0]
 [0 0 5 1 0 3 0 0 0]]
Solution:
[[0 5 8 1 6 2 4 3 0]
 [9 7 3 5 4 8 0 1 2]
 [0 2 1 9 0 3 6 5 7]
 [4 1 7 3 9 6 2 8 5]
 [2 8 6 7 5 1 3 4 9]
 [5 3 9 2 8 0 1 7 6]
 [8 4 2 0 1 7 5 6 3]
 [3 9 5 6 2 0 7 0 4]
 [7 6 0 0 3 4 9 2 8]]
Number of cells unfilled: 11
Accuracy: 86.41975308641975
Sample: 23096
Question:
[[4 0 0 0 0 1 3 0 0]
 [0 8 1 0 0 0 0 7 0]
 [0 3 0 2 0 0 0 0 0]
 [0 0 0 9 0 0 0 6 0]
 [0 0 0 0 0 0 0 0 7]
 [0 0 4 0 0 3 1 0 0]
 [0 0 3 1 0 5 0 0 9]
 [5 0 0 6 0 0 0 0 0]
 [0 4 0 0 0 8 5 2 0]]
Solution:
[[0 5 8 1 6 7 4 3 2]
 [9 7 3 5 4 8 0 1 0]
 [0 2 1 9 0 3 6 5 7]
 [4 1 7 3 9 6 2 8 5]
 [2 8 6 7 5 1 3 4 9]
 [5 3 9 2 8 0 1 7 6]
 [8 4 2 0 1 9 5 6 3]
 [3 9 5 6 0 2 7 0 4]
 [7 6 0 8 3 4 9 2 1]]
Number of cells unfilled: 10
Accuracy: 87.65432098765432
Sample: 23097
Question:
[[4 0 0 0 5 0 3 0 1]
 [0 0 7 2 1 0 0 8 4]
 [3 0 8 0 7 0 0 0 2]
 [7 6 0 1 2 9 8 0 0]
 [0 0 0 0 0 0 0 0 0]
 [0 3 9 8 0 0 1 5 0]
 [6 5 2 7 0 0 0 3 0]
 [0 0 0 3 0 0 9 6 0]
 [0 8 0 0 0 4 2 0 7]]
Solution:
[[0 5 8 1 6 7 4 3 0]
 [9 7 3 5 4 8 0 1 2]
 [0 2 1 9 0 3 6 5 7]
 [4 1 7 3 9 6 2 8 5]
 [2 8 6 7 5 1 3 4 9]
 [5 3 9 2 8 0 1 7 6]
 [7 4 2 8 1 9 5 6 3]
 [3 9 5 6 0 2 7 0 4]
 [1 6 0 0 7 4 9 2 8]]
Number of cells unfilled: 10
Accuracy: 87.65432098765432
Sample: 23098
Question:
[[2 0 8 0 0 0 7 0 0]
 [0 0 6 0 0 0 0 0 1]
 [0 1 0 0 0 5 4 0 0]
 [0 4 5 0 0 0 0 0 0]
 [0 9 1 0 0 0 2 0 0]
 [0 0 0 0 0 0 0 9 0]
 [7 0 2 4 0 1 0 0 5]
 [0 0 0 0 2 0 0 0 8]
 [1 0 0 0 7 8 0 0 0]]
Solution:
[[7 5 8 1 6 0 4 3 2]
 [9 2 3 0 4 8 0 1 5]
 [0 4 1 9 2 3 6 0 7]
 [4 1 7 3 5 6 2 8 0]
 [2 8 6 7 0 1 3 5 9]
 [5 3 9 2 8 0 1 7 6]
 [8 7 2 0 1 9 5 6 3]
 [3 9 5 6 0 2 7 0 4]
 [1 6 0 5 3 4 9 2 8]]
Number of cells unfilled: 12
Accuracy: 85.18518518518519
Sample: 23099
Question:
[[0 0 4 0 0 0 5 0 3]
 [0 0 0 0 0 0 0 8 0]
 [0 8 0 3 0 0 7 0 4]
 [0 0 5 8 0 0 1 4 0]
 [0 0 3 4 0 0 0 7 0]
 [0 0 0 0 0 1 0 0 0]
 [2 5 0 0 0 0 0 0 0]
 [9 0 0 0 0 0 6 0 0]
 [0 0 8 7 0 0 0 5 0]]
Solution:
[[0 5 8 1 6 7 4 3 0]
 [9 7 3 5 4 8 0 1 2]
 [0 4 1 9 2 3 6 5 7]
 [4 1 7 3 9 6 2 8 5]
 [2 8 6 7 5 1 3 4 9]
 [5 3 9 2 8 0 1 7 6]
 [8 0 2 0 1 9 5 6 3]
 [3 9 5 6 0 2 7 0 4]
 [0 6 0 8 7 4 9 2 1]]
Number of cells unfilled: 11
Accuracy: 86.41975308641975
Sample: 23100
Question:
[[0 5 0 0 6 0 4 0 0]
 [0 0 3 0 0 8 0 1 0]
 [0 0 0 9 0 0 0 0 7]
 [4 0 0 0 0 6 0 8 0]
 [0 8 0 7 0 0 0 0 9]
 [0 3 0 0 8 0 1 0 0]
 [0 0 2 0 1 0 5 0 0]
 [3 0 0 0 0 0 0 0 0]
 [0 6 0 0 0 4 0 2 0]]
Solution:
[[0 5 8 1 6 7 4 3 0]
 [9 7 3 5 4 8 0 1 2]
 [0 4 1 9 2 3 6 5 7]
 [4 1 7 3 9 6 2 8 5]
 [2 8 6 7 5 1 3 4 9]
 [5 3 9 2 8 0 1 7 6]
 [8 0 2 0 1 9 5 6 3]
 [3 9 5 6 0 2 7 0 4]
 [7 6 0 0 3 4 9 2 8]]
Number of cells unfilled: 11
Accuracy: 86.41975308641975
