2025-10-22 14:11:56.997029: I tensorflow/core/util/port.cc:153] oneDNN custom operations are on. You may see slightly different numerical results due to floating-point round-off errors from different computation orders. To turn them off, set the environment variable `TF_ENABLE_ONEDNN_OPTS=0`.
2025-10-22 14:11:57.091072: I tensorflow/core/platform/cpu_feature_guard.cc:210] This TensorFlow binary is optimized to use available CPU instructions in performance-critical operations.
To enable the following instructions: AVX2 AVX512F AVX512_VNNI FMA, in other operations, rebuild TensorFlow with the appropriate compiler flags.
2025-10-22 14:12:02.591518: I tensorflow/core/util/port.cc:153] oneDNN custom operations are on. You may see slightly different numerical results due to floating-point round-off errors from different computation orders. To turn them off, set the environment variable `TF_ENABLE_ONEDNN_OPTS=0`.
2025-10-22 14:12:08.864821: E external/local_xla/xla/stream_executor/cuda/cuda_platform.cc:51] failed call to cuInit: INTERNAL: CUDA error: Failed call to cuInit: UNKNOWN ERROR (303)
Sample: 23701
Question:
[[0 0 0 0 0 5 0 6 1]
 [8 6 0 4 0 0 2 0 0]
 [0 0 2 0 0 0 0 8 0]
 [3 0 0 0 9 0 0 2 0]
 [0 2 0 1 0 0 0 0 6]
 [0 0 7 0 0 0 0 4 0]
 [0 0 3 0 4 0 0 0 0]
 [2 4 0 8 0 0 0 1 0]
 [0 0 0 0 0 0 4 0 0]]
Solution:
[[4 6 0 5 8 9 3 2 7]
 [7 8 9 3 2 0 0 1 6]
 [1 2 3 7 4 6 8 9 5]
 [8 4 7 0 1 2 5 6 9]
 [2 1 0 8 6 4 7 3 0]
 [6 3 5 9 7 0 4 8 2]
 [3 0 2 4 9 7 1 5 0]
 [5 9 4 1 3 0 6 7 8]
 [0 7 1 6 5 8 9 4 3]]
Number of cells unfilled: 11
Accuracy: 86.41975308641975
Sample: 23702
Question:
[[0 0 0 0 0 5 9 0 0]
 [6 0 0 0 0 8 0 0 7]
 [0 2 0 1 0 0 0 8 0]
 [5 0 0 0 0 0 7 0 0]
 [0 0 0 0 5 0 0 0 0]
 [0 3 0 0 0 2 0 5 8]
 [0 8 4 2 0 1 0 0 0]
 [0 5 0 0 0 0 0 1 3]
 [0 0 0 0 0 3 8 0 0]]
Solution:
[[4 6 0 5 8 9 3 2 7]
 [7 8 9 3 2 0 0 1 6]
 [1 2 3 7 4 6 8 9 5]
 [8 4 7 0 1 2 5 6 9]
 [2 0 5 8 6 4 7 3 1]
 [6 3 0 9 7 5 4 8 2]
 [3 0 2 4 9 7 1 5 0]
 [5 9 4 1 3 0 6 7 8]
 [0 7 1 6 5 8 9 4 3]]
Number of cells unfilled: 10
Accuracy: 87.65432098765432
Sample: 23703
Question:
[[0 0 0 6 0 2 3 8 0]
 [0 0 0 5 0 9 0 0 0]
 [9 0 2 0 8 0 0 5 0]
 [8 0 5 0 0 6 0 9 0]
 [0 0 0 0 0 0 0 0 0]
 [0 7 0 0 0 0 0 0 5]
 [0 0 8 2 0 0 0 6 0]
 [0 4 0 0 0 5 0 0 0]
 [7 0 0 0 0 8 0 0 1]]
Solution:
[[4 6 0 5 8 9 3 2 7]
 [7 8 9 3 2 0 0 1 6]
 [1 5 3 7 4 6 8 9 0]
 [8 4 7 0 1 2 5 6 9]
 [2 1 0 8 6 4 7 3 0]
 [6 3 5 9 7 0 4 8 2]
 [3 0 2 4 9 7 1 5 0]
 [5 9 4 1 3 0 6 7 8]
 [0 7 1 6 5 8 9 4 3]]
Number of cells unfilled: 12
Accuracy: 85.18518518518519
Sample: 23704
Question:
[[0 0 2 0 0 0 0 0 0]
 [0 9 0 0 6 0 0 3 0]
 [0 0 0 0 0 9 5 0 4]
 [6 0 7 0 3 0 4 0 9]
 [0 4 0 0 0 0 0 0 0]
 [9 0 3 0 0 0 0 7 0]
 [0 7 0 0 9 0 0 0 0]
 [0 6 0 0 4 0 8 0 0]
 [4 0 0 0 0 8 0 0 1]]
Solution:
[[4 6 0 5 8 1 3 2 7]
 [7 8 9 3 2 0 0 1 6]
 [1 5 3 7 4 6 8 9 0]
 [8 4 7 0 1 2 5 6 0]
 [2 1 0 8 6 4 7 3 9]
 [6 3 5 9 7 0 4 8 2]
 [3 0 2 4 9 7 1 5 0]
 [5 9 4 1 3 0 6 7 8]
 [0 7 1 6 5 8 9 4 3]]
Number of cells unfilled: 12
Accuracy: 85.18518518518519
Sample: 23705
Question:
[[0 0 8 0 0 0 0 0 0]
 [0 7 0 9 0 0 0 0 0]
 [3 0 0 0 7 8 0 0 6]
 [0 8 0 1 0 0 0 0 7]
 [0 4 0 0 0 9 0 0 8]
 [6 0 0 0 0 0 2 0 0]
 [0 0 5 0 0 0 6 0 2]
 [0 0 0 8 0 0 7 0 3]
 [7 0 0 0 2 3 0 0 0]]
Solution:
[[4 6 0 5 8 1 3 2 9]
 [7 8 9 3 2 0 0 1 6]
 [1 2 3 7 4 6 8 0 5]
 [8 4 7 9 1 2 5 6 0]
 [2 1 0 8 6 4 7 9 0]
 [6 3 5 0 7 0 4 8 2]
 [3 0 2 4 9 7 1 5 0]
 [5 9 4 1 3 0 6 7 8]
 [0 7 1 6 5 8 9 4 3]]
Number of cells unfilled: 13
Accuracy: 83.9506172839506
Sample: 23706
Question:
[[0 0 9 0 0 0 8 0 0]
 [4 0 0 0 2 0 0 0 0]
 [2 3 0 8 0 9 0 0 4]
 [1 0 0 0 0 0 0 0 0]
 [0 2 0 9 0 5 0 0 0]
 [0 0 8 0 4 0 0 0 3]
 [0 9 0 7 0 0 0 6 0]
 [0 0 3 0 0 6 0 0 9]
 [0 0 2 0 0 0 0 0 8]]
Solution:
[[4 6 0 5 8 1 3 2 7]
 [7 8 9 3 2 0 0 1 6]
 [1 5 3 7 4 6 8 9 0]
 [8 4 7 0 1 2 5 6 9]
 [2 0 0 8 6 4 7 3 1]
 [6 3 5 9 7 0 4 8 2]
 [3 0 2 4 9 7 1 5 0]
 [5 9 4 1 3 0 6 7 8]
 [0 7 1 6 5 8 9 4 3]]
Number of cells unfilled: 12
Accuracy: 85.18518518518519
Sample: 23707
Question:
[[0 1 0 0 0 6 8 0 0]
 [6 0 0 9 0 0 0 0 0]
 [0 3 0 0 1 0 4 0 0]
 [0 8 0 0 5 0 3 1 0]
 [0 0 0 0 0 0 0 2 0]
 [3 0 0 0 0 7 0 0 0]
 [0 0 3 0 0 0 1 0 0]
 [0 5 0 3 0 1 0 4 8]
 [0 0 0 0 4 0 0 5 0]]
Solution:
[[4 6 0 5 8 9 3 2 7]
 [7 8 9 3 2 0 0 1 6]
 [1 5 3 7 4 6 8 9 0]
 [8 4 7 0 1 2 5 6 0]
 [2 1 0 8 6 4 7 3 9]
 [6 3 5 9 7 0 4 8 2]
 [3 0 2 4 9 7 1 5 0]
 [5 9 4 1 3 0 6 7 8]
 [0 7 1 6 5 8 9 4 3]]
Number of cells unfilled: 12
Accuracy: 85.18518518518519
Sample: 23708
Question:
[[0 6 0 0 8 0 0 0 0]
 [0 0 0 0 3 5 0 4 0]
 [8 0 3 0 0 0 1 0 0]
 [0 2 0 0 1 0 0 0 6]
 [7 0 0 0 6 0 0 0 9]
 [0 0 0 0 0 3 5 0 0]
 [0 7 0 0 0 0 0 0 1]
 [6 0 1 0 5 0 8 0 0]
 [0 0 0 1 0 0 0 6 0]]
Solution:
[[4 6 0 5 8 1 3 2 7]
 [7 8 9 3 2 0 0 1 6]
 [1 5 3 7 4 6 8 9 0]
 [8 4 7 0 1 2 5 6 9]
 [2 0 5 9 6 4 7 3 1]
 [6 3 0 0 7 5 4 8 2]
 [3 0 2 8 9 7 1 5 0]
 [5 9 4 1 3 0 6 7 8]
 [0 7 1 6 5 0 9 4 3]]
Number of cells unfilled: 13
Accuracy: 83.9506172839506
Sample: 23709
Question:
[[0 8 2 0 4 0 9 0 0]
 [0 0 6 0 0 0 0 0 0]
 [0 0 0 8 0 0 0 7 0]
 [4 0 1 0 9 0 0 2 8]
 [0 0 0 0 0 0 0 0 0]
 [8 0 9 0 0 0 1 0 0]
 [2 0 0 5 0 0 0 0 3]
 [0 1 0 0 8 0 2 0 0]
 [0 4 0 0 2 0 0 5 0]]
Solution:
[[4 6 0 5 8 9 3 2 7]
 [7 8 9 3 2 0 0 1 6]
 [1 5 3 7 4 6 8 9 0]
 [8 4 7 0 1 2 5 6 9]
 [2 1 0 8 6 4 7 3 0]
 [6 3 5 9 7 0 4 8 2]
 [3 0 2 4 9 7 1 5 0]
 [5 9 4 1 3 0 6 7 8]
 [0 7 1 6 5 8 9 4 3]]
Number of cells unfilled: 12
Accuracy: 85.18518518518519
Sample: 23710
Question:
[[3 0 0 0 0 0 0 7 0]
 [0 8 0 0 4 0 6 0 0]
 [0 2 0 0 0 5 8 0 0]
 [0 0 0 0 0 0 0 0 0]
 [0 6 0 0 5 0 0 0 0]
 [1 0 0 6 0 8 3 0 0]
 [6 0 0 7 0 1 0 0 0]
 [0 0 0 0 8 0 1 6 0]
 [8 0 9 0 0 0 7 3 0]]
Solution:
[[4 6 0 5 8 1 3 2 7]
 [7 8 9 3 2 0 0 1 6]
 [1 2 3 7 4 6 8 9 5]
 [8 4 7 9 1 2 5 6 0]
 [2 1 0 8 6 4 7 3 9]
 [6 3 5 0 7 0 4 8 2]
 [3 0 2 4 9 7 1 5 0]
 [5 9 4 1 3 0 6 7 8]
 [0 7 1 6 5 8 9 4 3]]
Number of cells unfilled: 11
Accuracy: 86.41975308641975
Sample: 23711
Question:
[[6 0 0 0 0 0 0 0 0]
 [0 0 0 0 4 0 7 0 0]
 [0 7 0 6 0 8 4 3 0]
 [0 3 0 0 7 0 8 0 6]
 [0 0 0 0 0 0 2 0 0]
 [0 0 0 0 0 1 0 4 0]
 [0 0 9 5 0 0 0 8 0]
 [0 8 0 0 0 9 0 0 3]
 [0 6 0 0 8 0 0 0 4]]
Solution:
[[4 6 0 5 8 1 3 2 7]
 [7 8 9 3 2 0 0 1 6]
 [1 5 3 7 4 6 8 9 0]
 [8 4 7 0 1 2 5 6 9]
 [2 1 0 8 6 4 7 3 0]
 [6 3 5 9 7 0 4 8 2]
 [3 0 2 4 9 7 1 5 0]
 [5 9 4 1 3 0 6 7 8]
 [0 7 1 6 5 8 9 4 3]]
Number of cells unfilled: 12
Accuracy: 85.18518518518519
Sample: 23712
Question:
[[9 0 0 5 0 0 0 0 7]
 [5 0 0 6 0 0 0 8 0]
 [0 0 2 0 4 0 0 0 0]
 [0 0 0 3 0 0 0 5 0]
 [0 1 5 4 2 0 0 0 0]
 [0 0 6 0 0 0 4 0 3]
 [0 0 0 0 0 6 0 0 0]
 [0 0 3 2 0 0 6 0 5]
 [6 0 0 0 0 0 0 7 0]]
Solution:
[[4 6 0 5 8 9 3 2 1]
 [7 8 9 3 2 1 0 0 6]
 [1 2 3 7 4 6 8 9 5]
 [8 4 7 0 1 2 5 6 9]
 [2 0 0 8 6 4 7 1 0]
 [6 3 5 9 7 0 4 8 2]
 [3 0 2 4 9 7 1 5 0]
 [5 9 4 1 3 0 6 7 8]
 [0 7 1 6 5 8 9 4 3]]
Number of cells unfilled: 12
Accuracy: 85.18518518518519
Sample: 23713
Question:
[[0 0 6 0 0 0 0 7 0]
 [0 0 0 0 0 8 0 0 9]
 [0 0 0 2 0 0 0 6 1]
 [0 2 0 6 0 0 7 0 3]
 [0 0 8 7 0 0 9 0 0]
 [0 0 9 0 4 0 0 0 0]
 [4 8 0 0 0 0 0 0 0]
 [0 0 7 4 5 3 0 0 0]
 [9 0 0 0 1 0 0 0 2]]
Solution:
[[4 6 0 5 8 9 3 2 7]
 [7 8 9 3 2 0 0 1 6]
 [1 2 3 7 4 6 8 9 5]
 [8 4 7 0 1 2 5 6 9]
 [2 0 0 8 6 4 7 3 1]
 [6 3 5 9 7 0 4 8 2]
 [3 0 2 4 9 7 1 5 0]
 [5 9 4 1 3 0 6 7 8]
 [0 7 1 6 5 8 9 4 3]]
Number of cells unfilled: 11
Accuracy: 86.41975308641975
Sample: 23714
Question:
[[0 0 6 2 9 0 0 0 0]
 [0 7 0 0 0 4 0 6 2]
 [0 0 0 6 7 0 1 0 0]
 [0 9 0 4 0 0 8 0 0]
 [0 4 0 0 2 0 0 7 9]
 [0 0 3 0 0 0 0 0 0]
 [0 6 0 9 0 0 0 8 7]
 [0 0 9 0 0 0 5 0 6]
 [8 0 0 0 0 0 0 0 0]]
Solution:
[[4 6 0 5 8 1 3 2 7]
 [7 8 9 3 2 0 0 1 6]
 [1 5 3 7 4 6 8 9 0]
 [8 4 7 0 1 2 5 6 9]
 [2 0 0 8 6 4 7 3 1]
 [6 3 5 9 7 0 4 8 2]
 [3 0 2 4 9 7 1 5 0]
 [5 9 4 1 3 0 6 7 8]
 [0 7 1 6 5 8 9 4 3]]
Number of cells unfilled: 12
Accuracy: 85.18518518518519
Sample: 23715
Question:
[[0 0 9 3 0 0 5 0 6]
 [0 7 0 0 4 0 0 0 1]
 [0 0 5 6 0 0 7 9 0]
 [9 0 0 8 0 0 0 0 0]
 [0 0 3 0 5 0 0 0 0]
 [0 8 0 0 6 3 9 0 0]
 [2 0 0 0 0 0 0 0 0]
 [0 0 0 0 9 8 0 7 0]
 [0 0 8 5 0 0 6 0 0]]
Solution:
[[4 6 0 5 8 1 3 2 7]
 [7 8 9 3 2 0 0 1 6]
 [1 2 3 7 4 6 8 9 5]
 [8 4 7 0 1 2 5 6 9]
 [2 5 0 8 6 4 7 3 1]
 [6 3 0 9 7 5 4 8 2]
 [3 0 2 4 9 7 1 5 0]
 [5 9 4 1 3 0 6 7 8]
 [0 7 1 6 5 8 9 4 3]]
Number of cells unfilled: 10
Accuracy: 87.65432098765432
Sample: 23716
Question:
[[9 0 7 0 0 8 5 0 0]
 [6 0 8 0 0 0 0 0 7]
 [0 5 0 0 0 0 0 8 0]
 [0 9 0 0 0 1 0 0 6]
 [0 7 0 0 9 6 0 0 8]
 [2 0 0 0 3 0 1 0 0]
 [0 6 0 0 0 9 0 0 5]
 [0 0 9 0 8 0 0 4 0]
 [0 0 0 1 0 0 0 0 0]]
Solution:
[[4 6 0 5 8 9 3 2 7]
 [7 8 9 3 2 0 0 1 6]
 [1 5 3 7 4 6 8 9 0]
 [8 4 7 0 1 2 5 6 9]
 [2 0 0 8 6 4 7 3 1]
 [6 3 5 9 7 0 4 8 2]
 [3 0 2 4 9 7 1 5 0]
 [5 9 4 1 3 0 6 7 8]
 [0 7 1 6 5 8 9 4 3]]
Number of cells unfilled: 12
Accuracy: 85.18518518518519
Sample: 23717
Question:
[[0 7 0 0 4 0 0 9 2]
 [0 6 0 0 0 3 0 8 1]
 [0 1 0 9 0 2 0 0 0]
 [0 0 5 0 0 0 8 0 0]
 [7 0 0 0 0 1 3 0 0]
 [0 2 0 8 0 0 0 6 9]
 [0 0 0 0 9 0 0 0 0]
 [0 0 0 3 0 0 0 7 0]
 [0 0 2 0 0 4 0 0 0]]
Solution:
[[4 6 0 5 8 9 3 2 7]
 [7 8 9 3 2 0 0 1 6]
 [1 2 3 7 4 6 8 9 5]
 [8 4 7 0 1 2 5 6 9]
 [2 0 0 8 6 4 7 3 1]
 [6 3 5 9 7 0 4 8 2]
 [3 0 2 4 9 7 1 5 0]
 [5 9 4 1 3 0 6 7 8]
 [0 7 1 6 5 8 9 4 3]]
Number of cells unfilled: 11
Accuracy: 86.41975308641975
Sample: 23718
Question:
[[0 9 0 5 6 0 0 0 0]
 [1 0 3 0 0 7 0 0 5]
 [0 0 0 0 1 0 0 4 0]
 [0 2 0 0 0 0 5 0 0]
 [0 0 0 0 0 0 0 0 0]
 [6 0 1 0 5 0 0 0 4]
 [3 0 7 1 0 0 0 0 6]
 [2 0 0 0 7 5 8 0 3]
 [0 0 0 0 3 0 4 0 0]]
Solution:
[[4 6 0 5 8 1 3 2 7]
 [7 8 9 3 2 0 0 1 6]
 [1 5 3 7 4 6 8 9 0]
 [8 4 7 0 1 2 5 6 0]
 [2 1 0 8 6 4 7 3 9]
 [6 3 5 9 7 0 4 8 2]
 [3 0 2 4 9 7 1 5 0]
 [5 9 4 1 3 0 6 7 8]
 [0 7 1 6 5 8 9 4 3]]
Number of cells unfilled: 12
Accuracy: 85.18518518518519
Sample: 23719
Question:
[[4 0 0 0 7 0 0 0 0]
 [6 9 8 0 0 0 0 0 4]
 [0 0 7 0 6 0 0 5 0]
 [7 0 0 0 0 0 5 8 0]
 [3 0 0 5 0 0 0 4 0]
 [0 0 0 0 8 3 0 1 0]
 [2 0 1 0 3 0 0 0 0]
 [0 3 5 0 0 4 1 0 7]
 [0 4 0 0 0 0 0 0 0]]
Solution:
[[4 6 0 5 8 9 3 2 7]
 [7 8 9 3 2 0 0 1 6]
 [1 2 3 7 4 6 8 9 5]
 [8 4 7 0 1 2 5 6 9]
 [2 0 0 8 6 4 7 3 1]
 [6 3 5 9 7 0 4 8 2]
 [3 0 2 4 9 7 1 5 0]
 [5 9 4 1 3 0 6 7 8]
 [0 7 1 6 5 8 9 4 3]]
Number of cells unfilled: 11
Accuracy: 86.41975308641975
Sample: 23720
Question:
[[0 2 4 0 0 0 7 0 0]
 [6 0 0 0 3 0 0 4 1]
 [3 0 1 8 0 0 9 0 0]
 [0 0 0 9 0 7 8 3 0]
 [9 0 0 1 5 0 6 0 0]
 [0 5 8 0 0 2 0 0 4]
 [0 9 2 0 7 1 0 0 8]
 [1 0 5 0 0 0 4 0 0]
 [0 0 7 0 0 6 5 0 2]]
Solution:
[[4 6 0 5 8 9 3 2 7]
 [7 8 9 3 2 0 0 1 6]
 [1 2 3 7 4 6 8 9 5]
 [8 4 7 0 1 2 5 6 9]
 [2 0 0 8 6 4 7 3 1]
 [6 3 5 9 7 0 4 8 2]
 [3 0 2 4 9 7 1 5 0]
 [5 9 4 1 3 0 6 7 8]
 [0 7 1 6 5 8 9 4 3]]
Number of cells unfilled: 11
Accuracy: 86.41975308641975
Sample: 23721
Question:
[[0 0 9 0 4 0 3 0 0]
 [7 0 2 0 1 0 0 0 0]
 [0 0 0 0 0 6 0 7 8]
 [0 0 0 0 3 0 0 0 0]
 [0 0 0 0 0 1 0 2 5]
 [0 0 5 0 0 0 8 0 0]
 [2 0 7 0 0 0 0 0 0]
 [0 0 3 0 0 4 0 5 0]
 [1 0 0 0 9 8 2 4 0]]
Solution:
[[4 6 0 5 8 1 3 2 7]
 [7 8 9 3 2 0 0 1 6]
 [1 5 3 7 4 6 8 9 0]
 [8 4 7 0 1 2 5 6 0]
 [2 1 0 8 6 4 7 3 9]
 [6 3 5 9 7 0 4 8 2]
 [3 0 2 4 9 7 1 5 0]
 [5 9 4 1 3 0 6 7 8]
 [0 7 1 6 5 8 9 4 3]]
Number of cells unfilled: 12
Accuracy: 85.18518518518519
Sample: 23722
Question:
[[0 0 3 0 5 0 0 0 0]
 [8 0 6 3 0 9 7 0 0]
 [0 4 0 8 0 0 0 3 0]
 [0 3 0 0 0 5 9 0 0]
 [4 0 0 9 0 0 0 6 0]
 [0 0 9 0 8 0 0 0 2]
 [0 0 0 0 0 0 0 0 7]
 [0 0 4 1 0 0 0 9 0]
 [1 0 0 0 0 6 2 0 0]]
Solution:
[[4 6 0 5 8 9 3 2 7]
 [7 8 9 3 2 0 0 1 6]
 [1 5 3 7 4 6 8 0 9]
 [8 4 7 0 1 2 5 6 0]
 [2 1 0 8 6 4 7 9 0]
 [6 3 5 9 7 0 4 8 2]
 [3 0 2 4 9 7 1 5 0]
 [5 9 4 1 3 0 6 7 8]
 [0 7 1 6 5 8 9 4 3]]
Number of cells unfilled: 13
Accuracy: 83.9506172839506
Sample: 23723
Question:
[[7 0 0 0 6 0 0 2 3]
 [0 0 0 3 0 0 9 7 0]
 [0 0 0 0 0 7 0 0 1]
 [8 3 0 6 0 0 0 5 0]
 [0 0 2 0 0 8 0 0 9]
 [0 4 0 0 5 0 0 0 0]
 [0 0 4 5 0 0 0 0 0]
 [2 0 0 0 0 6 0 3 0]
 [0 8 0 0 2 0 1 0 0]]
Solution:
[[4 6 0 5 8 1 3 2 7]
 [7 8 9 3 2 0 0 1 6]
 [1 2 3 7 4 6 8 9 5]
 [8 4 7 0 1 2 5 6 9]
 [2 0 0 8 6 4 7 3 1]
 [6 3 5 9 7 0 4 8 2]
 [3 0 2 4 9 7 1 5 0]
 [5 9 4 1 3 0 6 7 8]
 [0 7 1 6 5 8 9 4 3]]
Number of cells unfilled: 11
Accuracy: 86.41975308641975
Sample: 23724
Question:
[[0 7 0 0 0 1 0 0 0]
 [0 0 0 0 0 0 0 8 0]
 [4 0 0 0 2 0 0 0 6]
 [6 0 0 0 8 0 0 0 5]
 [0 0 0 9 0 3 8 0 0]
 [8 0 0 1 5 0 0 0 4]
 [0 4 6 0 0 0 0 0 0]
 [1 0 0 2 0 5 0 4 0]
 [0 0 0 0 0 0 0 0 1]]
Solution:
[[4 6 0 5 8 1 3 2 7]
 [7 8 9 3 2 0 0 1 6]
 [1 2 3 7 4 6 8 9 5]
 [8 4 7 0 1 2 5 6 9]
 [2 1 0 8 6 4 7 3 0]
 [6 3 5 9 7 0 4 8 2]
 [3 0 2 4 9 7 1 5 0]
 [5 9 4 1 3 0 6 7 8]
 [0 7 1 6 5 8 9 4 3]]
Number of cells unfilled: 11
Accuracy: 86.41975308641975
Sample: 23725
Question:
[[0 7 0 0 0 2 0 0 8]
 [0 0 0 0 4 0 0 0 0]
 [9 0 0 0 0 0 0 6 0]
 [0 6 0 0 7 0 8 5 0]
 [0 0 0 0 0 6 0 0 0]
 [7 0 2 0 0 0 0 0 6]
 [0 2 0 0 0 5 0 0 4]
 [0 0 0 4 0 0 3 1 0]
 [0 4 0 0 0 7 0 0 5]]
Solution:
[[4 6 0 5 8 9 3 2 7]
 [7 8 9 3 2 0 0 1 6]
 [1 2 3 7 4 6 8 9 5]
 [8 4 7 0 1 2 5 6 9]
 [2 0 0 8 6 4 7 3 1]
 [6 3 5 9 7 0 4 8 2]
 [3 0 2 4 9 7 1 5 0]
 [5 9 4 1 3 0 6 7 8]
 [0 7 1 6 5 8 9 4 3]]
Number of cells unfilled: 11
Accuracy: 86.41975308641975
Sample: 23726
Question:
[[0 0 0 9 0 0 2 0 0]
 [0 0 0 0 3 8 0 0 0]
 [5 0 0 4 0 0 0 3 0]
 [0 2 3 0 0 6 0 7 4]
 [0 0 0 1 0 0 0 6 8]
 [0 7 0 8 0 0 0 0 5]
 [3 0 0 0 0 5 0 0 0]
 [6 5 0 0 0 0 0 0 1]
 [0 0 0 2 1 4 0 0 0]]
Solution:
[[4 6 0 5 8 1 3 2 7]
 [7 8 9 3 2 0 0 1 6]
 [1 5 3 7 4 6 8 9 0]
 [8 4 7 0 1 2 5 6 9]
 [2 1 0 8 6 4 7 3 0]
 [6 3 5 9 7 0 4 8 2]
 [3 0 2 4 9 7 1 5 0]
 [5 9 4 1 3 0 6 7 8]
 [0 7 1 6 5 8 9 4 3]]
Number of cells unfilled: 12
Accuracy: 85.18518518518519
Sample: 23727
Question:
[[0 0 5 7 0 0 2 0 0]
 [0 0 0 0 0 8 0 0 0]
 [7 0 0 6 2 0 0 0 3]
 [3 1 0 0 0 0 9 0 6]
 [0 5 0 0 9 0 3 0 0]
 [9 0 0 3 6 0 0 2 0]
 [5 0 0 2 7 0 6 0 0]
 [0 0 0 0 0 0 0 0 0]
 [0 0 0 0 0 4 0 7 2]]
Solution:
[[4 6 0 5 8 9 3 2 7]
 [7 8 9 3 2 0 0 1 6]
 [1 5 3 7 4 6 8 9 0]
 [8 4 7 0 1 2 5 6 9]
 [2 0 0 8 6 4 7 3 1]
 [6 3 5 9 7 0 4 8 2]
 [3 0 2 4 9 7 1 5 0]
 [5 9 4 1 3 0 6 7 8]
 [0 7 1 6 5 8 9 4 3]]
Number of cells unfilled: 12
Accuracy: 85.18518518518519
Sample: 23728
Question:
[[0 0 0 0 8 0 7 6 0]
 [7 0 0 0 0 6 0 0 4]
 [0 0 2 0 0 0 0 3 0]
 [0 0 9 0 1 0 0 0 0]
 [0 0 0 8 0 0 4 0 0]
 [3 0 0 0 0 7 0 5 0]
 [0 0 1 0 5 0 0 4 0]
 [5 0 0 0 0 4 3 0 0]
 [0 2 0 9 0 0 0 0 5]]
Solution:
[[4 6 0 5 8 9 3 2 7]
 [7 8 9 3 2 0 0 1 6]
 [1 2 3 7 4 6 8 9 5]
 [8 4 7 0 1 2 5 6 9]
 [2 0 0 8 6 4 7 3 1]
 [6 3 5 9 7 0 4 8 2]
 [3 0 2 4 9 7 1 5 0]
 [5 9 4 1 3 0 6 7 8]
 [0 7 1 6 5 8 9 4 3]]
Number of cells unfilled: 11
Accuracy: 86.41975308641975
Sample: 23729
Question:
[[0 0 0 0 0 1 9 0 4]
 [1 0 4 9 0 0 0 6 0]
 [0 2 0 0 0 5 0 0 0]
 [2 0 0 0 0 9 4 0 0]
 [0 0 1 0 0 0 0 5 0]
 [0 8 9 0 5 0 1 0 0]
 [0 0 0 0 0 7 8 0 5]
 [0 0 2 0 0 0 0 0 7]
 [0 7 0 6 0 4 0 0 0]]
Solution:
[[4 6 0 5 8 1 3 2 7]
 [7 8 9 3 2 0 0 1 6]
 [1 5 3 7 4 6 8 9 0]
 [8 4 7 0 1 2 5 6 9]
 [2 1 0 8 6 4 7 3 0]
 [6 3 5 9 7 0 4 8 2]
 [3 0 2 4 9 7 1 5 0]
 [5 9 4 1 3 0 6 7 8]
 [0 7 1 6 5 8 9 4 3]]
Number of cells unfilled: 12
Accuracy: 85.18518518518519
Sample: 23730
Question:
[[0 3 0 5 8 0 2 7 0]
 [0 0 0 0 6 0 0 0 9]
 [0 0 0 4 0 7 0 1 0]
 [0 5 0 0 0 4 6 3 0]
 [0 0 0 0 1 8 0 0 7]
 [2 0 0 0 5 0 0 0 1]
 [3 0 4 0 0 0 0 0 0]
 [0 0 0 3 0 6 9 0 4]
 [0 2 0 0 0 0 0 0 0]]
Solution:
[[4 6 0 5 8 9 3 2 7]
 [7 8 9 3 2 0 0 1 6]
 [1 5 3 7 4 6 8 9 0]
 [8 4 7 0 1 2 5 6 9]
 [2 0 0 8 6 4 7 3 1]
 [6 3 5 9 7 0 4 8 2]
 [3 0 2 4 9 7 1 5 0]
 [5 9 4 1 3 0 6 7 8]
 [0 7 1 6 5 8 9 4 3]]
Number of cells unfilled: 12
Accuracy: 85.18518518518519
Sample: 23731
Question:
[[0 0 2 0 0 3 0 1 0]
 [0 6 0 0 2 0 3 0 9]
 [1 0 0 0 0 0 0 0 0]
 [0 2 0 0 9 0 0 0 6]
 [0 0 0 7 0 4 0 3 0]
 [0 0 4 0 0 0 7 0 0]
 [2 0 9 0 8 0 5 0 0]
 [0 0 6 0 0 0 0 0 8]
 [0 8 0 5 0 0 0 0 0]]
Solution:
[[4 6 0 5 8 1 3 2 7]
 [7 8 9 3 2 0 0 1 6]
 [1 2 3 7 4 6 8 9 5]
 [8 4 7 0 1 2 5 6 9]
 [2 0 0 8 6 4 7 3 1]
 [6 3 5 9 7 0 4 8 2]
 [3 0 2 4 9 7 1 5 0]
 [5 9 4 1 3 0 6 7 8]
 [0 7 1 6 5 8 9 4 3]]
Number of cells unfilled: 11
Accuracy: 86.41975308641975
Sample: 23732
Question:
[[0 1 0 0 4 0 5 0 0]
 [0 0 0 1 5 0 0 6 0]
 [4 0 0 0 0 9 0 0 7]
 [7 0 0 0 0 4 0 0 9]
 [0 4 0 6 0 0 0 2 0]
 [0 0 2 0 9 0 0 0 0]
 [0 9 4 0 0 8 3 0 0]
 [8 0 0 0 0 0 0 0 0]
 [0 7 3 0 0 0 0 0 8]]
Solution:
[[4 6 0 5 8 9 3 2 7]
 [7 8 9 3 2 0 0 1 6]
 [1 2 3 7 4 6 8 9 5]
 [8 4 7 0 1 2 5 6 9]
 [2 0 0 8 6 4 7 3 1]
 [6 3 5 9 7 0 4 8 2]
 [3 0 2 4 9 7 1 5 0]
 [5 9 4 1 3 0 6 7 8]
 [0 7 1 6 5 8 9 4 3]]
Number of cells unfilled: 11
Accuracy: 86.41975308641975
Sample: 23733
Question:
[[2 0 0 4 0 9 0 0 0]
 [0 1 0 0 8 0 4 0 0]
 [0 0 4 6 0 1 0 0 7]
 [0 0 0 9 0 0 0 0 5]
 [0 0 2 0 0 0 0 3 0]
 [0 6 0 0 0 8 1 0 0]
 [0 0 0 0 0 0 0 5 0]
 [0 4 0 8 0 0 6 0 0]
 [0 0 3 0 0 6 0 7 0]]
Solution:
[[4 6 0 5 8 9 3 2 7]
 [7 8 9 3 2 0 0 1 6]
 [1 5 3 7 4 6 8 9 0]
 [8 4 7 0 1 2 5 6 9]
 [2 1 0 8 6 4 7 3 0]
 [6 3 5 9 7 0 4 8 2]
 [3 0 2 4 9 7 1 5 0]
 [5 9 4 1 3 0 6 7 8]
 [0 7 1 6 5 8 9 4 3]]
Number of cells unfilled: 12
Accuracy: 85.18518518518519
Sample: 23734
Question:
[[0 0 0 0 0 3 0 4 7]
 [0 0 5 0 7 6 0 0 0]
 [7 0 0 8 0 0 6 0 0]
 [0 9 0 0 6 0 0 0 2]
 [1 0 4 2 0 0 0 0 5]
 [0 0 0 0 0 8 3 0 0]
 [0 0 9 0 0 1 0 0 0]
 [6 0 0 0 8 0 2 0 0]
 [0 5 0 0 0 0 0 0 0]]
Solution:
[[4 6 0 5 8 1 3 2 7]
 [7 8 9 3 2 0 0 1 6]
 [1 2 3 7 4 6 8 9 5]
 [8 4 7 0 1 2 5 6 9]
 [2 0 0 8 6 4 7 3 1]
 [6 3 5 9 7 0 4 8 2]
 [3 0 2 4 9 7 1 5 0]
 [5 9 4 1 3 0 6 7 8]
 [0 7 1 6 5 8 9 4 3]]
Number of cells unfilled: 11
Accuracy: 86.41975308641975
Sample: 23735
Question:
[[0 0 0 0 0 5 0 0 0]
 [5 0 7 0 9 0 0 1 0]
 [0 2 9 0 0 0 0 8 0]
 [0 0 3 0 0 0 0 2 0]
 [0 9 6 0 0 0 8 0 0]
 [0 0 0 7 0 0 0 0 0]
 [0 8 0 9 5 0 0 7 2]
 [0 0 0 2 0 8 1 9 0]
 [0 0 0 0 7 1 5 0 0]]
Solution:
[[4 6 0 5 8 1 3 2 7]
 [7 8 9 3 2 0 0 1 6]
 [1 5 3 7 4 6 8 9 0]
 [8 4 7 0 1 2 5 6 9]
 [2 0 0 8 6 4 7 3 1]
 [6 3 5 9 7 0 4 8 2]
 [3 0 2 4 9 7 1 5 0]
 [5 9 4 1 3 0 6 7 8]
 [0 7 1 6 5 8 9 4 3]]
Number of cells unfilled: 12
Accuracy: 85.18518518518519
Sample: 23736
Question:
[[4 0 3 0 0 0 0 0 0]
 [0 0 1 0 2 4 7 0 0]
 [0 0 0 3 1 0 9 0 0]
 [7 0 2 0 3 0 0 0 4]
 [9 0 0 0 0 0 1 0 7]
 [0 1 4 9 0 0 2 3 0]
 [0 2 0 0 0 0 0 0 0]
 [0 0 0 0 8 0 3 0 0]
 [0 0 0 1 6 0 0 0 9]]
Solution:
[[4 6 0 5 8 1 3 2 7]
 [7 8 9 3 2 0 0 1 6]
 [1 2 3 7 4 6 8 9 5]
 [8 4 7 9 1 2 5 6 0]
 [2 1 0 8 6 4 7 3 9]
 [6 3 5 0 7 0 4 8 2]
 [3 0 2 4 9 7 1 5 0]
 [5 9 4 1 3 0 6 7 8]
 [0 7 1 6 5 8 9 4 3]]
Number of cells unfilled: 11
Accuracy: 86.41975308641975
Sample: 23737
Question:
[[0 0 9 1 0 0 0 8 0]
 [3 8 0 0 6 0 0 0 0]
 [0 0 0 0 0 0 0 0 5]
 [9 0 0 4 0 0 2 0 0]
 [8 4 0 0 0 0 0 9 0]
 [0 0 2 0 0 0 0 0 1]
 [0 0 0 0 0 7 0 0 0]
 [0 0 8 2 9 0 0 1 0]
 [0 0 4 8 0 0 7 2 0]]
Solution:
[[4 6 0 5 8 9 3 2 7]
 [7 8 9 3 2 0 0 1 6]
 [1 2 3 7 4 6 8 9 5]
 [8 4 7 9 1 2 5 6 0]
 [2 1 0 8 6 4 7 3 9]
 [6 3 5 0 7 0 4 8 2]
 [3 0 2 4 9 7 1 5 0]
 [5 9 4 1 3 0 6 7 8]
 [0 7 1 6 5 8 9 4 3]]
Number of cells unfilled: 11
Accuracy: 86.41975308641975
Sample: 23738
Question:
[[0 0 5 0 4 0 0 8 1]
 [0 0 0 8 0 0 3 0 0]
 [0 0 3 0 6 0 0 0 5]
 [7 0 0 0 0 0 0 0 0]
 [0 3 0 0 0 2 0 0 0]
 [0 6 4 0 5 0 0 0 9]
 [0 0 0 0 0 0 0 0 4]
 [0 4 0 0 1 0 5 6 0]
 [0 0 6 0 0 4 9 1 0]]
Solution:
[[4 6 0 5 8 9 3 2 7]
 [7 8 9 3 2 0 0 1 6]
 [1 2 3 7 4 6 8 9 5]
 [8 4 7 0 1 2 5 6 9]
 [2 1 0 8 6 4 7 3 0]
 [6 3 5 9 7 0 4 8 2]
 [3 0 2 4 9 7 1 5 0]
 [5 9 4 1 3 0 6 7 8]
 [0 7 1 6 5 8 9 4 3]]
Number of cells unfilled: 11
Accuracy: 86.41975308641975
Sample: 23739
Question:
[[0 0 7 3 0 0 5 0 0]
 [2 0 0 0 9 0 0 0 0]
 [0 0 0 0 0 4 0 0 0]
 [0 0 0 0 0 0 3 0 0]
 [3 0 0 1 0 0 0 8 5]
 [0 0 8 0 0 0 0 1 7]
 [0 0 3 7 0 0 8 6 0]
 [0 0 1 9 0 0 0 5 0]
 [7 6 0 0 8 0 0 0 9]]
Solution:
[[4 6 0 5 8 9 3 2 7]
 [7 8 9 3 2 0 0 1 6]
 [1 5 3 7 4 6 8 9 0]
 [8 4 7 0 1 2 5 6 0]
 [2 1 0 8 6 4 7 3 9]
 [6 3 5 9 7 0 4 8 2]
 [3 0 2 4 9 7 1 5 0]
 [5 9 4 1 3 0 6 7 8]
 [0 7 1 6 5 8 9 4 3]]
Number of cells unfilled: 12
Accuracy: 85.18518518518519
Sample: 23740
Question:
[[3 0 0 0 2 0 0 0 0]
 [0 4 2 0 0 7 0 0 5]
 [0 0 0 9 0 0 0 0 0]
 [0 3 4 0 0 8 7 0 0]
 [2 0 0 0 0 0 0 4 8]
 [0 6 8 0 0 0 0 5 3]
 [6 0 0 0 0 0 0 0 0]
 [0 0 0 0 1 0 0 0 7]
 [0 7 5 0 0 4 0 3 0]]
Solution:
[[4 6 0 5 8 1 3 2 7]
 [7 8 9 3 2 0 0 1 6]
 [1 5 3 7 4 6 8 9 0]
 [8 4 7 0 1 2 5 6 0]
 [2 1 0 8 6 4 7 3 9]
 [6 3 5 9 7 0 4 8 2]
 [3 0 2 4 9 7 1 5 0]
 [5 9 4 1 3 0 6 7 8]
 [0 7 1 6 5 8 9 4 3]]
Number of cells unfilled: 12
Accuracy: 85.18518518518519
Sample: 23741
Question:
[[9 0 2 0 0 0 4 8 0]
 [0 7 0 0 0 0 2 0 0]
 [4 0 5 0 0 2 0 0 1]
 [0 4 0 0 7 0 0 0 0]
 [0 0 0 6 0 0 0 0 0]
 [5 0 7 0 0 1 8 0 0]
 [0 0 0 0 3 0 1 0 0]
 [1 0 8 0 0 5 0 4 0]
 [0 9 0 0 0 0 0 2 0]]
Solution:
[[4 6 0 5 8 1 3 2 7]
 [7 8 9 3 2 0 0 1 6]
 [1 2 3 7 4 6 8 9 5]
 [8 4 7 9 1 2 5 6 0]
 [2 1 0 8 6 4 7 3 9]
 [6 3 5 0 7 0 4 8 2]
 [3 0 2 4 9 7 1 5 0]
 [5 9 4 1 3 0 6 7 8]
 [0 7 1 6 5 8 9 4 3]]
Number of cells unfilled: 11
Accuracy: 86.41975308641975
Sample: 23742
Question:
[[0 0 4 0 8 0 0 0 0]
 [1 0 7 0 9 0 4 0 0]
 [0 0 0 5 4 0 0 3 0]
 [0 0 0 0 0 2 0 7 0]
 [0 0 2 4 5 0 0 0 0]
 [0 4 0 9 3 8 0 0 1]
 [0 8 0 0 0 0 0 0 0]
 [5 0 0 0 0 0 0 9 3]
 [0 3 0 0 0 0 8 1 0]]
Solution:
[[4 6 0 5 8 9 3 2 7]
 [7 8 9 3 2 0 0 1 6]
 [1 2 3 7 4 6 8 9 5]
 [8 4 7 0 1 2 5 6 9]
 [2 0 0 8 6 4 7 3 1]
 [6 3 5 9 7 0 4 8 2]
 [3 0 2 4 9 7 1 5 0]
 [5 9 4 1 3 0 6 7 8]
 [0 7 1 6 5 8 9 4 3]]
Number of cells unfilled: 11
Accuracy: 86.41975308641975
Sample: 23743
Question:
[[0 9 0 0 0 7 0 4 0]
 [7 0 1 2 0 0 5 0 0]
 [4 0 0 0 8 0 0 0 0]
 [0 0 7 6 0 0 3 0 0]
 [0 2 0 0 0 0 0 0 5]
 [9 0 0 0 0 2 0 1 0]
 [0 0 0 8 0 0 0 0 6]
 [0 0 0 0 3 0 2 0 0]
 [0 0 9 0 0 1 0 7 0]]
Solution:
[[4 6 0 5 8 1 3 2 7]
 [7 8 9 3 2 0 0 1 6]
 [1 2 3 7 4 6 8 9 5]
 [8 4 7 0 1 2 5 6 9]
 [2 0 0 8 6 4 7 3 1]
 [6 3 5 9 7 0 4 8 2]
 [3 0 2 4 9 7 1 5 0]
 [5 9 4 1 3 0 6 7 8]
 [0 7 1 6 5 8 9 4 3]]
Number of cells unfilled: 11
Accuracy: 86.41975308641975
Sample: 23744
Question:
[[0 8 0 0 0 4 0 0 0]
 [2 0 0 0 3 0 1 0 0]
 [0 9 0 6 0 0 0 0 0]
 [0 0 0 4 0 0 3 0 1]
 [0 0 0 0 0 0 7 0 5]
 [5 0 0 0 7 0 0 2 0]
 [0 6 0 0 0 0 2 0 0]
 [0 0 2 9 0 8 0 0 0]
 [1 0 0 0 2 0 0 0 7]]
Solution:
[[4 6 0 5 8 1 3 2 7]
 [7 8 9 3 2 0 0 1 6]
 [1 5 3 7 4 6 8 9 0]
 [8 4 7 0 1 2 5 6 9]
 [2 1 0 8 6 4 7 3 0]
 [6 3 5 9 7 0 4 8 2]
 [3 0 2 4 9 7 1 5 0]
 [5 9 4 1 3 0 6 7 8]
 [0 7 1 6 5 8 9 4 3]]
Number of cells unfilled: 12
Accuracy: 85.18518518518519
Sample: 23745
Question:
[[2 1 0 0 0 0 0 5 0]
 [0 0 5 0 1 0 0 0 0]
 [8 9 0 0 0 5 0 0 0]
 [0 0 0 0 4 0 3 0 0]
 [0 0 2 0 0 9 8 1 0]
 [0 3 0 0 0 0 0 0 7]
 [0 0 0 7 0 0 0 0 6]
 [0 0 9 0 0 8 0 2 0]
 [6 0 0 0 5 0 4 0 0]]
Solution:
[[4 6 0 5 8 1 3 2 7]
 [7 8 9 3 2 0 0 1 6]
 [1 2 3 7 4 6 8 9 5]
 [8 4 7 0 1 2 5 6 9]
 [2 1 0 8 6 4 7 3 0]
 [6 3 5 9 7 0 4 8 2]
 [3 0 2 4 9 7 1 5 0]
 [5 9 4 1 3 0 6 7 8]
 [0 7 1 6 5 8 9 4 3]]
Number of cells unfilled: 11
Accuracy: 86.41975308641975
Sample: 23746
Question:
[[0 3 0 0 0 8 0 0 1]
 [0 0 6 0 0 1 7 0 0]
 [0 0 0 3 2 0 4 8 5]
 [0 4 0 1 0 0 5 0 3]
 [0 0 5 0 3 0 0 0 0]
 [0 0 0 5 0 9 0 0 7]
 [2 0 0 0 0 0 3 0 9]
 [8 0 0 0 0 5 0 0 0]
 [0 9 0 0 7 0 0 0 0]]
Solution:
[[4 6 0 5 8 9 3 2 7]
 [7 8 9 3 2 0 0 1 6]
 [1 5 3 7 4 6 8 9 0]
 [8 4 7 0 1 2 5 6 0]
 [2 1 0 8 6 4 7 3 9]
 [6 3 5 9 7 0 4 8 2]
 [3 0 2 4 9 7 1 5 0]
 [5 9 4 1 3 0 6 7 8]
 [0 7 1 6 5 8 9 4 3]]
Number of cells unfilled: 12
Accuracy: 85.18518518518519
Sample: 23747
Question:
[[0 0 2 0 0 8 0 0 7]
 [8 0 0 0 0 0 5 0 0]
 [0 9 0 0 4 0 0 0 0]
 [7 0 0 5 0 0 0 0 0]
 [0 0 3 0 1 0 4 0 0]
 [0 2 0 0 0 3 0 0 8]
 [0 3 0 6 0 0 0 1 0]
 [2 0 0 0 0 9 0 0 6]
 [0 0 6 0 3 0 7 0 0]]
Solution:
[[4 6 0 5 8 1 3 2 7]
 [7 8 9 3 2 0 0 1 6]
 [1 5 3 7 4 6 8 9 0]
 [8 4 7 0 1 2 5 6 9]
 [2 0 5 8 6 4 7 3 1]
 [6 3 0 9 7 5 4 8 2]
 [3 0 2 4 9 7 1 5 0]
 [5 9 4 1 3 0 6 7 8]
 [0 7 1 6 5 8 9 4 3]]
Number of cells unfilled: 11
Accuracy: 86.41975308641975
Sample: 23748
Question:
[[0 7 0 0 0 0 0 0 4]
 [9 0 0 0 0 0 5 0 0]
 [0 0 2 3 0 0 0 1 0]
 [0 3 0 0 1 5 0 8 0]
 [0 0 0 8 0 0 0 0 0]
 [0 0 8 0 2 3 0 0 5]
 [0 4 7 2 3 0 0 5 0]
 [0 0 0 0 0 6 7 0 0]
 [0 0 1 5 0 0 0 3 0]]
Solution:
[[4 6 0 5 8 1 3 2 7]
 [7 8 9 3 2 0 0 1 6]
 [1 2 3 7 4 6 8 9 5]
 [8 4 7 0 1 2 5 6 9]
 [2 0 0 8 6 4 7 3 1]
 [6 3 5 9 7 0 4 8 2]
 [3 0 2 4 9 7 1 5 0]
 [5 9 4 1 3 0 6 7 8]
 [0 7 1 6 5 8 9 4 3]]
Number of cells unfilled: 11
Accuracy: 86.41975308641975
Sample: 23749
Question:
[[0 4 0 9 0 0 6 1 0]
 [0 0 0 0 0 0 5 0 0]
 [0 0 1 0 0 5 0 0 9]
 [0 7 0 0 0 0 2 0 0]
 [4 0 2 0 8 0 0 0 6]
 [0 0 6 0 0 2 0 9 0]
 [0 8 0 3 0 0 0 6 0]
 [0 0 3 0 0 6 9 0 0]
 [0 0 0 2 7 0 0 0 3]]
Solution:
[[4 6 0 5 8 1 3 2 7]
 [7 8 9 3 2 0 0 1 6]
 [1 2 3 7 4 6 8 9 5]
 [8 4 7 0 1 2 5 6 9]
 [2 0 5 9 6 4 7 3 1]
 [6 3 0 0 7 5 4 8 2]
 [3 0 2 4 9 7 1 5 0]
 [5 9 4 1 3 0 6 7 8]
 [0 7 1 6 5 8 9 4 3]]
Number of cells unfilled: 11
Accuracy: 86.41975308641975
Sample: 23750
Question:
[[0 0 0 0 0 0 0 0 7]
 [0 5 0 0 7 0 0 0 0]
 [1 0 7 0 0 3 4 0 0]
 [0 0 2 0 4 0 0 7 0]
 [0 1 0 0 3 0 2 0 0]
 [0 6 0 0 0 2 0 4 1]
 [8 0 1 0 0 6 0 0 0]
 [0 0 6 0 0 4 1 0 0]
 [0 0 0 8 0 0 0 9 0]]
Solution:
[[4 6 0 5 8 1 3 2 7]
 [7 8 9 3 2 0 0 1 6]
 [1 5 3 7 4 6 8 9 0]
 [8 4 7 0 1 2 5 6 9]
 [2 0 5 8 6 4 7 3 1]
 [6 3 0 9 7 5 4 8 2]
 [3 0 2 4 9 7 1 5 0]
 [5 9 4 1 3 0 6 7 8]
 [0 7 1 6 5 8 9 4 3]]
Number of cells unfilled: 11
Accuracy: 86.41975308641975
Sample: 23751
Question:
[[0 0 0 5 0 0 0 0 0]
 [3 0 0 0 0 6 9 7 0]
 [0 9 6 7 0 0 0 0 0]
 [8 0 0 0 4 0 0 0 0]
 [1 0 0 0 6 0 0 0 0]
 [0 6 0 0 0 1 7 3 0]
 [0 3 0 0 0 0 8 0 7]
 [0 0 1 0 0 8 6 9 0]
 [0 0 0 0 7 0 0 0 2]]
Solution:
[[4 6 0 5 8 1 3 2 7]
 [7 8 9 3 2 0 0 1 6]
 [1 5 3 7 4 6 8 9 0]
 [8 4 7 9 1 2 5 6 0]
 [2 1 0 8 6 4 7 3 9]
 [6 3 5 0 7 0 4 8 2]
 [3 0 2 4 9 7 1 5 0]
 [5 9 4 1 3 0 6 7 8]
 [0 7 1 6 5 8 9 4 3]]
Number of cells unfilled: 12
Accuracy: 85.18518518518519
Sample: 23752
Question:
[[9 5 0 0 0 3 0 7 0]
 [0 0 3 0 0 0 2 0 0]
 [0 7 0 5 0 0 0 0 0]
 [0 0 7 2 3 0 0 1 0]
 [0 0 9 7 0 0 0 2 0]
 [0 1 0 0 6 0 0 0 0]
 [0 0 5 3 0 0 0 9 0]
 [0 0 0 0 0 0 0 0 4]
 [0 0 0 0 8 0 1 0 0]]
Solution:
[[4 6 0 5 8 1 3 2 7]
 [7 8 9 3 2 0 0 1 6]
 [1 5 3 7 4 6 8 9 0]
 [8 4 7 0 1 2 5 6 9]
 [2 0 5 9 6 4 7 3 1]
 [6 3 0 0 7 5 4 8 2]
 [3 0 2 4 9 7 1 5 0]
 [5 9 4 1 3 0 6 7 8]
 [0 7 1 6 5 8 9 4 3]]
Number of cells unfilled: 12
Accuracy: 85.18518518518519
Sample: 23753
Question:
[[0 5 0 0 0 2 0 7 4]
 [7 0 0 6 0 0 1 0 2]
 [0 0 0 0 0 0 0 3 0]
 [1 0 0 0 0 6 4 0 0]
 [0 0 5 8 0 0 0 0 0]
 [0 9 0 4 1 0 0 0 0]
 [0 1 0 7 0 4 0 0 3]
 [2 0 0 0 6 0 7 0 0]
 [0 0 7 0 0 0 0 0 9]]
Solution:
[[4 6 0 5 8 1 3 2 7]
 [7 8 9 3 2 0 0 1 6]
 [1 5 3 7 4 6 8 9 0]
 [8 4 7 9 1 2 5 6 0]
 [2 1 0 8 6 4 7 3 9]
 [6 3 5 0 7 0 4 8 2]
 [3 0 2 4 9 7 1 5 0]
 [5 9 4 1 3 0 6 7 8]
 [0 7 1 6 5 8 9 4 3]]
Number of cells unfilled: 12
Accuracy: 85.18518518518519
Sample: 23754
Question:
[[0 6 0 0 0 1 0 7 0]
 [0 0 4 0 6 0 3 0 0]
 [0 0 0 8 0 0 0 0 6]
 [0 2 0 0 3 0 0 0 0]
 [5 0 0 1 0 0 0 0 9]
 [0 0 1 0 0 8 0 0 0]
 [0 0 2 0 0 7 4 0 0]
 [9 0 0 2 0 0 0 0 5]
 [0 1 0 0 8 0 0 6 2]]
Solution:
[[4 6 0 5 8 1 3 2 7]
 [7 8 9 3 2 0 0 1 6]
 [1 5 3 7 4 6 8 9 0]
 [8 4 7 0 1 2 5 6 0]
 [2 1 0 8 6 4 7 3 9]
 [6 3 5 9 7 0 4 8 2]
 [3 0 2 4 9 7 1 5 0]
 [5 9 4 1 3 0 6 7 8]
 [0 7 1 6 5 8 9 4 3]]
Number of cells unfilled: 12
Accuracy: 85.18518518518519
Sample: 23755
Question:
[[7 0 6 0 4 0 0 0 2]
 [0 9 4 0 0 0 0 6 3]
 [5 0 0 0 0 0 9 0 0]
 [0 0 1 5 8 0 4 2 0]
 [0 0 0 0 0 4 6 0 0]
 [8 0 0 0 0 0 0 9 5]
 [0 0 5 0 0 0 0 0 0]
 [0 0 0 0 5 3 0 8 9]
 [0 0 0 1 6 0 0 0 0]]
Solution:
[[4 6 0 5 8 9 3 2 7]
 [7 8 9 3 2 0 0 1 6]
 [1 2 3 7 4 6 8 9 5]
 [8 4 7 0 1 2 5 6 9]
 [2 1 0 8 6 4 7 3 0]
 [6 3 5 9 7 0 4 8 2]
 [3 0 2 4 9 7 1 5 0]
 [5 9 4 1 3 0 6 7 8]
 [0 7 1 6 5 8 9 4 3]]
Number of cells unfilled: 11
Accuracy: 86.41975308641975
Sample: 23756
Question:
[[0 0 0 0 0 0 9 0 7]
 [0 1 0 0 3 0 0 6 0]
 [0 0 5 7 0 0 0 0 0]
 [8 0 0 5 0 0 0 0 0]
 [0 0 9 0 0 8 0 0 0]
 [0 4 0 0 1 0 0 3 0]
 [0 0 0 0 0 0 0 2 0]
 [1 0 0 0 2 0 4 0 6]
 [0 2 0 0 0 6 3 0 1]]
Solution:
[[4 6 0 5 8 1 3 2 7]
 [7 8 9 3 2 0 0 1 6]
 [1 2 3 7 4 6 8 0 9]
 [8 4 7 9 1 2 5 6 0]
 [2 1 0 8 6 4 7 9 0]
 [6 3 5 0 7 0 4 8 2]
 [3 0 2 4 9 7 1 5 0]
 [5 9 4 1 3 0 6 7 8]
 [0 7 1 6 5 8 9 4 3]]
Number of cells unfilled: 13
Accuracy: 83.9506172839506
Sample: 23757
Question:
[[0 0 1 2 0 4 0 9 0]
 [0 9 0 0 1 0 0 0 0]
 [0 0 0 0 0 3 0 0 1]
 [7 0 0 0 0 0 0 6 0]
 [0 0 3 0 4 0 0 0 2]
 [0 6 0 0 0 0 5 0 0]
 [0 0 2 0 9 0 0 0 4]
 [5 0 0 0 0 0 8 0 0]
 [0 0 0 8 0 7 0 0 0]]
Solution:
[[4 6 0 5 8 1 3 2 7]
 [7 8 9 3 2 0 0 1 6]
 [1 5 3 7 4 6 8 9 0]
 [8 4 7 0 1 2 5 6 9]
 [2 0 0 8 6 4 7 3 1]
 [6 3 5 9 7 0 4 8 2]
 [3 0 2 4 9 7 1 5 0]
 [5 9 4 1 3 0 6 7 8]
 [0 7 1 6 5 8 9 4 3]]
Number of cells unfilled: 12
Accuracy: 85.18518518518519
Sample: 23758
Question:
[[0 0 4 7 0 0 5 0 0]
 [0 8 0 0 6 0 0 0 0]
 [6 0 0 0 0 9 0 0 0]
 [0 2 0 0 0 8 0 0 0]
 [0 0 0 0 0 0 0 2 9]
 [0 0 5 4 0 0 1 0 0]
 [0 0 3 0 0 0 0 1 7]
 [1 0 0 3 0 0 0 4 5]
 [0 4 0 0 0 0 3 0 0]]
Solution:
[[4 6 0 5 8 9 3 2 7]
 [7 8 9 3 2 0 0 1 6]
 [1 2 3 7 4 6 8 9 5]
 [8 4 7 0 1 2 5 6 9]
 [2 0 0 8 6 4 7 3 1]
 [6 3 5 9 7 0 4 8 2]
 [3 0 2 4 9 7 1 5 0]
 [5 9 4 1 3 0 6 7 8]
 [0 7 1 6 5 8 9 4 3]]
Number of cells unfilled: 11
Accuracy: 86.41975308641975
Sample: 23759
Question:
[[4 0 0 9 0 0 0 0 0]
 [0 5 0 0 6 0 2 0 0]
 [0 0 8 0 0 4 0 0 0]
 [0 0 0 0 0 0 7 0 0]
 [0 0 0 0 7 0 0 1 5]
 [0 7 0 0 0 1 0 6 2]
 [0 0 9 3 0 0 0 0 0]
 [0 6 0 0 2 0 1 0 0]
 [2 0 0 0 0 0 0 3 8]]
Solution:
[[4 6 0 5 8 1 3 2 7]
 [7 8 9 3 2 0 0 1 6]
 [1 2 3 7 4 6 8 9 5]
 [8 4 7 0 1 2 5 6 9]
 [2 0 0 8 6 4 7 3 1]
 [6 3 5 9 7 0 4 8 2]
 [3 0 2 4 9 7 1 5 0]
 [5 9 4 1 3 0 6 7 8]
 [0 7 1 6 5 8 9 4 3]]
Number of cells unfilled: 11
Accuracy: 86.41975308641975
Sample: 23760
Question:
[[0 0 0 5 0 1 0 0 4]
 [1 0 0 0 0 9 0 6 0]
 [0 2 0 0 8 0 0 0 0]
 [0 0 0 0 0 0 0 9 0]
 [0 0 3 0 9 0 7 0 0]
 [6 0 0 0 0 0 0 5 1]
 [0 0 2 0 3 0 0 0 0]
 [0 0 7 0 0 0 8 0 0]
 [9 0 0 0 0 4 0 0 5]]
Solution:
[[4 6 0 5 8 1 3 2 7]
 [7 8 9 3 2 0 0 1 6]
 [1 2 3 7 4 6 8 9 5]
 [8 4 7 0 1 2 5 6 9]
 [2 0 0 8 6 4 7 3 1]
 [6 3 5 9 7 0 4 8 2]
 [3 0 2 4 9 7 1 5 0]
 [5 9 4 1 3 0 6 7 8]
 [0 7 1 6 5 8 9 4 3]]
Number of cells unfilled: 11
Accuracy: 86.41975308641975
Sample: 23761
Question:
[[0 0 1 0 0 0 0 9 0]
 [0 0 0 0 0 0 0 0 4]
 [8 3 0 0 0 0 7 0 0]
 [7 0 0 0 8 0 0 0 0]
 [0 0 0 5 0 9 0 0 0]
 [0 6 0 0 7 2 8 0 0]
 [0 0 0 9 0 0 0 5 0]
 [0 0 4 6 0 0 0 0 1]
 [3 0 0 0 2 0 6 0 0]]
Solution:
[[4 6 0 5 8 9 3 2 7]
 [7 8 9 3 2 0 0 1 6]
 [1 2 3 7 4 6 8 9 5]
 [8 4 7 0 1 2 5 6 9]
 [2 0 0 8 6 4 7 3 1]
 [6 3 5 9 7 0 4 8 2]
 [3 0 2 4 9 7 1 5 0]
 [5 9 4 1 3 0 6 7 8]
 [0 7 1 6 5 8 9 4 3]]
Number of cells unfilled: 11
Accuracy: 86.41975308641975
Sample: 23762
Question:
[[0 0 0 0 0 0 0 0 5]
 [2 0 0 0 9 3 0 0 0]
 [0 1 0 0 0 0 8 0 0]
 [0 0 0 8 0 7 0 0 0]
 [3 0 0 0 0 0 2 9 0]
 [0 0 0 0 0 0 0 4 0]
 [0 0 0 0 2 0 0 3 0]
 [0 8 0 6 0 0 0 0 0]
 [0 5 0 0 0 0 0 0 0]]
Solution:
[[4 6 0 5 8 9 3 2 7]
 [7 8 9 3 2 0 0 1 6]
 [1 5 3 7 4 6 8 9 0]
 [8 4 7 0 1 2 5 6 0]
 [2 1 0 8 6 4 7 3 9]
 [6 3 5 9 7 0 4 8 2]
 [3 0 2 4 9 7 1 5 0]
 [5 9 4 1 3 0 6 7 8]
 [0 7 1 6 5 8 9 4 3]]
Number of cells unfilled: 12
Accuracy: 85.18518518518519
Sample: 23763
Question:
[[0 0 1 3 0 2 0 0 9]
 [0 0 0 0 0 0 0 3 0]
 [0 0 0 0 7 0 6 0 1]
 [0 7 5 0 0 0 0 4 0]
 [9 0 0 7 0 5 0 0 2]
 [0 1 2 0 8 0 0 0 5]
 [0 0 9 0 0 7 0 0 0]
 [0 0 0 0 3 0 0 0 0]
 [0 2 0 5 0 1 0 0 7]]
Solution:
[[4 6 0 5 8 9 3 2 7]
 [7 8 9 3 2 0 0 1 6]
 [1 2 3 7 4 6 8 9 5]
 [8 4 7 0 1 2 5 6 9]
 [2 0 0 8 6 4 7 3 1]
 [6 3 5 9 7 0 4 8 2]
 [3 0 2 4 9 7 1 5 0]
 [5 9 4 1 3 0 6 7 8]
 [0 7 1 6 5 8 9 4 3]]
Number of cells unfilled: 11
Accuracy: 86.41975308641975
Sample: 23764
Question:
[[0 0 8 0 5 1 0 0 2]
 [0 0 0 0 6 0 5 1 0]
 [0 0 0 2 0 0 0 0 8]
 [8 0 2 1 0 5 0 6 0]
 [3 0 0 0 0 0 0 0 0]
 [0 9 0 0 4 0 0 0 0]
 [0 0 9 6 0 0 0 5 0]
 [0 0 0 0 0 7 9 0 0]
 [0 0 1 5 0 0 0 8 6]]
Solution:
[[4 6 0 5 8 1 3 2 7]
 [7 8 9 3 2 0 0 1 6]
 [1 5 3 7 4 6 8 9 0]
 [8 4 7 0 1 2 5 6 0]
 [2 1 0 8 6 4 7 3 9]
 [6 3 5 9 7 0 4 8 2]
 [3 0 2 4 9 7 1 5 0]
 [5 9 4 1 3 0 6 7 8]
 [0 7 1 6 5 8 9 4 3]]
Number of cells unfilled: 12
Accuracy: 85.18518518518519
Sample: 23765
Question:
[[2 3 0 0 0 6 0 7 0]
 [0 0 5 1 7 0 0 3 0]
 [0 0 0 2 3 0 8 0 0]
 [4 7 0 0 1 0 0 6 0]
 [0 0 0 0 0 0 4 0 0]
 [0 0 0 0 0 0 0 1 9]
 [0 2 0 0 6 0 0 0 0]
 [3 1 0 7 0 0 0 2 0]
 [0 0 4 3 0 0 0 0 0]]
Solution:
[[4 6 0 5 8 9 3 2 7]
 [7 8 9 3 2 0 0 1 6]
 [1 5 3 7 4 6 8 9 0]
 [8 4 7 0 1 2 5 6 9]
 [2 1 0 8 6 4 7 3 0]
 [6 3 5 9 7 0 4 8 2]
 [3 0 2 4 9 7 1 5 0]
 [5 9 4 1 3 0 6 7 8]
 [0 7 1 6 5 8 9 4 3]]
Number of cells unfilled: 12
Accuracy: 85.18518518518519
Sample: 23766
Question:
[[0 0 3 6 0 0 0 0 0]
 [0 1 0 0 0 4 0 2 0]
 [7 0 0 0 5 0 0 0 9]
 [0 0 5 2 0 0 0 0 0]
 [4 0 0 0 7 0 0 8 0]
 [0 7 0 0 0 3 1 0 0]
 [3 0 0 0 0 8 0 7 0]
 [0 0 7 0 9 0 0 0 6]
 [0 5 0 0 0 0 4 0 0]]
Solution:
[[4 6 0 5 8 1 3 2 7]
 [7 8 9 3 2 0 0 1 6]
 [1 5 3 7 4 6 8 9 0]
 [8 4 7 0 1 2 5 6 9]
 [2 0 0 8 6 4 7 3 1]
 [6 3 5 9 7 0 4 8 2]
 [3 0 2 4 9 7 1 5 0]
 [5 9 4 1 3 0 6 7 8]
 [0 7 1 6 5 8 9 4 3]]
Number of cells unfilled: 12
Accuracy: 85.18518518518519
Sample: 23767
Question:
[[0 0 2 8 0 0 0 7 0]
 [0 0 0 0 4 2 1 0 3]
 [5 0 0 0 0 7 0 0 2]
 [0 9 0 3 0 0 0 0 1]
 [0 6 0 0 7 0 0 0 0]
 [0 0 3 0 0 8 0 4 0]
 [6 0 0 0 0 0 0 0 0]
 [0 5 0 0 0 0 9 0 0]
 [0 0 7 0 8 0 0 2 0]]
Solution:
[[4 6 0 5 8 9 3 2 7]
 [7 8 9 3 2 0 0 1 6]
 [1 5 3 7 4 6 8 9 0]
 [8 4 7 0 1 2 5 6 9]
 [2 1 0 8 6 4 7 3 0]
 [6 3 5 9 7 0 4 8 2]
 [3 0 2 4 9 7 1 5 0]
 [5 9 4 1 3 0 6 7 8]
 [0 7 1 6 5 8 9 4 3]]
Number of cells unfilled: 12
Accuracy: 85.18518518518519
Sample: 23768
Question:
[[0 5 0 0 2 0 0 0 4]
 [4 0 0 0 1 5 0 0 0]
 [0 0 7 4 0 0 0 0 0]
 [0 3 8 0 0 0 0 6 0]
 [0 0 0 0 0 6 3 0 0]
 [7 0 0 1 0 0 0 0 5]
 [0 0 9 0 0 1 0 0 0]
 [0 0 0 0 9 0 0 8 0]
 [2 7 0 5 0 0 0 0 1]]
Solution:
[[4 6 0 5 8 1 3 2 7]
 [7 8 9 3 2 0 0 1 6]
 [1 2 3 7 4 6 8 9 5]
 [8 4 7 0 1 2 5 6 9]
 [2 0 0 8 6 4 7 3 1]
 [6 3 5 9 7 0 4 8 2]
 [3 0 2 4 9 7 1 5 0]
 [5 9 4 1 3 0 6 7 8]
 [0 7 1 6 5 8 9 4 3]]
Number of cells unfilled: 11
Accuracy: 86.41975308641975
Sample: 23769
Question:
[[0 4 0 3 0 8 0 5 0]
 [0 1 6 0 0 0 0 0 0]
 [0 0 3 0 4 0 9 0 0]
 [7 0 0 2 5 0 0 0 0]
 [0 0 1 0 0 6 0 4 0]
 [5 0 0 1 0 0 8 0 6]
 [0 0 0 5 0 0 0 8 9]
 [0 0 0 4 0 0 7 0 0]
 [0 0 0 0 7 0 0 0 5]]
Solution:
[[4 6 0 5 8 9 3 2 7]
 [7 8 9 3 2 0 0 1 6]
 [1 2 3 7 4 6 8 9 5]
 [8 4 7 0 1 2 5 6 9]
 [2 0 0 8 6 4 7 3 1]
 [6 3 5 9 7 0 4 8 2]
 [3 0 2 4 9 7 1 5 0]
 [5 9 4 1 3 0 6 7 8]
 [0 7 1 6 5 8 9 4 3]]
Number of cells unfilled: 11
Accuracy: 86.41975308641975
Sample: 23770
Question:
[[0 0 0 0 0 0 8 0 9]
 [0 0 0 8 0 0 4 0 0]
 [0 0 8 0 6 0 0 0 2]
 [3 0 4 0 2 6 0 0 8]
 [0 7 0 1 9 0 0 0 6]
 [0 6 2 0 0 0 0 1 0]
 [0 0 0 0 3 5 0 0 0]
 [0 0 6 0 0 4 0 9 5]
 [0 0 0 2 0 0 0 0 0]]
Solution:
[[4 6 0 5 8 1 3 2 7]
 [7 8 9 3 2 0 0 1 6]
 [1 5 3 7 4 6 8 9 0]
 [8 4 7 0 1 2 5 6 9]
 [2 0 5 9 6 4 7 3 1]
 [6 3 0 0 7 5 4 8 2]
 [3 0 2 8 9 7 1 5 0]
 [5 9 4 1 3 0 6 7 8]
 [0 7 1 6 5 0 9 4 3]]
Number of cells unfilled: 13
Accuracy: 83.9506172839506
Sample: 23771
Question:
[[0 0 0 0 0 0 2 0 0]
 [0 0 5 0 7 0 0 9 0]
 [4 0 0 9 0 6 0 0 3]
 [0 0 4 7 0 0 0 6 0]
 [0 0 0 0 6 0 3 0 0]
 [8 0 0 0 0 5 0 0 9]
 [2 0 1 0 4 0 0 0 0]
 [0 0 9 0 0 7 0 1 0]
 [0 8 0 1 0 0 0 0 4]]
Solution:
[[4 6 0 5 8 9 3 2 7]
 [7 8 9 3 2 0 0 1 6]
 [1 2 3 7 4 6 8 9 5]
 [8 4 7 0 1 2 5 6 9]
 [2 0 0 8 6 4 7 3 1]
 [6 3 5 9 7 0 4 8 2]
 [3 0 2 4 9 7 1 5 0]
 [5 9 4 1 3 0 6 7 8]
 [0 7 1 6 5 8 9 4 3]]
Number of cells unfilled: 11
Accuracy: 86.41975308641975
Sample: 23772
Question:
[[0 0 0 0 2 0 7 0 0]
 [0 4 0 0 0 5 0 8 0]
 [1 0 0 0 3 0 0 0 4]
 [0 0 1 0 0 0 0 0 0]
 [0 0 0 0 6 0 9 5 0]
 [0 5 0 0 0 8 0 0 7]
 [0 7 0 0 0 9 4 0 0]
 [0 0 6 3 0 0 0 0 8]
 [2 0 0 0 0 0 0 0 0]]
Solution:
[[4 6 0 5 8 1 3 2 7]
 [7 8 9 3 2 0 0 1 6]
 [1 2 3 7 4 6 8 9 5]
 [8 4 7 0 1 2 5 6 9]
 [2 1 0 8 6 4 7 3 0]
 [6 3 5 9 7 0 4 8 2]
 [3 0 2 4 9 7 1 5 0]
 [5 9 4 1 3 0 6 7 8]
 [0 7 1 6 5 8 9 4 3]]
Number of cells unfilled: 11
Accuracy: 86.41975308641975
Sample: 23773
Question:
[[0 4 0 0 0 3 0 0 5]
 [0 0 9 0 7 0 0 1 0]
 [3 0 0 0 0 0 4 0 9]
 [0 0 6 8 0 9 1 0 0]
 [0 0 0 0 1 0 0 0 0]
 [0 0 0 7 0 6 0 8 0]
 [0 5 0 2 0 0 0 0 1]
 [0 0 8 0 6 0 0 9 0]
 [0 0 4 0 0 0 2 0 0]]
Solution:
[[4 6 0 5 8 1 3 2 7]
 [7 8 9 3 2 0 0 1 6]
 [1 2 3 7 4 6 8 9 5]
 [8 4 7 0 1 2 5 6 9]
 [2 1 0 8 6 4 7 3 0]
 [6 3 5 9 7 0 4 8 2]
 [3 0 2 4 9 7 1 5 0]
 [5 9 4 1 3 0 6 7 8]
 [0 7 1 6 5 8 9 4 3]]
Number of cells unfilled: 11
Accuracy: 86.41975308641975
Sample: 23774
Question:
[[0 0 3 0 0 0 2 7 0]
 [5 0 2 0 0 7 0 0 0]
 [0 0 0 0 0 2 9 0 6]
 [0 0 0 0 0 0 0 0 1]
 [3 0 0 0 0 9 0 2 5]
 [0 0 8 0 0 6 4 0 0]
 [0 0 0 0 6 0 0 0 0]
 [0 8 0 0 9 5 0 0 4]
 [2 9 0 4 0 0 0 0 0]]
Solution:
[[4 6 0 5 8 9 3 2 7]
 [7 8 9 3 2 0 0 1 6]
 [1 5 3 7 4 6 8 9 0]
 [8 4 7 0 1 2 5 6 9]
 [2 1 0 8 6 4 7 3 0]
 [6 3 5 9 7 0 4 8 2]
 [3 0 2 4 9 7 1 5 0]
 [5 9 4 1 3 0 6 7 8]
 [0 7 1 6 5 8 9 4 3]]
Number of cells unfilled: 12
Accuracy: 85.18518518518519
Sample: 23775
Question:
[[3 0 0 5 0 8 9 0 0]
 [0 0 0 0 0 0 8 3 1]
 [0 0 9 0 0 0 0 0 0]
 [5 0 0 1 0 0 0 0 0]
 [0 7 2 6 0 0 0 0 5]
 [0 0 0 0 0 0 1 4 7]
 [6 0 0 8 0 0 0 0 3]
 [0 0 7 0 0 0 0 0 0]
 [9 0 0 4 5 0 6 0 0]]
Solution:
[[4 6 0 5 8 9 3 2 7]
 [7 8 9 3 2 0 0 1 6]
 [1 2 3 7 4 6 8 9 5]
 [8 4 7 0 1 2 5 6 9]
 [2 5 0 9 6 4 7 3 1]
 [6 3 0 0 7 5 4 8 2]
 [3 0 2 4 9 7 1 5 0]
 [5 9 4 1 3 0 6 7 8]
 [0 7 1 6 5 8 9 4 3]]
Number of cells unfilled: 11
Accuracy: 86.41975308641975
Sample: 23776
Question:
[[0 3 1 0 0 0 5 0 0]
 [4 0 0 0 0 0 0 0 0]
 [6 0 0 3 4 0 0 8 0]
 [0 7 0 0 5 0 2 0 0]
 [0 0 0 0 0 7 0 0 0]
 [0 0 3 8 6 9 0 1 0]
 [1 2 0 5 0 8 0 6 0]
 [0 0 4 0 0 0 0 0 2]
 [3 6 0 0 0 0 0 0 9]]
Solution:
[[4 6 0 5 8 1 3 2 7]
 [7 8 9 3 2 0 0 1 6]
 [1 5 3 7 4 6 8 9 0]
 [8 4 7 0 1 2 5 6 9]
 [2 0 0 8 6 4 7 3 1]
 [6 3 5 9 7 0 4 8 2]
 [3 0 2 4 9 7 1 5 0]
 [5 9 4 1 3 0 6 7 8]
 [0 7 1 6 5 8 9 4 3]]
Number of cells unfilled: 12
Accuracy: 85.18518518518519
Sample: 23777
Question:
[[1 0 3 0 0 6 0 0 0]
 [6 2 0 8 0 0 9 0 0]
 [0 0 0 0 0 0 0 1 6]
 [0 0 0 0 0 0 0 0 0]
 [7 3 0 9 0 2 5 0 0]
 [0 0 2 0 3 4 0 0 0]
 [0 8 0 2 0 0 0 9 7]
 [0 7 0 0 0 9 0 0 5]
 [0 0 0 0 0 8 3 0 0]]
Solution:
[[4 6 0 5 8 9 3 2 7]
 [7 8 9 3 2 0 0 1 6]
 [1 2 3 7 4 6 8 9 5]
 [8 4 7 0 1 2 5 6 9]
 [2 0 5 9 6 4 7 3 1]
 [6 3 0 0 7 5 4 8 2]
 [3 0 2 4 9 7 1 5 0]
 [5 9 4 1 3 0 6 7 8]
 [0 7 1 6 5 8 9 4 3]]
Number of cells unfilled: 11
Accuracy: 86.41975308641975
Sample: 23778
Question:
[[0 0 2 0 0 1 0 4 0]
 [6 1 0 8 0 0 0 0 0]
 [0 0 0 0 3 0 0 0 6]
 [0 8 0 0 0 0 5 0 0]
 [5 2 0 0 0 0 0 0 3]
 [0 0 1 0 0 7 0 2 0]
 [0 0 0 0 0 9 4 0 2]
 [0 0 0 1 7 0 0 9 0]
 [0 0 9 0 0 0 0 0 0]]
Solution:
[[4 6 0 5 8 9 3 2 7]
 [7 8 9 3 2 0 0 1 6]
 [1 5 3 7 4 6 8 0 9]
 [8 4 7 0 1 2 5 6 0]
 [2 1 0 8 6 4 7 9 0]
 [6 3 5 9 7 0 4 8 2]
 [3 0 2 4 9 7 1 5 0]
 [5 9 4 1 3 0 6 7 8]
 [0 7 1 6 5 8 9 4 3]]
Number of cells unfilled: 13
Accuracy: 83.9506172839506
Sample: 23779
Question:
[[0 0 5 0 0 9 0 6 0]
 [0 2 0 0 0 0 0 0 5]
 [7 0 0 0 0 0 0 0 9]
 [0 8 0 4 0 0 0 1 0]
 [0 0 1 0 0 8 0 0 6]
 [3 0 0 0 7 0 0 8 0]
 [0 0 0 2 8 0 0 0 0]
 [0 3 0 0 4 0 0 0 0]
 [0 0 8 0 0 5 6 0 0]]
Solution:
[[4 6 0 5 8 9 3 2 7]
 [7 8 9 3 2 0 0 1 6]
 [1 5 3 7 4 6 8 9 0]
 [8 4 7 0 1 2 5 6 9]
 [2 1 0 8 6 4 7 3 0]
 [6 3 5 9 7 0 4 8 2]
 [3 0 2 4 9 7 1 5 0]
 [5 9 4 1 3 0 6 7 8]
 [0 7 1 6 5 8 9 4 3]]
Number of cells unfilled: 12
Accuracy: 85.18518518518519
Sample: 23780
Question:
[[0 0 9 0 0 0 0 7 0]
 [0 2 0 0 0 8 6 0 0]
 [3 0 0 0 0 0 0 0 9]
 [5 0 0 3 0 0 0 1 0]
 [0 0 0 0 7 0 0 0 5]
 [0 4 0 0 0 6 2 0 0]
 [0 1 0 8 6 0 0 0 0]
 [2 0 4 0 0 1 0 0 0]
 [8 0 0 0 2 0 1 0 0]]
Solution:
[[4 6 0 5 8 9 3 2 7]
 [7 8 9 3 2 0 0 1 6]
 [1 5 3 7 4 6 8 9 0]
 [8 4 7 0 1 2 5 6 9]
 [2 0 0 8 6 4 7 3 1]
 [6 3 5 9 7 0 4 8 2]
 [3 0 2 4 9 7 1 5 0]
 [5 9 4 1 3 0 6 7 8]
 [0 7 1 6 5 8 9 4 3]]
Number of cells unfilled: 12
Accuracy: 85.18518518518519
Sample: 23781
Question:
[[9 2 0 0 0 0 0 0 0]
 [0 0 3 0 0 6 8 5 0]
 [0 0 5 0 0 0 0 7 0]
 [0 4 0 0 7 0 0 0 1]
 [0 0 0 4 0 0 0 0 0]
 [0 0 0 0 2 5 0 0 9]
 [0 0 1 8 0 0 0 0 6]
 [0 9 6 0 1 0 3 0 7]
 [0 0 0 9 0 7 2 0 0]]
Solution:
[[4 6 0 5 8 1 3 2 7]
 [7 8 9 3 2 0 0 1 6]
 [1 2 3 7 4 6 8 0 9]
 [8 4 7 0 1 2 5 6 0]
 [2 1 0 8 6 4 7 9 0]
 [6 3 5 9 7 0 4 8 2]
 [3 0 2 4 9 7 1 5 0]
 [5 9 4 1 3 0 6 7 8]
 [0 7 1 6 5 8 9 4 3]]
Number of cells unfilled: 13
Accuracy: 83.9506172839506
Sample: 23782
Question:
[[7 0 3 1 0 0 0 8 0]
 [0 9 0 0 8 0 0 0 0]
 [0 0 0 0 0 0 9 0 0]
 [6 0 0 7 0 0 0 0 2]
 [0 0 0 0 1 0 0 4 0]
 [5 0 1 0 0 4 0 0 0]
 [0 0 7 0 0 1 0 3 0]
 [0 0 0 0 7 0 0 0 5]
 [0 6 0 3 2 0 7 0 0]]
Solution:
[[4 6 0 5 8 1 3 2 7]
 [7 8 9 3 2 0 0 1 6]
 [1 2 3 7 4 6 8 9 5]
 [8 4 7 0 1 2 5 6 9]
 [2 0 0 8 6 4 7 3 1]
 [6 3 5 9 7 0 4 8 2]
 [3 0 2 4 9 7 1 5 0]
 [5 9 4 1 3 0 6 7 8]
 [0 7 1 6 5 8 9 4 3]]
Number of cells unfilled: 11
Accuracy: 86.41975308641975
Sample: 23783
Question:
[[0 0 0 0 7 0 0 0 0]
 [0 0 2 0 0 3 8 0 1]
 [0 8 4 0 0 2 0 0 7]
 [8 0 0 0 0 1 0 0 4]
 [0 0 1 9 0 0 0 0 0]
 [0 0 5 3 0 0 0 0 0]
 [4 0 0 0 0 0 7 0 0]
 [2 0 8 0 3 0 0 6 0]
 [0 5 0 0 0 4 0 0 8]]
Solution:
[[4 6 0 5 8 9 3 2 7]
 [7 8 9 3 2 0 0 1 6]
 [1 5 3 7 4 6 8 9 0]
 [8 4 7 0 1 2 5 6 9]
 [2 0 5 9 6 4 7 3 1]
 [6 3 0 0 7 5 4 8 2]
 [3 0 2 4 9 7 1 5 0]
 [5 9 4 1 3 0 6 7 8]
 [0 7 1 6 5 8 9 4 3]]
Number of cells unfilled: 12
Accuracy: 85.18518518518519
Sample: 23784
Question:
[[5 0 0 0 0 1 0 0 8]
 [2 0 0 0 6 0 0 5 0]
 [0 0 3 5 0 4 6 7 0]
 [0 0 6 2 0 0 0 0 4]
 [7 5 0 0 3 0 0 0 0]
 [1 0 0 0 0 0 0 3 0]
 [0 8 0 7 0 0 1 4 0]
 [0 0 0 0 0 0 9 0 7]
 [0 0 0 0 0 2 0 0 0]]
Solution:
[[4 6 0 5 8 1 3 2 7]
 [7 8 9 3 2 0 0 1 6]
 [1 5 3 7 4 6 8 9 0]
 [8 4 7 0 1 2 5 6 9]
 [2 1 0 8 6 4 7 3 0]
 [6 3 5 9 7 0 4 8 2]
 [3 0 2 4 9 7 1 5 0]
 [5 9 4 1 3 0 6 7 8]
 [0 7 1 6 5 8 9 4 3]]
Number of cells unfilled: 12
Accuracy: 85.18518518518519
Sample: 23785
Question:
[[0 0 0 0 0 7 0 0 0]
 [0 8 0 0 9 0 0 0 0]
 [0 0 0 3 0 5 4 0 0]
 [0 0 0 0 0 1 0 0 9]
 [0 0 3 0 0 0 5 0 0]
 [0 2 0 0 8 0 0 0 0]
 [0 0 0 0 0 0 0 0 0]
 [0 0 0 0 1 0 0 8 2]
 [5 0 4 0 0 0 0 0 0]]
Solution:
[[4 6 0 5 8 1 3 2 7]
 [7 8 9 3 2 0 0 1 6]
 [1 5 3 7 4 6 8 9 0]
 [8 4 7 0 1 2 5 6 9]
 [2 1 0 8 6 4 7 3 0]
 [6 3 5 9 7 0 4 8 2]
 [3 0 2 4 9 7 1 5 0]
 [5 9 4 1 3 0 6 7 8]
 [0 7 1 6 5 8 9 4 3]]
Number of cells unfilled: 12
Accuracy: 85.18518518518519
Sample: 23786
Question:
[[9 1 0 0 0 0 6 0 0]
 [2 0 0 0 0 0 0 0 0]
 [0 0 4 0 0 7 0 2 0]
 [4 9 0 0 0 0 0 0 3]
 [1 0 0 3 0 0 2 5 9]
 [0 0 0 0 0 8 7 0 0]
 [0 6 0 0 0 0 9 3 0]
 [5 0 0 0 0 0 0 8 0]
 [3 0 0 0 8 1 0 0 0]]
Solution:
[[4 6 0 5 8 1 3 2 7]
 [7 8 9 3 2 0 0 1 6]
 [1 5 3 7 4 6 8 9 0]
 [8 4 7 0 1 2 5 6 9]
 [2 0 0 8 6 4 7 3 1]
 [6 3 5 9 7 0 4 8 2]
 [3 0 2 4 9 7 1 5 0]
 [5 9 4 1 3 0 6 7 8]
 [0 7 1 6 5 8 9 4 3]]
Number of cells unfilled: 12
Accuracy: 85.18518518518519
Sample: 23787
Question:
[[9 2 1 0 0 5 0 8 0]
 [0 0 0 0 9 0 2 0 0]
 [0 0 0 0 1 0 0 0 4]
 [0 7 0 0 5 0 0 2 9]
 [0 0 8 0 0 6 0 4 0]
 [0 0 0 7 0 8 0 0 0]
 [3 0 4 0 0 0 0 0 0]
 [0 0 0 1 6 0 0 5 0]
 [0 0 5 0 0 0 7 0 0]]
Solution:
[[4 6 0 5 8 9 3 2 7]
 [7 8 9 3 2 0 0 1 6]
 [1 2 3 7 4 6 8 9 5]
 [8 4 7 0 1 2 5 6 9]
 [2 1 0 8 6 4 7 3 0]
 [6 3 5 9 7 0 4 8 2]
 [3 0 2 4 9 7 1 5 0]
 [5 9 4 1 3 0 6 7 8]
 [0 7 1 6 5 8 9 4 3]]
Number of cells unfilled: 11
Accuracy: 86.41975308641975
Sample: 23788
Question:
[[0 0 0 0 0 8 0 0 0]
 [3 2 0 0 1 0 0 9 0]
 [0 0 0 4 3 6 0 8 0]
 [6 5 0 7 0 0 0 0 0]
 [0 0 0 8 0 3 0 7 0]
 [0 0 0 0 6 0 0 0 9]
 [0 0 2 0 0 0 9 0 3]
 [4 8 0 0 0 0 0 2 5]
 [0 0 3 0 0 0 8 6 0]]
Solution:
[[4 6 0 5 8 9 3 2 7]
 [7 8 9 3 2 0 0 1 6]
 [1 5 3 7 4 6 8 9 0]
 [8 4 7 9 1 2 5 6 0]
 [2 1 0 8 6 4 7 3 9]
 [6 3 5 0 7 0 4 8 2]
 [3 0 2 4 9 7 1 5 0]
 [5 9 4 1 3 0 6 7 8]
 [0 7 1 6 5 8 9 4 3]]
Number of cells unfilled: 12
Accuracy: 85.18518518518519
Sample: 23789
Question:
[[6 0 0 0 0 0 0 0 0]
 [5 9 0 0 0 2 0 3 0]
 [3 2 7 0 0 0 0 0 8]
 [0 0 6 0 0 5 9 8 0]
 [0 8 0 0 0 0 0 0 0]
 [0 0 0 9 0 0 0 0 2]
 [8 0 5 4 0 0 3 0 0]
 [0 0 0 0 0 0 0 7 0]
 [0 7 0 6 1 9 0 0 4]]
Solution:
[[4 6 0 5 8 1 3 2 7]
 [7 8 9 3 2 0 0 1 6]
 [1 2 3 7 4 6 8 9 5]
 [8 4 7 0 1 2 5 6 9]
 [2 0 0 8 6 4 7 3 1]
 [6 3 5 9 7 0 4 8 2]
 [3 0 2 4 9 7 1 5 0]
 [5 9 4 1 3 0 6 7 8]
 [0 7 1 6 5 8 9 4 3]]
Number of cells unfilled: 11
Accuracy: 86.41975308641975
Sample: 23790
Question:
[[0 0 4 0 0 0 0 8 0]
 [7 0 0 1 0 0 0 0 2]
 [0 6 0 0 0 3 0 0 0]
 [0 3 0 0 0 6 0 0 0]
 [4 0 0 2 0 0 0 0 9]
 [0 0 8 0 9 0 0 7 0]
 [0 0 0 0 0 2 5 0 0]
 [5 0 0 7 0 0 0 4 0]
 [0 0 1 0 5 9 0 0 7]]
Solution:
[[4 6 0 5 8 9 3 2 7]
 [7 8 9 3 2 0 0 1 6]
 [1 2 3 7 4 6 8 9 5]
 [8 4 7 0 1 2 5 6 9]
 [2 0 5 9 6 4 7 3 1]
 [6 3 0 0 7 5 4 8 2]
 [3 0 2 8 9 7 1 5 0]
 [5 9 4 1 3 0 6 7 8]
 [0 7 1 6 5 0 9 4 3]]
Number of cells unfilled: 12
Accuracy: 85.18518518518519
Sample: 23791
Question:
[[2 0 7 0 0 9 6 0 0]
 [0 8 0 4 0 0 0 0 0]
 [3 0 0 0 7 0 0 8 0]
 [5 0 0 0 0 0 0 0 3]
 [0 0 1 0 0 7 2 0 0]
 [0 0 0 0 5 0 0 4 0]
 [0 0 0 0 0 6 0 0 0]
 [0 6 0 2 9 0 1 0 0]
 [0 0 2 7 1 0 0 0 0]]
Solution:
[[4 6 0 5 8 9 3 2 7]
 [7 8 9 3 2 0 0 1 6]
 [1 2 3 7 4 6 8 9 5]
 [8 4 7 0 1 2 5 6 9]
 [2 0 0 8 6 4 7 3 1]
 [6 3 5 9 7 0 4 8 2]
 [3 0 2 4 9 7 1 5 0]
 [5 9 4 1 3 0 6 7 8]
 [0 7 1 6 5 8 9 4 3]]
Number of cells unfilled: 11
Accuracy: 86.41975308641975
Sample: 23792
Question:
[[1 0 0 0 3 0 0 0 7]
 [0 2 0 7 0 8 0 0 0]
 [0 0 7 2 0 1 0 4 0]
 [7 0 0 1 0 0 0 0 2]
 [0 6 0 3 0 0 4 0 0]
 [0 0 5 0 0 0 0 9 0]
 [0 0 9 0 0 0 6 0 0]
 [0 4 0 0 0 0 0 5 0]
 [8 0 0 0 0 3 0 0 0]]
Solution:
[[4 6 0 5 8 9 3 2 7]
 [7 8 9 3 2 0 0 1 6]
 [1 2 3 7 4 6 8 0 9]
 [8 4 7 9 1 2 5 6 0]
 [2 1 0 8 6 4 7 9 0]
 [6 3 5 0 7 0 4 8 2]
 [3 0 2 4 9 7 1 5 0]
 [5 9 4 1 3 0 6 7 8]
 [0 7 1 6 5 8 9 4 3]]
Number of cells unfilled: 13
Accuracy: 83.9506172839506
Sample: 23793
Question:
[[0 0 7 0 0 8 0 0 6]
 [0 0 0 9 0 0 1 0 0]
 [2 0 0 0 3 0 0 8 0]
 [6 4 0 0 8 0 0 0 7]
 [5 7 0 0 0 6 0 0 0]
 [0 0 8 0 0 0 0 0 0]
 [0 0 6 0 0 5 0 0 4]
 [0 0 0 0 1 0 9 0 0]
 [0 3 0 0 0 0 0 2 0]]
Solution:
[[4 6 0 5 8 1 3 2 7]
 [7 8 9 3 2 0 0 1 6]
 [1 2 3 7 4 6 8 9 5]
 [8 4 7 0 1 2 5 6 9]
 [2 0 0 8 6 4 7 3 1]
 [6 3 5 9 7 0 4 8 2]
 [3 0 2 4 9 7 1 5 0]
 [5 9 4 1 3 0 6 7 8]
 [0 7 1 6 5 8 9 4 3]]
Number of cells unfilled: 11
Accuracy: 86.41975308641975
Sample: 23794
Question:
[[6 0 0 2 0 1 4 0 0]
 [9 0 0 0 0 0 1 0 8]
 [0 0 0 0 5 8 0 0 0]
 [0 0 0 0 0 3 6 0 0]
 [0 0 0 0 0 0 0 2 0]
 [0 9 2 6 0 0 0 5 7]
 [0 0 0 0 8 0 9 0 0]
 [0 6 0 0 4 0 0 0 2]
 [1 0 0 9 0 0 0 0 6]]
Solution:
[[4 6 0 5 8 1 3 2 7]
 [7 8 9 3 2 0 0 1 6]
 [1 5 3 7 4 6 8 9 0]
 [8 4 7 0 1 2 5 6 9]
 [2 0 0 8 6 4 7 3 1]
 [6 3 5 9 7 0 4 8 2]
 [3 0 2 4 9 7 1 5 0]
 [5 9 4 1 3 0 6 7 8]
 [0 7 1 6 5 8 9 4 3]]
Number of cells unfilled: 12
Accuracy: 85.18518518518519
Sample: 23795
Question:
[[2 0 0 0 4 0 5 0 1]
 [0 0 0 0 0 0 0 0 3]
 [5 0 0 0 0 0 9 0 0]
 [0 0 4 0 0 2 0 0 6]
 [3 0 0 0 6 4 0 0 0]
 [7 0 8 0 9 1 0 0 2]
 [0 0 0 0 0 0 0 0 9]
 [0 3 2 0 0 9 0 6 5]
 [8 1 0 0 0 3 0 0 0]]
Solution:
[[4 6 0 5 8 9 3 2 7]
 [7 8 9 3 2 0 0 1 6]
 [1 2 3 7 4 6 8 9 5]
 [8 4 7 0 1 2 5 6 9]
 [2 0 0 8 6 4 7 3 1]
 [6 3 5 9 7 0 4 8 2]
 [3 0 2 4 9 7 1 5 0]
 [5 9 4 1 3 0 6 7 8]
 [0 7 1 6 5 8 9 4 3]]
Number of cells unfilled: 11
Accuracy: 86.41975308641975
Sample: 23796
Question:
[[0 0 6 0 0 9 0 0 4]
 [7 0 0 0 0 0 5 0 0]
 [0 9 0 0 0 5 0 3 0]
 [5 0 0 0 0 0 7 4 0]
 [0 6 0 1 5 0 0 0 0]
 [0 2 0 0 0 3 0 0 0]
 [1 0 0 2 9 0 0 7 0]
 [0 0 9 0 0 0 2 0 3]
 [2 8 0 0 0 0 0 1 0]]
Solution:
[[4 6 0 5 8 9 3 2 7]
 [7 8 9 3 2 0 0 1 6]
 [1 5 3 7 4 6 8 9 0]
 [8 4 7 0 1 2 5 6 9]
 [2 1 0 8 6 4 7 3 0]
 [6 3 5 9 7 0 4 8 2]
 [3 0 2 4 9 7 1 5 0]
 [5 9 4 1 3 0 6 7 8]
 [0 7 1 6 5 8 9 4 3]]
Number of cells unfilled: 12
Accuracy: 85.18518518518519
Sample: 23797
Question:
[[0 7 4 1 0 0 8 0 0]
 [5 0 0 0 4 8 0 0 0]
 [0 8 0 0 7 3 0 0 0]
 [0 0 0 0 0 0 0 9 5]
 [0 2 0 0 0 0 1 8 0]
 [0 5 8 0 0 1 3 0 0]
 [0 3 7 0 1 0 4 0 0]
 [0 0 0 0 0 7 0 0 0]
 [2 0 0 0 0 0 0 6 0]]
Solution:
[[4 6 0 5 8 1 3 2 7]
 [7 8 9 3 2 0 0 1 6]
 [1 5 3 7 4 6 8 9 0]
 [8 4 7 0 1 2 5 6 9]
 [2 0 0 8 6 4 7 3 1]
 [6 3 5 9 7 0 4 8 2]
 [3 0 2 4 9 7 1 5 0]
 [5 9 4 1 3 0 6 7 8]
 [0 7 1 6 5 8 9 4 3]]
Number of cells unfilled: 12
Accuracy: 85.18518518518519
Sample: 23798
Question:
[[0 5 0 0 0 0 1 0 0]
 [7 0 0 0 0 0 4 5 0]
 [0 0 8 4 0 9 0 0 0]
 [6 0 0 0 0 0 2 4 0]
 [0 0 0 0 0 1 0 0 0]
 [5 8 0 0 4 0 3 0 0]
 [0 0 0 2 0 0 8 6 0]
 [0 0 9 1 0 0 0 0 3]
 [0 2 0 5 0 6 0 0 0]]
Solution:
[[4 6 0 5 8 9 3 2 7]
 [7 8 9 3 2 0 0 1 6]
 [1 2 3 7 4 6 8 9 5]
 [8 4 7 0 1 2 5 6 9]
 [2 0 0 8 6 4 7 3 1]
 [6 3 5 9 7 0 4 8 2]
 [3 0 2 4 9 7 1 5 0]
 [5 9 4 1 3 0 6 7 8]
 [0 7 1 6 5 8 9 4 3]]
Number of cells unfilled: 11
Accuracy: 86.41975308641975
Sample: 23799
Question:
[[0 6 0 0 2 0 0 9 0]
 [0 0 5 0 0 1 0 0 7]
 [3 0 0 0 0 0 4 0 0]
 [0 0 0 1 0 0 3 0 0]
 [0 0 2 0 5 0 0 7 0]
 [0 9 0 0 0 7 0 0 8]
 [0 0 8 0 0 0 0 0 6]
 [4 0 0 6 0 0 7 0 0]
 [0 7 0 0 0 9 0 5 0]]
Solution:
[[4 6 0 5 8 9 3 2 7]
 [7 8 9 3 2 0 0 1 6]
 [1 2 3 7 4 6 8 9 5]
 [8 4 7 0 1 2 5 6 9]
 [2 1 0 8 6 4 7 3 0]
 [6 3 5 9 7 0 4 8 2]
 [3 0 2 4 9 7 1 5 0]
 [5 9 4 1 3 0 6 7 8]
 [0 7 1 6 5 8 9 4 3]]
Number of cells unfilled: 11
Accuracy: 86.41975308641975
Sample: 23800
Question:
[[0 0 0 5 0 0 3 2 0]
 [7 8 0 3 2 0 0 0 0]
 [0 0 0 0 4 0 8 0 0]
 [8 0 0 0 0 2 0 0 0]
 [0 0 0 0 6 0 0 0 0]
 [6 3 0 0 0 0 4 8 2]
 [0 0 0 0 9 0 1 5 0]
 [0 9 4 0 0 0 0 7 0]
 [0 0 1 6 0 0 0 0 3]]
Solution:
[[4 6 0 5 8 9 3 2 7]
 [7 8 9 3 2 0 0 1 6]
 [1 5 3 7 4 6 8 0 9]
 [8 4 7 0 1 2 5 6 0]
 [2 1 0 8 6 4 7 9 0]
 [6 3 5 9 7 0 4 8 2]
 [3 0 2 4 9 7 1 5 0]
 [5 9 4 1 3 0 6 7 8]
 [0 7 1 6 5 8 9 4 3]]
Number of cells unfilled: 13
Accuracy: 83.9506172839506
