2025-10-22 14:11:57.589325: I tensorflow/core/util/port.cc:153] oneDNN custom operations are on. You may see slightly different numerical results due to floating-point round-off errors from different computation orders. To turn them off, set the environment variable `TF_ENABLE_ONEDNN_OPTS=0`.
2025-10-22 14:11:58.285245: I tensorflow/core/platform/cpu_feature_guard.cc:210] This TensorFlow binary is optimized to use available CPU instructions in performance-critical operations.
To enable the following instructions: AVX2 AVX512F AVX512_VNNI FMA, in other operations, rebuild TensorFlow with the appropriate compiler flags.
2025-10-22 14:12:02.766664: I tensorflow/core/util/port.cc:153] oneDNN custom operations are on. You may see slightly different numerical results due to floating-point round-off errors from different computation orders. To turn them off, set the environment variable `TF_ENABLE_ONEDNN_OPTS=0`.
2025-10-22 14:12:08.353788: E external/local_xla/xla/stream_executor/cuda/cuda_platform.cc:51] failed call to cuInit: INTERNAL: CUDA error: Failed call to cuInit: UNKNOWN ERROR (303)
Sample: 25601
Question:
[[2 0 3 0 0 0 0 0 0]
 [6 0 0 0 9 0 3 7 0]
 [0 0 0 0 4 0 6 0 2]
 [7 6 0 2 0 0 0 0 4]
 [0 2 4 0 0 9 0 0 0]
 [3 0 9 0 0 7 0 6 0]
 [0 0 0 0 0 3 1 0 0]
 [0 3 0 0 7 0 5 0 0]
 [0 0 0 6 0 0 0 0 0]]
Solution:
[[9 8 5 3 2 6 7 4 1]
 [3 2 7 8 4 1 0 0 6]
 [4 1 6 7 9 0 3 8 5]
 [0 4 0 0 5 3 8 6 7]
 [8 9 1 0 7 2 5 0 3]
 [2 7 3 6 1 4 0 9 0]
 [7 0 4 9 8 5 6 3 0]
 [6 5 8 1 3 7 9 2 4]
 [0 3 9 4 6 0 1 7 8]]
Number of cells unfilled: 14
Accuracy: 82.71604938271605
Sample: 25602
Question:
[[3 2 0 0 0 6 0 0 0]
 [0 1 6 0 0 0 0 2 3]
 [7 0 5 0 0 0 0 0 0]
 [0 0 0 0 0 1 7 5 0]
 [0 3 0 0 2 0 6 0 0]
 [5 0 1 6 0 0 0 0 0]
 [0 0 0 8 0 4 2 6 0]
 [0 7 0 0 0 0 3 0 0]
 [0 0 2 0 0 0 0 1 0]]
Solution:
[[9 8 5 3 2 6 7 4 1]
 [3 2 7 8 4 1 0 5 6]
 [4 1 6 7 9 0 3 8 2]
 [0 4 0 0 5 3 8 6 7]
 [8 9 1 0 7 2 5 0 3]
 [2 0 3 6 1 4 0 9 0]
 [1 7 4 9 8 5 6 3 0]
 [6 5 8 1 3 7 9 2 4]
 [0 3 9 4 6 0 1 7 5]]
Number of cells unfilled: 13
Accuracy: 83.9506172839506
Sample: 25603
Question:
[[3 7 0 0 0 4 0 8 0]
 [0 0 0 0 3 2 0 0 0]
 [4 0 2 0 0 0 0 1 0]
 [2 4 0 0 8 3 7 0 0]
 [0 0 0 0 1 0 8 0 0]
 [0 0 1 4 0 7 0 0 2]
 [5 0 0 0 0 0 3 0 0]
 [9 0 0 3 0 0 0 7 0]
 [0 0 0 0 0 0 0 0 4]]
Solution:
[[9 8 5 3 2 6 7 4 1]
 [3 2 7 8 4 1 0 9 6]
 [4 1 6 7 9 0 3 8 5]
 [0 4 0 0 5 3 8 6 7]
 [8 9 1 0 7 2 5 0 3]
 [2 7 3 6 1 4 0 0 9]
 [7 0 4 9 8 5 6 3 0]
 [6 5 8 1 3 7 9 2 4]
 [0 3 9 4 6 0 1 7 8]]
Number of cells unfilled: 13
Accuracy: 83.9506172839506
Sample: 25604
Question:
[[4 0 0 7 0 3 5 0 0]
 [0 0 0 0 0 0 0 0 0]
 [0 0 5 1 0 0 0 0 3]
 [0 0 0 0 3 0 0 5 2]
 [5 8 0 0 0 6 0 4 0]
 [3 0 2 0 0 0 8 0 6]
 [0 4 3 0 0 0 0 8 0]
 [2 0 0 5 4 0 0 0 0]
 [6 0 0 0 0 8 0 0 0]]
Solution:
[[9 8 5 3 2 1 7 4 0]
 [3 2 7 5 4 8 0 9 6]
 [4 1 6 7 9 0 3 8 5]
 [0 4 0 0 5 3 8 6 7]
 [8 9 1 0 7 2 5 0 3]
 [2 0 3 6 1 4 0 0 9]
 [1 7 4 9 8 5 6 3 0]
 [6 5 8 1 3 7 9 2 4]
 [0 3 9 4 6 0 1 7 8]]
Number of cells unfilled: 14
Accuracy: 82.71604938271605
Sample: 25605
Question:
[[4 8 0 0 0 6 0 0 0]
 [9 0 5 0 0 0 0 0 7]
 [0 0 6 0 0 0 4 0 0]
 [0 6 0 4 0 8 0 0 0]
 [0 0 7 5 9 0 8 0 0]
 [0 0 9 0 0 0 0 0 4]
 [7 0 0 0 8 0 0 0 0]
 [0 0 0 7 4 0 3 0 1]
 [0 5 0 6 0 0 0 0 0]]
Solution:
[[9 8 5 3 2 1 7 4 0]
 [3 2 7 5 4 8 0 1 6]
 [4 1 6 7 9 0 3 8 2]
 [0 4 0 0 5 3 8 6 7]
 [8 9 1 0 7 2 5 0 3]
 [2 0 3 6 1 4 0 9 0]
 [1 7 4 9 8 5 6 3 0]
 [6 5 8 1 3 7 9 2 4]
 [0 3 9 4 6 0 1 7 8]]
Number of cells unfilled: 14
Accuracy: 82.71604938271605
Sample: 25606
Question:
[[5 0 0 6 0 4 0 0 0]
 [0 0 0 0 1 2 0 4 5]
 [0 2 0 3 0 0 1 0 6]
 [0 0 8 0 6 0 0 0 3]
 [0 0 9 0 0 5 0 6 0]
 [0 0 0 0 0 0 0 0 0]
 [3 0 6 5 0 0 0 0 4]
 [0 0 0 1 0 0 3 5 0]
 [0 1 0 0 0 0 0 0 2]]
Solution:
[[9 8 5 3 2 1 7 4 0]
 [3 2 7 5 4 8 0 9 6]
 [4 1 6 7 9 0 3 8 5]
 [0 4 0 0 5 3 8 6 7]
 [8 9 1 0 7 2 5 0 3]
 [2 7 3 6 1 4 0 0 9]
 [7 0 4 9 8 5 6 3 0]
 [6 5 8 1 3 7 9 2 4]
 [0 3 9 4 6 0 1 7 8]]
Number of cells unfilled: 14
Accuracy: 82.71604938271605
Sample: 25607
Question:
[[5 0 1 0 0 6 0 0 3]
 [0 8 2 0 0 0 6 0 0]
 [0 3 0 5 8 0 0 0 0]
 [0 1 0 3 0 0 0 0 6]
 [0 0 5 8 0 0 2 1 0]
 [0 0 6 0 5 0 0 0 0]
 [2 0 0 1 0 0 7 0 5]
 [0 0 0 0 2 0 4 0 0]
 [0 0 0 0 0 0 0 0 0]]
Solution:
[[9 8 5 3 2 6 7 4 1]
 [3 2 7 8 4 1 0 5 6]
 [4 1 6 7 9 0 3 8 2]
 [0 4 0 0 5 3 8 6 7]
 [8 9 1 0 7 2 5 0 3]
 [2 7 3 6 1 4 0 0 9]
 [7 0 4 9 8 5 6 3 0]
 [6 5 8 1 3 7 9 2 4]
 [0 3 9 4 6 0 1 7 8]]
Number of cells unfilled: 13
Accuracy: 83.9506172839506
Sample: 25608
Question:
[[5 0 7 0 0 0 0 0 0]
 [0 8 2 0 0 9 0 0 0]
 [9 1 0 0 0 0 0 0 8]
 [0 9 0 2 0 1 0 7 5]
 [0 0 5 9 0 0 0 0 0]
 [0 2 0 0 8 0 1 0 0]
 [0 0 0 3 0 6 0 8 9]
 [8 0 0 0 0 0 0 0 1]
 [0 7 0 0 0 0 0 2 0]]
Solution:
[[9 8 5 3 2 6 7 4 1]
 [3 2 7 8 4 1 0 9 6]
 [4 1 6 7 9 0 3 8 2]
 [0 4 0 0 5 3 8 6 7]
 [8 9 1 0 7 2 5 0 3]
 [2 0 3 6 1 4 0 0 9]
 [1 7 4 9 8 5 6 3 0]
 [6 5 8 1 3 7 9 2 4]
 [0 3 9 4 6 0 1 7 5]]
Number of cells unfilled: 13
Accuracy: 83.9506172839506
Sample: 25609
Question:
[[5 0 7 8 0 0 0 0 0]
 [4 0 0 0 2 0 9 0 0]
 [0 9 2 0 0 0 0 7 8]
 [0 0 0 0 9 0 0 0 2]
 [0 0 5 0 0 0 4 8 0]
 [8 0 0 4 0 5 0 9 7]
 [0 5 0 0 0 3 0 0 4]
 [0 0 0 0 0 0 0 0 0]
 [0 0 8 0 0 6 0 5 0]]
Solution:
[[9 8 5 3 2 6 7 4 1]
 [3 2 7 8 4 1 0 5 6]
 [4 1 6 7 9 0 3 8 2]
 [0 4 0 0 5 3 8 6 7]
 [8 9 1 0 7 2 5 0 3]
 [2 7 3 6 1 4 0 9 0]
 [7 0 4 9 8 5 6 3 0]
 [6 5 8 1 3 7 9 2 4]
 [0 3 9 4 6 0 1 7 8]]
Number of cells unfilled: 13
Accuracy: 83.9506172839506
Sample: 25610
Question:
[[5 1 0 0 0 3 0 0 0]
 [9 0 6 0 0 0 7 0 0]
 [0 7 3 6 9 0 0 0 0]
 [1 3 0 0 0 0 0 7 0]
 [6 0 0 1 0 5 3 0 0]
 [0 0 9 0 0 0 0 0 0]
 [0 0 0 3 0 0 0 0 0]
 [0 0 5 0 0 9 6 0 0]
 [0 0 0 7 0 6 8 4 0]]
Solution:
[[9 8 5 3 2 6 7 4 1]
 [3 2 7 8 4 1 0 9 6]
 [4 1 6 7 9 0 3 8 2]
 [0 4 0 0 5 3 8 6 7]
 [8 9 1 0 7 2 5 0 3]
 [2 7 3 6 1 4 0 0 9]
 [7 0 4 9 8 5 6 3 0]
 [6 5 8 1 3 7 9 2 4]
 [0 3 9 4 6 0 1 7 5]]
Number of cells unfilled: 13
Accuracy: 83.9506172839506
Sample: 25611
Question:
[[6 0 0 0 0 2 0 0 0]
 [0 1 9 5 0 0 0 0 0]
 [0 0 0 0 4 0 9 6 0]
 [9 0 6 0 0 5 0 0 2]
 [1 5 0 0 2 0 0 0 0]
 [0 4 2 0 0 0 0 0 1]
 [0 0 0 0 7 3 5 2 0]
 [0 0 5 0 0 0 0 4 0]
 [0 9 0 0 0 0 1 0 0]]
Solution:
[[9 8 5 3 2 6 7 4 1]
 [3 2 7 5 4 1 0 9 6]
 [4 1 6 7 9 0 3 8 5]
 [0 4 0 0 5 3 8 6 7]
 [8 9 1 0 7 2 5 0 3]
 [2 0 3 6 1 4 0 0 9]
 [1 7 4 9 8 5 6 3 0]
 [6 5 8 1 3 7 9 2 4]
 [0 3 9 4 6 0 1 7 8]]
Number of cells unfilled: 13
Accuracy: 83.9506172839506
Sample: 25612
Question:
[[6 0 0 9 0 0 5 0 0]
 [0 9 0 0 0 4 3 0 0]
 [0 0 0 0 0 0 0 0 0]
 [0 0 0 0 9 7 0 0 1]
 [0 0 6 0 0 2 9 4 0]
 [0 0 1 6 0 0 0 0 0]
 [0 0 4 0 1 0 0 0 7]
 [7 1 0 2 0 6 0 0 0]
 [2 0 9 4 0 0 0 6 0]]
Solution:
[[9 8 5 3 2 6 7 4 1]
 [3 2 7 5 4 1 0 9 6]
 [4 1 6 7 9 0 3 8 2]
 [0 4 0 0 5 3 8 6 7]
 [8 9 1 0 7 2 5 0 3]
 [2 0 3 6 1 4 0 0 9]
 [1 7 4 9 8 5 6 3 0]
 [6 5 8 1 3 7 9 2 4]
 [0 3 9 4 6 0 1 7 8]]
Number of cells unfilled: 13
Accuracy: 83.9506172839506
Sample: 25613
Question:
[[6 0 1 0 0 8 0 0 0]
 [0 4 5 0 1 0 6 0 8]
 [0 7 0 0 0 0 0 5 0]
 [0 0 8 0 0 0 0 0 9]
 [1 0 0 0 0 0 0 0 0]
 [0 6 0 8 0 0 0 0 3]
 [5 0 0 1 6 0 0 7 0]
 [0 0 0 0 8 4 1 0 0]
 [0 0 4 5 0 7 0 0 0]]
Solution:
[[9 8 5 3 2 1 7 4 0]
 [3 2 7 5 4 8 0 9 6]
 [4 1 6 7 9 0 3 8 2]
 [0 4 0 0 5 3 8 6 7]
 [8 9 1 0 7 2 5 0 3]
 [2 0 3 6 1 4 0 0 9]
 [1 7 4 9 8 5 6 3 0]
 [6 5 8 1 3 7 9 2 4]
 [0 3 9 4 6 0 1 7 5]]
Number of cells unfilled: 14
Accuracy: 82.71604938271605
Sample: 25614
Question:
[[6 0 2 9 5 0 0 0 0]
 [0 0 0 0 2 6 0 0 9]
 [9 0 0 8 0 1 0 0 0]
 [0 0 9 0 0 0 0 4 7]
 [0 6 0 0 1 0 0 0 0]
 [0 0 5 2 0 0 0 0 0]
 [5 0 0 0 6 0 2 0 0]
 [0 1 8 0 0 0 0 0 5]
 [2 0 0 0 0 8 0 9 0]]
Solution:
[[9 8 5 3 2 6 7 4 1]
 [3 2 7 8 4 1 0 5 6]
 [4 1 6 7 9 0 3 8 2]
 [0 4 0 0 5 3 8 6 7]
 [8 9 1 0 7 2 5 0 3]
 [2 7 3 6 1 4 0 9 0]
 [7 0 4 9 8 5 6 3 0]
 [6 5 8 1 3 7 9 2 4]
 [0 3 9 4 6 0 1 7 8]]
Number of cells unfilled: 13
Accuracy: 83.9506172839506
Sample: 25615
Question:
[[6 2 0 9 0 3 0 0 0]
 [0 9 8 0 2 0 6 0 0]
 [3 0 1 0 0 0 0 0 9]
 [0 0 0 0 0 0 0 0 0]
 [0 1 0 8 0 0 9 5 0]
 [0 0 0 0 0 1 0 7 0]
 [0 0 9 3 0 0 0 1 8]
 [8 0 0 6 0 0 2 0 0]
 [0 0 2 0 0 9 0 0 0]]
Solution:
[[9 8 5 3 2 1 7 4 0]
 [3 2 7 5 4 8 0 1 6]
 [4 1 6 7 9 0 3 8 2]
 [0 4 0 0 5 3 8 6 7]
 [8 9 1 0 7 2 5 0 3]
 [2 7 3 6 1 4 0 9 0]
 [7 0 4 9 8 5 6 3 0]
 [6 5 8 1 3 7 9 2 4]
 [0 3 9 4 6 0 1 7 5]]
Number of cells unfilled: 14
Accuracy: 82.71604938271605
Sample: 25616
Question:
[[6 4 0 0 0 7 0 5 0]
 [0 0 0 0 0 9 7 0 4]
 [0 0 9 0 0 0 0 2 6]
 [1 0 0 6 0 0 0 4 0]
 [0 0 0 0 0 0 0 0 7]
 [8 0 0 0 0 0 6 0 0]
 [0 0 2 7 0 4 0 0 9]
 [9 7 0 0 5 6 0 0 0]
 [0 0 0 0 2 0 5 0 0]]
Solution:
[[9 8 5 3 2 1 7 4 0]
 [3 2 7 8 4 0 0 1 6]
 [4 1 6 7 9 0 3 8 2]
 [0 4 0 0 5 3 8 6 7]
 [8 9 1 0 7 2 5 0 3]
 [2 7 3 6 1 4 0 9 0]
 [7 0 4 9 8 5 6 3 0]
 [6 5 8 1 3 7 9 2 4]
 [0 3 9 4 6 0 1 7 8]]
Number of cells unfilled: 15
Accuracy: 81.48148148148148
Sample: 25617
Question:
[[6 5 0 4 0 9 7 0 0]
 [0 0 9 0 0 0 0 0 0]
 [4 0 0 0 2 6 0 0 5]
 [0 4 0 0 0 5 0 0 0]
 [0 0 2 0 9 0 0 0 0]
 [0 0 0 0 0 7 8 0 3]
 [9 0 0 0 0 0 0 0 7]
 [2 6 0 7 0 0 4 0 0]
 [0 7 5 0 0 4 0 0 0]]
Solution:
[[9 8 5 3 2 1 7 4 0]
 [3 2 7 8 4 0 0 5 6]
 [4 1 6 7 9 0 3 8 2]
 [0 4 0 0 5 3 8 6 7]
 [8 9 1 0 7 2 5 0 3]
 [2 0 3 6 1 4 0 9 0]
 [1 7 4 9 8 5 6 3 0]
 [6 5 8 1 3 7 9 2 4]
 [0 3 9 4 6 0 1 7 5]]
Number of cells unfilled: 15
Accuracy: 81.48148148148148
Sample: 25618
Question:
[[7 0 0 0 9 0 0 0 0]
 [0 0 0 0 0 0 0 0 0]
 [0 0 0 0 8 2 0 7 0]
 [0 0 0 0 0 6 4 2 0]
 [3 2 0 0 0 0 0 5 6]
 [4 0 0 0 5 0 7 0 3]
 [0 6 0 0 2 5 0 0 4]
 [0 0 4 0 0 0 0 0 0]
 [5 3 0 4 7 0 2 0 0]]
Solution:
[[9 8 5 3 2 1 7 4 0]
 [3 2 7 5 4 8 0 9 6]
 [4 1 6 7 9 0 3 8 2]
 [0 4 0 0 5 3 8 6 7]
 [8 9 1 0 7 2 5 0 3]
 [2 0 3 6 1 4 0 0 9]
 [1 7 4 9 8 5 6 3 0]
 [6 5 8 1 3 7 9 2 4]
 [0 3 9 4 6 0 1 7 5]]
Number of cells unfilled: 14
Accuracy: 82.71604938271605
Sample: 25619
Question:
[[8 0 5 4 0 0 0 6 2]
 [0 0 0 0 5 0 8 4 0]
 [0 6 0 0 0 0 0 0 7]
 [0 7 0 8 0 0 0 0 0]
 [4 0 6 5 2 0 0 0 0]
 [0 0 0 0 7 6 0 2 4]
 [0 0 3 0 0 5 0 0 8]
 [0 0 9 0 4 0 0 5 0]
 [0 0 0 0 0 0 0 0 0]]
Solution:
[[9 8 5 3 2 6 7 4 1]
 [3 2 7 8 4 1 0 9 6]
 [4 1 6 7 9 0 3 8 2]
 [0 4 0 0 5 3 8 6 7]
 [8 9 1 0 7 2 5 0 3]
 [2 0 3 6 1 4 0 0 9]
 [1 7 4 9 8 5 6 3 0]
 [6 5 8 1 3 7 9 2 4]
 [0 3 9 4 6 0 1 7 8]]
Number of cells unfilled: 13
Accuracy: 83.9506172839506
Sample: 25620
Question:
[[8 3 0 0 1 0 2 0 0]
 [0 9 0 0 0 2 0 0 0]
 [2 0 4 0 0 0 0 1 0]
 [0 0 0 0 7 5 0 2 0]
 [0 0 3 0 0 0 0 0 9]
 [1 0 0 0 0 0 0 4 0]
 [0 8 0 0 2 0 1 9 0]
 [0 1 0 0 0 4 0 8 3]
 [3 0 9 0 0 0 0 0 0]]
Solution:
[[9 8 5 3 2 6 7 4 1]
 [3 2 7 0 4 8 0 5 6]
 [4 1 6 7 9 0 3 8 2]
 [0 4 0 0 5 3 8 6 7]
 [8 9 1 0 7 2 5 0 3]
 [2 0 3 6 1 4 0 0 9]
 [1 7 4 9 8 5 6 3 0]
 [6 5 8 1 3 7 9 2 4]
 [0 3 9 4 6 0 1 7 5]]
Number of cells unfilled: 14
Accuracy: 82.71604938271605
Sample: 25621
Question:
[[9 0 0 0 3 7 0 6 0]
 [0 0 3 0 0 1 7 0 0]
 [0 0 6 4 9 0 0 0 1]
 [3 0 7 0 0 0 0 0 6]
 [0 6 1 0 7 0 0 0 0]
 [4 9 0 0 0 0 0 0 0]
 [0 7 0 0 1 0 0 0 0]
 [0 0 0 0 6 0 0 2 8]
 [0 0 4 3 0 0 0 0 0]]
Solution:
[[9 8 5 3 2 6 7 4 1]
 [3 2 7 5 4 1 0 9 6]
 [4 1 6 7 9 0 3 8 5]
 [0 4 0 0 5 3 8 6 7]
 [8 9 1 0 7 2 5 0 3]
 [2 7 3 6 1 4 0 0 9]
 [7 0 4 9 8 5 6 3 0]
 [6 5 8 1 3 7 9 2 4]
 [0 3 9 4 6 0 1 7 8]]
Number of cells unfilled: 13
Accuracy: 83.9506172839506
Sample: 25622
Question:
[[9 0 0 0 5 0 0 3 0]
 [2 0 0 0 0 8 0 0 5]
 [0 0 0 0 0 0 0 0 0]
 [0 7 0 0 0 0 0 4 0]
 [5 0 3 8 0 0 0 1 0]
 [0 0 0 7 0 5 0 0 8]
 [7 0 8 5 0 1 0 0 3]
 [0 0 0 0 0 4 0 8 1]
 [0 4 0 3 0 0 7 0 0]]
Solution:
[[9 8 5 3 2 6 7 4 1]
 [3 2 7 8 4 1 0 9 6]
 [4 1 6 7 9 0 3 8 5]
 [0 4 0 0 5 3 8 6 7]
 [8 9 1 0 7 2 5 0 3]
 [2 0 3 6 1 4 0 0 9]
 [1 7 4 9 8 5 6 3 0]
 [6 5 8 1 3 7 9 2 4]
 [0 3 9 4 6 0 1 7 8]]
Number of cells unfilled: 13
Accuracy: 83.9506172839506
Sample: 25623
Question:
[[9 4 0 0 0 3 0 7 0]
 [0 7 1 0 0 0 0 8 0]
 [8 0 0 7 0 0 0 0 0]
 [0 0 9 0 0 0 8 0 0]
 [0 3 0 0 0 0 0 0 1]
 [0 0 0 2 0 5 3 0 7]
 [0 0 8 0 0 0 0 1 0]
 [4 0 0 0 0 7 0 0 0]
 [3 0 0 1 0 0 9 0 4]]
Solution:
[[9 8 5 3 2 1 7 4 0]
 [3 2 7 5 4 8 0 1 6]
 [4 1 6 7 9 0 3 8 2]
 [0 4 0 0 5 3 8 6 7]
 [8 9 1 0 7 2 5 0 3]
 [2 0 3 6 1 4 0 9 0]
 [1 7 4 9 8 5 6 3 0]
 [6 5 8 1 3 7 9 2 4]
 [0 3 9 4 6 0 1 7 5]]
Number of cells unfilled: 14
Accuracy: 82.71604938271605
Sample: 25624
Question:
[[9 7 0 2 0 0 5 4 0]
 [4 0 6 0 0 5 0 7 0]
 [0 0 2 0 0 0 0 0 9]
 [2 0 0 1 0 8 0 0 0]
 [0 0 9 0 0 0 0 0 6]
 [5 0 0 0 0 0 7 0 0]
 [0 0 0 0 0 2 0 9 0]
 [7 0 0 0 0 0 2 0 5]
 [0 0 0 7 0 0 4 6 0]]
Solution:
[[9 8 5 3 2 6 7 4 1]
 [3 2 7 8 4 1 0 9 6]
 [4 1 6 7 9 0 3 8 2]
 [0 4 0 0 5 3 8 6 7]
 [8 9 1 0 7 2 5 0 3]
 [2 0 3 6 1 4 0 0 9]
 [1 7 4 9 8 5 6 3 0]
 [6 5 8 1 3 7 9 2 4]
 [0 3 9 4 6 0 1 7 8]]
Number of cells unfilled: 13
Accuracy: 83.9506172839506
Sample: 25625
Question:
[[0 2 5 0 4 0 0 1 0]
 [0 0 0 8 0 0 0 7 0]
 [3 9 0 0 7 2 5 6 0]
 [0 5 1 0 0 3 0 0 0]
 [6 0 0 0 0 5 4 9 0]
 [0 7 0 9 6 0 0 0 8]
 [0 0 0 6 0 4 0 0 2]
 [8 0 2 0 0 0 9 3 6]
 [1 0 0 0 3 0 7 0 0]]
Solution:
[[9 8 5 3 2 6 7 4 0]
 [3 2 7 5 4 8 0 1 6]
 [4 1 6 7 9 0 3 8 2]
 [0 4 0 0 5 3 8 6 7]
 [8 9 1 0 7 2 5 0 3]
 [2 7 3 6 1 4 0 9 0]
 [7 0 4 9 8 5 6 3 0]
 [6 5 8 1 3 7 9 2 4]
 [0 3 9 4 6 0 1 7 5]]
Number of cells unfilled: 14
Accuracy: 82.71604938271605
Sample: 25626
Question:
[[0 0 0 0 6 4 0 0 0]
 [0 0 0 3 0 2 0 5 8]
 [0 0 0 0 8 0 0 0 6]
 [6 9 2 0 0 0 3 0 4]
 [0 1 0 2 0 0 0 8 0]
 [0 0 0 0 0 0 0 0 0]
 [0 3 0 0 0 1 0 4 0]
 [0 0 4 6 0 0 0 1 5]
 [0 0 8 9 0 0 7 0 0]]
Solution:
[[9 8 5 3 2 1 7 4 0]
 [3 2 7 8 4 0 0 9 6]
 [4 1 6 7 9 0 3 8 5]
 [0 4 0 0 5 3 8 6 7]
 [8 9 1 0 7 2 5 0 3]
 [2 0 3 6 1 4 0 0 9]
 [1 7 4 9 8 5 6 3 0]
 [6 5 8 1 3 7 9 2 4]
 [0 3 9 4 6 0 1 7 8]]
Number of cells unfilled: 15
Accuracy: 81.48148148148148
Sample: 25627
Question:
[[0 0 2 0 6 0 0 0 9]
 [0 0 8 7 0 3 0 4 1]
 [0 0 0 0 1 0 7 0 0]
 [0 0 0 0 0 0 2 9 8]
 [0 0 0 4 0 0 0 0 0]
 [8 0 6 0 0 0 3 0 0]
 [7 0 0 1 4 8 0 2 0]
 [0 4 3 0 0 7 0 1 0]
 [0 0 0 0 0 0 0 0 7]]
Solution:
[[9 8 5 3 2 6 7 4 1]
 [3 2 7 8 4 1 0 5 6]
 [4 1 6 7 9 0 3 8 2]
 [0 4 0 0 5 3 8 6 7]
 [8 9 1 0 7 2 5 0 3]
 [2 7 3 6 1 4 0 9 0]
 [7 0 4 9 8 5 6 3 0]
 [6 5 8 1 3 7 9 2 4]
 [0 3 9 4 6 0 1 7 5]]
Number of cells unfilled: 13
Accuracy: 83.9506172839506
Sample: 25628
Question:
[[0 0 8 2 6 7 0 0 0]
 [0 0 0 0 4 3 0 2 0]
 [0 0 6 0 0 0 9 4 7]
 [4 1 0 0 0 0 0 9 0]
 [0 3 9 6 7 0 0 0 8]
 [0 0 2 0 5 0 3 0 0]
 [0 8 0 0 0 1 7 0 0]
 [2 5 0 0 3 0 4 0 0]
 [7 9 0 8 0 5 1 0 0]]
Solution:
[[9 8 5 3 2 1 7 4 0]
 [3 2 7 8 4 0 0 5 6]
 [4 1 6 7 9 0 3 8 2]
 [0 4 0 0 5 3 8 6 7]
 [8 9 1 0 7 2 5 0 3]
 [2 7 3 6 1 4 0 9 0]
 [7 0 4 9 8 5 6 3 0]
 [6 5 8 1 3 7 9 2 4]
 [0 3 9 4 6 0 1 7 5]]
Number of cells unfilled: 15
Accuracy: 81.48148148148148
Sample: 25629
Question:
[[0 0 0 0 0 0 0 0 9]
 [0 5 0 0 0 3 7 0 8]
 [0 0 6 1 0 0 0 2 0]
 [0 6 0 0 0 0 0 0 1]
 [0 7 0 4 5 0 0 0 0]
 [5 0 2 0 0 0 9 0 0]
 [0 4 0 7 0 2 8 0 6]
 [8 0 3 9 0 0 0 7 0]
 [0 1 0 0 0 4 0 0 0]]
Solution:
[[9 8 5 3 2 6 7 4 1]
 [3 2 7 5 4 1 0 9 6]
 [4 1 6 7 9 0 3 8 2]
 [0 4 0 0 5 3 8 6 7]
 [8 9 1 0 7 2 5 0 3]
 [2 0 3 6 1 4 0 0 9]
 [1 7 4 9 8 5 6 3 0]
 [6 5 8 1 3 7 9 2 4]
 [0 3 9 4 6 0 1 7 5]]
Number of cells unfilled: 13
Accuracy: 83.9506172839506
Sample: 25630
Question:
[[0 0 0 0 3 0 0 0 0]
 [6 0 0 0 0 0 7 4 0]
 [0 7 0 4 0 0 0 0 8]
 [9 0 0 0 6 0 0 2 0]
 [0 2 0 9 0 0 8 0 0]
 [1 0 0 0 0 2 0 0 9]
 [4 0 0 0 5 1 9 0 0]
 [0 5 0 2 0 0 0 8 0]
 [0 0 0 0 0 3 0 0 5]]
Solution:
[[9 8 5 3 2 6 7 4 1]
 [3 2 7 8 4 1 0 9 6]
 [4 1 6 7 9 0 3 8 5]
 [0 4 0 0 5 3 8 6 7]
 [8 9 1 0 7 2 5 0 3]
 [2 0 3 6 1 4 0 0 9]
 [1 7 4 9 8 5 6 3 0]
 [6 5 8 1 3 7 9 2 4]
 [0 3 9 4 6 0 1 7 8]]
Number of cells unfilled: 13
Accuracy: 83.9506172839506
Sample: 25631
Question:
[[0 0 0 0 0 9 0 7 0]
 [0 9 0 0 8 0 4 6 3]
 [8 0 5 0 6 0 0 0 0]
 [0 0 0 9 7 0 0 1 4]
 [0 8 0 0 0 6 7 0 0]
 [0 2 4 0 0 0 0 0 6]
 [0 0 0 0 0 0 0 8 9]
 [3 0 0 0 0 0 0 0 0]
 [0 0 2 4 0 0 0 0 0]]
Solution:
[[9 8 5 3 2 6 7 4 1]
 [3 2 7 8 4 1 0 5 6]
 [4 1 6 7 9 0 3 8 2]
 [0 4 0 0 5 3 8 6 7]
 [8 9 1 0 7 2 5 0 3]
 [2 0 3 6 1 4 0 9 0]
 [1 7 4 9 8 5 6 3 0]
 [6 5 8 1 3 7 9 2 4]
 [0 3 9 4 6 0 1 7 8]]
Number of cells unfilled: 13
Accuracy: 83.9506172839506
Sample: 25632
Question:
[[7 3 1 0 0 0 0 0 0]
 [6 0 4 0 0 0 0 0 0]
 [0 0 0 9 0 0 1 0 0]
 [4 0 0 2 0 0 3 0 7]
 [0 0 0 0 0 0 0 0 0]
 [9 8 0 0 0 6 0 0 1]
 [0 0 0 0 6 2 0 3 9]
 [5 0 6 7 0 0 0 8 0]
 [0 0 0 0 4 0 0 0 0]]
Solution:
[[9 8 5 3 2 6 7 4 1]
 [3 2 7 5 4 8 0 9 6]
 [4 1 6 7 9 0 3 8 2]
 [0 4 0 0 5 3 8 6 7]
 [8 9 1 0 7 2 5 0 3]
 [2 0 3 6 1 4 0 0 9]
 [1 7 4 9 8 5 6 3 0]
 [6 5 8 1 3 7 9 2 4]
 [0 3 9 4 6 0 1 7 5]]
Number of cells unfilled: 13
Accuracy: 83.9506172839506
Sample: 25633
Question:
[[0 0 0 0 0 0 0 3 0]
 [0 0 0 0 0 6 9 0 2]
 [0 8 9 0 3 0 0 0 0]
 [0 1 0 5 0 2 0 0 0]
 [3 0 2 0 0 0 0 4 0]
 [0 7 0 6 0 0 0 0 0]
 [0 3 4 0 0 8 0 0 1]
 [0 2 6 0 0 5 0 0 0]
 [0 0 0 0 1 0 0 2 0]]
Solution:
[[9 8 5 3 2 1 7 4 0]
 [3 2 7 5 4 8 0 1 6]
 [4 1 6 7 9 0 3 8 5]
 [0 4 0 0 5 3 8 6 7]
 [8 9 1 0 7 2 5 0 3]
 [2 7 3 6 1 4 0 9 0]
 [7 0 4 9 8 5 6 3 0]
 [6 5 8 1 3 7 9 2 4]
 [0 3 9 4 6 0 1 7 8]]
Number of cells unfilled: 14
Accuracy: 82.71604938271605
Sample: 25634
Question:
[[0 5 0 8 0 0 0 0 1]
 [0 0 0 0 5 0 2 0 0]
 [6 0 0 0 0 9 0 3 0]
 [4 0 0 0 7 0 0 0 0]
 [0 3 0 6 0 0 0 4 0]
 [0 6 9 0 0 4 0 0 0]
 [0 0 1 2 0 0 7 0 0]
 [3 0 0 0 0 7 0 9 0]
 [0 0 0 0 0 0 0 0 8]]
Solution:
[[9 8 5 3 2 1 7 4 0]
 [3 2 7 8 4 0 0 5 6]
 [4 1 6 7 9 0 3 8 2]
 [0 4 0 0 5 3 8 6 7]
 [8 9 1 0 7 2 5 0 3]
 [2 0 3 6 1 4 0 9 0]
 [1 7 4 9 8 5 6 3 0]
 [6 5 8 1 3 7 9 2 4]
 [0 3 9 4 6 0 1 7 5]]
Number of cells unfilled: 15
Accuracy: 81.48148148148148
Sample: 25635
Question:
[[0 0 0 7 0 0 0 0 1]
 [0 9 0 0 0 4 3 0 0]
 [0 0 0 2 0 0 6 0 0]
 [7 0 0 8 0 0 0 0 0]
 [5 0 0 0 0 0 0 0 4]
 [0 0 1 0 9 0 8 3 0]
 [0 1 5 4 0 0 0 2 0]
 [6 2 0 0 1 0 0 5 3]
 [0 0 4 0 0 2 0 0 0]]
Solution:
[[9 8 5 3 2 1 7 4 0]
 [3 2 7 5 4 8 0 1 6]
 [4 1 6 7 9 0 3 8 2]
 [0 4 0 0 5 3 8 6 7]
 [8 9 1 0 7 2 5 0 3]
 [2 0 3 6 1 4 0 9 0]
 [1 7 4 9 8 5 6 3 0]
 [6 5 8 1 3 7 9 2 4]
 [0 3 9 4 6 0 1 7 5]]
Number of cells unfilled: 14
Accuracy: 82.71604938271605
Sample: 25636
Question:
[[0 0 0 0 2 0 0 0 8]
 [2 0 6 0 5 0 7 0 9]
 [0 0 7 3 0 0 0 5 0]
 [0 6 0 0 0 0 2 0 0]
 [5 0 0 0 0 0 0 0 0]
 [0 0 0 0 0 0 4 0 0]
 [0 0 4 0 0 7 8 0 0]
 [8 7 0 4 6 0 0 0 0]
 [0 0 0 2 0 5 1 0 0]]
Solution:
[[9 8 5 3 2 6 7 4 1]
 [3 2 7 8 4 1 0 5 6]
 [4 1 6 7 9 0 3 8 2]
 [0 4 0 0 5 3 8 6 7]
 [8 9 1 0 7 2 5 0 3]
 [2 7 3 6 1 4 0 9 0]
 [7 0 4 9 8 5 6 3 0]
 [6 5 8 1 3 7 9 2 4]
 [0 3 9 4 6 0 1 7 5]]
Number of cells unfilled: 13
Accuracy: 83.9506172839506
Sample: 25637
Question:
[[5 0 0 1 4 0 3 0 0]
 [0 0 2 0 5 0 0 0 0]
 [0 4 0 0 0 8 0 0 5]
 [0 5 0 8 0 0 0 0 7]
 [0 0 9 0 0 4 0 0 0]
 [3 0 0 0 7 0 0 1 0]
 [2 0 0 0 0 0 6 0 0]
 [0 0 0 6 0 0 7 9 0]
 [0 6 0 0 8 0 0 0 1]]
Solution:
[[9 8 5 3 2 6 7 4 1]
 [3 2 7 8 4 1 0 5 6]
 [4 1 6 7 9 0 3 8 2]
 [0 4 0 0 5 3 8 6 7]
 [8 9 1 0 7 2 5 0 3]
 [2 0 3 6 1 4 0 0 9]
 [1 7 4 9 8 5 6 3 0]
 [6 5 8 1 3 7 9 2 4]
 [0 3 9 4 6 0 1 7 5]]
Number of cells unfilled: 13
Accuracy: 83.9506172839506
Sample: 25638
Question:
[[0 0 7 0 0 2 0 0 9]
 [0 8 6 0 0 0 7 0 0]
 [4 0 0 0 0 7 0 2 6]
 [0 0 0 0 0 0 0 9 0]
 [0 0 1 0 5 0 0 3 0]
 [9 6 0 4 2 0 0 0 0]
 [0 0 0 0 8 4 0 0 0]
 [0 0 0 3 0 0 0 0 4]
 [3 0 0 6 0 0 0 1 0]]
Solution:
[[9 8 5 3 2 1 7 4 0]
 [3 2 7 8 4 0 0 5 6]
 [4 1 6 7 9 0 3 8 2]
 [0 4 0 0 5 3 8 6 7]
 [8 9 1 0 7 2 5 0 3]
 [2 0 3 6 1 4 0 9 0]
 [1 7 4 9 8 5 6 3 0]
 [6 5 8 1 3 7 9 2 4]
 [0 3 9 4 6 0 1 7 8]]
Number of cells unfilled: 15
Accuracy: 81.48148148148148
Sample: 25639
Question:
[[6 4 0 0 0 0 0 2 0]
 [0 0 0 3 9 0 7 0 0]
 [0 0 0 0 0 0 4 8 0]
 [5 0 3 0 7 0 0 0 1]
 [0 1 0 2 0 0 0 0 7]
 [2 0 0 5 0 3 0 0 0]
 [0 8 0 0 0 9 0 0 0]
 [0 0 0 0 0 1 0 9 8]
 [0 0 2 0 0 0 6 0 0]]
Solution:
[[9 8 5 3 2 1 7 4 0]
 [3 2 7 5 4 8 0 1 6]
 [4 1 6 7 9 0 3 8 2]
 [0 4 0 0 5 3 8 6 7]
 [8 9 1 0 7 2 5 0 3]
 [2 7 3 6 1 4 0 9 0]
 [7 0 4 9 8 5 6 3 0]
 [6 5 8 1 3 7 9 2 4]
 [0 3 9 4 6 0 1 7 8]]
Number of cells unfilled: 14
Accuracy: 82.71604938271605
Sample: 25640
Question:
[[0 0 0 0 0 0 6 8 0]
 [1 0 4 0 0 2 0 0 0]
 [0 0 0 0 5 0 4 1 9]
 [0 0 2 3 0 5 0 0 8]
 [0 0 0 2 0 0 9 0 0]
 [0 7 0 0 4 1 0 0 0]
 [0 2 0 5 0 9 0 0 0]
 [6 0 1 0 8 7 0 5 0]
 [0 0 8 0 0 0 0 0 0]]
Solution:
[[9 8 5 3 2 1 7 4 0]
 [3 2 7 5 4 8 0 9 6]
 [4 1 6 7 9 0 3 8 5]
 [0 4 0 0 5 3 8 6 7]
 [8 9 1 0 7 2 5 0 3]
 [2 7 3 6 1 4 0 0 9]
 [7 0 4 9 8 5 6 3 0]
 [6 5 8 1 3 7 9 2 4]
 [0 3 9 4 6 0 1 7 8]]
Number of cells unfilled: 14
Accuracy: 82.71604938271605
Sample: 25641
Question:
[[0 0 1 5 0 0 2 0 0]
 [0 0 0 0 0 6 0 9 0]
 [9 0 0 0 2 0 0 0 4]
 [0 0 0 0 0 1 3 0 8]
 [0 8 0 0 0 0 0 0 0]
 [3 0 0 0 7 0 0 4 0]
 [0 0 6 0 0 0 0 0 9]
 [7 0 0 0 3 0 4 0 0]
 [0 5 0 0 0 2 0 7 0]]
Solution:
[[9 8 5 3 2 6 7 4 1]
 [3 2 7 5 4 1 0 9 6]
 [4 1 6 7 9 0 3 8 2]
 [0 4 0 0 5 3 8 6 7]
 [8 9 1 0 7 2 5 0 3]
 [2 7 3 6 1 4 0 0 9]
 [7 0 4 9 8 5 6 3 0]
 [6 5 8 1 3 7 9 2 4]
 [0 3 9 4 6 0 1 7 5]]
Number of cells unfilled: 13
Accuracy: 83.9506172839506
Sample: 25642
Question:
[[0 0 7 3 0 9 4 0 0]
 [0 0 0 8 0 0 0 2 6]
 [0 2 0 0 1 0 0 0 3]
 [0 6 0 7 0 0 0 0 0]
 [0 0 1 0 0 0 6 0 0]
 [7 0 5 6 0 2 0 0 0]
 [0 1 3 0 0 0 7 5 0]
 [0 0 0 0 0 0 1 0 0]
 [9 0 0 0 0 7 0 0 8]]
Solution:
[[9 8 5 3 2 6 7 4 1]
 [3 2 7 5 4 8 0 9 6]
 [4 1 6 7 9 0 3 8 2]
 [0 4 0 0 5 3 8 6 7]
 [8 9 1 0 7 2 5 0 3]
 [2 0 3 6 1 4 0 0 9]
 [1 7 4 9 8 5 6 3 0]
 [6 5 8 1 3 7 9 2 4]
 [0 3 9 4 6 0 1 7 5]]
Number of cells unfilled: 13
Accuracy: 83.9506172839506
Sample: 25643
Question:
[[0 0 0 0 0 7 0 0 8]
 [0 0 7 0 8 5 9 0 0]
 [0 6 0 0 1 0 0 0 0]
 [0 0 5 0 4 9 0 8 0]
 [1 0 0 0 0 0 7 0 4]
 [0 0 0 0 0 0 5 0 9]
 [0 0 4 0 9 8 0 0 7]
 [0 0 0 2 0 0 0 0 0]
 [3 0 0 0 0 4 0 0 0]]
Solution:
[[9 8 5 3 2 6 7 4 1]
 [3 2 7 5 4 1 0 9 6]
 [4 1 6 7 9 0 3 8 2]
 [0 4 0 0 5 3 8 6 7]
 [8 9 1 0 7 2 5 0 3]
 [2 0 3 6 1 4 0 0 9]
 [1 7 4 9 8 5 6 3 0]
 [6 5 8 1 3 7 9 2 4]
 [0 3 9 4 6 0 1 7 8]]
Number of cells unfilled: 13
Accuracy: 83.9506172839506
Sample: 25644
Question:
[[0 0 0 0 6 0 3 0 0]
 [0 3 0 4 0 8 0 0 6]
 [0 0 0 7 0 0 0 4 0]
 [0 4 0 0 8 0 1 6 0]
 [0 0 5 0 0 0 0 0 0]
 [0 6 0 0 4 9 0 7 0]
 [2 0 0 0 0 1 0 0 0]
 [0 0 0 0 0 0 9 0 0]
 [0 8 0 0 7 4 0 3 0]]
Solution:
[[9 8 5 3 2 1 7 4 0]
 [3 2 7 5 4 8 0 1 6]
 [4 1 6 7 9 0 3 8 5]
 [0 4 0 0 5 3 8 6 7]
 [8 9 1 0 7 2 5 0 3]
 [2 0 3 6 1 4 0 9 0]
 [1 7 4 9 8 5 6 3 0]
 [6 5 8 1 3 7 9 2 4]
 [0 3 9 4 6 0 1 7 8]]
Number of cells unfilled: 14
Accuracy: 82.71604938271605
Sample: 25645
Question:
[[0 0 0 5 0 0 0 0 0]
 [0 3 0 0 8 0 0 2 4]
 [0 8 6 0 4 3 0 0 1]
 [0 0 2 0 0 7 0 0 0]
 [0 0 0 0 0 0 0 6 0]
 [0 1 0 0 3 0 0 0 9]
 [8 0 3 0 9 0 4 0 0]
 [1 0 0 0 0 0 0 0 8]
 [0 4 0 0 0 0 0 9 0]]
Solution:
[[9 8 5 3 2 1 7 4 0]
 [3 2 7 8 4 0 0 1 6]
 [4 1 6 7 9 0 3 8 2]
 [0 4 0 0 5 3 8 6 7]
 [8 9 1 0 7 2 5 0 3]
 [2 7 3 6 1 4 0 9 0]
 [7 0 4 9 8 5 6 3 0]
 [6 5 8 1 3 7 9 2 4]
 [0 3 9 4 6 0 1 7 5]]
Number of cells unfilled: 15
Accuracy: 81.48148148148148
Sample: 25646
Question:
[[0 6 0 3 0 5 2 0 0]
 [0 0 1 0 0 0 0 0 5]
 [0 0 0 0 0 0 0 6 3]
 [0 0 0 8 0 0 0 0 2]
 [0 8 0 6 0 2 0 3 0]
 [7 0 0 0 0 1 8 0 0]
 [0 5 0 2 0 3 0 0 8]
 [0 0 9 5 0 0 0 0 0]
 [0 0 0 0 4 0 0 0 0]]
Solution:
[[9 8 5 3 2 6 7 4 1]
 [3 2 7 5 4 1 0 9 6]
 [4 1 6 7 9 0 3 8 5]
 [0 4 0 0 5 3 8 6 7]
 [8 9 1 0 7 2 5 0 3]
 [2 0 3 6 1 4 0 0 9]
 [1 7 4 9 8 5 6 3 0]
 [6 5 8 1 3 7 9 2 4]
 [0 3 9 4 6 0 1 7 8]]
Number of cells unfilled: 13
Accuracy: 83.9506172839506
Sample: 25647
Question:
[[0 6 0 2 5 0 0 8 0]
 [0 0 4 0 0 9 0 5 0]
 [0 0 0 0 0 0 0 0 3]
 [0 5 0 0 0 0 8 0 0]
 [6 0 0 0 0 7 0 0 0]
 [0 0 2 5 1 0 0 3 0]
 [0 2 6 0 9 0 3 0 0]
 [0 1 0 0 0 0 0 0 8]
 [4 0 0 1 6 0 0 2 0]]
Solution:
[[9 8 5 3 2 1 7 4 0]
 [3 2 7 5 4 8 0 1 6]
 [4 1 6 7 9 0 3 8 2]
 [0 4 0 0 5 3 8 6 7]
 [8 9 1 0 7 2 5 0 3]
 [2 0 3 6 1 4 0 9 0]
 [1 7 4 9 8 5 6 3 0]
 [6 5 8 1 3 7 9 2 4]
 [0 3 9 4 6 0 1 7 5]]
Number of cells unfilled: 14
Accuracy: 82.71604938271605
Sample: 25648
Question:
[[4 0 0 0 0 0 0 0 0]
 [0 1 0 9 0 0 6 0 0]
 [0 9 3 0 8 0 0 0 2]
 [0 0 0 8 5 0 2 0 0]
 [0 3 5 0 0 7 0 0 8]
 [0 0 0 3 0 0 0 6 0]
 [0 8 9 5 0 0 0 0 6]
 [1 0 0 0 7 0 0 0 9]
 [3 0 0 0 0 0 0 2 0]]
Solution:
[[9 8 5 3 2 1 7 4 0]
 [3 2 7 5 4 8 0 9 6]
 [4 1 6 7 9 0 3 8 2]
 [0 4 0 0 5 3 8 6 7]
 [8 9 1 0 7 2 5 0 3]
 [2 0 3 6 1 4 0 0 9]
 [1 7 4 9 8 5 6 3 0]
 [6 5 8 1 3 7 9 2 4]
 [0 3 9 4 6 0 1 7 5]]
Number of cells unfilled: 14
Accuracy: 82.71604938271605
Sample: 25649
Question:
[[3 0 0 0 0 4 0 5 0]
 [0 9 0 1 0 0 0 0 0]
 [5 0 8 0 0 3 9 0 1]
 [8 0 0 0 0 7 0 3 0]
 [0 0 6 0 0 0 2 0 0]
 [0 0 0 4 0 0 0 0 0]
 [0 8 3 5 4 0 0 7 0]
 [4 0 0 0 0 0 0 0 0]
 [0 5 7 0 0 8 0 0 0]]
Solution:
[[9 8 5 3 2 6 7 4 1]
 [3 2 7 5 4 1 0 9 6]
 [4 1 6 7 9 0 3 8 2]
 [0 4 0 0 5 3 8 6 7]
 [8 9 1 0 7 2 5 0 3]
 [2 7 3 6 1 4 0 0 9]
 [7 0 4 9 8 5 6 3 0]
 [6 5 8 1 3 7 9 2 4]
 [0 3 9 4 6 0 1 7 8]]
Number of cells unfilled: 13
Accuracy: 83.9506172839506
Sample: 25650
Question:
[[0 7 5 0 0 0 0 0 0]
 [0 4 9 1 0 0 0 0 8]
 [0 0 3 2 0 0 7 0 0]
 [6 1 0 0 0 0 0 8 0]
 [0 3 0 7 0 0 0 0 2]
 [0 0 0 0 0 0 0 0 0]
 [0 0 0 6 0 0 8 5 0]
 [0 0 0 0 7 1 2 0 3]
 [0 2 0 5 3 0 0 7 0]]
Solution:
[[9 8 5 3 2 6 7 4 1]
 [3 2 7 8 4 1 0 5 6]
 [4 1 6 7 9 0 3 8 2]
 [0 4 0 0 5 3 8 6 7]
 [8 9 1 0 7 2 5 0 3]
 [2 0 3 6 1 4 0 9 0]
 [1 7 4 9 8 5 6 3 0]
 [6 5 8 1 3 7 9 2 4]
 [0 3 9 4 6 0 1 7 8]]
Number of cells unfilled: 13
Accuracy: 83.9506172839506
Sample: 25651
Question:
[[0 0 0 0 5 0 1 7 0]
 [0 0 7 0 8 6 0 3 2]
 [8 0 5 0 3 1 0 4 0]
 [6 0 2 0 0 3 9 0 7]
 [4 0 0 1 0 7 0 8 0]
 [0 9 0 0 0 0 0 5 3]
 [1 0 9 0 7 0 0 0 4]
 [0 3 0 9 2 0 0 6 0]
 [0 0 0 6 0 4 0 0 0]]
Solution:
[[9 8 5 3 2 1 7 4 0]
 [3 2 7 5 4 8 0 9 6]
 [4 1 6 7 9 0 3 8 2]
 [0 4 0 0 5 3 8 6 7]
 [8 9 1 0 7 2 5 0 3]
 [2 0 3 6 1 4 0 0 9]
 [1 7 4 9 8 5 6 3 0]
 [6 5 8 1 3 7 9 2 4]
 [0 3 9 4 6 0 1 7 5]]
Number of cells unfilled: 14
Accuracy: 82.71604938271605
Sample: 25652
Question:
[[0 3 0 5 0 0 0 0 0]
 [0 0 9 0 2 0 0 0 0]
 [8 0 0 0 0 6 0 0 4]
 [0 2 0 0 0 0 0 0 7]
 [1 0 0 0 0 4 6 0 0]
 [0 0 0 2 0 0 0 5 0]
 [6 0 0 0 8 0 7 0 0]
 [0 0 0 0 0 7 1 0 8]
 [0 0 0 9 0 0 0 3 0]]
Solution:
[[9 8 5 3 2 1 7 4 0]
 [3 2 7 8 4 0 0 1 6]
 [4 1 6 7 9 0 3 8 2]
 [0 4 0 0 5 3 8 6 7]
 [8 9 1 0 7 2 5 0 3]
 [2 7 3 6 1 4 0 9 0]
 [7 0 4 9 8 5 6 3 0]
 [6 5 8 1 3 7 9 2 4]
 [0 3 9 4 6 0 1 7 5]]
Number of cells unfilled: 15
Accuracy: 81.48148148148148
Sample: 25653
Question:
[[0 0 0 0 0 6 0 0 0]
 [0 0 4 2 0 0 7 0 0]
 [9 3 0 0 8 0 0 0 2]
 [4 0 3 7 0 0 0 0 5]
 [0 0 1 6 0 0 2 0 4]
 [6 0 0 0 0 0 0 0 0]
 [0 0 0 0 0 0 5 0 7]
 [7 0 5 1 0 0 0 2 0]
 [0 0 0 0 0 0 4 0 1]]
Solution:
[[9 8 5 3 2 6 7 4 1]
 [3 2 7 5 4 1 0 9 6]
 [4 1 6 7 9 0 3 8 2]
 [0 4 0 0 5 3 8 6 7]
 [8 9 1 0 7 2 5 0 3]
 [2 0 3 6 1 4 0 0 9]
 [1 7 4 9 8 5 6 3 0]
 [6 5 8 1 3 7 9 2 4]
 [0 3 9 4 6 0 1 7 5]]
Number of cells unfilled: 13
Accuracy: 83.9506172839506
Sample: 25654
Question:
[[2 0 0 0 0 0 0 5 0]
 [0 0 0 4 7 3 0 0 6]
 [0 0 4 0 0 6 0 8 0]
 [1 0 0 0 0 0 0 9 0]
 [0 6 0 0 9 1 0 0 7]
 [0 0 0 0 0 8 0 0 0]
 [4 0 9 3 0 0 0 0 0]
 [0 3 0 0 0 0 0 0 0]
 [7 5 8 0 2 0 0 3 0]]
Solution:
[[9 8 5 3 2 6 7 4 1]
 [3 2 7 0 4 8 0 5 6]
 [4 1 6 7 9 0 3 8 2]
 [0 4 0 0 5 3 8 6 7]
 [8 9 1 0 7 2 5 0 3]
 [2 0 3 6 1 4 0 0 9]
 [1 7 4 9 8 5 6 3 0]
 [6 5 8 1 3 7 9 2 4]
 [0 3 9 4 6 0 1 7 8]]
Number of cells unfilled: 14
Accuracy: 82.71604938271605
Sample: 25655
Question:
[[0 0 0 0 0 0 0 0 8]
 [4 0 0 0 0 3 0 0 0]
 [0 0 5 9 0 0 0 3 0]
 [0 2 0 5 0 0 8 0 7]
 [0 0 0 1 0 0 6 0 0]
 [0 0 7 0 0 9 0 5 0]
 [7 0 0 0 0 1 0 0 6]
 [0 4 0 7 0 0 2 0 0]
 [0 0 1 0 9 0 0 7 0]]
Solution:
[[9 8 5 3 2 1 7 4 0]
 [3 2 7 5 4 8 0 1 6]
 [4 1 6 7 9 0 3 8 5]
 [0 4 0 0 5 3 8 6 7]
 [8 9 1 0 7 2 5 0 3]
 [2 0 3 6 1 4 0 9 0]
 [1 7 4 9 8 5 6 3 0]
 [6 5 8 1 3 7 9 2 4]
 [0 3 9 4 6 0 1 7 8]]
Number of cells unfilled: 14
Accuracy: 82.71604938271605
Sample: 25656
Question:
[[0 0 4 0 0 8 0 0 2]
 [8 0 7 2 0 0 9 0 0]
 [0 2 0 0 0 4 0 8 0]
 [6 0 5 0 0 0 3 0 0]
 [0 0 0 0 5 0 0 6 0]
 [0 7 0 4 0 0 0 0 9]
 [0 0 3 0 0 0 1 0 0]
 [0 0 0 0 0 1 0 0 0]
 [0 9 0 7 0 0 0 0 8]]
Solution:
[[9 8 5 3 2 6 7 4 1]
 [3 2 7 8 4 1 0 5 6]
 [4 1 6 7 9 0 3 8 2]
 [0 4 0 0 5 3 8 6 7]
 [8 9 1 0 7 2 5 0 3]
 [2 0 3 6 1 4 0 9 0]
 [1 7 4 9 8 5 6 3 0]
 [6 5 8 1 3 7 9 2 4]
 [0 3 9 4 6 0 1 7 8]]
Number of cells unfilled: 13
Accuracy: 83.9506172839506
Sample: 25657
Question:
[[0 0 0 0 1 7 0 0 8]
 [1 0 0 3 0 0 2 0 0]
 [0 0 4 0 0 0 0 0 0]
 [0 1 0 0 0 9 0 0 6]
 [0 0 2 7 0 0 0 0 4]
 [9 0 0 0 3 0 5 0 0]
 [0 8 0 0 0 0 0 0 0]
 [0 0 0 5 2 0 0 6 0]
 [2 0 0 0 0 3 1 0 5]]
Solution:
[[9 8 5 3 2 6 7 4 1]
 [3 2 7 8 4 1 0 5 6]
 [4 1 6 7 9 0 3 8 2]
 [0 4 0 0 5 3 8 6 7]
 [8 9 1 0 7 2 5 0 3]
 [2 0 3 6 1 4 0 0 9]
 [1 7 4 9 8 5 6 3 0]
 [6 5 8 1 3 7 9 2 4]
 [0 3 9 4 6 0 1 7 5]]
Number of cells unfilled: 13
Accuracy: 83.9506172839506
Sample: 25658
Question:
[[7 0 0 0 0 3 0 2 0]
 [0 6 0 8 0 0 0 0 7]
 [0 0 3 0 0 0 9 0 0]
 [0 0 1 0 3 0 0 0 0]
 [2 0 0 7 0 0 0 5 0]
 [0 7 0 0 0 1 0 0 4]
 [0 4 0 2 0 0 0 6 0]
 [0 0 8 0 0 6 0 0 2]
 [0 0 0 0 9 0 5 0 0]]
Solution:
[[9 8 5 3 2 6 7 4 1]
 [3 2 7 0 4 8 0 5 6]
 [4 1 6 7 9 0 3 8 2]
 [0 4 0 0 5 3 8 6 7]
 [8 9 1 0 7 2 5 0 3]
 [2 7 3 6 1 4 0 9 0]
 [7 0 4 9 8 5 6 3 0]
 [6 5 8 1 3 7 9 2 4]
 [0 3 9 4 6 0 1 7 5]]
Number of cells unfilled: 14
Accuracy: 82.71604938271605
Sample: 25659
Question:
[[0 0 1 8 0 0 0 0 7]
 [6 0 0 0 0 0 8 0 0]
 [0 8 0 0 0 1 0 6 0]
 [0 0 9 7 0 0 0 2 0]
 [0 6 0 0 0 2 0 0 5]
 [4 0 0 0 3 0 0 0 0]
 [2 0 0 5 0 0 0 9 0]
 [3 0 0 0 4 0 1 0 0]
 [0 9 0 0 0 7 0 0 6]]
Solution:
[[9 8 5 3 2 1 7 4 0]
 [3 2 7 5 4 8 0 9 6]
 [4 1 6 7 9 0 3 8 2]
 [0 4 0 0 5 3 8 6 7]
 [8 9 1 0 7 2 5 0 3]
 [2 7 3 6 1 4 0 0 9]
 [7 0 4 9 8 5 6 3 0]
 [6 5 8 1 3 7 9 2 4]
 [0 3 9 4 6 0 1 7 5]]
Number of cells unfilled: 14
Accuracy: 82.71604938271605
Sample: 25660
Question:
[[0 0 0 0 2 0 0 0 1]
 [0 6 0 1 0 0 0 5 0]
 [1 0 0 0 4 0 0 0 0]
 [0 8 0 7 0 0 0 6 0]
 [0 0 0 0 0 3 0 0 0]
 [0 5 0 8 0 0 0 9 2]
 [0 0 8 5 0 0 9 0 0]
 [5 0 6 0 0 0 0 7 0]
 [0 9 0 0 7 0 0 0 0]]
Solution:
[[9 8 5 3 2 6 7 4 1]
 [3 2 7 8 4 1 0 9 6]
 [4 1 6 7 9 0 3 8 5]
 [0 4 0 0 5 3 8 6 7]
 [8 9 1 0 7 2 5 0 3]
 [2 7 3 6 1 4 0 0 9]
 [7 0 4 9 8 5 6 3 0]
 [6 5 8 1 3 7 9 2 4]
 [0 3 9 4 6 0 1 7 8]]
Number of cells unfilled: 13
Accuracy: 83.9506172839506
Sample: 25661
Question:
[[0 0 0 0 0 4 3 0 6]
 [0 0 3 9 0 0 0 1 0]
 [0 7 0 0 0 0 9 0 2]
 [8 0 0 0 4 0 0 0 0]
 [0 0 9 2 0 0 6 0 0]
 [5 0 0 0 0 0 0 0 1]
 [0 0 1 6 0 0 0 0 3]
 [7 0 0 0 0 8 0 0 0]
 [0 5 0 0 9 0 0 0 0]]
Solution:
[[9 8 5 3 2 6 7 4 1]
 [3 2 7 5 4 8 0 9 6]
 [4 1 6 7 9 0 3 8 5]
 [0 4 0 0 5 3 8 6 7]
 [8 9 1 0 7 2 5 0 3]
 [2 7 3 6 1 4 0 0 9]
 [7 0 4 9 8 5 6 3 0]
 [6 5 8 1 3 7 9 2 4]
 [0 3 9 4 6 0 1 7 8]]
Number of cells unfilled: 13
Accuracy: 83.9506172839506
Sample: 25662
Question:
[[0 0 2 0 0 3 6 0 0]
 [8 0 0 0 0 0 0 7 0]
 [7 0 0 8 4 0 0 0 9]
 [0 1 7 0 0 4 0 0 0]
 [0 0 0 1 0 2 5 0 0]
 [0 0 0 3 8 0 1 0 6]
 [0 0 4 5 3 0 0 0 0]
 [0 0 5 0 0 0 0 6 2]
 [9 0 0 0 0 6 0 0 0]]
Solution:
[[9 8 5 3 2 6 7 4 1]
 [3 2 7 5 4 1 0 9 6]
 [4 1 6 7 9 0 3 8 5]
 [0 4 0 0 5 3 8 6 7]
 [8 9 1 0 7 2 5 0 3]
 [2 0 3 6 1 4 0 0 9]
 [1 7 4 9 8 5 6 3 0]
 [6 5 8 1 3 7 9 2 4]
 [0 3 9 4 6 0 1 7 8]]
Number of cells unfilled: 13
Accuracy: 83.9506172839506
Sample: 25663
Question:
[[0 7 0 0 6 0 9 0 0]
 [9 0 8 0 1 0 0 5 7]
 [0 0 0 0 0 0 0 0 0]
 [0 0 0 0 0 0 0 7 3]
 [0 1 2 3 7 0 8 0 6]
 [0 0 0 8 0 0 0 9 0]
 [0 0 5 0 0 8 0 3 0]
 [0 9 0 0 0 6 5 1 0]
 [0 3 0 0 0 0 0 0 0]]
Solution:
[[9 8 5 3 2 6 7 4 1]
 [3 2 7 5 4 8 0 9 6]
 [4 1 6 7 9 0 3 8 5]
 [0 4 0 0 5 3 8 6 7]
 [8 9 1 0 7 2 5 0 3]
 [2 0 3 6 1 4 0 0 9]
 [1 7 4 9 8 5 6 3 0]
 [6 5 8 1 3 7 9 2 4]
 [0 3 9 4 6 0 1 7 8]]
Number of cells unfilled: 13
Accuracy: 83.9506172839506
Sample: 25664
Question:
[[0 0 2 0 0 7 0 0 0]
 [0 0 0 0 5 0 3 2 0]
 [0 9 5 6 0 1 0 0 0]
 [0 0 6 0 0 0 0 0 0]
 [0 0 0 0 0 0 7 5 0]
 [0 4 0 0 0 0 8 0 6]
 [0 0 0 0 0 9 1 4 0]
 [8 0 0 3 0 0 0 0 0]
 [0 6 0 0 7 0 0 0 9]]
Solution:
[[9 8 5 3 2 6 7 4 1]
 [3 2 7 8 4 1 0 9 6]
 [4 1 6 7 9 0 3 8 2]
 [0 4 0 0 5 3 8 6 7]
 [8 9 1 0 7 2 5 0 3]
 [2 0 3 6 1 4 0 0 9]
 [1 7 4 9 8 5 6 3 0]
 [6 5 8 1 3 7 9 2 4]
 [0 3 9 4 6 0 1 7 5]]
Number of cells unfilled: 13
Accuracy: 83.9506172839506
Sample: 25665
Question:
[[6 9 0 0 0 0 0 2 3]
 [0 0 2 0 0 0 0 0 0]
 [5 0 0 8 9 0 0 1 0]
 [8 0 0 0 7 0 0 0 5]
 [0 0 0 0 0 1 0 7 6]
 [0 0 0 2 0 0 0 0 0]
 [0 4 6 5 0 0 3 0 0]
 [0 0 8 0 0 0 0 0 4]
 [1 0 0 0 0 0 7 0 0]]
Solution:
[[9 8 5 3 2 1 7 4 0]
 [3 2 7 5 4 8 0 1 6]
 [4 1 6 7 9 0 3 8 2]
 [0 4 0 0 5 3 8 6 7]
 [8 9 1 0 7 2 5 0 3]
 [2 0 3 6 1 4 0 9 0]
 [1 7 4 9 8 5 6 3 0]
 [6 5 8 1 3 7 9 2 4]
 [0 3 9 4 6 0 1 7 8]]
Number of cells unfilled: 14
Accuracy: 82.71604938271605
Sample: 25666
Question:
[[0 0 2 0 0 0 0 0 8]
 [9 0 0 0 0 3 5 0 0]
 [0 0 0 0 1 0 0 9 4]
 [6 0 0 0 0 8 0 0 5]
 [0 2 4 6 0 0 0 8 0]
 [0 0 0 0 7 0 6 0 0]
 [0 9 0 1 6 0 0 0 3]
 [3 0 6 0 0 4 0 5 0]
 [0 0 0 0 0 0 0 0 6]]
Solution:
[[9 8 5 3 2 6 7 4 0]
 [3 2 7 5 4 8 0 1 6]
 [4 1 6 7 9 0 3 8 2]
 [0 4 0 0 5 3 8 6 7]
 [8 9 1 0 7 2 5 0 3]
 [2 0 3 6 1 4 0 9 0]
 [1 7 4 9 8 5 6 3 0]
 [6 5 8 1 3 7 9 2 4]
 [0 3 9 4 6 0 1 7 5]]
Number of cells unfilled: 14
Accuracy: 82.71604938271605
Sample: 25667
Question:
[[0 8 0 6 0 7 0 0 0]
 [0 0 6 0 4 0 0 8 0]
 [0 0 0 0 0 0 7 0 0]
 [0 0 4 0 9 0 0 2 0]
 [1 5 0 0 0 6 0 0 0]
 [0 0 0 5 0 0 0 0 1]
 [0 0 3 8 0 0 0 0 2]
 [6 0 0 0 3 0 9 0 8]
 [0 4 0 0 0 2 0 3 0]]
Solution:
[[9 8 5 3 2 6 7 4 1]
 [3 2 7 5 4 1 0 9 6]
 [4 1 6 7 9 0 3 8 2]
 [0 4 0 0 5 3 8 6 7]
 [8 9 1 0 7 2 5 0 3]
 [2 7 3 6 1 4 0 0 9]
 [7 0 4 9 8 5 6 3 0]
 [6 5 8 1 3 7 9 2 4]
 [0 3 9 4 6 0 1 7 5]]
Number of cells unfilled: 13
Accuracy: 83.9506172839506
Sample: 25668
Question:
[[0 0 0 8 2 0 1 0 0]
 [0 7 8 0 0 6 0 3 0]
 [0 0 5 0 0 4 0 0 6]
 [0 0 4 0 0 0 7 0 0]
 [7 0 0 2 1 0 0 0 0]
 [0 0 0 0 0 9 0 6 0]
 [9 0 0 4 0 0 0 0 2]
 [8 0 0 6 3 0 0 0 4]
 [0 0 2 0 0 0 3 5 0]]
Solution:
[[9 8 5 3 2 1 7 4 0]
 [3 2 7 5 4 8 0 1 6]
 [4 1 6 7 9 0 3 8 2]
 [0 4 0 0 5 3 8 6 7]
 [8 9 1 0 7 2 5 0 3]
 [2 0 3 6 1 4 0 9 0]
 [1 7 4 9 8 5 6 3 0]
 [6 5 8 1 3 7 9 2 4]
 [0 3 9 4 6 0 1 7 8]]
Number of cells unfilled: 14
Accuracy: 82.71604938271605
Sample: 25669
Question:
[[0 2 0 1 0 0 0 7 0]
 [0 0 0 0 0 0 2 0 0]
 [0 0 7 0 5 0 0 0 8]
 [0 0 0 0 0 3 0 6 0]
 [0 0 8 9 7 0 0 0 4]
 [3 0 0 0 0 6 1 0 0]
 [7 8 0 0 0 0 0 0 5]
 [0 0 4 0 0 0 0 0 0]
 [9 5 0 0 8 0 0 4 0]]
Solution:
[[9 8 5 3 2 6 7 4 0]
 [3 2 7 5 4 8 0 1 6]
 [4 1 6 7 9 0 3 8 2]
 [0 4 0 0 5 3 8 6 7]
 [8 9 1 0 7 2 5 0 3]
 [2 7 3 6 1 4 0 9 0]
 [7 0 4 9 8 5 6 3 0]
 [6 5 8 1 3 7 9 2 4]
 [0 3 9 4 6 0 1 7 5]]
Number of cells unfilled: 14
Accuracy: 82.71604938271605
Sample: 25670
Question:
[[0 4 0 0 0 0 6 7 0]
 [6 9 0 0 0 0 2 0 3]
 [0 0 8 0 0 0 0 5 0]
 [0 0 0 5 0 0 0 1 0]
 [0 0 6 0 4 0 0 0 0]
 [0 0 0 0 1 0 0 0 0]
 [0 0 0 0 0 0 0 2 1]
 [7 2 0 9 0 8 0 0 0]
 [0 0 4 0 0 3 7 8 0]]
Solution:
[[9 8 5 3 2 1 7 4 0]
 [3 2 7 5 4 8 0 1 6]
 [4 1 6 7 9 0 3 8 2]
 [0 4 0 0 5 3 8 6 7]
 [8 9 1 0 7 2 5 0 3]
 [2 0 3 6 1 4 0 9 0]
 [1 7 4 9 8 5 6 3 0]
 [6 5 8 1 3 7 9 2 4]
 [0 3 9 4 6 0 1 7 8]]
Number of cells unfilled: 14
Accuracy: 82.71604938271605
Sample: 25671
Question:
[[0 0 1 0 0 0 0 0 9]
 [5 0 0 0 2 0 0 3 0]
 [0 8 0 0 0 6 1 0 0]
 [0 0 4 7 0 0 0 0 0]
 [1 7 0 0 5 0 6 0 0]
 [8 5 0 0 0 3 0 0 0]
 [3 0 0 0 0 5 7 0 0]
 [0 0 0 0 9 0 0 0 2]
 [0 0 0 4 0 0 0 1 0]]
Solution:
[[9 8 5 3 2 6 7 4 1]
 [3 2 7 5 4 1 0 9 6]
 [4 1 6 7 9 0 3 8 2]
 [0 4 0 0 5 3 8 6 7]
 [8 9 1 0 7 2 5 0 3]
 [2 0 3 6 1 4 0 0 9]
 [1 7 4 9 8 5 6 3 0]
 [6 5 8 1 3 7 9 2 4]
 [0 3 9 4 6 0 1 7 5]]
Number of cells unfilled: 13
Accuracy: 83.9506172839506
Sample: 25672
Question:
[[8 0 6 4 0 0 0 0 3]
 [0 0 0 0 0 5 9 0 0]
 [0 0 0 0 1 0 0 6 0]
 [0 3 0 0 0 4 0 0 0]
 [1 4 7 3 5 0 0 8 0]
 [0 0 5 0 0 0 0 9 0]
 [0 2 0 0 4 0 0 0 8]
 [0 0 0 0 8 2 0 0 0]
 [0 0 0 5 0 0 6 0 0]]
Solution:
[[9 8 5 3 2 6 7 4 1]
 [3 2 7 8 4 1 0 5 6]
 [4 1 6 7 9 0 3 8 2]
 [0 4 0 0 5 3 8 6 7]
 [8 9 1 0 7 2 5 0 3]
 [2 0 3 6 1 4 0 0 9]
 [1 7 4 9 8 5 6 3 0]
 [6 5 8 1 3 7 9 2 4]
 [0 3 9 4 6 0 1 7 8]]
Number of cells unfilled: 13
Accuracy: 83.9506172839506
Sample: 25673
Question:
[[0 0 2 4 0 0 0 0 7]
 [8 0 0 0 9 0 0 5 0]
 [0 0 0 0 0 2 8 0 0]
 [1 0 0 0 0 0 0 0 0]
 [0 0 9 0 1 0 5 0 8]
 [0 0 0 9 0 3 0 1 0]
 [0 0 6 0 0 0 0 0 0]
 [0 7 0 1 0 0 6 0 4]
 [9 0 0 0 3 0 0 8 0]]
Solution:
[[9 8 5 3 2 1 7 4 0]
 [3 2 7 5 4 8 0 1 6]
 [4 1 6 7 9 0 3 8 2]
 [0 4 0 0 5 3 8 6 7]
 [8 9 1 0 7 2 5 0 3]
 [2 0 3 6 1 4 0 9 0]
 [1 7 4 9 8 5 6 3 0]
 [6 5 8 1 3 7 9 2 4]
 [0 3 9 4 6 0 1 7 8]]
Number of cells unfilled: 14
Accuracy: 82.71604938271605
Sample: 25674
Question:
[[0 0 4 0 7 0 8 0 0]
 [9 0 0 0 0 0 0 0 4]
 [0 5 0 0 0 0 0 0 7]
 [0 0 0 0 0 3 0 0 0]
 [5 0 0 1 0 6 4 0 0]
 [0 0 6 0 4 0 0 8 0]
 [0 0 2 0 6 0 0 0 8]
 [3 0 0 0 0 9 6 0 0]
 [0 0 0 0 0 1 2 0 0]]
Solution:
[[9 8 5 3 2 1 7 4 0]
 [3 2 7 8 4 0 0 5 6]
 [4 1 6 7 9 0 3 8 2]
 [0 4 0 0 5 3 8 6 7]
 [8 9 1 0 7 2 5 0 3]
 [2 0 3 6 1 4 0 9 0]
 [1 7 4 9 8 5 6 3 0]
 [6 5 8 1 3 7 9 2 4]
 [0 3 9 4 6 0 1 7 5]]
Number of cells unfilled: 15
Accuracy: 81.48148148148148
Sample: 25675
Question:
[[0 8 0 0 2 0 0 7 9]
 [3 0 0 0 0 0 0 0 0]
 [0 2 6 0 0 0 3 4 0]
 [0 0 0 2 0 8 0 0 5]
 [0 0 0 0 5 0 7 9 0]
 [0 5 0 0 0 0 0 0 0]
 [1 0 0 0 0 4 0 6 0]
 [0 0 0 1 0 0 0 0 0]
 [0 9 0 0 8 0 0 0 7]]
Solution:
[[9 8 5 3 2 6 7 4 1]
 [3 2 7 5 4 1 0 9 6]
 [4 1 6 7 9 0 3 8 2]
 [0 4 0 0 5 3 8 6 7]
 [8 9 1 0 7 2 5 0 3]
 [2 0 3 6 1 4 0 0 9]
 [1 7 4 9 8 5 6 3 0]
 [6 5 8 1 3 7 9 2 4]
 [0 3 9 4 6 0 1 7 5]]
Number of cells unfilled: 13
Accuracy: 83.9506172839506
Sample: 25676
Question:
[[0 9 0 0 0 0 0 0 0]
 [2 0 0 0 0 0 9 0 3]
 [0 0 4 0 5 0 0 1 0]
 [4 8 0 0 0 3 0 0 2]
 [0 0 0 8 0 0 0 0 0]
 [0 0 1 0 4 0 0 6 0]
 [0 0 7 1 0 0 0 0 0]
 [0 0 0 5 0 4 0 7 0]
 [0 0 0 0 7 0 6 0 1]]
Solution:
[[9 8 5 3 2 6 7 4 0]
 [3 2 7 5 4 8 0 1 6]
 [4 1 6 7 9 0 3 8 2]
 [0 4 0 0 5 3 8 6 7]
 [8 9 1 0 7 2 5 0 3]
 [2 7 3 6 1 4 0 9 0]
 [7 0 4 9 8 5 6 3 0]
 [6 5 8 1 3 7 9 2 4]
 [0 3 9 4 6 0 1 7 5]]
Number of cells unfilled: 14
Accuracy: 82.71604938271605
Sample: 25677
Question:
[[7 0 0 0 0 9 0 0 4]
 [0 0 3 0 0 0 9 0 0]
 [0 0 8 0 5 0 7 0 0]
 [0 0 0 6 0 0 0 7 1]
 [0 0 0 0 8 0 0 0 2]
 [1 0 0 0 0 2 4 0 0]
 [2 0 0 0 0 7 0 4 0]
 [0 3 0 0 6 0 2 0 0]
 [0 0 5 0 0 0 0 0 0]]
Solution:
[[9 8 5 3 2 1 7 4 0]
 [3 2 7 8 4 0 0 9 6]
 [4 1 6 7 9 0 3 8 5]
 [0 4 0 0 5 3 8 6 7]
 [8 9 1 0 7 2 5 0 3]
 [2 0 3 6 1 4 0 0 9]
 [1 7 4 9 8 5 6 3 0]
 [6 5 8 1 3 7 9 2 4]
 [0 3 9 4 6 0 1 7 8]]
Number of cells unfilled: 15
Accuracy: 81.48148148148148
Sample: 25678
Question:
[[0 0 0 0 4 0 1 5 8]
 [0 0 7 1 0 0 0 0 0]
 [0 4 0 0 5 0 0 2 7]
 [0 0 9 0 0 0 0 0 0]
 [0 0 0 0 0 6 8 0 2]
 [0 2 0 0 8 0 0 9 0]
 [0 0 0 0 0 0 0 3 0]
 [9 0 2 0 3 0 4 0 0]
 [0 3 0 5 0 4 2 0 0]]
Solution:
[[9 8 5 3 2 6 7 4 1]
 [3 2 7 5 4 1 0 9 6]
 [4 1 6 7 9 0 3 8 2]
 [0 4 0 0 5 3 8 6 7]
 [8 9 1 0 7 2 5 0 3]
 [2 0 3 6 1 4 0 0 9]
 [1 7 4 9 8 5 6 3 0]
 [6 5 8 1 3 7 9 2 4]
 [0 3 9 4 6 0 1 7 5]]
Number of cells unfilled: 13
Accuracy: 83.9506172839506
Sample: 25679
Question:
[[0 8 4 6 0 0 0 0 0]
 [7 0 0 4 0 0 8 0 0]
 [0 6 0 0 5 0 0 3 0]
 [0 0 0 0 0 0 6 9 0]
 [0 5 0 9 6 0 0 0 0]
 [0 0 0 0 1 3 0 0 0]
 [0 1 0 0 0 4 0 8 0]
 [3 0 0 0 7 0 4 0 0]
 [0 0 6 1 0 0 0 0 2]]
Solution:
[[9 8 5 3 2 1 7 4 0]
 [3 2 7 5 4 8 0 1 6]
 [4 1 6 7 9 0 3 8 2]
 [0 4 0 0 5 3 8 6 7]
 [8 9 1 0 7 2 5 0 3]
 [2 0 3 6 1 4 0 9 0]
 [1 7 4 9 8 5 6 3 0]
 [6 5 8 1 3 7 9 2 4]
 [0 3 9 4 6 0 1 7 5]]
Number of cells unfilled: 14
Accuracy: 82.71604938271605
Sample: 25680
Question:
[[0 0 3 0 0 0 0 0 0]
 [0 0 0 0 0 7 0 4 0]
 [0 6 0 8 0 0 0 0 2]
 [0 0 0 2 0 0 0 0 0]
 [0 0 8 0 5 0 0 0 9]
 [0 5 0 0 0 9 2 6 0]
 [0 0 0 0 7 0 1 0 0]
 [0 8 0 5 0 0 0 0 7]
 [0 7 2 9 0 0 8 0 6]]
Solution:
[[9 8 5 3 2 6 7 4 1]
 [3 2 7 8 4 1 0 5 6]
 [4 1 6 7 9 0 3 8 2]
 [0 4 0 0 5 3 8 6 7]
 [8 9 1 0 7 2 5 0 3]
 [2 7 3 6 1 4 0 9 0]
 [7 0 4 9 8 5 6 3 0]
 [6 5 8 1 3 7 9 2 4]
 [0 3 9 4 6 0 1 7 5]]
Number of cells unfilled: 13
Accuracy: 83.9506172839506
Sample: 25681
Question:
[[0 2 0 4 0 0 0 1 0]
 [7 0 3 0 1 0 2 0 0]
 [0 0 0 0 0 0 0 0 3]
 [1 7 0 3 5 0 0 0 2]
 [0 5 0 0 4 0 0 0 1]
 [3 0 6 0 0 0 0 5 0]
 [8 0 0 0 0 0 5 0 0]
 [0 3 0 0 7 0 0 0 4]
 [0 0 0 9 0 0 0 0 0]]
Solution:
[[9 8 5 3 2 6 7 4 1]
 [3 2 7 0 4 8 0 5 6]
 [4 1 6 7 9 0 3 8 2]
 [0 4 0 0 5 3 8 6 7]
 [8 9 1 0 7 2 5 0 3]
 [2 7 3 6 1 4 0 0 9]
 [7 0 4 9 8 5 6 3 0]
 [6 5 8 1 3 7 9 2 4]
 [0 3 9 4 6 0 1 7 5]]
Number of cells unfilled: 14
Accuracy: 82.71604938271605
Sample: 25682
Question:
[[0 4 0 0 2 0 0 3 7]
 [0 0 6 7 0 0 5 4 0]
 [3 7 0 0 0 0 0 0 8]
 [7 0 0 9 0 0 3 6 0]
 [0 0 0 0 0 0 0 0 5]
 [0 6 0 0 5 0 0 0 0]
 [0 0 9 0 0 1 0 7 0]
 [0 3 0 4 0 0 9 5 0]
 [0 0 0 0 0 0 0 0 0]]
Solution:
[[9 8 5 3 2 1 7 4 0]
 [3 2 7 5 4 8 0 1 6]
 [4 1 6 7 9 0 3 8 2]
 [0 4 0 0 5 3 8 6 7]
 [8 9 1 0 7 2 5 0 3]
 [2 7 3 6 1 4 0 9 0]
 [7 0 4 9 8 5 6 3 0]
 [6 5 8 1 3 7 9 2 4]
 [0 3 9 4 6 0 1 7 8]]
Number of cells unfilled: 14
Accuracy: 82.71604938271605
Sample: 25683
Question:
[[6 0 5 0 7 0 0 0 0]
 [0 9 0 8 5 0 0 7 6]
 [0 7 0 1 0 0 0 2 0]
 [0 0 0 6 0 0 0 0 0]
 [0 8 0 0 1 0 0 0 2]
 [9 0 6 0 0 8 0 1 0]
 [3 0 0 0 0 7 0 0 0]
 [0 6 0 2 0 0 0 9 0]
 [0 0 0 0 0 0 0 0 4]]
Solution:
[[9 8 5 3 2 6 7 4 1]
 [3 2 7 5 4 1 0 9 6]
 [4 1 6 7 9 0 3 8 2]
 [0 4 0 0 5 3 8 6 7]
 [8 9 1 0 7 2 5 0 3]
 [2 0 3 6 1 4 0 0 9]
 [1 7 4 9 8 5 6 3 0]
 [6 5 8 1 3 7 9 2 4]
 [0 3 9 4 6 0 1 7 8]]
Number of cells unfilled: 13
Accuracy: 83.9506172839506
Sample: 25684
Question:
[[2 0 0 0 0 0 0 0 9]
 [0 0 0 0 0 0 8 7 0]
 [0 5 7 0 0 0 2 0 3]
 [0 9 0 0 4 3 7 0 0]
 [0 0 6 0 0 2 0 0 0]
 [0 4 0 9 0 0 5 0 0]
 [0 0 0 0 0 8 0 0 0]
 [0 6 0 0 0 5 0 1 0]
 [0 1 5 0 9 0 0 0 4]]
Solution:
[[9 8 5 3 2 1 7 4 0]
 [3 2 7 8 4 0 0 5 6]
 [4 1 6 7 9 0 3 8 2]
 [0 4 0 0 5 3 8 6 7]
 [8 9 1 0 7 2 5 0 3]
 [2 0 3 6 1 4 0 9 0]
 [1 7 4 9 8 5 6 3 0]
 [6 5 8 1 3 7 9 2 4]
 [0 3 9 4 6 0 1 7 5]]
Number of cells unfilled: 15
Accuracy: 81.48148148148148
Sample: 25685
Question:
[[0 6 0 0 1 3 0 0 7]
 [0 1 7 0 0 5 4 9 0]
 [2 0 0 0 6 0 8 0 0]
 [8 0 9 0 0 0 6 0 0]
 [5 0 0 0 0 2 0 1 3]
 [0 0 0 5 4 0 2 0 0]
 [0 7 0 6 0 0 1 0 2]
 [0 0 4 0 0 9 0 0 0]
 [0 0 0 7 3 0 0 6 5]]
Solution:
[[9 8 5 3 2 6 7 4 0]
 [3 2 7 5 4 8 0 1 6]
 [4 1 6 7 9 0 3 8 2]
 [0 4 0 0 5 3 8 6 7]
 [8 9 1 0 7 2 5 0 3]
 [2 0 3 6 1 4 0 9 0]
 [1 7 4 9 8 5 6 3 0]
 [6 5 8 1 3 7 9 2 4]
 [0 3 9 4 6 0 1 7 5]]
Number of cells unfilled: 14
Accuracy: 82.71604938271605
Sample: 25686
Question:
[[0 0 9 0 0 4 6 0 0]
 [3 0 0 0 6 0 0 7 0]
 [0 2 0 0 0 0 0 0 3]
 [1 0 0 0 8 0 7 0 0]
 [0 0 0 0 0 5 0 0 0]
 [0 6 0 0 0 9 0 8 1]
 [0 0 2 0 0 0 0 4 0]
 [0 5 0 0 0 7 3 0 0]
 [8 0 0 0 4 0 0 0 7]]
Solution:
[[9 8 5 3 2 6 7 4 1]
 [3 2 7 8 4 1 0 5 6]
 [4 1 6 7 9 0 3 8 2]
 [0 4 0 0 5 3 8 6 7]
 [8 9 1 0 7 2 5 0 3]
 [2 0 3 6 1 4 0 9 0]
 [1 7 4 9 8 5 6 3 0]
 [6 5 8 1 3 7 9 2 4]
 [0 3 9 4 6 0 1 7 8]]
Number of cells unfilled: 13
Accuracy: 83.9506172839506
Sample: 25687
Question:
[[0 1 9 8 0 0 0 0 2]
 [0 0 0 0 6 0 0 0 3]
 [5 0 0 3 0 0 0 0 0]
 [0 0 0 0 1 2 0 0 0]
 [6 3 0 0 7 0 0 1 0]
 [0 0 0 5 0 3 8 0 0]
 [0 7 6 1 4 0 0 0 0]
 [0 0 0 0 0 6 0 4 1]
 [1 0 0 0 0 0 0 0 8]]
Solution:
[[9 8 5 3 2 6 7 4 1]
 [3 2 7 8 4 1 0 5 6]
 [4 1 6 7 9 0 3 8 2]
 [0 4 0 0 5 3 8 6 7]
 [8 9 1 0 7 2 5 0 3]
 [2 0 3 6 1 4 0 9 0]
 [1 7 4 9 8 5 6 3 0]
 [6 5 8 1 3 7 9 2 4]
 [0 3 9 4 6 0 1 7 8]]
Number of cells unfilled: 13
Accuracy: 83.9506172839506
Sample: 25688
Question:
[[0 0 5 1 0 3 0 0 6]
 [0 0 0 0 0 4 3 7 0]
 [4 0 0 0 7 9 0 0 0]
 [0 0 8 2 0 0 0 0 1]
 [0 0 0 0 0 0 2 0 0]
 [7 0 1 5 6 0 0 4 0]
 [0 9 0 0 0 0 0 0 0]
 [6 0 0 0 4 2 0 0 0]
 [0 0 0 0 0 0 8 0 4]]
Solution:
[[9 8 5 3 2 1 7 4 0]
 [3 2 7 5 4 8 0 9 6]
 [4 1 6 7 9 0 3 8 5]
 [0 4 0 0 5 3 8 6 7]
 [8 9 1 0 7 2 5 0 3]
 [2 0 3 6 1 4 0 0 9]
 [1 7 4 9 8 5 6 3 0]
 [6 5 8 1 3 7 9 2 4]
 [0 3 9 4 6 0 1 7 8]]
Number of cells unfilled: 14
Accuracy: 82.71604938271605
Sample: 25689
Question:
[[0 0 0 0 7 0 1 0 0]
 [0 0 0 6 0 5 3 0 0]
 [4 0 0 0 9 0 0 6 5]
 [0 0 8 0 0 2 0 0 0]
 [0 0 0 0 0 0 6 1 0]
 [0 9 0 0 5 1 4 0 0]
 [7 8 0 5 0 0 0 0 0]
 [0 6 0 7 0 4 0 0 0]
 [3 0 9 0 0 0 0 0 1]]
Solution:
[[9 8 5 3 2 1 7 4 0]
 [3 2 7 8 4 0 0 9 6]
 [4 1 6 7 9 0 3 8 2]
 [0 4 0 0 5 3 8 6 7]
 [8 9 1 0 7 2 5 0 3]
 [2 0 3 6 1 4 0 0 9]
 [1 7 4 9 8 5 6 3 0]
 [6 5 8 1 3 7 9 2 4]
 [0 3 9 4 6 0 1 7 5]]
Number of cells unfilled: 15
Accuracy: 81.48148148148148
Sample: 25690
Question:
[[0 0 6 0 0 4 0 0 7]
 [0 0 0 0 0 0 8 0 0]
 [1 8 0 0 7 0 0 2 0]
 [3 5 0 0 1 0 2 0 0]
 [9 6 0 5 0 0 0 0 0]
 [0 0 0 0 0 9 0 0 0]
 [0 0 5 7 0 0 3 1 0]
 [0 0 0 0 3 0 0 0 2]
 [6 0 3 0 0 1 0 8 0]]
Solution:
[[9 8 5 3 2 6 7 4 1]
 [3 2 7 8 4 1 0 5 6]
 [4 1 6 7 9 0 3 8 2]
 [0 4 0 0 5 3 8 6 7]
 [8 9 1 0 7 2 5 0 3]
 [2 0 3 6 1 4 0 9 0]
 [1 7 4 9 8 5 6 3 0]
 [6 5 8 1 3 7 9 2 4]
 [0 3 9 4 6 0 1 7 5]]
Number of cells unfilled: 13
Accuracy: 83.9506172839506
Sample: 25691
Question:
[[0 0 0 0 0 9 4 0 0]
 [0 4 0 0 7 0 0 0 0]
 [5 0 0 6 0 0 0 0 2]
 [8 0 0 0 0 0 5 2 0]
 [0 0 1 5 0 0 6 8 0]
 [0 0 0 0 0 0 0 0 1]
 [0 9 8 0 0 0 0 3 0]
 [2 0 0 1 0 0 0 0 6]
 [0 7 0 0 3 0 0 0 0]]
Solution:
[[9 8 5 3 2 6 7 4 1]
 [3 2 7 8 4 1 0 9 6]
 [4 1 6 7 9 0 3 8 5]
 [0 4 0 0 5 3 8 6 7]
 [8 9 1 0 7 2 5 0 3]
 [2 0 3 6 1 4 0 0 9]
 [1 7 4 9 8 5 6 3 0]
 [6 5 8 1 3 7 9 2 4]
 [0 3 9 4 6 0 1 7 8]]
Number of cells unfilled: 13
Accuracy: 83.9506172839506
Sample: 25692
Question:
[[0 3 0 0 0 7 0 0 0]
 [7 2 0 0 0 3 4 9 8]
 [0 9 4 0 0 0 0 0 0]
 [0 0 0 0 8 9 0 0 0]
 [0 0 0 0 0 2 0 0 1]
 [0 0 8 3 0 0 2 5 0]
 [0 0 0 0 0 0 0 6 0]
 [0 0 0 1 0 4 3 0 0]
 [0 8 0 5 0 0 0 0 7]]
Solution:
[[9 8 5 3 2 6 7 4 1]
 [3 2 7 5 4 1 0 9 6]
 [4 1 6 7 9 0 3 8 2]
 [0 4 0 0 5 3 8 6 7]
 [8 9 1 0 7 2 5 0 3]
 [2 7 3 6 1 4 0 0 9]
 [7 0 4 9 8 5 6 3 0]
 [6 5 8 1 3 7 9 2 4]
 [0 3 9 4 6 0 1 7 5]]
Number of cells unfilled: 13
Accuracy: 83.9506172839506
Sample: 25693
Question:
[[1 0 9 0 0 3 0 0 0]
 [0 8 0 0 2 0 0 0 1]
 [0 0 0 4 0 0 0 0 0]
 [0 2 0 0 0 0 1 7 0]
 [0 0 0 0 0 0 0 0 6]
 [0 0 1 0 7 0 8 2 0]
 [4 0 0 0 0 5 9 0 0]
 [0 0 3 0 0 0 0 5 0]
 [0 6 0 0 8 0 0 0 7]]
Solution:
[[9 8 5 3 2 1 7 4 0]
 [3 2 7 8 4 0 0 5 6]
 [4 1 6 7 9 0 3 8 2]
 [0 4 0 0 5 3 8 6 7]
 [8 9 1 0 7 2 5 0 3]
 [2 0 3 6 1 4 0 9 0]
 [1 7 4 9 8 5 6 3 0]
 [6 5 8 1 3 7 9 2 4]
 [0 3 9 4 6 0 1 7 5]]
Number of cells unfilled: 15
Accuracy: 81.48148148148148
Sample: 25694
Question:
[[0 0 0 0 1 2 0 7 0]
 [0 0 0 4 0 0 3 6 0]
 [0 9 0 0 0 0 0 0 2]
 [9 0 5 2 0 0 8 4 0]
 [0 0 2 0 7 4 0 0 0]
 [7 6 0 0 0 5 0 0 0]
 [0 0 8 0 0 0 6 9 0]
 [0 2 0 6 0 0 0 0 4]
 [0 1 0 0 0 0 0 0 0]]
Solution:
[[9 8 5 3 2 6 7 4 1]
 [3 2 7 0 4 8 0 5 6]
 [4 1 6 7 9 0 3 8 2]
 [0 4 0 0 5 3 8 6 7]
 [8 9 1 0 7 2 5 0 3]
 [2 7 3 6 1 4 0 9 0]
 [7 0 4 9 8 5 6 3 0]
 [6 5 8 1 3 7 9 2 4]
 [0 3 9 4 6 0 1 7 5]]
Number of cells unfilled: 14
Accuracy: 82.71604938271605
Sample: 25695
Question:
[[0 0 7 0 0 2 9 8 0]
 [0 0 0 0 0 0 0 0 0]
 [0 8 0 0 3 0 0 0 2]
 [0 0 9 0 0 1 0 0 4]
 [6 0 0 5 0 0 0 0 7]
 [0 3 0 0 2 0 0 9 0]
 [0 0 1 0 0 7 0 0 9]
 [5 0 0 6 0 0 7 0 0]
 [0 7 0 0 1 0 0 4 0]]
Solution:
[[9 8 5 3 2 6 7 4 1]
 [3 2 7 5 4 1 0 9 6]
 [4 1 6 7 9 0 3 8 2]
 [0 4 0 0 5 3 8 6 7]
 [8 9 1 0 7 2 5 0 3]
 [2 0 3 6 1 4 0 0 9]
 [1 7 4 9 8 5 6 3 0]
 [6 5 8 1 3 7 9 2 4]
 [0 3 9 4 6 0 1 7 8]]
Number of cells unfilled: 13
Accuracy: 83.9506172839506
Sample: 25696
Question:
[[0 7 0 0 4 0 0 0 5]
 [0 0 5 9 0 0 0 7 0]
 [6 0 0 0 0 7 3 0 0]
 [0 0 9 4 0 0 0 5 0]
 [0 2 0 0 9 0 0 0 8]
 [3 0 0 0 0 0 6 0 0]
 [0 0 7 0 1 9 0 8 0]
 [0 1 0 8 0 0 0 0 2]
 [0 0 0 0 0 4 0 0 0]]
Solution:
[[9 8 5 3 2 6 7 4 1]
 [3 2 7 0 4 8 0 5 6]
 [4 1 6 7 9 0 3 8 2]
 [0 4 0 0 5 3 8 6 7]
 [8 9 1 0 7 2 5 0 3]
 [2 0 3 6 1 4 0 0 9]
 [1 7 4 9 8 5 6 3 0]
 [6 5 8 1 3 7 9 2 4]
 [0 3 9 4 6 0 1 7 8]]
Number of cells unfilled: 14
Accuracy: 82.71604938271605
Sample: 25697
Question:
[[0 0 0 4 1 0 0 6 0]
 [0 0 4 0 6 0 5 0 0]
 [0 0 0 7 0 0 0 0 0]
 [0 0 0 3 0 0 0 0 6]
 [5 2 0 0 0 0 4 0 3]
 [7 0 0 0 0 0 0 0 0]
 [0 1 5 0 8 2 0 0 0]
 [3 0 0 0 7 0 2 0 0]
 [0 0 7 0 0 1 8 0 5]]
Solution:
[[9 8 5 3 2 6 7 4 1]
 [3 2 7 5 4 8 0 9 6]
 [4 1 6 7 9 0 3 8 2]
 [0 4 0 0 5 3 8 6 7]
 [8 9 1 0 7 2 5 0 3]
 [2 0 3 6 1 4 0 0 9]
 [1 7 4 9 8 5 6 3 0]
 [6 5 8 1 3 7 9 2 4]
 [0 3 9 4 6 0 1 7 8]]
Number of cells unfilled: 13
Accuracy: 83.9506172839506
Sample: 25698
Question:
[[1 0 5 0 7 0 0 9 0]
 [0 0 0 8 2 0 0 5 0]
 [0 8 0 9 0 0 0 0 7]
 [0 0 8 3 0 0 0 0 0]
 [2 0 0 0 6 0 3 0 0]
 [0 3 0 0 0 0 0 0 1]
 [0 0 0 0 9 0 0 0 4]
 [6 0 3 0 0 4 0 0 8]
 [9 1 0 0 0 0 0 6 0]]
Solution:
[[9 8 5 3 2 6 7 4 1]
 [3 2 7 8 4 1 0 5 6]
 [4 1 6 7 9 0 3 8 2]
 [0 4 0 0 5 3 8 6 7]
 [8 9 1 0 7 2 5 0 3]
 [2 0 3 6 1 4 0 0 9]
 [1 7 4 9 8 5 6 3 0]
 [6 5 8 1 3 7 9 2 4]
 [0 3 9 4 6 0 1 7 5]]
Number of cells unfilled: 13
Accuracy: 83.9506172839506
Sample: 25699
Question:
[[0 0 4 0 3 0 6 0 0]
 [9 0 0 0 0 8 0 0 0]
 [0 2 0 9 0 0 0 7 0]
 [2 9 0 4 0 0 0 0 5]
 [0 5 1 0 0 0 4 0 0]
 [4 0 7 0 0 0 0 2 0]
 [0 0 0 0 0 6 0 0 3]
 [7 0 0 5 0 0 0 4 0]
 [0 0 0 0 1 0 5 0 0]]
Solution:
[[9 8 5 3 2 6 7 4 1]
 [3 2 7 8 4 1 0 5 6]
 [4 1 6 7 9 0 3 8 2]
 [0 4 0 0 5 3 8 6 7]
 [8 9 1 0 7 2 5 0 3]
 [2 7 3 6 1 4 0 0 9]
 [7 0 4 9 8 5 6 3 0]
 [6 5 8 1 3 7 9 2 4]
 [0 3 9 4 6 0 1 7 5]]
Number of cells unfilled: 13
Accuracy: 83.9506172839506
Sample: 25700
Question:
[[9 0 5 0 0 0 0 0 0]
 [0 2 0 0 0 0 0 0 0]
 [4 0 6 0 9 0 3 8 0]
 [0 0 0 0 5 3 0 0 7]
 [0 0 1 0 0 0 5 0 0]
 [2 0 3 6 0 4 0 0 0]
 [0 0 4 9 8 0 0 3 0]
 [0 0 8 0 0 0 9 0 0]
 [0 0 0 0 6 0 1 7 0]]
Solution:
[[9 8 5 3 2 6 7 4 1]
 [3 2 7 8 4 1 0 5 6]
 [4 1 6 7 9 0 3 8 2]
 [0 4 0 0 5 3 8 6 7]
 [8 9 1 0 7 2 5 0 3]
 [2 0 3 6 1 4 0 9 0]
 [1 7 4 9 8 5 6 3 0]
 [6 5 8 1 3 7 9 2 4]
 [0 3 9 4 6 0 1 7 8]]
Number of cells unfilled: 13
Accuracy: 83.9506172839506
