2025-10-22 14:11:57.278836: I tensorflow/core/util/port.cc:153] oneDNN custom operations are on. You may see slightly different numerical results due to floating-point round-off errors from different computation orders. To turn them off, set the environment variable `TF_ENABLE_ONEDNN_OPTS=0`.
2025-10-22 14:11:57.754142: I tensorflow/core/platform/cpu_feature_guard.cc:210] This TensorFlow binary is optimized to use available CPU instructions in performance-critical operations.
To enable the following instructions: AVX2 AVX512F AVX512_VNNI FMA, in other operations, rebuild TensorFlow with the appropriate compiler flags.
2025-10-22 14:12:02.492357: I tensorflow/core/util/port.cc:153] oneDNN custom operations are on. You may see slightly different numerical results due to floating-point round-off errors from different computation orders. To turn them off, set the environment variable `TF_ENABLE_ONEDNN_OPTS=0`.
2025-10-22 14:12:08.541475: E external/local_xla/xla/stream_executor/cuda/cuda_platform.cc:51] failed call to cuInit: INTERNAL: CUDA error: Failed call to cuInit: UNKNOWN ERROR (303)
Sample: 26901
Question:
[[0 5 2 0 0 0 0 3 0]
 [3 9 0 0 0 6 1 5 0]
 [6 0 0 3 0 0 0 0 9]
 [0 1 9 2 0 8 0 0 0]
 [0 0 0 0 0 0 0 2 0]
 [0 0 0 0 0 4 0 0 0]
 [1 2 0 0 0 0 6 0 0]
 [0 6 0 0 1 9 5 0 0]
 [0 0 5 6 0 0 0 0 0]]
Solution:
[[5 2 3 7 8 0 1 4 9]
 [7 8 9 5 4 6 2 0 3]
 [4 1 6 3 9 2 8 7 5]
 [8 0 7 6 3 0 4 2 1]
 [2 9 1 8 7 5 3 0 6]
 [6 3 4 2 1 9 0 5 7]
 [9 5 2 4 0 8 7 1 0]
 [3 4 0 1 6 7 5 9 8]
 [1 7 8 9 5 3 6 0 2]]
Number of cells unfilled: 10
Accuracy: 87.65432098765432
Sample: 26902
Question:
[[0 5 8 0 0 3 0 0 0]
 [0 0 0 0 9 0 5 0 0]
 [0 9 0 0 0 0 0 6 8]
 [0 0 0 0 5 0 0 0 1]
 [0 0 3 0 0 0 0 0 0]
 [0 0 0 0 0 6 3 0 4]
 [0 6 9 2 0 8 0 0 5]
 [8 0 0 5 6 0 2 0 0]
 [0 0 2 0 3 9 0 0 0]]
Solution:
[[5 0 3 7 8 0 1 4 2]
 [7 2 9 5 4 6 8 0 3]
 [4 1 6 3 9 2 0 7 5]
 [8 0 7 6 3 9 4 0 1]
 [2 9 1 8 7 5 3 0 6]
 [6 3 4 2 1 0 9 5 8]
 [9 5 2 4 0 8 7 1 0]
 [3 4 0 1 6 7 5 8 9]
 [1 7 8 9 5 3 6 2 4]]
Number of cells unfilled: 11
Accuracy: 86.41975308641975
Sample: 26903
Question:
[[0 7 1 0 0 9 0 0 2]
 [2 0 0 0 0 0 9 7 0]
 [0 0 0 0 0 0 0 0 8]
 [0 0 0 2 3 0 8 0 9]
 [3 0 0 7 0 0 1 0 0]
 [0 2 0 0 9 1 0 3 0]
 [0 4 0 0 0 0 0 0 3]
 [8 5 0 0 0 0 7 0 1]
 [0 0 0 0 8 0 0 0 0]]
Solution:
[[5 0 3 7 8 0 1 4 9]
 [7 2 9 5 4 6 8 0 3]
 [4 8 6 3 9 2 0 7 5]
 [8 0 7 6 3 9 4 5 1]
 [2 9 1 8 7 5 3 0 6]
 [0 3 4 2 1 0 9 8 7]
 [6 5 2 4 0 8 7 1 0]
 [3 4 0 1 6 7 5 9 8]
 [1 7 8 9 5 3 6 2 4]]
Number of cells unfilled: 11
Accuracy: 86.41975308641975
Sample: 26904
Question:
[[0 9 0 0 2 0 0 0 0]
 [2 0 5 0 0 0 0 0 1]
 [0 0 7 0 0 0 0 9 0]
 [0 0 0 0 3 9 0 2 6]
 [3 0 0 0 0 8 0 0 0]
 [0 0 0 1 6 0 3 0 8]
 [0 0 0 0 0 0 1 0 2]
 [9 0 0 0 0 0 8 6 0]
 [0 1 8 6 0 0 0 0 9]]
Solution:
[[5 2 3 7 8 0 1 4 9]
 [7 8 9 5 4 6 2 0 3]
 [4 1 6 3 9 2 8 7 5]
 [8 0 7 6 3 9 4 5 1]
 [2 9 1 8 7 5 3 0 6]
 [0 3 5 2 1 4 9 8 7]
 [6 5 2 4 0 8 7 1 0]
 [3 4 0 1 6 7 5 9 2]
 [1 7 8 9 5 3 6 0 4]]
Number of cells unfilled: 9
Accuracy: 88.88888888888889
Sample: 26905
Question:
[[2 0 0 0 0 0 0 9 1]
 [5 0 0 0 0 0 8 0 0]
 [0 0 8 0 0 6 0 7 0]
 [4 0 0 0 5 0 0 0 0]
 [0 0 0 6 4 0 7 0 0]
 [0 0 0 8 0 2 0 0 0]
 [8 7 0 4 0 0 0 5 0]
 [0 0 2 0 0 0 0 0 0]
 [6 0 4 7 0 5 0 2 8]]
Solution:
[[5 2 3 7 8 0 1 4 9]
 [7 1 9 5 4 6 2 8 3]
 [4 8 6 3 9 2 0 7 5]
 [8 0 7 6 3 9 4 2 1]
 [2 9 1 8 7 5 3 0 6]
 [6 3 5 2 1 4 9 0 7]
 [9 5 2 4 0 8 7 1 0]
 [3 4 0 1 6 7 5 9 8]
 [1 7 8 9 5 3 6 0 2]]
Number of cells unfilled: 9
Accuracy: 88.88888888888889
Sample: 26906
Question:
[[2 0 5 0 0 0 0 6 0]
 [0 8 9 0 0 0 1 5 0]
 [0 6 0 0 9 0 0 0 8]
 [8 0 0 0 0 0 0 0 2]
 [5 1 0 6 0 2 9 0 0]
 [0 0 0 1 8 0 5 0 0]
 [0 0 1 0 0 0 0 0 0]
 [0 0 0 3 0 0 0 0 0]
 [0 0 0 7 1 0 6 2 0]]
Solution:
[[5 2 3 7 8 0 1 4 9]
 [7 8 9 5 4 6 2 0 3]
 [4 1 6 3 9 2 8 7 5]
 [8 0 7 6 3 9 4 5 2]
 [2 9 1 8 7 5 3 0 6]
 [6 3 5 2 1 4 9 8 7]
 [9 5 2 4 0 8 7 1 0]
 [3 4 0 1 6 7 5 9 8]
 [1 7 8 9 5 3 6 2 4]]
Number of cells unfilled: 7
Accuracy: 91.35802469135803
Sample: 26907
Question:
[[2 0 8 1 0 0 0 0 6]
 [0 6 0 0 9 0 0 3 0]
 [9 3 0 0 0 0 1 0 2]
 [0 0 0 0 0 7 0 0 0]
 [0 0 0 0 1 4 6 0 8]
 [1 0 0 0 0 0 0 0 0]
 [0 0 3 0 0 0 0 8 1]
 [0 0 0 0 3 0 2 0 0]
 [0 0 2 8 0 6 9 0 0]]
Solution:
[[5 2 3 7 8 0 1 4 9]
 [7 8 9 5 4 6 2 0 3]
 [4 1 6 3 9 2 8 7 5]
 [8 0 7 6 3 0 4 2 1]
 [2 9 1 8 7 5 3 0 6]
 [6 3 4 2 1 9 0 5 7]
 [9 5 2 4 0 8 7 1 0]
 [3 4 0 1 6 7 5 9 8]
 [1 7 8 9 5 3 6 0 2]]
Number of cells unfilled: 10
Accuracy: 87.65432098765432
Sample: 26908
Question:
[[2 4 0 7 1 0 0 0 0]
 [0 0 0 0 3 0 0 0 7]
 [3 0 0 2 0 5 0 0 0]
 [4 0 5 0 0 0 0 0 0]
 [0 2 0 0 0 0 0 0 1]
 [1 7 0 0 0 2 3 5 0]
 [0 1 0 0 0 0 6 0 0]
 [5 3 0 0 0 0 9 0 4]
 [0 0 0 4 0 0 0 1 0]]
Solution:
[[5 2 3 7 8 0 1 4 9]
 [7 8 9 5 4 6 2 0 3]
 [4 1 6 3 9 2 8 7 5]
 [8 0 7 6 3 9 4 5 2]
 [2 9 1 8 7 5 3 0 6]
 [6 3 5 2 1 4 9 0 8]
 [9 5 2 4 0 8 7 1 0]
 [3 4 0 1 6 7 5 9 0]
 [1 7 8 9 5 3 6 2 4]]
Number of cells unfilled: 9
Accuracy: 88.88888888888889
Sample: 26909
Question:
[[3 0 0 0 6 0 0 9 0]
 [0 0 0 1 0 8 5 3 0]
 [5 0 0 0 9 0 6 0 1]
 [0 0 6 0 8 9 0 0 0]
 [0 0 0 0 0 5 0 0 9]
 [0 0 0 3 1 0 0 0 0]
 [6 0 0 8 0 0 0 1 0]
 [0 0 1 0 0 0 0 0 5]
 [4 7 0 0 0 0 0 0 3]]
Solution:
[[5 2 3 7 8 0 1 4 9]
 [7 1 9 5 4 6 2 8 3]
 [4 8 6 3 9 2 0 7 5]
 [8 0 7 6 3 0 4 5 1]
 [2 9 1 8 7 5 3 0 6]
 [6 3 5 2 1 9 8 0 7]
 [9 5 2 4 0 8 7 1 0]
 [3 4 0 1 6 7 5 9 8]
 [1 7 8 9 5 3 6 2 4]]
Number of cells unfilled: 9
Accuracy: 88.88888888888889
Sample: 26910
Question:
[[3 0 0 4 0 0 0 0 0]
 [0 2 9 0 0 0 6 0 4]
 [0 1 0 0 2 6 0 0 9]
 [0 0 0 0 1 9 7 0 5]
 [6 0 0 0 3 0 0 0 1]
 [0 0 0 0 0 4 0 0 0]
 [0 6 2 0 0 0 0 1 0]
 [9 3 0 0 0 0 0 0 0]
 [0 0 4 3 0 2 0 0 0]]
Solution:
[[5 2 3 7 8 0 1 4 9]
 [7 8 9 5 4 6 2 0 3]
 [4 1 6 3 9 2 8 7 5]
 [8 0 7 6 3 9 4 0 2]
 [2 9 1 8 7 5 3 0 6]
 [6 3 4 2 1 0 9 5 7]
 [9 5 2 4 0 8 7 1 0]
 [3 4 0 1 6 7 5 9 8]
 [1 7 8 9 5 3 6 2 4]]
Number of cells unfilled: 9
Accuracy: 88.88888888888889
Sample: 26911
Question:
[[4 0 9 0 0 0 0 0 0]
 [0 0 2 3 0 4 5 0 0]
 [3 5 0 0 2 0 0 0 0]
 [0 0 0 0 0 2 0 9 0]
 [0 3 4 8 9 0 0 0 0]
 [0 2 0 7 0 0 0 0 0]
 [0 0 0 0 1 0 0 0 3]
 [1 0 0 0 0 0 4 5 0]
 [0 9 5 0 0 0 0 1 2]]
Solution:
[[5 2 3 7 8 0 1 4 9]
 [7 1 9 5 4 6 2 8 3]
 [4 8 6 3 9 2 0 7 5]
 [8 0 7 6 3 9 4 0 2]
 [2 9 1 8 7 5 3 0 6]
 [6 3 4 2 1 0 9 5 7]
 [9 5 2 4 0 8 7 1 0]
 [3 4 0 1 6 7 5 9 8]
 [1 7 8 9 5 3 6 2 4]]
Number of cells unfilled: 9
Accuracy: 88.88888888888889
Sample: 26912
Question:
[[4 6 0 0 0 0 7 0 2]
 [5 0 0 4 0 0 6 1 0]
 [0 1 0 0 2 0 0 5 0]
 [0 0 0 0 0 0 0 0 6]
 [0 0 0 0 0 5 1 7 0]
 [2 0 1 0 0 0 4 0 0]
 [0 0 4 0 0 0 0 0 0]
 [0 0 6 3 9 0 2 0 0]
 [0 2 0 5 0 0 0 0 7]]
Solution:
[[5 2 3 7 8 0 1 4 9]
 [7 1 9 5 4 6 2 8 3]
 [4 8 6 3 9 2 0 7 5]
 [8 0 7 6 3 9 4 2 1]
 [2 9 1 8 7 5 3 0 6]
 [6 3 4 2 1 0 9 5 7]
 [9 5 2 4 0 8 7 1 0]
 [3 4 0 1 6 7 5 9 8]
 [1 7 8 9 5 3 6 0 2]]
Number of cells unfilled: 9
Accuracy: 88.88888888888889
Sample: 26913
Question:
[[5 0 0 0 4 9 0 2 0]
 [0 6 0 0 7 0 0 0 5]
 [0 0 0 0 0 0 0 1 0]
 [2 0 3 0 1 0 7 5 0]
 [6 0 0 0 0 0 1 0 0]
 [0 0 7 0 2 0 0 0 3]
 [3 0 6 7 0 0 2 0 0]
 [0 2 5 0 0 0 0 0 0]
 [1 0 0 0 0 0 0 3 0]]
Solution:
[[5 2 3 7 8 0 1 4 9]
 [7 1 9 5 4 6 8 2 3]
 [4 8 6 3 9 2 0 7 5]
 [8 0 7 6 3 9 4 5 1]
 [2 9 1 8 7 5 3 0 6]
 [0 3 5 2 1 4 9 0 8]
 [6 5 2 4 0 8 7 1 0]
 [3 4 0 1 6 7 5 8 2]
 [1 7 8 9 5 3 6 0 4]]
Number of cells unfilled: 10
Accuracy: 87.65432098765432
Sample: 26914
Question:
[[5 0 1 0 0 3 8 0 0]
 [0 6 8 2 0 0 0 0 0]
 [0 3 0 0 0 1 6 0 0]
 [0 5 0 0 2 0 1 0 0]
 [8 0 0 0 0 0 0 0 0]
 [6 0 0 5 0 0 4 7 0]
 [3 0 5 8 0 0 0 0 0]
 [0 0 0 0 6 5 0 0 0]
 [0 0 0 3 0 2 0 0 1]]
Solution:
[[5 2 3 7 8 0 1 4 9]
 [7 8 9 5 4 6 2 0 3]
 [4 1 6 3 9 2 8 7 5]
 [8 0 7 6 3 9 4 2 1]
 [2 9 1 8 7 5 3 0 6]
 [6 3 5 2 1 4 9 8 7]
 [9 5 2 4 0 8 7 1 0]
 [3 4 0 1 6 7 5 9 2]
 [1 7 8 9 5 3 6 0 4]]
Number of cells unfilled: 8
Accuracy: 90.12345679012346
Sample: 26915
Question:
[[5 1 0 2 0 0 8 0 3]
 [0 0 0 0 0 1 0 5 4]
 [0 0 3 0 0 0 2 1 0]
 [0 0 0 0 3 8 4 0 2]
 [0 0 8 0 1 0 0 0 0]
 [0 3 0 5 0 2 0 0 0]
 [0 9 4 0 0 0 1 0 5]
 [0 7 0 0 0 0 0 0 0]
 [0 0 0 0 0 4 0 0 0]]
Solution:
[[5 2 3 7 8 0 1 4 9]
 [7 1 9 5 4 6 2 8 3]
 [4 8 6 3 9 2 0 7 5]
 [8 0 7 6 3 9 4 5 2]
 [2 9 1 8 7 5 3 0 6]
 [6 3 4 2 1 0 9 0 7]
 [9 5 2 4 0 8 7 1 0]
 [3 4 0 1 6 7 5 9 8]
 [1 7 8 9 5 3 6 2 4]]
Number of cells unfilled: 9
Accuracy: 88.88888888888889
Sample: 26916
Question:
[[5 7 0 3 8 0 0 0 0]
 [0 0 0 0 0 5 7 0 0]
 [8 0 4 0 7 9 0 0 0]
 [0 0 8 0 0 0 9 0 0]
 [9 0 0 8 0 0 0 3 5]
 [4 3 0 0 5 0 0 0 0]
 [0 0 9 0 0 0 0 0 6]
 [0 0 0 0 4 0 0 9 0]
 [3 0 0 0 0 0 4 0 1]]
Solution:
[[5 2 3 7 8 0 1 4 9]
 [7 1 9 5 4 6 8 2 3]
 [4 8 6 3 9 2 0 7 5]
 [8 0 7 6 3 9 4 5 2]
 [2 9 1 8 7 5 3 0 6]
 [6 3 5 2 1 4 9 8 7]
 [9 5 2 4 0 8 7 1 0]
 [3 4 0 1 6 7 5 9 8]
 [1 7 8 9 5 3 6 0 4]]
Number of cells unfilled: 8
Accuracy: 90.12345679012346
Sample: 26917
Question:
[[5 8 0 0 9 0 0 0 0]
 [0 0 0 0 0 0 2 0 0]
 [4 6 0 0 7 2 0 0 0]
 [6 0 0 0 0 8 0 4 0]
 [0 0 8 0 0 0 3 0 6]
 [2 3 0 0 0 0 8 5 0]
 [0 0 0 0 0 0 0 0 0]
 [3 0 4 0 2 5 0 0 0]
 [0 5 0 6 4 0 0 0 3]]
Solution:
[[5 0 3 7 8 0 1 4 9]
 [7 2 9 5 4 6 8 0 3]
 [4 1 6 3 9 2 0 7 5]
 [8 0 7 6 3 9 4 2 1]
 [2 9 1 8 7 5 3 0 6]
 [0 3 5 2 1 4 9 0 8]
 [6 5 2 4 0 8 7 1 0]
 [3 4 0 1 6 7 5 8 2]
 [1 7 8 9 5 3 6 0 4]]
Number of cells unfilled: 12
Accuracy: 85.18518518518519
Sample: 26918
Question:
[[6 0 0 0 0 7 0 0 0]
 [0 1 3 0 0 0 0 7 0]
 [8 0 7 4 1 0 0 6 0]
 [0 0 4 7 0 0 6 1 0]
 [3 0 6 0 0 0 8 0 7]
 [0 0 0 0 0 8 0 0 4]
 [4 0 1 5 0 3 0 0 0]
 [0 0 0 0 0 0 3 0 0]
 [0 0 0 9 0 0 0 0 0]]
Solution:
[[5 2 3 7 8 0 1 4 9]
 [7 1 9 5 4 6 2 8 3]
 [4 8 6 3 9 2 0 7 5]
 [8 0 7 6 3 9 4 2 1]
 [2 9 1 8 7 5 3 0 6]
 [0 3 5 2 1 4 8 0 7]
 [6 5 2 4 0 8 7 1 0]
 [3 4 0 1 6 7 5 9 8]
 [1 7 8 9 5 3 6 0 2]]
Number of cells unfilled: 10
Accuracy: 87.65432098765432
Sample: 26919
Question:
[[6 4 0 2 0 0 0 0 5]
 [7 0 8 0 0 0 0 0 2]
 [0 0 0 8 0 0 4 0 0]
 [3 0 7 0 0 0 0 4 6]
 [9 0 0 0 0 0 0 5 0]
 [0 0 0 0 7 0 0 0 0]
 [8 0 0 4 2 0 0 6 0]
 [0 0 5 0 0 6 8 0 0]
 [0 0 0 0 5 0 0 2 7]]
Solution:
[[5 2 3 7 8 0 1 4 9]
 [7 8 9 5 4 6 2 0 3]
 [4 1 6 3 9 2 8 7 5]
 [8 0 7 6 3 9 4 5 1]
 [2 9 1 8 7 5 3 0 6]
 [0 3 5 2 1 4 9 8 7]
 [6 5 2 4 0 8 7 1 0]
 [3 4 0 1 6 7 5 9 8]
 [1 7 8 9 5 3 6 0 2]]
Number of cells unfilled: 9
Accuracy: 88.88888888888889
Sample: 26920
Question:
[[7 0 4 0 0 0 0 8 3]
 [0 0 0 0 0 8 0 0 0]
 [0 0 0 0 0 0 0 0 9]
 [8 7 0 2 0 0 0 0 0]
 [0 0 6 0 0 0 0 2 0]
 [2 0 0 6 0 0 7 0 4]
 [4 1 0 7 0 6 0 0 2]
 [0 0 0 0 4 0 0 1 0]
 [6 0 8 0 2 1 0 0 0]]
Solution:
[[5 0 3 7 8 0 1 4 2]
 [7 2 9 5 4 6 8 0 3]
 [4 1 6 3 9 2 0 7 5]
 [8 0 7 6 3 9 4 5 1]
 [2 9 1 8 7 5 3 0 6]
 [6 3 5 2 1 4 9 0 8]
 [9 5 2 4 0 8 7 1 0]
 [3 4 0 1 6 7 5 8 9]
 [1 7 8 9 5 3 6 2 4]]
Number of cells unfilled: 10
Accuracy: 87.65432098765432
Sample: 26921
Question:
[[7 0 4 0 1 0 0 3 0]
 [0 5 0 2 0 7 0 0 0]
 [0 1 0 0 4 3 0 5 0]
 [0 0 0 1 2 0 0 0 4]
 [0 0 0 0 0 5 0 0 0]
 [1 0 7 3 0 0 0 0 0]
 [0 7 0 0 0 2 0 4 0]
 [3 0 0 0 0 0 0 0 0]
 [5 0 0 7 0 0 9 8 0]]
Solution:
[[5 2 3 7 8 0 1 4 9]
 [7 8 9 5 4 6 2 0 3]
 [4 1 6 3 9 2 8 7 5]
 [8 0 7 6 3 9 4 2 1]
 [2 9 1 8 7 5 3 0 6]
 [6 3 4 2 1 0 9 8 7]
 [9 5 2 4 0 8 7 1 0]
 [3 4 0 1 6 7 5 9 2]
 [1 7 8 9 5 3 6 0 4]]
Number of cells unfilled: 9
Accuracy: 88.88888888888889
Sample: 26922
Question:
[[7 0 8 0 0 0 4 0 3]
 [0 6 0 0 7 0 0 0 0]
 [0 0 1 0 0 0 0 0 6]
 [0 0 0 6 5 0 2 0 7]
 [0 0 0 0 2 4 3 5 0]
 [5 0 0 3 0 0 0 6 0]
 [6 0 0 0 0 0 0 0 2]
 [0 0 0 0 0 0 7 4 0]
 [0 4 3 0 0 2 0 0 0]]
Solution:
[[5 2 3 7 8 0 1 4 9]
 [7 8 9 5 4 6 2 0 3]
 [4 1 6 3 9 2 8 7 5]
 [8 0 7 6 3 9 4 5 2]
 [2 9 1 8 7 5 3 0 6]
 [6 3 5 2 1 4 9 8 7]
 [9 5 2 4 0 8 7 1 0]
 [3 4 0 1 6 7 5 9 8]
 [1 7 8 9 5 3 6 2 4]]
Number of cells unfilled: 7
Accuracy: 91.35802469135803
Sample: 26923
Question:
[[7 0 9 1 0 5 0 8 0]
 [0 0 0 0 0 4 0 0 0]
 [0 1 0 9 8 0 0 5 0]
 [5 0 0 0 0 7 0 3 2]
 [8 0 0 0 0 0 0 0 0]
 [0 7 0 0 4 0 0 9 0]
 [1 0 0 0 0 8 0 0 0]
 [0 0 5 4 0 1 9 0 0]
 [0 0 0 7 5 0 0 0 0]]
Solution:
[[5 2 3 7 8 0 1 4 9]
 [7 1 9 5 4 6 2 8 3]
 [4 8 6 3 9 2 0 7 5]
 [8 0 7 6 3 0 4 5 1]
 [2 9 1 8 7 5 3 0 6]
 [6 3 5 2 1 9 8 0 7]
 [9 5 2 4 0 8 7 1 0]
 [3 4 0 1 6 7 5 9 8]
 [1 7 8 9 5 3 6 2 4]]
Number of cells unfilled: 9
Accuracy: 88.88888888888889
Sample: 26924
Question:
[[7 6 0 0 8 0 4 0 0]
 [5 0 4 9 7 0 0 0 0]
 [0 0 8 0 0 0 0 5 0]
 [0 0 0 7 0 0 0 4 0]
 [8 0 0 0 9 6 0 0 0]
 [0 7 0 5 4 0 8 0 6]
 [0 0 0 8 6 0 3 9 0]
 [0 0 0 0 0 0 2 0 0]
 [9 0 0 0 0 0 0 0 0]]
Solution:
[[5 2 3 7 8 0 1 4 9]
 [7 1 9 5 4 6 8 2 3]
 [4 8 6 3 9 2 0 7 5]
 [8 0 7 6 3 9 4 5 1]
 [2 9 1 8 7 5 3 0 6]
 [0 3 5 2 1 4 9 8 7]
 [6 5 2 4 0 8 7 1 0]
 [3 4 0 1 6 7 5 9 8]
 [1 7 8 9 5 3 6 0 4]]
Number of cells unfilled: 9
Accuracy: 88.88888888888889
Sample: 26925
Question:
[[7 8 0 0 2 6 4 0 0]
 [0 4 6 7 0 0 0 0 0]
 [9 0 0 0 0 0 0 6 0]
 [4 9 0 0 0 0 0 8 7]
 [0 2 0 8 0 0 0 0 6]
 [0 0 0 0 0 7 2 4 0]
 [0 0 0 0 0 0 0 9 0]
 [2 6 0 9 0 5 0 0 0]
 [0 0 0 0 0 1 0 0 0]]
Solution:
[[5 0 3 7 8 0 1 4 2]
 [7 2 9 5 4 6 8 0 3]
 [4 8 6 3 9 2 0 7 5]
 [8 0 7 6 3 9 4 5 1]
 [2 9 1 8 7 5 3 0 6]
 [0 3 5 2 1 4 9 8 7]
 [6 5 2 4 0 8 7 1 9]
 [3 4 0 1 6 7 5 0 8]
 [1 7 8 9 5 3 6 2 4]]
Number of cells unfilled: 10
Accuracy: 87.65432098765432
Sample: 26926
Question:
[[8 0 0 0 0 0 0 0 2]
 [0 0 0 0 9 0 0 7 8]
 [0 0 0 0 0 0 3 6 0]
 [3 0 9 4 0 5 0 0 0]
 [2 0 0 0 0 0 0 0 0]
 [0 0 6 0 0 9 7 0 0]
 [7 0 8 0 0 3 0 9 0]
 [0 2 0 0 0 0 6 0 0]
 [6 0 0 7 0 2 0 8 3]]
Solution:
[[5 2 3 7 8 0 1 4 9]
 [7 1 9 5 4 6 2 8 3]
 [4 8 6 3 9 2 0 7 5]
 [8 0 7 6 3 9 4 5 1]
 [2 9 1 8 7 5 3 0 6]
 [0 3 5 2 1 4 8 0 7]
 [6 5 2 4 0 8 7 1 0]
 [3 4 0 1 6 7 5 9 8]
 [1 7 8 9 5 3 6 2 4]]
Number of cells unfilled: 9
Accuracy: 88.88888888888889
Sample: 26927
Question:
[[8 0 0 4 0 0 0 0 0]
 [0 4 7 0 0 0 9 3 0]
 [0 0 6 0 0 0 0 0 0]
 [0 1 0 0 0 9 0 0 0]
 [0 0 8 5 3 0 0 0 0]
 [0 0 0 1 0 8 4 5 0]
 [0 0 0 0 0 0 0 4 3]
 [3 0 9 0 5 0 1 8 0]
 [0 8 0 0 0 0 5 0 9]]
Solution:
[[5 2 3 7 8 0 1 4 9]
 [7 1 9 5 4 6 2 8 3]
 [4 8 6 3 9 2 0 7 5]
 [8 0 7 6 3 9 4 5 1]
 [2 9 1 8 7 5 3 0 6]
 [0 3 5 2 1 4 9 0 7]
 [6 5 2 4 0 8 7 1 0]
 [3 4 0 1 6 7 5 9 8]
 [1 7 8 9 5 3 6 2 4]]
Number of cells unfilled: 9
Accuracy: 88.88888888888889
Sample: 26928
Question:
[[8 0 0 9 5 0 0 0 0]
 [0 0 0 0 1 3 0 0 0]
 [0 0 0 4 0 0 0 0 9]
 [0 0 0 0 0 1 0 4 0]
 [0 4 0 3 9 0 0 8 1]
 [0 3 0 0 8 0 9 0 5]
 [1 0 0 0 0 0 0 0 4]
 [0 8 0 0 0 5 1 0 0]
 [0 2 7 0 0 0 0 0 3]]
Solution:
[[5 0 3 7 8 0 1 4 9]
 [7 2 9 5 4 6 8 0 3]
 [4 8 6 3 9 2 0 7 0]
 [8 0 7 6 3 9 4 2 5]
 [2 9 1 8 7 5 3 0 6]
 [6 3 5 2 1 4 9 8 7]
 [9 5 2 4 0 8 7 1 0]
 [3 4 0 1 6 7 5 9 8]
 [1 7 8 9 5 3 6 0 4]]
Number of cells unfilled: 11
Accuracy: 86.41975308641975
Sample: 26929
Question:
[[8 5 0 0 0 0 0 7 0]
 [6 0 0 0 0 8 0 0 0]
 [0 2 1 0 0 0 0 0 0]
 [0 0 0 0 0 6 0 2 0]
 [0 0 5 0 2 0 0 0 7]
 [2 0 0 0 0 1 9 0 3]
 [0 7 0 0 8 0 0 0 1]
 [5 0 0 6 1 0 0 0 0]
 [0 8 0 7 0 2 0 0 6]]
Solution:
[[5 2 3 7 8 0 1 4 9]
 [7 8 9 5 4 6 2 0 3]
 [4 1 6 3 9 2 8 7 5]
 [8 0 7 6 3 0 4 5 1]
 [2 9 1 8 7 5 3 0 6]
 [6 3 5 2 1 9 0 0 8]
 [9 5 2 4 0 8 7 1 0]
 [3 4 0 1 6 7 5 8 2]
 [1 7 8 9 5 3 6 0 4]]
Number of cells unfilled: 11
Accuracy: 86.41975308641975
Sample: 26930
Question:
[[9 0 3 0 2 0 0 7 1]
 [0 7 2 0 0 0 9 4 0]
 [0 0 0 0 0 0 0 0 0]
 [0 0 0 2 1 0 0 0 0]
 [0 0 1 0 0 7 3 0 0]
 [2 0 4 3 0 9 0 0 0]
 [3 0 9 0 0 0 0 5 0]
 [0 0 0 4 0 0 0 0 0]
 [1 0 7 0 0 0 4 6 0]]
Solution:
[[5 2 3 7 8 0 1 4 9]
 [7 8 9 5 4 6 2 0 3]
 [4 1 6 3 9 2 8 7 5]
 [8 0 7 6 3 9 4 5 1]
 [2 9 1 8 7 5 3 0 6]
 [0 3 4 2 1 0 9 8 7]
 [6 5 2 4 0 8 7 1 0]
 [3 4 0 1 6 7 5 9 8]
 [1 7 8 9 5 3 6 0 2]]
Number of cells unfilled: 10
Accuracy: 87.65432098765432
Sample: 26931
Question:
[[6 0 0 0 8 0 3 1 0]
 [0 0 0 2 0 9 4 0 6]
 [0 0 0 1 0 0 2 0 0]
 [0 0 0 8 0 0 0 9 0]
 [0 4 0 0 5 0 0 0 0]
 [0 5 9 0 0 7 0 0 4]
 [0 8 5 6 0 1 0 0 0]
 [0 0 6 0 4 0 0 5 0]
 [4 0 0 0 0 0 0 0 3]]
Solution:
[[5 2 3 7 8 0 1 4 9]
 [7 1 9 5 4 6 2 8 3]
 [4 8 6 3 9 2 0 7 5]
 [8 0 7 6 3 9 4 5 1]
 [2 9 1 8 7 5 3 0 6]
 [0 3 5 2 1 4 8 0 7]
 [6 5 2 4 0 8 7 1 0]
 [3 4 0 1 6 7 5 9 8]
 [1 7 8 9 5 3 6 2 4]]
Number of cells unfilled: 9
Accuracy: 88.88888888888889
Sample: 26932
Question:
[[2 0 0 0 0 3 0 6 0]
 [3 0 0 2 0 8 7 5 0]
 [0 0 9 0 6 0 3 0 0]
 [0 0 0 0 0 1 0 0 0]
 [1 0 0 5 0 0 0 0 0]
 [0 2 5 8 3 0 0 1 0]
 [0 7 0 0 0 0 1 0 0]
 [0 4 0 0 0 0 0 0 6]
 [8 0 0 0 0 2 0 3 0]]
Solution:
[[5 2 3 7 8 0 1 4 9]
 [7 1 9 5 4 6 2 8 3]
 [4 8 6 3 9 2 0 7 5]
 [8 0 7 6 3 0 4 0 2]
 [2 9 1 8 7 5 3 0 6]
 [6 3 4 2 1 9 8 5 7]
 [9 5 2 4 0 8 7 1 0]
 [3 4 0 1 6 7 5 9 8]
 [1 7 8 9 5 3 6 2 4]]
Number of cells unfilled: 9
Accuracy: 88.88888888888889
Sample: 26933
Question:
[[0 0 0 9 6 0 0 0 0]
 [0 0 0 0 4 0 0 9 0]
 [2 0 0 0 0 8 0 0 1]
 [0 0 0 0 9 0 1 0 7]
 [0 0 9 0 2 3 0 4 0]
 [0 8 1 6 0 0 0 0 0]
 [0 0 0 0 0 0 0 0 0]
 [6 0 0 3 8 0 0 5 9]
 [0 3 0 0 0 0 6 2 8]]
Solution:
[[5 0 3 7 8 0 1 4 9]
 [7 2 9 5 4 6 8 0 3]
 [4 1 6 3 9 2 0 7 5]
 [8 0 7 6 3 9 4 2 1]
 [2 9 1 8 7 5 3 0 6]
 [0 3 5 2 1 4 9 8 7]
 [6 5 2 4 0 8 7 1 0]
 [3 4 0 1 6 7 5 9 8]
 [1 7 8 9 5 3 6 0 2]]
Number of cells unfilled: 11
Accuracy: 86.41975308641975
Sample: 26934
Question:
[[0 0 0 0 0 2 0 0 0]
 [0 0 4 9 0 3 0 0 2]
 [0 0 0 5 0 0 0 7 9]
 [0 8 0 0 0 0 0 0 6]
 [0 0 9 0 0 0 0 2 1]
 [0 1 0 0 6 5 0 0 7]
 [0 0 2 0 0 9 0 0 0]
 [0 0 8 6 0 0 0 0 0]
 [0 5 0 7 0 0 0 8 0]]
Solution:
[[5 0 3 7 8 0 1 4 2]
 [7 2 9 5 4 6 8 0 3]
 [4 1 6 3 9 2 0 7 5]
 [8 0 7 6 3 9 4 5 1]
 [2 9 1 8 7 5 3 0 6]
 [0 3 5 2 1 4 9 8 7]
 [6 5 2 4 0 8 7 1 9]
 [3 4 0 1 6 7 5 0 8]
 [1 7 8 9 5 3 6 2 4]]
Number of cells unfilled: 10
Accuracy: 87.65432098765432
Sample: 26935
Question:
[[0 9 0 0 2 0 0 0 5]
 [6 0 0 0 0 5 7 4 0]
 [0 7 0 9 0 0 0 1 0]
 [0 0 6 0 0 0 0 0 0]
 [0 4 0 2 0 9 0 0 0]
 [0 1 0 0 0 3 0 2 0]
 [9 0 0 0 8 0 6 7 2]
 [0 0 0 0 0 0 0 0 0]
 [7 0 5 0 0 1 0 9 0]]
Solution:
[[5 2 3 7 8 0 1 4 9]
 [7 1 9 5 4 6 8 2 3]
 [4 8 6 3 9 2 0 7 5]
 [8 0 7 6 3 9 4 5 1]
 [2 9 1 8 7 5 3 0 6]
 [0 3 4 2 1 0 9 8 7]
 [6 5 2 4 0 8 7 1 0]
 [3 4 0 1 6 7 5 9 8]
 [1 7 8 9 5 3 6 0 2]]
Number of cells unfilled: 10
Accuracy: 87.65432098765432
Sample: 26936
Question:
[[0 0 0 0 0 0 0 0 0]
 [5 2 0 0 3 0 0 0 9]
 [0 8 3 4 0 0 2 0 0]
 [7 0 0 0 0 3 0 1 0]
 [0 0 0 8 0 0 0 0 0]
 [0 6 8 0 4 0 3 0 0]
 [0 3 6 0 0 4 8 0 0]
 [0 0 0 2 8 0 0 0 0]
 [0 0 7 0 6 0 0 0 0]]
Solution:
[[5 2 3 7 8 0 1 4 9]
 [7 1 9 5 4 6 8 2 3]
 [4 8 6 3 9 2 0 7 5]
 [8 0 7 6 3 0 4 5 1]
 [2 9 1 8 7 5 3 0 6]
 [6 3 5 2 1 9 0 8 7]
 [9 5 2 4 0 8 7 1 0]
 [3 4 0 1 6 7 5 9 8]
 [1 7 8 9 5 3 6 0 4]]
Number of cells unfilled: 10
Accuracy: 87.65432098765432
Sample: 26937
Question:
[[0 0 0 0 0 0 0 0 6]
 [3 0 0 0 0 0 0 0 0]
 [0 2 0 9 0 0 4 0 0]
 [0 1 0 0 2 4 0 9 0]
 [4 0 0 0 9 5 1 0 0]
 [0 0 0 1 0 0 0 0 0]
 [0 9 7 4 0 0 5 0 1]
 [8 0 0 2 0 0 0 0 7]
 [0 4 0 5 0 7 9 0 0]]
Solution:
[[5 0 3 7 8 0 1 4 2]
 [7 2 9 5 4 6 0 0 3]
 [4 1 6 3 9 2 8 7 5]
 [8 0 7 6 3 9 4 5 1]
 [2 9 1 8 7 5 3 0 6]
 [0 3 5 2 1 4 9 8 7]
 [6 5 2 4 0 8 7 1 9]
 [3 4 0 1 6 7 5 0 8]
 [1 7 8 9 5 3 6 2 4]]
Number of cells unfilled: 10
Accuracy: 87.65432098765432
Sample: 26938
Question:
[[0 0 0 0 0 7 3 0 0]
 [0 0 8 0 5 4 0 0 2]
 [0 3 2 0 8 0 0 0 0]
 [4 8 0 0 9 0 0 5 0]
 [0 0 9 0 0 0 0 0 0]
 [5 2 0 0 0 8 0 0 9]
 [0 0 5 0 4 0 0 0 8]
 [0 0 0 0 0 0 6 0 0]
 [0 0 0 0 0 1 5 0 0]]
Solution:
[[5 2 3 7 8 0 1 4 9]
 [7 8 9 5 4 6 2 0 3]
 [4 1 6 3 9 2 8 7 5]
 [8 0 7 6 3 0 4 2 1]
 [2 9 1 8 7 5 3 0 6]
 [6 3 4 2 1 9 0 5 7]
 [9 5 2 4 0 8 7 1 0]
 [3 4 0 1 6 7 5 9 8]
 [1 7 8 9 5 3 6 0 2]]
Number of cells unfilled: 10
Accuracy: 87.65432098765432
Sample: 26939
Question:
[[0 0 0 5 0 0 0 0 0]
 [0 0 4 0 6 0 0 0 3]
 [0 0 0 0 0 0 9 0 0]
 [4 1 0 0 8 0 6 0 0]
 [0 0 8 0 0 0 0 0 0]
 [3 6 0 0 0 4 0 0 8]
 [0 0 6 0 1 0 3 0 4]
 [0 2 1 0 4 0 0 0 6]
 [0 0 0 2 0 0 7 0 0]]
Solution:
[[5 2 3 7 8 0 1 4 9]
 [7 8 9 5 4 6 2 0 3]
 [4 1 6 3 9 2 8 7 5]
 [8 0 7 6 3 9 4 2 1]
 [2 9 1 8 7 5 3 0 6]
 [0 3 5 2 1 4 9 8 7]
 [6 5 2 4 0 8 7 1 0]
 [3 4 0 1 6 7 5 9 8]
 [1 7 8 9 5 3 6 0 2]]
Number of cells unfilled: 9
Accuracy: 88.88888888888889
Sample: 26940
Question:
[[0 0 1 4 0 0 0 0 0]
 [0 0 0 6 0 0 0 0 0]
 [5 0 0 0 0 8 4 0 0]
 [8 0 0 0 0 0 3 0 7]
 [4 7 0 9 0 3 8 0 0]
 [0 0 2 7 0 0 5 0 0]
 [0 0 0 8 0 0 9 0 0]
 [0 0 8 0 0 9 0 4 3]
 [9 0 0 0 4 0 0 5 0]]
Solution:
[[5 2 3 7 8 0 1 4 9]
 [7 1 9 5 4 6 8 2 3]
 [4 8 6 3 9 2 0 7 5]
 [8 0 7 6 3 0 4 0 2]
 [2 9 1 8 7 5 3 0 6]
 [6 3 4 2 1 9 0 5 7]
 [9 5 2 4 0 8 7 1 0]
 [3 4 0 1 6 7 5 9 8]
 [1 7 8 9 5 3 6 0 4]]
Number of cells unfilled: 11
Accuracy: 86.41975308641975
Sample: 26941
Question:
[[0 0 5 0 9 6 0 8 0]
 [8 0 0 7 1 0 9 0 0]
 [0 0 0 0 0 0 0 0 7]
 [0 0 0 6 0 0 1 0 0]
 [7 0 0 1 8 4 0 9 0]
 [0 0 0 0 0 0 7 0 4]
 [0 0 0 0 6 0 0 0 0]
 [4 0 0 8 7 0 0 0 9]
 [0 3 0 0 0 2 8 0 0]]
Solution:
[[5 0 3 7 8 0 1 4 9]
 [7 2 9 5 4 6 8 0 3]
 [4 8 6 3 9 2 0 7 5]
 [8 0 7 6 3 9 4 0 1]
 [2 9 1 8 7 5 3 0 6]
 [6 3 4 2 1 0 9 5 7]
 [9 5 2 4 0 8 7 1 0]
 [3 4 0 1 6 7 5 9 8]
 [1 7 8 9 5 3 6 2 4]]
Number of cells unfilled: 11
Accuracy: 86.41975308641975
Sample: 26942
Question:
[[0 2 0 7 0 0 1 0 0]
 [1 0 0 0 0 3 0 0 0]
 [8 0 0 0 0 0 0 0 0]
 [2 0 0 0 0 0 4 0 0]
 [0 4 0 0 0 2 0 1 9]
 [0 0 1 4 0 0 0 7 0]
 [6 0 0 0 0 5 0 0 0]
 [0 9 0 1 0 7 2 0 0]
 [0 0 0 2 0 0 9 0 6]]
Solution:
[[5 2 3 7 8 0 1 4 9]
 [7 8 9 5 4 6 2 0 3]
 [4 1 6 3 9 2 8 7 5]
 [8 0 7 6 3 9 4 5 2]
 [2 9 1 8 7 5 3 0 6]
 [6 3 5 2 1 4 9 0 8]
 [9 5 2 4 0 8 7 1 0]
 [3 4 0 1 6 7 5 8 0]
 [1 7 8 9 5 3 6 2 4]]
Number of cells unfilled: 9
Accuracy: 88.88888888888889
Sample: 26943
Question:
[[0 5 0 0 4 0 0 1 8]
 [1 0 0 0 0 0 4 7 0]
 [4 0 2 0 0 0 0 0 0]
 [8 0 0 0 0 3 6 0 2]
 [0 0 0 0 0 0 0 0 7]
 [0 0 5 0 2 0 0 8 0]
 [5 0 0 0 8 0 0 0 1]
 [0 0 4 0 0 0 0 0 0]
 [0 8 0 9 0 4 7 0 0]]
Solution:
[[5 2 3 7 8 0 1 4 9]
 [7 1 9 5 4 6 2 8 3]
 [4 8 6 3 9 2 0 7 5]
 [8 0 7 6 3 9 4 2 1]
 [2 9 1 8 7 5 3 0 6]
 [6 3 4 2 1 0 8 5 7]
 [9 5 2 4 0 8 7 1 0]
 [3 4 0 1 6 7 5 9 8]
 [1 7 8 9 5 3 6 0 2]]
Number of cells unfilled: 9
Accuracy: 88.88888888888889
Sample: 26944
Question:
[[0 5 0 0 7 4 0 1 0]
 [0 9 0 1 0 0 0 5 4]
 [4 0 0 0 8 0 0 0 9]
 [0 6 0 0 1 0 9 0 5]
 [1 0 0 0 0 0 0 6 0]
 [0 0 9 6 0 0 7 0 0]
 [3 0 0 0 0 0 0 0 0]
 [0 0 0 0 2 0 0 0 0]
 [0 1 0 7 0 0 0 9 0]]
Solution:
[[5 2 3 7 8 0 1 4 9]
 [7 8 9 5 4 6 2 0 3]
 [4 1 6 3 9 2 8 7 5]
 [8 0 7 6 3 9 4 2 1]
 [2 9 1 8 7 5 3 0 6]
 [0 3 5 2 1 4 9 8 7]
 [6 5 2 4 0 8 7 1 0]
 [3 4 0 1 6 7 5 9 8]
 [1 7 8 9 5 3 6 0 2]]
Number of cells unfilled: 9
Accuracy: 88.88888888888889
Sample: 26945
Question:
[[0 8 0 0 0 0 0 0 0]
 [0 0 5 0 2 0 4 0 0]
 [2 1 0 0 0 7 0 0 6]
 [0 7 8 0 0 0 1 3 0]
 [0 0 0 0 0 1 0 0 0]
 [0 9 0 0 7 0 0 0 2]
 [8 0 0 0 9 2 0 0 0]
 [9 2 6 7 0 0 0 0 1]
 [0 0 0 0 1 6 0 0 0]]
Solution:
[[5 2 3 7 8 0 1 4 9]
 [7 1 9 5 4 6 2 8 3]
 [4 8 6 3 9 2 0 7 5]
 [8 0 7 6 3 9 4 5 2]
 [2 9 1 8 7 5 3 0 6]
 [6 3 5 2 1 4 8 9 7]
 [9 5 2 4 0 8 7 1 0]
 [3 4 0 1 6 7 5 0 8]
 [1 7 8 9 5 3 6 2 4]]
Number of cells unfilled: 8
Accuracy: 90.12345679012346
Sample: 26946
Question:
[[2 0 4 6 0 0 3 0 0]
 [0 0 0 0 0 0 0 4 0]
 [3 8 0 0 0 5 0 0 0]
 [0 0 0 0 0 0 4 9 0]
 [1 0 0 0 0 0 2 6 0]
 [6 9 2 4 0 0 0 0 3]
 [8 0 0 0 0 0 0 0 0]
 [4 0 6 9 0 0 0 3 0]
 [0 7 0 0 1 0 6 0 0]]
Solution:
[[5 2 3 7 8 0 1 4 9]
 [7 8 9 5 4 6 2 0 3]
 [4 1 6 3 9 2 8 7 5]
 [8 0 7 6 3 9 4 5 2]
 [2 9 1 8 7 5 3 0 6]
 [0 3 5 2 1 4 9 8 7]
 [6 5 2 4 0 8 7 1 0]
 [3 4 0 1 6 7 5 9 8]
 [1 7 8 9 5 3 6 2 4]]
Number of cells unfilled: 8
Accuracy: 90.12345679012346
Sample: 26947
Question:
[[3 0 0 0 0 0 0 0 0]
 [0 8 0 0 4 0 0 0 1]
 [4 0 0 0 0 0 0 5 0]
 [9 0 0 4 0 0 0 6 0]
 [0 0 0 9 2 0 0 0 8]
 [0 2 0 0 8 0 9 1 0]
 [0 0 0 0 7 0 0 0 0]
 [0 0 4 8 0 1 0 0 7]
 [0 7 0 2 0 4 0 8 0]]
Solution:
[[5 0 3 7 8 0 1 4 9]
 [7 2 9 5 4 6 0 0 3]
 [4 1 6 3 9 2 8 7 5]
 [8 0 7 6 3 9 4 5 2]
 [2 9 1 8 7 5 3 0 6]
 [6 3 5 2 1 4 9 8 7]
 [9 5 2 4 0 8 7 1 0]
 [3 4 0 1 6 7 5 9 8]
 [1 7 8 9 5 3 6 2 4]]
Number of cells unfilled: 9
Accuracy: 88.88888888888889
Sample: 26948
Question:
[[5 0 6 0 1 0 0 8 0]
 [0 0 7 0 0 0 0 0 0]
 [0 2 0 5 0 0 3 0 0]
 [0 0 0 0 6 0 0 0 0]
 [6 0 9 1 0 0 0 5 0]
 [0 7 1 0 0 5 0 0 4]
 [0 0 3 9 0 0 0 0 0]
 [0 0 0 6 8 0 0 0 0]
 [9 8 5 0 0 1 0 6 0]]
Solution:
[[5 0 3 7 8 0 1 4 2]
 [7 2 9 5 4 6 8 0 3]
 [4 1 6 3 9 2 0 7 5]
 [8 0 7 6 3 9 4 5 1]
 [2 9 1 8 7 5 3 0 6]
 [0 3 5 2 1 4 9 8 7]
 [6 5 2 4 0 8 7 1 9]
 [3 4 0 1 6 7 5 0 8]
 [1 7 8 9 5 3 6 2 4]]
Number of cells unfilled: 10
Accuracy: 87.65432098765432
Sample: 26949
Question:
[[6 0 0 8 7 0 3 0 0]
 [0 9 0 4 0 0 0 7 0]
 [3 7 0 0 0 6 9 0 0]
 [0 0 0 0 0 0 0 5 0]
 [9 0 0 0 0 8 6 0 0]
 [0 0 0 1 0 0 0 0 0]
 [0 6 8 0 0 2 0 0 9]
 [2 0 0 0 0 0 0 0 0]
 [0 3 9 6 0 0 2 0 0]]
Solution:
[[5 0 3 7 8 0 1 4 2]
 [7 2 9 5 4 6 8 0 3]
 [4 1 6 3 9 2 0 7 5]
 [8 0 7 6 3 9 4 5 1]
 [2 9 1 8 7 5 3 0 6]
 [0 3 5 2 1 4 9 8 7]
 [6 5 2 4 0 8 7 1 9]
 [3 4 0 1 6 7 5 0 8]
 [1 7 8 9 5 3 6 2 4]]
Number of cells unfilled: 10
Accuracy: 87.65432098765432
Sample: 26950
Question:
[[9 0 5 2 0 0 7 0 0]
 [0 2 0 0 0 4 0 0 8]
 [0 0 0 0 9 0 0 0 0]
 [6 0 0 0 0 0 3 4 0]
 [0 0 0 0 0 0 0 0 7]
 [0 1 0 0 4 0 0 2 9]
 [0 0 0 0 1 9 0 0 0]
 [0 0 0 0 0 8 9 0 6]
 [0 9 0 4 0 0 1 8 2]]
Solution:
[[5 0 3 7 8 0 1 4 9]
 [7 2 9 5 4 6 0 0 3]
 [4 1 6 3 9 2 8 7 5]
 [8 0 7 6 3 9 4 2 1]
 [2 9 1 8 7 5 3 0 6]
 [6 3 5 2 1 4 9 8 7]
 [9 5 2 4 0 8 7 1 0]
 [3 4 0 1 6 7 5 9 8]
 [1 7 8 9 5 3 6 0 2]]
Number of cells unfilled: 10
Accuracy: 87.65432098765432
Sample: 26951
Question:
[[8 0 0 0 0 0 0 0 0]
 [0 9 7 5 0 0 0 0 0]
 [0 6 5 0 8 0 0 0 9]
 [0 0 0 0 0 0 0 1 0]
 [5 0 0 6 0 0 0 0 8]
 [0 7 0 0 0 2 3 0 0]
 [0 0 0 9 0 1 0 4 0]
 [0 0 3 0 4 0 0 0 0]
 [9 0 0 7 0 0 0 0 6]]
Solution:
[[5 2 3 7 8 0 1 4 9]
 [7 1 9 5 4 6 2 8 3]
 [4 8 6 3 9 2 0 7 5]
 [8 0 7 6 3 9 4 2 1]
 [2 9 1 8 7 5 3 0 6]
 [0 3 5 2 1 4 9 0 7]
 [6 5 2 4 0 8 7 1 0]
 [3 4 0 1 6 7 5 9 8]
 [1 7 8 9 5 3 6 0 2]]
Number of cells unfilled: 10
Accuracy: 87.65432098765432
Sample: 26952
Question:
[[0 0 0 0 5 0 3 0 0]
 [6 8 0 4 0 0 0 0 0]
 [0 3 5 0 0 9 0 0 0]
 [4 0 0 2 0 1 5 6 0]
 [0 0 0 3 0 0 0 4 7]
 [5 9 0 0 0 0 0 0 0]
 [0 0 0 0 0 0 0 0 0]
 [3 4 9 0 2 0 6 1 0]
 [1 0 0 0 0 0 0 5 2]]
Solution:
[[5 2 3 7 8 0 1 4 9]
 [7 1 9 5 4 6 8 2 3]
 [4 8 6 3 9 2 0 7 5]
 [8 0 7 6 3 9 4 5 1]
 [2 9 1 8 7 5 3 0 6]
 [6 3 5 2 1 4 9 8 7]
 [9 5 2 4 0 8 7 1 0]
 [3 4 0 1 6 7 5 9 8]
 [1 7 8 9 5 3 6 0 2]]
Number of cells unfilled: 8
Accuracy: 90.12345679012346
Sample: 26953
Question:
[[0 0 1 3 0 0 0 5 7]
 [0 0 0 0 6 0 0 3 0]
 [3 0 0 0 0 7 2 0 0]
 [0 4 0 6 0 0 0 0 0]
 [1 0 0 0 0 3 0 0 5]
 [0 0 0 8 1 0 9 0 0]
 [5 0 0 0 0 2 0 9 0]
 [0 1 0 0 0 0 0 0 0]
 [0 8 0 4 0 0 0 0 2]]
Solution:
[[5 2 3 7 8 0 1 4 9]
 [7 1 9 5 4 6 2 8 3]
 [4 8 6 3 9 2 0 7 5]
 [8 0 7 6 3 9 4 5 2]
 [2 9 1 8 7 5 3 0 6]
 [6 3 5 2 1 4 8 9 7]
 [9 5 2 4 0 8 7 1 0]
 [3 4 0 1 6 7 5 0 8]
 [1 7 8 9 5 3 6 2 4]]
Number of cells unfilled: 8
Accuracy: 90.12345679012346
Sample: 26954
Question:
[[0 0 0 0 0 1 0 2 4]
 [4 0 0 0 7 0 3 0 0]
 [0 0 8 0 0 0 0 7 0]
 [2 0 0 0 4 0 0 5 0]
 [0 0 0 1 0 0 2 0 0]
 [0 0 6 9 0 0 0 0 3]
 [5 0 0 0 3 0 0 0 2]
 [0 8 0 6 0 0 5 0 0]
 [0 0 9 5 0 0 0 0 0]]
Solution:
[[5 2 3 7 8 0 1 4 9]
 [7 8 9 5 4 6 2 0 3]
 [4 1 6 3 9 2 8 7 5]
 [8 0 7 6 3 9 4 5 1]
 [2 9 1 8 7 5 3 0 6]
 [6 3 5 2 1 4 9 8 7]
 [9 5 2 4 0 8 7 1 0]
 [3 4 0 1 6 7 5 9 2]
 [1 7 8 9 5 3 6 0 4]]
Number of cells unfilled: 8
Accuracy: 90.12345679012346
Sample: 26955
Question:
[[1 0 8 0 0 0 3 0 6]
 [0 0 0 0 9 0 0 0 0]
 [9 0 0 0 0 0 0 5 0]
 [5 0 4 7 0 0 6 0 0]
 [2 0 0 0 0 0 4 0 0]
 [0 7 3 0 8 5 0 0 0]
 [0 4 0 0 1 0 0 0 0]
 [7 0 0 0 4 0 0 2 0]
 [0 0 0 0 0 6 0 0 1]]
Solution:
[[5 0 3 7 8 0 1 4 9]
 [7 2 9 5 4 6 0 0 3]
 [4 1 6 3 9 2 8 7 5]
 [8 0 7 6 3 9 4 2 1]
 [2 9 1 8 7 5 3 0 6]
 [0 3 5 2 1 4 9 8 7]
 [6 5 2 4 0 8 7 1 0]
 [3 4 0 1 6 7 5 9 8]
 [1 7 8 9 5 3 6 0 2]]
Number of cells unfilled: 11
Accuracy: 86.41975308641975
Sample: 26956
Question:
[[0 0 0 0 0 5 0 0 3]
 [0 0 7 0 8 0 0 6 0]
 [0 0 3 6 2 0 0 4 0]
 [0 3 0 1 0 0 0 0 0]
 [0 4 2 0 6 0 0 8 0]
 [9 0 0 0 0 0 6 0 0]
 [0 0 0 0 0 0 0 2 0]
 [0 2 0 0 7 0 4 0 6]
 [0 0 4 2 0 0 7 0 8]]
Solution:
[[5 2 3 7 8 0 1 4 9]
 [7 8 9 5 4 6 2 0 3]
 [4 1 6 3 9 2 8 7 5]
 [8 0 7 6 3 9 4 5 1]
 [2 9 1 8 7 5 3 0 6]
 [6 3 4 2 1 0 9 8 7]
 [9 5 2 4 0 8 7 1 0]
 [3 4 0 1 6 7 5 9 8]
 [1 7 8 9 5 3 6 0 2]]
Number of cells unfilled: 9
Accuracy: 88.88888888888889
Sample: 26957
Question:
[[1 0 0 0 6 0 2 0 0]
 [0 0 0 0 0 8 0 9 0]
 [0 7 0 4 0 0 0 0 5]
 [0 0 8 0 5 0 0 0 0]
 [0 2 1 0 0 0 0 0 3]
 [6 0 0 1 0 0 4 0 0]
 [3 0 0 6 0 0 0 0 2]
 [0 0 0 0 0 9 0 4 0]
 [0 0 5 0 7 0 6 0 0]]
Solution:
[[5 2 3 7 8 0 1 4 9]
 [7 1 9 5 4 6 8 2 3]
 [4 8 6 3 9 2 0 7 5]
 [8 0 7 6 3 9 4 5 2]
 [2 9 1 8 7 5 3 0 6]
 [6 3 5 2 1 4 9 8 7]
 [9 5 2 4 0 8 7 1 0]
 [3 4 0 1 6 7 5 9 8]
 [1 7 8 9 5 3 6 0 4]]
Number of cells unfilled: 8
Accuracy: 90.12345679012346
Sample: 26958
Question:
[[6 0 4 8 0 0 0 0 5]
 [2 0 0 0 0 0 9 0 0]
 [0 0 7 0 6 0 0 4 2]
 [7 0 6 0 3 0 0 0 0]
 [0 0 0 1 0 0 0 0 0]
 [1 8 3 6 9 0 0 2 0]
 [0 0 0 0 0 0 1 0 0]
 [3 0 0 0 0 1 0 0 6]
 [0 7 0 0 0 0 5 0 0]]
Solution:
[[5 2 3 7 8 0 1 4 9]
 [7 1 9 5 4 6 2 8 3]
 [4 8 6 3 9 2 0 7 5]
 [8 0 7 6 3 9 4 5 2]
 [2 9 1 8 7 5 3 0 6]
 [0 3 5 2 1 4 8 0 7]
 [6 5 2 4 0 8 7 1 0]
 [3 4 0 1 6 7 5 9 8]
 [1 7 8 9 5 3 6 2 4]]
Number of cells unfilled: 9
Accuracy: 88.88888888888889
Sample: 26959
Question:
[[0 0 1 6 2 9 0 0 0]
 [0 9 0 0 0 0 0 3 0]
 [6 0 2 5 0 0 0 0 0]
 [2 0 0 0 0 0 0 0 0]
 [0 0 4 3 7 5 9 2 0]
 [0 0 0 4 1 0 0 0 8]
 [0 0 7 0 0 4 0 1 3]
 [0 0 0 0 3 0 0 0 0]
 [0 8 0 2 0 1 7 0 0]]
Solution:
[[5 2 3 7 8 0 1 4 9]
 [7 8 9 5 4 6 2 0 3]
 [4 1 6 3 9 2 8 7 5]
 [8 0 7 6 3 9 4 5 1]
 [2 9 1 8 7 5 3 0 6]
 [0 3 4 2 1 0 9 8 7]
 [6 5 2 4 0 8 7 1 0]
 [3 4 0 1 6 7 5 9 8]
 [1 7 8 9 5 3 6 2 4]]
Number of cells unfilled: 9
Accuracy: 88.88888888888889
Sample: 26960
Question:
[[5 3 0 0 9 0 0 0 0]
 [6 0 0 8 0 0 0 1 0]
 [0 1 0 0 0 6 4 0 0]
 [0 0 1 0 0 9 0 7 0]
 [0 0 0 7 0 0 0 0 2]
 [0 7 0 0 3 0 8 0 0]
 [2 0 0 0 0 0 0 0 5]
 [0 6 0 0 0 4 0 3 0]
 [0 0 0 9 0 0 7 0 0]]
Solution:
[[5 2 3 7 8 0 1 4 9]
 [7 8 9 5 4 6 2 0 3]
 [4 1 6 3 9 2 8 7 5]
 [8 0 7 6 3 9 4 2 1]
 [2 9 1 8 7 5 3 0 6]
 [6 3 4 2 1 0 9 5 7]
 [9 5 2 4 0 8 7 1 0]
 [3 4 0 1 6 7 5 9 8]
 [1 7 8 9 5 3 6 0 2]]
Number of cells unfilled: 9
Accuracy: 88.88888888888889
Sample: 26961
Question:
[[0 0 0 0 0 0 0 2 0]
 [0 7 0 6 0 0 0 0 0]
 [3 0 0 0 8 0 0 0 5]
 [0 0 0 0 2 0 0 0 3]
 [0 0 0 0 1 0 0 0 0]
 [0 9 0 0 0 0 7 0 0]
 [0 0 0 9 0 4 0 0 0]
 [2 0 0 0 0 0 0 0 6]
 [1 0 0 7 0 0 0 0 0]]
Solution:
[[5 0 3 7 8 0 1 4 2]
 [7 2 9 5 4 6 8 0 3]
 [4 8 6 3 9 2 0 7 5]
 [8 0 7 6 3 0 4 5 1]
 [2 9 1 8 7 5 3 0 6]
 [6 3 5 2 1 9 0 0 7]
 [9 5 2 4 0 8 7 1 0]
 [3 4 0 1 6 7 5 8 9]
 [1 7 8 9 5 3 6 2 4]]
Number of cells unfilled: 12
Accuracy: 85.18518518518519
Sample: 26962
Question:
[[5 2 0 4 0 0 9 0 0]
 [7 0 0 0 0 6 0 3 0]
 [9 0 0 5 0 0 7 0 0]
 [0 5 0 0 3 9 0 0 2]
 [0 0 0 0 0 0 0 7 0]
 [0 0 0 0 0 4 0 0 0]
 [2 4 0 0 0 0 5 0 1]
 [6 0 0 0 0 0 0 9 0]
 [0 0 0 0 2 1 0 0 6]]
Solution:
[[5 2 3 7 8 0 1 4 9]
 [7 8 9 5 4 6 2 0 3]
 [4 1 6 3 9 2 8 7 5]
 [8 0 7 6 3 9 4 5 1]
 [2 9 1 8 7 5 3 0 6]
 [6 3 5 2 1 4 9 8 7]
 [9 5 2 4 0 8 7 1 0]
 [3 4 0 1 6 7 5 9 8]
 [1 7 8 9 5 3 6 0 2]]
Number of cells unfilled: 8
Accuracy: 90.12345679012346
Sample: 26963
Question:
[[0 0 0 0 1 0 0 0 5]
 [0 0 4 9 0 0 0 6 0]
 [0 0 0 0 5 0 0 2 7]
 [4 0 0 0 0 0 0 1 9]
 [0 0 0 0 0 0 0 0 2]
 [0 0 1 3 8 7 0 0 0]
 [0 3 8 6 0 0 0 4 0]
 [0 0 0 0 0 5 0 0 0]
 [6 0 7 0 0 0 0 8 0]]
Solution:
[[5 0 3 7 8 0 1 4 2]
 [7 2 9 5 4 6 0 0 3]
 [4 1 6 3 9 2 8 7 5]
 [8 0 7 6 3 9 4 5 1]
 [2 9 1 8 7 5 3 0 6]
 [0 3 5 2 1 4 9 8 7]
 [6 5 2 4 0 8 7 1 9]
 [3 4 0 1 6 7 5 0 8]
 [1 7 8 9 5 3 6 2 4]]
Number of cells unfilled: 10
Accuracy: 87.65432098765432
Sample: 26964
Question:
[[0 7 0 0 1 0 4 0 0]
 [0 0 8 0 0 0 0 5 0]
 [6 0 0 0 0 0 0 0 9]
 [0 0 9 0 0 0 0 0 8]
 [5 0 0 0 0 0 0 6 0]
 [0 2 0 4 0 0 7 0 0]
 [0 0 0 0 4 0 1 0 0]
 [0 0 0 8 2 0 0 0 0]
 [0 4 0 0 3 1 0 0 0]]
Solution:
[[5 2 3 7 8 0 1 4 9]
 [7 8 9 5 4 6 2 0 3]
 [4 1 6 3 9 2 8 7 5]
 [8 0 7 6 3 9 4 5 2]
 [2 9 1 8 7 5 3 0 6]
 [6 3 4 2 1 0 9 8 7]
 [9 5 2 4 0 8 7 1 0]
 [3 4 0 1 6 7 5 9 8]
 [1 7 8 9 5 3 6 2 4]]
Number of cells unfilled: 8
Accuracy: 90.12345679012346
Sample: 26965
Question:
[[0 0 1 0 0 2 9 0 8]
 [9 0 0 0 1 0 0 4 0]
 [0 3 0 9 0 0 0 0 0]
 [0 0 7 0 5 0 0 0 6]
 [0 0 0 0 4 6 8 0 0]
 [6 0 0 2 0 0 0 1 0]
 [2 0 0 0 0 1 0 6 0]
 [0 9 0 5 0 0 0 0 0]
 [0 7 0 0 0 0 0 0 3]]
Solution:
[[5 0 3 7 8 0 1 4 9]
 [7 2 9 5 4 6 8 0 3]
 [4 8 6 3 9 2 0 7 5]
 [8 0 7 6 3 9 4 5 1]
 [2 9 1 8 7 5 3 0 6]
 [6 3 5 2 1 4 9 8 7]
 [9 5 2 4 0 8 7 1 0]
 [3 4 0 1 6 7 5 9 8]
 [1 7 8 9 5 3 6 2 4]]
Number of cells unfilled: 9
Accuracy: 88.88888888888889
Sample: 26966
Question:
[[0 3 0 0 0 4 7 0 0]
 [0 0 0 2 0 0 0 8 0]
 [0 0 2 0 0 0 9 4 0]
 [0 0 9 0 0 0 0 0 0]
 [0 0 0 1 0 0 0 2 9]
 [0 1 8 0 7 0 4 0 0]
 [3 2 0 0 6 0 0 0 7]
 [9 0 0 0 5 0 0 0 0]
 [0 4 0 9 0 7 0 0 0]]
Solution:
[[5 2 3 7 8 0 1 4 9]
 [7 1 9 5 4 6 2 8 3]
 [4 8 6 3 9 2 0 7 5]
 [8 0 7 6 3 9 4 2 1]
 [2 9 1 8 7 5 3 0 6]
 [6 3 4 2 1 0 9 5 7]
 [9 5 2 4 0 8 7 1 0]
 [3 4 0 1 6 7 5 9 8]
 [1 7 8 9 5 3 6 0 2]]
Number of cells unfilled: 9
Accuracy: 88.88888888888889
Sample: 26967
Question:
[[5 0 0 7 0 0 8 0 0]
 [0 7 2 0 8 0 0 0 0]
 [0 6 0 0 0 9 3 0 1]
 [1 0 7 0 4 0 0 5 0]
 [0 0 0 0 7 3 0 0 0]
 [0 0 0 9 0 0 0 0 0]
 [6 0 0 0 0 0 1 0 0]
 [4 0 0 0 9 5 0 0 0]
 [0 2 1 0 0 8 0 3 0]]
Solution:
[[5 2 3 7 8 0 1 4 9]
 [7 1 9 5 4 6 8 2 3]
 [4 8 6 3 9 2 0 7 5]
 [8 0 7 6 3 0 4 5 1]
 [2 9 1 8 7 5 3 0 6]
 [6 3 5 2 1 9 0 8 7]
 [9 5 2 4 0 8 7 1 0]
 [3 4 0 1 6 7 5 9 2]
 [1 7 8 9 5 3 6 0 4]]
Number of cells unfilled: 10
Accuracy: 87.65432098765432
Sample: 26968
Question:
[[0 5 0 1 0 0 8 0 0]
 [0 0 0 0 6 8 0 9 0]
 [0 0 8 0 0 7 0 0 4]
 [1 0 0 0 9 0 0 4 0]
 [0 0 0 0 0 0 6 0 0]
 [0 0 3 0 0 4 0 1 2]
 [8 7 0 0 0 3 4 0 0]
 [0 0 4 0 0 0 0 0 0]
 [2 3 0 0 0 0 0 0 7]]
Solution:
[[5 2 3 7 8 0 1 4 9]
 [7 8 9 5 4 6 2 0 3]
 [4 1 6 3 9 2 8 7 5]
 [8 0 7 6 3 9 4 5 1]
 [2 9 1 8 7 5 3 0 6]
 [6 3 4 2 1 0 9 8 7]
 [9 5 2 4 0 8 7 1 0]
 [3 4 0 1 6 7 5 9 8]
 [1 7 8 9 5 3 6 2 4]]
Number of cells unfilled: 8
Accuracy: 90.12345679012346
Sample: 26969
Question:
[[0 0 0 0 5 0 0 0 6]
 [0 0 0 1 0 0 0 2 0]
 [9 0 0 0 0 3 8 0 0]
 [0 8 0 0 0 0 7 0 0]
 [0 9 3 0 0 7 0 0 0]
 [7 0 0 4 0 0 0 0 3]
 [8 0 0 0 0 1 4 0 0]
 [0 0 9 0 6 0 0 1 0]
 [0 1 5 2 0 4 0 0 0]]
Solution:
[[5 0 3 7 8 0 1 4 2]
 [7 2 9 5 4 6 0 0 3]
 [4 1 6 3 9 2 8 7 5]
 [8 0 7 6 3 9 4 5 1]
 [2 9 1 8 7 5 3 0 6]
 [0 3 5 2 1 4 9 8 7]
 [6 5 2 4 0 8 7 1 9]
 [3 4 0 1 6 7 5 0 8]
 [1 7 8 9 5 3 6 2 4]]
Number of cells unfilled: 10
Accuracy: 87.65432098765432
Sample: 26970
Question:
[[0 0 0 0 0 0 0 0 0]
 [0 0 0 0 2 4 0 0 6]
 [0 3 7 0 0 0 5 0 0]
 [0 9 0 6 3 0 8 5 0]
 [0 0 0 0 0 2 6 0 0]
 [0 7 5 0 0 0 0 0 4]
 [0 0 0 0 7 1 0 6 0]
 [0 0 8 3 0 6 2 0 7]
 [0 0 9 0 0 0 0 0 0]]
Solution:
[[5 2 3 7 8 0 1 4 9]
 [7 8 9 5 4 6 2 0 3]
 [4 1 6 3 9 2 8 7 5]
 [8 0 7 6 3 9 4 5 1]
 [2 9 1 8 7 5 3 0 6]
 [0 3 5 2 1 4 9 0 8]
 [6 5 2 4 0 8 7 1 0]
 [3 4 0 1 6 7 5 9 2]
 [1 7 8 9 5 3 6 0 4]]
Number of cells unfilled: 10
Accuracy: 87.65432098765432
Sample: 26971
Question:
[[0 4 0 0 0 7 5 0 1]
 [0 0 0 4 0 0 0 3 0]
 [9 0 0 0 0 0 0 0 2]
 [8 6 0 5 0 0 0 0 0]
 [0 0 3 9 0 6 0 0 0]
 [0 5 0 0 7 0 6 0 0]
 [5 0 0 0 0 9 0 2 0]
 [0 0 4 0 1 0 0 0 8]
 [0 9 0 7 0 0 1 0 0]]
Solution:
[[5 0 3 7 8 0 1 4 2]
 [7 2 9 5 4 6 8 0 3]
 [4 1 6 3 9 2 0 7 5]
 [8 0 7 6 3 9 4 5 1]
 [2 9 1 8 7 5 3 0 6]
 [0 3 5 2 1 4 9 8 7]
 [6 5 2 4 0 8 7 1 9]
 [3 4 0 1 6 7 5 0 8]
 [1 7 8 9 5 3 6 2 4]]
Number of cells unfilled: 10
Accuracy: 87.65432098765432
Sample: 26972
Question:
[[1 0 0 3 0 0 0 5 0]
 [0 0 8 7 0 0 6 0 0]
 [0 2 0 0 6 0 0 0 4]
 [5 0 0 2 3 0 9 0 0]
 [0 7 0 0 0 6 0 0 3]
 [0 0 0 0 0 0 1 0 0]
 [6 0 2 0 4 0 0 9 0]
 [8 0 0 0 0 0 0 0 0]
 [0 4 0 6 0 0 0 0 2]]
Solution:
[[5 0 3 7 8 0 1 4 2]
 [7 2 9 5 4 6 8 0 3]
 [4 1 6 3 9 2 0 7 5]
 [8 0 7 6 3 9 4 5 1]
 [2 9 1 8 7 5 3 0 6]
 [0 3 5 2 1 4 9 8 7]
 [6 5 2 4 0 8 7 1 0]
 [3 4 0 1 6 7 5 9 8]
 [1 7 8 9 5 3 6 2 4]]
Number of cells unfilled: 10
Accuracy: 87.65432098765432
Sample: 26973
Question:
[[0 0 0 0 5 0 9 8 0]
 [0 3 2 0 0 0 0 0 0]
 [4 0 0 0 0 0 0 0 6]
 [1 0 6 0 0 0 8 0 3]
 [0 0 0 0 4 3 1 0 0]
 [0 0 0 0 2 0 0 0 0]
 [0 5 0 0 0 4 0 0 1]
 [0 6 7 1 0 0 5 0 0]
 [0 0 0 0 0 8 0 0 0]]
Solution:
[[5 2 3 7 8 0 1 4 9]
 [7 8 9 5 4 6 2 0 3]
 [4 1 6 3 9 2 8 7 5]
 [8 0 7 6 3 0 4 2 1]
 [2 9 1 8 7 5 3 0 6]
 [6 3 4 2 1 9 0 5 7]
 [9 5 2 4 0 8 7 1 0]
 [3 4 0 1 6 7 5 9 2]
 [1 7 8 9 5 3 6 0 4]]
Number of cells unfilled: 10
Accuracy: 87.65432098765432
Sample: 26974
Question:
[[9 3 0 0 2 0 7 0 0]
 [8 0 0 0 0 0 0 9 0]
 [0 0 7 0 0 0 0 0 2]
 [0 0 0 0 0 0 6 0 0]
 [0 0 8 0 3 0 0 2 0]
 [0 4 0 0 0 5 0 0 7]
 [0 0 0 6 0 0 0 0 1]
 [0 0 3 0 9 0 0 7 0]
 [0 1 0 0 0 4 5 0 0]]
Solution:
[[5 0 3 7 8 0 1 4 2]
 [7 2 9 5 4 6 8 0 3]
 [4 8 6 3 9 2 0 7 5]
 [8 0 7 6 3 9 4 5 1]
 [2 9 1 8 7 5 3 0 6]
 [0 3 5 2 1 4 9 8 7]
 [6 5 2 4 0 8 7 1 9]
 [3 4 0 1 6 7 5 0 8]
 [1 7 8 9 5 3 6 2 4]]
Number of cells unfilled: 10
Accuracy: 87.65432098765432
Sample: 26975
Question:
[[0 0 3 0 0 0 0 0 1]
 [0 6 8 4 0 0 0 0 0]
 [0 2 0 0 5 0 0 0 0]
 [0 9 0 2 0 0 1 0 4]
 [0 0 0 0 6 0 2 0 0]
 [0 0 0 0 0 0 3 0 5]
 [4 0 0 0 0 2 7 3 0]
 [0 0 1 0 0 0 5 0 0]
 [3 0 0 0 7 4 0 0 9]]
Solution:
[[5 2 3 7 8 0 1 4 9]
 [7 1 9 5 4 6 8 2 3]
 [4 8 6 3 9 2 0 7 5]
 [8 0 7 6 3 0 4 5 2]
 [2 9 1 8 7 5 3 0 6]
 [6 3 4 2 1 9 0 8 7]
 [9 5 2 4 0 8 7 1 0]
 [3 4 0 1 6 7 5 9 8]
 [1 7 8 9 5 3 6 0 4]]
Number of cells unfilled: 10
Accuracy: 87.65432098765432
Sample: 26976
Question:
[[2 8 0 0 6 4 0 3 0]
 [0 6 5 7 0 0 2 0 1]
 [0 7 0 5 9 0 0 0 0]
 [0 0 2 0 0 5 0 8 4]
 [0 5 0 4 0 6 9 1 0]
 [3 0 0 0 1 0 0 0 7]
 [0 0 6 0 0 0 0 0 9]
 [7 4 0 0 0 0 0 0 3]
 [0 0 1 8 2 0 5 0 0]]
Solution:
[[5 2 3 7 8 0 1 4 9]
 [7 8 9 5 4 6 2 0 3]
 [4 1 6 3 9 2 8 7 5]
 [8 0 7 6 3 9 4 5 2]
 [2 9 1 8 7 5 3 0 6]
 [6 3 4 2 1 0 9 8 7]
 [9 5 2 4 0 8 7 1 0]
 [3 4 0 1 6 7 5 9 8]
 [1 7 8 9 5 3 6 2 4]]
Number of cells unfilled: 8
Accuracy: 90.12345679012346
Sample: 26977
Question:
[[7 0 3 4 0 0 0 0 0]
 [5 0 0 0 0 3 0 0 4]
 [0 4 0 0 9 0 0 0 0]
 [2 0 0 0 8 0 0 3 0]
 [0 3 0 5 0 0 0 0 9]
 [0 0 0 0 0 1 6 0 0]
 [0 5 0 3 0 0 0 0 7]
 [0 0 0 0 0 6 1 0 0]
 [0 0 8 0 2 0 0 0 0]]
Solution:
[[5 0 3 7 8 0 1 4 2]
 [7 2 9 5 4 6 8 0 3]
 [4 8 6 3 9 2 0 7 5]
 [8 0 7 6 3 9 4 5 1]
 [2 9 1 8 7 5 3 0 6]
 [6 3 5 2 1 4 9 8 7]
 [9 5 2 4 0 8 7 1 0]
 [3 4 0 1 6 7 5 9 8]
 [1 7 8 9 5 3 6 2 4]]
Number of cells unfilled: 9
Accuracy: 88.88888888888889
Sample: 26978
Question:
[[0 0 2 0 0 1 0 0 4]
 [0 5 0 2 0 0 0 0 0]
 [1 8 0 0 7 0 0 2 0]
 [9 0 1 5 0 0 0 8 7]
 [0 0 0 0 0 7 9 0 6]
 [0 6 0 0 9 0 0 0 0]
 [0 0 0 0 0 3 0 0 0]
 [0 0 8 7 0 0 0 4 0]
 [0 1 0 0 2 0 0 0 3]]
Solution:
[[5 2 3 7 8 0 1 4 9]
 [7 8 9 5 4 6 2 0 3]
 [4 1 6 3 9 2 8 7 5]
 [8 0 7 6 3 9 4 5 2]
 [2 9 1 8 7 5 3 0 6]
 [0 3 5 2 1 4 9 8 7]
 [6 5 2 4 0 8 7 1 0]
 [3 4 0 1 6 7 5 9 8]
 [1 7 8 9 5 3 6 2 4]]
Number of cells unfilled: 8
Accuracy: 90.12345679012346
Sample: 26979
Question:
[[0 0 5 0 1 0 4 0 0]
 [2 1 0 0 0 0 0 7 0]
 [4 3 0 0 0 0 0 0 0]
 [0 4 0 0 3 0 2 0 0]
 [0 0 0 9 0 0 0 8 0]
 [5 0 0 0 0 6 0 0 0]
 [1 0 0 0 4 0 5 6 0]
 [0 0 0 0 0 7 0 0 8]
 [0 0 0 6 0 0 0 0 3]]
Solution:
[[5 0 3 7 8 0 1 4 2]
 [7 2 9 5 4 6 8 0 3]
 [4 8 6 3 9 2 0 7 5]
 [8 0 7 6 3 9 4 5 1]
 [2 9 1 8 7 5 3 0 6]
 [0 3 5 2 1 4 9 0 8]
 [6 5 2 4 0 8 7 1 9]
 [3 4 0 1 6 7 5 8 0]
 [1 7 8 9 5 3 6 2 4]]
Number of cells unfilled: 11
Accuracy: 86.41975308641975
Sample: 26980
Question:
[[0 0 0 5 0 0 0 0 2]
 [8 0 0 0 4 0 0 1 0]
 [0 2 0 0 0 7 6 0 0]
 [0 0 9 3 0 0 0 0 5]
 [3 0 0 0 0 1 0 6 0]
 [0 8 0 0 2 0 0 0 0]
 [0 0 8 0 9 0 0 3 0]
 [0 3 0 0 0 6 0 0 1]
 [4 0 0 0 0 0 7 0 0]]
Solution:
[[5 2 3 7 8 0 1 4 9]
 [7 1 9 5 4 6 8 2 3]
 [4 8 6 3 9 2 0 7 5]
 [8 0 7 6 3 9 4 0 1]
 [2 9 1 8 7 5 3 0 6]
 [6 3 4 2 1 0 9 5 7]
 [9 5 2 4 0 8 7 1 0]
 [3 4 0 1 6 7 5 9 8]
 [1 7 8 9 5 3 6 0 2]]
Number of cells unfilled: 10
Accuracy: 87.65432098765432
Sample: 26981
Question:
[[0 0 0 0 0 6 1 0 4]
 [0 1 0 0 3 0 0 9 0]
 [5 0 0 0 0 0 0 0 3]
 [6 0 0 8 0 0 0 3 0]
 [0 0 0 0 0 1 0 0 7]
 [0 7 0 0 4 0 9 0 0]
 [0 0 8 0 0 9 0 4 0]
 [7 4 0 0 2 0 0 0 9]
 [0 0 5 0 0 0 2 0 0]]
Solution:
[[5 2 3 7 8 0 1 4 9]
 [7 1 9 5 4 6 8 2 3]
 [4 8 6 3 9 2 0 7 5]
 [8 0 7 6 3 9 4 5 1]
 [2 9 1 8 7 5 3 0 6]
 [0 3 5 2 1 4 9 8 7]
 [6 5 2 4 0 8 7 1 0]
 [3 4 0 1 6 7 5 9 8]
 [1 7 8 9 5 3 6 0 2]]
Number of cells unfilled: 9
Accuracy: 88.88888888888889
Sample: 26982
Question:
[[0 7 0 1 0 0 0 8 0]
 [0 0 0 0 0 6 7 0 3]
 [4 0 0 0 0 0 0 0 1]
 [6 0 0 0 2 0 0 1 0]
 [0 9 0 3 0 0 8 0 0]
 [0 0 0 0 0 7 0 0 9]
 [0 5 2 0 0 8 0 0 0]
 [9 3 0 5 0 0 0 0 8]
 [0 0 4 0 0 0 5 0 0]]
Solution:
[[5 0 3 7 8 0 1 4 2]
 [7 2 9 5 4 6 8 0 3]
 [4 8 6 3 9 2 0 7 5]
 [8 0 7 6 3 9 4 5 1]
 [2 9 1 8 7 5 3 0 6]
 [0 3 5 2 1 4 9 0 7]
 [6 5 2 4 0 8 7 1 0]
 [3 4 0 1 6 7 5 8 9]
 [1 7 8 9 5 3 6 2 4]]
Number of cells unfilled: 11
Accuracy: 86.41975308641975
Sample: 26983
Question:
[[0 0 0 0 4 0 0 0 3]
 [0 9 0 0 0 5 1 0 0]
 [0 0 4 7 0 0 0 6 0]
 [0 5 0 0 0 2 6 8 0]
 [8 0 0 0 3 0 0 2 0]
 [0 0 0 8 0 0 0 0 7]
 [2 0 5 0 0 1 0 0 6]
 [9 0 1 0 0 0 2 0 0]
 [0 6 0 0 0 0 0 0 0]]
Solution:
[[5 2 3 7 8 0 1 4 9]
 [7 8 9 5 4 6 2 0 3]
 [4 1 6 3 9 2 8 7 5]
 [8 0 7 6 3 9 4 0 1]
 [2 9 1 8 7 5 3 0 6]
 [6 3 4 2 1 0 9 5 7]
 [9 5 2 4 0 8 7 1 0]
 [3 4 0 1 6 7 5 9 8]
 [1 7 8 9 5 3 6 2 4]]
Number of cells unfilled: 9
Accuracy: 88.88888888888889
Sample: 26984
Question:
[[8 4 0 3 0 0 0 0 0]
 [0 0 7 0 0 9 0 2 0]
 [0 0 0 0 0 0 8 0 4]
 [0 0 0 6 5 0 0 0 0]
 [5 3 0 0 0 0 0 0 0]
 [0 0 2 0 0 7 0 1 0]
 [0 0 0 2 9 0 0 6 0]
 [0 0 0 0 0 6 7 0 1]
 [0 0 6 0 0 0 0 0 0]]
Solution:
[[5 2 3 7 8 0 1 4 9]
 [7 1 9 5 4 6 8 2 3]
 [4 8 6 3 9 2 0 7 5]
 [8 0 7 6 3 9 4 5 2]
 [2 9 1 8 7 5 3 0 6]
 [6 3 4 2 1 0 9 8 7]
 [9 5 2 4 0 8 7 1 0]
 [3 4 0 1 6 7 5 9 8]
 [1 7 8 9 5 3 6 0 4]]
Number of cells unfilled: 9
Accuracy: 88.88888888888889
Sample: 26985
Question:
[[0 0 0 0 0 8 0 0 3]
 [2 0 1 0 3 0 0 0 6]
 [0 0 0 0 4 0 9 0 0]
 [0 0 0 8 5 0 6 0 4]
 [0 5 0 4 0 3 0 9 0]
 [8 0 0 0 9 6 0 3 0]
 [0 9 0 0 0 0 0 0 0]
 [0 0 0 0 0 0 8 0 5]
 [3 0 0 5 0 0 0 4 0]]
Solution:
[[5 2 3 7 8 0 1 4 9]
 [7 1 9 5 4 6 8 2 3]
 [4 8 6 3 9 2 0 7 5]
 [8 0 7 6 3 9 4 5 1]
 [2 9 1 8 7 5 3 0 6]
 [0 3 5 2 1 4 9 8 7]
 [6 5 2 4 0 8 7 1 0]
 [3 4 0 1 6 7 5 9 8]
 [1 7 8 9 5 3 6 0 2]]
Number of cells unfilled: 9
Accuracy: 88.88888888888889
Sample: 26986
Question:
[[0 0 0 6 7 0 0 8 0]
 [4 0 0 2 0 0 0 6 3]
 [0 8 0 0 0 0 7 0 0]
 [0 0 9 0 0 0 0 0 0]
 [0 0 0 0 0 2 0 7 0]
 [0 0 1 0 6 0 0 0 4]
 [0 2 0 4 0 0 3 0 0]
 [6 0 3 7 0 0 8 4 0]
 [0 0 0 0 8 0 0 2 6]]
Solution:
[[5 2 3 7 8 0 1 4 9]
 [7 1 9 5 4 6 8 2 3]
 [4 8 6 3 9 2 0 7 5]
 [8 0 7 6 3 9 4 5 1]
 [2 9 1 8 7 5 3 0 6]
 [0 3 5 2 1 4 9 8 7]
 [6 5 2 4 0 8 7 1 0]
 [3 4 0 1 6 7 5 9 8]
 [1 7 8 9 5 3 6 0 2]]
Number of cells unfilled: 9
Accuracy: 88.88888888888889
Sample: 26987
Question:
[[0 0 6 0 0 0 7 0 0]
 [5 7 0 4 0 6 0 0 9]
 [3 0 4 0 9 0 0 0 0]
 [0 6 0 3 4 0 0 7 0]
 [4 0 5 0 0 0 6 0 0]
 [0 3 0 0 0 5 0 9 0]
 [9 0 0 8 0 0 4 0 0]
 [0 0 0 2 0 0 0 0 0]
 [0 0 7 0 0 0 0 0 5]]
Solution:
[[5 0 3 7 8 0 1 4 2]
 [7 2 9 5 4 6 8 0 3]
 [4 1 6 3 9 2 0 7 5]
 [8 0 7 6 3 9 4 5 1]
 [2 9 1 8 7 5 3 0 6]
 [0 3 5 2 1 4 9 0 8]
 [6 5 2 4 0 8 7 1 0]
 [3 4 0 1 6 7 5 8 9]
 [1 7 8 9 5 3 6 2 4]]
Number of cells unfilled: 11
Accuracy: 86.41975308641975
Sample: 26988
Question:
[[0 0 6 0 5 9 3 0 0]
 [1 0 0 8 0 3 5 0 0]
 [0 0 0 6 1 0 0 9 8]
 [5 0 0 0 0 0 0 0 0]
 [0 0 3 1 0 0 8 0 0]
 [0 0 0 3 0 0 0 6 1]
 [0 0 0 0 8 0 0 5 0]
 [0 0 0 0 0 6 0 0 3]
 [0 2 7 0 0 0 0 0 9]]
Solution:
[[5 2 3 7 8 0 1 4 9]
 [7 8 9 5 4 6 2 0 3]
 [4 1 6 3 9 2 8 7 5]
 [8 0 7 6 3 9 4 5 1]
 [2 9 1 8 7 5 3 0 6]
 [6 3 4 2 1 0 9 8 7]
 [9 5 2 4 0 8 7 1 0]
 [3 4 0 1 6 7 5 9 8]
 [1 7 8 9 5 3 6 0 2]]
Number of cells unfilled: 9
Accuracy: 88.88888888888889
Sample: 26989
Question:
[[0 0 8 0 7 0 0 6 0]
 [0 0 5 0 9 0 2 0 7]
 [0 9 0 2 0 6 0 0 0]
 [0 0 0 7 0 2 8 0 0]
 [0 5 2 0 0 9 0 0 0]
 [8 0 0 6 5 0 0 9 0]
 [6 0 0 0 0 5 0 0 0]
 [0 0 0 0 0 0 0 0 4]
 [0 2 0 8 0 0 0 0 1]]
Solution:
[[5 0 3 7 8 0 1 4 2]
 [7 2 9 5 4 6 8 0 3]
 [4 1 6 3 9 2 0 7 5]
 [8 0 7 6 3 9 4 5 1]
 [2 9 1 8 7 5 3 0 6]
 [0 3 4 2 1 0 9 0 8]
 [6 5 2 4 0 8 7 1 0]
 [3 4 0 1 6 7 5 8 9]
 [1 7 8 9 5 3 6 2 4]]
Number of cells unfilled: 12
Accuracy: 85.18518518518519
Sample: 26990
Question:
[[0 0 8 9 5 0 2 0 0]
 [0 0 5 0 0 4 1 0 0]
 [4 9 0 0 0 0 0 0 8]
 [0 1 0 0 6 0 0 0 9]
 [2 0 0 0 0 0 0 4 0]
 [0 0 0 0 3 0 0 0 0]
 [0 0 2 0 0 8 0 1 0]
 [8 0 0 0 0 0 9 0 2]
 [9 5 0 1 0 0 4 0 0]]
Solution:
[[5 0 3 7 8 0 1 4 2]
 [7 2 9 5 4 6 8 0 3]
 [4 1 6 3 9 2 0 7 5]
 [8 0 7 6 3 9 4 5 1]
 [2 9 1 8 7 5 3 0 6]
 [6 3 5 2 1 4 9 8 7]
 [9 5 2 4 0 8 7 1 0]
 [3 4 0 1 6 7 5 0 9]
 [1 7 8 9 5 3 6 2 4]]
Number of cells unfilled: 10
Accuracy: 87.65432098765432
Sample: 26991
Question:
[[0 2 0 0 9 0 0 6 0]
 [0 8 0 0 0 0 0 0 0]
 [0 0 0 0 0 1 5 0 0]
 [0 0 7 1 5 0 0 0 0]
 [9 0 0 0 4 6 0 0 0]
 [0 0 0 0 0 7 0 1 6]
 [0 0 0 0 6 5 0 7 0]
 [6 4 0 7 0 9 0 0 1]
 [0 0 5 4 0 0 0 0 9]]
Solution:
[[5 2 3 7 8 0 1 4 9]
 [7 8 9 5 4 6 2 0 3]
 [4 1 6 3 9 2 8 7 5]
 [8 0 7 6 3 9 4 5 1]
 [2 9 1 8 7 5 3 0 6]
 [0 3 5 2 1 4 9 8 7]
 [6 5 2 4 0 8 7 1 0]
 [3 4 0 1 6 7 5 9 8]
 [1 7 8 9 5 3 6 2 4]]
Number of cells unfilled: 8
Accuracy: 90.12345679012346
Sample: 26992
Question:
[[0 6 1 0 7 0 0 3 0]
 [2 0 0 0 1 0 0 9 0]
 [0 0 0 2 0 6 0 0 7]
 [0 0 4 0 0 9 0 0 6]
 [0 0 0 3 0 0 2 0 0]
 [0 0 8 0 0 0 0 0 0]
 [7 0 0 0 3 0 0 0 0]
 [0 0 0 7 9 0 0 6 3]
 [0 9 0 6 0 1 0 2 0]]
Solution:
[[5 0 3 7 8 0 1 4 9]
 [7 2 9 5 4 6 0 0 3]
 [4 1 6 3 9 2 8 7 5]
 [8 0 7 6 3 9 4 2 1]
 [2 9 1 8 7 5 3 0 6]
 [6 3 5 2 1 4 9 0 8]
 [9 5 2 4 0 8 7 1 0]
 [3 4 0 1 6 7 5 9 2]
 [1 7 8 9 5 3 6 0 4]]
Number of cells unfilled: 11
Accuracy: 86.41975308641975
Sample: 26993
Question:
[[1 0 0 0 6 0 8 0 0]
 [0 0 2 0 0 0 0 0 0]
 [0 0 0 8 0 9 0 2 0]
 [0 0 0 6 0 7 9 0 8]
 [9 0 0 0 1 0 0 7 0]
 [0 0 8 0 2 0 6 1 0]
 [5 3 0 7 0 0 0 0 1]
 [0 0 0 1 0 0 0 9 0]
 [0 0 0 0 0 2 0 0 6]]
Solution:
[[5 2 3 7 8 0 1 4 9]
 [7 8 9 5 4 6 2 0 3]
 [4 1 6 3 9 2 8 7 5]
 [8 0 7 6 3 9 4 2 1]
 [2 9 1 8 7 5 3 0 6]
 [0 3 5 2 1 4 9 0 7]
 [6 5 2 4 0 8 7 1 0]
 [3 4 0 1 6 7 5 8 2]
 [1 7 8 9 5 3 6 0 4]]
Number of cells unfilled: 10
Accuracy: 87.65432098765432
Sample: 26994
Question:
[[1 0 0 0 8 5 0 7 0]
 [0 0 0 0 9 0 0 0 6]
 [0 8 9 6 0 0 0 0 0]
 [0 2 0 0 0 0 0 0 0]
 [0 0 0 0 6 0 7 0 0]
 [0 3 0 0 0 1 0 0 8]
 [0 0 0 0 7 8 0 0 9]
 [0 0 7 5 0 0 0 1 0]
 [8 5 0 9 1 0 0 6 0]]
Solution:
[[5 0 3 7 8 0 1 4 9]
 [7 2 9 5 4 6 8 0 3]
 [4 8 6 3 9 2 0 7 5]
 [8 0 7 6 3 9 4 5 1]
 [2 9 1 8 7 5 3 0 6]
 [0 3 5 2 1 4 9 8 7]
 [6 5 2 4 0 8 7 1 0]
 [3 4 0 1 6 7 5 9 8]
 [1 7 8 9 5 3 6 2 4]]
Number of cells unfilled: 10
Accuracy: 87.65432098765432
Sample: 26995
Question:
[[2 0 1 9 0 0 5 0 0]
 [0 4 0 2 0 0 6 0 0]
 [0 0 0 0 4 1 0 9 0]
 [0 0 0 0 9 0 0 5 0]
 [1 9 0 5 0 0 0 0 6]
 [0 0 6 0 1 2 4 0 0]
 [7 0 0 0 0 0 0 0 0]
 [3 0 0 0 0 6 0 1 0]
 [0 0 0 0 5 0 0 0 4]]
Solution:
[[5 2 3 7 8 0 1 4 9]
 [7 1 9 5 4 6 2 8 3]
 [4 8 6 3 9 2 0 7 5]
 [8 0 7 6 3 9 4 2 1]
 [2 9 1 8 7 5 3 0 6]
 [0 3 5 2 1 4 9 0 7]
 [6 5 2 4 0 8 7 1 0]
 [3 4 0 1 6 7 5 9 8]
 [1 7 8 9 5 3 6 0 2]]
Number of cells unfilled: 10
Accuracy: 87.65432098765432
Sample: 26996
Question:
[[3 0 0 8 0 0 0 0 0]
 [0 0 0 0 3 1 0 8 4]
 [0 0 0 4 0 6 7 0 0]
 [4 0 0 0 0 7 0 0 5]
 [0 0 0 0 0 0 0 0 2]
 [0 1 0 3 0 0 0 0 0]
 [0 0 7 0 6 0 0 1 0]
 [8 0 0 1 0 4 0 0 0]
 [0 0 3 7 8 0 4 0 6]]
Solution:
[[5 2 3 7 8 0 1 4 9]
 [7 1 9 5 4 6 8 2 3]
 [4 8 6 3 9 2 0 7 5]
 [8 0 7 6 3 9 4 5 1]
 [2 9 1 8 7 5 3 0 6]
 [0 3 5 2 1 4 9 8 7]
 [6 5 2 4 0 8 7 1 0]
 [3 4 0 1 6 7 5 9 8]
 [1 7 8 9 5 3 6 0 2]]
Number of cells unfilled: 9
Accuracy: 88.88888888888889
Sample: 26997
Question:
[[3 6 0 9 0 0 5 2 0]
 [2 9 0 0 5 0 3 0 0]
 [0 0 5 0 0 0 0 0 0]
 [0 0 0 1 0 0 0 0 7]
 [0 0 6 0 2 7 9 1 0]
 [1 0 0 4 0 0 0 3 0]
 [6 0 0 0 0 0 0 0 0]
 [0 8 0 0 0 0 0 0 0]
 [0 0 2 0 3 0 7 6 0]]
Solution:
[[5 2 3 7 8 0 1 4 9]
 [7 1 9 5 4 6 8 2 3]
 [4 8 6 3 9 2 0 7 5]
 [8 0 7 6 3 9 4 5 1]
 [2 9 1 8 7 5 3 0 6]
 [6 3 5 2 1 4 9 0 8]
 [9 5 2 4 0 8 7 1 0]
 [3 4 0 1 6 7 5 8 0]
 [1 7 8 9 5 3 6 0 2]]
Number of cells unfilled: 10
Accuracy: 87.65432098765432
Sample: 26998
Question:
[[0 0 0 0 0 0 0 0 0]
 [0 0 0 6 1 0 0 4 0]
 [0 0 8 3 0 9 0 0 1]
 [0 8 0 0 0 0 0 0 0]
 [7 0 0 1 0 8 0 0 9]
 [0 0 1 0 3 0 2 0 0]
 [3 0 7 0 6 0 0 0 0]
 [0 1 0 9 0 3 0 0 7]
 [0 0 9 0 0 0 0 5 0]]
Solution:
[[5 0 3 7 8 0 1 4 9]
 [7 2 9 5 4 6 8 0 3]
 [4 1 6 3 9 2 0 7 5]
 [8 0 7 6 3 9 4 5 1]
 [2 9 1 8 7 5 3 0 6]
 [6 3 5 2 1 4 9 0 8]
 [9 5 2 4 0 8 7 1 0]
 [3 4 0 1 6 7 5 8 2]
 [1 7 8 9 5 3 6 0 4]]
Number of cells unfilled: 11
Accuracy: 86.41975308641975
Sample: 26999
Question:
[[0 2 0 7 0 0 8 5 0]
 [0 0 0 0 4 0 1 0 7]
 [0 0 0 0 0 0 0 0 0]
 [0 7 0 0 0 3 0 0 8]
 [0 0 2 0 0 0 0 0 0]
 [6 0 0 5 0 0 7 2 0]
 [8 6 0 0 0 0 0 0 1]
 [0 0 7 6 0 0 5 0 0]
 [0 5 0 0 9 0 0 7 0]]
Solution:
[[5 2 3 7 8 0 1 4 9]
 [7 8 9 5 4 6 2 0 3]
 [4 1 6 3 9 2 8 7 5]
 [8 0 7 6 3 9 4 5 1]
 [2 9 1 8 7 5 3 0 6]
 [0 3 5 2 1 4 9 8 7]
 [6 5 2 4 0 8 7 1 0]
 [3 4 0 1 6 7 5 9 8]
 [1 7 8 9 5 3 6 0 2]]
Number of cells unfilled: 9
Accuracy: 88.88888888888889
Sample: 27000
Question:
[[5 0 0 0 8 0 1 0 0]
 [0 0 9 0 0 0 0 0 0]
 [0 0 0 0 0 2 0 7 0]
 [8 0 0 6 0 0 0 0 0]
 [0 0 1 8 0 5 3 0 0]
 [0 3 0 0 1 0 0 0 0]
 [0 5 0 4 0 0 0 1 0]
 [3 4 0 0 6 0 5 0 0]
 [1 0 0 0 5 0 6 0 0]]
Solution:
[[5 0 3 7 8 0 1 4 9]
 [7 2 9 5 4 6 8 0 3]
 [4 8 6 3 9 2 0 7 5]
 [8 0 7 6 3 0 4 0 2]
 [2 9 1 8 7 5 3 0 6]
 [6 3 4 2 1 9 0 5 7]
 [9 5 2 4 0 8 7 1 0]
 [3 4 0 1 6 7 5 9 8]
 [1 7 8 9 5 3 6 2 4]]
Number of cells unfilled: 12
Accuracy: 85.18518518518519
