2025-10-22 14:11:57.810180: I tensorflow/core/util/port.cc:153] oneDNN custom operations are on. You may see slightly different numerical results due to floating-point round-off errors from different computation orders. To turn them off, set the environment variable `TF_ENABLE_ONEDNN_OPTS=0`.
2025-10-22 14:11:58.608572: I tensorflow/core/platform/cpu_feature_guard.cc:210] This TensorFlow binary is optimized to use available CPU instructions in performance-critical operations.
To enable the following instructions: AVX2 AVX512F AVX512_VNNI FMA, in other operations, rebuild TensorFlow with the appropriate compiler flags.
2025-10-22 14:12:02.726334: I tensorflow/core/util/port.cc:153] oneDNN custom operations are on. You may see slightly different numerical results due to floating-point round-off errors from different computation orders. To turn them off, set the environment variable `TF_ENABLE_ONEDNN_OPTS=0`.
2025-10-22 14:12:08.655251: E external/local_xla/xla/stream_executor/cuda/cuda_platform.cc:51] failed call to cuInit: INTERNAL: CUDA error: Failed call to cuInit: UNKNOWN ERROR (303)
Sample: 29201
Question:
[[6 0 0 0 0 1 0 0 0]
 [0 0 0 0 2 0 9 0 0]
 [0 0 4 0 0 0 0 1 0]
 [0 4 0 0 0 0 0 9 0]
 [8 0 1 3 0 0 2 0 0]
 [0 0 2 0 5 0 0 0 0]
 [0 9 0 0 0 6 0 2 0]
 [0 2 0 0 0 5 0 4 0]
 [0 0 5 2 7 0 1 0 0]]
Solution:
[[8 3 5 6 7 1 4 2 0]
 [9 1 7 0 4 2 0 8 3]
 [2 0 4 3 5 8 6 9 1]
 [4 8 1 9 6 7 5 3 0]
 [5 9 2 0 3 4 7 0 6]
 [3 7 6 1 8 5 2 4 9]
 [6 4 3 8 0 9 0 1 2]
 [0 0 8 5 1 6 3 7 4]
 [1 2 9 4 0 3 8 6 5]]
Number of cells unfilled: 12
Accuracy: 85.18518518518519
Sample: 29202
Question:
[[6 0 0 0 0 2 0 4 0]
 [0 4 0 8 0 6 0 0 0]
 [0 0 1 0 4 0 0 0 0]
 [0 0 0 0 0 7 0 0 5]
 [0 0 0 6 0 0 9 0 0]
 [0 1 0 0 8 0 0 6 0]
 [0 0 0 9 0 0 3 0 6]
 [0 6 0 0 1 0 0 2 0]
 [0 8 0 0 0 0 0 9 0]]
Solution:
[[8 3 5 6 7 1 4 2 0]
 [9 1 7 0 4 2 0 8 3]
 [2 0 4 3 5 8 6 9 1]
 [4 8 1 9 6 7 5 3 0]
 [5 9 2 0 3 4 7 0 6]
 [3 7 6 1 8 5 2 4 9]
 [6 5 3 7 2 9 0 1 0]
 [0 0 8 5 1 6 3 7 4]
 [1 2 9 4 0 3 8 6 5]]
Number of cells unfilled: 12
Accuracy: 85.18518518518519
Sample: 29203
Question:
[[7 0 0 4 0 0 0 0 0]
 [0 0 0 0 0 5 0 9 0]
 [0 5 0 0 7 0 0 0 6]
 [0 6 0 0 0 0 4 0 0]
 [0 3 0 0 0 9 7 0 0]
 [1 0 7 5 0 0 0 3 0]
 [0 0 8 7 0 0 0 5 2]
 [0 0 0 0 0 4 9 0 0]
 [3 0 0 0 0 0 0 7 0]]
Solution:
[[8 3 5 6 7 1 4 2 0]
 [9 1 7 0 4 2 0 8 3]
 [2 0 4 3 9 8 6 5 1]
 [4 8 1 2 6 7 5 3 0]
 [5 9 2 0 3 4 7 0 6]
 [3 7 6 1 8 5 2 4 9]
 [6 5 3 7 0 9 0 1 2]
 [0 0 8 5 1 6 3 7 4]
 [1 2 9 4 0 3 8 6 5]]
Number of cells unfilled: 12
Accuracy: 85.18518518518519
Sample: 29204
Question:
[[8 0 0 0 4 0 7 0 0]
 [0 0 3 0 0 0 0 0 0]
 [0 4 0 5 0 0 0 0 1]
 [0 3 0 1 0 0 0 0 4]
 [4 0 6 0 0 0 0 3 0]
 [0 9 0 0 0 0 0 0 5]
 [0 0 0 2 0 0 0 1 0]
 [0 0 4 0 5 0 0 0 2]
 [0 2 0 0 0 4 9 0 0]]
Solution:
[[8 3 5 6 7 1 4 2 0]
 [9 1 7 0 4 2 0 8 3]
 [2 0 4 3 5 0 6 9 1]
 [4 8 1 2 6 7 5 3 0]
 [5 9 2 0 3 4 7 0 6]
 [3 7 6 1 8 5 2 4 9]
 [0 5 3 7 0 9 0 1 2]
 [6 0 0 5 1 8 3 7 4]
 [7 2 9 4 0 3 8 6 5]]
Number of cells unfilled: 14
Accuracy: 82.71604938271605
Sample: 29205
Question:
[[8 0 2 0 0 0 0 0 1]
 [0 0 0 0 0 0 3 0 0]
 [7 0 0 1 0 0 0 8 0]
 [5 0 1 0 0 6 8 0 0]
 [0 2 0 8 0 0 0 0 3]
 [0 0 8 0 4 0 0 0 0]
 [0 3 0 7 0 0 0 0 0]
 [0 0 0 4 0 0 0 0 2]
 [0 0 4 0 9 8 1 0 0]]
Solution:
[[8 3 5 6 7 1 4 2 0]
 [9 1 7 0 4 2 0 8 3]
 [2 0 4 3 9 8 6 5 1]
 [4 8 1 2 6 7 5 3 0]
 [5 9 2 0 3 4 7 0 6]
 [3 7 6 1 8 5 2 4 9]
 [6 4 3 7 0 9 0 1 2]
 [0 0 8 5 1 6 3 7 4]
 [1 2 9 4 0 3 8 6 5]]
Number of cells unfilled: 12
Accuracy: 85.18518518518519
Sample: 29206
Question:
[[0 0 0 0 0 0 1 0 0]
 [0 0 0 2 0 0 0 7 3]
 [0 0 0 0 0 5 0 4 0]
 [2 3 0 5 0 6 8 0 0]
 [0 0 4 3 7 9 0 0 0]
 [0 0 0 0 0 0 0 0 0]
 [3 0 0 7 0 0 0 9 0]
 [7 0 1 0 0 0 0 0 5]
 [0 4 0 0 8 0 0 0 2]]
Solution:
[[8 3 5 6 7 1 9 2 0]
 [9 1 7 0 4 2 0 8 3]
 [2 0 4 3 9 8 6 5 1]
 [4 8 1 9 6 7 5 3 0]
 [5 9 2 0 3 4 7 0 6]
 [3 7 6 1 8 5 2 4 9]
 [7 4 3 8 2 9 0 1 0]
 [0 0 8 5 1 6 3 7 4]
 [1 2 9 4 0 3 8 6 5]]
Number of cells unfilled: 12
Accuracy: 85.18518518518519
Sample: 29207
Question:
[[4 0 0 6 0 0 0 0 3]
 [3 0 0 0 0 0 9 0 0]
 [0 0 1 0 0 9 0 6 0]
 [0 0 0 0 2 0 0 9 0]
 [0 0 8 0 0 1 0 0 0]
 [0 7 0 5 0 0 0 0 6]
 [0 0 0 0 8 0 0 2 0]
 [7 0 0 4 0 0 6 0 0]
 [0 3 0 0 0 0 5 0 4]]
Solution:
[[8 3 5 6 7 1 9 2 0]
 [9 1 7 0 4 2 0 8 3]
 [2 0 4 3 9 8 6 5 1]
 [4 8 1 2 6 7 5 3 9]
 [5 9 2 0 3 4 7 0 6]
 [3 7 6 1 8 5 2 4 0]
 [7 4 3 8 0 9 0 1 2]
 [0 0 8 5 1 6 3 7 4]
 [1 2 9 4 0 3 8 6 5]]
Number of cells unfilled: 12
Accuracy: 85.18518518518519
Sample: 29208
Question:
[[0 4 9 0 0 0 1 0 0]
 [0 3 7 5 0 4 8 0 0]
 [0 5 0 2 1 0 0 9 0]
 [0 0 8 0 0 9 7 6 1]
 [0 0 0 6 0 2 0 0 0]
 [0 0 0 7 0 0 0 5 3]
 [0 8 1 0 0 0 0 0 7]
 [0 0 2 0 7 5 0 4 0]
 [6 0 0 3 4 0 9 0 0]]
Solution:
[[8 3 5 6 7 1 4 2 0]
 [9 1 7 0 4 2 0 8 3]
 [2 0 4 3 5 8 6 9 1]
 [4 8 1 9 6 7 5 3 0]
 [5 9 2 0 3 4 7 0 6]
 [3 7 6 1 8 5 2 4 9]
 [6 5 3 7 0 9 0 1 2]
 [0 0 8 5 1 6 3 7 4]
 [1 2 9 4 0 3 8 6 5]]
Number of cells unfilled: 12
Accuracy: 85.18518518518519
Sample: 29209
Question:
[[0 0 1 0 0 0 0 0 0]
 [0 3 0 0 0 0 0 0 1]
 [9 0 0 0 4 0 0 7 0]
 [0 0 0 0 7 2 5 0 0]
 [7 0 0 0 8 0 0 9 0]
 [0 2 5 3 0 0 0 0 0]
 [0 0 0 7 0 4 0 6 0]
 [6 0 0 0 0 0 0 0 0]
 [0 0 0 0 6 0 8 0 9]]
Solution:
[[8 3 5 6 7 1 4 2 0]
 [9 1 7 0 4 2 0 8 3]
 [2 0 4 3 9 8 6 5 1]
 [4 8 1 2 6 7 5 3 9]
 [5 9 2 0 3 4 7 0 6]
 [3 7 6 1 8 5 2 4 0]
 [6 5 3 8 0 9 0 1 2]
 [0 0 8 5 1 6 3 7 4]
 [7 2 9 4 0 3 8 6 5]]
Number of cells unfilled: 12
Accuracy: 85.18518518518519
Sample: 29210
Question:
[[0 8 0 0 0 0 2 0 0]
 [6 0 0 0 1 0 0 9 0]
 [0 0 0 0 0 4 0 0 3]
 [7 6 0 0 0 0 0 0 5]
 [1 9 0 0 0 0 3 0 0]
 [0 0 8 0 6 0 0 1 0]
 [0 0 0 0 0 2 0 0 4]
 [0 1 0 0 9 0 0 7 0]
 [8 0 0 5 0 0 0 0 0]]
Solution:
[[8 3 5 6 7 1 4 2 0]
 [9 1 7 0 4 2 0 8 3]
 [2 0 4 3 9 8 6 5 1]
 [4 8 1 9 6 7 5 3 0]
 [5 9 2 0 3 4 7 0 6]
 [3 7 6 1 8 5 2 4 9]
 [6 5 3 8 2 9 0 1 0]
 [0 0 8 5 1 6 3 7 4]
 [1 2 9 4 0 3 8 6 5]]
Number of cells unfilled: 12
Accuracy: 85.18518518518519
Sample: 29211
Question:
[[0 0 3 0 0 7 8 0 0]
 [0 5 0 1 0 0 0 2 0]
 [7 0 0 0 0 0 0 0 0]
 [0 0 0 9 0 0 1 0 0]
 [0 0 0 0 0 2 0 5 0]
 [0 2 0 0 5 0 4 0 9]
 [0 0 0 0 0 6 0 0 0]
 [8 0 6 0 0 0 0 0 3]
 [0 4 0 2 0 0 0 1 0]]
Solution:
[[8 3 5 6 7 1 9 2 0]
 [9 1 7 0 4 2 0 8 3]
 [2 0 4 3 5 8 6 0 1]
 [4 8 1 2 6 7 5 3 9]
 [5 9 2 0 3 4 7 0 6]
 [3 7 6 1 8 5 2 4 0]
 [6 5 3 7 2 9 0 1 0]
 [0 0 8 5 1 6 3 7 4]
 [1 2 9 4 0 3 8 6 5]]
Number of cells unfilled: 13
Accuracy: 83.9506172839506
Sample: 29212
Question:
[[0 0 0 0 4 0 0 0 0]
 [0 0 8 0 0 5 2 0 9]
 [0 0 0 9 0 0 0 0 0]
 [0 7 0 0 0 8 5 0 0]
 [8 0 2 0 0 0 0 9 6]
 [0 0 3 0 0 0 0 0 7]
 [0 0 5 1 7 0 0 0 3]
 [0 3 7 0 0 0 0 6 0]
 [2 0 0 0 0 3 7 0 5]]
Solution:
[[8 3 5 6 7 1 4 2 0]
 [9 1 7 0 4 2 0 8 3]
 [2 0 4 3 9 8 6 5 1]
 [4 8 1 2 6 7 5 3 0]
 [5 9 2 0 3 4 7 0 6]
 [3 7 6 1 8 5 2 4 9]
 [7 4 3 8 0 9 0 1 2]
 [0 0 8 5 1 6 3 7 4]
 [1 2 9 4 0 3 8 6 5]]
Number of cells unfilled: 12
Accuracy: 85.18518518518519
Sample: 29213
Question:
[[0 9 0 0 0 0 0 1 0]
 [6 5 0 0 1 4 2 0 0]
 [0 8 2 0 0 0 0 3 0]
 [0 0 0 6 4 0 0 0 0]
 [0 0 0 0 0 1 3 0 5]
 [7 4 0 0 5 2 0 0 0]
 [0 1 0 0 0 0 6 0 9]
 [0 0 6 0 0 9 0 0 0]
 [0 0 0 1 0 0 0 0 7]]
Solution:
[[8 3 5 6 7 1 4 2 0]
 [9 1 7 0 4 2 0 8 3]
 [2 0 4 3 5 0 6 9 1]
 [4 8 1 2 6 7 5 3 0]
 [5 9 2 0 3 4 7 0 6]
 [3 7 6 1 8 5 2 4 9]
 [7 5 3 0 0 9 0 1 2]
 [6 0 0 5 1 8 3 7 4]
 [1 2 9 4 0 3 8 6 5]]
Number of cells unfilled: 14
Accuracy: 82.71604938271605
Sample: 29214
Question:
[[4 0 0 0 0 0 0 0 0]
 [7 6 0 1 0 3 0 0 0]
 [0 0 9 0 2 0 5 0 0]
 [0 0 0 0 0 0 7 0 0]
 [8 0 0 0 7 0 0 2 9]
 [0 0 7 0 0 0 0 5 8]
 [0 0 8 0 9 0 2 0 0]
 [0 0 0 6 0 0 0 0 3]
 [0 1 0 0 0 4 0 0 0]]
Solution:
[[8 3 5 6 7 1 9 2 0]
 [9 1 7 0 4 2 0 8 3]
 [2 0 4 3 5 8 6 0 1]
 [4 8 1 2 6 7 5 3 0]
 [5 9 2 0 3 4 7 0 6]
 [3 7 6 1 8 5 2 4 9]
 [6 4 3 7 0 9 0 1 2]
 [0 0 8 5 1 6 3 7 4]
 [7 2 9 4 0 3 8 6 5]]
Number of cells unfilled: 13
Accuracy: 83.9506172839506
Sample: 29215
Question:
[[1 0 0 0 0 0 0 8 4]
 [0 5 3 0 0 0 0 0 0]
 [7 0 0 2 0 0 5 0 0]
 [0 7 0 0 2 0 9 0 0]
 [9 0 0 0 0 6 0 1 0]
 [0 0 5 9 0 0 0 0 6]
 [0 0 0 0 4 0 0 0 7]
 [0 8 0 0 0 3 0 0 0]
 [5 0 0 1 0 0 6 0 0]]
Solution:
[[8 3 5 6 7 1 4 2 0]
 [9 1 7 0 4 2 0 8 3]
 [2 0 4 3 5 0 6 9 1]
 [4 8 1 9 6 7 5 3 0]
 [5 9 2 0 3 4 7 0 6]
 [3 7 6 1 8 5 2 4 9]
 [0 4 3 7 2 9 0 1 0]
 [6 0 0 5 1 8 3 7 4]
 [7 2 9 4 0 3 8 6 5]]
Number of cells unfilled: 14
Accuracy: 82.71604938271605
Sample: 29216
Question:
[[0 0 0 0 0 0 3 0 0]
 [0 5 0 7 3 8 0 9 0]
 [0 0 0 5 0 0 0 2 4]
 [0 0 0 2 0 5 0 0 0]
 [0 0 0 0 8 0 5 0 0]
 [0 0 0 6 0 7 0 8 0]
 [0 3 0 9 0 2 6 0 0]
 [9 1 0 0 0 0 8 4 0]
 [0 4 2 0 0 0 0 0 0]]
Solution:
[[8 3 5 6 7 1 4 2 0]
 [9 1 7 0 4 2 0 8 3]
 [2 0 4 3 9 0 6 5 1]
 [4 8 1 2 6 7 5 3 9]
 [5 9 2 0 3 4 7 0 6]
 [3 7 6 1 8 5 2 4 0]
 [7 4 3 0 2 9 0 1 0]
 [6 0 0 5 1 8 3 7 4]
 [1 2 9 4 0 3 8 6 5]]
Number of cells unfilled: 14
Accuracy: 82.71604938271605
Sample: 29217
Question:
[[0 0 0 0 0 1 0 5 2]
 [0 0 1 0 2 0 0 0 0]
 [7 2 0 8 0 0 4 0 0]
 [0 0 6 0 0 0 0 7 0]
 [4 7 0 1 0 0 0 0 5]
 [0 0 0 0 3 0 0 0 0]
 [1 8 0 5 0 0 0 2 0]
 [0 0 0 0 0 9 0 0 8]
 [0 5 0 0 0 0 0 0 4]]
Solution:
[[8 3 5 6 7 1 9 2 0]
 [9 1 7 0 4 2 0 8 3]
 [2 0 4 3 9 0 6 5 1]
 [4 8 1 2 6 7 5 3 9]
 [5 9 2 0 3 4 7 0 6]
 [3 7 6 1 8 5 2 4 0]
 [0 4 3 7 0 9 0 1 2]
 [6 0 0 5 1 8 3 7 4]
 [7 2 9 4 0 3 8 6 5]]
Number of cells unfilled: 14
Accuracy: 82.71604938271605
Sample: 29218
Question:
[[4 0 0 0 0 7 0 0 0]
 [0 6 3 0 0 0 0 0 5]
 [1 5 0 8 3 0 0 0 0]
 [0 0 0 0 0 2 8 0 4]
 [0 8 0 0 0 0 5 7 0]
 [6 0 0 0 0 0 9 0 0]
 [0 1 0 0 4 0 0 0 8]
 [0 0 0 0 0 9 0 6 1]
 [2 0 0 3 0 0 0 0 0]]
Solution:
[[8 3 5 6 7 1 4 2 0]
 [9 1 7 0 4 2 0 8 3]
 [2 0 4 3 5 0 6 9 1]
 [4 8 1 9 6 7 5 3 0]
 [5 9 2 0 3 4 7 0 6]
 [3 7 6 1 8 5 2 4 9]
 [7 4 3 0 0 9 0 1 2]
 [6 0 0 5 1 8 3 7 4]
 [1 2 9 4 0 3 8 6 5]]
Number of cells unfilled: 14
Accuracy: 82.71604938271605
Sample: 29219
Question:
[[0 8 3 0 0 0 0 0 4]
 [7 0 0 0 0 5 0 0 0]
 [0 0 0 6 1 0 8 0 0]
 [0 5 0 0 0 6 0 3 0]
 [0 0 4 1 0 9 0 5 7]
 [0 0 0 0 4 0 0 0 9]
 [0 0 2 7 0 0 0 0 0]
 [0 0 0 0 6 3 0 2 0]
 [0 0 0 0 0 8 7 0 0]]
Solution:
[[8 3 5 6 7 1 9 2 0]
 [9 1 7 0 4 2 0 8 3]
 [2 0 4 3 9 8 6 5 1]
 [4 8 1 9 6 7 5 3 0]
 [5 9 2 0 3 4 7 0 6]
 [3 7 6 1 8 5 2 4 9]
 [6 5 3 7 0 9 0 1 2]
 [0 0 8 5 1 6 3 7 4]
 [7 2 9 4 0 3 8 6 5]]
Number of cells unfilled: 12
Accuracy: 85.18518518518519
Sample: 29220
Question:
[[7 0 0 0 9 0 0 0 0]
 [0 0 0 2 0 0 0 4 0]
 [0 8 0 0 0 6 5 0 0]
 [3 1 0 0 0 4 0 6 0]
 [0 0 8 1 0 0 2 0 0]
 [5 0 0 0 0 0 0 0 1]
 [0 6 0 8 0 0 3 0 0]
 [0 0 5 0 0 3 0 2 0]
 [0 0 0 0 7 0 0 0 9]]
Solution:
[[8 3 5 6 7 1 9 2 0]
 [9 1 7 0 4 2 0 8 3]
 [2 0 4 3 9 8 6 5 1]
 [4 8 1 2 6 7 5 3 0]
 [5 9 2 0 3 4 7 0 6]
 [3 7 6 1 8 5 2 4 9]
 [6 4 3 8 2 9 0 1 0]
 [0 0 8 5 1 6 3 7 4]
 [7 2 9 4 0 3 8 6 5]]
Number of cells unfilled: 12
Accuracy: 85.18518518518519
Sample: 29221
Question:
[[7 0 0 0 0 0 0 0 8]
 [0 0 9 0 7 0 0 1 0]
 [6 0 1 5 4 0 0 9 0]
 [0 0 0 0 0 7 5 0 0]
 [0 0 4 0 9 0 0 2 0]
 [1 0 0 3 0 0 0 0 0]
 [0 0 6 0 0 0 0 0 0]
 [2 1 0 0 0 9 0 6 0]
 [4 9 0 0 6 0 1 0 0]]
Solution:
[[8 3 5 6 7 1 4 2 0]
 [9 1 7 0 4 2 0 8 3]
 [2 0 4 3 5 8 6 9 1]
 [4 8 1 9 6 7 5 3 0]
 [5 9 2 0 3 4 7 0 6]
 [3 7 6 1 8 5 2 4 9]
 [6 4 3 7 2 9 0 1 0]
 [0 0 8 5 1 6 3 7 4]
 [1 2 9 4 0 3 8 6 5]]
Number of cells unfilled: 12
Accuracy: 85.18518518518519
Sample: 29222
Question:
[[0 0 8 0 0 3 5 0 0]
 [0 3 5 0 6 4 9 0 0]
 [0 1 0 0 9 8 4 0 7]
 [0 0 4 0 0 0 0 0 0]
 [0 0 0 0 4 9 0 7 0]
 [9 0 3 2 7 6 0 0 4]
 [0 6 9 0 1 0 0 0 0]
 [1 0 0 0 0 7 0 0 0]
 [0 0 0 0 0 0 0 0 1]]
Solution:
[[8 3 5 6 7 1 9 2 0]
 [9 1 7 0 4 2 0 8 3]
 [2 0 4 3 9 0 6 5 1]
 [4 8 1 9 6 7 5 3 0]
 [5 9 2 0 3 4 7 0 6]
 [3 7 6 1 8 5 2 4 9]
 [7 4 3 0 2 9 0 1 0]
 [6 0 0 5 1 8 3 7 4]
 [1 2 9 4 0 3 8 6 5]]
Number of cells unfilled: 14
Accuracy: 82.71604938271605
Sample: 29223
Question:
[[0 0 3 0 5 0 2 1 0]
 [9 0 0 0 0 0 8 0 0]
 [0 1 0 0 0 8 0 0 7]
 [4 0 0 7 0 0 5 0 0]
 [0 0 9 0 0 6 0 0 0]
 [0 7 0 0 8 0 0 0 2]
 [0 6 0 8 0 0 0 0 5]
 [0 0 0 0 0 0 4 0 1]
 [0 0 0 0 1 2 0 3 0]]
Solution:
[[8 3 5 6 7 1 9 2 0]
 [9 1 7 0 4 2 0 8 3]
 [2 0 4 3 5 8 6 0 1]
 [4 8 1 9 6 7 5 3 0]
 [5 9 2 0 3 4 7 0 6]
 [3 7 6 1 8 5 2 4 9]
 [6 5 3 7 2 9 0 1 0]
 [0 0 8 5 1 6 3 7 4]
 [7 2 9 4 0 3 8 6 5]]
Number of cells unfilled: 13
Accuracy: 83.9506172839506
Sample: 29224
Question:
[[0 0 0 0 0 3 0 0 7]
 [0 3 0 0 0 1 9 0 2]
 [0 0 6 9 0 8 4 0 0]
 [0 4 0 0 0 0 8 0 0]
 [0 0 0 5 0 0 3 2 0]
 [3 0 0 0 0 0 0 0 5]
 [2 0 0 4 0 7 0 0 0]
 [0 0 5 0 1 0 0 0 0]
 [4 0 0 0 0 0 2 7 9]]
Solution:
[[8 3 5 6 7 1 9 2 0]
 [9 1 7 0 4 2 0 8 3]
 [2 0 4 3 9 0 6 5 1]
 [4 8 1 2 6 7 5 3 9]
 [5 9 2 0 3 4 7 0 6]
 [3 7 6 1 8 5 2 4 0]
 [0 5 3 7 0 9 0 1 2]
 [6 0 0 5 1 8 3 7 4]
 [7 2 9 4 0 3 8 6 5]]
Number of cells unfilled: 14
Accuracy: 82.71604938271605
Sample: 29225
Question:
[[3 0 0 0 0 8 0 7 0]
 [0 0 8 0 1 0 0 0 9]
 [0 4 0 5 0 0 8 0 0]
 [0 6 0 0 4 0 2 0 0]
 [0 0 0 0 0 5 0 0 6]
 [0 0 1 0 9 6 0 8 0]
 [0 9 0 0 0 2 1 0 0]
 [0 0 4 0 5 0 0 0 0]
 [7 0 0 0 0 0 0 3 0]]
Solution:
[[8 3 5 6 7 1 4 2 0]
 [9 1 7 0 4 2 0 8 3]
 [2 0 4 3 9 8 6 5 1]
 [4 8 1 9 6 7 5 3 0]
 [5 9 2 0 3 4 7 0 6]
 [3 7 6 1 8 5 2 4 9]
 [7 4 3 8 0 9 0 1 2]
 [0 0 8 5 1 6 3 7 4]
 [1 2 9 4 0 3 8 6 5]]
Number of cells unfilled: 12
Accuracy: 85.18518518518519
Sample: 29226
Question:
[[0 0 0 0 0 3 0 7 0]
 [0 0 1 9 0 0 3 0 0]
 [3 0 0 0 2 0 0 0 6]
 [1 0 8 0 0 5 0 0 0]
 [4 0 9 0 0 0 0 0 7]
 [0 3 0 8 0 0 4 0 0]
 [0 0 0 0 0 0 0 2 5]
 [0 0 0 0 6 0 0 0 0]
 [8 0 0 1 0 0 9 0 0]]
Solution:
[[8 3 5 6 7 1 9 2 0]
 [9 1 7 0 4 2 0 8 3]
 [2 0 4 3 9 0 6 5 1]
 [4 8 1 9 6 7 5 3 0]
 [5 9 2 0 3 4 7 0 6]
 [3 7 6 1 8 5 2 4 9]
 [0 4 3 7 2 9 0 1 0]
 [6 0 0 5 1 8 3 7 4]
 [1 2 9 4 0 3 8 6 5]]
Number of cells unfilled: 14
Accuracy: 82.71604938271605
Sample: 29227
Question:
[[9 0 0 6 5 4 0 0 0]
 [0 0 0 0 1 9 0 0 0]
 [1 5 0 0 0 0 0 0 8]
 [5 0 3 0 6 0 0 4 0]
 [2 0 0 0 3 1 0 0 0]
 [0 0 0 0 0 0 0 0 0]
 [8 0 0 0 0 3 4 0 1]
 [0 0 1 0 0 0 7 0 3]
 [0 2 0 0 0 5 0 0 9]]
Solution:
[[8 3 5 6 7 1 9 2 0]
 [9 1 7 0 4 2 0 8 3]
 [2 0 4 3 9 0 6 5 1]
 [4 8 1 2 6 7 5 3 9]
 [5 9 2 0 3 4 7 0 6]
 [3 7 6 1 8 5 2 4 0]
 [7 5 3 0 0 9 0 1 2]
 [6 0 0 5 1 8 3 7 4]
 [1 2 9 4 0 3 8 6 5]]
Number of cells unfilled: 14
Accuracy: 82.71604938271605
Sample: 29228
Question:
[[0 5 0 0 0 0 2 0 0]
 [2 0 1 9 0 0 0 3 0]
 [9 0 0 0 6 0 0 0 4]
 [8 0 0 0 0 6 0 0 2]
 [0 2 0 4 0 0 0 0 3]
 [0 0 4 0 0 0 5 0 0]
 [7 0 0 6 0 0 0 0 8]
 [0 1 0 0 7 8 0 0 0]
 [0 0 0 0 0 9 3 7 0]]
Solution:
[[8 3 5 6 7 1 9 2 0]
 [9 1 7 0 4 2 0 8 3]
 [2 0 4 3 9 0 6 5 1]
 [4 8 1 2 6 7 5 3 0]
 [5 9 2 0 3 4 7 0 6]
 [3 7 6 1 8 5 2 4 9]
 [7 4 3 0 0 9 0 1 2]
 [6 0 0 5 1 8 3 7 4]
 [1 2 9 4 0 3 8 6 5]]
Number of cells unfilled: 14
Accuracy: 82.71604938271605
Sample: 29229
Question:
[[1 0 0 4 0 0 7 0 0]
 [0 0 0 0 0 6 0 5 0]
 [0 0 0 0 8 0 0 0 0]
 [0 1 0 0 5 0 0 9 0]
 [0 0 2 1 0 0 3 0 0]
 [7 0 0 0 0 0 0 8 0]
 [0 7 0 2 0 0 4 3 0]
 [4 0 0 0 6 0 0 0 0]
 [2 0 3 0 0 0 0 0 9]]
Solution:
[[8 3 5 6 7 1 9 2 0]
 [9 1 7 0 4 2 0 8 3]
 [2 0 4 3 9 0 6 5 1]
 [4 8 1 9 6 7 5 3 0]
 [5 9 2 0 3 4 7 0 6]
 [3 7 6 1 8 5 2 4 9]
 [0 4 3 7 0 9 0 1 2]
 [6 0 0 5 1 8 3 7 4]
 [7 2 9 4 0 3 8 6 5]]
Number of cells unfilled: 14
Accuracy: 82.71604938271605
Sample: 29230
Question:
[[0 0 0 2 0 0 8 0 0]
 [0 0 9 0 0 0 0 5 0]
 [0 0 2 0 0 0 0 7 0]
 [0 2 1 0 6 3 9 8 0]
 [9 0 3 0 0 0 0 0 0]
 [6 8 0 9 1 0 0 0 2]
 [0 0 0 0 8 1 0 0 0]
 [3 0 0 6 0 0 0 0 0]
 [0 0 8 3 9 0 6 1 0]]
Solution:
[[8 3 5 6 7 1 4 2 0]
 [9 1 7 0 4 2 0 8 3]
 [2 0 4 3 5 0 6 9 1]
 [4 8 1 2 6 7 5 3 0]
 [5 9 2 0 3 4 7 0 6]
 [3 7 6 1 8 5 2 4 9]
 [0 5 3 7 2 9 0 1 0]
 [6 0 0 5 1 8 3 7 4]
 [1 2 9 4 0 3 8 6 5]]
Number of cells unfilled: 14
Accuracy: 82.71604938271605
Sample: 29231
Question:
[[0 5 0 0 0 0 0 0 4]
 [0 2 0 0 0 0 0 0 3]
 [0 0 0 0 0 2 6 0 0]
 [1 0 6 9 0 5 0 2 0]
 [5 8 0 0 0 0 0 0 0]
 [0 9 2 1 8 0 5 0 6]
 [0 0 0 6 9 0 0 0 0]
 [8 0 0 0 0 1 0 6 0]
 [0 0 0 5 0 8 1 0 9]]
Solution:
[[8 3 5 6 7 1 9 2 0]
 [9 1 7 0 4 2 0 8 3]
 [2 0 4 3 9 8 6 5 1]
 [4 8 1 2 6 7 5 3 0]
 [5 9 2 0 3 4 7 0 6]
 [3 7 6 1 8 5 2 4 9]
 [6 4 3 8 2 9 0 1 0]
 [0 0 8 5 1 6 3 7 4]
 [1 2 9 4 0 3 8 6 5]]
Number of cells unfilled: 12
Accuracy: 85.18518518518519
Sample: 29232
Question:
[[0 6 7 8 0 0 3 9 0]
 [3 0 8 0 9 7 0 0 2]
 [0 0 0 6 0 0 0 0 0]
 [2 0 0 0 0 0 9 0 0]
 [0 0 0 3 0 0 0 1 0]
 [0 0 0 0 0 0 0 5 0]
 [7 0 0 0 0 6 0 0 0]
 [6 0 3 9 0 2 7 8 0]
 [0 8 9 0 3 0 0 0 0]]
Solution:
[[8 3 5 6 7 1 9 2 0]
 [9 1 7 0 4 2 0 8 3]
 [2 0 4 3 9 8 6 5 1]
 [4 8 1 9 6 7 5 3 0]
 [5 9 2 0 3 4 7 0 6]
 [3 7 6 1 8 5 2 4 9]
 [6 4 3 7 0 9 0 1 2]
 [0 0 8 5 1 6 3 7 4]
 [7 2 9 4 0 3 8 6 5]]
Number of cells unfilled: 12
Accuracy: 85.18518518518519
Sample: 29233
Question:
[[0 8 0 0 4 0 0 0 0]
 [0 0 0 7 0 0 1 0 0]
 [0 0 0 9 0 0 0 0 0]
 [0 5 0 0 0 0 0 0 6]
 [1 6 0 2 5 0 4 0 8]
 [4 0 2 0 0 0 0 0 0]
 [2 1 0 0 0 8 0 4 5]
 [5 0 6 4 1 0 2 0 0]
 [0 0 0 0 0 0 6 0 1]]
Solution:
[[8 3 5 6 7 1 9 2 0]
 [9 1 7 0 4 2 0 8 3]
 [2 0 4 3 9 0 6 5 1]
 [4 8 1 2 6 7 5 3 0]
 [5 9 2 0 3 4 7 0 6]
 [3 7 6 1 8 5 2 4 9]
 [0 5 3 7 0 9 0 1 2]
 [6 0 0 5 1 8 3 7 4]
 [1 2 9 4 0 3 8 6 5]]
Number of cells unfilled: 14
Accuracy: 82.71604938271605
Sample: 29234
Question:
[[8 0 0 6 0 5 9 0 0]
 [1 0 5 8 7 0 0 0 0]
 [0 0 6 0 1 0 0 0 0]
 [7 0 0 0 0 0 0 0 0]
 [0 6 1 0 0 0 0 0 8]
 [5 8 0 9 0 6 0 0 0]
 [9 0 0 0 0 7 0 0 0]
 [0 0 7 1 0 0 0 3 4]
 [0 0 8 5 0 0 7 0 0]]
Solution:
[[8 3 5 6 7 1 4 2 0]
 [9 1 7 0 4 2 0 8 3]
 [2 0 4 3 9 0 6 5 1]
 [4 8 1 9 6 7 5 3 0]
 [5 9 2 0 3 4 7 0 6]
 [3 7 6 1 8 5 2 4 9]
 [0 5 3 7 2 9 0 1 0]
 [6 0 0 5 1 8 3 7 4]
 [1 2 9 4 0 3 8 6 5]]
Number of cells unfilled: 14
Accuracy: 82.71604938271605
Sample: 29235
Question:
[[0 0 0 0 0 8 0 6 0]
 [4 0 0 0 9 0 0 0 5]
 [0 0 1 2 0 0 0 0 0]
 [0 8 0 0 0 0 0 0 0]
 [9 0 3 0 6 0 0 4 0]
 [1 0 4 7 0 0 0 0 0]
 [0 1 0 0 0 0 0 3 4]
 [0 0 2 0 0 7 0 5 9]
 [5 0 0 0 3 0 6 0 0]]
Solution:
[[8 3 5 6 7 1 9 2 0]
 [9 1 7 0 4 2 0 8 3]
 [2 0 4 3 5 8 6 0 1]
 [4 8 1 2 6 7 5 3 0]
 [5 9 2 0 3 4 7 0 6]
 [3 7 6 1 8 5 2 4 9]
 [6 5 3 7 2 9 0 1 0]
 [0 0 8 5 1 6 3 7 4]
 [7 2 9 4 0 3 8 6 5]]
Number of cells unfilled: 13
Accuracy: 83.9506172839506
Sample: 29236
Question:
[[0 0 8 3 0 0 0 0 0]
 [0 0 0 0 0 9 2 0 0]
 [1 0 0 0 4 0 0 3 0]
 [4 0 3 5 0 7 0 1 0]
 [0 1 0 0 0 0 0 0 0]
 [9 8 0 4 0 0 0 5 0]
 [0 0 0 0 7 0 1 0 0]
 [7 0 0 0 0 4 0 9 0]
 [0 0 0 9 5 0 6 0 0]]
Solution:
[[8 3 5 6 7 1 4 2 0]
 [9 1 7 0 4 2 0 8 3]
 [2 0 4 3 9 8 6 5 1]
 [4 8 1 9 6 7 5 3 0]
 [5 9 2 0 3 4 7 0 6]
 [3 7 6 1 8 5 2 4 9]
 [6 4 3 7 2 9 0 1 0]
 [0 0 8 5 1 6 3 7 4]
 [1 2 9 4 0 3 8 6 5]]
Number of cells unfilled: 12
Accuracy: 85.18518518518519
Sample: 29237
Question:
[[0 0 0 0 1 0 0 8 0]
 [0 1 0 8 9 0 0 0 0]
 [0 8 3 0 0 2 0 0 0]
 [0 0 0 7 4 0 0 6 8]
 [0 0 0 0 0 0 3 0 0]
 [0 0 0 9 0 0 4 0 0]
 [0 0 6 0 0 0 5 4 1]
 [1 7 0 0 0 0 6 9 0]
 [9 0 2 0 0 0 0 0 0]]
Solution:
[[8 3 5 6 7 1 9 2 0]
 [9 1 7 0 4 2 0 8 3]
 [2 0 4 3 9 0 6 5 1]
 [4 8 1 9 6 7 5 3 0]
 [5 9 2 0 3 4 7 0 6]
 [3 7 6 1 8 5 2 4 9]
 [0 5 3 7 0 9 0 1 2]
 [6 0 0 5 1 8 3 7 4]
 [7 2 9 4 0 3 8 6 5]]
Number of cells unfilled: 14
Accuracy: 82.71604938271605
Sample: 29238
Question:
[[0 3 0 0 2 0 0 7 0]
 [0 0 0 0 0 0 6 9 8]
 [8 5 0 0 0 0 0 0 1]
 [0 0 0 4 6 0 0 0 0]
 [3 0 0 0 0 8 0 0 0]
 [0 9 5 0 7 0 0 0 0]
 [6 8 0 7 0 0 1 0 0]
 [0 2 0 0 0 6 3 0 0]
 [0 0 3 0 9 0 0 8 0]]
Solution:
[[8 3 5 6 7 1 9 2 0]
 [9 1 7 0 4 2 0 8 3]
 [2 0 4 3 5 8 6 0 1]
 [4 8 1 2 6 7 5 3 0]
 [5 9 2 0 3 4 7 0 6]
 [3 7 6 1 8 5 2 4 9]
 [6 5 3 8 2 9 0 1 0]
 [0 0 8 5 1 6 3 7 4]
 [7 2 9 4 0 3 8 6 5]]
Number of cells unfilled: 13
Accuracy: 83.9506172839506
Sample: 29239
Question:
[[0 8 0 0 0 0 3 0 0]
 [3 5 7 0 0 0 0 0 0]
 [0 0 0 7 0 0 0 0 2]
 [0 3 0 0 2 7 0 1 0]
 [2 0 1 0 3 0 9 6 0]
 [0 0 0 0 0 9 5 0 0]
 [0 0 3 0 0 1 0 8 0]
 [0 6 4 0 5 0 0 0 0]
 [1 0 0 0 0 0 0 9 0]]
Solution:
[[8 3 5 6 7 1 9 2 0]
 [9 1 7 0 4 2 0 8 3]
 [2 0 4 3 9 8 6 5 1]
 [4 8 1 2 6 7 5 3 9]
 [5 9 2 0 3 4 7 0 6]
 [3 7 6 1 8 5 2 4 0]
 [6 4 3 8 0 9 0 1 2]
 [0 0 8 5 1 6 3 7 4]
 [1 2 9 4 0 3 8 6 5]]
Number of cells unfilled: 12
Accuracy: 85.18518518518519
Sample: 29240
Question:
[[0 5 0 0 0 0 0 0 6]
 [6 0 0 0 0 4 0 8 0]
 [0 0 9 0 0 0 1 0 0]
 [0 0 6 3 0 8 0 0 2]
 [3 0 0 0 4 0 0 6 0]
 [0 9 0 7 0 6 0 0 0]
 [0 1 3 0 8 0 0 0 5]
 [7 0 0 4 0 0 0 3 0]
 [9 0 0 0 0 0 2 0 0]]
Solution:
[[8 3 5 6 7 1 4 2 0]
 [9 1 7 0 4 2 0 8 3]
 [2 0 4 3 5 8 6 9 1]
 [4 8 1 2 6 7 5 3 9]
 [5 9 2 0 3 4 7 0 6]
 [3 7 6 1 8 5 2 4 0]
 [7 6 3 8 2 9 0 1 0]
 [0 0 8 5 1 6 3 7 4]
 [1 2 9 4 0 3 8 6 5]]
Number of cells unfilled: 12
Accuracy: 85.18518518518519
Sample: 29241
Question:
[[0 0 0 0 0 0 0 0 8]
 [0 0 0 8 0 0 4 3 0]
 [0 0 8 5 6 4 0 0 0]
 [5 0 0 0 8 0 0 7 6]
 [2 0 0 0 0 0 0 9 0]
 [0 0 3 9 0 0 0 0 4]
 [0 0 2 0 0 0 0 0 9]
 [3 0 5 6 0 0 0 0 2]
 [0 6 0 0 0 3 5 0 0]]
Solution:
[[8 3 5 6 7 1 9 2 0]
 [9 1 7 0 4 2 0 8 3]
 [2 0 4 3 9 8 6 5 1]
 [4 8 1 9 6 7 5 3 0]
 [5 9 2 0 3 4 7 0 6]
 [3 7 6 1 8 5 2 4 9]
 [6 4 3 8 2 9 0 1 0]
 [0 0 8 5 1 6 3 7 4]
 [7 2 9 4 0 3 8 6 5]]
Number of cells unfilled: 12
Accuracy: 85.18518518518519
Sample: 29242
Question:
[[3 0 9 0 6 0 0 0 8]
 [0 0 8 0 0 0 0 0 5]
 [0 0 0 0 1 0 0 9 2]
 [0 0 0 4 0 0 7 3 0]
 [7 0 4 8 0 5 0 0 0]
 [6 3 0 0 0 7 0 0 0]
 [0 8 0 9 0 0 0 0 0]
 [0 0 0 0 5 0 0 0 0]
 [0 0 0 0 0 0 6 0 9]]
Solution:
[[8 3 5 6 7 1 4 2 0]
 [9 1 7 0 4 2 0 8 3]
 [2 0 4 3 5 0 6 9 1]
 [4 8 1 9 6 7 5 3 0]
 [5 9 2 0 3 4 7 0 6]
 [3 7 6 1 8 5 2 4 9]
 [7 4 3 0 0 9 0 1 2]
 [6 0 0 5 1 8 3 7 4]
 [1 2 9 4 0 3 8 6 5]]
Number of cells unfilled: 14
Accuracy: 82.71604938271605
Sample: 29243
Question:
[[2 0 0 0 0 0 0 0 9]
 [0 7 0 0 8 0 3 0 0]
 [5 0 8 0 0 0 0 6 0]
 [9 0 0 0 1 0 0 5 0]
 [0 1 0 0 0 4 7 0 0]
 [0 0 6 0 0 0 0 0 0]
 [0 0 2 0 4 8 0 0 0]
 [0 0 0 0 3 7 0 0 0]
 [0 8 0 1 0 0 4 0 0]]
Solution:
[[8 3 5 6 7 1 9 2 0]
 [9 1 7 0 4 2 0 8 3]
 [2 0 4 3 9 0 6 5 1]
 [4 8 1 9 6 7 5 3 0]
 [5 9 2 0 3 4 7 0 6]
 [3 7 6 1 8 5 2 4 9]
 [7 4 3 0 0 9 0 1 2]
 [6 0 0 5 1 8 3 7 4]
 [1 2 9 4 0 3 8 6 5]]
Number of cells unfilled: 14
Accuracy: 82.71604938271605
Sample: 29244
Question:
[[0 0 2 0 8 0 7 0 0]
 [0 8 0 0 0 0 0 5 6]
 [0 3 0 5 0 0 0 0 8]
 [0 0 0 0 2 3 4 0 5]
 [6 0 3 0 0 0 9 0 0]
 [7 0 0 0 4 1 0 0 0]
 [0 0 0 7 5 0 0 8 0]
 [0 0 0 0 0 0 0 9 0]
 [0 0 0 0 0 4 0 0 1]]
Solution:
[[8 3 5 6 7 1 4 2 0]
 [9 1 7 0 4 2 0 8 3]
 [2 0 4 3 9 8 6 5 1]
 [4 8 1 2 6 7 5 3 9]
 [5 9 2 0 3 4 7 0 6]
 [3 7 6 1 8 5 2 4 0]
 [6 5 3 8 0 9 0 1 2]
 [0 0 8 5 1 6 3 7 4]
 [1 2 9 4 0 3 8 6 5]]
Number of cells unfilled: 12
Accuracy: 85.18518518518519
Sample: 29245
Question:
[[0 0 7 0 0 0 9 0 0]
 [8 0 0 0 0 0 0 3 0]
 [0 3 0 4 0 0 0 0 5]
 [2 0 0 6 0 4 7 0 0]
 [1 0 0 5 0 2 0 0 0]
 [0 6 0 0 8 0 0 0 2]
 [0 2 0 0 0 5 0 0 6]
 [0 0 1 8 0 0 0 0 0]
 [3 0 0 0 4 0 0 9 0]]
Solution:
[[8 3 5 6 7 1 4 2 0]
 [9 1 7 0 4 2 0 8 3]
 [2 0 4 3 9 8 6 5 1]
 [4 8 1 2 6 7 5 3 0]
 [5 9 2 0 3 4 7 0 6]
 [3 7 6 1 8 5 2 4 9]
 [6 4 3 7 0 9 0 1 2]
 [0 0 8 5 1 6 3 7 4]
 [7 2 9 4 0 3 8 6 5]]
Number of cells unfilled: 12
Accuracy: 85.18518518518519
Sample: 29246
Question:
[[0 0 8 0 4 0 0 0 9]
 [0 0 0 3 0 0 0 7 0]
 [0 6 0 0 0 1 0 0 0]
 [0 9 2 4 0 0 5 0 0]
 [0 8 4 1 0 0 0 0 0]
 [6 0 0 0 9 0 0 0 4]
 [0 2 0 7 3 0 0 0 8]
 [0 0 0 0 0 5 7 4 0]
 [0 0 0 0 0 0 0 3 0]]
Solution:
[[8 3 5 6 7 1 4 2 0]
 [9 1 7 0 4 2 0 8 3]
 [2 0 4 3 9 8 6 5 1]
 [4 8 1 2 6 7 5 3 9]
 [5 9 2 0 3 4 7 0 6]
 [3 7 6 1 8 5 2 4 0]
 [6 5 3 8 0 9 0 1 2]
 [0 0 8 5 1 6 3 7 4]
 [7 2 9 4 0 3 8 6 5]]
Number of cells unfilled: 12
Accuracy: 85.18518518518519
Sample: 29247
Question:
[[4 0 0 0 0 0 0 0 0]
 [0 8 7 0 0 1 0 0 0]
 [0 3 1 4 0 0 0 8 0]
 [0 2 0 0 0 0 5 0 0]
 [7 0 0 0 0 3 0 1 0]
 [1 0 3 0 5 0 0 0 9]
 [0 0 6 0 9 0 0 0 4]
 [0 0 0 6 0 0 2 0 0]
 [3 0 0 0 0 7 0 9 0]]
Solution:
[[8 3 5 6 7 1 4 2 0]
 [9 1 7 0 4 2 0 8 3]
 [2 0 4 3 5 8 6 9 1]
 [4 8 1 9 6 7 5 3 0]
 [5 9 2 0 3 4 7 0 6]
 [3 7 6 1 8 5 2 4 9]
 [7 6 3 8 2 9 0 1 0]
 [0 0 8 5 1 6 3 7 4]
 [1 2 9 4 0 3 8 6 5]]
Number of cells unfilled: 12
Accuracy: 85.18518518518519
Sample: 29248
Question:
[[8 0 0 0 6 1 0 2 0]
 [0 0 3 0 0 0 1 0 0]
 [0 2 0 5 0 0 0 0 6]
 [0 0 4 0 3 0 0 0 0]
 [0 7 0 6 0 0 0 0 5]
 [2 0 0 0 0 5 0 4 0]
 [0 0 0 0 9 6 0 0 7]
 [0 9 0 0 5 7 8 0 0]
 [0 0 0 8 0 0 0 0 0]]
Solution:
[[8 3 5 6 7 1 9 2 0]
 [9 1 7 0 4 2 0 8 3]
 [2 0 4 3 9 8 6 5 1]
 [4 8 1 9 6 7 5 3 0]
 [5 9 2 0 3 4 7 0 6]
 [3 7 6 1 8 5 2 4 9]
 [6 5 3 8 0 9 0 1 2]
 [0 0 8 5 1 6 3 7 4]
 [7 2 9 4 0 3 8 6 5]]
Number of cells unfilled: 12
Accuracy: 85.18518518518519
Sample: 29249
Question:
[[0 3 0 5 0 0 0 0 0]
 [0 0 0 9 0 0 0 5 7]
 [8 0 0 0 0 6 0 0 0]
 [0 0 6 0 3 1 0 0 0]
 [0 0 0 0 0 8 0 7 0]
 [2 0 0 0 0 0 0 4 3]
 [0 4 0 0 0 0 0 0 6]
 [6 0 0 1 0 5 0 0 0]
 [0 0 8 0 2 0 1 0 0]]
Solution:
[[8 3 5 6 7 1 4 2 0]
 [9 1 7 0 4 2 0 8 3]
 [2 0 4 3 9 8 6 5 1]
 [4 8 1 2 6 7 5 3 0]
 [5 9 2 0 3 4 7 0 6]
 [3 7 6 1 8 5 2 4 9]
 [6 5 3 7 0 9 0 1 2]
 [0 0 8 5 1 6 3 7 4]
 [7 2 9 4 0 3 8 6 5]]
Number of cells unfilled: 12
Accuracy: 85.18518518518519
Sample: 29250
Question:
[[7 0 0 0 0 0 0 2 0]
 [0 5 0 0 0 0 0 0 3]
 [0 0 2 0 8 0 6 0 0]
 [0 0 7 0 4 0 1 0 0]
 [1 0 0 9 0 0 0 7 0]
 [0 0 6 0 1 7 2 0 9]
 [0 0 0 2 0 1 4 0 0]
 [0 0 1 4 0 8 0 6 0]
 [0 0 0 0 6 0 0 0 0]]
Solution:
[[8 3 5 6 7 1 4 2 0]
 [9 1 7 0 4 2 0 8 3]
 [2 0 4 3 9 8 6 5 1]
 [4 8 1 2 6 7 5 3 9]
 [5 9 2 0 3 4 7 0 6]
 [3 7 6 1 8 5 2 4 0]
 [6 4 3 7 2 9 0 1 0]
 [0 0 8 5 1 6 3 7 4]
 [1 2 9 4 0 3 8 6 5]]
Number of cells unfilled: 12
Accuracy: 85.18518518518519
Sample: 29251
Question:
[[0 1 4 5 8 0 0 9 0]
 [9 0 0 0 0 0 0 0 6]
 [0 3 0 0 4 0 0 0 0]
 [0 0 3 0 5 0 0 6 0]
 [6 0 9 0 0 1 0 2 0]
 [0 0 5 0 0 8 3 4 0]
 [0 6 1 0 3 7 0 0 4]
 [0 0 8 0 0 5 0 0 0]
 [0 0 0 0 0 0 0 0 0]]
Solution:
[[8 3 5 6 7 1 4 2 0]
 [9 1 7 0 4 2 0 8 3]
 [2 0 4 3 5 8 6 9 1]
 [4 8 1 2 6 7 5 3 0]
 [5 9 2 0 3 4 7 0 6]
 [3 7 6 1 8 5 2 4 9]
 [6 4 3 7 0 9 0 1 2]
 [0 0 8 5 1 6 3 7 4]
 [1 2 9 4 0 3 8 6 5]]
Number of cells unfilled: 12
Accuracy: 85.18518518518519
Sample: 29252
Question:
[[3 0 4 0 0 7 2 0 0]
 [0 6 0 4 0 0 0 9 7]
 [0 0 0 5 0 2 0 0 0]
 [0 0 0 0 0 0 9 5 1]
 [0 0 8 0 0 0 0 0 0]
 [0 0 0 9 1 4 0 8 0]
 [6 2 0 8 0 0 1 4 0]
 [4 3 0 0 0 0 0 0 0]
 [0 8 9 0 0 0 3 0 0]]
Solution:
[[8 3 5 6 7 1 4 2 0]
 [9 1 7 0 4 2 0 8 3]
 [2 0 4 3 9 8 6 5 1]
 [4 8 1 2 6 7 5 3 0]
 [5 9 2 0 3 4 7 0 6]
 [3 7 6 1 8 5 2 4 9]
 [6 4 3 8 2 9 0 1 0]
 [0 0 8 5 1 6 3 7 4]
 [7 2 9 4 0 3 8 6 5]]
Number of cells unfilled: 12
Accuracy: 85.18518518518519
Sample: 29253
Question:
[[0 0 0 0 7 0 0 9 8]
 [0 0 9 0 0 0 0 0 7]
 [0 0 5 1 8 0 0 0 0]
 [0 0 8 6 0 2 0 0 0]
 [0 3 0 0 0 7 9 0 0]
 [0 1 0 0 0 5 0 0 0]
 [0 5 0 0 0 0 4 0 6]
 [0 4 7 0 0 1 2 0 9]
 [6 0 0 4 0 0 1 0 0]]
Solution:
[[8 3 5 6 7 1 9 2 0]
 [9 1 7 0 4 2 0 8 3]
 [2 0 4 3 9 8 6 5 1]
 [4 8 1 2 6 7 5 3 9]
 [5 9 2 0 3 4 7 0 6]
 [3 7 6 1 8 5 2 4 0]
 [6 4 3 8 0 9 0 1 2]
 [0 0 8 5 1 6 3 7 4]
 [7 2 9 4 0 3 8 6 5]]
Number of cells unfilled: 12
Accuracy: 85.18518518518519
Sample: 29254
Question:
[[0 3 0 8 0 0 0 2 0]
 [0 0 2 0 0 0 0 0 0]
 [7 1 0 0 4 0 9 0 0]
 [0 0 1 9 0 7 5 0 0]
 [5 0 0 0 0 0 0 0 0]
 [0 9 0 0 5 0 0 4 0]
 [0 0 0 3 0 6 0 0 0]
 [1 0 0 0 9 0 7 0 0]
 [0 8 0 0 0 0 0 0 6]]
Solution:
[[8 3 5 6 7 1 9 2 0]
 [9 1 7 0 4 2 0 8 3]
 [2 0 4 3 9 8 6 5 1]
 [4 8 1 2 6 7 5 3 9]
 [5 9 2 0 3 4 7 0 6]
 [3 7 6 1 8 5 2 4 0]
 [6 4 3 7 2 9 0 1 0]
 [0 0 8 5 1 6 3 7 4]
 [1 2 9 4 0 3 8 6 5]]
Number of cells unfilled: 12
Accuracy: 85.18518518518519
Sample: 29255
Question:
[[8 0 0 6 0 0 0 1 0]
 [0 0 0 1 0 0 0 0 3]
 [0 0 4 0 0 0 5 0 0]
 [0 3 0 0 0 0 4 0 0]
 [0 0 5 0 0 0 0 0 2]
 [7 0 0 0 0 8 0 9 0]
 [9 0 0 0 7 0 0 6 0]
 [0 0 0 9 0 1 0 0 0]
 [0 2 0 8 0 6 0 0 0]]
Solution:
[[8 3 5 6 7 1 4 2 0]
 [9 1 7 0 4 2 0 8 3]
 [2 0 4 3 5 8 6 9 1]
 [4 8 1 9 6 7 5 3 0]
 [5 9 2 0 3 4 7 0 6]
 [3 7 6 1 8 5 2 4 9]
 [6 5 3 7 0 9 0 1 2]
 [0 0 8 5 1 6 3 7 4]
 [7 2 9 4 0 3 8 6 5]]
Number of cells unfilled: 12
Accuracy: 85.18518518518519
Sample: 29256
Question:
[[0 4 0 8 0 5 0 0 0]
 [0 0 0 2 0 0 0 5 0]
 [0 0 5 0 7 0 3 0 0]
 [0 1 0 9 0 0 0 0 0]
 [0 9 8 0 1 0 7 0 0]
 [2 0 6 0 8 0 1 0 0]
 [0 0 3 0 0 8 0 0 1]
 [0 0 0 0 6 0 0 7 3]
 [0 6 0 0 0 0 8 0 0]]
Solution:
[[8 3 5 6 7 1 4 2 0]
 [9 1 7 0 4 2 0 8 3]
 [2 0 4 3 5 0 6 9 1]
 [4 8 1 2 6 7 5 3 9]
 [5 9 2 0 3 4 7 0 6]
 [3 7 6 1 8 5 2 4 0]
 [0 5 3 7 0 9 0 1 2]
 [6 0 0 5 1 8 3 7 4]
 [7 2 9 4 0 3 8 6 5]]
Number of cells unfilled: 14
Accuracy: 82.71604938271605
Sample: 29257
Question:
[[9 0 0 0 0 0 0 0 0]
 [6 5 0 0 0 0 0 0 0]
 [0 0 8 0 0 0 5 4 6]
 [0 0 0 0 8 4 0 0 9]
 [8 0 0 0 0 7 0 0 0]
 [0 0 9 0 2 0 0 5 3]
 [4 0 0 7 0 0 0 0 2]
 [0 0 1 0 0 9 0 6 0]
 [0 0 0 2 4 0 0 7 0]]
Solution:
[[8 3 5 6 7 1 4 2 0]
 [9 1 7 0 4 2 0 8 3]
 [2 0 4 3 5 8 6 9 1]
 [4 8 1 9 6 7 5 3 0]
 [5 9 2 0 3 4 7 0 6]
 [3 7 6 1 8 5 2 4 9]
 [6 4 3 7 2 9 0 1 0]
 [0 0 8 5 1 6 3 7 4]
 [1 2 9 4 0 3 8 6 5]]
Number of cells unfilled: 12
Accuracy: 85.18518518518519
Sample: 29258
Question:
[[0 1 0 0 0 0 0 5 0]
 [0 0 8 0 0 1 9 0 0]
 [0 9 0 0 2 0 0 0 0]
 [0 6 5 0 0 4 1 0 0]
 [3 0 0 0 0 0 0 6 0]
 [0 0 9 0 0 8 4 0 0]
 [0 5 0 4 8 0 7 0 0]
 [0 0 0 0 0 7 0 9 0]
 [0 0 7 0 1 0 0 0 4]]
Solution:
[[8 3 5 6 7 1 9 2 0]
 [9 1 7 0 4 2 0 8 3]
 [2 0 4 3 5 8 6 0 1]
 [4 8 1 2 6 7 5 3 0]
 [5 9 2 0 3 4 7 0 6]
 [3 7 6 1 8 5 2 4 9]
 [6 5 3 7 0 9 0 1 2]
 [0 0 8 5 1 6 3 7 4]
 [7 2 9 4 0 3 8 6 5]]
Number of cells unfilled: 13
Accuracy: 83.9506172839506
Sample: 29259
Question:
[[0 0 4 0 3 0 0 0 0]
 [2 0 0 0 0 0 5 3 0]
 [0 0 8 0 0 5 0 0 1]
 [0 0 0 0 0 8 1 5 0]
 [0 0 1 9 0 0 7 0 0]
 [0 8 0 0 0 0 0 0 9]
 [6 4 0 0 2 0 0 0 0]
 [0 0 0 4 0 0 6 0 0]
 [0 0 9 0 0 7 0 0 5]]
Solution:
[[8 3 5 6 7 1 4 2 0]
 [9 1 7 0 4 2 0 8 3]
 [2 0 4 3 9 0 6 5 1]
 [4 8 1 9 6 7 5 3 0]
 [5 9 2 0 3 4 7 0 6]
 [3 7 6 1 8 5 2 4 9]
 [0 5 3 7 2 9 0 1 0]
 [6 0 0 5 1 8 3 7 4]
 [7 2 9 4 0 3 8 6 5]]
Number of cells unfilled: 14
Accuracy: 82.71604938271605
Sample: 29260
Question:
[[0 8 0 0 0 0 0 1 0]
 [0 0 0 8 1 0 0 0 6]
 [2 0 0 0 0 5 9 0 0]
 [0 3 2 0 0 0 7 0 0]
 [0 9 0 0 0 3 0 5 0]
 [5 0 0 0 7 0 0 0 0]
 [0 0 0 0 0 1 0 0 4]
 [3 0 0 0 0 7 2 0 0]
 [0 0 4 6 0 0 0 7 0]]
Solution:
[[8 3 5 6 7 1 4 2 0]
 [9 1 7 0 4 2 0 8 3]
 [2 0 4 3 5 8 6 9 1]
 [4 8 1 2 6 7 5 3 9]
 [5 9 2 0 3 4 7 0 6]
 [3 7 6 1 8 5 2 4 0]
 [6 4 3 7 2 9 0 1 0]
 [0 0 8 5 1 6 3 7 4]
 [1 2 9 4 0 3 8 6 5]]
Number of cells unfilled: 12
Accuracy: 85.18518518518519
Sample: 29261
Question:
[[2 0 0 0 0 0 7 0 0]
 [0 6 0 0 7 2 0 0 0]
 [0 0 5 9 0 0 0 0 8]
 [0 0 8 3 0 0 0 0 4]
 [0 1 0 0 0 0 0 0 0]
 [0 0 7 0 6 0 8 1 0]
 [9 0 0 4 0 0 5 0 0]
 [0 0 3 0 0 0 4 8 0]
 [0 0 0 0 0 3 0 0 9]]
Solution:
[[8 3 5 6 7 1 9 2 0]
 [9 1 7 0 4 2 0 8 3]
 [2 0 4 3 5 8 6 0 1]
 [4 8 1 2 6 7 5 3 0]
 [5 9 2 0 3 4 7 0 6]
 [3 7 6 1 8 5 2 4 9]
 [6 4 3 7 2 9 0 1 0]
 [0 0 8 5 1 6 3 7 4]
 [1 2 9 4 0 3 8 6 5]]
Number of cells unfilled: 13
Accuracy: 83.9506172839506
Sample: 29262
Question:
[[0 0 0 6 0 0 0 0 4]
 [9 0 0 0 3 2 0 6 0]
 [0 0 0 8 0 0 0 0 0]
 [2 0 9 0 0 8 0 3 0]
 [5 0 0 2 6 0 0 8 0]
 [0 0 0 0 7 0 1 0 0]
 [3 0 0 0 0 0 0 0 8]
 [0 9 0 0 0 5 0 0 0]
 [0 2 5 3 0 0 0 9 0]]
Solution:
[[8 3 5 6 7 1 4 2 0]
 [9 1 7 0 4 2 0 8 3]
 [2 0 4 3 9 8 6 5 1]
 [4 8 1 2 6 7 5 3 0]
 [5 9 2 0 3 4 7 0 6]
 [3 7 6 1 8 5 2 4 9]
 [6 5 3 8 2 9 0 1 0]
 [0 0 8 5 1 6 3 7 4]
 [7 2 9 4 0 3 8 6 5]]
Number of cells unfilled: 12
Accuracy: 85.18518518518519
Sample: 29263
Question:
[[1 4 0 0 0 0 0 0 3]
 [0 0 0 0 0 0 0 6 8]
 [3 0 7 1 8 0 0 5 0]
 [0 0 0 5 0 0 0 0 0]
 [0 9 0 0 0 7 0 0 2]
 [0 8 4 0 0 9 3 0 0]
 [4 0 6 3 7 0 0 0 0]
 [0 0 0 0 0 0 5 0 0]
 [9 0 0 0 0 1 0 7 0]]
Solution:
[[8 3 5 6 7 1 4 2 0]
 [9 1 7 0 4 2 0 8 3]
 [2 0 4 3 9 0 6 5 1]
 [4 8 1 2 6 7 5 3 0]
 [5 9 2 0 3 4 7 0 6]
 [3 7 6 1 8 5 2 4 9]
 [0 4 3 7 2 9 0 1 0]
 [6 0 0 5 1 8 3 7 4]
 [7 2 9 4 0 3 8 6 5]]
Number of cells unfilled: 14
Accuracy: 82.71604938271605
Sample: 29264
Question:
[[1 0 0 4 0 8 0 0 6]
 [0 0 0 0 0 0 0 5 0]
 [0 0 5 0 2 0 0 8 0]
 [5 0 6 0 0 0 3 0 0]
 [3 2 0 8 0 0 0 0 1]
 [0 0 0 0 0 0 7 2 0]
 [8 0 1 3 6 9 0 0 0]
 [0 0 0 0 0 0 0 0 0]
 [4 0 0 0 0 0 0 6 9]]
Solution:
[[8 3 5 6 7 1 9 2 0]
 [9 1 7 0 4 2 0 8 3]
 [2 0 4 3 9 8 6 5 1]
 [4 8 1 9 6 7 5 3 0]
 [5 9 2 0 3 4 7 0 6]
 [3 7 6 1 8 5 2 4 9]
 [6 4 3 8 2 9 0 1 0]
 [0 0 8 5 1 6 3 7 4]
 [7 2 9 4 0 3 8 6 5]]
Number of cells unfilled: 12
Accuracy: 85.18518518518519
Sample: 29265
Question:
[[0 0 7 0 0 5 0 0 0]
 [9 0 0 0 6 0 8 0 0]
 [0 2 0 9 0 0 0 0 6]
 [4 0 0 7 0 0 9 0 0]
 [0 0 5 0 2 0 0 4 0]
 [0 7 0 0 0 4 0 0 3]
 [7 0 0 1 0 0 0 0 4]
 [0 8 0 0 4 0 2 0 0]
 [0 0 0 0 0 6 0 1 0]]
Solution:
[[8 3 5 6 7 1 4 2 0]
 [9 1 7 0 4 2 0 8 3]
 [2 0 4 3 5 8 6 9 1]
 [4 8 1 2 6 7 5 3 0]
 [5 9 2 0 3 4 7 0 6]
 [3 7 6 1 8 5 2 4 9]
 [6 5 3 7 0 9 0 1 2]
 [0 0 8 5 1 6 3 7 4]
 [1 2 9 4 0 3 8 6 5]]
Number of cells unfilled: 12
Accuracy: 85.18518518518519
Sample: 29266
Question:
[[9 5 3 0 0 7 0 1 4]
 [0 8 0 9 0 0 7 2 0]
 [0 0 2 0 0 8 0 0 0]
 [0 4 7 0 2 3 0 9 0]
 [0 1 0 6 5 0 0 0 3]
 [0 0 5 0 9 0 6 0 0]
 [0 0 0 3 1 0 0 0 0]
 [2 0 0 4 0 6 0 0 5]
 [0 7 6 0 0 0 1 3 0]]
Solution:
[[8 3 5 6 7 1 9 2 0]
 [9 1 7 0 4 2 0 8 3]
 [2 0 4 3 9 8 6 5 1]
 [4 8 1 2 6 7 5 3 0]
 [5 9 2 0 3 4 7 0 6]
 [3 7 6 1 8 5 2 4 9]
 [6 5 3 8 0 9 0 1 2]
 [0 0 8 5 1 6 3 7 4]
 [1 2 9 4 0 3 8 6 5]]
Number of cells unfilled: 12
Accuracy: 85.18518518518519
Sample: 29267
Question:
[[0 8 0 0 0 0 0 0 2]
 [0 0 7 0 6 0 3 0 0]
 [5 0 0 1 0 0 0 4 0]
 [0 2 0 0 0 0 7 0 0]
 [0 0 3 0 0 0 0 2 8]
 [0 0 0 0 0 4 0 5 0]
 [0 7 0 9 0 1 0 0 0]
 [9 0 0 0 4 0 0 1 0]
 [0 0 0 0 0 5 0 0 0]]
Solution:
[[8 3 5 6 7 1 4 2 0]
 [9 1 7 0 4 2 0 8 3]
 [2 0 4 3 9 0 6 5 1]
 [4 8 1 2 6 7 5 3 0]
 [5 9 2 0 3 4 7 0 6]
 [3 7 6 1 8 5 2 4 9]
 [0 5 3 7 2 9 0 1 0]
 [6 0 0 5 1 8 3 7 4]
 [1 2 9 4 0 3 8 6 5]]
Number of cells unfilled: 14
Accuracy: 82.71604938271605
Sample: 29268
Question:
[[0 0 0 0 7 0 0 6 3]
 [0 0 0 3 8 0 0 0 0]
 [3 7 0 0 0 9 8 0 0]
 [0 0 0 7 0 1 0 0 4]
 [7 1 0 0 9 0 6 0 0]
 [9 0 2 0 0 0 0 1 0]
 [0 0 5 0 0 0 0 0 0]
 [8 3 0 9 0 0 1 0 0]
 [0 0 0 0 3 0 0 0 6]]
Solution:
[[8 3 5 6 7 1 4 2 0]
 [9 1 7 0 4 2 0 8 3]
 [2 0 4 3 9 8 6 5 1]
 [4 8 1 9 6 7 5 3 0]
 [5 9 2 0 3 4 7 0 6]
 [3 7 6 1 8 5 2 4 9]
 [6 5 3 8 0 9 0 1 2]
 [0 0 8 5 1 6 3 7 4]
 [7 2 9 4 0 3 8 6 5]]
Number of cells unfilled: 12
Accuracy: 85.18518518518519
Sample: 29269
Question:
[[0 0 3 0 0 2 0 0 6]
 [0 9 0 1 0 0 0 2 0]
 [7 0 2 0 0 0 0 0 0]
 [0 0 0 0 4 0 5 0 0]
 [0 7 0 3 0 8 0 1 0]
 [0 3 0 9 0 0 0 7 0]
 [3 0 0 8 0 0 0 0 7]
 [9 0 7 0 0 3 0 8 0]
 [0 8 0 0 0 0 0 0 1]]
Solution:
[[8 3 5 6 7 1 4 2 0]
 [9 1 7 0 4 2 0 8 3]
 [2 0 4 3 9 8 6 5 1]
 [4 8 1 2 6 7 5 3 0]
 [5 9 2 0 3 4 7 0 6]
 [3 7 6 1 8 5 2 4 9]
 [7 4 3 8 0 9 0 1 2]
 [0 0 8 5 1 6 3 7 4]
 [1 2 9 4 0 3 8 6 5]]
Number of cells unfilled: 12
Accuracy: 85.18518518518519
Sample: 29270
Question:
[[0 3 0 0 4 0 0 6 0]
 [0 0 9 0 0 0 5 0 0]
 [0 8 0 0 3 0 0 4 7]
 [1 0 0 0 0 4 0 0 2]
 [0 2 0 0 6 0 0 8 0]
 [0 0 8 0 0 2 0 0 0]
 [3 0 0 4 0 0 0 7 0]
 [8 0 0 0 7 0 0 0 0]
 [0 7 0 6 0 3 0 0 4]]
Solution:
[[8 3 5 6 7 1 4 2 0]
 [9 1 7 0 4 2 0 8 3]
 [2 0 4 3 5 8 6 9 1]
 [4 8 1 2 6 7 5 3 9]
 [5 9 2 0 3 4 7 0 6]
 [3 7 6 1 8 5 2 4 0]
 [6 4 3 7 2 9 0 1 0]
 [0 0 8 5 1 6 3 7 4]
 [1 2 9 4 0 3 8 6 5]]
Number of cells unfilled: 12
Accuracy: 85.18518518518519
Sample: 29271
Question:
[[0 6 0 0 9 0 0 3 0]
 [9 0 0 8 0 3 0 0 1]
 [0 0 0 1 0 0 9 0 0]
 [6 0 0 5 3 0 1 0 0]
 [0 0 5 0 0 0 0 4 0]
 [3 0 0 0 1 0 8 0 0]
 [7 0 0 0 8 0 6 0 0]
 [0 2 0 0 0 1 0 0 7]
 [0 0 6 0 0 7 0 0 0]]
Solution:
[[8 3 5 6 7 1 9 2 0]
 [9 1 7 0 4 2 0 8 3]
 [2 0 4 3 9 0 6 5 1]
 [4 8 1 2 6 7 5 3 9]
 [5 9 2 0 3 4 7 0 6]
 [3 7 6 1 8 5 2 4 0]
 [0 5 3 7 2 9 0 1 0]
 [6 0 0 5 1 8 3 7 4]
 [7 2 9 4 0 3 8 6 5]]
Number of cells unfilled: 14
Accuracy: 82.71604938271605
Sample: 29272
Question:
[[0 7 0 6 0 0 0 9 0]
 [0 0 0 0 1 0 4 0 0]
 [0 6 0 5 0 0 8 7 3]
 [9 0 6 3 0 0 0 0 7]
 [0 3 0 0 0 5 0 0 0]
 [7 0 0 0 0 6 0 3 0]
 [0 0 7 0 0 2 0 0 8]
 [0 0 0 0 5 0 0 0 0]
 [0 9 0 8 0 0 0 5 0]]
Solution:
[[8 3 5 6 7 1 4 2 0]
 [9 1 7 0 4 2 0 8 3]
 [2 0 4 3 9 8 6 5 1]
 [4 8 1 2 6 7 5 3 0]
 [5 9 2 0 3 4 7 0 6]
 [3 7 6 1 8 5 2 4 9]
 [6 4 3 7 2 9 0 1 0]
 [0 0 8 5 1 6 3 7 4]
 [7 2 9 4 0 3 8 6 5]]
Number of cells unfilled: 12
Accuracy: 85.18518518518519
Sample: 29273
Question:
[[0 9 6 0 0 7 0 0 1]
 [2 0 0 8 0 0 0 0 0]
 [0 0 0 0 0 0 0 0 5]
 [0 0 0 0 0 0 4 0 7]
 [5 0 0 0 0 4 0 9 0]
 [0 1 0 2 0 0 0 0 0]
 [6 0 0 7 2 0 0 0 9]
 [4 0 2 0 1 0 7 0 0]
 [0 5 0 3 0 0 0 1 0]]
Solution:
[[8 3 5 6 7 1 4 2 0]
 [9 1 7 0 4 2 0 8 3]
 [2 0 4 3 5 8 6 9 1]
 [4 8 1 2 6 7 5 3 9]
 [5 9 2 0 3 4 7 0 6]
 [3 7 6 1 8 5 2 4 0]
 [6 5 3 8 0 9 0 1 2]
 [0 0 8 5 1 6 3 7 4]
 [7 2 9 4 0 3 8 6 5]]
Number of cells unfilled: 12
Accuracy: 85.18518518518519
Sample: 29274
Question:
[[0 0 0 0 0 0 3 0 6]
 [0 0 7 5 0 0 0 0 0]
 [0 0 0 0 0 0 0 0 2]
 [0 0 0 0 0 6 0 0 0]
 [8 0 0 0 9 0 0 0 0]
 [0 0 5 0 0 0 0 1 0]
 [2 0 0 0 0 0 0 0 0]
 [0 0 0 3 8 0 0 5 0]
 [0 6 1 0 0 0 0 9 0]]
Solution:
[[8 3 5 6 7 1 4 2 0]
 [9 1 7 0 4 2 0 8 3]
 [2 0 4 3 5 0 6 9 1]
 [4 8 1 9 6 7 5 3 0]
 [5 9 2 0 3 4 7 0 6]
 [3 7 6 1 8 5 2 4 9]
 [0 4 3 7 0 9 0 1 2]
 [6 0 0 5 1 8 3 7 4]
 [7 2 9 4 0 3 8 6 5]]
Number of cells unfilled: 14
Accuracy: 82.71604938271605
Sample: 29275
Question:
[[0 5 2 0 0 0 0 0 0]
 [0 0 6 7 0 0 1 8 0]
 [0 0 0 0 0 0 0 3 0]
 [0 0 9 0 3 0 7 6 0]
 [8 3 0 0 0 0 0 0 0]
 [0 0 4 8 9 0 0 2 0]
 [0 0 0 4 5 0 3 0 0]
 [5 0 0 9 0 0 0 0 0]
 [0 7 0 2 0 0 4 0 9]]
Solution:
[[8 3 5 6 7 1 9 2 0]
 [9 1 7 0 4 2 0 8 3]
 [2 0 4 3 9 0 6 5 1]
 [4 8 1 9 6 7 5 3 0]
 [5 9 2 0 3 4 7 0 6]
 [3 7 6 1 8 5 2 4 9]
 [0 5 3 7 2 9 0 1 0]
 [6 0 0 5 1 8 3 7 4]
 [7 2 9 4 0 3 8 6 5]]
Number of cells unfilled: 14
Accuracy: 82.71604938271605
Sample: 29276
Question:
[[0 5 7 0 0 0 1 4 0]
 [0 9 0 0 0 0 0 0 0]
 [0 0 0 0 5 0 2 0 0]
 [0 8 0 0 0 1 9 0 3]
 [0 0 2 0 0 0 7 0 6]
 [0 3 0 0 9 0 0 0 0]
 [3 7 0 0 8 9 5 0 0]
 [0 0 0 0 0 6 0 0 0]
 [4 0 5 0 7 0 0 0 0]]
Solution:
[[8 3 5 6 7 1 4 2 0]
 [9 1 7 0 4 2 0 8 3]
 [2 0 4 3 9 8 6 5 1]
 [4 8 1 2 6 7 5 3 0]
 [5 9 2 0 3 4 7 0 6]
 [3 7 6 1 8 5 2 4 9]
 [6 5 3 7 0 9 0 1 2]
 [0 0 8 5 1 6 3 7 4]
 [7 2 9 4 0 3 8 6 5]]
Number of cells unfilled: 12
Accuracy: 85.18518518518519
Sample: 29277
Question:
[[4 0 3 0 1 9 2 0 0]
 [0 0 0 0 0 3 1 9 0]
 [0 5 0 6 0 0 0 0 0]
 [0 0 0 0 0 0 0 0 4]
 [0 0 6 7 0 0 0 0 0]
 [0 4 0 0 3 0 7 2 9]
 [0 9 0 0 0 0 0 1 0]
 [0 8 0 0 0 7 0 0 0]
 [0 0 4 0 0 8 9 3 0]]
Solution:
[[8 3 5 6 7 1 4 2 0]
 [9 1 7 0 4 2 0 8 3]
 [2 0 4 3 5 0 6 9 1]
 [4 8 1 9 6 7 5 3 0]
 [5 9 2 0 3 4 7 0 6]
 [3 7 6 1 8 5 2 4 9]
 [0 4 3 7 0 9 0 1 2]
 [6 0 0 5 1 8 3 7 4]
 [7 2 9 4 0 3 8 6 5]]
Number of cells unfilled: 14
Accuracy: 82.71604938271605
Sample: 29278
Question:
[[0 1 3 0 6 0 0 8 0]
 [0 0 8 4 0 5 9 0 0]
 [0 0 4 0 0 2 0 7 5]
 [0 0 0 0 0 1 0 0 3]
 [0 3 0 0 0 0 6 0 7]
 [6 0 0 9 4 0 0 2 8]
 [0 0 0 2 0 7 0 0 0]
 [0 5 2 8 9 0 0 0 1]
 [0 9 0 1 0 0 3 4 0]]
Solution:
[[8 3 5 6 7 1 4 2 0]
 [9 1 7 0 4 2 0 8 3]
 [2 0 4 3 5 8 6 9 1]
 [4 8 1 2 6 7 5 3 0]
 [5 9 2 0 3 4 7 0 6]
 [3 7 6 1 8 5 2 4 9]
 [6 4 3 8 2 9 0 1 0]
 [0 0 8 5 1 6 3 7 4]
 [7 2 9 4 0 3 8 6 5]]
Number of cells unfilled: 12
Accuracy: 85.18518518518519
Sample: 29279
Question:
[[0 0 2 0 0 3 0 6 5]
 [0 4 0 8 0 0 1 0 7]
 [5 6 0 0 0 0 9 3 0]
 [0 9 6 1 0 0 4 0 0]
 [2 0 1 0 0 0 0 7 8]
 [0 0 0 0 6 5 0 0 9]
 [0 0 0 3 0 9 0 0 0]
 [8 0 4 0 7 1 2 0 0]
 [7 0 0 0 2 0 0 4 3]]
Solution:
[[8 3 5 6 7 1 9 2 0]
 [9 1 7 0 4 2 0 8 3]
 [2 0 4 3 5 8 6 0 1]
 [4 8 1 9 6 7 5 3 0]
 [5 9 2 0 3 4 7 0 6]
 [3 7 6 1 8 5 2 4 9]
 [6 5 3 8 0 9 0 1 2]
 [0 0 8 5 1 6 3 7 4]
 [7 2 9 4 0 3 8 6 5]]
Number of cells unfilled: 13
Accuracy: 83.9506172839506
Sample: 29280
Question:
[[0 3 0 7 0 0 6 0 0]
 [9 0 0 0 0 6 0 0 7]
 [0 0 0 0 0 5 0 2 0]
 [0 0 9 5 0 0 0 0 4]
 [4 0 0 0 0 0 0 8 0]
 [0 1 0 0 7 0 5 0 0]
 [2 0 0 3 0 0 0 0 6]
 [0 0 0 1 0 0 0 0 8]
 [0 4 0 0 0 7 3 0 0]]
Solution:
[[8 3 5 6 7 1 9 2 0]
 [9 1 7 0 4 2 0 8 3]
 [2 0 4 3 9 8 6 5 1]
 [4 8 1 2 6 7 5 3 9]
 [5 9 2 0 3 4 7 0 6]
 [3 7 6 1 8 5 2 4 0]
 [6 5 3 7 2 9 0 1 0]
 [0 0 8 5 1 6 3 7 4]
 [7 2 9 4 0 3 8 6 5]]
Number of cells unfilled: 12
Accuracy: 85.18518518518519
Sample: 29281
Question:
[[0 0 8 2 0 0 0 0 0]
 [0 0 5 0 0 1 0 2 6]
 [0 0 4 5 0 3 0 0 0]
 [0 0 0 4 2 0 0 5 0]
 [3 0 0 0 0 0 0 0 0]
 [0 0 0 6 0 0 0 8 0]
 [1 0 0 0 9 4 3 0 0]
 [0 0 0 0 0 0 0 0 5]
 [0 0 0 0 0 7 8 0 0]]
Solution:
[[8 3 5 6 7 1 9 2 0]
 [9 1 7 0 4 2 0 8 3]
 [2 0 4 3 9 0 6 5 1]
 [4 8 1 9 6 7 5 3 0]
 [5 9 2 0 3 4 7 0 6]
 [3 7 6 1 8 5 2 4 9]
 [7 5 3 0 0 9 0 1 2]
 [6 0 0 5 1 8 3 7 4]
 [1 2 9 4 0 3 8 6 5]]
Number of cells unfilled: 14
Accuracy: 82.71604938271605
Sample: 29282
Question:
[[3 0 0 0 0 6 0 0 0]
 [0 6 0 4 2 0 0 0 0]
 [0 1 0 0 3 0 0 0 0]
 [0 0 0 0 1 0 6 0 5]
 [0 7 0 0 0 0 0 3 0]
 [0 0 2 0 6 8 0 0 0]
 [0 5 0 0 0 0 0 7 0]
 [0 0 0 9 0 0 2 0 8]
 [9 0 0 2 0 7 0 4 0]]
Solution:
[[8 3 5 6 7 1 9 2 0]
 [9 1 7 0 4 2 0 8 3]
 [2 0 4 3 5 8 6 0 1]
 [4 8 1 2 6 7 5 3 0]
 [5 9 2 0 3 4 7 0 6]
 [3 7 6 1 8 5 2 4 9]
 [7 5 3 8 0 9 0 1 2]
 [0 0 8 5 1 6 3 7 4]
 [1 2 9 4 0 3 8 6 5]]
Number of cells unfilled: 13
Accuracy: 83.9506172839506
Sample: 29283
Question:
[[0 0 0 2 0 8 5 9 1]
 [0 8 0 0 0 0 3 0 0]
 [0 0 2 0 0 3 0 7 8]
 [3 4 0 8 0 0 0 0 0]
 [0 1 6 0 0 0 0 0 5]
 [0 0 7 9 3 0 0 0 0]
 [0 0 0 6 4 0 0 0 2]
 [6 0 1 0 0 9 0 0 0]
 [0 0 0 0 0 2 6 0 0]]
Solution:
[[8 3 5 6 7 1 4 2 0]
 [9 1 7 0 4 2 0 8 3]
 [2 0 4 3 9 8 6 5 1]
 [4 8 1 9 6 7 5 3 0]
 [5 9 2 0 3 4 7 0 6]
 [3 7 6 1 8 5 2 4 9]
 [6 5 3 8 0 9 0 1 2]
 [0 0 8 5 1 6 3 7 4]
 [7 2 9 4 0 3 8 6 5]]
Number of cells unfilled: 12
Accuracy: 85.18518518518519
Sample: 29284
Question:
[[0 0 3 0 9 4 0 0 8]
 [2 0 0 6 5 0 1 0 0]
 [7 8 0 0 0 3 0 0 0]
 [9 0 0 8 0 6 0 0 0]
 [0 5 0 0 0 0 0 0 0]
 [0 0 0 0 4 0 0 3 6]
 [0 0 0 0 0 0 0 8 0]
 [0 0 0 0 0 0 6 5 0]
 [8 0 0 5 6 2 0 9 4]]
Solution:
[[8 3 5 6 7 1 4 2 0]
 [9 1 7 0 4 2 0 8 3]
 [2 0 4 3 9 8 6 5 1]
 [4 8 1 9 6 7 5 3 0]
 [5 9 2 0 3 4 7 0 6]
 [3 7 6 1 8 5 2 4 9]
 [6 4 3 7 0 9 0 1 2]
 [0 0 8 5 1 6 3 7 4]
 [7 2 9 4 0 3 8 6 5]]
Number of cells unfilled: 12
Accuracy: 85.18518518518519
Sample: 29285
Question:
[[0 1 0 5 0 0 0 0 0]
 [0 0 5 0 0 0 7 0 9]
 [0 2 7 0 4 0 5 0 0]
 [8 0 0 0 1 6 0 7 0]
 [0 0 0 0 0 0 6 0 0]
 [5 9 0 0 0 3 0 0 0]
 [0 3 0 0 0 2 0 0 0]
 [0 0 0 4 3 0 0 0 8]
 [2 0 0 0 0 5 0 4 0]]
Solution:
[[8 3 5 6 7 1 9 2 0]
 [9 1 7 0 4 2 0 8 3]
 [2 0 4 3 5 8 6 0 1]
 [4 8 1 9 6 7 5 3 0]
 [5 9 2 0 3 4 7 0 6]
 [3 7 6 1 8 5 2 4 9]
 [6 5 3 8 2 9 0 1 0]
 [0 0 8 5 1 6 3 7 4]
 [1 2 9 4 0 3 8 6 5]]
Number of cells unfilled: 13
Accuracy: 83.9506172839506
Sample: 29286
Question:
[[0 0 0 0 3 0 0 0 1]
 [3 0 0 1 0 0 9 8 0]
 [0 0 1 0 0 9 0 7 0]
 [0 6 0 0 0 0 5 0 0]
 [1 0 0 0 0 7 0 0 8]
 [9 0 0 6 0 1 0 0 3]
 [8 0 0 0 0 3 0 0 7]
 [0 0 4 0 2 0 1 0 0]
 [0 0 0 0 0 0 0 0 0]]
Solution:
[[8 3 5 6 7 1 4 2 0]
 [9 1 7 0 4 2 0 8 3]
 [2 0 4 3 5 8 6 9 1]
 [4 8 1 9 6 7 5 3 0]
 [5 9 2 0 3 4 7 0 6]
 [3 7 6 1 8 5 2 4 9]
 [6 5 3 8 2 9 0 1 0]
 [0 0 8 5 1 6 3 7 4]
 [1 2 9 4 0 3 8 6 5]]
Number of cells unfilled: 12
Accuracy: 85.18518518518519
Sample: 29287
Question:
[[0 0 0 9 0 0 0 0 0]
 [4 0 0 0 7 0 0 0 5]
 [6 0 7 0 0 5 0 9 0]
 [5 0 2 0 0 0 1 0 0]
 [0 9 0 0 5 1 0 7 0]
 [0 6 0 0 4 0 0 5 0]
 [0 0 0 0 0 0 0 0 0]
 [0 0 5 3 0 0 0 0 8]
 [0 4 0 0 9 0 0 6 0]]
Solution:
[[8 3 5 6 7 1 9 2 0]
 [9 1 7 0 4 2 0 8 3]
 [2 0 4 3 9 8 6 5 1]
 [4 8 1 2 6 7 5 3 0]
 [5 9 2 0 3 4 7 0 6]
 [3 7 6 1 8 5 2 4 9]
 [6 5 3 7 0 9 0 1 2]
 [0 0 8 5 1 6 3 7 4]
 [7 2 9 4 0 3 8 6 5]]
Number of cells unfilled: 12
Accuracy: 85.18518518518519
Sample: 29288
Question:
[[5 0 6 0 0 9 1 0 0]
 [0 0 3 5 0 0 0 0 9]
 [0 9 0 0 1 0 0 0 0]
 [0 0 0 0 7 0 0 0 2]
 [0 3 0 1 0 0 6 0 0]
 [6 0 0 0 0 0 0 0 0]
 [0 1 0 9 0 8 5 0 0]
 [0 6 0 3 0 0 9 0 0]
 [4 0 0 0 0 0 0 8 0]]
Solution:
[[8 3 5 6 7 1 4 2 0]
 [9 1 7 0 4 2 0 8 3]
 [2 0 4 3 5 8 6 9 1]
 [4 8 1 9 6 7 5 3 0]
 [5 9 2 0 3 4 7 0 6]
 [3 7 6 1 8 5 2 4 9]
 [6 4 3 7 0 9 0 1 2]
 [0 0 8 5 1 6 3 7 4]
 [7 2 9 4 0 3 8 6 5]]
Number of cells unfilled: 12
Accuracy: 85.18518518518519
Sample: 29289
Question:
[[0 1 0 0 0 0 0 6 5]
 [0 0 0 0 0 4 0 2 7]
 [7 0 0 5 0 0 9 0 0]
 [0 0 0 0 0 3 2 0 0]
 [0 0 0 0 8 0 0 0 9]
 [6 0 0 2 0 9 0 7 0]
 [9 0 0 6 0 0 0 0 2]
 [0 8 0 0 4 0 0 0 0]
 [0 6 3 0 0 1 0 0 0]]
Solution:
[[8 3 5 6 7 1 9 2 0]
 [9 1 7 0 4 2 0 8 3]
 [2 0 4 3 9 8 6 5 1]
 [4 8 1 2 6 7 5 3 0]
 [5 9 2 0 3 4 7 0 6]
 [3 7 6 1 8 5 2 4 9]
 [7 5 3 8 2 9 0 1 0]
 [0 0 8 5 1 6 3 7 4]
 [1 2 9 4 0 3 8 6 5]]
Number of cells unfilled: 12
Accuracy: 85.18518518518519
Sample: 29290
Question:
[[0 8 9 5 0 0 0 0 3]
 [0 0 0 0 9 8 0 4 0]
 [0 0 0 0 3 1 0 0 0]
 [0 1 5 0 0 9 0 0 8]
 [0 0 0 0 5 0 2 0 0]
 [7 0 0 0 0 0 0 0 0]
 [0 0 0 0 0 0 0 6 0]
 [0 0 2 0 0 5 0 0 0]
 [0 5 3 0 8 0 0 0 9]]
Solution:
[[8 3 5 6 7 1 9 2 0]
 [9 1 7 0 4 2 0 8 3]
 [2 0 4 3 5 8 6 0 1]
 [4 8 1 2 6 7 5 3 9]
 [5 9 2 0 3 4 7 0 6]
 [3 7 6 1 8 5 2 4 0]
 [6 5 3 7 0 9 0 1 2]
 [0 0 8 5 1 6 3 7 4]
 [1 2 9 4 0 3 8 6 5]]
Number of cells unfilled: 13
Accuracy: 83.9506172839506
Sample: 29291
Question:
[[0 6 0 0 0 0 0 5 7]
 [0 0 0 0 0 0 3 0 0]
 [1 0 0 7 9 0 0 6 0]
 [0 0 0 0 0 0 0 0 0]
 [8 0 3 5 0 2 0 1 0]
 [0 0 0 1 0 0 4 2 0]
 [0 8 0 0 1 0 0 0 9]
 [2 0 6 0 8 0 0 0 0]
 [0 0 0 0 2 5 0 0 0]]
Solution:
[[8 3 5 6 7 1 4 2 0]
 [9 1 7 0 4 2 0 8 3]
 [2 0 4 3 5 8 6 9 1]
 [4 8 1 2 6 7 5 3 0]
 [5 9 2 0 3 4 7 0 6]
 [3 7 6 1 8 5 2 4 9]
 [6 4 3 7 2 9 0 1 0]
 [0 0 8 5 1 6 3 7 4]
 [1 2 9 4 0 3 8 6 5]]
Number of cells unfilled: 12
Accuracy: 85.18518518518519
Sample: 29292
Question:
[[0 0 8 0 0 4 0 6 0]
 [6 4 0 0 0 0 1 0 0]
 [9 0 0 0 0 0 0 0 3]
 [0 5 2 0 7 0 8 0 0]
 [8 0 0 0 0 9 0 5 0]
 [0 0 0 0 0 0 3 0 0]
 [2 0 0 7 4 0 0 0 0]
 [0 0 6 0 1 0 0 0 0]
 [0 8 0 0 0 5 0 2 0]]
Solution:
[[8 3 5 6 7 1 9 2 0]
 [9 1 7 0 4 2 0 8 3]
 [2 0 4 3 9 8 6 5 1]
 [4 8 1 2 6 7 5 3 0]
 [5 9 2 0 3 4 7 0 6]
 [3 7 6 1 8 5 2 4 9]
 [6 5 3 7 2 9 0 1 0]
 [0 0 8 5 1 6 3 7 4]
 [1 2 9 4 0 3 8 6 5]]
Number of cells unfilled: 12
Accuracy: 85.18518518518519
Sample: 29293
Question:
[[0 0 4 0 0 6 3 0 0]
 [3 2 0 0 1 0 0 0 0]
 [8 6 0 0 0 0 0 0 5]
 [0 0 0 9 0 0 0 5 0]
 [4 0 0 0 0 8 6 0 0]
 [0 3 0 7 0 0 0 0 8]
 [6 0 0 0 7 0 0 2 0]
 [0 0 0 6 0 0 0 1 0]
 [0 4 0 0 0 2 8 0 0]]
Solution:
[[8 3 5 6 7 1 4 2 0]
 [9 1 7 0 4 2 0 8 3]
 [2 0 4 3 9 8 6 5 1]
 [4 8 1 2 6 7 5 3 9]
 [5 9 2 0 3 4 7 0 6]
 [3 7 6 1 8 5 2 4 0]
 [6 4 3 7 2 9 0 1 0]
 [0 0 8 5 1 6 3 7 4]
 [1 2 9 4 0 3 8 6 5]]
Number of cells unfilled: 12
Accuracy: 85.18518518518519
Sample: 29294
Question:
[[0 0 1 0 0 2 9 0 0]
 [0 0 0 1 0 7 0 0 0]
 [0 0 0 3 8 0 0 0 0]
 [3 0 0 0 1 0 0 7 0]
 [0 1 0 2 0 8 0 6 0]
 [5 0 0 0 0 6 3 0 4]
 [7 0 0 0 0 0 0 2 0]
 [9 0 2 0 7 0 6 5 3]
 [0 0 0 0 0 0 0 0 0]]
Solution:
[[8 3 5 6 7 1 4 2 0]
 [9 1 7 0 4 2 0 8 3]
 [2 0 4 3 9 8 6 5 1]
 [4 8 1 9 6 7 5 3 0]
 [5 9 2 0 3 4 7 0 6]
 [3 7 6 1 8 5 2 4 9]
 [6 4 3 7 2 9 0 1 0]
 [0 0 8 5 1 6 3 7 4]
 [1 2 9 4 0 3 8 6 5]]
Number of cells unfilled: 12
Accuracy: 85.18518518518519
Sample: 29295
Question:
[[0 0 3 0 0 0 0 0 0]
 [1 7 0 0 0 8 0 0 5]
 [0 0 0 0 3 0 0 9 0]
 [7 0 6 0 0 5 0 0 0]
 [0 8 0 0 1 0 5 0 0]
 [0 0 0 8 0 0 0 0 6]
 [0 0 0 2 0 0 0 4 1]
 [0 6 0 0 0 1 9 0 7]
 [4 0 0 0 0 0 2 0 0]]
Solution:
[[8 3 5 6 7 1 9 2 0]
 [9 1 7 0 4 2 0 8 3]
 [2 0 4 3 9 8 6 5 1]
 [4 8 1 9 6 7 5 3 0]
 [5 9 2 0 3 4 7 0 6]
 [3 7 6 1 8 5 2 4 9]
 [6 5 3 8 2 9 0 1 0]
 [0 0 8 5 1 6 3 7 4]
 [7 2 9 4 0 3 8 6 5]]
Number of cells unfilled: 12
Accuracy: 85.18518518518519
Sample: 29296
Question:
[[0 0 0 0 0 3 0 1 0]
 [0 0 0 0 0 6 9 0 0]
 [0 0 5 0 2 0 0 7 0]
 [0 7 6 0 5 4 0 0 2]
 [3 4 0 0 0 7 0 0 0]
 [0 0 2 0 0 0 0 0 0]
 [4 0 0 3 0 0 0 0 0]
 [6 0 3 7 0 2 0 0 0]
 [0 2 7 0 0 5 0 0 6]]
Solution:
[[8 3 5 6 7 1 4 2 0]
 [9 1 7 0 4 2 0 8 3]
 [2 0 4 3 9 8 6 5 1]
 [4 8 1 2 6 7 5 3 9]
 [5 9 2 0 3 4 7 0 6]
 [3 7 6 1 8 5 2 4 0]
 [6 4 3 7 2 9 0 1 0]
 [0 0 8 5 1 6 3 7 4]
 [7 2 9 4 0 3 8 6 5]]
Number of cells unfilled: 12
Accuracy: 85.18518518518519
Sample: 29297
Question:
[[0 0 0 0 0 6 0 0 0]
 [7 0 4 0 1 0 0 0 0]
 [0 6 1 5 4 0 0 0 2]
 [0 0 0 0 6 0 3 0 0]
 [0 0 0 0 7 0 0 9 0]
 [0 5 0 2 0 0 0 1 0]
 [4 0 0 0 0 7 0 0 0]
 [0 1 2 0 5 0 0 0 6]
 [6 7 0 0 2 1 0 0 0]]
Solution:
[[8 3 5 6 7 1 4 2 0]
 [9 1 7 0 4 2 0 8 3]
 [2 0 4 3 5 8 6 9 1]
 [4 8 1 2 6 7 5 3 9]
 [5 9 2 0 3 4 7 0 6]
 [3 7 6 1 8 5 2 4 0]
 [6 5 3 8 2 9 0 1 0]
 [0 0 8 5 1 6 3 7 4]
 [7 2 9 4 0 3 8 6 5]]
Number of cells unfilled: 12
Accuracy: 85.18518518518519
Sample: 29298
Question:
[[1 0 4 0 0 0 2 0 9]
 [8 0 0 0 9 0 4 1 0]
 [0 0 2 0 0 0 0 0 7]
 [2 0 0 0 0 5 0 0 0]
 [9 0 0 6 0 0 0 0 0]
 [0 1 0 0 0 4 8 0 0]
 [0 0 9 0 0 0 0 0 0]
 [7 8 0 0 1 0 0 4 0]
 [4 0 0 0 0 9 0 7 2]]
Solution:
[[8 3 5 6 7 1 9 2 0]
 [9 1 7 0 4 2 0 8 3]
 [2 0 4 3 9 0 6 5 1]
 [4 8 1 2 6 7 5 3 0]
 [5 9 2 0 3 4 7 0 6]
 [3 7 6 1 8 5 2 4 9]
 [7 5 3 0 0 9 0 1 2]
 [6 0 0 5 1 8 3 7 4]
 [1 2 9 4 0 3 8 6 5]]
Number of cells unfilled: 14
Accuracy: 82.71604938271605
Sample: 29299
Question:
[[5 0 3 0 0 0 7 4 0]
 [4 1 0 3 0 0 0 5 2]
 [0 0 0 0 0 0 0 0 0]
 [7 0 0 0 0 9 0 0 0]
 [0 3 0 0 0 5 0 0 1]
 [2 0 0 0 8 0 0 0 0]
 [3 0 5 0 0 0 2 0 7]
 [0 0 7 0 0 0 4 0 0]
 [1 0 0 2 0 0 0 3 5]]
Solution:
[[8 3 5 6 7 1 9 2 0]
 [9 1 7 0 4 2 0 8 3]
 [2 0 4 3 5 8 6 0 1]
 [4 8 1 2 6 7 5 3 9]
 [5 9 2 0 3 4 7 0 6]
 [3 7 6 1 8 5 2 4 0]
 [6 5 3 8 2 9 0 1 0]
 [0 0 8 5 1 6 3 7 4]
 [7 2 9 4 0 3 8 6 5]]
Number of cells unfilled: 13
Accuracy: 83.9506172839506
Sample: 29300
Question:
[[8 3 0 0 7 0 0 2 0]
 [0 1 7 0 0 0 0 8 3]
 [0 0 4 0 0 0 0 0 1]
 [4 0 1 0 0 7 0 3 0]
 [0 0 0 0 0 0 0 0 0]
 [3 7 0 0 8 0 2 4 0]
 [0 0 0 0 0 9 0 1 0]
 [0 0 0 5 0 0 0 7 0]
 [0 2 0 0 0 3 8 0 0]]
Solution:
[[8 3 5 6 7 1 9 2 0]
 [9 1 7 0 4 2 0 8 3]
 [2 0 4 3 9 0 6 5 1]
 [4 8 1 9 6 7 5 3 0]
 [5 9 2 0 3 4 7 0 6]
 [3 7 6 1 8 5 2 4 9]
 [0 5 3 7 2 9 0 1 0]
 [6 0 0 5 1 8 3 7 4]
 [7 2 9 4 0 3 8 6 5]]
Number of cells unfilled: 14
Accuracy: 82.71604938271605
