2025-10-22 14:32:32.725619: I tensorflow/core/util/port.cc:153] oneDNN custom operations are on. You may see slightly different numerical results due to floating-point round-off errors from different computation orders. To turn them off, set the environment variable `TF_ENABLE_ONEDNN_OPTS=0`.
2025-10-22 14:32:32.830240: I tensorflow/core/platform/cpu_feature_guard.cc:210] This TensorFlow binary is optimized to use available CPU instructions in performance-critical operations.
To enable the following instructions: AVX2 AVX512F AVX512_VNNI FMA, in other operations, rebuild TensorFlow with the appropriate compiler flags.
2025-10-22 14:32:37.536164: I tensorflow/core/util/port.cc:153] oneDNN custom operations are on. You may see slightly different numerical results due to floating-point round-off errors from different computation orders. To turn them off, set the environment variable `TF_ENABLE_ONEDNN_OPTS=0`.
2025-10-22 14:32:43.831840: E external/local_xla/xla/stream_executor/cuda/cuda_platform.cc:51] failed call to cuInit: INTERNAL: CUDA error: Failed call to cuInit: UNKNOWN ERROR (303)
Sample: 31601
Question:
[[8 0 0 0 1 0 0 0 0]
 [0 4 0 6 0 0 1 0 0]
 [0 0 6 0 0 7 0 9 0]
 [5 0 0 0 0 0 0 0 9]
 [0 7 0 0 0 6 8 0 0]
 [0 0 3 4 0 0 0 2 0]
 [0 2 0 0 0 3 0 4 0]
 [3 0 0 2 0 0 9 0 0]
 [0 0 1 0 5 0 0 0 2]]
Solution:
[[3 2 5 6 0 7 0 8 1]
 [1 7 9 0 4 8 3 0 2]
 [4 0 8 2 1 3 9 0 5]
 [5 9 7 3 2 0 8 6 4]
 [8 6 1 5 7 4 2 9 3]
 [2 3 4 9 6 1 5 7 0]
 [0 8 6 1 0 5 7 3 9]
 [9 5 2 4 3 6 1 0 8]
 [7 1 3 8 9 0 4 2 6]]
Number of cells unfilled: 12
Accuracy: 85.18518518518519
Sample: 31602
Question:
[[0 0 1 0 0 4 0 8 9]
 [0 0 8 0 0 1 2 0 0]
 [3 0 0 9 0 6 0 7 0]
 [0 5 0 0 0 9 0 0 7]
 [0 0 0 0 0 0 0 0 0]
 [6 0 4 0 0 2 8 0 3]
 [0 0 0 5 0 7 0 0 0]
 [0 0 0 0 4 0 7 0 1]
 [0 8 0 0 0 0 0 0 2]]
Solution:
[[3 2 5 6 0 7 0 8 1]
 [1 7 9 0 4 8 3 5 2]
 [4 0 8 2 5 3 9 0 7]
 [5 9 7 3 2 0 8 6 4]
 [8 6 1 9 7 4 2 0 3]
 [2 3 4 0 6 1 5 7 9]
 [0 8 6 1 0 5 7 3 0]
 [9 5 2 4 3 6 1 0 8]
 [7 1 3 8 9 0 4 2 6]]
Number of cells unfilled: 13
Accuracy: 83.9506172839506
Sample: 31603
Question:
[[3 0 5 4 0 0 8 9 0]
 [0 0 4 0 0 0 0 0 0]
 [7 1 8 0 0 3 5 0 0]
 [0 8 0 0 0 0 0 0 0]
 [0 4 0 0 2 0 9 6 0]
 [0 0 0 0 8 0 0 2 0]
 [0 0 1 0 4 0 3 0 9]
 [0 6 3 0 1 0 0 7 0]
 [0 0 0 9 0 0 0 0 0]]
Solution:
[[3 2 5 6 0 7 0 8 1]
 [1 7 9 0 4 8 6 5 2]
 [4 0 8 2 1 3 9 0 7]
 [5 9 7 3 2 0 8 6 4]
 [8 6 1 5 7 4 2 9 3]
 [2 3 4 9 6 1 5 7 0]
 [0 8 6 1 0 5 7 3 9]
 [9 5 2 4 3 6 1 0 8]
 [7 1 3 8 9 0 4 2 6]]
Number of cells unfilled: 11
Accuracy: 86.41975308641975
Sample: 31604
Question:
[[3 0 0 9 0 6 0 0 8]
 [0 0 0 0 1 0 0 0 0]
 [0 6 0 7 0 0 5 0 0]
 [0 0 2 8 0 0 0 0 0]
 [7 0 0 0 0 3 8 0 0]
 [0 0 0 0 0 0 0 4 0]
 [9 0 0 5 0 0 3 0 0]
 [0 1 0 0 6 0 0 0 0]
 [0 0 4 0 0 9 0 2 0]]
Solution:
[[3 2 5 6 0 7 0 8 1]
 [1 7 9 0 4 8 6 0 5]
 [4 0 8 2 5 3 9 0 7]
 [5 9 7 3 2 0 8 6 4]
 [8 6 1 5 7 4 2 9 3]
 [2 3 4 9 6 1 5 7 0]
 [0 8 6 1 0 5 7 3 9]
 [9 5 2 4 3 6 1 0 8]
 [7 1 3 8 9 0 4 2 6]]
Number of cells unfilled: 12
Accuracy: 85.18518518518519
Sample: 31605
Question:
[[0 0 0 6 0 0 0 0 0]
 [0 0 1 2 0 0 0 8 0]
 [0 0 0 7 3 0 2 0 9]
 [0 0 0 0 0 7 4 6 0]
 [0 0 0 0 1 0 7 0 0]
 [0 3 0 0 0 0 0 0 0]
 [0 0 6 0 0 4 5 0 0]
 [3 0 2 9 0 0 0 0 0]
 [0 9 5 0 8 0 0 0 7]]
Solution:
[[3 2 5 6 0 7 0 8 1]
 [1 7 9 0 4 8 3 0 2]
 [4 0 8 2 1 3 9 5 7]
 [5 9 7 3 2 0 8 6 4]
 [8 6 1 5 7 4 2 9 3]
 [2 3 4 9 6 1 5 7 0]
 [0 8 6 1 0 5 7 3 9]
 [9 5 2 4 3 6 1 0 8]
 [7 1 3 8 9 0 4 2 6]]
Number of cells unfilled: 11
Accuracy: 86.41975308641975
Sample: 31606
Question:
[[6 1 0 0 5 0 3 0 0]
 [0 0 2 3 0 0 1 0 6]
 [0 0 0 0 0 0 7 2 0]
 [1 0 8 0 4 0 0 6 7]
 [0 4 6 0 0 0 0 0 0]
 [2 0 0 0 0 8 0 0 1]
 [0 0 9 0 0 5 2 0 0]
 [0 0 0 8 0 0 0 0 0]
 [5 0 0 0 0 4 0 9 0]]
Solution:
[[3 2 5 6 0 7 0 8 1]
 [1 7 9 0 4 8 6 5 2]
 [4 0 8 2 5 3 9 0 7]
 [5 9 7 3 2 0 8 6 4]
 [8 6 1 9 7 4 2 0 3]
 [2 3 4 0 6 1 5 7 9]
 [0 8 6 1 0 5 7 3 0]
 [9 5 2 4 3 6 1 0 8]
 [7 1 3 8 9 0 4 2 6]]
Number of cells unfilled: 13
Accuracy: 83.9506172839506
Sample: 31607
Question:
[[0 8 0 0 0 0 0 9 0]
 [0 2 0 8 0 0 6 1 0]
 [5 0 7 9 0 0 0 0 0]
 [4 0 9 6 8 0 0 0 0]
 [0 0 8 0 0 4 0 0 0]
 [3 6 0 0 0 0 2 0 0]
 [0 0 0 5 0 0 0 0 0]
 [0 3 0 0 2 0 1 0 8]
 [7 0 1 0 0 0 0 0 0]]
Solution:
[[3 2 5 6 0 7 0 8 1]
 [1 7 9 0 4 8 6 0 2]
 [4 0 8 2 1 3 9 5 7]
 [5 9 7 3 2 0 8 6 4]
 [8 6 1 5 7 4 2 9 3]
 [2 3 4 9 6 1 5 7 0]
 [0 8 6 1 0 5 7 3 9]
 [9 5 2 4 3 6 1 0 8]
 [7 1 3 8 9 0 4 2 6]]
Number of cells unfilled: 11
Accuracy: 86.41975308641975
Sample: 31608
Question:
[[0 8 0 0 9 0 3 0 0]
 [0 0 0 0 5 0 0 9 8]
 [0 0 6 0 0 2 0 7 0]
 [0 6 0 4 0 0 0 0 0]
 [4 0 0 0 3 0 0 0 0]
 [0 0 7 0 0 9 0 5 0]
 [6 5 0 0 0 1 0 0 7]
 [0 0 1 9 0 0 0 0 0]
 [2 0 0 0 6 0 0 1 0]]
Solution:
[[3 2 5 6 0 7 0 8 1]
 [1 7 9 0 4 8 6 0 2]
 [4 0 8 2 1 3 9 5 7]
 [5 9 7 3 2 0 8 6 4]
 [8 6 1 5 7 4 2 9 3]
 [2 3 4 9 6 1 5 7 0]
 [0 8 6 1 0 5 7 3 9]
 [9 5 2 4 3 6 1 0 8]
 [7 1 3 8 9 0 4 2 6]]
Number of cells unfilled: 11
Accuracy: 86.41975308641975
Sample: 31609
Question:
[[0 0 0 2 0 0 0 7 0]
 [0 0 0 0 0 5 0 0 8]
 [6 0 0 0 1 0 9 0 0]
 [3 0 8 0 0 0 0 0 4]
 [0 6 9 0 4 0 3 0 0]
 [4 0 0 0 0 3 0 0 0]
 [0 0 3 0 0 0 0 0 5]
 [0 0 0 0 0 7 0 2 0]
 [1 0 0 0 9 0 8 0 0]]
Solution:
[[3 2 5 6 0 7 0 8 1]
 [1 7 9 0 4 8 3 0 2]
 [4 0 8 2 1 3 9 5 7]
 [5 9 7 3 2 0 8 6 4]
 [8 6 1 5 7 4 2 9 3]
 [2 3 4 9 6 1 5 7 0]
 [0 8 6 1 0 5 7 3 9]
 [9 5 2 4 3 6 1 0 8]
 [7 1 3 8 9 0 4 2 6]]
Number of cells unfilled: 11
Accuracy: 86.41975308641975
Sample: 31610
Question:
[[0 8 0 0 0 7 0 0 0]
 [0 0 2 0 4 0 0 0 0]
 [3 0 0 6 0 0 0 1 0]
 [9 0 0 3 0 0 0 6 0]
 [0 4 0 0 1 0 0 0 8]
 [0 0 7 0 0 2 0 0 0]
 [0 0 0 0 0 0 0 0 0]
 [1 0 0 0 0 0 6 5 3]
 [0 0 0 5 0 0 9 0 1]]
Solution:
[[3 2 5 6 0 7 0 8 1]
 [1 7 9 0 4 8 6 0 2]
 [4 0 8 2 1 3 9 0 5]
 [5 9 7 3 2 0 8 6 4]
 [8 6 1 5 7 4 2 9 3]
 [2 3 4 9 6 1 5 7 0]
 [0 8 6 1 0 5 7 3 9]
 [9 5 2 4 3 6 1 0 8]
 [7 1 3 8 9 0 4 2 6]]
Number of cells unfilled: 12
Accuracy: 85.18518518518519
Sample: 31611
Question:
[[0 0 0 0 0 2 4 0 0]
 [0 0 7 0 0 0 0 2 0]
 [0 4 0 1 0 0 0 0 6]
 [0 0 6 0 0 3 0 0 8]
 [4 0 0 8 0 0 0 5 0]
 [0 8 0 0 1 0 3 0 0]
 [9 0 0 0 0 0 0 8 0]
 [0 6 0 5 0 0 0 0 3]
 [0 0 1 0 9 0 7 0 0]]
Solution:
[[3 2 5 6 0 7 0 8 1]
 [1 7 9 0 4 8 6 0 5]
 [4 0 8 2 5 3 9 0 7]
 [5 9 7 3 2 0 8 6 4]
 [8 6 1 5 7 4 2 9 3]
 [2 3 4 9 6 1 5 7 0]
 [0 8 6 1 0 5 7 3 9]
 [9 5 2 4 3 6 1 0 8]
 [7 1 3 8 9 0 4 2 6]]
Number of cells unfilled: 12
Accuracy: 85.18518518518519
Sample: 31612
Question:
[[0 0 0 0 7 0 0 4 0]
 [6 0 0 2 0 0 3 0 0]
 [0 3 0 0 0 9 0 0 0]
 [8 0 0 4 0 0 0 0 6]
 [0 0 4 0 5 0 7 0 0]
 [0 9 0 0 0 1 0 0 0]
 [5 0 0 0 0 0 0 7 0]
 [0 0 2 8 0 0 5 0 0]
 [0 8 0 0 3 0 0 2 1]]
Solution:
[[3 2 5 6 0 7 0 8 1]
 [1 7 9 0 4 8 6 0 5]
 [4 0 8 2 5 3 9 0 7]
 [5 9 7 3 2 0 8 6 4]
 [8 6 1 5 7 4 2 9 3]
 [2 3 4 9 6 1 5 7 0]
 [0 8 6 1 0 5 7 3 9]
 [9 5 2 4 3 6 1 0 8]
 [7 1 3 8 9 0 4 2 6]]
Number of cells unfilled: 12
Accuracy: 85.18518518518519
Sample: 31613
Question:
[[0 9 5 0 2 7 0 0 0]
 [0 0 0 6 0 0 0 0 0]
 [3 8 0 0 0 4 0 0 7]
 [0 2 0 0 3 0 0 0 0]
 [0 0 0 0 0 0 0 0 1]
 [0 3 0 9 0 1 0 2 0]
 [8 0 0 1 4 0 0 0 6]
 [0 0 9 0 5 0 1 8 0]
 [4 0 0 0 0 0 0 9 5]]
Solution:
[[3 2 5 6 0 7 0 8 1]
 [1 7 9 0 4 8 6 0 2]
 [4 0 8 2 1 3 9 0 5]
 [5 9 7 3 2 0 8 6 4]
 [8 6 1 5 7 4 2 9 3]
 [2 3 4 9 6 1 5 7 0]
 [0 8 6 1 0 5 7 3 9]
 [9 5 2 4 3 6 1 0 8]
 [7 1 3 8 9 0 4 2 6]]
Number of cells unfilled: 12
Accuracy: 85.18518518518519
Sample: 31614
Question:
[[6 4 0 0 0 0 0 0 0]
 [8 0 0 7 6 5 0 9 4]
 [0 0 0 9 0 0 8 0 0]
 [5 1 7 0 0 0 0 0 0]
 [3 0 0 0 0 0 0 0 0]
 [0 8 0 0 1 0 3 7 0]
 [9 0 0 0 0 0 0 8 0]
 [0 0 0 0 0 0 7 2 6]
 [0 6 0 4 0 0 1 0 0]]
Solution:
[[3 2 5 6 0 7 0 8 1]
 [1 7 9 0 4 8 3 0 2]
 [4 0 8 2 1 3 9 0 5]
 [5 9 7 3 2 0 8 6 4]
 [8 6 1 5 7 4 2 9 3]
 [2 3 4 9 6 1 5 7 0]
 [0 8 6 1 0 5 7 3 9]
 [9 5 2 4 3 6 1 0 8]
 [7 1 3 8 9 0 4 2 6]]
Number of cells unfilled: 12
Accuracy: 85.18518518518519
Sample: 31615
Question:
[[0 0 2 0 0 9 0 0 7]
 [0 0 0 0 5 0 8 0 0]
 [4 0 0 7 3 1 5 6 0]
 [0 0 3 0 0 8 6 4 0]
 [1 0 7 2 0 4 0 0 0]
 [0 0 0 0 9 0 7 0 0]
 [2 0 0 0 0 6 4 8 3]
 [3 8 9 0 0 0 0 5 0]
 [0 1 0 5 0 0 0 0 9]]
Solution:
[[3 2 5 6 0 7 0 8 1]
 [1 7 9 0 4 8 3 0 2]
 [4 0 8 2 1 3 9 5 7]
 [5 9 7 3 2 0 8 6 4]
 [8 6 1 5 7 4 2 9 3]
 [2 3 4 9 6 1 5 7 0]
 [0 8 6 1 0 5 7 3 9]
 [9 5 2 4 3 6 1 0 8]
 [7 1 3 8 9 0 4 2 6]]
Number of cells unfilled: 11
Accuracy: 86.41975308641975
Sample: 31616
Question:
[[0 9 0 0 0 0 0 0 0]
 [0 0 5 0 0 8 4 0 0]
 [6 0 0 3 0 0 0 0 9]
 [0 0 2 7 4 0 0 5 0]
 [0 0 0 0 0 2 0 0 7]
 [0 0 0 5 8 0 2 0 0]
 [0 3 0 0 0 0 0 1 0]
 [1 0 0 0 6 0 0 0 0]
 [0 0 4 0 0 5 8 0 0]]
Solution:
[[3 2 5 6 0 7 0 8 1]
 [1 7 9 0 4 8 6 0 2]
 [4 0 8 2 1 3 9 5 7]
 [5 9 7 3 2 0 8 6 4]
 [8 6 1 5 7 4 2 9 3]
 [2 3 4 9 6 1 5 7 0]
 [0 8 6 1 0 5 7 3 9]
 [9 5 2 4 3 6 1 0 8]
 [7 1 3 8 9 0 4 2 6]]
Number of cells unfilled: 11
Accuracy: 86.41975308641975
Sample: 31617
Question:
[[0 0 3 0 0 7 0 6 0]
 [0 1 0 0 3 0 0 0 9]
 [5 0 0 0 0 0 3 8 0]
 [4 0 0 0 0 0 6 0 7]
 [0 0 0 0 0 0 0 0 0]
 [0 5 0 3 0 0 1 2 0]
 [0 9 0 0 7 0 4 1 0]
 [7 0 0 0 0 0 0 0 6]
 [2 4 0 0 0 9 0 0 0]]
Solution:
[[3 2 5 6 0 7 0 8 1]
 [1 7 9 0 4 8 6 0 2]
 [4 0 8 2 1 3 9 5 7]
 [5 9 7 3 2 0 8 6 4]
 [8 6 1 5 7 4 2 9 3]
 [2 3 4 9 6 1 5 7 0]
 [0 8 6 1 0 5 7 3 9]
 [9 5 2 4 3 6 1 0 8]
 [7 1 3 8 9 0 4 2 6]]
Number of cells unfilled: 11
Accuracy: 86.41975308641975
Sample: 31618
Question:
[[0 9 7 0 0 5 4 0 0]
 [0 0 0 0 2 0 0 9 0]
 [0 4 0 9 0 0 6 0 5]
 [0 0 0 2 5 0 0 0 0]
 [0 0 0 0 4 6 1 0 7]
 [0 7 0 0 0 0 0 2 4]
 [4 0 0 3 0 1 0 0 0]
 [1 0 2 0 0 0 0 8 0]
 [0 0 0 0 0 0 0 0 0]]
Solution:
[[3 2 5 6 0 7 0 8 1]
 [1 7 9 0 4 8 6 5 2]
 [4 0 8 2 5 3 9 0 7]
 [5 9 7 3 2 0 8 6 4]
 [8 6 1 5 7 4 2 9 3]
 [2 3 4 9 6 1 5 7 0]
 [0 8 6 1 0 5 7 3 9]
 [9 5 2 4 3 6 1 0 8]
 [7 1 3 8 9 0 4 2 6]]
Number of cells unfilled: 11
Accuracy: 86.41975308641975
Sample: 31619
Question:
[[0 0 0 0 0 3 0 7 0]
 [1 2 0 4 0 0 0 0 5]
 [0 0 0 0 0 0 2 0 0]
 [6 4 0 0 0 8 0 9 0]
 [0 8 0 3 6 0 0 4 0]
 [0 0 1 0 0 0 0 0 0]
 [5 0 0 6 0 0 0 0 0]
 [3 0 0 7 0 0 1 0 0]
 [8 7 0 0 1 0 0 0 9]]
Solution:
[[3 2 5 6 0 7 0 8 1]
 [1 7 9 5 4 8 3 0 2]
 [4 0 8 2 1 3 9 5 7]
 [5 9 7 3 2 0 8 6 4]
 [8 6 1 9 7 4 2 0 3]
 [2 3 4 0 6 1 5 7 9]
 [0 8 6 1 0 5 7 3 0]
 [9 5 2 4 3 6 1 0 8]
 [7 1 3 8 9 0 4 2 6]]
Number of cells unfilled: 12
Accuracy: 85.18518518518519
Sample: 31620
Question:
[[0 0 0 0 0 4 5 0 0]
 [0 0 0 0 1 0 0 0 0]
 [4 0 2 5 0 0 0 3 0]
 [0 7 0 0 6 0 0 0 0]
 [0 4 0 0 0 0 0 7 0]
 [9 0 5 7 0 0 0 0 3]
 [0 0 0 0 3 0 0 9 7]
 [7 0 9 2 0 0 3 0 0]
 [0 8 0 0 0 0 0 2 0]]
Solution:
[[3 2 5 6 0 7 0 8 1]
 [1 7 9 0 4 8 3 0 2]
 [4 0 8 2 1 3 9 5 7]
 [5 9 7 3 2 0 8 6 4]
 [8 6 1 5 7 4 2 9 3]
 [2 3 4 9 6 1 5 7 0]
 [0 8 6 1 0 5 7 3 9]
 [9 5 2 4 3 6 1 0 8]
 [7 1 3 8 9 0 4 2 6]]
Number of cells unfilled: 11
Accuracy: 86.41975308641975
Sample: 31621
Question:
[[0 0 7 0 0 5 0 0 8]
 [0 0 0 7 0 0 6 1 0]
 [1 0 0 0 8 0 0 0 0]
 [0 0 0 0 0 9 0 0 0]
 [0 0 6 0 5 0 0 0 0]
 [5 3 0 1 0 0 0 0 7]
 [6 0 3 5 0 0 0 0 1]
 [0 2 0 0 0 0 4 0 0]
 [7 0 0 8 0 0 0 0 6]]
Solution:
[[3 2 5 6 0 7 0 8 1]
 [1 7 9 0 4 8 6 5 2]
 [4 0 8 2 5 3 9 0 7]
 [5 9 7 3 2 0 8 6 4]
 [8 6 1 5 7 4 2 9 3]
 [2 3 4 9 6 1 5 7 0]
 [0 8 6 1 0 5 7 3 9]
 [9 5 2 4 3 6 1 0 8]
 [7 1 3 8 9 0 4 2 6]]
Number of cells unfilled: 11
Accuracy: 86.41975308641975
Sample: 31622
Question:
[[0 0 9 0 0 7 0 5 0]
 [8 4 0 0 0 0 7 0 0]
 [0 0 0 8 0 0 0 0 9]
 [0 0 0 0 0 0 0 3 0]
 [0 8 0 0 0 4 0 0 0]
 [0 0 7 5 6 0 8 0 0]
 [0 0 4 7 0 0 9 0 0]
 [0 0 8 4 0 6 5 0 0]
 [0 1 0 0 2 0 0 0 0]]
Solution:
[[3 2 5 6 0 7 0 8 1]
 [1 7 9 0 4 8 6 5 2]
 [4 0 8 2 5 3 9 0 7]
 [5 9 7 3 2 0 8 6 4]
 [8 6 1 9 7 4 2 0 3]
 [2 3 4 0 6 1 5 7 9]
 [0 8 6 1 0 5 7 3 0]
 [9 5 2 4 3 6 1 0 8]
 [7 1 3 8 9 0 4 2 6]]
Number of cells unfilled: 13
Accuracy: 83.9506172839506
Sample: 31623
Question:
[[0 5 0 0 0 0 0 4 0]
 [0 0 0 0 0 0 0 0 0]
 [0 0 8 0 1 0 9 0 5]
 [0 0 0 0 7 0 0 6 0]
 [0 0 1 5 0 0 7 0 0]
 [9 0 0 0 2 0 5 0 1]
 [0 1 0 0 9 0 2 0 8]
 [8 0 9 2 0 0 0 0 0]
 [0 0 2 0 0 3 0 0 0]]
Solution:
[[3 2 5 6 0 7 0 8 1]
 [1 7 9 0 4 8 3 5 2]
 [4 0 8 2 5 3 9 0 7]
 [5 9 7 3 2 0 8 6 4]
 [8 6 1 5 7 4 2 9 3]
 [2 3 4 9 6 1 5 7 0]
 [0 8 6 1 0 5 7 3 9]
 [9 5 2 4 3 6 1 0 8]
 [7 1 3 8 9 0 4 2 6]]
Number of cells unfilled: 11
Accuracy: 86.41975308641975
Sample: 31624
Question:
[[0 6 2 5 0 0 0 9 0]
 [0 0 4 0 0 6 2 0 0]
 [7 0 0 0 0 0 0 4 0]
 [0 0 0 3 0 5 0 0 0]
 [0 0 0 0 0 9 0 0 1]
 [0 3 9 0 6 0 0 5 0]
 [0 2 5 0 0 3 0 6 0]
 [8 0 0 0 2 0 5 0 0]
 [0 0 0 0 0 0 0 0 0]]
Solution:
[[3 2 5 6 0 7 0 8 1]
 [1 7 9 0 4 8 3 5 2]
 [4 0 8 2 5 3 9 0 7]
 [5 9 7 3 2 0 8 6 4]
 [8 6 1 5 7 4 2 9 3]
 [2 3 4 9 6 1 5 7 0]
 [0 8 6 1 0 5 7 3 9]
 [9 5 2 4 3 6 1 0 8]
 [7 1 3 8 9 0 4 2 6]]
Number of cells unfilled: 11
Accuracy: 86.41975308641975
Sample: 31625
Question:
[[0 0 6 0 0 5 7 0 0]
 [0 0 0 0 6 0 0 0 9]
 [7 0 2 0 0 8 0 0 0]
 [0 2 0 0 0 9 0 0 6]
 [4 0 0 0 8 0 3 0 0]
 [0 9 0 3 0 0 0 0 0]
 [2 0 0 0 0 0 0 1 0]
 [0 4 5 9 0 0 6 3 0]
 [3 7 0 8 0 0 0 0 4]]
Solution:
[[3 2 5 6 0 7 0 8 1]
 [1 7 9 0 4 8 6 0 2]
 [4 0 8 2 1 3 9 5 7]
 [5 9 7 3 2 0 8 6 4]
 [8 6 1 5 7 4 2 9 3]
 [2 3 4 9 6 1 5 7 0]
 [0 8 6 1 0 5 7 3 9]
 [9 5 2 4 3 6 1 0 8]
 [7 1 3 8 9 0 4 2 6]]
Number of cells unfilled: 11
Accuracy: 86.41975308641975
Sample: 31626
Question:
[[0 1 0 2 0 0 0 0 5]
 [7 0 0 0 0 5 1 0 0]
 [0 0 9 0 1 0 0 0 6]
 [0 0 6 0 0 0 0 3 0]
 [0 2 0 0 7 0 6 0 0]
 [8 0 0 6 0 0 0 0 4]
 [0 0 0 3 0 0 0 0 8]
 [0 9 0 0 2 0 5 0 0]
 [0 0 7 0 0 4 0 0 0]]
Solution:
[[3 2 5 6 0 7 0 8 1]
 [1 7 9 0 4 8 3 5 2]
 [4 0 8 2 5 3 9 0 7]
 [5 9 7 3 2 0 8 6 4]
 [8 6 1 9 7 4 2 0 3]
 [2 3 4 0 6 1 5 7 9]
 [0 8 6 1 0 5 7 3 0]
 [9 5 2 4 3 6 1 0 8]
 [7 1 3 8 9 0 4 2 6]]
Number of cells unfilled: 13
Accuracy: 83.9506172839506
Sample: 31627
Question:
[[0 0 6 0 0 1 5 0 0]
 [3 0 0 4 0 0 0 0 0]
 [0 2 0 0 0 0 0 0 9]
 [0 4 0 0 0 0 0 0 3]
 [9 0 0 0 0 0 0 2 0]
 [0 0 1 0 0 8 6 0 0]
 [0 0 0 0 0 5 0 7 0]
 [0 5 0 1 0 0 8 0 0]
 [0 0 7 8 6 0 0 0 0]]
Solution:
[[3 2 5 6 0 7 0 8 1]
 [1 7 9 0 4 8 3 5 2]
 [4 0 8 2 5 3 9 0 7]
 [5 9 7 3 2 0 8 6 4]
 [8 6 1 5 7 4 2 9 3]
 [2 3 4 9 6 1 5 7 0]
 [0 8 6 1 0 5 7 3 9]
 [9 5 2 4 3 6 1 0 8]
 [7 1 3 8 9 0 4 2 6]]
Number of cells unfilled: 11
Accuracy: 86.41975308641975
Sample: 31628
Question:
[[0 0 9 0 0 0 0 5 0]
 [1 0 0 0 0 0 2 0 8]
 [0 5 0 2 0 0 1 0 0]
 [9 0 0 1 0 0 0 8 0]
 [0 0 0 0 4 3 0 0 0]
 [0 0 0 0 0 0 7 0 0]
 [0 4 6 0 0 0 0 0 0]
 [8 0 0 5 7 0 0 2 0]
 [5 0 0 4 0 0 0 1 0]]
Solution:
[[3 2 5 6 0 7 0 8 1]
 [1 7 9 5 4 8 6 0 2]
 [4 0 8 2 1 3 9 5 7]
 [5 9 7 3 2 0 8 6 4]
 [8 6 1 9 7 4 2 0 3]
 [2 3 4 0 6 1 5 7 9]
 [0 8 6 1 0 5 7 3 0]
 [9 5 2 4 3 6 1 0 8]
 [7 1 3 8 9 0 4 2 6]]
Number of cells unfilled: 12
Accuracy: 85.18518518518519
Sample: 31629
Question:
[[0 0 0 0 0 1 4 2 0]
 [0 0 0 0 8 0 0 0 6]
 [0 0 0 2 0 0 9 0 0]
 [9 0 0 0 0 0 0 0 0]
 [0 7 0 0 5 0 0 0 0]
 [2 0 0 9 0 4 0 3 0]
 [1 0 0 3 0 0 0 9 0]
 [0 5 0 0 6 0 0 0 0]
 [0 0 8 0 0 0 0 0 7]]
Solution:
[[3 2 5 6 0 7 0 8 1]
 [1 7 9 0 4 8 3 0 5]
 [4 0 8 2 5 3 9 0 7]
 [5 9 7 3 2 0 8 6 4]
 [8 6 1 5 7 4 2 9 3]
 [2 3 4 9 6 1 5 7 0]
 [0 8 6 1 0 5 7 3 9]
 [9 5 2 4 3 6 1 0 8]
 [7 1 3 8 9 0 4 2 6]]
Number of cells unfilled: 12
Accuracy: 85.18518518518519
Sample: 31630
Question:
[[0 0 5 0 1 0 0 0 4]
 [0 0 0 3 0 0 7 0 0]
 [0 1 3 0 9 0 0 0 6]
 [0 5 2 1 0 0 8 0 3]
 [0 0 0 0 0 0 0 5 0]
 [8 0 0 0 0 0 0 0 0]
 [0 0 0 9 3 0 4 0 0]
 [4 0 0 8 0 5 2 9 0]
 [0 0 0 0 7 0 0 0 8]]
Solution:
[[3 2 5 6 0 7 0 8 1]
 [1 7 9 0 4 8 6 5 2]
 [4 0 8 2 5 3 9 0 7]
 [5 9 7 3 2 0 8 6 4]
 [8 6 1 5 7 4 2 9 3]
 [2 3 4 9 6 1 5 7 0]
 [0 8 6 1 0 5 7 3 9]
 [9 5 2 4 3 6 1 0 8]
 [7 1 3 8 9 0 4 2 6]]
Number of cells unfilled: 11
Accuracy: 86.41975308641975
Sample: 31631
Question:
[[0 0 2 0 0 7 0 4 0]
 [0 0 6 0 0 0 8 0 0]
 [9 0 0 0 8 0 0 0 0]
 [2 0 0 3 0 0 0 7 0]
 [0 0 7 0 4 0 0 0 0]
 [3 6 0 0 0 2 1 0 0]
 [0 0 0 5 0 0 0 0 9]
 [0 5 0 0 1 0 4 0 0]
 [0 0 3 0 0 6 0 1 0]]
Solution:
[[3 2 5 6 0 7 0 8 1]
 [1 7 9 5 4 8 6 0 2]
 [4 0 8 2 1 3 9 5 7]
 [5 9 7 3 2 0 8 6 4]
 [8 6 1 9 7 4 2 0 3]
 [2 3 4 0 6 1 5 7 9]
 [0 8 6 1 0 5 7 3 0]
 [9 5 2 4 3 6 1 0 8]
 [7 1 3 8 9 0 4 2 6]]
Number of cells unfilled: 12
Accuracy: 85.18518518518519
Sample: 31632
Question:
[[2 7 0 0 0 1 0 0 0]
 [0 0 0 0 2 0 0 0 0]
 [4 5 0 0 0 0 0 2 8]
 [0 0 0 0 0 0 0 0 6]
 [0 8 9 0 0 0 0 1 0]
 [0 0 4 0 7 0 0 9 0]
 [0 0 0 5 0 0 0 6 4]
 [5 1 0 4 9 0 3 0 0]
 [0 0 0 1 8 0 0 0 2]]
Solution:
[[3 2 5 6 0 7 0 8 1]
 [1 7 9 5 4 8 3 0 2]
 [4 0 8 2 1 3 9 5 7]
 [5 9 7 3 2 0 8 6 4]
 [8 6 1 9 7 4 2 0 3]
 [2 3 4 0 6 1 5 7 9]
 [0 8 6 1 0 5 7 3 0]
 [9 5 2 4 3 6 1 0 8]
 [7 1 3 8 9 0 4 2 6]]
Number of cells unfilled: 12
Accuracy: 85.18518518518519
Sample: 31633
Question:
[[0 1 0 0 5 9 4 0 0]
 [0 0 7 0 0 0 0 3 8]
 [0 0 0 0 0 0 0 0 0]
 [0 0 0 0 3 0 0 0 4]
 [0 2 0 0 0 0 3 6 0]
 [0 9 4 6 0 0 5 0 0]
 [0 3 0 0 7 0 8 0 9]
 [1 0 8 0 0 3 0 0 0]
 [0 0 0 2 6 0 0 4 0]]
Solution:
[[3 2 5 6 0 7 0 8 1]
 [1 7 9 0 4 8 3 5 2]
 [4 0 8 2 5 3 9 0 7]
 [5 9 7 3 2 0 8 6 4]
 [8 6 1 9 7 4 2 0 3]
 [2 3 4 0 6 1 5 7 9]
 [0 8 6 1 0 5 7 3 0]
 [9 5 2 4 3 6 1 0 8]
 [7 1 3 8 9 0 4 2 6]]
Number of cells unfilled: 13
Accuracy: 83.9506172839506
Sample: 31634
Question:
[[0 0 6 0 8 0 3 0 9]
 [0 0 0 0 0 0 0 0 0]
 [0 0 0 0 7 0 0 5 0]
 [0 0 0 0 0 0 0 1 4]
 [3 0 1 0 0 5 6 9 0]
 [9 4 0 6 0 0 5 0 0]
 [4 1 0 0 9 3 0 0 0]
 [5 0 9 0 0 0 0 3 0]
 [0 0 0 4 0 0 0 0 1]]
Solution:
[[3 2 5 6 0 7 0 8 1]
 [1 7 9 0 4 8 6 5 2]
 [4 0 8 2 5 3 9 0 7]
 [5 9 7 3 2 0 8 6 4]
 [8 6 1 9 7 4 2 0 3]
 [2 3 4 0 6 1 5 7 9]
 [0 8 6 1 0 5 7 3 0]
 [9 5 2 4 3 6 1 0 8]
 [7 1 3 8 9 0 4 2 6]]
Number of cells unfilled: 13
Accuracy: 83.9506172839506
Sample: 31635
Question:
[[0 0 9 0 0 0 2 3 0]
 [0 0 8 0 0 6 0 0 5]
 [0 2 0 0 9 0 0 8 6]
 [0 0 0 0 2 0 8 9 0]
 [0 0 0 6 0 0 0 0 0]
 [0 5 3 0 8 0 0 6 0]
 [0 0 0 9 0 0 0 2 0]
 [0 4 1 8 0 0 0 5 0]
 [0 0 0 0 0 5 3 0 0]]
Solution:
[[3 2 5 6 0 7 0 8 1]
 [1 7 9 0 4 8 6 5 2]
 [4 0 8 2 5 3 9 0 7]
 [5 9 7 3 2 0 8 6 4]
 [8 6 1 5 7 4 2 9 3]
 [2 3 4 9 6 1 5 7 0]
 [0 8 6 1 0 5 7 3 9]
 [9 5 2 4 3 6 1 0 8]
 [7 1 3 8 9 0 4 2 6]]
Number of cells unfilled: 11
Accuracy: 86.41975308641975
Sample: 31636
Question:
[[0 1 0 0 0 0 6 0 0]
 [5 0 9 6 0 0 0 0 0]
 [0 0 0 0 5 7 0 0 9]
 [0 0 0 0 0 0 0 0 0]
 [3 0 0 0 4 0 5 9 0]
 [2 0 0 0 1 0 0 0 7]
 [0 0 0 0 0 0 1 0 6]
 [0 4 0 1 0 5 0 7 0]
 [0 0 7 0 6 9 0 4 5]]
Solution:
[[3 2 5 6 0 7 0 8 1]
 [1 7 9 5 4 8 6 0 2]
 [4 0 8 2 1 3 9 0 5]
 [5 9 7 3 2 0 8 6 4]
 [8 6 1 9 7 4 2 0 3]
 [2 3 4 0 6 1 5 7 9]
 [0 8 6 1 0 5 7 3 0]
 [9 5 2 4 3 6 1 0 8]
 [7 1 3 8 9 0 4 2 6]]
Number of cells unfilled: 13
Accuracy: 83.9506172839506
Sample: 31637
Question:
[[4 7 0 0 0 3 0 5 0]
 [0 0 0 0 0 0 2 0 7]
 [1 0 2 5 0 0 0 3 0]
 [7 2 0 1 4 0 0 0 0]
 [0 0 0 0 0 7 0 4 2]
 [5 0 4 0 0 0 1 0 0]
 [0 0 0 0 6 0 5 0 0]
 [0 0 0 0 0 0 0 0 0]
 [0 0 3 0 9 0 0 1 4]]
Solution:
[[3 2 5 6 0 7 0 8 1]
 [1 7 9 0 4 8 3 5 2]
 [4 0 8 2 5 3 9 0 7]
 [5 9 7 3 2 0 8 6 4]
 [8 6 1 5 7 4 2 9 3]
 [2 3 4 9 6 1 5 7 0]
 [0 8 6 1 0 5 7 3 9]
 [9 5 2 4 3 6 1 0 8]
 [7 1 3 8 9 0 4 2 6]]
Number of cells unfilled: 11
Accuracy: 86.41975308641975
Sample: 31638
Question:
[[6 0 3 0 5 0 0 4 0]
 [0 7 9 4 0 0 0 5 0]
 [0 0 0 0 0 0 7 0 6]
 [4 0 0 0 0 2 9 3 0]
 [7 0 0 0 0 1 0 0 5]
 [0 0 0 0 0 0 0 0 0]
 [0 6 0 0 3 9 0 0 0]
 [9 0 5 0 0 0 0 0 3]
 [0 0 0 7 0 0 6 9 0]]
Solution:
[[3 2 5 6 0 7 0 8 1]
 [1 7 9 0 4 8 6 5 2]
 [4 0 8 2 5 3 9 0 7]
 [5 9 7 3 2 0 8 6 4]
 [8 6 1 5 7 4 2 9 3]
 [2 3 4 9 6 1 5 7 0]
 [0 8 6 1 0 5 7 3 9]
 [9 5 2 4 3 6 1 0 8]
 [7 1 3 8 9 0 4 2 6]]
Number of cells unfilled: 11
Accuracy: 86.41975308641975
Sample: 31639
Question:
[[9 0 0 0 0 0 0 4 1]
 [0 0 0 8 4 0 7 0 0]
 [0 4 7 0 0 1 0 0 0]
 [0 2 0 0 5 0 0 7 4]
 [0 3 0 0 9 0 8 0 0]
 [0 0 0 0 0 0 0 0 0]
 [0 9 8 7 1 0 0 5 0]
 [0 0 0 0 0 0 1 0 9]
 [5 0 0 4 0 0 0 8 0]]
Solution:
[[3 2 5 6 0 7 0 8 1]
 [1 7 9 0 4 8 3 0 2]
 [4 0 8 2 1 3 9 0 5]
 [5 9 7 3 2 0 8 6 4]
 [8 6 1 5 7 4 2 9 3]
 [2 3 4 9 6 1 5 7 0]
 [0 8 6 1 0 5 7 3 9]
 [9 5 2 4 3 6 1 0 8]
 [7 1 3 8 9 0 4 2 6]]
Number of cells unfilled: 12
Accuracy: 85.18518518518519
Sample: 31640
Question:
[[0 0 0 3 0 0 0 0 1]
 [0 0 0 0 0 7 0 6 0]
 [2 0 0 0 9 0 4 0 0]
 [0 9 0 0 4 0 5 0 0]
 [0 0 0 0 0 6 0 7 0]
 [0 8 0 0 0 0 0 0 3]
 [9 5 0 1 0 2 0 0 0]
 [0 0 8 0 5 0 2 0 0]
 [4 2 0 0 0 0 0 0 0]]
Solution:
[[3 2 5 6 0 7 0 8 1]
 [1 7 9 0 4 8 6 0 2]
 [4 0 8 2 1 3 9 5 7]
 [5 9 7 3 2 0 8 6 4]
 [8 6 1 5 7 4 2 9 3]
 [2 3 4 9 6 1 5 7 0]
 [0 8 6 1 0 5 7 3 9]
 [9 5 2 4 3 6 1 0 8]
 [7 1 3 8 9 0 4 2 6]]
Number of cells unfilled: 11
Accuracy: 86.41975308641975
Sample: 31641
Question:
[[0 0 0 0 0 3 0 6 0]
 [0 0 0 0 9 0 8 0 0]
 [0 4 0 2 0 0 0 0 7]
 [4 0 0 0 0 0 0 0 0]
 [2 5 0 0 0 0 0 9 0]
 [0 0 7 1 0 0 0 0 5]
 [0 0 4 0 8 0 3 0 0]
 [5 0 0 7 0 0 0 0 2]
 [0 0 1 0 0 6 0 0 0]]
Solution:
[[3 2 5 6 0 7 0 8 1]
 [1 7 9 0 4 8 3 0 2]
 [4 0 8 2 1 3 9 5 7]
 [5 9 7 3 2 0 8 6 4]
 [8 6 1 5 7 4 2 9 3]
 [2 3 4 9 6 1 5 7 0]
 [0 8 6 1 0 5 7 3 9]
 [9 5 2 4 3 6 1 0 8]
 [7 1 3 8 9 0 4 2 6]]
Number of cells unfilled: 11
Accuracy: 86.41975308641975
Sample: 31642
Question:
[[0 4 0 7 0 0 0 0 5]
 [3 0 0 0 0 6 2 0 0]
 [0 0 0 0 8 5 0 0 0]
 [2 0 0 0 7 0 0 1 0]
 [0 0 4 5 0 0 0 0 0]
 [0 3 0 0 0 4 9 0 0]
 [0 0 3 0 0 2 6 0 0]
 [9 2 0 0 0 0 0 0 1]
 [0 6 0 8 0 0 0 0 0]]
Solution:
[[3 2 5 6 0 7 0 8 1]
 [1 7 9 5 4 8 6 0 2]
 [4 0 8 2 1 3 9 5 7]
 [5 9 7 3 2 0 8 6 4]
 [8 6 1 9 7 4 2 0 3]
 [2 3 4 0 6 1 5 7 9]
 [0 8 6 1 0 5 7 3 0]
 [9 5 2 4 3 6 1 0 8]
 [7 1 3 8 9 0 4 2 6]]
Number of cells unfilled: 12
Accuracy: 85.18518518518519
Sample: 31643
Question:
[[0 5 0 1 0 0 0 0 9]
 [0 0 0 0 0 0 0 8 0]
 [0 0 3 0 0 8 1 0 0]
 [0 0 6 0 7 0 0 0 8]
 [0 0 0 0 0 2 0 0 0]
 [3 2 0 6 0 0 7 0 0]
 [0 0 7 0 0 6 3 0 0]
 [0 0 2 0 1 7 8 4 0]
 [4 0 0 0 0 0 0 0 0]]
Solution:
[[3 2 5 6 0 7 0 8 1]
 [1 7 9 5 4 8 3 0 2]
 [4 0 8 2 1 3 9 5 7]
 [5 9 7 3 2 0 8 6 4]
 [8 6 1 9 7 4 2 0 3]
 [2 3 4 0 6 1 5 7 9]
 [0 8 6 1 0 5 7 3 0]
 [9 5 2 4 3 6 1 0 8]
 [7 1 3 8 9 0 4 2 6]]
Number of cells unfilled: 12
Accuracy: 85.18518518518519
Sample: 31644
Question:
[[0 0 0 0 0 0 2 0 0]
 [0 0 7 4 0 6 0 0 9]
 [0 0 4 0 0 5 0 6 0]
 [0 0 0 5 0 0 0 0 1]
 [0 7 0 0 3 9 0 0 0]
 [0 0 0 0 2 0 9 0 0]
 [8 0 0 1 0 0 0 0 0]
 [0 0 6 3 4 0 0 0 0]
 [1 0 0 0 5 8 4 3 0]]
Solution:
[[3 2 5 6 0 7 0 8 1]
 [1 7 9 5 4 8 3 0 2]
 [4 0 8 2 1 3 9 0 5]
 [5 9 7 3 2 0 8 6 4]
 [8 6 1 9 7 4 2 0 3]
 [2 3 4 0 6 1 5 7 9]
 [0 8 6 1 0 5 7 3 0]
 [9 5 2 4 3 6 1 0 8]
 [7 1 3 8 9 0 4 2 6]]
Number of cells unfilled: 13
Accuracy: 83.9506172839506
Sample: 31645
Question:
[[2 0 0 0 0 0 0 5 0]
 [0 0 0 3 0 4 0 0 0]
 [0 0 7 0 8 5 0 0 4]
 [0 0 0 9 0 0 0 0 0]
 [4 0 0 0 0 0 7 0 8]
 [0 0 8 0 5 0 0 6 0]
 [0 0 4 0 7 6 5 0 0]
 [0 1 0 0 0 0 0 0 6]
 [0 0 0 0 0 0 0 4 0]]
Solution:
[[3 2 5 6 0 7 0 8 1]
 [1 7 9 0 4 8 3 5 2]
 [4 0 8 2 5 3 9 0 7]
 [5 9 7 3 2 0 8 6 4]
 [8 6 1 5 7 4 2 9 3]
 [2 3 4 9 6 1 5 7 0]
 [0 8 6 1 0 5 7 3 9]
 [9 5 2 4 3 6 1 0 8]
 [7 1 3 8 9 0 4 2 6]]
Number of cells unfilled: 11
Accuracy: 86.41975308641975
Sample: 31646
Question:
[[3 0 4 7 0 0 1 0 0]
 [0 0 2 0 4 0 0 3 0]
 [0 1 0 0 0 0 0 0 7]
 [0 4 0 2 0 0 0 7 0]
 [0 0 7 0 8 0 0 0 0]
 [0 0 0 0 0 0 6 0 0]
 [0 0 0 3 0 7 0 1 0]
 [0 3 0 4 0 0 0 2 0]
 [9 0 0 0 0 5 0 0 0]]
Solution:
[[3 2 5 6 0 7 0 8 1]
 [1 7 9 0 4 8 6 5 2]
 [4 0 8 2 5 3 9 0 7]
 [5 9 7 3 2 0 8 6 4]
 [8 6 1 5 7 4 2 9 3]
 [2 3 4 9 6 1 5 7 0]
 [0 8 6 1 0 5 7 3 9]
 [9 5 2 4 3 6 1 0 8]
 [7 1 3 8 9 0 4 2 6]]
Number of cells unfilled: 11
Accuracy: 86.41975308641975
Sample: 31647
Question:
[[3 0 0 1 0 0 2 0 0]
 [0 0 1 0 0 6 0 7 0]
 [0 4 0 0 9 0 0 0 1]
 [0 0 5 0 4 0 0 8 0]
 [6 0 0 5 0 0 3 0 0]
 [0 1 0 0 0 0 0 0 5]
 [0 0 0 0 0 7 0 6 0]
 [0 2 0 8 0 0 0 0 0]
 [0 0 8 0 1 0 0 0 9]]
Solution:
[[3 2 5 6 0 7 0 8 1]
 [1 7 9 0 4 8 6 0 5]
 [4 0 8 2 5 3 9 0 7]
 [5 9 7 3 2 0 8 6 4]
 [8 6 1 5 7 4 2 9 3]
 [2 3 4 9 6 1 5 7 0]
 [0 8 6 1 0 5 7 3 9]
 [9 5 2 4 3 6 1 0 8]
 [7 1 3 8 9 0 4 2 6]]
Number of cells unfilled: 12
Accuracy: 85.18518518518519
Sample: 31648
Question:
[[3 0 0 0 0 0 0 9 2]
 [5 0 0 0 3 4 0 6 0]
 [7 0 0 0 0 0 0 8 0]
 [0 9 0 0 2 0 0 0 0]
 [0 8 0 0 7 0 3 0 0]
 [0 1 0 5 0 3 0 0 9]
 [0 0 0 0 0 8 0 0 0]
 [0 0 0 2 0 0 0 0 0]
 [0 7 6 9 4 5 0 0 0]]
Solution:
[[3 2 5 6 0 7 0 8 1]
 [1 7 9 5 4 8 3 0 2]
 [4 0 8 2 1 3 9 0 5]
 [5 9 7 3 2 0 8 6 4]
 [8 6 1 9 7 4 2 0 3]
 [2 3 4 0 6 1 5 7 9]
 [0 8 6 1 0 5 7 3 0]
 [9 5 2 4 3 6 1 0 8]
 [7 1 3 8 9 0 4 2 6]]
Number of cells unfilled: 13
Accuracy: 83.9506172839506
Sample: 31649
Question:
[[0 1 0 3 0 0 0 4 0]
 [0 0 0 0 0 0 9 0 6]
 [0 0 5 0 0 8 0 7 0]
 [0 0 1 8 0 0 2 0 0]
 [0 3 0 0 1 0 0 9 0]
 [4 0 0 0 0 7 0 0 0]
 [0 0 3 0 8 0 7 0 0]
 [8 0 0 2 0 0 0 0 9]
 [0 6 0 7 0 5 0 0 0]]
Solution:
[[3 2 5 6 0 7 0 8 1]
 [1 7 9 0 4 8 6 0 5]
 [4 0 8 2 5 3 9 0 7]
 [5 9 7 3 2 0 8 6 4]
 [8 6 1 5 7 4 2 9 3]
 [2 3 4 9 6 1 5 7 0]
 [0 8 6 1 0 5 7 3 9]
 [9 5 2 4 3 6 1 0 8]
 [7 1 3 8 9 0 4 2 6]]
Number of cells unfilled: 12
Accuracy: 85.18518518518519
Sample: 31650
Question:
[[0 0 6 0 8 0 9 0 7]
 [0 0 0 2 0 0 0 0 0]
 [1 0 0 0 0 7 0 3 0]
 [0 6 1 0 9 0 0 4 0]
 [0 0 4 0 0 3 0 0 1]
 [3 0 0 0 0 0 7 0 0]
 [9 0 0 0 0 6 0 7 0]
 [0 8 0 0 0 0 5 0 0]
 [0 0 5 0 0 0 0 0 2]]
Solution:
[[3 2 5 6 0 7 0 8 1]
 [1 7 9 0 4 8 6 5 2]
 [4 0 8 2 5 3 9 0 7]
 [5 9 7 3 2 0 8 6 4]
 [8 6 1 5 7 4 2 9 3]
 [2 3 4 9 6 1 5 7 0]
 [0 8 6 1 0 5 7 3 9]
 [9 5 2 4 3 6 1 0 8]
 [7 1 3 8 9 0 4 2 6]]
Number of cells unfilled: 11
Accuracy: 86.41975308641975
Sample: 31651
Question:
[[4 0 0 0 0 0 1 6 0]
 [0 0 7 6 0 0 0 9 0]
 [0 1 0 0 0 0 0 0 2]
 [7 9 0 0 2 0 0 0 0]
 [0 0 0 0 0 4 0 0 0]
 [0 0 5 7 0 0 0 8 0]
 [8 0 0 5 0 0 3 0 0]
 [0 0 3 0 9 0 8 0 6]
 [0 7 0 0 0 0 0 5 0]]
Solution:
[[3 2 5 6 0 7 0 8 1]
 [1 7 9 0 4 8 6 0 2]
 [4 0 8 2 1 3 9 5 7]
 [5 9 7 3 2 0 8 6 4]
 [8 6 1 5 7 4 2 9 3]
 [2 3 4 9 6 1 5 7 0]
 [0 8 6 1 0 5 7 3 9]
 [9 5 2 4 3 6 1 0 8]
 [7 1 3 8 9 0 4 2 6]]
Number of cells unfilled: 11
Accuracy: 86.41975308641975
Sample: 31652
Question:
[[0 0 5 6 0 1 0 0 0]
 [0 4 6 0 7 0 8 0 0]
 [7 0 8 0 0 0 0 0 0]
 [0 9 0 3 0 0 0 1 0]
 [0 0 3 0 0 2 9 0 0]
 [0 5 4 0 9 0 0 0 2]
 [8 0 0 0 0 0 3 0 0]
 [0 0 0 5 0 9 1 0 0]
 [0 0 0 0 6 0 0 7 0]]
Solution:
[[3 2 5 6 0 7 0 8 1]
 [1 7 9 0 4 8 3 5 2]
 [4 0 8 2 5 3 9 0 7]
 [5 9 7 3 2 0 8 6 4]
 [8 6 1 9 7 4 2 0 3]
 [2 3 4 0 6 1 5 7 9]
 [0 8 6 1 0 5 7 3 0]
 [9 5 2 4 3 6 1 0 8]
 [7 1 3 8 9 0 4 2 6]]
Number of cells unfilled: 13
Accuracy: 83.9506172839506
Sample: 31653
Question:
[[0 5 7 8 0 0 0 0 0]
 [8 1 0 0 0 9 0 0 0]
 [0 0 0 0 0 0 5 0 8]
 [0 0 0 7 0 0 1 0 0]
 [0 8 3 0 0 5 4 0 6]
 [1 0 0 3 0 0 2 7 0]
 [0 9 0 0 0 3 0 1 0]
 [0 3 0 0 4 0 0 0 0]
 [4 0 6 0 0 1 0 0 0]]
Solution:
[[3 2 5 6 0 7 0 8 1]
 [1 7 9 0 4 8 6 5 2]
 [4 0 8 2 5 3 9 0 7]
 [5 9 7 3 2 0 8 6 4]
 [8 6 1 5 7 4 2 9 3]
 [2 3 4 9 6 1 5 7 0]
 [0 8 6 1 0 5 7 3 9]
 [9 5 2 4 3 6 1 0 8]
 [7 1 3 8 9 0 4 2 6]]
Number of cells unfilled: 11
Accuracy: 86.41975308641975
Sample: 31654
Question:
[[0 0 0 0 5 8 7 0 0]
 [0 5 0 0 0 0 0 0 0]
 [0 0 3 9 0 0 0 0 4]
 [0 0 1 0 3 0 0 9 0]
 [0 0 0 6 0 0 1 0 0]
 [6 4 0 0 0 0 0 0 3]
 [0 0 6 4 0 0 0 0 1]
 [0 0 0 0 2 7 0 0 0]
 [2 0 0 0 0 0 0 8 0]]
Solution:
[[3 2 5 6 0 7 0 8 1]
 [1 7 9 0 4 8 6 0 2]
 [4 0 8 2 1 3 9 5 7]
 [5 9 7 3 2 0 8 6 4]
 [8 6 1 5 7 4 2 9 3]
 [2 3 4 9 6 1 5 7 0]
 [0 8 6 1 0 5 7 3 9]
 [9 5 2 4 3 6 1 0 8]
 [7 1 3 8 9 0 4 2 6]]
Number of cells unfilled: 11
Accuracy: 86.41975308641975
Sample: 31655
Question:
[[0 5 0 0 4 0 3 0 0]
 [0 0 9 1 0 0 0 0 6]
 [0 0 0 0 0 8 0 2 0]
 [0 0 4 0 9 0 7 0 0]
 [0 0 0 2 0 0 0 0 8]
 [0 0 0 0 0 6 0 1 0]
 [0 9 5 0 3 0 0 0 0]
 [0 7 0 0 0 0 5 0 0]
 [8 0 3 0 0 0 0 0 0]]
Solution:
[[3 2 5 6 0 7 0 8 1]
 [1 7 9 0 4 8 6 5 2]
 [4 0 8 2 5 3 9 0 7]
 [5 9 7 3 2 0 8 6 4]
 [8 6 1 5 7 4 2 9 3]
 [2 3 4 9 6 1 5 7 0]
 [0 8 6 1 0 5 7 3 9]
 [9 5 2 4 3 6 1 0 8]
 [7 1 3 8 9 0 4 2 6]]
Number of cells unfilled: 11
Accuracy: 86.41975308641975
Sample: 31656
Question:
[[0 7 0 0 0 0 0 0 0]
 [0 0 0 0 0 2 1 0 0]
 [4 0 1 0 7 0 0 5 9]
 [7 0 5 0 0 8 0 0 3]
 [0 0 0 1 5 0 6 9 0]
 [0 0 0 0 0 0 0 0 0]
 [0 0 3 8 0 0 9 0 0]
 [5 0 0 7 6 0 0 2 0]
 [0 0 0 4 0 0 0 0 6]]
Solution:
[[3 2 5 6 0 7 0 8 1]
 [1 7 9 0 4 8 6 5 2]
 [4 0 8 2 1 3 9 0 7]
 [5 9 7 3 2 0 8 6 4]
 [8 6 1 5 7 4 2 9 3]
 [2 3 4 9 6 1 5 7 0]
 [0 8 6 1 0 5 7 3 9]
 [9 5 2 4 3 6 1 0 8]
 [7 1 3 8 9 0 4 2 6]]
Number of cells unfilled: 11
Accuracy: 86.41975308641975
Sample: 31657
Question:
[[2 0 0 3 0 0 0 0 0]
 [0 9 0 0 0 0 3 5 2]
 [0 0 0 5 0 0 0 9 0]
 [5 0 9 0 0 7 0 8 0]
 [0 0 4 0 6 0 2 0 0]
 [0 0 0 0 5 0 0 1 0]
 [4 0 0 7 0 1 0 0 0]
 [7 0 0 0 0 2 0 0 4]
 [0 0 6 0 3 0 0 0 0]]
Solution:
[[3 2 5 6 0 7 0 8 1]
 [1 7 9 0 4 8 6 5 2]
 [4 0 8 2 5 3 9 0 7]
 [5 9 7 3 2 0 8 6 4]
 [8 6 1 5 7 4 2 9 3]
 [2 3 4 9 6 1 5 7 0]
 [0 8 6 1 0 5 7 3 9]
 [9 5 2 4 3 6 1 0 8]
 [7 1 3 8 9 0 4 2 6]]
Number of cells unfilled: 11
Accuracy: 86.41975308641975
Sample: 31658
Question:
[[0 0 0 3 0 7 0 0 0]
 [0 0 8 0 0 1 0 0 4]
 [2 0 0 0 0 4 7 1 0]
 [0 0 0 9 0 5 0 4 1]
 [0 1 0 0 0 3 0 0 0]
 [0 0 0 0 8 0 0 9 0]
 [0 0 9 0 0 2 4 0 0]
 [0 5 0 4 0 0 2 0 0]
 [0 0 6 0 3 0 0 8 0]]
Solution:
[[3 2 5 6 0 7 0 8 1]
 [1 7 9 0 4 8 3 0 2]
 [4 0 8 2 1 3 9 5 7]
 [5 9 7 3 2 0 8 6 4]
 [8 6 1 5 7 4 2 9 3]
 [2 3 4 9 6 1 5 7 0]
 [0 8 6 1 0 5 7 3 9]
 [9 5 2 4 3 6 1 0 8]
 [7 1 3 8 9 0 4 2 6]]
Number of cells unfilled: 11
Accuracy: 86.41975308641975
Sample: 31659
Question:
[[6 0 1 0 4 0 5 0 0]
 [0 0 0 0 9 2 0 0 0]
 [0 2 0 0 6 0 0 0 0]
 [0 0 7 0 0 0 0 0 4]
 [5 9 0 0 0 0 0 0 8]
 [0 3 0 0 0 7 1 0 0]
 [8 7 0 0 5 0 0 2 0]
 [3 0 0 0 0 9 0 0 0]
 [0 4 0 0 7 6 0 0 3]]
Solution:
[[3 2 5 6 0 7 0 8 1]
 [1 7 9 0 4 8 6 0 5]
 [4 0 8 2 5 3 9 0 7]
 [5 9 7 3 2 0 8 6 4]
 [8 6 1 9 7 4 2 0 3]
 [2 3 4 0 6 1 5 7 9]
 [0 8 6 1 0 5 7 3 0]
 [9 5 2 4 3 6 1 0 8]
 [7 1 3 8 9 0 4 2 6]]
Number of cells unfilled: 14
Accuracy: 82.71604938271605
Sample: 31660
Question:
[[0 5 0 6 0 0 0 2 0]
 [3 0 8 0 0 0 0 5 4]
 [0 6 0 4 0 0 7 0 0]
 [0 0 9 0 0 3 0 0 0]
 [0 0 0 0 0 2 0 0 5]
 [0 0 0 0 0 9 0 4 1]
 [0 8 0 0 0 0 0 0 0]
 [6 0 0 2 0 4 0 0 3]
 [7 0 2 0 0 0 5 9 0]]
Solution:
[[3 2 5 6 0 7 0 8 1]
 [1 7 9 0 4 8 3 0 2]
 [4 0 8 2 1 3 9 0 5]
 [5 9 7 3 2 0 8 6 4]
 [8 6 1 5 7 4 2 9 3]
 [2 3 4 9 6 1 5 7 0]
 [0 8 6 1 0 5 7 3 9]
 [9 5 2 4 3 6 1 0 8]
 [7 1 3 8 9 0 4 2 6]]
Number of cells unfilled: 12
Accuracy: 85.18518518518519
Sample: 31661
Question:
[[0 0 0 0 0 0 0 1 9]
 [4 0 0 0 0 8 2 0 0]
 [0 0 2 0 7 0 0 0 0]
 [9 5 0 7 0 0 0 0 0]
 [0 4 0 0 6 5 0 0 0]
 [0 0 3 0 0 4 5 0 0]
 [3 0 0 0 4 0 0 0 1]
 [0 2 0 0 0 9 3 0 0]
 [8 0 0 3 0 0 0 0 6]]
Solution:
[[3 2 5 6 0 7 0 8 1]
 [1 7 9 0 4 8 6 0 2]
 [4 0 8 2 1 3 9 5 7]
 [5 9 7 3 2 0 8 6 4]
 [8 6 1 5 7 4 2 9 3]
 [2 3 4 9 6 1 5 7 0]
 [0 8 6 1 0 5 7 3 9]
 [9 5 2 4 3 6 1 0 8]
 [7 1 3 8 9 0 4 2 6]]
Number of cells unfilled: 11
Accuracy: 86.41975308641975
Sample: 31662
Question:
[[0 0 0 0 0 4 6 0 0]
 [0 0 4 3 0 0 0 0 8]
 [9 5 0 0 0 0 0 0 0]
 [0 0 1 0 4 0 0 0 9]
 [2 0 0 8 0 0 0 0 0]
 [5 0 0 1 0 0 3 0 0]
 [1 0 0 0 3 0 2 0 7]
 [0 0 0 9 7 0 0 6 0]
 [0 0 7 0 0 1 0 0 3]]
Solution:
[[3 2 5 6 0 7 0 8 1]
 [1 7 9 5 4 8 6 0 2]
 [4 0 8 2 1 3 9 0 5]
 [5 9 7 3 2 0 8 6 4]
 [8 6 1 9 7 4 2 0 3]
 [2 3 4 0 6 1 5 7 9]
 [0 8 6 1 0 5 7 3 0]
 [9 5 2 4 3 6 1 0 8]
 [7 1 3 8 9 0 4 2 6]]
Number of cells unfilled: 13
Accuracy: 83.9506172839506
Sample: 31663
Question:
[[0 0 0 0 0 0 0 0 5]
 [3 0 0 0 0 1 0 0 0]
 [0 0 4 0 0 0 0 3 6]
 [9 0 1 2 7 0 3 0 4]
 [0 4 7 0 0 3 0 0 0]
 [2 0 0 0 0 0 0 1 0]
 [1 0 9 0 0 0 0 0 0]
 [0 7 0 0 3 0 0 2 0]
 [0 2 0 0 4 9 7 0 1]]
Solution:
[[3 2 5 6 0 7 0 8 1]
 [1 7 9 0 4 8 6 0 2]
 [4 0 8 2 1 3 9 5 7]
 [5 9 7 3 2 0 8 6 4]
 [8 6 1 5 7 4 2 9 3]
 [2 3 4 9 6 1 5 7 0]
 [0 8 6 1 0 5 7 3 9]
 [9 5 2 4 3 6 1 0 8]
 [7 1 3 8 9 0 4 2 6]]
Number of cells unfilled: 11
Accuracy: 86.41975308641975
Sample: 31664
Question:
[[0 0 0 0 0 0 0 4 0]
 [0 0 3 0 0 0 0 0 9]
 [0 9 8 0 0 1 0 0 0]
 [0 2 0 6 1 0 9 0 0]
 [6 0 4 0 0 9 1 7 0]
 [0 0 0 0 4 7 0 0 0]
 [0 0 1 0 7 4 6 0 2]
 [0 4 0 9 2 0 0 0 0]
 [0 0 0 0 0 6 0 9 0]]
Solution:
[[3 2 5 6 0 7 0 8 1]
 [1 7 9 0 4 8 3 0 2]
 [4 0 8 2 1 3 9 0 5]
 [5 9 7 3 2 0 8 6 4]
 [8 6 1 5 7 4 2 9 3]
 [2 3 4 9 6 1 5 7 0]
 [0 8 6 1 0 5 7 3 9]
 [9 5 2 4 3 6 1 0 8]
 [7 1 3 8 9 0 4 2 6]]
Number of cells unfilled: 12
Accuracy: 85.18518518518519
Sample: 31665
Question:
[[0 0 0 0 0 0 0 7 0]
 [0 0 0 0 0 6 1 9 0]
 [2 0 0 0 1 0 0 0 0]
 [5 0 6 0 0 1 0 0 3]
 [0 2 1 3 0 0 8 0 0]
 [0 0 0 0 2 5 0 0 0]
 [1 0 0 6 0 3 0 0 0]
 [0 8 3 0 5 2 0 6 1]
 [0 0 0 0 8 0 2 0 0]]
Solution:
[[3 2 5 6 0 7 0 8 1]
 [1 7 9 0 4 8 6 5 2]
 [4 0 8 2 5 3 9 0 7]
 [5 9 7 3 2 0 8 6 4]
 [8 6 1 5 7 4 2 9 3]
 [2 3 4 9 6 1 5 7 0]
 [0 8 6 1 0 5 7 3 9]
 [9 5 2 4 3 6 1 0 8]
 [7 1 3 8 9 0 4 2 6]]
Number of cells unfilled: 11
Accuracy: 86.41975308641975
Sample: 31666
Question:
[[0 0 0 0 0 0 4 0 5]
 [0 6 0 0 5 8 0 2 9]
 [2 0 0 4 0 9 8 0 0]
 [0 0 0 0 0 0 2 0 0]
 [8 0 9 0 6 2 5 0 4]
 [0 5 0 0 0 0 0 8 6]
 [0 8 7 0 0 0 9 0 0]
 [0 0 0 5 0 0 0 0 0]
 [0 0 1 0 8 0 0 0 0]]
Solution:
[[3 2 5 6 0 7 0 8 1]
 [1 7 9 0 4 8 6 0 2]
 [4 0 8 2 1 3 9 0 5]
 [5 9 7 3 2 0 8 6 4]
 [8 6 1 5 7 4 2 9 3]
 [2 3 4 9 6 1 5 7 0]
 [0 8 6 1 0 5 7 3 9]
 [9 5 2 4 3 6 1 0 8]
 [7 1 3 8 9 0 4 2 6]]
Number of cells unfilled: 12
Accuracy: 85.18518518518519
Sample: 31667
Question:
[[0 0 0 0 0 0 5 0 3]
 [7 3 0 1 5 0 0 0 0]
 [6 0 0 0 0 9 0 1 0]
 [0 0 0 0 0 5 9 6 0]
 [0 0 0 0 0 0 0 7 1]
 [1 0 9 6 7 0 3 0 5]
 [0 0 0 0 4 0 0 0 7]
 [0 5 0 0 0 0 6 0 0]
 [0 0 6 0 2 0 0 0 0]]
Solution:
[[3 2 5 6 0 7 0 8 1]
 [1 7 9 0 4 8 6 0 2]
 [4 0 8 2 1 3 9 5 7]
 [5 9 7 3 2 0 8 6 4]
 [8 6 1 5 7 4 2 9 3]
 [2 3 4 9 6 1 5 7 0]
 [0 8 6 1 0 5 7 3 9]
 [9 5 2 4 3 6 1 0 8]
 [7 1 3 8 9 0 4 2 6]]
Number of cells unfilled: 11
Accuracy: 86.41975308641975
Sample: 31668
Question:
[[0 0 0 0 0 1 0 0 0]
 [0 0 6 9 5 0 0 7 1]
 [0 5 0 7 0 6 4 9 0]
 [3 0 8 0 7 0 0 6 0]
 [0 0 5 0 0 4 7 0 0]
 [0 0 0 0 1 0 0 5 0]
 [0 0 0 0 0 0 0 4 0]
 [0 7 0 0 9 0 0 0 5]
 [0 0 0 0 6 5 0 1 0]]
Solution:
[[3 2 5 6 0 7 0 8 1]
 [1 7 9 0 4 8 3 5 2]
 [4 0 8 2 5 3 9 0 7]
 [5 9 7 3 2 0 8 6 4]
 [8 6 1 5 7 4 2 9 3]
 [2 3 4 9 6 1 5 7 0]
 [0 8 6 1 0 5 7 3 9]
 [9 5 2 4 3 6 1 0 8]
 [7 1 3 8 9 0 4 2 6]]
Number of cells unfilled: 11
Accuracy: 86.41975308641975
Sample: 31669
Question:
[[0 0 0 0 0 2 0 8 0]
 [0 0 9 0 0 0 0 0 2]
 [2 0 6 0 4 0 0 0 0]
 [0 0 2 0 7 8 0 0 0]
 [3 0 0 1 0 0 0 0 8]
 [0 1 0 0 0 0 4 7 0]
 [0 0 4 0 8 7 1 0 3]
 [8 0 0 2 0 3 0 0 0]
 [0 0 0 4 1 0 0 2 0]]
Solution:
[[3 2 5 6 0 7 0 8 1]
 [1 7 9 0 4 8 6 0 2]
 [4 0 8 2 1 3 9 5 7]
 [5 9 7 3 2 0 8 6 4]
 [8 6 1 5 7 4 2 9 3]
 [2 3 4 9 6 1 5 7 0]
 [0 8 6 1 0 5 7 3 9]
 [9 5 2 4 3 6 1 0 8]
 [7 1 3 8 9 0 4 2 6]]
Number of cells unfilled: 11
Accuracy: 86.41975308641975
Sample: 31670
Question:
[[0 0 0 0 0 8 3 0 9]
 [0 1 0 0 0 0 0 0 5]
 [0 0 3 0 0 4 0 0 0]
 [0 0 1 3 8 0 0 5 4]
 [0 0 0 0 9 0 0 1 0]
 [8 0 0 4 0 0 9 0 3]
 [0 0 0 0 5 0 0 3 0]
 [0 0 0 0 0 9 0 0 1]
 [6 2 0 1 0 3 0 0 8]]
Solution:
[[3 2 5 6 0 7 0 8 1]
 [1 7 9 0 4 8 6 0 2]
 [4 0 8 2 1 3 9 0 5]
 [5 9 7 3 2 0 8 6 4]
 [8 6 1 5 7 4 2 9 3]
 [2 3 4 9 6 1 5 7 0]
 [0 8 6 1 0 5 7 3 9]
 [9 5 2 4 3 6 1 0 8]
 [7 1 3 8 9 0 4 2 6]]
Number of cells unfilled: 12
Accuracy: 85.18518518518519
Sample: 31671
Question:
[[0 0 0 0 1 0 0 0 0]
 [9 6 0 0 0 0 0 0 2]
 [0 5 0 0 0 9 0 0 0]
 [0 9 0 0 0 0 1 0 4]
 [7 0 0 0 0 1 0 8 0]
 [0 0 8 2 4 0 0 0 9]
 [0 2 0 8 0 7 4 0 1]
 [1 0 0 0 0 0 7 9 0]
 [0 0 0 0 9 0 0 2 8]]
Solution:
[[3 2 5 6 0 7 0 8 1]
 [1 7 9 0 4 8 6 5 2]
 [4 0 8 2 5 3 9 0 7]
 [5 9 7 3 2 0 8 6 4]
 [8 6 1 5 7 4 2 9 3]
 [2 3 4 9 6 1 5 7 0]
 [0 8 6 1 0 5 7 3 9]
 [9 5 2 4 3 6 1 0 8]
 [7 1 3 8 9 0 4 2 6]]
Number of cells unfilled: 11
Accuracy: 86.41975308641975
Sample: 31672
Question:
[[0 0 0 0 2 0 0 0 1]
 [0 0 0 5 0 4 6 0 0]
 [8 4 0 0 0 0 5 2 0]
 [0 6 0 0 8 2 0 0 0]
 [0 0 0 1 6 0 0 0 5]
 [2 0 1 4 0 5 8 6 0]
 [0 5 0 6 0 0 0 0 0]
 [0 0 0 0 0 8 7 0 0]
 [0 0 6 0 0 0 3 0 0]]
Solution:
[[3 2 5 6 0 7 0 8 1]
 [1 7 9 5 4 8 3 0 2]
 [4 0 8 2 1 3 9 5 7]
 [5 9 7 3 2 0 8 6 4]
 [8 6 1 9 7 4 2 0 3]
 [2 3 4 0 6 1 5 7 9]
 [0 8 6 1 0 5 7 3 0]
 [9 5 2 4 3 6 1 0 8]
 [7 1 3 8 9 0 4 2 6]]
Number of cells unfilled: 12
Accuracy: 85.18518518518519
Sample: 31673
Question:
[[0 0 0 0 2 0 0 9 0]
 [0 0 0 1 0 0 0 0 0]
 [0 3 0 0 0 0 2 8 0]
 [4 0 0 0 0 0 1 0 0]
 [7 1 0 0 4 6 0 3 2]
 [0 6 0 2 0 0 0 0 0]
 [0 2 0 7 0 3 0 1 6]
 [3 0 6 0 0 0 4 0 0]
 [1 7 0 0 0 0 0 2 0]]
Solution:
[[3 2 5 6 0 7 0 8 1]
 [1 7 9 5 4 8 3 0 2]
 [4 0 8 2 1 3 9 5 7]
 [5 9 7 3 2 0 8 6 4]
 [8 6 1 9 7 4 2 0 3]
 [2 3 4 0 6 1 5 7 9]
 [0 8 6 1 0 5 7 3 0]
 [9 5 2 4 3 6 1 0 8]
 [7 1 3 8 9 0 4 2 6]]
Number of cells unfilled: 12
Accuracy: 85.18518518518519
Sample: 31674
Question:
[[0 0 0 0 5 0 0 0 4]
 [0 1 5 4 8 0 7 9 0]
 [9 0 0 1 0 0 0 0 0]
 [0 0 0 8 4 0 0 0 0]
 [0 9 4 0 7 1 0 0 5]
 [8 7 0 0 0 5 0 1 0]
 [4 0 0 0 9 0 0 0 0]
 [0 0 9 0 0 0 3 0 0]
 [0 0 0 7 0 0 6 0 0]]
Solution:
[[3 2 5 6 0 7 0 8 1]
 [1 7 9 0 4 8 6 0 2]
 [4 0 8 2 1 3 9 0 5]
 [5 9 7 3 2 0 8 6 4]
 [8 6 1 5 7 4 2 9 3]
 [2 3 4 9 6 1 5 7 0]
 [0 8 6 1 0 5 7 3 9]
 [9 5 2 4 3 6 1 0 8]
 [7 1 3 8 9 0 4 2 6]]
Number of cells unfilled: 12
Accuracy: 85.18518518518519
Sample: 31675
Question:
[[0 0 0 0 5 0 0 0 9]
 [7 9 0 0 0 0 0 6 0]
 [8 0 0 0 0 0 0 0 0]
 [0 0 1 0 4 6 0 0 0]
 [0 0 0 0 0 0 0 4 5]
 [0 3 0 5 0 9 1 0 6]
 [0 0 0 0 9 0 0 1 0]
 [0 5 0 0 0 0 9 0 3]
 [6 0 0 3 0 1 0 5 4]]
Solution:
[[3 2 5 6 0 7 0 8 1]
 [1 7 9 5 4 8 3 0 2]
 [4 0 8 2 1 3 9 5 7]
 [5 9 7 3 2 0 8 6 4]
 [8 6 1 9 7 4 2 0 3]
 [2 3 4 0 6 1 5 7 9]
 [0 8 6 1 0 5 7 3 0]
 [9 5 2 4 3 6 1 0 8]
 [7 1 3 8 9 0 4 2 6]]
Number of cells unfilled: 12
Accuracy: 85.18518518518519
Sample: 31676
Question:
[[0 0 0 1 0 0 0 0 2]
 [0 0 2 0 0 7 0 5 0]
 [9 6 0 4 0 0 0 0 7]
 [0 0 0 0 4 0 0 2 0]
 [0 4 0 7 2 0 8 0 1]
 [0 0 0 8 0 5 7 0 0]
 [0 0 7 0 1 0 0 0 8]
 [0 0 0 2 0 0 0 1 4]
 [1 0 0 5 0 0 0 0 0]]
Solution:
[[3 2 5 6 0 7 0 8 1]
 [1 7 9 0 4 8 6 0 2]
 [4 0 8 2 1 3 9 5 7]
 [5 9 7 3 2 0 8 6 4]
 [8 6 1 5 7 4 2 9 3]
 [2 3 4 9 6 1 5 7 0]
 [0 8 6 1 0 5 7 3 9]
 [9 5 2 4 3 6 1 0 8]
 [7 1 3 8 9 0 4 2 6]]
Number of cells unfilled: 11
Accuracy: 86.41975308641975
Sample: 31677
Question:
[[0 0 0 4 0 0 0 9 0]
 [0 9 1 6 0 3 7 0 4]
 [6 0 0 0 0 7 0 0 0]
 [7 0 0 0 4 1 0 0 9]
 [0 4 6 9 0 0 0 3 1]
 [0 0 0 3 0 6 0 0 0]
 [0 0 5 1 0 0 0 0 0]
 [0 0 2 0 0 0 9 0 0]
 [4 0 0 0 0 0 0 6 0]]
Solution:
[[3 2 5 6 0 7 0 8 1]
 [1 7 9 0 4 8 6 0 5]
 [4 0 8 2 5 3 9 0 7]
 [5 9 7 3 2 0 8 6 4]
 [8 6 1 5 7 4 2 9 3]
 [2 3 4 9 6 1 5 7 0]
 [0 8 6 1 0 5 7 3 9]
 [9 5 2 4 3 6 1 0 8]
 [7 1 3 8 9 0 4 2 6]]
Number of cells unfilled: 12
Accuracy: 85.18518518518519
Sample: 31678
Question:
[[0 0 0 6 0 0 8 0 0]
 [7 0 0 0 0 0 0 2 0]
 [0 3 6 0 2 8 7 9 0]
 [0 1 0 0 0 0 0 0 0]
 [6 4 0 0 0 0 3 0 0]
 [0 0 0 7 0 0 0 6 0]
 [2 0 0 0 0 6 0 3 8]
 [0 0 0 0 0 0 9 7 0]
 [0 7 8 9 0 3 0 0 2]]
Solution:
[[3 2 5 6 0 7 0 8 1]
 [1 7 9 0 4 8 3 0 2]
 [4 0 8 2 1 3 9 5 7]
 [5 9 7 3 2 0 8 6 4]
 [8 6 1 5 7 4 2 9 3]
 [2 3 4 9 6 1 5 7 0]
 [0 8 6 1 0 5 7 3 9]
 [9 5 2 4 3 6 1 0 8]
 [7 1 3 8 9 0 4 2 6]]
Number of cells unfilled: 11
Accuracy: 86.41975308641975
Sample: 31679
Question:
[[0 0 0 8 0 0 0 0 1]
 [0 0 0 0 6 0 5 2 0]
 [2 0 9 0 5 1 0 6 0]
 [0 6 0 0 7 0 0 0 0]
 [5 0 0 0 0 0 6 0 0]
 [0 0 0 0 3 0 0 9 0]
 [0 0 0 5 0 0 8 0 0]
 [0 8 1 0 9 6 2 5 0]
 [6 0 0 0 0 0 0 1 9]]
Solution:
[[3 2 5 6 0 7 0 8 1]
 [1 7 9 0 4 8 6 5 2]
 [4 0 8 2 1 3 9 0 7]
 [5 9 7 3 2 0 8 6 4]
 [8 6 1 5 7 4 2 9 3]
 [2 3 4 9 6 1 5 7 0]
 [0 8 6 1 0 5 7 3 9]
 [9 5 2 4 3 6 1 0 8]
 [7 1 3 8 9 0 4 2 6]]
Number of cells unfilled: 11
Accuracy: 86.41975308641975
Sample: 31680
Question:
[[0 0 0 8 0 0 0 0 3]
 [0 0 3 0 9 2 5 0 8]
 [0 2 0 0 5 0 9 7 0]
 [0 0 0 0 0 3 8 0 0]
 [0 0 0 5 0 0 7 0 0]
 [0 5 0 0 0 9 0 0 2]
 [0 0 2 7 0 0 0 5 0]
 [6 0 1 0 2 0 3 0 0]
 [0 0 0 0 0 8 2 0 0]]
Solution:
[[3 2 5 6 0 7 0 8 1]
 [1 7 9 0 4 8 6 0 2]
 [4 0 8 2 1 3 9 5 7]
 [5 9 7 3 2 0 8 6 4]
 [8 6 1 5 7 4 2 9 3]
 [2 3 4 9 6 1 5 7 0]
 [0 8 6 1 0 5 7 3 9]
 [9 5 2 4 3 6 1 0 8]
 [7 1 3 8 9 0 4 2 6]]
Number of cells unfilled: 11
Accuracy: 86.41975308641975
Sample: 31681
Question:
[[0 0 1 0 5 0 0 0 6]
 [4 8 0 0 0 0 0 0 0]
 [0 5 0 0 7 8 1 4 0]
 [8 4 0 6 1 0 5 7 0]
 [0 1 7 0 0 5 0 0 0]
 [6 0 0 0 0 0 0 0 4]
 [0 0 0 5 0 0 0 9 0]
 [0 0 0 0 0 4 0 0 0]
 [0 7 0 0 0 0 0 3 5]]
Solution:
[[3 2 5 6 0 7 0 8 1]
 [1 7 9 0 4 8 6 0 5]
 [4 0 8 2 5 3 9 0 7]
 [5 9 7 3 2 0 8 6 4]
 [8 6 1 5 7 4 2 9 3]
 [2 3 4 9 6 1 5 7 0]
 [0 8 6 1 0 5 7 3 9]
 [9 5 2 4 3 6 1 0 8]
 [7 1 3 8 9 0 4 2 6]]
Number of cells unfilled: 12
Accuracy: 85.18518518518519
Sample: 31682
Question:
[[0 0 2 0 0 0 0 0 8]
 [0 0 0 1 0 0 0 2 4]
 [5 0 0 0 0 0 0 0 0]
 [0 2 0 0 0 3 0 6 0]
 [0 0 0 9 5 0 0 0 0]
 [9 1 0 2 0 0 3 0 5]
 [0 3 6 5 9 0 0 0 1]
 [0 0 0 0 6 2 0 5 0]
 [2 0 0 3 0 1 0 0 0]]
Solution:
[[3 2 5 6 0 7 0 8 1]
 [1 7 9 5 4 8 3 0 2]
 [4 0 8 2 1 3 9 0 5]
 [5 9 7 3 2 0 8 6 4]
 [8 6 1 9 7 4 2 0 3]
 [2 3 4 0 6 1 5 7 9]
 [0 8 6 1 0 5 7 3 0]
 [9 5 2 4 3 6 1 0 8]
 [7 1 3 8 9 0 4 2 6]]
Number of cells unfilled: 13
Accuracy: 83.9506172839506
Sample: 31683
Question:
[[0 0 2 7 0 0 0 0 0]
 [0 0 1 6 4 0 0 0 0]
 [6 0 0 0 3 0 0 7 0]
 [0 2 3 4 0 7 0 6 0]
 [1 0 7 0 0 3 0 0 4]
 [0 0 0 1 2 0 0 0 0]
 [0 7 0 2 0 0 0 0 6]
 [0 0 4 0 0 0 9 0 8]
 [0 0 6 0 1 0 0 0 0]]
Solution:
[[3 2 5 6 0 7 0 8 1]
 [1 7 9 0 4 8 6 0 2]
 [4 0 8 2 1 3 9 5 7]
 [5 9 7 3 2 0 8 6 4]
 [8 6 1 5 7 4 2 9 3]
 [2 3 4 9 6 1 5 7 0]
 [0 8 6 1 0 5 7 3 9]
 [9 5 2 4 3 6 1 0 8]
 [7 1 3 8 9 0 4 2 6]]
Number of cells unfilled: 11
Accuracy: 86.41975308641975
Sample: 31684
Question:
[[0 0 2 9 0 0 0 0 1]
 [0 9 0 0 4 0 0 6 3]
 [0 7 0 0 1 0 0 0 0]
 [0 0 0 0 2 0 0 1 0]
 [0 5 0 0 0 0 9 0 0]
 [0 4 1 0 7 0 0 0 0]
 [0 0 7 1 0 0 0 0 0]
 [5 1 0 0 9 7 0 0 4]
 [9 0 4 2 5 0 0 0 0]]
Solution:
[[3 2 5 6 0 7 0 8 1]
 [1 7 9 0 4 8 6 5 2]
 [4 0 8 2 5 3 9 0 7]
 [5 9 7 3 2 0 8 6 4]
 [8 6 1 5 7 4 2 9 3]
 [2 3 4 9 6 1 5 7 0]
 [0 8 6 1 0 5 7 3 9]
 [9 5 2 4 3 6 1 0 8]
 [7 1 3 8 9 0 4 2 6]]
Number of cells unfilled: 11
Accuracy: 86.41975308641975
Sample: 31685
Question:
[[0 0 3 0 0 5 0 9 0]
 [0 0 0 0 0 0 6 0 4]
 [0 6 8 9 4 0 3 0 0]
 [3 0 0 0 1 0 0 0 0]
 [0 4 0 0 0 0 0 0 3]
 [0 0 0 0 7 0 8 0 0]
 [0 0 0 0 0 0 9 8 0]
 [0 0 0 0 0 4 0 0 5]
 [5 0 9 3 8 0 4 0 6]]
Solution:
[[3 2 5 6 0 7 0 8 1]
 [1 7 9 0 4 8 3 5 2]
 [4 0 8 2 5 3 9 0 7]
 [5 9 7 3 2 0 8 6 4]
 [8 6 1 9 7 4 2 0 3]
 [2 3 4 0 6 1 5 7 9]
 [0 8 6 1 0 5 7 3 0]
 [9 5 2 4 3 6 1 0 8]
 [7 1 3 8 9 0 4 2 6]]
Number of cells unfilled: 13
Accuracy: 83.9506172839506
Sample: 31686
Question:
[[0 0 3 0 2 6 7 8 0]
 [0 8 0 0 0 0 6 0 9]
 [0 0 0 9 0 0 0 2 0]
 [0 0 0 8 0 0 0 0 0]
 [0 9 1 0 0 0 0 3 0]
 [0 0 4 0 0 9 0 0 0]
 [2 0 8 7 3 0 0 9 0]
 [0 0 9 0 0 0 8 7 0]
 [0 6 0 0 0 0 3 0 2]]
Solution:
[[3 2 5 6 0 7 0 8 1]
 [1 7 9 0 4 8 6 0 2]
 [4 0 8 2 1 3 9 0 5]
 [5 9 7 3 2 0 8 6 4]
 [8 6 1 5 7 4 2 9 3]
 [2 3 4 9 6 1 5 7 0]
 [0 8 6 1 0 5 7 3 9]
 [9 5 2 4 3 6 1 0 8]
 [7 1 3 8 9 0 4 2 6]]
Number of cells unfilled: 12
Accuracy: 85.18518518518519
Sample: 31687
Question:
[[0 0 6 0 0 0 0 2 0]
 [0 0 0 4 0 0 0 8 0]
 [0 0 0 0 9 0 5 0 0]
 [0 7 9 1 0 5 0 6 4]
 [4 1 0 0 0 0 9 0 0]
 [6 0 5 0 0 0 0 0 0]
 [0 0 4 0 7 6 0 0 5]
 [5 0 0 9 0 0 1 0 0]
 [0 9 7 0 0 0 0 4 0]]
Solution:
[[3 2 5 6 0 7 0 8 1]
 [1 7 9 0 4 8 6 0 2]
 [4 0 8 2 1 3 9 0 5]
 [5 9 7 3 2 0 8 6 4]
 [8 6 1 5 7 4 2 9 3]
 [2 3 4 9 6 1 5 7 0]
 [0 8 6 1 0 5 7 3 9]
 [9 5 2 4 3 6 1 0 8]
 [7 1 3 8 9 0 4 2 6]]
Number of cells unfilled: 12
Accuracy: 85.18518518518519
Sample: 31688
Question:
[[0 0 7 0 2 0 0 0 0]
 [0 1 0 0 0 5 7 0 0]
 [0 0 9 7 0 0 4 0 8]
 [0 0 0 0 0 2 0 0 0]
 [0 5 3 1 0 9 0 0 0]
 [2 0 1 3 7 0 9 0 0]
 [0 0 2 0 9 0 0 0 0]
 [0 0 5 0 0 1 0 0 7]
 [7 0 0 0 3 0 0 1 0]]
Solution:
[[3 2 5 6 0 7 0 8 1]
 [1 7 9 5 4 8 6 0 2]
 [4 0 8 2 1 3 9 0 5]
 [5 9 7 3 2 0 8 6 4]
 [8 6 1 9 7 4 2 0 3]
 [2 3 4 0 6 1 5 7 9]
 [0 8 6 1 0 5 7 3 0]
 [9 5 2 4 3 6 1 0 8]
 [7 1 3 8 9 0 4 2 6]]
Number of cells unfilled: 13
Accuracy: 83.9506172839506
Sample: 31689
Question:
[[0 0 8 0 0 0 0 1 0]
 [4 0 0 8 0 0 0 0 7]
 [0 0 5 2 6 0 0 4 0]
 [0 0 7 0 8 0 0 0 0]
 [0 8 0 0 0 4 0 3 0]
 [0 0 1 0 0 0 0 5 8]
 [7 0 3 0 0 0 4 0 5]
 [0 0 0 0 0 0 0 0 1]
 [0 1 4 5 0 0 3 8 0]]
Solution:
[[3 2 5 6 0 7 0 8 1]
 [1 7 9 5 4 8 3 0 2]
 [4 0 8 2 1 3 9 5 7]
 [5 9 7 3 2 0 8 6 4]
 [8 6 1 9 7 4 2 0 3]
 [2 3 4 0 6 1 5 7 9]
 [0 8 6 1 0 5 7 3 0]
 [9 5 2 4 3 6 1 0 8]
 [7 1 3 8 9 0 4 2 6]]
Number of cells unfilled: 12
Accuracy: 85.18518518518519
Sample: 31690
Question:
[[0 0 8 7 0 0 0 0 1]
 [1 0 0 0 8 0 2 0 0]
 [0 0 0 3 1 0 9 0 0]
 [0 0 0 9 0 0 1 0 0]
 [0 0 9 0 2 0 0 8 0]
 [5 6 0 0 0 0 3 0 0]
 [0 0 0 0 3 8 7 2 0]
 [0 3 0 1 0 7 8 0 9]
 [0 0 0 0 9 0 0 0 0]]
Solution:
[[3 2 5 6 0 7 0 8 1]
 [1 7 9 0 4 8 3 5 2]
 [4 0 8 2 1 3 9 0 7]
 [5 9 7 3 2 0 8 6 4]
 [8 6 1 5 7 4 2 9 3]
 [2 3 4 9 6 1 5 7 0]
 [0 8 6 1 0 5 7 3 9]
 [9 5 2 4 3 6 1 0 8]
 [7 1 3 8 9 0 4 2 6]]
Number of cells unfilled: 11
Accuracy: 86.41975308641975
Sample: 31691
Question:
[[0 0 8 7 0 6 0 5 0]
 [0 5 7 8 3 0 0 0 2]
 [0 6 0 0 2 0 0 0 0]
 [5 0 0 6 0 0 0 0 0]
 [0 7 0 3 0 0 2 0 0]
 [8 0 0 0 0 0 0 0 7]
 [6 0 0 2 0 0 0 0 0]
 [0 3 0 0 7 0 0 0 0]
 [0 0 2 5 0 0 9 1 0]]
Solution:
[[3 2 5 6 0 7 0 8 1]
 [1 7 9 0 4 8 6 0 5]
 [4 0 8 2 5 3 9 0 7]
 [5 9 7 3 2 0 8 6 4]
 [8 6 1 5 7 4 2 9 3]
 [2 3 4 9 6 1 5 7 0]
 [0 8 6 1 0 5 7 3 9]
 [9 5 2 4 3 6 1 0 8]
 [7 1 3 8 9 0 4 2 6]]
Number of cells unfilled: 12
Accuracy: 85.18518518518519
Sample: 31692
Question:
[[0 0 9 0 0 0 6 0 0]
 [0 0 2 0 0 0 0 7 0]
 [4 0 0 0 0 7 8 0 0]
 [6 4 0 0 0 0 0 9 0]
 [0 2 8 0 0 4 0 0 7]
 [9 0 7 6 0 0 4 0 8]
 [0 7 0 4 0 0 0 2 0]
 [0 0 6 5 1 0 0 0 4]
 [0 0 0 0 0 0 9 0 0]]
Solution:
[[3 2 5 6 0 7 0 8 1]
 [1 7 9 0 4 8 3 0 2]
 [4 0 8 2 1 3 9 5 7]
 [5 9 7 3 2 0 8 6 4]
 [8 6 1 5 7 4 2 9 3]
 [2 3 4 9 6 1 5 7 0]
 [0 8 6 1 0 5 7 3 9]
 [9 5 2 4 3 6 1 0 8]
 [7 1 3 8 9 0 4 2 6]]
Number of cells unfilled: 11
Accuracy: 86.41975308641975
Sample: 31693
Question:
[[0 0 9 0 5 0 1 8 0]
 [1 7 0 0 0 0 0 0 6]
 [0 0 8 6 0 0 0 9 7]
 [9 0 5 4 0 3 0 6 0]
 [0 1 0 0 0 0 9 0 0]
 [7 0 0 0 0 0 0 5 0]
 [8 0 0 0 9 0 0 0 0]
 [0 0 0 0 0 5 0 1 0]
 [6 0 0 0 0 0 0 7 9]]
Solution:
[[3 2 5 6 0 7 0 8 1]
 [1 7 9 0 4 8 6 0 2]
 [4 0 8 2 1 3 9 0 5]
 [5 9 7 3 2 0 8 6 4]
 [8 6 1 5 7 4 2 9 3]
 [2 3 4 9 6 1 5 7 0]
 [0 8 6 1 0 5 7 3 9]
 [9 5 2 4 3 6 1 0 8]
 [7 1 3 8 9 0 4 2 6]]
Number of cells unfilled: 12
Accuracy: 85.18518518518519
Sample: 31694
Question:
[[0 0 9 3 0 0 1 2 0]
 [0 0 7 0 0 0 0 0 0]
 [0 8 0 0 0 9 0 6 0]
 [0 0 0 8 0 0 0 0 0]
 [0 6 3 7 0 0 0 0 0]
 [0 0 5 0 6 0 0 0 9]
 [5 0 0 9 7 0 0 3 0]
 [9 0 0 5 0 8 0 0 6]
 [0 7 0 0 3 6 0 0 0]]
Solution:
[[3 2 5 6 0 7 0 8 1]
 [1 7 9 0 4 8 6 5 2]
 [4 0 8 2 5 3 9 0 7]
 [5 9 7 3 2 0 8 6 4]
 [8 6 1 5 7 4 2 9 3]
 [2 3 4 9 6 1 5 7 0]
 [0 8 6 1 0 5 7 3 9]
 [9 5 2 4 3 6 1 0 8]
 [7 1 3 8 9 0 4 2 6]]
Number of cells unfilled: 11
Accuracy: 86.41975308641975
Sample: 31695
Question:
[[0 0 9 8 0 0 0 1 0]
 [0 0 0 0 3 0 9 0 0]
 [0 0 0 0 2 0 0 7 0]
 [0 7 0 2 9 0 0 8 1]
 [0 0 0 0 0 8 2 0 0]
 [0 0 8 0 1 3 7 0 9]
 [0 0 0 0 0 0 0 2 0]
 [0 8 0 0 0 9 3 0 0]
 [6 5 0 0 7 0 0 0 8]]
Solution:
[[3 2 5 6 0 7 0 8 1]
 [1 7 9 0 4 8 6 0 2]
 [4 0 8 2 1 3 9 5 7]
 [5 9 7 3 2 0 8 6 4]
 [8 6 1 5 7 4 2 9 3]
 [2 3 4 9 6 1 5 7 0]
 [0 8 6 1 0 5 7 3 9]
 [9 5 2 4 3 6 1 0 8]
 [7 1 3 8 9 0 4 2 6]]
Number of cells unfilled: 11
Accuracy: 86.41975308641975
Sample: 31696
Question:
[[0 1 0 0 0 0 0 0 4]
 [0 9 0 2 8 0 0 1 7]
 [0 0 7 0 0 0 5 0 0]
 [0 0 0 0 0 7 0 0 3]
 [0 5 0 0 1 0 0 0 0]
 [7 4 0 0 0 0 0 0 9]
 [4 7 0 9 0 0 0 3 1]
 [9 0 0 0 0 0 4 0 0]
 [0 3 5 0 0 1 0 7 0]]
Solution:
[[3 2 5 6 0 7 0 8 1]
 [1 7 9 5 4 8 6 0 2]
 [4 0 8 2 1 3 9 0 5]
 [5 9 7 3 2 0 8 6 4]
 [8 6 1 9 7 4 2 0 3]
 [2 3 4 0 6 1 5 7 9]
 [0 8 6 1 0 5 7 3 0]
 [9 5 2 4 3 6 1 0 8]
 [7 1 3 8 9 0 4 2 6]]
Number of cells unfilled: 13
Accuracy: 83.9506172839506
Sample: 31697
Question:
[[0 1 2 0 0 0 0 0 8]
 [0 4 0 0 0 0 0 0 6]
 [0 0 9 0 4 0 0 1 0]
 [4 0 0 0 1 0 6 0 9]
 [9 0 0 2 0 0 0 8 4]
 [0 8 0 0 0 0 1 2 0]
 [0 0 8 0 0 0 0 0 0]
 [0 6 0 1 0 0 4 0 0]
 [0 0 0 7 0 3 0 0 2]]
Solution:
[[3 2 5 6 0 7 0 8 1]
 [1 7 9 0 4 8 6 0 5]
 [4 0 8 2 5 3 9 0 7]
 [5 9 7 3 2 0 8 6 4]
 [8 6 1 5 7 4 2 9 3]
 [2 3 4 9 6 1 5 7 0]
 [0 8 6 1 0 5 7 3 9]
 [9 5 2 4 3 6 1 0 8]
 [7 1 3 8 9 0 4 2 6]]
Number of cells unfilled: 12
Accuracy: 85.18518518518519
Sample: 31698
Question:
[[0 2 0 0 5 6 3 7 0]
 [0 0 0 7 0 0 0 2 6]
 [0 0 0 0 3 0 5 0 9]
 [0 0 0 6 0 2 7 0 0]
 [6 0 0 3 0 0 9 0 0]
 [0 0 3 0 0 5 0 6 0]
 [4 1 0 0 0 0 2 0 0]
 [0 0 0 0 0 7 0 0 0]
 [0 6 0 9 0 0 0 0 3]]
Solution:
[[3 2 5 6 0 7 0 8 1]
 [1 7 9 0 4 8 6 5 2]
 [4 0 8 2 5 3 9 0 7]
 [5 9 7 3 2 0 8 6 4]
 [8 6 1 5 7 4 2 9 3]
 [2 3 4 9 6 1 5 7 0]
 [0 8 6 1 0 5 7 3 9]
 [9 5 2 4 3 6 1 0 8]
 [7 1 3 8 9 0 4 2 6]]
Number of cells unfilled: 11
Accuracy: 86.41975308641975
Sample: 31699
Question:
[[0 2 0 0 9 0 0 0 0]
 [0 0 0 6 0 0 0 0 8]
 [9 0 6 7 8 0 4 2 0]
 [0 0 0 0 4 0 1 0 0]
 [0 0 2 0 0 0 5 0 0]
 [0 8 0 0 0 0 0 0 9]
 [0 0 0 8 7 0 2 0 0]
 [4 7 0 0 2 0 0 9 0]
 [0 0 8 4 0 9 0 0 6]]
Solution:
[[3 2 5 6 0 7 0 8 1]
 [1 7 9 0 4 8 6 0 2]
 [4 0 8 2 1 3 9 0 5]
 [5 9 7 3 2 0 8 6 4]
 [8 6 1 5 7 4 2 9 3]
 [2 3 4 9 6 1 5 7 0]
 [0 8 6 1 0 5 7 3 9]
 [9 5 2 4 3 6 1 0 8]
 [7 1 3 8 9 0 4 2 6]]
Number of cells unfilled: 12
Accuracy: 85.18518518518519
Sample: 31700
Question:
[[0 2 0 6 0 7 0 8 1]
 [1 7 0 0 0 0 0 0 0]
 [0 0 8 2 0 0 9 0 0]
 [0 0 0 0 2 0 0 0 4]
 [0 6 0 0 0 0 2 0 3]
 [0 0 0 0 0 1 0 0 0]
 [0 8 6 0 0 0 0 0 0]
 [9 0 2 0 0 0 1 0 0]
 [7 1 0 8 9 0 0 2 6]]
Solution:
[[3 2 5 6 0 7 0 8 1]
 [1 7 9 0 4 8 6 0 2]
 [4 0 8 2 1 3 9 5 7]
 [5 9 7 3 2 0 8 6 4]
 [8 6 1 5 7 4 2 9 3]
 [2 3 4 9 6 1 5 7 0]
 [0 8 6 1 0 5 7 3 9]
 [9 5 2 4 3 6 1 0 8]
 [7 1 3 8 9 0 4 2 6]]
Number of cells unfilled: 11
Accuracy: 86.41975308641975
