2025-10-22 14:32:32.749746: I tensorflow/core/util/port.cc:153] oneDNN custom operations are on. You may see slightly different numerical results due to floating-point round-off errors from different computation orders. To turn them off, set the environment variable `TF_ENABLE_ONEDNN_OPTS=0`.
2025-10-22 14:32:33.005565: I tensorflow/core/platform/cpu_feature_guard.cc:210] This TensorFlow binary is optimized to use available CPU instructions in performance-critical operations.
To enable the following instructions: AVX2 AVX512F AVX512_VNNI FMA, in other operations, rebuild TensorFlow with the appropriate compiler flags.
2025-10-22 14:32:38.568684: I tensorflow/core/util/port.cc:153] oneDNN custom operations are on. You may see slightly different numerical results due to floating-point round-off errors from different computation orders. To turn them off, set the environment variable `TF_ENABLE_ONEDNN_OPTS=0`.
2025-10-22 14:32:44.590462: E external/local_xla/xla/stream_executor/cuda/cuda_platform.cc:51] failed call to cuInit: INTERNAL: CUDA error: Failed call to cuInit: UNKNOWN ERROR (303)
Sample: 32401
Question:
[[0 0 0 0 2 0 0 0 3]
 [7 0 0 0 0 0 0 0 0]
 [0 0 3 9 5 1 0 0 0]
 [0 0 0 0 0 6 4 0 0]
 [0 0 4 2 9 8 7 0 0]
 [0 2 0 0 0 0 6 0 9]
 [0 0 0 0 0 9 0 0 0]
 [0 3 0 0 6 0 0 7 1]
 [6 0 8 7 1 0 0 0 2]]
Solution:
[[4 5 3 6 2 8 7 1 0]
 [2 8 0 0 1 9 3 5 6]
 [0 1 6 7 5 3 2 9 4]
 [6 0 7 3 0 5 8 4 2]
 [8 3 1 2 7 4 6 0 5]
 [5 2 9 1 6 0 0 7 0]
 [3 6 8 0 9 7 5 2 1]
 [9 0 5 4 3 2 0 6 7]
 [7 0 4 5 0 1 9 8 3]]
Number of cells unfilled: 15
Accuracy: 81.48148148148148
Sample: 32402
Question:
[[2 0 8 0 0 0 0 3 5]
 [3 0 0 0 0 0 7 0 0]
 [0 0 0 0 0 4 0 0 0]
 [0 0 0 0 0 1 0 6 0]
 [8 0 6 7 0 0 0 1 0]
 [4 0 0 0 2 0 0 9 0]
 [0 6 0 0 0 3 2 0 1]
 [0 0 5 0 6 0 0 0 0]
 [1 0 3 8 0 0 0 0 0]]
Solution:
[[4 5 3 6 0 8 7 1 0]
 [2 8 0 0 1 9 3 0 6]
 [0 1 6 7 5 3 2 9 4]
 [6 0 7 3 2 5 8 4 9]
 [8 3 1 9 7 4 6 5 2]
 [5 2 9 1 6 0 0 7 3]
 [3 6 8 0 9 7 5 2 1]
 [9 0 5 4 3 2 0 6 7]
 [7 0 4 5 0 1 9 8 0]]
Number of cells unfilled: 15
Accuracy: 81.48148148148148
Sample: 32403
Question:
[[0 3 9 4 0 0 0 0 0]
 [0 7 0 0 9 0 0 0 8]
 [5 0 0 0 0 0 0 6 0]
 [0 0 0 0 0 0 7 0 0]
 [8 0 0 0 4 6 0 9 0]
 [1 0 0 7 0 0 0 4 0]
 [0 0 6 3 0 0 0 0 4]
 [0 8 0 0 0 0 5 0 0]
 [0 0 0 5 0 7 0 8 2]]
Solution:
[[4 5 3 6 0 8 2 1 0]
 [2 8 0 5 1 9 3 0 6]
 [0 1 6 7 0 3 0 9 4]
 [6 0 7 3 2 5 8 4 9]
 [8 3 1 9 7 4 6 5 2]
 [5 2 9 1 6 0 0 7 0]
 [3 6 8 0 9 7 5 2 1]
 [9 0 5 4 3 6 0 0 7]
 [7 0 4 2 5 1 9 8 3]]
Number of cells unfilled: 16
Accuracy: 80.24691358024691
Sample: 32404
Question:
[[7 4 0 0 8 0 0 0 0]
 [0 0 0 0 1 0 9 0 8]
 [0 0 0 0 0 6 3 0 0]
 [0 0 0 9 0 0 0 0 7]
 [0 0 0 0 0 8 2 3 0]
 [0 0 2 6 0 3 0 0 4]
 [1 0 3 4 9 7 0 8 2]
 [0 7 0 0 0 0 0 0 9]
 [0 5 0 0 0 0 0 0 0]]
Solution:
[[4 5 3 6 2 8 7 1 0]
 [2 8 0 0 1 9 3 0 6]
 [0 1 6 7 5 3 2 9 4]
 [6 0 7 3 0 5 8 4 9]
 [8 3 1 9 7 4 6 5 2]
 [5 2 9 1 6 0 0 7 3]
 [3 0 8 0 9 6 5 2 1]
 [9 0 5 4 3 2 0 6 7]
 [7 6 4 5 0 1 9 8 0]]
Number of cells unfilled: 15
Accuracy: 81.48148148148148
Sample: 32405
Question:
[[0 0 6 0 0 0 2 0 0]
 [9 0 0 0 0 1 0 0 3]
 [0 8 0 0 4 0 0 7 0]
 [0 0 8 0 0 0 0 0 9]
 [0 1 0 0 8 0 0 0 0]
 [3 0 2 0 0 0 6 0 0]
 [0 0 0 4 0 0 0 0 2]
 [0 4 0 0 0 8 0 5 0]
 [0 0 0 7 5 0 4 0 0]]
Solution:
[[4 5 3 6 2 8 7 1 0]
 [2 8 0 0 1 9 3 0 6]
 [0 1 6 7 5 3 2 9 4]
 [6 0 7 3 0 5 8 4 9]
 [8 3 1 9 7 4 6 5 2]
 [5 2 9 1 6 0 0 7 0]
 [3 0 8 0 9 6 5 2 1]
 [9 0 5 4 3 2 0 6 7]
 [7 6 4 5 0 1 9 8 3]]
Number of cells unfilled: 15
Accuracy: 81.48148148148148
Sample: 32406
Question:
[[0 0 0 8 0 0 0 2 0]
 [0 0 0 0 0 3 0 0 0]
 [7 0 8 0 2 0 0 0 5]
 [9 0 4 0 1 0 0 0 7]
 [1 0 0 0 0 0 9 0 0]
 [0 8 0 0 0 9 0 6 0]
 [0 0 2 0 7 0 5 1 0]
 [0 0 0 0 0 0 0 0 2]
 [5 0 1 0 0 2 4 7 0]]
Solution:
[[4 5 3 6 0 8 7 1 0]
 [2 7 0 0 1 9 3 0 6]
 [0 1 6 7 5 3 2 9 4]
 [6 0 7 3 2 5 8 4 9]
 [8 3 1 9 7 4 6 5 2]
 [5 2 9 1 6 0 0 7 0]
 [3 0 8 0 9 6 5 2 1]
 [9 0 5 4 3 2 0 6 7]
 [7 6 4 5 0 1 9 8 3]]
Number of cells unfilled: 15
Accuracy: 81.48148148148148
Sample: 32407
Question:
[[0 2 0 0 0 4 1 0 9]
 [7 0 0 0 0 0 0 2 0]
 [0 1 0 0 0 2 4 7 0]
 [0 0 3 0 0 1 0 4 0]
 [0 4 0 0 2 0 0 0 0]
 [1 0 0 0 5 0 3 0 0]
 [0 0 0 9 0 0 0 0 6]
 [0 0 8 0 0 0 0 0 0]
 [0 3 0 0 0 5 2 0 0]]
Solution:
[[4 5 3 6 2 8 7 1 9]
 [2 7 0 0 1 9 3 5 6]
 [0 1 6 7 5 3 2 0 4]
 [6 0 7 3 0 5 8 4 2]
 [8 3 1 9 7 4 6 0 5]
 [5 2 9 1 6 0 0 7 0]
 [3 0 8 0 9 6 5 2 1]
 [9 0 5 4 3 0 0 6 7]
 [7 6 4 2 0 1 9 8 3]]
Number of cells unfilled: 16
Accuracy: 80.24691358024691
Sample: 32408
Question:
[[0 0 0 0 7 0 2 0 0]
 [1 0 0 6 0 0 0 0 8]
 [0 5 0 0 0 3 0 7 0]
 [0 1 8 0 0 0 0 0 9]
 [9 0 0 0 0 0 6 4 0]
 [0 6 0 9 0 0 0 0 0]
 [6 0 0 8 0 0 0 0 4]
 [0 0 3 0 5 0 0 0 0]
 [0 0 1 0 0 2 0 0 0]]
Solution:
[[4 5 3 6 2 8 7 1 0]
 [2 8 0 5 1 9 3 0 6]
 [0 1 6 7 0 3 2 9 4]
 [6 0 7 3 0 5 8 4 2]
 [8 3 1 2 7 4 6 5 9]
 [5 2 9 1 6 0 0 7 3]
 [3 0 8 0 9 6 5 2 1]
 [9 0 5 4 3 2 0 6 7]
 [7 6 4 0 5 1 9 8 0]]
Number of cells unfilled: 15
Accuracy: 81.48148148148148
Sample: 32409
Question:
[[0 0 0 9 0 0 0 2 0]
 [0 1 0 0 0 4 0 0 7]
 [9 0 0 0 7 0 3 0 0]
 [0 5 0 0 4 0 0 0 9]
 [7 0 0 0 0 1 0 0 0]
 [0 0 8 0 0 0 0 6 0]
 [0 4 0 3 0 0 0 0 5]
 [0 0 6 0 0 5 0 8 0]
 [5 0 0 0 0 7 2 0 0]]
Solution:
[[4 5 3 6 2 8 7 1 0]
 [2 8 0 0 1 9 3 0 6]
 [0 1 6 7 5 3 2 9 4]
 [6 0 7 3 0 5 8 4 2]
 [8 3 1 2 7 4 6 5 9]
 [5 2 9 1 6 0 0 7 3]
 [3 7 8 0 9 6 5 2 1]
 [9 0 5 4 3 2 0 6 7]
 [0 6 4 5 0 1 9 8 0]]
Number of cells unfilled: 15
Accuracy: 81.48148148148148
Sample: 32410
Question:
[[7 0 0 3 0 0 0 0 0]
 [0 8 0 0 1 0 0 0 0]
 [0 0 4 0 0 9 0 6 0]
 [0 0 0 0 0 0 0 5 0]
 [0 0 5 0 0 0 6 0 2]
 [0 0 0 0 0 6 4 0 9]
 [0 3 0 0 8 0 0 0 6]
 [0 0 2 0 9 3 0 4 0]
 [1 0 0 7 0 0 0 9 0]]
Solution:
[[4 5 3 6 2 8 7 1 9]
 [2 8 0 0 1 9 3 5 6]
 [0 1 6 7 5 3 2 0 4]
 [6 0 7 3 0 5 8 4 2]
 [8 3 1 9 7 4 6 0 5]
 [5 2 9 1 6 0 0 7 0]
 [3 0 8 0 9 7 5 2 1]
 [9 0 5 4 3 2 0 6 7]
 [7 6 4 5 0 1 9 8 3]]
Number of cells unfilled: 15
Accuracy: 81.48148148148148
Sample: 32411
Question:
[[0 0 0 7 0 0 0 8 4]
 [0 0 0 0 8 1 0 0 0]
 [1 0 0 0 0 3 0 0 0]
 [0 0 6 4 5 2 0 0 3]
 [0 0 1 0 0 0 0 0 9]
 [0 0 4 0 7 0 6 0 0]
 [0 0 0 0 9 0 0 2 0]
 [0 0 3 0 0 0 7 0 0]
 [0 7 0 0 6 0 0 3 0]]
Solution:
[[4 5 3 6 0 8 7 1 0]
 [2 8 0 5 1 9 3 0 6]
 [0 1 6 7 0 3 2 9 4]
 [6 0 7 3 2 5 8 4 9]
 [8 3 1 9 7 4 6 5 2]
 [5 2 9 1 6 0 0 7 3]
 [3 6 8 0 9 7 5 2 1]
 [9 0 5 4 3 2 0 6 7]
 [7 0 4 0 5 1 9 8 0]]
Number of cells unfilled: 15
Accuracy: 81.48148148148148
Sample: 32412
Question:
[[0 7 0 9 0 0 0 3 0]
 [0 0 6 0 0 0 0 0 4]
 [3 0 0 0 5 0 1 0 0]
 [0 3 0 0 0 5 0 8 0]
 [0 0 4 0 0 0 0 0 6]
 [2 0 0 1 0 0 5 0 0]
 [0 0 0 0 1 0 7 0 0]
 [9 0 0 3 2 7 0 0 0]
 [0 0 0 0 0 8 0 2 0]]
Solution:
[[4 5 3 6 2 8 7 1 9]
 [2 7 0 5 1 9 3 0 6]
 [0 1 6 7 0 3 2 5 4]
 [6 0 7 3 0 5 8 4 2]
 [8 3 1 2 7 4 6 9 5]
 [5 2 9 1 6 0 0 7 3]
 [3 6 8 0 9 7 5 2 1]
 [9 0 5 4 3 2 0 6 7]
 [7 0 4 0 5 1 9 8 0]]
Number of cells unfilled: 14
Accuracy: 82.71604938271605
Sample: 32413
Question:
[[0 4 0 0 0 0 2 3 0]
 [0 0 2 0 0 0 9 7 0]
 [9 0 0 0 0 2 1 0 0]
 [3 0 0 0 0 9 7 0 0]
 [0 0 0 5 0 0 0 0 0]
 [0 0 6 0 8 0 0 2 0]
 [2 0 0 0 0 7 0 1 0]
 [0 5 0 0 6 0 0 0 0]
 [0 0 8 4 0 0 0 0 0]]
Solution:
[[4 5 3 6 0 8 7 1 0]
 [2 8 0 0 1 9 3 0 6]
 [0 1 6 7 5 3 2 9 4]
 [6 0 7 3 2 5 8 4 9]
 [8 3 1 9 7 4 6 5 2]
 [5 2 9 1 6 0 0 7 3]
 [3 0 8 0 9 6 5 2 1]
 [9 0 5 4 3 2 0 6 7]
 [7 6 4 5 0 1 9 8 0]]
Number of cells unfilled: 15
Accuracy: 81.48148148148148
Sample: 32414
Question:
[[0 0 4 0 0 0 0 0 0]
 [5 0 0 4 2 0 0 1 0]
 [8 0 0 0 0 7 3 0 0]
 [0 0 0 0 0 0 9 0 0]
 [0 0 0 0 0 0 0 8 6]
 [0 0 8 6 1 0 0 2 0]
 [2 0 5 0 0 6 0 0 0]
 [4 0 1 3 0 0 0 0 0]
 [0 8 0 2 4 0 0 5 0]]
Solution:
[[4 5 3 6 0 8 7 1 0]
 [2 8 0 0 1 9 3 0 6]
 [0 1 6 7 5 3 2 9 4]
 [6 0 7 3 2 5 8 4 9]
 [8 3 1 9 7 4 6 5 2]
 [5 2 9 1 6 0 0 7 3]
 [3 6 8 0 9 7 5 2 1]
 [9 0 5 4 3 2 0 6 7]
 [7 0 4 5 0 1 9 8 0]]
Number of cells unfilled: 15
Accuracy: 81.48148148148148
Sample: 32415
Question:
[[4 0 3 0 0 6 0 0 0]
 [0 6 0 0 0 0 9 1 0]
 [0 0 0 0 0 7 0 5 0]
 [0 7 0 4 0 5 0 0 0]
 [0 3 2 0 0 0 4 0 0]
 [5 0 4 0 7 0 1 9 0]
 [3 0 0 0 0 0 0 0 0]
 [0 0 0 0 6 0 5 0 1]
 [6 0 5 0 0 9 0 2 0]]
Solution:
[[4 5 3 6 0 8 2 1 0]
 [2 7 0 5 1 9 3 0 6]
 [0 1 6 7 0 3 0 9 4]
 [6 0 7 3 2 5 8 4 9]
 [8 3 1 9 7 4 6 5 2]
 [5 2 9 1 6 0 0 7 3]
 [3 6 8 0 9 7 5 2 1]
 [9 0 5 4 3 2 0 6 7]
 [7 0 4 0 5 1 9 8 0]]
Number of cells unfilled: 16
Accuracy: 80.24691358024691
Sample: 32416
Question:
[[0 9 0 0 0 6 7 0 0]
 [0 0 0 9 0 0 0 8 0]
 [0 0 7 0 1 0 0 0 4]
 [5 0 0 0 0 0 6 0 0]
 [0 0 4 0 2 0 0 0 7]
 [7 8 0 0 0 5 0 0 0]
 [0 0 0 0 0 1 0 0 3]
 [0 0 3 2 0 0 0 7 0]
 [1 0 0 0 3 0 4 2 0]]
Solution:
[[4 5 3 6 2 8 7 1 0]
 [2 8 0 0 1 9 3 0 6]
 [0 1 6 7 5 3 2 9 4]
 [6 0 7 3 0 5 8 4 9]
 [8 3 1 9 7 4 6 5 2]
 [5 2 9 1 6 0 0 7 3]
 [3 0 8 0 9 6 5 2 1]
 [9 0 5 4 3 2 0 6 7]
 [7 6 4 5 0 1 9 8 0]]
Number of cells unfilled: 15
Accuracy: 81.48148148148148
Sample: 32417
Question:
[[0 0 6 0 0 5 7 0 0]
 [2 0 0 3 0 0 0 4 0]
 [0 0 0 0 9 0 8 0 0]
 [0 6 0 4 0 0 0 3 0]
 [3 0 0 0 0 9 0 0 0]
 [4 0 1 0 0 0 0 0 8]
 [0 0 4 1 0 0 0 6 0]
 [0 2 0 0 0 0 5 0 0]
 [0 0 0 0 7 0 0 0 0]]
Solution:
[[4 5 3 6 0 8 7 1 0]
 [2 8 0 0 1 9 3 0 6]
 [0 1 6 7 5 3 2 9 4]
 [6 0 7 3 2 5 8 4 9]
 [8 3 1 9 7 4 6 5 2]
 [5 2 9 1 6 0 0 7 3]
 [3 6 8 0 9 7 5 2 1]
 [9 0 5 4 3 6 0 0 7]
 [7 0 4 2 0 1 9 8 0]]
Number of cells unfilled: 16
Accuracy: 80.24691358024691
Sample: 32418
Question:
[[0 0 7 0 0 0 0 0 3]
 [5 4 0 3 0 0 7 0 0]
 [0 1 0 0 0 0 0 4 0]
 [0 0 0 0 0 8 9 0 0]
 [8 0 0 0 6 0 0 0 7]
 [0 0 4 5 0 0 0 1 0]
 [0 0 5 4 0 0 0 7 0]
 [0 2 0 0 0 0 0 0 0]
 [0 0 0 0 9 2 0 0 6]]
Solution:
[[4 5 3 6 0 8 2 1 0]
 [2 7 0 5 1 9 3 0 6]
 [0 1 6 7 0 3 0 9 4]
 [6 0 7 3 2 5 8 4 9]
 [8 3 1 9 7 4 6 5 2]
 [5 2 9 1 6 0 0 7 3]
 [3 0 8 0 9 6 5 2 1]
 [9 0 5 4 3 2 0 6 7]
 [7 6 4 0 5 1 9 8 0]]
Number of cells unfilled: 16
Accuracy: 80.24691358024691
Sample: 32419
Question:
[[0 0 9 0 0 2 0 0 1]
 [0 4 0 3 0 0 0 0 0]
 [2 0 0 0 0 0 7 0 0]
 [9 0 1 2 6 0 0 0 0]
 [8 0 0 0 0 0 0 5 0]
 [0 2 0 0 0 8 0 0 9]
 [0 0 0 7 0 0 0 3 0]
 [0 0 0 6 0 0 5 0 0]
 [4 0 0 0 0 9 0 0 8]]
Solution:
[[4 5 3 6 2 8 7 1 0]
 [2 8 0 5 1 9 3 0 6]
 [0 1 6 7 0 3 2 9 4]
 [6 0 7 3 0 5 8 4 2]
 [8 3 1 2 7 4 6 5 9]
 [5 2 9 1 6 0 0 7 3]
 [3 6 8 0 9 7 5 2 1]
 [9 0 5 4 3 2 0 6 7]
 [7 0 4 0 5 1 9 8 0]]
Number of cells unfilled: 15
Accuracy: 81.48148148148148
Sample: 32420
Question:
[[3 0 0 8 0 0 0 0 0]
 [0 0 0 0 0 7 0 0 8]
 [0 2 8 0 4 0 5 0 0]
 [0 6 0 0 5 0 4 0 0]
 [0 0 7 1 0 3 0 0 0]
 [0 0 0 0 0 0 0 1 0]
 [0 5 0 0 0 0 0 2 0]
 [0 0 9 0 0 0 6 0 0]
 [6 0 0 0 9 0 0 5 4]]
Solution:
[[4 5 3 6 2 8 7 1 0]
 [2 7 0 5 1 9 3 0 6]
 [0 1 6 7 0 3 2 9 4]
 [6 0 7 3 0 5 8 4 2]
 [8 3 1 2 7 4 6 5 9]
 [5 2 9 1 6 0 0 7 0]
 [3 6 8 0 9 7 5 2 1]
 [9 0 5 4 3 2 0 6 7]
 [7 0 4 0 5 1 9 8 3]]
Number of cells unfilled: 15
Accuracy: 81.48148148148148
Sample: 32421
Question:
[[3 0 7 0 0 2 0 0 0]
 [0 0 2 8 0 0 0 9 5]
 [0 0 0 6 5 0 4 0 3]
 [4 0 0 1 2 0 0 6 0]
 [9 0 5 7 0 8 0 0 0]
 [0 7 0 0 0 4 8 0 0]
 [5 0 0 0 0 1 6 0 0]
 [0 0 8 0 0 9 0 1 0]
 [2 3 0 4 0 0 5 7 0]]
Solution:
[[4 5 3 6 2 8 7 1 0]
 [2 8 0 0 1 9 3 0 6]
 [0 1 6 7 5 3 2 9 4]
 [6 0 7 3 0 5 8 4 2]
 [8 3 1 2 7 4 6 5 9]
 [5 2 9 1 6 0 0 7 3]
 [3 6 8 0 9 7 5 2 1]
 [9 0 5 4 3 2 0 6 7]
 [7 0 4 5 0 1 9 8 0]]
Number of cells unfilled: 15
Accuracy: 81.48148148148148
Sample: 32422
Question:
[[0 0 5 0 0 6 0 0 7]
 [4 0 0 0 0 0 8 0 0]
 [0 1 0 0 2 0 0 0 9]
 [0 2 0 0 9 0 0 0 0]
 [9 0 0 3 0 0 0 0 4]
 [0 0 6 0 0 7 0 9 0]
 [0 0 0 0 0 1 0 0 3]
 [5 0 0 4 0 0 0 8 0]
 [0 0 0 0 7 0 4 0 5]]
Solution:
[[4 5 3 6 0 8 2 1 0]
 [2 7 0 5 1 9 3 0 6]
 [0 1 6 7 0 3 0 9 4]
 [6 0 7 3 2 5 8 4 9]
 [8 3 1 9 7 4 6 5 2]
 [5 2 9 1 6 0 0 7 3]
 [3 6 8 0 9 7 5 2 1]
 [9 0 5 4 3 2 0 6 7]
 [7 0 4 0 5 1 9 8 0]]
Number of cells unfilled: 16
Accuracy: 80.24691358024691
Sample: 32423
Question:
[[0 6 0 0 0 0 0 2 0]
 [2 0 3 0 0 4 8 0 1]
 [0 0 0 2 0 0 9 0 0]
 [0 4 0 0 0 3 0 0 0]
 [0 0 6 8 0 0 0 0 0]
 [3 1 0 0 5 0 0 0 8]
 [7 0 0 9 0 0 0 8 2]
 [0 0 0 0 7 0 3 0 0]
 [0 0 1 0 0 8 0 0 5]]
Solution:
[[4 5 3 6 2 8 7 1 0]
 [2 7 0 0 1 9 3 0 6]
 [0 1 6 7 5 3 2 9 4]
 [6 0 7 3 0 5 8 4 2]
 [8 3 1 2 7 4 6 5 9]
 [5 2 9 1 6 0 0 7 3]
 [3 6 8 0 9 7 5 2 1]
 [9 0 5 4 3 2 0 6 7]
 [7 0 4 5 0 1 9 8 0]]
Number of cells unfilled: 15
Accuracy: 81.48148148148148
Sample: 32424
Question:
[[0 0 5 8 0 0 4 0 6]
 [0 0 0 0 2 0 0 0 0]
 [0 1 0 0 0 0 0 0 0]
 [6 0 0 0 0 0 0 0 3]
 [9 0 0 0 6 4 0 5 0]
 [3 2 0 0 0 1 0 0 9]
 [8 0 0 0 0 0 0 3 0]
 [0 0 7 0 0 3 0 9 0]
 [0 0 0 0 8 0 0 1 0]]
Solution:
[[4 5 3 6 2 8 7 1 9]
 [2 7 0 0 1 9 3 5 6]
 [0 1 6 7 5 3 2 0 4]
 [6 0 7 3 0 5 8 4 2]
 [8 3 1 2 7 4 6 9 5]
 [5 2 9 1 6 0 0 7 3]
 [3 6 8 0 9 7 5 2 1]
 [9 0 5 4 3 6 0 0 7]
 [7 0 4 5 0 1 9 8 0]]
Number of cells unfilled: 15
Accuracy: 81.48148148148148
Sample: 32425
Question:
[[0 0 0 0 3 0 0 6 0]
 [0 0 7 0 0 2 0 0 0]
 [0 5 0 9 1 8 0 0 0]
 [0 0 8 4 0 9 0 3 0]
 [0 0 0 3 0 0 4 0 0]
 [0 0 0 0 5 0 0 1 0]
 [9 0 0 0 0 0 0 5 0]
 [0 0 2 0 0 4 3 8 0]
 [3 4 0 0 2 0 0 0 0]]
Solution:
[[4 5 3 6 2 8 7 1 0]
 [2 7 0 5 1 9 3 0 6]
 [0 1 6 7 0 3 2 9 4]
 [6 0 7 3 0 5 8 4 2]
 [8 3 1 2 7 4 6 5 9]
 [5 2 9 1 6 0 0 7 0]
 [3 6 8 0 9 7 5 2 1]
 [9 0 5 4 3 6 0 0 7]
 [7 0 4 0 5 1 9 8 3]]
Number of cells unfilled: 16
Accuracy: 80.24691358024691
Sample: 32426
Question:
[[9 8 0 0 0 0 7 0 0]
 [7 4 0 0 0 8 0 0 1]
 [0 0 1 0 0 0 0 0 0]
 [0 0 9 3 0 4 1 0 0]
 [0 3 0 0 6 0 0 0 0]
 [0 0 0 0 2 0 0 3 0]
 [0 0 0 0 5 0 8 6 0]
 [0 0 8 0 0 7 9 0 0]
 [5 0 0 0 0 0 0 0 2]]
Solution:
[[4 5 3 6 0 8 7 1 0]
 [2 8 0 0 1 9 3 0 6]
 [0 1 6 7 5 3 2 9 4]
 [6 0 7 3 2 5 8 4 9]
 [8 3 1 9 7 4 6 5 2]
 [5 2 9 1 6 0 0 7 3]
 [3 7 8 0 9 6 5 2 1]
 [9 0 5 4 3 2 0 6 7]
 [0 6 4 5 0 1 9 8 0]]
Number of cells unfilled: 15
Accuracy: 81.48148148148148
Sample: 32427
Question:
[[0 6 0 0 1 0 8 0 0]
 [9 0 0 8 0 0 0 4 0]
 [0 0 0 0 0 2 0 0 9]
 [0 0 0 0 0 0 0 6 0]
 [0 0 0 0 5 0 7 8 0]
 [7 0 0 6 0 0 0 0 4]
 [0 5 0 0 0 1 0 3 0]
 [0 2 0 0 0 6 0 0 0]
 [8 0 0 3 0 0 4 0 0]]
Solution:
[[4 5 3 6 2 8 7 1 0]
 [2 7 0 0 1 9 3 0 6]
 [0 1 6 7 5 3 2 9 4]
 [6 0 7 3 0 5 8 4 9]
 [8 3 1 9 7 4 6 5 2]
 [5 2 9 1 6 0 0 7 3]
 [3 6 8 0 9 7 5 2 1]
 [9 0 5 4 3 2 0 6 7]
 [7 0 4 5 0 1 9 8 0]]
Number of cells unfilled: 15
Accuracy: 81.48148148148148
Sample: 32428
Question:
[[0 0 0 1 4 5 2 0 0]
 [8 0 0 2 0 3 0 0 7]
 [0 0 5 0 0 0 3 0 0]
 [0 7 2 0 6 0 0 0 0]
 [0 0 0 0 0 0 0 2 0]
 [5 0 0 9 0 2 7 0 0]
 [3 0 0 8 0 9 0 7 0]
 [0 0 0 0 1 0 9 0 0]
 [0 5 0 0 0 0 8 0 0]]
Solution:
[[4 5 3 6 2 8 7 1 0]
 [2 8 0 5 1 9 3 0 6]
 [0 1 6 7 0 3 2 9 4]
 [6 0 7 3 0 5 8 4 2]
 [8 3 1 2 7 4 6 5 9]
 [5 2 9 1 6 0 0 7 3]
 [3 6 8 0 9 7 5 2 1]
 [9 0 5 4 3 2 0 6 7]
 [7 0 4 0 5 1 9 8 0]]
Number of cells unfilled: 15
Accuracy: 81.48148148148148
Sample: 32429
Question:
[[0 0 0 2 0 0 0 0 0]
 [1 0 2 0 0 6 0 8 0]
 [0 5 0 0 0 0 2 0 6]
 [2 1 7 0 6 0 0 3 0]
 [0 9 0 0 0 2 0 0 0]
 [5 0 0 0 0 7 8 0 0]
 [0 4 0 0 0 1 0 0 0]
 [0 0 0 0 0 3 0 0 8]
 [3 0 1 6 0 0 0 7 0]]
Solution:
[[4 5 3 6 0 8 7 1 0]
 [2 7 0 5 1 9 3 0 6]
 [0 1 6 7 0 3 2 9 4]
 [6 0 7 3 2 5 8 4 9]
 [8 3 1 9 7 4 6 5 2]
 [5 2 9 1 6 0 0 7 3]
 [3 6 8 0 9 7 5 2 1]
 [9 0 5 4 3 2 0 6 7]
 [7 0 4 0 5 1 9 8 0]]
Number of cells unfilled: 15
Accuracy: 81.48148148148148
Sample: 32430
Question:
[[0 3 0 0 5 6 0 0 1]
 [0 0 6 0 0 0 0 0 0]
 [0 0 0 4 0 0 6 3 0]
 [0 9 0 0 0 0 1 0 0]
 [3 0 0 5 6 9 0 0 2]
 [0 6 0 8 7 0 0 0 0]
 [0 5 0 7 0 0 0 0 0]
 [0 2 0 0 0 0 0 1 0]
 [0 0 3 0 2 5 0 0 9]]
Solution:
[[4 5 3 6 2 8 7 1 9]
 [2 8 0 5 1 9 3 0 6]
 [0 1 6 7 0 3 2 5 4]
 [6 0 7 3 0 5 8 4 2]
 [8 3 1 2 7 4 6 9 5]
 [5 2 9 1 6 0 0 7 3]
 [3 7 8 0 9 6 5 2 1]
 [9 0 5 4 3 2 0 6 7]
 [0 6 4 0 5 1 9 8 0]]
Number of cells unfilled: 14
Accuracy: 82.71604938271605
Sample: 32431
Question:
[[0 8 0 2 0 0 0 5 6]
 [0 0 0 0 6 0 7 0 0]
 [0 0 3 0 5 0 0 0 0]
 [0 0 0 9 0 0 0 0 0]
 [0 3 0 0 2 0 0 6 9]
 [9 0 2 0 0 0 4 0 0]
 [0 5 0 0 0 2 6 9 0]
 [3 0 0 0 8 0 0 0 0]
 [0 0 0 0 9 0 1 7 3]]
Solution:
[[4 5 3 6 2 8 7 1 9]
 [2 8 0 5 1 9 3 0 6]
 [0 1 6 7 0 3 2 5 4]
 [6 0 7 3 0 5 8 4 2]
 [8 3 1 2 7 4 6 9 5]
 [5 2 9 1 6 0 0 7 3]
 [3 6 8 0 9 7 5 2 1]
 [9 0 5 4 3 2 0 6 7]
 [7 0 4 0 5 1 9 8 0]]
Number of cells unfilled: 14
Accuracy: 82.71604938271605
Sample: 32432
Question:
[[7 0 0 6 9 0 0 0 0]
 [0 0 1 0 5 7 8 0 0]
 [5 0 0 0 0 2 0 9 0]
 [4 0 0 3 0 0 0 0 0]
 [0 1 0 0 4 8 5 0 0]
 [8 0 0 0 0 0 0 0 9]
 [0 7 0 0 0 0 0 0 0]
 [1 0 0 0 7 4 9 0 0]
 [0 0 0 2 0 0 0 7 1]]
Solution:
[[4 5 3 6 0 8 7 1 0]
 [2 7 0 0 1 9 3 0 6]
 [0 1 6 7 5 3 2 9 4]
 [6 0 7 3 2 5 8 4 9]
 [8 3 1 9 7 4 6 5 2]
 [5 2 9 1 6 0 0 7 3]
 [3 0 8 0 9 6 5 2 1]
 [9 0 5 4 3 2 0 6 7]
 [7 6 4 5 0 1 9 8 0]]
Number of cells unfilled: 15
Accuracy: 81.48148148148148
Sample: 32433
Question:
[[4 9 0 0 0 0 0 5 7]
 [0 0 6 0 0 0 0 2 0]
 [2 0 0 5 0 4 3 0 8]
 [0 0 4 0 6 0 0 0 1]
 [0 5 0 4 3 0 8 9 0]
 [9 0 3 0 1 0 6 0 0]
 [0 8 0 2 0 0 0 0 5]
 [1 0 0 3 0 0 0 0 0]
 [7 0 2 0 0 8 9 4 0]]
Solution:
[[4 5 3 6 0 8 2 1 0]
 [2 7 0 5 1 9 3 0 6]
 [0 1 6 7 0 3 0 9 4]
 [6 0 7 3 2 5 8 4 9]
 [8 3 1 9 7 4 6 5 2]
 [5 2 9 1 6 0 0 7 0]
 [3 6 8 0 9 7 5 2 1]
 [9 0 5 4 3 6 0 0 7]
 [7 0 4 2 5 1 9 8 3]]
Number of cells unfilled: 16
Accuracy: 80.24691358024691
Sample: 32434
Question:
[[0 0 0 0 5 0 7 0 2]
 [0 0 8 0 0 0 9 0 0]
 [7 2 0 9 0 0 0 4 0]
 [6 7 0 1 0 0 0 0 4]
 [0 3 0 0 6 0 0 7 0]
 [0 8 0 0 0 5 0 0 0]
 [2 0 0 5 0 0 4 0 0]
 [0 0 6 0 0 0 0 0 0]
 [0 5 0 0 4 3 0 1 0]]
Solution:
[[4 5 3 6 2 8 7 1 9]
 [2 8 0 0 1 9 3 5 6]
 [0 1 6 7 5 3 2 0 4]
 [6 0 7 3 0 5 8 4 2]
 [8 3 1 2 7 4 6 9 5]
 [5 2 9 1 6 0 0 7 3]
 [3 6 8 0 9 7 5 2 1]
 [9 0 5 4 3 2 0 6 7]
 [7 0 4 5 0 1 9 8 0]]
Number of cells unfilled: 14
Accuracy: 82.71604938271605
Sample: 32435
Question:
[[0 7 8 0 9 0 0 0 4]
 [0 0 0 0 0 6 0 0 0]
 [0 0 2 7 0 0 0 8 0]
 [3 0 0 0 0 0 5 0 0]
 [0 0 0 6 0 0 8 0 1]
 [0 8 1 0 5 0 0 4 0]
 [0 1 9 0 6 0 4 0 0]
 [7 0 0 0 0 0 0 0 0]
 [0 0 6 4 0 2 0 9 0]]
Solution:
[[4 5 3 6 0 8 7 1 0]
 [2 8 0 5 1 9 3 0 6]
 [0 1 6 7 0 3 2 9 4]
 [6 0 7 3 2 5 8 4 9]
 [8 3 1 9 7 4 6 5 2]
 [5 2 9 1 6 0 0 7 3]
 [3 6 8 0 9 7 5 2 1]
 [9 0 5 4 3 2 0 6 7]
 [7 0 4 0 5 1 9 8 0]]
Number of cells unfilled: 15
Accuracy: 81.48148148148148
Sample: 32436
Question:
[[0 6 0 2 9 4 1 0 0]
 [0 0 7 3 0 8 0 0 0]
 [9 0 5 0 0 0 0 0 0]
 [1 0 9 5 0 7 0 0 8]
 [0 0 0 0 0 1 9 0 0]
 [3 0 0 0 8 0 0 0 5]
 [0 3 6 0 1 0 0 0 0]
 [0 0 0 0 0 0 0 9 6]
 [0 0 0 0 0 0 3 0 0]]
Solution:
[[4 5 3 6 0 8 7 1 0]
 [2 7 0 5 1 9 3 0 6]
 [0 1 6 7 0 3 2 9 4]
 [6 0 7 3 2 5 8 4 9]
 [8 3 1 9 7 4 6 5 2]
 [5 2 9 1 6 0 0 7 0]
 [3 0 8 0 9 7 5 2 1]
 [9 0 5 4 3 6 0 0 7]
 [7 6 4 2 5 1 9 8 3]]
Number of cells unfilled: 15
Accuracy: 81.48148148148148
Sample: 32437
Question:
[[0 0 0 0 0 0 0 0 0]
 [9 0 0 0 0 0 4 0 0]
 [0 0 0 7 5 0 0 0 0]
 [2 0 0 0 3 8 0 5 0]
 [0 0 0 0 0 0 0 7 6]
 [0 0 0 0 0 4 0 0 3]
 [0 0 0 0 0 9 0 0 0]
 [0 0 1 0 0 0 0 0 0]
 [0 6 7 0 0 0 1 0 0]]
Solution:
[[4 5 3 6 2 8 7 1 0]
 [2 7 0 0 1 9 3 0 6]
 [0 1 6 7 5 3 2 9 4]
 [6 0 7 3 0 5 8 4 9]
 [8 3 1 9 7 4 6 5 2]
 [5 2 9 1 6 0 0 7 3]
 [3 0 8 0 9 6 5 2 1]
 [9 0 5 4 3 2 0 6 7]
 [7 6 4 5 0 1 9 8 0]]
Number of cells unfilled: 15
Accuracy: 81.48148148148148
Sample: 32438
Question:
[[0 0 4 7 0 0 6 0 0]
 [0 0 0 5 8 0 0 0 0]
 [0 3 0 0 6 4 0 0 9]
 [0 1 3 0 4 0 2 0 0]
 [2 0 0 0 3 0 0 0 4]
 [0 9 6 0 0 5 0 0 3]
 [0 0 9 0 0 0 0 5 0]
 [0 0 1 0 0 0 0 0 8]
 [0 2 0 0 0 0 0 7 0]]
Solution:
[[4 5 3 6 0 8 7 1 0]
 [2 7 0 0 1 9 3 0 6]
 [0 1 6 7 5 3 2 9 4]
 [6 0 7 3 2 5 8 4 9]
 [8 3 1 9 7 4 6 5 2]
 [5 2 9 1 6 0 0 7 3]
 [3 6 8 0 9 7 5 2 1]
 [9 0 5 4 3 6 0 0 7]
 [7 0 4 2 0 1 9 8 0]]
Number of cells unfilled: 16
Accuracy: 80.24691358024691
Sample: 32439
Question:
[[0 7 0 0 0 3 4 0 0]
 [0 0 1 0 9 0 0 0 5]
 [0 0 2 0 0 0 0 8 0]
 [6 0 0 0 0 1 0 0 0]
 [0 4 0 9 0 0 7 0 0]
 [0 0 0 0 3 4 0 0 8]
 [0 0 0 0 0 9 0 0 6]
 [2 0 0 0 0 7 0 5 0]
 [0 1 0 0 4 0 3 0 0]]
Solution:
[[4 5 3 6 0 8 7 1 0]
 [2 7 0 0 1 9 3 0 6]
 [0 1 6 7 5 3 2 9 4]
 [6 0 7 3 2 5 8 4 9]
 [8 3 1 9 7 4 6 5 2]
 [5 2 9 1 6 0 0 7 3]
 [3 6 8 0 9 7 5 2 1]
 [9 0 5 4 3 2 0 6 7]
 [7 0 4 5 0 1 9 8 0]]
Number of cells unfilled: 15
Accuracy: 81.48148148148148
Sample: 32440
Question:
[[0 4 0 9 0 0 5 0 0]
 [0 0 1 0 0 0 0 8 0]
 [7 0 0 0 0 3 0 0 2]
 [8 0 0 0 0 7 0 1 0]
 [0 7 0 5 0 0 4 0 0]
 [0 0 2 0 0 0 0 0 7]
 [0 6 0 0 4 9 3 0 0]
 [0 0 0 0 6 5 0 0 0]
 [0 0 0 3 0 0 0 0 0]]
Solution:
[[4 5 3 6 0 8 7 1 0]
 [2 8 0 5 1 9 3 0 6]
 [0 1 6 7 0 3 2 9 4]
 [6 0 7 3 2 5 8 4 9]
 [8 3 1 9 7 4 6 5 2]
 [5 2 9 1 6 0 0 7 3]
 [3 6 8 0 9 7 5 2 1]
 [9 0 5 4 3 2 0 6 7]
 [7 0 4 0 5 1 9 8 0]]
Number of cells unfilled: 15
Accuracy: 81.48148148148148
Sample: 32441
Question:
[[0 0 3 0 0 0 8 0 5]
 [5 0 0 0 3 0 4 0 7]
 [0 7 0 0 0 0 0 3 0]
 [0 0 0 1 0 6 0 0 9]
 [0 0 8 0 7 0 0 4 0]
 [0 2 0 0 0 0 6 0 0]
 [0 0 7 0 4 0 0 5 0]
 [0 1 0 2 0 0 0 0 0]
 [0 0 0 0 0 9 0 0 0]]
Solution:
[[4 5 3 6 0 8 7 1 0]
 [2 7 0 0 1 9 3 0 6]
 [0 1 6 7 5 3 2 9 4]
 [6 0 7 3 2 5 8 4 9]
 [8 3 1 9 7 4 6 5 2]
 [5 2 9 1 6 0 0 7 0]
 [3 6 8 0 9 7 5 2 1]
 [9 0 5 4 3 2 0 6 7]
 [7 0 4 5 0 1 9 8 3]]
Number of cells unfilled: 15
Accuracy: 81.48148148148148
Sample: 32442
Question:
[[0 0 2 0 0 0 0 0 0]
 [0 8 0 2 0 0 5 0 6]
 [0 0 5 0 8 6 0 0 9]
 [0 7 0 0 0 8 0 2 1]
 [0 0 0 0 0 0 8 6 0]
 [0 0 0 0 1 7 0 0 0]
 [0 1 8 0 0 0 0 3 0]
 [0 3 0 0 9 0 0 0 0]
 [0 0 9 0 3 0 7 0 4]]
Solution:
[[4 5 3 6 2 8 7 1 0]
 [2 7 0 0 1 9 3 0 6]
 [0 1 6 7 5 3 2 9 4]
 [6 0 7 3 0 5 8 4 2]
 [8 3 1 2 7 4 6 5 9]
 [5 2 9 1 6 0 0 7 3]
 [3 6 8 0 9 7 5 2 1]
 [9 0 5 4 3 6 0 0 7]
 [7 0 4 5 0 1 9 8 0]]
Number of cells unfilled: 16
Accuracy: 80.24691358024691
Sample: 32443
Question:
[[0 3 0 5 0 0 0 0 0]
 [0 0 8 0 7 3 6 0 0]
 [0 0 0 2 8 0 0 0 3]
 [0 0 0 6 0 0 0 1 0]
 [4 0 0 0 3 9 8 0 0]
 [0 0 9 0 0 0 0 0 6]
 [0 9 0 0 6 7 4 0 0]
 [0 0 7 0 0 0 0 0 0]
 [8 0 4 0 0 0 0 0 0]]
Solution:
[[4 5 3 6 0 8 7 1 0]
 [2 8 0 0 1 9 3 0 6]
 [0 1 6 7 5 3 2 9 4]
 [6 0 7 3 2 5 8 4 9]
 [8 3 1 9 7 4 6 5 2]
 [5 2 9 1 6 0 0 7 3]
 [3 0 8 0 9 6 5 2 1]
 [9 0 5 4 3 2 0 6 7]
 [7 6 4 5 0 1 9 8 0]]
Number of cells unfilled: 15
Accuracy: 81.48148148148148
Sample: 32444
Question:
[[0 0 0 0 5 1 0 0 8]
 [3 0 2 0 0 8 0 0 6]
 [9 0 0 0 0 0 1 0 0]
 [7 0 0 0 0 0 9 0 0]
 [0 9 0 0 0 0 0 4 0]
 [2 0 8 4 0 3 0 0 0]
 [0 0 7 3 0 0 0 0 0]
 [5 0 0 0 6 0 0 0 0]
 [0 0 0 0 0 9 7 8 0]]
Solution:
[[4 5 3 6 0 8 7 1 0]
 [2 8 0 0 1 9 3 0 6]
 [0 1 6 7 5 3 2 9 4]
 [6 0 7 3 2 5 8 4 9]
 [8 3 1 9 7 4 6 5 2]
 [5 2 9 1 6 0 0 7 3]
 [3 6 8 0 9 7 5 2 1]
 [9 0 5 4 3 2 0 6 7]
 [7 0 4 5 0 1 9 8 0]]
Number of cells unfilled: 15
Accuracy: 81.48148148148148
Sample: 32445
Question:
[[0 0 0 0 4 0 0 0 3]
 [7 9 0 0 2 0 0 1 0]
 [2 0 1 0 0 3 0 0 9]
 [0 0 0 0 9 0 0 4 1]
 [0 3 0 4 5 0 6 0 0]
 [0 5 0 0 8 1 0 0 0]
 [0 7 9 0 1 0 0 5 0]
 [4 0 0 0 0 0 0 7 0]
 [0 0 0 0 0 0 0 0 4]]
Solution:
[[4 5 3 6 2 8 7 1 9]
 [2 7 0 0 1 9 3 5 6]
 [0 1 6 7 5 3 2 0 4]
 [6 0 7 3 0 5 8 4 2]
 [8 3 1 2 7 4 6 9 5]
 [5 2 9 1 6 0 0 7 3]
 [3 6 8 0 9 7 5 2 1]
 [9 0 5 4 3 2 0 6 7]
 [7 0 4 5 0 1 9 8 0]]
Number of cells unfilled: 14
Accuracy: 82.71604938271605
Sample: 32446
Question:
[[0 0 7 0 9 0 0 2 0]
 [0 4 0 0 0 0 0 0 1]
 [3 0 0 0 0 0 5 0 0]
 [0 7 8 2 0 0 0 0 0]
 [0 0 0 6 7 0 0 0 0]
 [5 0 0 0 0 1 0 0 0]
 [0 0 0 0 0 4 3 0 9]
 [0 0 9 7 6 0 0 8 0]
 [0 0 0 0 0 0 0 6 0]]
Solution:
[[4 5 3 6 0 8 7 1 0]
 [2 8 0 5 1 9 3 0 6]
 [0 1 6 7 0 3 2 9 4]
 [6 0 7 3 2 5 8 4 9]
 [8 3 1 9 7 4 6 5 2]
 [5 2 9 1 6 0 0 7 3]
 [3 0 8 0 9 6 5 2 1]
 [9 0 5 4 3 0 0 6 7]
 [7 6 4 2 5 1 9 8 0]]
Number of cells unfilled: 15
Accuracy: 81.48148148148148
Sample: 32447
Question:
[[1 0 0 0 0 0 0 0 0]
 [7 0 0 0 4 0 8 0 0]
 [0 0 4 0 0 0 0 5 1]
 [0 1 0 8 0 0 0 0 0]
 [9 6 0 4 0 3 0 0 0]
 [3 0 0 0 0 6 0 7 8]
 [0 0 0 0 8 0 0 9 7]
 [0 0 0 5 0 0 0 0 0]
 [0 0 2 0 6 0 0 3 4]]
Solution:
[[4 5 3 6 2 8 7 1 0]
 [2 8 0 0 1 9 3 0 6]
 [0 1 6 7 5 3 2 9 4]
 [6 0 7 3 0 5 8 4 9]
 [8 3 1 9 7 4 6 5 2]
 [5 2 9 1 6 0 0 7 3]
 [3 6 8 0 9 7 5 2 1]
 [9 0 5 4 3 2 0 6 7]
 [7 0 4 5 0 1 9 8 0]]
Number of cells unfilled: 15
Accuracy: 81.48148148148148
Sample: 32448
Question:
[[0 0 0 3 0 2 0 0 0]
 [0 0 2 0 0 0 0 8 0]
 [7 0 0 0 6 0 0 0 1]
 [0 0 3 8 0 0 5 0 0]
 [0 0 9 0 0 5 0 0 0]
 [1 0 0 0 9 0 0 0 7]
 [0 4 0 0 7 0 9 6 0]
 [0 0 0 0 0 0 0 0 4]
 [9 0 0 0 0 0 1 7 0]]
Solution:
[[4 5 3 6 2 8 7 1 0]
 [2 7 0 0 1 9 3 0 6]
 [0 1 6 7 5 3 2 9 4]
 [6 0 7 3 0 5 8 4 9]
 [8 3 1 9 7 4 6 5 2]
 [5 2 9 1 6 0 0 7 3]
 [3 6 8 0 9 7 5 2 1]
 [9 0 5 4 3 2 0 6 7]
 [7 0 4 5 0 1 9 8 0]]
Number of cells unfilled: 15
Accuracy: 81.48148148148148
Sample: 32449
Question:
[[0 1 0 5 0 0 0 9 0]
 [6 0 0 0 0 0 0 0 0]
 [0 0 5 0 4 0 1 0 8]
 [0 0 0 0 0 4 2 0 0]
 [0 0 0 0 0 8 0 0 3]
 [5 0 0 7 0 0 0 1 0]
 [0 0 6 9 0 0 0 5 0]
 [7 0 0 0 3 0 0 0 0]
 [1 9 0 0 0 0 0 0 2]]
Solution:
[[4 5 3 6 0 8 7 1 0]
 [2 7 0 0 1 9 3 0 6]
 [0 1 6 7 5 3 2 9 4]
 [6 0 7 3 2 5 8 4 9]
 [8 3 1 9 7 4 6 5 2]
 [5 2 9 1 6 0 0 7 0]
 [3 0 8 0 9 6 5 2 1]
 [9 0 5 4 3 2 0 6 7]
 [7 6 4 5 0 1 9 8 3]]
Number of cells unfilled: 15
Accuracy: 81.48148148148148
Sample: 32450
Question:
[[0 0 0 5 0 0 1 0 0]
 [0 0 2 0 0 9 0 7 0]
 [0 4 0 0 8 0 0 0 0]
 [0 0 9 0 0 7 2 0 0]
 [3 0 0 9 0 0 0 0 6]
 [0 8 0 0 5 0 0 9 0]
 [0 9 0 0 0 4 5 0 0]
 [0 0 4 1 0 0 0 0 0]
 [6 0 0 0 0 5 0 0 3]]
Solution:
[[4 5 3 6 2 8 7 1 9]
 [2 8 0 0 1 9 3 5 6]
 [0 1 6 7 5 3 2 0 4]
 [6 0 7 3 0 5 8 4 2]
 [8 3 1 9 7 4 6 0 5]
 [5 2 9 1 6 0 0 7 0]
 [3 0 8 0 9 7 5 2 1]
 [9 0 5 4 3 0 0 6 7]
 [7 6 4 2 0 1 9 8 3]]
Number of cells unfilled: 16
Accuracy: 80.24691358024691
Sample: 32451
Question:
[[3 0 0 0 7 0 5 0 0]
 [0 8 0 1 0 0 0 0 9]
 [0 0 0 0 0 8 0 6 0]
 [0 0 0 0 0 9 0 0 0]
 [0 0 2 0 0 0 0 0 1]
 [5 0 0 7 4 0 6 0 0]
 [0 7 0 0 3 0 0 0 0]
 [0 5 3 6 0 0 4 0 0]
 [4 0 0 0 0 0 0 0 6]]
Solution:
[[4 5 3 6 0 8 7 1 0]
 [2 7 0 5 1 9 3 0 6]
 [0 1 6 7 0 3 2 9 4]
 [6 0 7 3 2 5 8 4 9]
 [8 3 1 9 7 4 6 5 2]
 [5 2 9 1 6 0 0 7 3]
 [3 0 8 0 9 6 5 2 1]
 [9 0 5 4 3 2 0 6 7]
 [7 6 4 0 5 1 9 8 0]]
Number of cells unfilled: 15
Accuracy: 81.48148148148148
Sample: 32452
Question:
[[7 0 1 0 0 0 0 0 0]
 [0 4 0 0 0 8 9 7 0]
 [0 0 0 0 0 0 0 0 0]
 [0 5 0 0 0 9 8 3 0]
 [0 0 0 0 2 0 6 0 0]
 [0 0 6 0 0 0 0 0 7]
 [0 3 0 4 8 0 0 5 0]
 [0 0 4 9 0 0 3 8 0]
 [0 0 5 0 0 3 0 0 0]]
Solution:
[[4 5 3 6 2 8 7 1 0]
 [2 8 0 0 1 9 3 0 6]
 [0 1 6 7 5 3 2 9 4]
 [6 0 7 3 0 5 8 4 9]
 [8 3 1 9 7 4 6 5 2]
 [5 2 9 1 6 0 0 7 3]
 [3 6 8 0 9 7 5 2 1]
 [9 0 5 4 3 2 0 6 7]
 [7 0 4 5 0 1 9 8 0]]
Number of cells unfilled: 15
Accuracy: 81.48148148148148
Sample: 32453
Question:
[[6 9 0 0 0 0 1 0 0]
 [8 0 0 7 0 0 0 6 0]
 [0 1 0 0 0 0 0 0 0]
 [0 0 0 4 0 0 8 0 0]
 [0 0 6 0 0 2 0 9 0]
 [1 0 0 0 6 5 0 2 0]
 [7 0 0 0 5 0 6 0 0]
 [0 0 1 3 0 0 0 0 0]
 [0 5 2 6 9 0 0 0 7]]
Solution:
[[4 5 3 6 2 8 7 1 9]
 [2 7 0 0 1 9 3 5 6]
 [0 1 6 7 5 3 2 0 4]
 [6 0 7 3 0 5 8 4 2]
 [8 3 1 2 7 4 6 9 5]
 [5 2 9 1 6 0 0 7 3]
 [3 0 8 0 9 6 5 2 1]
 [9 0 5 4 3 2 0 6 7]
 [7 6 4 5 0 1 9 8 0]]
Number of cells unfilled: 14
Accuracy: 82.71604938271605
Sample: 32454
Question:
[[6 0 0 0 0 0 0 1 4]
 [0 0 0 0 0 7 0 0 9]
 [0 0 0 5 0 0 8 6 0]
 [3 0 6 2 5 0 7 4 0]
 [0 0 0 0 7 0 0 0 2]
 [0 0 4 0 0 0 0 8 0]
 [0 1 0 4 9 2 0 0 0]
 [9 0 0 0 0 0 0 0 0]
 [0 4 0 0 3 0 0 0 5]]
Solution:
[[4 5 3 6 2 8 7 1 9]
 [2 7 0 5 1 9 3 0 6]
 [0 1 6 7 0 3 2 5 4]
 [6 0 7 3 0 5 8 4 2]
 [8 3 1 2 7 4 6 9 5]
 [5 2 9 1 6 0 0 7 3]
 [3 6 8 0 9 7 5 2 1]
 [9 0 5 4 3 2 0 6 7]
 [7 0 4 0 5 1 9 8 0]]
Number of cells unfilled: 14
Accuracy: 82.71604938271605
Sample: 32455
Question:
[[0 7 1 0 0 6 0 0 5]
 [0 2 0 0 0 0 0 0 0]
 [0 0 0 0 1 5 0 4 0]
 [0 5 6 0 9 0 2 0 0]
 [2 0 0 0 0 1 0 0 7]
 [0 0 0 0 0 8 4 0 6]
 [3 6 0 0 5 0 8 2 4]
 [0 0 0 0 0 3 0 0 0]
 [7 0 0 0 4 0 0 6 0]]
Solution:
[[4 5 3 6 0 8 7 1 0]
 [2 7 0 0 1 9 3 0 6]
 [0 1 6 7 5 3 2 9 4]
 [6 0 7 3 2 5 8 4 9]
 [8 3 1 9 7 4 6 5 2]
 [5 2 9 1 6 0 0 7 3]
 [3 0 8 0 9 6 5 2 1]
 [9 0 5 4 3 2 0 6 7]
 [7 6 4 5 0 1 9 8 0]]
Number of cells unfilled: 15
Accuracy: 81.48148148148148
Sample: 32456
Question:
[[9 0 0 0 2 0 0 6 8]
 [4 0 0 0 0 0 7 0 0]
 [0 0 0 0 8 7 0 9 0]
 [0 0 0 4 6 0 0 8 0]
 [0 2 6 9 5 0 3 0 0]
 [0 0 0 0 0 0 0 0 0]
 [2 8 0 3 7 0 0 0 0]
 [5 0 0 0 0 0 0 0 0]
 [1 0 3 2 9 0 0 0 0]]
Solution:
[[4 5 3 6 0 8 7 1 0]
 [2 7 0 5 1 9 3 0 6]
 [0 1 6 7 0 3 2 9 4]
 [6 0 7 3 2 5 8 4 9]
 [8 3 1 9 7 4 6 5 2]
 [5 2 9 1 6 0 0 7 3]
 [3 0 8 0 9 6 5 2 1]
 [9 0 5 4 3 2 0 6 7]
 [7 6 4 0 5 1 9 8 0]]
Number of cells unfilled: 15
Accuracy: 81.48148148148148
Sample: 32457
Question:
[[0 5 0 4 0 1 0 0 0]
 [1 0 0 9 8 0 0 0 0]
 [0 0 0 0 6 5 0 1 0]
 [0 0 7 0 0 0 0 0 2]
 [0 3 0 0 0 0 4 0 0]
 [9 0 0 0 0 8 0 6 0]
 [0 4 0 0 0 0 3 0 0]
 [0 9 2 0 0 0 0 0 7]
 [8 0 0 5 0 0 0 9 0]]
Solution:
[[4 5 3 6 0 8 7 1 0]
 [2 7 0 0 1 9 3 0 6]
 [0 1 6 7 5 3 2 9 4]
 [6 0 7 3 2 5 8 4 9]
 [8 3 1 9 7 4 6 5 2]
 [5 2 9 1 6 0 0 7 3]
 [3 0 8 0 9 6 5 2 1]
 [9 0 5 4 3 2 0 6 7]
 [7 6 4 5 0 1 9 8 0]]
Number of cells unfilled: 15
Accuracy: 81.48148148148148
Sample: 32458
Question:
[[4 0 3 0 5 8 0 9 0]
 [9 0 0 3 0 0 4 0 0]
 [0 5 0 0 9 0 0 0 0]
 [0 0 0 0 7 0 9 0 0]
 [0 0 0 0 0 2 0 0 7]
 [0 8 0 9 0 0 0 3 0]
 [2 0 0 0 0 0 1 0 6]
 [0 0 1 0 0 0 0 0 0]
 [0 3 0 5 0 0 0 4 0]]
Solution:
[[4 5 3 6 2 8 7 1 9]
 [2 7 0 0 1 9 3 5 6]
 [0 1 6 7 5 3 2 0 4]
 [6 0 7 3 0 5 8 4 2]
 [8 3 1 9 7 4 6 0 5]
 [5 2 9 1 6 0 0 7 0]
 [3 0 8 0 9 6 5 2 1]
 [9 0 5 4 3 2 0 6 7]
 [7 6 4 5 0 1 9 8 3]]
Number of cells unfilled: 15
Accuracy: 81.48148148148148
Sample: 32459
Question:
[[0 0 0 0 0 0 8 0 0]
 [0 0 0 0 0 9 3 0 0]
 [5 0 7 0 0 0 0 0 0]
 [0 4 0 0 0 0 0 0 0]
 [0 0 0 6 0 0 0 5 0]
 [0 3 0 0 0 0 2 0 0]
 [0 0 0 0 9 4 0 1 0]
 [0 0 0 0 0 3 0 0 0]
 [1 0 0 0 0 0 0 7 6]]
Solution:
[[4 5 3 6 0 8 7 1 0]
 [2 8 0 0 1 9 3 0 6]
 [0 1 6 7 5 3 2 9 4]
 [6 0 7 3 2 5 8 4 9]
 [8 3 1 9 7 4 6 5 2]
 [5 2 9 1 6 0 0 7 3]
 [3 7 8 0 9 6 5 2 1]
 [9 0 5 4 3 2 0 6 7]
 [0 6 4 5 0 1 9 8 0]]
Number of cells unfilled: 15
Accuracy: 81.48148148148148
Sample: 32460
Question:
[[3 0 0 0 0 0 0 5 7]
 [0 0 0 0 0 0 1 0 0]
 [0 0 1 0 0 5 0 2 3]
 [1 0 0 0 0 9 2 0 0]
 [7 0 0 0 0 2 3 0 0]
 [0 9 0 3 0 0 0 0 6]
 [0 0 4 8 0 0 0 0 0]
 [0 1 7 0 9 0 0 0 0]
 [5 0 0 0 0 1 7 0 0]]
Solution:
[[4 5 3 6 2 8 7 1 9]
 [2 7 0 0 1 9 3 5 6]
 [0 1 6 7 5 3 2 0 4]
 [6 0 7 3 0 5 8 4 2]
 [8 3 1 2 7 4 6 9 5]
 [5 2 9 1 6 0 0 7 3]
 [3 6 8 0 9 7 5 2 1]
 [9 0 5 4 3 2 0 6 7]
 [7 0 4 5 0 1 9 8 0]]
Number of cells unfilled: 14
Accuracy: 82.71604938271605
Sample: 32461
Question:
[[0 0 0 0 0 6 0 0 9]
 [0 0 0 4 0 7 0 6 0]
 [0 0 0 3 2 0 5 0 0]
 [5 0 8 7 0 0 0 0 0]
 [0 3 0 0 0 0 8 0 0]
 [2 0 6 0 0 0 0 9 0]
 [0 6 0 0 0 2 0 0 1]
 [0 0 2 0 3 0 9 0 0]
 [3 0 0 0 0 4 0 0 6]]
Solution:
[[4 5 3 6 0 8 7 1 2]
 [2 7 0 0 1 9 3 5 6]
 [0 1 6 7 5 3 0 9 4]
 [6 0 7 3 2 5 8 4 9]
 [8 3 1 9 7 4 6 0 5]
 [5 2 9 1 6 0 0 7 0]
 [3 6 8 0 9 7 5 2 1]
 [9 0 5 4 3 6 0 0 7]
 [7 0 4 5 0 1 9 8 3]]
Number of cells unfilled: 16
Accuracy: 80.24691358024691
Sample: 32462
Question:
[[0 0 0 0 0 6 0 1 0]
 [0 3 0 0 0 2 9 0 0]
 [0 0 5 9 1 0 0 0 2]
 [9 0 0 6 0 8 0 0 0]
 [0 5 0 0 0 9 0 0 0]
 [0 0 7 1 2 0 0 0 0]
 [5 0 0 0 0 0 0 2 9]
 [0 0 4 0 0 0 1 0 0]
 [0 0 9 8 0 0 0 7 4]]
Solution:
[[4 5 3 6 2 8 7 1 0]
 [2 8 0 0 1 9 3 0 6]
 [0 1 6 7 5 3 2 9 4]
 [6 0 7 3 0 5 8 4 9]
 [8 3 1 9 7 4 6 5 2]
 [5 2 9 1 6 0 0 7 3]
 [3 0 8 0 9 6 5 2 1]
 [9 0 5 4 3 2 0 6 7]
 [7 6 4 5 0 1 9 8 0]]
Number of cells unfilled: 15
Accuracy: 81.48148148148148
Sample: 32463
Question:
[[0 0 0 0 6 0 2 7 0]
 [0 0 5 0 0 0 1 9 0]
 [2 0 0 0 0 1 0 0 8]
 [7 0 0 0 8 9 0 1 0]
 [0 0 1 6 4 0 0 0 0]
 [0 5 0 0 0 0 0 0 0]
 [0 1 0 4 0 0 0 8 0]
 [5 0 0 0 1 8 9 0 0]
 [0 3 0 9 0 0 0 0 0]]
Solution:
[[4 5 3 6 2 8 7 1 0]
 [2 8 0 0 1 9 3 0 6]
 [0 1 6 7 5 3 2 9 4]
 [6 0 7 3 0 5 8 4 2]
 [8 3 1 2 7 4 6 5 9]
 [5 2 9 1 6 0 0 7 3]
 [3 0 8 0 9 6 5 2 1]
 [9 0 5 4 3 2 0 6 7]
 [7 6 4 5 0 1 9 8 0]]
Number of cells unfilled: 15
Accuracy: 81.48148148148148
Sample: 32464
Question:
[[0 0 0 2 0 6 0 3 0]
 [2 0 0 3 0 5 0 0 7]
 [0 0 0 0 7 0 0 0 0]
 [0 9 0 0 0 0 3 0 4]
 [3 0 0 0 2 0 0 7 0]
 [7 4 0 0 0 9 0 2 0]
 [0 0 8 0 0 0 1 0 2]
 [0 0 0 8 0 0 0 0 0]
 [5 0 0 0 6 2 0 8 0]]
Solution:
[[4 5 3 6 0 8 2 1 0]
 [2 8 0 5 1 9 3 0 6]
 [0 1 6 7 0 3 0 9 4]
 [6 0 7 3 2 5 8 4 9]
 [8 3 1 9 7 4 6 5 2]
 [5 2 9 1 6 0 0 7 0]
 [3 6 8 0 9 7 5 2 1]
 [9 0 5 4 3 6 0 0 7]
 [7 0 4 2 5 1 9 8 3]]
Number of cells unfilled: 16
Accuracy: 80.24691358024691
Sample: 32465
Question:
[[0 0 0 3 0 0 0 0 0]
 [3 0 0 0 7 1 4 0 0]
 [0 8 7 0 0 0 0 3 0]
 [0 0 9 5 4 0 7 0 0]
 [0 7 0 0 0 9 0 0 0]
 [5 0 0 7 1 0 0 0 0]
 [0 5 2 0 0 0 0 7 6]
 [0 0 0 0 6 0 9 0 2]
 [9 0 0 0 0 0 5 0 0]]
Solution:
[[4 5 3 6 2 8 7 1 0]
 [2 8 0 0 1 9 3 0 6]
 [0 1 6 7 5 3 2 9 4]
 [6 0 7 3 0 5 8 4 9]
 [8 3 1 9 7 4 6 5 2]
 [5 2 9 1 6 0 0 7 3]
 [3 7 8 0 9 6 5 2 1]
 [9 0 5 4 3 2 0 6 7]
 [0 6 4 5 0 1 9 8 0]]
Number of cells unfilled: 15
Accuracy: 81.48148148148148
Sample: 32466
Question:
[[0 0 0 3 0 0 0 0 0]
 [8 0 0 0 2 1 0 3 0]
 [0 3 0 0 0 0 4 0 1]
 [0 0 0 0 0 2 0 5 0]
 [1 0 0 5 0 8 0 0 9]
 [0 0 0 0 9 0 1 0 0]
 [5 0 0 0 1 0 0 9 0]
 [9 0 6 0 0 7 0 0 0]
 [0 1 7 0 0 0 5 0 6]]
Solution:
[[4 5 3 6 2 8 7 1 0]
 [2 7 0 0 1 9 3 0 6]
 [0 1 6 7 5 3 2 9 4]
 [6 0 7 3 0 5 8 4 9]
 [8 3 1 9 7 4 6 5 2]
 [5 2 9 1 6 0 0 7 3]
 [3 6 8 0 9 7 5 2 1]
 [9 0 5 4 3 2 0 6 7]
 [7 0 4 5 0 1 9 8 0]]
Number of cells unfilled: 15
Accuracy: 81.48148148148148
Sample: 32467
Question:
[[0 0 0 5 0 0 8 0 0]
 [0 0 3 2 6 0 0 0 9]
 [9 0 5 0 0 1 0 0 6]
 [5 0 1 9 0 0 0 0 2]
 [0 0 0 0 0 0 0 8 0]
 [0 3 4 0 0 0 9 0 0]
 [0 0 0 0 0 9 0 7 0]
 [0 4 0 1 0 0 0 0 0]
 [1 0 9 0 5 0 0 0 8]]
Solution:
[[4 5 3 6 2 8 7 1 0]
 [2 8 0 0 1 9 3 0 6]
 [0 1 6 7 5 3 2 9 4]
 [6 0 7 3 0 5 8 4 2]
 [8 3 1 2 7 4 6 5 9]
 [5 2 9 1 6 0 0 7 3]
 [3 6 8 0 9 7 5 2 1]
 [9 0 5 4 3 2 0 6 7]
 [7 0 4 5 0 1 9 8 0]]
Number of cells unfilled: 15
Accuracy: 81.48148148148148
Sample: 32468
Question:
[[0 0 0 8 6 0 7 0 0]
 [0 6 0 0 0 2 1 0 4]
 [0 0 9 1 0 0 0 0 0]
 [9 0 0 0 0 0 0 4 0]
 [0 0 4 0 0 0 5 7 0]
 [0 8 0 0 0 0 2 0 1]
 [0 9 0 0 1 0 0 0 2]
 [3 0 0 0 0 4 0 0 0]
 [4 0 0 2 0 0 0 5 0]]
Solution:
[[4 5 3 6 2 8 7 1 9]
 [2 8 0 5 1 9 3 0 6]
 [0 1 6 7 0 3 2 5 4]
 [6 0 7 3 0 5 8 4 2]
 [8 3 1 2 7 4 6 9 5]
 [5 2 9 1 6 0 0 7 3]
 [3 7 8 0 9 6 5 2 1]
 [9 0 5 4 3 2 0 6 7]
 [0 6 4 0 5 1 9 8 0]]
Number of cells unfilled: 14
Accuracy: 82.71604938271605
Sample: 32469
Question:
[[0 0 0 9 0 8 0 2 0]
 [0 0 2 0 1 4 7 0 0]
 [0 0 0 0 0 0 0 0 3]
 [6 0 7 0 0 9 2 0 0]
 [2 0 1 0 0 0 0 3 0]
 [0 4 0 0 2 0 6 0 0]
 [0 0 0 1 0 0 0 0 5]
 [0 0 4 8 0 0 0 0 0]
 [1 0 0 0 4 2 3 0 0]]
Solution:
[[4 5 3 6 0 8 2 1 0]
 [2 7 0 5 1 9 3 0 6]
 [0 1 6 7 0 3 0 9 4]
 [6 0 7 3 2 5 8 4 9]
 [8 3 1 9 7 4 6 5 2]
 [5 2 9 1 6 0 0 7 3]
 [3 0 8 0 9 6 5 2 1]
 [9 0 5 4 3 2 0 6 7]
 [7 6 4 0 5 1 9 8 0]]
Number of cells unfilled: 16
Accuracy: 80.24691358024691
Sample: 32470
Question:
[[0 0 6 0 0 0 0 0 0]
 [7 5 0 6 0 0 0 2 0]
 [0 0 0 0 3 7 0 0 6]
 [0 7 0 1 0 0 0 8 0]
 [0 0 0 0 0 4 9 0 7]
 [9 8 0 0 0 0 4 1 0]
 [0 1 0 0 7 0 0 0 0]
 [2 0 8 0 0 1 0 7 0]
 [5 0 0 8 0 0 0 0 0]]
Solution:
[[4 5 3 6 0 8 7 1 0]
 [2 7 0 5 1 9 3 0 6]
 [0 1 6 7 0 3 2 9 4]
 [6 0 7 3 2 5 8 4 9]
 [8 3 1 9 7 4 6 5 2]
 [5 2 9 1 6 0 0 7 3]
 [3 0 8 0 9 6 5 2 1]
 [9 0 5 4 3 2 0 6 7]
 [7 6 4 0 5 1 9 8 0]]
Number of cells unfilled: 15
Accuracy: 81.48148148148148
Sample: 32471
Question:
[[0 0 6 0 0 0 0 0 9]
 [0 1 0 0 6 0 5 0 0]
 [0 0 0 2 0 9 0 6 0]
 [5 0 7 0 0 4 9 0 0]
 [0 4 0 9 0 0 0 0 0]
 [1 0 0 0 7 0 0 0 0]
 [0 9 0 0 4 0 7 0 0]
 [8 7 0 0 9 0 4 0 3]
 [0 0 0 0 0 3 0 0 8]]
Solution:
[[4 5 3 6 2 8 7 1 0]
 [2 8 0 0 1 9 3 0 6]
 [0 1 6 7 5 3 2 9 4]
 [6 0 7 3 0 5 8 4 9]
 [8 3 1 9 7 4 6 5 2]
 [5 2 9 1 6 0 0 7 3]
 [3 0 8 0 9 6 5 2 1]
 [9 0 5 4 3 2 0 6 7]
 [7 6 4 5 0 1 9 8 0]]
Number of cells unfilled: 15
Accuracy: 81.48148148148148
Sample: 32472
Question:
[[0 0 6 0 0 8 0 0 0]
 [2 0 0 0 3 0 6 0 0]
 [0 0 0 6 0 0 0 8 5]
 [0 3 4 0 8 0 0 7 0]
 [7 0 0 0 0 0 0 0 0]
 [0 2 8 0 0 0 4 0 0]
 [0 0 0 8 0 9 0 1 0]
 [4 9 0 0 7 1 8 0 0]
 [0 0 0 0 4 0 7 0 0]]
Solution:
[[4 5 3 6 2 8 7 1 0]
 [2 7 0 5 1 9 3 0 6]
 [0 1 6 7 0 3 2 9 4]
 [6 0 7 3 0 5 8 4 2]
 [8 3 1 2 7 4 6 5 9]
 [5 2 9 1 6 0 0 7 3]
 [3 6 8 0 9 7 5 2 1]
 [9 0 5 4 3 2 0 6 7]
 [7 0 4 0 5 1 9 8 0]]
Number of cells unfilled: 15
Accuracy: 81.48148148148148
Sample: 32473
Question:
[[0 0 6 0 2 0 0 0 3]
 [2 0 0 9 0 0 5 0 0]
 [0 5 0 0 0 0 8 0 0]
 [0 2 0 0 0 6 0 0 1]
 [6 0 5 0 0 0 0 3 0]
 [7 0 1 0 0 4 0 0 5]
 [5 0 0 0 6 2 0 0 7]
 [0 0 0 4 0 9 0 0 0]
 [0 0 0 5 0 0 3 0 0]]
Solution:
[[4 5 3 6 2 8 7 1 0]
 [2 8 0 0 1 9 3 0 6]
 [0 1 6 7 5 3 2 9 4]
 [6 0 7 3 0 5 8 4 9]
 [8 3 1 9 7 4 6 5 2]
 [5 2 9 1 6 0 0 7 3]
 [3 7 8 0 9 6 5 2 1]
 [9 0 5 4 3 2 0 6 7]
 [0 6 4 5 0 1 9 8 0]]
Number of cells unfilled: 15
Accuracy: 81.48148148148148
Sample: 32474
Question:
[[0 0 9 0 0 0 0 2 0]
 [4 0 2 0 1 9 0 0 0]
 [1 3 0 0 0 0 0 0 4]
 [0 0 0 3 8 0 0 9 0]
 [0 0 0 0 0 2 3 0 0]
 [0 0 0 9 7 0 0 0 2]
 [0 0 7 0 0 8 0 5 0]
 [0 5 0 0 0 0 6 0 3]
 [3 0 0 5 0 0 0 0 0]]
Solution:
[[4 5 3 6 0 8 7 1 0]
 [2 8 0 5 1 9 3 0 6]
 [0 1 6 7 0 3 2 9 4]
 [6 0 7 3 2 5 8 4 9]
 [8 3 1 9 7 4 6 5 2]
 [5 2 9 1 6 0 0 7 3]
 [3 0 8 0 9 6 5 2 1]
 [9 0 5 4 3 2 0 6 7]
 [7 6 4 0 5 1 9 8 0]]
Number of cells unfilled: 15
Accuracy: 81.48148148148148
Sample: 32475
Question:
[[0 1 0 0 8 0 7 0 4]
 [7 0 0 4 0 0 0 2 0]
 [0 0 4 6 0 0 0 1 0]
 [0 0 7 0 3 0 4 0 0]
 [9 3 0 0 0 0 0 0 5]
 [1 0 0 0 0 8 0 0 0]
 [0 0 0 0 0 4 0 5 2]
 [4 0 0 0 9 0 1 0 7]
 [0 0 0 8 0 0 0 0 0]]
Solution:
[[4 5 3 6 2 8 7 1 0]
 [2 7 0 0 1 9 3 0 6]
 [0 1 6 7 5 3 2 9 4]
 [6 0 7 3 0 5 8 4 2]
 [8 3 1 2 7 4 6 5 9]
 [5 2 9 1 6 0 0 7 3]
 [3 0 8 0 9 6 5 2 1]
 [9 0 5 4 3 2 0 6 7]
 [7 6 4 5 0 1 9 8 0]]
Number of cells unfilled: 15
Accuracy: 81.48148148148148
Sample: 32476
Question:
[[0 3 0 0 4 0 0 0 9]
 [0 9 0 3 0 5 0 6 0]
 [2 0 0 0 0 1 0 0 0]
 [9 0 0 0 0 0 6 7 0]
 [0 0 2 0 0 0 0 0 0]
 [0 5 0 0 0 9 0 4 1]
 [0 0 0 0 0 4 7 0 0]
 [0 0 8 0 9 0 1 0 0]
 [0 2 0 1 0 0 0 9 4]]
Solution:
[[4 5 3 6 0 8 7 1 0]
 [2 8 0 5 1 9 3 0 6]
 [0 1 6 7 0 3 2 9 4]
 [6 0 7 3 2 5 8 4 9]
 [8 3 1 9 7 4 6 5 2]
 [5 2 9 1 6 0 0 7 3]
 [3 6 8 0 9 7 5 2 1]
 [9 0 5 4 3 2 0 6 7]
 [7 0 4 0 5 1 9 8 0]]
Number of cells unfilled: 15
Accuracy: 81.48148148148148
Sample: 32477
Question:
[[0 5 0 0 0 7 0 6 1]
 [0 6 0 0 5 3 8 0 0]
 [0 0 2 0 0 0 0 0 3]
 [0 1 0 0 3 8 0 0 5]
 [2 0 0 0 0 0 0 0 0]
 [0 0 0 7 0 4 0 0 0]
 [5 0 0 4 0 0 0 0 8]
 [0 2 0 0 8 5 0 3 0]
 [9 0 0 0 0 0 5 0 0]]
Solution:
[[4 5 3 6 2 8 7 1 0]
 [2 8 0 0 1 9 3 0 6]
 [0 1 6 7 5 3 2 9 4]
 [6 0 7 3 0 5 8 4 2]
 [8 3 1 2 7 4 6 5 9]
 [5 2 9 1 6 0 0 7 3]
 [3 0 8 0 9 6 5 2 1]
 [9 0 5 4 3 2 0 6 7]
 [7 6 4 5 0 1 9 8 0]]
Number of cells unfilled: 15
Accuracy: 81.48148148148148
Sample: 32478
Question:
[[0 6 0 0 0 1 2 0 0]
 [0 1 0 0 5 2 6 9 0]
 [0 0 9 0 0 0 0 5 0]
 [0 0 0 3 0 0 0 1 0]
 [8 0 0 0 0 0 0 0 3]
 [0 3 0 0 1 4 7 0 0]
 [0 0 6 2 7 0 1 0 0]
 [0 2 0 1 4 0 0 0 0]
 [0 0 0 0 0 6 0 0 0]]
Solution:
[[4 5 3 6 0 8 2 1 0]
 [2 7 0 5 1 9 3 0 6]
 [0 1 6 7 0 3 0 9 4]
 [6 0 7 3 2 5 8 4 9]
 [8 3 1 9 7 4 6 5 2]
 [5 2 9 1 6 0 0 7 3]
 [3 6 8 0 9 7 5 2 1]
 [9 0 5 4 3 2 0 6 7]
 [7 0 4 0 5 1 9 8 0]]
Number of cells unfilled: 16
Accuracy: 80.24691358024691
Sample: 32479
Question:
[[0 6 0 0 5 7 0 0 9]
 [0 0 0 1 2 0 0 6 0]
 [0 0 0 6 0 0 3 0 0]
 [0 0 0 7 0 0 8 0 0]
 [7 0 0 0 6 5 0 0 3]
 [0 5 0 2 0 0 0 0 0]
 [6 7 0 0 0 0 0 3 0]
 [0 0 5 0 0 0 0 0 4]
 [4 9 0 0 1 0 0 0 6]]
Solution:
[[4 5 3 6 2 8 7 1 9]
 [2 8 0 0 1 9 3 5 6]
 [0 1 6 7 5 3 2 0 4]
 [6 0 7 3 0 5 8 4 2]
 [8 3 1 2 7 4 6 9 5]
 [5 2 9 1 6 0 0 7 3]
 [3 7 8 0 9 6 5 2 1]
 [9 0 5 4 3 2 0 6 7]
 [0 6 4 5 0 1 9 8 0]]
Number of cells unfilled: 14
Accuracy: 82.71604938271605
Sample: 32480
Question:
[[0 6 0 0 7 0 0 0 0]
 [2 0 9 1 0 0 0 6 0]
 [0 8 5 0 0 0 0 0 0]
 [0 2 0 0 3 0 0 0 0]
 [0 5 0 0 6 0 0 9 0]
 [9 0 6 7 0 0 0 0 2]
 [0 0 8 6 0 0 0 1 4]
 [0 0 0 4 0 0 9 0 0]
 [0 0 0 0 0 7 0 2 6]]
Solution:
[[4 5 3 6 0 8 7 1 0]
 [2 8 0 0 1 9 3 0 6]
 [0 1 6 7 5 3 2 9 4]
 [6 0 7 3 2 5 8 4 9]
 [8 3 1 9 7 4 6 5 2]
 [5 2 9 1 6 0 0 7 0]
 [3 6 8 0 9 7 5 2 1]
 [9 0 5 4 3 6 0 0 7]
 [7 0 4 2 0 1 9 8 3]]
Number of cells unfilled: 16
Accuracy: 80.24691358024691
Sample: 32481
Question:
[[0 6 0 2 4 0 0 0 9]
 [0 4 0 0 7 0 0 6 0]
 [7 0 2 9 0 6 0 0 0]
 [8 0 0 0 0 1 0 0 0]
 [0 1 0 0 5 0 0 3 6]
 [0 0 0 6 0 0 1 0 0]
 [0 0 4 0 0 0 7 0 5]
 [0 7 0 0 0 0 0 0 3]
 [6 0 0 0 0 0 0 4 0]]
Solution:
[[4 5 3 6 2 8 7 1 0]
 [2 8 0 0 1 9 3 0 6]
 [0 1 6 7 5 3 2 9 4]
 [6 0 7 3 0 5 8 4 9]
 [8 3 1 9 7 4 6 5 2]
 [5 2 9 1 6 0 0 7 0]
 [3 6 8 0 9 7 5 2 1]
 [9 0 5 4 3 6 0 0 7]
 [7 0 4 5 0 1 9 8 3]]
Number of cells unfilled: 16
Accuracy: 80.24691358024691
Sample: 32482
Question:
[[0 7 8 0 0 0 0 2 0]
 [0 3 0 0 0 0 8 0 0]
 [2 0 0 0 0 0 0 0 5]
 [0 0 9 5 0 0 0 0 0]
 [3 0 0 0 7 0 9 0 0]
 [0 0 0 0 0 9 0 5 1]
 [5 0 0 0 8 0 2 0 0]
 [0 6 0 4 2 0 0 0 0]
 [0 0 0 6 0 5 0 4 8]]
Solution:
[[4 5 3 6 2 8 7 1 9]
 [2 8 0 5 1 9 3 0 6]
 [0 1 6 7 0 3 2 5 4]
 [6 0 7 3 0 5 8 4 2]
 [8 3 1 2 7 4 6 9 5]
 [5 2 9 1 6 0 0 7 3]
 [3 0 8 0 9 6 5 2 1]
 [9 0 5 4 3 2 0 6 7]
 [7 6 4 0 5 1 9 8 0]]
Number of cells unfilled: 14
Accuracy: 82.71604938271605
Sample: 32483
Question:
[[0 9 0 0 1 0 0 0 0]
 [0 0 4 3 0 9 5 0 0]
 [3 0 0 0 0 0 0 8 0]
 [0 6 7 2 0 0 3 0 0]
 [9 0 0 4 0 0 7 0 0]
 [0 4 3 0 0 0 0 0 5]
 [0 0 0 1 2 0 0 0 3]
 [0 0 0 9 0 4 6 0 0]
 [0 0 0 0 3 0 0 5 0]]
Solution:
[[4 5 3 6 2 8 7 1 9]
 [2 8 0 0 1 9 3 5 6]
 [0 1 6 7 5 3 2 0 4]
 [6 0 7 3 0 5 8 4 2]
 [8 3 1 2 7 4 6 9 5]
 [5 2 9 1 6 0 0 7 3]
 [3 6 8 0 9 7 5 2 1]
 [9 0 5 4 3 2 0 6 7]
 [7 0 4 5 0 1 9 8 0]]
Number of cells unfilled: 14
Accuracy: 82.71604938271605
Sample: 32484
Question:
[[1 0 0 0 0 0 0 0 0]
 [0 0 5 9 8 0 0 7 0]
 [8 0 0 0 0 3 0 0 9]
 [0 0 4 7 9 0 0 0 8]
 [0 0 0 0 3 2 0 0 0]
 [5 0 0 0 0 0 0 0 0]
 [0 0 8 0 2 0 0 6 4]
 [0 0 6 8 7 0 9 0 0]
 [0 5 0 0 0 0 0 8 7]]
Solution:
[[4 5 3 6 0 8 2 1 0]
 [2 7 0 5 1 9 3 0 6]
 [0 1 6 7 0 3 0 9 4]
 [6 0 7 3 2 5 8 4 9]
 [8 3 1 9 7 4 6 5 2]
 [5 2 9 1 6 0 0 7 3]
 [3 6 8 0 9 7 5 2 1]
 [9 0 5 4 3 2 0 6 7]
 [7 0 4 0 5 1 9 8 0]]
Number of cells unfilled: 16
Accuracy: 80.24691358024691
Sample: 32485
Question:
[[2 0 0 0 9 7 0 3 0]
 [0 0 0 2 0 0 9 0 0]
 [0 8 0 0 0 0 0 0 2]
 [4 0 0 0 0 9 0 6 0]
 [9 0 0 0 5 6 1 4 0]
 [0 0 1 0 0 0 5 0 9]
 [0 0 4 6 3 0 0 0 0]
 [0 9 0 0 0 4 0 0 0]
 [6 0 0 0 7 0 0 0 0]]
Solution:
[[4 5 3 6 0 8 7 1 0]
 [2 7 0 5 1 9 3 0 6]
 [0 1 6 7 0 3 2 9 4]
 [6 0 7 3 2 5 8 4 9]
 [8 3 1 9 7 4 6 5 2]
 [5 2 9 1 6 0 0 7 3]
 [3 6 8 0 9 7 5 2 1]
 [9 0 5 4 3 2 0 6 7]
 [7 0 4 0 5 1 9 8 0]]
Number of cells unfilled: 15
Accuracy: 81.48148148148148
Sample: 32486
Question:
[[2 0 3 0 5 0 0 0 7]
 [0 0 0 0 0 0 0 1 0]
 [0 4 0 2 0 0 0 3 0]
 [0 3 0 0 0 0 0 7 0]
 [5 0 2 3 0 0 0 0 8]
 [0 9 4 0 0 0 0 0 0]
 [0 0 0 5 3 0 7 0 0]
 [0 0 5 0 0 2 0 0 6]
 [0 0 9 8 6 0 0 0 3]]
Solution:
[[4 5 3 6 0 8 7 1 0]
 [2 8 0 0 1 9 3 0 6]
 [0 1 6 7 5 3 2 9 4]
 [6 0 7 3 2 5 8 4 9]
 [8 3 1 9 7 4 6 5 2]
 [5 2 9 1 6 0 0 7 3]
 [3 0 8 0 9 6 5 2 1]
 [9 0 5 4 3 2 0 6 7]
 [7 6 4 5 0 1 9 8 0]]
Number of cells unfilled: 15
Accuracy: 81.48148148148148
Sample: 32487
Question:
[[4 0 0 7 0 0 0 0 0]
 [0 0 6 0 8 4 0 7 0]
 [0 7 0 0 0 0 3 0 0]
 [0 0 5 0 0 0 0 1 0]
 [2 4 0 0 0 0 0 0 9]
 [9 0 1 0 5 2 0 4 0]
 [0 0 4 5 0 6 0 0 1]
 [0 0 0 4 0 8 0 5 0]
 [0 0 0 0 1 0 0 0 0]]
Solution:
[[4 5 3 6 0 8 7 1 0]
 [2 8 0 5 1 9 3 0 6]
 [0 1 6 7 0 3 2 9 4]
 [6 0 7 3 2 5 8 4 9]
 [8 3 1 9 7 4 6 5 2]
 [5 2 9 1 6 0 0 7 3]
 [3 6 8 0 9 7 5 2 1]
 [9 0 5 4 3 2 0 6 7]
 [7 0 4 0 5 1 9 8 0]]
Number of cells unfilled: 15
Accuracy: 81.48148148148148
Sample: 32488
Question:
[[5 0 0 0 0 3 4 0 0]
 [0 0 1 0 6 0 0 3 5]
 [0 0 0 0 0 7 0 0 0]
 [9 0 2 0 0 0 0 8 0]
 [0 5 0 0 2 0 0 1 3]
 [1 0 3 6 0 0 0 0 0]
 [0 0 0 0 0 6 0 0 0]
 [3 0 0 0 9 0 0 5 1]
 [0 0 0 3 0 0 8 4 0]]
Solution:
[[4 5 3 6 0 8 7 1 0]
 [2 8 0 5 1 9 3 0 6]
 [0 1 6 7 0 3 2 9 4]
 [6 0 7 3 2 5 8 4 9]
 [8 3 1 9 7 4 6 5 2]
 [5 2 9 1 6 0 0 7 3]
 [3 6 8 0 9 7 5 2 1]
 [9 0 5 4 3 2 0 6 7]
 [7 0 4 0 5 1 9 8 0]]
Number of cells unfilled: 15
Accuracy: 81.48148148148148
Sample: 32489
Question:
[[8 0 9 0 6 0 0 0 5]
 [0 6 0 0 0 0 1 0 0]
 [0 4 0 9 0 0 8 0 0]
 [2 0 0 7 3 0 0 0 0]
 [0 0 0 0 0 9 0 0 3]
 [0 0 0 6 8 0 0 5 0]
 [0 8 0 0 0 0 5 0 0]
 [9 0 6 8 0 0 0 0 7]
 [4 2 0 0 0 0 0 8 0]]
Solution:
[[4 5 3 6 0 8 7 1 0]
 [2 7 0 5 1 9 3 0 6]
 [0 1 6 7 0 3 2 9 4]
 [6 0 7 3 2 5 8 4 9]
 [8 3 1 9 7 4 6 5 2]
 [5 2 9 1 6 0 0 7 3]
 [3 6 8 0 9 7 5 2 1]
 [9 0 5 4 3 2 0 6 7]
 [7 0 4 0 5 1 9 8 0]]
Number of cells unfilled: 15
Accuracy: 81.48148148148148
Sample: 32490
Question:
[[9 0 0 0 1 0 2 0 0]
 [0 0 0 3 0 0 0 1 4]
 [0 0 3 4 2 0 9 0 0]
 [0 0 6 0 0 0 1 0 0]
 [0 1 7 0 9 0 0 0 2]
 [2 0 0 0 0 0 0 9 0]
 [0 8 0 0 0 0 0 0 0]
 [6 0 9 0 7 0 8 0 0]
 [0 0 0 0 0 8 0 5 9]]
Solution:
[[4 5 3 6 0 8 7 1 0]
 [2 8 0 0 1 9 3 0 6]
 [0 1 6 7 5 3 2 9 4]
 [6 0 7 3 2 5 8 4 9]
 [8 3 1 9 7 4 6 5 2]
 [5 2 9 1 6 0 0 7 3]
 [3 6 8 0 9 7 5 2 1]
 [9 0 5 4 3 2 0 6 7]
 [7 0 4 5 0 1 9 8 0]]
Number of cells unfilled: 15
Accuracy: 81.48148148148148
Sample: 32491
Question:
[[0 0 4 0 8 0 0 9 0]
 [8 3 0 0 0 0 0 0 5]
 [0 0 0 0 0 1 0 0 0]
 [7 6 0 4 9 0 0 8 0]
 [4 0 0 0 3 0 0 6 0]
 [0 0 0 0 0 0 9 0 0]
 [0 4 0 0 7 0 0 3 0]
 [0 0 7 0 0 0 0 0 9]
 [3 0 6 2 1 0 0 0 0]]
Solution:
[[4 5 3 6 2 8 7 1 0]
 [2 7 0 5 1 9 3 0 6]
 [0 1 6 7 0 3 2 9 4]
 [6 0 7 3 0 5 8 4 2]
 [8 3 1 2 7 4 6 5 9]
 [5 2 9 1 6 0 0 7 3]
 [3 0 8 0 9 6 5 2 1]
 [9 0 5 4 3 2 0 6 7]
 [7 6 4 0 5 1 9 8 0]]
Number of cells unfilled: 15
Accuracy: 81.48148148148148
Sample: 32492
Question:
[[9 2 0 0 4 0 0 0 0]
 [0 0 0 5 6 0 0 3 0]
 [0 0 0 0 0 0 0 0 0]
 [0 5 0 6 0 0 3 0 0]
 [8 0 0 0 0 0 1 0 0]
 [0 0 0 0 0 7 0 4 0]
 [7 0 9 0 0 0 0 0 0]
 [1 0 0 0 5 0 0 0 8]
 [0 0 0 1 3 0 2 0 6]]
Solution:
[[4 5 3 6 2 8 7 1 0]
 [2 8 0 5 1 9 3 0 6]
 [0 1 6 7 0 3 2 9 4]
 [6 0 7 3 0 5 8 4 2]
 [8 3 1 2 7 4 6 5 9]
 [5 2 9 1 6 0 0 7 3]
 [3 6 8 0 9 7 5 2 1]
 [9 0 5 4 3 2 0 6 7]
 [7 0 4 0 5 1 9 8 0]]
Number of cells unfilled: 15
Accuracy: 81.48148148148148
Sample: 32493
Question:
[[8 0 0 0 9 0 0 0 5]
 [0 0 7 0 0 0 0 0 0]
 [0 2 0 0 0 0 3 0 0]
 [0 0 0 1 5 0 2 7 0]
 [5 0 0 0 0 4 0 0 9]
 [0 0 6 9 0 0 0 5 0]
 [0 0 3 0 0 8 0 0 0]
 [4 0 0 5 0 0 0 0 1]
 [0 6 0 0 4 0 0 0 0]]
Solution:
[[4 5 3 6 2 8 7 1 0]
 [2 8 0 0 1 9 3 0 6]
 [0 1 6 7 5 3 2 9 4]
 [6 0 7 3 0 5 8 4 2]
 [8 3 1 2 7 4 6 5 9]
 [5 2 9 1 6 0 0 7 3]
 [3 7 8 0 9 6 5 2 1]
 [9 0 5 4 3 2 0 6 7]
 [0 6 4 5 0 1 9 8 0]]
Number of cells unfilled: 15
Accuracy: 81.48148148148148
Sample: 32494
Question:
[[2 0 0 0 0 7 4 9 0]
 [0 1 0 0 0 0 0 0 2]
 [0 0 5 8 0 0 6 0 0]
 [0 8 6 0 2 3 5 0 4]
 [3 0 4 6 0 0 0 2 0]
 [9 7 0 5 0 0 1 0 0]
 [0 0 0 0 0 9 0 3 6]
 [0 0 0 0 1 4 8 0 0]
 [0 9 3 0 6 0 7 0 0]]
Solution:
[[4 5 3 6 0 8 7 1 0]
 [2 8 0 5 1 9 3 0 6]
 [0 1 6 7 0 3 2 9 4]
 [6 0 7 3 2 5 8 4 9]
 [8 3 1 9 7 4 6 5 2]
 [5 2 9 1 6 0 0 7 3]
 [3 6 8 0 9 7 5 2 1]
 [9 0 5 4 3 2 0 6 7]
 [7 0 4 0 5 1 9 8 0]]
Number of cells unfilled: 15
Accuracy: 81.48148148148148
Sample: 32495
Question:
[[0 0 1 2 0 0 0 0 0]
 [0 3 0 0 7 0 5 0 2]
 [2 0 0 0 0 0 1 3 0]
 [0 4 0 7 0 0 2 0 3]
 [0 0 8 0 0 2 0 0 0]
 [0 0 0 0 3 4 0 5 0]
 [0 1 0 0 0 7 3 0 5]
 [9 0 0 5 0 0 7 0 0]
 [0 0 0 0 0 0 0 6 0]]
Solution:
[[4 5 3 6 2 8 7 1 0]
 [2 7 0 0 1 9 3 0 6]
 [0 1 6 7 5 3 2 9 4]
 [6 0 7 3 0 5 8 4 9]
 [8 3 1 9 7 4 6 5 2]
 [5 2 9 1 6 0 0 7 3]
 [3 6 8 0 9 7 5 2 1]
 [9 0 5 4 3 2 0 6 7]
 [7 0 4 5 0 1 9 8 0]]
Number of cells unfilled: 15
Accuracy: 81.48148148148148
Sample: 32496
Question:
[[0 0 0 5 0 0 3 0 0]
 [7 0 0 0 0 6 0 2 0]
 [0 0 2 0 9 0 6 0 4]
 [0 0 7 0 0 1 0 6 0]
 [8 1 0 0 0 0 0 0 2]
 [6 0 0 9 0 0 0 0 0]
 [0 0 0 0 3 0 9 0 0]
 [0 7 0 0 0 9 0 8 0]
 [0 0 0 4 0 0 0 0 5]]
Solution:
[[4 5 3 6 0 8 7 1 0]
 [2 8 0 5 1 9 3 0 6]
 [0 1 6 7 0 3 2 9 4]
 [6 0 7 3 2 5 8 4 9]
 [8 3 1 9 7 4 6 5 2]
 [5 2 9 1 6 0 0 7 3]
 [3 6 8 0 9 7 5 2 1]
 [9 0 5 4 3 2 0 6 7]
 [7 0 4 0 5 1 9 8 0]]
Number of cells unfilled: 15
Accuracy: 81.48148148148148
Sample: 32497
Question:
[[0 0 0 3 0 6 0 8 0]
 [1 0 0 0 0 0 4 0 0]
 [0 0 0 2 0 0 0 0 0]
 [0 3 0 0 0 0 0 2 0]
 [0 0 0 0 5 0 0 0 0]
 [0 0 0 0 0 0 1 0 0]
 [0 6 0 0 7 0 0 0 0]
 [0 8 2 0 0 0 0 0 0]
 [0 0 0 0 1 4 0 0 7]]
Solution:
[[4 5 3 6 0 8 7 1 0]
 [2 8 0 0 1 9 3 0 6]
 [0 1 6 7 5 3 2 9 4]
 [6 0 7 3 2 5 8 4 9]
 [8 3 1 9 7 4 6 5 2]
 [5 2 9 1 6 0 0 7 3]
 [3 6 8 0 9 7 5 2 1]
 [9 0 5 4 3 2 0 6 7]
 [7 0 4 5 0 1 9 8 0]]
Number of cells unfilled: 15
Accuracy: 81.48148148148148
Sample: 32498
Question:
[[5 0 0 0 3 8 9 0 2]
 [0 6 0 0 7 0 0 8 0]
 [2 0 0 6 0 4 3 0 0]
 [9 8 7 5 0 0 0 0 0]
 [0 2 3 9 0 6 0 0 8]
 [0 0 0 0 0 0 2 1 0]
 [0 0 5 0 1 0 7 0 0]
 [0 4 0 0 0 3 1 9 0]
 [6 9 0 0 5 0 0 4 0]]
Solution:
[[4 5 3 6 2 8 7 1 0]
 [2 7 0 0 1 9 3 0 6]
 [0 1 6 7 5 3 2 9 4]
 [6 0 7 3 0 5 8 4 9]
 [8 3 1 9 7 4 6 5 2]
 [5 2 9 1 6 0 0 7 3]
 [3 6 8 0 9 7 5 2 1]
 [9 0 5 4 3 2 0 6 7]
 [7 0 4 5 0 1 9 8 0]]
Number of cells unfilled: 15
Accuracy: 81.48148148148148
Sample: 32499
Question:
[[0 0 1 6 0 0 0 9 0]
 [0 4 0 0 0 0 8 0 0]
 [7 0 0 0 0 3 0 0 1]
 [0 0 3 1 0 0 0 0 9]
 [9 0 0 0 0 7 0 5 0]
 [0 0 0 0 8 0 4 0 0]
 [0 9 0 0 2 0 0 0 0]
 [0 0 5 0 0 6 0 7 0]
 [1 0 0 5 0 0 0 0 2]]
Solution:
[[4 5 3 6 0 8 7 1 0]
 [2 7 0 0 1 9 3 0 6]
 [0 1 6 7 5 3 2 9 4]
 [6 0 7 3 2 5 8 4 9]
 [8 3 1 9 7 4 6 5 2]
 [5 2 9 1 6 0 0 7 3]
 [3 0 8 0 9 6 5 2 1]
 [9 0 5 4 3 2 0 6 7]
 [7 6 4 5 0 1 9 8 0]]
Number of cells unfilled: 15
Accuracy: 81.48148148148148
Sample: 32500
Question:
[[0 0 3 0 0 8 0 1 0]
 [2 0 0 0 1 9 3 0 0]
 [0 1 0 7 0 0 0 0 4]
 [6 0 0 0 0 5 0 0 0]
 [0 3 0 0 0 0 6 0 0]
 [0 2 9 0 6 0 0 0 0]
 [3 0 0 0 9 0 5 0 0]
 [0 0 0 0 0 0 0 0 7]
 [0 0 4 0 0 1 0 8 0]]
Solution:
[[4 5 3 6 0 8 7 1 0]
 [2 8 0 5 1 9 3 0 6]
 [0 1 6 7 0 3 2 9 4]
 [6 0 7 3 2 5 8 4 9]
 [8 3 1 9 7 4 6 5 2]
 [5 2 9 1 6 0 0 7 0]
 [3 6 8 0 9 7 5 2 1]
 [9 0 5 4 3 6 0 0 7]
 [7 0 4 2 5 1 9 8 3]]
Number of cells unfilled: 15
Accuracy: 81.48148148148148
