2025-10-22 14:32:32.833765: I tensorflow/core/util/port.cc:153] oneDNN custom operations are on. You may see slightly different numerical results due to floating-point round-off errors from different computation orders. To turn them off, set the environment variable `TF_ENABLE_ONEDNN_OPTS=0`.
2025-10-22 14:32:33.100737: I tensorflow/core/platform/cpu_feature_guard.cc:210] This TensorFlow binary is optimized to use available CPU instructions in performance-critical operations.
To enable the following instructions: AVX2 AVX512F AVX512_VNNI FMA, in other operations, rebuild TensorFlow with the appropriate compiler flags.
2025-10-22 14:32:38.018786: I tensorflow/core/util/port.cc:153] oneDNN custom operations are on. You may see slightly different numerical results due to floating-point round-off errors from different computation orders. To turn them off, set the environment variable `TF_ENABLE_ONEDNN_OPTS=0`.
2025-10-22 14:32:44.158007: E external/local_xla/xla/stream_executor/cuda/cuda_platform.cc:51] failed call to cuInit: INTERNAL: CUDA error: Failed call to cuInit: UNKNOWN ERROR (303)
Sample: 35501
Question:
[[0 6 3 0 9 0 0 0 7]
 [0 0 0 0 0 0 0 0 0]
 [5 0 1 0 0 0 0 0 0]
 [0 4 0 0 3 0 0 0 0]
 [0 0 0 0 0 0 1 8 0]
 [0 0 0 0 0 0 0 5 0]
 [0 2 0 4 0 0 0 0 9]
 [0 0 0 0 0 0 0 0 4]
 [0 0 6 0 0 5 0 0 0]]
Solution:
[[7 0 3 8 2 9 4 5 0]
 [2 9 0 3 0 4 7 1 6]
 [4 8 6 1 7 5 3 2 9]
 [5 6 8 9 1 3 2 4 7]
 [0 2 7 0 5 8 1 9 3]
 [9 3 1 2 6 7 0 8 5]
 [6 0 2 7 9 1 8 3 4]
 [8 1 5 0 3 6 9 7 2]
 [3 7 9 4 8 2 5 6 1]]
Number of cells unfilled: 9
Accuracy: 88.88888888888889
Sample: 35502
Question:
[[7 0 0 0 0 0 0 0 0]
 [0 3 0 0 0 6 0 1 0]
 [0 0 6 5 0 0 3 0 9]
 [0 0 2 0 0 9 6 0 1]
 [1 8 0 0 0 0 0 0 0]
 [6 0 0 2 0 0 0 3 0]
 [0 0 1 0 6 0 5 0 2]
 [0 0 0 9 0 5 0 4 0]
 [0 0 0 1 0 0 0 0 3]]
Solution:
[[7 0 3 8 2 9 4 5 0]
 [2 9 0 5 0 4 7 0 6]
 [4 5 6 0 7 0 3 1 9]
 [5 6 8 9 1 3 2 4 7]
 [0 2 7 0 5 8 1 9 3]
 [9 3 1 2 6 7 0 8 5]
 [6 0 2 7 9 1 8 3 4]
 [8 1 5 0 3 6 9 7 2]
 [3 7 9 4 8 2 5 6 1]]
Number of cells unfilled: 12
Accuracy: 85.18518518518519
Sample: 35503
Question:
[[0 6 0 0 5 0 0 0 0]
 [0 0 4 0 7 0 0 0 0]
 [5 0 0 0 0 2 8 0 0]
 [0 0 9 0 0 3 0 0 1]
 [0 4 0 0 0 8 0 3 0]
 [3 0 0 0 2 0 5 0 0]
 [7 0 0 2 0 0 3 0 0]
 [0 0 6 0 0 0 0 9 0]
 [0 0 0 0 8 0 0 1 0]]
Solution:
[[7 0 3 8 2 0 4 5 9]
 [1 9 0 3 0 4 7 8 6]
 [4 5 6 1 7 9 3 2 0]
 [5 6 8 9 1 3 2 4 7]
 [0 2 7 0 5 8 1 9 3]
 [9 3 1 2 6 7 0 0 8]
 [6 0 2 7 9 1 8 3 4]
 [8 1 5 0 3 6 9 7 2]
 [3 7 9 4 8 2 5 6 1]]
Number of cells unfilled: 11
Accuracy: 86.41975308641975
Sample: 35504
Question:
[[0 0 7 9 0 0 0 0 1]
 [6 0 0 0 0 8 3 0 0]
 [2 0 0 0 0 0 0 4 0]
 [1 0 0 5 7 0 6 0 0]
 [0 0 5 0 0 9 0 0 8]
 [0 2 0 0 0 0 0 0 0]
 [0 0 0 8 0 0 0 0 0]
 [0 0 1 0 9 0 0 0 5]
 [0 3 0 0 0 1 4 0 0]]
Solution:
[[7 0 3 8 2 0 4 5 9]
 [2 9 0 5 0 4 7 1 6]
 [4 5 6 1 7 9 3 2 8]
 [5 6 8 9 1 3 2 4 7]
 [0 2 7 0 5 8 1 9 3]
 [9 3 1 2 6 7 0 8 5]
 [6 0 2 7 9 1 8 3 4]
 [8 1 5 0 3 6 9 7 2]
 [3 7 9 4 8 2 5 6 1]]
Number of cells unfilled: 9
Accuracy: 88.88888888888889
Sample: 35505
Question:
[[0 0 0 4 0 0 0 7 0]
 [0 0 0 0 8 0 0 0 0]
 [0 8 6 2 0 7 9 0 0]
 [0 0 4 9 3 0 7 2 6]
 [0 0 3 7 0 0 8 0 0]
 [0 6 9 0 0 0 0 0 0]
 [0 0 0 6 0 0 2 0 0]
 [0 1 0 3 0 0 0 0 0]
 [0 0 0 0 0 4 0 9 3]]
Solution:
[[7 0 3 8 2 0 4 5 9]
 [2 9 0 3 0 4 7 1 6]
 [4 5 6 1 7 9 3 2 0]
 [5 6 8 9 1 3 2 4 7]
 [0 2 7 0 5 8 1 9 3]
 [9 3 1 2 6 7 0 0 8]
 [6 0 2 7 9 1 8 3 4]
 [8 1 5 0 3 6 9 7 2]
 [3 7 9 4 8 2 5 6 1]]
Number of cells unfilled: 11
Accuracy: 86.41975308641975
Sample: 35506
Question:
[[2 0 0 0 0 1 0 0 4]
 [0 3 0 0 7 2 5 8 0]
 [0 0 6 0 8 3 0 0 0]
 [0 0 0 0 5 0 7 0 9]
 [0 0 0 8 0 0 0 1 0]
 [7 0 0 0 2 0 0 5 0]
 [9 0 0 7 6 5 1 0 0]
 [0 6 5 0 0 0 0 0 0]
 [0 0 0 0 0 0 0 0 0]]
Solution:
[[7 0 3 8 2 9 4 5 0]
 [1 9 0 3 0 4 7 0 6]
 [4 8 6 1 7 5 3 2 9]
 [5 6 8 9 1 3 2 4 7]
 [0 2 7 0 5 8 1 9 3]
 [9 3 1 2 6 7 0 8 5]
 [6 0 2 7 9 1 8 3 4]
 [8 1 5 0 3 6 9 7 2]
 [3 7 9 4 8 2 5 6 1]]
Number of cells unfilled: 10
Accuracy: 87.65432098765432
Sample: 35507
Question:
[[0 0 3 8 0 0 0 0 0]
 [4 0 0 0 1 0 0 0 0]
 [0 9 0 0 0 5 0 6 0]
 [0 0 8 0 4 0 0 0 7]
 [1 0 0 3 0 0 0 0 0]
 [0 2 0 0 9 8 0 0 5]
 [0 0 0 0 0 0 0 5 6]
 [0 0 0 0 8 0 0 7 2]
 [0 7 0 0 0 6 9 0 0]]
Solution:
[[7 0 3 8 2 0 4 5 9]
 [2 9 0 5 0 4 7 1 6]
 [4 5 6 1 7 9 3 8 0]
 [5 6 8 9 1 3 2 4 7]
 [0 2 7 0 5 8 1 9 3]
 [9 3 1 2 6 7 0 0 8]
 [6 0 2 7 9 1 8 3 4]
 [8 1 5 0 3 6 9 7 2]
 [3 7 9 4 8 2 5 6 1]]
Number of cells unfilled: 11
Accuracy: 86.41975308641975
Sample: 35508
Question:
[[8 0 0 0 0 5 0 7 0]
 [0 0 9 0 0 0 0 0 6]
 [0 3 0 0 0 0 0 0 2]
 [0 0 1 5 0 7 0 0 0]
 [0 0 0 4 0 8 0 0 0]
 [7 4 0 0 2 0 0 5 0]
 [0 0 6 0 0 0 0 0 3]
 [2 0 0 8 0 0 0 4 0]
 [0 9 0 0 0 0 1 0 0]]
Solution:
[[7 0 3 8 2 9 4 5 0]
 [2 9 0 1 0 4 7 0 6]
 [4 8 6 0 7 5 3 1 9]
 [5 6 8 9 1 3 2 4 7]
 [0 2 7 0 5 8 1 9 3]
 [9 3 1 2 6 7 0 8 5]
 [6 0 2 7 9 1 8 3 4]
 [8 1 5 0 3 6 9 7 2]
 [3 7 9 4 8 2 5 6 1]]
Number of cells unfilled: 11
Accuracy: 86.41975308641975
Sample: 35509
Question:
[[9 7 5 8 6 0 0 0 2]
 [0 0 0 0 1 7 0 0 0]
 [0 0 0 5 0 0 6 9 0]
 [2 0 0 0 0 0 9 7 0]
 [0 0 3 2 0 0 0 0 8]
 [0 0 0 0 0 0 0 2 6]
 [0 0 0 0 7 0 0 0 9]
 [0 3 0 0 0 4 0 6 0]
 [0 0 0 0 0 0 0 8 0]]
Solution:
[[7 0 3 8 2 0 4 5 9]
 [1 9 0 3 0 4 7 2 6]
 [4 8 6 5 7 9 3 1 0]
 [5 6 8 9 1 3 2 4 7]
 [0 2 7 0 5 8 1 9 3]
 [9 3 1 2 6 7 0 0 8]
 [6 0 2 7 9 1 8 3 4]
 [8 1 5 0 3 6 9 7 2]
 [3 7 9 4 8 2 5 6 1]]
Number of cells unfilled: 11
Accuracy: 86.41975308641975
Sample: 35510
Question:
[[0 7 0 0 8 0 0 0 2]
 [1 0 0 0 0 4 3 0 0]
 [0 0 0 9 0 0 0 0 0]
 [0 0 2 0 9 0 6 0 0]
 [0 5 1 4 0 0 0 0 0]
 [7 0 0 0 2 0 0 0 1]
 [8 0 0 0 0 6 9 0 0]
 [0 0 0 0 0 0 0 3 0]
 [0 0 7 0 1 0 0 0 8]]
Solution:
[[7 0 3 8 2 9 4 5 0]
 [2 9 0 3 0 4 7 8 6]
 [4 8 6 1 7 5 3 2 9]
 [5 6 8 9 1 3 2 4 7]
 [0 2 7 0 5 8 1 9 3]
 [9 3 1 2 6 7 0 0 8]
 [6 0 2 7 9 1 8 3 4]
 [8 1 5 0 3 6 9 7 2]
 [3 7 9 4 8 2 5 6 1]]
Number of cells unfilled: 10
Accuracy: 87.65432098765432
Sample: 35511
Question:
[[0 0 2 0 0 0 8 0 0]
 [0 0 0 0 0 1 0 3 0]
 [3 0 0 6 0 0 0 0 4]
 [0 0 6 0 0 0 0 0 0]
 [0 7 0 9 0 0 0 1 0]
 [4 0 0 0 0 3 0 0 5]
 [0 0 8 0 5 0 2 0 0]
 [7 0 4 1 0 0 0 0 9]
 [0 6 0 0 0 7 0 4 0]]
Solution:
[[7 0 3 8 0 9 4 5 0]
 [1 9 0 3 0 4 7 2 6]
 [4 8 6 0 2 5 3 1 9]
 [5 6 8 9 1 3 2 4 7]
 [0 2 7 0 5 8 1 9 3]
 [9 3 1 2 6 7 0 8 5]
 [6 0 2 7 9 1 8 3 4]
 [8 1 5 0 3 6 9 7 2]
 [3 7 9 4 8 2 5 6 1]]
Number of cells unfilled: 11
Accuracy: 86.41975308641975
Sample: 35512
Question:
[[0 7 0 0 0 8 0 0 4]
 [8 0 0 0 9 0 1 0 0]
 [0 0 1 0 0 0 0 8 0]
 [0 0 0 4 1 0 0 0 0]
 [4 0 0 0 3 6 2 0 0]
 [7 0 0 0 0 0 6 0 0]
 [0 4 0 0 7 9 0 0 6]
 [0 3 0 8 0 0 0 2 0]
 [9 0 0 3 0 0 0 7 5]]
Solution:
[[7 0 3 8 2 0 4 5 9]
 [2 9 0 5 0 4 7 1 6]
 [4 8 6 1 7 9 3 2 0]
 [5 6 8 9 1 3 2 4 7]
 [0 2 7 0 5 8 1 9 3]
 [9 3 1 2 6 7 0 8 5]
 [6 0 2 7 9 1 8 3 4]
 [8 1 5 0 3 6 9 7 2]
 [3 7 9 4 8 2 5 6 1]]
Number of cells unfilled: 10
Accuracy: 87.65432098765432
Sample: 35513
Question:
[[4 0 0 0 0 0 3 0 2]
 [0 2 1 0 0 0 6 0 0]
 [0 0 5 0 4 0 0 0 7]
 [0 0 0 0 0 0 0 0 6]
 [2 4 6 5 0 0 0 0 0]
 [3 0 0 0 0 0 5 2 0]
 [0 0 0 1 3 0 0 0 5]
 [0 0 0 0 9 8 0 4 0]
 [6 0 0 0 0 0 0 3 9]]
Solution:
[[7 0 3 8 0 0 4 5 9]
 [1 9 0 5 0 4 7 2 6]
 [4 5 6 0 2 9 3 1 8]
 [5 6 8 9 1 3 2 4 7]
 [0 2 7 0 5 8 1 9 3]
 [9 3 1 2 6 7 0 8 5]
 [6 0 2 7 9 1 8 3 4]
 [8 1 5 0 3 6 9 7 2]
 [3 7 9 4 8 2 5 6 1]]
Number of cells unfilled: 11
Accuracy: 86.41975308641975
Sample: 35514
Question:
[[0 6 3 8 0 0 2 0 0]
 [0 1 0 0 0 6 0 0 0]
 [0 0 0 0 0 0 0 7 0]
 [0 0 5 0 8 0 3 0 0]
 [0 9 0 5 0 4 0 8 0]
 [0 0 0 0 3 0 0 9 0]
 [0 0 7 0 2 0 0 6 0]
 [0 0 1 3 6 0 4 0 0]
 [0 0 4 0 0 5 7 3 0]]
Solution:
[[7 0 3 8 2 9 4 5 0]
 [1 9 0 3 0 4 7 0 6]
 [4 8 6 1 7 5 3 2 9]
 [5 6 8 9 1 3 2 4 7]
 [0 2 7 0 5 8 1 9 3]
 [9 3 1 2 6 7 0 8 5]
 [6 0 2 7 9 1 8 3 4]
 [8 1 5 0 3 6 9 7 2]
 [3 7 9 4 8 2 5 6 1]]
Number of cells unfilled: 10
Accuracy: 87.65432098765432
Sample: 35515
Question:
[[1 8 0 0 0 5 6 0 0]
 [0 0 9 0 0 0 0 0 0]
 [3 0 0 0 7 0 0 0 0]
 [6 1 0 0 0 4 0 0 3]
 [7 0 0 0 0 0 4 6 0]
 [0 0 0 2 0 0 0 1 0]
 [0 0 0 0 8 0 0 0 5]
 [5 3 0 0 0 1 0 4 0]
 [0 0 0 5 0 0 3 0 0]]
Solution:
[[7 0 3 8 2 0 4 5 9]
 [2 9 0 3 0 4 7 1 6]
 [4 5 6 1 7 9 3 2 8]
 [5 6 8 9 1 3 2 4 7]
 [0 2 7 0 5 8 1 9 3]
 [9 3 1 2 6 7 0 8 5]
 [6 0 2 7 9 1 8 3 4]
 [8 1 5 0 3 6 9 7 2]
 [3 7 9 4 8 2 5 6 1]]
Number of cells unfilled: 9
Accuracy: 88.88888888888889
Sample: 35516
Question:
[[8 7 0 0 0 0 0 9 0]
 [0 0 2 7 0 0 4 0 0]
 [0 0 0 0 0 6 0 8 0]
 [0 0 1 0 2 9 8 0 0]
 [0 4 9 0 0 0 6 0 0]
 [0 0 6 0 0 0 0 7 1]
 [0 0 0 0 0 7 0 0 4]
 [0 0 7 3 0 0 0 0 0]
 [0 0 0 5 8 0 0 3 0]]
Solution:
[[7 0 3 8 2 9 4 5 0]
 [2 9 0 3 0 4 7 8 6]
 [4 8 6 1 7 5 3 2 9]
 [5 6 8 9 1 3 2 4 7]
 [0 2 7 0 5 8 1 9 3]
 [9 3 1 2 6 7 0 0 8]
 [6 0 2 7 9 1 8 3 4]
 [8 1 5 0 3 6 9 7 2]
 [3 7 9 4 8 2 5 6 1]]
Number of cells unfilled: 10
Accuracy: 87.65432098765432
Sample: 35517
Question:
[[8 6 0 1 0 0 0 9 0]
 [0 0 3 0 8 2 0 0 0]
 [4 0 0 0 0 0 0 0 7]
 [3 0 0 0 2 0 0 0 0]
 [2 0 1 0 0 5 3 8 0]
 [0 0 0 0 1 0 0 0 5]
 [0 3 0 8 0 0 0 0 0]
 [0 0 0 7 0 0 0 1 3]
 [0 0 9 0 5 0 0 7 0]]
Solution:
[[7 0 3 8 0 9 4 5 0]
 [1 9 0 3 0 4 7 2 6]
 [4 8 6 0 2 5 3 1 9]
 [5 6 8 9 1 3 2 4 7]
 [0 2 7 0 5 8 1 9 3]
 [9 3 1 2 6 7 0 8 5]
 [6 0 2 7 9 1 8 3 4]
 [8 1 5 0 3 6 9 7 2]
 [3 7 9 4 8 2 5 6 1]]
Number of cells unfilled: 11
Accuracy: 86.41975308641975
Sample: 35518
Question:
[[9 0 0 0 3 0 0 0 8]
 [0 0 0 7 1 0 0 0 3]
 [0 0 3 0 0 8 2 0 0]
 [0 0 4 0 0 3 1 0 0]
 [0 5 0 0 0 0 0 3 0]
 [0 0 2 1 0 4 6 0 0]
 [2 0 0 0 0 0 0 0 6]
 [0 0 6 8 4 0 0 0 1]
 [0 0 0 0 0 0 8 0 0]]
Solution:
[[7 0 3 8 2 0 4 5 9]
 [1 9 0 3 0 4 7 2 6]
 [4 8 6 0 7 5 3 1 0]
 [5 6 8 9 1 3 2 4 7]
 [0 2 7 0 5 8 1 9 3]
 [9 3 1 2 6 7 0 8 5]
 [6 0 2 7 9 1 8 3 4]
 [8 1 5 0 3 6 9 7 2]
 [3 7 9 4 8 2 5 6 1]]
Number of cells unfilled: 11
Accuracy: 86.41975308641975
Sample: 35519
Question:
[[8 3 7 0 4 0 0 0 0]
 [0 0 2 8 0 7 4 0 0]
 [5 6 0 0 0 9 0 0 1]
 [0 0 0 0 3 0 0 2 0]
 [0 5 3 0 0 0 0 6 8]
 [0 4 0 1 9 6 3 0 0]
 [0 9 0 2 0 0 0 0 0]
 [7 8 0 0 0 5 0 0 3]
 [0 0 0 0 6 4 0 5 9]]
Solution:
[[7 0 3 8 2 0 4 5 9]
 [1 9 0 3 0 4 7 2 6]
 [4 5 6 0 7 9 3 1 8]
 [5 6 8 9 1 3 2 4 7]
 [0 2 7 0 5 8 1 9 3]
 [9 3 1 2 6 7 0 8 5]
 [6 0 2 7 9 1 8 3 4]
 [8 1 5 0 3 6 9 7 2]
 [3 7 9 4 8 2 5 6 1]]
Number of cells unfilled: 10
Accuracy: 87.65432098765432
Sample: 35520
Question:
[[0 4 0 3 0 0 0 0 1]
 [7 0 0 0 1 0 0 0 0]
 [0 0 9 0 0 4 0 5 0]
 [0 7 0 0 0 3 0 0 2]
 [8 0 0 0 0 0 6 0 0]
 [0 0 2 5 0 0 0 4 0]
 [6 0 0 0 3 0 0 9 0]
 [0 0 0 4 0 0 8 0 0]
 [0 2 0 0 0 9 0 0 7]]
Solution:
[[7 0 3 8 0 9 4 5 0]
 [2 9 0 3 0 4 7 8 6]
 [4 8 6 0 2 5 3 1 9]
 [5 6 8 9 1 3 2 4 7]
 [0 2 7 0 5 8 1 9 3]
 [9 3 1 2 6 7 0 0 8]
 [6 0 2 7 9 1 8 3 4]
 [8 1 5 0 3 6 9 7 2]
 [3 7 9 4 8 2 5 6 1]]
Number of cells unfilled: 12
Accuracy: 85.18518518518519
Sample: 35521
Question:
[[0 2 6 9 4 0 0 0 0]
 [0 7 0 3 0 0 0 0 0]
 [0 0 0 0 2 1 0 0 0]
 [0 0 2 0 0 6 0 0 7]
 [0 1 0 0 0 8 0 6 0]
 [0 8 4 0 7 0 1 0 0]
 [0 0 0 0 0 3 0 0 0]
 [0 0 5 6 0 0 0 8 0]
 [0 4 0 0 1 0 0 7 0]]
Solution:
[[7 0 3 8 2 0 4 5 9]
 [2 9 0 5 0 4 7 1 6]
 [4 5 6 1 7 9 3 2 8]
 [5 6 8 9 1 3 2 4 7]
 [0 2 7 0 5 8 1 9 3]
 [9 3 1 2 6 7 0 8 5]
 [6 0 2 7 9 1 8 3 4]
 [8 1 5 0 3 6 9 7 2]
 [3 7 9 4 8 2 5 6 1]]
Number of cells unfilled: 9
Accuracy: 88.88888888888889
Sample: 35522
Question:
[[0 0 9 0 0 8 0 0 0]
 [3 0 8 0 9 0 0 0 7]
 [2 0 0 0 6 0 4 0 0]
 [0 0 0 0 0 0 0 0 0]
 [0 0 7 0 1 0 0 9 0]
 [0 0 0 0 0 7 0 5 1]
 [0 2 5 0 0 0 8 0 0]
 [0 0 0 9 0 0 0 0 3]
 [0 3 0 2 4 0 0 0 0]]
Solution:
[[7 0 3 8 2 9 4 5 0]
 [1 9 0 3 0 4 7 2 6]
 [4 8 6 0 7 5 3 1 9]
 [5 6 8 9 1 3 2 4 7]
 [0 2 7 0 5 8 1 9 3]
 [9 3 1 2 6 7 0 8 5]
 [6 0 2 7 9 1 8 3 4]
 [8 1 5 0 3 6 9 7 2]
 [3 7 9 4 8 2 5 6 1]]
Number of cells unfilled: 10
Accuracy: 87.65432098765432
Sample: 35523
Question:
[[0 0 7 0 0 0 0 0 0]
 [0 1 0 4 8 0 3 0 0]
 [8 0 0 9 0 0 0 0 0]
 [0 0 0 0 0 8 4 9 0]
 [0 0 6 0 0 0 0 0 0]
 [0 4 0 1 9 0 0 0 2]
 [0 2 0 3 1 0 0 4 0]
 [0 0 0 0 0 0 2 0 1]
 [0 0 0 0 0 5 0 0 3]]
Solution:
[[7 0 3 8 2 0 4 5 9]
 [2 9 0 3 0 4 7 8 6]
 [4 5 6 1 7 9 3 2 0]
 [5 6 8 9 1 3 2 4 7]
 [0 2 7 0 5 8 1 9 3]
 [9 3 1 2 6 7 0 0 8]
 [6 0 2 7 9 1 8 3 4]
 [8 1 5 0 3 6 9 7 2]
 [3 7 9 4 8 2 5 6 1]]
Number of cells unfilled: 11
Accuracy: 86.41975308641975
Sample: 35524
Question:
[[0 1 3 0 0 0 4 0 0]
 [0 0 2 0 0 0 0 0 7]
 [5 0 0 1 0 0 0 6 0]
 [0 0 0 6 0 0 0 0 0]
 [0 7 0 8 0 0 0 0 4]
 [9 0 0 0 5 0 0 8 0]
 [0 0 0 5 1 0 0 0 0]
 [0 2 0 0 0 6 3 0 0]
 [1 0 0 0 0 8 0 9 0]]
Solution:
[[7 0 3 8 2 0 4 5 9]
 [2 9 0 3 0 4 7 8 6]
 [4 8 6 1 7 9 3 2 0]
 [5 6 8 9 1 3 2 4 7]
 [0 2 7 0 5 8 1 9 3]
 [9 3 1 2 6 7 0 0 8]
 [6 0 2 7 9 1 8 3 4]
 [8 1 5 0 3 6 9 7 2]
 [3 7 9 4 8 2 5 6 1]]
Number of cells unfilled: 11
Accuracy: 86.41975308641975
Sample: 35525
Question:
[[2 0 0 3 0 0 0 0 0]
 [0 0 1 0 0 7 0 3 0]
 [0 6 0 0 1 0 8 0 0]
 [5 0 0 0 0 0 0 0 6]
 [0 9 0 0 0 5 0 7 0]
 [0 3 4 0 7 0 0 5 0]
 [0 0 8 7 0 0 0 1 0]
 [0 2 0 0 4 1 0 0 0]
 [0 0 0 0 0 8 9 0 0]]
Solution:
[[7 0 3 8 0 0 4 5 9]
 [1 9 0 3 0 4 7 2 6]
 [4 8 6 5 2 9 3 1 0]
 [5 6 8 9 1 3 2 4 7]
 [0 2 7 0 5 8 1 9 3]
 [9 3 1 2 6 7 0 0 8]
 [6 0 2 7 9 1 8 3 4]
 [8 1 5 0 3 6 9 7 2]
 [3 7 9 4 8 2 5 6 1]]
Number of cells unfilled: 12
Accuracy: 85.18518518518519
Sample: 35526
Question:
[[5 6 0 0 0 0 0 0 8]
 [0 0 2 0 0 4 0 7 0]
 [0 0 0 0 8 1 0 3 0]
 [9 0 0 0 0 2 0 6 7]
 [0 0 0 8 0 0 9 0 0]
 [0 0 6 9 0 3 8 0 0]
 [0 0 0 0 0 0 0 0 5]
 [8 1 0 0 0 0 0 0 6]
 [0 4 0 0 3 0 0 0 0]]
Solution:
[[7 0 3 8 2 9 4 5 0]
 [2 9 0 5 0 4 7 8 6]
 [4 5 6 0 7 0 3 1 9]
 [5 6 8 9 1 3 2 4 7]
 [0 2 7 0 5 8 1 9 3]
 [9 3 1 2 6 7 0 0 8]
 [6 0 2 7 9 1 8 3 4]
 [8 1 5 0 3 6 9 7 2]
 [3 7 9 4 8 2 5 6 1]]
Number of cells unfilled: 12
Accuracy: 85.18518518518519
Sample: 35527
Question:
[[0 0 4 0 0 0 0 3 1]
 [0 8 0 9 0 0 5 0 0]
 [0 2 6 0 0 5 0 9 4]
 [0 0 0 0 1 6 9 0 0]
 [3 0 5 0 7 0 0 0 2]
 [8 1 0 4 0 0 0 0 3]
 [0 9 8 0 2 4 0 6 0]
 [0 0 0 5 0 7 2 0 0]
 [4 0 0 0 0 0 1 8 5]]
Solution:
[[7 0 3 8 2 9 4 5 0]
 [2 9 0 5 0 4 7 1 6]
 [4 5 6 1 7 0 3 2 9]
 [5 6 8 9 1 3 2 4 7]
 [0 2 7 0 5 8 1 9 3]
 [9 3 1 2 6 7 0 8 5]
 [6 0 2 7 9 1 8 3 4]
 [8 1 5 0 3 6 9 7 2]
 [3 7 9 4 8 2 5 6 1]]
Number of cells unfilled: 10
Accuracy: 87.65432098765432
Sample: 35528
Question:
[[0 6 0 0 0 0 0 0 8]
 [2 0 0 0 6 0 0 0 0]
 [1 0 0 9 0 0 4 0 0]
 [0 0 6 0 0 0 7 5 0]
 [9 0 1 0 4 7 0 0 0]
 [0 0 0 0 0 0 0 0 9]
 [8 5 0 0 0 4 0 1 7]
 [0 0 4 0 2 9 0 6 0]
 [0 0 0 0 0 0 3 0 4]]
Solution:
[[7 0 3 8 0 9 4 5 0]
 [1 9 0 5 2 4 7 8 6]
 [4 5 6 1 7 0 3 2 9]
 [5 6 8 9 1 3 2 4 7]
 [0 2 7 0 5 8 1 9 3]
 [9 3 1 2 6 7 0 0 8]
 [6 0 2 7 9 1 8 3 4]
 [8 1 5 0 3 6 9 7 2]
 [3 7 9 4 8 2 5 6 1]]
Number of cells unfilled: 11
Accuracy: 86.41975308641975
Sample: 35529
Question:
[[6 9 0 0 7 0 2 0 4]
 [0 0 7 0 0 8 0 0 0]
 [1 0 0 0 9 0 0 0 0]
 [0 2 0 0 0 9 7 6 1]
 [0 0 0 0 0 6 0 0 0]
 [0 3 0 0 8 2 0 0 5]
 [0 0 0 0 0 0 0 9 0]
 [0 6 8 3 0 0 0 5 0]
 [0 0 0 0 2 0 0 0 0]]
Solution:
[[7 0 3 8 2 9 4 5 0]
 [1 9 0 3 0 4 7 8 6]
 [4 8 6 1 7 5 3 2 9]
 [5 6 8 9 1 3 2 4 7]
 [0 2 7 0 5 8 1 9 3]
 [9 3 1 2 6 7 0 0 8]
 [6 0 2 7 9 1 8 3 4]
 [8 1 5 0 3 6 9 7 2]
 [3 7 9 4 8 2 5 6 1]]
Number of cells unfilled: 10
Accuracy: 87.65432098765432
Sample: 35530
Question:
[[0 0 7 0 0 0 0 0 9]
 [0 2 0 0 0 3 0 4 7]
 [4 0 0 8 0 9 2 6 0]
 [6 0 0 0 0 2 0 7 0]
 [0 0 2 3 0 5 0 0 0]
 [0 8 0 0 0 0 0 0 0]
 [0 0 0 0 0 0 4 0 0]
 [0 0 1 0 4 0 0 5 6]
 [5 0 4 1 0 0 7 0 0]]
Solution:
[[7 0 3 8 2 0 4 5 9]
 [2 9 0 5 0 4 7 1 6]
 [4 5 6 1 7 9 3 2 8]
 [5 6 8 9 1 3 2 4 7]
 [0 2 7 0 5 8 1 9 3]
 [9 3 1 2 6 7 0 8 5]
 [6 0 2 7 9 1 8 3 4]
 [8 1 5 0 3 6 9 7 2]
 [3 7 9 4 8 2 5 6 1]]
Number of cells unfilled: 9
Accuracy: 88.88888888888889
Sample: 35531
Question:
[[3 1 0 0 0 8 0 0 0]
 [5 0 0 0 0 4 7 0 0]
 [0 0 4 3 7 0 0 0 0]
 [0 0 0 0 2 0 5 3 6]
 [0 5 0 0 0 0 4 0 0]
 [0 0 0 8 0 0 0 0 9]
 [1 0 0 0 8 0 0 2 0]
 [0 4 0 6 0 0 0 0 0]
 [8 6 0 0 9 2 0 0 0]]
Solution:
[[7 0 3 8 2 0 4 5 9]
 [1 9 0 3 0 4 7 2 6]
 [4 5 6 1 7 9 3 8 0]
 [5 6 8 9 1 3 2 4 7]
 [0 2 7 0 5 8 1 9 3]
 [9 3 1 2 6 7 0 0 8]
 [6 0 2 7 9 1 8 3 4]
 [8 1 5 0 3 6 9 7 2]
 [3 7 9 4 8 2 5 6 1]]
Number of cells unfilled: 11
Accuracy: 86.41975308641975
Sample: 35532
Question:
[[0 0 0 0 0 0 3 9 0]
 [0 4 5 0 2 3 0 0 0]
 [0 7 0 0 0 0 0 0 6]
 [4 9 0 5 3 0 0 0 7]
 [0 0 0 0 0 9 0 5 0]
 [0 1 3 0 0 0 2 0 0]
 [0 0 0 3 8 0 7 0 0]
 [0 0 0 0 0 1 0 4 0]
 [0 0 0 0 9 2 0 0 0]]
Solution:
[[7 0 3 8 2 9 4 5 0]
 [2 9 0 3 0 4 7 1 6]
 [4 5 6 1 7 0 3 2 9]
 [5 6 8 9 1 3 2 4 7]
 [0 2 7 0 5 8 1 9 3]
 [9 3 1 2 6 7 0 8 5]
 [6 0 2 7 9 1 8 3 4]
 [8 1 5 0 3 6 9 7 2]
 [3 7 9 4 8 2 5 6 1]]
Number of cells unfilled: 10
Accuracy: 87.65432098765432
Sample: 35533
Question:
[[7 0 0 0 8 1 0 0 0]
 [8 0 0 0 9 3 0 0 4]
 [0 3 0 5 0 0 8 0 0]
 [0 0 6 0 1 0 0 0 2]
 [0 9 0 0 0 5 3 0 0]
 [0 0 0 9 0 0 4 0 0]
 [2 0 0 0 0 0 0 4 0]
 [0 0 7 0 0 0 0 6 0]
 [0 8 0 0 5 0 1 0 0]]
Solution:
[[7 0 3 8 2 0 4 5 9]
 [2 9 0 3 0 4 7 1 6]
 [4 8 6 1 7 9 3 2 0]
 [5 6 8 9 1 3 2 4 7]
 [0 2 7 0 5 8 1 9 3]
 [9 3 1 2 6 7 0 8 5]
 [6 0 2 7 9 1 8 3 4]
 [8 1 5 0 3 6 9 7 2]
 [3 7 9 4 8 2 5 6 1]]
Number of cells unfilled: 10
Accuracy: 87.65432098765432
Sample: 35534
Question:
[[0 0 6 4 0 0 0 0 0]
 [2 0 0 0 3 7 6 9 0]
 [7 0 0 0 0 1 2 0 5]
 [0 0 0 0 0 0 0 1 0]
 [0 8 0 0 0 5 0 6 0]
 [6 0 0 0 7 0 3 0 0]
 [0 6 2 0 0 3 9 0 0]
 [0 7 3 0 9 0 0 0 0]
 [9 0 0 0 0 0 0 0 0]]
Solution:
[[7 0 3 8 0 0 4 5 9]
 [1 9 0 5 0 4 7 2 6]
 [4 5 6 0 2 9 3 1 8]
 [5 6 8 9 1 3 2 4 7]
 [0 2 7 0 5 8 1 9 3]
 [9 3 1 2 6 7 0 8 5]
 [6 0 2 7 9 1 8 3 4]
 [8 1 5 0 3 6 9 7 2]
 [3 7 9 4 8 2 5 6 1]]
Number of cells unfilled: 11
Accuracy: 86.41975308641975
Sample: 35535
Question:
[[0 0 0 6 4 0 0 0 0]
 [0 7 0 0 0 1 2 0 0]
 [8 0 0 2 0 0 0 0 4]
 [0 6 0 0 0 0 0 0 1]
 [7 0 3 0 0 9 0 0 2]
 [9 0 0 0 6 0 3 0 0]
 [0 9 0 0 0 6 1 0 0]
 [0 0 0 5 0 0 0 0 0]
 [0 0 5 0 0 0 0 8 6]]
Solution:
[[7 0 3 8 2 9 4 5 0]
 [2 9 0 5 0 4 7 8 6]
 [4 5 6 0 7 0 3 1 9]
 [5 6 8 9 1 3 2 4 7]
 [0 2 7 0 5 8 1 9 3]
 [9 3 1 2 6 7 0 0 8]
 [6 0 2 7 9 1 8 3 4]
 [8 1 5 0 3 6 9 7 2]
 [3 7 9 4 8 2 5 6 1]]
Number of cells unfilled: 12
Accuracy: 85.18518518518519
Sample: 35536
Question:
[[8 0 0 0 0 0 0 0 0]
 [0 0 5 0 0 7 4 0 0]
 [0 0 0 0 4 1 3 0 0]
 [0 0 3 0 2 0 9 0 0]
 [0 8 9 0 0 4 0 0 0]
 [0 0 0 0 0 9 8 4 0]
 [1 0 6 9 0 0 0 2 0]
 [7 0 0 0 0 0 1 0 0]
 [5 0 8 4 0 3 0 0 6]]
Solution:
[[7 0 3 8 0 0 4 5 9]
 [1 9 0 3 2 4 7 8 6]
 [4 8 6 1 7 5 3 2 0]
 [5 6 8 9 1 3 2 4 7]
 [0 2 7 0 5 8 1 9 3]
 [9 3 1 2 6 7 0 0 8]
 [6 0 2 7 9 1 8 3 4]
 [8 1 5 0 3 6 9 7 2]
 [3 7 9 4 8 2 5 6 1]]
Number of cells unfilled: 11
Accuracy: 86.41975308641975
Sample: 35537
Question:
[[0 6 0 0 0 9 0 0 1]
 [5 0 0 0 0 0 0 8 0]
 [0 0 8 0 0 3 6 0 0]
 [0 5 0 0 1 0 0 6 0]
 [2 0 0 9 0 6 0 0 0]
 [0 0 0 4 0 0 0 0 0]
 [0 0 5 0 7 0 0 1 0]
 [0 7 0 0 0 0 4 0 0]
 [1 8 0 0 0 0 3 0 7]]
Solution:
[[7 0 3 8 2 9 4 5 0]
 [2 9 0 1 0 4 7 0 6]
 [4 8 6 0 7 5 3 1 9]
 [5 6 8 9 1 3 2 4 7]
 [0 2 7 0 5 8 1 9 3]
 [9 3 1 2 6 7 0 8 5]
 [6 0 2 7 9 1 8 3 4]
 [8 1 5 0 3 6 9 7 2]
 [3 7 9 4 8 2 5 6 1]]
Number of cells unfilled: 11
Accuracy: 86.41975308641975
Sample: 35538
Question:
[[4 6 0 0 0 0 0 0 0]
 [3 0 0 0 4 2 0 0 0]
 [0 0 5 0 0 0 1 0 0]
 [0 0 3 8 0 0 5 7 0]
 [0 0 0 0 5 0 0 0 0]
 [0 0 0 0 0 3 0 6 2]
 [0 0 0 0 0 8 7 0 0]
 [9 0 0 7 0 0 0 0 5]
 [0 0 7 0 3 0 0 1 8]]
Solution:
[[7 0 3 8 2 0 4 5 9]
 [1 9 0 5 0 4 7 2 6]
 [4 5 6 1 7 9 3 8 0]
 [5 6 8 9 1 3 2 4 7]
 [0 2 7 0 5 8 1 9 3]
 [9 3 1 2 6 7 0 0 8]
 [6 0 2 7 9 1 8 3 4]
 [8 1 5 0 3 6 9 7 2]
 [3 7 9 4 8 2 5 6 1]]
Number of cells unfilled: 11
Accuracy: 86.41975308641975
Sample: 35539
Question:
[[6 4 0 0 0 0 0 0 0]
 [0 0 1 0 0 0 0 8 0]
 [3 0 0 0 7 6 0 0 0]
 [0 0 0 0 3 0 7 0 4]
 [0 0 3 9 0 0 0 1 0]
 [0 5 0 0 0 1 0 0 0]
 [5 0 0 2 0 0 1 0 0]
 [0 0 2 0 0 3 9 0 8]
 [0 0 0 0 9 0 0 2 0]]
Solution:
[[7 0 3 8 2 9 4 5 0]
 [2 9 0 3 0 4 7 1 6]
 [4 8 6 1 7 5 3 2 9]
 [5 6 8 9 1 3 2 4 7]
 [0 2 7 0 5 8 1 9 3]
 [9 3 1 2 6 7 0 8 5]
 [6 0 2 7 9 1 8 3 4]
 [8 1 5 0 3 6 9 7 2]
 [3 7 9 4 8 2 5 6 1]]
Number of cells unfilled: 9
Accuracy: 88.88888888888889
Sample: 35540
Question:
[[0 0 0 2 0 0 0 9 0]
 [2 0 0 0 3 0 0 0 1]
 [0 8 0 0 0 9 0 0 0]
 [0 0 2 7 0 0 4 8 0]
 [5 0 0 0 2 0 0 0 3]
 [0 4 7 0 0 0 0 0 0]
 [6 0 0 3 0 2 5 0 0]
 [0 0 0 0 6 0 0 0 0]
 [0 0 3 5 0 1 0 0 6]]
Solution:
[[7 0 3 8 2 0 4 5 9]
 [1 9 0 3 0 4 7 2 6]
 [4 5 6 0 7 9 3 1 0]
 [5 6 8 9 1 3 2 4 7]
 [0 2 7 0 5 8 1 9 3]
 [9 3 1 2 6 7 0 0 8]
 [6 0 2 7 9 1 8 3 4]
 [8 1 5 0 3 6 9 7 2]
 [3 7 9 4 8 2 5 6 1]]
Number of cells unfilled: 12
Accuracy: 85.18518518518519
Sample: 35541
Question:
[[0 0 0 0 0 0 8 0 7]
 [0 1 7 0 0 2 3 0 0]
 [0 0 0 1 0 6 0 0 0]
 [7 0 0 0 3 0 0 0 0]
 [0 0 6 0 0 0 0 0 0]
 [3 0 0 0 6 8 2 0 9]
 [0 0 3 0 0 0 0 2 5]
 [0 0 0 0 0 4 0 9 0]
 [0 5 0 0 0 0 6 4 0]]
Solution:
[[7 0 3 8 2 0 4 5 9]
 [1 9 0 3 0 4 7 2 6]
 [4 8 6 5 7 9 3 1 0]
 [5 6 8 9 1 3 2 4 7]
 [0 2 7 0 5 8 1 9 3]
 [9 3 1 2 6 7 0 8 5]
 [6 0 2 7 9 1 8 3 4]
 [8 1 5 0 3 6 9 7 2]
 [3 7 9 4 8 2 5 6 1]]
Number of cells unfilled: 10
Accuracy: 87.65432098765432
Sample: 35542
Question:
[[0 8 0 0 0 0 6 1 0]
 [5 0 0 8 0 0 3 0 9]
 [0 3 0 4 5 1 0 7 0]
 [6 0 0 1 0 0 7 5 0]
 [0 0 2 0 3 4 0 0 0]
 [8 0 0 9 0 7 0 2 1]
 [0 0 0 0 0 0 0 0 7]
 [0 9 0 0 0 2 8 0 0]
 [1 0 4 6 0 9 0 0 0]]
Solution:
[[7 0 3 8 2 9 4 5 0]
 [2 9 0 5 0 4 7 1 6]
 [4 5 6 1 7 0 3 8 9]
 [5 6 8 9 1 3 2 4 7]
 [0 2 7 0 5 8 1 9 3]
 [9 3 1 2 6 7 0 0 8]
 [6 0 2 7 9 1 8 3 4]
 [8 1 5 0 3 6 9 7 2]
 [3 7 9 4 8 2 5 6 1]]
Number of cells unfilled: 11
Accuracy: 86.41975308641975
Sample: 35543
Question:
[[0 0 0 0 0 0 7 0 2]
 [0 5 0 0 0 6 0 1 0]
 [0 0 7 0 0 0 6 0 5]
 [0 0 4 0 0 0 0 0 0]
 [0 1 0 2 0 5 0 0 7]
 [0 0 0 0 7 0 1 0 0]
 [0 0 9 0 8 0 0 0 0]
 [0 6 0 1 0 7 2 0 0]
 [3 0 0 4 0 0 0 0 0]]
Solution:
[[7 0 3 8 2 9 4 5 0]
 [1 9 0 3 0 4 7 0 6]
 [4 8 6 1 7 5 3 2 9]
 [5 6 8 9 1 3 2 4 7]
 [0 2 7 0 5 8 1 9 3]
 [9 3 1 2 6 7 0 8 5]
 [6 0 2 7 9 1 8 3 4]
 [8 1 5 0 3 6 9 7 2]
 [3 7 9 4 8 2 5 6 1]]
Number of cells unfilled: 10
Accuracy: 87.65432098765432
Sample: 35544
Question:
[[0 0 5 9 0 0 0 0 8]
 [0 7 0 0 0 0 0 0 0]
 [9 0 0 0 4 0 0 0 0]
 [0 0 7 5 0 0 0 0 3]
 [0 0 8 6 0 0 0 0 9]
 [1 0 0 0 0 9 0 2 0]
 [0 0 3 0 0 6 0 0 0]
 [0 0 0 8 0 0 0 7 0]
 [0 8 0 0 5 3 0 0 6]]
Solution:
[[7 0 3 8 2 9 4 5 0]
 [2 9 0 5 0 4 7 1 6]
 [4 5 6 1 7 0 3 8 9]
 [5 6 8 9 1 3 2 4 7]
 [0 2 7 0 5 8 1 9 3]
 [9 3 1 2 6 7 0 0 8]
 [6 0 2 7 9 1 8 3 4]
 [8 1 5 0 3 6 9 7 2]
 [3 7 9 4 8 2 5 6 1]]
Number of cells unfilled: 11
Accuracy: 86.41975308641975
Sample: 35545
Question:
[[2 0 0 4 5 0 0 6 0]
 [0 0 0 0 0 7 0 0 8]
 [0 0 0 0 0 0 0 0 0]
 [0 1 0 0 0 0 0 9 0]
 [4 0 0 6 9 0 0 0 2]
 [0 0 0 0 0 0 6 5 0]
 [9 0 0 2 8 0 5 0 0]
 [0 0 8 0 4 0 0 2 0]
 [0 4 0 0 0 3 0 0 0]]
Solution:
[[7 0 3 8 2 0 4 5 9]
 [2 9 0 3 0 4 7 1 6]
 [4 8 6 1 7 5 3 2 0]
 [5 6 8 9 1 3 2 4 7]
 [0 2 7 0 5 8 1 9 3]
 [9 3 1 2 6 7 0 0 8]
 [6 0 2 7 9 1 8 3 4]
 [8 1 5 0 3 6 9 7 2]
 [3 7 9 4 8 2 5 6 1]]
Number of cells unfilled: 11
Accuracy: 86.41975308641975
Sample: 35546
Question:
[[0 0 0 0 0 0 0 0 0]
 [9 0 0 0 0 0 0 0 4]
 [0 0 1 6 0 0 5 7 0]
 [0 0 8 0 6 0 2 5 0]
 [0 0 0 8 0 0 0 0 3]
 [0 7 0 0 0 5 0 8 0]
 [8 0 0 1 2 0 0 4 0]
 [7 0 0 0 8 0 0 0 2]
 [0 0 2 0 0 6 8 1 0]]
Solution:
[[7 0 3 8 2 0 4 5 9]
 [1 9 0 5 0 4 7 0 6]
 [4 5 6 1 7 9 3 2 8]
 [5 6 8 9 1 3 2 4 7]
 [0 2 7 0 5 8 1 9 3]
 [9 3 1 2 6 7 0 8 5]
 [6 0 2 7 9 1 8 3 4]
 [8 1 5 0 3 6 9 7 2]
 [3 7 9 4 8 2 5 6 1]]
Number of cells unfilled: 10
Accuracy: 87.65432098765432
Sample: 35547
Question:
[[0 0 0 0 6 0 0 3 0]
 [4 3 0 1 0 0 0 0 0]
 [0 0 8 0 0 5 0 0 7]
 [0 0 0 0 0 0 2 0 0]
 [2 0 0 4 0 0 6 0 0]
 [0 0 9 0 0 7 0 0 1]
 [0 9 0 8 0 0 0 0 5]
 [5 0 0 0 0 9 7 1 0]
 [0 0 1 0 0 0 0 0 0]]
Solution:
[[7 0 3 8 2 9 4 5 0]
 [1 9 0 3 0 4 7 0 6]
 [4 8 6 1 7 5 3 2 9]
 [5 6 8 9 1 3 2 4 7]
 [0 2 7 0 5 8 1 9 3]
 [9 3 1 2 6 7 0 8 5]
 [6 0 2 7 9 1 8 3 4]
 [8 1 5 0 3 6 9 7 2]
 [3 7 9 4 8 2 5 6 1]]
Number of cells unfilled: 10
Accuracy: 87.65432098765432
Sample: 35548
Question:
[[8 0 0 0 9 0 0 6 0]
 [0 0 0 0 0 3 7 0 8]
 [0 2 0 8 0 0 9 0 5]
 [0 0 4 0 0 1 0 0 0]
 [0 3 0 0 0 0 0 0 0]
 [5 0 0 0 3 0 0 0 9]
 [0 1 0 3 0 0 0 0 6]
 [6 0 0 0 7 0 5 0 0]
 [0 0 2 4 0 6 0 0 0]]
Solution:
[[7 0 3 8 2 9 4 5 0]
 [2 9 0 3 0 4 7 1 6]
 [4 8 6 1 7 5 3 2 9]
 [5 6 8 9 1 3 2 4 7]
 [0 2 7 0 5 8 1 9 3]
 [9 3 1 2 6 7 0 8 5]
 [6 0 2 7 9 1 8 3 4]
 [8 1 5 0 3 6 9 7 2]
 [3 7 9 4 8 2 5 6 1]]
Number of cells unfilled: 9
Accuracy: 88.88888888888889
Sample: 35549
Question:
[[0 0 8 4 0 0 0 0 5]
 [0 9 0 0 6 0 0 0 0]
 [3 0 0 0 0 0 0 0 0]
 [0 6 0 0 0 0 0 0 0]
 [0 0 4 0 0 7 0 0 1]
 [2 0 0 0 0 0 0 9 0]
 [0 0 0 7 0 8 0 0 4]
 [7 0 0 0 3 0 0 2 0]
 [0 0 1 5 0 0 0 0 7]]
Solution:
[[7 0 3 8 0 9 4 5 0]
 [2 9 0 1 0 4 7 0 6]
 [4 8 6 0 2 5 3 1 9]
 [5 6 8 9 1 3 2 4 7]
 [0 2 7 0 5 8 1 9 3]
 [9 3 1 2 6 7 0 8 5]
 [6 0 2 7 9 1 8 3 4]
 [8 1 5 0 3 6 9 7 2]
 [3 7 9 4 8 2 5 6 1]]
Number of cells unfilled: 12
Accuracy: 85.18518518518519
Sample: 35550
Question:
[[0 0 0 0 6 0 0 5 0]
 [0 2 0 0 0 5 0 0 4]
 [0 0 5 8 0 4 1 0 0]
 [1 0 0 5 0 0 0 9 0]
 [0 0 2 0 0 3 0 0 1]
 [0 7 0 6 0 0 0 0 0]
 [2 0 0 0 0 7 0 0 3]
 [0 0 3 0 8 0 7 0 0]
 [0 4 7 0 0 0 9 0 0]]
Solution:
[[7 0 3 8 2 9 4 5 0]
 [2 9 0 3 0 4 7 1 6]
 [4 8 6 1 7 5 3 2 9]
 [5 6 8 9 1 3 2 4 7]
 [0 2 7 0 5 8 1 9 3]
 [9 3 1 2 6 7 0 8 5]
 [6 0 2 7 9 1 8 3 4]
 [8 1 5 0 3 6 9 7 2]
 [3 7 9 4 8 2 5 6 1]]
Number of cells unfilled: 9
Accuracy: 88.88888888888889
Sample: 35551
Question:
[[9 0 7 0 0 0 0 3 0]
 [0 3 0 0 0 0 1 0 8]
 [0 0 0 0 3 0 0 0 0]
 [4 0 0 5 0 0 0 0 0]
 [0 0 9 0 0 2 0 0 5]
 [0 8 0 0 9 0 0 7 0]
 [0 0 0 0 0 6 9 0 0]
 [0 0 6 7 0 0 0 0 4]
 [0 9 0 0 1 0 0 8 0]]
Solution:
[[7 0 3 8 2 0 4 5 9]
 [2 9 0 3 0 4 7 0 6]
 [4 8 6 5 7 9 3 1 0]
 [5 6 8 9 1 3 2 4 7]
 [0 2 7 0 5 8 1 9 3]
 [9 3 1 2 6 7 0 8 5]
 [6 0 2 7 9 1 8 3 4]
 [8 1 5 0 3 6 9 7 2]
 [3 7 9 4 8 2 5 6 1]]
Number of cells unfilled: 11
Accuracy: 86.41975308641975
Sample: 35552
Question:
[[3 0 0 7 0 4 0 0 0]
 [0 9 0 0 2 1 0 0 0]
 [0 0 0 0 5 0 0 0 3]
 [0 2 0 0 8 0 0 4 0]
 [0 0 0 0 4 3 0 8 0]
 [0 0 9 0 0 0 0 0 0]
 [6 0 0 0 9 0 4 3 0]
 [0 0 2 0 7 5 0 1 0]
 [1 0 0 0 0 2 9 0 0]]
Solution:
[[7 0 3 8 2 9 4 5 0]
 [2 9 0 3 0 4 7 1 6]
 [4 8 6 1 7 5 3 2 9]
 [5 6 8 9 1 3 2 4 7]
 [0 2 7 0 5 8 1 9 3]
 [9 3 1 2 6 7 0 8 5]
 [6 0 2 7 9 1 8 3 4]
 [8 1 5 0 3 6 9 7 2]
 [3 7 9 4 8 2 5 6 1]]
Number of cells unfilled: 9
Accuracy: 88.88888888888889
Sample: 35553
Question:
[[0 0 3 0 2 8 0 0 0]
 [0 0 0 0 0 0 0 0 1]
 [0 0 6 0 0 0 5 0 9]
 [8 0 0 0 3 0 0 0 0]
 [1 0 0 5 0 0 0 0 0]
 [0 9 0 0 0 0 0 0 4]
 [0 0 4 0 0 0 2 0 0]
 [0 0 0 0 0 0 0 0 0]
 [0 6 0 9 0 0 0 0 0]]
Solution:
[[7 0 3 8 2 0 4 5 9]
 [2 9 0 3 0 4 7 8 6]
 [4 5 6 0 7 9 3 1 0]
 [5 6 8 9 1 3 2 4 7]
 [0 2 7 0 5 8 1 9 3]
 [9 3 1 2 6 7 0 0 8]
 [6 0 2 7 9 1 8 3 4]
 [8 1 5 0 3 6 9 7 2]
 [3 7 9 4 8 2 5 6 1]]
Number of cells unfilled: 12
Accuracy: 85.18518518518519
Sample: 35554
Question:
[[1 0 0 0 0 8 3 0 0]
 [0 4 0 0 5 0 0 0 0]
 [0 0 2 9 0 0 0 0 0]
 [6 0 0 0 0 0 5 1 0]
 [0 0 0 0 0 6 0 3 7]
 [0 0 0 0 7 0 6 0 2]
 [0 9 0 0 4 0 0 0 3]
 [0 0 5 2 8 0 0 0 0]
 [7 0 0 0 0 3 0 8 0]]
Solution:
[[7 0 3 8 2 0 4 5 9]
 [1 9 0 5 0 4 7 0 6]
 [4 5 6 1 7 9 3 2 8]
 [5 6 8 9 1 3 2 4 7]
 [0 2 7 0 5 8 1 9 3]
 [9 3 1 2 6 7 0 8 5]
 [6 0 2 7 9 1 8 3 4]
 [8 1 5 0 3 6 9 7 2]
 [3 7 9 4 8 2 5 6 1]]
Number of cells unfilled: 10
Accuracy: 87.65432098765432
Sample: 35555
Question:
[[0 7 0 0 9 0 8 0 0]
 [9 0 0 8 0 0 0 0 6]
 [0 0 3 1 0 0 0 9 0]
 [3 0 0 0 1 0 0 8 0]
 [0 0 0 0 0 0 5 0 1]
 [0 0 0 5 0 4 0 0 0]
 [0 4 2 0 0 9 0 0 0]
 [7 0 0 0 3 0 0 6 0]
 [0 0 0 0 0 0 0 0 2]]
Solution:
[[7 0 3 8 2 0 4 5 9]
 [2 9 0 3 0 4 7 1 6]
 [4 5 6 1 7 9 3 8 0]
 [5 6 8 9 1 3 2 4 7]
 [0 2 7 0 5 8 1 9 3]
 [9 3 1 2 6 7 0 0 8]
 [6 0 2 7 9 1 8 3 4]
 [8 1 5 0 3 6 9 7 2]
 [3 7 9 4 8 2 5 6 1]]
Number of cells unfilled: 11
Accuracy: 86.41975308641975
Sample: 35556
Question:
[[0 0 7 0 0 0 9 0 0]
 [6 0 0 0 0 0 0 0 8]
 [0 8 0 1 0 0 7 0 0]
 [0 0 0 0 0 3 4 0 0]
 [0 0 0 0 8 0 0 0 2]
 [0 0 2 0 4 0 0 1 3]
 [0 0 6 0 9 0 0 0 5]
 [0 9 5 0 0 1 0 8 0]
 [0 2 1 8 6 0 0 0 4]]
Solution:
[[7 0 3 8 0 9 4 5 0]
 [1 9 0 3 2 4 7 8 6]
 [4 8 6 1 7 5 3 2 9]
 [5 6 8 9 1 3 2 4 7]
 [0 2 7 0 5 8 1 9 3]
 [9 3 1 2 6 7 0 0 8]
 [6 0 2 7 9 1 8 3 4]
 [8 1 5 0 3 6 9 7 2]
 [3 7 9 4 8 2 5 6 1]]
Number of cells unfilled: 10
Accuracy: 87.65432098765432
Sample: 35557
Question:
[[0 0 5 1 0 0 0 0 0]
 [0 4 3 0 0 0 0 6 0]
 [2 0 0 0 3 0 0 0 4]
 [0 0 0 0 0 6 0 0 0]
 [0 2 0 0 7 0 0 0 9]
 [0 0 7 5 0 0 4 8 0]
 [9 0 0 0 0 1 0 7 0]
 [0 0 2 0 5 0 0 0 3]
 [0 5 0 0 0 0 8 0 0]]
Solution:
[[7 0 3 8 2 9 4 5 0]
 [2 9 0 1 0 4 7 0 6]
 [4 5 6 0 7 0 3 1 9]
 [5 6 8 9 1 3 2 4 7]
 [0 2 7 0 5 8 1 9 3]
 [9 3 1 2 6 7 0 8 5]
 [6 0 2 7 9 1 8 3 4]
 [8 1 5 0 3 6 9 7 2]
 [3 7 9 4 8 2 5 6 1]]
Number of cells unfilled: 12
Accuracy: 85.18518518518519
Sample: 35558
Question:
[[0 5 1 0 0 0 9 0 3]
 [0 0 0 0 0 0 0 0 0]
 [0 0 0 0 0 7 0 2 0]
 [0 0 0 2 0 0 0 0 1]
 [4 0 9 0 0 0 0 0 0]
 [8 0 3 0 5 4 2 0 0]
 [0 0 0 7 0 0 0 9 0]
 [0 0 4 0 0 5 3 1 7]
 [6 0 0 0 0 1 0 0 8]]
Solution:
[[7 0 3 8 2 0 4 5 9]
 [2 9 0 3 0 4 7 1 6]
 [4 8 6 1 7 5 3 2 0]
 [5 6 8 9 1 3 2 4 7]
 [0 2 7 0 5 8 1 9 3]
 [9 3 1 2 6 7 0 0 8]
 [6 0 2 7 9 1 8 3 4]
 [8 1 5 0 3 6 9 7 2]
 [3 7 9 4 8 2 5 6 1]]
Number of cells unfilled: 11
Accuracy: 86.41975308641975
Sample: 35559
Question:
[[0 0 9 0 0 0 0 0 0]
 [6 0 0 0 0 0 0 5 0]
 [0 1 0 2 0 0 6 0 0]
 [0 0 0 0 8 0 0 0 7]
 [0 4 0 3 0 0 1 0 0]
 [7 2 0 6 0 0 3 4 0]
 [2 0 4 1 0 0 0 0 6]
 [0 0 0 0 0 0 4 0 0]
 [0 6 0 0 0 3 0 1 0]]
Solution:
[[7 0 3 8 2 9 4 5 0]
 [2 9 0 3 0 4 7 1 6]
 [4 8 6 1 7 5 3 2 9]
 [5 6 8 9 1 3 2 4 7]
 [0 2 7 0 5 8 1 9 3]
 [9 3 1 2 6 7 0 8 5]
 [6 0 2 7 9 1 8 3 4]
 [8 1 5 0 3 6 9 7 2]
 [3 7 9 4 8 2 5 6 1]]
Number of cells unfilled: 9
Accuracy: 88.88888888888889
Sample: 35560
Question:
[[4 9 0 0 0 1 0 0 0]
 [0 0 3 4 0 6 1 0 0]
 [0 8 0 0 0 0 0 0 0]
 [0 0 0 5 0 0 0 0 6]
 [0 0 0 1 9 0 0 8 0]
 [0 2 0 0 0 3 4 0 5]
 [7 0 0 0 0 5 2 0 0]
 [0 4 0 7 0 0 5 0 0]
 [0 3 9 6 0 0 0 0 0]]
Solution:
[[7 0 3 8 0 0 4 5 9]
 [1 9 0 5 0 4 7 2 6]
 [4 5 6 0 2 9 3 1 0]
 [5 6 8 9 1 3 2 4 7]
 [0 2 7 0 5 8 1 9 3]
 [9 3 1 2 6 7 0 0 8]
 [6 0 2 7 9 1 8 3 4]
 [8 1 5 0 3 6 9 7 2]
 [3 7 9 4 8 2 5 6 1]]
Number of cells unfilled: 13
Accuracy: 83.9506172839506
Sample: 35561
Question:
[[0 0 5 4 0 0 0 0 0]
 [6 0 0 0 5 0 1 0 0]
 [0 3 0 0 0 7 0 0 0]
 [0 0 0 0 0 0 0 6 0]
 [9 0 0 2 0 0 5 0 0]
 [0 0 4 0 8 0 0 9 1]
 [1 0 0 6 0 0 0 0 9]
 [0 0 6 0 4 0 8 0 0]
 [0 7 0 0 0 3 6 0 0]]
Solution:
[[7 0 3 8 2 9 4 5 0]
 [2 9 0 3 0 4 7 8 6]
 [4 8 6 1 7 5 3 2 9]
 [5 6 8 9 1 3 2 4 7]
 [0 2 7 0 5 8 1 9 3]
 [9 3 1 2 6 7 0 0 8]
 [6 0 2 7 9 1 8 3 4]
 [8 1 5 0 3 6 9 7 2]
 [3 7 9 4 8 2 5 6 1]]
Number of cells unfilled: 10
Accuracy: 87.65432098765432
Sample: 35562
Question:
[[6 0 0 4 0 0 7 0 0]
 [1 0 0 0 8 0 0 6 0]
 [0 0 2 0 0 0 0 0 5]
 [8 0 0 0 0 6 0 0 9]
 [0 0 3 0 9 0 0 1 0]
 [0 5 0 2 0 0 0 0 0]
 [0 0 8 0 0 9 0 0 6]
 [5 0 0 0 2 0 0 3 0]
 [0 0 0 7 0 0 4 0 0]]
Solution:
[[7 0 3 8 2 0 4 5 9]
 [2 9 0 3 0 4 7 8 6]
 [4 8 6 5 7 9 3 2 0]
 [5 6 8 9 1 3 2 4 7]
 [0 2 7 0 5 8 1 9 3]
 [9 3 1 2 6 7 0 0 8]
 [6 0 2 7 9 1 8 3 4]
 [8 1 5 0 3 6 9 7 2]
 [3 7 9 4 8 2 5 6 1]]
Number of cells unfilled: 11
Accuracy: 86.41975308641975
Sample: 35563
Question:
[[0 0 0 0 4 0 0 0 3]
 [0 4 9 0 0 0 6 0 0]
 [0 0 0 1 2 0 0 0 0]
 [3 0 0 0 0 8 0 5 0]
 [0 0 8 9 1 0 3 0 0]
 [0 0 1 5 0 3 0 0 0]
 [9 0 3 4 0 0 0 8 0]
 [0 0 0 8 0 0 9 0 7]
 [0 0 0 0 0 7 0 0 0]]
Solution:
[[7 0 3 8 2 0 4 5 9]
 [1 9 0 3 0 4 7 8 6]
 [4 8 6 1 7 5 3 2 0]
 [5 6 8 9 1 3 2 4 7]
 [0 2 7 0 5 8 1 9 3]
 [9 3 1 2 6 7 0 0 8]
 [6 0 2 7 9 1 8 3 4]
 [8 1 5 0 3 6 9 7 2]
 [3 7 9 4 8 2 5 6 1]]
Number of cells unfilled: 11
Accuracy: 86.41975308641975
Sample: 35564
Question:
[[2 0 0 0 0 0 0 5 1]
 [0 0 4 0 8 3 0 0 0]
 [8 0 0 0 2 0 0 0 0]
 [0 0 1 0 6 0 4 9 0]
 [0 0 9 2 0 0 0 0 0]
 [0 0 0 0 0 9 0 7 6]
 [1 0 0 0 3 7 0 0 4]
 [0 0 0 4 0 0 0 0 7]
 [0 0 7 0 1 6 5 3 0]]
Solution:
[[7 0 3 8 2 0 4 5 9]
 [1 9 0 3 0 4 7 0 6]
 [4 5 6 1 7 9 3 2 8]
 [5 6 8 9 1 3 2 4 7]
 [0 2 7 0 5 8 1 9 3]
 [9 3 1 2 6 7 0 8 5]
 [6 0 2 7 9 1 8 3 4]
 [8 1 5 0 3 6 9 7 2]
 [3 7 9 4 8 2 5 6 1]]
Number of cells unfilled: 10
Accuracy: 87.65432098765432
Sample: 35565
Question:
[[0 0 5 6 0 0 0 0 8]
 [7 0 0 0 0 0 0 0 0]
 [0 0 0 0 2 0 0 4 0]
 [0 1 0 0 0 0 9 0 0]
 [0 7 0 0 0 3 0 0 6]
 [0 0 6 9 0 0 0 8 0]
 [6 0 0 0 9 1 0 3 5]
 [0 5 0 0 3 2 0 6 0]
 [0 0 3 5 0 0 8 0 0]]
Solution:
[[7 0 3 8 0 9 4 5 0]
 [1 9 0 3 2 4 7 8 6]
 [4 8 6 1 7 5 3 2 9]
 [5 6 8 9 1 3 2 4 7]
 [0 2 7 0 5 8 1 9 3]
 [9 3 1 2 6 7 0 0 8]
 [6 0 2 7 9 1 8 3 4]
 [8 1 5 0 3 6 9 7 2]
 [3 7 9 4 8 2 5 6 1]]
Number of cells unfilled: 10
Accuracy: 87.65432098765432
Sample: 35566
Question:
[[3 0 0 0 0 6 8 0 0]
 [0 5 0 3 0 0 0 0 9]
 [0 0 6 0 5 0 0 3 0]
 [0 0 1 0 0 3 0 4 0]
 [2 0 0 0 4 0 5 0 0]
 [0 0 0 9 0 0 0 0 7]
 [0 0 0 0 0 4 1 0 0]
 [4 0 0 0 8 0 0 2 0]
 [0 0 5 7 0 0 0 0 0]]
Solution:
[[7 0 3 8 0 9 4 5 0]
 [2 9 0 1 0 4 7 0 6]
 [4 5 6 0 2 0 3 1 9]
 [5 6 8 9 1 3 2 4 7]
 [0 2 7 0 5 8 1 9 3]
 [9 3 1 2 6 7 0 8 5]
 [6 0 2 7 9 1 8 3 4]
 [8 1 5 0 3 6 9 7 2]
 [3 7 9 4 8 2 5 6 1]]
Number of cells unfilled: 13
Accuracy: 83.9506172839506
Sample: 35567
Question:
[[0 0 0 0 0 0 0 8 0]
 [5 0 0 0 0 1 3 0 6]
 [8 0 3 6 9 0 0 0 0]
 [0 1 0 0 5 0 8 0 0]
 [6 0 0 0 0 0 0 9 0]
 [0 0 0 3 0 6 1 0 5]
 [0 5 9 7 0 0 0 0 0]
 [0 0 0 0 0 0 0 0 9]
 [0 3 0 4 0 0 5 0 0]]
Solution:
[[7 0 3 8 2 0 4 5 9]
 [1 9 0 5 0 4 7 2 6]
 [4 5 6 0 7 9 3 1 0]
 [5 6 8 9 1 3 2 4 7]
 [0 2 7 0 5 8 1 9 3]
 [9 3 1 2 6 7 0 0 8]
 [6 0 2 7 9 1 8 3 4]
 [8 1 5 0 3 6 9 7 2]
 [3 7 9 4 8 2 5 6 1]]
Number of cells unfilled: 12
Accuracy: 85.18518518518519
Sample: 35568
Question:
[[0 0 0 0 0 0 2 0 0]
 [6 0 0 0 8 0 0 0 3]
 [3 8 0 2 0 4 5 0 0]
 [5 0 6 0 0 0 0 0 0]
 [0 0 0 0 0 2 6 4 0]
 [4 2 0 3 0 0 8 0 5]
 [0 5 0 0 0 0 0 0 0]
 [8 0 0 5 0 9 0 0 4]
 [0 0 0 0 0 1 0 0 8]]
Solution:
[[7 0 3 8 2 0 4 5 9]
 [1 9 0 5 0 4 7 2 6]
 [4 5 6 1 7 9 3 8 0]
 [5 6 8 9 1 3 2 4 7]
 [0 2 7 0 5 8 1 9 3]
 [9 3 1 2 6 7 0 0 8]
 [6 0 2 7 9 1 8 3 4]
 [8 1 5 0 3 6 9 7 2]
 [3 7 9 4 8 2 5 6 1]]
Number of cells unfilled: 11
Accuracy: 86.41975308641975
Sample: 35569
Question:
[[0 0 0 0 0 8 6 9 0]
 [0 0 0 4 9 0 0 8 1]
 [0 0 0 0 0 0 0 0 5]
 [0 0 0 0 6 0 0 0 0]
 [8 0 0 5 0 0 0 0 4]
 [3 0 2 1 0 0 5 0 0]
 [1 0 6 0 4 0 0 0 8]
 [0 0 0 0 0 5 9 0 6]
 [0 0 8 0 0 6 1 0 0]]
Solution:
[[7 0 3 8 2 0 4 5 9]
 [2 9 0 3 0 4 7 8 6]
 [4 8 6 1 7 9 3 2 0]
 [5 6 8 9 1 3 2 4 7]
 [0 2 7 0 5 8 1 9 3]
 [9 3 1 2 6 7 0 0 8]
 [6 0 2 7 9 1 8 3 4]
 [8 1 5 0 3 6 9 7 2]
 [3 7 9 4 8 2 5 6 1]]
Number of cells unfilled: 11
Accuracy: 86.41975308641975
Sample: 35570
Question:
[[0 0 0 0 3 0 0 0 5]
 [0 5 2 0 0 4 0 0 0]
 [6 0 0 0 0 1 4 0 0]
 [0 3 9 0 0 6 2 0 0]
 [0 0 8 0 0 0 6 3 0]
 [0 0 0 0 0 0 0 0 0]
 [0 4 0 5 0 2 0 0 6]
 [0 0 0 0 1 3 0 0 0]
 [3 0 5 0 6 0 0 2 1]]
Solution:
[[7 0 3 8 2 0 4 5 9]
 [2 9 0 5 0 4 7 1 6]
 [4 5 6 1 7 9 3 2 8]
 [5 6 8 9 1 3 2 4 7]
 [0 2 7 0 5 8 1 9 3]
 [9 3 1 2 6 7 0 8 5]
 [6 0 2 7 9 1 8 3 4]
 [8 1 5 0 3 6 9 7 2]
 [3 7 9 4 8 2 5 6 1]]
Number of cells unfilled: 9
Accuracy: 88.88888888888889
Sample: 35571
Question:
[[0 0 0 8 0 4 3 0 1]
 [3 0 0 0 1 0 7 0 0]
 [0 0 4 0 0 0 0 9 0]
 [1 9 0 2 0 0 0 0 0]
 [8 0 0 5 0 9 1 0 0]
 [0 0 0 0 0 0 0 0 0]
 [9 0 1 0 0 3 8 0 4]
 [0 0 0 0 0 0 9 7 0]
 [0 8 7 4 0 0 0 0 0]]
Solution:
[[7 0 3 8 0 9 4 5 0]
 [2 9 0 3 0 4 7 1 6]
 [4 5 6 1 2 0 3 8 9]
 [5 6 8 9 1 3 2 4 7]
 [0 2 7 0 5 8 1 9 3]
 [9 3 1 2 6 7 0 0 8]
 [6 0 2 7 9 1 8 3 4]
 [8 1 5 0 3 6 9 7 2]
 [3 7 9 4 8 2 5 6 1]]
Number of cells unfilled: 12
Accuracy: 85.18518518518519
Sample: 35572
Question:
[[0 0 1 0 0 0 2 0 0]
 [0 0 0 0 0 5 9 0 8]
 [2 0 8 0 7 0 0 0 0]
 [8 0 0 7 9 0 0 1 2]
 [0 0 0 0 0 0 8 9 0]
 [0 0 0 0 0 0 0 0 5]
 [0 0 0 5 0 0 0 0 7]
 [4 0 3 2 1 0 5 0 0]
 [0 0 0 0 8 0 1 0 0]]
Solution:
[[7 0 3 8 0 9 4 5 0]
 [1 9 0 3 2 4 7 8 6]
 [4 8 6 1 7 5 3 2 9]
 [5 6 8 9 1 3 2 4 7]
 [0 2 7 0 5 8 1 9 3]
 [9 3 1 2 6 7 0 0 8]
 [6 0 2 7 9 1 8 3 4]
 [8 1 5 0 3 6 9 7 2]
 [3 7 9 4 8 2 5 6 1]]
Number of cells unfilled: 10
Accuracy: 87.65432098765432
Sample: 35573
Question:
[[0 0 3 6 0 0 0 8 7]
 [0 0 6 0 0 0 0 0 1]
 [0 0 0 0 0 8 0 0 0]
 [0 6 0 3 0 5 0 2 0]
 [0 0 0 8 9 0 0 0 0]
 [3 9 0 0 0 0 8 0 5]
 [0 8 0 2 0 6 0 5 3]
 [0 0 2 9 0 0 6 0 0]
 [0 5 0 0 0 0 0 0 0]]
Solution:
[[7 0 3 8 0 9 4 5 0]
 [1 9 0 3 0 4 7 2 6]
 [4 8 6 0 2 5 3 1 9]
 [5 6 8 9 1 3 2 4 7]
 [0 2 7 0 5 8 1 9 3]
 [9 3 1 2 6 7 0 8 5]
 [6 0 2 7 9 1 8 3 4]
 [8 1 5 0 3 6 9 7 2]
 [3 7 9 4 8 2 5 6 1]]
Number of cells unfilled: 11
Accuracy: 86.41975308641975
Sample: 35574
Question:
[[0 0 4 0 0 0 0 0 0]
 [0 0 0 0 4 6 2 9 0]
 [6 9 0 2 8 0 0 0 5]
 [0 2 0 0 0 0 0 0 0]
 [8 0 0 6 0 0 0 3 0]
 [0 0 0 8 0 2 0 1 0]
 [4 0 0 5 0 0 8 0 0]
 [5 8 0 0 0 0 0 6 9]
 [0 0 0 0 9 0 0 0 0]]
Solution:
[[7 0 3 8 0 9 4 5 0]
 [1 9 0 5 2 4 7 8 6]
 [4 5 6 1 7 0 3 2 9]
 [5 6 8 9 1 3 2 4 7]
 [0 2 7 0 5 8 1 9 3]
 [9 3 1 2 6 7 0 0 8]
 [6 0 2 7 9 1 8 3 4]
 [8 1 5 0 3 6 9 7 2]
 [3 7 9 4 8 2 5 6 1]]
Number of cells unfilled: 11
Accuracy: 86.41975308641975
Sample: 35575
Question:
[[0 0 5 0 0 0 0 0 2]
 [0 1 0 0 2 0 3 0 0]
 [0 9 0 4 6 0 0 0 1]
 [0 5 0 0 0 2 1 0 0]
 [2 0 0 0 0 0 0 8 0]
 [0 3 8 0 5 0 9 0 0]
 [0 0 3 5 9 0 0 0 0]
 [0 0 0 0 0 0 0 0 9]
 [1 2 0 0 0 0 5 0 8]]
Solution:
[[7 0 3 8 0 9 4 5 0]
 [1 9 0 3 2 4 7 8 6]
 [4 8 6 1 7 5 3 2 9]
 [5 6 8 9 1 3 2 4 7]
 [0 2 7 0 5 8 1 9 3]
 [9 3 1 2 6 7 0 0 8]
 [6 0 2 7 9 1 8 3 4]
 [8 1 5 0 3 6 9 7 2]
 [3 7 9 4 8 2 5 6 1]]
Number of cells unfilled: 10
Accuracy: 87.65432098765432
Sample: 35576
Question:
[[0 0 6 0 9 0 5 0 0]
 [0 0 0 0 0 0 0 0 3]
 [0 5 0 4 8 0 7 0 0]
 [0 0 9 3 7 0 0 0 6]
 [0 7 0 0 0 0 0 0 0]
 [0 1 3 0 0 0 9 5 0]
 [0 0 5 0 0 9 0 0 0]
 [9 0 7 0 3 0 6 0 1]
 [1 3 0 0 0 0 0 0 0]]
Solution:
[[7 0 3 8 0 9 4 5 0]
 [1 9 0 3 0 4 7 2 6]
 [4 8 6 0 2 5 3 1 9]
 [5 6 8 9 1 3 2 4 7]
 [0 2 7 0 5 8 1 9 3]
 [9 3 1 2 6 7 0 8 5]
 [6 0 2 7 9 1 8 3 4]
 [8 1 5 0 3 6 9 7 2]
 [3 7 9 4 8 2 5 6 1]]
Number of cells unfilled: 11
Accuracy: 86.41975308641975
Sample: 35577
Question:
[[0 0 9 0 3 6 2 1 0]
 [3 0 0 0 0 7 9 0 0]
 [0 0 0 0 1 0 0 0 0]
 [0 0 0 1 0 9 0 0 7]
 [0 3 0 6 0 0 0 0 0]
 [0 9 6 0 0 3 0 2 0]
 [0 5 4 7 0 0 6 0 0]
 [0 0 3 0 0 2 7 0 0]
 [0 0 0 0 0 0 0 9 0]]
Solution:
[[7 0 3 8 2 9 4 5 0]
 [2 9 0 5 0 4 7 8 6]
 [4 5 6 1 7 0 3 2 9]
 [5 6 8 9 1 3 2 4 7]
 [0 2 7 0 5 8 1 9 3]
 [9 3 1 2 6 7 0 0 8]
 [6 0 2 7 9 1 8 3 4]
 [8 1 5 0 3 6 9 7 2]
 [3 7 9 4 8 2 5 6 1]]
Number of cells unfilled: 11
Accuracy: 86.41975308641975
Sample: 35578
Question:
[[0 1 0 0 0 7 2 8 0]
 [0 5 8 2 3 0 0 0 0]
 [0 0 0 0 0 0 0 3 5]
 [0 0 0 8 0 2 1 7 0]
 [7 0 0 0 1 0 0 5 0]
 [0 2 0 0 0 0 0 0 0]
 [8 0 0 9 0 0 0 1 0]
 [1 0 3 6 0 0 0 0 0]
 [0 0 0 0 0 0 3 0 0]]
Solution:
[[7 0 3 8 2 0 4 5 9]
 [1 9 0 5 0 4 7 2 6]
 [4 5 6 1 7 9 3 8 0]
 [5 6 8 9 1 3 2 4 7]
 [0 2 7 0 5 8 1 9 3]
 [9 3 1 2 6 7 0 0 8]
 [6 0 2 7 9 1 8 3 4]
 [8 1 5 0 3 6 9 7 2]
 [3 7 9 4 8 2 5 6 1]]
Number of cells unfilled: 11
Accuracy: 86.41975308641975
Sample: 35579
Question:
[[0 1 3 2 0 8 7 0 0]
 [7 2 0 0 1 0 0 0 0]
 [0 0 6 0 0 0 0 0 0]
 [0 0 8 0 0 6 1 0 0]
 [0 0 0 7 0 0 0 0 0]
 [6 0 0 0 0 3 5 0 9]
 [0 0 1 8 0 0 3 0 7]
 [2 0 7 0 6 0 0 0 0]
 [3 0 0 0 0 0 0 0 1]]
Solution:
[[7 0 3 8 2 9 4 5 0]
 [1 9 0 5 0 4 7 2 6]
 [4 5 6 1 7 0 3 8 9]
 [5 6 8 9 1 3 2 4 7]
 [0 2 7 0 5 8 1 9 3]
 [9 3 1 2 6 7 0 0 8]
 [6 0 2 7 9 1 8 3 4]
 [8 1 5 0 3 6 9 7 2]
 [3 7 9 4 8 2 5 6 1]]
Number of cells unfilled: 11
Accuracy: 86.41975308641975
Sample: 35580
Question:
[[0 2 3 0 0 9 0 0 4]
 [7 0 0 0 4 0 0 0 6]
 [0 0 0 0 0 2 0 0 0]
 [0 9 5 0 3 0 0 0 7]
 [0 0 0 0 0 0 9 0 0]
 [0 0 1 0 7 0 0 0 0]
 [0 4 0 0 0 7 2 0 3]
 [0 0 0 0 0 0 0 6 9]
 [9 0 2 3 0 6 0 7 0]]
Solution:
[[7 0 3 8 2 9 4 5 0]
 [2 9 0 3 0 4 7 8 6]
 [4 8 6 1 7 5 3 2 9]
 [5 6 8 9 1 3 2 4 7]
 [0 2 7 0 5 8 1 9 3]
 [9 3 1 2 6 7 0 0 8]
 [6 0 2 7 9 1 8 3 4]
 [8 1 5 0 3 6 9 7 2]
 [3 7 9 4 8 2 5 6 1]]
Number of cells unfilled: 10
Accuracy: 87.65432098765432
Sample: 35581
Question:
[[0 2 5 0 0 0 0 0 0]
 [9 0 6 1 0 5 0 0 0]
 [4 0 0 2 0 0 0 0 6]
 [1 0 0 4 0 0 6 0 0]
 [0 0 0 0 0 2 0 0 0]
 [0 4 0 9 0 0 7 3 0]
 [6 0 0 0 0 1 9 2 0]
 [2 5 0 0 4 0 0 0 0]
 [0 9 0 0 0 0 0 6 0]]
Solution:
[[7 0 3 8 0 9 4 5 0]
 [2 9 0 1 0 4 7 8 6]
 [4 8 6 0 2 5 3 1 9]
 [5 6 8 9 1 3 2 4 7]
 [0 2 7 0 5 8 1 9 3]
 [9 3 1 2 6 7 0 0 8]
 [6 0 2 7 9 1 8 3 4]
 [8 1 5 0 3 6 9 7 2]
 [3 7 9 4 8 2 5 6 1]]
Number of cells unfilled: 12
Accuracy: 85.18518518518519
Sample: 35582
Question:
[[0 3 0 0 0 0 0 0 0]
 [0 0 0 0 0 7 0 2 0]
 [0 0 0 0 0 8 0 4 3]
 [8 1 0 0 7 3 0 0 6]
 [0 0 7 8 9 0 0 1 0]
 [3 0 9 0 0 0 0 0 0]
 [6 0 0 0 3 0 0 8 1]
 [0 0 0 7 1 0 0 0 0]
 [9 0 0 0 0 6 7 0 0]]
Solution:
[[7 0 3 8 2 0 4 5 9]
 [2 9 0 3 0 4 7 1 6]
 [4 8 6 1 7 9 3 2 0]
 [5 6 8 9 1 3 2 4 7]
 [0 2 7 0 5 8 1 9 3]
 [9 3 1 2 6 7 0 8 5]
 [6 0 2 7 9 1 8 3 4]
 [8 1 5 0 3 6 9 7 2]
 [3 7 9 4 8 2 5 6 1]]
Number of cells unfilled: 10
Accuracy: 87.65432098765432
Sample: 35583
Question:
[[0 3 0 0 0 0 0 0 0]
 [0 0 0 2 0 3 4 9 0]
 [4 0 2 0 9 8 0 0 5]
 [8 0 5 0 0 9 2 0 4]
 [0 0 3 0 5 0 0 8 0]
 [0 0 0 0 0 4 0 0 0]
 [0 0 0 0 8 0 1 0 0]
 [9 0 0 0 0 0 0 0 0]
 [0 0 8 0 2 0 6 0 9]]
Solution:
[[7 0 3 8 2 9 4 5 0]
 [2 9 0 5 0 4 7 8 6]
 [4 5 6 1 7 0 3 2 9]
 [5 6 8 9 1 3 2 4 7]
 [0 2 7 0 5 8 1 9 3]
 [9 3 1 2 6 7 0 0 8]
 [6 0 2 7 9 1 8 3 4]
 [8 1 5 0 3 6 9 7 2]
 [3 7 9 4 8 2 5 6 1]]
Number of cells unfilled: 11
Accuracy: 86.41975308641975
Sample: 35584
Question:
[[0 3 0 9 0 4 6 0 0]
 [4 0 6 3 8 0 0 7 0]
 [8 9 0 0 0 0 0 0 0]
 [9 0 0 0 7 0 0 0 3]
 [0 0 0 6 0 3 0 0 0]
 [7 0 0 0 0 0 4 6 0]
 [0 0 0 0 3 8 2 0 0]
 [0 0 8 0 0 0 0 0 0]
 [0 0 0 0 4 0 5 8 0]]
Solution:
[[7 0 3 8 2 9 4 5 0]
 [1 9 0 3 0 4 7 2 6]
 [4 5 6 0 7 0 3 1 9]
 [5 6 8 9 1 3 2 4 7]
 [0 2 7 0 5 8 1 9 3]
 [9 3 1 2 6 7 0 8 5]
 [6 0 2 7 9 1 8 3 4]
 [8 1 5 0 3 6 9 7 2]
 [3 7 9 4 8 2 5 6 1]]
Number of cells unfilled: 11
Accuracy: 86.41975308641975
Sample: 35585
Question:
[[0 4 0 0 0 6 0 5 0]
 [3 5 0 0 0 7 0 0 0]
 [0 0 0 0 0 0 3 0 0]
 [0 0 5 8 0 0 9 4 0]
 [4 0 1 0 3 9 0 0 5]
 [0 0 0 0 0 0 0 3 1]
 [0 8 0 0 5 0 0 1 0]
 [0 0 0 9 0 4 0 8 0]
 [0 0 9 0 0 0 0 0 0]]
Solution:
[[7 0 3 8 2 9 4 5 0]
 [2 9 0 3 0 4 7 1 6]
 [4 8 6 1 7 5 3 2 9]
 [5 6 8 9 1 3 2 4 7]
 [0 2 7 0 5 8 1 9 3]
 [9 3 1 2 6 7 0 0 8]
 [6 0 2 7 9 1 8 3 4]
 [8 1 5 0 3 6 9 7 2]
 [3 7 9 4 8 2 5 6 1]]
Number of cells unfilled: 10
Accuracy: 87.65432098765432
Sample: 35586
Question:
[[0 5 0 0 0 4 0 1 0]
 [0 0 0 0 0 0 0 0 0]
 [0 3 0 0 0 0 6 4 0]
 [0 0 0 0 0 0 0 0 2]
 [4 6 0 0 0 8 0 7 0]
 [0 1 2 4 0 7 0 0 0]
 [0 0 0 0 8 6 0 0 0]
 [0 0 7 2 0 1 0 0 4]
 [6 2 0 0 0 0 1 0 8]]
Solution:
[[7 0 3 8 2 0 4 5 9]
 [2 9 0 3 0 4 7 1 6]
 [4 5 6 1 7 9 3 2 8]
 [5 6 8 9 1 3 2 4 7]
 [0 2 7 0 5 8 1 9 3]
 [9 3 1 2 6 7 0 8 5]
 [6 0 2 7 9 1 8 3 4]
 [8 1 5 0 3 6 9 7 2]
 [3 7 9 4 8 2 5 6 1]]
Number of cells unfilled: 9
Accuracy: 88.88888888888889
Sample: 35587
Question:
[[0 8 0 4 0 0 0 0 0]
 [0 0 4 3 0 8 0 0 1]
 [0 9 3 0 0 0 2 0 0]
 [0 2 0 5 0 7 0 8 0]
 [0 0 1 0 0 4 0 2 0]
 [0 0 0 0 0 0 0 0 3]
 [9 3 0 0 0 0 0 0 0]
 [0 0 2 0 4 0 0 0 0]
 [4 0 8 0 0 3 0 1 9]]
Solution:
[[7 0 3 8 0 0 4 5 9]
 [2 9 0 3 0 4 7 0 6]
 [4 8 6 5 2 9 3 1 0]
 [5 6 8 9 1 3 2 4 7]
 [0 2 7 0 5 8 1 9 3]
 [9 3 1 2 6 7 0 8 5]
 [6 0 2 7 9 1 8 3 4]
 [8 1 5 0 3 6 9 7 2]
 [3 7 9 4 8 2 5 6 1]]
Number of cells unfilled: 12
Accuracy: 85.18518518518519
Sample: 35588
Question:
[[0 8 5 2 0 0 0 0 0]
 [0 1 0 6 5 0 0 8 0]
 [0 0 0 0 0 0 0 0 0]
 [0 4 0 0 0 8 0 7 0]
 [3 0 0 0 0 0 0 0 5]
 [0 0 0 1 3 0 8 4 0]
 [7 0 1 3 0 5 0 0 0]
 [8 0 0 0 4 0 3 1 0]
 [0 0 0 0 0 0 0 5 7]]
Solution:
[[7 0 3 8 0 9 4 5 0]
 [1 9 0 3 0 4 7 2 6]
 [4 8 6 0 2 5 3 1 9]
 [5 6 8 9 1 3 2 4 7]
 [0 2 7 0 5 8 1 9 3]
 [9 3 1 2 6 7 0 8 5]
 [6 0 2 7 9 1 8 3 4]
 [8 1 5 0 3 6 9 7 2]
 [3 7 9 4 8 2 5 6 1]]
Number of cells unfilled: 11
Accuracy: 86.41975308641975
Sample: 35589
Question:
[[5 3 0 0 0 0 2 0 9]
 [0 0 8 2 0 0 0 0 0]
 [0 1 0 0 3 0 0 5 0]
 [0 8 1 0 0 0 0 0 0]
 [2 9 0 5 8 0 3 0 0]
 [0 0 5 1 0 9 0 0 2]
 [0 0 0 0 0 0 0 0 0]
 [0 0 0 0 9 0 8 0 7]
 [0 0 0 0 5 8 0 0 4]]
Solution:
[[7 0 3 8 2 9 4 5 0]
 [1 9 0 3 0 4 7 8 6]
 [4 8 6 1 7 5 3 2 9]
 [5 6 8 9 1 3 2 4 7]
 [0 2 7 0 5 8 1 9 3]
 [9 3 1 2 6 7 0 0 8]
 [6 0 2 7 9 1 8 3 4]
 [8 1 5 0 3 6 9 7 2]
 [3 7 9 4 8 2 5 6 1]]
Number of cells unfilled: 10
Accuracy: 87.65432098765432
Sample: 35590
Question:
[[7 5 0 6 0 0 0 1 2]
 [0 0 2 0 1 0 0 9 0]
 [0 0 0 5 0 0 0 0 0]
 [8 0 0 0 2 0 0 0 0]
 [0 0 0 0 0 0 0 0 6]
 [4 6 0 0 7 0 0 0 0]
 [5 0 0 9 0 7 2 0 0]
 [0 1 0 2 6 0 0 7 5]
 [0 0 0 0 0 0 9 6 0]]
Solution:
[[7 0 3 8 2 9 4 5 0]
 [1 9 0 3 0 4 7 0 6]
 [4 8 6 1 7 5 3 2 9]
 [5 6 8 9 1 3 2 4 7]
 [0 2 7 0 5 8 1 9 3]
 [9 3 1 2 6 7 0 8 5]
 [6 0 2 7 9 1 8 3 4]
 [8 1 5 0 3 6 9 7 2]
 [3 7 9 4 8 2 5 6 1]]
Number of cells unfilled: 10
Accuracy: 87.65432098765432
Sample: 35591
Question:
[[0 5 0 0 0 0 6 1 0]
 [0 0 4 0 8 0 0 0 3]
 [0 0 0 0 0 6 0 0 0]
 [0 0 8 0 3 0 0 0 9]
 [2 0 0 0 0 0 0 3 0]
 [1 3 0 2 0 0 5 0 0]
 [0 0 0 7 0 3 0 0 4]
 [0 0 7 8 0 4 0 9 0]
 [0 0 0 0 9 0 0 0 0]]
Solution:
[[7 0 3 8 0 0 4 5 9]
 [1 9 0 5 2 4 7 8 6]
 [4 8 6 1 7 9 3 2 0]
 [5 6 8 9 1 3 2 4 7]
 [0 2 7 0 5 8 1 9 3]
 [9 3 1 2 6 7 0 0 8]
 [6 0 2 7 9 1 8 3 4]
 [8 1 5 0 3 6 9 7 2]
 [3 7 9 4 8 2 5 6 1]]
Number of cells unfilled: 11
Accuracy: 86.41975308641975
Sample: 35592
Question:
[[0 0 7 2 6 9 0 4 0]
 [6 0 1 0 0 0 0 5 0]
 [0 3 0 0 7 0 9 8 0]
 [1 0 0 5 9 8 0 0 7]
 [4 8 0 0 0 2 0 6 1]
 [0 0 0 0 1 0 0 2 0]
 [0 0 6 9 8 0 0 0 0]
 [0 0 5 0 0 4 3 0 0]
 [7 2 0 3 0 0 0 9 0]]
Solution:
[[7 0 3 8 2 9 4 5 0]
 [2 9 0 1 0 4 7 0 6]
 [4 8 6 0 7 5 3 1 9]
 [5 6 8 9 1 3 2 4 7]
 [0 2 7 0 5 8 1 9 3]
 [9 3 1 2 6 7 0 8 5]
 [6 0 2 7 9 1 8 3 4]
 [8 1 5 0 3 6 9 7 2]
 [3 7 9 4 8 2 5 6 1]]
Number of cells unfilled: 11
Accuracy: 86.41975308641975
Sample: 35593
Question:
[[5 0 0 0 0 0 0 0 0]
 [0 4 6 0 5 0 0 0 1]
 [0 1 8 6 0 0 7 0 0]
 [6 0 0 1 0 0 0 0 8]
 [0 2 0 0 8 0 9 0 0]
 [0 0 0 0 2 6 0 3 0]
 [1 0 0 8 0 0 0 0 4]
 [0 0 3 0 0 0 0 7 0]
 [0 6 0 0 0 9 0 0 0]]
Solution:
[[7 0 3 8 2 9 4 5 0]
 [2 9 0 5 0 4 7 8 6]
 [4 5 6 1 7 0 3 2 9]
 [5 6 8 9 1 3 2 4 7]
 [0 2 7 0 5 8 1 9 3]
 [9 3 1 2 6 7 0 0 8]
 [6 0 2 7 9 1 8 3 4]
 [8 1 5 0 3 6 9 7 2]
 [3 7 9 4 8 2 5 6 1]]
Number of cells unfilled: 11
Accuracy: 86.41975308641975
Sample: 35594
Question:
[[9 0 6 0 0 8 0 0 0]
 [1 8 3 0 0 0 0 7 0]
 [0 0 0 9 0 0 0 0 0]
 [0 0 0 0 0 0 0 0 1]
 [8 0 0 1 7 4 6 0 0]
 [0 0 0 6 0 0 4 0 7]
 [0 0 0 0 0 5 8 0 6]
 [0 4 8 2 0 6 0 9 0]
 [0 0 0 0 9 0 5 0 0]]
Solution:
[[7 0 3 8 0 9 4 5 0]
 [1 9 0 3 0 4 7 2 6]
 [4 8 6 0 2 5 3 1 9]
 [5 6 8 9 1 3 2 4 7]
 [0 2 7 0 5 8 1 9 3]
 [9 3 1 2 6 7 0 8 5]
 [6 0 2 7 9 1 8 3 4]
 [8 1 5 0 3 6 9 7 2]
 [3 7 9 4 8 2 5 6 1]]
Number of cells unfilled: 11
Accuracy: 86.41975308641975
Sample: 35595
Question:
[[0 4 0 7 0 0 0 0 0]
 [6 0 0 0 4 8 0 0 2]
 [0 0 9 0 0 0 4 5 0]
 [0 0 1 0 0 0 0 9 0]
 [2 0 0 0 0 6 0 0 1]
 [0 0 7 0 5 0 0 0 0]
 [0 0 0 6 0 0 0 0 3]
 [0 0 0 0 0 3 8 2 0]
 [3 0 0 0 8 0 1 0 0]]
Solution:
[[7 0 3 8 2 0 4 5 9]
 [2 9 0 3 0 4 7 1 6]
 [4 5 6 1 7 9 3 2 8]
 [5 6 8 9 1 3 2 4 7]
 [0 2 7 0 5 8 1 9 3]
 [9 3 1 2 6 7 0 8 5]
 [6 0 2 7 9 1 8 3 4]
 [8 1 5 0 3 6 9 7 2]
 [3 7 9 4 8 2 5 6 1]]
Number of cells unfilled: 9
Accuracy: 88.88888888888889
Sample: 35596
Question:
[[0 0 1 6 0 0 0 0 3]
 [0 8 0 0 0 0 5 0 0]
 [6 0 0 0 2 0 0 1 0]
 [0 0 6 7 0 0 0 0 9]
 [0 5 0 0 0 0 8 0 0]
 [9 0 0 0 3 0 6 7 0]
 [0 0 2 0 0 4 0 0 0]
 [1 0 0 2 0 0 0 9 0]
 [0 6 0 0 1 0 3 0 0]]
Solution:
[[7 0 3 8 2 0 4 5 9]
 [1 9 0 5 0 4 7 2 6]
 [4 5 6 0 7 9 3 1 8]
 [5 6 8 9 1 3 2 4 7]
 [0 2 7 0 5 8 1 9 3]
 [9 3 1 2 6 7 0 8 5]
 [6 0 2 7 9 1 8 3 4]
 [8 1 5 0 3 6 9 7 2]
 [3 7 9 4 8 2 5 6 1]]
Number of cells unfilled: 10
Accuracy: 87.65432098765432
Sample: 35597
Question:
[[0 0 8 7 0 0 0 9 1]
 [0 0 0 6 9 0 2 3 0]
 [6 0 3 0 0 4 0 0 7]
 [7 0 0 0 0 1 0 0 0]
 [0 0 0 2 0 3 0 0 0]
 [0 4 0 0 8 7 0 0 0]
 [0 0 0 0 0 0 0 8 9]
 [2 0 0 0 0 0 7 0 0]
 [0 0 5 0 0 0 0 6 0]]
Solution:
[[7 0 3 8 2 9 4 5 0]
 [1 9 0 3 0 4 7 8 6]
 [4 5 6 0 7 0 3 1 9]
 [5 6 8 9 1 3 2 4 7]
 [0 2 7 0 5 8 1 9 3]
 [9 3 1 2 6 7 0 0 8]
 [6 0 2 7 9 1 8 3 4]
 [8 1 5 0 3 6 9 7 2]
 [3 7 9 4 8 2 5 6 1]]
Number of cells unfilled: 12
Accuracy: 85.18518518518519
Sample: 35598
Question:
[[8 0 0 0 9 0 0 0 3]
 [0 0 3 8 0 0 1 0 0]
 [0 9 0 0 0 3 2 0 0]
 [0 0 9 0 0 8 0 0 6]
 [0 0 0 0 6 0 4 0 0]
 [6 0 0 0 0 0 0 2 0]
 [0 7 0 0 8 0 0 5 0]
 [0 0 2 0 0 9 0 0 1]
 [0 0 8 0 4 1 0 0 2]]
Solution:
[[7 0 3 8 0 0 4 5 9]
 [1 9 0 3 0 4 7 2 6]
 [4 5 6 0 2 9 3 1 0]
 [5 6 8 9 1 3 2 4 7]
 [0 2 7 0 5 8 1 9 3]
 [9 3 1 2 6 7 0 0 8]
 [6 0 2 7 9 1 8 3 4]
 [8 1 5 0 3 6 9 7 2]
 [3 7 9 4 8 2 5 6 1]]
Number of cells unfilled: 13
Accuracy: 83.9506172839506
Sample: 35599
Question:
[[6 0 0 0 0 1 0 0 3]
 [0 0 7 0 8 0 1 0 0]
 [0 0 0 5 0 0 0 6 0]
 [0 9 0 0 0 0 0 0 0]
 [0 0 2 8 0 0 0 0 4]
 [1 0 0 0 0 4 3 0 0]
 [0 5 0 0 7 0 2 0 0]
 [2 0 0 9 0 0 6 0 7]
 [7 0 0 0 0 2 0 3 0]]
Solution:
[[7 0 3 8 2 9 4 5 0]
 [2 9 0 3 0 4 7 8 6]
 [4 8 6 1 7 5 3 2 9]
 [5 6 8 9 1 3 2 4 7]
 [0 2 7 0 5 8 1 9 3]
 [9 3 1 2 6 7 0 0 8]
 [6 0 2 7 9 1 8 3 4]
 [8 1 5 0 3 6 9 7 2]
 [3 7 9 4 8 2 5 6 1]]
Number of cells unfilled: 10
Accuracy: 87.65432098765432
Sample: 35600
Question:
[[7 0 0 8 0 0 0 5 0]
 [0 9 0 0 0 4 0 0 0]
 [0 0 0 0 0 0 3 0 0]
 [0 6 0 9 0 0 2 0 7]
 [0 2 0 0 5 8 1 0 0]
 [9 0 1 0 0 0 0 0 0]
 [0 0 0 7 0 1 8 0 4]
 [0 1 0 0 0 6 0 0 2]
 [0 0 0 0 8 0 5 0 0]]
Solution:
[[7 0 3 8 2 9 4 5 0]
 [2 9 0 3 0 4 7 0 6]
 [4 5 6 0 7 0 3 1 9]
 [5 6 8 9 1 3 2 4 7]
 [0 2 7 0 5 8 1 9 3]
 [9 3 1 2 6 7 0 8 5]
 [6 0 2 7 9 1 8 3 4]
 [8 1 5 0 3 6 9 7 2]
 [3 7 9 4 8 2 5 6 1]]
Number of cells unfilled: 12
Accuracy: 85.18518518518519
