2025-10-22 14:32:32.871620: I tensorflow/core/util/port.cc:153] oneDNN custom operations are on. You may see slightly different numerical results due to floating-point round-off errors from different computation orders. To turn them off, set the environment variable `TF_ENABLE_ONEDNN_OPTS=0`.
2025-10-22 14:32:33.138991: I tensorflow/core/platform/cpu_feature_guard.cc:210] This TensorFlow binary is optimized to use available CPU instructions in performance-critical operations.
To enable the following instructions: AVX2 AVX512F AVX512_VNNI FMA, in other operations, rebuild TensorFlow with the appropriate compiler flags.
2025-10-22 14:32:38.397538: I tensorflow/core/util/port.cc:153] oneDNN custom operations are on. You may see slightly different numerical results due to floating-point round-off errors from different computation orders. To turn them off, set the environment variable `TF_ENABLE_ONEDNN_OPTS=0`.
2025-10-22 14:32:44.955633: E external/local_xla/xla/stream_executor/cuda/cuda_platform.cc:51] failed call to cuInit: INTERNAL: CUDA error: Failed call to cuInit: UNKNOWN ERROR (303)
Sample: 36801
Question:
[[0 9 0 0 0 1 2 0 0]
 [0 0 0 0 4 0 9 0 0]
 [0 0 2 6 0 9 0 3 0]
 [0 5 0 0 0 0 0 0 0]
 [0 0 3 9 0 8 6 0 0]
 [0 0 0 0 7 0 0 8 0]
 [1 0 0 0 0 7 3 6 0]
 [0 0 6 8 0 3 0 0 2]
 [0 0 0 0 0 0 0 0 0]]
Solution:
[[0 7 1 6 4 0 5 3 8]
 [8 6 5 3 1 2 9 0 4]
 [4 9 3 7 8 0 6 1 0]
 [0 1 7 8 5 3 2 6 9]
 [9 5 6 2 7 4 3 8 1]
 [3 2 0 0 6 9 4 7 0]
 [1 4 8 0 0 5 7 9 2]
 [2 0 0 1 3 7 8 4 6]
 [7 3 9 4 2 6 1 0 5]]
Number of cells unfilled: 14
Accuracy: 82.71604938271605
Sample: 36802
Question:
[[1 0 0 8 0 0 6 0 0]
 [6 0 0 0 0 1 0 7 4]
 [0 0 4 0 0 0 0 0 0]
 [5 0 6 0 0 8 7 0 0]
 [0 0 0 5 0 0 0 3 0]
 [0 0 8 0 0 7 1 0 0]
 [9 0 0 0 0 0 0 0 0]
 [8 0 0 1 2 0 0 0 0]
 [0 0 1 0 0 6 4 0 0]]
Solution:
[[0 7 2 6 9 0 5 3 8]
 [8 6 5 3 1 2 9 0 4]
 [4 9 3 7 8 0 6 1 0]
 [0 1 7 8 5 3 2 6 9]
 [9 5 6 2 7 4 3 8 1]
 [3 2 0 0 6 9 4 7 0]
 [1 4 8 0 0 5 7 9 2]
 [2 0 0 1 3 7 8 4 6]
 [7 3 9 4 2 6 1 0 5]]
Number of cells unfilled: 14
Accuracy: 82.71604938271605
Sample: 36803
Question:
[[8 0 0 0 0 0 0 0 0]
 [7 0 0 3 0 0 0 0 6]
 [0 0 4 0 6 1 0 7 0]
 [0 0 0 0 0 0 0 5 0]
 [0 0 0 2 0 0 7 1 0]
 [0 0 5 0 1 7 0 0 4]
 [0 9 0 0 3 0 0 4 7]
 [0 0 0 0 0 0 0 0 0]
 [0 0 7 0 4 6 5 0 0]]
Solution:
[[0 0 1 6 9 0 5 3 8]
 [8 7 5 3 1 2 9 0 4]
 [4 9 3 7 8 0 6 1 0]
 [0 1 7 8 5 3 2 6 9]
 [9 5 6 2 7 4 3 8 1]
 [3 2 0 0 6 9 4 7 0]
 [1 4 8 0 0 5 7 9 2]
 [2 0 0 1 3 7 8 4 6]
 [7 3 9 4 2 6 1 0 5]]
Number of cells unfilled: 15
Accuracy: 81.48148148148148
Sample: 36804
Question:
[[0 0 0 0 6 4 0 5 0]
 [5 0 0 1 0 0 0 0 9]
 [0 0 7 0 0 0 2 0 0]
 [0 3 2 0 0 0 7 0 0]
 [0 8 0 0 0 1 0 3 0]
 [1 0 0 3 0 0 0 0 8]
 [0 0 1 0 3 0 0 0 0]
 [0 0 4 0 0 8 0 0 6]
 [0 5 0 4 0 0 0 9 0]]
Solution:
[[0 7 1 6 4 0 5 3 8]
 [8 6 5 3 1 2 9 0 4]
 [4 9 3 7 8 0 6 1 0]
 [0 1 7 8 5 3 2 6 9]
 [9 5 6 2 7 4 3 8 1]
 [3 2 0 0 6 9 4 7 0]
 [1 4 8 0 0 5 7 9 2]
 [2 0 0 1 3 7 8 4 6]
 [7 3 9 4 2 6 1 0 5]]
Number of cells unfilled: 14
Accuracy: 82.71604938271605
Sample: 36805
Question:
[[8 0 0 7 0 0 5 0 0]
 [0 5 0 0 0 4 0 0 8]
 [0 0 3 0 5 0 0 9 0]
 [1 0 0 0 8 0 7 0 0]
 [0 0 9 0 0 7 0 6 0]
 [0 7 0 5 0 0 0 0 2]
 [2 0 0 0 6 0 1 0 0]
 [0 6 0 0 0 1 0 0 4]
 [0 0 0 3 0 0 0 0 0]]
Solution:
[[0 7 2 6 9 0 5 3 8]
 [8 6 5 3 1 2 9 0 4]
 [4 9 3 7 8 0 6 1 0]
 [0 1 7 8 5 3 2 6 9]
 [9 5 6 2 7 4 3 8 1]
 [3 2 0 0 6 9 4 7 0]
 [1 4 8 0 0 5 7 9 2]
 [2 0 0 1 3 7 8 4 6]
 [7 3 9 4 2 6 1 0 5]]
Number of cells unfilled: 14
Accuracy: 82.71604938271605
Sample: 36806
Question:
[[3 0 0 5 0 9 0 0 0]
 [0 0 0 0 3 8 0 0 4]
 [0 0 0 0 6 0 0 0 0]
 [0 0 1 0 0 0 0 6 0]
 [5 0 0 0 0 2 0 0 9]
 [0 8 0 0 0 0 7 0 0]
 [0 0 7 0 0 0 0 1 0]
 [2 0 0 4 0 0 0 0 3]
 [0 6 0 9 0 0 8 0 0]]
Solution:
[[0 7 2 6 9 0 5 3 8]
 [8 6 5 3 1 2 9 0 4]
 [4 9 3 7 8 0 6 1 0]
 [0 1 7 8 5 3 2 6 9]
 [9 5 6 2 7 4 3 8 1]
 [3 2 0 0 6 9 4 7 0]
 [1 4 8 0 0 5 7 9 2]
 [2 0 0 1 3 7 8 4 6]
 [7 3 9 4 2 6 1 0 5]]
Number of cells unfilled: 14
Accuracy: 82.71604938271605
Sample: 36807
Question:
[[0 0 0 9 3 0 1 5 0]
 [1 0 0 0 5 0 0 0 6]
 [0 0 0 0 0 0 0 0 0]
 [0 1 6 5 0 0 0 0 2]
 [0 7 0 0 0 3 0 4 0]
 [0 0 2 0 6 0 0 0 0]
 [3 0 0 8 4 0 0 2 0]
 [0 0 1 0 0 0 9 8 0]
 [0 8 7 0 9 5 0 0 3]]
Solution:
[[0 0 2 6 4 0 5 3 8]
 [8 7 5 3 1 2 9 0 4]
 [4 9 3 7 8 0 6 1 0]
 [0 1 7 8 5 3 2 6 9]
 [9 5 6 2 7 4 3 8 1]
 [3 2 0 0 6 9 4 7 0]
 [1 4 8 0 0 5 7 9 2]
 [2 0 0 1 3 7 8 4 6]
 [7 3 9 4 2 6 1 0 5]]
Number of cells unfilled: 15
Accuracy: 81.48148148148148
Sample: 36808
Question:
[[0 1 0 0 0 0 6 0 3]
 [0 2 0 0 0 0 0 5 0]
 [0 0 7 6 5 0 0 0 0]
 [0 0 5 0 0 4 3 0 0]
 [8 0 0 0 0 9 0 0 4]
 [0 0 1 2 0 0 0 9 0]
 [6 0 0 8 0 0 0 2 0]
 [0 0 8 0 0 0 0 0 6]
 [0 0 0 4 0 7 8 3 0]]
Solution:
[[0 0 2 6 9 0 5 3 8]
 [8 7 5 3 1 2 9 0 4]
 [4 9 3 7 8 0 6 1 0]
 [0 1 7 8 5 3 2 6 9]
 [9 5 6 2 7 4 3 8 1]
 [3 2 0 0 6 9 4 7 0]
 [1 4 8 0 0 5 7 9 2]
 [2 0 0 1 3 7 8 4 6]
 [7 3 9 4 2 6 1 0 5]]
Number of cells unfilled: 15
Accuracy: 81.48148148148148
Sample: 36809
Question:
[[6 0 0 0 0 7 3 0 0]
 [0 0 3 0 0 0 0 5 0]
 [0 8 0 0 2 0 0 0 6]
 [0 0 0 9 0 2 0 0 0]
 [9 0 7 0 0 0 0 0 0]
 [0 5 0 0 6 0 0 0 4]
 [0 1 0 0 0 5 0 6 0]
 [0 0 0 0 1 0 4 8 0]
 [0 0 4 2 0 0 0 0 1]]
Solution:
[[0 7 2 6 9 0 5 3 8]
 [8 6 5 3 1 2 9 0 4]
 [4 9 3 7 8 0 6 1 0]
 [0 1 7 8 5 3 2 6 9]
 [9 5 6 2 7 4 3 8 1]
 [3 2 0 0 6 9 4 7 0]
 [1 4 8 0 0 5 7 9 2]
 [2 0 0 1 3 7 8 4 6]
 [7 3 9 4 2 6 1 0 5]]
Number of cells unfilled: 14
Accuracy: 82.71604938271605
Sample: 36810
Question:
[[1 2 8 0 0 0 0 0 0]
 [4 0 6 0 9 0 0 0 3]
 [0 3 0 0 0 5 0 0 0]
 [0 8 0 0 0 0 0 0 0]
 [0 0 2 0 0 9 0 1 8]
 [6 0 0 7 0 0 0 9 0]
 [0 0 1 0 0 7 6 3 5]
 [0 0 7 0 0 0 9 0 0]
 [2 6 3 0 0 0 0 0 0]]
Solution:
[[0 0 1 6 9 0 5 3 8]
 [8 7 5 3 1 2 9 0 4]
 [4 9 3 7 8 0 6 1 0]
 [0 1 7 8 5 3 2 6 9]
 [9 5 6 2 7 4 3 8 1]
 [3 2 0 0 6 9 4 7 0]
 [1 4 8 0 0 5 7 9 2]
 [2 0 0 1 3 7 8 4 6]
 [7 3 9 4 2 6 1 0 5]]
Number of cells unfilled: 15
Accuracy: 81.48148148148148
Sample: 36811
Question:
[[0 0 0 0 5 0 9 0 0]
 [0 0 2 0 0 9 0 7 0]
 [4 9 0 3 0 0 0 0 1]
 [0 0 8 0 3 0 0 0 0]
 [0 4 0 0 0 2 0 0 8]
 [2 7 0 0 0 0 0 3 0]
 [0 0 4 0 0 3 0 8 0]
 [0 0 0 1 0 0 6 0 0]
 [6 0 0 0 9 0 0 0 5]]
Solution:
[[0 0 2 6 9 0 5 3 8]
 [8 7 5 3 1 2 9 0 4]
 [4 9 3 7 8 0 6 1 0]
 [0 1 7 8 5 3 2 6 9]
 [9 5 6 2 7 4 3 8 1]
 [3 2 0 0 6 9 4 7 0]
 [1 4 8 0 0 5 7 9 2]
 [2 0 0 1 3 7 8 4 6]
 [7 3 9 4 2 6 1 0 5]]
Number of cells unfilled: 15
Accuracy: 81.48148148148148
Sample: 36812
Question:
[[0 0 0 1 3 0 0 0 0]
 [0 0 0 0 0 0 0 0 6]
 [0 9 0 0 0 4 8 0 0]
 [9 0 0 0 4 0 2 0 0]
 [0 4 0 0 1 0 0 0 0]
 [2 0 8 0 0 9 0 0 0]
 [5 0 0 7 0 0 0 0 8]
 [0 8 0 0 0 1 9 0 0]
 [0 2 0 0 0 8 1 7 0]]
Solution:
[[0 7 2 6 9 0 5 3 8]
 [8 6 5 3 1 2 9 0 4]
 [4 9 3 7 8 0 6 1 0]
 [0 1 7 8 5 3 2 6 9]
 [9 5 6 2 7 4 3 8 1]
 [3 2 0 0 6 9 4 7 0]
 [1 4 8 0 0 5 7 9 2]
 [2 0 0 1 3 7 8 4 6]
 [7 3 9 4 2 6 1 0 5]]
Number of cells unfilled: 14
Accuracy: 82.71604938271605
Sample: 36813
Question:
[[0 0 6 0 9 0 1 0 0]
 [0 3 0 7 0 0 0 0 0]
 [9 0 0 0 0 5 0 0 0]
 [0 0 2 0 6 0 0 0 1]
 [0 7 0 2 0 9 0 0 0]
 [5 0 0 0 0 3 2 0 0]
 [0 0 4 0 8 0 0 1 0]
 [0 0 0 0 0 0 8 0 2]
 [0 0 0 9 0 1 4 0 6]]
Solution:
[[0 0 1 6 4 0 5 3 8]
 [8 7 5 3 1 2 9 0 4]
 [4 9 3 7 8 0 6 1 0]
 [0 1 7 8 5 3 2 6 9]
 [9 5 6 2 7 4 3 8 1]
 [3 2 0 0 6 9 4 7 0]
 [1 4 8 0 0 5 7 9 2]
 [2 0 0 1 3 7 8 4 6]
 [7 3 9 4 2 6 1 0 5]]
Number of cells unfilled: 15
Accuracy: 81.48148148148148
Sample: 36814
Question:
[[0 0 7 0 4 0 0 0 9]
 [0 2 0 0 0 0 6 0 0]
 [9 0 0 3 0 0 0 8 0]
 [0 0 0 0 0 5 3 0 0]
 [0 0 0 6 0 0 0 2 0]
 [4 0 0 0 9 0 0 0 5]
 [2 8 0 0 0 0 0 0 0]
 [0 0 1 0 5 0 0 0 0]
 [5 0 9 0 0 1 0 0 7]]
Solution:
[[0 7 2 6 9 0 5 3 8]
 [8 6 5 3 1 2 9 0 4]
 [4 9 3 7 8 0 6 1 0]
 [0 1 7 8 5 3 2 6 9]
 [9 5 6 2 7 4 3 8 1]
 [3 2 0 0 6 9 4 7 0]
 [1 4 8 0 0 5 7 9 2]
 [2 0 0 1 3 7 8 4 6]
 [7 3 9 4 2 6 1 0 5]]
Number of cells unfilled: 14
Accuracy: 82.71604938271605
Sample: 36815
Question:
[[0 4 0 0 0 0 0 0 0]
 [0 0 0 1 8 0 0 2 0]
 [3 0 0 5 0 0 0 0 0]
 [0 6 0 0 4 9 0 0 0]
 [0 0 0 0 0 0 0 3 0]
 [0 0 0 0 6 0 0 0 0]
 [0 0 0 0 0 0 0 0 9]
 [5 0 0 3 0 0 7 0 0]
 [0 0 0 0 0 0 4 0 6]]
Solution:
[[0 7 1 6 9 0 5 3 8]
 [8 6 5 3 1 2 9 0 4]
 [4 9 3 7 8 0 6 1 0]
 [0 1 7 8 5 3 2 6 9]
 [9 5 6 2 7 4 3 8 1]
 [3 2 0 0 6 9 4 7 0]
 [1 4 8 0 0 5 7 9 2]
 [2 0 0 1 3 7 8 4 6]
 [7 3 9 4 2 6 1 0 5]]
Number of cells unfilled: 14
Accuracy: 82.71604938271605
Sample: 36816
Question:
[[3 6 7 0 9 0 0 8 2]
 [0 0 0 0 0 0 0 9 0]
 [0 0 0 0 3 0 0 0 0]
 [0 0 9 0 6 5 0 0 4]
 [1 4 0 9 8 0 0 0 0]
 [6 0 0 0 0 0 0 0 0]
 [0 0 0 0 1 8 6 2 0]
 [9 0 0 5 2 0 1 0 0]
 [0 0 1 0 0 0 0 7 0]]
Solution:
[[0 0 2 6 4 0 5 3 8]
 [8 7 5 3 1 2 9 0 4]
 [4 9 3 7 8 0 6 1 0]
 [0 1 7 8 5 3 2 6 9]
 [9 5 6 2 7 4 3 8 1]
 [3 2 0 0 6 9 4 7 0]
 [1 4 8 0 0 5 7 9 2]
 [2 0 0 1 3 7 8 4 6]
 [7 3 9 4 2 6 1 0 5]]
Number of cells unfilled: 15
Accuracy: 81.48148148148148
Sample: 36817
Question:
[[0 0 1 2 0 0 0 0 8]
 [0 3 0 0 0 0 0 7 0]
 [8 0 0 0 0 9 3 0 0]
 [0 2 0 0 6 0 0 0 0]
 [9 0 0 0 0 4 8 0 0]
 [0 0 7 0 0 0 0 1 6]
 [0 0 0 0 0 5 0 0 3]
 [5 0 0 8 0 0 0 4 0]
 [0 0 0 4 9 0 5 0 0]]
Solution:
[[0 0 2 6 4 0 5 3 8]
 [8 7 5 3 1 2 9 0 4]
 [4 9 3 7 8 0 6 1 0]
 [0 1 7 8 5 3 2 6 9]
 [9 5 6 2 7 4 3 8 1]
 [3 2 0 0 6 9 4 7 0]
 [1 4 8 0 0 5 7 9 2]
 [2 0 0 1 3 7 8 4 6]
 [7 3 9 4 2 6 1 0 5]]
Number of cells unfilled: 15
Accuracy: 81.48148148148148
Sample: 36818
Question:
[[0 0 0 8 0 4 5 0 0]
 [5 0 0 7 2 0 8 6 0]
 [0 4 0 0 0 9 0 0 0]
 [0 1 0 0 0 0 0 5 6]
 [3 0 0 0 8 2 1 0 0]
 [0 0 0 0 0 0 0 7 0]
 [6 0 0 0 0 5 0 0 0]
 [0 0 0 0 0 0 0 3 0]
 [9 5 0 3 0 1 0 0 0]]
Solution:
[[0 0 2 6 9 0 5 3 8]
 [8 7 5 3 1 2 9 0 4]
 [4 9 3 7 8 0 6 1 0]
 [0 1 7 8 5 3 2 6 9]
 [9 5 6 2 7 4 3 8 1]
 [3 2 0 0 6 9 4 7 0]
 [1 4 8 0 0 5 7 9 2]
 [2 0 0 1 3 7 8 4 6]
 [7 3 9 4 2 6 1 0 5]]
Number of cells unfilled: 15
Accuracy: 81.48148148148148
Sample: 36819
Question:
[[0 0 0 0 1 0 0 0 0]
 [7 0 0 0 0 0 0 9 0]
 [2 0 5 0 0 0 7 0 3]
 [0 0 9 0 6 0 5 0 8]
 [0 0 3 0 0 7 6 0 0]
 [0 0 0 0 0 8 0 0 0]
 [0 4 0 0 8 0 0 2 9]
 [9 0 0 3 0 0 0 6 0]
 [3 0 0 6 7 0 8 5 0]]
Solution:
[[0 7 2 6 9 0 5 3 8]
 [8 6 5 3 1 2 9 0 4]
 [4 9 3 7 8 0 6 1 0]
 [0 1 7 8 5 3 2 6 9]
 [9 5 6 2 7 4 3 8 1]
 [3 2 0 0 6 9 4 7 0]
 [1 4 8 0 0 5 7 9 2]
 [2 0 0 1 3 7 8 4 6]
 [7 3 9 4 2 6 1 0 5]]
Number of cells unfilled: 14
Accuracy: 82.71604938271605
Sample: 36820
Question:
[[8 0 3 0 1 0 0 0 6]
 [0 0 0 0 0 3 4 0 0]
 [0 0 0 0 0 8 0 0 0]
 [0 0 6 0 0 7 0 0 0]
 [2 0 7 1 0 0 0 0 3]
 [1 5 0 0 0 0 6 0 0]
 [7 0 8 0 0 1 0 0 2]
 [0 9 0 8 2 0 0 0 0]
 [0 0 2 0 7 0 0 0 0]]
Solution:
[[0 7 2 6 9 0 5 3 8]
 [8 6 5 3 1 2 9 0 4]
 [4 9 3 7 8 0 6 1 0]
 [0 1 7 8 5 3 2 6 9]
 [9 5 6 2 7 4 3 8 1]
 [3 2 0 0 6 9 4 7 0]
 [1 4 8 0 0 5 7 9 2]
 [2 0 0 1 3 7 8 4 6]
 [7 3 9 4 2 6 1 0 5]]
Number of cells unfilled: 14
Accuracy: 82.71604938271605
Sample: 36821
Question:
[[8 0 0 0 0 0 1 0 0]
 [7 2 0 0 3 4 0 0 0]
 [9 0 1 0 6 0 0 2 7]
 [0 5 0 0 1 0 8 0 0]
 [0 7 0 5 0 9 0 3 2]
 [0 0 0 2 8 3 5 0 0]
 [0 0 4 0 0 0 0 9 8]
 [0 0 0 7 2 0 4 6 0]
 [0 3 0 0 9 0 2 1 0]]
Solution:
[[0 7 1 6 9 0 5 3 8]
 [8 6 5 3 1 2 9 0 4]
 [4 9 3 7 8 0 6 1 0]
 [0 1 7 8 5 3 2 6 9]
 [9 5 6 2 7 4 3 8 1]
 [3 2 0 0 6 9 4 7 0]
 [1 4 8 0 0 5 7 9 2]
 [2 0 0 1 3 7 8 4 6]
 [7 3 9 4 2 6 1 0 5]]
Number of cells unfilled: 14
Accuracy: 82.71604938271605
Sample: 36822
Question:
[[8 0 0 0 0 2 0 0 9]
 [0 0 0 3 0 0 8 0 0]
 [0 0 7 0 8 0 0 2 6]
 [9 0 0 0 3 0 2 0 0]
 [0 0 0 0 0 6 0 0 0]
 [0 1 3 0 0 0 0 0 5]
 [0 4 9 5 0 0 0 0 0]
 [0 8 0 0 0 4 0 1 0]
 [7 0 0 0 2 0 9 0 0]]
Solution:
[[0 0 1 6 4 0 5 3 8]
 [8 7 5 3 1 2 9 0 4]
 [4 9 3 7 8 0 6 1 0]
 [0 1 7 8 5 3 2 6 9]
 [9 5 6 2 7 4 3 8 1]
 [3 2 0 0 6 9 4 7 0]
 [1 4 8 0 0 5 7 9 2]
 [2 0 0 1 3 7 8 4 6]
 [7 3 9 4 2 6 1 0 5]]
Number of cells unfilled: 15
Accuracy: 81.48148148148148
Sample: 36823
Question:
[[0 2 0 9 0 0 0 7 0]
 [7 0 0 0 5 0 8 0 0]
 [0 0 0 0 0 0 0 0 1]
 [0 0 2 4 0 0 0 3 0]
 [3 7 0 0 0 5 0 0 0]
 [9 4 0 0 3 0 0 0 6]
 [0 0 0 0 1 0 6 0 0]
 [2 0 0 3 0 0 0 4 0]
 [0 9 0 0 0 2 0 0 8]]
Solution:
[[0 0 1 6 9 0 5 3 8]
 [8 7 5 3 1 2 9 0 4]
 [4 9 3 7 8 0 6 1 0]
 [0 1 7 8 5 3 2 6 9]
 [9 5 6 2 7 4 3 8 1]
 [3 2 0 0 6 9 4 7 0]
 [1 4 8 0 0 5 7 9 2]
 [2 0 0 1 3 7 8 4 6]
 [7 3 9 4 2 6 1 0 5]]
Number of cells unfilled: 15
Accuracy: 81.48148148148148
Sample: 36824
Question:
[[4 0 1 2 5 8 3 0 0]
 [0 3 8 0 7 0 0 0 0]
 [0 0 0 0 3 0 0 0 0]
 [0 0 4 0 0 0 1 0 3]
 [7 2 3 4 0 0 0 0 0]
 [5 0 0 0 0 0 0 0 0]
 [0 9 5 0 0 6 0 1 0]
 [0 0 0 0 0 2 0 4 9]
 [0 0 0 1 0 0 0 0 0]]
Solution:
[[0 0 2 6 4 0 5 3 8]
 [8 7 5 3 1 2 9 0 4]
 [4 9 3 7 8 0 6 1 0]
 [0 1 7 8 5 3 2 6 9]
 [9 5 6 2 7 4 3 8 1]
 [3 2 0 0 6 9 4 7 0]
 [1 4 8 0 0 5 7 9 2]
 [2 0 0 1 3 7 8 4 6]
 [7 3 9 4 2 6 1 0 5]]
Number of cells unfilled: 15
Accuracy: 81.48148148148148
Sample: 36825
Question:
[[0 0 6 0 0 8 0 1 7]
 [0 0 0 0 6 0 2 0 0]
 [0 7 0 3 0 0 0 0 0]
 [0 0 0 0 8 0 0 0 0]
 [6 0 9 0 0 0 0 4 0]
 [0 5 0 0 0 9 0 6 1]
 [0 0 5 8 0 0 0 0 0]
 [7 0 0 0 0 6 0 5 9]
 [0 6 1 5 0 0 4 0 0]]
Solution:
[[0 0 2 6 9 0 5 3 8]
 [8 7 5 3 1 2 9 0 4]
 [4 9 3 7 8 0 6 1 0]
 [0 1 7 8 5 3 2 6 9]
 [9 5 6 2 7 4 3 8 1]
 [3 2 0 0 6 9 4 7 0]
 [1 4 8 0 0 5 7 9 2]
 [2 0 0 1 3 7 8 4 6]
 [7 3 9 4 2 6 1 0 5]]
Number of cells unfilled: 15
Accuracy: 81.48148148148148
Sample: 36826
Question:
[[0 2 5 0 3 0 0 6 0]
 [0 3 0 0 7 0 0 9 0]
 [0 0 0 4 0 0 5 0 0]
 [1 0 0 2 0 0 0 0 0]
 [0 9 0 0 1 0 0 2 0]
 [2 0 0 0 0 8 6 0 1]
 [0 0 9 0 2 0 3 0 6]
 [0 6 0 0 0 7 2 0 0]
 [0 0 0 0 0 0 0 7 0]]
Solution:
[[0 7 1 6 4 0 5 3 8]
 [8 6 5 3 1 2 9 0 4]
 [4 9 3 7 8 0 6 1 0]
 [0 1 7 8 5 3 2 6 9]
 [9 5 6 2 7 4 3 8 1]
 [3 2 0 0 6 9 4 7 0]
 [1 4 8 0 0 5 7 9 2]
 [2 0 0 1 3 7 8 4 6]
 [7 3 9 4 2 6 1 0 5]]
Number of cells unfilled: 14
Accuracy: 82.71604938271605
Sample: 36827
Question:
[[8 0 0 6 0 0 0 0 0]
 [0 0 4 0 0 5 0 0 1]
 [0 3 0 2 0 0 0 0 0]
 [0 0 5 0 0 9 1 0 0]
 [3 0 0 0 0 0 0 9 4]
 [0 0 0 0 2 0 0 5 7]
 [0 6 0 0 0 0 0 0 5]
 [0 0 3 8 0 0 7 0 0]
 [0 0 9 0 0 7 0 1 0]]
Solution:
[[0 0 2 6 9 0 5 3 8]
 [8 7 5 3 1 2 9 0 4]
 [4 9 3 7 8 0 6 1 0]
 [0 1 7 8 5 3 2 6 9]
 [9 5 6 2 7 4 3 8 1]
 [3 2 0 0 6 9 4 7 0]
 [1 4 8 0 0 5 7 9 2]
 [2 0 0 1 3 7 8 4 6]
 [7 3 9 4 2 6 1 0 5]]
Number of cells unfilled: 15
Accuracy: 81.48148148148148
Sample: 36828
Question:
[[0 0 1 0 7 3 0 0 0]
 [0 0 9 0 0 2 4 0 0]
 [0 0 0 0 4 0 0 7 0]
 [0 9 0 0 8 0 3 0 0]
 [0 2 0 0 3 6 0 4 0]
 [0 0 0 1 0 0 9 0 0]
 [0 8 0 3 0 0 0 0 0]
 [0 0 0 7 0 0 5 0 3]
 [5 1 0 0 0 0 0 6 8]]
Solution:
[[0 0 2 6 9 0 5 3 8]
 [8 7 5 3 1 2 9 0 4]
 [4 9 3 7 8 0 6 1 0]
 [0 1 7 8 5 3 2 6 9]
 [9 5 6 2 7 4 3 8 1]
 [3 2 0 0 6 9 4 7 0]
 [1 4 8 0 0 5 7 9 2]
 [2 0 0 1 3 7 8 4 6]
 [7 3 9 4 2 6 1 0 5]]
Number of cells unfilled: 15
Accuracy: 81.48148148148148
Sample: 36829
Question:
[[0 0 5 0 0 0 0 0 8]
 [6 0 0 0 7 0 0 3 0]
 [0 2 0 0 0 0 4 0 0]
 [0 0 0 6 1 0 0 0 0]
 [7 0 0 9 0 0 0 1 0]
 [0 0 0 7 3 0 0 0 5]
 [0 8 0 0 0 0 0 0 0]
 [1 0 0 3 0 0 0 9 0]
 [0 0 4 0 6 0 2 0 0]]
Solution:
[[0 7 1 6 4 0 5 3 8]
 [8 6 5 3 1 2 9 0 4]
 [4 9 3 7 8 0 6 1 0]
 [0 1 7 8 5 3 2 6 9]
 [9 5 6 2 7 4 3 8 1]
 [3 2 0 0 6 9 4 7 0]
 [1 4 8 0 0 5 7 9 2]
 [2 0 0 1 3 7 8 4 6]
 [7 3 9 4 2 6 1 0 5]]
Number of cells unfilled: 14
Accuracy: 82.71604938271605
Sample: 36830
Question:
[[0 0 7 0 1 0 0 9 0]
 [6 0 0 0 0 0 0 0 0]
 [0 1 4 5 0 0 0 0 3]
 [0 5 6 0 3 0 0 0 1]
 [7 0 3 0 0 0 0 0 0]
 [0 0 0 0 0 5 0 2 0]
 [0 0 0 4 6 0 8 0 0]
 [0 6 5 0 0 1 0 0 4]
 [0 0 0 3 0 0 0 0 0]]
Solution:
[[0 7 2 6 9 0 5 3 8]
 [8 6 5 3 1 2 9 0 4]
 [4 9 3 7 8 0 6 1 0]
 [0 1 7 8 5 3 2 6 9]
 [9 5 6 2 7 4 3 8 1]
 [3 2 0 0 6 9 4 7 0]
 [1 4 8 0 0 5 7 9 2]
 [2 0 0 1 3 7 8 4 6]
 [7 3 9 4 2 6 1 0 5]]
Number of cells unfilled: 14
Accuracy: 82.71604938271605
Sample: 36831
Question:
[[0 8 0 9 0 4 2 0 0]
 [0 0 0 0 3 2 0 0 0]
 [0 0 5 0 0 0 0 0 9]
 [0 2 0 8 0 6 0 9 0]
 [0 0 1 0 9 3 8 0 0]
 [0 0 0 0 0 0 0 0 0]
 [0 6 0 4 0 9 0 0 8]
 [0 0 0 0 0 0 0 2 0]
 [7 0 0 0 0 0 4 6 0]]
Solution:
[[0 0 1 6 4 0 5 3 8]
 [8 7 5 3 1 2 9 0 4]
 [4 9 3 7 8 0 6 1 0]
 [0 1 7 8 5 3 2 6 9]
 [9 5 6 2 7 4 3 8 1]
 [3 2 0 0 6 9 4 7 0]
 [1 4 8 0 0 5 7 9 2]
 [2 0 0 1 3 7 8 4 6]
 [7 3 9 4 2 6 1 0 5]]
Number of cells unfilled: 15
Accuracy: 81.48148148148148
Sample: 36832
Question:
[[0 2 0 3 4 0 0 0 8]
 [0 0 0 0 0 5 0 3 0]
 [0 0 9 0 8 0 0 4 0]
 [7 0 0 0 0 0 0 0 1]
 [0 0 1 0 0 0 8 0 0]
 [0 4 0 8 1 0 0 6 0]
 [2 0 0 0 0 0 0 0 6]
 [0 1 0 4 6 0 3 0 0]
 [0 0 0 0 0 2 0 0 0]]
Solution:
[[0 7 1 6 4 0 5 3 8]
 [8 6 5 3 1 2 9 0 4]
 [4 9 3 7 8 0 6 1 0]
 [0 1 7 8 5 3 2 6 9]
 [9 5 6 2 7 4 3 8 1]
 [3 2 0 0 6 9 4 7 0]
 [1 4 8 0 0 5 7 9 2]
 [2 0 0 1 3 7 8 4 6]
 [7 3 9 4 2 6 1 0 5]]
Number of cells unfilled: 14
Accuracy: 82.71604938271605
Sample: 36833
Question:
[[0 0 0 0 0 5 0 1 0]
 [0 1 0 7 4 0 5 0 0]
 [0 0 5 3 0 0 0 0 7]
 [0 0 1 0 0 3 4 0 0]
 [9 0 0 0 2 0 0 8 0]
 [2 0 0 0 0 0 0 0 1]
 [0 0 0 0 0 0 0 6 0]
 [0 0 7 0 0 4 1 0 0]
 [0 8 0 6 0 0 0 0 9]]
Solution:
[[0 0 2 6 9 0 5 3 8]
 [8 7 5 3 1 2 9 0 4]
 [4 9 3 7 8 0 6 1 0]
 [0 1 7 8 5 3 2 6 9]
 [9 5 6 2 7 4 3 8 1]
 [3 2 0 0 6 9 4 7 0]
 [1 4 8 0 0 5 7 9 2]
 [2 0 0 1 3 7 8 4 6]
 [7 3 9 4 2 6 1 0 5]]
Number of cells unfilled: 15
Accuracy: 81.48148148148148
Sample: 36834
Question:
[[0 0 0 0 0 5 0 0 7]
 [2 0 7 0 3 9 0 0 0]
 [0 0 0 0 0 0 9 3 1]
 [6 0 1 0 0 7 0 0 0]
 [0 3 0 0 4 0 0 0 5]
 [0 0 4 0 0 2 0 0 0]
 [0 0 0 0 0 0 6 0 0]
 [0 0 0 0 5 4 0 0 2]
 [8 9 0 0 7 3 0 1 0]]
Solution:
[[0 7 1 6 9 0 5 3 8]
 [8 6 5 3 1 2 9 0 4]
 [4 9 3 7 8 0 6 1 0]
 [0 1 7 8 5 3 2 6 9]
 [9 5 6 2 7 4 3 8 1]
 [3 2 0 0 6 9 4 7 0]
 [1 4 8 0 0 5 7 9 2]
 [2 0 0 1 3 7 8 4 6]
 [7 3 9 4 2 6 1 0 5]]
Number of cells unfilled: 14
Accuracy: 82.71604938271605
Sample: 36835
Question:
[[0 0 9 0 1 0 0 4 0]
 [6 0 0 0 0 0 0 0 2]
 [0 1 0 7 0 0 8 0 0]
 [0 3 0 8 0 0 4 0 0]
 [0 0 2 0 4 0 0 9 0]
 [4 0 0 0 0 0 0 0 6]
 [0 5 0 0 7 3 0 0 0]
 [0 0 0 0 8 0 5 0 0]
 [1 0 0 5 0 0 0 0 0]]
Solution:
[[0 0 1 6 4 0 5 3 8]
 [8 7 5 3 1 2 9 0 4]
 [4 9 3 7 8 0 6 1 0]
 [0 1 7 8 5 3 2 6 9]
 [9 5 6 2 7 4 3 8 1]
 [3 2 0 0 6 9 4 7 0]
 [1 4 8 0 0 5 7 9 2]
 [2 0 0 1 3 7 8 4 6]
 [7 3 9 4 2 6 1 0 5]]
Number of cells unfilled: 15
Accuracy: 81.48148148148148
Sample: 36836
Question:
[[8 0 0 5 0 3 0 0 0]
 [0 0 0 0 8 0 0 0 0]
 [0 0 0 9 0 2 5 8 0]
 [2 0 0 0 5 0 0 9 0]
 [0 0 7 0 0 0 0 0 1]
 [0 6 0 2 0 0 4 0 0]
 [0 0 4 0 0 0 0 0 7]
 [3 0 0 0 9 0 0 4 0]
 [0 1 0 0 2 0 6 3 0]]
Solution:
[[0 0 2 6 4 0 5 3 8]
 [8 7 5 3 1 2 9 0 4]
 [4 9 3 7 8 0 6 1 0]
 [0 1 7 8 5 3 2 6 9]
 [9 5 6 2 7 4 3 8 1]
 [3 2 0 0 6 9 4 7 0]
 [1 4 8 0 0 5 7 9 2]
 [2 0 0 1 3 7 8 4 6]
 [7 3 9 4 2 6 1 0 5]]
Number of cells unfilled: 15
Accuracy: 81.48148148148148
Sample: 36837
Question:
[[5 0 0 0 0 4 0 0 0]
 [0 4 0 8 0 0 0 0 6]
 [0 0 9 0 7 0 0 0 0]
 [0 3 0 4 0 0 0 0 2]
 [0 0 0 0 0 9 1 0 0]
 [0 0 7 2 1 0 0 5 0]
 [0 0 0 6 0 0 4 2 0]
 [0 2 0 0 0 8 6 3 0]
 [0 0 0 0 0 0 0 0 8]]
Solution:
[[0 0 1 6 4 0 5 3 8]
 [8 7 5 3 1 2 9 0 4]
 [4 9 3 7 8 0 6 1 0]
 [0 1 7 8 5 3 2 6 9]
 [9 5 6 2 7 4 3 8 1]
 [3 2 0 0 6 9 4 7 0]
 [1 4 8 0 0 5 7 9 2]
 [2 0 0 1 3 7 8 4 6]
 [7 3 9 4 2 6 1 0 5]]
Number of cells unfilled: 15
Accuracy: 81.48148148148148
Sample: 36838
Question:
[[0 0 3 0 0 5 0 0 1]
 [0 0 0 0 6 0 3 0 0]
 [6 0 0 3 0 0 0 9 0]
 [0 0 8 0 0 1 2 0 3]
 [0 4 0 2 0 0 0 0 0]
 [0 0 1 0 5 0 0 4 0]
 [0 8 0 0 3 0 0 0 9]
 [1 3 0 0 0 9 7 0 0]
 [0 0 9 5 0 0 0 0 0]]
Solution:
[[0 0 1 6 4 0 5 3 8]
 [8 7 5 3 1 2 9 0 4]
 [4 9 3 7 8 0 6 1 0]
 [0 1 7 8 5 3 2 6 9]
 [9 5 6 2 7 4 3 8 1]
 [3 2 0 0 6 9 4 7 0]
 [1 4 8 0 0 5 7 9 2]
 [2 0 0 1 3 7 8 4 6]
 [7 3 9 4 2 6 1 0 5]]
Number of cells unfilled: 15
Accuracy: 81.48148148148148
Sample: 36839
Question:
[[0 8 0 0 0 0 0 9 7]
 [0 0 0 0 9 0 5 0 6]
 [0 0 0 6 0 0 1 8 0]
 [0 0 0 7 0 0 0 0 1]
 [0 0 3 1 6 0 0 4 0]
 [0 4 1 0 0 0 2 0 0]
 [4 0 0 0 7 6 0 0 0]
 [0 0 0 0 8 0 0 0 0]
 [0 9 0 5 4 3 8 0 0]]
Solution:
[[0 0 2 6 4 0 5 3 8]
 [8 7 5 3 1 2 9 0 4]
 [4 9 3 7 8 0 6 1 0]
 [0 1 7 8 5 3 2 6 9]
 [9 5 6 2 7 4 3 8 1]
 [3 2 0 0 6 9 4 7 0]
 [1 4 8 0 0 5 7 9 2]
 [2 0 0 1 3 7 8 4 6]
 [7 3 9 4 2 6 1 0 5]]
Number of cells unfilled: 15
Accuracy: 81.48148148148148
Sample: 36840
Question:
[[0 0 0 0 5 0 0 0 8]
 [0 0 0 0 0 1 0 2 0]
 [9 0 0 4 0 0 7 0 0]
 [7 0 0 3 0 0 6 0 0]
 [0 9 0 0 0 0 0 0 0]
 [6 3 0 0 7 8 0 0 0]
 [0 7 0 6 0 0 4 0 0]
 [0 0 4 0 2 0 0 1 0]
 [0 0 0 0 0 0 0 0 5]]
Solution:
[[0 0 1 6 9 0 5 3 8]
 [8 7 5 3 1 2 9 0 4]
 [4 9 3 7 8 0 6 1 0]
 [0 1 7 8 5 3 2 6 9]
 [9 5 6 2 7 4 3 8 1]
 [3 2 0 0 6 9 4 7 0]
 [1 4 8 0 0 5 7 9 2]
 [2 0 0 1 3 7 8 4 6]
 [7 3 9 4 2 6 1 0 5]]
Number of cells unfilled: 15
Accuracy: 81.48148148148148
Sample: 36841
Question:
[[0 0 6 1 0 0 0 0 0]
 [0 0 0 0 0 3 0 4 0]
 [0 7 0 0 5 0 1 0 8]
 [0 5 0 2 0 0 0 0 0]
 [4 0 2 0 8 0 5 0 0]
 [7 0 8 0 0 0 2 0 4]
 [0 8 0 0 2 0 4 0 7]
 [0 0 0 0 0 9 0 0 0]
 [2 0 0 0 0 0 0 1 0]]
Solution:
[[0 7 1 6 9 0 5 3 8]
 [8 6 5 3 1 2 9 0 4]
 [4 9 3 7 8 0 6 1 0]
 [0 1 7 8 5 3 2 6 9]
 [9 5 6 2 7 4 3 8 1]
 [3 2 0 0 6 9 4 7 0]
 [1 4 8 0 0 5 7 9 2]
 [2 0 0 1 3 7 8 4 6]
 [7 3 9 4 2 6 1 0 5]]
Number of cells unfilled: 14
Accuracy: 82.71604938271605
Sample: 36842
Question:
[[0 1 0 4 0 0 0 0 0]
 [7 0 0 0 0 8 2 0 0]
 [0 0 9 0 6 0 0 0 0]
 [0 6 0 0 1 0 0 0 0]
 [3 0 0 0 0 2 0 5 0]
 [0 0 4 9 0 0 0 0 0]
 [8 0 0 0 0 0 3 7 0]
 [0 0 0 0 0 3 0 8 2]
 [0 0 3 0 0 0 0 0 4]]
Solution:
[[0 7 2 6 4 0 5 3 8]
 [8 6 5 3 1 2 9 0 4]
 [4 9 3 7 8 0 6 1 0]
 [0 1 7 8 5 3 2 6 9]
 [9 5 6 2 7 4 3 8 1]
 [3 2 0 0 6 9 4 7 0]
 [1 4 8 0 0 5 7 9 2]
 [2 0 0 1 3 7 8 4 6]
 [7 3 9 4 2 6 1 0 5]]
Number of cells unfilled: 14
Accuracy: 82.71604938271605
Sample: 36843
Question:
[[0 4 0 3 0 0 9 0 0]
 [0 0 0 0 0 1 0 0 5]
 [0 0 0 0 7 0 0 6 0]
 [0 0 0 0 6 0 0 0 1]
 [9 0 0 8 0 0 2 0 0]
 [0 0 0 0 0 5 0 7 0]
 [0 2 0 0 0 0 3 0 0]
 [4 0 1 0 0 3 0 0 0]
 [3 8 0 2 0 0 0 0 0]]
Solution:
[[0 7 2 6 4 0 5 3 8]
 [8 6 5 3 1 2 9 0 4]
 [4 9 3 7 8 0 6 1 0]
 [0 1 7 8 5 3 2 6 9]
 [9 5 6 2 7 4 3 8 1]
 [3 2 0 0 6 9 4 7 0]
 [1 4 8 0 0 5 7 9 2]
 [2 0 0 1 3 7 8 4 6]
 [7 3 9 4 2 6 1 0 5]]
Number of cells unfilled: 14
Accuracy: 82.71604938271605
Sample: 36844
Question:
[[0 9 0 0 0 0 5 0 0]
 [0 0 3 0 0 4 0 0 2]
 [6 0 0 0 1 0 0 0 0]
 [1 0 0 9 0 0 0 0 0]
 [0 0 4 0 0 7 0 0 3]
 [0 5 0 0 0 0 6 0 0]
 [0 0 8 0 2 0 3 7 0]
 [0 0 0 0 7 0 0 0 4]
 [0 0 0 0 0 3 8 2 0]]
Solution:
[[0 7 2 6 4 0 5 3 8]
 [8 6 5 3 1 2 9 0 4]
 [4 9 3 7 8 0 6 1 0]
 [0 1 7 8 5 3 2 6 9]
 [9 5 6 2 7 4 3 8 1]
 [3 2 0 0 6 9 4 7 0]
 [1 4 8 0 0 5 7 9 2]
 [2 0 0 1 3 7 8 4 6]
 [7 3 9 4 2 6 1 0 5]]
Number of cells unfilled: 14
Accuracy: 82.71604938271605
Sample: 36845
Question:
[[0 0 0 0 0 8 6 0 0]
 [0 0 0 0 2 0 5 0 9]
 [0 8 0 3 7 0 4 0 0]
 [0 0 0 7 0 0 0 0 1]
 [1 4 0 0 6 0 0 0 0]
 [0 0 6 0 0 0 7 0 0]
 [0 9 2 0 0 0 0 0 0]
 [0 0 0 0 3 0 8 0 0]
 [0 1 8 5 0 0 0 3 0]]
Solution:
[[0 7 2 6 4 0 5 3 8]
 [8 6 5 3 1 2 9 0 4]
 [4 9 3 7 8 0 6 1 0]
 [0 1 7 8 5 3 2 6 9]
 [9 5 6 2 7 4 3 8 1]
 [3 2 0 0 6 9 4 7 0]
 [1 4 8 0 0 5 7 9 2]
 [2 0 0 1 3 7 8 4 6]
 [7 3 9 4 2 6 1 0 5]]
Number of cells unfilled: 14
Accuracy: 82.71604938271605
Sample: 36846
Question:
[[5 0 0 0 7 0 0 0 0]
 [0 0 0 0 0 4 1 0 0]
 [6 0 0 9 0 0 0 7 0]
 [0 0 0 0 2 0 0 8 0]
 [7 0 0 0 0 0 3 0 9]
 [9 8 0 0 0 0 4 0 0]
 [0 9 0 0 3 0 0 0 0]
 [8 0 0 0 0 5 7 2 6]
 [4 0 0 0 0 8 0 0 0]]
Solution:
[[0 0 1 6 4 0 5 3 8]
 [8 7 5 3 1 2 9 0 4]
 [4 9 3 7 8 0 6 1 0]
 [0 1 7 8 5 3 2 6 9]
 [9 5 6 2 7 4 3 8 1]
 [3 2 0 0 6 9 4 7 0]
 [1 4 8 0 0 5 7 9 2]
 [2 0 0 1 3 7 8 4 6]
 [7 3 9 4 2 6 1 0 5]]
Number of cells unfilled: 15
Accuracy: 81.48148148148148
Sample: 36847
Question:
[[0 0 0 0 0 0 0 5 0]
 [0 6 3 0 9 0 1 0 0]
 [8 0 7 0 0 0 0 0 2]
 [0 0 0 4 0 0 0 0 0]
 [0 4 0 5 0 0 0 0 1]
 [9 8 6 0 0 2 0 0 0]
 [0 7 0 3 6 0 9 0 0]
 [0 0 8 0 0 0 4 0 0]
 [0 9 0 0 0 4 0 3 6]]
Solution:
[[0 7 1 6 4 0 5 3 8]
 [8 6 5 3 1 2 9 0 4]
 [4 9 3 7 8 0 6 1 0]
 [0 1 7 8 5 3 2 6 9]
 [9 5 6 2 7 4 3 8 1]
 [3 2 0 0 6 9 4 7 0]
 [1 4 8 0 0 5 7 9 2]
 [2 0 0 1 3 7 8 4 6]
 [7 3 9 4 2 6 1 0 5]]
Number of cells unfilled: 14
Accuracy: 82.71604938271605
Sample: 36848
Question:
[[0 0 0 0 0 0 3 0 0]
 [0 0 1 9 0 0 0 0 0]
 [9 0 0 0 0 7 0 4 0]
 [0 0 0 4 0 2 0 0 3]
 [2 0 0 0 7 0 0 5 0]
 [0 0 7 5 0 0 8 0 0]
 [0 8 9 0 6 0 0 0 0]
 [4 0 0 0 0 5 1 0 0]
 [5 0 0 7 0 0 0 6 0]]
Solution:
[[0 7 2 6 9 0 5 3 8]
 [8 6 5 3 1 2 9 0 4]
 [4 9 3 7 8 0 6 1 0]
 [0 1 7 8 5 3 2 6 9]
 [9 5 6 2 7 4 3 8 1]
 [3 2 0 0 6 9 4 7 0]
 [1 4 8 0 0 5 7 9 2]
 [2 0 0 1 3 7 8 4 6]
 [7 3 9 4 2 6 1 0 5]]
Number of cells unfilled: 14
Accuracy: 82.71604938271605
Sample: 36849
Question:
[[0 9 0 0 0 5 0 2 0]
 [0 0 0 0 0 0 0 0 1]
 [0 0 5 0 3 0 0 4 0]
 [7 0 0 4 5 0 0 0 0]
 [0 6 0 0 7 2 0 0 3]
 [0 0 9 0 0 6 0 7 0]
 [0 8 2 0 0 0 1 0 0]
 [9 0 0 0 0 8 0 6 0]
 [0 0 6 0 0 0 0 0 4]]
Solution:
[[0 0 1 6 9 0 5 3 8]
 [8 7 5 3 1 2 9 0 4]
 [4 9 3 7 8 0 6 1 0]
 [0 1 7 8 5 3 2 6 9]
 [9 5 6 2 7 4 3 8 1]
 [3 2 0 0 6 9 4 7 0]
 [1 4 8 0 0 5 7 9 2]
 [2 0 0 1 3 7 8 4 6]
 [7 3 9 4 2 6 1 0 5]]
Number of cells unfilled: 15
Accuracy: 81.48148148148148
Sample: 36850
Question:
[[3 0 0 0 1 0 7 0 4]
 [6 2 0 9 0 0 8 0 0]
 [0 0 8 6 0 7 3 0 9]
 [0 0 0 3 0 5 0 0 0]
 [0 0 9 0 6 1 4 0 0]
 [8 0 0 0 2 0 0 5 7]
 [0 0 2 0 4 0 0 0 1]
 [0 6 0 0 9 8 0 0 2]
 [5 4 0 2 0 0 9 0 3]]
Solution:
[[0 7 1 6 9 0 5 3 8]
 [8 6 5 3 1 2 9 0 4]
 [4 9 3 7 8 0 6 1 0]
 [0 1 7 8 5 3 2 6 9]
 [9 5 6 2 7 4 3 8 1]
 [3 2 0 0 6 9 4 7 0]
 [1 4 8 0 0 5 7 9 2]
 [2 0 0 1 3 7 8 4 6]
 [7 3 9 4 2 6 1 0 5]]
Number of cells unfilled: 14
Accuracy: 82.71604938271605
Sample: 36851
Question:
[[5 0 0 0 0 3 0 6 4]
 [0 0 0 0 0 0 2 0 0]
 [0 0 0 0 7 0 0 9 5]
 [0 5 0 0 9 2 4 0 0]
 [0 0 0 0 0 1 0 0 0]
 [2 0 7 0 0 0 0 0 3]
 [9 0 1 0 6 0 0 4 0]
 [0 0 0 8 0 0 0 0 2]
 [4 0 0 0 3 5 0 0 6]]
Solution:
[[0 7 1 6 4 0 5 3 8]
 [8 6 5 3 1 2 9 0 4]
 [4 9 3 7 8 0 6 1 0]
 [0 1 7 8 5 3 2 6 9]
 [9 5 6 2 7 4 3 8 1]
 [3 2 0 0 6 9 4 7 0]
 [1 4 8 0 0 5 7 9 2]
 [2 0 0 1 3 7 8 4 6]
 [7 3 9 4 2 6 1 0 5]]
Number of cells unfilled: 14
Accuracy: 82.71604938271605
Sample: 36852
Question:
[[0 0 0 0 1 0 0 0 5]
 [0 8 0 0 0 0 0 0 0]
 [6 0 0 3 0 0 9 7 0]
 [3 0 0 7 0 0 0 1 9]
 [0 0 2 0 4 0 0 0 0]
 [7 0 0 1 0 0 0 6 0]
 [0 7 6 8 0 0 0 0 0]
 [0 0 0 0 0 0 0 8 0]
 [8 0 0 0 3 1 0 0 0]]
Solution:
[[0 0 2 6 4 0 5 3 8]
 [8 7 5 3 1 2 9 0 4]
 [4 9 3 7 8 0 6 1 0]
 [0 1 7 8 5 3 2 6 9]
 [9 5 6 2 7 4 3 8 1]
 [3 2 0 0 6 9 4 7 0]
 [1 4 8 0 0 5 7 9 2]
 [2 0 0 1 3 7 8 4 6]
 [7 3 9 4 2 6 1 0 5]]
Number of cells unfilled: 15
Accuracy: 81.48148148148148
Sample: 36853
Question:
[[2 0 0 0 6 0 8 0 3]
 [0 0 0 7 0 0 0 5 0]
 [0 0 0 8 0 4 0 0 0]
 [8 0 0 0 0 6 1 0 9]
 [4 0 0 0 0 0 6 0 7]
 [0 0 0 0 0 0 2 0 0]
 [9 0 6 1 0 0 0 0 0]
 [3 0 4 5 0 9 0 0 0]
 [1 5 0 0 4 0 0 0 0]]
Solution:
[[0 0 2 6 4 0 5 3 8]
 [8 7 5 3 1 2 9 0 4]
 [4 9 3 7 8 0 6 1 0]
 [0 1 7 8 5 3 2 6 9]
 [9 5 6 2 7 4 3 8 1]
 [3 2 0 0 6 9 4 7 0]
 [1 4 8 0 0 5 7 9 2]
 [2 0 0 1 3 7 8 4 6]
 [7 3 9 4 2 6 1 0 5]]
Number of cells unfilled: 15
Accuracy: 81.48148148148148
Sample: 36854
Question:
[[1 0 0 0 0 3 2 0 0]
 [0 2 0 1 0 0 8 0 5]
 [5 7 3 0 0 0 0 1 0]
 [4 0 0 2 9 0 0 5 0]
 [0 0 0 0 0 0 0 0 7]
 [0 0 0 0 0 6 4 0 0]
 [3 5 0 8 1 0 0 0 0]
 [8 1 0 0 6 0 0 0 0]
 [0 4 0 0 0 0 5 0 0]]
Solution:
[[0 0 1 6 9 0 5 3 8]
 [8 7 5 3 1 2 9 0 4]
 [4 9 3 7 8 0 6 1 0]
 [0 1 7 8 5 3 2 6 9]
 [9 5 6 2 7 4 3 8 1]
 [3 2 0 0 6 9 4 7 0]
 [1 4 8 0 0 5 7 9 2]
 [2 0 0 1 3 7 8 4 6]
 [7 3 9 4 2 6 1 0 5]]
Number of cells unfilled: 15
Accuracy: 81.48148148148148
Sample: 36855
Question:
[[0 0 9 0 0 4 0 7 0]
 [3 0 0 0 8 0 5 0 0]
 [0 2 0 0 0 0 0 0 1]
 [0 0 7 4 0 0 0 6 0]
 [0 8 0 0 6 7 0 0 3]
 [6 0 0 0 9 0 7 0 0]
 [0 0 3 0 4 0 0 9 0]
 [1 0 0 0 0 9 0 0 0]
 [0 9 0 3 0 0 2 0 0]]
Solution:
[[0 7 2 6 9 0 5 3 8]
 [8 6 5 3 1 2 9 0 4]
 [4 9 3 7 8 0 6 1 0]
 [0 1 7 8 5 3 2 6 9]
 [9 5 6 2 7 4 3 8 1]
 [3 2 0 0 6 9 4 7 0]
 [1 4 8 0 0 5 7 9 2]
 [2 0 0 1 3 7 8 4 6]
 [7 3 9 4 2 6 1 0 5]]
Number of cells unfilled: 14
Accuracy: 82.71604938271605
Sample: 36856
Question:
[[4 0 0 0 0 0 8 0 0]
 [0 5 0 0 0 1 0 4 0]
 [0 0 2 5 0 0 0 0 6]
 [0 8 0 0 0 3 0 0 0]
 [0 0 9 6 0 0 0 0 7]
 [1 0 0 0 0 0 3 0 0]
 [0 0 0 0 0 0 0 0 9]
 [0 0 5 0 9 0 6 2 0]
 [9 0 0 2 0 0 5 7 0]]
Solution:
[[0 0 2 6 4 0 5 3 8]
 [8 7 5 3 1 2 9 0 4]
 [4 9 3 7 8 0 6 1 0]
 [0 1 7 8 5 3 2 6 9]
 [9 5 6 2 7 4 3 8 1]
 [3 2 0 0 6 9 4 7 0]
 [1 4 8 0 0 5 7 9 2]
 [2 0 0 1 3 7 8 4 6]
 [7 3 9 4 2 6 1 0 5]]
Number of cells unfilled: 15
Accuracy: 81.48148148148148
Sample: 36857
Question:
[[0 1 4 0 7 0 0 8 0]
 [0 0 0 0 0 4 2 0 0]
 [2 0 0 9 8 0 0 0 4]
 [0 0 6 0 0 0 3 0 0]
 [8 0 0 0 0 9 0 1 0]
 [0 5 0 0 0 0 0 0 6]
 [0 0 0 0 3 0 0 0 0]
 [7 0 0 0 0 8 0 2 0]
 [0 0 1 5 0 0 0 0 7]]
Solution:
[[0 0 2 6 4 0 5 3 8]
 [8 7 5 3 1 2 9 0 4]
 [4 9 3 7 8 0 6 1 0]
 [0 1 7 8 5 3 2 6 9]
 [9 5 6 2 7 4 3 8 1]
 [3 2 0 0 6 9 4 7 0]
 [1 4 8 0 0 5 7 9 2]
 [2 0 0 1 3 7 8 4 6]
 [7 3 9 4 2 6 1 0 5]]
Number of cells unfilled: 15
Accuracy: 81.48148148148148
Sample: 36858
Question:
[[0 0 0 0 0 0 0 7 2]
 [0 0 0 6 4 0 0 0 0]
 [0 8 0 0 1 5 0 0 0]
 [0 0 0 1 9 0 3 0 0]
 [3 9 1 0 2 0 0 8 6]
 [0 0 6 0 0 0 0 0 0]
 [0 6 0 0 0 0 0 2 0]
 [0 0 7 0 0 0 5 9 0]
 [2 5 4 0 0 9 0 0 0]]
Solution:
[[0 7 2 6 9 0 5 3 8]
 [8 6 5 3 1 2 9 0 4]
 [4 9 3 7 8 0 6 1 0]
 [0 1 7 8 5 3 2 6 9]
 [9 5 6 2 7 4 3 8 1]
 [3 2 0 0 6 9 4 7 0]
 [1 4 8 0 0 5 7 9 2]
 [2 0 0 1 3 7 8 4 6]
 [7 3 9 4 2 6 1 0 5]]
Number of cells unfilled: 14
Accuracy: 82.71604938271605
Sample: 36859
Question:
[[0 0 0 0 8 1 0 0 0]
 [9 0 8 3 0 0 0 4 0]
 [0 0 7 0 5 0 8 0 2]
 [5 0 0 2 0 0 0 0 0]
 [3 0 0 0 0 0 0 9 0]
 [0 0 0 0 1 8 0 0 0]
 [0 0 0 0 0 2 0 7 0]
 [2 0 9 0 0 6 0 1 0]
 [0 0 1 0 9 0 0 0 6]]
Solution:
[[0 7 2 6 4 0 5 3 8]
 [8 6 5 3 1 2 9 0 4]
 [4 9 3 7 8 0 6 1 0]
 [0 1 7 8 5 3 2 6 9]
 [9 5 6 2 7 4 3 8 1]
 [3 2 0 0 6 9 4 7 0]
 [1 4 8 0 0 5 7 9 2]
 [2 0 0 1 3 7 8 4 6]
 [7 3 9 4 2 6 1 0 5]]
Number of cells unfilled: 14
Accuracy: 82.71604938271605
Sample: 36860
Question:
[[0 3 0 0 7 0 1 0 0]
 [0 0 0 0 0 3 0 6 9]
 [0 0 9 0 1 0 0 0 0]
 [0 0 6 1 0 0 9 0 0]
 [0 5 0 8 0 0 0 0 0]
 [8 0 3 0 0 7 6 0 0]
 [0 0 7 0 0 1 3 0 0]
 [0 2 0 0 5 0 0 0 6]
 [0 0 0 0 0 0 0 4 0]]
Solution:
[[0 0 2 6 9 0 5 3 8]
 [8 7 5 3 1 2 9 0 4]
 [4 9 3 7 8 0 6 1 0]
 [0 1 7 8 5 3 2 6 9]
 [9 5 6 2 7 4 3 8 1]
 [3 2 0 0 6 9 4 7 0]
 [1 4 8 0 0 5 7 9 2]
 [2 0 0 1 3 7 8 4 6]
 [7 3 9 4 2 6 1 0 5]]
Number of cells unfilled: 15
Accuracy: 81.48148148148148
Sample: 36861
Question:
[[0 0 0 8 6 0 0 0 0]
 [0 0 6 0 5 7 0 0 2]
 [0 7 0 2 0 0 0 0 0]
 [0 6 0 0 0 1 0 0 5]
 [2 0 5 0 0 0 9 0 0]
 [0 0 1 0 0 0 0 2 0]
 [0 0 0 4 0 0 0 0 0]
 [0 0 2 0 0 8 0 3 0]
 [6 0 0 0 7 2 0 0 1]]
Solution:
[[0 0 2 6 4 0 5 3 8]
 [8 7 5 3 1 2 9 0 4]
 [4 9 3 7 8 0 6 1 0]
 [0 1 7 8 5 3 2 6 9]
 [9 5 6 2 7 4 3 8 1]
 [3 2 0 0 6 9 4 7 0]
 [1 4 8 0 0 5 7 9 2]
 [2 0 0 1 3 7 8 4 6]
 [7 3 9 4 2 6 1 0 5]]
Number of cells unfilled: 15
Accuracy: 81.48148148148148
Sample: 36862
Question:
[[6 0 0 0 3 0 0 0 0]
 [0 7 0 1 2 0 0 0 4]
 [0 0 2 0 0 8 0 0 0]
 [0 0 5 0 0 0 0 9 0]
 [0 0 0 0 0 0 0 7 0]
 [0 9 0 2 7 0 4 0 0]
 [0 2 0 9 1 0 0 4 0]
 [0 0 0 0 0 0 1 0 0]
 [0 0 0 4 0 3 2 0 0]]
Solution:
[[0 7 2 6 9 0 5 3 8]
 [8 6 5 3 1 2 9 0 4]
 [4 9 3 7 8 0 6 1 0]
 [0 1 7 8 5 3 2 6 9]
 [9 5 6 2 7 4 3 8 1]
 [3 2 0 0 6 9 4 7 0]
 [1 4 8 0 0 5 7 9 2]
 [2 0 0 1 3 7 8 4 6]
 [7 3 9 4 2 6 1 0 5]]
Number of cells unfilled: 14
Accuracy: 82.71604938271605
Sample: 36863
Question:
[[0 0 0 0 3 0 0 0 9]
 [0 0 1 0 5 0 0 0 0]
 [7 0 0 4 0 0 0 6 0]
 [0 7 0 2 0 0 6 0 4]
 [4 0 0 0 0 0 0 0 5]
 [0 0 2 0 0 0 0 7 0]
 [5 0 0 6 0 0 0 4 0]
 [2 0 0 3 0 0 0 5 6]
 [0 8 0 0 0 0 3 0 0]]
Solution:
[[0 0 2 6 4 0 5 3 8]
 [8 7 5 3 1 2 9 0 4]
 [4 9 3 7 8 0 6 1 0]
 [0 1 7 8 5 3 2 6 9]
 [9 5 6 2 7 4 3 8 1]
 [3 2 0 0 6 9 4 7 0]
 [1 4 8 0 0 5 7 9 2]
 [2 0 0 1 3 7 8 4 6]
 [7 3 9 4 2 6 1 0 5]]
Number of cells unfilled: 15
Accuracy: 81.48148148148148
Sample: 36864
Question:
[[0 3 0 4 0 2 0 9 0]
 [0 0 0 0 9 0 3 0 0]
 [0 0 0 0 0 1 0 0 2]
 [0 2 0 0 4 0 0 0 9]
 [0 0 4 0 0 0 6 0 0]
 [8 0 0 0 0 5 0 0 0]
 [0 0 0 8 0 0 0 7 0]
 [7 8 0 0 1 4 0 0 3]
 [0 4 5 0 2 0 0 0 1]]
Solution:
[[0 0 1 6 9 0 5 3 8]
 [8 7 5 3 1 2 9 0 4]
 [4 9 3 7 8 0 6 1 0]
 [0 1 7 8 5 3 2 6 9]
 [9 5 6 2 7 4 3 8 1]
 [3 2 0 0 6 9 4 7 0]
 [1 4 8 0 0 5 7 9 2]
 [2 0 0 1 3 7 8 4 6]
 [7 3 9 4 2 6 1 0 5]]
Number of cells unfilled: 15
Accuracy: 81.48148148148148
Sample: 36865
Question:
[[0 0 0 0 7 0 0 0 8]
 [0 0 4 0 0 8 0 5 0]
 [0 8 0 2 0 0 9 0 0]
 [3 0 0 0 6 0 0 0 0]
 [0 1 0 7 0 0 0 9 0]
 [0 0 5 0 0 1 4 0 0]
 [0 0 1 0 3 0 0 2 0]
 [0 2 0 0 0 5 7 0 0]
 [6 0 0 1 0 0 0 0 9]]
Solution:
[[0 0 2 6 4 0 5 3 8]
 [8 7 5 3 1 2 9 0 4]
 [4 9 3 7 8 0 6 1 0]
 [0 1 7 8 5 3 2 6 9]
 [9 5 6 2 7 4 3 8 1]
 [3 2 0 0 6 9 4 7 0]
 [1 4 8 0 0 5 7 9 2]
 [2 0 0 1 3 7 8 4 6]
 [7 3 9 4 2 6 1 0 5]]
Number of cells unfilled: 15
Accuracy: 81.48148148148148
Sample: 36866
Question:
[[3 0 0 9 0 0 0 0 0]
 [0 0 4 0 7 0 0 0 9]
 [0 0 0 6 0 4 8 0 0]
 [0 3 0 0 0 7 5 0 0]
 [0 0 6 5 0 0 0 0 4]
 [5 0 0 0 0 0 0 2 0]
 [2 0 0 7 0 0 1 0 0]
 [0 0 5 0 0 9 0 0 7]
 [0 1 0 0 5 0 0 8 0]]
Solution:
[[0 7 1 6 4 0 5 3 8]
 [8 6 5 3 1 2 9 0 4]
 [4 9 3 7 8 0 6 1 0]
 [0 1 7 8 5 3 2 6 9]
 [9 5 6 2 7 4 3 8 1]
 [3 2 0 0 6 9 4 7 0]
 [1 4 8 0 0 5 7 9 2]
 [2 0 0 1 3 7 8 4 6]
 [7 3 9 4 2 6 1 0 5]]
Number of cells unfilled: 14
Accuracy: 82.71604938271605
Sample: 36867
Question:
[[0 7 0 0 0 5 1 0 0]
 [0 9 0 0 6 0 0 0 0]
 [0 0 4 1 0 0 0 9 7]
 [6 0 0 7 0 0 0 0 3]
 [8 0 5 0 0 0 0 0 0]
 [0 0 0 3 0 0 0 5 9]
 [0 0 6 0 0 1 2 0 0]
 [0 0 2 0 0 6 3 4 0]
 [0 0 0 0 0 0 0 0 8]]
Solution:
[[0 7 2 6 9 0 5 3 8]
 [8 6 5 3 1 2 9 0 4]
 [4 9 3 7 8 0 6 1 0]
 [0 1 7 8 5 3 2 6 9]
 [9 5 6 2 7 4 3 8 1]
 [3 2 0 0 6 9 4 7 0]
 [1 4 8 0 0 5 7 9 2]
 [2 0 0 1 3 7 8 4 6]
 [7 3 9 4 2 6 1 0 5]]
Number of cells unfilled: 14
Accuracy: 82.71604938271605
Sample: 36868
Question:
[[0 5 0 7 0 0 0 0 4]
 [8 0 0 0 1 0 6 0 0]
 [0 0 6 0 2 0 3 0 0]
 [2 0 0 4 9 0 0 6 3]
 [0 0 0 3 0 0 1 0 0]
 [0 0 8 0 7 0 0 0 0]
 [0 0 9 1 0 0 0 0 0]
 [7 0 0 0 6 0 4 0 0]
 [0 0 3 8 0 0 7 0 1]]
Solution:
[[0 7 2 6 9 0 5 3 8]
 [8 6 5 3 1 2 9 0 4]
 [4 9 3 7 8 0 6 1 0]
 [0 1 7 8 5 3 2 6 9]
 [9 5 6 2 7 4 3 8 1]
 [3 2 0 0 6 9 4 7 0]
 [1 4 8 0 0 5 7 9 2]
 [2 0 0 1 3 7 8 4 6]
 [7 3 9 4 2 6 1 0 5]]
Number of cells unfilled: 14
Accuracy: 82.71604938271605
Sample: 36869
Question:
[[0 2 0 0 0 0 0 3 0]
 [0 0 0 5 0 0 0 0 0]
 [1 0 0 0 8 0 0 0 4]
 [0 0 0 4 0 0 0 0 0]
 [0 6 2 0 0 0 0 0 0]
 [0 9 4 0 0 7 1 0 2]
 [9 0 0 0 0 0 0 5 0]
 [0 5 0 0 1 6 7 9 0]
 [0 7 0 9 0 0 0 8 0]]
Solution:
[[0 7 2 6 4 0 5 3 8]
 [8 6 5 3 1 2 9 0 4]
 [4 9 3 7 8 0 6 1 0]
 [0 1 7 8 5 3 2 6 9]
 [9 5 6 2 7 4 3 8 1]
 [3 2 0 0 6 9 4 7 0]
 [1 4 8 0 0 5 7 9 2]
 [2 0 0 1 3 7 8 4 6]
 [7 3 9 4 2 6 1 0 5]]
Number of cells unfilled: 14
Accuracy: 82.71604938271605
Sample: 36870
Question:
[[0 0 8 9 0 0 0 1 0]
 [0 1 9 0 0 4 7 0 5]
 [0 2 0 0 0 1 0 0 8]
 [7 0 0 0 0 0 0 3 0]
 [0 6 0 0 0 5 0 0 2]
 [0 0 0 0 0 0 8 0 0]
 [2 0 0 5 4 0 0 0 1]
 [0 0 0 0 0 2 0 0 0]
 [0 5 0 1 6 0 0 0 0]]
Solution:
[[0 7 2 6 4 0 5 3 8]
 [8 6 5 3 1 2 9 0 4]
 [4 9 3 7 8 0 6 1 0]
 [0 1 7 8 5 3 2 6 9]
 [9 5 6 2 7 4 3 8 1]
 [3 2 0 0 6 9 4 7 0]
 [1 4 8 0 0 5 7 9 2]
 [2 0 0 1 3 7 8 4 6]
 [7 3 9 4 2 6 1 0 5]]
Number of cells unfilled: 14
Accuracy: 82.71604938271605
Sample: 36871
Question:
[[0 0 0 0 5 0 0 0 6]
 [7 0 0 4 6 1 0 8 0]
 [0 0 0 0 0 0 0 7 0]
 [0 1 3 6 0 0 0 0 4]
 [0 0 0 0 9 0 1 0 3]
 [8 0 0 0 0 0 0 0 0]
 [0 2 0 3 0 0 0 0 5]
 [0 9 1 0 0 0 0 0 0]
 [0 0 0 0 7 0 0 6 0]]
Solution:
[[0 0 2 6 9 0 5 3 8]
 [8 7 5 3 1 2 9 0 4]
 [4 9 3 7 8 0 6 1 0]
 [0 1 7 8 5 3 2 6 9]
 [9 5 6 2 7 4 3 8 1]
 [3 2 0 0 6 9 4 7 0]
 [1 4 8 0 0 5 7 9 2]
 [2 0 0 1 3 7 8 4 6]
 [7 3 9 4 2 6 1 0 5]]
Number of cells unfilled: 15
Accuracy: 81.48148148148148
Sample: 36872
Question:
[[0 0 2 0 9 0 0 0 0]
 [4 3 0 0 6 1 0 0 0]
 [9 0 0 7 0 0 0 0 0]
 [0 0 0 3 0 0 0 1 0]
 [0 6 0 2 0 4 5 0 0]
 [0 9 0 1 0 0 0 2 4]
 [0 0 0 0 0 0 7 8 0]
 [7 0 0 0 3 0 0 5 0]
 [0 1 0 0 0 0 0 9 6]]
Solution:
[[0 0 2 6 4 0 5 3 8]
 [8 7 5 3 1 2 9 0 4]
 [4 9 3 7 8 0 6 1 0]
 [0 1 7 8 5 3 2 6 9]
 [9 5 6 2 7 4 3 8 1]
 [3 2 0 0 6 9 4 7 0]
 [1 4 8 0 0 5 7 9 2]
 [2 0 0 1 3 7 8 4 6]
 [7 3 9 4 2 6 1 0 5]]
Number of cells unfilled: 15
Accuracy: 81.48148148148148
Sample: 36873
Question:
[[0 0 0 0 0 3 0 7 0]
 [0 0 0 7 1 6 0 0 9]
 [3 0 0 0 0 4 0 0 0]
 [2 0 3 6 0 0 0 0 0]
 [8 0 5 0 7 0 0 0 0]
 [7 9 0 5 0 0 1 0 0]
 [0 0 8 0 4 9 0 0 2]
 [0 0 0 0 0 0 8 0 3]
 [0 0 0 0 2 7 0 1 0]]
Solution:
[[0 0 1 6 4 0 5 3 8]
 [8 7 5 3 1 2 9 0 4]
 [4 9 3 7 8 0 6 1 0]
 [0 1 7 8 5 3 2 6 9]
 [9 5 6 2 7 4 3 8 1]
 [3 2 0 0 6 9 4 7 0]
 [1 4 8 0 0 5 7 9 2]
 [2 0 0 1 3 7 8 4 6]
 [7 3 9 4 2 6 1 0 5]]
Number of cells unfilled: 15
Accuracy: 81.48148148148148
Sample: 36874
Question:
[[0 0 5 4 0 0 0 8 0]
 [0 0 0 0 0 5 3 0 0]
 [0 0 0 0 2 8 0 0 5]
 [0 0 4 0 0 2 0 6 0]
 [9 7 0 6 0 0 0 0 1]
 [0 6 0 0 0 0 0 0 0]
 [0 3 0 0 0 0 9 0 0]
 [1 0 0 0 0 0 0 0 7]
 [0 0 6 0 4 0 0 5 0]]
Solution:
[[0 0 2 6 4 0 5 3 8]
 [8 7 5 3 1 2 9 0 4]
 [4 9 3 7 8 0 6 1 0]
 [0 1 7 8 5 3 2 6 9]
 [9 5 6 2 7 4 3 8 1]
 [3 2 0 0 6 9 4 7 0]
 [1 4 8 0 0 5 7 9 2]
 [2 0 0 1 3 7 8 4 6]
 [7 3 9 4 2 6 1 0 5]]
Number of cells unfilled: 15
Accuracy: 81.48148148148148
Sample: 36875
Question:
[[0 1 0 0 0 7 3 0 0]
 [0 0 3 1 6 0 0 0 0]
 [8 0 0 3 4 0 0 0 0]
 [0 0 9 0 0 0 0 2 0]
 [5 0 0 0 0 0 0 0 8]
 [0 3 0 0 7 0 4 0 0]
 [0 4 0 6 0 0 7 0 0]
 [0 0 0 0 0 0 0 0 4]
 [0 0 2 0 0 0 0 5 9]]
Solution:
[[0 0 2 6 4 0 5 3 8]
 [8 7 5 3 1 2 9 0 4]
 [4 9 3 7 8 0 6 1 0]
 [0 1 7 8 5 3 2 6 9]
 [9 5 6 2 7 4 3 8 1]
 [3 2 0 0 6 9 4 7 0]
 [1 4 8 0 0 5 7 9 2]
 [2 0 0 1 3 7 8 4 6]
 [7 3 9 4 2 6 1 0 5]]
Number of cells unfilled: 15
Accuracy: 81.48148148148148
Sample: 36876
Question:
[[4 0 0 9 0 0 0 0 7]
 [0 3 9 0 7 0 0 0 0]
 [0 0 7 0 0 6 0 0 0]
 [1 0 0 0 5 0 8 2 0]
 [0 0 0 0 0 0 0 0 0]
 [0 0 3 1 8 0 0 0 4]
 [0 0 0 0 2 0 5 0 0]
 [0 0 0 0 0 8 0 6 0]
 [0 4 0 7 0 0 0 0 1]]
Solution:
[[0 7 2 6 4 0 5 3 8]
 [8 6 5 3 1 2 9 0 4]
 [4 9 3 7 8 0 6 1 0]
 [0 1 7 8 5 3 2 6 9]
 [9 5 6 2 7 4 3 8 1]
 [3 2 0 0 6 9 4 7 0]
 [1 4 8 0 0 5 7 9 2]
 [2 0 0 1 3 7 8 4 6]
 [7 3 9 4 2 6 1 0 5]]
Number of cells unfilled: 14
Accuracy: 82.71604938271605
Sample: 36877
Question:
[[0 5 0 6 0 0 9 0 0]
 [3 0 0 0 0 2 0 0 1]
 [0 0 0 0 7 0 0 8 0]
 [0 2 0 0 0 0 0 0 0]
 [6 0 0 9 0 0 3 0 0]
 [0 0 5 0 0 1 0 0 4]
 [0 4 0 5 0 0 1 0 0]
 [0 0 0 0 8 0 0 7 0]
 [5 0 0 0 0 3 0 0 6]]
Solution:
[[0 0 1 6 9 0 5 3 8]
 [8 7 5 3 1 2 9 0 4]
 [4 9 3 7 8 0 6 1 0]
 [0 1 7 8 5 3 2 6 9]
 [9 5 6 2 7 4 3 8 1]
 [3 2 0 0 6 9 4 7 0]
 [1 4 8 0 0 5 7 9 2]
 [2 0 0 1 3 7 8 4 6]
 [7 3 9 4 2 6 1 0 5]]
Number of cells unfilled: 15
Accuracy: 81.48148148148148
Sample: 36878
Question:
[[0 6 0 1 0 0 0 8 0]
 [3 0 0 0 8 0 9 0 0]
 [0 0 8 0 0 4 0 0 3]
 [0 0 0 0 0 1 2 0 9]
 [0 7 0 0 0 0 0 0 5]
 [9 0 0 0 5 0 0 3 0]
 [0 0 7 5 0 0 0 0 0]
 [0 4 0 0 0 6 0 0 0]
 [5 0 0 0 2 0 0 0 8]]
Solution:
[[0 0 2 6 9 0 5 3 8]
 [8 7 5 3 1 2 9 0 4]
 [4 9 3 7 8 0 6 1 0]
 [0 1 7 8 5 3 2 6 9]
 [9 5 6 2 7 4 3 8 1]
 [3 2 0 0 6 9 4 7 0]
 [1 4 8 0 0 5 7 9 2]
 [2 0 0 1 3 7 8 4 6]
 [7 3 9 4 2 6 1 0 5]]
Number of cells unfilled: 15
Accuracy: 81.48148148148148
Sample: 36879
Question:
[[9 0 0 0 0 2 0 0 4]
 [0 2 0 0 6 0 0 9 0]
 [0 0 4 0 0 3 1 0 0]
 [0 0 0 0 0 5 0 0 9]
 [5 0 0 1 0 0 3 0 0]
 [0 9 0 0 7 0 0 8 0]
 [2 0 9 6 0 0 0 7 0]
 [0 6 0 0 0 0 0 0 0]
 [8 0 7 0 2 0 0 0 0]]
Solution:
[[0 0 2 6 9 0 5 3 8]
 [8 7 5 3 1 2 9 0 4]
 [4 9 3 7 8 0 6 1 0]
 [0 1 7 8 5 3 2 6 9]
 [9 5 6 2 7 4 3 8 1]
 [3 2 0 0 6 9 4 7 0]
 [1 4 8 0 0 5 7 9 2]
 [2 0 0 1 3 7 8 4 6]
 [7 3 9 4 2 6 1 0 5]]
Number of cells unfilled: 15
Accuracy: 81.48148148148148
Sample: 36880
Question:
[[0 9 5 0 6 0 0 0 0]
 [0 0 0 0 0 0 0 0 0]
 [1 4 0 2 0 0 0 3 0]
 [0 0 0 6 0 0 0 0 7]
 [4 0 0 0 0 0 0 0 8]
 [0 0 8 0 7 0 1 2 3]
 [5 0 0 0 2 0 0 0 9]
 [0 0 0 0 3 1 0 7 0]
 [8 0 0 0 0 0 4 6 0]]
Solution:
[[0 0 2 6 4 0 5 3 8]
 [8 7 5 3 1 2 9 0 4]
 [4 9 3 7 8 0 6 1 0]
 [0 1 7 8 5 3 2 6 9]
 [9 5 6 2 7 4 3 8 1]
 [3 2 0 0 6 9 4 7 0]
 [1 4 8 0 0 5 7 9 2]
 [2 0 0 1 3 7 8 4 6]
 [7 3 9 4 2 6 1 0 5]]
Number of cells unfilled: 15
Accuracy: 81.48148148148148
Sample: 36881
Question:
[[5 0 0 0 0 0 0 6 0]
 [0 9 0 0 0 1 4 0 0]
 [0 0 1 5 0 0 0 9 7]
 [3 0 0 0 8 0 0 0 0]
 [0 0 5 1 0 0 2 0 0]
 [0 4 0 0 0 7 0 0 6]
 [0 0 0 7 0 0 6 0 0]
 [8 0 0 4 3 0 0 2 0]
 [0 0 0 0 0 9 0 0 4]]
Solution:
[[0 7 1 6 9 0 5 3 8]
 [8 6 5 3 1 2 9 0 4]
 [4 9 3 7 8 0 6 1 0]
 [0 1 7 8 5 3 2 6 9]
 [9 5 6 2 7 4 3 8 1]
 [3 2 0 0 6 9 4 7 0]
 [1 4 8 0 0 5 7 9 2]
 [2 0 0 1 3 7 8 4 6]
 [7 3 9 4 2 6 1 0 5]]
Number of cells unfilled: 14
Accuracy: 82.71604938271605
Sample: 36882
Question:
[[0 0 0 0 8 0 4 0 3]
 [0 0 4 0 0 3 0 7 2]
 [0 7 3 0 0 0 6 0 0]
 [7 0 0 0 1 0 0 6 0]
 [0 0 0 0 0 4 0 0 5]
 [0 2 0 9 0 0 0 8 0]
 [0 9 0 2 0 0 0 0 0]
 [0 0 0 0 0 6 5 0 0]
 [1 0 0 0 7 0 0 0 0]]
Solution:
[[0 0 1 6 4 0 5 3 8]
 [8 7 5 3 1 2 9 0 4]
 [4 9 3 7 8 0 6 1 0]
 [0 1 7 8 5 3 2 6 9]
 [9 5 6 2 7 4 3 8 1]
 [3 2 0 0 6 9 4 7 0]
 [1 4 8 0 0 5 7 9 2]
 [2 0 0 1 3 7 8 4 6]
 [7 3 9 4 2 6 1 0 5]]
Number of cells unfilled: 15
Accuracy: 81.48148148148148
Sample: 36883
Question:
[[2 0 0 0 7 0 1 3 0]
 [5 0 0 0 2 0 9 0 0]
 [0 1 0 6 0 0 0 0 4]
 [0 0 2 0 1 0 0 0 9]
 [9 0 0 0 0 7 0 0 0]
 [0 5 1 0 0 0 7 0 0]
 [1 0 0 7 8 0 5 9 0]
 [0 8 0 0 0 0 0 0 0]
 [0 0 0 0 0 3 0 8 0]]
Solution:
[[0 7 2 6 9 0 5 3 8]
 [8 6 5 3 1 2 9 0 4]
 [4 9 3 7 8 0 6 1 0]
 [0 1 7 8 5 3 2 6 9]
 [9 5 6 2 7 4 3 8 1]
 [3 2 0 0 6 9 4 7 0]
 [1 4 8 0 0 5 7 9 2]
 [2 0 0 1 3 7 8 4 6]
 [7 3 9 4 2 6 1 0 5]]
Number of cells unfilled: 14
Accuracy: 82.71604938271605
Sample: 36884
Question:
[[0 0 4 0 5 9 2 0 0]
 [0 0 0 7 2 0 4 0 1]
 [1 9 0 6 0 0 3 0 0]
 [8 0 5 4 6 0 0 0 3]
 [9 6 0 0 0 0 0 4 0]
 [0 3 7 0 0 8 0 0 2]
 [0 8 0 3 0 2 0 7 0]
 [7 0 0 0 9 1 6 0 5]
 [0 0 9 0 0 0 0 0 0]]
Solution:
[[0 7 1 6 9 0 5 3 8]
 [8 6 5 3 1 2 9 0 4]
 [4 9 3 7 8 0 6 1 0]
 [0 1 7 8 5 3 2 6 9]
 [9 5 6 2 7 4 3 8 1]
 [3 2 0 0 6 9 4 7 0]
 [1 4 8 0 0 5 7 9 2]
 [2 0 0 1 3 7 8 4 6]
 [7 3 9 4 2 6 1 0 5]]
Number of cells unfilled: 14
Accuracy: 82.71604938271605
Sample: 36885
Question:
[[0 0 0 0 0 0 0 0 9]
 [0 4 8 7 0 0 0 6 0]
 [1 0 0 0 0 0 8 7 0]
 [7 0 0 0 0 8 1 4 0]
 [0 0 9 6 4 0 7 0 8]
 [0 0 0 0 1 0 0 9 6]
 [9 0 0 0 0 0 0 0 4]
 [0 5 0 0 9 1 0 0 0]
 [0 2 0 0 0 0 0 0 0]]
Solution:
[[0 7 1 6 9 0 5 3 8]
 [8 6 5 3 1 2 9 0 4]
 [4 9 3 7 8 0 6 1 0]
 [0 1 7 8 5 3 2 6 9]
 [9 5 6 2 7 4 3 8 1]
 [3 2 0 0 6 9 4 7 0]
 [1 4 8 0 0 5 7 9 2]
 [2 0 0 1 3 7 8 4 6]
 [7 3 9 4 2 6 1 0 5]]
Number of cells unfilled: 14
Accuracy: 82.71604938271605
Sample: 36886
Question:
[[0 0 0 0 0 0 0 3 7]
 [0 2 0 0 7 6 0 0 0]
 [0 1 0 3 0 9 0 0 2]
 [0 6 1 0 0 0 0 0 0]
 [2 0 3 6 0 0 0 9 1]
 [7 9 0 0 2 0 3 0 0]
 [0 0 9 0 0 0 0 0 0]
 [6 0 0 0 0 5 0 0 0]
 [0 0 0 0 0 8 7 6 0]]
Solution:
[[0 7 1 6 9 0 5 3 8]
 [8 6 5 3 1 2 9 0 4]
 [4 9 3 7 8 0 6 1 0]
 [0 1 7 8 5 3 2 6 9]
 [9 5 6 2 7 4 3 8 1]
 [3 2 0 0 6 9 4 7 0]
 [1 4 8 0 0 5 7 9 2]
 [2 0 0 1 3 7 8 4 6]
 [7 3 9 4 2 6 1 0 5]]
Number of cells unfilled: 14
Accuracy: 82.71604938271605
Sample: 36887
Question:
[[0 0 0 0 0 0 4 5 0]
 [0 7 0 4 1 0 6 0 9]
 [9 0 0 6 0 5 0 0 0]
 [0 3 8 0 0 0 7 0 0]
 [0 0 0 7 0 0 0 6 0]
 [0 0 0 0 4 0 1 0 0]
 [0 0 0 5 7 0 0 4 0]
 [0 0 1 0 6 0 0 0 0]
 [0 0 7 9 0 1 0 0 0]]
Solution:
[[0 7 2 6 4 0 5 3 8]
 [8 6 5 3 1 2 9 0 4]
 [4 9 3 7 8 0 6 1 0]
 [0 1 7 8 5 3 2 6 9]
 [9 5 6 2 7 4 3 8 1]
 [3 2 0 0 6 9 4 7 0]
 [1 4 8 0 0 5 7 9 2]
 [2 0 0 1 3 7 8 4 6]
 [7 3 9 4 2 6 1 0 5]]
Number of cells unfilled: 14
Accuracy: 82.71604938271605
Sample: 36888
Question:
[[0 0 0 0 0 0 7 8 0]
 [0 0 1 8 0 6 0 0 0]
 [0 4 0 0 2 0 6 0 1]
 [0 0 0 0 0 4 0 6 0]
 [0 0 4 0 7 0 2 0 0]
 [9 3 0 0 0 0 4 0 0]
 [2 0 0 7 6 0 0 0 0]
 [0 0 0 2 0 1 0 0 0]
 [0 0 0 0 4 8 0 7 0]]
Solution:
[[0 0 2 6 4 0 5 3 8]
 [8 7 5 3 1 2 9 0 4]
 [4 9 3 7 8 0 6 1 0]
 [0 1 7 8 5 3 2 6 9]
 [9 5 6 2 7 4 3 8 1]
 [3 2 0 0 6 9 4 7 0]
 [1 4 8 0 0 5 7 9 2]
 [2 0 0 1 3 7 8 4 6]
 [7 3 9 4 2 6 1 0 5]]
Number of cells unfilled: 15
Accuracy: 81.48148148148148
Sample: 36889
Question:
[[0 0 0 0 0 0 9 5 0]
 [0 0 1 5 0 3 0 0 0]
 [0 0 6 0 9 7 0 1 3]
 [7 0 0 3 0 0 0 0 0]
 [0 0 0 0 0 2 0 0 0]
 [0 0 0 0 0 8 3 0 5]
 [9 1 0 0 0 0 7 6 0]
 [6 0 3 0 0 0 0 0 0]
 [0 5 7 1 0 0 0 0 9]]
Solution:
[[0 7 2 6 4 0 5 3 8]
 [8 6 5 3 1 2 9 0 4]
 [4 9 3 7 8 0 6 1 0]
 [0 1 7 8 5 3 2 6 9]
 [9 5 6 2 7 4 3 8 1]
 [3 2 0 0 6 9 4 7 0]
 [1 4 8 0 0 5 7 9 2]
 [2 0 0 1 3 7 8 4 6]
 [7 3 9 4 2 6 1 0 5]]
Number of cells unfilled: 14
Accuracy: 82.71604938271605
Sample: 36890
Question:
[[0 0 0 0 0 6 0 0 0]
 [0 2 0 4 0 0 0 0 0]
 [0 7 0 0 0 0 0 4 5]
 [0 0 1 5 6 0 4 0 3]
 [4 0 0 0 0 3 8 6 0]
 [0 0 0 0 0 8 0 0 1]
 [0 4 5 3 1 0 0 0 0]
 [3 6 0 0 8 0 1 0 0]
 [0 0 0 0 0 0 5 0 0]]
Solution:
[[0 0 1 6 4 0 5 3 8]
 [8 7 5 3 1 2 9 0 4]
 [4 9 3 7 8 0 6 1 0]
 [0 1 7 8 5 3 2 6 9]
 [9 5 6 2 7 4 3 8 1]
 [3 2 0 0 6 9 4 7 0]
 [1 4 8 0 0 5 7 9 2]
 [2 0 0 1 3 7 8 4 6]
 [7 3 9 4 2 6 1 0 5]]
Number of cells unfilled: 15
Accuracy: 81.48148148148148
Sample: 36891
Question:
[[0 0 0 0 0 6 0 0 9]
 [0 0 0 5 7 0 8 0 0]
 [0 4 7 0 0 8 0 0 0]
 [0 0 0 0 4 5 0 6 0]
 [5 0 0 8 0 0 0 9 0]
 [6 0 4 7 0 9 0 0 0]
 [0 0 5 9 0 0 0 0 0]
 [0 9 8 0 0 0 0 2 1]
 [0 6 0 0 0 4 0 0 0]]
Solution:
[[0 7 1 6 9 0 5 3 8]
 [8 6 5 3 1 2 9 0 4]
 [4 9 3 7 8 0 6 1 0]
 [0 1 7 8 5 3 2 6 9]
 [9 5 6 2 7 4 3 8 1]
 [3 2 0 0 6 9 4 7 0]
 [1 4 8 0 0 5 7 9 2]
 [2 0 0 1 3 7 8 4 6]
 [7 3 9 4 2 6 1 0 5]]
Number of cells unfilled: 14
Accuracy: 82.71604938271605
Sample: 36892
Question:
[[0 0 0 0 4 0 0 9 0]
 [0 0 0 0 0 8 0 0 2]
 [0 1 3 0 0 0 0 0 4]
 [0 2 0 0 0 9 0 0 0]
 [0 0 0 0 5 4 2 8 0]
 [0 4 0 0 7 0 0 0 0]
 [7 0 0 5 9 0 0 0 0]
 [0 0 0 0 0 0 0 5 8]
 [0 0 4 0 8 2 7 0 9]]
Solution:
[[0 7 1 6 4 0 5 3 8]
 [8 6 5 3 1 2 9 0 4]
 [4 9 3 7 8 0 6 1 0]
 [0 1 7 8 5 3 2 6 9]
 [9 5 6 2 7 4 3 8 1]
 [3 2 0 0 6 9 4 7 0]
 [1 4 8 0 0 5 7 9 2]
 [2 0 0 1 3 7 8 4 6]
 [7 3 9 4 2 6 1 0 5]]
Number of cells unfilled: 14
Accuracy: 82.71604938271605
Sample: 36893
Question:
[[0 0 0 0 5 0 0 0 2]
 [1 0 0 6 0 0 0 0 0]
 [0 0 0 3 0 0 5 0 0]
 [7 0 0 0 0 0 0 0 9]
 [0 9 2 0 0 5 0 0 8]
 [8 5 0 0 7 0 1 0 0]
 [0 0 0 5 1 0 8 7 0]
 [0 7 0 0 0 8 0 9 0]
 [0 1 0 0 0 0 2 0 0]]
Solution:
[[0 7 2 6 9 0 5 3 8]
 [8 6 5 3 1 2 9 0 4]
 [4 9 3 7 8 0 6 1 0]
 [0 1 7 8 5 3 2 6 9]
 [9 5 6 2 7 4 3 8 1]
 [3 2 0 0 6 9 4 7 0]
 [1 4 8 0 0 5 7 9 2]
 [2 0 0 1 3 7 8 4 6]
 [7 3 9 4 2 6 1 0 5]]
Number of cells unfilled: 14
Accuracy: 82.71604938271605
Sample: 36894
Question:
[[0 0 0 0 6 0 0 0 1]
 [7 0 0 0 0 0 6 0 0]
 [0 0 0 0 7 4 9 0 3]
 [5 0 2 0 0 1 0 0 0]
 [0 9 0 7 0 0 4 0 0]
 [0 0 0 0 0 6 0 0 9]
 [0 1 0 0 9 0 0 3 6]
 [0 0 9 0 1 0 7 0 4]
 [0 0 0 4 0 3 0 0 0]]
Solution:
[[0 0 1 6 4 0 5 3 8]
 [8 7 5 3 1 2 9 0 4]
 [4 9 3 7 8 0 6 1 0]
 [0 1 7 8 5 3 2 6 9]
 [9 5 6 2 7 4 3 8 1]
 [3 2 0 0 6 9 4 7 0]
 [1 4 8 0 0 5 7 9 2]
 [2 0 0 1 3 7 8 4 6]
 [7 3 9 4 2 6 1 0 5]]
Number of cells unfilled: 15
Accuracy: 81.48148148148148
Sample: 36895
Question:
[[0 0 0 1 0 0 0 0 0]
 [5 0 3 9 0 0 0 0 0]
 [0 0 0 0 3 0 0 0 7]
 [0 4 7 5 0 0 0 0 8]
 [6 0 5 0 0 0 3 0 4]
 [8 0 0 0 6 0 7 0 0]
 [0 0 8 0 0 0 0 0 3]
 [0 6 0 7 0 8 4 0 5]
 [0 0 0 0 5 0 6 0 0]]
Solution:
[[0 0 1 6 4 0 5 3 8]
 [8 7 5 3 1 2 9 0 4]
 [4 9 3 7 8 0 6 1 0]
 [0 1 7 8 5 3 2 6 9]
 [9 5 6 2 7 4 3 8 1]
 [3 2 0 0 6 9 4 7 0]
 [1 4 8 0 0 5 7 9 2]
 [2 0 0 1 3 7 8 4 6]
 [7 3 9 4 2 6 1 0 5]]
Number of cells unfilled: 15
Accuracy: 81.48148148148148
Sample: 36896
Question:
[[0 0 0 2 4 0 0 6 0]
 [0 0 8 0 0 0 9 0 0]
 [6 0 0 0 9 8 0 7 4]
 [3 0 0 0 0 0 6 2 0]
 [1 0 0 0 0 0 0 0 0]
 [0 0 2 0 7 0 0 0 0]
 [0 0 6 8 0 0 0 0 0]
 [0 0 0 0 2 7 0 9 0]
 [7 9 0 4 6 0 0 0 8]]
Solution:
[[0 7 2 6 4 0 5 3 8]
 [8 6 5 3 1 2 9 0 4]
 [4 9 3 7 8 0 6 1 0]
 [0 1 7 8 5 3 2 6 9]
 [9 5 6 2 7 4 3 8 1]
 [3 2 0 0 6 9 4 7 0]
 [1 4 8 0 0 5 7 9 2]
 [2 0 0 1 3 7 8 4 6]
 [7 3 9 4 2 6 1 0 5]]
Number of cells unfilled: 14
Accuracy: 82.71604938271605
Sample: 36897
Question:
[[0 0 0 3 0 0 0 0 0]
 [0 0 0 0 1 0 0 0 5]
 [1 8 0 2 0 0 0 0 0]
 [5 0 7 8 0 0 0 9 6]
 [0 6 0 0 9 0 5 8 0]
 [8 0 0 0 0 0 1 0 7]
 [6 0 0 0 0 0 0 0 1]
 [0 0 9 5 0 6 7 0 0]
 [0 0 0 0 8 0 9 0 0]]
Solution:
[[0 7 1 6 4 0 5 3 8]
 [8 6 5 3 1 2 9 0 4]
 [4 9 3 7 8 0 6 1 0]
 [0 1 7 8 5 3 2 6 9]
 [9 5 6 2 7 4 3 8 1]
 [3 2 0 0 6 9 4 7 0]
 [1 4 8 0 0 5 7 9 2]
 [2 0 0 1 3 7 8 4 6]
 [7 3 9 4 2 6 1 0 5]]
Number of cells unfilled: 14
Accuracy: 82.71604938271605
Sample: 36898
Question:
[[0 0 0 5 0 0 0 9 0]
 [3 0 9 8 0 0 0 0 0]
 [0 0 0 0 0 9 4 0 0]
 [0 0 0 0 0 0 6 0 9]
 [2 0 0 0 0 1 0 3 0]
 [0 6 4 0 0 0 2 1 0]
 [0 0 2 0 0 0 0 4 0]
 [0 0 0 9 0 3 0 0 1]
 [0 1 0 0 2 0 3 0 6]]
Solution:
[[0 0 1 6 9 0 5 3 8]
 [8 7 5 3 1 2 9 0 4]
 [4 9 3 7 8 0 6 1 0]
 [0 1 7 8 5 3 2 6 9]
 [9 5 6 2 7 4 3 8 1]
 [3 2 0 0 6 9 4 7 0]
 [1 4 8 0 0 5 7 9 2]
 [2 0 0 1 3 7 8 4 6]
 [7 3 9 4 2 6 1 0 5]]
Number of cells unfilled: 15
Accuracy: 81.48148148148148
Sample: 36899
Question:
[[0 0 0 5 0 0 7 0 9]
 [0 9 0 0 0 3 0 0 0]
 [0 6 0 1 0 0 0 0 0]
 [0 0 0 0 6 1 5 7 0]
 [1 0 0 3 5 0 0 0 0]
 [0 0 6 7 0 9 0 3 0]
 [0 8 2 0 0 0 1 6 0]
 [6 0 0 0 0 7 0 9 0]
 [0 0 0 0 0 0 3 0 0]]
Solution:
[[0 0 2 6 4 0 5 3 8]
 [8 7 5 3 1 2 9 0 4]
 [4 9 3 7 8 0 6 1 0]
 [0 1 7 8 5 3 2 6 9]
 [9 5 6 2 7 4 3 8 1]
 [3 2 0 0 6 9 4 7 0]
 [1 4 8 0 0 5 7 9 2]
 [2 0 0 1 3 7 8 4 6]
 [7 3 9 4 2 6 1 0 5]]
Number of cells unfilled: 15
Accuracy: 81.48148148148148
Sample: 36900
Question:
[[0 0 0 6 0 0 0 0 8]
 [8 0 5 3 0 0 0 0 0]
 [0 0 0 0 8 0 0 1 0]
 [0 0 0 8 5 0 2 0 9]
 [0 5 0 0 0 0 0 0 1]
 [0 2 0 0 0 9 4 0 0]
 [1 4 0 0 0 0 0 9 2]
 [0 0 0 0 0 0 8 4 0]
 [0 0 9 0 2 0 0 0 5]]
Solution:
[[0 7 1 6 9 0 5 3 8]
 [8 6 5 3 1 2 9 0 4]
 [4 9 3 7 8 0 6 1 0]
 [0 1 7 8 5 3 2 6 9]
 [9 5 6 2 7 4 3 8 1]
 [3 2 0 0 6 9 4 7 0]
 [1 4 8 0 0 5 7 9 2]
 [2 0 0 1 3 7 8 4 6]
 [7 3 9 4 2 6 1 0 5]]
Number of cells unfilled: 14
Accuracy: 82.71604938271605
