2025-10-22 14:32:33.142220: I tensorflow/core/util/port.cc:153] oneDNN custom operations are on. You may see slightly different numerical results due to floating-point round-off errors from different computation orders. To turn them off, set the environment variable `TF_ENABLE_ONEDNN_OPTS=0`.
2025-10-22 14:32:33.960933: I tensorflow/core/platform/cpu_feature_guard.cc:210] This TensorFlow binary is optimized to use available CPU instructions in performance-critical operations.
To enable the following instructions: AVX2 AVX512F AVX512_VNNI FMA, in other operations, rebuild TensorFlow with the appropriate compiler flags.
2025-10-22 14:32:38.603470: I tensorflow/core/util/port.cc:153] oneDNN custom operations are on. You may see slightly different numerical results due to floating-point round-off errors from different computation orders. To turn them off, set the environment variable `TF_ENABLE_ONEDNN_OPTS=0`.
2025-10-22 14:32:45.414053: E external/local_xla/xla/stream_executor/cuda/cuda_platform.cc:51] failed call to cuInit: INTERNAL: CUDA error: Failed call to cuInit: UNKNOWN ERROR (303)
Sample: 38001
Question:
[[0 9 0 0 0 0 3 0 0]
 [0 5 0 2 0 0 0 8 0]
 [0 0 1 0 9 0 4 0 0]
 [0 0 0 0 0 0 7 0 3]
 [5 0 0 6 0 0 0 0 1]
 [0 4 0 0 2 0 0 6 8]
 [0 6 0 0 0 2 0 9 4]
 [0 0 5 8 4 0 0 0 0]
 [0 0 0 9 6 0 0 0 0]]
Solution:
[[3 5 7 4 0 6 1 8 9]
 [6 1 9 5 0 2 4 3 0]
 [0 4 8 0 9 1 6 2 7]
 [8 2 0 3 1 5 7 9 4]
 [1 9 6 8 7 4 2 0 3]
 [7 3 4 0 2 9 5 6 8]
 [9 7 3 1 8 0 0 4 5]
 [2 0 5 9 0 7 3 1 6]
 [0 8 1 6 4 3 9 7 2]]
Number of cells unfilled: 13
Accuracy: 83.9506172839506
Sample: 38002
Question:
[[4 0 8 0 2 0 5 0 0]
 [0 0 0 0 0 0 0 0 8]
 [0 1 0 0 0 8 0 0 0]
 [0 0 0 2 0 5 3 0 0]
 [0 0 0 0 3 0 0 0 0]
 [0 0 3 4 0 6 0 0 2]
 [0 0 6 0 4 0 2 0 0]
 [0 0 4 0 5 0 6 9 1]
 [9 5 0 0 0 0 0 7 0]]
Solution:
[[3 5 2 4 9 6 8 0 1]
 [6 1 9 7 5 2 4 3 0]
 [0 4 8 0 3 1 6 5 7]
 [8 2 0 3 1 5 7 9 4]
 [1 9 6 8 7 4 0 2 3]
 [4 3 7 0 2 9 5 6 8]
 [9 6 3 1 8 7 0 4 2]
 [2 7 5 9 0 0 3 8 6]
 [0 8 1 6 4 3 9 7 5]]
Number of cells unfilled: 11
Accuracy: 86.41975308641975
Sample: 38003
Question:
[[7 6 0 0 0 0 0 0 0]
 [8 0 2 0 0 5 0 0 3]
 [9 0 0 0 2 0 1 0 0]
 [4 0 8 0 5 0 0 0 1]
 [0 3 0 0 0 0 0 9 0]
 [0 7 0 0 0 0 0 0 4]
 [0 0 0 0 8 3 0 1 0]
 [0 0 0 0 4 2 3 0 0]
 [0 0 4 5 0 0 0 0 2]]
Solution:
[[3 5 2 4 9 6 0 8 1]
 [6 1 9 7 0 2 4 3 0]
 [0 4 8 5 3 1 6 2 7]
 [8 2 0 3 1 5 7 9 4]
 [1 9 6 8 7 4 2 0 3]
 [4 3 7 0 2 9 5 6 8]
 [9 6 3 1 8 7 0 4 2]
 [2 7 5 9 0 0 3 1 6]
 [0 8 1 6 4 3 9 7 5]]
Number of cells unfilled: 11
Accuracy: 86.41975308641975
Sample: 38004
Question:
[[0 0 0 8 5 7 0 0 9]
 [5 0 3 0 0 0 4 0 0]
 [0 0 0 0 4 0 0 2 0]
 [0 6 0 0 7 0 2 1 0]
 [0 0 0 0 6 0 0 0 3]
 [2 9 0 0 0 0 0 0 8]
 [6 1 0 0 0 0 0 0 4]
 [0 0 0 0 0 4 8 9 0]
 [4 0 0 0 0 0 0 3 0]]
Solution:
[[3 5 2 4 0 6 1 8 9]
 [6 1 9 7 5 2 4 3 0]
 [0 4 8 0 9 1 6 2 7]
 [8 2 0 3 1 5 7 9 4]
 [1 9 6 8 7 4 2 0 3]
 [7 3 4 0 2 9 5 6 8]
 [9 6 3 1 8 7 0 4 2]
 [2 7 5 9 0 0 3 1 6]
 [0 8 1 6 4 3 9 7 5]]
Number of cells unfilled: 11
Accuracy: 86.41975308641975
Sample: 38005
Question:
[[0 0 8 0 0 1 0 0 0]
 [4 0 0 0 6 0 0 8 5]
 [0 0 0 0 0 0 7 0 0]
 [0 1 0 0 8 0 0 5 4]
 [0 0 0 0 0 0 2 9 0]
 [5 0 0 9 0 0 0 0 0]
 [1 0 0 0 0 3 0 0 0]
 [0 0 5 0 9 0 0 1 6]
 [6 4 0 0 0 0 0 0 0]]
Solution:
[[3 5 2 4 0 6 8 1 9]
 [6 1 9 5 0 2 4 3 0]
 [0 4 8 0 3 1 6 5 7]
 [8 2 0 3 1 5 7 9 4]
 [1 9 6 8 7 4 2 0 3]
 [4 3 7 0 2 9 5 6 8]
 [9 6 3 1 8 7 0 4 2]
 [2 7 5 9 0 0 3 8 6]
 [0 8 1 6 4 3 9 7 5]]
Number of cells unfilled: 12
Accuracy: 85.18518518518519
Sample: 38006
Question:
[[0 8 0 9 0 3 0 0 4]
 [0 3 0 0 5 1 0 0 2]
 [6 0 1 2 0 0 0 0 9]
 [0 2 4 0 0 9 7 0 5]
 [0 0 5 6 7 0 8 0 0]
 [1 7 0 0 0 4 0 0 0]
 [0 4 0 7 2 6 1 0 0]
 [9 6 0 0 3 8 0 0 0]
 [0 0 8 0 0 0 2 3 0]]
Solution:
[[3 5 2 4 9 6 8 0 1]
 [6 1 9 5 0 2 4 3 0]
 [0 4 8 0 3 1 6 2 7]
 [8 2 0 3 1 5 7 9 4]
 [1 9 6 8 7 4 2 0 3]
 [4 3 7 0 2 9 5 6 8]
 [9 6 3 1 8 7 0 4 5]
 [2 7 5 9 0 0 3 1 6]
 [0 8 1 6 4 3 9 7 2]]
Number of cells unfilled: 12
Accuracy: 85.18518518518519
Sample: 38007
Question:
[[9 0 0 0 6 0 0 7 0]
 [0 0 0 0 0 3 0 9 0]
 [0 0 2 0 0 0 1 8 5]
 [5 0 0 6 0 0 0 0 1]
 [0 4 0 3 5 0 0 0 0]
 [0 0 0 0 0 7 0 4 0]
 [7 0 0 8 0 0 3 0 0]
 [0 0 0 0 0 0 0 0 8]
 [1 0 0 9 4 2 0 0 0]]
Solution:
[[3 5 7 4 9 6 8 2 1]
 [6 1 9 7 5 2 4 3 0]
 [0 4 8 0 3 1 6 5 7]
 [8 2 0 3 1 5 7 9 4]
 [1 9 6 8 7 4 2 0 3]
 [7 3 4 0 2 9 5 6 8]
 [9 6 3 1 8 7 0 4 2]
 [2 7 5 9 0 0 3 8 6]
 [0 8 1 6 4 3 9 7 5]]
Number of cells unfilled: 10
Accuracy: 87.65432098765432
Sample: 38008
Question:
[[0 0 0 0 0 3 0 9 0]
 [0 8 9 0 4 0 0 0 0]
 [5 6 0 0 0 1 0 0 0]
 [0 0 0 4 0 6 7 3 0]
 [0 9 0 0 1 0 0 2 0]
 [0 0 0 2 0 9 0 6 0]
 [0 4 5 3 0 8 0 1 0]
 [0 0 6 0 0 0 3 0 0]
 [8 0 2 0 7 0 0 0 0]]
Solution:
[[3 5 2 4 9 6 8 0 1]
 [6 1 9 7 5 2 4 3 0]
 [0 4 8 0 3 1 6 5 7]
 [8 2 0 3 1 5 7 9 4]
 [1 9 6 8 7 4 2 0 3]
 [7 3 4 0 2 9 5 6 8]
 [9 6 3 1 8 7 0 4 5]
 [2 7 5 9 0 0 3 1 6]
 [0 8 1 6 4 3 9 7 2]]
Number of cells unfilled: 11
Accuracy: 86.41975308641975
Sample: 38009
Question:
[[3 0 0 0 0 6 0 1 0]
 [0 0 7 0 1 0 0 0 6]
 [0 6 0 9 0 0 8 0 0]
 [0 0 0 5 0 0 0 0 0]
 [0 0 0 0 7 9 4 0 0]
 [0 7 0 0 4 8 0 0 5]
 [0 0 2 0 0 0 0 0 0]
 [0 9 0 4 0 0 5 0 0]
 [5 0 6 0 0 2 0 0 3]]
Solution:
[[3 5 2 4 0 6 8 0 9]
 [6 1 9 7 5 2 4 3 0]
 [0 4 8 0 3 1 6 5 7]
 [8 2 0 3 1 5 7 9 4]
 [1 9 6 8 7 4 2 0 3]
 [7 3 4 0 2 9 5 6 8]
 [9 6 3 1 8 7 0 4 2]
 [2 7 5 9 0 0 3 1 6]
 [0 8 1 6 4 3 9 7 5]]
Number of cells unfilled: 12
Accuracy: 85.18518518518519
Sample: 38010
Question:
[[0 3 0 0 1 0 0 0 6]
 [0 0 0 2 0 0 0 3 0]
 [0 0 0 0 0 8 5 1 0]
 [0 5 0 0 9 0 6 0 0]
 [0 0 4 8 2 0 0 0 3]
 [0 0 2 0 0 7 0 0 0]
 [0 2 0 0 5 0 0 6 0]
 [0 0 0 7 0 0 0 0 9]
 [4 0 0 0 0 0 0 0 5]]
Solution:
[[3 5 2 4 0 6 8 1 9]
 [6 1 9 7 5 2 4 3 0]
 [0 4 8 0 9 1 6 5 7]
 [8 2 0 3 1 5 7 9 4]
 [1 9 6 8 7 4 2 0 3]
 [4 3 7 0 2 9 5 6 8]
 [9 6 3 1 8 7 0 4 5]
 [2 7 5 9 0 0 3 8 6]
 [0 8 1 6 4 3 9 7 2]]
Number of cells unfilled: 11
Accuracy: 86.41975308641975
Sample: 38011
Question:
[[0 5 0 0 0 7 0 0 0]
 [3 0 0 0 4 0 0 0 1]
 [0 6 0 9 0 0 0 0 0]
 [1 0 0 0 8 0 0 3 0]
 [0 0 0 5 0 0 1 0 8]
 [0 0 0 0 0 0 4 0 2]
 [2 0 0 0 3 0 8 0 0]
 [0 0 7 4 0 0 0 0 0]
 [0 9 0 0 0 6 0 0 4]]
Solution:
[[3 5 2 4 0 6 8 1 9]
 [6 1 9 5 0 2 4 3 0]
 [0 4 8 0 3 1 6 2 7]
 [8 2 0 3 1 5 7 9 4]
 [1 9 6 8 7 4 2 0 3]
 [4 3 7 0 2 9 5 6 8]
 [9 6 3 1 8 7 0 4 2]
 [2 7 5 9 0 0 3 8 6]
 [0 8 1 6 4 3 9 7 5]]
Number of cells unfilled: 12
Accuracy: 85.18518518518519
Sample: 38012
Question:
[[0 4 9 0 0 0 0 5 0]
 [0 3 0 0 0 9 1 0 0]
 [1 0 0 5 0 0 0 0 0]
 [3 0 0 0 0 1 0 9 0]
 [0 0 0 2 0 3 6 0 7]
 [0 0 7 0 6 0 0 0 0]
 [0 8 0 0 0 0 0 0 2]
 [0 0 4 0 8 0 0 0 0]
 [9 0 0 0 0 5 0 4 0]]
Solution:
[[3 5 7 4 0 6 1 2 9]
 [6 1 9 7 5 2 4 3 0]
 [0 4 8 0 9 1 6 5 7]
 [8 2 0 3 1 5 7 9 4]
 [1 9 6 8 7 4 2 0 3]
 [7 3 4 0 2 9 5 6 8]
 [9 6 3 1 8 7 0 4 2]
 [2 7 5 9 0 0 3 1 6]
 [0 8 1 6 4 3 9 7 5]]
Number of cells unfilled: 11
Accuracy: 86.41975308641975
Sample: 38013
Question:
[[0 0 4 0 1 0 0 2 6]
 [0 2 0 0 0 4 9 0 0]
 [0 0 0 2 0 0 7 0 0]
 [0 0 0 5 0 9 0 0 0]
 [0 0 1 0 8 0 0 0 7]
 [5 8 0 0 0 0 0 0 0]
 [6 4 0 0 3 0 0 7 0]
 [0 0 3 8 0 0 0 6 0]
 [0 1 0 0 0 6 0 0 3]]
Solution:
[[3 5 7 4 0 6 8 2 9]
 [6 1 9 5 0 2 4 3 0]
 [0 4 8 0 3 0 6 1 7]
 [8 2 0 3 1 5 7 9 4]
 [1 9 6 8 7 4 2 0 3]
 [7 3 4 0 2 9 5 6 8]
 [9 6 3 1 8 7 0 4 2]
 [2 7 5 9 0 0 3 8 6]
 [0 8 1 6 4 3 9 7 5]]
Number of cells unfilled: 13
Accuracy: 83.9506172839506
Sample: 38014
Question:
[[0 3 0 8 0 0 4 0 0]
 [0 0 0 0 0 1 0 7 0]
 [8 1 0 7 0 0 0 0 0]
 [7 0 0 0 0 0 2 0 0]
 [0 8 0 0 0 0 0 0 0]
 [4 0 0 3 5 0 0 1 8]
 [0 5 0 0 2 6 0 0 0]
 [3 0 0 9 0 4 0 0 5]
 [0 0 6 0 8 0 0 0 0]]
Solution:
[[3 5 7 4 0 6 1 8 9]
 [6 1 9 7 0 2 4 3 0]
 [0 4 8 5 9 1 6 2 7]
 [8 2 0 3 1 5 7 9 4]
 [1 9 6 8 7 4 2 0 3]
 [7 3 4 0 2 9 5 6 8]
 [9 6 3 1 8 7 0 4 2]
 [2 7 5 9 0 0 3 1 6]
 [0 8 1 6 4 3 9 7 5]]
Number of cells unfilled: 11
Accuracy: 86.41975308641975
Sample: 38015
Question:
[[1 0 0 8 7 0 0 3 0]
 [0 0 0 0 3 0 5 0 0]
 [0 3 0 0 0 9 0 0 7]
 [0 0 6 0 0 0 0 4 0]
 [5 0 0 0 0 0 2 0 0]
 [0 7 0 9 0 0 0 0 6]
 [0 0 2 0 0 1 0 6 0]
 [4 0 0 3 0 0 9 0 0]
 [0 8 0 0 9 0 0 0 1]]
Solution:
[[3 5 2 4 0 6 0 8 9]
 [6 7 9 5 0 2 4 3 1]
 [0 4 8 0 3 1 6 5 7]
 [8 2 0 3 1 5 7 9 4]
 [1 9 6 8 7 4 2 0 3]
 [7 3 4 0 2 9 5 6 8]
 [9 6 3 1 8 0 0 4 5]
 [2 0 5 9 0 7 3 1 6]
 [0 8 1 6 4 3 9 7 2]]
Number of cells unfilled: 13
Accuracy: 83.9506172839506
Sample: 38016
Question:
[[7 0 6 0 0 0 4 0 0]
 [5 0 2 9 0 0 0 1 0]
 [0 1 0 0 6 0 0 0 5]
 [0 0 1 0 0 8 0 5 0]
 [0 0 0 4 0 0 0 3 0]
 [2 0 0 0 5 0 0 0 7]
 [0 0 0 0 0 0 3 0 0]
 [0 0 0 8 0 9 0 0 0]
 [0 0 7 0 1 0 0 0 2]]
Solution:
[[3 5 2 4 0 6 1 8 9]
 [6 1 9 5 0 2 4 3 0]
 [0 4 8 0 3 1 6 5 7]
 [8 2 0 3 1 5 7 9 4]
 [1 9 6 8 7 4 0 2 3]
 [7 3 4 0 2 9 5 6 8]
 [9 6 3 1 8 7 0 4 2]
 [2 7 5 9 0 0 3 1 6]
 [0 8 1 6 4 3 9 7 5]]
Number of cells unfilled: 12
Accuracy: 85.18518518518519
Sample: 38017
Question:
[[9 0 3 0 0 1 0 0 0]
 [0 7 0 0 0 0 0 0 0]
 [1 0 4 0 7 0 9 0 0]
 [0 9 0 0 0 3 4 0 0]
 [0 0 6 0 2 0 0 7 0]
 [0 0 0 5 0 0 0 6 0]
 [0 0 5 0 3 0 0 0 8]
 [0 3 0 0 0 4 1 0 0]
 [2 0 0 8 0 0 0 0 0]]
Solution:
[[3 5 2 4 0 6 8 1 9]
 [6 1 9 7 5 2 4 3 0]
 [0 4 8 0 9 1 6 2 7]
 [8 2 0 3 1 5 7 9 4]
 [1 9 6 8 7 4 2 0 3]
 [4 3 7 0 2 9 5 6 8]
 [9 7 3 1 8 0 0 4 2]
 [2 0 5 9 0 7 3 8 6]
 [0 8 1 6 4 3 9 7 5]]
Number of cells unfilled: 12
Accuracy: 85.18518518518519
Sample: 38018
Question:
[[2 0 0 0 0 0 9 0 5]
 [0 8 9 0 0 2 3 0 0]
 [0 0 6 0 0 0 7 1 0]
 [0 6 3 0 0 0 1 0 0]
 [1 0 8 0 0 0 0 0 9]
 [0 9 0 0 0 0 0 2 0]
 [0 0 0 0 9 4 0 0 0]
 [0 5 0 0 2 1 0 0 6]
 [0 0 0 0 0 3 2 0 0]]
Solution:
[[3 5 2 4 9 6 8 0 1]
 [6 1 9 7 5 2 4 3 0]
 [0 4 8 0 3 1 6 5 7]
 [8 2 0 3 1 5 7 9 4]
 [1 9 6 8 7 4 2 0 3]
 [7 3 4 0 2 9 5 6 8]
 [9 7 3 1 8 0 0 4 2]
 [2 0 5 9 0 7 3 1 6]
 [0 8 1 6 4 3 9 7 5]]
Number of cells unfilled: 12
Accuracy: 85.18518518518519
Sample: 38019
Question:
[[0 0 4 0 8 5 2 0 0]
 [0 0 0 6 0 0 0 0 7]
 [8 0 0 0 3 0 0 6 0]
 [0 0 0 9 2 8 7 0 0]
 [0 0 0 0 0 0 0 0 0]
 [0 0 0 0 7 1 0 2 8]
 [0 0 5 0 0 2 0 7 0]
 [6 0 9 0 0 0 0 0 0]
 [1 8 0 0 6 7 0 5 0]]
Solution:
[[3 5 2 4 9 6 8 0 1]
 [6 1 9 7 5 2 4 3 0]
 [0 4 8 0 3 1 6 2 7]
 [8 2 0 3 1 5 7 9 4]
 [1 9 6 8 7 4 2 0 3]
 [4 3 7 0 2 9 5 6 8]
 [9 6 3 1 8 7 0 4 2]
 [2 7 5 9 0 0 3 8 6]
 [0 8 1 6 4 3 9 7 5]]
Number of cells unfilled: 11
Accuracy: 86.41975308641975
Sample: 38020
Question:
[[0 0 0 0 0 1 0 0 0]
 [3 7 6 0 8 0 0 0 0]
 [0 0 0 5 0 0 7 3 0]
 [0 8 5 7 0 0 0 0 0]
 [0 4 0 0 0 8 9 0 0]
 [0 0 0 0 0 0 0 1 0]
 [0 0 0 0 3 0 8 0 6]
 [0 0 2 6 0 0 0 0 0]
 [4 0 7 0 0 0 0 0 2]]
Solution:
[[3 5 2 4 0 6 8 1 9]
 [6 1 9 7 5 2 4 3 0]
 [0 4 8 0 9 1 6 5 7]
 [8 2 0 3 1 5 7 9 4]
 [1 9 6 8 7 4 2 0 3]
 [7 3 4 0 2 9 5 6 8]
 [9 7 3 1 8 0 0 4 5]
 [2 0 5 9 0 7 3 8 6]
 [0 8 1 6 4 3 9 7 2]]
Number of cells unfilled: 12
Accuracy: 85.18518518518519
Sample: 38021
Question:
[[0 0 7 0 0 1 6 0 0]
 [8 0 0 0 7 0 1 0 0]
 [0 4 0 0 0 0 0 0 7]
 [0 0 0 5 0 0 3 0 0]
 [0 0 6 0 8 0 0 0 1]
 [0 0 0 0 0 2 0 0 0]
 [0 0 4 0 1 0 0 0 6]
 [0 0 0 0 0 9 5 0 0]
 [0 9 0 3 0 0 0 2 0]]
Solution:
[[3 5 2 4 9 6 8 0 1]
 [6 1 9 7 5 2 4 3 0]
 [0 4 8 0 3 1 6 5 7]
 [8 2 0 3 1 5 7 9 4]
 [1 9 6 8 7 4 2 0 3]
 [7 3 4 0 2 9 5 6 8]
 [9 7 3 1 8 0 0 4 5]
 [2 0 5 9 0 7 3 8 6]
 [0 8 1 6 4 3 9 7 2]]
Number of cells unfilled: 12
Accuracy: 85.18518518518519
Sample: 38022
Question:
[[0 4 0 0 0 0 0 7 0]
 [0 0 0 0 4 0 0 9 5]
 [0 0 0 1 0 0 4 0 0]
 [0 0 2 8 0 0 0 0 9]
 [0 7 0 0 9 0 1 0 0]
 [3 0 0 0 0 0 0 0 0]
 [0 0 8 0 0 3 0 0 6]
 [6 0 0 2 0 0 0 0 0]
 [0 9 0 0 1 0 5 0 0]]
Solution:
[[3 5 2 4 0 6 8 0 9]
 [6 1 9 5 0 2 4 3 0]
 [0 4 8 0 9 1 6 2 7]
 [8 2 0 3 1 5 7 9 4]
 [1 9 6 8 7 4 2 0 3]
 [7 3 4 0 2 9 5 6 8]
 [9 7 3 1 8 0 0 4 5]
 [2 0 5 9 0 7 3 1 6]
 [0 8 1 6 4 3 9 7 2]]
Number of cells unfilled: 14
Accuracy: 82.71604938271605
Sample: 38023
Question:
[[0 7 0 0 0 6 0 0 8]
 [3 0 0 2 0 0 7 0 0]
 [0 0 0 0 1 0 0 0 0]
 [5 0 0 7 0 0 3 0 0]
 [0 0 0 0 9 0 0 0 6]
 [0 9 0 0 0 8 0 1 0]
 [0 5 0 0 0 0 4 0 0]
 [4 0 0 0 7 0 0 0 3]
 [0 0 2 4 0 0 0 0 0]]
Solution:
[[3 5 7 4 9 6 8 2 1]
 [6 1 9 7 5 2 4 3 0]
 [0 4 8 0 3 1 6 5 7]
 [8 2 0 3 1 5 7 9 4]
 [1 9 6 8 7 4 2 0 3]
 [7 3 4 0 2 9 5 6 8]
 [9 6 3 1 8 7 0 4 5]
 [2 7 5 9 0 0 3 1 6]
 [0 8 1 6 4 3 9 7 2]]
Number of cells unfilled: 10
Accuracy: 87.65432098765432
Sample: 38024
Question:
[[1 0 0 0 8 0 0 7 0]
 [0 7 0 0 0 2 4 0 0]
 [0 0 0 9 0 0 0 0 6]
 [0 5 0 6 0 0 9 0 0]
 [0 0 1 0 7 0 0 5 0]
 [0 0 0 0 0 0 7 0 2]
 [5 0 3 0 0 0 0 0 4]
 [0 1 0 0 5 0 0 3 0]
 [8 0 0 0 0 0 0 0 0]]
Solution:
[[3 5 7 4 0 6 8 1 9]
 [6 1 9 5 0 2 4 3 0]
 [0 4 8 0 9 1 6 5 7]
 [8 2 0 3 1 5 7 9 4]
 [1 9 6 8 7 4 0 2 3]
 [7 3 4 0 2 9 5 6 8]
 [9 6 3 1 8 0 0 4 5]
 [2 0 5 9 0 7 3 8 6]
 [0 8 1 6 4 3 9 7 2]]
Number of cells unfilled: 13
Accuracy: 83.9506172839506
Sample: 38025
Question:
[[0 0 1 0 0 8 0 9 0]
 [0 7 0 6 0 0 0 0 0]
 [0 0 0 7 0 0 0 0 0]
 [0 8 0 0 0 9 0 0 2]
 [0 3 9 8 0 0 1 4 0]
 [0 0 0 1 0 5 0 0 0]
 [0 0 0 0 0 0 0 0 7]
 [0 9 0 0 2 4 0 3 0]
 [0 0 2 0 0 0 4 6 5]]
Solution:
[[3 5 7 4 0 6 8 2 9]
 [6 1 9 7 5 2 4 3 0]
 [0 4 8 0 3 1 6 5 7]
 [8 2 0 3 1 5 7 9 4]
 [1 9 6 8 7 4 2 0 3]
 [7 3 4 0 2 9 5 6 8]
 [9 6 3 1 8 7 0 4 2]
 [2 7 5 9 0 0 3 1 6]
 [0 8 1 6 4 3 9 7 5]]
Number of cells unfilled: 11
Accuracy: 86.41975308641975
Sample: 38026
Question:
[[0 0 5 0 7 0 9 0 0]
 [0 6 0 0 0 0 0 4 0]
 [0 0 0 8 0 0 0 7 5]
 [0 0 4 0 1 0 0 9 0]
 [6 2 0 0 0 4 1 0 0]
 [0 0 0 0 0 3 0 0 4]
 [3 0 0 0 0 8 0 0 0]
 [4 0 2 0 5 0 0 0 9]
 [0 5 0 0 0 0 0 2 0]]
Solution:
[[3 5 2 4 0 6 1 0 9]
 [6 1 9 5 0 2 4 3 0]
 [0 4 8 0 3 1 6 5 7]
 [8 2 0 3 1 5 7 9 4]
 [1 9 6 8 7 4 2 0 3]
 [7 3 4 0 2 9 5 6 8]
 [9 6 3 1 8 7 0 4 2]
 [2 7 5 9 0 0 3 8 6]
 [0 8 1 6 4 3 9 7 5]]
Number of cells unfilled: 13
Accuracy: 83.9506172839506
Sample: 38027
Question:
[[0 1 0 7 0 0 0 5 0]
 [5 2 0 0 0 9 0 0 7]
 [0 0 7 0 0 0 4 0 0]
 [0 0 0 1 0 3 6 0 0]
 [0 0 1 9 0 0 0 0 4]
 [6 0 0 0 7 0 0 0 0]
 [0 0 2 5 0 0 0 0 1]
 [0 9 0 0 0 8 0 0 0]
 [0 0 0 0 9 0 3 8 0]]
Solution:
[[3 5 2 4 9 6 0 8 1]
 [6 1 9 5 0 2 4 3 0]
 [0 4 8 0 3 1 6 2 7]
 [8 2 0 3 1 5 7 9 4]
 [1 9 6 8 7 4 2 0 3]
 [4 3 7 0 2 9 5 6 8]
 [9 7 3 1 8 0 0 4 5]
 [2 0 5 9 0 7 3 1 6]
 [0 8 1 6 4 3 9 7 2]]
Number of cells unfilled: 13
Accuracy: 83.9506172839506
Sample: 38028
Question:
[[1 0 0 5 4 0 0 2 0]
 [0 0 8 0 1 0 7 0 4]
 [0 0 0 0 0 8 6 0 3]
 [0 0 0 0 0 4 0 0 7]
 [9 0 0 0 0 0 1 0 0]
 [0 0 0 1 0 5 0 6 0]
 [0 0 3 0 5 0 0 8 0]
 [6 0 7 2 0 0 0 0 0]
 [0 0 1 0 0 0 0 0 0]]
Solution:
[[3 5 2 4 9 6 8 0 1]
 [6 1 9 7 5 2 4 3 0]
 [0 4 8 0 3 1 6 2 7]
 [8 2 0 3 1 5 7 9 4]
 [1 9 6 8 7 4 2 0 3]
 [4 3 7 0 2 9 5 6 8]
 [9 6 3 1 8 7 0 4 5]
 [2 7 5 9 0 0 3 8 6]
 [0 8 1 6 4 3 9 7 2]]
Number of cells unfilled: 11
Accuracy: 86.41975308641975
Sample: 38029
Question:
[[8 0 0 0 9 0 0 7 0]
 [0 0 0 1 7 0 6 0 0]
 [7 0 0 3 0 6 0 0 4]
 [6 0 0 4 0 0 8 0 0]
 [0 0 9 0 0 0 0 1 0]
 [0 0 0 0 0 0 0 0 3]
 [0 0 4 9 0 2 0 0 0]
 [0 8 0 0 0 3 0 9 0]
 [0 0 7 0 0 0 0 5 0]]
Solution:
[[3 5 2 4 0 6 1 0 9]
 [6 1 9 5 0 2 8 3 0]
 [0 4 8 0 9 1 6 2 7]
 [8 2 0 3 1 5 7 9 4]
 [1 9 6 8 7 4 2 0 3]
 [4 3 7 0 2 9 5 6 8]
 [9 6 3 1 8 7 0 4 2]
 [2 7 5 9 0 0 3 8 6]
 [0 8 1 6 4 3 9 7 5]]
Number of cells unfilled: 13
Accuracy: 83.9506172839506
Sample: 38030
Question:
[[0 7 0 0 0 3 0 1 2]
 [2 0 0 7 0 0 4 0 0]
 [0 0 8 0 0 0 0 0 0]
 [0 4 0 0 6 0 0 3 7]
 [0 0 0 0 0 1 2 4 0]
 [0 0 2 0 0 0 5 0 0]
 [0 0 9 0 3 4 0 0 0]
 [0 6 0 1 0 0 0 2 4]
 [0 0 0 0 0 6 0 0 0]]
Solution:
[[3 5 2 4 0 6 1 8 9]
 [6 1 9 7 5 2 4 3 0]
 [0 4 8 0 3 1 6 5 7]
 [8 2 0 3 1 5 7 9 4]
 [1 9 6 8 7 4 2 0 3]
 [4 3 7 0 2 9 5 6 8]
 [9 6 3 1 8 7 0 4 2]
 [2 7 5 9 0 0 3 1 6]
 [0 8 1 6 4 3 9 7 5]]
Number of cells unfilled: 11
Accuracy: 86.41975308641975
Sample: 38031
Question:
[[0 6 0 0 0 8 0 0 4]
 [0 0 7 0 5 0 6 0 0]
 [1 0 0 6 0 0 0 3 0]
 [0 1 0 0 0 0 0 0 0]
 [7 2 0 0 0 0 5 0 9]
 [0 0 5 9 0 0 0 2 0]
 [3 0 0 2 0 0 0 7 0]
 [0 0 0 0 0 4 0 0 8]
 [0 0 1 0 9 0 2 0 0]]
Solution:
[[3 5 7 4 0 6 1 2 9]
 [6 1 9 5 0 2 4 3 0]
 [0 4 8 0 9 1 6 5 7]
 [8 2 0 3 1 5 7 9 4]
 [1 9 6 8 7 4 2 0 3]
 [7 3 4 0 2 9 5 6 8]
 [9 6 3 1 8 7 0 4 5]
 [2 7 5 9 0 0 3 8 6]
 [0 8 1 6 4 3 9 7 2]]
Number of cells unfilled: 12
Accuracy: 85.18518518518519
Sample: 38032
Question:
[[0 5 0 0 0 8 0 0 0]
 [0 0 6 3 0 0 0 5 0]
 [1 0 3 0 5 0 0 0 0]
 [0 6 0 0 1 0 0 3 0]
 [0 0 0 2 0 0 0 0 7]
 [2 0 0 0 0 4 9 0 0]
 [0 0 0 0 0 9 4 0 0]
 [0 1 0 0 8 0 0 9 0]
 [0 0 9 7 0 0 0 0 8]]
Solution:
[[3 5 2 4 9 6 8 0 1]
 [6 1 9 7 5 2 4 3 0]
 [0 4 8 0 3 1 6 5 7]
 [8 2 0 3 1 5 7 9 4]
 [1 9 6 8 7 4 2 0 3]
 [4 3 7 0 2 9 5 6 8]
 [9 7 3 1 8 0 0 4 5]
 [2 0 5 9 0 7 3 1 6]
 [0 8 1 6 4 3 9 7 2]]
Number of cells unfilled: 12
Accuracy: 85.18518518518519
Sample: 38033
Question:
[[6 0 2 0 0 0 0 0 3]
 [0 3 0 0 0 0 0 1 0]
 [4 0 0 0 0 3 0 0 0]
 [0 2 0 0 0 5 0 0 1]
 [5 0 0 1 0 0 8 2 0]
 [0 0 4 0 7 0 0 5 0]
 [0 4 0 0 0 6 0 0 2]
 [0 0 9 0 5 0 0 7 0]
 [0 0 0 8 0 0 9 0 0]]
Solution:
[[3 5 2 4 0 6 1 8 9]
 [6 1 9 7 0 2 4 3 0]
 [0 4 8 5 3 1 6 2 7]
 [8 2 0 3 1 5 7 9 4]
 [1 9 6 8 7 4 2 0 3]
 [4 3 7 0 2 9 5 6 8]
 [9 6 3 1 8 7 0 4 5]
 [2 7 5 9 0 0 3 1 6]
 [0 8 1 6 4 3 9 7 2]]
Number of cells unfilled: 11
Accuracy: 86.41975308641975
Sample: 38034
Question:
[[0 0 3 8 2 0 0 0 0]
 [1 0 0 0 6 0 4 0 0]
 [0 8 0 0 0 0 0 3 0]
 [0 0 0 0 3 0 0 4 2]
 [0 0 1 5 0 0 0 0 0]
 [7 0 0 0 0 6 5 0 0]
 [0 1 0 0 0 9 0 5 0]
 [9 0 0 6 0 0 0 0 4]
 [0 0 7 0 1 0 9 0 0]]
Solution:
[[3 5 7 4 9 6 8 2 1]
 [6 1 9 5 0 2 4 3 0]
 [0 4 8 0 3 1 6 5 7]
 [8 2 0 3 1 5 7 9 4]
 [1 9 6 8 7 4 2 0 3]
 [7 3 4 0 2 9 5 6 8]
 [9 6 3 1 8 7 0 4 5]
 [2 7 5 9 0 0 3 8 6]
 [0 8 1 6 4 3 9 7 2]]
Number of cells unfilled: 11
Accuracy: 86.41975308641975
Sample: 38035
Question:
[[6 0 0 0 0 1 0 9 0]
 [0 3 9 6 0 0 0 0 0]
 [2 0 0 0 9 0 6 0 0]
 [0 8 0 3 0 0 1 0 0]
 [0 0 0 0 0 4 0 0 9]
 [0 0 7 0 1 0 0 5 0]
 [0 9 0 1 0 0 2 0 0]
 [0 0 0 0 0 8 0 0 4]
 [5 0 0 0 2 0 0 7 0]]
Solution:
[[3 5 2 4 9 6 8 0 1]
 [6 7 9 5 0 2 4 3 0]
 [0 4 8 0 3 1 6 2 7]
 [8 2 0 3 1 5 7 9 4]
 [1 9 6 8 7 4 2 0 3]
 [4 3 7 0 2 9 5 6 8]
 [9 6 3 1 8 0 0 4 5]
 [2 0 5 9 0 7 3 8 6]
 [0 8 1 6 4 3 9 7 2]]
Number of cells unfilled: 13
Accuracy: 83.9506172839506
Sample: 38036
Question:
[[0 0 0 0 0 0 6 0 0]
 [0 0 3 5 4 0 9 0 0]
 [9 0 0 0 0 7 1 0 5]
 [7 4 0 0 0 3 0 5 0]
 [0 0 0 0 9 2 7 0 0]
 [8 0 2 0 0 0 0 0 0]
 [0 0 6 2 0 5 0 0 0]
 [2 0 0 0 6 0 0 0 0]
 [0 3 0 0 8 0 0 0 0]]
Solution:
[[3 5 7 4 0 6 8 2 9]
 [6 1 9 5 0 2 4 3 0]
 [0 4 8 0 9 1 6 5 7]
 [8 2 0 3 1 5 7 9 4]
 [1 9 6 8 7 4 2 0 3]
 [7 3 4 0 2 9 5 6 8]
 [9 6 3 1 8 7 0 4 2]
 [2 7 5 9 0 0 3 8 6]
 [0 8 1 6 4 3 9 7 5]]
Number of cells unfilled: 12
Accuracy: 85.18518518518519
Sample: 38037
Question:
[[0 0 9 0 2 6 0 0 3]
 [0 3 0 0 0 0 0 0 0]
 [0 0 0 8 0 0 5 0 0]
 [7 0 0 0 8 0 0 0 0]
 [0 9 0 0 0 7 0 0 2]
 [0 0 6 0 1 0 0 4 0]
 [9 0 0 0 0 2 0 0 6]
 [0 6 0 9 5 0 0 0 0]
 [0 4 2 0 0 0 1 0 0]]
Solution:
[[3 5 7 4 9 6 8 2 1]
 [6 1 9 5 0 2 4 3 0]
 [0 4 8 0 3 1 6 5 7]
 [8 2 0 3 1 5 7 9 4]
 [1 9 6 8 7 4 2 0 3]
 [7 3 4 0 2 9 5 6 8]
 [9 6 3 1 8 7 0 4 2]
 [2 7 5 9 0 0 3 1 6]
 [0 8 1 6 4 3 9 7 5]]
Number of cells unfilled: 11
Accuracy: 86.41975308641975
Sample: 38038
Question:
[[1 0 2 4 0 0 0 0 0]
 [6 0 0 0 0 0 0 0 0]
 [0 0 0 9 6 0 0 3 0]
 [5 0 0 6 0 0 0 8 4]
 [0 0 0 0 2 0 0 0 7]
 [0 2 7 0 0 0 1 0 0]
 [0 5 4 0 0 8 0 0 3]
 [0 0 0 0 0 4 8 0 0]
 [0 7 0 0 3 0 9 0 2]]
Solution:
[[3 5 7 4 9 6 8 2 1]
 [6 1 9 5 0 2 4 3 0]
 [0 4 8 0 3 1 6 5 7]
 [8 2 0 3 1 5 7 9 4]
 [1 9 6 8 7 4 2 0 3]
 [7 3 4 0 2 9 5 6 8]
 [9 6 3 1 8 7 0 4 5]
 [2 7 5 9 0 0 3 8 6]
 [0 8 1 6 4 3 9 7 2]]
Number of cells unfilled: 11
Accuracy: 86.41975308641975
Sample: 38039
Question:
[[0 0 9 4 0 0 0 0 8]
 [5 0 0 1 0 6 0 0 9]
 [0 2 0 0 0 9 5 0 0]
 [0 0 6 0 0 0 0 3 0]
 [2 0 0 0 6 0 7 0 5]
 [0 0 7 0 9 0 0 6 0]
 [0 0 0 0 0 0 0 0 0]
 [8 4 0 7 0 1 3 0 0]
 [0 6 0 0 0 0 0 5 7]]
Solution:
[[3 5 7 4 9 6 8 2 1]
 [6 1 9 5 0 2 4 3 0]
 [0 4 8 0 3 1 6 5 7]
 [8 2 0 3 1 5 7 9 4]
 [1 9 6 8 7 4 2 0 3]
 [7 3 4 0 2 9 5 6 8]
 [9 7 3 1 8 0 0 4 2]
 [2 0 5 9 0 7 3 8 6]
 [0 8 1 6 4 3 9 7 5]]
Number of cells unfilled: 12
Accuracy: 85.18518518518519
Sample: 38040
Question:
[[0 0 0 1 0 0 0 2 0]
 [0 0 0 0 5 0 0 0 0]
 [0 0 7 0 0 4 3 0 0]
 [0 0 8 0 2 0 0 5 0]
 [0 3 0 0 0 7 8 0 0]
 [7 0 0 0 0 0 0 0 9]
 [8 0 0 0 0 6 4 0 0]
 [0 0 4 3 9 0 0 0 0]
 [0 6 3 0 0 0 0 0 1]]
Solution:
[[3 5 7 4 9 6 8 2 1]
 [6 1 9 5 0 2 4 3 0]
 [0 4 8 0 3 1 6 5 7]
 [8 2 0 3 1 5 7 9 4]
 [1 9 6 8 7 4 2 0 3]
 [7 3 4 0 2 9 5 6 8]
 [9 6 3 1 8 7 0 4 2]
 [2 7 5 9 0 0 3 1 6]
 [0 8 1 6 4 3 9 7 5]]
Number of cells unfilled: 11
Accuracy: 86.41975308641975
Sample: 38041
Question:
[[7 0 0 0 0 4 0 9 0]
 [0 0 0 0 6 0 8 0 0]
 [0 9 0 5 0 0 0 0 3]
 [0 3 0 0 4 0 0 0 6]
 [0 0 0 8 0 0 5 0 0]
 [9 0 0 0 0 1 0 2 0]
 [0 0 0 0 0 0 0 0 0]
 [4 1 9 0 0 2 0 0 0]
 [0 7 2 0 0 0 0 1 0]]
Solution:
[[3 5 2 4 9 6 0 8 1]
 [6 1 9 5 0 2 4 3 0]
 [0 4 8 0 3 1 6 2 7]
 [8 2 0 3 1 5 7 9 4]
 [1 9 6 8 7 4 2 0 3]
 [4 3 7 0 2 9 5 6 8]
 [9 6 3 1 8 7 0 4 5]
 [2 7 5 9 0 0 3 1 6]
 [0 8 1 6 4 3 9 7 2]]
Number of cells unfilled: 12
Accuracy: 85.18518518518519
Sample: 38042
Question:
[[0 0 0 4 0 0 0 6 0]
 [0 0 5 7 8 2 0 0 0]
 [0 1 4 0 0 6 0 0 8]
 [0 0 0 0 2 0 0 9 7]
 [0 0 8 0 0 0 0 5 2]
 [0 9 0 5 0 0 0 0 4]
 [0 5 0 0 3 7 0 0 0]
 [0 0 9 0 1 0 0 0 0]
 [3 0 0 8 0 5 0 1 0]]
Solution:
[[3 5 2 4 9 6 0 8 1]
 [6 1 9 7 5 2 4 3 0]
 [0 4 8 0 3 1 6 5 7]
 [8 2 0 3 1 5 7 9 4]
 [1 9 6 8 7 4 2 0 3]
 [7 3 4 0 2 9 5 6 8]
 [9 7 3 1 8 0 0 4 2]
 [2 0 5 9 0 7 3 1 6]
 [0 8 1 6 4 3 9 7 5]]
Number of cells unfilled: 12
Accuracy: 85.18518518518519
Sample: 38043
Question:
[[4 0 0 2 0 0 0 0 0]
 [0 6 0 0 5 0 0 0 8]
 [0 0 7 0 0 9 2 0 0]
 [0 0 1 0 0 0 0 0 0]
 [0 7 0 0 3 0 0 0 5]
 [9 0 0 0 0 4 0 1 0]
 [0 3 0 0 0 0 5 0 0]
 [0 0 6 0 0 3 0 0 7]
 [7 0 0 0 6 0 3 8 0]]
Solution:
[[3 5 7 4 9 6 8 2 1]
 [6 1 9 7 5 2 4 3 0]
 [0 4 8 0 3 1 6 5 7]
 [8 2 0 3 1 5 7 9 4]
 [1 9 6 8 7 4 2 0 3]
 [7 3 4 0 2 9 5 6 8]
 [9 6 3 1 8 0 0 4 5]
 [2 0 5 9 0 7 3 8 6]
 [0 8 1 6 4 3 9 7 2]]
Number of cells unfilled: 11
Accuracy: 86.41975308641975
Sample: 38044
Question:
[[5 0 0 9 0 0 2 0 0]
 [0 8 0 0 7 0 0 0 0]
 [0 0 6 0 0 4 0 1 0]
 [0 0 0 0 9 0 3 5 0]
 [0 0 0 0 0 0 1 0 2]
 [2 0 0 1 0 0 0 8 9]
 [3 0 0 5 0 0 8 0 0]
 [0 4 0 0 2 0 0 0 0]
 [0 0 7 0 0 6 0 0 0]]
Solution:
[[3 5 7 4 0 6 1 2 9]
 [6 1 9 5 0 2 8 3 0]
 [0 4 8 0 9 1 6 5 7]
 [8 2 0 3 1 5 7 9 4]
 [1 9 6 8 7 4 2 0 3]
 [7 3 4 0 2 9 5 6 8]
 [9 6 3 1 8 7 0 4 2]
 [2 7 5 9 0 0 3 1 6]
 [0 8 1 6 4 3 9 7 5]]
Number of cells unfilled: 12
Accuracy: 85.18518518518519
Sample: 38045
Question:
[[6 0 0 0 7 0 4 0 2]
 [0 2 0 0 0 0 0 8 1]
 [0 0 0 0 0 0 6 7 0]
 [0 9 0 0 0 3 0 0 7]
 [0 0 2 5 0 0 0 0 0]
 [1 0 0 0 4 0 0 6 0]
 [0 0 3 6 0 0 0 0 0]
 [0 5 0 0 0 9 0 0 0]
 [8 0 0 0 1 0 0 2 0]]
Solution:
[[3 5 2 4 0 6 8 1 9]
 [6 1 9 5 0 2 4 3 0]
 [0 4 8 0 9 1 6 5 7]
 [8 2 0 3 1 5 7 9 4]
 [1 9 6 8 7 4 2 0 3]
 [7 3 4 0 2 9 5 6 8]
 [9 7 3 1 8 0 0 4 2]
 [2 0 5 9 0 7 3 8 6]
 [0 8 1 6 4 3 9 7 5]]
Number of cells unfilled: 13
Accuracy: 83.9506172839506
Sample: 38046
Question:
[[0 4 0 6 0 0 1 2 0]
 [0 0 1 0 9 0 0 0 7]
 [0 0 0 0 0 0 0 4 0]
 [0 2 0 7 0 0 0 0 1]
 [0 0 8 0 2 0 0 9 0]
 [3 0 0 0 0 5 0 0 0]
 [5 0 0 0 0 3 0 0 0]
 [0 0 7 2 0 0 8 0 0]
 [0 6 0 0 7 0 0 0 4]]
Solution:
[[3 5 2 4 0 6 1 8 9]
 [6 1 9 7 5 2 4 3 0]
 [0 4 8 0 3 1 6 5 7]
 [8 2 0 3 1 5 7 9 4]
 [1 9 6 8 7 4 2 0 3]
 [4 3 7 0 2 9 5 6 8]
 [9 6 3 1 8 7 0 4 2]
 [2 7 5 9 0 0 3 1 6]
 [0 8 1 6 4 3 9 7 5]]
Number of cells unfilled: 11
Accuracy: 86.41975308641975
Sample: 38047
Question:
[[0 0 5 0 3 0 0 0 8]
 [9 0 0 2 0 0 0 6 0]
 [0 4 0 0 0 0 0 0 0]
 [6 0 0 0 0 1 0 0 0]
 [0 3 0 0 8 0 0 0 4]
 [0 7 8 0 0 0 5 0 0]
 [0 0 7 0 5 0 0 0 3]
 [0 0 0 0 0 9 0 2 0]
 [0 0 0 1 0 0 0 0 0]]
Solution:
[[3 5 2 4 0 6 8 1 9]
 [6 1 9 7 5 2 4 3 0]
 [0 4 8 0 3 1 6 5 7]
 [8 2 0 3 1 5 7 9 4]
 [1 9 6 8 7 4 2 0 3]
 [4 3 7 0 2 9 5 6 8]
 [9 7 3 1 8 0 0 4 2]
 [2 0 5 9 0 7 3 8 6]
 [0 8 1 6 4 3 9 7 5]]
Number of cells unfilled: 12
Accuracy: 85.18518518518519
Sample: 38048
Question:
[[0 0 2 6 0 1 9 0 0]
 [0 0 0 8 0 0 7 0 0]
 [0 5 0 0 0 0 0 6 8]
 [0 0 0 2 5 6 8 0 0]
 [0 0 0 0 0 0 3 4 2]
 [0 0 0 3 0 0 0 9 0]
 [4 6 0 0 3 0 0 0 0]
 [2 1 5 0 0 0 0 0 0]
 [0 9 0 0 0 0 0 7 6]]
Solution:
[[3 5 2 4 0 6 1 8 9]
 [6 1 9 5 0 2 4 3 0]
 [0 4 8 0 9 1 6 5 7]
 [8 2 0 3 1 5 7 9 4]
 [1 9 6 8 7 4 2 0 3]
 [4 3 7 0 2 9 5 6 8]
 [9 7 3 1 8 0 0 4 2]
 [2 0 5 9 0 7 3 1 6]
 [0 8 1 6 4 3 9 7 5]]
Number of cells unfilled: 13
Accuracy: 83.9506172839506
Sample: 38049
Question:
[[0 8 7 0 9 2 5 0 0]
 [5 1 0 3 0 0 6 0 0]
 [4 0 0 0 7 0 0 0 0]
 [1 0 4 8 0 0 2 0 9]
 [0 6 0 0 0 5 8 0 3]
 [0 9 0 4 0 0 0 1 0]
 [0 0 0 0 0 0 3 8 7]
 [3 0 0 6 4 0 0 0 0]
 [2 5 0 0 0 9 0 0 1]]
Solution:
[[3 5 2 4 0 6 0 0 9]
 [6 7 9 5 0 2 8 3 1]
 [0 4 8 0 3 1 6 2 7]
 [8 2 0 3 1 5 7 9 4]
 [1 9 6 8 7 4 2 0 3]
 [7 3 4 0 2 9 5 6 8]
 [9 6 3 1 8 7 0 4 2]
 [2 0 5 9 0 0 3 8 6]
 [0 8 1 6 4 3 9 7 5]]
Number of cells unfilled: 14
Accuracy: 82.71604938271605
Sample: 38050
Question:
[[0 7 0 0 0 0 0 4 0]
 [9 0 0 0 0 0 3 0 2]
 [0 1 0 5 0 3 0 0 0]
 [0 0 8 0 0 0 1 0 4]
 [0 0 7 0 9 4 0 3 5]
 [3 0 0 0 0 0 0 0 9]
 [8 0 0 0 5 9 0 6 0]
 [0 3 0 0 1 0 0 0 0]
 [0 5 9 0 3 0 0 1 0]]
Solution:
[[3 5 2 4 9 6 0 8 1]
 [6 1 9 5 0 2 4 3 0]
 [0 4 8 0 3 1 6 2 7]
 [8 2 0 3 1 5 7 9 4]
 [1 9 6 8 7 4 2 0 3]
 [7 3 4 0 2 9 5 6 8]
 [9 6 3 1 8 7 0 4 5]
 [2 7 5 9 0 0 3 1 6]
 [0 8 1 6 4 3 9 7 2]]
Number of cells unfilled: 12
Accuracy: 85.18518518518519
Sample: 38051
Question:
[[3 0 0 9 0 2 6 0 0]
 [0 0 7 0 0 0 0 4 2]
 [0 2 0 0 1 0 0 0 3]
 [5 0 0 0 8 0 0 0 0]
 [0 0 0 2 3 0 0 6 0]
 [0 3 0 0 0 1 0 0 8]
 [0 8 0 1 0 0 0 0 9]
 [0 0 4 0 0 8 5 0 0]
 [7 0 0 0 0 0 0 0 0]]
Solution:
[[3 5 2 4 0 6 1 0 9]
 [6 1 9 7 0 2 8 3 0]
 [0 4 8 5 3 1 6 2 7]
 [8 2 0 3 1 5 7 9 4]
 [1 9 6 8 7 4 2 0 3]
 [7 3 4 0 2 9 5 6 8]
 [9 7 3 1 8 0 0 4 2]
 [2 0 5 9 0 7 3 8 6]
 [0 8 1 6 4 3 9 7 5]]
Number of cells unfilled: 13
Accuracy: 83.9506172839506
Sample: 38052
Question:
[[3 8 4 0 0 0 0 9 0]
 [7 0 5 0 0 9 8 0 0]
 [0 0 0 0 0 0 0 1 0]
 [4 7 0 0 0 6 0 0 0]
 [0 3 0 2 0 1 6 0 0]
 [0 0 0 7 0 0 3 0 0]
 [0 0 1 0 0 0 0 8 9]
 [0 6 0 4 1 0 0 0 2]
 [0 0 0 0 0 0 0 0 3]]
Solution:
[[3 5 2 4 0 6 1 8 9]
 [6 1 9 5 0 2 4 3 0]
 [0 4 8 0 3 1 6 5 7]
 [8 2 0 3 1 5 7 9 4]
 [1 9 6 8 7 4 0 2 3]
 [4 3 7 0 2 9 5 6 8]
 [9 7 3 1 8 0 0 4 2]
 [2 0 5 9 0 7 3 1 6]
 [0 8 1 6 4 3 9 7 5]]
Number of cells unfilled: 13
Accuracy: 83.9506172839506
Sample: 38053
Question:
[[0 0 0 0 0 2 0 0 9]
 [0 0 2 0 9 0 0 4 0]
 [9 1 0 8 0 0 5 0 0]
 [0 0 0 0 6 8 0 0 0]
 [0 5 0 7 0 0 3 0 0]
 [4 0 0 0 0 0 0 6 0]
 [0 0 0 1 0 0 0 0 0]
 [0 0 0 0 5 3 8 0 0]
 [0 3 0 0 8 7 0 0 1]]
Solution:
[[3 5 2 4 0 6 1 8 9]
 [6 1 9 5 0 2 4 3 0]
 [0 4 8 0 3 1 6 2 7]
 [8 2 0 3 1 5 7 9 4]
 [1 9 6 8 7 4 2 0 3]
 [7 3 4 0 2 9 5 6 8]
 [9 6 3 1 8 7 0 4 2]
 [2 7 5 9 0 0 3 1 6]
 [0 8 1 6 4 3 9 7 5]]
Number of cells unfilled: 12
Accuracy: 85.18518518518519
Sample: 38054
Question:
[[0 1 0 0 0 0 0 0 8]
 [2 0 0 9 0 0 5 0 0]
 [0 0 8 0 0 6 0 7 0]
 [0 0 3 0 0 7 0 9 0]
 [5 0 0 0 1 0 4 0 0]
 [0 8 0 0 0 0 0 0 2]
 [0 0 0 0 0 4 0 0 9]
 [0 0 0 7 0 0 6 4 0]
 [0 0 9 6 3 0 0 0 0]]
Solution:
[[3 5 7 4 0 6 1 8 9]
 [6 1 9 5 0 2 4 3 0]
 [0 4 8 0 9 1 6 5 7]
 [8 2 0 3 1 5 7 9 4]
 [1 9 6 8 7 4 0 2 3]
 [7 3 4 0 2 9 5 6 8]
 [9 6 3 1 8 7 0 4 5]
 [2 7 5 9 0 0 3 1 6]
 [0 8 1 6 4 3 9 7 2]]
Number of cells unfilled: 12
Accuracy: 85.18518518518519
Sample: 38055
Question:
[[0 2 0 7 0 0 0 0 0]
 [5 0 0 0 0 6 0 3 0]
 [0 0 3 0 8 0 0 4 0]
 [0 0 8 0 2 0 0 0 0]
 [1 0 0 0 0 7 0 0 5]
 [0 7 0 9 0 0 0 0 0]
 [0 0 9 0 0 0 0 5 1]
 [6 0 0 0 0 4 3 0 0]
 [0 0 0 0 5 0 0 6 4]]
Solution:
[[3 5 2 4 9 6 0 8 1]
 [6 1 9 7 5 2 4 3 0]
 [0 4 8 0 3 1 6 5 7]
 [8 2 0 3 1 5 7 9 4]
 [1 9 6 8 7 4 2 0 3]
 [4 3 7 0 2 9 5 6 8]
 [9 6 3 1 8 7 0 4 2]
 [2 7 5 9 0 0 3 1 6]
 [0 8 1 6 4 3 9 7 5]]
Number of cells unfilled: 11
Accuracy: 86.41975308641975
Sample: 38056
Question:
[[0 4 9 2 7 0 8 0 0]
 [0 0 6 0 0 4 0 0 0]
 [0 8 0 6 0 0 5 0 0]
 [0 0 0 0 6 5 0 0 0]
 [0 0 5 4 0 0 0 9 8]
 [2 9 0 0 8 0 0 0 0]
 [0 0 0 0 0 0 0 0 0]
 [0 0 0 0 0 3 7 4 6]
 [0 0 0 7 0 0 0 3 9]]
Solution:
[[3 5 7 4 9 6 8 2 1]
 [6 1 9 7 5 2 4 3 0]
 [0 4 8 0 3 1 6 5 7]
 [8 2 0 3 1 5 7 9 4]
 [1 9 6 8 7 4 2 0 3]
 [7 3 4 0 2 9 5 6 8]
 [9 6 3 1 8 7 0 4 5]
 [2 7 5 9 0 0 3 8 6]
 [0 8 1 6 4 3 9 7 2]]
Number of cells unfilled: 10
Accuracy: 87.65432098765432
Sample: 38057
Question:
[[0 1 0 0 4 0 0 8 0]
 [0 0 7 2 8 0 0 9 0]
 [0 0 0 0 0 7 0 0 2]
 [0 0 0 0 0 0 0 0 0]
 [0 0 0 8 0 3 6 0 7]
 [0 0 3 5 0 0 0 1 0]
 [0 4 1 0 0 0 3 0 0]
 [0 7 0 0 1 8 9 0 0]
 [6 9 0 0 0 0 8 0 0]]
Solution:
[[3 5 2 4 0 6 1 8 9]
 [6 1 9 7 0 2 4 3 0]
 [0 4 8 5 3 1 6 2 7]
 [8 2 0 3 1 5 7 9 4]
 [1 9 6 8 7 4 2 0 3]
 [4 3 7 0 2 9 5 6 8]
 [9 7 3 1 8 0 0 4 5]
 [2 0 5 9 0 7 3 1 6]
 [0 8 1 6 4 3 9 7 2]]
Number of cells unfilled: 12
Accuracy: 85.18518518518519
Sample: 38058
Question:
[[0 0 0 3 9 0 0 4 0]
 [0 0 0 0 0 4 0 0 0]
 [0 9 0 2 7 0 0 0 0]
 [1 0 0 0 4 0 5 0 6]
 [0 0 0 0 0 3 0 7 0]
 [0 0 8 0 5 0 4 0 0]
 [0 2 0 0 0 7 0 9 0]
 [0 0 5 0 0 0 0 0 8]
 [6 0 0 0 0 0 1 0 0]]
Solution:
[[3 5 7 4 0 6 8 2 9]
 [6 1 9 7 5 2 4 3 0]
 [0 4 8 0 9 1 6 5 7]
 [8 2 0 3 1 5 7 9 4]
 [1 9 6 8 7 4 2 0 3]
 [7 3 4 0 2 9 5 6 8]
 [9 6 3 1 8 7 0 4 5]
 [2 7 5 9 0 0 3 8 6]
 [0 8 1 6 4 3 9 7 2]]
Number of cells unfilled: 11
Accuracy: 86.41975308641975
Sample: 38059
Question:
[[0 0 0 7 0 0 2 0 0]
 [0 0 5 0 0 3 0 0 4]
 [0 0 0 0 9 0 0 1 0]
 [0 0 0 1 2 0 7 0 0]
 [0 0 6 0 0 5 0 0 1]
 [1 0 0 0 0 0 0 9 0]
 [5 0 0 0 0 0 0 0 3]
 [0 0 8 3 0 0 4 0 0]
 [0 6 0 0 0 8 0 0 0]]
Solution:
[[3 5 7 4 9 6 2 8 1]
 [6 1 9 5 0 2 4 3 0]
 [0 4 8 0 3 1 6 5 7]
 [8 2 0 3 1 5 7 9 4]
 [1 9 6 8 7 4 0 2 3]
 [7 3 4 0 2 9 5 6 8]
 [9 6 3 1 8 7 0 4 2]
 [2 7 5 9 0 0 3 1 6]
 [0 8 1 6 4 3 9 7 5]]
Number of cells unfilled: 11
Accuracy: 86.41975308641975
Sample: 38060
Question:
[[0 1 0 0 0 0 0 0 6]
 [5 0 0 9 0 0 2 0 0]
 [0 0 7 0 0 0 0 4 0]
 [0 0 0 0 2 3 8 0 0]
 [0 0 0 8 0 0 0 0 0]
 [2 0 0 0 9 5 0 0 0]
 [0 0 4 0 0 0 0 1 7]
 [1 0 0 3 0 0 9 0 0]
 [0 6 0 0 1 0 0 8 0]]
Solution:
[[3 5 7 4 9 6 8 2 1]
 [6 1 9 5 0 2 4 3 0]
 [0 4 8 0 3 1 6 5 7]
 [8 2 0 3 1 5 7 9 4]
 [1 9 6 8 7 4 2 0 3]
 [7 3 4 0 2 9 5 6 8]
 [9 6 3 1 8 7 0 4 5]
 [2 7 5 9 0 0 3 1 6]
 [0 8 1 6 4 3 9 7 2]]
Number of cells unfilled: 11
Accuracy: 86.41975308641975
Sample: 38061
Question:
[[0 9 0 2 0 0 0 4 0]
 [0 0 5 1 0 0 0 0 0]
 [4 0 0 0 0 3 0 0 0]
 [3 0 0 0 0 8 0 6 0]
 [0 6 0 0 0 0 7 0 8]
 [0 0 0 6 2 0 3 0 0]
 [7 0 0 0 0 2 4 0 0]
 [0 0 2 0 5 0 6 0 0]
 [0 1 0 9 0 0 0 0 0]]
Solution:
[[3 5 2 4 0 6 1 8 9]
 [6 1 9 7 5 2 4 3 0]
 [0 4 8 0 3 1 6 5 7]
 [8 2 0 3 1 5 7 9 4]
 [1 9 6 8 7 4 2 0 3]
 [7 3 4 0 2 9 5 6 8]
 [9 6 3 1 8 7 0 4 2]
 [2 7 5 9 0 0 3 1 6]
 [0 8 1 6 4 3 9 7 5]]
Number of cells unfilled: 11
Accuracy: 86.41975308641975
Sample: 38062
Question:
[[3 7 0 0 0 0 0 0 0]
 [4 0 0 0 2 0 0 0 0]
 [0 0 5 0 0 7 0 0 4]
 [0 0 0 6 0 0 9 0 0]
 [0 5 0 0 0 4 0 0 8]
 [0 0 8 2 5 0 0 1 0]
 [0 0 0 0 9 0 2 0 1]
 [0 0 0 1 0 0 0 6 0]
 [8 0 0 0 0 0 0 0 3]]
Solution:
[[3 5 7 4 0 6 8 1 9]
 [6 1 9 7 5 2 4 3 0]
 [0 4 8 0 9 1 6 2 7]
 [8 2 0 3 1 5 7 9 4]
 [1 9 6 8 7 4 2 0 3]
 [7 3 4 0 2 9 5 6 8]
 [9 7 3 1 8 0 0 4 2]
 [2 0 5 9 0 7 3 8 6]
 [0 8 1 6 4 3 9 7 5]]
Number of cells unfilled: 12
Accuracy: 85.18518518518519
Sample: 38063
Question:
[[4 0 0 0 0 5 0 0 0]
 [0 8 3 0 0 0 0 5 0]
 [0 0 9 0 4 0 0 0 0]
 [8 0 0 0 5 0 0 3 7]
 [0 0 0 0 0 7 2 0 0]
 [0 0 0 6 0 0 0 0 1]
 [0 1 0 0 0 0 0 0 6]
 [9 0 0 0 8 0 0 1 0]
 [0 4 0 2 0 1 7 0 0]]
Solution:
[[3 5 2 4 0 6 8 1 9]
 [6 1 9 5 0 2 4 3 0]
 [0 4 8 0 9 1 6 2 7]
 [8 2 0 3 1 5 7 9 4]
 [1 9 6 8 7 4 2 0 3]
 [4 3 7 0 2 9 5 6 8]
 [9 6 3 1 8 0 0 4 2]
 [2 0 5 9 0 7 3 8 6]
 [0 8 1 6 4 3 9 7 5]]
Number of cells unfilled: 13
Accuracy: 83.9506172839506
Sample: 38064
Question:
[[7 0 0 0 9 0 0 0 0]
 [0 6 2 0 0 0 0 9 0]
 [0 8 0 7 0 0 0 0 0]
 [0 0 0 0 0 3 0 0 4]
 [0 0 0 0 1 0 5 0 0]
 [2 0 0 9 0 0 0 6 0]
 [0 0 4 0 7 0 0 0 3]
 [8 0 0 2 0 0 0 4 0]
 [0 0 0 0 4 5 1 0 0]]
Solution:
[[3 5 7 4 9 6 8 2 1]
 [6 1 9 7 5 2 4 3 0]
 [0 4 8 0 3 1 6 5 7]
 [8 2 0 3 1 5 7 9 4]
 [1 9 6 8 7 4 2 0 3]
 [7 3 4 0 2 9 5 6 8]
 [9 7 3 1 8 0 0 4 2]
 [2 0 5 9 0 7 3 8 6]
 [0 8 1 6 4 3 9 7 5]]
Number of cells unfilled: 11
Accuracy: 86.41975308641975
Sample: 38065
Question:
[[8 4 0 0 0 0 2 0 0]
 [0 0 5 0 0 7 0 0 0]
 [3 0 0 8 0 0 0 0 6]
 [0 0 0 5 9 0 0 1 0]
 [0 0 0 0 0 3 0 0 0]
 [0 0 3 1 7 0 0 0 0]
 [2 0 0 7 0 0 4 0 0]
 [0 0 1 0 0 5 0 9 0]
 [0 6 0 0 0 0 0 0 8]]
Solution:
[[3 5 2 4 9 6 0 8 1]
 [6 1 9 7 5 2 4 3 0]
 [0 4 8 0 3 1 6 5 7]
 [8 2 0 3 1 5 7 9 4]
 [1 9 6 8 7 4 2 0 3]
 [4 3 7 0 2 9 5 6 8]
 [9 7 3 1 8 0 0 4 2]
 [2 0 5 9 0 7 3 1 6]
 [0 8 1 6 4 3 9 7 5]]
Number of cells unfilled: 12
Accuracy: 85.18518518518519
Sample: 38066
Question:
[[9 8 0 0 1 0 3 0 2]
 [6 0 0 0 0 3 0 0 8]
 [0 0 0 6 0 0 0 0 0]
 [0 5 0 3 0 4 0 7 0]
 [0 0 7 0 0 6 0 0 0]
 [0 0 0 1 0 0 2 0 0]
 [2 0 5 0 0 1 0 0 4]
 [0 0 8 4 0 0 9 0 0]
 [0 6 0 0 3 0 0 0 7]]
Solution:
[[3 5 2 4 9 6 8 0 1]
 [6 1 9 5 0 2 4 3 0]
 [0 4 8 0 3 1 6 2 7]
 [8 2 0 3 1 5 7 9 4]
 [1 9 6 8 7 4 2 0 3]
 [7 3 4 0 2 9 5 6 8]
 [9 6 3 1 8 7 0 4 5]
 [2 7 5 9 0 0 3 1 6]
 [0 8 1 6 4 3 9 7 2]]
Number of cells unfilled: 12
Accuracy: 85.18518518518519
Sample: 38067
Question:
[[6 5 9 0 0 0 0 0 0]
 [0 0 0 7 3 0 0 0 2]
 [0 2 0 0 6 0 9 0 0]
 [9 0 0 0 0 0 0 0 4]
 [0 0 4 3 2 5 0 0 0]
 [0 0 0 0 0 0 0 7 0]
 [0 0 0 0 0 0 0 0 0]
 [3 0 1 0 0 2 8 0 0]
 [0 0 0 8 0 7 2 9 0]]
Solution:
[[3 5 7 4 9 6 8 2 1]
 [6 1 9 7 5 2 4 3 0]
 [0 4 8 0 3 1 6 5 7]
 [8 2 0 3 1 5 7 9 4]
 [1 9 6 8 7 4 2 0 3]
 [7 3 4 0 2 9 5 6 8]
 [9 6 3 1 8 7 0 4 5]
 [2 7 5 9 0 0 3 1 6]
 [0 8 1 6 4 3 9 7 2]]
Number of cells unfilled: 10
Accuracy: 87.65432098765432
Sample: 38068
Question:
[[0 8 0 0 0 0 0 4 0]
 [0 0 0 0 0 0 7 0 5]
 [0 3 5 0 0 1 0 6 2]
 [0 0 0 0 0 2 0 0 1]
 [3 0 0 0 0 0 0 5 9]
 [0 4 0 0 0 0 0 0 0]
 [0 7 4 6 0 0 0 9 0]
 [2 0 0 9 0 0 0 0 0]
 [0 0 0 7 8 0 5 0 0]]
Solution:
[[3 5 2 4 9 6 8 0 1]
 [6 1 9 7 0 2 4 3 0]
 [0 4 8 5 3 1 6 2 7]
 [8 2 0 3 1 5 7 9 4]
 [1 9 6 8 7 4 2 0 3]
 [7 3 4 0 2 9 5 6 8]
 [9 6 3 1 8 7 0 4 2]
 [2 7 5 9 0 0 3 1 6]
 [0 8 1 6 4 3 9 7 5]]
Number of cells unfilled: 11
Accuracy: 86.41975308641975
Sample: 38069
Question:
[[0 0 0 0 0 0 0 0 0]
 [1 7 0 0 0 0 0 0 0]
 [0 0 6 0 5 0 2 0 1]
 [0 3 0 0 0 0 0 0 0]
 [0 0 5 0 2 0 3 0 4]
 [0 9 0 0 4 0 0 1 0]
 [0 4 0 6 0 2 5 0 8]
 [0 0 0 0 8 0 0 0 0]
 [0 0 8 4 0 5 0 0 6]]
Solution:
[[3 5 2 4 9 6 8 0 1]
 [6 1 9 7 5 2 4 3 0]
 [0 4 8 0 3 1 6 2 7]
 [8 2 0 3 1 5 7 9 4]
 [1 9 6 8 7 4 2 0 3]
 [7 3 4 0 2 9 5 6 8]
 [9 6 3 1 8 7 0 4 5]
 [2 7 5 9 0 0 3 1 6]
 [0 8 1 6 4 3 9 7 2]]
Number of cells unfilled: 11
Accuracy: 86.41975308641975
Sample: 38070
Question:
[[0 5 0 0 0 0 0 0 0]
 [0 0 7 0 6 0 9 0 0]
 [0 0 0 0 0 0 0 0 0]
 [0 0 0 3 0 0 0 0 0]
 [9 0 0 0 0 0 4 0 0]
 [0 1 0 5 0 0 0 0 0]
 [0 2 0 0 0 0 0 3 5]
 [8 0 0 0 9 0 0 0 2]
 [0 0 0 0 4 0 0 1 0]]
Solution:
[[3 5 2 4 9 6 0 8 1]
 [6 1 9 7 0 2 4 3 0]
 [0 4 8 5 3 1 6 2 7]
 [8 2 0 3 1 5 7 9 4]
 [1 9 6 8 7 4 2 0 3]
 [4 3 7 0 2 9 5 6 8]
 [9 6 3 1 8 7 0 4 5]
 [2 7 5 9 0 0 3 1 6]
 [0 8 1 6 4 3 9 7 2]]
Number of cells unfilled: 11
Accuracy: 86.41975308641975
Sample: 38071
Question:
[[0 0 1 0 0 2 6 0 0]
 [0 3 0 0 4 0 5 0 0]
 [5 0 0 0 8 0 0 0 4]
 [1 0 0 0 0 5 0 3 0]
 [0 0 0 0 1 0 0 0 9]
 [0 0 2 0 9 3 0 7 0]
 [0 1 0 0 5 9 0 8 0]
 [8 0 0 3 0 0 0 0 0]
 [0 0 0 0 2 0 1 0 0]]
Solution:
[[3 5 7 4 0 6 1 2 9]
 [6 1 9 5 0 2 4 3 0]
 [0 4 8 0 3 1 6 5 7]
 [8 2 0 3 1 5 7 9 4]
 [1 9 6 8 7 4 2 0 3]
 [7 3 4 0 2 9 5 6 8]
 [9 6 3 1 8 7 0 4 5]
 [2 7 5 9 0 0 3 8 6]
 [0 8 1 6 4 3 9 7 2]]
Number of cells unfilled: 12
Accuracy: 85.18518518518519
Sample: 38072
Question:
[[0 0 0 0 0 9 0 0 3]
 [0 1 0 5 0 0 0 7 0]
 [0 0 0 0 2 0 8 0 0]
 [0 0 0 0 3 0 2 0 0]
 [4 0 0 1 0 0 0 6 0]
 [0 7 0 0 0 8 0 0 9]
 [8 4 0 0 0 0 0 0 0]
 [0 6 0 4 0 0 0 0 0]
 [7 0 1 0 0 0 0 5 0]]
Solution:
[[3 5 2 4 0 6 8 1 9]
 [6 1 9 7 5 2 4 3 0]
 [0 4 8 0 9 1 6 5 7]
 [8 2 0 3 1 5 7 9 4]
 [1 9 6 8 7 4 2 0 3]
 [4 3 7 0 2 9 5 6 8]
 [9 7 3 1 8 0 0 4 2]
 [2 0 5 9 0 7 3 8 6]
 [0 8 1 6 4 3 9 7 5]]
Number of cells unfilled: 12
Accuracy: 85.18518518518519
Sample: 38073
Question:
[[0 9 0 0 0 4 0 0 0]
 [0 0 0 1 7 0 0 5 0]
 [7 1 2 0 0 0 0 0 0]
 [0 0 0 0 2 0 0 6 1]
 [0 0 3 6 0 1 0 0 0]
 [0 0 0 0 3 5 8 0 0]
 [0 2 0 8 0 0 6 0 3]
 [0 7 8 0 0 0 0 0 5]
 [5 0 0 0 0 0 9 0 0]]
Solution:
[[3 5 2 4 0 6 1 8 9]
 [6 1 9 7 5 2 4 3 0]
 [0 4 8 0 9 1 6 2 7]
 [8 2 0 3 1 5 7 9 4]
 [1 9 6 8 7 4 2 0 3]
 [7 3 4 0 2 9 5 6 8]
 [9 6 3 1 8 7 0 4 2]
 [2 7 5 9 0 0 3 1 6]
 [0 8 1 6 4 3 9 7 5]]
Number of cells unfilled: 11
Accuracy: 86.41975308641975
Sample: 38074
Question:
[[0 9 7 6 0 0 0 0 0]
 [3 4 0 0 1 0 0 0 0]
 [0 0 0 2 0 7 0 0 0]
 [9 1 6 4 0 0 0 8 0]
 [7 2 0 0 0 0 6 0 0]
 [0 0 0 0 0 0 4 0 0]
 [0 3 5 0 0 0 0 0 0]
 [0 0 8 0 3 0 0 2 1]
 [0 0 0 8 0 0 0 0 6]]
Solution:
[[3 5 2 4 0 6 1 8 9]
 [6 1 9 5 0 2 4 3 0]
 [0 4 8 0 3 1 6 2 7]
 [8 2 0 3 1 5 7 9 4]
 [1 9 6 8 7 4 2 0 3]
 [4 3 7 0 2 9 5 6 8]
 [9 6 3 1 8 7 0 4 2]
 [2 7 5 9 0 0 3 1 6]
 [0 8 1 6 4 3 9 7 5]]
Number of cells unfilled: 12
Accuracy: 85.18518518518519
Sample: 38075
Question:
[[0 0 0 0 0 0 0 2 3]
 [0 2 0 6 0 8 5 0 0]
 [9 0 0 0 0 0 0 6 0]
 [7 0 0 0 0 0 0 0 0]
 [0 5 0 8 0 9 0 3 0]
 [0 0 0 0 1 0 0 0 5]
 [0 8 0 5 0 3 0 0 2]
 [0 0 0 0 4 0 0 8 0]
 [0 0 9 2 0 1 0 0 0]]
Solution:
[[3 5 2 4 0 6 1 8 9]
 [6 1 9 7 5 2 4 3 0]
 [0 4 8 0 9 1 6 5 7]
 [8 2 0 3 1 5 7 9 4]
 [1 9 6 8 7 4 2 0 3]
 [4 3 7 0 2 9 5 6 8]
 [9 6 3 1 8 7 0 4 2]
 [2 7 5 9 0 0 3 1 6]
 [0 8 1 6 4 3 9 7 5]]
Number of cells unfilled: 11
Accuracy: 86.41975308641975
Sample: 38076
Question:
[[0 0 0 0 0 0 0 9 0]
 [0 0 8 0 9 3 1 0 5]
 [0 0 0 1 0 0 8 0 0]
 [0 7 0 0 0 6 0 0 0]
 [0 0 3 9 1 0 0 5 0]
 [9 0 4 8 0 0 0 3 0]
 [2 0 0 0 0 0 0 0 4]
 [0 0 9 3 0 0 0 1 0]
 [0 0 0 0 4 0 0 0 0]]
Solution:
[[3 5 2 4 0 6 8 1 9]
 [6 1 9 7 0 2 4 3 0]
 [0 4 8 5 3 1 6 2 7]
 [8 2 0 3 1 5 7 9 4]
 [1 9 6 8 7 4 2 0 3]
 [7 3 4 0 2 9 5 6 8]
 [9 6 3 1 8 7 0 4 2]
 [2 7 5 9 0 0 3 8 6]
 [0 8 1 6 4 3 9 7 5]]
Number of cells unfilled: 11
Accuracy: 86.41975308641975
Sample: 38077
Question:
[[0 2 0 0 0 0 9 0 0]
 [0 0 1 0 5 0 0 0 4]
 [0 0 0 2 0 0 0 0 0]
 [0 0 4 0 0 0 0 0 0]
 [1 3 0 4 0 5 0 0 7]
 [7 0 0 0 1 0 0 0 0]
 [0 0 5 6 7 0 0 0 2]
 [0 0 3 1 4 0 0 0 5]
 [0 0 0 0 0 8 0 6 0]]
Solution:
[[3 5 7 4 0 6 1 8 9]
 [6 1 9 7 0 2 4 3 0]
 [0 4 8 5 9 1 6 2 7]
 [8 2 0 3 1 5 7 9 4]
 [1 9 6 8 7 4 2 0 3]
 [7 3 4 0 2 9 5 6 8]
 [9 6 3 1 8 7 0 4 2]
 [2 7 5 9 0 0 3 1 6]
 [0 8 1 6 4 3 9 7 5]]
Number of cells unfilled: 11
Accuracy: 86.41975308641975
Sample: 38078
Question:
[[1 0 7 4 0 0 8 0 0]
 [4 0 0 0 0 0 0 0 9]
 [0 6 0 0 8 0 0 0 0]
 [5 0 8 0 0 1 4 0 0]
 [0 0 0 0 5 0 0 9 0]
 [0 0 0 7 4 0 0 0 0]
 [0 3 0 1 0 0 0 0 0]
 [8 0 9 0 7 0 1 0 0]
 [0 0 1 0 0 0 0 2 0]]
Solution:
[[3 5 2 4 9 6 8 0 1]
 [6 1 9 7 5 2 4 3 0]
 [0 4 8 0 3 1 6 5 7]
 [8 2 0 3 1 5 7 9 4]
 [1 9 6 8 7 4 0 2 3]
 [7 3 4 0 2 9 5 6 8]
 [9 6 3 1 8 7 0 4 2]
 [2 7 5 9 0 0 3 8 6]
 [0 8 1 6 4 3 9 7 5]]
Number of cells unfilled: 11
Accuracy: 86.41975308641975
Sample: 38079
Question:
[[0 0 6 3 0 0 0 2 7]
 [0 0 0 7 4 0 0 0 0]
 [0 1 0 2 0 0 3 0 0]
 [0 0 0 8 7 0 0 0 0]
 [0 0 4 0 0 0 5 1 0]
 [0 0 0 5 3 4 2 0 0]
 [0 8 3 0 2 0 0 0 9]
 [0 0 0 0 0 0 4 5 0]
 [6 4 0 0 0 0 8 0 0]]
Solution:
[[3 5 2 4 0 6 8 0 9]
 [6 1 9 5 0 2 4 3 0]
 [0 4 8 0 9 1 6 5 7]
 [8 2 0 3 1 5 7 9 4]
 [1 9 6 8 7 4 2 0 3]
 [4 3 7 0 2 9 5 6 8]
 [9 6 3 1 8 7 0 4 2]
 [2 7 5 9 0 0 3 1 6]
 [0 8 1 6 4 3 9 7 5]]
Number of cells unfilled: 13
Accuracy: 83.9506172839506
Sample: 38080
Question:
[[0 0 0 0 3 0 8 0 0]
 [0 0 0 8 0 0 9 0 0]
 [3 0 0 0 0 0 0 2 5]
 [4 0 0 0 0 0 0 0 0]
 [1 0 0 0 0 2 0 0 3]
 [0 9 0 0 0 0 0 5 6]
 [9 0 8 0 0 3 0 0 0]
 [5 0 0 0 9 0 0 1 0]
 [0 4 7 1 2 0 0 0 8]]
Solution:
[[3 5 2 4 9 6 0 8 1]
 [6 1 9 5 0 2 4 3 0]
 [0 4 8 0 3 1 6 5 7]
 [8 2 0 3 1 5 7 9 4]
 [1 9 6 8 7 4 2 0 3]
 [7 3 4 0 2 9 5 6 8]
 [9 6 3 1 8 7 0 4 2]
 [2 7 5 9 0 0 3 1 6]
 [0 8 1 6 4 3 9 7 5]]
Number of cells unfilled: 12
Accuracy: 85.18518518518519
Sample: 38081
Question:
[[0 3 0 0 0 9 0 0 0]
 [4 0 0 0 0 5 0 0 2]
 [8 0 6 0 0 0 9 0 0]
 [0 0 0 0 0 0 0 6 0]
 [0 5 0 0 1 0 0 0 4]
 [3 0 0 6 0 0 1 7 0]
 [5 0 0 0 9 0 0 8 0]
 [7 0 0 0 0 8 0 0 0]
 [0 0 8 4 5 6 0 0 0]]
Solution:
[[3 5 7 4 0 6 8 2 9]
 [6 1 9 5 0 2 4 3 0]
 [0 4 8 0 9 1 6 5 7]
 [8 2 0 3 1 5 7 9 4]
 [1 9 6 8 7 4 2 0 3]
 [7 3 4 0 2 9 5 6 8]
 [9 6 3 1 8 7 0 4 2]
 [2 7 5 9 0 0 3 8 6]
 [0 8 1 6 4 3 9 7 5]]
Number of cells unfilled: 12
Accuracy: 85.18518518518519
Sample: 38082
Question:
[[0 0 8 6 0 0 0 0 3]
 [6 0 0 7 3 0 2 0 0]
 [0 0 0 0 0 0 0 0 0]
 [0 5 0 2 0 0 6 0 0]
 [7 0 0 3 4 0 0 0 2]
 [0 0 0 0 0 0 0 4 0]
 [3 0 0 4 7 0 0 2 0]
 [0 0 0 0 0 9 0 0 0]
 [0 1 0 0 0 0 4 0 7]]
Solution:
[[3 5 2 4 9 6 0 8 1]
 [6 1 9 5 0 2 4 3 0]
 [0 4 8 0 3 1 6 5 7]
 [8 2 0 3 1 5 7 9 4]
 [1 9 6 8 7 4 0 2 3]
 [4 3 7 0 2 9 5 6 8]
 [9 6 3 1 8 7 0 4 5]
 [2 7 5 9 0 0 3 1 6]
 [0 8 1 6 4 3 9 7 2]]
Number of cells unfilled: 12
Accuracy: 85.18518518518519
Sample: 38083
Question:
[[0 9 0 7 0 8 5 6 0]
 [0 0 0 0 0 0 2 0 0]
 [8 6 0 4 0 0 7 0 0]
 [9 0 0 0 0 0 6 0 0]
 [0 2 0 0 0 5 8 0 9]
 [0 0 3 0 0 0 0 2 5]
 [0 0 0 8 0 0 0 0 0]
 [0 8 0 5 4 0 0 0 6]
 [0 0 0 0 3 9 0 0 4]]
Solution:
[[3 5 2 4 0 6 1 8 9]
 [6 1 9 7 5 2 4 3 0]
 [0 4 8 0 3 1 6 2 7]
 [8 2 0 3 1 5 7 9 4]
 [1 9 6 8 7 4 2 0 3]
 [4 3 7 0 2 9 5 6 8]
 [9 7 3 1 8 0 0 4 5]
 [2 0 5 9 0 7 3 1 6]
 [0 8 1 6 4 3 9 7 2]]
Number of cells unfilled: 12
Accuracy: 85.18518518518519
Sample: 38084
Question:
[[0 9 2 1 7 0 4 8 0]
 [0 0 0 4 0 8 0 0 0]
 [0 0 8 0 0 0 0 0 0]
 [4 2 0 9 0 0 0 1 0]
 [0 0 1 5 0 0 0 3 0]
 [0 0 0 0 0 2 9 4 0]
 [0 0 0 8 0 0 0 0 3]
 [0 7 0 2 0 0 0 0 1]
 [0 1 0 3 9 0 0 0 0]]
Solution:
[[3 5 2 4 9 6 8 0 1]
 [6 1 9 5 0 2 4 3 0]
 [0 4 8 0 3 1 6 2 7]
 [8 2 0 3 1 5 7 9 4]
 [1 9 6 8 7 4 2 0 3]
 [7 3 4 0 2 9 5 6 8]
 [9 6 3 1 8 7 0 4 5]
 [2 7 5 9 0 0 3 1 6]
 [0 8 1 6 4 3 9 7 2]]
Number of cells unfilled: 12
Accuracy: 85.18518518518519
Sample: 38085
Question:
[[8 0 0 0 9 0 0 0 1]
 [7 0 9 1 0 0 0 5 0]
 [0 1 0 0 0 3 0 0 0]
 [2 0 0 0 0 0 0 0 0]
 [0 8 0 3 0 0 0 0 7]
 [0 0 0 0 0 5 6 0 0]
 [0 0 4 0 0 0 0 0 0]
 [0 0 8 0 6 4 2 0 0]
 [0 7 0 9 0 0 0 0 5]]
Solution:
[[3 5 2 4 9 6 0 8 1]
 [6 1 9 5 0 2 4 3 0]
 [0 4 8 0 3 1 6 5 7]
 [8 2 0 3 1 5 7 9 4]
 [1 9 6 8 7 4 2 0 3]
 [7 3 4 0 2 9 5 6 8]
 [9 6 3 1 8 7 0 4 5]
 [2 7 5 9 0 0 3 1 6]
 [0 8 1 6 4 3 9 7 2]]
Number of cells unfilled: 12
Accuracy: 85.18518518518519
Sample: 38086
Question:
[[9 0 0 0 0 0 0 0 8]
 [1 0 0 7 0 0 5 0 0]
 [0 0 8 0 0 5 0 4 0]
 [0 0 0 0 2 0 0 6 3]
 [0 0 6 0 0 3 4 0 0]
 [3 1 0 0 0 0 0 0 0]
 [0 0 0 0 0 0 0 7 0]
 [0 0 7 0 0 6 0 0 4]
 [2 0 0 9 0 0 8 0 0]]
Solution:
[[3 5 7 4 9 6 8 2 1]
 [6 1 9 7 5 2 4 3 0]
 [0 4 8 0 3 1 6 5 7]
 [8 2 0 3 1 5 7 9 4]
 [1 9 6 8 7 4 2 0 3]
 [7 3 4 0 2 9 5 6 8]
 [9 6 3 1 8 7 0 4 5]
 [2 7 5 9 0 0 3 8 6]
 [0 8 1 6 4 3 9 7 2]]
Number of cells unfilled: 10
Accuracy: 87.65432098765432
Sample: 38087
Question:
[[0 1 0 0 9 0 0 0 6]
 [0 0 0 0 0 2 0 5 0]
 [0 0 0 0 7 0 0 0 0]
 [0 9 0 6 8 0 0 0 0]
 [0 0 0 0 0 0 0 3 0]
 [5 0 0 0 0 0 0 2 0]
 [0 0 0 0 0 1 0 0 0]
 [0 0 0 0 0 0 9 0 8]
 [0 0 2 0 0 3 0 0 0]]
Solution:
[[3 5 2 4 0 6 8 1 9]
 [6 1 9 5 0 2 4 3 0]
 [0 4 8 0 9 1 6 5 7]
 [8 2 0 3 1 5 7 9 4]
 [1 9 6 8 7 4 2 0 3]
 [7 3 4 0 2 9 5 6 8]
 [9 7 3 1 8 0 0 4 2]
 [2 0 5 9 0 7 3 8 6]
 [0 8 1 6 4 3 9 7 5]]
Number of cells unfilled: 13
Accuracy: 83.9506172839506
Sample: 38088
Question:
[[0 0 8 0 7 0 2 0 0]
 [2 0 5 0 1 0 0 0 9]
 [0 6 0 0 0 2 0 8 0]
 [6 0 0 0 0 4 0 5 0]
 [0 5 0 7 6 0 0 0 0]
 [0 0 4 0 2 0 3 0 0]
 [0 0 6 0 0 1 0 4 0]
 [0 0 0 0 9 0 0 0 0]
 [0 1 0 0 0 0 5 0 3]]
Solution:
[[3 5 7 4 9 6 8 2 1]
 [6 1 9 7 5 2 4 3 0]
 [0 4 8 0 3 1 6 5 7]
 [8 2 0 3 1 5 7 9 4]
 [1 9 6 8 7 4 2 0 3]
 [7 3 4 0 2 9 5 6 8]
 [9 7 3 1 8 0 0 4 5]
 [2 0 5 9 0 7 3 8 6]
 [0 8 1 6 4 3 9 7 2]]
Number of cells unfilled: 11
Accuracy: 86.41975308641975
Sample: 38089
Question:
[[9 0 0 0 0 0 0 8 0]
 [0 0 5 3 0 0 4 0 0]
 [0 7 0 0 8 9 0 0 0]
 [6 0 0 0 0 0 0 7 0]
 [0 0 3 1 0 0 5 0 0]
 [0 1 0 0 0 6 0 0 0]
 [0 0 0 2 0 0 0 4 0]
 [0 0 2 0 1 0 0 0 3]
 [0 0 0 0 5 3 2 0 0]]
Solution:
[[3 5 2 4 0 6 1 8 9]
 [6 1 9 7 5 2 4 3 0]
 [0 4 8 0 3 1 6 5 7]
 [8 2 0 3 1 5 7 9 4]
 [1 9 6 8 7 4 0 2 3]
 [7 3 4 0 2 9 5 6 8]
 [9 7 3 1 8 0 0 4 5]
 [2 0 5 9 0 7 3 1 6]
 [0 8 1 6 4 3 9 7 2]]
Number of cells unfilled: 12
Accuracy: 85.18518518518519
Sample: 38090
Question:
[[0 2 5 0 0 0 7 0 0]
 [0 0 0 0 0 0 2 0 6]
 [6 0 7 0 3 0 5 0 0]
 [9 0 0 0 6 5 0 0 0]
 [0 0 0 8 0 3 9 0 0]
 [0 0 3 7 0 0 0 0 0]
 [0 0 0 0 8 0 0 0 2]
 [3 4 8 0 0 2 0 0 7]
 [0 6 0 0 0 0 1 4 0]]
Solution:
[[3 5 2 4 9 6 8 0 1]
 [6 1 9 7 5 2 4 3 0]
 [0 4 8 0 3 1 6 5 7]
 [8 2 0 3 1 5 7 9 4]
 [1 9 6 8 7 4 2 0 3]
 [4 3 7 0 2 9 5 6 8]
 [9 7 3 1 8 0 0 4 5]
 [2 0 5 9 0 7 3 8 6]
 [0 8 1 6 4 3 9 7 2]]
Number of cells unfilled: 12
Accuracy: 85.18518518518519
Sample: 38091
Question:
[[6 1 0 0 0 3 0 0 9]
 [0 5 7 0 0 0 3 1 0]
 [0 0 0 0 0 0 8 6 0]
 [0 7 0 0 4 0 0 0 0]
 [5 0 0 0 0 8 9 0 0]
 [0 0 1 5 0 0 0 3 0]
 [0 3 0 8 0 0 1 0 0]
 [1 0 0 0 0 6 0 9 0]
 [0 0 5 0 2 0 0 0 0]]
Solution:
[[3 5 2 4 9 6 0 8 1]
 [6 1 9 7 5 2 4 3 0]
 [0 4 8 0 3 1 6 5 7]
 [8 2 0 3 1 5 7 9 4]
 [1 9 6 8 7 4 2 0 3]
 [4 3 7 0 2 9 5 6 8]
 [9 7 3 1 8 0 0 4 5]
 [2 0 5 9 0 7 3 1 6]
 [0 8 1 6 4 3 9 7 2]]
Number of cells unfilled: 12
Accuracy: 85.18518518518519
Sample: 38092
Question:
[[0 0 1 0 0 3 0 0 0]
 [0 7 0 9 1 0 0 0 0]
 [0 0 0 0 2 0 0 0 4]
 [0 8 0 0 0 0 0 0 7]
 [1 0 6 0 0 0 0 9 0]
 [0 0 3 5 0 0 0 0 0]
 [0 6 0 8 0 0 0 0 0]
 [2 0 9 4 0 0 1 0 0]
 [8 0 0 0 0 9 6 3 0]]
Solution:
[[3 5 7 4 9 6 0 8 1]
 [6 1 9 5 0 2 4 3 0]
 [0 4 8 0 3 1 6 5 7]
 [8 2 0 3 1 5 7 9 4]
 [1 9 6 8 7 4 2 0 3]
 [7 3 4 0 2 9 5 6 8]
 [9 6 3 1 8 7 0 4 2]
 [2 7 5 9 0 0 3 1 6]
 [0 8 1 6 4 3 9 7 5]]
Number of cells unfilled: 12
Accuracy: 85.18518518518519
Sample: 38093
Question:
[[0 9 0 0 0 0 0 2 0]
 [5 8 0 2 0 0 0 6 0]
 [0 0 0 8 5 0 1 0 0]
 [0 0 0 0 2 8 5 3 0]
 [9 0 6 7 0 0 0 0 4]
 [0 0 0 0 0 4 0 0 0]
 [0 0 2 0 0 6 7 0 0]
 [0 6 0 0 0 0 0 0 8]
 [0 4 0 0 0 0 0 5 0]]
Solution:
[[3 5 2 4 0 6 8 1 9]
 [6 1 9 7 5 2 4 3 0]
 [0 4 8 0 3 1 6 5 7]
 [8 2 0 3 1 5 7 9 4]
 [1 9 6 8 7 4 2 0 3]
 [4 3 7 0 2 9 5 6 8]
 [9 7 3 1 8 0 0 4 2]
 [2 0 5 9 0 7 3 8 6]
 [0 8 1 6 4 3 9 7 5]]
Number of cells unfilled: 12
Accuracy: 85.18518518518519
Sample: 38094
Question:
[[0 5 0 8 0 0 0 0 0]
 [0 0 6 0 0 9 0 5 0]
 [1 0 9 0 5 0 0 0 0]
 [0 9 0 5 1 0 0 4 0]
 [0 0 0 4 0 2 0 0 0]
 [4 0 0 0 0 0 7 0 0]
 [9 0 0 7 0 0 2 0 3]
 [0 6 0 0 8 0 0 9 0]
 [0 0 3 0 0 0 0 0 4]]
Solution:
[[3 5 2 4 0 6 8 1 9]
 [6 1 9 7 0 2 4 3 0]
 [0 4 8 5 9 1 6 2 7]
 [8 2 0 3 1 5 7 9 4]
 [1 9 6 8 7 4 2 0 3]
 [4 3 7 0 2 9 5 6 8]
 [9 6 3 1 8 7 0 4 2]
 [2 7 5 9 0 0 3 8 6]
 [0 8 1 6 4 3 9 7 5]]
Number of cells unfilled: 11
Accuracy: 86.41975308641975
Sample: 38095
Question:
[[0 0 4 0 0 9 6 0 0]
 [0 0 0 0 3 0 0 2 0]
 [0 0 0 8 6 0 0 0 5]
 [0 0 0 0 5 0 0 0 0]
 [0 1 0 0 0 6 7 0 0]
 [0 0 0 2 0 0 0 0 3]
 [0 0 7 0 0 0 0 8 6]
 [0 4 0 0 0 7 1 0 0]
 [0 9 1 0 0 0 0 0 0]]
Solution:
[[3 5 2 4 0 6 8 0 9]
 [6 1 9 7 5 2 4 3 0]
 [0 4 8 0 9 1 6 2 7]
 [8 2 0 3 1 5 7 9 4]
 [1 9 6 8 7 4 2 0 3]
 [4 3 7 0 2 9 5 6 8]
 [9 6 3 1 8 7 0 4 5]
 [2 7 5 9 0 0 3 1 6]
 [0 8 1 6 4 3 9 7 2]]
Number of cells unfilled: 12
Accuracy: 85.18518518518519
Sample: 38096
Question:
[[0 0 8 0 0 0 1 0 0]
 [0 6 0 0 7 0 0 9 0]
 [4 0 0 0 0 0 0 0 0]
 [1 0 0 0 0 0 0 0 8]
 [0 0 5 0 9 0 4 0 0]
 [0 3 0 0 0 2 0 6 0]
 [0 9 0 0 2 0 0 7 0]
 [0 0 0 0 3 7 0 0 0]
 [0 0 0 0 0 9 6 0 5]]
Solution:
[[3 5 2 4 0 6 8 0 9]
 [6 1 9 5 0 2 4 3 0]
 [0 4 8 0 9 1 6 2 7]
 [8 2 0 3 1 5 7 9 4]
 [1 9 6 8 7 4 2 0 3]
 [4 3 7 0 2 9 5 6 8]
 [9 7 3 1 8 0 0 4 2]
 [2 0 5 9 0 7 3 1 6]
 [0 8 1 6 4 3 9 7 5]]
Number of cells unfilled: 14
Accuracy: 82.71604938271605
Sample: 38097
Question:
[[0 4 8 9 0 0 0 0 5]
 [0 0 7 0 4 3 0 0 0]
 [2 1 0 0 8 5 4 0 0]
 [7 0 0 0 0 0 1 0 0]
 [0 0 0 0 0 7 0 5 4]
 [0 6 2 1 0 0 7 0 8]
 [9 0 0 3 0 2 0 0 0]
 [0 0 0 0 0 0 0 6 0]
 [0 0 0 0 9 0 0 1 0]]
Solution:
[[3 5 7 4 0 6 8 1 9]
 [6 1 9 7 5 2 4 3 0]
 [0 4 8 0 3 1 6 5 7]
 [8 2 0 3 1 5 7 9 4]
 [1 9 6 8 7 4 2 0 3]
 [7 3 4 0 2 9 5 6 8]
 [9 6 3 1 8 7 0 4 2]
 [2 7 5 9 0 0 3 8 6]
 [0 8 1 6 4 3 9 7 5]]
Number of cells unfilled: 11
Accuracy: 86.41975308641975
Sample: 38098
Question:
[[0 6 0 0 0 8 0 0 5]
 [3 0 0 7 9 0 0 0 8]
 [0 0 4 2 0 0 6 3 0]
 [0 0 2 0 0 7 0 9 0]
 [7 0 0 9 5 0 2 0 1]
 [5 0 8 0 6 0 3 0 0]
 [0 1 0 0 2 0 0 0 0]
 [6 0 0 0 0 0 9 4 0]
 [0 5 0 8 3 4 0 0 7]]
Solution:
[[3 5 2 4 0 6 1 8 9]
 [6 1 9 5 0 2 4 3 0]
 [0 4 8 0 9 1 6 5 7]
 [8 2 0 3 1 5 7 9 4]
 [1 9 6 8 7 4 2 0 3]
 [4 3 7 0 2 9 5 6 8]
 [9 6 3 1 8 0 0 4 2]
 [2 0 5 9 0 7 3 1 6]
 [0 8 1 6 4 3 9 7 5]]
Number of cells unfilled: 13
Accuracy: 83.9506172839506
Sample: 38099
Question:
[[4 7 0 0 0 0 0 0 0]
 [0 5 0 0 7 0 0 0 1]
 [9 0 0 0 0 0 0 0 0]
 [0 0 3 0 0 0 0 2 8]
 [0 0 0 6 0 1 0 0 0]
 [0 0 7 3 8 0 0 6 9]
 [2 0 0 0 0 0 0 1 0]
 [0 0 0 0 9 3 0 0 6]
 [0 1 5 2 0 4 0 8 0]]
Solution:
[[3 5 7 4 0 6 1 8 9]
 [6 1 9 5 0 2 4 3 0]
 [0 4 8 0 9 1 6 2 7]
 [8 2 0 3 1 5 7 9 4]
 [1 9 6 8 7 4 2 0 3]
 [7 3 4 0 2 9 5 6 8]
 [9 6 3 1 8 7 0 4 2]
 [2 7 5 9 0 0 3 1 6]
 [0 8 1 6 4 3 9 7 5]]
Number of cells unfilled: 12
Accuracy: 85.18518518518519
Sample: 38100
Question:
[[3 5 0 0 0 6 0 0 0]
 [6 0 0 0 0 2 0 3 0]
 [0 4 8 0 0 0 6 0 7]
 [8 2 0 0 0 5 0 0 4]
 [1 0 0 0 0 0 0 0 0]
 [0 0 0 0 2 0 5 0 8]
 [9 0 3 1 0 0 0 4 0]
 [0 0 0 0 0 0 0 0 6]
 [0 0 0 0 4 3 9 7 0]]
Solution:
[[3 5 7 4 9 6 8 2 1]
 [6 1 9 5 0 2 4 3 0]
 [0 4 8 0 3 1 6 5 7]
 [8 2 0 3 1 5 7 9 4]
 [1 9 6 8 7 4 2 0 3]
 [7 3 4 0 2 9 5 6 8]
 [9 6 3 1 8 7 0 4 2]
 [2 7 5 9 0 0 3 8 6]
 [0 8 1 6 4 3 9 7 5]]
Number of cells unfilled: 11
Accuracy: 86.41975308641975
