2025-10-22 14:32:33.129712: I tensorflow/core/util/port.cc:153] oneDNN custom operations are on. You may see slightly different numerical results due to floating-point round-off errors from different computation orders. To turn them off, set the environment variable `TF_ENABLE_ONEDNN_OPTS=0`.
2025-10-22 14:32:33.949618: I tensorflow/core/platform/cpu_feature_guard.cc:210] This TensorFlow binary is optimized to use available CPU instructions in performance-critical operations.
To enable the following instructions: AVX2 AVX512F AVX512_VNNI FMA, in other operations, rebuild TensorFlow with the appropriate compiler flags.
2025-10-22 14:32:38.478748: I tensorflow/core/util/port.cc:153] oneDNN custom operations are on. You may see slightly different numerical results due to floating-point round-off errors from different computation orders. To turn them off, set the environment variable `TF_ENABLE_ONEDNN_OPTS=0`.
2025-10-22 14:32:44.819390: E external/local_xla/xla/stream_executor/cuda/cuda_platform.cc:51] failed call to cuInit: INTERNAL: CUDA error: Failed call to cuInit: UNKNOWN ERROR (303)
Sample: 39001
Question:
[[7 0 0 0 0 0 0 8 0]
 [0 0 0 0 0 0 9 0 0]
 [0 9 6 0 0 2 0 0 5]
 [4 0 0 2 0 0 1 0 0]
 [0 0 9 0 0 1 0 7 0]
 [0 1 0 0 6 0 0 0 2]
 [0 0 4 0 0 6 0 0 0]
 [0 5 0 7 0 0 0 0 3]
 [9 0 0 0 5 3 8 0 0]]
Solution:
[[7 8 4 5 9 1 6 3 2]
 [5 3 1 6 0 2 7 9 8]
 [2 6 9 4 7 3 1 0 5]
 [3 9 0 7 6 8 4 2 1]
 [8 7 6 0 2 9 3 0 0]
 [0 0 2 1 3 4 5 6 7]
 [4 0 3 9 1 6 8 7 0]
 [0 2 5 3 4 7 0 1 9]
 [6 1 7 2 8 5 0 4 3]]
Number of cells unfilled: 13
Accuracy: 83.9506172839506
Sample: 39002
Question:
[[0 0 4 8 0 2 0 0 9]
 [7 0 1 6 5 0 0 0 2]
 [0 2 0 0 0 7 0 0 0]
 [5 0 0 2 0 0 0 8 0]
 [0 4 2 0 0 6 9 0 0]
 [9 0 0 0 0 0 4 0 0]
 [4 1 7 0 0 3 0 0 0]
 [0 0 9 1 0 0 0 0 0]
 [0 0 0 0 0 0 0 0 7]]
Solution:
[[7 8 4 5 9 1 6 3 2]
 [5 3 1 6 0 2 7 9 8]
 [2 6 9 4 7 3 1 0 5]
 [3 9 0 7 6 8 4 2 1]
 [8 7 6 0 5 9 3 0 0]
 [0 0 2 1 3 4 5 6 7]
 [0 4 3 9 1 6 8 7 0]
 [0 2 5 3 4 7 0 1 9]
 [6 1 7 2 8 5 0 4 3]]
Number of cells unfilled: 13
Accuracy: 83.9506172839506
Sample: 39003
Question:
[[0 0 0 0 0 0 0 9 0]
 [9 0 0 3 0 0 0 7 0]
 [0 0 2 0 1 0 0 0 8]
 [0 0 7 0 8 0 0 0 2]
 [0 0 0 0 0 6 4 0 0]
 [0 6 0 4 0 0 0 3 7]
 [7 2 0 0 0 0 0 1 5]
 [0 0 5 0 0 0 0 0 0]
 [1 8 0 0 5 0 7 0 0]]
Solution:
[[7 8 4 5 9 1 6 3 2]
 [5 3 1 6 0 2 7 9 8]
 [2 6 9 4 7 3 1 0 5]
 [3 9 0 7 6 8 4 2 1]
 [8 7 6 0 5 9 3 0 0]
 [0 0 2 1 3 4 5 6 7]
 [4 0 3 9 1 6 8 7 0]
 [6 2 5 3 4 7 0 1 9]
 [9 1 7 2 8 5 0 4 3]]
Number of cells unfilled: 12
Accuracy: 85.18518518518519
Sample: 39004
Question:
[[5 0 0 0 0 1 0 0 0]
 [0 6 0 0 2 0 0 9 0]
 [0 0 0 7 0 0 0 0 0]
 [0 3 0 0 4 6 0 0 9]
 [6 4 0 0 0 7 3 2 0]
 [8 0 0 0 0 0 4 6 0]
 [0 0 8 0 0 5 0 0 0]
 [0 0 0 1 0 0 0 4 0]
 [0 2 0 0 3 0 9 0 0]]
Solution:
[[7 8 4 5 9 1 6 3 2]
 [5 3 1 6 0 2 7 9 8]
 [2 6 9 4 7 3 1 0 5]
 [3 9 0 7 6 8 4 2 1]
 [8 4 6 0 5 9 3 0 0]
 [0 0 2 1 3 4 5 6 7]
 [4 0 3 9 1 6 8 7 0]
 [6 2 5 3 4 7 0 1 9]
 [9 1 7 2 8 5 0 4 3]]
Number of cells unfilled: 12
Accuracy: 85.18518518518519
Sample: 39005
Question:
[[0 0 2 6 0 0 0 0 5]
 [8 0 0 0 0 9 1 0 0]
 [0 0 0 0 8 2 0 0 0]
 [0 9 0 0 0 0 0 4 0]
 [0 0 5 2 0 0 0 0 3]
 [0 0 0 0 4 1 0 0 0]
 [5 2 0 7 0 0 3 0 0]
 [3 0 0 0 0 0 0 0 7]
 [0 0 7 0 0 6 0 0 0]]
Solution:
[[7 8 4 5 9 1 6 3 2]
 [5 3 1 6 0 2 7 9 8]
 [2 6 9 4 7 3 1 0 5]
 [3 9 0 7 6 8 4 2 1]
 [8 5 6 0 2 9 3 0 0]
 [0 0 2 1 3 4 5 6 7]
 [4 0 3 9 1 6 8 7 0]
 [6 2 5 3 4 7 0 1 9]
 [9 1 7 2 8 5 0 4 3]]
Number of cells unfilled: 12
Accuracy: 85.18518518518519
Sample: 39006
Question:
[[6 1 0 0 0 0 8 0 0]
 [0 0 2 0 1 0 0 5 0]
 [0 5 0 4 0 0 0 0 1]
 [0 0 0 0 0 7 0 0 8]
 [0 0 3 0 0 9 4 0 0]
 [0 2 0 0 5 0 0 3 0]
 [2 0 0 0 6 0 0 1 0]
 [0 0 0 7 0 0 0 0 0]
 [0 6 0 0 0 0 9 0 0]]
Solution:
[[7 8 4 5 9 1 6 3 2]
 [5 3 1 6 0 2 7 9 8]
 [2 6 9 4 7 3 1 0 5]
 [3 9 0 7 6 8 4 2 1]
 [8 4 6 0 2 9 3 0 0]
 [0 0 2 1 3 4 5 6 7]
 [4 0 3 9 1 6 8 7 0]
 [6 2 5 3 4 7 0 1 9]
 [9 1 7 2 8 5 0 4 3]]
Number of cells unfilled: 12
Accuracy: 85.18518518518519
Sample: 39007
Question:
[[0 5 0 0 2 0 3 0 0]
 [0 0 1 0 4 0 7 0 0]
 [6 0 0 1 0 0 0 5 0]
 [0 0 6 4 0 0 0 9 0]
 [5 0 0 0 0 0 4 0 0]
 [0 0 0 0 0 7 0 0 0]
 [8 0 9 0 0 4 0 0 3]
 [1 0 0 0 0 2 0 0 0]
 [0 6 0 9 0 0 0 8 0]]
Solution:
[[7 8 4 5 9 1 6 3 2]
 [5 3 1 6 0 2 7 9 8]
 [2 6 9 4 7 3 1 0 5]
 [3 9 0 7 6 8 4 2 1]
 [8 7 6 0 5 9 3 0 0]
 [0 0 2 1 3 4 5 6 7]
 [0 4 3 9 1 6 8 7 0]
 [6 2 5 3 4 7 0 1 9]
 [9 1 7 2 8 5 0 4 3]]
Number of cells unfilled: 12
Accuracy: 85.18518518518519
Sample: 39008
Question:
[[0 0 0 0 0 4 0 5 0]
 [0 3 0 7 0 0 8 0 0]
 [4 0 0 0 0 0 0 0 9]
 [9 0 1 0 0 0 0 0 0]
 [0 7 0 6 0 0 2 0 0]
 [0 0 0 0 1 5 0 0 0]
 [7 0 0 3 0 0 0 8 0]
 [0 8 0 0 0 6 0 2 3]
 [0 0 0 0 8 0 6 0 0]]
Solution:
[[7 8 4 5 9 1 6 3 2]
 [5 3 1 6 0 2 7 9 8]
 [2 6 9 4 7 3 1 0 5]
 [3 9 0 7 6 8 4 2 1]
 [8 7 6 0 5 9 3 0 0]
 [0 0 2 1 3 4 5 6 7]
 [4 0 3 9 1 6 8 7 0]
 [6 2 5 3 4 7 0 1 9]
 [9 1 7 2 8 5 0 4 3]]
Number of cells unfilled: 12
Accuracy: 85.18518518518519
Sample: 39009
Question:
[[0 0 0 0 1 0 6 5 0]
 [0 1 0 4 6 0 0 0 0]
 [0 0 0 0 0 3 0 8 0]
 [4 0 0 9 0 1 0 0 0]
 [3 0 0 6 0 0 9 1 0]
 [0 0 0 0 2 7 0 0 0]
 [5 6 8 3 4 0 0 0 9]
 [0 0 3 8 0 0 0 0 5]
 [0 4 0 0 0 0 0 6 0]]
Solution:
[[7 8 4 5 9 1 6 3 2]
 [5 3 1 6 0 2 7 9 8]
 [2 6 9 4 7 3 1 0 5]
 [3 9 0 7 6 8 4 2 1]
 [8 5 6 0 2 9 3 0 0]
 [0 0 2 1 3 4 5 6 7]
 [0 4 3 9 1 6 8 7 0]
 [6 2 5 3 4 7 0 1 9]
 [9 1 7 2 8 5 0 4 3]]
Number of cells unfilled: 12
Accuracy: 85.18518518518519
Sample: 39010
Question:
[[5 2 0 0 7 0 0 0 6]
 [0 0 4 0 0 0 2 1 0]
 [0 0 0 0 0 2 0 0 0]
 [3 0 0 7 0 5 8 0 0]
 [0 0 0 0 0 8 0 0 3]
 [0 0 6 0 3 0 0 5 0]
 [0 0 0 9 0 1 6 0 0]
 [6 0 0 0 5 0 0 0 8]
 [0 9 0 0 0 0 0 4 0]]
Solution:
[[7 8 4 5 9 1 6 3 2]
 [5 3 1 6 0 2 7 9 8]
 [2 6 9 4 7 3 1 0 5]
 [3 9 0 7 6 8 4 2 1]
 [8 7 6 0 5 9 3 0 0]
 [0 0 2 1 3 4 5 6 7]
 [0 4 3 9 1 6 8 7 0]
 [0 2 5 3 4 7 0 1 9]
 [6 1 7 2 8 5 0 4 3]]
Number of cells unfilled: 13
Accuracy: 83.9506172839506
Sample: 39011
Question:
[[0 0 0 0 5 7 2 0 1]
 [4 0 6 2 0 0 0 0 5]
 [0 0 0 0 0 0 0 0 3]
 [0 4 3 0 0 9 0 0 0]
 [2 0 9 3 0 0 0 0 7]
 [0 0 0 0 0 0 0 0 0]
 [8 0 0 0 0 3 0 0 9]
 [0 0 0 8 1 0 0 6 0]
 [3 5 0 0 9 0 1 0 0]]
Solution:
[[7 8 4 5 9 1 6 3 2]
 [5 3 1 6 0 2 7 9 8]
 [2 6 9 4 7 3 1 0 5]
 [3 9 0 7 6 8 4 2 1]
 [8 4 6 0 5 9 3 0 0]
 [0 0 2 1 3 4 5 6 7]
 [4 0 3 9 1 6 8 7 0]
 [0 2 5 3 4 7 0 1 9]
 [6 1 7 2 8 5 0 4 3]]
Number of cells unfilled: 13
Accuracy: 83.9506172839506
Sample: 39012
Question:
[[0 0 0 0 0 0 0 0 0]
 [0 0 1 5 0 7 0 2 0]
 [4 0 9 0 0 0 0 0 0]
 [7 0 0 6 0 0 9 0 5]
 [0 0 0 0 0 9 3 0 8]
 [0 0 0 0 0 0 0 0 0]
 [0 1 5 0 2 0 0 0 6]
 [0 6 4 8 0 1 0 5 0]
 [9 3 0 0 0 5 0 0 0]]
Solution:
[[7 8 4 5 9 1 6 3 2]
 [5 3 1 6 0 2 7 9 8]
 [2 6 9 4 7 3 1 0 5]
 [3 9 0 7 6 8 4 2 1]
 [8 7 6 0 5 9 3 0 0]
 [0 0 2 1 3 4 5 6 7]
 [0 4 3 9 1 6 8 7 0]
 [0 2 5 3 4 7 0 1 9]
 [6 1 7 2 8 5 0 4 3]]
Number of cells unfilled: 13
Accuracy: 83.9506172839506
Sample: 39013
Question:
[[0 0 5 0 0 3 6 0 0]
 [0 0 3 0 0 0 0 1 0]
 [4 1 0 0 0 0 0 0 3]
 [0 0 0 0 0 0 0 0 7]
 [0 8 0 4 0 0 0 6 0]
 [1 9 7 0 0 5 0 2 0]
 [7 4 0 0 0 1 2 5 0]
 [0 5 0 0 9 0 0 4 1]
 [0 0 0 0 0 0 0 3 0]]
Solution:
[[7 8 4 5 9 1 6 3 2]
 [5 3 1 6 0 2 7 9 8]
 [2 6 9 4 7 3 1 0 5]
 [3 9 0 7 6 8 4 2 1]
 [8 7 6 0 5 9 3 0 0]
 [0 0 2 1 3 4 5 6 7]
 [0 4 3 9 1 6 8 7 0]
 [0 2 5 3 4 7 0 1 9]
 [6 1 7 2 8 5 0 4 3]]
Number of cells unfilled: 13
Accuracy: 83.9506172839506
Sample: 39014
Question:
[[0 0 0 0 0 0 0 2 0]
 [0 0 5 0 8 0 4 0 0]
 [0 1 0 0 0 4 0 0 5]
 [0 0 1 0 0 3 0 0 7]
 [7 0 0 9 0 0 0 0 0]
 [3 0 0 0 2 0 0 6 0]
 [1 0 0 0 0 5 0 0 3]
 [0 0 4 0 0 0 6 0 0]
 [0 7 0 0 9 0 0 8 0]]
Solution:
[[7 8 4 5 9 1 6 3 2]
 [5 3 1 6 0 2 7 9 8]
 [2 6 9 4 7 3 1 0 5]
 [3 9 0 7 6 8 4 2 1]
 [8 4 6 0 2 9 3 0 0]
 [0 0 2 1 3 4 5 6 7]
 [4 0 3 9 1 6 8 7 0]
 [6 2 5 3 4 7 0 1 9]
 [9 1 7 2 8 5 0 4 3]]
Number of cells unfilled: 12
Accuracy: 85.18518518518519
Sample: 39015
Question:
[[0 9 0 0 4 0 0 6 0]
 [0 0 0 0 0 0 0 0 7]
 [0 0 6 1 0 0 4 0 0]
 [0 3 0 0 2 0 0 0 9]
 [0 0 4 0 0 1 2 0 0]
 [0 0 0 0 6 0 0 5 0]
 [0 7 8 4 0 0 0 0 5]
 [0 0 2 0 1 0 8 0 0]
 [3 0 0 0 0 8 0 0 0]]
Solution:
[[7 8 4 5 9 1 6 3 2]
 [5 3 1 6 0 2 7 9 8]
 [2 6 9 4 7 3 1 0 5]
 [3 9 0 7 6 8 4 2 1]
 [8 4 6 0 5 9 3 0 0]
 [0 0 2 1 3 4 5 6 7]
 [4 0 3 9 1 6 8 7 0]
 [6 2 5 3 4 7 0 1 9]
 [9 1 7 2 8 5 0 4 3]]
Number of cells unfilled: 12
Accuracy: 85.18518518518519
Sample: 39016
Question:
[[4 0 0 3 2 0 0 0 0]
 [0 7 0 8 0 0 3 0 6]
 [0 0 5 0 0 7 0 0 0]
 [9 0 2 0 0 0 0 0 0]
 [0 0 0 0 0 0 1 5 0]
 [0 5 3 0 0 0 0 0 0]
 [0 3 0 1 8 0 2 4 0]
 [0 0 7 0 6 0 0 9 0]
 [0 0 0 0 5 0 0 0 8]]
Solution:
[[7 8 4 5 9 1 6 3 2]
 [5 3 1 6 0 2 7 9 8]
 [2 6 9 4 7 3 1 0 5]
 [3 9 0 7 6 8 4 2 1]
 [8 7 6 0 5 9 3 0 0]
 [0 0 2 1 3 4 5 6 7]
 [0 4 3 9 1 6 8 7 0]
 [0 2 5 3 4 7 0 1 9]
 [6 1 7 2 8 5 0 4 3]]
Number of cells unfilled: 13
Accuracy: 83.9506172839506
Sample: 39017
Question:
[[0 0 0 0 0 3 0 0 0]
 [0 0 0 0 0 2 0 0 6]
 [0 0 9 5 0 0 0 2 0]
 [0 8 0 7 0 0 2 0 0]
 [9 2 0 0 0 0 0 7 0]
 [0 0 7 0 0 0 8 0 5]
 [0 0 5 9 0 0 0 8 0]
 [6 0 0 2 0 7 0 5 0]
 [4 1 0 0 0 0 0 0 0]]
Solution:
[[7 8 4 5 9 1 6 3 2]
 [5 3 1 6 0 2 7 9 8]
 [2 6 9 4 7 3 1 0 5]
 [3 9 0 7 6 8 4 2 1]
 [8 5 6 0 2 9 3 0 0]
 [0 0 2 1 3 4 5 6 7]
 [4 0 3 9 1 6 8 7 0]
 [6 2 5 3 4 7 0 1 9]
 [9 1 7 2 8 5 0 4 3]]
Number of cells unfilled: 12
Accuracy: 85.18518518518519
Sample: 39018
Question:
[[0 0 0 0 6 0 0 0 0]
 [0 0 1 0 0 5 0 3 0]
 [0 0 0 0 3 0 2 0 0]
 [0 2 0 0 9 3 0 5 0]
 [4 8 0 0 0 0 0 0 0]
 [0 0 5 0 0 1 0 7 0]
 [0 0 9 0 0 0 5 0 7]
 [0 5 0 0 0 9 0 0 3]
 [3 1 0 0 0 0 0 9 0]]
Solution:
[[7 8 4 5 9 1 6 3 2]
 [5 3 1 6 0 2 7 9 8]
 [2 6 9 4 7 3 1 0 5]
 [3 9 0 7 6 8 4 2 1]
 [8 7 6 0 2 9 3 0 0]
 [0 0 2 1 3 4 5 6 7]
 [0 4 3 9 1 6 8 7 0]
 [0 2 5 3 4 7 0 1 9]
 [6 1 7 2 8 5 0 4 3]]
Number of cells unfilled: 13
Accuracy: 83.9506172839506
Sample: 39019
Question:
[[0 0 0 8 6 0 0 0 0]
 [0 0 4 0 0 7 1 0 0]
 [2 0 3 0 5 0 7 0 0]
 [0 0 2 0 7 0 0 0 3]
 [0 3 0 0 0 2 0 7 1]
 [0 0 0 3 4 0 2 0 0]
 [0 0 7 0 0 4 3 0 0]
 [9 0 0 0 0 0 0 0 0]
 [0 0 0 0 0 0 0 5 0]]
Solution:
[[7 8 4 5 9 1 6 3 2]
 [5 3 1 6 0 2 7 9 8]
 [2 6 9 4 7 3 1 0 5]
 [3 9 0 7 6 8 4 2 1]
 [8 5 6 0 2 9 3 0 0]
 [0 0 2 1 3 4 5 6 7]
 [4 0 3 9 1 6 8 7 0]
 [0 2 5 3 4 7 0 1 9]
 [6 1 7 2 8 5 0 4 3]]
Number of cells unfilled: 13
Accuracy: 83.9506172839506
Sample: 39020
Question:
[[0 0 1 5 0 0 4 8 0]
 [4 5 0 0 0 0 0 0 0]
 [8 0 0 0 7 0 0 0 0]
 [0 0 0 0 0 9 0 1 0]
 [0 1 0 8 0 0 2 5 0]
 [5 0 0 0 0 0 0 0 0]
 [1 0 0 2 0 0 8 0 0]
 [0 4 5 0 0 0 0 0 6]
 [0 0 2 0 0 0 0 7 3]]
Solution:
[[7 8 4 5 9 1 6 3 2]
 [5 3 1 6 0 2 7 9 8]
 [2 6 9 4 7 3 1 0 5]
 [3 9 0 7 6 8 4 2 1]
 [8 7 6 0 5 9 3 0 0]
 [0 0 2 1 3 4 5 6 7]
 [0 4 3 9 1 6 8 7 0]
 [6 2 5 3 4 7 0 1 9]
 [9 1 7 2 8 5 0 4 3]]
Number of cells unfilled: 12
Accuracy: 85.18518518518519
Sample: 39021
Question:
[[0 0 4 0 7 0 0 0 3]
 [0 0 3 0 6 9 8 0 0]
 [0 0 0 0 0 0 5 2 0]
 [0 0 0 0 0 1 0 0 0]
 [0 8 0 0 0 0 0 0 0]
 [0 0 6 0 3 0 0 0 7]
 [6 0 0 0 9 0 3 0 0]
 [0 0 0 0 0 7 0 0 9]
 [0 0 9 0 0 4 0 6 0]]
Solution:
[[7 8 4 5 9 1 6 3 2]
 [5 3 1 6 0 2 7 9 8]
 [2 6 9 4 7 3 1 0 5]
 [3 9 0 7 6 8 4 2 1]
 [8 5 6 0 2 9 3 0 0]
 [0 0 2 1 3 4 5 6 7]
 [0 4 3 9 1 6 8 7 0]
 [0 2 5 3 4 7 0 1 9]
 [6 1 7 2 8 5 0 4 3]]
Number of cells unfilled: 13
Accuracy: 83.9506172839506
Sample: 39022
Question:
[[0 0 2 0 3 0 1 0 0]
 [0 0 0 0 0 0 0 9 6]
 [7 8 0 6 0 0 0 0 0]
 [0 0 3 0 1 0 4 0 0]
 [0 9 0 0 0 8 0 0 0]
 [0 0 0 7 0 0 0 0 0]
 [0 0 5 0 0 2 0 4 1]
 [2 0 0 1 0 0 5 0 0]
 [0 0 0 0 5 0 0 3 0]]
Solution:
[[7 8 4 5 9 1 6 3 2]
 [5 3 1 6 0 2 7 9 8]
 [2 6 9 4 7 3 1 0 5]
 [3 9 0 7 6 8 4 2 1]
 [8 5 6 0 2 9 3 0 0]
 [0 0 2 1 3 4 5 6 7]
 [4 0 3 9 1 6 8 7 0]
 [6 2 5 3 4 7 0 1 9]
 [9 1 7 2 8 5 0 4 3]]
Number of cells unfilled: 12
Accuracy: 85.18518518518519
Sample: 39023
Question:
[[0 9 0 0 0 5 1 0 6]
 [8 0 0 6 0 0 0 0 0]
 [0 0 0 9 2 0 0 0 0]
 [0 4 0 2 0 0 9 0 5]
 [0 0 0 0 0 4 0 7 0]
 [1 0 0 0 5 0 0 0 0]
 [0 1 0 0 0 2 0 0 0]
 [0 2 0 0 6 0 5 0 4]
 [0 0 3 0 0 0 0 0 0]]
Solution:
[[7 8 4 5 9 1 6 3 2]
 [5 3 1 6 0 2 7 9 8]
 [2 6 9 4 7 3 1 0 5]
 [3 9 0 7 6 8 4 2 1]
 [8 5 6 0 2 9 3 0 0]
 [0 0 2 1 3 4 5 6 7]
 [4 0 3 9 1 6 8 7 0]
 [0 2 5 3 4 7 0 1 9]
 [6 1 7 2 8 5 0 4 3]]
Number of cells unfilled: 13
Accuracy: 83.9506172839506
Sample: 39024
Question:
[[0 0 0 0 0 0 8 9 0]
 [0 0 2 0 0 6 0 0 3]
 [0 0 0 0 0 0 0 0 0]
 [9 0 0 0 5 0 0 0 0]
 [4 0 0 0 9 0 0 5 0]
 [0 0 6 3 0 1 0 0 0]
 [8 0 0 0 0 0 4 0 0]
 [0 0 0 7 0 3 0 0 6]
 [0 0 1 0 0 0 0 0 7]]
Solution:
[[7 8 4 5 9 1 6 3 2]
 [5 3 1 6 0 2 7 9 8]
 [2 6 9 4 7 3 1 0 5]
 [3 9 0 7 6 8 4 2 1]
 [8 7 6 0 5 9 3 0 0]
 [0 0 2 1 3 4 5 6 7]
 [0 4 3 9 1 6 8 7 0]
 [6 2 5 3 4 7 0 1 9]
 [9 1 7 2 8 5 0 4 3]]
Number of cells unfilled: 12
Accuracy: 85.18518518518519
Sample: 39025
Question:
[[0 0 0 0 6 0 2 0 0]
 [6 0 0 0 0 5 0 9 1]
 [0 0 0 3 9 0 0 6 4]
 [0 1 0 0 2 9 8 0 0]
 [7 8 0 0 3 0 0 1 0]
 [0 0 0 0 0 7 9 5 3]
 [0 0 5 0 1 0 0 2 0]
 [8 7 0 0 0 6 5 0 0]
 [2 3 4 0 0 0 0 7 6]]
Solution:
[[7 8 4 5 9 1 6 3 2]
 [5 3 1 6 0 2 7 9 8]
 [2 6 9 4 7 3 1 0 5]
 [3 9 0 7 6 8 4 2 1]
 [8 7 6 0 5 9 3 0 0]
 [0 0 2 1 3 4 5 6 7]
 [4 0 3 9 1 6 8 7 0]
 [6 2 5 3 4 7 0 1 9]
 [9 1 7 2 8 5 0 4 3]]
Number of cells unfilled: 12
Accuracy: 85.18518518518519
Sample: 39026
Question:
[[0 0 0 0 0 0 8 0 3]
 [6 7 0 3 0 0 0 4 5]
 [0 5 0 0 4 0 6 9 0]
 [0 0 0 0 0 8 9 0 0]
 [4 0 0 5 6 0 0 0 2]
 [0 0 0 0 3 0 0 7 0]
 [2 3 0 4 9 0 0 6 0]
 [7 0 0 0 0 0 4 0 9]
 [0 0 0 0 0 3 0 0 0]]
Solution:
[[7 8 4 5 9 1 6 3 2]
 [5 3 1 6 0 2 7 9 8]
 [2 6 9 4 7 3 1 0 5]
 [3 9 0 7 6 8 4 2 1]
 [8 7 6 0 2 9 3 0 0]
 [0 0 2 1 3 4 5 6 7]
 [4 0 3 9 1 6 8 7 0]
 [6 2 5 3 4 7 0 1 9]
 [9 1 7 2 8 5 0 4 3]]
Number of cells unfilled: 12
Accuracy: 85.18518518518519
Sample: 39027
Question:
[[0 8 0 3 1 0 7 0 0]
 [1 0 0 0 0 0 0 0 6]
 [9 5 0 0 6 0 0 8 0]
 [0 0 0 0 0 0 0 6 0]
 [8 0 0 1 0 0 9 0 0]
 [0 0 3 4 0 0 2 0 1]
 [0 0 0 0 0 7 0 9 0]
 [0 7 0 0 5 0 8 0 2]
 [0 0 0 2 3 9 0 0 0]]
Solution:
[[7 8 4 5 9 1 6 3 2]
 [5 3 1 6 0 2 7 9 8]
 [2 6 9 4 7 3 1 0 5]
 [3 9 0 7 6 8 4 2 1]
 [8 7 6 0 5 9 3 0 0]
 [0 0 2 1 3 4 5 6 7]
 [4 0 3 9 1 6 8 7 0]
 [6 2 5 3 4 7 0 1 9]
 [9 1 7 2 8 5 0 4 3]]
Number of cells unfilled: 12
Accuracy: 85.18518518518519
Sample: 39028
Question:
[[8 0 0 0 0 3 2 0 9]
 [0 1 9 0 5 0 0 7 0]
 [0 0 0 6 0 0 0 0 0]
 [1 0 0 0 0 0 0 0 0]
 [0 0 3 0 6 0 0 0 0]
 [0 2 0 0 0 8 3 0 1]
 [2 0 0 0 0 0 0 4 0]
 [0 8 0 0 0 0 0 0 0]
 [0 0 1 0 0 6 9 2 8]]
Solution:
[[7 8 4 5 9 1 6 3 2]
 [5 3 1 6 0 2 7 9 8]
 [2 6 9 4 7 3 1 0 5]
 [3 9 0 7 6 8 4 2 1]
 [8 5 6 0 2 9 3 0 0]
 [0 0 2 1 3 4 5 6 7]
 [0 4 3 9 1 6 8 7 0]
 [6 2 5 3 4 7 0 1 9]
 [9 1 7 2 8 5 0 4 3]]
Number of cells unfilled: 12
Accuracy: 85.18518518518519
Sample: 39029
Question:
[[0 0 7 8 0 4 1 0 0]
 [0 0 0 3 7 1 5 0 0]
 [0 0 5 0 0 0 0 0 0]
 [0 0 2 0 3 0 7 0 1]
 [0 0 0 0 0 0 6 0 5]
 [1 8 0 0 0 0 0 0 2]
 [0 0 0 0 0 9 0 6 0]
 [3 4 0 1 8 0 0 0 0]
 [2 0 0 0 0 0 0 0 0]]
Solution:
[[7 8 4 5 9 1 6 3 2]
 [5 3 1 6 0 2 7 9 8]
 [2 6 9 4 7 3 1 0 5]
 [3 9 0 7 6 8 4 2 1]
 [8 7 6 0 5 9 3 0 0]
 [0 0 2 1 3 4 5 6 7]
 [4 0 3 9 1 6 8 7 0]
 [6 2 5 3 4 7 0 1 9]
 [9 1 7 2 8 5 0 4 3]]
Number of cells unfilled: 12
Accuracy: 85.18518518518519
Sample: 39030
Question:
[[0 4 0 0 0 3 0 0 0]
 [0 0 0 5 7 0 0 0 6]
 [0 0 2 8 9 0 0 0 0]
 [6 8 0 1 0 0 0 4 0]
 [0 0 0 0 0 0 8 0 0]
 [5 0 0 7 0 9 0 1 0]
 [0 0 0 9 0 0 0 0 0]
 [0 0 0 0 0 7 1 3 0]
 [1 0 0 2 0 0 5 7 0]]
Solution:
[[7 8 4 5 9 1 6 3 2]
 [5 3 1 6 0 2 7 9 8]
 [2 6 9 4 7 3 1 0 5]
 [3 9 0 7 6 8 4 2 1]
 [8 5 6 0 2 9 3 0 0]
 [0 0 2 1 3 4 5 6 7]
 [0 4 3 9 1 6 8 7 0]
 [6 2 5 3 4 7 0 1 9]
 [9 1 7 2 8 5 0 4 3]]
Number of cells unfilled: 12
Accuracy: 85.18518518518519
Sample: 39031
Question:
[[0 2 0 0 6 0 0 0 7]
 [6 0 0 0 0 5 0 0 0]
 [0 0 7 0 0 0 1 6 0]
 [0 0 2 0 9 0 4 1 0]
 [0 4 0 0 0 0 7 9 0]
 [0 0 0 0 0 0 0 0 2]
 [0 0 4 8 0 0 3 0 0]
 [0 9 0 0 1 0 0 0 4]
 [0 7 0 3 4 0 0 0 1]]
Solution:
[[7 8 4 5 9 1 6 3 2]
 [5 3 1 6 0 2 7 9 8]
 [2 6 9 4 7 3 1 0 5]
 [3 9 0 7 6 8 4 2 1]
 [8 4 6 0 5 9 3 0 0]
 [0 0 2 1 3 4 5 6 7]
 [4 0 3 9 1 6 8 7 0]
 [6 2 5 3 4 7 0 1 9]
 [9 1 7 2 8 5 0 4 3]]
Number of cells unfilled: 12
Accuracy: 85.18518518518519
Sample: 39032
Question:
[[0 2 0 0 0 9 0 0 0]
 [0 0 0 0 0 0 4 0 6]
 [0 0 0 3 0 0 0 0 0]
 [4 7 0 6 0 0 0 0 0]
 [0 0 0 0 1 0 0 0 0]
 [0 9 0 0 0 0 2 8 0]
 [0 0 0 0 0 2 0 9 0]
 [6 0 0 0 0 0 0 0 0]
 [1 0 0 0 8 0 0 0 0]]
Solution:
[[7 8 4 5 9 1 6 3 2]
 [5 3 1 6 0 2 7 9 8]
 [2 6 9 4 7 3 1 0 5]
 [3 9 0 7 6 8 4 2 1]
 [8 4 6 0 5 9 3 0 0]
 [0 0 2 1 3 4 5 6 7]
 [4 0 3 9 1 6 8 7 0]
 [6 2 5 3 4 7 0 1 9]
 [9 1 7 2 8 5 0 4 3]]
Number of cells unfilled: 12
Accuracy: 85.18518518518519
Sample: 39033
Question:
[[0 5 0 8 2 0 3 0 0]
 [0 0 0 1 0 0 0 0 0]
 [9 0 2 0 0 6 0 8 0]
 [0 4 0 0 0 5 0 0 0]
 [0 0 0 0 0 0 7 3 9]
 [0 8 0 0 3 9 5 0 0]
 [7 0 0 0 0 8 4 0 0]
 [0 0 0 0 1 0 0 0 7]
 [0 0 5 0 0 0 0 0 0]]
Solution:
[[7 8 4 5 9 1 6 3 2]
 [5 3 1 6 0 2 7 9 8]
 [2 6 9 4 7 3 1 0 5]
 [3 9 0 7 6 8 4 2 1]
 [8 5 6 0 2 9 3 0 0]
 [0 0 2 1 3 4 5 6 7]
 [0 4 3 9 1 6 8 7 0]
 [0 2 5 3 4 7 0 1 9]
 [6 1 7 2 8 5 0 4 3]]
Number of cells unfilled: 13
Accuracy: 83.9506172839506
Sample: 39034
Question:
[[3 0 5 0 0 4 1 9 0]
 [0 2 0 3 0 0 0 8 0]
 [9 1 0 2 0 0 0 0 7]
 [7 6 1 0 2 0 0 4 0]
 [0 0 0 9 0 7 0 0 6]
 [2 5 0 0 8 0 0 0 0]
 [0 7 8 0 3 0 2 0 0]
 [0 0 0 0 0 5 3 0 1]
 [0 0 4 6 0 0 0 5 9]]
Solution:
[[7 8 4 5 9 1 6 3 2]
 [5 3 1 6 0 2 7 9 8]
 [2 6 9 4 7 3 1 0 5]
 [3 9 0 7 6 8 4 2 1]
 [8 7 6 0 2 9 3 0 0]
 [0 0 2 1 3 4 5 6 7]
 [4 0 3 9 1 6 8 7 0]
 [6 2 5 3 4 7 0 1 9]
 [9 1 7 2 8 5 0 4 3]]
Number of cells unfilled: 12
Accuracy: 85.18518518518519
Sample: 39035
Question:
[[0 0 7 0 0 6 0 0 0]
 [9 0 0 0 3 0 0 0 2]
 [0 4 0 8 0 0 0 1 0]
 [0 0 0 0 0 7 0 0 3]
 [0 5 0 9 0 0 0 8 0]
 [0 0 0 0 2 0 6 0 0]
 [4 0 1 0 0 0 0 9 5]
 [5 0 8 4 0 0 0 0 0]
 [0 9 0 0 0 0 0 0 0]]
Solution:
[[7 8 4 5 9 1 6 3 2]
 [5 3 1 6 0 2 7 9 8]
 [2 6 9 4 7 3 1 0 5]
 [3 9 0 7 6 8 4 2 1]
 [8 4 6 0 5 9 3 0 0]
 [0 0 2 1 3 4 5 6 7]
 [4 0 3 9 1 6 8 7 0]
 [6 2 5 3 4 7 0 1 9]
 [9 1 7 2 8 5 0 4 3]]
Number of cells unfilled: 12
Accuracy: 85.18518518518519
Sample: 39036
Question:
[[3 0 0 0 0 1 0 0 0]
 [0 0 2 0 7 0 8 0 0]
 [0 7 0 2 0 8 0 0 0]
 [0 5 0 0 4 0 0 0 9]
 [0 0 1 0 0 2 7 0 0]
 [6 0 0 0 0 0 0 3 0]
 [0 9 0 0 0 0 0 5 0]
 [0 0 0 0 0 0 0 0 6]
 [0 0 4 7 0 0 1 0 0]]
Solution:
[[7 8 4 5 9 1 6 3 2]
 [5 3 1 6 0 2 7 9 8]
 [2 6 9 4 7 3 1 0 5]
 [3 9 0 7 6 8 4 2 1]
 [8 4 6 0 5 9 3 0 0]
 [0 0 2 1 3 4 5 6 7]
 [4 0 3 9 1 6 8 7 0]
 [6 2 5 3 4 7 0 1 9]
 [9 1 7 2 8 5 0 4 3]]
Number of cells unfilled: 12
Accuracy: 85.18518518518519
Sample: 39037
Question:
[[0 0 6 9 3 0 2 0 1]
 [0 0 2 0 1 0 3 5 0]
 [0 0 5 0 2 0 7 0 0]
 [0 0 0 0 9 0 0 0 3]
 [0 2 0 3 0 0 0 4 0]
 [0 0 0 4 0 0 0 0 0]
 [0 8 0 0 6 9 0 0 7]
 [0 5 3 0 0 8 0 0 9]
 [6 0 0 0 0 0 0 0 5]]
Solution:
[[7 8 4 5 9 1 6 3 2]
 [5 3 1 6 0 2 7 9 8]
 [2 6 9 4 7 3 1 0 5]
 [3 9 0 7 6 8 4 2 1]
 [8 7 6 0 5 9 3 0 0]
 [0 0 2 1 3 4 5 6 7]
 [0 4 3 9 1 6 8 7 0]
 [0 2 5 3 4 7 0 1 9]
 [6 1 7 2 8 5 0 4 3]]
Number of cells unfilled: 13
Accuracy: 83.9506172839506
Sample: 39038
Question:
[[0 0 0 0 7 0 0 0 0]
 [0 0 5 0 0 6 0 8 0]
 [0 1 0 4 0 0 0 0 3]
 [0 4 0 0 0 0 0 0 2]
 [0 0 1 0 0 8 0 5 0]
 [5 0 6 0 2 4 0 1 0]
 [8 6 0 0 0 9 1 0 0]
 [0 0 9 0 0 0 0 0 0]
 [1 5 0 6 0 0 0 9 0]]
Solution:
[[7 8 4 5 9 1 6 3 2]
 [5 3 1 6 0 2 7 9 8]
 [2 6 9 4 7 3 1 0 5]
 [3 9 0 7 6 8 4 2 1]
 [8 4 6 0 5 9 3 0 0]
 [0 0 2 1 3 4 5 6 7]
 [4 0 3 9 1 6 8 7 0]
 [6 2 5 3 4 7 0 1 9]
 [9 1 7 2 8 5 0 4 3]]
Number of cells unfilled: 12
Accuracy: 85.18518518518519
Sample: 39039
Question:
[[4 0 0 2 0 0 5 0 0]
 [3 0 5 7 0 0 0 0 0]
 [0 9 0 0 5 0 0 0 4]
 [9 0 3 0 8 0 7 4 0]
 [0 0 0 0 0 0 0 0 3]
 [0 4 0 0 0 0 0 8 0]
 [1 0 0 0 0 6 0 0 0]
 [0 8 0 0 3 0 0 0 7]
 [6 3 0 0 7 0 0 0 9]]
Solution:
[[7 8 4 5 9 1 6 3 2]
 [5 3 1 6 0 2 7 9 8]
 [2 6 9 4 7 3 1 0 5]
 [3 9 0 7 6 8 4 2 1]
 [8 7 6 0 5 9 3 0 0]
 [0 0 2 1 3 4 5 6 7]
 [4 0 3 9 1 6 8 7 0]
 [6 2 5 3 4 7 0 1 9]
 [9 1 7 2 8 5 0 4 3]]
Number of cells unfilled: 12
Accuracy: 85.18518518518519
Sample: 39040
Question:
[[4 0 8 0 1 0 0 9 0]
 [0 0 6 0 0 0 5 0 1]
 [0 0 0 2 0 0 0 0 8]
 [0 0 0 0 0 2 0 0 9]
 [0 7 0 1 0 9 0 0 4]
 [9 0 5 0 4 0 1 0 0]
 [8 0 9 0 2 0 0 0 5]
 [0 0 0 3 0 8 0 0 0]
 [0 6 0 0 0 0 0 0 0]]
Solution:
[[7 8 4 5 9 1 6 3 2]
 [5 3 1 6 0 2 7 9 8]
 [2 6 9 4 7 3 1 0 5]
 [3 9 0 7 6 8 4 2 1]
 [8 7 6 0 2 9 3 0 0]
 [0 0 2 1 3 4 5 6 7]
 [4 0 3 9 1 6 8 7 0]
 [0 2 5 3 4 7 0 1 9]
 [6 1 7 2 8 5 0 4 3]]
Number of cells unfilled: 13
Accuracy: 83.9506172839506
Sample: 39041
Question:
[[0 6 5 8 0 0 0 4 0]
 [0 0 0 0 0 4 6 0 7]
 [0 0 0 0 0 2 0 0 0]
 [0 1 0 0 0 0 0 5 0]
 [7 0 6 0 0 0 0 0 1]
 [2 3 0 0 0 0 7 0 0]
 [0 0 0 9 0 0 0 6 0]
 [0 0 0 0 0 1 2 0 9]
 [0 0 3 0 2 6 0 7 0]]
Solution:
[[7 8 4 5 9 1 6 3 2]
 [5 3 1 6 0 2 7 9 8]
 [2 6 9 4 7 3 1 0 5]
 [3 9 0 7 6 8 4 2 1]
 [8 7 6 0 5 9 3 0 0]
 [0 0 2 1 3 4 5 6 7]
 [4 0 3 9 1 6 8 7 0]
 [6 2 5 3 4 7 0 1 9]
 [9 1 7 2 8 5 0 4 3]]
Number of cells unfilled: 12
Accuracy: 85.18518518518519
Sample: 39042
Question:
[[0 0 7 0 3 0 0 8 0]
 [8 0 0 5 0 0 1 0 4]
 [3 0 0 0 4 0 7 0 0]
 [0 2 0 0 0 3 0 0 0]
 [0 0 8 0 0 0 0 0 0]
 [0 0 3 0 1 5 4 0 0]
 [0 0 0 0 8 1 0 0 9]
 [0 9 4 0 0 0 0 0 7]
 [2 0 0 4 0 0 6 0 0]]
Solution:
[[7 8 4 5 9 1 6 3 2]
 [5 3 1 6 0 2 7 9 8]
 [2 6 9 4 7 3 1 0 5]
 [3 9 0 7 6 8 4 2 1]
 [8 7 6 0 5 9 3 0 0]
 [0 0 2 1 3 4 5 6 7]
 [4 0 3 9 1 6 8 7 0]
 [6 2 5 3 4 7 0 1 9]
 [9 1 7 2 8 5 0 4 3]]
Number of cells unfilled: 12
Accuracy: 85.18518518518519
Sample: 39043
Question:
[[0 0 0 2 0 0 0 8 0]
 [0 0 0 0 0 4 0 6 0]
 [5 0 0 0 0 0 0 0 0]
 [0 0 8 9 0 0 0 0 0]
 [0 0 0 0 1 0 0 0 5]
 [0 0 0 0 0 0 3 0 0]
 [0 0 0 0 0 2 0 0 0]
 [1 0 0 0 3 5 0 0 0]
 [0 0 7 0 0 0 0 9 6]]
Solution:
[[7 8 4 5 9 1 6 3 2]
 [5 3 1 6 0 2 7 9 8]
 [2 6 9 4 7 3 1 0 5]
 [3 9 0 7 6 8 4 2 1]
 [8 5 6 0 2 9 3 0 0]
 [0 0 2 1 3 4 5 6 7]
 [0 4 3 9 1 6 8 7 0]
 [6 2 5 3 4 7 0 1 9]
 [9 1 7 2 8 5 0 4 3]]
Number of cells unfilled: 12
Accuracy: 85.18518518518519
Sample: 39044
Question:
[[2 0 0 0 0 5 7 0 0]
 [0 3 0 4 0 0 0 0 0]
 [4 0 0 0 8 0 0 0 9]
 [0 0 7 3 0 0 0 0 0]
 [9 0 0 0 1 0 0 0 8]
 [0 6 0 0 0 0 0 1 0]
 [0 0 1 0 6 0 8 0 0]
 [0 9 0 0 0 2 0 0 6]
 [6 0 0 8 0 0 0 5 0]]
Solution:
[[7 8 4 5 9 1 6 3 2]
 [5 3 1 6 0 2 7 9 8]
 [2 6 9 4 7 3 1 0 5]
 [3 9 0 7 6 8 4 2 1]
 [8 7 6 0 2 9 3 0 0]
 [0 0 2 1 3 4 5 6 7]
 [4 0 3 9 1 6 8 7 0]
 [0 2 5 3 4 7 0 1 9]
 [6 1 7 2 8 5 0 4 3]]
Number of cells unfilled: 13
Accuracy: 83.9506172839506
Sample: 39045
Question:
[[0 8 0 0 0 1 0 0 0]
 [5 0 4 0 0 0 0 0 0]
 [0 1 6 0 9 0 0 0 7]
 [0 7 0 0 0 8 0 0 9]
 [4 0 0 3 0 0 0 2 0]
 [0 0 0 0 0 0 4 0 0]
 [0 0 0 2 0 0 0 5 0]
 [0 0 1 0 0 9 0 0 6]
 [0 0 0 0 0 0 3 0 0]]
Solution:
[[7 8 4 5 9 1 6 3 2]
 [5 3 1 6 0 2 7 9 8]
 [2 6 9 4 7 3 1 0 5]
 [3 9 0 7 6 8 4 2 1]
 [8 4 6 0 5 9 3 0 0]
 [0 0 2 1 3 4 5 6 7]
 [4 0 3 9 1 6 8 7 0]
 [6 2 5 3 4 7 0 1 9]
 [9 1 7 2 8 5 0 4 3]]
Number of cells unfilled: 12
Accuracy: 85.18518518518519
Sample: 39046
Question:
[[8 0 0 0 0 4 0 0 6]
 [0 3 0 0 0 0 0 9 0]
 [0 0 6 0 2 0 5 0 0]
 [0 9 0 0 0 6 0 0 5]
 [0 0 0 8 0 0 0 7 0]
 [3 0 0 0 5 0 9 0 0]
 [0 8 0 7 0 0 0 0 0]
 [4 0 0 0 0 5 2 0 0]
 [0 0 3 0 4 0 0 0 1]]
Solution:
[[7 8 4 5 9 1 6 3 2]
 [5 3 1 6 0 2 7 9 8]
 [2 6 9 4 7 3 1 0 5]
 [3 9 0 7 6 8 4 2 1]
 [8 7 6 0 5 9 3 0 0]
 [0 0 2 1 3 4 5 6 7]
 [4 0 3 9 1 6 8 7 0]
 [0 2 5 3 4 7 0 1 9]
 [6 1 7 2 8 5 0 4 3]]
Number of cells unfilled: 13
Accuracy: 83.9506172839506
Sample: 39047
Question:
[[0 8 0 7 0 9 0 1 0]
 [6 0 0 0 0 2 0 7 0]
 [0 0 0 0 8 0 0 9 0]
 [0 9 0 0 0 0 0 0 8]
 [0 0 7 1 0 0 0 0 0]
 [4 0 0 0 3 6 0 0 0]
 [0 0 6 0 0 0 7 5 0]
 [0 0 0 0 1 0 0 0 6]
 [2 0 0 0 0 0 0 3 0]]
Solution:
[[7 8 4 5 9 1 6 3 2]
 [5 3 1 6 0 2 7 9 8]
 [2 6 9 4 7 3 1 0 5]
 [3 9 0 7 6 8 4 2 1]
 [8 7 6 0 2 9 3 0 0]
 [0 0 2 1 3 4 5 6 7]
 [0 4 3 9 1 6 8 7 0]
 [0 2 5 3 4 7 0 1 9]
 [6 1 7 2 8 5 0 4 3]]
Number of cells unfilled: 13
Accuracy: 83.9506172839506
Sample: 39048
Question:
[[0 0 0 0 4 0 0 0 9]
 [0 0 3 0 0 0 0 0 0]
 [0 0 0 9 0 7 0 5 4]
 [0 3 8 0 0 0 6 2 0]
 [0 0 0 0 8 0 0 0 5]
 [0 0 1 7 0 2 4 3 0]
 [0 0 0 0 7 5 1 0 0]
 [0 7 6 0 0 0 0 4 0]
 [0 0 0 3 0 0 0 8 0]]
Solution:
[[7 8 4 5 9 1 6 3 2]
 [5 3 1 6 0 2 7 9 8]
 [2 6 9 4 7 3 1 0 5]
 [3 9 0 7 6 8 4 2 1]
 [8 5 6 0 2 9 3 0 0]
 [0 0 2 1 3 4 5 6 7]
 [4 0 3 9 1 6 8 7 0]
 [6 2 5 3 4 7 0 1 9]
 [9 1 7 2 8 5 0 4 3]]
Number of cells unfilled: 12
Accuracy: 85.18518518518519
Sample: 39049
Question:
[[4 0 3 0 0 6 2 0 0]
 [0 5 0 7 0 0 0 0 0]
 [0 0 7 0 0 4 3 0 0]
 [0 0 1 2 6 0 0 4 0]
 [3 4 0 0 0 1 0 0 0]
 [0 0 0 0 0 0 1 0 0]
 [7 0 0 0 0 0 0 0 8]
 [9 0 0 0 0 0 0 3 0]
 [0 0 4 0 0 2 6 0 0]]
Solution:
[[7 8 4 5 9 1 6 3 2]
 [5 3 1 6 0 2 7 9 8]
 [2 6 9 4 7 3 1 0 5]
 [3 9 0 7 6 8 4 2 1]
 [8 7 6 0 5 9 3 0 0]
 [0 0 2 1 3 4 5 6 7]
 [0 4 3 9 1 6 8 7 0]
 [6 2 5 3 4 7 0 1 9]
 [9 1 7 2 8 5 0 4 3]]
Number of cells unfilled: 12
Accuracy: 85.18518518518519
Sample: 39050
Question:
[[0 4 6 0 0 0 0 9 0]
 [0 0 5 0 0 0 0 0 0]
 [1 0 0 0 0 5 4 0 0]
 [0 0 0 9 0 0 0 3 0]
 [0 1 0 0 0 4 8 0 0]
 [0 0 0 0 2 0 0 0 7]
 [8 6 0 0 5 0 0 0 2]
 [0 0 1 0 0 8 6 0 0]
 [4 0 0 3 0 0 0 0 0]]
Solution:
[[7 8 4 5 9 1 6 3 2]
 [5 3 1 6 0 2 7 9 8]
 [2 6 9 4 7 3 1 0 5]
 [3 9 0 7 6 8 4 2 1]
 [8 7 6 0 2 9 3 0 0]
 [0 0 2 1 3 4 5 6 7]
 [4 0 3 9 1 6 8 7 0]
 [6 2 5 3 4 7 0 1 9]
 [9 1 7 2 8 5 0 4 3]]
Number of cells unfilled: 12
Accuracy: 85.18518518518519
Sample: 39051
Question:
[[0 3 0 0 0 6 0 2 0]
 [5 0 4 0 9 0 0 0 7]
 [8 0 0 0 0 0 0 1 0]
 [6 0 0 0 3 0 0 0 0]
 [0 0 0 0 0 0 8 0 9]
 [0 0 0 0 4 0 7 0 0]
 [0 0 9 5 0 0 0 0 2]
 [0 0 3 0 0 2 0 6 0]
 [0 0 0 8 0 0 0 0 4]]
Solution:
[[7 8 4 5 9 1 6 3 2]
 [5 3 1 6 0 2 7 9 8]
 [2 6 9 4 7 3 1 0 5]
 [3 9 0 7 6 8 4 2 1]
 [8 7 6 0 5 9 3 0 0]
 [0 0 2 1 3 4 5 6 7]
 [0 4 3 9 1 6 8 7 0]
 [0 2 5 3 4 7 0 1 9]
 [6 1 7 2 8 5 0 4 3]]
Number of cells unfilled: 13
Accuracy: 83.9506172839506
Sample: 39052
Question:
[[0 0 0 1 0 0 2 6 0]
 [0 0 9 0 6 0 0 0 1]
 [0 0 2 0 0 0 0 9 0]
 [4 5 0 0 1 0 6 0 0]
 [3 0 0 0 0 0 0 0 8]
 [0 0 0 3 0 0 0 5 0]
 [9 0 0 4 5 0 0 1 0]
 [0 3 5 2 0 0 0 0 7]
 [0 0 0 0 0 7 0 0 0]]
Solution:
[[7 8 4 5 9 1 6 3 2]
 [5 3 1 6 0 2 7 9 8]
 [2 6 9 4 7 3 1 0 5]
 [3 9 0 7 6 8 4 2 1]
 [8 7 6 0 2 9 3 0 0]
 [0 0 2 1 3 4 5 6 7]
 [0 4 3 9 1 6 8 7 0]
 [0 2 5 3 4 7 0 1 9]
 [6 1 7 2 8 5 0 4 3]]
Number of cells unfilled: 13
Accuracy: 83.9506172839506
Sample: 39053
Question:
[[8 0 0 0 0 9 0 0 0]
 [0 1 3 0 7 0 6 0 0]
 [0 0 4 3 0 0 0 0 0]
 [0 3 0 0 0 2 1 0 6]
 [0 0 6 0 5 0 3 0 7]
 [0 0 0 0 0 0 0 8 0]
 [0 7 0 0 6 0 0 0 5]
 [0 0 9 4 0 0 0 6 0]
 [0 0 0 0 0 0 2 0 0]]
Solution:
[[7 8 4 5 9 1 6 3 2]
 [5 3 1 6 0 2 7 9 8]
 [2 6 9 4 7 3 1 0 5]
 [3 9 0 7 6 8 4 2 1]
 [8 7 6 0 5 9 3 0 0]
 [0 0 2 1 3 4 5 6 7]
 [0 4 3 9 1 6 8 7 0]
 [6 2 5 3 4 7 0 1 9]
 [9 1 7 2 8 5 0 4 3]]
Number of cells unfilled: 12
Accuracy: 85.18518518518519
Sample: 39054
Question:
[[0 9 0 0 0 8 0 6 4]
 [0 0 0 0 0 0 9 0 0]
 [6 0 0 0 0 0 0 2 8]
 [0 0 7 0 5 9 4 1 0]
 [2 0 0 0 0 1 6 0 0]
 [0 1 0 7 0 0 0 0 0]
 [0 0 5 0 1 0 0 0 6]
 [9 0 0 0 0 4 2 0 0]
 [0 2 0 3 0 0 0 0 0]]
Solution:
[[7 8 4 5 9 1 6 3 2]
 [5 3 1 6 0 2 7 9 8]
 [2 6 9 4 7 3 1 0 5]
 [3 9 0 7 6 8 4 2 1]
 [8 5 6 0 2 9 3 0 0]
 [0 0 2 1 3 4 5 6 7]
 [4 0 3 9 1 6 8 7 0]
 [6 2 5 3 4 7 0 1 9]
 [9 1 7 2 8 5 0 4 3]]
Number of cells unfilled: 12
Accuracy: 85.18518518518519
Sample: 39055
Question:
[[0 0 5 0 4 0 7 0 6]
 [0 0 0 0 0 5 0 0 0]
 [0 6 8 0 9 0 4 0 0]
 [0 0 9 0 3 0 0 0 7]
 [8 0 0 0 0 2 9 0 0]
 [0 5 0 0 0 0 0 6 0]
 [0 8 0 0 0 4 0 0 9]
 [0 1 0 0 0 0 3 0 4]
 [0 0 4 0 5 0 0 7 0]]
Solution:
[[7 8 4 5 9 1 6 3 2]
 [5 3 1 6 0 2 7 9 8]
 [2 6 9 4 7 3 1 0 5]
 [3 9 0 7 6 8 4 2 1]
 [8 4 6 0 5 9 3 0 0]
 [0 0 2 1 3 4 5 6 7]
 [4 0 3 9 1 6 8 7 0]
 [0 2 5 3 4 7 0 1 9]
 [6 1 7 2 8 5 0 4 3]]
Number of cells unfilled: 13
Accuracy: 83.9506172839506
Sample: 39056
Question:
[[0 0 2 0 1 6 3 0 0]
 [0 0 0 0 0 8 0 0 0]
 [4 5 0 0 2 9 0 0 0]
 [0 0 9 6 0 4 0 0 2]
 [5 0 0 0 9 1 0 0 0]
 [0 0 0 0 0 0 6 1 0]
 [8 7 1 0 0 0 0 6 0]
 [0 0 0 0 0 0 0 0 0]
 [9 6 5 0 0 0 8 0 0]]
Solution:
[[7 8 4 5 9 1 6 3 2]
 [5 3 1 6 0 2 7 9 8]
 [2 6 9 4 7 3 1 0 5]
 [3 9 0 7 6 8 4 2 1]
 [8 4 6 0 5 9 3 0 0]
 [0 0 2 1 3 4 5 6 7]
 [4 0 3 9 1 6 8 7 0]
 [6 2 5 3 4 7 0 1 9]
 [9 1 7 2 8 5 0 4 3]]
Number of cells unfilled: 12
Accuracy: 85.18518518518519
Sample: 39057
Question:
[[4 0 7 0 2 0 0 9 0]
 [0 0 2 0 6 0 0 7 0]
 [0 3 0 4 0 0 0 0 0]
 [2 0 0 0 9 0 6 0 0]
 [0 0 0 0 0 8 0 2 0]
 [0 0 8 2 0 0 7 0 9]
 [0 0 9 0 8 0 1 6 0]
 [1 0 0 0 0 0 9 0 7]
 [0 0 0 0 0 0 0 0 5]]
Solution:
[[7 8 4 5 9 1 6 3 2]
 [5 3 1 6 0 2 7 9 8]
 [2 6 9 4 7 3 1 0 5]
 [3 9 0 7 6 8 4 2 1]
 [8 7 6 0 5 9 3 0 0]
 [0 0 2 1 3 4 5 6 7]
 [0 4 3 9 1 6 8 7 0]
 [6 2 5 3 4 7 0 1 9]
 [9 1 7 2 8 5 0 4 3]]
Number of cells unfilled: 12
Accuracy: 85.18518518518519
Sample: 39058
Question:
[[1 3 0 0 7 0 0 0 2]
 [2 0 0 3 0 5 0 6 7]
 [0 0 0 2 0 0 0 0 0]
 [3 0 4 0 0 0 0 0 8]
 [7 1 9 0 0 0 0 0 0]
 [0 0 0 0 0 0 6 0 0]
 [0 0 0 0 0 9 0 5 1]
 [0 0 0 0 0 0 3 0 0]
 [0 7 3 4 0 8 0 0 0]]
Solution:
[[7 8 4 5 9 1 6 3 2]
 [5 3 1 6 0 2 7 9 8]
 [2 6 9 4 7 3 1 0 5]
 [3 9 0 7 6 8 4 2 1]
 [8 4 6 0 5 9 3 0 0]
 [0 0 2 1 3 4 5 6 7]
 [4 0 3 9 1 6 8 7 0]
 [0 2 5 3 4 7 0 1 9]
 [6 1 7 2 8 5 0 4 3]]
Number of cells unfilled: 13
Accuracy: 83.9506172839506
Sample: 39059
Question:
[[0 4 0 0 0 2 7 0 8]
 [9 0 0 0 7 8 0 5 0]
 [0 0 0 4 0 0 0 9 0]
 [6 0 0 5 0 0 0 0 0]
 [0 0 5 0 2 1 0 6 0]
 [0 9 0 0 0 0 2 0 0]
 [0 0 0 2 0 0 0 0 0]
 [0 0 0 0 8 0 1 7 3]
 [0 6 0 3 4 7 0 0 0]]
Solution:
[[7 8 4 5 9 1 6 3 2]
 [5 3 1 6 0 2 7 9 8]
 [2 6 9 4 7 3 1 0 5]
 [3 9 0 7 6 8 4 2 1]
 [8 7 6 0 5 9 3 0 0]
 [0 0 2 1 3 4 5 6 7]
 [4 0 3 9 1 6 8 7 0]
 [0 2 5 3 4 7 0 1 9]
 [6 1 7 2 8 5 0 4 3]]
Number of cells unfilled: 13
Accuracy: 83.9506172839506
Sample: 39060
Question:
[[0 0 3 5 0 8 0 2 0]
 [0 4 0 9 0 0 1 0 0]
 [2 0 0 0 4 0 0 0 0]
 [6 0 0 0 0 0 0 0 0]
 [0 3 0 1 0 0 0 0 6]
 [0 0 8 0 0 5 3 9 0]
 [0 0 0 0 0 7 9 0 0]
 [0 0 7 8 0 0 5 0 2]
 [3 0 0 0 5 0 0 7 0]]
Solution:
[[7 8 4 5 9 1 6 3 2]
 [5 3 1 6 0 2 7 9 8]
 [2 6 9 4 7 3 1 0 5]
 [3 9 0 7 6 8 4 2 1]
 [8 7 6 0 5 9 3 0 0]
 [0 0 2 1 3 4 5 6 7]
 [4 0 3 9 1 6 8 7 0]
 [6 2 5 3 4 7 0 1 9]
 [9 1 7 2 8 5 0 4 3]]
Number of cells unfilled: 12
Accuracy: 85.18518518518519
Sample: 39061
Question:
[[7 0 0 0 0 6 0 0 2]
 [0 1 2 0 9 0 0 0 0]
 [0 5 6 2 0 0 4 0 0]
 [0 2 0 0 0 0 0 3 0]
 [0 0 7 0 0 5 0 0 6]
 [0 0 0 9 0 0 8 0 0]
 [0 7 0 3 0 1 0 0 5]
 [0 0 0 0 0 0 3 0 0]
 [0 0 0 0 8 0 0 4 0]]
Solution:
[[7 8 4 5 9 1 6 3 2]
 [5 3 1 6 0 2 7 9 8]
 [2 6 9 4 7 3 1 0 5]
 [3 9 0 7 6 8 4 2 1]
 [8 7 6 0 2 9 3 0 0]
 [0 0 2 1 3 4 5 6 7]
 [4 0 3 9 1 6 8 7 0]
 [6 2 5 3 4 7 0 1 9]
 [9 1 7 2 8 5 0 4 3]]
Number of cells unfilled: 12
Accuracy: 85.18518518518519
Sample: 39062
Question:
[[8 0 9 0 3 2 0 0 0]
 [0 0 1 7 0 0 5 0 8]
 [4 0 0 0 0 0 0 9 2]
 [2 0 0 6 9 0 0 0 0]
 [0 0 0 0 0 0 0 0 0]
 [0 0 7 0 0 0 0 1 5]
 [0 3 0 1 0 0 2 0 0]
 [0 0 4 0 2 0 7 8 0]
 [0 0 0 0 0 4 0 0 6]]
Solution:
[[7 8 4 5 9 1 6 3 2]
 [5 3 1 6 0 2 7 9 8]
 [2 6 9 4 7 3 1 0 5]
 [3 9 0 7 6 8 4 2 1]
 [8 4 6 0 5 9 3 0 0]
 [0 0 2 1 3 4 5 6 7]
 [4 0 3 9 1 6 8 7 0]
 [6 2 5 3 4 7 0 1 9]
 [9 1 7 2 8 5 0 4 3]]
Number of cells unfilled: 12
Accuracy: 85.18518518518519
Sample: 39063
Question:
[[0 0 0 6 0 0 0 0 0]
 [5 0 1 0 0 9 0 0 0]
 [0 6 0 0 4 0 0 0 7]
 [0 2 0 4 0 0 0 0 9]
 [0 0 5 0 9 0 0 0 0]
 [6 0 0 0 0 7 3 0 0]
 [0 8 0 0 0 4 0 0 2]
 [1 0 0 2 8 0 9 0 0]
 [2 0 0 0 0 0 0 3 0]]
Solution:
[[7 8 4 5 9 1 6 3 2]
 [5 3 1 6 0 2 7 9 8]
 [2 6 9 4 7 3 1 0 5]
 [3 9 0 7 6 8 4 2 1]
 [8 7 6 0 5 9 3 0 0]
 [0 0 2 1 3 4 5 6 7]
 [4 0 3 9 1 6 8 7 0]
 [6 2 5 3 4 7 0 1 9]
 [9 1 7 2 8 5 0 4 3]]
Number of cells unfilled: 12
Accuracy: 85.18518518518519
Sample: 39064
Question:
[[0 2 0 0 3 0 0 0 0]
 [0 0 1 0 0 4 2 0 0]
 [6 0 0 9 0 0 0 1 4]
 [0 0 0 0 0 0 0 0 5]
 [7 6 0 0 0 0 9 0 0]
 [0 0 5 0 0 8 0 2 0]
 [5 0 0 3 0 0 8 0 0]
 [0 7 0 0 0 0 0 9 0]
 [0 0 4 0 0 9 0 0 2]]
Solution:
[[7 8 4 5 9 1 6 3 2]
 [5 3 1 6 0 2 7 9 8]
 [2 6 9 4 7 3 1 0 5]
 [3 9 0 7 6 8 4 2 1]
 [8 5 6 0 2 9 3 0 0]
 [0 0 2 1 3 4 5 6 7]
 [4 0 3 9 1 6 8 7 0]
 [6 2 5 3 4 7 0 1 9]
 [9 1 7 2 8 5 0 4 3]]
Number of cells unfilled: 12
Accuracy: 85.18518518518519
Sample: 39065
Question:
[[0 8 0 0 0 5 7 0 0]
 [1 0 0 3 0 0 0 0 8]
 [0 0 7 2 8 0 0 0 0]
 [0 0 0 4 0 0 0 6 0]
 [7 0 0 0 0 3 2 0 0]
 [0 5 0 0 9 0 0 0 3]
 [0 7 0 5 0 0 3 0 0]
 [2 0 0 0 0 1 0 0 9]
 [0 0 6 0 0 0 0 4 0]]
Solution:
[[7 8 4 5 9 1 6 3 2]
 [5 3 1 6 0 2 7 9 8]
 [2 6 9 4 7 3 1 0 5]
 [3 9 0 7 6 8 4 2 1]
 [8 7 6 0 2 9 3 0 0]
 [0 0 2 1 3 4 5 6 7]
 [0 4 3 9 1 6 8 7 0]
 [6 2 5 3 4 7 0 1 9]
 [9 1 7 2 8 5 0 4 3]]
Number of cells unfilled: 12
Accuracy: 85.18518518518519
Sample: 39066
Question:
[[0 3 0 0 0 0 0 0 0]
 [0 0 2 8 0 0 0 0 0]
 [6 0 0 0 3 1 7 0 0]
 [0 0 0 0 4 0 1 7 0]
 [7 0 0 0 6 5 0 0 2]
 [0 0 3 0 0 0 5 6 0]
 [0 0 0 4 0 0 0 0 0]
 [2 0 0 0 1 6 0 5 0]
 [0 0 9 0 0 0 2 0 0]]
Solution:
[[7 8 4 5 9 1 6 3 2]
 [5 3 1 6 0 2 7 9 8]
 [2 6 9 4 7 3 1 0 5]
 [3 9 0 7 6 8 4 2 1]
 [8 7 6 0 2 9 3 0 0]
 [0 0 2 1 3 4 5 6 7]
 [0 4 3 9 1 6 8 7 0]
 [6 2 5 3 4 7 0 1 9]
 [9 1 7 2 8 5 0 4 3]]
Number of cells unfilled: 12
Accuracy: 85.18518518518519
Sample: 39067
Question:
[[0 0 0 0 1 6 0 0 0]
 [0 0 0 7 0 2 8 1 0]
 [4 0 0 0 0 0 7 0 0]
 [0 0 2 0 6 0 0 0 0]
 [0 0 6 9 0 0 0 0 1]
 [3 4 9 1 0 0 0 0 8]
 [6 0 0 3 0 0 0 0 0]
 [0 0 0 0 0 0 0 4 9]
 [0 7 0 0 4 9 6 3 0]]
Solution:
[[7 8 4 5 9 1 6 3 2]
 [5 3 1 6 0 2 7 9 8]
 [2 6 9 4 7 3 1 0 5]
 [3 9 0 7 6 8 4 2 1]
 [8 7 6 0 5 9 3 0 0]
 [0 0 2 1 3 4 5 6 7]
 [4 0 3 9 1 6 8 7 0]
 [6 2 5 3 4 7 0 1 9]
 [9 1 7 2 8 5 0 4 3]]
Number of cells unfilled: 12
Accuracy: 85.18518518518519
Sample: 39068
Question:
[[1 0 0 0 0 0 2 0 6]
 [3 0 6 0 0 2 0 9 0]
 [0 0 0 4 0 0 3 0 0]
 [7 0 9 0 0 4 6 0 0]
 [0 0 0 1 0 0 0 0 0]
 [0 8 0 0 7 0 0 0 0]
 [9 0 3 0 0 7 0 0 2]
 [0 0 0 0 4 0 9 0 0]
 [0 5 0 0 0 0 7 0 0]]
Solution:
[[7 8 4 5 9 1 6 3 2]
 [5 3 1 6 0 2 7 9 8]
 [2 6 9 4 7 3 1 0 5]
 [3 9 0 7 6 8 4 2 1]
 [8 4 6 0 5 9 3 0 0]
 [0 0 2 1 3 4 5 6 7]
 [4 0 3 9 1 6 8 7 0]
 [6 2 5 3 4 7 0 1 9]
 [9 1 7 2 8 5 0 4 3]]
Number of cells unfilled: 12
Accuracy: 85.18518518518519
Sample: 39069
Question:
[[0 0 7 0 0 8 0 0 5]
 [3 0 0 7 0 0 0 2 0]
 [0 2 0 0 9 0 7 0 0]
 [4 0 0 0 1 0 0 0 0]
 [0 1 0 0 0 0 0 6 0]
 [0 0 9 0 0 0 8 0 1]
 [0 0 3 9 0 0 2 0 0]
 [0 0 0 0 6 0 0 5 0]
 [2 0 0 0 3 4 0 0 9]]
Solution:
[[7 8 4 5 9 1 6 3 2]
 [5 3 1 6 0 2 7 9 8]
 [2 6 9 4 7 3 1 0 5]
 [3 9 0 7 6 8 4 2 1]
 [8 4 6 0 5 9 3 0 0]
 [0 0 2 1 3 4 5 6 7]
 [4 0 3 9 1 6 8 7 0]
 [6 2 5 3 4 7 0 1 9]
 [9 1 7 2 8 5 0 4 3]]
Number of cells unfilled: 12
Accuracy: 85.18518518518519
Sample: 39070
Question:
[[0 0 0 0 0 0 0 0 5]
 [0 0 1 0 0 3 0 2 0]
 [8 0 0 7 0 0 6 0 0]
 [0 1 3 4 0 0 0 0 0]
 [0 8 9 0 3 0 5 0 0]
 [2 0 0 0 0 9 0 3 0]
 [0 0 0 0 6 0 0 0 7]
 [0 2 0 0 0 1 4 6 0]
 [0 0 6 9 4 0 0 0 0]]
Solution:
[[7 8 4 5 9 1 6 3 2]
 [5 3 1 6 0 2 7 9 8]
 [2 6 9 4 7 3 1 0 5]
 [3 9 0 7 6 8 4 2 1]
 [8 7 6 0 5 9 3 0 0]
 [0 0 2 1 3 4 5 6 7]
 [0 4 3 9 1 6 8 7 0]
 [6 2 5 3 4 7 0 1 9]
 [9 1 7 2 8 5 0 4 3]]
Number of cells unfilled: 12
Accuracy: 85.18518518518519
Sample: 39071
Question:
[[0 3 0 4 0 0 5 8 0]
 [0 0 0 0 2 0 0 0 0]
 [0 0 0 0 0 7 4 0 0]
 [0 0 0 9 0 0 8 0 4]
 [0 9 0 0 0 5 0 3 7]
 [7 0 8 0 0 0 0 0 0]
 [0 0 0 3 0 0 0 1 0]
 [0 2 5 0 1 0 0 0 0]
 [0 0 9 5 0 0 2 0 0]]
Solution:
[[7 8 4 5 9 1 6 3 2]
 [5 3 1 6 0 2 7 9 8]
 [2 6 9 4 7 3 1 0 5]
 [3 9 0 7 6 8 4 2 1]
 [8 7 6 0 5 9 3 0 0]
 [0 0 2 1 3 4 5 6 7]
 [0 4 3 9 1 6 8 7 0]
 [0 2 5 3 4 7 0 1 9]
 [6 1 7 2 8 5 0 4 3]]
Number of cells unfilled: 13
Accuracy: 83.9506172839506
Sample: 39072
Question:
[[0 0 7 0 0 2 0 6 0]
 [1 0 0 0 5 0 0 0 0]
 [0 0 0 8 0 0 5 0 0]
 [0 0 6 0 0 4 0 3 0]
 [0 8 0 1 9 0 0 0 0]
 [0 0 0 0 3 0 0 0 9]
 [0 2 0 0 0 3 4 0 0]
 [7 0 0 0 0 0 0 2 0]
 [0 0 4 0 0 0 3 0 6]]
Solution:
[[7 8 4 5 9 1 6 3 2]
 [5 3 1 6 0 2 7 9 8]
 [2 6 9 4 7 3 1 0 5]
 [3 9 0 7 6 8 4 2 1]
 [8 5 6 0 2 9 3 0 0]
 [0 0 2 1 3 4 5 6 7]
 [4 0 3 9 1 6 8 7 0]
 [0 2 5 3 4 7 0 1 9]
 [6 1 7 2 8 5 0 4 3]]
Number of cells unfilled: 13
Accuracy: 83.9506172839506
Sample: 39073
Question:
[[0 0 0 0 5 0 0 0 0]
 [0 4 3 0 0 0 0 6 0]
 [0 8 7 1 0 0 3 0 5]
 [0 0 9 0 0 8 4 5 7]
 [0 0 0 5 0 2 0 1 8]
 [0 0 0 0 0 6 9 0 2]
 [0 1 8 0 6 0 0 0 0]
 [0 3 0 7 0 0 2 4 0]
 [0 0 6 9 3 5 7 0 0]]
Solution:
[[7 8 4 5 9 1 6 3 2]
 [5 3 1 6 0 2 7 9 8]
 [2 6 9 4 7 3 1 0 5]
 [3 9 0 7 6 8 4 2 1]
 [8 7 6 0 5 9 3 0 0]
 [0 0 2 1 3 4 5 6 7]
 [4 0 3 9 1 6 8 7 0]
 [6 2 5 3 4 7 0 1 9]
 [9 1 7 2 8 5 0 4 3]]
Number of cells unfilled: 12
Accuracy: 85.18518518518519
Sample: 39074
Question:
[[0 0 0 0 3 0 0 9 0]
 [0 0 3 7 0 0 2 0 6]
 [0 6 0 0 0 0 3 0 0]
 [0 0 6 4 0 0 0 5 0]
 [0 7 0 0 0 3 0 0 0]
 [0 0 2 9 0 5 0 0 0]
 [0 0 9 5 0 0 0 6 0]
 [0 4 0 0 7 0 0 0 9]
 [5 0 0 0 0 4 8 2 0]]
Solution:
[[7 8 4 5 9 1 6 3 2]
 [5 3 1 6 0 2 7 9 8]
 [2 6 9 4 7 3 1 0 5]
 [3 9 0 7 6 8 4 2 1]
 [8 7 6 0 5 9 3 0 0]
 [0 0 2 1 3 4 5 6 7]
 [0 4 3 9 1 6 8 7 0]
 [6 2 5 3 4 7 0 1 9]
 [9 1 7 2 8 5 0 4 3]]
Number of cells unfilled: 12
Accuracy: 85.18518518518519
Sample: 39075
Question:
[[0 0 9 1 0 3 0 0 0]
 [0 0 0 6 0 0 0 4 0]
 [0 4 0 8 0 0 0 0 2]
 [0 1 5 0 0 0 9 0 0]
 [7 0 0 2 0 0 0 8 0]
 [3 2 0 0 0 0 1 0 0]
 [0 6 8 5 0 0 0 9 0]
 [0 0 0 0 0 0 0 0 0]
 [0 0 7 0 0 4 0 6 0]]
Solution:
[[7 8 4 5 9 1 6 3 2]
 [5 3 1 6 0 2 7 9 8]
 [2 6 9 4 7 3 1 0 5]
 [3 9 0 7 6 8 4 2 1]
 [8 7 6 0 5 9 3 0 0]
 [0 0 2 1 3 4 5 6 7]
 [4 0 3 9 1 6 8 7 0]
 [6 2 5 3 4 7 0 1 9]
 [9 1 7 2 8 5 0 4 3]]
Number of cells unfilled: 12
Accuracy: 85.18518518518519
Sample: 39076
Question:
[[0 3 0 0 0 4 0 6 0]
 [0 0 1 3 0 0 0 0 7]
 [0 0 0 0 5 0 3 0 0]
 [1 0 0 0 8 0 0 7 0]
 [0 4 0 0 0 7 6 0 0]
 [9 0 0 0 0 0 0 0 2]
 [0 8 0 0 0 3 0 0 6]
 [0 0 2 5 0 0 8 4 0]
 [0 0 9 0 0 0 0 0 0]]
Solution:
[[7 8 4 5 9 1 6 3 2]
 [5 3 1 6 0 2 7 9 8]
 [2 6 9 4 7 3 1 0 5]
 [3 9 0 7 6 8 4 2 1]
 [8 4 6 0 2 9 3 0 0]
 [0 0 2 1 3 4 5 6 7]
 [4 0 3 9 1 6 8 7 0]
 [6 2 5 3 4 7 0 1 9]
 [9 1 7 2 8 5 0 4 3]]
Number of cells unfilled: 12
Accuracy: 85.18518518518519
Sample: 39077
Question:
[[0 0 3 0 2 0 0 0 0]
 [0 0 0 0 0 1 0 0 0]
 [8 0 1 5 0 0 6 2 0]
 [0 0 6 0 7 0 0 9 0]
 [0 0 4 0 0 0 8 0 6]
 [0 5 0 0 0 0 0 0 0]
 [1 0 0 6 4 0 7 0 0]
 [0 0 0 0 0 9 0 8 4]
 [0 4 0 8 3 0 1 0 0]]
Solution:
[[7 8 4 5 9 1 6 3 2]
 [5 3 1 6 0 2 7 9 8]
 [2 6 9 4 7 3 1 0 5]
 [3 9 0 7 6 8 4 2 1]
 [8 4 6 0 2 9 3 0 0]
 [0 0 2 1 3 4 5 6 7]
 [4 0 3 9 1 6 8 7 0]
 [6 2 5 3 4 7 0 1 9]
 [9 1 7 2 8 5 0 4 3]]
Number of cells unfilled: 12
Accuracy: 85.18518518518519
Sample: 39078
Question:
[[0 0 0 7 0 2 0 0 0]
 [0 0 5 8 0 0 4 1 2]
 [0 0 8 0 4 0 0 0 0]
 [0 0 0 5 7 1 9 0 0]
 [0 5 0 0 0 0 0 6 0]
 [0 0 0 0 0 9 0 8 0]
 [5 6 2 0 0 7 1 0 0]
 [0 7 0 0 0 0 0 0 9]
 [0 0 1 0 8 0 5 0 0]]
Solution:
[[7 8 4 5 9 1 6 3 2]
 [5 3 1 6 0 2 7 9 8]
 [2 6 9 4 7 3 1 0 5]
 [3 9 0 7 6 8 4 2 1]
 [8 5 6 0 2 9 3 0 0]
 [0 0 2 1 3 4 5 6 7]
 [4 0 3 9 1 6 8 7 0]
 [0 2 5 3 4 7 0 1 9]
 [6 1 7 2 8 5 0 4 3]]
Number of cells unfilled: 13
Accuracy: 83.9506172839506
Sample: 39079
Question:
[[0 0 1 8 0 0 0 0 4]
 [0 0 0 0 5 0 0 0 0]
 [0 7 0 1 0 2 8 0 0]
 [0 1 2 0 8 0 0 0 0]
 [7 0 0 6 0 1 2 0 0]
 [0 0 6 0 0 0 0 3 0]
 [0 0 7 4 0 8 6 0 0]
 [0 0 0 0 9 0 0 0 0]
 [8 0 0 0 0 7 0 4 0]]
Solution:
[[7 8 4 5 9 1 6 3 2]
 [5 3 1 6 0 2 7 9 8]
 [2 6 9 4 7 3 1 0 5]
 [3 9 0 7 6 8 4 2 1]
 [8 7 6 0 5 9 3 0 0]
 [0 0 2 1 3 4 5 6 7]
 [4 0 3 9 1 6 8 7 0]
 [6 2 5 3 4 7 0 1 9]
 [9 1 7 2 8 5 0 4 3]]
Number of cells unfilled: 12
Accuracy: 85.18518518518519
Sample: 39080
Question:
[[0 4 3 0 0 5 0 0 1]
 [5 0 0 3 8 0 0 0 9]
 [0 0 8 0 7 0 2 5 0]
 [0 0 0 0 6 8 0 1 0]
 [0 0 0 0 0 0 0 7 0]
 [0 3 0 0 9 0 0 0 6]
 [0 2 0 0 4 0 5 0 0]
 [4 0 9 8 0 6 0 0 0]
 [0 1 0 0 0 0 0 0 0]]
Solution:
[[7 8 4 5 9 1 6 3 2]
 [5 3 1 6 0 2 7 9 8]
 [2 6 9 4 7 3 1 0 5]
 [3 9 0 7 6 8 4 2 1]
 [8 4 6 0 2 9 3 0 0]
 [0 0 2 1 3 4 5 6 7]
 [4 0 3 9 1 6 8 7 0]
 [6 2 5 3 4 7 0 1 9]
 [9 1 7 2 8 5 0 4 3]]
Number of cells unfilled: 12
Accuracy: 85.18518518518519
Sample: 39081
Question:
[[0 0 0 2 0 4 0 0 0]
 [1 0 0 0 0 0 0 0 0]
 [0 0 3 0 0 0 2 4 1]
 [0 0 0 0 7 0 0 0 8]
 [0 8 0 0 5 0 0 0 3]
 [4 9 0 0 3 0 0 2 0]
 [0 1 0 0 0 0 3 0 7]
 [2 0 0 0 0 0 9 0 0]
 [6 0 0 0 0 8 1 0 0]]
Solution:
[[7 8 4 5 9 1 6 3 2]
 [5 3 1 6 0 2 7 9 8]
 [2 6 9 4 7 3 1 0 5]
 [3 9 0 7 6 8 4 2 1]
 [8 7 6 0 2 9 3 0 0]
 [0 0 2 1 3 4 5 6 7]
 [0 4 3 9 1 6 8 7 0]
 [6 2 5 3 4 7 0 1 9]
 [9 1 7 2 8 5 0 4 3]]
Number of cells unfilled: 12
Accuracy: 85.18518518518519
Sample: 39082
Question:
[[0 2 0 3 0 0 0 0 5]
 [4 0 0 0 0 0 7 0 0]
 [0 0 5 0 6 0 4 2 9]
 [0 9 0 0 0 0 0 0 2]
 [8 0 0 2 9 0 6 0 0]
 [0 0 4 0 0 6 0 0 0]
 [3 0 8 9 4 0 2 0 0]
 [1 0 0 0 0 0 0 8 0]
 [0 0 0 0 3 0 0 0 4]]
Solution:
[[7 8 4 5 9 1 6 3 2]
 [5 3 1 6 0 2 7 9 8]
 [2 6 9 4 7 3 1 0 5]
 [3 9 0 7 6 8 4 2 1]
 [8 7 6 0 2 9 3 0 0]
 [0 0 2 1 3 4 5 6 7]
 [4 0 3 9 1 6 8 7 0]
 [6 2 5 3 4 7 0 1 9]
 [9 1 7 2 8 5 0 4 3]]
Number of cells unfilled: 12
Accuracy: 85.18518518518519
Sample: 39083
Question:
[[0 0 0 6 9 0 0 0 3]
 [0 0 0 3 2 0 0 0 0]
 [0 0 0 0 1 0 8 0 5]
 [0 8 1 0 7 0 0 0 0]
 [7 0 3 0 0 0 6 0 0]
 [2 6 0 0 0 0 4 0 0]
 [6 0 0 0 5 0 3 8 0]
 [5 2 0 0 0 0 0 4 0]
 [8 0 0 0 0 9 0 0 0]]
Solution:
[[7 8 4 5 9 1 6 3 2]
 [5 3 1 6 0 2 7 9 8]
 [2 6 9 4 7 3 1 0 5]
 [3 9 0 7 6 8 4 2 1]
 [8 7 6 0 5 9 3 0 0]
 [0 0 2 1 3 4 5 6 7]
 [0 4 3 9 1 6 8 7 0]
 [0 2 5 3 4 7 0 1 9]
 [6 1 7 2 8 5 0 4 3]]
Number of cells unfilled: 13
Accuracy: 83.9506172839506
Sample: 39084
Question:
[[0 4 0 0 0 9 0 5 0]
 [0 0 1 2 0 0 0 0 0]
 [7 0 0 0 0 0 0 0 3]
 [2 0 0 1 0 0 0 0 0]
 [0 0 3 0 0 0 7 0 0]
 [0 8 0 0 0 5 0 9 0]
 [0 5 0 0 6 0 4 0 8]
 [0 0 0 0 0 0 0 6 0]
 [6 0 0 0 0 4 5 0 9]]
Solution:
[[7 8 4 5 9 1 6 3 2]
 [5 3 1 6 0 2 7 9 8]
 [2 6 9 4 7 3 1 0 5]
 [3 9 0 7 6 8 4 2 1]
 [8 5 6 0 2 9 3 0 0]
 [0 0 2 1 3 4 5 6 7]
 [0 4 3 9 1 6 8 7 0]
 [0 2 5 3 4 7 0 1 9]
 [6 1 7 2 8 5 0 4 3]]
Number of cells unfilled: 13
Accuracy: 83.9506172839506
Sample: 39085
Question:
[[0 8 3 5 0 0 0 2 0]
 [2 0 0 0 0 0 0 0 0]
 [0 5 4 0 0 0 0 0 8]
 [0 0 0 0 7 0 1 0 0]
 [0 6 0 0 0 9 0 3 0]
 [4 0 0 3 0 0 0 0 5]
 [0 0 9 0 6 0 0 0 0]
 [0 0 0 0 0 1 7 0 0]
 [5 0 0 8 0 0 0 0 4]]
Solution:
[[7 8 4 5 9 1 6 3 2]
 [5 3 1 6 0 2 7 9 8]
 [2 6 9 4 7 3 1 0 5]
 [3 9 0 7 6 8 4 2 1]
 [8 7 6 0 5 9 3 0 0]
 [0 0 2 1 3 4 5 6 7]
 [4 0 3 9 1 6 8 7 0]
 [6 2 5 3 4 7 0 1 9]
 [9 1 7 2 8 5 0 4 3]]
Number of cells unfilled: 12
Accuracy: 85.18518518518519
Sample: 39086
Question:
[[6 0 0 0 2 4 0 0 1]
 [0 4 0 0 9 1 0 0 0]
 [0 0 0 6 0 0 0 0 0]
 [0 9 0 1 0 0 0 0 4]
 [0 0 0 0 5 0 0 7 0]
 [0 0 8 0 0 0 3 0 0]
 [0 0 3 0 0 0 0 8 0]
 [0 0 4 0 0 7 5 0 0]
 [0 1 0 9 0 0 0 0 2]]
Solution:
[[7 8 4 5 9 1 6 3 2]
 [5 3 1 6 0 2 7 9 8]
 [2 6 9 4 7 3 1 0 5]
 [3 9 0 7 6 8 4 2 1]
 [8 4 6 0 2 9 3 0 0]
 [0 0 2 1 3 4 5 6 7]
 [4 0 3 9 1 6 8 7 0]
 [6 2 5 3 4 7 0 1 9]
 [9 1 7 2 8 5 0 4 3]]
Number of cells unfilled: 12
Accuracy: 85.18518518518519
Sample: 39087
Question:
[[2 0 0 7 6 0 4 0 0]
 [0 5 0 0 3 8 0 0 0]
 [8 3 0 0 0 0 0 0 0]
 [0 7 0 0 0 2 0 0 4]
 [0 0 5 0 0 4 9 0 0]
 [3 0 0 0 0 0 1 0 0]
 [0 6 0 0 0 0 2 9 0]
 [0 0 0 9 7 0 0 0 0]
 [0 9 0 0 0 0 8 3 5]]
Solution:
[[7 8 4 5 9 1 6 3 2]
 [5 3 1 6 0 2 7 9 8]
 [2 6 9 4 7 3 1 0 5]
 [3 9 0 7 6 8 4 2 1]
 [8 4 6 0 2 9 3 0 0]
 [0 0 2 1 3 4 5 6 7]
 [4 0 3 9 1 6 8 7 0]
 [6 2 5 3 4 7 0 1 9]
 [9 1 7 2 8 5 0 4 3]]
Number of cells unfilled: 12
Accuracy: 85.18518518518519
Sample: 39088
Question:
[[2 0 0 8 0 1 0 5 3]
 [9 0 0 6 0 0 0 2 8]
 [0 1 0 0 0 3 4 0 0]
 [0 0 0 0 0 8 0 0 0]
 [0 8 0 0 1 0 6 0 4]
 [0 0 9 7 0 0 0 0 0]
 [4 0 6 1 0 0 0 0 0]
 [0 0 0 0 6 0 0 0 0]
 [0 7 0 0 8 4 0 0 5]]
Solution:
[[7 8 4 5 9 1 6 3 2]
 [5 3 1 6 0 2 7 9 8]
 [2 6 9 4 7 3 1 0 5]
 [3 9 0 7 6 8 4 2 1]
 [8 5 6 0 2 9 3 0 0]
 [0 0 2 1 3 4 5 6 7]
 [0 4 3 9 1 6 8 7 0]
 [0 2 5 3 4 7 0 1 9]
 [6 1 7 2 8 5 0 4 3]]
Number of cells unfilled: 13
Accuracy: 83.9506172839506
Sample: 39089
Question:
[[8 0 0 0 5 0 2 0 0]
 [0 0 0 0 0 0 0 4 0]
 [4 0 9 0 0 2 0 0 5]
 [0 0 3 0 2 0 0 0 1]
 [0 4 0 0 0 3 6 0 0]
 [0 7 0 1 0 9 0 0 0]
 [0 0 5 2 0 0 0 0 3]
 [7 0 0 0 3 0 0 6 0]
 [0 0 0 0 0 0 8 0 0]]
Solution:
[[7 8 4 5 9 1 6 3 2]
 [5 3 1 6 0 2 7 9 8]
 [2 6 9 4 7 3 1 0 5]
 [3 9 0 7 6 8 4 2 1]
 [8 4 6 0 5 9 3 0 0]
 [0 0 2 1 3 4 5 6 7]
 [4 0 3 9 1 6 8 7 0]
 [6 2 5 3 4 7 0 1 9]
 [9 1 7 2 8 5 0 4 3]]
Number of cells unfilled: 12
Accuracy: 85.18518518518519
Sample: 39090
Question:
[[0 0 8 0 0 1 0 0 2]
 [0 2 0 0 6 0 0 9 0]
 [6 0 0 0 0 0 5 0 0]
 [0 0 0 7 0 0 0 4 0]
 [8 0 4 0 5 2 0 0 3]
 [0 0 2 0 0 3 0 0 6]
 [2 1 0 0 0 4 0 0 0]
 [0 0 3 0 0 0 0 0 0]
 [4 8 0 0 3 0 0 0 1]]
Solution:
[[7 8 4 5 9 1 6 3 2]
 [5 3 1 6 0 2 7 9 8]
 [2 6 9 4 7 3 1 0 5]
 [3 9 0 7 6 8 4 2 1]
 [8 7 6 0 5 9 3 0 0]
 [0 0 2 1 3 4 5 6 7]
 [4 0 3 9 1 6 8 7 0]
 [6 2 5 3 4 7 0 1 9]
 [9 1 7 2 8 5 0 4 3]]
Number of cells unfilled: 12
Accuracy: 85.18518518518519
Sample: 39091
Question:
[[3 0 0 8 0 0 0 6 4]
 [0 0 4 0 0 0 7 0 0]
 [0 6 0 0 0 4 0 0 1]
 [6 0 0 9 0 2 0 4 0]
 [2 0 3 6 0 0 0 9 0]
 [0 0 0 0 5 0 0 0 0]
 [0 3 2 0 0 9 0 8 0]
 [9 0 0 0 8 0 0 0 0]
 [0 0 6 2 0 0 0 0 0]]
Solution:
[[7 8 4 5 9 1 6 3 2]
 [5 3 1 6 0 2 7 9 8]
 [2 6 9 4 7 3 1 0 5]
 [3 9 0 7 6 8 4 2 1]
 [8 7 6 0 5 9 3 0 0]
 [0 0 2 1 3 4 5 6 7]
 [0 4 3 9 1 6 8 7 0]
 [0 2 5 3 4 7 0 1 9]
 [6 1 7 2 8 5 0 4 3]]
Number of cells unfilled: 13
Accuracy: 83.9506172839506
Sample: 39092
Question:
[[4 8 0 6 0 0 0 0 0]
 [6 9 0 0 7 0 0 8 0]
 [0 0 7 0 0 0 0 0 0]
 [0 0 9 8 0 0 0 4 0]
 [0 4 0 0 5 0 0 0 3]
 [5 0 0 0 0 0 1 0 0]
 [0 0 0 0 0 2 4 0 6]
 [0 0 0 7 0 0 0 5 0]
 [9 0 6 4 1 0 0 7 0]]
Solution:
[[7 8 4 5 9 1 6 3 2]
 [5 3 1 6 0 2 7 9 8]
 [2 6 9 4 7 3 1 0 5]
 [3 9 0 7 6 8 4 2 1]
 [8 7 6 0 5 9 3 0 0]
 [0 0 2 1 3 4 5 6 7]
 [0 4 3 9 1 6 8 7 0]
 [6 2 5 3 4 7 0 1 9]
 [9 1 7 2 8 5 0 4 3]]
Number of cells unfilled: 12
Accuracy: 85.18518518518519
Sample: 39093
Question:
[[9 0 0 6 0 0 0 0 0]
 [8 2 0 0 0 0 0 0 4]
 [0 0 1 0 8 0 0 5 0]
 [1 0 9 0 0 0 3 0 0]
 [2 0 0 0 0 7 0 0 9]
 [0 5 0 0 9 0 0 8 0]
 [5 0 0 0 1 0 0 2 0]
 [0 0 0 4 0 0 0 0 3]
 [0 0 0 0 0 6 7 0 0]]
Solution:
[[7 8 4 5 9 1 6 3 2]
 [5 3 1 6 0 2 7 9 8]
 [2 6 9 4 7 3 1 0 5]
 [3 9 0 7 6 8 4 2 1]
 [8 7 6 0 5 9 3 0 0]
 [0 0 2 1 3 4 5 6 7]
 [4 0 3 9 1 6 8 7 0]
 [0 2 5 3 4 7 0 1 9]
 [6 1 7 2 8 5 0 4 3]]
Number of cells unfilled: 13
Accuracy: 83.9506172839506
Sample: 39094
Question:
[[9 0 0 0 0 0 0 0 6]
 [0 0 0 7 0 0 0 5 0]
 [0 2 0 0 3 0 4 0 0]
 [0 8 0 2 0 0 3 0 0]
 [0 0 1 0 0 3 0 0 0]
 [3 0 0 0 4 8 0 0 0]
 [1 3 0 0 0 7 8 0 0]
 [0 0 6 0 0 0 0 1 0]
 [5 0 0 0 0 0 0 0 9]]
Solution:
[[7 8 4 5 9 1 6 3 2]
 [5 3 1 6 0 2 7 9 8]
 [2 6 9 4 7 3 1 0 5]
 [3 9 0 7 6 8 4 2 1]
 [8 7 6 0 2 9 3 0 0]
 [0 0 2 1 3 4 5 6 7]
 [4 0 3 9 1 6 8 7 0]
 [6 2 5 3 4 7 0 1 9]
 [9 1 7 2 8 5 0 4 3]]
Number of cells unfilled: 12
Accuracy: 85.18518518518519
Sample: 39095
Question:
[[9 0 0 0 8 0 5 0 4]
 [0 0 0 0 0 0 0 8 0]
 [0 0 0 4 0 5 9 0 3]
 [4 0 0 2 0 3 0 5 0]
 [0 0 2 0 0 4 0 0 1]
 [0 5 0 0 7 0 0 4 0]
 [8 0 0 0 0 6 0 3 0]
 [0 7 0 0 0 0 6 0 0]
 [0 0 6 1 0 0 0 0 0]]
Solution:
[[7 8 4 5 9 1 6 3 2]
 [5 3 1 6 0 2 7 9 8]
 [2 6 9 4 7 3 1 0 5]
 [3 9 0 7 6 8 4 2 1]
 [8 7 6 0 2 9 3 0 0]
 [0 0 2 1 3 4 5 6 7]
 [0 4 3 9 1 6 8 7 0]
 [0 2 5 3 4 7 0 1 9]
 [6 1 7 2 8 5 0 4 3]]
Number of cells unfilled: 13
Accuracy: 83.9506172839506
Sample: 39096
Question:
[[6 0 0 0 0 0 0 0 0]
 [0 4 0 0 0 2 0 9 0]
 [0 0 5 0 4 0 8 3 0]
 [2 6 0 0 9 0 5 0 0]
 [0 0 0 0 0 0 0 0 3]
 [0 8 0 0 3 1 9 6 0]
 [8 0 0 0 0 0 0 0 0]
 [0 2 9 0 8 7 4 0 0]
 [0 0 0 0 0 0 0 0 7]]
Solution:
[[7 8 4 5 9 1 6 3 2]
 [5 3 1 6 0 2 7 9 8]
 [2 6 9 4 7 3 1 0 5]
 [3 9 0 7 6 8 4 2 1]
 [8 7 6 0 2 9 3 0 0]
 [0 0 2 1 3 4 5 6 7]
 [4 0 3 9 1 6 8 7 0]
 [6 2 5 3 4 7 0 1 9]
 [9 1 7 2 8 5 0 4 3]]
Number of cells unfilled: 12
Accuracy: 85.18518518518519
Sample: 39097
Question:
[[0 5 0 0 0 0 0 0 0]
 [4 0 0 1 0 0 0 9 0]
 [0 6 0 0 7 0 8 0 0]
 [0 0 0 0 0 8 3 0 7]
 [0 0 3 0 5 0 0 0 0]
 [1 0 0 4 0 0 0 2 0]
 [0 0 4 6 0 0 0 0 0]
 [0 1 0 0 0 2 0 6 0]
 [6 0 0 0 9 0 2 0 0]]
Solution:
[[7 8 4 5 9 1 6 3 2]
 [5 3 1 6 0 2 7 9 8]
 [2 6 9 4 7 3 1 0 5]
 [3 9 0 7 6 8 4 2 1]
 [8 4 6 0 5 9 3 0 0]
 [0 0 2 1 3 4 5 6 7]
 [4 0 3 9 1 6 8 7 0]
 [6 2 5 3 4 7 0 1 9]
 [9 1 7 2 8 5 0 4 3]]
Number of cells unfilled: 12
Accuracy: 85.18518518518519
Sample: 39098
Question:
[[0 0 0 0 1 0 9 0 0]
 [6 0 5 0 0 0 0 0 0]
 [2 4 0 6 0 7 0 0 0]
 [5 0 0 2 0 0 0 0 7]
 [0 0 0 0 4 5 0 0 9]
 [0 0 0 9 0 0 0 8 0]
 [7 0 0 0 9 0 0 2 5]
 [0 0 0 8 0 0 0 1 0]
 [0 0 8 0 0 0 7 0 0]]
Solution:
[[7 8 4 5 9 1 6 3 2]
 [5 3 1 6 0 2 7 9 8]
 [2 6 9 4 7 3 1 0 5]
 [3 9 0 7 6 8 4 2 1]
 [8 7 6 0 5 9 3 0 0]
 [0 0 2 1 3 4 5 6 7]
 [0 4 3 9 1 6 8 7 0]
 [0 2 5 3 4 7 0 1 9]
 [6 1 7 2 8 5 0 4 3]]
Number of cells unfilled: 13
Accuracy: 83.9506172839506
Sample: 39099
Question:
[[0 7 0 6 9 0 5 0 0]
 [5 0 6 0 0 0 0 0 0]
 [9 0 0 0 0 4 0 0 0]
 [0 2 0 0 0 0 0 3 0]
 [0 0 7 0 0 0 0 0 0]
 [1 0 0 2 7 0 6 0 0]
 [0 0 0 0 0 8 0 0 1]
 [0 0 9 5 1 0 2 0 0]
 [0 1 0 9 0 0 0 0 5]]
Solution:
[[7 8 4 5 9 1 6 3 2]
 [5 3 1 6 0 2 7 9 8]
 [2 6 9 4 7 3 1 0 5]
 [3 9 0 7 6 8 4 2 1]
 [8 7 6 0 5 9 3 0 0]
 [0 0 2 1 3 4 5 6 7]
 [0 4 3 9 1 6 8 7 0]
 [0 2 5 3 4 7 0 1 9]
 [6 1 7 2 8 5 0 4 3]]
Number of cells unfilled: 13
Accuracy: 83.9506172839506
Sample: 39100
Question:
[[7 0 4 5 0 0 6 0 2]
 [5 0 1 6 0 0 0 9 8]
 [0 0 0 0 7 3 0 0 5]
 [0 9 0 0 0 0 4 0 1]
 [8 0 6 0 0 9 0 0 0]
 [0 0 2 1 3 0 0 0 0]
 [0 0 3 0 1 6 8 7 0]
 [0 2 0 0 4 0 0 1 9]
 [0 0 7 0 8 0 0 0 3]]
Solution:
[[7 8 4 5 9 1 6 3 2]
 [5 3 1 6 0 2 7 9 8]
 [2 6 9 4 7 3 1 0 5]
 [3 9 0 7 6 8 4 2 1]
 [8 7 6 0 5 9 3 0 0]
 [0 0 2 1 3 4 5 6 7]
 [0 4 3 9 1 6 8 7 0]
 [6 2 5 3 4 7 0 1 9]
 [9 1 7 2 8 5 0 4 3]]
Number of cells unfilled: 12
Accuracy: 85.18518518518519
