2025-10-22 14:32:34.029490: I tensorflow/core/util/port.cc:153] oneDNN custom operations are on. You may see slightly different numerical results due to floating-point round-off errors from different computation orders. To turn them off, set the environment variable `TF_ENABLE_ONEDNN_OPTS=0`.
2025-10-22 14:32:34.889043: I tensorflow/core/platform/cpu_feature_guard.cc:210] This TensorFlow binary is optimized to use available CPU instructions in performance-critical operations.
To enable the following instructions: AVX2 AVX512F AVX512_VNNI FMA, in other operations, rebuild TensorFlow with the appropriate compiler flags.
2025-10-22 14:32:39.444673: I tensorflow/core/util/port.cc:153] oneDNN custom operations are on. You may see slightly different numerical results due to floating-point round-off errors from different computation orders. To turn them off, set the environment variable `TF_ENABLE_ONEDNN_OPTS=0`.
2025-10-22 14:32:45.626551: E external/local_xla/xla/stream_executor/cuda/cuda_platform.cc:51] failed call to cuInit: INTERNAL: CUDA error: Failed call to cuInit: UNKNOWN ERROR (303)
Sample: 39201
Question:
[[0 0 0 9 0 0 0 8 6]
 [0 0 0 0 7 0 0 0 0]
 [4 0 0 3 0 0 0 0 0]
 [0 3 5 0 0 6 0 0 9]
 [7 0 0 0 0 0 0 0 0]
 [0 0 0 0 0 2 7 0 1]
 [0 0 0 0 3 0 0 2 0]
 [1 0 0 0 5 0 3 0 0]
 [0 9 8 0 6 0 0 0 7]]
Solution:
[[9 5 6 0 2 3 7 4 0]
 [3 8 7 1 4 9 0 5 2]
 [4 2 1 5 7 0 6 3 0]
 [8 3 5 2 1 0 4 6 7]
 [0 9 0 7 5 4 2 8 3]
 [1 4 2 8 0 6 5 0 9]
 [7 0 3 9 6 5 0 2 8]
 [6 0 4 0 3 8 0 7 1]
 [2 1 8 4 0 7 3 9 5]]
Number of cells unfilled: 16
Accuracy: 80.24691358024691
Sample: 39202
Question:
[[0 0 6 0 0 0 0 1 0]
 [0 4 0 0 0 1 0 0 5]
 [1 0 0 0 6 0 8 0 4]
 [4 0 0 7 0 8 0 6 0]
 [6 0 0 0 0 5 7 4 0]
 [0 0 7 0 0 0 0 0 3]
 [0 0 0 1 0 0 2 0 0]
 [0 0 9 0 0 0 0 0 0]
 [8 0 0 0 0 6 0 5 0]]
Solution:
[[9 5 6 0 2 3 7 4 0]
 [3 8 7 1 4 9 0 5 2]
 [4 2 1 5 7 8 6 3 0]
 [8 3 5 2 1 0 4 6 7]
 [0 9 0 7 5 4 2 1 3]
 [1 4 2 8 0 6 5 0 9]
 [7 0 3 9 6 5 0 2 8]
 [6 0 4 0 3 2 0 7 1]
 [2 1 8 4 0 7 3 9 5]]
Number of cells unfilled: 15
Accuracy: 81.48148148148148
Sample: 39203
Question:
[[0 0 9 0 6 3 0 0 4]
 [6 0 0 0 4 0 1 0 0]
 [0 0 4 0 0 8 0 6 9]
 [4 0 0 0 0 0 0 0 5]
 [0 0 5 0 0 0 9 3 0]
 [0 9 0 0 0 5 8 0 0]
 [2 0 0 0 0 0 0 0 0]
 [0 0 0 0 5 0 0 7 0]
 [0 0 3 0 0 4 0 0 8]]
Solution:
[[2 5 6 0 8 3 7 4 0]
 [3 8 7 1 4 9 0 5 2]
 [4 0 1 5 2 7 6 3 0]
 [8 3 5 2 1 0 4 6 9]
 [0 9 0 7 5 4 2 8 3]
 [1 4 2 8 9 6 5 0 7]
 [0 7 3 9 6 5 0 2 8]
 [6 2 4 0 3 8 0 7 1]
 [0 1 8 4 7 2 3 9 5]]
Number of cells unfilled: 14
Accuracy: 82.71604938271605
Sample: 39204
Question:
[[1 0 0 0 5 0 0 2 8]
 [0 0 0 0 0 0 1 0 0]
 [0 8 0 0 0 1 0 5 4]
 [0 0 8 1 0 0 0 3 0]
 [2 0 0 0 0 5 4 0 0]
 [0 0 6 0 0 0 0 0 0]
 [5 0 0 0 0 4 8 7 0]
 [0 0 7 0 0 0 0 0 9]
 [8 0 0 7 0 2 5 0 0]]
Solution:
[[9 5 6 0 8 3 7 4 2]
 [3 2 7 1 4 9 8 5 0]
 [4 8 1 5 7 2 6 3 0]
 [8 3 5 2 1 0 4 6 9]
 [0 9 0 7 5 4 2 8 3]
 [1 4 2 8 9 6 5 0 7]
 [7 0 3 9 6 5 0 2 8]
 [6 0 4 0 3 8 0 7 1]
 [2 1 8 4 0 7 3 9 5]]
Number of cells unfilled: 13
Accuracy: 83.9506172839506
Sample: 39205
Question:
[[1 0 0 0 0 0 0 0 0]
 [0 0 0 0 0 0 0 8 0]
 [0 8 7 4 0 0 6 0 0]
 [5 0 4 0 0 0 0 0 0]
 [0 1 0 0 0 4 7 6 0]
 [0 0 6 8 0 0 0 0 9]
 [0 3 9 6 0 0 0 7 0]
 [0 0 0 0 2 0 3 0 0]
 [7 0 0 0 0 0 9 0 0]]
Solution:
[[2 5 6 0 8 3 7 4 0]
 [3 8 7 1 4 9 0 5 2]
 [4 0 1 5 2 7 6 3 0]
 [8 3 5 2 1 0 4 6 9]
 [0 9 0 7 5 4 2 8 3]
 [1 4 2 8 9 6 5 0 7]
 [7 0 3 9 6 5 0 2 8]
 [6 2 4 0 3 8 0 7 1]
 [0 1 8 4 7 2 3 9 5]]
Number of cells unfilled: 14
Accuracy: 82.71604938271605
Sample: 39206
Question:
[[8 0 0 6 0 9 0 7 0]
 [6 0 0 3 2 0 0 8 0]
 [0 0 5 0 1 0 4 0 0]
 [0 0 6 0 0 0 7 4 5]
 [2 8 0 0 0 0 1 3 0]
 [0 0 0 0 6 0 0 0 0]
 [0 3 0 0 0 0 0 0 4]
 [0 0 0 2 5 0 0 0 0]
 [7 0 0 0 0 6 0 0 0]]
Solution:
[[9 5 6 0 8 3 7 4 2]
 [3 2 7 1 4 9 8 5 0]
 [4 8 1 5 7 2 6 3 0]
 [8 3 5 2 1 0 4 6 9]
 [0 9 0 7 5 4 2 1 3]
 [1 4 2 8 9 6 5 0 7]
 [0 7 3 9 6 5 0 2 8]
 [6 0 4 0 3 8 0 7 1]
 [2 1 8 4 0 7 3 9 5]]
Number of cells unfilled: 13
Accuracy: 83.9506172839506
Sample: 39207
Question:
[[0 0 0 0 2 0 9 0 0]
 [9 0 0 0 8 3 0 0 5]
 [0 0 4 9 0 0 0 3 0]
 [0 0 7 0 0 0 0 5 6]
 [0 6 0 0 0 0 0 0 0]
 [5 0 3 8 0 0 2 0 0]
 [0 0 5 0 1 0 0 0 0]
 [0 8 0 0 0 7 0 1 0]
 [4 0 0 3 0 0 5 0 0]]
Solution:
[[9 5 6 0 8 3 7 4 2]
 [3 2 7 1 4 9 8 5 0]
 [4 8 1 5 2 0 6 3 0]
 [8 3 5 2 1 0 4 6 9]
 [0 9 0 7 5 4 2 8 3]
 [1 4 2 8 9 6 5 0 7]
 [7 0 3 9 6 5 0 2 8]
 [6 0 4 0 3 8 0 7 1]
 [2 1 8 4 0 7 3 9 5]]
Number of cells unfilled: 14
Accuracy: 82.71604938271605
Sample: 39208
Question:
[[5 0 1 9 0 0 0 8 0]
 [0 2 0 0 4 0 0 0 0]
 [0 0 0 0 0 1 0 0 5]
 [7 0 5 8 0 0 0 0 6]
 [0 0 0 0 0 3 7 0 0]
 [0 1 0 0 0 0 8 0 0]
 [0 0 2 0 0 0 0 0 9]
 [6 0 9 7 0 0 5 0 0]
 [0 0 0 0 0 0 0 6 0]]
Solution:
[[9 5 6 0 8 3 7 4 2]
 [3 2 7 1 4 9 0 8 0]
 [4 8 1 5 2 7 6 3 0]
 [8 3 5 2 1 0 4 6 9]
 [0 9 0 7 5 4 2 1 3]
 [1 4 2 8 9 6 5 0 7]
 [0 0 3 9 6 5 0 2 8]
 [6 0 4 0 3 8 0 7 1]
 [7 1 8 4 0 2 3 9 5]]
Number of cells unfilled: 15
Accuracy: 81.48148148148148
Sample: 39209
Question:
[[0 0 0 0 0 6 0 5 0]
 [0 3 5 0 7 0 8 0 0]
 [4 0 0 0 0 3 0 0 7]
 [0 7 3 0 9 0 0 0 5]
 [0 0 0 0 0 0 0 0 0]
 [0 0 0 1 0 0 0 3 0]
 [2 0 0 0 0 0 0 0 9]
 [0 6 0 0 0 0 5 0 8]
 [0 5 9 0 8 0 0 7 0]]
Solution:
[[2 5 6 0 8 3 7 4 0]
 [3 8 7 1 4 9 0 5 2]
 [4 0 1 5 2 7 6 3 0]
 [8 3 5 2 1 0 4 6 7]
 [0 9 0 7 5 4 2 8 3]
 [1 4 2 8 0 6 5 0 9]
 [0 0 3 9 6 5 0 2 8]
 [6 2 4 0 3 8 0 7 1]
 [7 1 8 4 0 2 3 9 5]]
Number of cells unfilled: 16
Accuracy: 80.24691358024691
Sample: 39210
Question:
[[0 0 2 0 0 0 0 0 4]
 [4 0 0 0 0 8 0 1 0]
 [0 1 0 4 0 0 3 0 2]
 [0 0 1 3 0 0 0 2 0]
 [0 0 0 0 0 5 0 0 0]
 [6 8 0 0 0 0 0 0 0]
 [0 5 8 1 0 0 0 4 0]
 [0 7 0 0 0 0 9 0 0]
 [0 0 4 8 0 0 0 3 0]]
Solution:
[[9 5 6 0 2 3 7 4 0]
 [3 8 7 1 4 9 0 5 2]
 [4 2 1 5 7 0 6 3 0]
 [8 3 5 2 1 0 4 6 9]
 [0 9 0 7 5 4 2 1 3]
 [1 4 2 8 9 6 5 0 7]
 [7 0 3 9 6 5 0 2 8]
 [6 0 4 0 3 8 0 7 1]
 [2 1 8 4 0 7 3 9 5]]
Number of cells unfilled: 15
Accuracy: 81.48148148148148
Sample: 39211
Question:
[[7 0 0 0 2 3 8 0 0]
 [2 0 0 0 9 0 0 0 3]
 [0 0 3 0 0 0 0 0 5]
 [0 0 0 0 0 6 0 0 8]
 [0 8 0 7 0 4 0 0 0]
 [0 1 0 0 0 0 5 7 6]
 [3 0 0 0 0 9 0 0 0]
 [0 0 0 0 0 0 0 0 0]
 [0 2 8 1 0 7 0 6 0]]
Solution:
[[2 5 6 0 8 3 7 4 0]
 [3 8 7 1 4 9 0 5 2]
 [4 0 1 5 7 2 6 3 0]
 [8 3 5 2 1 0 4 6 7]
 [0 9 0 7 5 4 2 8 3]
 [1 4 2 8 0 6 5 0 9]
 [0 7 3 9 6 5 0 2 8]
 [6 2 4 0 3 8 0 7 1]
 [0 1 8 4 2 7 3 9 5]]
Number of cells unfilled: 15
Accuracy: 81.48148148148148
Sample: 39212
Question:
[[0 3 8 0 4 9 0 0 2]
 [6 0 0 2 3 0 0 8 0]
 [0 0 2 0 0 8 0 0 3]
 [0 0 7 8 9 0 0 0 0]
 [0 2 0 4 0 0 0 0 9]
 [0 0 0 0 0 0 0 7 0]
 [0 0 0 0 0 0 0 3 0]
 [1 0 0 0 2 0 5 0 0]
 [0 0 9 0 0 4 0 0 7]]
Solution:
[[9 5 6 0 8 3 7 4 0]
 [3 8 7 1 4 9 0 5 2]
 [4 2 1 5 7 0 6 3 0]
 [8 3 5 2 1 0 4 6 7]
 [0 9 0 7 5 4 2 1 3]
 [1 4 2 8 0 6 5 0 9]
 [0 7 3 9 6 5 0 2 8]
 [6 0 4 0 3 8 0 7 1]
 [2 1 8 4 0 7 3 9 5]]
Number of cells unfilled: 16
Accuracy: 80.24691358024691
Sample: 39213
Question:
[[3 0 0 0 0 7 0 1 0]
 [0 4 0 9 0 0 8 0 0]
 [0 0 0 0 6 0 0 0 0]
 [0 0 0 0 0 0 0 0 0]
 [0 0 8 0 0 3 7 0 1]
 [7 0 0 0 0 0 3 0 2]
 [8 0 0 0 0 6 0 2 0]
 [0 5 0 0 2 0 6 0 8]
 [2 0 6 0 0 8 1 3 0]]
Solution:
[[9 5 6 0 2 3 7 4 0]
 [3 8 7 1 4 9 0 5 2]
 [4 2 1 5 7 8 6 3 0]
 [8 3 5 2 1 0 4 6 7]
 [0 9 0 7 5 4 2 1 3]
 [1 4 2 8 0 6 5 0 9]
 [7 0 3 9 6 5 0 2 8]
 [6 0 4 0 3 2 0 7 1]
 [2 1 8 4 0 7 3 9 5]]
Number of cells unfilled: 15
Accuracy: 81.48148148148148
Sample: 39214
Question:
[[4 0 0 0 0 0 7 0 0]
 [0 0 6 0 2 7 0 0 1]
 [0 0 0 0 0 0 9 3 0]
 [0 0 2 8 0 0 3 0 0]
 [0 0 8 3 5 0 0 0 0]
 [0 7 0 0 0 6 0 0 0]
 [2 0 0 7 3 0 0 0 0]
 [0 3 0 5 0 0 6 9 4]
 [0 1 0 0 9 0 0 0 0]]
Solution:
[[9 5 6 0 8 3 7 4 2]
 [3 2 7 1 4 9 8 5 0]
 [4 8 1 5 7 2 6 3 0]
 [8 3 5 2 1 0 4 6 9]
 [0 9 0 7 5 4 2 8 3]
 [1 4 2 8 9 6 5 0 7]
 [7 0 3 9 6 5 0 2 8]
 [6 0 4 0 3 8 0 7 1]
 [0 1 8 4 2 7 3 9 5]]
Number of cells unfilled: 13
Accuracy: 83.9506172839506
Sample: 39215
Question:
[[0 4 1 0 0 3 7 0 0]
 [5 0 0 0 0 0 0 6 0]
 [0 2 0 4 0 0 0 0 0]
 [0 8 4 3 0 0 1 0 0]
 [0 0 5 0 4 0 0 0 9]
 [2 0 0 0 0 1 0 0 0]
 [0 0 0 8 0 0 0 0 0]
 [4 1 7 0 3 0 8 0 0]
 [0 5 0 1 0 7 0 0 0]]
Solution:
[[2 5 6 0 8 3 7 4 9]
 [3 8 7 1 4 9 0 5 2]
 [4 0 1 5 7 0 6 3 0]
 [8 3 5 2 1 0 4 6 7]
 [0 9 0 7 5 4 2 8 3]
 [1 4 2 8 9 6 5 0 0]
 [0 0 3 9 6 5 0 2 8]
 [6 2 4 0 3 8 0 7 1]
 [7 1 8 4 0 2 3 9 5]]
Number of cells unfilled: 16
Accuracy: 80.24691358024691
Sample: 39216
Question:
[[3 0 6 0 0 0 0 0 9]
 [0 9 0 0 0 6 0 4 0]
 [0 0 2 0 9 0 0 0 0]
 [0 2 0 0 3 0 0 7 6]
 [5 0 0 0 0 7 1 0 0]
 [0 0 0 0 0 0 0 5 0]
 [9 0 0 8 0 3 7 0 0]
 [0 3 0 0 6 0 0 0 4]
 [0 0 8 1 0 0 0 0 0]]
Solution:
[[9 5 6 0 8 3 7 4 2]
 [3 8 7 1 4 9 0 5 0]
 [4 0 1 5 7 2 6 3 0]
 [8 3 5 2 1 0 4 6 9]
 [0 9 0 7 5 4 2 1 3]
 [1 4 2 8 9 6 5 0 7]
 [0 7 3 9 6 5 0 2 8]
 [6 2 4 0 3 8 0 7 1]
 [0 1 8 4 2 7 3 9 5]]
Number of cells unfilled: 14
Accuracy: 82.71604938271605
Sample: 39217
Question:
[[0 0 8 0 0 0 0 0 6]
 [0 0 0 3 0 0 9 0 2]
 [2 0 0 0 6 9 0 7 0]
 [0 2 0 1 8 0 0 4 0]
 [4 0 0 0 0 6 0 0 7]
 [0 0 0 0 0 4 2 0 0]
 [0 0 1 0 5 0 0 0 0]
 [0 5 0 6 0 0 0 0 0]
 [6 0 0 0 9 1 7 0 0]]
Solution:
[[2 5 6 0 8 3 7 4 0]
 [3 8 7 1 4 9 0 5 2]
 [4 0 1 5 2 7 6 3 0]
 [8 3 5 2 1 0 4 6 7]
 [0 9 0 7 5 4 2 1 3]
 [1 4 2 8 0 6 5 0 9]
 [0 0 3 9 6 5 0 2 8]
 [6 2 4 0 3 8 0 7 1]
 [7 1 8 4 0 2 3 9 5]]
Number of cells unfilled: 16
Accuracy: 80.24691358024691
Sample: 39218
Question:
[[0 9 0 0 1 8 0 0 0]
 [7 0 1 0 9 4 0 0 0]
 [0 0 0 0 0 0 0 0 5]
 [6 0 0 0 2 0 0 7 3]
 [3 0 0 0 0 0 0 0 0]
 [0 8 7 0 3 0 0 4 0]
 [0 0 0 0 0 0 0 9 0]
 [2 0 0 0 0 0 6 5 0]
 [0 4 5 1 0 6 0 0 0]]
Solution:
[[9 5 6 0 2 3 7 4 0]
 [3 8 7 1 4 9 0 5 2]
 [4 2 1 5 7 8 6 3 0]
 [8 3 5 2 1 0 4 6 7]
 [0 9 0 7 5 4 2 8 3]
 [1 4 2 8 0 6 5 0 9]
 [7 0 3 9 6 5 0 2 8]
 [6 0 4 0 3 2 0 7 1]
 [2 1 8 4 0 7 3 9 5]]
Number of cells unfilled: 15
Accuracy: 81.48148148148148
Sample: 39219
Question:
[[8 0 0 0 9 0 0 5 0]
 [7 5 0 1 0 0 8 0 9]
 [0 9 0 0 0 3 7 0 0]
 [0 6 0 5 7 1 4 0 0]
 [5 0 0 0 0 0 0 0 0]
 [0 0 0 0 0 0 0 6 0]
 [1 3 0 0 4 0 9 0 0]
 [0 0 0 0 0 0 5 0 8]
 [0 0 0 0 0 2 0 3 0]]
Solution:
[[9 5 6 0 8 3 7 4 2]
 [3 2 7 1 4 9 0 8 0]
 [4 8 1 5 7 2 6 3 0]
 [8 3 5 2 1 0 4 6 7]
 [0 9 0 7 5 4 2 1 3]
 [1 4 2 8 0 6 5 0 9]
 [7 0 3 9 6 5 0 2 8]
 [6 0 4 0 3 8 0 7 1]
 [2 1 8 4 0 7 3 9 5]]
Number of cells unfilled: 15
Accuracy: 81.48148148148148
Sample: 39220
Question:
[[2 0 0 0 0 0 0 0 3]
 [0 0 0 0 0 2 0 8 0]
 [0 5 0 7 0 0 1 0 0]
 [7 0 5 9 0 0 0 0 6]
 [0 6 0 0 0 0 0 0 0]
 [1 0 9 0 0 6 5 0 0]
 [0 9 0 1 0 0 6 0 0]
 [6 0 4 0 8 0 0 0 1]
 [0 0 1 0 0 3 0 4 0]]
Solution:
[[9 5 6 0 8 3 7 4 0]
 [3 8 7 1 4 9 0 5 2]
 [4 0 1 5 7 2 6 3 0]
 [8 3 5 2 1 0 4 6 9]
 [0 9 0 7 5 4 2 1 3]
 [1 4 2 8 9 6 5 0 7]
 [7 0 3 9 6 5 0 2 8]
 [6 2 4 0 3 8 0 7 1]
 [0 1 8 4 2 7 3 9 5]]
Number of cells unfilled: 14
Accuracy: 82.71604938271605
Sample: 39221
Question:
[[1 0 0 0 0 0 0 0 9]
 [0 0 0 8 6 1 0 0 3]
 [0 0 0 0 0 4 0 2 0]
 [3 5 7 0 0 2 0 0 8]
 [0 4 0 0 0 0 0 0 1]
 [0 8 0 3 0 0 0 0 0]
 [0 0 0 6 0 9 7 0 2]
 [4 0 0 0 3 0 0 1 0]
 [0 0 0 0 0 0 0 8 0]]
Solution:
[[9 5 6 0 8 3 7 4 2]
 [3 2 7 1 4 9 0 8 0]
 [4 8 1 5 7 2 6 3 0]
 [8 3 5 2 1 0 4 6 9]
 [0 9 0 7 5 4 2 1 3]
 [1 4 2 8 9 6 5 0 7]
 [0 7 3 9 6 5 0 2 8]
 [6 0 4 0 3 8 0 7 1]
 [0 1 8 4 2 7 3 9 5]]
Number of cells unfilled: 14
Accuracy: 82.71604938271605
Sample: 39222
Question:
[[4 0 0 0 0 2 0 0 0]
 [8 0 0 0 4 3 0 0 2]
 [6 0 0 8 0 0 4 0 9]
 [5 0 0 7 3 4 0 0 0]
 [1 0 0 0 0 0 0 0 0]
 [0 9 0 0 0 6 0 7 3]
 [0 0 8 0 0 0 0 5 0]
 [0 0 0 0 0 1 0 0 0]
 [0 0 1 0 2 0 6 0 0]]
Solution:
[[9 5 6 0 8 3 7 4 0]
 [3 8 7 1 4 9 0 5 2]
 [4 2 1 5 7 0 6 3 0]
 [8 3 5 2 1 0 4 6 7]
 [0 9 0 7 5 4 2 1 3]
 [1 4 2 8 0 6 5 0 9]
 [7 0 3 9 6 5 0 2 8]
 [6 0 4 0 3 8 0 7 1]
 [2 1 8 4 0 7 3 9 5]]
Number of cells unfilled: 16
Accuracy: 80.24691358024691
Sample: 39223
Question:
[[6 5 0 3 0 0 8 0 0]
 [0 7 0 0 0 0 0 0 2]
 [4 0 2 8 0 0 6 0 0]
 [0 9 0 0 8 3 4 0 0]
 [0 0 0 9 0 0 0 6 0]
 [3 0 0 0 0 4 0 0 0]
 [9 0 0 4 0 0 5 0 0]
 [0 0 5 0 9 1 0 0 0]
 [0 0 0 0 0 0 0 0 0]]
Solution:
[[9 5 6 0 2 3 7 4 0]
 [3 8 7 1 4 9 0 5 2]
 [4 2 1 5 8 0 6 3 0]
 [8 3 5 2 1 0 4 6 7]
 [0 9 0 7 5 4 2 8 3]
 [1 4 2 8 0 6 5 0 9]
 [0 7 3 9 6 5 0 2 8]
 [6 0 4 0 3 8 0 7 1]
 [2 1 8 4 0 7 3 9 5]]
Number of cells unfilled: 16
Accuracy: 80.24691358024691
Sample: 39224
Question:
[[9 0 7 0 3 0 1 6 0]
 [0 0 0 6 0 0 0 0 8]
 [0 0 0 1 0 9 0 0 0]
 [0 7 0 0 0 0 0 0 0]
 [0 0 5 9 1 0 0 7 6]
 [6 0 9 0 0 3 4 0 0]
 [0 0 0 0 4 0 0 2 0]
 [0 5 0 0 0 0 0 0 0]
 [1 0 4 3 0 0 6 0 0]]
Solution:
[[9 5 6 0 8 3 7 4 2]
 [3 2 7 1 4 9 8 5 0]
 [4 8 1 5 7 0 6 3 0]
 [8 3 5 2 1 0 4 6 9]
 [0 9 0 7 5 4 2 1 3]
 [1 4 2 8 9 6 5 0 7]
 [0 7 3 9 6 5 0 2 8]
 [6 0 4 0 3 2 0 7 1]
 [2 1 8 4 0 7 3 9 5]]
Number of cells unfilled: 14
Accuracy: 82.71604938271605
Sample: 39225
Question:
[[0 5 0 0 0 1 0 0 0]
 [0 3 8 4 0 0 6 0 0]
 [0 0 0 5 0 3 4 0 0]
 [0 7 1 0 0 0 0 0 0]
 [0 0 0 0 3 0 0 8 0]
 [6 0 0 0 0 0 3 0 2]
 [0 0 0 1 7 0 0 0 0]
 [9 0 0 0 0 4 0 3 5]
 [0 4 0 0 0 0 0 0 1]]
Solution:
[[9 5 6 0 8 3 7 4 2]
 [3 2 7 1 4 9 8 5 0]
 [4 8 1 5 2 0 6 3 0]
 [8 3 5 2 1 0 4 6 7]
 [0 9 0 7 5 4 2 8 3]
 [1 4 2 8 0 6 5 0 9]
 [0 7 3 9 6 5 0 2 8]
 [6 0 4 0 3 2 0 7 1]
 [2 1 8 4 0 7 3 9 5]]
Number of cells unfilled: 15
Accuracy: 81.48148148148148
Sample: 39226
Question:
[[0 0 6 0 0 0 0 0 8]
 [5 0 0 6 0 2 0 0 0]
 [2 0 0 0 8 9 6 0 0]
 [0 0 2 0 0 1 0 0 5]
 [0 5 7 0 9 0 0 1 0]
 [1 0 0 0 0 0 3 0 0]
 [0 4 0 9 0 0 0 0 0]
 [0 0 5 0 7 0 0 0 1]
 [7 0 0 0 0 5 0 3 0]]
Solution:
[[9 5 6 0 8 3 7 4 0]
 [3 8 7 1 4 9 0 5 2]
 [4 0 1 5 7 2 6 3 0]
 [8 3 5 2 1 0 4 6 7]
 [0 9 0 7 5 4 2 1 3]
 [1 4 2 8 0 6 5 0 9]
 [0 7 3 9 6 5 0 2 8]
 [6 2 4 0 3 8 0 7 1]
 [0 1 8 4 2 7 3 9 5]]
Number of cells unfilled: 15
Accuracy: 81.48148148148148
Sample: 39227
Question:
[[0 0 0 0 0 2 0 3 0]
 [0 5 0 0 0 1 4 0 0]
 [3 0 0 0 6 0 0 0 8]
 [4 0 0 0 7 0 8 0 0]
 [0 6 0 1 0 0 0 0 3]
 [0 9 0 0 0 0 0 7 0]
 [0 2 0 0 0 8 6 0 0]
 [6 0 0 0 5 0 0 8 0]
 [0 0 9 0 0 0 0 0 5]]
Solution:
[[9 5 6 0 8 3 7 4 0]
 [3 8 7 1 4 9 0 5 2]
 [4 2 1 5 7 0 6 3 0]
 [8 3 5 2 1 0 4 6 9]
 [0 9 0 7 5 4 2 1 3]
 [1 4 2 8 9 6 5 0 7]
 [0 7 3 9 6 5 0 2 8]
 [6 0 4 0 3 2 0 7 1]
 [2 1 8 4 0 7 3 9 5]]
Number of cells unfilled: 15
Accuracy: 81.48148148148148
Sample: 39228
Question:
[[0 4 0 0 7 0 8 0 0]
 [0 0 5 9 0 0 0 0 2]
 [0 0 0 0 1 0 0 5 0]
 [6 0 0 0 0 0 5 0 4]
 [0 1 0 0 2 0 9 0 0]
 [0 0 9 4 0 0 0 2 0]
 [0 6 0 0 0 0 0 3 0]
 [0 9 0 0 0 7 0 0 0]
 [0 0 8 3 0 0 2 0 0]]
Solution:
[[9 5 6 0 2 3 7 4 0]
 [3 8 7 1 4 9 0 5 2]
 [4 2 1 5 7 0 6 3 0]
 [8 3 5 2 1 0 4 6 9]
 [0 9 0 7 5 4 2 8 3]
 [1 4 2 8 9 6 5 0 7]
 [7 0 3 9 6 5 0 2 8]
 [6 0 4 0 3 8 0 7 1]
 [2 1 8 4 0 7 3 9 5]]
Number of cells unfilled: 15
Accuracy: 81.48148148148148
Sample: 39229
Question:
[[0 9 0 0 4 0 0 0 0]
 [1 0 0 5 0 0 0 3 0]
 [0 0 0 0 0 0 4 0 7]
 [0 8 1 2 0 0 5 0 0]
 [5 0 0 0 3 0 0 0 0]
 [0 0 2 0 0 0 0 8 0]
 [8 0 0 1 0 0 0 2 0]
 [0 0 0 0 0 0 6 0 0]
 [0 0 7 0 0 6 0 0 9]]
Solution:
[[9 5 6 0 8 3 7 4 2]
 [3 8 7 1 4 9 0 5 0]
 [4 2 1 5 0 7 6 3 0]
 [8 3 5 2 1 0 4 6 9]
 [0 9 0 7 5 4 2 1 3]
 [1 4 2 8 9 6 5 0 7]
 [0 7 3 9 6 5 0 2 8]
 [6 0 4 0 3 8 0 7 1]
 [0 1 8 4 7 2 3 9 5]]
Number of cells unfilled: 15
Accuracy: 81.48148148148148
Sample: 39230
Question:
[[0 4 0 0 0 0 0 0 0]
 [6 0 0 0 2 0 0 0 0]
 [0 3 8 0 1 0 4 5 0]
 [0 5 0 0 0 2 3 0 8]
 [0 0 0 8 0 0 0 9 6]
 [0 2 6 0 0 0 0 0 0]
 [7 0 0 0 3 0 0 0 0]
 [3 8 0 4 0 0 9 0 2]
 [5 9 0 0 0 7 0 0 0]]
Solution:
[[9 5 6 0 8 3 7 4 2]
 [3 2 7 1 4 9 8 5 0]
 [4 8 1 5 2 7 6 3 9]
 [8 3 5 2 1 0 4 6 7]
 [0 9 0 7 5 4 2 8 3]
 [1 4 2 8 9 6 5 0 0]
 [0 0 3 9 6 5 0 2 8]
 [6 0 4 0 3 8 0 7 1]
 [7 1 8 4 0 2 3 9 5]]
Number of cells unfilled: 14
Accuracy: 82.71604938271605
Sample: 39231
Question:
[[1 0 0 0 5 0 0 3 0]
 [0 0 9 0 0 0 0 0 8]
 [0 6 0 4 0 0 1 0 0]
 [0 0 0 0 0 0 0 1 0]
 [0 0 0 7 0 6 0 0 0]
 [0 2 0 0 4 0 7 0 0]
 [0 0 3 0 2 0 0 7 1]
 [0 7 0 0 0 5 4 0 0]
 [8 0 0 0 0 0 0 0 9]]
Solution:
[[9 5 6 0 2 3 7 4 0]
 [3 8 7 1 4 9 0 5 2]
 [4 2 1 5 8 7 6 3 0]
 [8 3 5 2 1 0 4 6 9]
 [0 9 0 7 5 4 2 1 3]
 [1 4 2 8 9 6 5 0 7]
 [0 7 3 9 6 5 0 2 8]
 [6 0 4 0 3 8 0 7 1]
 [0 1 8 4 7 2 3 9 5]]
Number of cells unfilled: 14
Accuracy: 82.71604938271605
Sample: 39232
Question:
[[0 3 2 0 0 5 0 0 0]
 [0 0 0 0 0 0 0 0 0]
 [0 0 0 0 0 1 4 0 0]
 [4 0 0 0 0 0 1 0 0]
 [0 0 0 9 0 0 0 0 0]
 [0 2 0 3 0 0 0 0 0]
 [1 0 0 0 0 0 7 0 0]
 [0 6 0 2 0 0 0 3 0]
 [0 9 0 0 0 4 0 0 0]]
Solution:
[[2 5 6 0 8 3 7 4 0]
 [3 0 7 1 4 9 8 5 2]
 [4 8 1 5 2 7 6 3 0]
 [8 3 5 2 1 0 4 6 9]
 [0 9 0 7 5 4 2 1 3]
 [1 4 2 8 9 6 5 0 7]
 [0 7 3 9 6 5 0 2 8]
 [6 2 4 0 3 8 0 7 1]
 [0 1 8 4 7 2 3 9 5]]
Number of cells unfilled: 13
Accuracy: 83.9506172839506
Sample: 39233
Question:
[[6 0 0 0 0 0 5 0 0]
 [0 0 0 2 0 0 4 0 0]
 [4 5 0 0 8 0 0 9 0]
 [0 0 2 0 0 0 0 4 0]
 [0 3 0 0 0 8 0 0 5]
 [0 0 7 1 0 2 0 0 0]
 [0 0 0 6 1 0 0 0 8]
 [0 9 0 0 3 0 6 0 0]
 [0 1 0 0 0 0 0 3 0]]
Solution:
[[2 5 6 0 8 3 7 4 0]
 [3 8 7 1 4 9 0 5 2]
 [4 0 1 5 2 7 6 3 0]
 [8 3 5 2 1 0 4 6 9]
 [0 9 0 7 5 4 2 1 3]
 [1 4 2 8 9 6 5 0 7]
 [7 0 3 9 6 5 0 2 8]
 [6 2 4 0 3 8 0 7 1]
 [0 1 8 4 7 2 3 9 5]]
Number of cells unfilled: 14
Accuracy: 82.71604938271605
Sample: 39234
Question:
[[5 0 0 0 0 3 0 4 0]
 [4 0 0 9 0 0 2 0 0]
 [0 0 8 0 7 0 0 0 6]
 [9 0 0 6 0 0 0 0 2]
 [0 0 5 0 0 9 0 6 0]
 [0 0 0 0 0 7 9 8 0]
 [0 5 0 0 0 0 0 0 1]
 [0 1 0 0 3 0 0 0 0]
 [6 0 0 1 0 0 0 2 0]]
Solution:
[[9 5 6 0 8 3 7 4 2]
 [3 2 7 1 4 9 8 5 0]
 [4 8 1 5 7 2 6 3 0]
 [8 3 5 2 1 0 4 6 7]
 [0 9 0 7 5 4 2 1 3]
 [1 4 2 8 0 6 5 0 9]
 [0 7 3 9 6 5 0 2 8]
 [6 0 4 0 3 8 0 7 1]
 [2 1 8 4 0 7 3 9 5]]
Number of cells unfilled: 14
Accuracy: 82.71604938271605
Sample: 39235
Question:
[[0 8 0 0 0 0 4 0 0]
 [0 0 6 0 9 0 0 1 0]
 [0 0 2 0 0 1 0 0 0]
 [0 6 0 5 0 0 0 4 0]
 [0 7 3 6 0 0 1 5 0]
 [0 0 0 0 0 0 0 9 7]
 [0 0 0 3 0 0 0 7 0]
 [0 5 0 0 0 4 0 0 0]
 [0 0 9 0 1 7 8 0 0]]
Solution:
[[9 5 6 0 8 3 7 4 0]
 [3 0 7 1 4 9 0 8 2]
 [4 8 1 5 7 2 6 3 0]
 [8 3 5 2 1 0 4 6 7]
 [0 9 0 7 5 4 2 1 3]
 [1 4 2 8 0 6 5 0 9]
 [0 7 3 9 6 5 0 2 8]
 [6 2 4 0 3 8 0 7 1]
 [0 1 8 4 2 7 3 9 5]]
Number of cells unfilled: 15
Accuracy: 81.48148148148148
Sample: 39236
Question:
[[7 0 0 0 0 0 0 0 0]
 [6 5 0 8 0 3 0 0 0]
 [0 0 8 0 0 7 0 1 0]
 [0 0 0 0 0 0 0 0 6]
 [0 0 0 9 0 0 3 0 0]
 [0 0 0 0 4 6 1 0 0]
 [5 7 0 0 0 0 2 0 0]
 [9 6 3 5 0 0 4 0 0]
 [0 0 2 0 0 1 5 0 7]]
Solution:
[[2 5 6 0 8 3 7 4 0]
 [3 8 7 1 4 9 0 5 2]
 [4 0 1 5 2 7 6 3 0]
 [8 3 5 2 1 0 4 6 9]
 [0 9 0 7 5 4 2 8 3]
 [1 4 2 8 9 6 5 0 7]
 [0 7 3 9 6 5 0 2 8]
 [6 2 4 0 3 8 0 7 1]
 [0 1 8 4 7 2 3 9 5]]
Number of cells unfilled: 14
Accuracy: 82.71604938271605
Sample: 39237
Question:
[[0 0 0 0 0 0 3 6 0]
 [0 0 0 0 0 2 9 8 0]
 [7 0 0 0 0 4 0 0 5]
 [0 5 0 0 0 0 8 0 2]
 [0 2 0 3 0 0 7 0 0]
 [6 0 0 0 9 0 0 4 0]
 [5 0 0 4 0 0 0 0 0]
 [4 3 9 0 6 0 0 0 0]
 [1 0 0 5 0 0 0 0 8]]
Solution:
[[9 5 6 0 8 3 7 4 2]
 [3 2 7 1 4 9 8 5 0]
 [4 8 1 5 7 2 6 3 0]
 [8 3 5 2 1 0 4 6 9]
 [0 9 0 7 5 4 2 8 3]
 [1 4 2 8 9 6 5 0 7]
 [0 7 3 9 6 5 0 2 8]
 [6 0 4 0 3 8 0 7 1]
 [0 1 8 4 2 7 3 9 5]]
Number of cells unfilled: 13
Accuracy: 83.9506172839506
Sample: 39238
Question:
[[0 4 0 0 5 3 0 1 0]
 [0 0 0 0 0 0 3 0 0]
 [0 0 7 2 0 0 0 0 4]
 [0 0 0 0 8 0 0 5 0]
 [8 0 9 4 0 0 0 0 6]
 [0 0 0 0 0 1 8 0 0]
 [0 0 4 0 0 0 0 0 0]
 [6 9 0 0 0 0 0 0 7]
 [7 2 0 6 0 0 0 0 0]]
Solution:
[[2 5 6 0 8 3 7 4 0]
 [3 8 7 1 4 9 0 5 2]
 [4 0 1 5 2 7 6 3 0]
 [8 3 5 2 1 0 4 6 7]
 [0 9 0 7 5 4 2 1 3]
 [1 4 2 8 0 6 5 0 9]
 [0 0 3 9 6 5 0 2 8]
 [6 2 4 0 3 8 0 7 1]
 [7 1 8 4 0 2 3 9 5]]
Number of cells unfilled: 16
Accuracy: 80.24691358024691
Sample: 39239
Question:
[[5 0 3 0 0 0 0 0 0]
 [6 0 9 0 0 0 0 0 4]
 [0 1 0 0 0 6 0 0 3]
 [0 0 0 1 8 0 2 0 0]
 [9 0 0 0 0 5 0 0 1]
 [0 0 0 0 7 0 0 4 0]
 [0 0 0 0 2 0 0 7 0]
 [0 0 6 0 0 1 0 0 9]
 [0 0 0 8 0 0 4 0 0]]
Solution:
[[9 5 6 0 8 3 7 4 2]
 [3 2 7 1 4 9 8 5 0]
 [4 8 1 5 7 2 6 3 9]
 [8 3 5 2 1 0 4 6 7]
 [0 9 0 7 5 4 2 8 3]
 [1 4 2 8 9 6 5 0 0]
 [7 0 3 9 6 5 0 2 8]
 [6 0 4 0 3 8 0 7 1]
 [2 1 8 4 0 7 3 9 5]]
Number of cells unfilled: 13
Accuracy: 83.9506172839506
Sample: 39240
Question:
[[0 6 0 0 9 8 0 0 4]
 [0 0 3 0 0 6 0 8 0]
 [0 0 0 5 0 0 0 6 0]
 [7 0 0 0 0 0 0 9 0]
 [3 0 0 0 0 0 0 1 2]
 [0 1 0 0 2 0 4 0 0]
 [0 0 5 1 0 0 8 0 0]
 [4 0 0 0 0 7 0 0 1]
 [0 9 0 0 8 0 0 4 0]]
Solution:
[[9 5 6 0 8 3 7 4 2]
 [3 2 7 1 4 9 8 5 0]
 [4 8 1 5 7 2 6 3 0]
 [8 3 5 2 1 0 4 6 9]
 [0 9 0 7 5 4 2 8 3]
 [1 4 2 8 9 6 5 0 7]
 [7 0 3 9 6 5 0 2 8]
 [6 0 4 0 3 8 0 7 1]
 [2 1 8 4 0 7 3 9 5]]
Number of cells unfilled: 13
Accuracy: 83.9506172839506
Sample: 39241
Question:
[[2 0 0 1 0 0 0 0 0]
 [0 0 0 0 7 0 5 0 1]
 [0 0 4 0 0 9 0 0 0]
 [0 2 0 0 0 5 0 8 4]
 [4 0 0 0 0 3 0 0 6]
 [0 6 0 9 0 0 7 0 0]
 [0 0 0 0 0 7 2 0 0]
 [0 0 0 2 1 0 4 7 8]
 [1 0 0 0 0 0 0 0 3]]
Solution:
[[9 5 6 0 2 3 7 4 0]
 [3 8 7 1 4 9 0 5 2]
 [4 2 1 5 7 8 6 3 0]
 [8 3 5 2 1 0 4 6 7]
 [0 9 0 7 5 4 2 1 3]
 [1 4 2 8 0 6 5 0 9]
 [0 7 3 9 6 5 0 2 8]
 [6 0 4 0 3 2 0 7 1]
 [2 1 8 4 0 7 3 9 5]]
Number of cells unfilled: 15
Accuracy: 81.48148148148148
Sample: 39242
Question:
[[0 8 3 9 0 2 0 0 0]
 [4 0 0 0 8 0 3 0 0]
 [0 0 5 0 0 0 0 0 6]
 [0 0 0 0 0 9 0 6 7]
 [0 0 0 0 0 1 0 0 0]
 [0 0 2 0 3 0 5 0 0]
 [0 5 0 0 4 0 2 0 0]
 [2 0 0 0 0 7 0 0 0]
 [0 0 4 0 0 0 0 0 1]]
Solution:
[[2 5 6 0 8 3 7 4 0]
 [3 8 7 1 4 9 0 5 2]
 [4 0 1 5 2 7 6 3 0]
 [8 3 5 2 1 0 4 6 9]
 [0 9 0 7 5 4 2 8 3]
 [1 4 2 8 9 6 5 0 7]
 [7 0 3 9 6 5 0 2 8]
 [6 2 4 0 3 8 0 7 1]
 [0 1 8 4 7 2 3 9 5]]
Number of cells unfilled: 14
Accuracy: 82.71604938271605
Sample: 39243
Question:
[[0 0 9 0 5 0 3 0 0]
 [0 0 3 0 8 7 0 0 4]
 [0 4 0 0 1 0 0 5 0]
 [0 0 0 0 0 0 2 4 0]
 [5 0 0 0 0 4 0 0 7]
 [0 0 0 0 0 9 0 3 8]
 [0 2 0 0 0 0 8 0 0]
 [0 9 6 0 0 0 0 0 2]
 [3 0 5 2 0 0 0 0 9]]
Solution:
[[9 5 6 0 8 3 7 4 0]
 [3 8 7 1 4 9 0 5 2]
 [4 0 1 5 2 7 6 3 0]
 [8 3 5 2 1 0 4 6 9]
 [0 9 0 7 5 4 2 1 3]
 [1 4 2 8 9 6 5 0 7]
 [0 7 3 9 6 5 0 2 8]
 [6 2 4 0 3 8 0 7 1]
 [0 1 8 4 7 2 3 9 5]]
Number of cells unfilled: 14
Accuracy: 82.71604938271605
Sample: 39244
Question:
[[4 0 0 7 0 0 0 0 0]
 [0 0 0 0 3 0 0 0 0]
 [0 0 1 4 0 8 0 0 7]
 [0 0 5 6 0 1 0 8 0]
 [0 0 0 0 4 0 0 0 5]
 [9 1 0 0 0 0 0 0 6]
 [0 0 7 0 0 6 5 0 0]
 [0 0 0 3 0 0 0 6 1]
 [1 0 0 0 2 0 0 7 8]]
Solution:
[[2 5 6 0 8 3 7 4 0]
 [3 8 7 1 4 9 0 5 2]
 [4 0 1 5 7 2 6 3 0]
 [8 3 5 2 1 0 4 6 9]
 [0 9 0 7 5 4 2 8 3]
 [1 4 2 8 9 6 5 0 7]
 [7 0 3 9 6 5 0 2 8]
 [6 2 4 0 3 8 0 7 1]
 [0 1 8 4 2 7 3 9 5]]
Number of cells unfilled: 14
Accuracy: 82.71604938271605
Sample: 39245
Question:
[[0 0 0 0 0 0 5 0 0]
 [7 3 0 0 0 0 0 0 0]
 [0 8 6 0 1 0 0 9 0]
 [0 0 0 0 6 0 7 0 0]
 [0 0 1 0 0 8 0 2 0]
 [4 0 0 0 0 0 0 0 3]
 [0 0 9 6 0 0 0 8 0]
 [0 5 0 0 9 2 0 0 0]
 [6 4 0 0 8 1 0 0 0]]
Solution:
[[9 5 6 0 8 3 7 4 0]
 [3 8 7 1 4 9 0 5 2]
 [4 0 1 5 7 2 6 3 9]
 [8 3 5 2 1 0 4 6 7]
 [0 9 0 7 5 4 2 8 3]
 [1 4 2 8 9 6 5 0 0]
 [0 7 3 9 6 5 0 2 8]
 [6 2 4 0 3 8 0 7 1]
 [0 1 8 4 2 7 3 9 5]]
Number of cells unfilled: 14
Accuracy: 82.71604938271605
Sample: 39246
Question:
[[0 0 3 0 9 0 0 0 0]
 [9 0 4 2 8 0 3 0 1]
 [1 0 0 5 0 0 0 8 0]
 [0 0 0 0 0 0 5 0 8]
 [5 0 0 3 7 0 0 0 0]
 [2 0 0 0 0 0 0 4 0]
 [0 0 0 6 0 0 2 5 0]
 [8 0 0 0 0 0 0 0 0]
 [0 7 2 4 0 0 0 0 0]]
Solution:
[[2 5 6 0 8 3 7 4 0]
 [3 8 7 1 4 9 0 5 2]
 [4 0 1 5 7 2 6 3 0]
 [8 3 5 2 1 0 4 6 9]
 [0 9 0 7 5 4 2 1 3]
 [1 4 2 8 9 6 5 0 7]
 [7 0 3 9 6 5 0 2 8]
 [6 2 4 0 3 8 0 7 1]
 [0 1 8 4 2 7 3 9 5]]
Number of cells unfilled: 14
Accuracy: 82.71604938271605
Sample: 39247
Question:
[[0 0 3 0 0 0 1 0 0]
 [1 0 4 0 6 0 0 3 0]
 [5 7 0 0 0 3 0 0 4]
 [0 8 0 5 4 0 0 0 9]
 [9 5 0 0 7 0 0 0 0]
 [0 0 0 0 0 9 0 8 0]
 [0 0 0 7 0 0 0 4 0]
 [7 3 0 0 0 4 0 0 8]
 [0 0 0 0 0 0 2 0 0]]
Solution:
[[9 5 6 0 2 3 7 4 0]
 [3 8 7 1 4 9 0 5 2]
 [4 2 1 5 7 8 6 3 0]
 [8 3 5 2 1 0 4 6 9]
 [0 9 0 7 5 4 2 8 3]
 [1 4 2 8 9 6 5 0 7]
 [0 7 3 9 6 5 0 2 8]
 [6 0 4 0 3 2 0 7 1]
 [2 1 8 4 0 7 3 9 5]]
Number of cells unfilled: 14
Accuracy: 82.71604938271605
Sample: 39248
Question:
[[0 6 0 9 0 0 0 2 0]
 [0 0 9 0 0 5 8 0 0]
 [5 0 0 0 1 0 0 0 9]
 [0 0 0 4 9 0 7 0 0]
 [9 0 0 0 0 1 0 0 8]
 [0 0 4 0 3 0 0 0 0]
 [4 0 0 1 0 0 0 0 3]
 [8 0 0 3 5 0 0 0 4]
 [0 5 0 0 0 0 0 8 0]]
Solution:
[[9 5 6 0 8 3 7 4 2]
 [3 2 7 1 4 9 0 8 0]
 [4 8 1 5 7 2 6 3 0]
 [8 3 5 2 1 0 4 6 9]
 [0 9 0 7 5 4 2 1 3]
 [1 4 2 8 9 6 5 0 7]
 [0 7 3 9 6 5 0 2 8]
 [6 0 4 0 3 8 0 7 1]
 [0 1 8 4 2 7 3 9 5]]
Number of cells unfilled: 14
Accuracy: 82.71604938271605
Sample: 39249
Question:
[[1 0 7 0 0 9 0 0 3]
 [0 4 0 0 0 0 0 7 0]
 [0 0 3 0 8 0 0 0 0]
 [9 0 0 0 0 6 3 4 0]
 [0 0 0 9 0 0 0 0 6]
 [4 0 6 0 3 0 7 0 0]
 [0 0 0 1 0 0 2 0 0]
 [0 1 0 0 5 0 0 0 0]
 [7 0 4 0 0 3 0 0 1]]
Solution:
[[9 5 6 0 8 3 7 4 0]
 [3 8 7 1 4 9 0 5 2]
 [4 0 1 5 7 2 6 3 0]
 [8 3 5 2 1 0 4 6 9]
 [0 9 0 7 5 4 2 8 3]
 [1 4 2 8 9 6 5 0 7]
 [0 7 3 9 6 5 0 2 8]
 [6 2 4 0 3 8 0 7 1]
 [0 1 8 4 2 7 3 9 5]]
Number of cells unfilled: 14
Accuracy: 82.71604938271605
Sample: 39250
Question:
[[5 0 0 0 0 0 0 2 0]
 [0 0 0 0 2 7 0 0 1]
 [0 0 2 0 0 5 7 0 9]
 [9 0 0 0 0 0 1 0 0]
 [0 3 0 0 0 0 0 0 0]
 [0 0 5 0 1 8 0 9 0]
 [0 0 9 0 7 1 6 8 0]
 [8 0 0 9 0 0 0 0 4]
 [0 6 0 8 0 0 0 0 0]]
Solution:
[[2 5 6 0 8 3 7 4 0]
 [3 8 7 1 4 9 0 5 2]
 [4 0 1 5 7 2 6 3 0]
 [8 3 5 2 1 0 4 6 7]
 [0 9 0 7 5 4 2 1 3]
 [1 4 2 8 0 6 5 0 9]
 [0 7 3 9 6 5 0 2 8]
 [6 2 4 0 3 8 0 7 1]
 [0 1 8 4 2 7 3 9 5]]
Number of cells unfilled: 15
Accuracy: 81.48148148148148
Sample: 39251
Question:
[[0 0 0 0 9 5 0 0 8]
 [0 0 4 0 0 2 0 0 0]
 [0 0 0 1 0 0 9 0 0]
 [0 0 0 0 0 0 7 0 0]
 [0 5 0 2 0 7 3 8 4]
 [0 0 0 0 0 0 0 0 2]
 [0 8 0 0 2 4 0 1 0]
 [0 0 0 0 0 9 0 0 5]
 [3 4 0 0 8 1 0 9 0]]
Solution:
[[2 5 6 0 8 3 7 4 0]
 [3 8 7 1 4 9 0 5 2]
 [4 0 1 5 2 7 6 3 0]
 [8 3 5 2 1 0 4 6 7]
 [0 9 0 7 5 4 2 8 3]
 [1 4 2 8 0 6 5 0 9]
 [0 0 3 9 6 5 0 2 8]
 [6 2 4 0 3 8 0 7 1]
 [7 1 8 4 0 2 3 9 5]]
Number of cells unfilled: 16
Accuracy: 80.24691358024691
Sample: 39252
Question:
[[0 8 0 0 3 0 0 1 0]
 [0 0 3 7 0 0 0 0 6]
 [2 0 0 0 0 4 0 0 0]
 [0 0 5 0 0 0 6 0 0]
 [0 3 0 9 0 0 0 0 7]
 [8 0 0 0 0 2 0 4 0]
 [0 0 9 8 0 0 5 0 0]
 [0 5 0 0 0 7 0 0 3]
 [0 0 0 0 1 0 0 6 0]]
Solution:
[[9 5 6 0 2 3 7 4 0]
 [3 8 7 1 4 9 0 5 2]
 [4 2 1 5 8 7 6 3 0]
 [8 3 5 2 1 0 4 6 9]
 [0 9 0 7 5 4 2 1 3]
 [1 4 2 8 9 6 5 0 7]
 [0 0 3 9 6 5 0 2 8]
 [6 0 4 0 3 8 0 7 1]
 [7 1 8 4 0 2 3 9 5]]
Number of cells unfilled: 15
Accuracy: 81.48148148148148
Sample: 39253
Question:
[[2 0 0 8 1 0 5 0 0]
 [0 0 1 0 0 6 0 0 0]
 [0 7 0 0 2 0 0 0 0]
 [0 0 4 0 8 9 2 0 0]
 [0 0 0 2 0 0 0 9 0]
 [9 0 0 0 0 0 0 5 8]
 [0 0 3 0 0 0 0 1 0]
 [4 0 0 3 0 0 8 0 0]
 [0 6 0 0 7 0 9 0 0]]
Solution:
[[9 5 6 0 2 3 7 4 0]
 [3 8 7 1 4 9 0 5 2]
 [4 2 1 5 7 8 6 3 0]
 [8 3 5 2 1 0 4 6 9]
 [0 9 0 7 5 4 2 1 3]
 [1 4 2 8 9 6 5 0 7]
 [7 0 3 9 6 5 0 2 8]
 [6 0 4 0 3 2 0 7 1]
 [2 1 8 4 0 7 3 9 5]]
Number of cells unfilled: 14
Accuracy: 82.71604938271605
Sample: 39254
Question:
[[0 0 0 0 0 6 0 0 4]
 [0 8 0 0 0 0 0 0 9]
 [1 0 0 0 3 0 0 2 0]
 [0 4 7 3 0 0 0 0 0]
 [0 0 0 0 5 2 9 1 0]
 [0 1 0 0 0 9 0 0 0]
 [5 0 0 0 0 0 4 0 0]
 [4 0 8 6 0 0 0 0 0]
 [0 0 2 0 0 0 6 0 5]]
Solution:
[[9 5 6 0 8 3 7 4 2]
 [3 2 7 1 4 9 8 5 0]
 [4 8 1 5 7 2 6 3 0]
 [8 3 5 2 1 0 4 6 7]
 [0 9 0 7 5 4 2 1 3]
 [1 4 2 8 0 6 5 0 9]
 [7 0 3 9 6 5 0 2 8]
 [6 0 4 0 3 8 0 7 1]
 [2 1 8 4 0 7 3 9 5]]
Number of cells unfilled: 14
Accuracy: 82.71604938271605
Sample: 39255
Question:
[[3 5 0 0 8 0 9 0 0]
 [8 0 0 0 0 0 0 0 6]
 [0 0 2 0 0 9 0 8 0]
 [5 0 0 0 0 7 0 0 0]
 [0 0 0 0 0 0 1 0 0]
 [0 0 4 0 2 0 0 7 0]
 [6 0 0 0 4 0 0 0 1]
 [0 0 8 7 0 0 0 9 0]
 [0 3 0 0 9 2 0 0 8]]
Solution:
[[9 5 6 0 8 3 7 4 2]
 [3 2 7 1 4 9 8 5 0]
 [4 8 1 5 2 7 6 3 0]
 [8 3 5 2 1 0 4 6 9]
 [0 9 0 7 5 4 2 1 3]
 [1 4 2 8 9 6 5 0 7]
 [0 7 3 9 6 5 0 2 8]
 [6 0 4 0 3 8 0 7 1]
 [0 1 8 4 7 2 3 9 5]]
Number of cells unfilled: 13
Accuracy: 83.9506172839506
Sample: 39256
Question:
[[0 0 0 0 0 8 9 4 0]
 [2 0 4 0 0 3 7 0 1]
 [3 8 0 0 9 0 0 0 0]
 [0 2 0 0 0 0 4 0 0]
 [0 6 0 5 0 0 0 0 0]
 [0 0 0 0 3 0 0 9 0]
 [0 4 0 0 6 5 0 3 0]
 [0 0 0 0 8 0 0 1 4]
 [0 5 2 0 0 0 0 7 0]]
Solution:
[[9 5 6 0 2 3 7 4 0]
 [3 8 7 1 4 9 0 5 2]
 [4 2 1 5 7 8 6 3 0]
 [8 3 5 2 1 0 4 6 9]
 [0 9 0 7 5 4 2 8 3]
 [1 4 2 8 9 6 5 0 7]
 [7 0 3 9 6 5 0 2 8]
 [6 0 4 0 3 2 0 7 1]
 [2 1 8 4 0 7 3 9 5]]
Number of cells unfilled: 14
Accuracy: 82.71604938271605
Sample: 39257
Question:
[[0 0 1 0 3 0 6 8 0]
 [0 6 5 0 0 0 0 1 0]
 [0 3 0 0 0 0 2 0 0]
 [0 0 6 0 0 7 8 4 0]
 [3 7 0 2 0 0 0 0 0]
 [4 0 0 6 0 5 0 0 0]
 [0 0 2 9 0 0 0 0 0]
 [1 0 0 0 0 0 4 0 0]
 [0 5 0 8 0 0 0 6 2]]
Solution:
[[2 5 6 0 8 3 7 4 0]
 [3 8 7 1 4 9 0 5 2]
 [4 0 1 5 2 7 6 3 0]
 [8 3 5 2 1 0 4 6 9]
 [0 9 0 7 5 4 2 8 3]
 [1 4 2 8 9 6 5 0 7]
 [7 0 3 9 6 5 0 2 8]
 [6 2 4 0 3 8 0 7 1]
 [0 1 8 4 7 2 3 9 5]]
Number of cells unfilled: 14
Accuracy: 82.71604938271605
Sample: 39258
Question:
[[0 4 0 0 0 0 5 0 0]
 [0 0 9 0 0 7 0 0 3]
 [1 0 0 0 4 0 0 0 0]
 [0 0 2 0 0 6 0 0 7]
 [8 0 0 7 0 0 0 0 0]
 [0 5 0 0 1 0 0 8 0]
 [0 0 0 0 0 2 7 3 0]
 [0 0 3 9 0 0 2 6 0]
 [0 0 0 0 0 0 0 0 9]]
Solution:
[[9 5 6 0 2 3 7 4 0]
 [3 8 7 1 4 9 0 5 2]
 [4 2 1 5 8 0 6 3 0]
 [8 3 5 2 1 0 4 6 9]
 [0 9 0 7 5 4 2 1 3]
 [1 4 2 8 9 6 5 0 7]
 [7 0 3 9 6 5 0 2 8]
 [6 0 4 0 3 8 0 7 1]
 [2 1 8 4 0 7 3 9 5]]
Number of cells unfilled: 15
Accuracy: 81.48148148148148
Sample: 39259
Question:
[[0 6 4 0 0 3 0 5 0]
 [3 0 0 0 8 0 6 0 0]
 [0 7 0 4 0 0 0 0 3]
 [4 0 0 8 0 5 0 0 6]
 [0 2 0 0 1 0 0 0 8]
 [0 0 0 0 0 4 0 9 0]
 [0 8 0 0 0 0 1 0 0]
 [7 0 0 0 0 8 0 0 5]
 [0 0 6 7 0 0 0 0 0]]
Solution:
[[9 5 6 0 2 3 7 4 0]
 [3 8 7 1 4 9 0 5 2]
 [4 2 1 5 8 0 6 3 0]
 [8 3 5 2 1 0 4 6 9]
 [0 9 0 7 5 4 2 8 3]
 [1 4 2 8 9 6 5 0 7]
 [0 7 3 9 6 5 0 2 8]
 [6 0 4 0 3 8 0 7 1]
 [2 1 8 4 0 7 3 9 5]]
Number of cells unfilled: 15
Accuracy: 81.48148148148148
Sample: 39260
Question:
[[0 0 0 0 7 0 4 0 5]
 [0 4 0 0 0 8 3 1 0]
 [5 0 2 9 0 0 0 0 0]
 [1 0 0 2 0 9 7 0 0]
 [0 0 4 0 1 0 0 0 0]
 [0 0 0 0 0 0 0 0 0]
 [0 0 0 0 0 0 9 0 0]
 [7 0 9 8 0 0 2 0 4]
 [0 0 0 0 0 4 1 7 3]]
Solution:
[[9 5 6 0 8 3 7 4 2]
 [3 2 7 1 4 9 8 5 0]
 [4 8 1 5 2 7 6 3 0]
 [8 3 5 2 1 0 4 6 9]
 [0 9 0 7 5 4 2 8 3]
 [1 4 2 8 9 6 5 0 7]
 [0 7 3 9 6 5 0 2 8]
 [6 0 4 0 3 8 0 7 1]
 [0 1 8 4 7 2 3 9 5]]
Number of cells unfilled: 13
Accuracy: 83.9506172839506
Sample: 39261
Question:
[[2 0 0 0 8 5 0 0 0]
 [0 7 3 0 0 0 0 0 0]
 [0 0 8 0 0 0 6 1 0]
 [0 0 0 5 0 0 0 0 8]
 [0 0 0 9 0 8 0 4 0]
 [0 1 0 0 0 0 0 2 3]
 [6 0 0 0 0 2 0 0 0]
 [0 0 0 4 5 9 0 0 0]
 [0 9 0 0 0 6 0 7 2]]
Solution:
[[9 5 6 0 8 3 7 4 2]
 [3 2 7 1 4 9 8 5 0]
 [4 8 1 5 2 7 6 3 0]
 [8 3 5 2 1 0 4 6 7]
 [0 9 0 7 5 4 2 8 3]
 [1 4 2 8 0 6 5 0 9]
 [0 0 3 9 6 5 0 2 8]
 [6 0 4 0 3 8 0 7 1]
 [7 1 8 4 0 2 3 9 5]]
Number of cells unfilled: 15
Accuracy: 81.48148148148148
Sample: 39262
Question:
[[1 0 4 0 2 0 0 0 8]
 [0 0 6 0 0 4 0 1 0]
 [2 0 0 7 0 0 6 0 9]
 [8 9 3 0 0 2 0 0 0]
 [0 0 2 1 3 9 0 0 0]
 [0 0 0 0 8 0 0 0 0]
 [3 0 0 0 0 0 0 7 1]
 [0 0 0 0 9 0 0 0 6]
 [0 0 7 0 0 0 3 0 0]]
Solution:
[[9 5 6 0 8 3 7 4 2]
 [3 2 7 1 4 9 8 5 0]
 [4 8 1 5 7 2 6 3 0]
 [8 3 5 2 1 0 4 6 7]
 [0 9 0 7 5 4 2 8 3]
 [1 4 2 8 0 6 5 0 9]
 [0 7 3 9 6 5 0 2 8]
 [6 0 4 0 3 8 0 7 1]
 [2 1 8 4 0 7 3 9 5]]
Number of cells unfilled: 14
Accuracy: 82.71604938271605
Sample: 39263
Question:
[[0 0 3 5 1 0 9 0 0]
 [0 0 0 0 0 0 2 0 0]
 [0 0 8 0 0 0 0 0 7]
 [2 0 6 0 8 0 0 0 3]
 [5 0 0 6 0 9 0 0 0]
 [0 0 0 0 0 0 0 4 0]
 [0 0 0 3 0 0 0 7 4]
 [7 0 0 0 2 0 5 0 0]
 [0 9 0 0 0 0 0 0 6]]
Solution:
[[9 5 6 0 2 3 7 4 0]
 [3 8 7 1 4 9 0 5 2]
 [4 2 1 5 7 8 6 3 0]
 [8 3 5 2 1 0 4 6 7]
 [0 9 0 7 5 4 2 1 3]
 [1 4 2 8 0 6 5 0 9]
 [0 7 3 9 6 5 0 2 8]
 [6 0 4 0 3 2 0 7 1]
 [2 1 8 4 0 7 3 9 5]]
Number of cells unfilled: 15
Accuracy: 81.48148148148148
Sample: 39264
Question:
[[0 0 7 0 0 1 0 0 5]
 [0 8 0 0 0 0 3 0 0]
 [4 0 0 0 3 0 0 6 0]
 [0 0 8 0 4 0 6 0 0]
 [0 0 0 9 0 0 0 0 2]
 [1 0 0 0 0 3 0 4 0]
 [0 0 0 0 9 0 5 0 0]
 [0 0 2 0 7 6 0 0 0]
 [9 0 0 3 0 0 0 7 0]]
Solution:
[[9 5 6 0 8 3 7 4 2]
 [3 2 7 1 4 9 8 5 0]
 [4 8 1 5 2 7 6 3 0]
 [8 3 5 2 1 0 4 6 7]
 [0 9 0 7 5 4 2 1 3]
 [1 4 2 8 0 6 5 0 9]
 [0 0 3 9 6 5 0 2 8]
 [6 0 4 0 3 8 0 7 1]
 [7 1 8 4 0 2 3 9 5]]
Number of cells unfilled: 15
Accuracy: 81.48148148148148
Sample: 39265
Question:
[[0 0 1 0 8 4 6 0 0]
 [0 0 0 0 3 0 5 0 0]
 [0 0 9 0 0 6 0 3 0]
 [0 0 0 0 7 0 0 0 0]
 [9 0 5 6 0 0 0 0 0]
 [3 2 0 0 0 0 9 0 0]
 [0 0 0 0 0 0 0 5 0]
 [1 0 4 0 5 3 0 0 7]
 [7 0 0 0 9 1 0 2 0]]
Solution:
[[9 5 6 0 8 3 7 4 2]
 [3 2 7 1 4 9 0 8 0]
 [4 8 1 5 7 2 6 3 9]
 [8 3 5 2 1 0 4 6 7]
 [0 9 0 7 5 4 2 1 3]
 [1 4 2 8 9 6 5 0 0]
 [0 7 3 9 6 5 0 2 8]
 [6 0 4 0 3 8 0 7 1]
 [0 1 8 4 2 7 3 9 5]]
Number of cells unfilled: 14
Accuracy: 82.71604938271605
Sample: 39266
Question:
[[0 0 6 0 0 9 0 0 2]
 [3 4 0 0 8 0 0 1 0]
 [0 0 0 0 1 0 7 5 0]
 [2 0 7 0 0 3 0 0 0]
 [0 9 0 0 0 0 8 0 4]
 [1 5 0 0 7 0 0 0 9]
 [0 6 2 3 0 0 0 4 0]
 [0 0 0 2 0 0 0 0 8]
 [9 0 8 4 0 1 0 3 5]]
Solution:
[[9 5 6 0 8 3 7 4 0]
 [3 8 7 1 4 9 0 5 2]
 [4 2 1 5 7 0 6 3 0]
 [8 3 5 2 1 0 4 6 9]
 [0 9 0 7 5 4 2 1 3]
 [1 4 2 8 9 6 5 0 7]
 [0 7 3 9 6 5 0 2 8]
 [6 0 4 0 3 8 0 7 1]
 [2 1 8 4 0 7 3 9 5]]
Number of cells unfilled: 15
Accuracy: 81.48148148148148
Sample: 39267
Question:
[[0 0 0 1 0 0 0 6 0]
 [0 4 0 0 7 0 5 0 0]
 [0 0 2 3 0 0 0 0 9]
 [7 8 0 0 0 1 0 0 5]
 [2 5 0 0 0 8 0 0 0]
 [0 0 4 0 5 0 8 0 0]
 [0 0 0 0 0 6 0 0 3]
 [4 0 0 0 1 0 2 0 0]
 [0 0 0 9 0 0 0 1 0]]
Solution:
[[9 5 6 0 8 3 7 4 2]
 [3 2 7 1 4 9 0 8 0]
 [4 8 1 5 7 0 6 3 0]
 [8 3 5 2 1 0 4 6 7]
 [0 9 0 7 5 4 2 1 3]
 [1 4 2 8 0 6 5 0 9]
 [0 7 3 9 6 5 0 2 8]
 [6 0 4 0 3 2 0 7 1]
 [2 1 8 4 0 7 3 9 5]]
Number of cells unfilled: 16
Accuracy: 80.24691358024691
Sample: 39268
Question:
[[0 6 0 0 0 5 0 0 7]
 [0 0 0 0 0 6 9 1 0]
 [0 0 9 0 0 0 0 0 0]
 [0 7 0 0 5 0 6 0 0]
 [9 8 4 0 3 0 7 0 2]
 [0 0 0 0 0 0 0 3 0]
 [0 0 8 2 0 0 0 0 9]
 [2 5 1 7 8 0 0 0 0]
 [0 0 0 0 0 0 0 0 0]]
Solution:
[[9 5 6 0 8 3 7 4 0]
 [3 0 7 1 4 9 8 5 2]
 [4 8 1 5 2 7 6 3 0]
 [8 3 5 2 1 0 4 6 9]
 [0 9 0 7 5 4 2 8 3]
 [1 4 2 8 9 6 5 0 7]
 [7 0 3 9 6 5 0 2 8]
 [6 2 4 0 3 8 0 7 1]
 [0 1 8 4 7 2 3 9 5]]
Number of cells unfilled: 13
Accuracy: 83.9506172839506
Sample: 39269
Question:
[[0 0 0 0 0 0 0 8 0]
 [9 0 0 4 0 0 0 3 0]
 [0 0 0 8 0 0 0 0 6]
 [0 0 0 0 0 8 0 0 4]
 [0 0 1 0 7 0 0 0 0]
 [2 0 3 0 0 0 0 6 0]
 [3 9 2 0 0 5 0 0 0]
 [0 6 0 0 1 7 8 9 0]
 [1 0 0 0 0 2 0 0 0]]
Solution:
[[2 5 6 0 8 3 7 4 0]
 [3 8 7 1 4 9 0 5 2]
 [4 0 1 5 2 7 6 3 0]
 [8 3 5 2 1 0 4 6 9]
 [0 9 0 7 5 4 2 8 3]
 [1 4 2 8 9 6 5 0 7]
 [0 0 3 9 6 5 0 2 8]
 [6 2 4 0 3 8 0 7 1]
 [7 1 8 4 0 2 3 9 5]]
Number of cells unfilled: 15
Accuracy: 81.48148148148148
Sample: 39270
Question:
[[0 2 4 9 0 0 0 0 0]
 [0 0 0 0 5 0 0 0 0]
 [5 0 0 0 0 4 2 0 0]
 [9 5 0 0 0 8 0 3 0]
 [0 0 2 0 9 0 8 0 0]
 [0 7 0 1 0 0 0 0 9]
 [0 1 0 7 0 0 0 0 0]
 [2 0 0 0 0 6 0 0 8]
 [0 0 5 0 2 0 6 0 0]]
Solution:
[[9 5 6 0 2 3 7 4 0]
 [3 8 7 1 4 9 0 5 0]
 [4 0 1 5 8 7 6 3 2]
 [8 3 5 2 1 0 4 6 9]
 [0 9 0 7 5 4 2 8 3]
 [1 4 2 8 9 6 5 0 7]
 [0 7 3 9 6 5 0 2 8]
 [6 2 4 0 3 8 0 7 1]
 [0 1 8 4 7 2 3 9 5]]
Number of cells unfilled: 14
Accuracy: 82.71604938271605
Sample: 39271
Question:
[[0 0 0 0 0 0 0 0 0]
 [6 0 0 0 3 8 0 5 9]
 [5 8 0 0 2 0 0 0 0]
 [0 0 4 1 8 0 0 0 0]
 [0 0 9 0 0 0 0 1 0]
 [0 0 0 5 0 7 0 4 8]
 [0 0 2 0 5 0 9 0 0]
 [0 0 0 0 0 3 0 0 6]
 [0 0 0 0 0 6 0 2 7]]
Solution:
[[9 5 6 0 8 3 7 4 2]
 [3 2 7 1 4 9 8 5 0]
 [4 8 1 5 7 2 6 3 9]
 [8 3 5 2 1 0 4 6 7]
 [0 9 0 7 5 4 2 8 3]
 [1 4 2 8 9 6 5 0 0]
 [7 0 3 9 6 5 0 2 8]
 [6 0 4 0 3 8 0 7 1]
 [2 1 8 4 0 7 3 9 5]]
Number of cells unfilled: 13
Accuracy: 83.9506172839506
Sample: 39272
Question:
[[6 1 0 0 0 0 2 7 0]
 [8 0 0 0 1 3 0 0 6]
 [0 0 0 0 2 0 0 0 0]
 [0 0 0 0 0 2 9 0 0]
 [0 0 0 0 0 0 0 0 0]
 [0 6 0 0 7 5 0 2 4]
 [4 0 0 0 3 0 1 8 0]
 [0 0 6 0 5 0 0 0 3]
 [0 9 8 0 0 0 0 0 5]]
Solution:
[[9 5 6 0 8 3 7 4 0]
 [3 8 7 1 4 9 0 5 2]
 [4 2 1 5 7 0 6 3 0]
 [8 3 5 2 1 0 4 6 9]
 [0 9 0 7 5 4 2 1 3]
 [1 4 2 8 9 6 5 0 7]
 [0 7 3 9 6 5 0 2 8]
 [6 0 4 0 3 2 0 7 1]
 [2 1 8 4 0 7 3 9 5]]
Number of cells unfilled: 15
Accuracy: 81.48148148148148
Sample: 39273
Question:
[[3 0 0 4 0 0 0 0 9]
 [0 7 0 0 0 2 0 0 4]
 [0 2 9 6 0 0 0 0 0]
 [6 9 0 5 0 0 0 0 0]
 [0 0 0 2 1 0 0 0 0]
 [5 0 0 0 0 0 0 0 3]
 [0 0 0 9 7 0 4 2 0]
 [0 0 7 0 0 8 9 0 0]
 [0 0 0 0 0 0 0 0 6]]
Solution:
[[9 5 6 0 2 3 7 4 0]
 [3 8 7 1 4 9 0 5 2]
 [4 2 1 5 7 0 6 3 0]
 [8 3 5 2 1 0 4 6 9]
 [0 9 0 7 5 4 2 8 3]
 [1 4 2 8 9 6 5 0 7]
 [0 7 3 9 6 5 0 2 8]
 [6 0 4 0 3 8 0 7 1]
 [2 1 8 4 0 7 3 9 5]]
Number of cells unfilled: 15
Accuracy: 81.48148148148148
Sample: 39274
Question:
[[8 0 0 9 3 0 0 6 0]
 [0 9 0 1 0 0 0 0 8]
 [0 0 0 0 0 0 0 0 0]
 [7 0 0 6 5 0 0 0 3]
 [0 0 4 0 0 0 5 0 0]
 [0 0 0 0 0 1 6 7 0]
 [0 0 2 0 1 3 0 0 0]
 [0 5 0 0 0 9 0 3 0]
 [3 0 0 5 6 0 8 0 0]]
Solution:
[[2 5 6 0 8 3 7 4 0]
 [3 8 7 1 4 9 0 5 2]
 [4 0 1 5 7 2 6 3 9]
 [8 3 5 2 1 0 4 6 7]
 [0 9 0 7 5 4 2 8 3]
 [1 4 2 8 9 6 5 0 0]
 [7 0 3 9 6 5 0 2 8]
 [6 2 4 0 3 8 0 7 1]
 [0 1 8 4 2 7 3 9 5]]
Number of cells unfilled: 14
Accuracy: 82.71604938271605
Sample: 39275
Question:
[[0 0 0 0 0 1 7 6 0]
 [2 0 0 7 0 0 8 0 3]
 [0 0 7 0 0 0 0 4 0]
 [3 0 8 0 1 0 0 0 0]
 [7 0 9 0 3 0 0 0 5]
 [0 2 0 9 0 0 3 0 0]
 [0 0 0 0 0 5 0 0 0]
 [0 0 2 8 0 0 9 0 0]
 [8 0 0 0 6 0 0 0 4]]
Solution:
[[9 5 6 0 8 3 7 4 2]
 [3 2 7 1 4 9 8 5 0]
 [4 8 1 5 2 7 6 3 0]
 [8 3 5 2 1 0 4 6 7]
 [0 9 0 7 5 4 2 8 3]
 [1 4 2 8 0 6 5 0 9]
 [0 0 3 9 6 5 0 2 8]
 [6 0 4 0 3 8 0 7 1]
 [7 1 8 4 0 2 3 9 5]]
Number of cells unfilled: 15
Accuracy: 81.48148148148148
Sample: 39276
Question:
[[0 0 9 4 0 0 0 8 0]
 [3 0 0 0 0 0 5 0 6]
 [0 2 0 0 0 6 0 0 0]
 [0 0 1 0 4 0 8 0 0]
 [0 0 0 0 0 9 0 1 0]
 [9 0 0 1 0 0 4 0 5]
 [7 0 0 0 0 0 2 0 0]
 [0 0 8 9 0 4 0 5 0]
 [0 0 0 0 7 3 0 0 0]]
Solution:
[[2 5 6 0 8 3 7 4 0]
 [3 8 7 1 4 9 0 5 2]
 [4 0 1 5 2 7 6 3 0]
 [8 3 5 2 1 0 4 6 9]
 [0 9 0 7 5 4 2 1 3]
 [1 4 2 8 9 6 5 0 7]
 [0 0 3 9 6 5 0 2 8]
 [6 2 4 0 3 8 0 7 1]
 [7 1 8 4 0 2 3 9 5]]
Number of cells unfilled: 15
Accuracy: 81.48148148148148
Sample: 39277
Question:
[[1 0 0 8 0 2 0 0 0]
 [0 7 0 0 1 0 0 0 0]
 [0 0 2 7 0 4 0 0 1]
 [0 0 0 6 0 8 3 0 0]
 [0 6 0 0 0 0 0 9 0]
 [2 0 0 0 4 0 0 0 7]
 [0 3 5 0 0 0 0 0 0]
 [7 2 0 0 8 0 0 0 4]
 [0 0 0 0 0 9 5 0 0]]
Solution:
[[9 5 6 0 8 3 7 4 2]
 [3 2 7 1 4 9 0 8 0]
 [4 8 1 5 7 2 6 3 0]
 [8 3 5 2 1 0 4 6 7]
 [0 9 0 7 5 4 2 1 3]
 [1 4 2 8 0 6 5 0 9]
 [7 0 3 9 6 5 0 2 8]
 [6 0 4 0 3 8 0 7 1]
 [2 1 8 4 0 7 3 9 5]]
Number of cells unfilled: 15
Accuracy: 81.48148148148148
Sample: 39278
Question:
[[9 0 0 0 0 8 1 0 0]
 [0 6 0 2 0 0 0 9 0]
 [0 0 2 0 0 0 3 0 0]
 [0 0 6 9 0 0 0 7 0]
 [0 9 0 0 1 0 0 0 3]
 [0 0 0 0 0 5 0 0 0]
 [0 2 7 0 0 9 0 0 5]
 [6 0 0 7 0 0 0 4 0]
 [0 4 0 0 8 0 7 0 0]]
Solution:
[[9 5 6 0 8 3 7 4 0]
 [3 8 7 1 4 9 0 5 2]
 [4 2 1 5 7 0 6 3 0]
 [8 3 5 2 1 0 4 6 7]
 [0 9 0 7 5 4 2 1 3]
 [1 4 2 8 0 6 5 0 9]
 [0 7 3 9 6 5 0 2 8]
 [6 0 4 0 3 8 0 7 1]
 [2 1 8 4 0 7 3 9 5]]
Number of cells unfilled: 16
Accuracy: 80.24691358024691
Sample: 39279
Question:
[[8 0 0 0 9 0 0 0 6]
 [0 0 6 0 0 0 2 9 0]
 [0 0 0 0 0 6 0 1 8]
 [0 3 0 5 0 0 8 0 0]
 [0 0 1 0 0 7 0 0 9]
 [7 0 0 0 2 0 0 4 0]
 [0 0 8 0 0 4 0 0 2]
 [1 0 0 0 7 0 0 8 0]
 [0 5 0 3 0 0 0 0 0]]
Solution:
[[9 5 6 0 2 3 7 4 0]
 [3 8 7 1 4 9 0 5 2]
 [4 2 1 5 8 7 6 3 0]
 [8 3 5 2 1 0 4 6 7]
 [0 9 0 7 5 4 2 1 3]
 [1 4 2 8 0 6 5 0 9]
 [0 0 3 9 6 5 0 2 8]
 [6 0 4 0 3 8 0 7 1]
 [7 1 8 4 0 2 3 9 5]]
Number of cells unfilled: 16
Accuracy: 80.24691358024691
Sample: 39280
Question:
[[0 0 0 0 6 9 0 3 0]
 [0 0 6 0 3 2 0 0 5]
 [0 0 0 5 0 0 0 0 0]
 [0 8 0 0 0 0 0 0 4]
 [1 0 0 0 8 0 6 0 0]
 [0 0 3 2 0 0 0 5 0]
 [7 4 0 0 0 0 0 0 0]
 [0 0 9 3 0 0 0 2 0]
 [0 0 0 0 0 7 0 0 1]]
Solution:
[[2 5 6 0 8 3 7 4 0]
 [3 8 7 1 4 9 0 5 2]
 [4 0 1 5 2 7 6 3 0]
 [8 3 5 2 1 0 4 6 7]
 [0 9 0 7 5 4 2 1 3]
 [1 4 2 8 0 6 5 0 9]
 [0 0 3 9 6 5 0 2 8]
 [6 2 4 0 3 8 0 7 1]
 [7 1 8 4 0 2 3 9 5]]
Number of cells unfilled: 16
Accuracy: 80.24691358024691
Sample: 39281
Question:
[[0 7 0 0 0 0 0 5 0]
 [2 0 0 0 0 5 8 0 0]
 [0 0 5 3 7 0 2 0 4]
 [0 0 8 0 0 7 0 3 0]
 [9 0 0 0 0 0 6 0 0]
 [0 6 0 0 0 0 0 0 1]
 [0 0 0 0 1 4 0 0 0]
 [0 0 2 0 0 3 0 4 0]
 [4 0 0 9 5 0 0 0 0]]
Solution:
[[2 5 6 0 8 3 7 4 0]
 [3 0 7 1 4 9 8 5 2]
 [4 8 1 5 2 7 6 3 0]
 [8 3 5 2 1 0 4 6 7]
 [0 9 0 7 5 4 2 1 3]
 [1 4 2 8 0 6 5 0 9]
 [7 0 3 9 6 5 0 2 8]
 [6 2 4 0 3 8 0 7 1]
 [0 1 8 4 7 2 3 9 5]]
Number of cells unfilled: 14
Accuracy: 82.71604938271605
Sample: 39282
Question:
[[5 0 0 0 0 0 0 2 0]
 [0 1 0 6 0 0 8 0 0]
 [0 0 3 0 0 8 0 0 9]
 [0 0 0 1 0 0 0 0 4]
 [0 0 0 0 7 3 0 0 2]
 [0 0 2 0 6 4 9 0 0]
 [0 5 0 0 0 0 3 0 8]
 [7 0 0 0 0 0 0 0 6]
 [0 0 4 0 0 6 0 9 0]]
Solution:
[[9 5 6 0 8 3 7 4 2]
 [3 2 7 1 4 9 0 8 0]
 [4 8 1 5 2 7 6 3 0]
 [8 3 5 2 1 0 4 6 7]
 [0 9 0 7 5 4 2 1 3]
 [1 4 2 8 0 6 5 0 9]
 [0 0 3 9 6 5 0 2 8]
 [6 0 4 0 3 8 0 7 1]
 [7 1 8 4 0 2 3 9 5]]
Number of cells unfilled: 16
Accuracy: 80.24691358024691
Sample: 39283
Question:
[[0 0 1 0 0 6 0 0 2]
 [0 0 0 3 0 0 9 6 0]
 [0 0 0 8 0 0 0 3 0]
 [5 9 0 0 0 0 0 0 0]
 [0 0 8 0 0 7 0 0 4]
 [0 0 0 0 5 0 0 0 0]
 [8 0 0 0 0 2 7 4 0]
 [0 0 7 0 6 0 0 0 0]
 [2 1 0 7 0 0 0 0 6]]
Solution:
[[9 5 6 0 8 3 7 4 2]
 [3 8 7 1 4 9 0 5 0]
 [4 0 1 5 7 2 6 3 9]
 [8 3 5 2 1 0 4 6 7]
 [0 9 0 7 5 4 2 1 3]
 [1 4 2 8 9 6 5 0 0]
 [0 7 3 9 6 5 0 2 8]
 [6 2 4 0 3 8 0 7 1]
 [0 1 8 4 2 7 3 9 5]]
Number of cells unfilled: 14
Accuracy: 82.71604938271605
Sample: 39284
Question:
[[0 0 0 0 3 0 0 0 0]
 [0 0 0 0 0 4 2 0 0]
 [5 0 0 9 1 0 0 8 0]
 [8 0 0 3 0 0 0 7 0]
 [0 6 0 0 7 0 3 0 0]
 [9 0 0 1 0 0 0 5 0]
 [0 1 9 8 0 0 0 0 7]
 [0 5 8 0 0 0 0 9 0]
 [7 0 0 0 0 0 0 0 0]]
Solution:
[[9 5 6 0 8 3 7 4 2]
 [3 2 7 1 4 9 8 5 0]
 [4 8 1 5 7 2 6 3 0]
 [8 3 5 2 1 0 4 6 7]
 [0 9 0 7 5 4 2 1 3]
 [1 4 2 8 0 6 5 0 9]
 [0 7 3 9 6 5 0 2 8]
 [6 0 4 0 3 8 0 7 1]
 [2 1 8 4 0 7 3 9 5]]
Number of cells unfilled: 14
Accuracy: 82.71604938271605
Sample: 39285
Question:
[[0 3 0 0 4 0 0 8 0]
 [0 0 9 2 0 0 5 0 0]
 [0 0 4 3 0 9 7 0 0]
 [0 0 5 7 0 0 2 0 0]
 [0 4 0 0 0 0 0 0 0]
 [6 0 0 0 1 0 0 0 0]
 [0 0 7 0 0 3 0 9 5]
 [0 0 0 5 0 0 0 2 7]
 [0 0 0 0 0 0 3 0 0]]
Solution:
[[2 5 6 0 8 3 7 4 0]
 [3 8 7 1 4 9 0 5 2]
 [4 0 1 5 7 2 6 3 0]
 [8 3 5 2 1 0 4 6 9]
 [0 9 0 7 5 4 2 1 3]
 [1 4 2 8 9 6 5 0 7]
 [7 0 3 9 6 5 0 2 8]
 [6 2 4 0 3 8 0 7 1]
 [0 1 8 4 2 7 3 9 5]]
Number of cells unfilled: 14
Accuracy: 82.71604938271605
Sample: 39286
Question:
[[0 0 3 0 0 0 6 4 0]
 [5 0 0 0 0 4 0 0 0]
 [7 0 0 2 1 8 0 0 0]
 [0 8 0 0 7 0 3 0 0]
 [0 0 0 3 0 0 0 6 2]
 [6 0 5 0 0 0 0 0 0]
 [0 0 2 0 0 0 4 0 7]
 [0 0 0 0 6 0 0 8 0]
 [0 0 0 4 0 7 2 0 0]]
Solution:
[[2 5 6 0 8 3 7 4 0]
 [3 8 7 1 4 9 0 5 2]
 [4 0 1 5 2 7 6 3 0]
 [8 3 5 2 1 0 4 6 7]
 [0 9 0 7 5 4 2 1 3]
 [1 4 2 8 0 6 5 0 9]
 [0 7 3 9 6 5 0 2 8]
 [6 2 4 0 3 8 0 7 1]
 [0 1 8 4 7 2 3 9 5]]
Number of cells unfilled: 15
Accuracy: 81.48148148148148
Sample: 39287
Question:
[[0 0 2 7 0 0 0 3 0]
 [1 0 0 0 0 8 4 0 0]
 [0 7 9 0 4 0 0 0 0]
 [0 9 0 0 0 6 0 0 0]
 [0 0 4 0 1 0 6 0 0]
 [6 0 0 4 8 0 0 0 0]
 [9 0 0 0 0 4 1 0 0]
 [0 0 0 0 0 0 0 2 5]
 [0 0 5 0 3 0 0 0 4]]
Solution:
[[9 5 6 0 8 3 7 4 2]
 [3 2 7 1 4 9 0 8 0]
 [4 8 1 5 7 2 6 3 0]
 [8 3 5 2 1 0 4 6 9]
 [0 9 0 7 5 4 2 1 3]
 [1 4 2 8 9 6 5 0 7]
 [0 7 3 9 6 5 0 2 8]
 [6 0 4 0 3 8 0 7 1]
 [2 1 8 4 0 7 3 9 5]]
Number of cells unfilled: 14
Accuracy: 82.71604938271605
Sample: 39288
Question:
[[0 4 2 5 0 0 0 0 9]
 [0 3 0 0 0 0 0 4 0]
 [6 0 0 0 0 4 1 0 0]
 [0 9 0 8 0 0 7 0 6]
 [0 0 3 0 0 0 0 0 0]
 [7 0 0 0 0 9 0 1 0]
 [9 0 0 0 0 6 0 0 1]
 [0 0 0 0 5 0 0 0 0]
 [0 0 8 0 2 0 0 9 0]]
Solution:
[[2 5 6 0 8 3 7 4 0]
 [3 8 7 1 4 9 0 5 2]
 [4 0 1 5 7 0 6 3 0]
 [8 3 5 2 1 0 4 6 9]
 [0 9 0 7 5 4 2 1 3]
 [1 4 2 8 9 6 5 0 7]
 [0 0 3 9 6 5 0 2 8]
 [6 2 4 0 3 8 0 7 1]
 [7 1 8 4 0 2 3 9 5]]
Number of cells unfilled: 16
Accuracy: 80.24691358024691
Sample: 39289
Question:
[[3 0 0 0 7 0 0 0 0]
 [0 0 9 6 0 2 7 0 0]
 [0 0 0 4 3 0 0 0 0]
 [4 7 0 0 0 0 8 0 9]
 [0 3 0 0 0 8 0 0 5]
 [0 0 0 0 0 4 3 0 0]
 [1 4 0 5 0 0 0 0 0]
 [0 0 0 0 0 3 0 2 0]
 [9 0 0 1 0 0 5 0 8]]
Solution:
[[9 5 6 0 8 3 7 4 0]
 [3 8 7 1 4 9 0 5 2]
 [4 2 1 5 7 0 6 3 0]
 [8 3 5 2 1 0 4 6 7]
 [0 9 0 7 5 4 2 8 3]
 [1 4 2 8 0 6 5 0 9]
 [7 0 3 9 6 5 0 2 8]
 [6 0 4 0 3 8 0 7 1]
 [2 1 8 4 0 7 3 9 5]]
Number of cells unfilled: 16
Accuracy: 80.24691358024691
Sample: 39290
Question:
[[0 0 0 0 0 0 0 0 4]
 [6 2 0 0 9 0 0 0 0]
 [0 0 3 1 0 0 6 0 0]
 [0 0 1 2 0 0 7 6 0]
 [2 0 0 0 0 5 0 0 8]
 [8 0 6 7 0 0 2 0 0]
 [0 0 8 0 0 0 0 0 0]
 [0 0 0 0 3 1 8 0 0]
 [3 0 0 8 0 0 0 7 6]]
Solution:
[[9 5 6 0 8 3 7 4 0]
 [3 8 7 1 4 9 0 5 2]
 [4 0 1 5 7 2 6 3 0]
 [8 3 5 2 1 0 4 6 7]
 [0 9 0 7 5 4 2 1 3]
 [1 4 2 8 0 6 5 0 9]
 [0 7 3 9 6 5 0 2 8]
 [6 2 4 0 3 8 0 7 1]
 [0 1 8 4 2 7 3 9 5]]
Number of cells unfilled: 15
Accuracy: 81.48148148148148
Sample: 39291
Question:
[[0 0 3 1 0 0 0 0 0]
 [6 0 0 0 8 0 5 0 7]
 [0 0 0 6 0 0 0 9 0]
 [0 4 0 0 2 0 0 0 0]
 [0 0 8 0 7 0 2 0 0]
 [2 0 0 8 0 0 7 0 5]
 [0 0 5 0 0 0 0 0 0]
 [1 0 0 0 0 8 6 0 2]
 [0 0 2 0 1 0 0 5 8]]
Solution:
[[2 5 6 0 8 3 7 4 0]
 [3 8 7 1 4 9 0 5 2]
 [4 0 1 5 2 7 6 3 0]
 [8 3 5 2 1 0 4 6 9]
 [0 9 0 7 5 4 2 8 3]
 [1 4 2 8 9 6 5 0 7]
 [0 0 3 9 6 5 0 2 8]
 [6 2 4 0 3 8 0 7 1]
 [7 1 8 4 0 2 3 9 5]]
Number of cells unfilled: 15
Accuracy: 81.48148148148148
Sample: 39292
Question:
[[0 0 5 0 0 0 0 8 6]
 [3 7 0 6 0 0 5 0 0]
 [0 0 0 0 5 0 0 0 0]
 [0 0 9 5 7 0 3 0 8]
 [0 0 0 9 0 0 0 2 0]
 [0 0 3 0 8 0 9 0 0]
 [5 0 0 7 0 9 0 0 4]
 [0 1 0 0 0 0 0 0 0]
 [0 0 7 0 6 0 8 0 0]]
Solution:
[[9 5 6 0 2 3 7 4 0]
 [3 8 7 1 4 9 0 5 0]
 [4 0 1 5 8 7 6 3 2]
 [8 3 5 2 1 0 4 6 9]
 [0 9 0 7 5 4 2 1 3]
 [1 4 2 8 9 6 5 0 7]
 [7 0 3 9 6 5 0 2 8]
 [6 2 4 0 3 8 0 7 1]
 [0 1 8 4 7 2 3 9 5]]
Number of cells unfilled: 14
Accuracy: 82.71604938271605
Sample: 39293
Question:
[[0 6 0 0 0 9 0 0 3]
 [0 0 0 0 0 0 0 0 5]
 [5 0 2 0 3 0 0 6 0]
 [0 0 8 4 0 0 0 1 0]
 [0 7 0 0 0 0 0 8 0]
 [2 0 5 0 8 0 0 0 6]
 [0 0 0 2 0 0 0 0 0]
 [0 2 6 3 0 0 0 0 1]
 [8 0 3 0 1 0 6 0 0]]
Solution:
[[2 5 6 0 8 3 7 4 0]
 [3 8 7 1 4 9 0 5 2]
 [4 0 1 5 2 7 6 3 0]
 [8 3 5 2 1 0 4 6 9]
 [0 9 0 7 5 4 2 1 3]
 [1 4 2 8 9 6 5 0 7]
 [0 0 3 9 6 5 0 2 8]
 [6 2 4 0 3 8 0 7 1]
 [7 1 8 4 0 2 3 9 5]]
Number of cells unfilled: 15
Accuracy: 81.48148148148148
Sample: 39294
Question:
[[9 5 0 0 0 1 0 0 0]
 [0 0 0 0 0 5 0 0 0]
 [1 0 6 0 3 0 9 0 0]
 [6 0 0 0 0 2 0 3 0]
 [4 0 5 0 6 0 0 0 9]
 [0 7 0 0 0 0 0 6 0]
 [0 9 0 8 0 0 0 0 1]
 [5 0 4 0 1 0 0 9 0]
 [0 0 0 0 0 0 3 0 4]]
Solution:
[[9 5 6 0 8 3 7 4 2]
 [3 2 7 1 4 9 8 5 0]
 [4 8 1 5 2 7 6 3 0]
 [8 3 5 2 1 0 4 6 9]
 [0 9 0 7 5 4 2 8 3]
 [1 4 2 8 9 6 5 0 7]
 [0 7 3 9 6 5 0 2 8]
 [6 0 4 0 3 8 0 7 1]
 [0 1 8 4 7 2 3 9 5]]
Number of cells unfilled: 13
Accuracy: 83.9506172839506
Sample: 39295
Question:
[[0 9 0 0 0 0 2 0 0]
 [4 0 0 0 1 0 0 0 0]
 [0 0 6 0 0 0 0 0 3]
 [2 7 0 0 0 0 0 8 0]
 [9 0 0 0 3 0 0 0 1]
 [0 0 0 8 6 0 7 0 4]
 [0 0 2 5 0 0 4 0 0]
 [0 3 0 0 0 4 0 0 0]
 [7 0 0 6 0 9 0 0 0]]
Solution:
[[9 5 6 0 8 3 7 4 0]
 [3 8 7 1 4 9 0 5 2]
 [4 2 1 5 7 0 6 3 0]
 [8 3 5 2 1 0 4 6 7]
 [0 9 0 7 5 4 2 8 3]
 [1 4 2 8 0 6 5 0 9]
 [7 0 3 9 6 5 0 2 8]
 [6 0 4 0 3 8 0 7 1]
 [2 1 8 4 0 7 3 9 5]]
Number of cells unfilled: 16
Accuracy: 80.24691358024691
Sample: 39296
Question:
[[0 9 0 0 2 6 0 0 0]
 [0 0 8 0 0 9 0 0 1]
 [3 0 0 0 0 0 0 4 0]
 [0 0 0 9 0 8 6 0 3]
 [0 0 0 5 0 0 0 0 0]
 [0 0 0 0 7 0 0 5 8]
 [0 8 6 0 0 5 0 0 0]
 [0 0 4 0 0 0 0 0 0]
 [7 5 0 0 9 0 2 6 0]]
Solution:
[[9 5 6 0 8 3 7 4 2]
 [3 2 7 1 4 9 8 5 0]
 [4 8 1 5 2 0 6 3 0]
 [8 3 5 2 1 0 4 6 7]
 [0 9 0 7 5 4 2 1 3]
 [1 4 2 8 0 6 5 0 9]
 [7 0 3 9 6 5 0 2 8]
 [6 0 4 0 3 2 0 7 1]
 [2 1 8 4 0 7 3 9 5]]
Number of cells unfilled: 15
Accuracy: 81.48148148148148
Sample: 39297
Question:
[[0 0 9 0 8 0 3 0 1]
 [0 0 0 1 0 0 2 0 0]
 [0 0 0 5 0 6 0 0 0]
 [2 0 0 0 6 0 0 0 0]
 [4 1 0 0 0 0 0 9 2]
 [3 0 5 0 0 0 8 0 0]
 [0 0 0 0 0 0 1 5 0]
 [0 4 0 9 2 0 0 0 0]
 [0 0 3 7 0 1 0 0 0]]
Solution:
[[2 5 6 0 8 3 7 4 0]
 [3 8 7 1 4 9 0 5 2]
 [4 0 1 5 7 2 6 3 0]
 [8 3 5 2 1 0 4 6 9]
 [0 9 0 7 5 4 2 1 3]
 [1 4 2 8 9 6 5 0 7]
 [0 7 3 9 6 5 0 2 8]
 [6 2 4 0 3 8 0 7 1]
 [0 1 8 4 2 7 3 9 5]]
Number of cells unfilled: 14
Accuracy: 82.71604938271605
Sample: 39298
Question:
[[0 0 0 0 0 0 4 0 0]
 [0 3 0 0 8 0 0 0 5]
 [0 9 0 0 0 1 0 2 0]
 [8 0 0 0 5 0 0 7 3]
 [7 0 0 1 0 0 0 0 0]
 [4 0 3 0 0 7 5 0 0]
 [0 4 0 0 0 5 0 0 0]
 [6 0 0 7 2 0 0 0 0]
 [0 0 5 9 0 0 6 0 0]]
Solution:
[[9 5 6 0 2 3 7 4 0]
 [3 8 7 1 4 9 0 5 2]
 [4 2 1 5 7 8 6 3 9]
 [8 3 5 2 1 0 4 6 7]
 [0 9 0 7 5 4 2 8 3]
 [1 4 2 8 9 6 5 0 0]
 [7 0 3 9 6 5 0 2 8]
 [6 0 4 0 3 2 0 7 1]
 [2 1 8 4 0 7 3 9 5]]
Number of cells unfilled: 14
Accuracy: 82.71604938271605
Sample: 39299
Question:
[[3 6 0 9 0 0 8 2 0]
 [0 0 5 0 7 3 0 1 0]
 [0 1 2 0 0 0 0 0 0]
 [0 5 3 0 0 0 0 0 8]
 [1 0 0 0 3 5 0 9 6]
 [0 9 0 4 6 0 5 7 0]
 [0 0 6 0 0 2 0 0 9]
 [7 0 0 0 0 8 3 0 0]
 [8 0 0 0 5 0 4 6 1]]
Solution:
[[2 5 6 0 8 3 7 4 0]
 [3 8 7 1 4 9 0 5 2]
 [4 0 1 5 7 2 6 3 0]
 [8 3 5 2 1 0 4 6 7]
 [0 9 0 7 5 4 2 1 3]
 [1 4 2 8 0 6 5 0 9]
 [0 7 3 9 6 5 0 2 8]
 [6 2 4 0 3 8 0 7 1]
 [0 1 8 4 2 7 3 9 5]]
Number of cells unfilled: 15
Accuracy: 81.48148148148148
Sample: 39300
Question:
[[0 0 6 0 0 3 7 0 0]
 [0 0 7 1 4 9 0 0 0]
 [0 0 0 0 0 0 0 3 0]
 [8 3 0 2 1 0 0 0 0]
 [0 0 0 7 0 0 2 0 0]
 [0 4 0 8 0 6 0 0 0]
 [0 0 0 0 6 0 0 0 8]
 [6 0 4 0 0 0 0 7 1]
 [0 0 0 0 0 0 0 9 5]]
Solution:
[[9 5 6 0 8 3 7 4 2]
 [3 2 7 1 4 9 8 5 0]
 [4 8 1 5 2 0 6 3 0]
 [8 3 5 2 1 0 4 6 9]
 [0 9 0 7 5 4 2 8 3]
 [1 4 2 8 9 6 5 0 7]
 [7 0 3 9 6 5 0 2 8]
 [6 0 4 0 3 2 0 7 1]
 [2 1 8 4 0 7 3 9 5]]
Number of cells unfilled: 14
Accuracy: 82.71604938271605
