2025-10-22 14:57:26.905018: I tensorflow/core/util/port.cc:153] oneDNN custom operations are on. You may see slightly different numerical results due to floating-point round-off errors from different computation orders. To turn them off, set the environment variable `TF_ENABLE_ONEDNN_OPTS=0`.
2025-10-22 14:57:26.999104: I tensorflow/core/platform/cpu_feature_guard.cc:210] This TensorFlow binary is optimized to use available CPU instructions in performance-critical operations.
To enable the following instructions: AVX2 AVX512F AVX512_VNNI FMA, in other operations, rebuild TensorFlow with the appropriate compiler flags.
2025-10-22 14:57:31.352955: I tensorflow/core/util/port.cc:153] oneDNN custom operations are on. You may see slightly different numerical results due to floating-point round-off errors from different computation orders. To turn them off, set the environment variable `TF_ENABLE_ONEDNN_OPTS=0`.
2025-10-22 14:57:34.663547: E external/local_xla/xla/stream_executor/cuda/cuda_platform.cc:51] failed call to cuInit: INTERNAL: CUDA error: Failed call to cuInit: UNKNOWN ERROR (303)
Sample: 41601
Question:
[[0 0 3 0 0 0 9 1 0]
 [0 0 6 0 0 9 2 0 0]
 [0 2 0 1 0 0 0 4 0]
 [0 0 2 0 0 3 6 0 0]
 [0 0 0 2 0 0 0 0 8]
 [7 0 0 6 5 0 0 0 0]
 [0 6 0 0 0 5 0 2 9]
 [0 0 5 0 2 0 0 0 0]
 [0 0 0 3 0 0 5 0 0]]
Solution:
[[2 1 8 4 5 6 3 9 7]
 [9 0 6 1 0 2 0 5 4]
 [5 7 4 0 8 3 2 1 6]
 [8 9 7 3 6 1 5 4 0]
 [4 3 5 8 7 9 6 2 0]
 [1 6 0 2 4 5 8 7 3]
 [6 5 0 9 1 4 7 3 2]
 [7 4 2 5 3 0 9 8 1]
 [3 0 9 7 2 8 4 6 5]]
Number of cells unfilled: 10
Accuracy: 87.65432098765432
Sample: 41602
Question:
[[0 0 3 0 0 7 8 0 0]
 [0 5 0 8 0 0 0 2 0]
 [8 0 0 0 3 0 0 0 0]
 [5 0 4 2 0 0 3 0 0]
 [7 0 0 3 0 0 2 0 0]
 [0 0 0 0 0 9 0 0 4]
 [0 7 6 0 0 5 0 0 0]
 [0 0 0 0 0 0 0 1 0]
 [3 0 0 7 0 0 5 0 0]]
Solution:
[[2 1 8 4 5 6 3 9 7]
 [9 7 6 1 8 2 0 5 4]
 [5 0 4 0 9 3 2 1 6]
 [8 9 7 3 6 1 5 4 0]
 [4 3 5 8 7 9 6 2 0]
 [1 6 0 2 4 5 8 7 3]
 [6 5 0 9 1 4 7 3 2]
 [7 4 2 5 3 0 9 8 1]
 [3 0 9 7 2 8 4 6 5]]
Number of cells unfilled: 9
Accuracy: 88.88888888888889
Sample: 41603
Question:
[[0 0 3 4 0 0 0 6 7]
 [4 0 0 0 0 7 0 0 0]
 [0 0 0 0 1 0 4 0 0]
 [3 2 0 6 0 0 7 0 0]
 [1 0 0 7 0 0 6 0 0]
 [0 0 7 0 5 0 0 0 2]
 [7 0 0 1 0 0 3 0 0]
 [0 0 0 0 0 0 0 9 0]
 [0 8 1 0 3 0 0 0 0]]
Solution:
[[2 1 8 4 5 6 3 9 7]
 [9 0 6 1 0 2 0 5 4]
 [5 7 4 0 8 3 2 1 6]
 [8 9 7 3 6 1 5 4 0]
 [4 3 5 8 7 9 6 2 0]
 [1 6 0 2 4 5 8 7 3]
 [6 5 0 9 1 4 7 3 2]
 [7 4 2 5 3 0 9 8 1]
 [3 0 9 7 2 8 4 6 5]]
Number of cells unfilled: 10
Accuracy: 87.65432098765432
Sample: 41604
Question:
[[0 0 3 5 1 0 7 0 0]
 [0 0 0 7 0 0 8 0 0]
 [0 0 0 0 0 4 0 0 5]
 [1 0 0 0 0 0 0 0 0]
 [0 0 7 4 0 0 0 0 1]
 [0 5 0 0 0 0 9 7 0]
 [0 7 0 6 0 0 0 2 0]
 [5 0 0 1 0 9 0 0 0]
 [4 0 0 0 0 7 5 0 9]]
Solution:
[[2 1 8 4 5 6 3 9 7]
 [9 0 6 1 0 2 0 5 4]
 [5 7 4 0 8 3 2 1 6]
 [8 9 7 3 6 1 5 4 0]
 [4 3 5 8 7 9 6 2 0]
 [1 6 0 2 4 5 8 7 3]
 [6 5 0 9 1 4 7 3 2]
 [7 4 2 5 3 0 9 8 1]
 [3 0 9 7 2 8 4 6 5]]
Number of cells unfilled: 10
Accuracy: 87.65432098765432
Sample: 41605
Question:
[[0 0 5 8 0 0 0 0 0]
 [1 0 0 0 0 0 6 0 7]
 [0 7 0 0 0 0 0 5 0]
 [0 1 0 0 0 6 0 0 3]
 [0 0 6 7 5 0 0 2 0]
 [5 0 0 1 0 0 0 0 0]
 [0 5 0 0 0 0 2 9 0]
 [0 3 0 5 4 0 0 0 0]
 [0 0 1 0 0 7 3 0 0]]
Solution:
[[2 1 8 4 5 6 3 9 7]
 [9 7 6 1 8 2 0 5 4]
 [5 0 4 0 9 3 2 1 6]
 [8 9 7 3 6 1 5 4 0]
 [4 3 5 8 7 9 6 2 0]
 [1 6 0 2 4 5 8 7 3]
 [6 5 0 9 1 4 7 3 2]
 [7 4 2 5 3 0 9 8 1]
 [3 0 9 7 2 8 4 6 5]]
Number of cells unfilled: 9
Accuracy: 88.88888888888889
Sample: 41606
Question:
[[0 0 6 3 0 0 0 4 0]
 [0 0 0 0 9 0 0 0 5]
 [0 3 0 0 0 4 0 0 0]
 [5 0 4 0 0 9 0 3 0]
 [0 0 8 0 0 0 2 0 0]
 [3 0 0 0 0 6 0 5 9]
 [6 0 0 0 0 3 0 9 0]
 [0 0 0 0 0 0 0 0 7]
 [0 4 9 1 0 0 0 0 0]]
Solution:
[[2 1 8 4 5 6 3 9 7]
 [9 0 6 1 8 2 0 5 4]
 [5 7 4 0 9 3 2 1 6]
 [8 9 7 3 6 1 5 4 0]
 [4 3 5 8 7 9 6 2 0]
 [1 6 0 2 4 5 8 7 3]
 [6 5 0 9 1 4 7 3 2]
 [7 4 2 5 3 0 9 8 1]
 [3 0 9 7 2 8 4 6 5]]
Number of cells unfilled: 9
Accuracy: 88.88888888888889
Sample: 41607
Question:
[[0 0 7 0 4 0 0 8 0]
 [0 0 4 0 6 0 0 0 1]
 [9 0 0 8 0 0 4 0 7]
 [0 4 0 0 7 8 0 5 0]
 [8 0 0 0 0 0 0 0 0]
 [0 0 9 4 0 0 0 0 3]
 [0 9 0 7 0 0 3 0 8]
 [0 0 3 0 0 2 0 0 0]
 [0 0 0 0 0 0 0 1 0]]
Solution:
[[2 1 8 4 5 6 3 9 7]
 [9 0 6 1 8 2 0 5 4]
 [5 7 4 0 9 3 2 1 6]
 [8 9 7 3 6 1 5 4 2]
 [4 3 5 8 7 9 6 0 0]
 [1 6 0 2 4 5 8 7 3]
 [6 5 0 9 1 4 7 3 8]
 [7 8 2 5 3 0 9 0 1]
 [3 0 9 7 2 8 4 6 5]]
Number of cells unfilled: 10
Accuracy: 87.65432098765432
Sample: 41608
Question:
[[0 0 9 0 2 0 8 0 0]
 [0 5 0 0 0 0 0 1 0]
 [0 8 0 0 0 5 0 6 9]
 [0 3 0 0 1 0 0 0 0]
 [0 0 0 8 0 0 0 3 0]
 [5 0 8 0 0 3 6 0 0]
 [4 0 0 0 8 0 0 0 0]
 [0 6 0 0 0 1 0 8 0]
 [0 0 0 0 6 0 1 0 7]]
Solution:
[[2 1 8 4 5 6 3 9 7]
 [9 7 6 1 8 2 0 5 4]
 [5 0 4 0 9 3 2 1 6]
 [8 9 7 3 6 1 5 4 0]
 [4 3 5 8 7 9 6 2 0]
 [1 6 0 2 4 5 8 7 3]
 [6 5 0 9 1 4 7 3 2]
 [7 4 2 5 3 0 9 8 1]
 [3 0 9 7 2 8 4 6 5]]
Number of cells unfilled: 9
Accuracy: 88.88888888888889
Sample: 41609
Question:
[[0 1 0 0 0 0 9 0 0]
 [9 0 0 0 5 1 0 0 2]
 [0 0 6 9 0 0 0 1 0]
 [0 0 0 5 2 0 6 0 0]
 [0 0 3 0 0 7 0 0 1]
 [5 0 9 0 0 0 2 0 0]
 [0 0 1 0 8 0 0 0 0]
 [0 0 2 0 1 0 0 4 6]
 [6 0 0 2 0 0 0 0 0]]
Solution:
[[7 1 8 4 5 6 3 2 9]
 [9 0 6 1 8 2 0 5 4]
 [5 2 4 0 9 3 0 1 6]
 [8 9 7 3 6 1 5 4 2]
 [4 3 5 8 7 9 6 0 0]
 [1 6 0 2 4 5 8 7 3]
 [6 5 0 9 1 4 7 3 8]
 [0 8 2 5 3 0 9 0 1]
 [3 0 9 7 2 8 4 6 5]]
Number of cells unfilled: 12
Accuracy: 85.18518518518519
Sample: 41610
Question:
[[0 1 0 4 0 0 0 9 0]
 [0 0 0 0 1 5 0 0 7]
 [7 0 0 0 0 3 0 0 0]
 [0 0 8 0 0 0 0 4 0]
 [5 0 0 0 0 0 0 0 3]
 [0 0 4 3 2 0 0 5 0]
 [6 0 0 0 4 0 0 3 0]
 [0 0 0 0 0 6 4 0 0]
 [0 4 7 5 0 0 0 0 6]]
Solution:
[[0 1 8 4 9 6 3 2 7]
 [9 7 6 1 8 2 0 5 4]
 [5 4 0 0 0 3 0 1 6]
 [8 9 7 3 6 1 5 4 2]
 [4 3 5 8 7 9 6 0 0]
 [1 6 0 2 4 5 8 7 3]
 [6 5 0 9 1 4 7 3 8]
 [7 8 2 5 3 0 9 0 1]
 [3 0 9 7 2 8 4 6 5]]
Number of cells unfilled: 13
Accuracy: 83.9506172839506
Sample: 41611
Question:
[[0 2 0 8 3 0 0 7 0]
 [0 0 8 0 0 0 0 0 0]
 [5 0 0 0 0 2 0 0 9]
 [0 0 5 0 0 8 2 0 3]
 [0 8 0 0 1 0 0 0 0]
 [3 0 0 0 0 0 0 8 0]
 [0 0 0 0 9 0 7 4 0]
 [9 0 0 6 0 0 0 0 0]
 [0 5 0 0 0 3 9 0 8]]
Solution:
[[0 1 8 4 5 6 3 2 7]
 [9 7 6 1 8 2 0 5 4]
 [5 2 4 0 9 3 0 1 6]
 [8 9 7 3 6 1 5 4 2]
 [4 3 5 8 7 9 6 0 0]
 [1 6 0 2 4 5 8 7 3]
 [6 5 0 9 1 4 7 3 8]
 [7 8 2 5 3 0 9 0 1]
 [3 0 9 7 2 8 4 6 5]]
Number of cells unfilled: 11
Accuracy: 86.41975308641975
Sample: 41612
Question:
[[0 3 0 5 0 0 2 0 9]
 [0 0 6 0 0 2 3 0 0]
 [0 0 0 0 0 9 0 7 0]
 [4 0 0 0 0 0 0 0 0]
 [8 0 0 0 0 3 0 9 0]
 [0 9 0 0 5 0 8 0 3]
 [3 0 9 8 0 0 0 1 5]
 [0 0 0 0 9 0 0 0 0]
 [0 8 0 0 0 5 0 0 2]]
Solution:
[[2 1 8 4 5 6 3 9 7]
 [9 0 6 1 8 2 0 5 4]
 [5 7 4 0 9 3 2 1 6]
 [8 9 7 3 6 1 5 4 2]
 [4 3 5 8 7 9 6 0 0]
 [1 6 0 2 4 5 8 7 3]
 [6 5 0 9 1 4 7 3 8]
 [7 8 2 5 3 0 9 0 1]
 [3 0 9 7 2 8 4 6 5]]
Number of cells unfilled: 10
Accuracy: 87.65432098765432
Sample: 41613
Question:
[[0 4 0 0 0 8 1 0 0]
 [3 0 0 5 0 1 0 4 0]
 [7 0 0 0 0 0 0 5 0]
 [0 0 0 2 0 0 3 0 0]
 [0 7 0 0 5 4 0 2 0]
 [2 0 0 0 0 0 0 0 4]
 [0 0 0 0 9 0 0 0 0]
 [4 0 0 7 0 0 0 3 0]
 [0 0 6 0 4 5 7 0 0]]
Solution:
[[7 1 8 4 5 6 3 2 9]
 [9 0 6 1 8 2 0 5 4]
 [5 2 4 0 9 3 0 1 6]
 [8 9 7 3 6 1 5 4 2]
 [4 3 5 8 7 9 6 0 0]
 [1 6 0 2 4 5 8 7 3]
 [6 5 0 9 1 4 7 3 8]
 [0 7 2 5 3 0 9 0 1]
 [3 0 9 7 2 8 4 6 5]]
Number of cells unfilled: 12
Accuracy: 85.18518518518519
Sample: 41614
Question:
[[0 4 0 0 9 0 0 0 5]
 [5 0 9 1 0 0 0 4 0]
 [0 0 0 0 0 0 0 0 7]
 [0 2 1 0 0 5 4 0 9]
 [0 0 6 0 1 0 0 5 0]
 [0 0 0 4 0 0 0 0 0]
 [6 0 0 0 0 1 0 9 0]
 [9 0 0 0 6 0 8 0 4]
 [0 3 0 0 4 0 0 0 0]]
Solution:
[[2 1 8 4 5 6 3 9 7]
 [9 0 6 1 0 2 0 5 4]
 [5 7 4 0 8 3 2 1 6]
 [8 9 7 3 6 1 5 4 2]
 [4 3 5 8 7 9 6 0 0]
 [1 6 0 2 4 5 8 7 3]
 [6 5 0 9 1 4 7 3 8]
 [7 4 2 5 3 0 9 0 1]
 [3 0 9 7 2 8 4 6 5]]
Number of cells unfilled: 11
Accuracy: 86.41975308641975
Sample: 41615
Question:
[[0 5 0 0 0 0 0 0 3]
 [3 0 1 0 0 0 8 0 0]
 [0 0 0 0 2 0 0 5 0]
 [0 7 0 0 0 0 0 0 5]
 [0 0 6 3 0 0 0 8 0]
 [0 0 3 0 5 9 0 0 6]
 [0 0 0 0 8 0 5 0 0]
 [8 4 0 0 3 5 0 1 0]
 [6 0 0 1 0 0 0 0 0]]
Solution:
[[7 1 8 4 5 6 3 2 9]
 [9 0 6 1 8 2 0 5 4]
 [5 2 4 0 9 3 0 1 6]
 [8 9 7 3 6 1 5 4 2]
 [4 3 5 8 7 9 6 0 0]
 [1 6 0 2 4 5 8 7 3]
 [6 5 0 9 1 4 7 3 8]
 [0 4 2 5 3 0 9 0 1]
 [3 0 9 7 2 8 4 6 5]]
Number of cells unfilled: 12
Accuracy: 85.18518518518519
Sample: 41616
Question:
[[0 5 4 1 0 0 0 6 0]
 [0 0 0 0 4 0 0 0 0]
 [7 0 0 0 0 6 2 0 0]
 [0 4 5 0 0 1 0 2 0]
 [0 0 0 5 0 0 0 0 9]
 [8 0 7 0 0 0 5 0 0]
 [0 0 0 0 0 4 3 0 0]
 [0 0 0 2 0 0 0 0 0]
 [0 2 6 0 1 0 0 4 0]]
Solution:
[[2 1 8 4 5 6 3 9 7]
 [9 0 6 1 0 2 0 5 4]
 [5 7 4 0 8 3 2 1 6]
 [8 9 7 3 6 1 5 4 2]
 [4 3 5 8 7 9 6 0 0]
 [1 6 0 2 4 5 8 7 3]
 [6 5 0 9 1 4 7 3 8]
 [7 8 2 5 3 0 9 0 1]
 [3 0 9 7 2 8 4 6 5]]
Number of cells unfilled: 11
Accuracy: 86.41975308641975
Sample: 41617
Question:
[[0 6 0 0 5 2 0 0 0]
 [7 0 0 8 0 0 9 0 0]
 [0 2 0 0 0 0 3 0 5]
 [2 0 0 7 0 5 0 0 0]
 [0 3 0 0 0 0 0 7 0]
 [0 0 0 0 3 0 6 0 0]
 [0 0 1 0 0 7 2 3 0]
 [0 7 0 0 2 0 0 0 6]
 [0 0 0 0 0 4 7 0 0]]
Solution:
[[7 1 8 4 5 6 3 2 9]
 [9 0 6 1 8 2 0 5 4]
 [5 2 4 0 9 3 0 1 6]
 [8 9 7 3 6 1 5 4 2]
 [4 3 5 8 7 9 6 0 0]
 [1 6 0 2 4 5 8 7 3]
 [6 5 0 9 1 4 7 3 8]
 [0 4 2 5 3 0 9 0 1]
 [3 0 9 7 2 8 4 6 5]]
Number of cells unfilled: 12
Accuracy: 85.18518518518519
Sample: 41618
Question:
[[0 6 8 0 0 2 7 0 0]
 [0 0 5 7 0 0 0 8 0]
 [0 0 0 0 0 1 6 0 0]
 [6 0 7 1 0 0 3 0 0]
 [0 3 0 0 7 0 0 2 0]
 [0 0 0 0 0 3 0 0 0]
 [4 0 0 0 0 0 0 7 0]
 [0 1 0 0 0 0 2 0 0]
 [7 0 0 0 9 0 0 1 3]]
Solution:
[[7 1 8 4 5 6 3 2 9]
 [9 0 6 1 8 2 0 5 4]
 [5 2 4 0 9 3 0 1 6]
 [8 9 7 3 6 1 5 4 2]
 [4 3 5 8 7 9 6 0 0]
 [1 6 0 2 4 5 8 7 3]
 [6 5 0 9 1 4 7 3 8]
 [0 7 2 5 3 0 9 0 1]
 [3 0 9 7 2 8 4 6 5]]
Number of cells unfilled: 12
Accuracy: 85.18518518518519
Sample: 41619
Question:
[[0 8 0 0 0 2 0 0 0]
 [0 0 0 0 9 0 8 0 0]
 [7 0 9 0 0 0 0 6 0]
 [6 7 0 9 0 0 2 0 0]
 [0 0 1 0 0 5 0 9 0]
 [0 9 0 7 0 8 6 0 0]
 [0 6 0 2 0 0 9 0 0]
 [4 0 0 0 0 0 0 0 0]
 [0 0 0 0 8 6 0 0 3]]
Solution:
[[2 1 8 4 5 6 3 9 7]
 [9 0 6 1 8 2 0 5 4]
 [5 7 4 0 9 3 2 1 6]
 [8 9 7 3 6 1 5 4 0]
 [4 3 5 8 7 9 6 2 0]
 [1 6 0 2 4 5 8 7 3]
 [6 5 0 9 1 4 7 3 2]
 [7 4 2 5 3 0 9 8 1]
 [3 0 9 7 2 8 4 6 5]]
Number of cells unfilled: 9
Accuracy: 88.88888888888889
Sample: 41620
Question:
[[0 8 0 0 0 2 5 0 0]
 [0 4 0 6 0 0 0 0 0]
 [7 0 0 0 8 0 0 4 0]
 [0 9 0 0 0 3 0 0 4]
 [2 0 0 0 4 0 0 8 0]
 [0 0 0 0 2 9 0 7 0]
 [1 0 0 2 0 4 0 0 8]
 [0 7 0 0 1 0 0 0 0]
 [0 0 4 0 0 0 0 1 0]]
Solution:
[[2 1 8 4 5 6 3 9 7]
 [9 0 6 1 0 2 0 5 4]
 [5 7 4 0 8 3 2 1 6]
 [8 9 7 3 6 1 5 4 0]
 [4 3 5 8 7 9 6 2 0]
 [1 6 0 2 4 5 8 7 3]
 [6 5 0 9 1 4 7 3 2]
 [7 4 2 5 3 0 9 8 1]
 [3 0 9 7 2 8 4 6 5]]
Number of cells unfilled: 10
Accuracy: 87.65432098765432
Sample: 41621
Question:
[[0 8 0 0 0 5 9 0 0]
 [0 0 6 0 2 0 0 0 8]
 [2 0 0 8 0 0 0 0 0]
 [0 0 0 6 0 0 0 1 9]
 [0 9 0 5 0 0 0 0 2]
 [0 0 1 0 0 2 0 3 0]
 [8 0 5 0 7 0 2 0 0]
 [0 0 2 0 0 0 4 0 0]
 [0 6 0 0 0 0 0 0 5]]
Solution:
[[7 1 8 4 5 6 3 2 9]
 [9 0 6 1 8 2 0 5 4]
 [5 2 4 0 9 3 0 1 6]
 [8 9 7 3 6 1 5 4 2]
 [4 3 5 8 7 9 6 0 0]
 [1 6 0 2 4 5 8 7 3]
 [6 5 0 9 1 4 7 3 8]
 [0 8 2 5 3 0 9 0 1]
 [3 0 9 7 2 8 4 6 5]]
Number of cells unfilled: 12
Accuracy: 85.18518518518519
Sample: 41622
Question:
[[0 9 0 5 0 0 7 0 3]
 [0 0 8 0 6 0 0 5 0]
 [0 0 0 0 0 7 0 0 0]
 [0 7 0 0 3 0 0 0 0]
 [0 0 0 7 0 0 0 0 2]
 [5 0 3 0 0 6 0 0 0]
 [0 0 0 0 8 0 4 0 7]
 [8 0 7 6 0 0 0 3 0]
 [9 1 0 0 0 0 0 0 8]]
Solution:
[[7 1 8 4 5 6 3 2 9]
 [9 0 6 1 8 2 0 5 4]
 [5 2 4 0 9 3 0 1 6]
 [8 9 7 3 6 1 5 4 2]
 [4 3 5 8 7 9 6 0 0]
 [1 6 0 2 4 5 8 7 3]
 [6 5 0 9 1 4 7 3 8]
 [0 8 2 5 3 0 9 0 1]
 [3 0 9 7 2 8 4 6 5]]
Number of cells unfilled: 12
Accuracy: 85.18518518518519
Sample: 41623
Question:
[[1 0 0 0 0 0 5 0 0]
 [0 3 0 0 4 0 0 8 0]
 [0 8 0 0 7 5 0 3 0]
 [0 4 0 0 3 0 0 7 0]
 [7 0 0 4 0 2 0 0 0]
 [3 0 0 0 0 0 0 0 9]
 [0 0 0 0 6 0 0 0 0]
 [0 6 0 7 0 0 3 0 8]
 [4 0 0 0 0 3 0 6 0]]
Solution:
[[0 1 8 4 9 6 3 2 7]
 [9 7 6 1 8 2 0 5 4]
 [5 2 4 0 0 3 0 1 6]
 [8 9 7 3 6 1 5 4 2]
 [4 3 5 8 7 9 6 0 0]
 [1 6 0 2 4 5 8 7 3]
 [6 5 0 9 1 4 7 3 8]
 [7 4 2 5 3 0 9 0 1]
 [3 0 9 7 2 8 4 6 5]]
Number of cells unfilled: 12
Accuracy: 85.18518518518519
Sample: 41624
Question:
[[1 0 0 3 0 0 0 4 0]
 [0 7 4 0 0 9 0 0 0]
 [0 0 3 0 0 0 0 0 8]
 [0 0 0 1 0 0 0 6 4]
 [0 0 5 0 3 0 2 0 0]
 [6 0 7 4 0 0 0 3 0]
 [0 3 0 7 0 0 0 0 0]
 [0 0 1 0 0 3 0 7 0]
 [0 0 0 0 4 0 0 0 6]]
Solution:
[[2 1 8 4 5 6 3 9 7]
 [9 0 6 1 0 2 0 5 4]
 [5 7 4 0 8 3 2 1 6]
 [8 9 7 3 6 1 5 4 0]
 [4 3 5 8 7 9 6 2 0]
 [1 6 0 2 4 5 8 7 3]
 [6 5 0 9 1 4 7 3 2]
 [7 4 2 5 3 0 9 8 1]
 [3 0 9 7 2 8 4 6 5]]
Number of cells unfilled: 10
Accuracy: 87.65432098765432
Sample: 41625
Question:
[[2 0 0 0 0 1 0 7 0]
 [0 5 0 0 7 0 3 0 0]
 [0 0 7 2 0 0 0 0 0]
 [0 0 2 0 1 0 0 5 0]
 [0 0 0 0 0 0 8 0 0]
 [9 0 0 0 0 5 0 0 3]
 [0 0 1 0 2 0 5 3 0]
 [0 0 0 0 0 6 0 0 4]
 [0 0 5 0 3 7 0 2 0]]
Solution:
[[7 1 8 4 5 6 3 2 9]
 [9 0 6 1 8 2 0 5 4]
 [5 2 4 0 9 3 0 1 6]
 [8 9 7 3 6 1 5 4 2]
 [4 3 5 8 7 9 6 0 0]
 [1 6 0 2 4 5 8 7 3]
 [6 5 0 9 1 4 7 3 8]
 [0 4 2 5 3 0 9 0 1]
 [3 0 9 7 2 8 4 6 5]]
Number of cells unfilled: 12
Accuracy: 85.18518518518519
Sample: 41626
Question:
[[2 0 4 0 0 9 8 0 0]
 [0 8 0 4 0 0 0 1 0]
 [0 0 0 0 8 0 0 0 0]
 [5 0 0 0 0 0 0 4 0]
 [0 9 0 0 0 0 1 0 0]
 [4 0 2 3 0 0 0 9 0]
 [0 2 7 0 1 0 4 0 0]
 [0 0 6 0 0 4 0 7 0]
 [0 0 0 0 9 0 2 0 0]]
Solution:
[[0 1 8 4 9 6 3 2 7]
 [9 7 6 1 8 2 0 5 4]
 [5 2 4 0 0 3 0 1 6]
 [8 9 7 3 6 1 5 4 2]
 [4 3 5 8 7 9 6 0 0]
 [1 6 0 2 4 5 8 7 3]
 [6 5 0 9 1 4 7 3 8]
 [7 8 2 5 3 0 9 0 1]
 [3 0 9 7 2 8 4 6 5]]
Number of cells unfilled: 12
Accuracy: 85.18518518518519
Sample: 41627
Question:
[[5 0 0 0 0 0 0 0 8]
 [0 2 0 0 0 8 0 5 0]
 [0 0 8 0 3 0 1 0 0]
 [0 6 0 7 0 0 0 0 0]
 [0 0 3 0 0 5 0 0 1]
 [0 0 5 6 0 3 0 0 2]
 [0 0 0 0 9 0 0 0 0]
 [0 0 2 0 0 1 0 0 5]
 [8 1 0 0 0 0 0 4 0]]
Solution:
[[2 1 8 4 5 6 3 9 7]
 [9 7 6 1 8 2 0 5 4]
 [5 0 4 0 9 3 2 1 6]
 [8 9 7 3 6 1 5 4 2]
 [4 3 5 8 7 9 6 0 0]
 [1 6 0 2 4 5 8 7 3]
 [6 5 0 9 1 4 7 3 8]
 [7 8 2 5 3 0 9 0 1]
 [3 0 9 7 2 8 4 6 5]]
Number of cells unfilled: 10
Accuracy: 87.65432098765432
Sample: 41628
Question:
[[5 0 0 0 0 0 4 0 0]
 [0 9 3 0 8 0 0 5 0]
 [0 0 0 5 0 0 0 0 3]
 [9 0 6 4 0 0 0 3 0]
 [0 0 2 0 3 0 6 0 0]
 [3 0 0 8 0 0 0 9 0]
 [0 0 0 0 0 7 8 0 5]
 [8 0 0 3 0 0 0 4 0]
 [0 1 0 0 0 0 0 0 0]]
Solution:
[[7 1 8 4 5 6 3 2 9]
 [9 0 6 1 8 2 0 5 4]
 [5 2 4 0 9 3 0 1 6]
 [8 9 7 3 6 1 5 4 2]
 [4 3 5 8 7 9 6 0 0]
 [1 6 0 2 4 5 8 7 3]
 [6 5 0 9 1 4 7 3 8]
 [0 4 2 5 3 0 9 0 1]
 [3 0 9 7 2 8 4 6 5]]
Number of cells unfilled: 12
Accuracy: 85.18518518518519
Sample: 41629
Question:
[[7 0 0 5 0 3 0 2 0]
 [0 0 4 0 2 0 1 0 0]
 [0 0 0 0 0 0 0 0 3]
 [0 4 0 0 5 0 0 1 0]
 [0 0 0 3 0 6 4 0 0]
 [9 0 0 0 0 0 3 0 0]
 [0 0 9 8 0 0 0 0 0]
 [0 2 5 0 3 0 0 0 1]
 [3 0 0 2 0 0 5 0 0]]
Solution:
[[2 1 8 4 5 6 3 9 7]
 [9 0 6 1 0 2 0 5 4]
 [5 7 4 0 8 3 2 1 6]
 [8 9 7 3 6 1 5 4 2]
 [4 3 5 8 7 9 6 0 0]
 [1 6 0 2 4 5 8 7 3]
 [6 5 0 9 1 4 7 3 8]
 [7 8 2 5 3 0 9 0 1]
 [3 0 9 7 2 8 4 6 5]]
Number of cells unfilled: 11
Accuracy: 86.41975308641975
Sample: 41630
Question:
[[7 0 3 6 5 0 0 9 0]
 [0 9 0 0 4 0 0 0 0]
 [0 0 5 0 0 0 7 0 0]
 [0 3 0 0 7 4 0 5 0]
 [2 0 0 0 0 3 0 0 4]
 [0 0 0 1 0 0 0 0 7]
 [0 0 0 7 0 0 0 0 3]
 [0 0 8 0 0 0 0 0 0]
 [0 7 0 0 3 9 5 0 0]]
Solution:
[[2 1 8 4 5 6 3 9 7]
 [9 0 6 1 8 2 0 5 4]
 [5 7 4 0 9 3 2 1 6]
 [8 9 7 3 6 1 5 4 0]
 [4 3 5 8 7 9 6 2 0]
 [1 6 0 2 4 5 8 7 3]
 [6 5 0 9 1 4 7 3 2]
 [7 4 2 5 3 0 9 8 1]
 [3 0 9 7 2 8 4 6 5]]
Number of cells unfilled: 9
Accuracy: 88.88888888888889
Sample: 41631
Question:
[[8 0 0 0 0 0 0 0 0]
 [1 0 0 3 0 9 2 0 0]
 [0 9 0 0 6 0 0 1 0]
 [0 0 0 1 0 0 0 3 0]
 [5 0 1 0 3 0 0 0 9]
 [0 3 0 0 0 6 0 0 0]
 [0 5 4 0 1 0 0 6 0]
 [0 0 0 0 5 0 0 9 0]
 [0 0 7 0 0 4 0 0 1]]
Solution:
[[2 1 8 4 5 6 3 9 7]
 [9 7 6 1 8 2 0 5 4]
 [5 0 4 0 9 3 2 1 6]
 [8 9 7 3 6 1 5 4 0]
 [4 3 5 8 7 9 6 2 0]
 [1 6 0 2 4 5 8 7 3]
 [6 5 0 9 1 4 7 3 2]
 [7 4 2 5 3 0 9 8 1]
 [3 0 9 7 2 8 4 6 5]]
Number of cells unfilled: 9
Accuracy: 88.88888888888889
Sample: 41632
Question:
[[8 0 0 7 2 0 0 0 0]
 [7 0 0 0 3 0 2 0 6]
 [0 3 0 0 0 9 0 0 4]
 [0 0 3 0 6 0 0 0 8]
 [0 7 0 2 0 0 0 0 0]
 [6 0 0 0 0 0 0 3 0]
 [0 0 0 0 7 0 8 0 0]
 [0 0 1 3 0 0 0 6 7]
 [0 0 0 5 0 0 0 0 3]]
Solution:
[[2 1 8 4 5 6 3 9 7]
 [9 0 6 1 8 2 0 5 4]
 [5 7 4 0 9 3 2 1 6]
 [8 9 7 3 6 1 5 4 0]
 [4 3 5 8 7 9 6 2 0]
 [1 6 0 2 4 5 8 7 3]
 [6 5 0 9 1 4 7 3 2]
 [7 4 2 5 3 0 9 8 1]
 [3 0 9 7 2 8 4 6 5]]
Number of cells unfilled: 9
Accuracy: 88.88888888888889
Sample: 41633
Question:
[[9 0 0 2 0 6 0 0 0]
 [0 1 0 0 0 7 0 6 0]
 [8 0 0 0 0 0 2 0 0]
 [1 0 0 8 0 0 9 0 0]
 [0 0 4 0 1 0 0 8 5]
 [0 0 0 0 3 0 0 1 0]
 [5 0 0 0 0 0 0 0 1]
 [0 0 0 5 0 0 0 9 0]
 [0 8 0 0 2 1 5 0 0]]
Solution:
[[0 1 8 4 5 6 3 2 7]
 [9 7 6 1 8 2 0 5 4]
 [5 2 4 0 9 3 0 1 6]
 [8 9 7 3 6 1 5 4 2]
 [4 3 5 8 7 9 6 0 0]
 [1 6 0 2 4 5 8 7 3]
 [6 5 0 9 1 4 7 3 8]
 [7 4 2 5 3 0 9 0 1]
 [3 0 9 7 2 8 4 6 5]]
Number of cells unfilled: 11
Accuracy: 86.41975308641975
Sample: 41634
Question:
[[0 3 0 0 5 0 0 0 0]
 [0 0 7 1 0 0 0 0 5]
 [5 0 0 0 0 3 7 1 0]
 [0 0 9 0 0 1 0 0 0]
 [0 8 0 0 3 0 0 6 0]
 [3 0 0 2 0 0 4 0 0]
 [0 0 0 0 0 2 0 0 9]
 [0 6 0 0 1 0 0 8 0]
 [2 0 0 4 0 0 1 0 0]]
Solution:
[[2 1 8 4 5 6 3 9 7]
 [9 0 6 1 0 2 0 5 4]
 [5 7 4 0 8 3 2 1 6]
 [8 9 7 3 6 1 5 4 0]
 [4 3 5 8 7 9 6 2 0]
 [1 6 0 2 4 5 8 7 3]
 [6 5 0 9 1 4 7 3 2]
 [7 4 2 5 3 0 9 8 1]
 [3 0 9 7 2 8 4 6 5]]
Number of cells unfilled: 10
Accuracy: 87.65432098765432
Sample: 41635
Question:
[[0 0 0 9 0 0 0 0 0]
 [0 0 0 0 0 0 0 0 8]
 [0 0 7 0 0 5 6 0 0]
 [0 0 4 1 0 9 3 0 0]
 [0 1 0 0 2 0 0 0 0]
 [0 0 9 0 0 6 4 0 0]
 [0 0 6 5 0 0 0 4 3]
 [0 7 0 0 0 3 0 6 0]
 [9 0 0 6 0 0 5 0 0]]
Solution:
[[2 1 8 4 5 6 3 9 7]
 [9 7 6 1 8 2 0 5 4]
 [5 4 0 0 9 3 2 1 6]
 [8 9 7 3 6 1 5 4 0]
 [4 3 5 8 7 9 6 2 0]
 [1 6 0 2 4 5 8 7 3]
 [6 5 0 9 1 4 7 3 2]
 [7 0 2 5 3 0 9 8 1]
 [3 0 9 7 2 8 4 6 5]]
Number of cells unfilled: 10
Accuracy: 87.65432098765432
Sample: 41636
Question:
[[0 6 0 0 8 0 0 0 0]
 [9 0 0 0 0 4 2 8 0]
 [0 0 7 0 0 9 0 0 4]
 [6 0 0 0 4 0 0 0 9]
 [0 0 0 0 0 7 0 0 0]
 [0 0 0 9 0 0 0 3 0]
 [0 5 0 1 0 0 0 0 0]
 [7 0 0 0 9 0 0 0 2]
 [2 0 0 0 7 5 0 0 8]]
Solution:
[[7 1 8 4 5 6 3 2 9]
 [9 0 6 1 8 2 0 5 4]
 [5 2 4 0 9 3 0 1 6]
 [8 9 7 3 6 1 5 4 2]
 [4 3 5 8 7 9 6 0 0]
 [1 6 0 2 4 5 8 7 3]
 [6 5 0 9 1 4 7 3 8]
 [0 8 2 5 3 0 9 0 1]
 [3 0 9 7 2 8 4 6 5]]
Number of cells unfilled: 12
Accuracy: 85.18518518518519
Sample: 41637
Question:
[[0 0 1 0 0 0 6 8 0]
 [9 0 0 5 0 0 3 0 0]
 [0 3 0 0 0 0 0 0 7]
 [0 0 9 0 6 0 2 0 0]
 [0 0 0 7 3 0 0 1 0]
 [6 0 0 4 9 0 5 0 0]
 [0 4 0 0 0 0 0 5 0]
 [1 0 3 0 4 0 0 0 0]
 [0 0 0 0 0 0 0 6 0]]
Solution:
[[7 1 8 4 5 6 3 2 9]
 [9 0 6 1 8 2 0 5 4]
 [5 2 4 0 9 3 0 1 6]
 [8 9 7 3 6 1 5 4 2]
 [4 3 5 8 7 9 6 0 0]
 [1 6 0 2 4 5 8 7 3]
 [6 5 0 9 1 4 7 3 8]
 [0 7 2 5 3 0 9 0 1]
 [3 0 9 7 2 8 4 6 5]]
Number of cells unfilled: 12
Accuracy: 85.18518518518519
Sample: 41638
Question:
[[3 0 0 0 0 4 0 1 0]
 [0 6 4 9 3 0 0 0 0]
 [2 0 7 0 0 0 0 0 0]
 [9 0 0 2 0 0 5 0 6]
 [0 7 0 0 0 5 0 0 2]
 [0 0 0 0 0 0 1 9 0]
 [8 0 0 4 0 0 0 5 0]
 [0 1 0 7 0 0 3 0 0]
 [0 0 0 0 8 3 6 0 0]]
Solution:
[[2 1 8 4 5 6 3 9 7]
 [9 0 6 1 0 2 0 5 4]
 [5 7 4 0 8 3 2 1 6]
 [8 9 7 3 6 1 5 4 2]
 [4 3 5 8 7 9 6 0 0]
 [1 6 0 2 4 5 8 7 3]
 [6 5 0 9 1 4 7 3 8]
 [7 4 2 5 3 0 9 0 1]
 [3 0 9 7 2 8 4 6 5]]
Number of cells unfilled: 11
Accuracy: 86.41975308641975
Sample: 41639
Question:
[[0 0 0 0 8 0 0 0 0]
 [0 0 2 0 3 0 0 0 7]
 [0 7 0 5 0 2 0 0 0]
 [0 0 9 0 0 1 5 0 0]
 [0 0 8 4 0 0 6 0 0]
 [0 0 0 0 6 3 0 8 0]
 [3 0 0 0 5 8 0 0 0]
 [2 1 0 9 0 0 0 0 0]
 [4 0 5 0 0 6 0 1 0]]
Solution:
[[2 1 8 4 5 6 3 9 7]
 [9 7 6 1 8 2 0 5 4]
 [5 0 4 0 9 3 2 1 6]
 [8 9 7 3 6 1 5 4 2]
 [4 3 5 8 7 9 6 0 0]
 [1 6 0 2 4 5 8 7 3]
 [6 5 0 9 1 4 7 3 8]
 [7 4 2 5 3 0 9 0 1]
 [3 0 9 7 2 8 4 6 5]]
Number of cells unfilled: 10
Accuracy: 87.65432098765432
Sample: 41640
Question:
[[0 0 0 0 0 3 6 0 0]
 [0 8 0 5 0 0 0 0 0]
 [0 1 0 4 0 0 0 0 0]
 [0 9 0 0 0 0 0 1 0]
 [3 0 0 0 0 0 0 0 5]
 [0 0 0 0 7 0 0 0 0]
 [7 0 0 0 0 0 5 0 0]
 [0 0 0 0 8 0 0 9 0]
 [0 0 0 0 1 7 0 0 0]]
Solution:
[[2 1 8 4 5 6 3 9 7]
 [9 0 6 1 0 2 0 5 4]
 [5 7 4 0 8 3 2 1 6]
 [8 9 7 3 6 1 5 4 0]
 [4 3 5 8 7 9 6 2 0]
 [1 6 0 2 4 5 8 7 3]
 [6 5 0 9 1 4 7 3 2]
 [7 4 2 5 3 0 9 8 1]
 [3 0 9 7 2 8 4 6 5]]
Number of cells unfilled: 10
Accuracy: 87.65432098765432
Sample: 41641
Question:
[[0 0 0 0 0 9 0 6 0]
 [4 0 0 0 5 0 0 0 8]
 [0 5 0 1 0 0 0 0 0]
 [0 0 5 0 2 0 0 0 3]
 [3 4 0 0 0 7 0 0 0]
 [8 2 0 0 0 0 6 0 0]
 [0 3 0 0 4 0 0 0 2]
 [5 0 0 0 0 1 3 0 0]
 [0 0 0 7 0 0 9 0 0]]
Solution:
[[2 1 8 4 5 6 3 9 7]
 [9 0 6 1 0 2 0 5 4]
 [5 7 4 0 8 3 2 1 6]
 [8 9 7 3 6 1 5 4 2]
 [4 3 5 8 7 9 6 0 0]
 [1 6 0 2 4 5 8 7 3]
 [6 5 0 9 1 4 7 3 8]
 [7 8 2 5 3 0 9 0 1]
 [3 0 9 7 2 8 4 6 5]]
Number of cells unfilled: 11
Accuracy: 86.41975308641975
Sample: 41642
Question:
[[0 0 0 0 9 0 0 8 0]
 [2 0 0 0 0 0 5 0 0]
 [0 0 1 3 0 0 0 0 6]
 [0 0 0 9 0 0 8 0 0]
 [0 7 0 0 0 3 0 2 0]
 [0 0 4 0 6 0 0 0 9]
 [7 0 0 1 4 0 0 0 0]
 [0 0 0 6 0 0 0 5 0]
 [0 0 3 0 0 9 0 0 1]]
Solution:
[[7 1 8 4 5 6 3 2 9]
 [9 0 6 1 8 2 0 5 4]
 [5 2 4 0 9 3 0 1 6]
 [8 9 7 3 6 1 5 4 2]
 [4 3 5 8 7 9 6 0 0]
 [1 6 0 2 4 5 8 7 3]
 [6 5 0 9 1 4 7 3 8]
 [0 7 2 5 3 0 9 0 1]
 [3 0 9 7 2 8 4 6 5]]
Number of cells unfilled: 12
Accuracy: 85.18518518518519
Sample: 41643
Question:
[[0 0 6 0 0 0 2 0 0]
 [0 0 0 0 9 0 0 0 8]
 [5 0 0 0 0 1 0 9 0]
 [0 0 0 0 1 3 4 0 0]
 [3 0 0 9 0 0 0 7 0]
 [0 6 0 0 7 5 0 0 0]
 [7 0 0 0 3 0 0 1 0]
 [0 0 0 0 0 9 8 0 7]
 [0 2 0 0 0 0 0 0 4]]
Solution:
[[7 1 8 4 5 6 3 2 9]
 [9 0 6 1 8 2 0 5 4]
 [5 2 4 0 9 3 0 1 6]
 [8 9 7 3 6 1 5 4 2]
 [4 3 5 8 7 9 6 0 0]
 [1 6 0 2 4 5 8 7 3]
 [6 5 0 9 1 4 7 3 8]
 [0 8 2 5 3 0 9 0 1]
 [3 0 9 7 2 8 4 6 5]]
Number of cells unfilled: 12
Accuracy: 85.18518518518519
Sample: 41644
Question:
[[0 4 2 6 0 0 3 0 0]
 [6 0 0 0 0 0 0 0 0]
 [0 7 3 0 0 2 0 0 6]
 [3 0 0 0 0 7 4 0 0]
 [0 0 0 0 8 0 0 0 0]
 [0 8 0 0 0 0 0 1 0]
 [0 0 9 0 1 0 0 0 5]
 [4 0 0 0 0 6 2 0 0]
 [0 6 0 5 0 0 0 9 0]]
Solution:
[[2 1 8 4 5 6 3 9 7]
 [9 0 6 1 0 2 0 5 4]
 [5 7 4 0 8 3 2 1 6]
 [8 9 7 3 6 1 5 4 0]
 [4 3 5 8 7 9 6 2 0]
 [1 6 0 2 4 5 8 7 3]
 [6 5 0 9 1 4 7 3 2]
 [7 4 2 5 3 0 9 8 1]
 [3 0 9 7 2 8 4 6 5]]
Number of cells unfilled: 10
Accuracy: 87.65432098765432
Sample: 41645
Question:
[[6 0 0 0 5 0 0 0 8]
 [0 0 0 0 1 6 5 0 0]
 [0 0 1 3 0 0 0 7 0]
 [0 2 0 0 0 8 0 0 0]
 [0 0 4 1 0 0 0 9 0]
 [0 0 0 0 9 0 0 0 2]
 [0 0 7 0 0 0 0 0 0]
 [4 9 0 0 0 0 0 3 0]
 [3 1 0 4 0 0 7 0 0]]
Solution:
[[7 1 8 4 5 6 3 2 9]
 [9 0 6 1 8 2 0 5 4]
 [5 2 4 0 9 3 0 1 6]
 [8 9 7 3 6 1 5 4 2]
 [4 3 5 8 7 9 6 0 0]
 [1 6 0 2 4 5 8 7 3]
 [6 5 0 9 1 4 7 3 8]
 [0 7 2 5 3 0 9 0 1]
 [3 0 9 7 2 8 4 6 5]]
Number of cells unfilled: 12
Accuracy: 85.18518518518519
Sample: 41646
Question:
[[0 5 0 0 0 0 0 0 0]
 [6 0 8 0 0 1 9 0 0]
 [4 0 0 0 0 0 0 0 3]
 [0 2 0 0 1 7 0 0 0]
 [8 0 4 9 0 0 7 0 0]
 [0 0 0 0 4 8 0 0 6]
 [2 0 0 1 0 0 0 0 9]
 [0 0 0 0 0 9 0 6 0]
 [1 0 9 0 7 0 4 0 0]]
Solution:
[[2 1 8 4 5 6 3 9 7]
 [9 0 6 1 8 2 0 5 4]
 [5 7 4 0 9 3 2 1 6]
 [8 9 7 3 6 1 5 4 2]
 [4 3 5 8 7 9 6 0 0]
 [1 6 0 2 4 5 8 7 3]
 [6 5 0 9 1 4 7 3 8]
 [7 4 2 5 3 0 9 0 1]
 [3 0 9 7 2 8 4 6 5]]
Number of cells unfilled: 10
Accuracy: 87.65432098765432
Sample: 41647
Question:
[[9 1 0 0 7 2 0 0 0]
 [0 0 3 5 0 0 0 0 0]
 [0 0 0 0 0 9 0 0 0]
 [5 0 6 0 1 0 0 0 7]
 [1 4 0 0 0 7 0 6 9]
 [0 0 9 0 0 5 1 0 2]
 [3 7 0 0 0 0 0 0 5]
 [0 0 0 4 0 0 0 0 0]
 [0 0 0 0 8 0 0 0 3]]
Solution:
[[7 1 8 4 5 6 3 2 9]
 [9 0 6 1 8 2 0 5 4]
 [5 2 4 0 9 3 0 1 6]
 [8 9 7 3 6 1 5 4 2]
 [4 3 5 8 7 9 6 0 0]
 [1 6 0 2 4 5 8 7 3]
 [6 5 0 9 1 4 7 3 8]
 [0 4 2 5 3 0 9 0 1]
 [3 0 9 7 2 8 4 6 5]]
Number of cells unfilled: 12
Accuracy: 85.18518518518519
Sample: 41648
Question:
[[0 1 0 8 0 0 0 4 0]
 [0 0 6 0 0 0 0 8 5]
 [0 0 0 0 6 0 1 0 0]
 [0 0 0 0 3 0 0 0 0]
 [0 0 8 6 0 0 5 0 0]
 [0 2 0 0 0 0 0 3 1]
 [7 9 0 4 2 0 0 0 0]
 [0 0 5 1 0 0 4 0 0]
 [0 0 0 0 0 9 0 0 7]]
Solution:
[[2 1 8 4 5 6 3 9 7]
 [9 0 6 1 0 2 0 5 4]
 [5 7 4 0 8 3 2 1 6]
 [8 9 7 3 6 1 5 4 0]
 [4 3 5 8 7 9 6 2 0]
 [1 6 0 2 4 5 8 7 3]
 [6 5 0 9 1 4 7 3 2]
 [7 4 2 5 3 0 9 8 1]
 [3 0 9 7 2 8 4 6 5]]
Number of cells unfilled: 10
Accuracy: 87.65432098765432
Sample: 41649
Question:
[[2 6 0 0 0 0 0 0 0]
 [0 0 5 0 9 0 0 2 0]
 [0 7 0 0 0 3 6 0 0]
 [0 0 2 0 4 0 0 5 0]
 [3 1 0 7 0 0 0 0 0]
 [0 0 0 0 0 0 0 0 1]
 [0 4 0 0 8 0 5 0 2]
 [0 0 0 9 0 4 0 8 0]
 [0 0 8 0 0 0 0 0 0]]
Solution:
[[2 1 8 4 5 6 3 9 7]
 [9 7 6 1 8 2 0 5 4]
 [5 0 4 0 9 3 2 1 6]
 [8 9 7 3 6 1 5 4 0]
 [4 3 5 8 7 9 6 2 0]
 [1 6 0 2 4 5 8 7 3]
 [6 5 0 9 1 4 7 3 2]
 [7 4 2 5 3 0 9 8 1]
 [3 0 9 7 2 8 4 6 5]]
Number of cells unfilled: 9
Accuracy: 88.88888888888889
Sample: 41650
Question:
[[9 0 0 3 0 6 0 2 0]
 [0 8 0 0 7 0 0 0 0]
 [0 0 3 5 0 0 0 0 4]
 [1 0 0 0 0 0 2 0 0]
 [0 0 4 0 2 0 6 0 0]
 [0 0 0 0 0 0 0 0 0]
 [3 0 1 9 0 0 0 8 0]
 [8 9 0 0 0 4 0 0 5]
 [0 0 0 8 0 5 3 0 2]]
Solution:
[[2 1 8 4 5 6 3 9 7]
 [9 7 6 1 8 2 0 5 4]
 [5 0 4 0 9 3 2 1 6]
 [8 9 7 3 6 1 5 4 0]
 [4 3 5 8 7 9 6 2 0]
 [1 6 0 2 4 5 8 7 3]
 [6 5 0 9 1 4 7 3 2]
 [7 4 2 5 3 0 9 8 1]
 [3 0 9 7 2 8 4 6 5]]
Number of cells unfilled: 9
Accuracy: 88.88888888888889
Sample: 41651
Question:
[[0 7 0 0 6 0 0 0 3]
 [0 0 1 2 0 0 0 6 0]
 [6 0 0 0 0 9 0 2 0]
 [0 4 0 0 2 7 0 0 1]
 [7 0 0 9 0 0 0 4 0]
 [0 0 8 0 0 0 7 0 0]
 [5 0 0 0 9 0 0 7 0]
 [0 0 0 0 0 5 3 0 0]
 [0 0 0 4 0 0 0 0 8]]
Solution:
[[2 1 8 4 5 6 3 9 7]
 [9 0 6 1 0 2 0 5 4]
 [5 7 4 0 8 3 2 1 6]
 [8 9 7 3 6 1 5 4 0]
 [4 3 5 8 7 9 6 2 0]
 [1 6 0 2 4 5 8 7 3]
 [6 5 0 9 1 4 7 3 2]
 [7 4 2 5 3 0 9 8 1]
 [3 0 9 7 2 8 4 6 5]]
Number of cells unfilled: 10
Accuracy: 87.65432098765432
Sample: 41652
Question:
[[0 0 5 0 0 0 0 0 7]
 [8 0 0 0 6 0 0 2 0]
 [0 4 0 0 0 0 1 0 0]
 [0 0 4 8 3 0 0 0 0]
 [3 0 0 0 0 2 0 9 0]
 [0 0 0 6 9 0 0 0 0]
 [0 0 0 3 0 0 0 6 0]
 [0 7 0 0 0 6 5 0 0]
 [0 0 1 0 2 0 0 0 4]]
Solution:
[[2 1 8 4 5 6 3 9 7]
 [9 0 6 1 8 2 0 5 4]
 [5 7 4 0 9 3 2 1 6]
 [8 9 7 3 6 1 5 4 2]
 [4 3 5 8 7 9 6 0 0]
 [1 6 0 2 4 5 8 7 3]
 [6 5 0 9 1 4 7 3 8]
 [7 4 2 5 3 0 9 0 1]
 [3 0 9 7 2 8 4 6 5]]
Number of cells unfilled: 10
Accuracy: 87.65432098765432
Sample: 41653
Question:
[[0 0 0 9 0 0 6 0 0]
 [9 0 0 6 0 4 7 1 0]
 [4 0 5 0 0 0 0 0 0]
 [0 0 4 5 0 0 0 7 3]
 [2 0 6 0 0 0 0 0 0]
 [0 1 0 0 0 0 0 9 0]
 [6 0 0 7 0 8 3 0 0]
 [0 3 0 0 9 0 0 6 0]
 [0 0 0 0 0 0 0 0 2]]
Solution:
[[2 1 8 4 5 6 3 9 7]
 [9 0 6 1 0 2 0 5 4]
 [5 7 4 0 8 3 2 1 6]
 [8 9 7 3 6 1 5 4 0]
 [4 3 5 8 7 9 6 2 0]
 [1 6 0 2 4 5 8 7 3]
 [6 5 0 9 1 4 7 3 2]
 [7 4 2 5 3 0 9 8 1]
 [3 0 9 7 2 8 4 6 5]]
Number of cells unfilled: 10
Accuracy: 87.65432098765432
Sample: 41654
Question:
[[0 0 0 0 0 0 0 0 5]
 [0 0 0 0 4 6 0 7 0]
 [0 4 0 0 0 0 0 0 1]
 [0 9 2 0 0 3 0 0 0]
 [6 7 0 4 0 2 0 9 0]
 [4 0 3 7 0 0 0 0 0]
 [3 0 0 0 0 9 0 0 0]
 [0 2 7 6 0 0 0 3 0]
 [0 0 4 2 0 0 6 0 7]]
Solution:
[[0 1 8 4 5 6 3 2 7]
 [9 7 6 1 8 2 0 5 4]
 [5 2 4 0 9 3 0 1 6]
 [8 9 7 3 6 1 5 4 2]
 [4 3 5 8 7 9 6 0 0]
 [1 6 0 2 4 5 8 7 3]
 [6 5 0 9 1 4 7 3 8]
 [7 8 2 5 3 0 9 0 1]
 [3 0 9 7 2 8 4 6 5]]
Number of cells unfilled: 11
Accuracy: 86.41975308641975
Sample: 41655
Question:
[[0 0 0 0 0 0 7 0 3]
 [4 0 0 0 0 8 0 0 0]
 [0 1 0 6 0 0 0 4 0]
 [0 0 0 0 4 0 0 2 0]
 [6 5 0 0 1 0 0 8 0]
 [0 2 4 8 0 5 0 0 0]
 [1 0 0 5 0 0 2 0 0]
 [5 0 6 4 0 2 0 0 0]
 [0 8 2 0 6 0 0 0 0]]
Solution:
[[7 1 8 4 5 6 3 2 9]
 [9 0 6 1 8 2 0 5 4]
 [5 2 4 0 9 3 0 1 6]
 [8 9 7 3 6 1 5 4 2]
 [4 3 5 8 7 9 6 0 0]
 [1 6 0 2 4 5 8 7 3]
 [6 5 0 9 1 4 7 3 8]
 [0 8 2 5 3 0 9 0 1]
 [3 0 9 7 2 8 4 6 5]]
Number of cells unfilled: 12
Accuracy: 85.18518518518519
Sample: 41656
Question:
[[0 0 0 0 0 2 0 0 3]
 [0 0 0 0 0 0 4 8 0]
 [5 0 4 3 8 0 6 0 0]
 [0 0 7 0 0 0 0 0 0]
 [0 4 0 6 0 0 0 0 0]
 [3 0 1 0 0 0 0 0 0]
 [4 0 6 5 0 3 8 2 0]
 [0 2 0 0 0 8 0 0 5]
 [0 0 0 0 4 0 3 0 6]]
Solution:
[[2 1 8 4 5 6 3 9 7]
 [9 0 6 1 8 2 0 5 4]
 [5 7 4 0 9 3 2 1 6]
 [8 9 7 3 6 1 5 4 2]
 [4 3 5 8 7 9 6 0 0]
 [1 6 0 2 4 5 8 7 3]
 [6 5 0 9 1 4 7 3 8]
 [7 8 2 5 3 0 9 0 1]
 [3 0 9 7 2 8 4 6 5]]
Number of cells unfilled: 10
Accuracy: 87.65432098765432
Sample: 41657
Question:
[[0 0 0 0 0 3 0 0 0]
 [0 0 0 0 2 5 0 0 0]
 [0 0 0 0 0 0 0 1 7]
 [0 1 0 9 0 0 7 4 0]
 [0 7 2 0 0 0 6 0 0]
 [9 0 4 0 6 0 0 2 1]
 [0 0 7 0 1 6 4 0 2]
 [0 2 0 0 0 0 0 9 0]
 [4 0 6 0 0 0 0 0 0]]
Solution:
[[2 1 8 4 5 6 3 9 7]
 [9 0 6 1 8 2 0 5 4]
 [5 7 4 0 9 3 2 1 6]
 [8 9 7 3 6 1 5 4 0]
 [4 3 5 8 7 9 6 2 0]
 [1 6 0 2 4 5 8 7 3]
 [6 5 0 9 1 4 7 3 2]
 [7 4 2 5 3 0 9 8 1]
 [3 0 9 7 2 8 4 6 5]]
Number of cells unfilled: 9
Accuracy: 88.88888888888889
Sample: 41658
Question:
[[0 0 0 0 6 0 0 0 9]
 [0 0 0 7 1 0 0 2 6]
 [0 0 0 0 0 2 8 7 0]
 [0 0 0 6 8 0 7 1 0]
 [0 8 0 0 0 9 6 0 2]
 [0 7 0 0 0 0 0 0 0]
 [0 0 0 0 2 0 9 0 0]
 [4 0 5 1 0 0 0 0 0]
 [2 0 0 8 0 0 0 0 1]]
Solution:
[[2 1 8 4 5 6 3 9 7]
 [9 0 6 1 8 2 0 5 4]
 [5 7 4 0 9 3 2 1 6]
 [8 9 7 3 6 1 5 4 0]
 [4 3 5 8 7 9 6 2 0]
 [1 6 0 2 4 5 8 7 3]
 [6 5 0 9 1 4 7 3 2]
 [7 4 2 5 3 0 9 8 1]
 [3 0 9 7 2 8 4 6 5]]
Number of cells unfilled: 9
Accuracy: 88.88888888888889
Sample: 41659
Question:
[[0 0 0 0 6 0 0 9 0]
 [0 0 7 4 0 0 6 0 2]
 [0 0 5 0 0 0 0 0 7]
 [0 0 0 0 0 2 4 0 0]
 [1 3 0 0 9 0 0 0 5]
 [0 0 0 0 7 0 0 0 9]
 [0 5 0 0 0 6 0 0 4]
 [0 0 0 2 0 0 7 0 0]
 [0 0 0 0 5 9 0 2 6]]
Solution:
[[2 1 8 4 5 6 3 9 7]
 [9 7 6 1 8 2 0 5 4]
 [5 0 4 0 9 3 2 1 6]
 [8 9 7 3 6 1 5 4 2]
 [4 3 5 8 7 9 6 0 0]
 [1 6 0 2 4 5 8 7 3]
 [6 5 0 9 1 4 7 3 8]
 [7 8 2 5 3 0 9 0 1]
 [3 0 9 7 2 8 4 6 5]]
Number of cells unfilled: 10
Accuracy: 87.65432098765432
Sample: 41660
Question:
[[0 0 0 8 0 0 9 0 0]
 [0 9 0 4 0 0 0 7 5]
 [5 0 4 0 0 0 1 0 0]
 [8 0 1 0 0 0 7 5 0]
 [0 0 5 0 8 0 0 0 0]
 [9 7 0 0 0 0 0 0 4]
 [4 0 0 0 0 0 0 1 0]
 [1 0 0 0 6 3 0 8 0]
 [0 0 7 0 0 0 0 0 9]]
Solution:
[[2 1 8 4 5 6 3 9 7]
 [9 0 6 1 0 2 0 5 4]
 [5 7 4 0 8 3 2 1 6]
 [8 9 7 3 6 1 5 4 2]
 [4 3 5 8 7 9 6 0 0]
 [1 6 0 2 4 5 8 7 3]
 [6 5 0 9 1 4 7 3 8]
 [7 4 2 5 3 0 9 0 1]
 [3 0 9 7 2 8 4 6 5]]
Number of cells unfilled: 11
Accuracy: 86.41975308641975
Sample: 41661
Question:
[[0 0 0 9 0 1 0 0 0]
 [0 0 0 7 0 0 0 0 0]
 [0 0 0 0 4 0 0 2 0]
 [2 0 1 0 0 0 0 0 4]
 [8 0 0 0 6 0 5 0 2]
 [0 6 5 0 0 4 1 8 0]
 [0 0 2 4 0 8 0 0 5]
 [0 5 4 0 1 0 0 0 0]
 [1 0 0 0 0 0 6 0 0]]
Solution:
[[7 1 8 4 5 6 3 2 9]
 [9 0 6 1 8 2 0 5 4]
 [5 2 4 0 9 3 0 1 6]
 [8 9 7 3 6 1 5 4 2]
 [4 3 5 8 7 9 6 0 0]
 [1 6 0 2 4 5 8 7 3]
 [6 5 0 9 1 4 7 3 8]
 [0 8 2 5 3 0 9 0 1]
 [3 0 9 7 2 8 4 6 5]]
Number of cells unfilled: 12
Accuracy: 85.18518518518519
Sample: 41662
Question:
[[0 0 1 0 5 3 2 0 7]
 [3 0 7 0 0 2 0 0 0]
 [0 5 0 9 0 0 0 0 0]
 [0 1 5 0 0 7 0 0 0]
 [0 2 0 3 0 1 0 9 0]
 [9 0 3 5 0 0 7 0 0]
 [0 0 0 0 0 0 0 0 8]
 [0 0 0 0 0 0 5 0 4]
 [0 0 0 2 1 0 0 0 0]]
Solution:
[[7 1 8 4 5 6 3 2 9]
 [9 0 6 1 8 2 0 5 4]
 [5 2 4 0 9 3 0 1 6]
 [8 9 7 3 6 1 5 4 2]
 [4 3 5 8 7 9 6 0 0]
 [1 6 0 2 4 5 8 7 3]
 [6 5 0 9 1 4 7 3 8]
 [0 8 2 5 3 0 9 0 1]
 [3 0 9 7 2 8 4 6 5]]
Number of cells unfilled: 12
Accuracy: 85.18518518518519
Sample: 41663
Question:
[[0 0 2 0 3 0 0 4 0]
 [1 0 0 5 0 6 0 0 0]
 [0 0 0 0 0 0 9 0 0]
 [9 0 0 0 1 0 0 0 3]
 [4 0 8 0 9 0 0 0 2]
 [0 3 0 0 0 0 8 0 0]
 [2 0 3 0 0 1 0 8 0]
 [0 0 9 0 0 0 0 0 4]
 [8 4 0 0 0 0 1 3 0]]
Solution:
[[2 1 8 4 5 6 3 9 7]
 [9 7 6 1 8 2 0 5 4]
 [5 4 0 0 9 3 2 1 6]
 [8 9 7 3 6 1 5 4 0]
 [4 3 5 8 7 9 6 2 0]
 [1 6 0 2 4 5 8 7 3]
 [6 5 0 9 1 4 7 3 2]
 [7 0 2 5 3 0 9 8 1]
 [3 0 9 7 2 8 4 6 5]]
Number of cells unfilled: 10
Accuracy: 87.65432098765432
Sample: 41664
Question:
[[0 0 2 0 8 0 0 7 0]
 [9 1 0 0 0 0 0 0 0]
 [0 0 0 0 0 6 2 0 0]
 [0 0 0 8 0 0 0 6 5]
 [0 0 0 0 2 5 3 0 8]
 [0 5 0 0 3 0 7 0 0]
 [0 0 6 7 0 0 8 3 0]
 [0 0 5 2 0 0 6 0 0]
 [0 0 0 0 0 3 0 5 2]]
Solution:
[[2 1 8 4 5 6 3 9 7]
 [9 0 6 1 8 2 0 5 4]
 [5 7 4 0 9 3 2 1 6]
 [8 9 7 3 6 1 5 4 2]
 [4 3 5 8 7 9 6 0 0]
 [1 6 0 2 4 5 8 7 3]
 [6 5 0 9 1 4 7 3 8]
 [7 8 2 5 3 0 9 0 1]
 [3 0 9 7 2 8 4 6 5]]
Number of cells unfilled: 10
Accuracy: 87.65432098765432
Sample: 41665
Question:
[[0 0 3 8 5 0 0 2 0]
 [0 0 0 2 0 3 0 7 0]
 [5 0 0 0 0 6 0 0 0]
 [0 8 0 0 3 0 0 0 0]
 [6 0 0 7 0 0 4 0 1]
 [2 0 0 6 0 0 0 0 0]
 [3 0 8 0 2 0 0 0 0]
 [7 6 0 5 0 8 0 0 0]
 [0 5 0 0 0 0 0 0 7]]
Solution:
[[2 1 8 4 5 6 3 9 7]
 [9 0 6 1 0 2 0 5 4]
 [5 7 4 0 8 3 2 1 6]
 [8 9 7 3 6 1 5 4 2]
 [4 3 5 8 7 9 6 0 0]
 [1 6 0 2 4 5 8 7 3]
 [6 5 0 9 1 4 7 3 8]
 [7 8 2 5 3 0 9 0 1]
 [3 0 9 7 2 8 4 6 5]]
Number of cells unfilled: 11
Accuracy: 86.41975308641975
Sample: 41666
Question:
[[0 0 5 0 8 2 0 0 0]
 [4 0 0 3 0 1 0 0 0]
 [0 3 2 4 5 0 0 0 0]
 [0 0 0 0 1 0 3 0 0]
 [8 0 0 0 4 5 0 0 0]
 [0 5 0 2 0 0 0 0 0]
 [0 1 0 0 0 0 0 0 4]
 [5 0 0 0 0 0 0 7 9]
 [0 0 4 0 0 8 2 0 0]]
Solution:
[[2 1 8 4 5 6 3 9 7]
 [9 0 6 1 8 2 0 5 4]
 [5 7 4 0 9 3 2 1 6]
 [8 9 7 3 6 1 5 4 0]
 [4 3 5 8 7 9 6 2 0]
 [1 6 0 2 4 5 8 7 3]
 [6 5 0 9 1 4 7 3 2]
 [7 4 2 5 3 0 9 8 1]
 [3 0 9 7 2 8 4 6 5]]
Number of cells unfilled: 9
Accuracy: 88.88888888888889
Sample: 41667
Question:
[[0 0 5 3 0 8 0 0 0]
 [1 8 0 0 9 5 0 0 0]
 [9 0 0 1 2 0 8 0 0]
 [0 0 0 0 0 0 7 4 0]
 [0 3 0 0 0 0 0 0 0]
 [5 0 0 2 0 0 0 0 1]
 [0 0 1 0 0 0 0 0 8]
 [0 0 2 9 5 0 0 0 3]
 [3 9 0 8 0 1 0 0 0]]
Solution:
[[0 1 8 4 9 6 3 2 7]
 [9 7 6 1 8 2 0 5 4]
 [5 4 0 0 0 3 0 1 6]
 [8 9 7 3 6 1 5 4 2]
 [4 3 5 8 7 9 6 0 0]
 [1 6 0 2 4 5 8 7 3]
 [6 5 0 9 1 4 7 3 8]
 [7 8 2 5 3 0 9 0 1]
 [3 0 9 7 2 8 4 6 5]]
Number of cells unfilled: 13
Accuracy: 83.9506172839506
Sample: 41668
Question:
[[0 0 6 5 0 0 0 0 4]
 [0 4 0 0 7 0 2 1 0]
 [0 8 0 0 4 0 6 0 0]
 [5 0 0 3 6 0 0 0 0]
 [0 3 0 0 0 4 0 0 0]
 [0 0 0 0 8 0 0 0 7]
 [0 7 4 0 3 6 0 0 0]
 [6 0 0 8 0 0 0 0 0]
 [0 0 3 0 5 0 7 0 0]]
Solution:
[[2 1 8 4 5 6 3 9 7]
 [9 0 6 1 8 2 0 5 4]
 [5 7 4 0 9 3 2 1 6]
 [8 9 7 3 6 1 5 4 0]
 [4 3 5 8 7 9 6 2 0]
 [1 6 0 2 4 5 8 7 3]
 [6 5 0 9 1 4 7 3 2]
 [7 4 2 5 3 0 9 8 1]
 [3 0 9 7 2 8 4 6 5]]
Number of cells unfilled: 9
Accuracy: 88.88888888888889
Sample: 41669
Question:
[[0 0 8 0 0 0 2 0 5]
 [3 0 0 0 0 0 0 6 0]
 [1 2 0 0 0 0 8 3 0]
 [0 3 0 0 0 0 1 0 0]
 [0 0 6 0 0 0 0 8 3]
 [0 0 1 2 0 0 0 5 0]
 [0 5 0 0 8 0 0 1 0]
 [0 0 0 0 7 4 0 2 0]
 [8 0 0 1 0 0 0 0 6]]
Solution:
[[2 1 8 4 5 6 3 9 7]
 [9 7 6 1 8 2 0 5 4]
 [5 0 4 0 9 3 2 1 6]
 [8 9 7 3 6 1 5 4 0]
 [4 3 5 8 7 9 6 2 0]
 [1 6 0 2 4 5 8 7 3]
 [6 5 0 9 1 4 7 3 2]
 [7 4 2 5 3 0 9 8 1]
 [3 0 9 7 2 8 4 6 5]]
Number of cells unfilled: 9
Accuracy: 88.88888888888889
Sample: 41670
Question:
[[0 2 0 0 0 0 3 0 0]
 [7 8 0 0 4 0 0 0 0]
 [0 0 5 7 0 0 0 0 0]
 [0 0 0 0 7 0 0 9 1]
 [0 5 0 2 0 0 0 8 0]
 [4 0 0 0 0 8 5 0 0]
 [0 4 0 0 0 7 0 0 0]
 [2 0 3 0 8 0 0 0 0]
 [0 7 8 3 0 5 0 0 0]]
Solution:
[[0 1 8 4 5 6 3 2 7]
 [9 7 6 1 8 2 0 5 4]
 [5 2 4 0 9 3 0 1 6]
 [8 9 7 3 6 1 5 4 2]
 [4 3 5 8 7 9 6 0 0]
 [1 6 0 2 4 5 8 7 3]
 [6 5 0 9 1 4 7 3 8]
 [7 4 2 5 3 0 9 0 1]
 [3 0 9 7 2 8 4 6 5]]
Number of cells unfilled: 11
Accuracy: 86.41975308641975
Sample: 41671
Question:
[[0 2 9 5 0 0 0 0 0]
 [6 0 5 0 9 3 0 0 0]
 [1 0 0 0 0 6 0 0 0]
 [0 0 3 0 0 0 0 0 0]
 [5 6 0 1 0 0 0 0 0]
 [2 0 0 0 5 0 0 9 0]
 [3 0 0 0 2 0 5 0 0]
 [0 1 0 0 0 0 0 3 0]
 [0 0 0 6 0 0 8 0 4]]
Solution:
[[7 1 8 4 5 6 3 2 9]
 [9 0 6 1 8 2 0 5 4]
 [5 2 4 0 9 3 0 1 6]
 [8 9 7 3 6 1 5 4 2]
 [4 3 5 8 7 9 6 0 0]
 [1 6 0 2 4 5 8 7 3]
 [6 5 0 9 1 4 7 3 8]
 [0 7 2 5 3 0 9 0 1]
 [3 0 9 7 2 8 4 6 5]]
Number of cells unfilled: 12
Accuracy: 85.18518518518519
Sample: 41672
Question:
[[0 3 0 0 0 0 0 0 0]
 [0 0 8 0 0 6 0 0 0]
 [2 9 0 0 0 0 0 0 0]
 [0 0 4 6 5 0 0 1 0]
 [8 0 0 0 2 1 4 0 5]
 [0 0 0 8 0 0 0 6 2]
 [0 0 0 0 0 0 5 0 8]
 [1 0 0 5 0 2 0 0 6]
 [0 0 0 0 4 8 0 2 0]]
Solution:
[[7 1 8 4 5 6 3 2 9]
 [9 0 6 1 8 2 0 5 4]
 [5 2 4 0 9 3 0 1 6]
 [8 9 7 3 6 1 5 4 2]
 [4 3 5 8 7 9 6 0 0]
 [1 6 0 2 4 5 8 7 3]
 [6 5 0 9 1 4 7 3 8]
 [0 7 2 5 3 0 9 0 1]
 [3 0 9 7 2 8 4 6 5]]
Number of cells unfilled: 12
Accuracy: 85.18518518518519
Sample: 41673
Question:
[[0 3 0 7 2 0 8 0 0]
 [0 7 1 6 0 0 0 0 0]
 [8 0 2 0 1 3 0 6 0]
 [2 0 6 0 0 0 1 0 0]
 [0 0 7 2 0 0 0 3 6]
 [0 1 0 0 8 0 0 0 0]
 [0 0 0 0 0 0 0 0 4]
 [0 0 0 0 3 7 0 0 0]
 [0 0 0 0 0 0 0 1 5]]
Solution:
[[7 1 8 4 5 6 3 2 9]
 [9 0 6 1 8 2 0 5 4]
 [5 2 4 0 9 3 0 1 6]
 [8 9 7 3 6 1 5 4 2]
 [4 3 5 8 7 9 6 0 0]
 [1 6 0 2 4 5 8 7 3]
 [6 5 0 9 1 4 7 3 8]
 [0 8 2 5 3 0 9 0 1]
 [3 0 9 7 2 8 4 6 5]]
Number of cells unfilled: 12
Accuracy: 85.18518518518519
Sample: 41674
Question:
[[0 4 0 0 0 0 2 8 0]
 [0 0 9 3 0 0 0 4 1]
 [0 0 2 8 0 0 0 0 3]
 [2 8 0 0 0 0 1 0 4]
 [0 0 1 0 0 0 8 3 0]
 [4 0 0 0 0 8 0 2 9]
 [0 0 0 0 6 7 0 0 0]
 [0 3 0 0 0 0 0 0 0]
 [1 0 0 2 0 0 0 9 0]]
Solution:
[[7 1 8 4 5 6 3 2 9]
 [9 0 6 1 8 2 0 5 4]
 [5 2 4 0 9 3 0 1 6]
 [8 9 7 3 6 1 5 4 2]
 [4 3 5 8 7 9 6 0 0]
 [1 6 0 2 4 5 8 7 3]
 [6 5 0 9 1 4 7 3 8]
 [0 4 2 5 3 0 9 0 1]
 [3 0 9 7 2 8 4 6 5]]
Number of cells unfilled: 12
Accuracy: 85.18518518518519
Sample: 41675
Question:
[[0 6 9 0 5 0 0 4 0]
 [0 0 7 0 0 8 0 0 0]
 [8 5 0 4 9 0 0 0 0]
 [0 0 0 7 0 0 0 0 0]
 [0 0 6 0 8 0 9 0 0]
 [0 4 0 9 0 0 0 3 1]
 [9 0 0 5 0 0 0 0 0]
 [0 8 5 0 0 6 7 0 0]
 [0 7 0 0 0 0 4 0 0]]
Solution:
[[0 1 8 4 5 6 3 2 7]
 [9 7 6 1 8 2 0 5 4]
 [5 4 0 0 9 3 0 1 6]
 [8 9 7 3 6 1 5 4 2]
 [4 3 5 8 7 9 6 0 0]
 [1 6 0 2 4 5 8 7 3]
 [6 5 0 9 1 4 7 3 8]
 [7 8 2 5 3 0 9 0 1]
 [3 0 9 7 2 8 4 6 5]]
Number of cells unfilled: 12
Accuracy: 85.18518518518519
Sample: 41676
Question:
[[0 7 0 3 0 0 6 0 0]
 [0 0 0 0 9 0 0 3 0]
 [4 0 0 0 6 0 0 8 2]
 [7 6 0 1 0 0 0 4 0]
 [1 0 3 6 4 0 0 0 0]
 [0 9 0 0 0 3 0 0 0]
 [9 0 0 0 0 0 4 0 0]
 [3 1 0 0 0 7 0 0 0]
 [0 0 6 0 1 0 0 0 0]]
Solution:
[[7 1 8 4 5 6 3 2 9]
 [9 0 6 1 8 2 0 5 4]
 [5 2 4 0 9 3 0 1 6]
 [8 9 7 3 6 1 5 4 2]
 [4 3 5 8 7 9 6 0 0]
 [1 6 0 2 4 5 8 7 3]
 [6 5 0 9 1 4 7 3 8]
 [0 4 2 5 3 0 9 0 1]
 [3 0 9 7 2 8 4 6 5]]
Number of cells unfilled: 12
Accuracy: 85.18518518518519
Sample: 41677
Question:
[[0 8 1 0 9 0 0 0 0]
 [0 0 0 0 6 0 0 0 0]
 [9 0 0 0 0 3 0 7 0]
 [4 0 0 0 0 0 0 0 6]
 [6 0 0 7 0 0 0 5 3]
 [0 0 0 0 5 0 9 4 0]
 [0 0 0 0 4 9 3 0 5]
 [0 0 4 0 0 5 0 9 7]
 [0 0 0 3 0 0 4 6 0]]
Solution:
[[0 1 8 4 9 6 3 2 7]
 [9 7 6 1 8 2 0 5 4]
 [5 2 4 0 0 3 0 1 6]
 [8 9 7 3 6 1 5 4 2]
 [4 3 5 8 7 9 6 0 0]
 [1 6 0 2 4 5 8 7 3]
 [6 5 0 9 1 4 7 3 8]
 [7 4 2 5 3 0 9 0 1]
 [3 0 9 7 2 8 4 6 5]]
Number of cells unfilled: 12
Accuracy: 85.18518518518519
Sample: 41678
Question:
[[0 9 5 0 0 0 0 1 0]
 [3 0 1 0 0 0 6 0 0]
 [4 0 0 0 0 5 0 3 0]
 [6 0 0 0 0 0 0 0 1]
 [1 3 0 0 0 0 0 5 9]
 [0 5 4 0 0 0 3 0 0]
 [0 0 0 8 7 0 0 9 0]
 [9 0 0 3 0 0 0 4 0]
 [0 0 6 0 0 9 0 0 0]]
Solution:
[[2 1 8 4 5 6 3 9 7]
 [9 7 6 1 8 2 0 5 4]
 [5 4 0 0 9 3 2 1 6]
 [8 9 7 3 6 1 5 4 0]
 [4 3 5 8 7 9 6 2 0]
 [1 6 0 2 4 5 8 7 3]
 [6 5 0 9 1 4 7 3 2]
 [7 0 2 5 3 0 9 8 1]
 [3 0 9 7 2 8 4 6 5]]
Number of cells unfilled: 10
Accuracy: 87.65432098765432
Sample: 41679
Question:
[[2 0 0 0 0 0 0 0 0]
 [4 0 0 0 8 7 0 5 0]
 [0 0 0 1 0 0 4 0 8]
 [0 2 0 0 1 5 8 0 0]
 [0 0 0 0 4 0 0 7 0]
 [0 0 0 7 0 8 1 0 2]
 [0 0 0 0 0 0 0 0 4]
 [1 0 0 0 5 0 7 0 0]
 [0 6 3 0 0 2 0 0 1]]
Solution:
[[2 1 8 4 5 6 3 9 7]
 [9 7 6 1 8 2 0 5 4]
 [5 4 0 0 9 3 2 1 6]
 [8 9 7 3 6 1 5 4 0]
 [4 3 5 8 7 9 6 2 0]
 [1 6 0 2 4 5 8 7 3]
 [6 5 0 9 1 4 7 3 2]
 [7 0 2 5 3 0 9 8 1]
 [3 0 9 7 2 8 4 6 5]]
Number of cells unfilled: 10
Accuracy: 87.65432098765432
Sample: 41680
Question:
[[2 0 3 5 0 0 7 0 0]
 [0 0 0 0 0 1 0 0 9]
 [0 1 0 2 7 0 3 0 0]
 [8 0 0 0 0 0 0 0 0]
 [6 0 0 0 5 0 0 0 0]
 [0 0 0 0 0 0 0 5 3]
 [0 0 2 7 9 0 0 0 1]
 [0 9 0 0 0 3 5 0 7]
 [0 0 0 1 0 5 2 0 0]]
Solution:
[[7 1 8 4 5 6 3 2 9]
 [9 0 6 1 8 2 0 5 4]
 [5 2 4 0 9 3 0 1 6]
 [8 9 7 3 6 1 5 4 2]
 [4 3 5 8 7 9 6 0 0]
 [1 6 0 2 4 5 8 7 3]
 [6 5 0 9 1 4 7 3 8]
 [0 4 2 5 3 0 9 0 1]
 [3 0 9 7 2 8 4 6 5]]
Number of cells unfilled: 12
Accuracy: 85.18518518518519
Sample: 41681
Question:
[[4 0 0 1 0 6 0 9 0]
 [0 6 9 0 4 7 3 0 0]
 [1 7 0 3 0 0 0 0 0]
 [0 0 1 0 0 0 0 0 8]
 [0 0 0 0 1 4 0 0 0]
 [0 0 0 0 0 0 0 0 5]
 [7 0 0 0 0 9 0 0 0]
 [0 1 0 6 0 0 4 0 3]
 [0 3 6 0 0 0 0 7 0]]
Solution:
[[2 1 8 4 5 6 3 9 7]
 [9 0 6 1 0 2 0 5 4]
 [5 7 4 0 8 3 2 1 6]
 [8 9 7 3 6 1 5 4 0]
 [4 3 5 8 7 9 6 2 0]
 [1 6 0 2 4 5 8 7 3]
 [6 5 0 9 1 4 7 3 2]
 [7 4 2 5 3 0 9 8 1]
 [3 0 9 7 2 8 4 6 5]]
Number of cells unfilled: 10
Accuracy: 87.65432098765432
Sample: 41682
Question:
[[4 0 7 1 0 0 0 0 0]
 [0 8 0 0 3 0 0 0 0]
 [1 3 0 0 2 4 0 0 0]
 [0 1 3 8 0 0 0 0 0]
 [2 0 4 0 0 3 0 0 0]
 [0 7 0 2 0 0 4 0 0]
 [0 0 8 0 1 0 2 0 0]
 [0 2 0 0 0 7 0 0 1]
 [0 0 0 0 0 0 0 5 6]]
Solution:
[[0 1 8 4 5 6 3 2 7]
 [9 7 6 1 8 2 0 5 4]
 [5 4 0 0 9 3 0 1 6]
 [8 9 7 3 6 1 5 4 2]
 [4 3 5 8 7 9 6 0 0]
 [1 6 0 2 4 5 8 7 3]
 [6 5 0 9 1 4 7 3 8]
 [7 8 2 5 3 0 9 0 1]
 [3 0 9 7 2 8 4 6 5]]
Number of cells unfilled: 12
Accuracy: 85.18518518518519
Sample: 41683
Question:
[[8 0 0 0 5 0 2 0 3]
 [5 0 0 0 9 0 6 0 0]
 [0 0 4 0 0 6 0 5 0]
 [0 5 0 0 1 0 0 0 0]
 [6 0 1 4 0 0 0 0 0]
 [9 0 0 0 0 0 0 8 0]
 [4 0 0 0 0 1 0 0 0]
 [1 6 0 0 8 5 0 0 0]
 [0 8 9 6 0 0 0 0 0]]
Solution:
[[7 1 8 4 5 6 3 2 9]
 [9 0 6 1 8 2 0 5 4]
 [5 2 4 0 9 3 0 1 6]
 [8 9 7 3 6 1 5 4 2]
 [4 3 5 8 7 9 6 0 0]
 [1 6 0 2 4 5 8 7 3]
 [6 5 0 9 1 4 7 3 8]
 [0 4 2 5 3 0 9 0 1]
 [3 0 9 7 2 8 4 6 5]]
Number of cells unfilled: 12
Accuracy: 85.18518518518519
Sample: 41684
Question:
[[9 0 8 4 0 7 0 0 6]
 [0 3 0 0 6 8 0 0 0]
 [0 0 7 3 9 0 0 4 0]
 [0 0 0 0 0 0 0 0 2]
 [0 0 0 0 0 0 8 0 1]
 [6 0 0 0 0 0 0 3 0]
 [0 7 0 0 0 6 9 0 3]
 [0 0 0 7 0 3 0 8 0]
 [0 0 4 0 8 0 0 0 0]]
Solution:
[[7 1 8 4 5 6 3 2 9]
 [9 0 6 1 8 2 0 5 4]
 [5 2 4 0 9 3 0 1 6]
 [8 9 7 3 6 1 5 4 2]
 [4 3 5 8 7 9 6 0 0]
 [1 6 0 2 4 5 8 7 3]
 [6 5 0 9 1 4 7 3 8]
 [0 8 2 5 3 0 9 0 1]
 [3 0 9 7 2 8 4 6 5]]
Number of cells unfilled: 12
Accuracy: 85.18518518518519
Sample: 41685
Question:
[[0 0 5 2 0 8 7 9 0]
 [6 0 0 0 4 0 0 0 1]
 [2 0 3 0 0 9 5 0 0]
 [5 6 9 0 7 3 1 0 0]
 [8 0 0 1 0 0 0 0 0]
 [0 0 0 4 0 0 3 8 0]
 [0 0 2 7 5 1 4 0 3]
 [0 0 0 0 0 0 0 0 2]
 [0 0 1 0 0 6 8 7 5]]
Solution:
[[0 1 8 4 9 6 3 2 7]
 [9 7 6 1 8 2 0 5 4]
 [5 2 4 0 0 3 0 1 6]
 [8 9 7 3 6 1 5 4 2]
 [4 3 5 8 7 9 6 0 0]
 [1 6 0 2 4 5 8 7 3]
 [6 5 0 9 1 4 7 3 8]
 [7 4 2 5 3 0 9 0 1]
 [3 0 9 7 2 8 4 6 5]]
Number of cells unfilled: 12
Accuracy: 85.18518518518519
Sample: 41686
Question:
[[0 7 0 0 1 0 2 0 0]
 [5 2 0 9 7 0 1 6 0]
 [0 0 0 0 0 0 0 0 7]
 [6 0 0 0 3 0 0 0 5]
 [0 5 0 6 0 4 9 0 1]
 [0 0 8 0 0 0 0 2 0]
 [0 0 2 0 0 0 0 4 0]
 [4 8 9 0 0 0 0 0 6]
 [7 0 0 0 0 0 8 0 0]]
Solution:
[[7 1 8 4 5 6 3 2 9]
 [9 0 6 1 8 2 0 5 4]
 [5 2 4 0 9 3 0 1 6]
 [8 9 7 3 6 1 5 4 2]
 [4 3 5 8 7 9 6 0 0]
 [1 6 0 2 4 5 8 7 3]
 [6 5 0 9 1 4 7 3 8]
 [0 7 2 5 3 0 9 0 1]
 [3 0 9 7 2 8 4 6 5]]
Number of cells unfilled: 12
Accuracy: 85.18518518518519
Sample: 41687
Question:
[[0 0 6 9 0 0 7 0 0]
 [5 0 0 0 6 0 0 3 8]
 [0 7 0 0 0 0 0 0 0]
 [0 8 0 0 7 5 0 0 0]
 [0 0 0 0 0 0 0 0 5]
 [3 1 0 0 2 4 0 0 0]
 [6 9 0 0 1 8 0 0 0]
 [0 0 0 0 0 0 9 0 0]
 [0 0 3 0 0 0 8 7 4]]
Solution:
[[2 1 8 4 5 6 3 9 7]
 [9 0 6 1 0 2 0 5 4]
 [5 7 4 0 8 3 2 1 6]
 [8 9 7 3 6 1 5 4 0]
 [4 3 5 8 7 9 6 2 0]
 [1 6 0 2 4 5 8 7 3]
 [6 5 0 9 1 4 7 3 2]
 [7 4 2 5 3 0 9 8 1]
 [3 0 9 7 2 8 4 6 5]]
Number of cells unfilled: 10
Accuracy: 87.65432098765432
Sample: 41688
Question:
[[0 2 0 0 3 0 0 0 6]
 [0 0 0 0 0 5 8 0 0]
 [0 0 0 7 0 0 0 9 0]
 [0 0 0 9 0 0 0 7 0]
 [0 6 0 0 0 0 0 0 4]
 [0 0 7 0 2 8 5 0 0]
 [2 1 4 0 0 0 0 0 3]
 [0 0 0 0 0 0 0 0 0]
 [6 0 3 0 4 0 0 0 0]]
Solution:
[[2 1 8 4 5 6 3 9 7]
 [9 7 6 1 8 2 0 5 4]
 [5 0 4 0 9 3 2 1 6]
 [8 9 7 3 6 1 5 4 0]
 [4 3 5 8 7 9 6 2 0]
 [1 6 0 2 4 5 8 7 3]
 [6 5 0 9 1 4 7 3 2]
 [7 4 2 5 3 0 9 8 1]
 [3 0 9 7 2 8 4 6 5]]
Number of cells unfilled: 9
Accuracy: 88.88888888888889
Sample: 41689
Question:
[[3 0 0 0 0 4 0 7 0]
 [0 0 2 6 0 0 5 0 0]
 [0 0 0 0 1 0 0 0 2]
 [8 0 0 0 0 0 4 0 0]
 [0 9 0 0 0 3 0 0 0]
 [0 0 5 7 0 0 0 6 0]
 [0 6 0 5 0 0 8 0 0]
 [0 0 4 0 0 2 0 5 0]
 [5 0 0 0 7 0 0 0 9]]
Solution:
[[2 1 8 4 5 6 3 9 7]
 [9 0 6 1 8 2 0 5 4]
 [5 7 4 0 9 3 2 1 6]
 [8 9 7 3 6 1 5 4 2]
 [4 3 5 8 7 9 6 0 0]
 [1 6 0 2 4 5 8 7 3]
 [6 5 0 9 1 4 7 3 8]
 [7 8 2 5 3 0 9 0 1]
 [3 0 9 7 2 8 4 6 5]]
Number of cells unfilled: 10
Accuracy: 87.65432098765432
Sample: 41690
Question:
[[7 0 0 4 8 0 0 0 2]
 [1 0 0 0 6 0 0 0 3]
 [6 0 0 3 0 2 4 9 0]
 [0 0 0 1 5 0 6 0 0]
 [8 0 4 0 0 0 0 0 7]
 [0 2 0 0 0 0 9 0 8]
 [0 5 0 0 9 4 3 0 6]
 [0 1 8 0 0 7 0 0 5]
 [0 3 0 2 1 0 0 7 0]]
Solution:
[[2 1 8 4 5 6 3 9 7]
 [9 0 6 1 0 2 0 5 4]
 [5 7 4 0 8 3 2 1 6]
 [8 9 7 3 6 1 5 4 2]
 [4 3 5 8 7 9 6 0 0]
 [1 6 0 2 4 5 8 7 3]
 [6 5 0 9 1 4 7 3 8]
 [7 8 2 5 3 0 9 0 1]
 [3 0 9 7 2 8 4 6 5]]
Number of cells unfilled: 11
Accuracy: 86.41975308641975
Sample: 41691
Question:
[[0 0 0 0 8 0 4 0 3]
 [0 0 8 0 0 3 0 9 0]
 [0 3 0 9 0 0 0 0 2]
 [5 0 0 0 1 0 0 0 0]
 [0 6 0 8 0 0 0 2 0]
 [0 0 2 0 0 7 3 0 0]
 [0 0 9 0 0 8 0 0 4]
 [0 0 0 6 0 0 0 7 0]
 [1 0 0 0 5 0 0 0 0]]
Solution:
[[2 1 8 4 5 6 3 9 7]
 [9 0 6 1 8 2 0 5 4]
 [5 7 4 0 9 3 2 1 6]
 [8 9 7 3 6 1 5 4 0]
 [4 3 5 8 7 9 6 2 0]
 [1 6 0 2 4 5 8 7 3]
 [6 5 0 9 1 4 7 3 2]
 [7 4 2 5 3 0 9 8 1]
 [3 0 9 7 2 8 4 6 5]]
Number of cells unfilled: 9
Accuracy: 88.88888888888889
Sample: 41692
Question:
[[4 0 0 0 0 0 8 1 0]
 [0 0 0 0 0 0 0 0 0]
 [5 6 0 7 1 0 0 0 9]
 [0 3 5 0 0 4 9 0 1]
 [0 0 4 0 0 7 0 6 0]
 [0 0 9 0 0 0 0 0 8]
 [0 0 0 2 5 3 0 0 0]
 [8 7 0 6 0 0 0 0 2]
 [0 0 0 0 0 0 0 0 0]]
Solution:
[[2 1 8 4 5 6 3 9 7]
 [9 7 6 1 8 2 0 5 4]
 [5 0 4 0 9 3 2 1 6]
 [8 9 7 3 6 1 5 4 0]
 [4 3 5 8 7 9 6 2 0]
 [1 6 0 2 4 5 8 7 3]
 [6 5 0 9 1 4 7 3 2]
 [7 4 2 5 3 0 9 8 1]
 [3 0 9 7 2 8 4 6 5]]
Number of cells unfilled: 9
Accuracy: 88.88888888888889
Sample: 41693
Question:
[[0 4 9 2 0 0 0 7 0]
 [3 0 0 0 1 0 0 0 2]
 [0 0 0 0 0 9 8 0 0]
 [0 6 0 0 3 5 0 0 0]
 [9 0 0 1 0 0 0 0 5]
 [0 0 0 0 9 0 0 8 0]
 [0 0 7 0 0 0 6 0 8]
 [0 0 0 0 0 0 2 4 0]
 [2 0 0 0 0 1 0 0 9]]
Solution:
[[7 1 8 4 5 6 3 2 9]
 [9 0 6 1 8 2 0 5 4]
 [5 2 4 0 9 3 0 1 6]
 [8 9 7 3 6 1 5 4 2]
 [4 3 5 8 7 9 6 0 0]
 [1 6 0 2 4 5 8 7 3]
 [6 5 0 9 1 4 7 3 8]
 [0 8 2 5 3 0 9 0 1]
 [3 0 9 7 2 8 4 6 5]]
Number of cells unfilled: 12
Accuracy: 85.18518518518519
Sample: 41694
Question:
[[0 2 0 0 0 0 1 0 6]
 [0 0 0 8 0 0 2 0 5]
 [0 0 0 6 0 7 0 0 0]
 [0 0 0 0 8 1 0 0 0]
 [6 0 0 0 0 0 7 9 1]
 [2 0 0 3 0 0 0 0 0]
 [0 0 3 0 4 2 0 1 0]
 [0 5 0 0 3 0 0 0 0]
 [1 7 0 0 0 0 0 0 4]]
Solution:
[[7 1 8 4 5 6 3 2 9]
 [9 0 6 1 8 2 0 5 4]
 [5 2 4 0 9 3 0 1 6]
 [8 9 7 3 6 1 5 4 2]
 [4 3 5 8 7 9 6 0 0]
 [1 6 0 2 4 5 8 7 3]
 [6 5 0 9 1 4 7 3 8]
 [0 7 2 5 3 0 9 0 1]
 [3 0 9 7 2 8 4 6 5]]
Number of cells unfilled: 12
Accuracy: 85.18518518518519
Sample: 41695
Question:
[[0 0 0 8 6 0 0 9 0]
 [6 0 0 0 0 4 3 0 0]
 [0 0 1 0 2 0 0 0 0]
 [8 0 0 0 4 0 2 0 0]
 [0 0 0 0 0 3 0 0 9]
 [0 0 5 6 0 0 4 0 7]
 [3 0 0 4 0 0 6 0 0]
 [0 1 0 0 0 0 0 0 0]
 [0 0 7 0 3 0 0 0 5]]
Solution:
[[2 1 8 4 5 6 3 9 7]
 [9 7 6 1 8 2 0 5 4]
 [5 0 4 0 9 3 2 1 6]
 [8 9 7 3 6 1 5 4 0]
 [4 3 5 8 7 9 6 2 0]
 [1 6 0 2 4 5 8 7 3]
 [6 5 0 9 1 4 7 3 2]
 [7 4 2 5 3 0 9 8 1]
 [3 0 9 7 2 8 4 6 5]]
Number of cells unfilled: 9
Accuracy: 88.88888888888889
Sample: 41696
Question:
[[0 2 0 7 5 0 0 8 3]
 [3 0 0 0 0 0 0 2 0]
 [4 0 0 0 0 8 1 6 0]
 [0 0 3 8 4 0 0 0 0]
 [0 0 0 0 0 0 0 5 0]
 [0 0 0 0 0 7 0 0 1]
 [0 0 8 0 0 1 2 0 0]
 [0 0 4 0 0 0 6 0 0]
 [0 0 9 0 0 6 0 1 0]]
Solution:
[[2 1 8 4 5 6 3 9 7]
 [9 0 6 1 0 2 0 5 4]
 [5 7 4 0 8 3 2 1 6]
 [8 9 7 3 6 1 5 4 0]
 [4 3 5 8 7 9 6 2 0]
 [1 6 0 2 4 5 8 7 3]
 [6 5 0 9 1 4 7 3 2]
 [7 4 2 5 3 0 9 8 1]
 [3 0 9 7 2 8 4 6 5]]
Number of cells unfilled: 10
Accuracy: 87.65432098765432
Sample: 41697
Question:
[[0 0 7 0 5 0 0 0 0]
 [0 0 0 0 9 0 2 3 0]
 [0 0 4 0 0 6 0 5 0]
 [0 6 0 0 0 0 9 0 0]
 [4 0 3 9 0 0 1 6 0]
 [1 0 0 0 0 0 3 0 5]
 [5 0 9 0 8 0 7 0 0]
 [0 0 0 6 0 0 0 0 0]
 [0 8 0 0 0 7 0 0 1]]
Solution:
[[2 1 8 4 5 6 3 9 7]
 [9 7 6 1 8 2 0 5 4]
 [5 0 4 0 9 3 2 1 6]
 [8 9 7 3 6 1 5 4 0]
 [4 3 5 8 7 9 6 2 0]
 [1 6 0 2 4 5 8 7 3]
 [6 5 0 9 1 4 7 3 2]
 [7 4 2 5 3 0 9 8 1]
 [3 0 9 7 2 8 4 6 5]]
Number of cells unfilled: 9
Accuracy: 88.88888888888889
Sample: 41698
Question:
[[0 7 5 0 0 8 0 0 4]
 [1 0 0 0 0 0 0 8 0]
 [0 0 4 0 5 0 0 0 0]
 [0 1 6 5 4 0 0 0 0]
 [0 0 0 0 0 0 0 0 5]
 [0 3 0 0 1 0 0 9 2]
 [0 8 7 4 0 0 0 0 3]
 [0 0 0 7 0 0 0 0 1]
 [2 0 0 0 0 0 0 0 0]]
Solution:
[[0 1 8 4 9 6 3 2 7]
 [9 7 6 1 8 2 0 5 4]
 [5 2 4 0 0 3 0 1 6]
 [8 9 7 3 6 1 5 4 2]
 [4 3 5 8 7 9 6 0 0]
 [1 6 0 2 4 5 8 7 3]
 [6 5 0 9 1 4 7 3 8]
 [7 4 2 5 3 0 9 0 1]
 [3 0 9 7 2 8 4 6 5]]
Number of cells unfilled: 12
Accuracy: 85.18518518518519
Sample: 41699
Question:
[[0 0 3 4 7 0 0 2 0]
 [0 0 0 3 6 0 4 0 0]
 [0 0 0 0 0 2 0 0 0]
 [0 0 0 0 9 0 0 5 0]
 [0 8 5 0 0 6 3 0 0]
 [4 0 7 0 0 3 6 0 0]
 [0 0 6 0 0 7 2 0 0]
 [1 0 0 0 3 0 0 0 8]
 [0 5 0 0 0 0 0 0 0]]
Solution:
[[2 1 8 4 5 6 3 9 7]
 [9 7 6 1 8 2 0 5 4]
 [5 0 4 0 9 3 2 1 6]
 [8 9 7 3 6 1 5 4 0]
 [4 3 5 8 7 9 6 2 0]
 [1 6 0 2 4 5 8 7 3]
 [6 5 0 9 1 4 7 3 2]
 [7 4 2 5 3 0 9 8 1]
 [3 0 9 7 2 8 4 6 5]]
Number of cells unfilled: 9
Accuracy: 88.88888888888889
Sample: 41700
Question:
[[0 1 0 0 0 6 3 0 0]
 [9 0 0 0 0 0 0 5 4]
 [5 0 0 0 0 0 0 1 6]
 [0 9 0 0 0 0 0 4 0]
 [4 0 0 8 0 0 0 0 0]
 [0 6 0 0 4 5 0 0 3]
 [0 5 0 0 1 4 0 3 0]
 [0 0 2 5 0 0 0 0 0]
 [0 0 0 7 0 8 0 0 5]]
Solution:
[[2 1 8 4 5 6 3 9 7]
 [9 0 6 1 0 2 0 5 4]
 [5 7 4 0 8 3 2 1 6]
 [8 9 7 3 6 1 5 4 0]
 [4 3 5 8 7 9 6 2 0]
 [1 6 0 2 4 5 8 7 3]
 [6 5 0 9 1 4 7 3 2]
 [7 4 2 5 3 0 9 8 1]
 [3 0 9 7 2 8 4 6 5]]
Number of cells unfilled: 10
Accuracy: 87.65432098765432
