2025-10-22 14:57:26.958348: I tensorflow/core/util/port.cc:153] oneDNN custom operations are on. You may see slightly different numerical results due to floating-point round-off errors from different computation orders. To turn them off, set the environment variable `TF_ENABLE_ONEDNN_OPTS=0`.
2025-10-22 14:57:27.238238: I tensorflow/core/platform/cpu_feature_guard.cc:210] This TensorFlow binary is optimized to use available CPU instructions in performance-critical operations.
To enable the following instructions: AVX2 AVX512F AVX512_VNNI FMA, in other operations, rebuild TensorFlow with the appropriate compiler flags.
2025-10-22 14:57:32.393012: I tensorflow/core/util/port.cc:153] oneDNN custom operations are on. You may see slightly different numerical results due to floating-point round-off errors from different computation orders. To turn them off, set the environment variable `TF_ENABLE_ONEDNN_OPTS=0`.
2025-10-22 14:57:38.916610: E external/local_xla/xla/stream_executor/cuda/cuda_platform.cc:51] failed call to cuInit: INTERNAL: CUDA error: Failed call to cuInit: UNKNOWN ERROR (303)
Sample: 42701
Question:
[[6 0 0 4 0 0 0 3 0]
 [0 3 8 0 0 0 0 0 0]
 [0 4 9 0 0 0 7 0 0]
 [0 0 3 0 5 0 0 0 0]
 [0 0 0 0 0 1 0 0 2]
 [0 9 0 6 0 0 0 4 0]
 [0 0 6 8 0 0 0 9 0]
 [0 0 0 0 0 2 0 0 5]
 [0 0 0 0 7 0 1 0 0]]
Solution:
[[3 7 8 6 0 2 1 4 9]
 [0 0 9 8 4 5 3 6 7]
 [1 5 6 0 9 3 8 0 2]
 [9 3 5 4 6 8 7 2 0]
 [2 0 1 5 7 9 6 3 4]
 [7 6 4 3 2 1 9 8 5]
 [4 2 3 9 8 0 0 7 1]
 [6 9 7 2 1 4 5 0 3]
 [5 8 0 7 3 6 4 9 0]]
Number of cells unfilled: 12
Accuracy: 85.18518518518519
Sample: 42702
Question:
[[0 6 9 3 0 0 0 0 2]
 [0 0 0 9 0 5 0 8 0]
 [0 7 0 0 2 0 0 0 6]
 [7 9 0 0 0 0 8 0 0]
 [8 0 0 0 5 0 0 0 3]
 [2 0 0 0 0 0 0 7 0]
 [0 0 0 0 0 0 5 3 0]
 [0 0 0 0 0 6 1 0 4]
 [0 0 5 1 0 3 0 0 0]]
Solution:
[[3 7 8 6 0 2 1 4 9]
 [0 0 9 1 4 5 3 6 7]
 [1 5 6 0 9 3 8 0 2]
 [9 3 5 4 6 0 7 2 0]
 [2 0 1 8 7 9 6 3 4]
 [7 6 4 3 2 1 9 8 5]
 [4 2 3 9 8 0 0 7 1]
 [6 9 7 2 1 4 5 0 3]
 [5 8 0 7 3 6 4 9 0]]
Number of cells unfilled: 13
Accuracy: 83.9506172839506
Sample: 42703
Question:
[[9 0 0 0 0 0 0 0 3]
 [0 0 0 0 0 0 4 7 0]
 [0 5 0 3 6 0 2 0 0]
 [0 6 1 7 9 0 0 0 0]
 [7 0 0 0 2 0 8 0 0]
 [0 0 0 0 0 3 0 0 0]
 [3 0 8 0 0 5 7 0 0]
 [5 0 0 8 0 2 0 0 4]
 [0 0 0 0 1 0 0 0 0]]
Solution:
[[3 7 8 6 0 2 1 4 0]
 [0 0 9 1 4 5 3 6 7]
 [1 5 6 0 9 3 8 0 2]
 [9 3 5 4 6 1 7 0 0]
 [2 0 1 8 7 9 6 3 4]
 [0 6 7 3 2 0 9 8 5]
 [4 2 3 9 8 0 0 7 1]
 [7 9 0 2 1 4 5 0 3]
 [5 8 0 7 3 6 4 2 9]]
Number of cells unfilled: 16
Accuracy: 80.24691358024691
Sample: 42704
Question:
[[3 0 0 9 0 0 0 0 0]
 [0 0 1 0 4 0 0 0 0]
 [0 8 0 0 0 7 6 0 0]
 [0 0 4 0 0 0 0 0 9]
 [0 0 0 0 0 8 2 0 0]
 [0 2 0 0 0 0 5 8 0]
 [2 0 0 3 0 0 0 0 1]
 [0 0 3 0 0 0 8 0 0]
 [0 7 0 0 0 5 0 2 0]]
Solution:
[[3 7 8 6 0 2 1 4 0]
 [0 0 9 8 4 5 3 6 7]
 [1 5 6 0 9 3 8 0 2]
 [9 3 5 4 6 8 7 1 0]
 [2 0 1 5 7 9 6 3 4]
 [0 6 4 3 2 1 9 8 5]
 [4 2 3 9 8 0 0 7 1]
 [7 9 0 2 1 4 5 0 3]
 [5 8 0 7 3 6 4 2 9]]
Number of cells unfilled: 14
Accuracy: 82.71604938271605
Sample: 42705
Question:
[[0 0 0 0 0 0 1 0 0]
 [0 0 5 0 0 0 8 6 9]
 [0 0 0 0 3 0 0 0 7]
 [2 0 0 0 1 4 0 5 0]
 [4 8 0 0 0 5 3 0 0]
 [0 0 0 0 6 0 0 0 0]
 [0 6 9 3 0 0 2 0 0]
 [0 0 0 0 7 0 0 0 0]
 [0 2 4 1 0 0 0 7 0]]
Solution:
[[3 7 8 6 0 2 9 4 0]
 [0 0 9 1 4 5 3 6 7]
 [1 5 6 0 9 3 8 0 2]
 [9 3 5 4 6 1 7 2 0]
 [2 0 1 8 7 0 6 3 4]
 [7 6 4 3 2 9 1 8 5]
 [4 2 3 9 8 0 0 7 1]
 [6 9 7 2 1 4 5 0 3]
 [5 8 0 7 3 6 4 9 0]]
Number of cells unfilled: 14
Accuracy: 82.71604938271605
Sample: 42706
Question:
[[0 0 0 0 0 0 0 0 7]
 [5 0 0 0 8 0 9 3 1]
 [1 0 0 0 4 0 6 0 0]
 [0 0 2 5 0 0 0 0 0]
 [0 3 0 0 0 0 0 5 0]
 [9 0 5 0 6 0 8 0 0]
 [0 0 9 8 0 4 1 0 0]
 [4 0 0 6 0 1 0 9 0]
 [0 0 0 0 9 0 0 0 0]]
Solution:
[[3 7 8 6 0 2 1 4 9]
 [0 0 9 1 4 5 3 6 7]
 [1 5 6 0 9 3 8 0 2]
 [9 3 5 4 6 8 7 2 0]
 [2 0 1 5 7 9 6 3 4]
 [7 6 4 3 2 1 9 8 5]
 [4 2 3 9 8 0 0 7 1]
 [6 9 7 2 1 4 5 0 3]
 [5 8 0 7 3 6 4 9 0]]
Number of cells unfilled: 12
Accuracy: 85.18518518518519
Sample: 42707
Question:
[[6 0 0 1 5 9 0 7 0]
 [0 2 1 7 0 0 8 0 5]
 [4 0 7 0 0 8 0 0 0]
 [2 0 6 5 0 0 0 4 7]
 [0 0 8 0 0 0 0 0 3]
 [0 0 0 0 0 4 0 0 0]
 [0 0 0 8 0 5 1 0 0]
 [0 0 0 0 6 2 0 0 0]
 [0 0 0 0 0 0 0 0 8]]
Solution:
[[3 7 8 6 0 2 1 4 0]
 [0 0 9 1 4 5 3 6 7]
 [1 5 6 0 9 3 8 0 2]
 [9 3 5 4 6 8 7 1 0]
 [2 0 1 5 7 9 6 3 4]
 [7 6 4 3 2 1 9 8 5]
 [4 2 3 9 8 0 0 7 1]
 [6 9 7 2 1 4 5 0 3]
 [5 8 0 7 3 6 4 2 9]]
Number of cells unfilled: 12
Accuracy: 85.18518518518519
Sample: 42708
Question:
[[0 2 0 0 0 0 0 0 0]
 [0 0 4 9 0 0 0 0 0]
 [9 0 8 0 7 2 0 0 4]
 [0 9 0 8 0 0 0 0 2]
 [0 0 0 0 1 0 0 5 0]
 [0 4 0 2 5 0 0 0 7]
 [3 0 0 0 0 0 6 0 0]
 [0 8 9 7 0 0 0 0 3]
 [4 0 0 0 0 3 0 7 0]]
Solution:
[[3 7 8 6 0 2 9 4 0]
 [0 0 9 1 4 5 3 6 7]
 [1 5 6 0 9 3 8 0 2]
 [9 3 5 4 6 1 7 2 0]
 [2 0 1 8 7 0 6 9 4]
 [7 6 4 3 2 9 1 8 5]
 [4 2 3 9 8 0 0 7 1]
 [6 9 7 2 1 4 5 0 3]
 [5 8 0 7 3 6 4 0 9]]
Number of cells unfilled: 14
Accuracy: 82.71604938271605
Sample: 42709
Question:
[[2 0 9 7 0 0 5 0 0]
 [0 7 0 0 9 0 0 0 8]
 [0 5 0 0 0 2 0 0 7]
 [0 0 4 0 0 0 0 8 0]
 [0 0 0 0 0 0 3 0 0]
 [9 3 0 8 0 0 0 5 4]
 [0 0 5 3 0 0 4 0 0]
 [6 0 0 0 1 0 0 0 0]
 [0 0 3 9 0 0 8 0 0]]
Solution:
[[3 7 8 6 0 2 1 4 9]
 [0 0 9 1 4 5 3 6 7]
 [1 5 6 0 9 3 8 0 2]
 [9 3 5 4 6 8 7 1 0]
 [2 0 1 5 7 9 6 3 4]
 [7 6 4 3 2 1 9 8 5]
 [4 2 3 9 8 0 0 7 1]
 [6 9 7 2 1 4 5 0 3]
 [5 8 0 7 3 6 4 9 0]]
Number of cells unfilled: 12
Accuracy: 85.18518518518519
Sample: 42710
Question:
[[0 1 0 4 0 0 0 0 6]
 [9 0 0 0 0 0 0 0 4]
 [0 0 4 0 0 1 8 9 0]
 [3 0 0 0 2 0 0 0 0]
 [0 0 0 0 0 5 0 0 8]
 [0 9 0 7 0 0 0 5 0]
 [0 7 0 6 0 0 0 8 0]
 [2 0 0 0 3 0 6 0 0]
 [0 0 9 0 0 8 0 0 5]]
Solution:
[[3 7 8 6 0 2 1 4 9]
 [0 0 9 1 4 5 3 6 7]
 [1 5 6 0 9 3 8 0 2]
 [9 3 5 4 6 1 7 2 0]
 [2 0 1 5 7 9 6 3 4]
 [0 6 7 3 2 0 9 8 5]
 [4 2 3 9 8 0 0 7 1]
 [7 9 0 2 1 4 5 0 3]
 [5 8 0 7 3 6 4 9 0]]
Number of cells unfilled: 15
Accuracy: 81.48148148148148
Sample: 42711
Question:
[[0 0 0 0 0 0 0 0 0]
 [0 0 1 0 0 6 0 2 9]
 [0 0 0 0 0 0 0 4 0]
 [3 0 8 1 0 0 0 0 0]
 [0 9 0 3 0 0 0 8 6]
 [0 6 7 0 8 9 3 1 0]
 [8 0 3 7 1 0 0 0 0]
 [6 0 0 0 9 0 0 0 8]
 [0 7 9 0 0 0 0 3 0]]
Solution:
[[3 7 8 6 0 2 1 4 9]
 [0 0 9 8 4 5 3 6 7]
 [1 5 6 0 9 3 8 0 2]
 [9 3 5 4 6 8 7 2 0]
 [2 0 1 5 7 9 6 3 4]
 [7 6 4 3 2 1 9 8 5]
 [4 2 3 9 8 0 0 7 1]
 [6 9 7 2 1 4 5 0 3]
 [5 8 0 7 3 6 4 9 0]]
Number of cells unfilled: 12
Accuracy: 85.18518518518519
Sample: 42712
Question:
[[0 0 0 0 0 1 0 0 8]
 [0 4 1 0 0 0 0 7 0]
 [0 0 7 5 0 0 0 3 0]
 [0 8 0 0 0 0 0 0 0]
 [1 0 0 0 0 5 0 0 4]
 [0 7 0 6 0 2 0 0 0]
 [0 3 4 1 0 7 5 8 0]
 [5 0 0 0 0 0 3 0 0]
 [0 0 8 0 0 0 0 4 1]]
Solution:
[[3 7 8 6 0 2 9 4 0]
 [0 0 9 1 4 5 3 6 7]
 [1 5 6 0 9 3 8 0 2]
 [9 3 5 4 6 1 7 2 0]
 [2 0 1 5 7 8 6 9 4]
 [7 6 4 3 2 9 1 8 5]
 [4 2 3 9 8 0 0 7 1]
 [6 9 7 2 1 4 5 0 3]
 [5 8 0 7 3 6 4 0 9]]
Number of cells unfilled: 13
Accuracy: 83.9506172839506
Sample: 42713
Question:
[[0 0 0 0 4 0 0 0 0]
 [0 0 0 2 6 0 0 3 5]
 [0 0 0 9 0 0 0 0 0]
 [0 7 2 0 3 0 0 5 0]
 [3 8 0 0 0 0 0 7 9]
 [9 0 0 8 0 0 2 0 0]
 [5 3 0 0 0 0 0 9 7]
 [0 2 0 7 0 0 0 0 8]
 [8 0 0 0 9 0 0 2 0]]
Solution:
[[3 7 8 6 0 2 1 4 9]
 [0 0 9 1 4 5 3 6 7]
 [1 5 6 0 9 3 8 0 2]
 [9 3 5 4 6 8 7 1 0]
 [2 0 1 5 7 9 6 3 4]
 [7 6 4 3 2 1 9 8 5]
 [4 2 3 9 8 0 0 7 1]
 [6 9 7 2 1 4 5 0 3]
 [5 8 0 7 3 6 4 9 0]]
Number of cells unfilled: 12
Accuracy: 85.18518518518519
Sample: 42714
Question:
[[0 0 0 0 5 6 0 0 8]
 [0 0 0 1 0 2 4 5 0]
 [0 0 0 4 8 0 2 0 6]
 [7 9 0 0 0 0 0 6 4]
 [8 0 0 0 6 0 0 2 0]
 [0 0 0 0 0 0 0 0 5]
 [4 0 0 5 0 8 0 0 1]
 [5 6 0 0 0 1 0 8 0]
 [0 0 0 0 2 0 0 0 0]]
Solution:
[[3 7 8 6 0 2 9 4 0]
 [0 0 9 1 4 5 3 6 7]
 [1 5 6 0 9 3 8 0 2]
 [9 3 5 4 6 1 7 2 0]
 [2 0 1 5 7 9 6 3 4]
 [7 6 4 3 2 0 1 8 5]
 [4 2 3 9 8 0 0 7 1]
 [6 9 7 2 1 4 5 0 3]
 [5 8 0 7 3 6 4 9 0]]
Number of cells unfilled: 14
Accuracy: 82.71604938271605
Sample: 42715
Question:
[[0 0 0 0 6 0 0 0 0]
 [0 0 0 0 0 0 0 0 3]
 [4 0 0 2 0 9 0 6 5]
 [0 0 0 6 0 7 0 0 0]
 [0 2 7 0 8 0 0 0 0]
 [9 6 0 0 4 0 0 8 0]
 [0 0 2 8 0 0 0 0 0]
 [0 0 0 0 0 6 0 4 0]
 [6 8 0 7 0 4 9 0 2]]
Solution:
[[3 7 8 6 0 2 1 4 9]
 [0 0 9 1 4 5 3 6 7]
 [1 5 6 0 9 3 8 0 2]
 [9 3 5 4 6 1 7 2 0]
 [2 0 1 5 7 9 6 3 4]
 [0 6 7 3 2 0 9 8 5]
 [4 2 3 9 8 0 0 7 1]
 [7 9 0 2 1 4 5 0 3]
 [5 8 0 7 3 6 4 9 0]]
Number of cells unfilled: 15
Accuracy: 81.48148148148148
Sample: 42716
Question:
[[0 0 0 0 8 0 0 5 0]
 [1 0 0 0 0 0 2 0 0]
 [0 7 8 0 0 5 1 4 0]
 [5 0 0 7 0 0 0 0 0]
 [0 0 0 0 4 8 0 0 5]
 [0 0 0 0 1 0 4 2 0]
 [0 0 0 0 0 0 0 0 0]
 [2 0 9 1 0 0 7 8 0]
 [0 0 3 0 2 0 0 1 0]]
Solution:
[[3 7 8 6 0 2 9 4 5]
 [0 0 9 8 4 5 3 6 7]
 [1 5 6 0 9 3 8 0 2]
 [9 3 5 4 6 1 7 2 0]
 [2 0 1 5 7 9 6 3 4]
 [0 6 7 3 2 0 1 8 9]
 [4 2 3 9 8 0 0 7 1]
 [7 9 0 2 1 4 5 0 3]
 [5 8 0 7 3 6 4 9 0]]
Number of cells unfilled: 15
Accuracy: 81.48148148148148
Sample: 42717
Question:
[[0 0 0 5 0 0 0 0 0]
 [9 0 0 0 3 0 0 0 1]
 [7 8 0 6 0 0 0 0 0]
 [0 9 0 0 0 6 3 4 0]
 [0 0 0 1 0 0 0 6 9]
 [3 0 0 0 0 0 0 0 5]
 [6 3 0 4 0 1 0 5 0]
 [0 0 9 0 0 5 0 1 3]
 [0 0 0 0 9 0 4 0 0]]
Solution:
[[3 7 8 6 0 2 1 4 9]
 [0 0 9 1 4 5 3 6 7]
 [1 5 6 0 9 3 8 0 2]
 [9 3 5 4 6 0 7 2 0]
 [2 0 1 8 7 9 6 3 4]
 [7 6 4 3 2 1 9 8 5]
 [4 2 3 9 8 0 0 7 1]
 [6 9 7 2 1 4 5 0 3]
 [5 8 0 7 3 6 4 9 0]]
Number of cells unfilled: 13
Accuracy: 83.9506172839506
Sample: 42718
Question:
[[0 0 0 5 0 0 0 0 2]
 [6 0 0 0 7 0 0 0 0]
 [0 7 0 2 1 0 3 6 0]
 [0 0 2 3 6 0 0 8 5]
 [5 0 0 0 0 0 0 4 0]
 [0 0 0 0 0 0 0 0 0]
 [0 0 3 0 0 2 0 0 7]
 [1 6 0 0 0 7 0 0 0]
 [0 0 0 1 5 0 0 0 0]]
Solution:
[[3 7 8 6 0 2 9 4 0]
 [0 0 9 8 4 5 3 6 7]
 [1 5 6 0 9 3 8 0 2]
 [9 3 5 4 6 1 7 0 0]
 [2 0 1 5 7 9 6 3 4]
 [0 6 7 3 2 0 1 8 5]
 [4 2 3 9 8 0 0 7 1]
 [7 9 0 2 1 4 5 0 3]
 [5 8 0 7 3 6 4 2 9]]
Number of cells unfilled: 16
Accuracy: 80.24691358024691
Sample: 42719
Question:
[[0 0 0 6 0 7 0 0 1]
 [0 1 6 0 8 5 7 9 0]
 [8 0 0 0 9 0 0 0 0]
 [9 3 0 0 0 1 0 8 0]
 [0 0 0 9 0 0 0 0 0]
 [0 2 0 0 0 8 0 0 0]
 [0 0 0 7 0 6 1 0 5]
 [7 0 0 8 0 0 9 6 0]
 [0 0 0 0 5 0 0 0 0]]
Solution:
[[3 7 8 6 0 2 9 4 5]
 [0 0 9 1 4 5 3 6 7]
 [1 5 6 0 9 3 8 0 2]
 [9 3 5 4 6 1 7 0 0]
 [2 0 1 8 7 9 6 3 4]
 [0 6 4 3 2 0 1 8 0]
 [4 2 3 9 8 0 0 7 1]
 [7 9 0 2 1 4 5 0 3]
 [5 8 0 7 3 6 4 2 9]]
Number of cells unfilled: 16
Accuracy: 80.24691358024691
Sample: 42720
Question:
[[0 0 0 7 0 4 0 5 0]
 [0 6 0 0 0 1 0 4 0]
 [0 0 0 3 6 0 0 0 7]
 [6 7 0 1 4 0 0 3 5]
 [0 0 0 5 0 6 0 0 1]
 [0 0 0 0 3 0 4 0 0]
 [2 9 0 0 0 0 5 7 0]
 [0 4 0 0 0 5 6 0 0]
 [0 0 0 0 0 0 0 1 0]]
Solution:
[[3 7 8 6 0 2 9 4 0]
 [0 0 9 1 4 5 3 6 7]
 [1 5 6 0 9 3 8 0 2]
 [9 3 5 4 6 1 7 0 0]
 [2 0 1 8 7 9 6 3 4]
 [7 6 4 3 2 0 1 8 5]
 [4 2 3 9 8 0 0 7 1]
 [6 9 7 2 1 4 5 0 3]
 [5 8 0 7 3 6 4 2 9]]
Number of cells unfilled: 14
Accuracy: 82.71604938271605
Sample: 42721
Question:
[[0 0 0 8 7 0 0 2 0]
 [2 8 0 0 3 4 0 0 0]
 [0 0 4 0 0 9 0 0 0]
 [0 0 7 0 0 0 0 9 0]
 [8 2 0 0 0 3 0 0 0]
 [0 4 9 7 2 0 3 0 8]
 [0 9 0 0 0 0 1 0 0]
 [7 0 0 0 0 0 0 0 0]
 [0 3 0 9 0 0 6 7 0]]
Solution:
[[3 7 8 6 0 2 9 4 5]
 [0 0 9 1 4 5 3 6 7]
 [1 5 6 0 9 3 8 0 2]
 [9 3 5 4 6 1 7 2 0]
 [2 0 1 8 7 9 6 5 4]
 [7 6 4 3 2 0 1 8 9]
 [4 2 3 9 8 0 0 7 1]
 [6 9 7 2 1 4 5 0 3]
 [5 8 0 7 3 6 4 9 0]]
Number of cells unfilled: 13
Accuracy: 83.9506172839506
Sample: 42722
Question:
[[0 0 1 0 0 0 0 0 4]
 [4 7 0 0 6 0 0 3 0]
 [0 3 0 5 0 0 7 0 0]
 [0 4 0 9 2 0 5 6 0]
 [0 0 5 0 7 0 1 0 0]
 [0 0 0 0 0 0 0 4 0]
 [3 1 0 0 0 0 4 0 6]
 [0 5 0 0 0 0 0 7 0]
 [6 0 7 0 0 0 0 5 1]]
Solution:
[[3 7 8 6 0 2 9 4 0]
 [0 0 9 1 4 5 3 6 7]
 [1 5 6 0 9 3 8 0 2]
 [9 3 5 4 6 1 7 2 0]
 [2 0 1 5 7 8 6 9 4]
 [7 6 4 3 2 9 1 8 5]
 [4 2 3 9 8 0 0 7 1]
 [6 9 7 2 1 4 5 0 3]
 [5 8 0 7 3 6 4 0 9]]
Number of cells unfilled: 13
Accuracy: 83.9506172839506
Sample: 42723
Question:
[[0 0 1 0 0 0 0 0 5]
 [6 7 0 0 3 0 0 0 0]
 [2 0 5 0 0 6 3 7 0]
 [0 0 0 0 0 0 0 0 0]
 [5 0 0 0 1 0 4 0 0]
 [3 0 0 5 0 0 8 0 1]
 [0 0 0 7 0 0 0 0 6]
 [7 6 0 0 2 3 0 0 0]
 [1 0 2 0 5 0 0 0 0]]
Solution:
[[3 7 8 6 0 2 1 4 0]
 [0 0 9 1 4 5 3 6 7]
 [1 5 6 0 9 3 8 0 2]
 [9 3 5 4 6 8 7 1 0]
 [2 0 1 5 7 9 6 3 4]
 [0 6 4 3 2 1 9 8 5]
 [4 2 3 9 8 0 0 7 1]
 [7 9 0 2 1 4 5 0 3]
 [5 8 0 7 3 6 4 2 9]]
Number of cells unfilled: 14
Accuracy: 82.71604938271605
Sample: 42724
Question:
[[0 0 1 0 9 0 5 0 8]
 [0 0 0 0 0 0 0 0 0]
 [0 0 9 0 0 0 0 0 7]
 [0 4 2 0 0 1 0 0 0]
 [5 0 0 0 0 0 9 0 2]
 [9 0 3 2 5 0 0 4 1]
 [0 2 4 1 0 3 0 0 0]
 [3 0 5 0 0 9 0 0 0]
 [0 0 0 5 4 0 2 0 0]]
Solution:
[[3 7 8 6 0 2 1 4 0]
 [0 0 9 1 4 5 3 6 7]
 [1 5 6 0 9 3 8 0 2]
 [9 3 5 4 6 1 7 0 0]
 [2 0 1 5 7 9 6 3 4]
 [7 6 4 3 2 0 9 8 5]
 [4 2 3 9 8 0 0 7 1]
 [6 9 7 2 1 4 5 0 3]
 [5 8 0 7 3 6 4 2 9]]
Number of cells unfilled: 14
Accuracy: 82.71604938271605
Sample: 42725
Question:
[[0 0 3 0 0 7 0 0 2]
 [0 5 0 0 0 0 0 9 0]
 [0 7 8 0 0 0 0 5 3]
 [0 8 9 7 0 5 3 2 0]
 [3 0 0 0 0 0 9 0 0]
 [0 2 0 0 0 0 0 8 7]
 [7 0 0 0 0 3 0 0 8]
 [0 0 2 0 0 0 0 0 0]
 [8 0 5 4 0 6 0 0 0]]
Solution:
[[3 7 8 6 0 2 9 4 0]
 [0 0 9 1 4 5 3 6 7]
 [1 5 6 0 9 3 8 0 2]
 [9 3 5 4 6 1 7 2 0]
 [2 0 1 5 7 8 6 3 4]
 [7 6 4 3 2 9 1 8 5]
 [4 2 3 9 8 0 0 7 1]
 [6 9 7 2 1 4 5 0 3]
 [5 8 0 7 3 6 4 9 0]]
Number of cells unfilled: 13
Accuracy: 83.9506172839506
Sample: 42726
Question:
[[0 0 3 0 0 7 8 4 0]
 [8 0 0 0 0 3 0 9 0]
 [0 0 0 0 8 0 0 0 0]
 [0 8 1 0 3 0 2 0 0]
 [5 7 0 0 2 1 0 0 0]
 [0 0 0 5 0 0 0 0 0]
 [7 0 0 0 1 2 0 0 0]
 [0 2 0 3 0 5 0 7 1]
 [0 0 0 8 0 0 3 0 0]]
Solution:
[[3 7 8 6 0 2 9 4 5]
 [0 0 9 8 4 5 1 6 7]
 [1 5 6 0 9 3 8 0 2]
 [9 3 5 4 6 8 7 1 0]
 [2 0 1 5 7 9 6 3 4]
 [0 6 4 3 2 1 0 8 0]
 [4 2 3 9 8 0 0 7 1]
 [7 9 0 2 1 4 5 0 3]
 [5 8 0 7 3 6 4 2 9]]
Number of cells unfilled: 15
Accuracy: 81.48148148148148
Sample: 42727
Question:
[[0 0 3 0 9 0 1 0 0]
 [0 6 0 0 0 0 0 4 0]
 [0 1 9 7 0 0 0 0 0]
 [0 0 0 9 0 0 2 5 0]
 [0 0 0 6 0 0 0 0 0]
 [0 7 0 0 0 4 0 1 0]
 [0 4 7 0 0 0 0 0 1]
 [0 0 6 3 7 0 0 9 0]
 [3 0 0 4 0 1 0 6 0]]
Solution:
[[3 7 8 6 0 2 1 4 9]
 [0 0 9 1 4 5 3 6 7]
 [1 5 6 0 9 3 8 0 2]
 [9 3 5 4 6 1 7 2 0]
 [2 0 1 5 7 9 6 3 4]
 [0 6 7 3 2 0 9 8 5]
 [4 2 3 9 8 0 0 7 1]
 [7 9 0 2 1 4 5 0 3]
 [5 8 0 7 3 6 4 9 0]]
Number of cells unfilled: 15
Accuracy: 81.48148148148148
Sample: 42728
Question:
[[0 0 5 0 1 7 8 0 0]
 [0 2 0 8 0 4 0 7 5]
 [8 0 0 0 0 0 4 1 0]
 [0 5 2 0 0 0 1 0 7]
 [0 0 0 0 0 0 2 4 0]
 [1 0 0 0 7 0 0 5 8]
 [0 0 7 0 0 6 0 0 0]
 [0 0 0 0 0 0 0 0 0]
 [0 4 8 0 5 9 0 0 0]]
Solution:
[[3 7 8 6 0 2 1 4 9]
 [0 0 9 1 4 5 3 6 7]
 [1 5 6 0 9 3 8 0 2]
 [9 3 5 4 6 8 7 1 0]
 [2 0 1 5 7 9 6 3 4]
 [7 6 4 3 2 1 9 8 5]
 [4 2 3 9 8 0 0 7 1]
 [6 9 7 2 1 4 5 0 3]
 [5 8 0 7 3 6 4 9 0]]
Number of cells unfilled: 12
Accuracy: 85.18518518518519
Sample: 42729
Question:
[[0 0 5 0 8 7 6 0 0]
 [0 6 0 0 0 0 9 0 8]
 [2 0 0 6 0 9 0 5 7]
 [5 0 2 0 0 0 8 0 0]
 [0 8 0 0 7 0 0 6 5]
 [6 7 0 0 0 0 2 0 9]
 [0 0 7 0 0 1 0 0 0]
 [0 0 0 0 0 0 0 0 0]
 [9 0 0 0 5 3 0 0 0]]
Solution:
[[3 7 8 6 0 2 1 4 9]
 [0 0 9 1 4 5 3 6 7]
 [1 5 6 0 9 3 8 0 2]
 [9 3 5 4 6 1 7 2 0]
 [2 0 1 5 7 9 6 3 4]
 [7 6 4 3 2 0 9 8 5]
 [4 2 3 9 8 0 0 7 1]
 [6 9 7 2 1 4 5 0 3]
 [5 8 0 7 3 6 4 9 0]]
Number of cells unfilled: 13
Accuracy: 83.9506172839506
Sample: 42730
Question:
[[0 0 5 6 0 0 0 0 0]
 [8 1 0 0 0 2 6 5 0]
 [0 0 6 0 8 0 0 1 4]
 [0 0 0 0 0 0 0 0 0]
 [0 0 0 0 1 0 0 3 0]
 [4 0 0 0 0 5 0 9 8]
 [0 5 2 1 0 6 0 0 0]
 [0 0 4 0 2 8 0 0 0]
 [6 8 0 4 0 0 0 0 1]]
Solution:
[[3 7 8 6 0 2 1 4 9]
 [0 0 9 1 4 5 3 6 7]
 [1 5 6 0 9 3 8 0 2]
 [9 3 5 4 6 0 7 2 0]
 [2 0 1 8 7 9 6 3 4]
 [7 6 4 3 2 1 9 8 5]
 [4 2 3 9 8 0 0 7 1]
 [6 9 7 2 1 4 5 0 3]
 [5 8 0 7 3 6 4 9 0]]
Number of cells unfilled: 13
Accuracy: 83.9506172839506
Sample: 42731
Question:
[[0 0 7 0 0 0 1 0 0]
 [3 0 2 1 0 0 6 0 0]
 [0 0 0 0 0 0 0 0 0]
 [8 0 0 9 3 0 0 1 0]
 [0 0 0 0 0 0 3 0 4]
 [0 0 0 0 6 4 9 8 0]
 [0 0 0 0 0 6 8 9 0]
 [1 0 8 0 0 0 0 0 3]
 [0 9 6 3 8 0 4 0 1]]
Solution:
[[3 7 8 6 0 2 9 4 0]
 [0 0 9 1 4 5 3 6 7]
 [1 5 6 0 9 3 8 0 2]
 [9 3 5 4 6 1 7 2 0]
 [2 0 1 8 7 9 6 3 4]
 [7 6 4 3 2 0 1 8 5]
 [4 2 3 9 8 0 0 7 1]
 [6 9 7 2 1 4 5 0 3]
 [5 8 0 7 3 6 4 9 0]]
Number of cells unfilled: 14
Accuracy: 82.71604938271605
Sample: 42732
Question:
[[0 0 8 2 0 0 0 4 0]
 [6 0 2 0 3 0 5 7 0]
 [3 0 0 0 0 0 0 0 0]
 [0 6 3 0 0 1 0 0 0]
 [2 8 0 4 0 6 0 0 0]
 [4 0 0 0 0 0 0 8 0]
 [0 0 0 8 0 2 0 0 0]
 [0 0 4 0 1 0 0 3 0]
 [1 2 0 0 4 3 0 6 0]]
Solution:
[[3 7 8 6 0 2 9 4 5]
 [0 0 9 1 4 5 3 6 7]
 [1 5 6 0 9 3 8 0 2]
 [9 3 5 4 6 1 7 2 0]
 [2 0 1 5 7 9 6 3 4]
 [7 6 4 3 2 0 1 8 9]
 [4 2 3 9 8 0 0 7 1]
 [6 9 7 2 1 4 5 0 3]
 [5 8 0 7 3 6 4 9 0]]
Number of cells unfilled: 13
Accuracy: 83.9506172839506
Sample: 42733
Question:
[[0 0 8 3 0 7 0 0 6]
 [0 0 5 0 0 0 0 8 0]
 [7 6 0 0 8 5 4 0 0]
 [0 3 0 6 0 9 5 0 0]
 [0 0 0 0 0 1 0 0 7]
 [0 0 0 0 0 0 0 0 0]
 [6 8 0 7 0 0 0 3 0]
 [0 7 3 0 0 0 6 0 4]
 [5 0 4 0 0 0 8 0 0]]
Solution:
[[3 7 8 6 0 2 1 4 9]
 [0 0 9 8 4 5 3 6 7]
 [1 5 6 0 9 3 8 0 2]
 [9 3 5 4 6 8 7 2 0]
 [2 0 1 5 7 9 6 3 4]
 [7 6 4 3 2 1 9 8 5]
 [4 2 3 9 8 0 0 7 1]
 [6 9 7 2 1 4 5 0 3]
 [5 8 0 7 3 6 4 9 0]]
Number of cells unfilled: 12
Accuracy: 85.18518518518519
Sample: 42734
Question:
[[0 1 0 0 0 0 0 8 9]
 [0 0 0 4 0 0 5 0 0]
 [0 9 5 0 0 0 7 0 0]
 [0 7 4 0 0 0 0 0 0]
 [1 0 0 8 0 0 4 5 0]
 [5 8 0 9 0 0 1 0 7]
 [0 0 0 0 0 0 8 0 0]
 [8 0 0 2 3 0 9 7 0]
 [0 0 7 5 0 0 0 4 0]]
Solution:
[[3 7 8 6 0 2 9 4 0]
 [0 0 9 8 4 5 3 6 7]
 [1 5 6 0 9 3 8 0 2]
 [9 3 5 4 6 1 7 0 0]
 [2 0 1 5 7 9 6 3 4]
 [7 6 4 3 2 0 1 8 5]
 [4 2 3 9 8 0 0 7 1]
 [6 9 7 2 1 4 5 0 3]
 [5 8 0 7 3 6 4 2 9]]
Number of cells unfilled: 14
Accuracy: 82.71604938271605
Sample: 42735
Question:
[[0 1 9 0 0 5 0 0 0]
 [8 0 2 4 0 9 0 0 0]
 [4 0 0 1 8 0 0 2 0]
 [9 8 0 0 0 0 3 7 0]
 [1 0 0 0 0 0 0 0 0]
 [0 2 0 8 0 0 0 4 0]
 [0 4 0 0 5 0 8 0 0]
 [5 0 0 0 4 1 0 9 0]
 [0 0 1 2 0 0 0 0 0]]
Solution:
[[3 7 8 6 0 2 1 4 9]
 [0 0 9 1 4 5 3 6 7]
 [1 5 6 0 9 3 8 0 2]
 [9 3 5 4 6 0 7 2 0]
 [2 0 1 8 7 9 6 3 4]
 [7 6 4 3 2 1 9 8 5]
 [4 2 3 9 8 0 0 7 1]
 [6 9 7 2 1 4 5 0 3]
 [5 8 0 7 3 6 4 9 0]]
Number of cells unfilled: 13
Accuracy: 83.9506172839506
Sample: 42736
Question:
[[0 3 0 1 0 0 9 0 0]
 [7 0 0 0 0 0 0 0 8]
 [0 9 8 0 2 0 0 3 0]
 [1 0 0 0 9 0 7 0 0]
 [0 0 0 5 4 0 1 2 0]
 [0 0 0 0 0 0 0 8 0]
 [9 0 2 0 0 0 0 1 7]
 [8 1 0 0 0 0 0 9 0]
 [0 7 3 0 0 0 8 0 2]]
Solution:
[[3 7 8 6 0 2 1 4 5]
 [0 0 9 1 4 5 3 6 7]
 [1 5 6 0 9 3 8 0 2]
 [9 3 5 4 6 1 7 2 0]
 [2 0 1 8 7 9 6 5 4]
 [0 6 7 3 2 0 9 8 0]
 [4 2 3 9 8 0 0 7 1]
 [7 9 0 2 1 4 5 0 3]
 [5 8 0 7 3 6 4 9 0]]
Number of cells unfilled: 16
Accuracy: 80.24691358024691
Sample: 42737
Question:
[[0 4 0 0 0 0 5 0 0]
 [5 0 0 0 6 0 8 1 0]
 [0 0 0 0 0 1 0 0 2]
 [2 0 0 0 0 0 4 0 1]
 [0 0 6 0 0 0 0 8 0]
 [4 8 0 0 1 5 2 6 0]
 [0 5 0 0 7 9 0 0 0]
 [0 2 0 0 0 0 0 0 0]
 [0 0 1 0 0 6 0 0 4]]
Solution:
[[3 7 8 6 0 2 9 4 0]
 [0 0 9 1 4 5 3 6 7]
 [1 5 6 0 9 3 8 0 2]
 [9 3 5 4 6 1 7 2 0]
 [2 0 1 8 7 0 6 3 4]
 [7 6 4 3 2 9 1 8 5]
 [4 2 3 9 8 0 0 7 1]
 [6 9 7 2 1 4 5 0 3]
 [5 8 0 7 3 6 4 9 0]]
Number of cells unfilled: 14
Accuracy: 82.71604938271605
Sample: 42738
Question:
[[0 4 0 0 0 3 0 0 5]
 [0 0 5 4 0 7 0 0 1]
 [0 0 0 0 0 0 0 0 0]
 [1 2 0 0 0 0 8 0 9]
 [0 0 0 0 0 0 0 2 4]
 [0 0 9 8 0 0 5 0 0]
 [0 1 0 0 0 0 9 0 8]
 [0 0 0 5 0 0 0 4 0]
 [8 0 0 0 9 1 0 5 2]]
Solution:
[[3 7 8 6 0 2 9 4 0]
 [0 0 9 8 4 5 3 6 7]
 [1 5 6 0 9 3 8 0 2]
 [9 3 5 4 6 1 7 2 0]
 [2 0 1 5 7 8 6 3 4]
 [7 6 4 3 2 9 1 8 5]
 [4 2 3 9 8 0 0 7 1]
 [6 9 7 2 1 4 5 0 3]
 [5 8 0 7 3 6 4 9 0]]
Number of cells unfilled: 13
Accuracy: 83.9506172839506
Sample: 42739
Question:
[[0 4 2 0 0 8 0 0 3]
 [0 5 0 0 6 0 0 0 0]
 [0 0 0 0 0 0 0 0 0]
 [0 0 0 7 0 0 8 0 0]
 [7 8 0 0 3 1 0 6 2]
 [0 6 3 0 2 0 7 0 0]
 [0 0 6 3 0 0 0 2 7]
 [0 0 0 0 1 2 0 0 6]
 [0 0 0 0 0 7 1 8 0]]
Solution:
[[3 7 8 6 0 2 1 4 0]
 [0 0 9 8 4 5 3 6 7]
 [1 5 6 0 9 3 8 0 2]
 [9 3 5 4 6 8 7 1 0]
 [2 0 1 5 7 9 6 3 4]
 [0 6 4 3 2 1 9 8 5]
 [4 2 3 9 8 0 0 7 1]
 [7 9 0 2 1 4 5 0 3]
 [5 8 0 7 3 6 4 2 9]]
Number of cells unfilled: 14
Accuracy: 82.71604938271605
Sample: 42740
Question:
[[0 4 6 0 9 0 0 1 0]
 [1 0 0 3 0 0 0 0 6]
 [3 0 9 0 0 0 0 4 5]
 [0 0 4 0 5 9 6 0 3]
 [9 0 0 0 0 0 0 5 1]
 [0 6 0 1 3 0 0 9 0]
 [0 3 0 0 2 0 0 0 0]
 [0 0 5 6 8 0 0 0 0]
 [0 0 0 0 0 0 0 0 0]]
Solution:
[[3 7 8 6 0 2 1 4 5]
 [0 0 9 8 4 5 3 6 7]
 [1 5 6 0 9 3 8 0 2]
 [9 3 5 4 6 1 7 0 0]
 [2 0 1 5 7 9 6 3 4]
 [0 6 7 3 2 0 9 8 0]
 [4 2 3 9 8 0 0 7 1]
 [7 9 0 2 1 4 5 0 3]
 [5 8 0 7 3 6 4 2 9]]
Number of cells unfilled: 16
Accuracy: 80.24691358024691
Sample: 42741
Question:
[[0 5 0 6 0 3 0 1 2]
 [6 2 0 0 9 0 0 0 5]
 [0 0 1 0 0 0 9 0 0]
 [2 0 0 0 0 9 6 0 0]
 [0 0 0 7 0 8 0 3 0]
 [0 0 0 0 0 0 0 5 0]
 [5 0 0 0 0 6 0 9 0]
 [0 1 6 0 0 0 0 0 3]
 [9 3 0 0 0 0 0 2 0]]
Solution:
[[3 7 8 6 0 2 9 4 0]
 [0 0 9 1 4 5 3 6 7]
 [1 5 6 0 9 3 8 0 2]
 [9 3 5 4 6 1 7 2 0]
 [2 0 1 5 7 8 6 9 4]
 [7 6 4 3 2 9 1 8 5]
 [4 2 3 9 8 0 0 7 1]
 [6 9 7 2 1 4 5 0 3]
 [5 8 0 7 3 6 4 0 9]]
Number of cells unfilled: 13
Accuracy: 83.9506172839506
Sample: 42742
Question:
[[0 6 5 3 4 0 0 0 0]
 [0 0 2 0 8 0 0 0 4]
 [0 8 0 2 0 6 0 3 0]
 [0 0 0 0 0 0 0 0 0]
 [0 0 0 0 0 0 0 9 0]
 [8 0 0 5 0 3 0 7 2]
 [0 5 0 4 0 0 0 0 0]
 [2 0 4 6 0 0 3 5 0]
 [0 3 0 0 0 2 0 4 8]]
Solution:
[[3 7 8 6 0 2 1 4 9]
 [0 0 9 1 4 5 3 6 7]
 [1 5 6 0 9 3 8 0 2]
 [9 3 5 4 6 0 7 2 0]
 [2 0 1 8 7 9 6 3 4]
 [7 6 4 3 2 1 9 8 5]
 [4 2 3 9 8 0 0 7 1]
 [6 9 7 2 1 4 5 0 3]
 [5 8 0 7 3 6 4 9 0]]
Number of cells unfilled: 13
Accuracy: 83.9506172839506
Sample: 42743
Question:
[[0 8 0 0 0 0 0 0 0]
 [0 1 0 0 0 0 7 0 6]
 [0 0 4 0 0 5 2 0 0]
 [1 0 0 3 0 0 0 0 0]
 [0 2 0 0 0 8 4 0 0]
 [4 5 0 1 0 2 0 0 0]
 [5 3 0 8 0 0 1 0 4]
 [8 0 0 5 0 4 0 2 0]
 [0 0 2 0 3 0 0 0 0]]
Solution:
[[3 7 8 6 0 2 1 4 9]
 [0 0 9 1 4 5 3 6 7]
 [1 5 6 0 9 3 8 0 2]
 [9 3 5 4 6 1 7 2 0]
 [2 0 1 8 7 9 6 3 4]
 [7 6 4 3 2 0 9 8 5]
 [4 2 3 9 8 0 0 7 1]
 [6 9 7 2 1 4 5 0 3]
 [5 8 0 7 3 6 4 9 0]]
Number of cells unfilled: 13
Accuracy: 83.9506172839506
Sample: 42744
Question:
[[1 0 8 0 0 4 0 0 0]
 [6 9 0 8 7 0 0 0 0]
 [0 7 4 0 6 1 0 0 0]
 [0 0 6 0 0 0 0 0 0]
 [4 0 0 0 1 9 0 7 0]
 [9 0 0 4 0 0 1 8 0]
 [0 0 0 1 0 7 2 5 0]
 [0 0 0 0 0 8 0 0 0]
 [0 0 1 6 0 0 0 4 0]]
Solution:
[[3 7 8 6 0 2 1 4 9]
 [0 0 9 8 4 5 3 6 7]
 [1 5 6 0 9 3 8 0 2]
 [9 3 5 4 6 8 7 2 0]
 [2 0 1 5 7 9 6 3 4]
 [7 6 4 3 2 1 9 8 5]
 [4 2 3 9 8 0 0 7 1]
 [6 9 7 2 1 4 5 0 3]
 [5 8 0 7 3 6 4 9 0]]
Number of cells unfilled: 12
Accuracy: 85.18518518518519
Sample: 42745
Question:
[[2 0 4 0 0 0 0 0 0]
 [0 8 0 2 6 0 7 0 0]
 [0 7 0 0 1 0 0 0 8]
 [0 0 0 0 0 0 0 0 6]
 [0 0 2 0 7 0 4 0 0]
 [0 0 0 3 9 0 2 0 1]
 [1 0 7 0 0 0 0 4 2]
 [8 4 0 0 0 0 6 1 0]
 [0 0 6 0 0 0 0 0 7]]
Solution:
[[3 7 8 6 0 2 1 4 9]
 [0 0 9 8 4 5 3 6 7]
 [1 5 6 0 9 3 8 0 2]
 [9 3 5 4 6 8 7 2 0]
 [2 0 1 5 7 9 6 3 4]
 [7 6 4 3 2 1 9 8 5]
 [4 2 3 9 8 0 0 7 1]
 [6 9 7 2 1 4 5 0 3]
 [5 8 0 7 3 6 4 9 0]]
Number of cells unfilled: 12
Accuracy: 85.18518518518519
Sample: 42746
Question:
[[4 0 0 0 0 0 0 0 0]
 [0 0 6 5 0 3 0 7 0]
 [0 3 7 2 4 0 0 0 0]
 [0 6 0 0 5 0 0 0 1]
 [0 0 5 0 0 0 0 0 0]
 [0 2 0 0 0 6 0 5 9]
 [0 4 0 7 0 0 3 0 2]
 [0 7 3 6 2 0 0 0 0]
 [5 0 0 0 0 0 0 6 0]]
Solution:
[[3 7 8 6 0 2 1 4 9]
 [0 0 9 1 4 5 3 6 7]
 [1 5 6 0 9 3 8 0 2]
 [9 3 5 4 6 8 7 2 0]
 [2 0 1 5 7 9 6 3 4]
 [7 6 4 3 2 1 9 8 5]
 [4 2 3 9 8 0 0 7 1]
 [6 9 7 2 1 4 5 0 3]
 [5 8 0 7 3 6 4 9 0]]
Number of cells unfilled: 12
Accuracy: 85.18518518518519
Sample: 42747
Question:
[[5 0 0 6 0 0 9 0 0]
 [0 0 0 3 8 0 5 4 0]
 [0 0 0 0 0 0 0 1 0]
 [9 0 5 0 0 0 0 0 1]
 [0 2 0 0 0 0 6 9 0]
 [0 6 1 4 0 0 0 2 5]
 [1 0 0 9 0 0 0 6 0]
 [0 0 2 0 0 0 1 0 4]
 [6 0 4 0 0 0 0 5 0]]
Solution:
[[3 7 8 6 0 2 9 4 0]
 [0 0 9 1 4 5 3 6 7]
 [1 5 6 0 9 3 8 0 2]
 [9 3 5 4 6 1 7 0 0]
 [2 0 1 8 7 9 6 3 4]
 [7 6 4 3 2 0 1 8 5]
 [4 2 3 9 8 0 0 7 1]
 [6 9 7 2 1 4 5 0 3]
 [5 8 0 7 3 6 4 2 9]]
Number of cells unfilled: 14
Accuracy: 82.71604938271605
Sample: 42748
Question:
[[5 0 1 0 0 0 0 2 3]
 [3 8 0 0 0 0 6 5 0]
 [0 6 0 0 0 0 0 0 0]
 [0 5 0 9 0 4 0 0 1]
 [0 0 3 6 0 0 8 0 0]
 [0 1 0 0 0 0 0 0 0]
 [0 0 6 0 0 0 0 0 0]
 [8 2 0 5 0 0 0 1 6]
 [1 0 0 2 0 0 3 8 0]]
Solution:
[[3 7 8 6 0 2 1 4 9]
 [0 0 9 1 4 5 3 6 7]
 [1 5 6 0 9 3 8 0 2]
 [9 3 5 4 6 8 7 1 0]
 [2 0 1 5 7 9 6 3 4]
 [7 6 4 3 2 1 9 8 5]
 [4 2 3 9 8 0 0 7 1]
 [6 9 7 2 1 4 5 0 3]
 [5 8 0 7 3 6 4 9 0]]
Number of cells unfilled: 12
Accuracy: 85.18518518518519
Sample: 42749
Question:
[[5 0 8 0 0 0 0 0 6]
 [7 0 0 0 0 0 5 3 0]
 [0 0 3 0 0 4 0 0 8]
 [3 8 0 0 0 5 0 0 7]
 [6 0 4 0 0 0 3 0 0]
 [0 7 0 6 0 0 0 8 4]
 [0 0 0 1 0 9 0 6 5]
 [0 0 6 0 0 8 0 4 0]
 [0 0 0 0 0 0 0 0 3]]
Solution:
[[3 7 8 6 0 2 1 4 0]
 [0 0 9 1 4 5 3 6 7]
 [1 5 6 0 9 3 8 0 2]
 [9 3 5 4 6 0 7 1 0]
 [2 0 1 8 7 9 6 3 4]
 [7 6 4 3 2 1 9 8 5]
 [4 2 3 9 8 0 0 7 1]
 [6 9 7 2 1 4 5 0 3]
 [5 8 0 7 3 6 4 2 9]]
Number of cells unfilled: 13
Accuracy: 83.9506172839506
Sample: 42750
Question:
[[5 6 0 0 4 7 0 0 0]
 [9 0 0 0 0 0 0 0 0]
 [0 1 0 0 2 0 0 0 6]
 [0 2 0 0 0 6 8 0 0]
 [8 0 0 0 5 0 2 9 0]
 [0 0 9 0 0 0 0 6 1]
 [2 0 0 0 1 0 0 0 9]
 [6 0 1 0 0 0 0 5 2]
 [0 9 5 0 0 0 0 8 0]]
Solution:
[[3 7 8 6 0 2 9 4 0]
 [0 0 9 1 4 5 3 6 7]
 [1 5 6 0 9 3 8 0 2]
 [9 3 5 4 6 1 7 2 0]
 [2 0 1 8 7 0 6 9 4]
 [7 6 4 3 2 9 1 8 5]
 [4 2 3 9 8 0 0 7 1]
 [6 9 7 2 1 4 5 0 3]
 [5 8 0 7 3 6 4 0 9]]
Number of cells unfilled: 14
Accuracy: 82.71604938271605
Sample: 42751
Question:
[[5 7 0 8 3 0 4 0 0]
 [0 0 8 0 0 0 0 0 0]
 [0 0 0 0 1 0 0 0 0]
 [8 0 0 4 0 0 0 0 0]
 [4 6 0 0 7 5 8 9 0]
 [0 9 0 0 0 0 0 0 7]
 [6 0 0 0 0 0 0 0 0]
 [0 0 4 9 0 0 5 8 0]
 [0 5 9 0 0 0 0 7 6]]
Solution:
[[3 7 8 6 0 2 9 4 0]
 [0 0 9 1 4 5 3 6 7]
 [1 5 6 0 9 3 8 0 2]
 [9 3 5 4 6 1 7 2 0]
 [2 0 1 8 7 0 6 3 4]
 [7 6 4 3 2 9 1 8 5]
 [4 2 3 9 8 0 0 7 1]
 [6 9 7 2 1 4 5 0 3]
 [5 8 0 7 3 6 4 9 0]]
Number of cells unfilled: 14
Accuracy: 82.71604938271605
Sample: 42752
Question:
[[7 0 0 0 0 0 0 0 4]
 [0 0 1 0 9 0 7 2 0]
 [0 0 0 0 0 8 0 9 1]
 [9 0 7 0 8 2 0 4 0]
 [0 1 0 0 4 0 0 8 0]
 [0 0 0 1 0 7 2 0 0]
 [0 0 0 0 0 4 0 0 0]
 [3 0 6 0 0 9 0 0 0]
 [1 0 0 7 0 0 0 0 8]]
Solution:
[[3 7 8 6 0 2 9 4 5]
 [0 0 9 1 4 5 3 6 7]
 [1 5 6 0 9 3 8 0 2]
 [9 3 5 4 6 1 7 2 0]
 [2 0 1 8 7 9 6 5 4]
 [0 6 4 3 2 0 1 8 9]
 [4 2 3 9 8 0 0 7 1]
 [7 9 0 2 1 4 5 0 3]
 [5 8 0 7 3 6 4 9 0]]
Number of cells unfilled: 15
Accuracy: 81.48148148148148
Sample: 42753
Question:
[[8 3 0 0 0 1 2 9 0]
 [1 0 0 0 0 0 7 0 0]
 [0 0 9 0 0 0 0 0 0]
 [0 0 0 0 9 3 0 5 0]
 [0 6 0 1 0 0 0 0 0]
 [3 0 5 6 8 0 0 0 0]
 [5 0 0 8 0 0 0 0 0]
 [6 1 0 0 5 9 8 0 3]
 [0 9 0 0 0 0 0 1 0]]
Solution:
[[3 7 8 6 0 2 1 4 9]
 [0 0 9 1 4 5 3 6 7]
 [1 5 6 0 9 3 8 0 2]
 [9 3 5 4 6 8 7 1 0]
 [2 0 1 5 7 9 6 3 4]
 [7 6 4 3 2 1 9 8 5]
 [4 2 3 9 8 0 0 7 1]
 [6 9 7 2 1 4 5 0 3]
 [5 8 0 7 3 6 4 9 0]]
Number of cells unfilled: 12
Accuracy: 85.18518518518519
Sample: 42754
Question:
[[6 0 0 9 0 3 0 0 0]
 [0 0 0 0 1 2 0 0 0]
 [0 0 7 0 0 6 0 0 5]
 [9 7 0 0 8 0 0 0 2]
 [0 0 4 0 6 0 0 9 0]
 [0 2 0 5 0 0 0 0 1]
 [4 0 5 0 0 0 0 0 0]
 [0 0 1 0 0 0 4 7 0]
 [0 0 3 0 0 0 0 0 0]]
Solution:
[[3 7 8 6 0 2 1 4 9]
 [0 0 9 1 4 5 3 6 7]
 [1 5 6 0 9 3 8 0 2]
 [9 3 5 4 6 1 7 2 0]
 [2 0 1 8 7 9 6 3 4]
 [7 6 4 3 2 0 9 8 5]
 [4 2 3 9 8 0 0 7 1]
 [6 9 7 2 1 4 5 0 3]
 [5 8 0 7 3 6 4 9 0]]
Number of cells unfilled: 13
Accuracy: 83.9506172839506
Sample: 42755
Question:
[[0 0 0 4 2 0 0 0 0]
 [0 0 5 0 0 0 0 9 0]
 [0 6 0 0 0 5 0 1 7]
 [0 4 0 0 0 2 0 0 1]
 [2 0 6 0 0 4 0 0 0]
 [9 0 0 0 1 0 0 0 0]
 [0 0 3 0 4 0 5 0 0]
 [0 7 0 0 8 0 0 4 0]
 [1 0 0 2 0 7 8 0 0]]
Solution:
[[3 7 8 6 0 2 9 4 0]
 [0 0 9 8 4 5 3 6 7]
 [1 5 6 0 9 3 8 0 2]
 [9 3 5 4 6 1 7 2 0]
 [2 0 1 5 7 8 6 3 4]
 [7 6 4 3 2 9 1 8 5]
 [4 2 3 9 8 0 0 7 1]
 [6 9 7 2 1 4 5 0 3]
 [5 8 0 7 3 6 4 9 0]]
Number of cells unfilled: 13
Accuracy: 83.9506172839506
Sample: 42756
Question:
[[0 9 0 0 2 0 0 0 8]
 [5 0 0 0 0 4 2 0 0]
 [0 0 2 0 0 0 0 7 0]
 [0 0 4 0 0 7 3 0 0]
 [3 0 0 0 0 0 0 5 0]
 [0 6 0 0 9 0 0 0 2]
 [0 0 0 8 0 9 0 0 1]
 [0 1 0 0 0 2 0 0 0]
 [6 0 0 0 1 0 0 0 0]]
Solution:
[[3 7 8 6 0 2 1 4 9]
 [0 0 9 1 4 5 3 6 7]
 [1 5 6 0 9 3 8 0 2]
 [9 3 5 4 6 1 7 2 0]
 [2 0 1 5 7 9 6 3 4]
 [0 6 7 3 2 0 9 8 5]
 [4 2 3 9 8 0 0 7 1]
 [7 9 0 2 1 4 5 0 3]
 [5 8 0 7 3 6 4 9 0]]
Number of cells unfilled: 15
Accuracy: 81.48148148148148
Sample: 42757
Question:
[[5 0 9 0 3 0 0 0 0]
 [7 0 0 2 0 0 0 0 8]
 [0 4 0 0 0 0 3 5 0]
 [1 0 0 0 7 2 0 8 0]
 [0 0 0 0 6 0 0 0 2]
 [0 0 0 8 0 0 1 0 0]
 [0 0 5 0 0 0 0 4 0]
 [0 7 0 0 0 9 0 0 0]
 [6 0 0 7 0 0 0 0 1]]
Solution:
[[3 7 8 6 0 2 1 4 0]
 [0 0 9 1 4 5 3 6 7]
 [1 5 6 0 9 3 8 0 2]
 [9 3 5 4 6 0 7 1 0]
 [2 0 1 8 7 9 6 3 4]
 [7 6 4 3 2 1 9 8 5]
 [4 2 3 9 8 0 0 7 1]
 [6 9 7 2 1 4 5 0 3]
 [5 8 0 7 3 6 4 2 9]]
Number of cells unfilled: 13
Accuracy: 83.9506172839506
Sample: 42758
Question:
[[0 7 0 0 0 0 3 9 0]
 [0 0 0 0 0 1 0 8 0]
 [8 0 0 9 3 0 0 0 6]
 [0 0 0 2 0 0 0 0 0]
 [3 0 0 0 5 0 6 0 0]
 [0 0 7 0 0 0 0 5 0]
 [0 0 2 0 0 8 9 0 0]
 [4 0 0 0 9 0 0 6 0]
 [0 1 0 0 0 5 0 0 4]]
Solution:
[[3 7 8 6 0 2 9 4 5]
 [0 0 9 1 4 5 3 6 7]
 [1 5 6 0 9 3 8 0 2]
 [9 3 5 4 6 1 7 0 0]
 [2 0 1 8 7 9 6 3 4]
 [0 6 4 3 2 0 1 8 0]
 [4 2 3 9 8 0 0 7 1]
 [7 9 0 2 1 4 5 0 3]
 [5 8 0 7 3 6 4 2 9]]
Number of cells unfilled: 16
Accuracy: 80.24691358024691
Sample: 42759
Question:
[[4 9 6 0 0 0 0 0 8]
 [0 8 0 0 0 0 4 5 7]
 [0 1 0 0 0 0 0 0 0]
 [0 0 2 0 0 5 0 3 4]
 [0 0 4 0 6 0 0 0 0]
 [0 0 0 2 0 0 1 0 0]
 [0 0 5 9 0 0 7 0 6]
 [0 0 0 0 0 3 5 8 0]
 [0 0 0 0 2 6 0 0 0]]
Solution:
[[3 7 8 6 0 2 9 4 0]
 [0 0 9 1 4 5 3 6 7]
 [1 5 6 0 9 3 8 0 2]
 [9 3 5 4 6 8 7 2 0]
 [2 0 1 5 7 0 6 3 4]
 [7 6 4 3 2 9 1 8 5]
 [4 2 3 9 8 0 0 7 1]
 [6 9 7 2 1 4 5 0 3]
 [5 8 0 7 3 6 4 9 0]]
Number of cells unfilled: 14
Accuracy: 82.71604938271605
Sample: 42760
Question:
[[0 1 0 0 0 0 0 8 9]
 [0 0 7 3 0 9 0 0 2]
 [2 0 0 0 0 4 0 0 6]
 [0 0 4 0 2 0 0 5 0]
 [5 0 0 0 0 1 4 9 0]
 [0 6 3 0 7 5 1 0 0]
 [3 0 2 1 9 0 0 7 0]
 [7 0 0 8 0 2 0 3 0]
 [0 9 0 0 5 0 0 0 4]]
Solution:
[[3 7 8 6 0 2 1 4 9]
 [0 0 9 1 4 5 3 6 7]
 [1 5 6 0 9 3 8 0 2]
 [9 3 5 4 6 1 7 2 0]
 [2 0 1 8 7 9 6 3 4]
 [0 6 4 3 2 0 9 8 5]
 [4 2 3 9 8 0 0 7 1]
 [7 9 0 2 1 4 5 0 3]
 [5 8 0 7 3 6 4 9 0]]
Number of cells unfilled: 15
Accuracy: 81.48148148148148
Sample: 42761
Question:
[[0 8 0 5 0 0 6 0 0]
 [4 0 0 0 0 1 0 8 5]
 [0 0 0 0 0 0 0 9 2]
 [0 0 1 0 7 0 0 0 0]
 [6 0 0 0 0 3 0 0 0]
 [0 2 0 8 0 0 0 6 0]
 [0 5 0 9 0 0 0 0 6]
 [0 0 7 0 0 4 2 5 0]
 [3 0 0 0 0 0 9 0 0]]
Solution:
[[3 7 8 6 0 2 1 4 9]
 [0 0 9 8 4 5 3 6 7]
 [1 5 6 0 9 3 8 0 2]
 [9 3 5 4 6 8 7 1 0]
 [2 0 1 5 7 9 6 3 4]
 [7 6 4 3 2 1 9 8 5]
 [4 2 3 9 8 0 0 7 1]
 [6 9 7 2 1 4 5 0 3]
 [5 8 0 7 3 6 4 9 0]]
Number of cells unfilled: 12
Accuracy: 85.18518518518519
Sample: 42762
Question:
[[0 5 0 0 0 0 0 0 6]
 [2 0 8 0 0 0 5 0 0]
 [3 0 0 0 0 5 0 8 0]
 [0 0 4 0 0 0 0 0 0]
 [0 0 0 4 9 0 0 0 3]
 [0 3 0 0 0 8 2 4 0]
 [1 0 0 0 7 0 0 9 0]
 [0 0 0 1 0 0 0 0 7]
 [0 8 0 0 0 3 6 0 0]]
Solution:
[[3 7 8 6 0 2 9 4 5]
 [0 0 9 1 4 5 3 6 7]
 [1 5 6 0 9 3 8 0 2]
 [9 3 5 4 6 1 7 0 0]
 [2 0 1 8 7 9 6 5 4]
 [7 6 4 3 2 0 1 8 0]
 [4 2 3 9 8 0 0 7 1]
 [6 9 7 2 1 4 5 0 3]
 [5 8 0 7 3 6 4 2 9]]
Number of cells unfilled: 14
Accuracy: 82.71604938271605
Sample: 42763
Question:
[[2 0 0 0 0 0 0 0 0]
 [0 0 0 5 1 0 4 0 0]
 [0 1 0 0 0 9 0 6 0]
 [0 0 2 0 0 6 0 0 4]
 [0 6 0 0 9 0 0 1 0]
 [0 0 3 0 0 0 7 0 0]
 [0 5 0 9 0 0 0 8 0]
 [0 0 1 0 0 8 0 0 7]
 [0 2 0 0 6 0 3 0 0]]
Solution:
[[3 7 8 6 0 2 1 4 0]
 [0 0 9 1 4 5 3 6 7]
 [1 5 6 0 9 3 8 0 2]
 [9 3 5 4 6 0 7 1 0]
 [2 0 1 8 7 9 6 3 4]
 [7 6 4 3 2 1 9 8 5]
 [4 2 3 9 8 0 0 7 1]
 [6 9 7 2 1 4 5 0 3]
 [5 8 0 7 3 6 4 2 9]]
Number of cells unfilled: 13
Accuracy: 83.9506172839506
Sample: 42764
Question:
[[0 0 6 0 0 0 1 0 0]
 [0 0 0 6 3 0 0 2 0]
 [0 2 0 0 0 1 8 0 0]
 [0 0 3 0 0 7 0 8 0]
 [0 9 0 1 4 0 0 0 0]
 [0 0 1 0 0 8 9 6 0]
 [0 0 0 0 0 0 0 0 5]
 [7 0 0 0 1 0 0 0 0]
 [0 0 2 0 0 3 0 1 0]]
Solution:
[[3 7 8 6 0 2 9 4 5]
 [0 0 9 1 4 5 3 6 7]
 [1 5 6 0 9 3 8 0 2]
 [9 3 5 4 6 8 7 1 0]
 [2 0 1 5 7 9 6 3 4]
 [0 6 7 3 2 1 0 8 0]
 [4 2 3 9 8 0 0 7 1]
 [7 9 0 2 1 4 5 0 3]
 [5 8 0 7 3 6 4 2 9]]
Number of cells unfilled: 15
Accuracy: 81.48148148148148
Sample: 42765
Question:
[[2 1 8 0 0 4 0 0 0]
 [0 4 0 2 0 0 0 8 0]
 [0 0 0 0 0 6 5 0 0]
 [0 9 0 4 0 1 0 6 0]
 [0 0 0 0 0 0 0 0 7]
 [0 0 7 0 0 0 0 5 4]
 [6 0 3 0 0 8 4 0 0]
 [0 7 0 0 0 0 0 0 0]
 [0 0 0 1 3 0 0 0 0]]
Solution:
[[3 7 8 6 0 2 9 4 0]
 [0 0 9 1 4 5 3 6 7]
 [1 5 6 0 9 3 8 0 2]
 [9 3 5 4 6 1 7 2 0]
 [2 0 1 8 7 0 6 3 4]
 [7 6 4 3 2 9 1 8 5]
 [4 2 3 9 8 0 0 7 1]
 [6 9 7 2 1 4 5 0 3]
 [5 8 0 7 3 6 4 9 0]]
Number of cells unfilled: 14
Accuracy: 82.71604938271605
Sample: 42766
Question:
[[8 6 0 1 0 0 9 0 4]
 [0 0 1 0 8 9 0 0 5]
 [0 7 0 3 6 0 0 0 0]
 [0 8 0 6 3 1 0 0 7]
 [0 0 0 0 9 0 8 0 0]
 [0 0 0 0 0 0 0 4 1]
 [6 0 0 0 0 0 0 2 0]
 [0 0 7 0 0 0 4 0 0]
 [0 0 0 9 0 5 0 0 6]]
Solution:
[[3 7 8 6 0 2 9 4 0]
 [0 0 9 8 4 5 3 6 7]
 [1 5 6 0 9 3 8 0 2]
 [9 3 5 4 6 1 7 2 0]
 [2 0 1 5 7 9 6 3 4]
 [0 6 7 3 2 0 1 8 5]
 [4 2 3 9 8 0 0 7 1]
 [7 9 0 2 1 4 5 0 3]
 [5 8 0 7 3 6 4 9 0]]
Number of cells unfilled: 16
Accuracy: 80.24691358024691
Sample: 42767
Question:
[[8 5 0 9 0 1 3 0 0]
 [0 0 0 0 0 0 0 0 0]
 [0 3 0 0 0 0 7 0 8]
 [0 0 8 0 0 0 0 0 0]
 [0 9 0 0 6 0 0 0 4]
 [2 0 0 0 0 3 5 0 0]
 [4 0 0 0 7 2 0 0 0]
 [0 2 0 5 0 0 0 0 6]
 [9 0 0 0 3 4 0 7 0]]
Solution:
[[3 7 8 6 0 2 9 4 0]
 [0 0 9 8 4 5 3 6 7]
 [1 5 6 0 9 3 8 0 2]
 [9 3 5 4 6 1 7 2 0]
 [2 0 1 5 7 8 6 9 4]
 [7 6 4 3 2 9 1 8 5]
 [4 2 3 9 8 0 0 7 1]
 [6 9 7 2 1 4 5 0 3]
 [5 8 0 7 3 6 4 0 9]]
Number of cells unfilled: 13
Accuracy: 83.9506172839506
Sample: 42768
Question:
[[3 0 9 0 7 0 0 0 0]
 [0 0 0 0 0 0 0 7 8]
 [8 0 0 3 0 0 5 0 6]
 [0 0 4 2 0 0 0 0 0]
 [1 0 0 0 0 9 8 0 2]
 [0 7 0 0 8 4 0 6 9]
 [5 9 0 6 4 0 0 0 0]
 [0 0 0 0 0 0 0 8 0]
 [0 0 0 0 0 3 0 0 0]]
Solution:
[[3 7 8 6 0 2 1 4 5]
 [0 0 9 1 4 5 3 6 7]
 [1 5 6 0 9 3 8 0 2]
 [9 3 5 4 6 1 7 2 0]
 [2 0 1 8 7 9 6 5 4]
 [7 6 4 3 2 0 9 8 0]
 [4 2 3 9 8 0 0 7 1]
 [6 9 7 2 1 4 5 0 3]
 [5 8 0 7 3 6 4 9 0]]
Number of cells unfilled: 14
Accuracy: 82.71604938271605
Sample: 42769
Question:
[[0 0 3 4 1 0 8 0 0]
 [0 4 0 0 0 5 0 0 2]
 [0 0 0 0 6 0 0 4 0]
 [0 7 0 0 0 8 2 0 0]
 [8 0 0 0 9 0 0 0 7]
 [3 0 6 0 0 0 0 8 0]
 [9 0 0 0 0 0 0 0 1]
 [0 5 0 0 0 1 0 2 0]
 [0 0 0 0 0 0 5 0 0]]
Solution:
[[3 7 8 6 0 2 1 4 0]
 [0 0 9 8 4 5 3 6 7]
 [1 5 6 0 9 3 8 0 2]
 [9 3 5 4 6 8 7 1 0]
 [2 0 1 5 7 9 6 3 4]
 [7 6 4 3 2 1 9 8 5]
 [4 2 3 9 8 0 0 7 1]
 [6 9 7 2 1 4 5 0 3]
 [5 8 0 7 3 6 4 2 9]]
Number of cells unfilled: 12
Accuracy: 85.18518518518519
Sample: 42770
Question:
[[4 6 0 0 7 0 8 0 1]
 [0 0 1 0 0 6 4 0 0]
 [0 0 0 0 0 0 0 6 0]
 [0 8 0 0 0 1 0 7 0]
 [0 0 0 0 9 0 2 0 0]
 [5 0 2 0 0 0 0 0 0]
 [0 4 0 0 0 7 0 8 0]
 [7 0 0 0 5 0 9 0 3]
 [0 0 0 3 0 0 0 0 0]]
Solution:
[[3 7 8 6 0 2 1 4 5]
 [0 0 9 1 4 5 3 6 7]
 [1 5 6 0 9 3 8 0 2]
 [9 3 5 4 6 1 7 0 0]
 [2 0 1 8 7 9 6 5 4]
 [7 6 4 3 2 0 9 8 0]
 [4 2 3 9 8 0 0 7 1]
 [6 9 7 2 1 4 5 0 3]
 [5 8 0 7 3 6 4 2 9]]
Number of cells unfilled: 14
Accuracy: 82.71604938271605
Sample: 42771
Question:
[[0 5 4 2 0 0 3 0 0]
 [6 0 0 0 0 0 0 5 4]
 [0 1 0 0 0 0 0 0 2]
 [0 0 0 0 0 0 0 4 0]
 [0 0 0 0 5 0 9 0 0]
 [0 7 9 4 0 0 0 0 3]
 [1 0 0 0 2 0 0 0 7]
 [0 0 7 5 0 0 0 3 0]
 [8 0 0 0 0 4 2 0 0]]
Solution:
[[3 7 8 6 0 2 9 4 0]
 [0 0 9 8 4 5 3 6 7]
 [1 5 6 0 9 3 8 0 2]
 [9 3 5 4 6 1 7 0 0]
 [2 0 1 5 7 9 6 3 4]
 [7 6 4 3 2 0 1 8 5]
 [4 2 3 9 8 0 0 7 1]
 [6 9 7 2 1 4 5 0 3]
 [5 8 0 7 3 6 4 2 9]]
Number of cells unfilled: 14
Accuracy: 82.71604938271605
Sample: 42772
Question:
[[0 0 0 0 4 0 6 1 0]
 [9 2 0 0 0 8 0 0 7]
 [0 4 3 1 0 0 5 8 9]
 [0 0 5 0 0 0 0 0 3]
 [0 0 8 0 1 2 0 0 0]
 [0 0 0 0 6 3 1 7 0]
 [0 7 6 0 3 0 0 4 0]
 [0 8 0 2 0 0 0 9 1]
 [0 3 0 4 8 5 0 2 0]]
Solution:
[[3 7 8 6 0 2 1 4 9]
 [0 0 9 1 4 5 3 6 7]
 [1 5 6 0 9 3 8 0 2]
 [9 3 5 4 6 0 7 2 0]
 [2 0 1 8 7 9 6 3 4]
 [7 6 4 3 2 1 9 8 5]
 [4 2 3 9 8 0 0 7 1]
 [6 9 7 2 1 4 5 0 3]
 [5 8 0 7 3 6 4 9 0]]
Number of cells unfilled: 13
Accuracy: 83.9506172839506
Sample: 42773
Question:
[[0 0 1 0 0 0 2 0 6]
 [7 0 4 0 0 0 1 0 5]
 [2 0 0 9 6 0 0 7 4]
 [0 0 0 0 8 0 0 1 3]
 [9 0 0 0 0 7 5 0 0]
 [0 0 3 6 4 0 0 8 9]
 [0 1 0 0 9 8 6 4 0]
 [5 8 0 4 0 0 0 0 0]
 [0 7 0 0 3 2 0 0 0]]
Solution:
[[3 7 8 6 0 2 9 4 0]
 [0 0 9 1 4 5 3 6 7]
 [1 5 6 0 9 3 8 0 2]
 [9 3 5 4 6 1 7 2 0]
 [2 0 1 8 7 0 6 9 4]
 [7 6 4 3 2 9 1 8 5]
 [4 2 3 9 8 0 0 7 1]
 [6 9 7 2 1 4 5 0 3]
 [5 8 0 7 3 6 4 0 9]]
Number of cells unfilled: 14
Accuracy: 82.71604938271605
Sample: 42774
Question:
[[0 6 0 0 5 0 0 4 0]
 [0 3 7 0 0 1 0 0 0]
 [5 0 0 6 0 0 0 0 7]
 [0 9 0 0 1 0 8 0 0]
 [0 0 5 3 0 0 0 0 6]
 [0 0 0 0 0 0 0 2 0]
 [0 5 6 9 0 0 0 0 2]
 [0 7 0 1 0 0 0 0 9]
 [9 0 0 0 0 2 0 7 0]]
Solution:
[[3 7 8 6 0 2 9 4 0]
 [0 0 9 8 4 5 3 6 7]
 [1 5 6 0 9 3 8 0 2]
 [9 3 5 4 6 1 7 2 0]
 [2 0 1 5 7 8 6 9 4]
 [7 6 4 3 2 9 1 8 5]
 [4 2 3 9 8 0 0 7 1]
 [6 9 7 2 1 4 5 0 3]
 [5 8 0 7 3 6 4 0 9]]
Number of cells unfilled: 13
Accuracy: 83.9506172839506
Sample: 42775
Question:
[[0 0 0 2 0 0 0 6 0]
 [1 0 0 7 0 5 0 0 0]
 [0 0 2 0 9 0 0 0 5]
 [0 4 0 0 0 0 5 3 0]
 [0 0 9 0 0 7 0 0 4]
 [0 1 0 0 4 0 0 7 0]
 [6 0 0 0 0 8 4 0 0]
 [0 0 0 0 0 9 3 0 0]
 [0 0 5 4 0 0 0 0 8]]
Solution:
[[3 7 8 6 0 2 1 4 9]
 [0 0 9 8 4 5 3 6 7]
 [1 5 6 0 9 3 8 0 2]
 [9 3 5 4 6 8 7 2 0]
 [2 0 1 5 7 9 6 3 4]
 [7 6 4 3 2 1 9 8 5]
 [4 2 3 9 8 0 0 7 1]
 [6 9 7 2 1 4 5 0 3]
 [5 8 0 7 3 6 4 9 0]]
Number of cells unfilled: 12
Accuracy: 85.18518518518519
Sample: 42776
Question:
[[6 0 0 0 1 0 8 0 0]
 [0 0 0 8 0 0 0 2 5]
 [0 0 8 3 0 0 0 6 0]
 [0 0 1 0 9 0 5 0 0]
 [5 6 0 0 0 3 0 0 0]
 [0 9 0 0 0 0 0 7 0]
 [1 0 0 4 0 0 0 0 2]
 [4 0 0 0 0 7 0 0 0]
 [0 8 0 0 5 0 4 0 0]]
Solution:
[[3 7 8 6 0 2 9 4 0]
 [0 0 9 1 4 5 3 6 7]
 [1 5 6 0 9 3 8 0 2]
 [9 3 5 4 6 1 7 2 0]
 [2 0 1 8 7 9 6 3 4]
 [7 6 4 3 2 0 1 8 5]
 [4 2 3 9 8 0 0 7 1]
 [6 9 7 2 1 4 5 0 3]
 [5 8 0 7 3 6 4 9 0]]
Number of cells unfilled: 14
Accuracy: 82.71604938271605
Sample: 42777
Question:
[[2 0 0 0 8 0 0 4 0]
 [0 0 0 0 0 0 0 2 0]
 [0 0 0 0 0 4 0 0 9]
 [0 9 6 0 2 0 0 0 7]
 [1 0 7 0 0 0 0 5 3]
 [0 2 0 0 1 0 0 0 0]
 [9 0 0 0 0 3 0 0 5]
 [0 0 4 6 0 8 0 0 0]
 [0 8 0 0 0 0 4 9 0]]
Solution:
[[3 7 8 6 0 2 9 4 0]
 [0 0 9 1 4 5 3 6 7]
 [1 5 6 0 9 3 8 0 2]
 [9 3 5 4 6 1 7 2 0]
 [2 0 1 8 7 0 6 9 4]
 [7 6 4 3 2 9 1 8 5]
 [4 2 3 9 8 0 0 7 1]
 [6 9 7 2 1 4 5 0 3]
 [5 8 0 7 3 6 4 0 9]]
Number of cells unfilled: 14
Accuracy: 82.71604938271605
Sample: 42778
Question:
[[0 0 0 0 6 2 7 1 0]
 [5 0 0 4 0 0 0 0 0]
 [0 0 0 0 0 0 0 0 9]
 [3 2 0 1 8 0 9 0 0]
 [9 0 0 0 0 0 0 0 2]
 [0 1 0 3 0 0 0 0 4]
 [2 9 0 6 0 0 0 0 7]
 [0 8 0 0 0 0 0 0 0]
 [0 0 5 9 0 3 8 0 0]]
Solution:
[[3 7 8 6 0 2 9 4 0]
 [0 0 9 1 4 5 3 6 7]
 [1 5 6 0 9 3 8 0 2]
 [9 3 5 4 6 1 7 2 0]
 [2 0 1 5 7 8 6 3 4]
 [7 6 4 3 2 9 1 8 5]
 [4 2 3 9 8 0 0 7 1]
 [6 9 7 2 1 4 5 0 3]
 [5 8 0 7 3 6 4 9 0]]
Number of cells unfilled: 13
Accuracy: 83.9506172839506
Sample: 42779
Question:
[[0 0 0 3 0 0 0 1 0]
 [7 0 0 0 8 0 0 0 5]
 [0 0 4 0 0 0 8 7 0]
 [0 0 2 0 0 0 0 0 8]
 [8 0 0 0 7 0 0 5 0]
 [0 0 0 9 0 0 0 0 6]
 [0 4 0 0 0 2 0 0 0]
 [6 0 0 0 1 0 5 0 0]
 [0 0 9 0 0 3 0 0 0]]
Solution:
[[3 7 8 6 0 2 9 4 5]
 [0 0 9 1 4 5 3 6 7]
 [1 5 6 0 9 3 8 0 2]
 [9 3 5 4 6 1 7 2 0]
 [2 0 1 8 7 9 6 3 4]
 [7 6 4 3 2 0 1 8 9]
 [4 2 3 9 8 0 0 7 1]
 [6 9 7 2 1 4 5 0 3]
 [5 8 0 7 3 6 4 9 0]]
Number of cells unfilled: 13
Accuracy: 83.9506172839506
Sample: 42780
Question:
[[0 0 4 0 0 3 0 5 0]
 [3 0 0 0 4 0 8 0 0]
 [0 2 0 1 0 0 0 3 0]
 [0 0 2 0 0 0 0 0 0]
 [1 0 0 0 7 0 0 9 6]
 [9 0 0 0 0 4 3 0 0]
 [4 0 0 7 0 0 9 0 0]
 [0 9 0 0 3 0 0 0 5]
 [0 0 6 0 8 9 0 0 0]]
Solution:
[[3 7 8 6 0 2 1 4 9]
 [0 0 9 8 4 5 3 6 7]
 [1 5 6 0 9 3 8 0 2]
 [9 3 5 4 6 8 7 1 0]
 [2 0 1 5 7 9 6 3 4]
 [7 6 4 3 2 1 9 8 5]
 [4 2 3 9 8 0 0 7 1]
 [6 9 7 2 1 4 5 0 3]
 [5 8 0 7 3 6 4 9 0]]
Number of cells unfilled: 12
Accuracy: 85.18518518518519
Sample: 42781
Question:
[[0 0 0 0 8 0 0 0 2]
 [0 0 6 0 0 3 4 0 0]
 [0 0 0 5 0 0 0 1 0]
 [0 0 7 0 0 0 0 0 9]
 [0 9 0 0 0 0 0 2 0]
 [4 0 0 0 0 9 3 0 0]
 [6 0 0 0 2 0 0 0 8]
 [3 0 0 1 0 0 0 5 0]
 [0 7 0 0 0 6 2 0 0]]
Solution:
[[3 7 8 6 0 2 9 4 5]
 [0 0 9 1 4 5 3 6 7]
 [1 5 6 0 9 3 8 0 2]
 [9 3 5 4 6 8 7 1 0]
 [2 0 1 5 7 9 6 3 4]
 [0 6 4 3 2 1 0 8 0]
 [4 2 3 9 8 0 0 7 1]
 [7 9 0 2 1 4 5 0 3]
 [5 8 0 7 3 6 4 2 9]]
Number of cells unfilled: 15
Accuracy: 81.48148148148148
Sample: 42782
Question:
[[0 0 6 3 0 0 0 7 0]
 [3 0 0 0 1 0 2 0 0]
 [0 8 0 0 0 9 0 0 3]
 [0 0 7 0 0 4 0 0 0]
 [6 5 0 0 0 0 0 4 0]
 [8 0 0 5 0 0 0 0 0]
 [0 0 8 4 0 0 0 6 0]
 [0 6 0 0 0 3 4 0 9]
 [0 0 0 0 2 0 1 0 0]]
Solution:
[[3 7 8 6 0 2 9 4 5]
 [0 0 9 8 4 5 3 6 7]
 [1 5 6 0 9 3 8 0 2]
 [9 3 5 4 6 1 7 2 0]
 [2 0 1 5 7 9 6 3 4]
 [7 6 4 3 2 0 1 8 9]
 [4 2 3 9 8 0 0 7 1]
 [6 9 7 2 1 4 5 0 3]
 [5 8 0 7 3 6 4 9 0]]
Number of cells unfilled: 13
Accuracy: 83.9506172839506
Sample: 42783
Question:
[[8 3 0 0 0 0 0 1 0]
 [0 6 0 0 0 0 9 0 7]
 [4 0 0 0 0 0 0 5 0]
 [0 0 8 0 0 0 0 0 4]
 [0 0 9 0 0 8 0 0 0]
 [7 0 0 0 5 0 0 8 0]
 [0 0 0 0 3 0 2 0 5]
 [0 7 0 4 1 0 0 0 0]
 [6 0 0 5 9 0 3 0 0]]
Solution:
[[3 7 8 6 0 2 1 4 9]
 [0 0 9 8 4 5 3 6 7]
 [1 5 6 0 9 3 8 0 2]
 [9 3 5 4 6 8 7 1 0]
 [2 0 1 5 7 9 6 3 4]
 [7 6 4 3 2 1 9 8 5]
 [4 2 3 9 8 0 0 7 1]
 [6 9 7 2 1 4 5 0 3]
 [5 8 0 7 3 6 4 9 0]]
Number of cells unfilled: 12
Accuracy: 85.18518518518519
Sample: 42784
Question:
[[0 0 3 0 7 0 6 0 9]
 [6 0 0 0 0 3 0 2 0]
 [0 5 9 6 0 0 0 0 3]
 [0 0 0 8 0 0 0 1 0]
 [0 0 5 0 4 0 0 0 0]
 [3 0 0 0 0 6 9 0 0]
 [5 0 0 0 8 0 2 0 0]
 [9 0 0 0 0 2 0 0 1]
 [0 4 0 7 0 0 0 0 0]]
Solution:
[[3 7 8 6 0 2 1 4 9]
 [0 0 9 1 4 5 3 6 7]
 [1 5 6 0 9 3 8 0 2]
 [9 3 5 4 6 8 7 2 0]
 [2 0 1 5 7 9 6 3 4]
 [0 6 4 3 2 1 9 8 5]
 [4 2 3 9 8 0 0 7 1]
 [7 9 0 2 1 4 5 0 3]
 [5 8 0 7 3 6 4 9 0]]
Number of cells unfilled: 14
Accuracy: 82.71604938271605
Sample: 42785
Question:
[[2 0 0 0 8 5 0 0 6]
 [5 0 7 0 0 2 0 0 0]
 [0 8 0 1 0 0 0 2 0]
 [0 7 0 0 1 0 0 0 9]
 [0 5 0 0 0 3 0 1 0]
 [0 0 4 0 0 0 6 0 0]
 [0 0 0 3 0 0 9 0 0]
 [7 0 0 0 0 1 0 0 4]
 [0 2 0 0 5 0 0 8 0]]
Solution:
[[3 7 8 6 0 2 1 4 9]
 [0 0 9 1 4 5 3 6 7]
 [1 5 6 0 9 3 8 0 2]
 [9 3 5 4 6 8 7 2 0]
 [2 0 1 5 7 9 6 3 4]
 [7 6 4 3 2 1 9 8 5]
 [4 2 3 9 8 0 0 7 1]
 [6 9 7 2 1 4 5 0 3]
 [5 8 0 7 3 6 4 9 0]]
Number of cells unfilled: 12
Accuracy: 85.18518518518519
Sample: 42786
Question:
[[0 0 1 0 0 0 9 0 0]
 [9 3 0 0 0 0 0 0 0]
 [6 0 0 5 0 0 0 0 0]
 [0 7 0 0 4 3 0 1 0]
 [0 0 0 8 0 0 0 0 0]
 [0 6 2 0 5 0 4 8 0]
 [0 0 0 9 0 8 6 0 0]
 [0 5 4 2 0 0 0 0 0]
 [0 0 0 0 7 0 8 0 0]]
Solution:
[[3 7 8 6 0 2 9 4 0]
 [0 0 9 1 4 5 3 6 7]
 [1 5 6 0 9 3 8 0 2]
 [9 3 5 4 6 1 7 2 0]
 [2 0 1 5 7 8 6 9 4]
 [7 6 4 3 2 9 1 8 5]
 [4 2 3 9 8 0 0 7 1]
 [6 9 7 2 1 4 5 0 3]
 [5 8 0 7 3 6 4 0 9]]
Number of cells unfilled: 13
Accuracy: 83.9506172839506
Sample: 42787
Question:
[[0 0 0 0 0 1 2 0 0]
 [0 0 0 0 0 0 9 7 0]
 [5 0 6 0 0 0 8 0 0]
 [0 8 0 0 0 4 0 0 0]
 [0 3 0 0 1 9 0 0 8]
 [9 0 4 3 6 0 0 0 0]
 [1 0 3 8 0 0 4 5 0]
 [8 0 7 1 3 0 0 0 0]
 [0 0 0 0 0 6 0 0 0]]
Solution:
[[3 7 8 6 0 2 1 4 9]
 [0 0 9 1 4 5 3 6 7]
 [1 5 6 0 9 3 8 0 2]
 [9 3 5 4 6 1 7 2 0]
 [2 0 1 5 7 9 6 3 4]
 [0 6 7 3 2 0 9 8 5]
 [4 2 3 9 8 0 0 7 1]
 [7 9 0 2 1 4 5 0 3]
 [5 8 0 7 3 6 4 9 0]]
Number of cells unfilled: 15
Accuracy: 81.48148148148148
Sample: 42788
Question:
[[0 0 0 0 8 0 0 3 4]
 [5 0 0 0 0 9 7 2 0]
 [0 0 2 0 0 0 0 0 0]
 [0 6 0 9 0 0 0 5 0]
 [0 0 0 0 0 0 0 0 0]
 [9 0 1 0 0 3 0 0 0]
 [0 2 9 4 6 0 3 0 1]
 [0 0 5 7 3 0 0 4 0]
 [0 0 0 0 0 0 0 0 8]]
Solution:
[[3 7 8 6 0 2 1 4 9]
 [0 0 9 1 4 5 3 6 7]
 [1 5 6 0 9 3 8 0 2]
 [9 3 5 4 6 8 7 2 0]
 [2 0 1 5 7 9 6 3 4]
 [7 6 4 3 2 1 9 8 5]
 [4 2 3 9 8 0 0 7 1]
 [6 9 7 2 1 4 5 0 3]
 [5 8 0 7 3 6 4 9 0]]
Number of cells unfilled: 12
Accuracy: 85.18518518518519
Sample: 42789
Question:
[[0 0 3 0 9 0 0 2 0]
 [4 0 0 0 8 0 0 0 0]
 [0 6 0 0 0 3 4 0 0]
 [0 0 6 5 0 0 0 0 0]
 [0 2 7 8 0 0 0 0 0]
 [3 0 0 0 7 6 2 0 0]
 [0 0 0 0 0 0 0 5 0]
 [0 1 0 0 0 0 0 4 9]
 [0 0 4 0 0 7 1 0 0]]
Solution:
[[3 7 8 6 0 2 9 4 0]
 [0 0 9 1 4 5 3 6 7]
 [1 5 6 0 9 3 8 0 2]
 [9 3 5 4 6 1 7 0 0]
 [2 0 1 8 7 9 6 3 4]
 [0 6 4 3 2 0 1 8 5]
 [4 2 3 9 8 0 0 7 1]
 [7 9 0 2 1 4 5 0 3]
 [5 8 0 7 3 6 4 2 9]]
Number of cells unfilled: 16
Accuracy: 80.24691358024691
Sample: 42790
Question:
[[6 0 0 0 0 9 0 0 8]
 [0 0 2 0 7 0 0 6 0]
 [0 1 0 0 0 0 5 0 0]
 [0 5 0 4 0 0 0 0 0]
 [0 0 8 0 0 2 7 0 9]
 [2 0 0 0 8 0 0 4 0]
 [0 0 4 0 0 0 0 1 0]
 [7 0 0 0 2 0 0 0 6]
 [0 0 0 8 0 0 3 0 0]]
Solution:
[[3 7 8 6 0 2 1 4 9]
 [0 0 9 1 4 5 3 6 7]
 [1 5 6 0 9 3 8 0 2]
 [9 3 5 4 6 0 7 1 0]
 [2 0 1 8 7 9 6 3 4]
 [7 6 4 3 2 1 9 8 5]
 [4 2 3 9 8 0 0 7 1]
 [6 9 7 2 1 4 5 0 3]
 [5 8 0 7 3 6 4 9 0]]
Number of cells unfilled: 13
Accuracy: 83.9506172839506
Sample: 42791
Question:
[[0 4 0 8 0 0 0 0 1]
 [0 1 0 0 0 7 2 0 0]
 [5 0 3 0 1 0 0 0 0]
 [0 0 5 0 4 0 0 0 0]
 [4 0 0 6 0 0 3 0 0]
 [0 6 9 0 0 0 0 4 0]
 [6 0 0 0 9 0 0 5 0]
 [0 0 0 0 0 2 8 0 0]
 [0 0 0 1 0 0 0 0 7]]
Solution:
[[3 7 8 6 0 2 9 4 5]
 [0 0 9 1 4 5 3 6 7]
 [1 5 6 0 9 3 8 0 2]
 [9 3 5 4 6 1 7 2 0]
 [2 0 1 8 7 9 6 5 4]
 [0 6 4 3 2 0 1 8 9]
 [4 2 3 9 8 0 0 7 1]
 [7 9 0 2 1 4 5 0 3]
 [5 8 0 7 3 6 4 9 0]]
Number of cells unfilled: 15
Accuracy: 81.48148148148148
Sample: 42792
Question:
[[4 0 0 0 1 0 0 0 6]
 [2 0 0 0 0 0 4 0 0]
 [1 0 0 3 0 0 0 2 0]
 [6 0 8 5 9 0 0 0 0]
 [0 0 0 0 6 0 5 0 3]
 [9 0 5 2 0 1 0 0 0]
 [0 0 0 0 4 0 8 0 0]
 [8 9 0 0 0 3 0 4 2]
 [0 0 0 0 0 0 0 0 0]]
Solution:
[[3 7 8 6 0 2 9 4 0]
 [0 0 9 8 4 5 3 6 7]
 [1 5 6 0 9 3 8 0 2]
 [9 3 5 4 6 1 7 2 0]
 [2 0 1 5 7 8 6 9 4]
 [7 6 4 3 2 9 1 8 5]
 [4 2 3 9 8 0 0 7 1]
 [6 9 7 2 1 4 5 0 3]
 [5 8 0 7 3 6 4 0 9]]
Number of cells unfilled: 13
Accuracy: 83.9506172839506
Sample: 42793
Question:
[[2 4 6 5 0 0 0 0 0]
 [0 0 0 7 2 0 0 0 0]
 [0 0 0 9 0 0 4 1 0]
 [0 0 0 0 0 8 1 0 0]
 [6 0 0 0 3 0 0 4 0]
 [0 0 0 0 9 0 8 0 3]
 [0 0 5 0 0 0 0 0 0]
 [1 0 0 0 0 0 0 6 7]
 [0 0 4 0 0 6 5 3 0]]
Solution:
[[3 7 8 6 0 2 9 4 5]
 [0 0 9 1 4 5 3 6 7]
 [1 5 6 0 9 3 8 0 2]
 [9 3 5 4 6 1 7 2 0]
 [2 0 1 8 7 9 6 3 4]
 [0 6 7 3 2 0 1 8 9]
 [4 2 3 9 8 0 0 7 1]
 [7 9 0 2 1 4 5 0 3]
 [5 8 0 7 3 6 4 9 0]]
Number of cells unfilled: 15
Accuracy: 81.48148148148148
Sample: 42794
Question:
[[0 1 0 0 2 0 6 0 0]
 [0 0 0 0 3 0 2 5 0]
 [0 3 0 0 5 8 4 0 0]
 [5 4 0 0 0 3 0 0 7]
 [0 8 0 9 0 0 0 0 0]
 [3 0 6 0 0 0 0 0 0]
 [0 0 2 0 8 0 0 0 4]
 [0 0 0 2 0 0 0 0 0]
 [6 7 0 0 0 0 0 9 0]]
Solution:
[[3 7 8 6 0 2 9 4 5]
 [0 0 9 1 4 5 3 6 7]
 [1 5 6 0 9 3 8 0 2]
 [9 3 5 4 6 1 7 2 0]
 [2 0 1 8 7 9 6 3 4]
 [0 6 7 3 2 0 1 8 9]
 [4 2 3 9 8 0 0 7 1]
 [7 9 0 2 1 4 5 0 3]
 [5 8 0 7 3 6 4 9 0]]
Number of cells unfilled: 15
Accuracy: 81.48148148148148
Sample: 42795
Question:
[[0 0 1 0 0 0 0 5 0]
 [3 0 4 1 6 0 9 0 0]
 [0 8 0 0 4 0 0 0 0]
 [9 0 2 0 7 1 0 0 0]
 [1 0 0 0 0 0 0 0 0]
 [0 0 0 2 5 0 0 0 0]
 [4 0 0 9 8 0 1 3 5]
 [0 0 0 0 0 0 8 9 0]
 [0 0 0 5 0 0 7 6 4]]
Solution:
[[3 7 8 6 0 2 1 4 9]
 [0 0 9 1 4 5 3 6 7]
 [1 5 6 0 9 3 8 0 2]
 [9 3 5 4 6 8 7 2 0]
 [2 0 1 5 7 9 6 3 4]
 [7 6 4 3 2 1 9 8 5]
 [4 2 3 9 8 0 0 7 1]
 [6 9 7 2 1 4 5 0 3]
 [5 8 0 7 3 6 4 9 0]]
Number of cells unfilled: 12
Accuracy: 85.18518518518519
Sample: 42796
Question:
[[0 0 5 0 0 7 0 0 9]
 [0 1 0 0 0 0 0 4 0]
 [0 0 0 0 6 0 8 5 0]
 [0 8 0 0 2 0 0 1 0]
 [0 0 6 0 0 0 0 0 0]
 [2 0 0 7 0 9 5 0 0]
 [0 0 8 0 0 1 2 0 4]
 [0 0 0 2 4 0 0 0 0]
 [0 6 0 0 8 0 0 0 0]]
Solution:
[[3 7 8 6 0 2 9 4 0]
 [0 0 9 1 4 5 3 6 7]
 [1 5 6 0 9 3 8 0 2]
 [9 3 5 4 6 1 7 2 0]
 [2 0 1 8 7 0 6 3 4]
 [7 6 4 3 2 9 1 8 5]
 [4 2 3 9 8 0 0 7 1]
 [6 9 7 2 1 4 5 0 3]
 [5 8 0 7 3 6 4 9 0]]
Number of cells unfilled: 14
Accuracy: 82.71604938271605
Sample: 42797
Question:
[[0 0 0 0 8 0 0 4 5]
 [2 0 0 0 0 0 7 0 0]
 [0 0 5 0 2 4 0 0 0]
 [0 2 0 0 0 0 0 0 0]
 [0 6 0 3 0 0 4 0 0]
 [0 0 4 8 6 0 0 3 0]
 [4 0 0 6 0 0 0 1 0]
 [0 0 0 5 0 0 0 0 0]
 [9 1 7 0 0 0 5 0 6]]
Solution:
[[3 7 8 6 0 2 9 4 5]
 [0 0 9 8 4 5 1 6 7]
 [1 5 6 0 9 3 8 0 2]
 [9 3 5 4 6 1 7 0 0]
 [2 0 1 5 7 9 6 3 4]
 [0 6 7 3 2 0 0 8 0]
 [4 2 3 9 8 0 0 7 1]
 [7 9 0 2 1 4 5 0 3]
 [5 8 0 7 3 6 4 2 9]]
Number of cells unfilled: 17
Accuracy: 79.01234567901234
Sample: 42798
Question:
[[0 0 0 7 0 0 0 0 6]
 [0 2 6 9 1 0 0 0 0]
 [0 0 0 0 0 0 2 9 8]
 [5 1 0 0 0 0 0 0 0]
 [0 0 8 0 0 0 0 0 0]
 [2 6 0 1 5 0 0 8 9]
 [0 0 0 0 0 5 7 0 0]
 [7 0 2 0 0 0 0 5 0]
 [0 0 1 4 8 0 0 6 0]]
Solution:
[[3 7 8 6 0 2 9 4 0]
 [0 0 9 1 4 5 3 6 7]
 [1 5 6 0 9 3 8 0 2]
 [9 3 5 4 6 1 7 2 0]
 [2 0 1 8 7 0 6 9 4]
 [7 6 4 3 2 9 1 8 5]
 [4 2 3 9 8 0 0 7 1]
 [6 9 7 2 1 4 5 0 3]
 [5 8 0 7 3 6 4 0 9]]
Number of cells unfilled: 14
Accuracy: 82.71604938271605
Sample: 42799
Question:
[[0 0 7 0 4 0 0 0 2]
 [1 9 0 2 0 0 4 0 0]
 [2 0 0 0 0 9 0 1 0]
 [6 0 0 0 7 0 0 4 0]
 [0 0 3 0 0 6 2 7 0]
 [0 0 0 3 0 0 0 0 6]
 [0 0 2 0 6 0 0 0 4]
 [8 5 0 0 0 0 0 0 0]
 [0 0 0 8 0 0 5 0 0]]
Solution:
[[3 7 8 6 0 2 1 4 9]
 [0 0 9 8 4 5 3 6 7]
 [1 5 6 0 9 3 8 0 2]
 [9 3 5 4 6 8 7 2 0]
 [2 0 1 5 7 9 6 3 4]
 [7 6 4 3 2 1 9 8 5]
 [4 2 3 9 8 0 0 7 1]
 [6 9 7 2 1 4 5 0 3]
 [5 8 0 7 3 6 4 9 0]]
Number of cells unfilled: 12
Accuracy: 85.18518518518519
Sample: 42800
Question:
[[3 7 0 0 0 0 0 4 0]
 [0 0 0 0 0 5 0 6 0]
 [0 5 0 0 0 0 8 0 2]
 [9 3 0 0 0 0 0 0 0]
 [2 0 1 0 7 0 0 0 4]
 [0 0 0 0 2 0 0 8 0]
 [4 2 0 0 0 0 0 7 0]
 [0 9 0 0 1 4 5 0 3]
 [5 0 0 7 3 0 0 0 0]]
Solution:
[[3 7 8 6 0 2 1 4 5]
 [0 0 9 1 4 5 3 6 7]
 [1 5 6 0 9 3 8 0 2]
 [9 3 5 4 6 1 7 0 0]
 [2 0 1 8 7 9 6 5 4]
 [7 6 4 3 2 0 9 8 0]
 [4 2 3 9 8 0 0 7 1]
 [6 9 7 2 1 4 5 0 3]
 [5 8 0 7 3 6 4 2 9]]
Number of cells unfilled: 14
Accuracy: 82.71604938271605
