2025-10-22 14:57:26.994168: I tensorflow/core/util/port.cc:153] oneDNN custom operations are on. You may see slightly different numerical results due to floating-point round-off errors from different computation orders. To turn them off, set the environment variable `TF_ENABLE_ONEDNN_OPTS=0`.
2025-10-22 14:57:27.414255: I tensorflow/core/platform/cpu_feature_guard.cc:210] This TensorFlow binary is optimized to use available CPU instructions in performance-critical operations.
To enable the following instructions: AVX2 AVX512F AVX512_VNNI FMA, in other operations, rebuild TensorFlow with the appropriate compiler flags.
2025-10-22 14:57:32.892519: I tensorflow/core/util/port.cc:153] oneDNN custom operations are on. You may see slightly different numerical results due to floating-point round-off errors from different computation orders. To turn them off, set the environment variable `TF_ENABLE_ONEDNN_OPTS=0`.
2025-10-22 14:57:38.810256: E external/local_xla/xla/stream_executor/cuda/cuda_platform.cc:51] failed call to cuInit: INTERNAL: CUDA error: Failed call to cuInit: UNKNOWN ERROR (303)
Sample: 44001
Question:
[[0 0 0 0 0 0 0 0 3]
 [8 0 0 0 0 4 0 2 0]
 [0 2 0 0 0 9 0 1 0]
 [5 0 2 0 0 0 0 0 1]
 [0 0 8 7 0 0 3 0 2]
 [3 0 0 0 1 0 8 5 0]
 [0 3 7 2 0 1 0 0 0]
 [1 0 5 0 8 3 0 0 7]
 [0 0 0 0 0 0 0 0 0]]
Solution:
[[3 1 4 6 7 0 0 5 9]
 [9 6 0 8 4 2 1 3 7]
 [5 2 7 1 9 3 6 8 4]
 [6 3 2 7 1 4 8 9 5]
 [4 9 0 0 8 5 2 6 3]
 [1 8 5 2 6 9 4 7 0]
 [7 5 3 9 0 1 0 2 6]
 [0 0 1 4 3 7 5 0 8]
 [2 0 8 5 0 6 9 4 1]]
Number of cells unfilled: 13
Accuracy: 83.9506172839506
Sample: 44002
Question:
[[0 0 0 0 0 0 0 0 8]
 [5 0 0 1 0 2 0 0 0]
 [0 7 1 6 0 0 5 0 0]
 [0 8 0 7 0 0 4 0 3]
 [2 0 0 0 0 8 0 0 0]
 [0 6 0 5 0 0 0 0 0]
 [7 5 0 0 6 0 0 0 0]
 [8 0 0 2 0 0 0 7 0]
 [0 1 0 0 7 0 8 0 6]]
Solution:
[[3 0 4 6 7 0 2 5 1]
 [9 6 0 8 4 2 0 3 7]
 [0 2 7 1 5 3 6 8 9]
 [6 3 2 7 1 4 8 9 5]
 [4 9 0 0 8 5 1 6 3]
 [1 8 5 2 6 9 4 7 0]
 [7 5 3 9 0 8 0 2 6]
 [0 0 1 4 3 7 5 0 8]
 [2 0 8 5 0 6 9 4 0]]
Number of cells unfilled: 16
Accuracy: 80.24691358024691
Sample: 44003
Question:
[[0 0 0 0 0 0 0 1 0]
 [0 8 7 0 0 0 0 4 2]
 [0 0 0 4 0 0 3 0 7]
 [3 0 0 2 1 0 7 0 8]
 [0 0 0 0 0 3 0 2 0]
 [1 0 0 0 0 0 4 3 0]
 [0 0 4 0 0 2 1 0 0]
 [0 1 3 9 5 0 0 0 0]
 [0 2 0 0 0 0 0 8 0]]
Solution:
[[3 1 4 6 7 0 0 5 2]
 [9 6 0 8 4 2 1 3 7]
 [5 2 7 1 9 3 6 8 4]
 [6 3 2 7 1 4 8 9 5]
 [4 9 0 0 8 5 2 6 3]
 [1 8 5 2 6 9 4 7 0]
 [7 4 3 9 0 1 0 2 6]
 [0 0 1 4 3 7 5 0 8]
 [2 0 8 5 0 6 9 4 1]]
Number of cells unfilled: 13
Accuracy: 83.9506172839506
Sample: 44004
Question:
[[0 0 0 0 0 0 0 1 2]
 [0 7 1 0 9 0 0 0 0]
 [2 3 0 0 0 4 0 0 7]
 [0 1 9 7 0 3 0 2 4]
 [7 4 0 0 0 0 3 0 0]
 [0 0 0 0 1 0 0 9 0]
 [0 0 7 0 0 0 0 0 0]
 [0 0 0 6 0 0 0 0 3]
 [4 0 0 8 0 0 1 0 0]]
Solution:
[[3 1 4 6 7 0 0 5 2]
 [9 6 0 8 4 2 1 3 7]
 [0 2 7 1 5 3 6 8 9]
 [6 3 2 7 1 4 8 9 5]
 [4 9 0 0 8 5 2 6 3]
 [1 8 5 2 6 9 4 7 0]
 [7 5 3 9 0 8 0 2 6]
 [0 0 1 4 3 7 5 0 8]
 [2 0 8 5 0 6 9 4 1]]
Number of cells unfilled: 14
Accuracy: 82.71604938271605
Sample: 44005
Question:
[[0 0 0 0 0 0 0 2 9]
 [0 7 0 4 9 0 3 0 0]
 [0 0 3 5 0 2 0 4 0]
 [8 0 0 0 0 3 0 0 0]
 [0 0 9 0 4 0 0 0 0]
 [1 0 0 0 0 0 0 5 0]
 [0 0 0 3 0 4 5 0 0]
 [3 9 0 0 0 0 0 0 7]
 [4 0 5 9 7 0 0 0 2]]
Solution:
[[3 1 4 6 7 0 0 5 9]
 [9 6 0 8 4 2 3 1 7]
 [5 2 7 1 9 3 6 8 4]
 [6 3 2 7 1 4 8 9 5]
 [4 9 0 0 8 5 2 6 3]
 [1 8 5 2 6 9 4 7 0]
 [7 5 3 9 0 8 1 2 6]
 [0 0 1 4 3 7 5 0 8]
 [2 0 8 5 0 6 9 4 0]]
Number of cells unfilled: 13
Accuracy: 83.9506172839506
Sample: 44006
Question:
[[0 0 0 0 0 0 0 4 0]
 [9 0 0 3 0 0 0 0 1]
 [8 0 0 0 1 0 0 0 5]
 [0 0 0 2 0 0 0 0 0]
 [0 0 7 0 5 3 4 0 0]
 [1 5 0 4 0 0 3 0 2]
 [0 0 0 0 0 0 5 0 4]
 [0 0 1 0 4 7 0 0 0]
 [0 3 0 5 0 2 0 7 0]]
Solution:
[[3 1 4 6 7 0 2 5 0]
 [9 6 0 8 4 2 3 1 7]
 [0 2 7 1 5 3 6 8 9]
 [6 3 2 7 1 4 8 9 5]
 [4 9 0 0 8 5 1 6 3]
 [1 8 5 2 6 9 4 7 0]
 [7 5 3 9 0 8 0 2 6]
 [0 0 1 4 3 7 5 0 8]
 [2 0 8 5 0 6 9 4 1]]
Number of cells unfilled: 14
Accuracy: 82.71604938271605
Sample: 44007
Question:
[[0 0 0 0 0 0 0 6 4]
 [6 0 0 0 5 0 9 0 0]
 [0 2 9 0 0 0 0 0 7]
 [0 0 0 0 0 2 0 5 0]
 [0 0 0 0 4 0 0 0 9]
 [0 1 8 0 6 9 0 0 2]
 [0 0 2 0 0 6 0 9 0]
 [0 4 0 2 0 0 7 0 6]
 [0 0 0 0 7 5 0 4 0]]
Solution:
[[3 1 4 6 7 0 2 5 9]
 [9 6 0 8 4 2 0 3 7]
 [5 2 7 1 9 3 6 8 4]
 [6 3 2 7 1 4 8 9 5]
 [4 9 0 0 8 5 1 6 3]
 [1 8 5 2 6 9 4 7 0]
 [7 5 3 9 0 8 0 2 6]
 [0 0 1 4 3 7 5 0 8]
 [2 0 8 5 0 6 9 4 1]]
Number of cells unfilled: 13
Accuracy: 83.9506172839506
Sample: 44008
Question:
[[0 0 0 0 0 0 0 7 4]
 [0 0 2 0 3 7 6 9 0]
 [6 0 0 4 9 0 0 0 3]
 [0 5 0 6 0 0 0 0 0]
 [7 0 0 0 0 3 0 0 0]
 [0 1 0 0 0 0 0 0 9]
 [0 0 0 3 6 0 0 0 7]
 [9 3 0 0 7 2 0 4 0]
 [0 6 0 0 0 0 0 2 0]]
Solution:
[[3 1 4 6 7 0 2 5 9]
 [9 6 0 8 4 2 3 1 7]
 [0 2 7 1 5 3 6 8 4]
 [6 3 2 7 1 4 8 9 5]
 [4 9 0 0 8 5 1 6 3]
 [1 8 5 2 6 9 4 7 0]
 [7 4 3 9 0 8 0 2 6]
 [0 0 1 4 3 7 5 0 8]
 [2 0 8 5 0 6 9 4 1]]
Number of cells unfilled: 13
Accuracy: 83.9506172839506
Sample: 44009
Question:
[[0 0 0 0 0 0 1 0 0]
 [0 3 1 0 9 6 7 8 0]
 [9 8 0 7 0 0 0 0 0]
 [0 0 0 0 2 0 0 0 1]
 [0 0 6 0 5 0 0 0 0]
 [0 0 0 0 0 7 0 9 0]
 [0 7 3 0 0 0 0 0 0]
 [0 6 0 8 0 0 9 7 0]
 [0 0 9 0 0 1 6 0 3]]
Solution:
[[3 1 4 6 7 0 0 5 2]
 [9 6 0 8 4 2 1 3 7]
 [0 2 7 1 5 3 6 8 4]
 [6 3 2 7 1 4 8 9 5]
 [4 9 0 0 8 5 2 6 3]
 [1 8 5 2 6 9 4 7 0]
 [7 5 3 9 0 1 0 2 6]
 [0 0 1 4 3 7 5 0 8]
 [2 0 8 5 0 6 9 4 1]]
Number of cells unfilled: 14
Accuracy: 82.71604938271605
Sample: 44010
Question:
[[0 0 0 0 0 0 1 0 0]
 [9 0 0 0 0 8 0 6 0]
 [0 5 3 6 0 0 0 0 0]
 [0 0 0 7 8 0 0 0 0]
 [0 8 0 0 9 6 0 7 4]
 [0 0 0 1 0 4 0 0 9]
 [0 0 6 0 7 0 0 4 0]
 [7 0 0 0 0 1 9 0 6]
 [0 0 0 0 0 9 7 8 0]]
Solution:
[[3 1 4 6 7 0 0 5 2]
 [9 6 0 8 4 2 1 3 7]
 [5 2 7 1 9 3 6 8 4]
 [6 3 2 7 1 4 8 9 5]
 [4 9 0 0 8 5 2 6 3]
 [1 8 5 2 6 9 4 7 0]
 [7 4 3 9 0 1 0 2 6]
 [0 0 1 4 3 7 5 0 8]
 [2 0 8 5 0 6 9 4 1]]
Number of cells unfilled: 13
Accuracy: 83.9506172839506
Sample: 44011
Question:
[[0 0 0 0 0 0 2 0 3]
 [7 0 0 0 0 8 0 0 0]
 [0 0 4 5 0 0 0 8 0]
 [0 1 6 4 0 0 5 0 0]
 [0 0 0 0 5 6 0 0 0]
 [0 8 0 1 0 7 0 0 0]
 [0 0 1 0 6 0 8 0 4]
 [6 0 5 0 4 0 0 0 0]
 [8 0 0 7 0 0 0 6 0]]
Solution:
[[3 2 4 6 7 0 0 5 9]
 [9 6 0 8 4 2 3 1 7]
 [0 0 7 1 5 3 6 8 2]
 [6 3 2 7 1 4 8 9 5]
 [4 9 0 0 8 5 2 6 3]
 [1 8 5 2 6 9 4 7 0]
 [7 4 3 9 0 8 1 2 6]
 [0 0 1 4 3 7 5 0 8]
 [2 0 8 5 0 6 9 4 0]]
Number of cells unfilled: 15
Accuracy: 81.48148148148148
Sample: 44012
Question:
[[0 0 0 0 0 0 2 7 0]
 [0 3 7 0 5 0 0 1 0]
 [0 0 0 0 0 8 0 0 5]
 [0 8 0 0 4 9 1 3 0]
 [0 1 0 0 0 0 0 5 0]
 [2 0 0 0 0 0 8 0 0]
 [3 5 0 0 0 0 0 8 0]
 [8 0 1 3 0 0 0 2 0]
 [0 7 0 0 0 1 0 0 3]]
Solution:
[[3 1 4 6 7 0 0 5 9]
 [9 6 0 8 4 2 1 3 7]
 [5 2 7 1 9 3 6 8 4]
 [6 3 2 7 1 4 8 9 5]
 [4 9 0 0 8 5 2 6 3]
 [1 8 5 2 6 9 4 7 0]
 [7 4 3 9 0 1 0 2 6]
 [0 0 1 4 3 7 5 0 8]
 [2 0 8 5 0 6 9 4 1]]
Number of cells unfilled: 13
Accuracy: 83.9506172839506
Sample: 44013
Question:
[[0 0 0 0 0 0 3 5 0]
 [5 2 0 7 0 3 6 0 0]
 [0 0 9 6 0 0 0 7 0]
 [0 5 0 0 6 0 0 0 0]
 [1 0 0 0 0 5 7 0 0]
 [4 0 0 0 0 2 0 0 0]
 [6 7 0 0 9 0 2 3 0]
 [0 0 5 0 0 0 0 9 0]
 [0 0 0 2 0 6 0 0 0]]
Solution:
[[3 1 4 6 7 0 2 5 9]
 [9 6 0 8 4 2 3 1 7]
 [0 2 7 1 5 3 6 8 4]
 [6 3 2 7 1 4 8 9 5]
 [4 9 0 0 8 5 1 6 3]
 [1 8 5 2 6 9 4 7 0]
 [7 4 3 9 0 1 0 2 6]
 [0 0 1 4 3 7 5 0 8]
 [2 0 8 5 0 6 9 4 1]]
Number of cells unfilled: 13
Accuracy: 83.9506172839506
Sample: 44014
Question:
[[0 0 0 0 0 0 3 8 0]
 [3 0 0 0 2 8 0 0 9]
 [0 0 0 0 5 0 0 6 2]
 [1 7 0 0 0 0 0 0 8]
 [0 0 5 0 0 9 0 0 3]
 [0 0 0 6 0 0 0 5 0]
 [0 0 0 8 0 3 9 0 0]
 [0 0 8 5 0 0 0 0 0]
 [5 9 0 0 6 2 0 0 0]]
Solution:
[[3 1 4 6 7 0 2 5 9]
 [9 6 0 8 4 2 3 1 7]
 [0 2 7 1 5 3 6 8 4]
 [6 3 2 7 1 4 8 9 5]
 [4 9 0 0 8 5 1 6 3]
 [1 8 5 2 6 9 4 7 0]
 [7 5 3 9 0 8 0 2 6]
 [0 0 1 4 3 7 5 0 8]
 [2 0 8 5 0 6 9 4 1]]
Number of cells unfilled: 13
Accuracy: 83.9506172839506
Sample: 44015
Question:
[[0 0 0 0 0 0 5 0 1]
 [0 1 9 0 0 7 4 8 0]
 [4 5 0 0 0 8 0 0 0]
 [0 0 4 0 0 0 0 1 0]
 [0 2 0 9 0 0 0 0 0]
 [0 6 0 0 0 0 0 0 5]
 [8 0 0 0 5 9 1 4 0]
 [0 0 5 1 0 0 9 0 7]
 [0 0 0 7 0 4 0 0 0]]
Solution:
[[3 1 4 6 7 0 0 5 9]
 [9 6 0 8 4 2 1 3 7]
 [5 2 7 1 9 3 6 8 4]
 [6 3 2 7 1 4 8 9 5]
 [4 9 0 0 8 5 2 6 3]
 [1 8 5 2 6 9 4 7 0]
 [7 5 3 9 0 1 0 2 6]
 [0 0 1 4 3 7 5 0 8]
 [2 0 8 5 0 6 9 4 1]]
Number of cells unfilled: 13
Accuracy: 83.9506172839506
Sample: 44016
Question:
[[0 0 0 0 0 0 9 0 0]
 [3 0 0 1 0 0 0 6 0]
 [0 0 6 5 0 0 0 7 0]
 [2 6 0 0 0 0 0 8 0]
 [9 0 0 6 7 0 0 2 3]
 [0 3 0 0 0 8 0 0 9]
 [7 2 0 9 3 0 0 0 0]
 [0 8 9 0 0 6 0 0 0]
 [0 0 0 0 0 0 0 0 7]]
Solution:
[[3 1 4 6 7 0 2 5 9]
 [9 6 0 8 4 2 0 3 7]
 [5 2 7 1 9 3 6 8 4]
 [6 3 2 7 1 4 8 9 5]
 [4 9 0 0 8 5 1 6 3]
 [1 8 5 2 6 9 4 7 0]
 [7 5 3 9 0 1 0 2 6]
 [0 0 1 4 3 7 5 0 8]
 [2 0 8 5 0 6 9 4 1]]
Number of cells unfilled: 13
Accuracy: 83.9506172839506
Sample: 44017
Question:
[[0 0 0 0 0 1 6 5 0]
 [0 1 0 6 8 0 0 0 0]
 [3 0 0 0 0 9 0 8 0]
 [0 0 0 0 9 0 1 0 0]
 [0 0 0 0 0 5 0 3 0]
 [2 4 0 0 3 0 0 9 0]
 [0 0 0 0 1 8 0 0 9]
 [0 0 8 0 0 0 5 0 0]
 [9 3 0 0 6 0 0 0 8]]
Solution:
[[3 1 4 6 7 0 0 5 9]
 [9 6 0 8 4 2 1 3 7]
 [5 0 7 1 9 3 6 8 2]
 [6 3 2 7 1 4 8 9 5]
 [4 9 0 0 8 5 2 6 3]
 [1 8 5 2 6 9 4 7 0]
 [7 5 3 9 0 8 0 2 6]
 [0 0 1 4 3 7 5 0 8]
 [2 0 8 5 0 6 9 4 1]]
Number of cells unfilled: 14
Accuracy: 82.71604938271605
Sample: 44018
Question:
[[0 0 0 0 0 2 0 0 0]
 [9 2 0 0 6 0 5 0 0]
 [1 0 5 0 9 7 0 0 0]
 [7 9 0 0 0 0 1 0 6]
 [6 0 0 0 0 0 0 2 0]
 [0 5 2 0 0 0 0 0 0]
 [0 1 0 0 2 6 3 0 8]
 [0 0 7 0 0 1 0 0 0]
 [0 6 0 0 5 0 0 1 0]]
Solution:
[[3 1 4 6 7 0 0 5 2]
 [9 6 0 8 4 2 3 1 7]
 [5 2 7 1 9 3 6 8 4]
 [6 3 2 7 1 4 8 9 5]
 [4 9 0 0 8 5 2 6 3]
 [1 8 5 2 6 9 4 7 0]
 [7 5 3 9 0 1 0 2 6]
 [0 0 1 4 3 7 5 0 8]
 [2 0 8 5 0 6 9 4 1]]
Number of cells unfilled: 13
Accuracy: 83.9506172839506
Sample: 44019
Question:
[[0 0 0 0 0 2 0 6 0]
 [0 5 0 0 0 3 0 7 0]
 [0 0 0 7 0 0 4 0 0]
 [0 0 0 0 1 0 0 0 4]
 [0 4 0 6 0 7 0 8 5]
 [0 8 7 0 0 0 0 0 0]
 [5 7 0 0 0 0 0 4 6]
 [0 0 1 0 0 0 0 0 0]
 [0 6 8 5 0 4 1 0 7]]
Solution:
[[3 2 4 6 7 0 0 5 9]
 [9 6 0 8 4 2 1 3 7]
 [0 0 7 1 5 3 6 8 2]
 [6 3 2 7 1 4 8 9 5]
 [4 9 0 0 8 5 2 6 3]
 [1 8 5 2 6 9 4 7 0]
 [7 4 3 9 0 1 0 2 6]
 [0 0 1 4 3 7 5 0 8]
 [2 0 8 5 0 6 9 4 1]]
Number of cells unfilled: 15
Accuracy: 81.48148148148148
Sample: 44020
Question:
[[0 0 0 0 0 3 0 0 0]
 [0 0 0 0 7 4 2 6 0]
 [6 0 0 2 5 0 7 0 3]
 [0 0 0 0 2 0 0 3 6]
 [0 3 0 0 0 0 5 2 0]
 [0 0 5 0 0 0 4 0 7]
 [0 2 0 0 6 0 0 0 5]
 [8 0 9 0 3 5 0 0 0]
 [0 0 0 0 0 0 0 4 0]]
Solution:
[[3 1 4 6 7 0 0 5 9]
 [9 6 0 8 4 2 1 3 7]
 [5 0 7 1 9 3 6 8 2]
 [6 3 2 7 1 4 8 9 5]
 [4 9 0 0 8 5 2 6 3]
 [1 8 5 2 6 9 4 7 0]
 [7 5 3 9 0 8 0 2 6]
 [0 0 1 4 3 7 5 0 8]
 [2 0 8 5 0 6 9 4 1]]
Number of cells unfilled: 14
Accuracy: 82.71604938271605
Sample: 44021
Question:
[[0 0 0 0 0 3 0 0 4]
 [0 4 0 9 6 0 0 0 0]
 [0 0 0 7 0 0 8 9 0]
 [0 0 0 0 0 8 7 0 0]
 [5 2 0 0 0 0 3 6 0]
 [0 0 7 0 3 0 0 4 0]
 [0 0 6 0 0 7 0 0 0]
 [0 0 0 0 4 6 0 7 3]
 [3 0 0 8 9 0 0 0 6]]
Solution:
[[3 1 4 6 7 0 2 5 9]
 [9 6 0 8 4 2 0 3 7]
 [5 2 7 1 9 3 6 8 4]
 [6 3 2 7 1 4 8 9 5]
 [4 9 0 0 8 5 1 6 3]
 [1 8 5 2 6 9 4 7 0]
 [7 4 3 9 0 8 0 2 6]
 [0 0 1 4 3 7 5 0 8]
 [2 0 8 5 0 6 9 4 1]]
Number of cells unfilled: 13
Accuracy: 83.9506172839506
Sample: 44022
Question:
[[0 0 0 0 0 4 0 3 8]
 [0 0 4 9 0 0 5 0 0]
 [8 1 0 5 0 3 0 0 0]
 [0 0 1 0 0 0 3 0 0]
 [7 0 0 0 4 0 0 1 0]
 [2 0 0 0 0 0 0 8 0]
 [0 0 0 1 9 0 0 0 0]
 [0 5 0 0 0 8 0 0 3]
 [1 0 8 0 3 0 0 9 4]]
Solution:
[[3 1 4 6 7 0 0 5 2]
 [9 6 0 8 4 2 1 3 7]
 [5 2 7 1 9 3 6 8 4]
 [6 3 2 7 1 4 8 9 5]
 [4 9 0 0 8 5 2 6 3]
 [1 8 5 2 6 9 4 7 0]
 [7 4 3 9 0 8 0 2 6]
 [0 0 1 4 3 7 5 0 8]
 [2 0 8 5 0 6 9 4 1]]
Number of cells unfilled: 13
Accuracy: 83.9506172839506
Sample: 44023
Question:
[[0 0 0 0 0 4 3 0 0]
 [0 0 1 0 0 0 0 2 0]
 [6 0 0 0 0 0 7 0 0]
 [5 0 0 0 2 8 0 0 0]
 [0 1 2 0 0 0 0 0 5]
 [8 4 0 0 0 1 0 6 0]
 [0 2 0 0 8 6 1 4 0]
 [0 6 0 4 0 2 0 0 0]
 [0 0 0 1 5 0 6 0 0]]
Solution:
[[3 1 4 6 7 0 0 5 2]
 [9 6 0 8 4 2 1 3 7]
 [5 2 7 1 9 3 6 8 4]
 [6 3 2 7 1 4 8 9 5]
 [4 9 0 0 8 5 2 6 3]
 [1 8 5 2 6 9 4 7 0]
 [7 4 3 9 0 1 0 2 6]
 [0 0 1 4 3 7 5 0 8]
 [2 0 8 5 0 6 9 4 1]]
Number of cells unfilled: 13
Accuracy: 83.9506172839506
Sample: 44024
Question:
[[0 0 0 0 0 5 0 1 0]
 [9 0 0 1 8 0 2 0 0]
 [0 0 0 0 2 9 0 7 8]
 [0 0 0 9 0 1 0 0 2]
 [0 5 0 8 0 0 0 0 0]
 [0 0 1 0 5 2 0 0 7]
 [0 0 2 5 0 0 0 0 9]
 [0 0 0 0 0 7 0 0 0]
 [3 4 0 0 0 0 0 5 1]]
Solution:
[[3 0 4 6 7 0 2 5 1]
 [9 6 0 8 4 2 0 3 7]
 [0 2 7 1 5 3 6 8 4]
 [6 3 2 7 1 4 8 9 5]
 [4 9 0 0 8 5 1 6 3]
 [1 8 5 2 6 9 4 7 0]
 [7 4 3 9 0 1 0 2 6]
 [0 0 1 4 3 7 5 0 8]
 [2 0 8 5 0 6 9 4 0]]
Number of cells unfilled: 16
Accuracy: 80.24691358024691
Sample: 44025
Question:
[[0 0 0 0 0 5 2 0 0]
 [0 6 1 0 0 0 9 0 7]
 [0 0 0 0 9 0 0 0 3]
 [0 9 0 5 8 0 0 0 0]
 [7 0 0 9 0 2 0 0 0]
 [0 0 0 0 3 7 0 0 2]
 [0 2 0 0 0 0 7 0 0]
 [0 0 3 8 7 0 0 0 9]
 [0 0 0 2 0 3 5 0 8]]
Solution:
[[3 1 4 6 7 0 0 5 9]
 [9 6 0 8 4 2 3 1 7]
 [5 2 7 1 9 3 6 8 4]
 [6 3 2 7 1 4 8 9 5]
 [4 9 0 0 8 5 2 6 3]
 [1 8 5 2 6 9 4 7 0]
 [7 5 3 9 0 1 0 2 6]
 [0 0 1 4 3 7 5 0 8]
 [2 0 8 5 0 6 9 4 1]]
Number of cells unfilled: 13
Accuracy: 83.9506172839506
Sample: 44026
Question:
[[0 0 0 0 0 6 0 0 0]
 [0 4 0 0 0 0 2 0 0]
 [0 0 1 0 3 0 5 0 0]
 [0 6 0 4 8 0 1 0 3]
 [0 8 0 0 9 3 0 0 0]
 [4 0 0 6 0 1 0 9 0]
 [8 3 0 1 0 0 6 0 4]
 [9 0 6 0 0 0 3 1 0]
 [0 0 0 0 0 0 0 0 0]]
Solution:
[[3 1 4 6 7 0 0 5 9]
 [9 6 0 8 4 2 1 3 7]
 [5 2 7 1 9 3 6 8 4]
 [6 3 2 7 1 4 8 9 5]
 [4 9 0 0 8 5 2 6 3]
 [1 8 5 2 6 9 4 7 0]
 [7 5 3 9 0 1 0 2 6]
 [0 0 1 4 3 7 5 0 8]
 [2 0 8 5 0 6 9 4 1]]
Number of cells unfilled: 13
Accuracy: 83.9506172839506
Sample: 44027
Question:
[[0 0 0 0 0 8 0 6 0]
 [0 0 0 9 0 0 0 0 1]
 [0 0 7 0 0 2 0 9 0]
 [0 0 1 6 0 9 7 3 0]
 [7 0 0 0 5 0 1 0 0]
 [9 0 3 0 0 0 0 5 6]
 [5 0 0 0 9 6 0 0 0]
 [3 0 6 7 0 1 0 0 0]
 [0 0 0 0 0 0 0 1 0]]
Solution:
[[3 1 4 6 7 9 2 5 0]
 [9 6 0 8 4 2 3 1 7]
 [0 2 7 1 5 3 6 8 9]
 [6 3 2 7 1 4 8 9 5]
 [4 9 0 0 8 5 1 6 3]
 [1 8 5 2 6 0 4 7 0]
 [7 4 3 9 0 1 0 2 6]
 [0 0 1 4 3 7 5 0 8]
 [2 0 8 5 0 6 9 4 1]]
Number of cells unfilled: 14
Accuracy: 82.71604938271605
Sample: 44028
Question:
[[0 0 0 0 0 9 0 0 8]
 [0 0 0 0 2 0 0 1 0]
 [7 0 6 0 0 0 0 9 4]
 [0 4 0 0 1 0 0 0 0]
 [0 0 0 0 4 8 9 0 0]
 [1 0 9 2 0 3 4 0 0]
 [8 0 0 3 0 4 0 0 0]
 [0 0 0 1 0 0 0 2 3]
 [0 0 1 0 9 0 8 0 0]]
Solution:
[[3 1 4 6 7 0 2 5 9]
 [9 6 0 8 4 2 0 3 7]
 [5 2 7 1 9 3 6 8 4]
 [6 3 2 7 1 4 8 9 5]
 [4 9 0 0 8 5 1 6 3]
 [1 8 5 2 6 9 4 7 0]
 [7 5 3 9 0 1 0 2 6]
 [0 0 1 4 3 7 5 0 8]
 [2 0 8 5 0 6 9 4 1]]
Number of cells unfilled: 13
Accuracy: 83.9506172839506
Sample: 44029
Question:
[[0 0 0 0 0 9 0 4 0]
 [7 1 0 0 6 3 0 0 9]
 [0 0 0 0 2 0 0 0 3]
 [9 3 0 0 0 0 0 0 8]
 [0 0 0 0 0 0 0 6 2]
 [0 0 6 0 4 0 3 0 0]
 [0 9 0 2 0 6 0 3 0]
 [0 0 0 0 8 4 0 0 0]
 [2 0 0 9 0 0 8 0 6]]
Solution:
[[3 1 4 6 7 0 0 5 2]
 [9 6 0 8 4 2 1 3 7]
 [0 2 7 1 5 3 6 8 9]
 [6 3 2 7 1 4 8 9 5]
 [4 9 0 0 8 5 2 6 3]
 [1 8 5 2 6 9 4 7 0]
 [7 4 3 9 0 8 0 2 6]
 [0 0 1 4 3 7 5 0 8]
 [2 0 8 5 0 6 9 4 1]]
Number of cells unfilled: 14
Accuracy: 82.71604938271605
Sample: 44030
Question:
[[0 0 0 0 0 9 8 3 0]
 [1 8 0 0 0 0 0 0 0]
 [3 0 0 0 5 0 0 7 1]
 [0 9 3 5 0 0 0 0 0]
 [8 0 7 0 0 0 0 5 0]
 [5 1 0 3 7 0 9 8 0]
 [0 0 0 2 0 0 0 0 5]
 [7 0 0 6 0 0 0 0 0]
 [0 0 0 0 8 0 3 0 0]]
Solution:
[[3 1 4 6 7 0 0 5 2]
 [9 6 0 8 4 2 1 3 7]
 [0 2 7 1 5 3 6 8 9]
 [6 3 2 7 1 4 8 9 5]
 [4 9 0 0 8 5 2 6 3]
 [1 8 5 2 6 9 4 7 0]
 [7 4 3 9 0 1 0 2 6]
 [0 0 1 4 3 7 5 0 8]
 [2 0 8 5 0 6 9 4 1]]
Number of cells unfilled: 14
Accuracy: 82.71604938271605
Sample: 44031
Question:
[[0 0 0 0 1 0 0 0 5]
 [8 9 0 0 0 2 0 0 0]
 [0 0 0 0 0 6 7 0 0]
 [0 0 2 0 0 0 0 0 1]
 [0 0 0 7 0 0 6 0 2]
 [7 1 0 0 0 0 4 5 0]
 [0 6 0 0 0 7 2 4 0]
 [0 0 0 0 5 4 0 1 0]
 [1 0 0 6 2 0 0 0 0]]
Solution:
[[3 1 4 6 7 0 0 5 2]
 [9 6 0 8 4 2 3 1 7]
 [0 2 7 1 5 3 6 8 9]
 [6 3 2 7 1 4 8 9 5]
 [4 9 0 0 8 5 2 6 3]
 [1 8 5 2 6 9 4 7 0]
 [7 5 3 9 0 8 1 2 6]
 [0 0 1 4 3 7 5 0 8]
 [2 0 8 5 0 6 9 4 0]]
Number of cells unfilled: 14
Accuracy: 82.71604938271605
Sample: 44032
Question:
[[0 0 0 0 1 9 0 0 7]
 [0 9 4 8 7 0 0 0 6]
 [1 0 0 6 0 0 9 8 0]
 [0 0 3 0 4 0 0 0 8]
 [0 0 0 0 0 6 0 0 0]
 [0 0 5 0 9 0 4 0 0]
 [4 0 9 0 0 0 6 1 0]
 [0 8 6 4 0 0 0 7 0]
 [0 0 0 0 0 0 0 0 0]]
Solution:
[[3 1 4 6 7 0 2 5 9]
 [9 6 0 8 4 2 0 3 7]
 [5 2 7 1 9 3 6 8 4]
 [6 3 2 7 1 4 8 9 5]
 [4 9 0 0 8 5 1 6 3]
 [1 8 5 2 6 9 4 7 0]
 [7 4 3 9 0 8 0 2 6]
 [0 0 1 4 3 7 5 0 8]
 [2 0 8 5 0 6 9 4 1]]
Number of cells unfilled: 13
Accuracy: 83.9506172839506
Sample: 44033
Question:
[[0 0 0 0 2 0 0 0 0]
 [0 2 0 3 9 0 7 4 0]
 [0 0 0 7 0 5 9 0 0]
 [0 0 0 9 3 0 0 2 4]
 [0 9 3 0 4 0 5 7 0]
 [4 0 0 0 0 0 0 0 0]
 [0 1 8 4 0 0 0 9 0]
 [0 0 0 0 0 0 0 0 5]
 [9 0 0 2 0 0 0 3 0]]
Solution:
[[3 1 4 6 7 0 2 5 9]
 [9 6 0 8 4 2 3 1 7]
 [5 2 7 1 9 3 6 8 4]
 [6 3 2 7 1 4 8 9 5]
 [4 9 0 0 8 5 1 6 3]
 [1 8 5 2 6 9 4 7 0]
 [7 5 3 9 0 1 0 2 6]
 [0 0 1 4 3 7 5 0 8]
 [2 0 8 5 0 6 9 4 1]]
Number of cells unfilled: 12
Accuracy: 85.18518518518519
Sample: 44034
Question:
[[0 0 0 0 2 0 0 0 0]
 [0 4 0 5 0 0 6 3 0]
 [8 3 0 0 0 0 0 2 5]
 [4 6 0 7 1 0 0 0 0]
 [2 0 0 0 0 0 0 0 8]
 [0 5 0 0 0 0 4 0 0]
 [0 0 6 2 4 0 3 0 0]
 [0 0 0 0 0 0 5 0 6]
 [0 8 0 0 0 6 0 4 2]]
Solution:
[[3 1 4 6 7 9 0 5 2]
 [9 6 0 8 4 2 3 1 7]
 [0 2 7 1 5 3 6 8 9]
 [6 3 2 7 1 4 8 9 5]
 [4 9 0 0 8 5 2 6 3]
 [1 8 5 2 6 0 4 7 0]
 [7 5 3 9 0 8 1 2 6]
 [0 0 1 4 3 7 5 0 8]
 [2 0 8 5 0 6 9 4 0]]
Number of cells unfilled: 14
Accuracy: 82.71604938271605
Sample: 44035
Question:
[[0 0 0 0 2 4 1 7 0]
 [0 0 7 0 0 0 0 0 2]
 [0 0 0 8 0 0 6 0 4]
 [0 7 0 0 0 9 0 0 8]
 [4 0 0 0 0 0 0 0 0]
 [0 8 0 0 0 5 0 2 0]
 [0 0 4 6 0 0 0 0 0]
 [0 6 0 0 0 0 8 1 0]
 [0 1 2 0 7 8 0 4 0]]
Solution:
[[3 2 4 6 7 0 0 5 9]
 [9 6 0 8 4 2 1 3 7]
 [0 0 7 1 5 3 6 8 2]
 [6 3 2 7 1 4 8 9 5]
 [4 9 0 0 8 5 2 6 3]
 [1 8 5 2 6 9 4 7 0]
 [7 4 3 9 0 8 0 2 6]
 [0 0 1 4 3 7 5 0 8]
 [2 0 8 5 0 6 9 4 1]]
Number of cells unfilled: 15
Accuracy: 81.48148148148148
Sample: 44036
Question:
[[0 0 0 0 2 7 0 0 0]
 [7 0 0 1 0 4 0 0 0]
 [0 4 1 8 3 0 0 0 0]
 [0 6 5 0 4 0 0 1 7]
 [0 0 0 0 0 8 0 4 0]
 [0 0 0 0 1 0 0 0 2]
 [0 0 4 0 0 0 2 7 0]
 [0 2 0 3 7 0 0 0 1]
 [0 0 0 0 0 0 0 8 3]]
Solution:
[[3 1 4 6 7 0 2 5 9]
 [9 6 0 8 4 2 0 3 7]
 [0 2 7 1 5 3 6 8 4]
 [6 3 2 7 1 4 8 9 5]
 [4 9 0 0 8 5 1 6 3]
 [1 8 5 2 6 9 4 7 0]
 [7 4 3 9 0 8 0 2 6]
 [0 0 1 4 3 7 5 0 8]
 [2 0 8 5 0 6 9 4 1]]
Number of cells unfilled: 14
Accuracy: 82.71604938271605
Sample: 44037
Question:
[[0 0 0 0 2 7 0 0 4]
 [0 4 7 5 0 0 2 3 0]
 [9 0 0 0 0 0 0 5 0]
 [0 9 0 7 0 0 0 0 0]
 [0 0 6 0 0 9 4 0 0]
 [0 0 8 0 0 2 0 0 0]
 [0 0 0 0 0 0 3 9 0]
 [5 0 0 9 7 0 0 0 0]
 [0 2 0 0 4 3 7 0 0]]
Solution:
[[3 0 4 6 7 0 2 5 1]
 [9 6 0 8 4 2 0 3 7]
 [5 2 7 1 9 3 6 8 4]
 [6 3 2 7 1 4 8 9 5]
 [4 9 0 0 8 5 1 6 3]
 [1 8 5 2 6 9 4 7 0]
 [7 5 3 9 0 8 0 2 6]
 [0 0 1 4 3 7 5 0 8]
 [2 0 8 5 0 6 9 4 0]]
Number of cells unfilled: 15
Accuracy: 81.48148148148148
Sample: 44038
Question:
[[0 0 0 0 3 1 0 0 5]
 [5 0 0 0 9 0 3 8 0]
 [0 6 0 0 0 0 0 0 0]
 [0 0 0 0 5 0 0 9 0]
 [0 0 0 0 0 6 0 0 1]
 [7 2 0 0 8 9 0 6 0]
 [6 9 0 8 0 0 0 3 0]
 [0 0 0 0 0 0 0 5 8]
 [0 0 8 0 1 0 9 0 0]]
Solution:
[[3 2 4 6 7 0 0 5 9]
 [9 6 0 8 4 2 3 1 7]
 [5 0 7 1 9 3 6 8 2]
 [6 3 2 7 1 4 8 9 5]
 [4 9 0 0 8 5 2 6 3]
 [1 8 5 2 6 9 4 7 0]
 [7 5 3 9 0 8 1 2 6]
 [0 0 1 4 3 7 5 0 8]
 [2 0 8 5 0 6 9 4 0]]
Number of cells unfilled: 14
Accuracy: 82.71604938271605
Sample: 44039
Question:
[[0 0 0 0 3 8 9 0 1]
 [0 0 8 0 0 9 0 0 5]
 [9 0 0 0 2 0 3 0 0]
 [0 1 0 0 8 3 0 5 9]
 [0 0 0 2 5 0 1 0 0]
 [0 0 3 9 0 0 0 0 0]
 [0 0 0 0 0 0 2 0 0]
 [0 4 7 0 0 0 0 0 3]
 [3 0 0 0 1 0 0 0 8]]
Solution:
[[3 1 4 6 7 0 0 5 9]
 [9 6 0 8 4 2 3 1 7]
 [5 0 7 1 9 3 6 8 2]
 [6 3 2 7 1 4 8 9 5]
 [4 9 0 0 8 5 2 6 3]
 [1 8 5 2 6 9 4 7 0]
 [7 5 3 9 0 1 0 2 6]
 [0 0 1 4 3 7 5 0 8]
 [2 0 8 5 0 6 9 4 1]]
Number of cells unfilled: 14
Accuracy: 82.71604938271605
Sample: 44040
Question:
[[0 0 0 0 4 0 0 0 0]
 [0 2 0 5 0 0 0 0 3]
 [0 7 0 3 0 0 1 0 0]
 [0 0 0 6 5 0 9 0 0]
 [6 0 0 0 0 4 0 0 0]
 [0 3 5 9 0 1 4 0 0]
 [0 0 0 4 0 5 0 0 1]
 [0 4 1 0 0 3 5 9 0]
 [3 0 0 0 0 0 0 6 0]]
Solution:
[[3 1 4 6 7 0 0 5 2]
 [9 6 0 8 4 2 3 1 7]
 [0 2 7 1 5 3 6 8 9]
 [6 3 2 7 1 4 8 9 5]
 [4 9 0 0 8 5 2 6 3]
 [1 8 5 2 6 9 4 7 0]
 [7 5 3 9 0 1 0 2 6]
 [0 0 1 4 3 7 5 0 8]
 [2 0 8 5 0 6 9 4 1]]
Number of cells unfilled: 14
Accuracy: 82.71604938271605
Sample: 44041
Question:
[[0 0 0 0 4 0 0 7 0]
 [8 0 4 7 0 1 0 5 0]
 [0 2 0 0 0 5 4 0 0]
 [0 0 0 5 0 0 1 0 0]
 [4 8 0 0 0 0 0 0 2]
 [5 0 1 0 2 8 0 0 7]
 [3 0 0 4 0 0 8 0 0]
 [9 0 0 8 0 0 0 1 0]
 [0 0 0 0 5 0 0 0 0]]
Solution:
[[3 1 4 6 7 0 2 5 9]
 [9 6 0 8 4 2 0 3 7]
 [5 2 7 1 9 3 6 8 4]
 [6 3 2 7 1 4 8 9 5]
 [4 9 0 0 8 5 1 6 3]
 [1 8 5 2 6 9 4 7 0]
 [7 5 3 9 0 1 0 2 6]
 [0 0 1 4 3 7 5 0 8]
 [2 0 8 5 0 6 9 4 1]]
Number of cells unfilled: 13
Accuracy: 83.9506172839506
Sample: 44042
Question:
[[0 0 0 0 4 0 5 0 0]
 [0 0 0 0 0 0 0 4 2]
 [0 0 4 5 0 6 9 0 3]
 [0 6 0 0 0 0 0 9 0]
 [2 0 0 0 0 0 0 0 5]
 [4 5 0 1 0 8 0 0 6]
 [0 0 0 6 0 0 0 0 0]
 [3 9 0 0 0 0 0 2 0]
 [5 0 6 0 0 2 3 0 4]]
Solution:
[[3 1 4 6 7 0 0 5 2]
 [9 6 0 8 4 2 1 3 7]
 [5 2 7 1 9 3 6 8 4]
 [6 3 2 7 1 4 8 9 5]
 [4 9 0 0 8 5 2 6 3]
 [1 8 5 2 6 9 4 7 0]
 [7 4 3 9 0 8 0 2 6]
 [0 0 1 4 3 7 5 0 8]
 [2 0 8 5 0 6 9 4 1]]
Number of cells unfilled: 13
Accuracy: 83.9506172839506
Sample: 44043
Question:
[[0 0 0 0 4 0 8 0 0]
 [0 4 0 7 9 0 0 6 3]
 [0 7 3 0 0 0 0 0 0]
 [0 6 7 0 0 8 0 9 0]
 [9 0 0 4 6 0 0 0 0]
 [4 0 8 0 0 0 3 0 0]
 [0 0 0 0 0 4 0 3 0]
 [0 0 0 6 0 0 0 0 5]
 [0 9 0 3 0 0 0 0 2]]
Solution:
[[3 1 4 6 7 0 2 5 0]
 [9 6 0 8 4 2 3 1 7]
 [0 2 7 1 5 3 6 8 9]
 [6 3 2 7 1 4 8 9 5]
 [4 9 0 0 8 5 1 6 3]
 [1 8 5 2 6 9 4 7 0]
 [7 5 3 9 0 1 0 2 6]
 [0 0 1 4 3 7 5 0 8]
 [2 0 8 5 0 6 9 4 1]]
Number of cells unfilled: 14
Accuracy: 82.71604938271605
Sample: 44044
Question:
[[0 0 0 0 4 6 0 0 0]
 [3 0 4 0 0 0 0 2 0]
 [0 1 6 0 0 0 0 7 0]
 [0 0 0 0 0 2 0 3 7]
 [2 0 0 0 6 0 4 1 0]
 [0 4 3 0 1 7 0 0 6]
 [0 0 5 0 0 3 0 0 1]
 [0 0 8 0 0 4 0 0 0]
 [0 3 0 6 0 0 0 0 0]]
Solution:
[[3 1 4 6 7 9 0 5 2]
 [9 6 0 8 4 2 3 1 7]
 [0 2 7 1 5 3 6 8 9]
 [6 3 2 7 1 4 8 9 5]
 [4 9 0 0 8 5 2 6 3]
 [1 8 5 2 6 0 4 7 0]
 [7 5 3 9 0 8 1 2 6]
 [0 0 1 4 3 7 5 0 8]
 [2 0 8 5 0 6 9 4 0]]
Number of cells unfilled: 14
Accuracy: 82.71604938271605
Sample: 44045
Question:
[[0 0 0 0 5 0 0 0 0]
 [0 0 3 7 0 0 0 8 9]
 [0 0 4 1 0 0 7 0 0]
 [0 5 2 0 4 0 0 0 0]
 [0 3 0 0 0 0 0 0 7]
 [7 0 1 3 0 2 0 4 0]
 [1 0 7 4 3 0 0 0 0]
 [0 0 0 2 0 0 0 7 1]
 [0 0 5 0 0 0 3 0 0]]
Solution:
[[3 1 4 6 7 0 0 5 9]
 [9 6 0 8 4 2 0 3 7]
 [5 2 7 1 9 3 6 8 4]
 [6 3 2 7 1 4 8 9 5]
 [4 9 0 0 8 5 2 6 3]
 [1 8 5 2 6 9 4 7 0]
 [7 5 3 9 0 8 1 2 6]
 [0 0 1 4 3 7 5 0 8]
 [2 0 8 5 0 6 9 4 0]]
Number of cells unfilled: 14
Accuracy: 82.71604938271605
Sample: 44046
Question:
[[0 0 0 0 5 0 0 0 8]
 [0 0 0 0 0 6 7 0 0]
 [0 0 1 0 0 0 0 0 3]
 [7 0 4 0 9 5 0 0 0]
 [1 0 0 6 0 7 0 9 0]
 [0 0 6 1 4 0 5 0 0]
 [0 0 0 0 6 0 0 0 0]
 [9 0 0 0 0 0 0 7 5]
 [4 0 5 7 0 0 1 0 6]]
Solution:
[[3 0 4 6 7 0 2 5 1]
 [9 6 0 8 4 2 0 3 7]
 [0 2 7 1 5 3 6 8 4]
 [6 3 2 7 1 4 8 9 5]
 [4 9 0 0 8 5 1 6 3]
 [1 8 5 2 6 9 4 7 0]
 [7 4 3 9 0 8 0 2 6]
 [0 0 1 4 3 7 5 0 8]
 [2 0 8 5 0 6 9 4 0]]
Number of cells unfilled: 16
Accuracy: 80.24691358024691
Sample: 44047
Question:
[[0 0 0 0 7 0 0 0 0]
 [0 1 0 0 0 0 2 8 0]
 [0 9 2 1 0 8 7 0 4]
 [8 0 0 0 2 0 6 0 0]
 [0 0 0 7 0 0 0 0 0]
 [0 0 4 0 0 0 5 0 0]
 [0 0 7 0 9 4 8 0 2]
 [0 0 9 2 0 0 0 0 0]
 [0 4 0 8 0 7 0 1 0]]
Solution:
[[3 1 4 6 7 9 2 5 0]
 [9 6 0 8 4 2 3 1 7]
 [0 2 7 1 5 3 6 8 9]
 [6 3 2 7 1 4 8 9 5]
 [4 9 0 0 8 5 1 6 3]
 [1 8 5 2 6 0 4 7 0]
 [7 4 3 9 0 1 0 2 6]
 [0 0 1 4 3 7 5 0 8]
 [2 0 8 5 0 6 9 4 1]]
Number of cells unfilled: 14
Accuracy: 82.71604938271605
Sample: 44048
Question:
[[0 0 0 0 7 0 0 0 0]
 [5 0 9 4 1 0 0 0 0]
 [0 7 4 3 0 0 0 0 5]
 [0 4 1 0 0 0 0 3 9]
 [7 5 0 0 0 0 0 0 0]
 [9 0 3 0 0 0 7 0 0]
 [0 3 0 5 0 0 9 0 0]
 [0 0 0 7 3 0 0 6 2]
 [1 0 0 0 9 0 0 0 0]]
Solution:
[[3 1 4 6 7 0 0 5 9]
 [9 6 0 8 4 2 3 1 7]
 [5 2 7 1 9 3 6 8 4]
 [6 3 2 7 1 4 8 9 5]
 [4 9 0 0 8 5 2 6 3]
 [1 8 5 2 6 9 4 7 0]
 [7 4 3 9 0 1 0 2 6]
 [0 0 1 4 3 7 5 0 8]
 [2 0 8 5 0 6 9 4 1]]
Number of cells unfilled: 13
Accuracy: 83.9506172839506
Sample: 44049
Question:
[[0 0 0 0 7 1 0 0 9]
 [0 7 9 8 0 0 0 0 0]
 [1 6 0 0 0 5 0 0 0]
 [0 0 0 0 0 0 7 0 0]
 [0 0 8 7 9 0 0 0 0]
 [0 0 0 0 1 6 0 8 5]
 [7 8 0 0 5 0 0 4 2]
 [9 0 0 0 8 0 5 0 0]
 [0 5 0 6 0 0 0 0 0]]
Solution:
[[3 1 4 6 7 0 2 5 9]
 [9 6 0 8 4 2 0 3 7]
 [5 2 7 1 9 3 6 8 4]
 [6 3 2 7 1 4 8 9 5]
 [4 9 0 0 8 5 1 6 3]
 [1 8 5 2 6 9 4 7 0]
 [7 5 3 9 0 8 0 2 6]
 [0 0 1 4 3 7 5 0 8]
 [2 0 8 5 0 6 9 4 1]]
Number of cells unfilled: 13
Accuracy: 83.9506172839506
Sample: 44050
Question:
[[0 0 0 0 7 1 0 9 0]
 [1 0 0 4 0 2 5 0 0]
 [4 7 0 9 5 0 0 0 0]
 [0 0 0 5 0 0 0 0 3]
 [0 0 0 0 1 0 7 0 0]
 [2 0 0 0 0 0 0 0 6]
 [0 9 0 0 0 0 0 7 5]
 [0 0 2 1 0 0 0 0 0]
 [5 4 0 0 0 7 2 0 1]]
Solution:
[[3 1 4 6 7 0 2 5 9]
 [9 6 0 8 4 2 0 3 7]
 [5 2 7 1 9 3 6 8 4]
 [6 3 2 7 1 4 8 9 5]
 [4 9 0 0 8 5 1 6 3]
 [1 8 5 2 6 9 4 7 0]
 [7 4 3 9 0 1 0 2 6]
 [0 0 1 4 3 7 5 0 8]
 [2 0 8 5 0 6 9 4 1]]
Number of cells unfilled: 13
Accuracy: 83.9506172839506
Sample: 44051
Question:
[[0 0 0 0 8 0 0 0 9]
 [0 0 0 6 0 3 0 0 0]
 [0 6 4 2 0 0 8 0 0]
 [3 0 0 0 0 9 0 0 0]
 [0 0 9 4 0 0 1 0 5]
 [0 0 2 8 0 0 0 0 0]
 [9 0 0 3 0 0 0 4 0]
 [0 0 6 0 4 0 0 0 2]
 [4 0 8 9 2 0 0 0 0]]
Solution:
[[3 1 4 6 7 0 0 5 2]
 [9 6 0 8 4 2 3 1 7]
 [0 2 7 1 5 3 6 8 4]
 [6 3 2 7 1 4 8 9 5]
 [4 9 0 0 8 5 2 6 3]
 [1 8 5 2 6 9 4 7 0]
 [7 5 3 9 0 8 1 2 6]
 [0 0 1 4 3 7 5 0 8]
 [2 0 8 5 0 6 9 4 0]]
Number of cells unfilled: 14
Accuracy: 82.71604938271605
Sample: 44052
Question:
[[0 0 0 0 8 0 0 6 0]
 [0 7 4 6 0 0 0 5 3]
 [0 0 0 5 0 0 0 0 2]
 [0 0 0 0 0 0 0 8 9]
 [0 2 0 3 0 9 0 0 0]
 [0 0 6 0 5 0 2 3 0]
 [3 0 0 0 6 5 0 0 0]
 [0 0 5 9 0 8 0 0 0]
 [0 0 0 2 3 0 0 0 6]]
Solution:
[[3 1 4 6 7 0 0 5 2]
 [9 6 0 8 4 2 1 3 7]
 [0 2 7 1 5 3 6 8 9]
 [6 3 2 7 1 4 8 9 5]
 [4 9 0 0 8 5 2 6 3]
 [1 8 5 2 6 9 4 7 0]
 [7 5 3 9 0 1 0 2 6]
 [0 0 1 4 3 7 5 0 8]
 [2 0 8 5 0 6 9 4 1]]
Number of cells unfilled: 14
Accuracy: 82.71604938271605
Sample: 44053
Question:
[[0 0 0 0 8 6 9 0 7]
 [0 0 0 4 0 0 0 0 0]
 [0 8 6 0 0 0 5 4 0]
 [0 0 5 0 0 0 8 0 0]
 [8 0 4 0 1 2 6 0 0]
 [6 0 0 0 0 0 0 7 0]
 [7 0 9 0 0 0 0 5 0]
 [0 0 0 0 0 5 4 0 9]
 [4 0 0 0 6 0 0 8 0]]
Solution:
[[3 1 4 6 7 0 0 5 2]
 [9 6 0 8 4 2 3 1 7]
 [5 2 7 1 9 3 6 8 4]
 [6 3 2 7 1 4 8 9 5]
 [4 9 0 0 8 5 2 6 3]
 [1 8 5 2 6 9 4 7 0]
 [7 4 3 9 0 8 1 2 6]
 [0 0 1 4 3 7 5 0 8]
 [2 0 8 5 0 6 9 4 0]]
Number of cells unfilled: 13
Accuracy: 83.9506172839506
Sample: 44054
Question:
[[0 0 0 0 9 0 0 0 0]
 [2 8 0 7 0 0 9 0 6]
 [0 5 0 0 0 0 2 7 0]
 [8 0 0 0 5 2 0 0 0]
 [9 0 0 6 8 0 7 0 2]
 [0 6 0 9 0 7 0 5 0]
 [0 0 0 0 0 9 0 0 0]
 [0 0 7 0 2 0 4 0 0]
 [6 0 0 0 0 0 1 0 0]]
Solution:
[[3 1 4 6 7 0 2 5 9]
 [9 6 0 8 4 2 3 1 7]
 [5 2 7 1 9 3 6 8 4]
 [6 3 2 7 1 4 8 9 5]
 [4 9 0 0 8 5 1 6 3]
 [1 8 5 2 6 9 4 7 0]
 [7 5 3 9 0 1 0 2 6]
 [0 0 1 4 3 7 5 0 8]
 [2 0 8 5 0 6 9 4 1]]
Number of cells unfilled: 12
Accuracy: 85.18518518518519
Sample: 44055
Question:
[[0 0 0 0 9 0 0 0 2]
 [1 0 0 0 0 0 0 0 0]
 [0 0 4 0 0 6 0 0 7]
 [0 0 0 6 5 0 0 0 0]
 [0 9 5 0 1 0 0 4 0]
 [6 1 0 0 0 4 3 0 0]
 [0 0 0 3 0 0 6 0 4]
 [3 6 0 5 0 0 0 9 1]
 [0 4 1 0 0 9 0 0 0]]
Solution:
[[3 1 4 6 7 0 2 5 9]
 [9 6 0 8 4 2 3 1 7]
 [0 2 7 1 5 3 6 8 4]
 [6 3 2 7 1 4 8 9 5]
 [4 9 0 0 8 5 1 6 3]
 [1 8 5 2 6 9 4 7 0]
 [7 5 3 9 0 8 0 2 6]
 [0 0 1 4 3 7 5 0 8]
 [2 0 8 5 0 6 9 4 1]]
Number of cells unfilled: 13
Accuracy: 83.9506172839506
Sample: 44056
Question:
[[0 0 0 0 9 0 8 0 0]
 [0 0 6 7 0 0 0 0 0]
 [0 0 0 2 0 0 0 0 4]
 [0 0 8 9 4 0 0 6 5]
 [0 9 5 0 0 0 0 0 0]
 [0 0 0 0 0 1 9 8 0]
 [8 1 0 0 0 0 0 0 0]
 [6 0 9 0 0 0 0 4 8]
 [0 5 4 0 6 0 1 9 0]]
Solution:
[[3 1 4 6 7 0 2 5 9]
 [9 6 0 8 4 2 3 1 7]
 [5 2 7 1 9 3 6 8 4]
 [6 3 2 7 1 4 8 9 5]
 [4 9 0 0 8 5 1 6 3]
 [1 8 5 2 6 9 4 7 0]
 [7 5 3 9 0 1 0 2 6]
 [0 0 1 4 3 7 5 0 8]
 [2 0 8 5 0 6 9 4 1]]
Number of cells unfilled: 12
Accuracy: 85.18518518518519
Sample: 44057
Question:
[[0 0 0 0 9 4 3 0 0]
 [0 8 0 0 0 2 4 0 7]
 [0 0 0 8 7 0 0 0 0]
 [0 1 5 0 2 0 0 0 0]
 [0 0 0 0 3 0 0 9 0]
 [3 0 0 0 0 8 0 0 2]
 [0 0 0 0 0 0 0 7 8]
 [7 0 0 0 0 9 2 3 0]
 [0 3 2 7 0 0 0 0 4]]
Solution:
[[3 1 4 6 7 9 0 5 2]
 [9 6 0 8 4 2 1 3 7]
 [0 2 7 1 5 3 6 8 9]
 [6 3 2 7 1 4 8 9 5]
 [4 9 0 0 8 5 2 6 3]
 [1 8 5 2 6 0 4 7 0]
 [7 5 3 9 0 8 0 2 6]
 [0 0 1 4 3 7 5 0 8]
 [2 0 8 5 0 6 9 4 1]]
Number of cells unfilled: 14
Accuracy: 82.71604938271605
Sample: 44058
Question:
[[0 0 0 1 0 0 0 0 5]
 [0 0 0 0 9 0 0 4 0]
 [0 0 7 4 0 0 0 0 3]
 [7 0 0 0 0 1 0 0 0]
 [0 2 0 0 8 0 0 7 9]
 [9 8 0 0 0 0 4 0 1]
 [1 0 0 0 0 9 8 0 0]
 [0 0 9 2 0 7 0 1 4]
 [0 4 2 0 0 0 0 0 0]]
Solution:
[[3 1 4 6 7 0 0 5 2]
 [9 6 0 8 4 2 3 1 7]
 [5 2 7 1 9 3 6 8 4]
 [6 3 2 7 1 4 8 9 5]
 [4 9 0 0 8 5 2 6 3]
 [1 8 5 2 6 9 4 7 0]
 [7 5 3 9 0 1 0 2 6]
 [0 0 1 4 3 7 5 0 8]
 [2 0 8 5 0 6 9 4 1]]
Number of cells unfilled: 13
Accuracy: 83.9506172839506
Sample: 44059
Question:
[[0 0 0 1 0 0 0 0 6]
 [0 0 3 2 0 0 0 0 0]
 [0 0 0 0 0 7 0 8 0]
 [0 4 6 8 0 3 7 0 0]
 [0 9 0 0 7 0 0 0 0]
 [3 0 0 0 0 0 6 0 8]
 [0 7 4 0 0 0 0 0 9]
 [0 0 8 0 0 6 3 0 4]
 [0 0 0 0 9 0 8 7 0]]
Solution:
[[3 1 4 6 7 0 0 5 2]
 [9 6 0 8 4 2 3 1 7]
 [5 2 7 1 9 3 6 8 4]
 [6 3 2 7 1 4 8 9 5]
 [4 9 0 0 8 5 2 6 3]
 [1 8 5 2 6 9 4 7 0]
 [7 4 3 9 0 8 1 2 6]
 [0 0 1 4 3 7 5 0 8]
 [2 0 8 5 0 6 9 4 0]]
Number of cells unfilled: 13
Accuracy: 83.9506172839506
Sample: 44060
Question:
[[0 0 0 1 0 0 5 0 0]
 [0 0 0 0 0 6 0 7 2]
 [0 4 7 0 0 0 6 1 0]
 [0 5 2 9 0 8 0 0 0]
 [0 1 0 0 0 0 4 0 0]
 [0 0 6 0 0 0 0 0 5]
 [2 0 0 5 0 0 0 4 7]
 [0 0 0 0 2 0 1 5 0]
 [0 0 1 0 0 0 2 0 6]]
Solution:
[[3 1 4 6 7 0 2 5 9]
 [9 6 0 8 4 2 3 1 7]
 [0 2 7 1 5 3 6 8 4]
 [6 3 2 7 1 4 8 9 5]
 [4 9 0 0 8 5 1 6 3]
 [1 8 5 2 6 9 4 7 0]
 [7 5 3 9 0 1 0 2 6]
 [0 0 1 4 3 7 5 0 8]
 [2 0 8 5 0 6 9 4 1]]
Number of cells unfilled: 13
Accuracy: 83.9506172839506
Sample: 44061
Question:
[[0 0 0 1 0 0 7 0 0]
 [0 5 0 0 7 4 0 0 0]
 [0 0 0 5 0 8 6 0 4]
 [0 0 0 6 0 0 8 0 0]
 [8 0 0 0 1 0 0 0 5]
 [0 3 9 0 0 0 1 0 7]
 [0 0 0 7 5 0 0 0 8]
 [0 0 1 0 4 0 0 0 0]
 [7 0 0 8 0 1 0 0 6]]
Solution:
[[3 1 4 6 7 0 2 5 9]
 [9 6 0 8 4 2 0 3 7]
 [5 2 7 1 9 3 6 8 4]
 [6 3 2 7 1 4 8 9 5]
 [4 9 0 0 8 5 1 6 3]
 [1 8 5 2 6 9 4 7 0]
 [7 5 3 9 0 1 0 2 6]
 [0 0 1 4 3 7 5 0 8]
 [2 0 8 5 0 6 9 4 1]]
Number of cells unfilled: 13
Accuracy: 83.9506172839506
Sample: 44062
Question:
[[0 0 0 1 0 0 8 0 9]
 [7 0 0 9 0 4 0 2 0]
 [0 1 0 0 8 2 0 0 0]
 [0 2 0 0 0 7 0 0 8]
 [9 0 1 8 0 0 4 0 7]
 [0 0 0 4 0 0 0 0 0]
 [0 0 3 7 0 0 1 0 0]
 [0 0 6 0 1 0 9 0 0]
 [0 0 0 0 0 0 0 8 0]]
Solution:
[[3 1 4 6 7 0 0 5 9]
 [9 6 0 8 4 2 3 1 7]
 [5 2 7 1 9 3 6 8 4]
 [6 3 2 7 1 4 8 9 5]
 [4 9 0 0 8 5 2 6 3]
 [1 8 5 2 6 9 4 7 0]
 [7 4 3 9 0 1 0 2 6]
 [0 0 1 4 3 7 5 0 8]
 [2 0 8 5 0 6 9 4 1]]
Number of cells unfilled: 13
Accuracy: 83.9506172839506
Sample: 44063
Question:
[[0 0 0 1 0 7 4 0 3]
 [0 0 1 0 6 4 0 0 0]
 [0 0 0 5 0 0 0 0 6]
 [0 6 0 7 0 0 3 0 0]
 [0 0 0 6 1 0 7 5 0]
 [5 0 0 0 4 0 0 0 0]
 [9 0 8 0 0 0 6 0 5]
 [0 0 0 3 0 0 0 0 7]
 [0 7 0 0 5 0 1 0 0]]
Solution:
[[3 1 4 6 7 0 0 5 2]
 [9 6 0 8 4 2 3 1 7]
 [5 2 7 1 9 3 6 8 4]
 [6 3 2 7 1 4 8 9 5]
 [4 9 0 0 8 5 2 6 3]
 [1 8 5 2 6 9 4 7 0]
 [7 5 3 9 0 1 0 2 6]
 [0 0 1 4 3 7 5 0 8]
 [2 0 8 5 0 6 9 4 1]]
Number of cells unfilled: 13
Accuracy: 83.9506172839506
Sample: 44064
Question:
[[0 0 0 1 4 0 0 7 9]
 [0 0 7 0 2 0 0 0 0]
 [0 1 0 9 0 0 0 0 6]
 [0 0 0 7 0 0 1 0 0]
 [4 0 0 0 1 2 0 9 0]
 [0 0 0 4 0 9 6 0 2]
 [8 0 5 0 0 0 7 0 1]
 [0 0 0 6 0 0 0 0 0]
 [0 9 0 0 7 0 0 0 4]]
Solution:
[[3 1 4 6 7 0 2 5 9]
 [9 6 0 8 4 2 0 3 7]
 [5 2 7 1 9 3 6 8 4]
 [6 3 2 7 1 4 8 9 5]
 [4 9 0 0 8 5 1 6 3]
 [1 8 5 2 6 9 4 7 0]
 [7 5 3 9 0 8 0 2 6]
 [0 0 1 4 3 7 5 0 8]
 [2 0 8 5 0 6 9 4 1]]
Number of cells unfilled: 13
Accuracy: 83.9506172839506
Sample: 44065
Question:
[[0 0 0 1 6 0 0 0 0]
 [1 9 0 3 0 7 0 6 8]
 [0 7 0 0 8 9 0 0 0]
 [0 0 0 0 0 3 0 0 0]
 [0 8 3 0 0 6 0 9 7]
 [9 6 0 0 0 0 1 0 0]
 [6 0 0 0 0 0 0 0 9]
 [0 0 0 0 0 8 0 5 0]
 [0 0 7 0 9 0 0 2 0]]
Solution:
[[3 1 4 6 7 0 0 5 9]
 [9 6 0 8 4 2 3 1 7]
 [0 0 7 1 5 3 6 8 2]
 [6 3 2 7 1 4 8 9 5]
 [4 9 0 0 8 5 2 6 3]
 [1 8 5 2 6 9 4 7 0]
 [7 4 3 9 0 1 0 2 6]
 [0 0 1 4 3 7 5 0 8]
 [2 0 8 5 0 6 9 4 1]]
Number of cells unfilled: 15
Accuracy: 81.48148148148148
Sample: 44066
Question:
[[0 0 0 2 0 0 0 0 9]
 [5 0 0 0 0 0 4 0 0]
 [0 0 7 0 0 0 0 0 6]
 [0 7 5 0 2 0 0 0 0]
 [1 4 0 7 0 3 2 0 5]
 [0 0 0 0 0 1 0 4 0]
 [4 5 0 0 0 0 0 1 0]
 [0 2 3 5 0 0 7 0 0]
 [0 0 0 3 0 4 0 0 0]]
Solution:
[[3 1 4 6 7 0 0 5 9]
 [9 6 0 8 4 2 3 1 7]
 [5 2 7 1 9 3 6 8 4]
 [6 3 2 7 1 4 8 9 5]
 [4 9 0 0 8 5 2 6 3]
 [1 8 5 2 6 9 4 7 0]
 [7 5 3 9 0 8 1 2 6]
 [0 0 1 4 3 7 5 0 8]
 [2 0 8 5 0 6 9 4 0]]
Number of cells unfilled: 13
Accuracy: 83.9506172839506
Sample: 44067
Question:
[[0 0 0 2 0 7 8 0 6]
 [0 0 2 0 0 0 0 5 7]
 [0 6 0 8 5 0 2 9 0]
 [0 8 0 0 7 0 0 0 0]
 [0 0 3 0 0 2 0 0 0]
 [0 0 1 0 0 0 6 0 0]
 [0 2 0 6 0 9 7 0 0]
 [5 0 0 7 8 0 0 0 0]
 [0 0 0 0 0 0 9 8 0]]
Solution:
[[3 1 4 6 7 0 2 5 0]
 [9 6 0 8 4 2 3 1 7]
 [0 2 7 1 5 3 6 8 9]
 [6 3 2 7 1 4 8 9 5]
 [4 9 0 0 8 5 1 6 3]
 [1 8 5 2 6 9 4 7 0]
 [7 4 3 9 0 1 0 2 6]
 [0 0 1 4 3 7 5 0 8]
 [2 0 8 5 0 6 9 4 1]]
Number of cells unfilled: 14
Accuracy: 82.71604938271605
Sample: 44068
Question:
[[0 0 0 2 8 0 9 0 0]
 [1 0 9 6 0 0 8 0 0]
 [0 8 0 0 0 0 0 0 5]
 [0 0 0 0 5 0 0 1 0]
 [4 0 7 1 0 0 0 0 8]
 [0 0 0 9 0 0 0 0 2]
 [0 0 1 0 9 0 2 0 0]
 [0 0 0 0 0 0 0 5 6]
 [2 0 0 8 0 6 0 0 9]]
Solution:
[[3 2 4 6 7 9 0 5 0]
 [9 6 0 8 4 2 3 1 7]
 [0 0 7 1 5 3 6 8 2]
 [6 3 2 7 1 4 8 9 5]
 [4 9 0 0 8 5 2 6 3]
 [1 8 5 2 6 0 4 7 0]
 [7 5 3 9 0 8 1 2 6]
 [0 0 1 4 3 7 5 0 8]
 [2 0 8 5 0 6 9 4 0]]
Number of cells unfilled: 16
Accuracy: 80.24691358024691
Sample: 44069
Question:
[[0 0 0 3 0 0 0 0 8]
 [3 0 8 0 0 4 5 7 0]
 [5 6 0 0 0 0 0 4 0]
 [1 0 0 5 0 0 0 0 0]
 [0 0 6 0 0 3 0 0 0]
 [2 0 0 6 0 0 8 0 0]
 [0 4 0 0 3 0 0 0 0]
 [0 0 0 0 0 5 7 6 0]
 [6 0 5 7 8 0 3 0 0]]
Solution:
[[3 1 4 6 7 0 2 5 9]
 [9 6 0 8 4 2 3 1 7]
 [5 2 7 1 9 3 6 8 4]
 [6 3 2 7 1 4 8 9 5]
 [4 9 0 0 8 5 1 6 3]
 [1 8 5 2 6 9 4 7 0]
 [7 4 3 9 0 1 0 2 6]
 [0 0 1 4 3 7 5 0 8]
 [2 0 8 5 0 6 9 4 1]]
Number of cells unfilled: 12
Accuracy: 85.18518518518519
Sample: 44070
Question:
[[0 0 0 3 0 4 0 8 7]
 [0 0 8 2 0 0 0 3 0]
 [0 4 0 0 0 8 0 0 1]
 [0 0 0 0 0 0 0 0 0]
 [7 0 0 4 0 0 1 0 8]
 [0 0 0 1 2 0 3 7 0]
 [0 0 0 0 3 0 0 2 0]
 [0 0 3 7 0 0 0 0 4]
 [5 9 0 8 0 0 0 0 0]]
Solution:
[[3 1 4 6 7 0 0 5 9]
 [9 6 0 8 4 2 1 3 7]
 [5 2 7 1 9 3 6 8 4]
 [6 3 2 7 1 4 8 9 5]
 [4 9 0 0 8 5 2 6 3]
 [1 8 5 2 6 9 4 7 0]
 [7 4 3 9 0 8 0 2 6]
 [0 0 1 4 3 7 5 0 8]
 [2 0 8 5 0 6 9 4 1]]
Number of cells unfilled: 13
Accuracy: 83.9506172839506
Sample: 44071
Question:
[[0 0 0 3 0 4 0 9 0]
 [0 0 4 0 0 0 0 0 6]
 [0 2 3 0 0 9 0 4 8]
 [0 0 1 0 0 0 0 2 0]
 [0 0 7 4 0 0 0 0 0]
 [0 9 0 0 3 0 0 0 0]
 [0 0 0 6 0 0 0 8 9]
 [6 0 0 0 9 3 0 0 2]
 [0 4 0 8 0 2 0 3 0]]
Solution:
[[3 1 4 6 7 0 0 5 2]
 [9 6 0 8 4 2 3 1 7]
 [0 2 7 1 5 3 6 8 9]
 [6 3 2 7 1 4 8 9 5]
 [4 9 0 0 8 5 2 6 3]
 [1 8 5 2 6 9 4 7 0]
 [7 4 3 9 0 8 1 2 6]
 [0 0 1 4 3 7 5 0 8]
 [2 0 8 5 0 6 9 4 0]]
Number of cells unfilled: 14
Accuracy: 82.71604938271605
Sample: 44072
Question:
[[0 0 0 3 5 0 0 6 2]
 [0 0 0 0 9 2 8 0 3]
 [0 0 0 8 0 0 0 0 0]
 [0 2 0 6 0 0 0 0 1]
 [3 0 0 0 0 0 0 0 0]
 [0 6 0 0 0 8 0 0 4]
 [2 5 0 0 6 9 0 0 0]
 [6 0 3 0 0 0 0 5 0]
 [0 9 8 0 0 3 2 0 0]]
Solution:
[[3 0 4 6 7 0 2 5 1]
 [9 6 0 8 4 2 0 3 7]
 [0 2 7 1 5 3 6 8 4]
 [6 3 2 7 1 4 8 9 5]
 [4 9 0 0 8 5 1 6 3]
 [1 8 5 2 6 9 4 7 0]
 [7 4 3 9 0 8 0 2 6]
 [0 0 1 4 3 7 5 0 8]
 [2 0 8 5 0 6 9 4 0]]
Number of cells unfilled: 16
Accuracy: 80.24691358024691
Sample: 44073
Question:
[[0 0 0 3 8 0 0 6 0]
 [1 6 0 9 0 7 0 8 0]
 [0 0 8 0 1 0 0 0 0]
 [0 0 1 6 0 0 0 0 3]
 [0 0 0 0 7 0 1 0 0]
 [5 2 0 0 0 0 6 0 8]
 [3 0 0 8 0 9 0 0 0]
 [0 0 0 0 0 1 7 0 9]
 [0 0 0 0 6 0 0 3 0]]
Solution:
[[3 1 4 6 7 0 0 5 9]
 [9 6 0 8 4 2 1 3 7]
 [5 2 7 1 9 3 6 8 4]
 [6 3 2 7 1 4 8 9 5]
 [4 9 0 0 8 5 2 6 3]
 [1 8 5 2 6 9 4 7 0]
 [7 4 3 9 0 1 0 2 6]
 [0 0 1 4 3 7 5 0 8]
 [2 0 8 5 0 6 9 4 1]]
Number of cells unfilled: 13
Accuracy: 83.9506172839506
Sample: 44074
Question:
[[0 0 0 4 0 0 0 0 0]
 [0 0 6 0 7 0 5 0 0]
 [0 2 0 0 0 0 3 0 0]
 [0 0 0 0 0 7 0 0 0]
 [9 0 4 0 0 0 7 0 6]
 [8 0 0 0 0 6 4 2 0]
 [6 8 0 0 9 0 0 0 0]
 [0 4 0 0 8 2 0 7 0]
 [2 0 7 6 0 4 0 0 9]]
Solution:
[[3 2 4 6 7 0 0 5 9]
 [9 6 0 8 4 2 1 3 7]
 [0 0 7 1 5 3 6 8 2]
 [6 3 2 7 1 4 8 9 5]
 [4 9 0 0 8 5 2 6 3]
 [1 8 5 2 6 9 4 7 0]
 [7 4 3 9 0 1 0 2 6]
 [0 0 1 4 3 7 5 0 8]
 [2 0 8 5 0 6 9 4 1]]
Number of cells unfilled: 15
Accuracy: 81.48148148148148
Sample: 44075
Question:
[[0 0 0 4 0 0 5 0 0]
 [0 0 0 0 0 2 0 8 0]
 [0 7 0 0 0 6 0 0 0]
 [4 3 0 0 0 0 8 0 0]
 [7 0 0 0 9 0 4 0 5]
 [0 5 0 8 0 0 0 3 7]
 [0 0 0 0 0 0 0 5 0]
 [3 8 0 7 0 5 9 0 4]
 [9 0 0 0 4 8 0 0 0]]
Solution:
[[3 1 4 6 7 0 0 5 9]
 [9 6 0 8 4 2 3 1 7]
 [5 2 7 1 9 3 6 8 4]
 [6 3 2 7 1 4 8 9 5]
 [4 9 0 0 8 5 2 6 3]
 [1 8 5 2 6 9 4 7 0]
 [7 4 3 9 0 8 1 2 6]
 [0 0 1 4 3 7 5 0 8]
 [2 0 8 5 0 6 9 4 0]]
Number of cells unfilled: 13
Accuracy: 83.9506172839506
Sample: 44076
Question:
[[0 0 0 4 0 3 0 0 0]
 [7 4 0 0 0 9 6 0 3]
 [0 0 2 0 0 0 9 4 0]
 [4 0 0 0 0 0 0 9 0]
 [0 8 0 0 0 0 0 0 7]
 [0 5 0 0 0 6 0 0 0]
 [6 9 0 3 0 7 4 2 0]
 [0 0 0 2 0 0 0 0 0]
 [0 0 0 0 6 4 7 0 9]]
Solution:
[[3 1 4 6 7 0 0 5 9]
 [9 6 0 8 4 2 1 3 7]
 [5 0 7 1 9 3 6 8 2]
 [6 3 2 7 1 4 8 9 5]
 [4 9 0 0 8 5 2 6 3]
 [1 8 5 2 6 9 4 7 0]
 [7 5 3 9 0 8 0 2 6]
 [0 0 1 4 3 7 5 0 8]
 [2 0 8 5 0 6 9 4 1]]
Number of cells unfilled: 14
Accuracy: 82.71604938271605
Sample: 44077
Question:
[[0 0 0 5 0 0 0 0 0]
 [0 0 0 0 0 9 2 0 4]
 [0 7 4 3 0 2 9 0 0]
 [5 0 0 7 0 0 4 0 0]
 [0 2 9 0 0 4 7 0 3]
 [0 0 0 0 0 3 0 0 5]
 [0 0 1 0 9 0 0 0 2]
 [0 9 0 0 0 0 0 4 0]
 [0 0 8 0 0 7 0 0 9]]
Solution:
[[3 2 4 6 7 0 0 5 9]
 [9 6 0 8 4 2 1 3 7]
 [0 0 7 1 5 3 6 8 2]
 [6 3 2 7 1 4 8 9 5]
 [4 9 0 0 8 5 2 6 3]
 [1 8 5 2 6 9 4 7 0]
 [7 5 3 9 0 1 0 2 6]
 [0 0 1 4 3 7 5 0 8]
 [2 0 8 5 0 6 9 4 1]]
Number of cells unfilled: 15
Accuracy: 81.48148148148148
Sample: 44078
Question:
[[0 0 0 5 0 0 0 0 0]
 [7 0 8 6 0 4 0 5 0]
 [0 0 6 0 2 8 0 0 0]
 [0 0 0 0 4 7 0 1 3]
 [0 2 0 0 0 0 0 0 0]
 [4 0 0 0 0 5 6 0 0]
 [8 0 0 7 0 0 0 0 4]
 [0 6 4 0 0 2 7 0 0]
 [5 7 0 0 0 6 0 0 0]]
Solution:
[[3 1 4 6 7 0 2 5 9]
 [9 6 0 8 4 2 0 3 7]
 [5 2 7 1 9 3 6 8 4]
 [6 3 2 7 1 4 8 9 5]
 [4 9 0 0 8 5 1 6 3]
 [1 8 5 2 6 9 4 7 0]
 [7 4 3 9 0 8 0 2 6]
 [0 0 1 4 3 7 5 0 8]
 [2 0 8 5 0 6 9 4 1]]
Number of cells unfilled: 13
Accuracy: 83.9506172839506
Sample: 44079
Question:
[[0 0 0 5 0 1 0 3 6]
 [0 6 0 0 0 0 0 0 0]
 [0 0 3 0 0 7 8 0 1]
 [0 0 0 6 0 0 0 5 0]
 [0 2 4 0 0 8 0 0 0]
 [0 0 0 0 0 3 7 0 0]
 [0 0 0 0 7 6 3 8 0]
 [8 0 0 0 0 0 0 6 0]
 [0 7 0 0 8 0 1 0 5]]
Solution:
[[3 1 4 6 7 0 0 5 2]
 [9 6 0 8 4 2 3 1 7]
 [0 2 7 1 5 3 6 8 9]
 [6 3 2 7 1 4 8 9 5]
 [4 9 0 0 8 5 2 6 3]
 [1 8 5 2 6 9 4 7 0]
 [7 4 3 9 0 1 0 2 6]
 [0 0 1 4 3 7 5 0 8]
 [2 0 8 5 0 6 9 4 1]]
Number of cells unfilled: 14
Accuracy: 82.71604938271605
Sample: 44080
Question:
[[0 0 0 6 0 0 0 7 0]
 [3 0 0 0 0 0 2 0 0]
 [0 0 0 0 9 0 4 0 0]
 [0 0 8 0 0 7 6 3 0]
 [7 3 0 0 0 9 0 0 0]
 [0 6 1 0 0 0 9 0 0]
 [6 0 0 0 8 3 0 9 0]
 [0 9 0 7 0 6 0 0 1]
 [8 0 7 0 1 0 0 0 0]]
Solution:
[[3 1 4 6 7 0 0 5 2]
 [9 6 0 8 4 2 3 1 7]
 [0 2 7 1 5 3 6 8 9]
 [6 3 2 7 1 4 8 9 5]
 [4 9 0 0 8 5 2 6 3]
 [1 8 5 2 6 9 4 7 0]
 [7 4 3 9 0 1 0 2 6]
 [0 0 1 4 3 7 5 0 8]
 [2 0 8 5 0 6 9 4 1]]
Number of cells unfilled: 14
Accuracy: 82.71604938271605
Sample: 44081
Question:
[[0 0 0 6 2 0 5 0 7]
 [7 0 0 1 0 0 0 0 2]
 [0 0 2 0 5 0 4 0 0]
 [0 0 0 0 0 0 1 4 0]
 [0 6 0 2 0 1 0 0 0]
 [5 0 0 0 7 0 0 2 6]
 [0 0 0 0 4 0 0 5 0]
 [9 3 0 5 0 0 0 7 0]
 [0 0 0 7 0 0 6 0 0]]
Solution:
[[3 1 4 6 7 0 2 5 9]
 [9 6 0 8 4 2 3 1 7]
 [0 2 7 1 5 3 6 8 4]
 [6 3 2 7 1 4 8 9 5]
 [4 9 0 0 8 5 1 6 3]
 [1 8 5 2 6 9 4 7 0]
 [7 5 3 9 0 8 0 2 6]
 [0 0 1 4 3 7 5 0 8]
 [2 0 8 5 0 6 9 4 1]]
Number of cells unfilled: 13
Accuracy: 83.9506172839506
Sample: 44082
Question:
[[0 0 0 7 0 0 5 0 0]
 [0 0 9 0 0 0 0 0 3]
 [6 0 0 0 0 0 2 0 0]
 [0 0 6 4 3 0 0 0 0]
 [0 9 3 0 7 0 0 8 0]
 [4 7 0 9 0 0 0 0 6]
 [0 3 8 6 4 0 9 0 7]
 [0 0 0 3 0 0 0 0 0]
 [0 0 0 0 8 9 6 0 0]]
Solution:
[[3 1 4 6 7 0 0 5 9]
 [9 6 0 8 4 2 3 1 7]
 [5 0 7 1 9 3 6 8 2]
 [6 3 2 7 1 4 8 9 5]
 [4 9 0 0 8 5 2 6 3]
 [1 8 5 2 6 9 4 7 0]
 [7 4 3 9 0 1 0 2 6]
 [0 0 1 4 3 7 5 0 8]
 [2 0 8 5 0 6 9 4 1]]
Number of cells unfilled: 14
Accuracy: 82.71604938271605
Sample: 44083
Question:
[[0 0 0 7 3 0 0 0 4]
 [7 0 0 4 0 5 0 0 0]
 [0 5 0 0 2 9 0 0 0]
 [0 0 0 0 0 4 9 0 2]
 [0 0 0 0 0 0 7 3 0]
 [0 0 3 0 7 2 0 0 5]
 [0 8 1 0 0 0 5 0 7]
 [4 0 0 0 5 0 0 0 3]
 [0 0 0 9 0 0 4 0 0]]
Solution:
[[3 2 4 6 7 0 0 5 9]
 [9 6 0 8 4 2 1 3 7]
 [0 0 7 1 5 3 6 8 2]
 [6 3 2 7 1 4 8 9 5]
 [4 9 0 0 8 5 2 6 3]
 [1 8 5 2 6 9 4 7 0]
 [7 4 3 9 0 8 0 2 6]
 [0 0 1 4 3 7 5 0 8]
 [2 0 8 5 0 6 9 4 1]]
Number of cells unfilled: 15
Accuracy: 81.48148148148148
Sample: 44084
Question:
[[0 0 0 8 0 0 0 9 0]
 [0 5 4 0 9 0 0 0 1]
 [0 0 0 0 3 0 0 0 2]
 [0 0 0 0 0 0 0 8 6]
 [0 0 9 0 0 0 2 1 0]
 [0 2 0 0 1 6 0 0 3]
 [0 0 3 0 6 8 0 0 0]
 [1 0 0 9 0 0 0 0 0]
 [0 0 0 1 2 0 3 0 9]]
Solution:
[[3 0 4 6 7 9 2 5 1]
 [9 6 0 8 4 2 0 3 7]
 [0 2 7 1 5 3 6 8 4]
 [6 3 2 7 1 4 8 9 5]
 [4 9 0 0 8 5 1 6 3]
 [1 8 5 2 6 0 4 7 0]
 [7 5 3 9 0 8 0 2 6]
 [0 0 1 4 3 7 5 0 8]
 [2 0 8 5 0 6 9 4 0]]
Number of cells unfilled: 16
Accuracy: 80.24691358024691
Sample: 44085
Question:
[[0 0 0 8 0 0 2 3 0]
 [0 8 0 0 3 0 0 1 9]
 [2 0 0 0 0 0 8 0 7]
 [8 0 3 0 5 4 0 0 2]
 [0 0 2 0 0 0 1 0 0]
 [7 0 0 0 0 0 0 0 3]
 [9 0 1 0 0 0 0 0 0]
 [0 7 0 0 2 0 0 0 0]
 [3 0 0 0 0 7 0 9 8]]
Solution:
[[3 1 4 6 7 0 0 5 2]
 [9 6 0 8 4 2 1 3 7]
 [5 2 7 1 9 3 6 8 4]
 [6 3 2 7 1 4 8 9 5]
 [4 9 0 0 8 5 2 6 3]
 [1 8 5 2 6 9 4 7 0]
 [7 4 3 9 0 8 0 2 6]
 [0 0 1 4 3 7 5 0 8]
 [2 0 8 5 0 6 9 4 1]]
Number of cells unfilled: 13
Accuracy: 83.9506172839506
Sample: 44086
Question:
[[0 0 0 8 2 0 0 0 1]
 [2 0 4 0 9 0 0 0 0]
 [0 1 8 0 0 3 0 0 0]
 [8 0 3 0 0 0 5 0 7]
 [0 0 9 0 0 4 0 0 0]
 [1 0 0 3 0 0 0 9 0]
 [0 0 0 2 0 0 3 0 9]
 [4 0 0 0 0 9 0 8 0]
 [0 3 0 1 0 8 0 0 0]]
Solution:
[[3 1 4 6 7 0 0 5 9]
 [9 6 0 8 4 2 1 3 7]
 [5 2 7 1 9 3 6 8 4]
 [6 3 2 7 1 4 8 9 5]
 [4 9 0 0 8 5 2 6 3]
 [1 8 5 2 6 9 4 7 0]
 [7 4 3 9 0 8 0 2 6]
 [0 0 1 4 3 7 5 0 8]
 [2 0 8 5 0 6 9 4 1]]
Number of cells unfilled: 13
Accuracy: 83.9506172839506
Sample: 44087
Question:
[[0 0 0 9 0 0 0 0 0]
 [0 5 4 0 0 1 2 0 9]
 [6 0 0 0 0 0 1 4 0]
 [1 0 0 4 0 0 5 0 0]
 [0 9 6 5 2 0 0 0 4]
 [0 0 0 0 0 0 6 0 2]
 [0 0 8 0 6 0 0 0 5]
 [0 0 7 0 9 0 0 0 0]
 [0 6 0 0 0 4 0 0 0]]
Solution:
[[3 1 4 6 7 0 0 5 9]
 [9 6 0 8 4 2 3 1 7]
 [5 2 7 1 9 3 6 8 4]
 [6 3 2 7 1 4 8 9 5]
 [4 9 0 0 8 5 2 6 3]
 [1 8 5 2 6 9 4 7 0]
 [7 4 3 9 0 8 1 2 6]
 [0 0 1 4 3 7 5 0 8]
 [2 0 8 5 0 6 9 4 0]]
Number of cells unfilled: 13
Accuracy: 83.9506172839506
Sample: 44088
Question:
[[0 0 0 9 0 0 0 0 5]
 [0 4 0 0 1 5 0 6 0]
 [0 1 0 7 6 0 0 0 0]
 [0 0 0 6 0 9 7 0 0]
 [0 9 4 0 0 1 0 0 0]
 [7 0 6 0 5 0 0 0 0]
 [0 0 1 0 4 0 0 0 0]
 [0 6 5 0 0 0 2 0 8]
 [0 7 0 5 0 0 0 1 0]]
Solution:
[[3 1 4 6 7 0 2 5 9]
 [9 6 0 8 4 2 3 1 7]
 [5 2 7 1 9 3 6 8 4]
 [6 3 2 7 1 4 8 9 5]
 [4 9 0 0 8 5 1 6 3]
 [1 8 5 2 6 9 4 7 0]
 [7 4 3 9 0 8 0 2 6]
 [0 0 1 4 3 7 5 0 8]
 [2 0 8 5 0 6 9 4 1]]
Number of cells unfilled: 12
Accuracy: 85.18518518518519
Sample: 44089
Question:
[[0 0 1 0 9 0 0 0 0]
 [0 3 0 7 0 6 1 9 0]
 [0 6 0 0 0 0 0 8 7]
 [0 0 7 0 8 0 0 2 0]
 [0 0 0 0 0 9 0 0 0]
 [1 0 0 0 0 0 0 5 0]
 [0 0 8 9 0 7 0 0 6]
 [9 0 0 1 3 0 8 0 0]
 [3 7 0 0 0 8 0 0 0]]
Solution:
[[3 1 4 6 7 0 2 5 9]
 [9 6 0 8 4 2 0 3 7]
 [5 2 7 1 9 3 6 8 4]
 [6 3 2 7 1 4 8 9 5]
 [4 9 0 0 8 5 1 6 3]
 [1 8 5 2 6 9 4 7 0]
 [7 4 3 9 0 1 0 2 6]
 [0 0 1 4 3 7 5 0 8]
 [2 0 8 5 0 6 9 4 1]]
Number of cells unfilled: 13
Accuracy: 83.9506172839506
Sample: 44090
Question:
[[0 0 1 9 0 0 2 0 0]
 [0 4 2 0 0 0 9 0 6]
 [0 0 0 0 4 0 0 0 8]
 [9 0 0 0 2 0 4 0 0]
 [0 0 0 0 0 6 0 8 9]
 [1 0 8 0 0 0 6 0 0]
 [0 0 6 0 0 0 0 0 4]
 [4 0 9 0 3 5 0 0 2]
 [2 0 0 0 0 0 1 0 0]]
Solution:
[[3 0 4 6 7 0 2 5 1]
 [9 6 0 8 4 2 0 3 7]
 [0 2 7 1 5 3 6 8 9]
 [6 3 2 7 1 4 8 9 5]
 [4 9 0 0 8 5 1 6 3]
 [1 8 5 2 6 9 4 7 0]
 [7 4 3 9 0 8 0 2 6]
 [0 0 1 4 3 7 5 0 8]
 [2 0 8 5 0 6 9 4 0]]
Number of cells unfilled: 16
Accuracy: 80.24691358024691
Sample: 44091
Question:
[[0 0 2 0 0 0 0 6 1]
 [0 1 0 0 2 0 8 0 7]
 [0 0 0 0 0 6 3 2 0]
 [0 0 0 7 0 8 0 0 6]
 [0 6 0 0 3 0 0 0 0]
 [3 0 0 0 0 1 2 0 8]
 [0 0 0 6 0 0 0 7 0]
 [9 5 0 1 0 2 0 0 0]
 [0 0 0 0 0 3 1 0 0]]
Solution:
[[3 1 4 6 7 0 0 5 9]
 [9 6 0 8 4 2 3 1 7]
 [0 0 7 1 5 3 6 8 2]
 [6 3 2 7 1 4 8 9 5]
 [4 9 0 0 8 5 2 6 3]
 [1 8 5 2 6 9 4 7 0]
 [7 4 3 9 0 1 0 2 6]
 [0 0 1 4 3 7 5 0 8]
 [2 0 8 5 0 6 9 4 1]]
Number of cells unfilled: 15
Accuracy: 81.48148148148148
Sample: 44092
Question:
[[0 0 2 0 0 0 0 7 3]
 [8 0 3 0 0 1 0 0 0]
 [9 7 0 2 0 0 8 0 0]
 [0 3 0 7 1 0 0 2 9]
 [0 0 0 0 0 8 1 3 0]
 [0 9 0 0 0 0 0 0 0]
 [0 0 0 0 0 0 3 0 0]
 [0 0 1 0 6 0 0 0 7]
 [0 2 0 0 4 0 0 0 1]]
Solution:
[[3 1 4 6 7 0 0 5 2]
 [9 6 0 8 4 2 1 3 7]
 [5 2 7 1 9 3 6 8 4]
 [6 3 2 7 1 4 8 9 5]
 [4 9 0 0 8 5 2 6 3]
 [1 8 5 2 6 9 4 7 0]
 [7 4 3 9 0 8 0 2 6]
 [0 0 1 4 3 7 5 0 8]
 [2 0 8 5 0 6 9 4 1]]
Number of cells unfilled: 13
Accuracy: 83.9506172839506
Sample: 44093
Question:
[[0 0 2 0 0 3 4 0 0]
 [0 0 0 6 0 0 0 0 0]
 [0 0 8 0 0 0 0 0 7]
 [9 0 0 4 6 0 3 7 0]
 [0 3 4 0 7 5 0 0 6]
 [0 0 0 3 0 9 0 0 5]
 [4 0 3 0 0 0 6 9 0]
 [0 7 6 0 4 0 0 5 0]
 [0 0 0 0 0 0 0 0 0]]
Solution:
[[3 1 4 6 7 0 0 5 2]
 [9 6 0 8 4 2 3 1 7]
 [0 2 7 1 5 3 6 8 9]
 [6 3 2 7 1 4 8 9 5]
 [4 9 0 0 8 5 2 6 3]
 [1 8 5 2 6 9 4 7 0]
 [7 4 3 9 0 8 1 2 6]
 [0 0 1 4 3 7 5 0 8]
 [2 0 8 5 0 6 9 4 0]]
Number of cells unfilled: 14
Accuracy: 82.71604938271605
Sample: 44094
Question:
[[0 0 2 0 0 4 0 0 0]
 [0 7 0 0 5 0 0 0 0]
 [0 4 8 0 0 7 0 9 6]
 [8 0 0 5 0 1 0 7 4]
 [0 0 0 0 0 0 8 0 0]
 [4 0 7 0 8 2 0 0 0]
 [0 0 0 0 4 0 0 0 7]
 [0 0 0 1 0 8 0 2 0]
 [0 5 1 0 2 0 0 0 0]]
Solution:
[[3 1 4 6 7 0 0 5 9]
 [9 6 0 8 4 2 1 3 7]
 [0 0 7 1 5 3 6 8 2]
 [6 3 2 7 1 4 8 9 5]
 [4 9 0 0 8 5 2 6 3]
 [1 8 5 2 6 9 4 7 0]
 [7 4 3 9 0 8 0 2 6]
 [0 0 1 4 3 7 5 0 8]
 [2 0 8 5 0 6 9 4 1]]
Number of cells unfilled: 15
Accuracy: 81.48148148148148
Sample: 44095
Question:
[[0 0 2 0 8 0 3 6 0]
 [7 0 0 6 0 0 0 8 1]
 [0 0 0 1 3 0 0 0 0]
 [0 4 0 0 0 3 0 0 7]
 [0 0 0 0 0 0 6 0 0]
 [0 5 0 8 0 0 0 0 0]
 [0 0 0 0 0 0 0 7 6]
 [0 0 3 0 2 0 0 0 0]
 [8 6 0 7 1 0 2 3 0]]
Solution:
[[3 1 4 6 7 0 0 5 2]
 [9 6 0 8 4 2 1 3 7]
 [0 2 7 1 5 3 6 8 4]
 [6 3 2 7 1 4 8 9 5]
 [4 9 0 0 8 5 2 6 3]
 [1 8 5 2 6 9 4 7 0]
 [7 5 3 9 0 1 0 2 6]
 [0 0 1 4 3 7 5 0 8]
 [2 0 8 5 0 6 9 4 1]]
Number of cells unfilled: 14
Accuracy: 82.71604938271605
Sample: 44096
Question:
[[0 0 2 8 0 4 0 0 0]
 [0 0 0 7 3 0 0 0 6]
 [3 0 0 0 6 2 0 0 0]
 [0 0 0 0 0 0 4 0 8]
 [0 0 6 0 0 0 3 7 0]
 [0 7 0 3 0 8 0 0 2]
 [0 0 0 2 0 0 0 0 7]
 [0 1 5 6 0 0 2 0 3]
 [0 0 0 0 4 0 6 0 0]]
Solution:
[[3 1 4 6 7 0 2 5 9]
 [9 6 0 8 4 2 3 1 7]
 [5 2 7 1 9 3 6 8 4]
 [6 3 2 7 1 4 8 9 5]
 [4 9 0 0 8 5 1 6 3]
 [1 8 5 2 6 9 4 7 0]
 [7 4 3 9 0 1 0 2 6]
 [0 0 1 4 3 7 5 0 8]
 [2 0 8 5 0 6 9 4 1]]
Number of cells unfilled: 12
Accuracy: 85.18518518518519
Sample: 44097
Question:
[[0 0 3 0 0 0 2 0 0]
 [0 7 5 6 8 0 0 0 0]
 [0 1 0 0 0 3 0 0 5]
 [7 0 0 5 0 0 0 0 9]
 [0 2 0 0 0 7 3 5 0]
 [0 3 0 0 0 0 7 0 1]
 [0 0 0 0 0 0 5 0 0]
 [0 0 0 0 1 0 0 9 7]
 [0 9 2 0 0 0 1 3 0]]
Solution:
[[3 1 4 6 7 0 2 5 9]
 [9 6 0 8 4 2 0 3 7]
 [5 2 7 1 9 3 6 8 4]
 [6 3 2 7 1 4 8 9 5]
 [4 9 0 0 8 5 1 6 3]
 [1 8 5 2 6 9 4 7 0]
 [7 5 3 9 0 8 0 2 6]
 [0 0 1 4 3 7 5 0 8]
 [2 0 8 5 0 6 9 4 1]]
Number of cells unfilled: 13
Accuracy: 83.9506172839506
Sample: 44098
Question:
[[0 0 3 0 0 8 0 0 9]
 [9 0 0 0 0 6 0 0 7]
 [0 0 0 0 0 0 0 1 0]
 [0 0 1 7 0 9 3 0 4]
 [0 3 0 0 2 0 1 9 0]
 [0 0 4 0 0 0 0 0 2]
 [0 0 0 0 0 0 7 0 0]
 [1 2 0 0 9 0 0 0 0]
 [0 4 7 3 0 1 0 0 0]]
Solution:
[[3 1 4 6 7 0 0 5 9]
 [9 6 0 8 4 2 3 1 7]
 [5 2 7 1 9 3 6 8 4]
 [6 3 2 7 1 4 8 9 5]
 [4 9 0 0 8 5 2 6 3]
 [1 8 5 2 6 9 4 7 0]
 [7 4 3 9 0 1 0 2 6]
 [0 0 1 4 3 7 5 0 8]
 [2 0 8 5 0 6 9 4 1]]
Number of cells unfilled: 13
Accuracy: 83.9506172839506
Sample: 44099
Question:
[[0 0 3 6 0 0 0 0 0]
 [0 0 0 0 9 0 3 0 8]
 [9 2 0 0 0 0 0 0 5]
 [0 0 0 8 0 0 0 0 9]
 [0 0 0 0 0 2 6 0 0]
 [4 1 0 3 0 0 0 0 2]
 [0 8 0 9 0 0 0 5 3]
 [2 0 0 0 0 3 9 0 0]
 [0 0 0 5 0 6 8 0 0]]
Solution:
[[3 1 4 6 7 0 0 5 9]
 [9 6 0 8 4 2 3 1 7]
 [5 2 7 1 9 3 6 8 4]
 [6 3 2 7 1 4 8 9 5]
 [4 9 0 0 8 5 2 6 3]
 [1 8 5 2 6 9 4 7 0]
 [7 4 3 9 0 8 1 2 6]
 [0 0 1 4 3 7 5 0 8]
 [2 0 8 5 0 6 9 4 0]]
Number of cells unfilled: 13
Accuracy: 83.9506172839506
Sample: 44100
Question:
[[0 0 4 0 0 0 0 5 0]
 [0 6 0 0 0 0 0 0 7]
 [0 0 7 1 0 3 0 8 0]
 [0 0 2 7 0 4 8 0 0]
 [0 0 0 0 8 0 0 6 0]
 [0 8 5 0 0 0 4 0 0]
 [7 0 0 0 0 0 0 2 6]
 [0 0 0 0 0 7 5 0 0]
 [2 0 8 5 0 0 0 4 0]]
Solution:
[[3 1 4 6 7 0 0 5 2]
 [9 6 0 8 4 2 1 3 7]
 [5 2 7 1 9 3 6 8 4]
 [6 3 2 7 1 4 8 9 5]
 [4 9 0 0 8 5 2 6 3]
 [1 8 5 2 6 9 4 7 0]
 [7 5 3 9 0 8 0 2 6]
 [0 0 1 4 3 7 5 0 8]
 [2 0 8 5 0 6 9 4 1]]
Number of cells unfilled: 13
Accuracy: 83.9506172839506
