2025-10-22 14:57:26.905016: I tensorflow/core/util/port.cc:153] oneDNN custom operations are on. You may see slightly different numerical results due to floating-point round-off errors from different computation orders. To turn them off, set the environment variable `TF_ENABLE_ONEDNN_OPTS=0`.
2025-10-22 14:57:26.999104: I tensorflow/core/platform/cpu_feature_guard.cc:210] This TensorFlow binary is optimized to use available CPU instructions in performance-critical operations.
To enable the following instructions: AVX2 AVX512F AVX512_VNNI FMA, in other operations, rebuild TensorFlow with the appropriate compiler flags.
2025-10-22 14:57:31.971948: I tensorflow/core/util/port.cc:153] oneDNN custom operations are on. You may see slightly different numerical results due to floating-point round-off errors from different computation orders. To turn them off, set the environment variable `TF_ENABLE_ONEDNN_OPTS=0`.
2025-10-22 14:57:38.134405: E external/local_xla/xla/stream_executor/cuda/cuda_platform.cc:51] failed call to cuInit: INTERNAL: CUDA error: Failed call to cuInit: UNKNOWN ERROR (303)
Sample: 44201
Question:
[[0 7 0 0 0 0 0 0 0]
 [0 0 1 0 5 7 2 6 0]
 [0 0 0 1 0 2 0 4 0]
 [0 2 0 0 0 8 0 0 1]
 [0 1 0 0 0 9 5 0 0]
 [7 0 0 0 0 0 0 0 0]
 [0 6 5 0 2 1 7 0 0]
 [0 0 7 4 0 0 0 5 0]
 [2 4 0 0 0 0 6 0 0]]
Solution:
[[5 7 4 6 9 8 1 3 2]
 [0 2 3 7 4 1 5 9 6]
 [1 9 6 3 5 2 8 4 7]
 [0 6 9 2 8 4 3 7 1]
 [8 0 2 1 7 6 4 0 9]
 [3 5 1 9 0 0 2 6 8]
 [4 8 5 0 1 9 7 2 3]
 [2 3 7 5 6 0 9 1 4]
 [9 1 0 8 2 3 6 5 0]]
Number of cells unfilled: 10
Accuracy: 87.65432098765432
Sample: 44202
Question:
[[0 7 0 0 0 0 0 3 0]
 [0 0 5 0 0 0 0 0 9]
 [0 0 0 1 8 0 0 4 7]
 [0 6 0 7 0 0 0 0 0]
 [7 0 9 0 0 4 0 5 0]
 [0 3 4 0 0 0 0 9 0]
 [0 0 0 9 0 0 3 0 4]
 [9 0 0 0 0 0 0 6 5]
 [6 4 0 0 3 0 0 7 0]]
Solution:
[[5 7 4 6 9 8 1 3 2]
 [0 8 3 7 4 1 5 9 6]
 [1 9 6 3 5 2 8 4 7]
 [0 6 9 2 0 4 3 7 1]
 [8 0 2 1 7 6 4 0 9]
 [3 5 1 9 8 0 2 6 0]
 [4 0 5 0 1 9 7 2 3]
 [2 3 7 5 6 0 9 1 4]
 [9 1 0 8 2 3 6 5 0]]
Number of cells unfilled: 12
Accuracy: 85.18518518518519
Sample: 44203
Question:
[[0 7 0 0 0 0 2 0 0]
 [0 0 0 8 0 9 6 1 0]
 [0 0 6 0 0 0 0 4 0]
 [0 1 4 0 0 0 0 2 6]
 [7 0 3 6 0 0 0 0 1]
 [0 2 0 0 1 0 0 0 0]
 [3 0 1 0 0 4 0 0 0]
 [2 0 0 0 0 0 7 3 0]
 [0 6 0 2 0 0 0 0 4]]
Solution:
[[5 7 4 6 9 8 1 3 2]
 [0 2 3 7 4 1 5 9 6]
 [1 9 6 3 5 2 8 4 7]
 [0 6 9 2 8 4 3 7 1]
 [8 0 2 1 7 6 4 0 5]
 [3 5 1 9 0 0 2 6 8]
 [4 0 5 0 1 9 7 2 3]
 [2 3 8 5 6 7 9 1 4]
 [9 1 7 8 2 3 6 5 0]]
Number of cells unfilled: 9
Accuracy: 88.88888888888889
Sample: 44204
Question:
[[0 7 0 0 0 0 3 0 0]
 [3 0 0 0 4 0 0 0 8]
 [6 0 0 0 0 0 0 0 2]
 [0 0 0 7 0 5 0 3 0]
 [0 5 0 0 6 1 4 0 0]
 [7 0 6 0 0 0 0 0 0]
 [0 0 0 0 1 3 0 0 0]
 [1 0 4 0 7 0 6 0 3]
 [0 0 7 0 0 4 0 5 0]]
Solution:
[[5 7 4 6 9 8 1 3 2]
 [0 8 3 7 4 1 5 9 6]
 [1 9 6 3 5 2 8 4 7]
 [0 6 9 2 8 4 3 7 1]
 [8 0 2 1 7 6 4 0 5]
 [3 5 1 0 0 0 2 6 9]
 [4 0 5 0 1 9 7 2 3]
 [2 3 8 5 6 7 9 1 4]
 [9 1 7 8 2 3 6 5 0]]
Number of cells unfilled: 10
Accuracy: 87.65432098765432
Sample: 44205
Question:
[[0 7 0 0 0 3 0 0 0]
 [4 0 0 0 2 0 0 0 0]
 [3 0 0 0 8 0 0 6 0]
 [9 0 6 0 0 4 0 7 0]
 [5 4 0 0 0 0 3 9 0]
 [0 3 7 5 0 0 0 0 0]
 [0 0 0 3 4 0 5 0 7]
 [0 0 0 0 7 6 9 4 0]
 [0 0 0 0 0 0 0 0 6]]
Solution:
[[5 7 4 6 9 8 1 3 2]
 [0 8 3 7 4 1 5 9 6]
 [1 9 6 3 5 2 8 4 7]
 [0 6 9 2 8 4 3 7 1]
 [8 0 2 1 7 6 4 0 5]
 [3 5 1 0 0 0 2 6 9]
 [4 0 5 0 1 9 7 2 3]
 [2 3 8 5 6 7 9 1 4]
 [9 1 7 8 2 3 6 5 0]]
Number of cells unfilled: 10
Accuracy: 87.65432098765432
Sample: 44206
Question:
[[0 7 0 0 4 0 0 6 0]
 [0 0 1 0 0 0 9 0 0]
 [9 6 0 1 0 8 7 0 0]
 [0 0 4 6 0 7 1 9 0]
 [7 1 0 0 0 0 0 0 0]
 [0 0 0 0 8 0 0 4 0]
 [0 0 7 0 0 0 0 0 0]
 [8 0 0 0 0 2 6 0 0]
 [1 0 0 0 0 3 0 0 8]]
Solution:
[[5 2 4 6 9 8 1 3 7]
 [0 8 3 7 4 1 5 9 6]
 [1 9 6 3 5 2 8 4 0]
 [0 6 9 2 0 4 3 7 1]
 [8 0 2 1 7 6 4 0 9]
 [3 5 1 9 8 0 2 6 0]
 [4 0 5 0 1 9 7 2 3]
 [2 3 8 5 6 7 9 1 4]
 [9 1 7 8 2 3 6 5 0]]
Number of cells unfilled: 11
Accuracy: 86.41975308641975
Sample: 44207
Question:
[[0 7 0 0 8 0 0 0 0]
 [1 0 0 0 0 2 0 0 0]
 [8 0 0 0 0 0 9 0 6]
 [0 8 0 4 5 0 0 0 7]
 [2 4 0 1 0 0 0 0 0]
 [5 0 7 0 0 0 1 0 0]
 [0 0 5 0 4 0 8 0 1]
 [0 2 0 8 0 1 0 5 0]
 [0 0 0 0 7 5 0 0 0]]
Solution:
[[5 7 4 6 9 8 1 3 2]
 [0 2 3 7 4 1 5 9 6]
 [1 9 6 3 5 2 8 4 7]
 [0 6 9 2 0 4 3 7 1]
 [8 0 2 1 7 6 4 0 9]
 [3 5 1 9 8 0 2 6 0]
 [4 0 5 0 1 9 7 2 3]
 [2 3 8 5 6 7 9 1 4]
 [9 1 7 8 2 3 6 5 0]]
Number of cells unfilled: 10
Accuracy: 87.65432098765432
Sample: 44208
Question:
[[0 7 0 0 9 0 0 0 8]
 [5 0 0 0 6 0 0 0 7]
 [0 0 0 0 0 0 0 3 0]
 [0 0 0 0 0 0 8 0 3]
 [0 0 2 7 0 0 0 0 0]
 [8 0 1 0 3 5 7 0 0]
 [3 0 0 0 7 8 5 0 1]
 [0 8 5 2 0 0 3 0 0]
 [1 0 0 0 0 0 0 0 2]]
Solution:
[[5 7 4 6 9 8 1 3 2]
 [0 8 3 7 4 1 5 9 6]
 [1 9 6 3 5 2 8 4 7]
 [0 6 9 2 0 4 3 7 5]
 [8 0 2 1 7 6 4 0 9]
 [3 5 1 9 8 0 2 6 0]
 [4 0 5 0 1 9 7 2 3]
 [2 3 8 5 6 7 9 1 4]
 [9 1 7 8 2 3 6 5 0]]
Number of cells unfilled: 10
Accuracy: 87.65432098765432
Sample: 44209
Question:
[[0 7 1 0 0 0 4 3 0]
 [0 0 4 0 0 1 2 0 0]
 [0 8 0 3 0 0 0 1 0]
 [0 4 0 6 9 0 1 0 3]
 [0 3 0 0 0 0 7 0 0]
 [0 0 2 0 0 0 0 0 4]
 [8 1 0 0 7 0 0 0 0]
 [0 0 7 0 0 0 8 0 2]
 [0 0 3 4 0 0 0 0 0]]
Solution:
[[5 0 4 6 9 8 1 3 2]
 [7 8 3 2 4 1 5 9 6]
 [1 2 6 3 5 7 8 4 0]
 [0 6 9 0 8 4 3 7 1]
 [8 0 2 1 7 6 4 0 5]
 [3 5 1 9 0 0 2 6 8]
 [4 0 5 0 1 9 7 2 3]
 [2 3 7 5 6 0 9 1 4]
 [9 1 0 8 2 3 6 5 0]]
Number of cells unfilled: 13
Accuracy: 83.9506172839506
Sample: 44210
Question:
[[0 7 2 0 9 0 0 0 0]
 [0 0 0 0 1 4 0 7 0]
 [4 0 0 0 0 2 0 0 6]
 [0 0 0 0 0 6 2 0 0]
 [0 0 0 0 7 0 0 0 1]
 [0 3 8 0 0 0 7 0 4]
 [0 0 0 2 0 0 6 0 9]
 [0 0 1 9 4 0 0 0 0]
 [0 2 0 0 0 7 4 1 0]]
Solution:
[[5 7 4 6 9 8 1 3 2]
 [0 8 3 7 4 1 5 9 6]
 [1 9 6 3 5 2 8 4 7]
 [0 6 9 2 8 4 3 7 1]
 [8 0 2 1 7 6 4 0 9]
 [3 5 1 9 0 0 2 6 8]
 [4 0 5 0 1 9 7 2 3]
 [2 3 8 5 6 7 9 1 4]
 [9 1 7 8 2 3 6 5 0]]
Number of cells unfilled: 9
Accuracy: 88.88888888888889
Sample: 44211
Question:
[[0 7 4 8 0 3 0 5 0]
 [0 0 0 5 0 0 6 0 0]
 [0 0 0 0 0 2 0 8 0]
 [0 0 0 0 0 5 3 2 0]
 [0 5 8 0 3 0 0 1 0]
 [3 0 0 0 0 6 0 0 8]
 [0 0 0 6 0 1 2 0 0]
 [0 2 0 0 0 0 0 3 1]
 [0 0 5 0 0 0 8 0 0]]
Solution:
[[5 7 4 6 9 8 1 3 2]
 [0 8 3 7 4 1 5 9 6]
 [1 9 6 3 5 2 8 4 7]
 [0 6 9 2 0 4 3 7 5]
 [8 0 2 1 7 6 4 0 9]
 [3 5 1 9 8 0 2 6 0]
 [4 0 5 0 1 9 7 2 3]
 [2 3 8 5 6 7 9 1 4]
 [9 1 7 8 2 3 6 5 0]]
Number of cells unfilled: 10
Accuracy: 87.65432098765432
Sample: 44212
Question:
[[0 7 6 1 0 0 8 0 0]
 [0 0 0 4 0 0 5 0 0]
 [0 0 0 0 9 0 0 1 0]
 [0 0 1 0 0 0 0 0 0]
 [0 0 0 0 5 0 3 9 0]
 [0 5 0 8 0 3 4 0 0]
 [0 1 4 3 0 9 0 0 8]
 [0 0 0 5 8 0 1 0 4]
 [8 0 0 0 0 4 0 0 0]]
Solution:
[[5 0 4 6 9 8 1 3 2]
 [7 8 3 2 4 1 5 9 6]
 [1 2 6 3 5 7 8 4 0]
 [0 6 9 0 0 4 3 7 1]
 [8 0 2 1 7 6 4 0 5]
 [3 5 1 9 8 0 2 6 0]
 [4 0 5 0 1 9 7 2 3]
 [2 3 7 5 6 0 9 1 4]
 [9 1 0 8 2 3 6 5 0]]
Number of cells unfilled: 14
Accuracy: 82.71604938271605
Sample: 44213
Question:
[[0 7 9 2 0 0 0 0 0]
 [6 1 0 5 0 0 0 0 0]
 [0 0 0 0 0 0 1 0 7]
 [0 0 0 6 0 2 0 0 5]
 [0 0 1 0 0 7 9 0 2]
 [5 0 0 9 1 0 7 6 0]
 [0 4 0 0 6 0 0 0 1]
 [0 0 0 0 0 0 0 7 0]
 [0 8 0 0 0 9 0 0 6]]
Solution:
[[5 7 4 6 9 8 1 3 2]
 [0 2 3 7 4 1 5 9 6]
 [1 9 6 3 5 2 8 4 7]
 [0 6 9 2 0 4 3 7 1]
 [8 0 2 1 7 6 4 0 9]
 [3 5 1 9 8 0 2 6 0]
 [4 0 5 0 1 9 7 2 3]
 [2 3 8 5 6 7 9 1 4]
 [9 1 7 8 2 3 6 5 0]]
Number of cells unfilled: 10
Accuracy: 87.65432098765432
Sample: 44214
Question:
[[0 8 0 0 0 0 0 0 9]
 [0 0 4 8 0 0 7 5 0]
 [0 0 0 0 6 5 0 0 4]
 [0 0 0 0 0 4 9 0 0]
 [0 3 1 0 9 7 8 0 0]
 [0 0 0 0 8 0 0 0 6]
 [7 0 0 0 0 6 0 9 0]
 [0 9 8 7 0 0 5 0 0]
 [0 0 0 0 0 0 4 0 7]]
Solution:
[[5 7 4 6 9 8 1 3 2]
 [0 2 3 7 4 1 5 9 6]
 [1 9 6 3 5 2 8 4 7]
 [0 6 9 2 8 4 3 7 1]
 [8 0 2 1 7 6 4 0 9]
 [3 5 1 9 0 0 2 6 8]
 [4 0 5 0 1 9 7 2 3]
 [2 3 8 5 6 7 9 1 4]
 [9 1 7 8 2 3 6 5 0]]
Number of cells unfilled: 9
Accuracy: 88.88888888888889
Sample: 44215
Question:
[[0 8 0 0 0 5 0 0 0]
 [5 0 3 0 0 2 8 0 9]
 [0 9 2 3 8 0 0 6 0]
 [0 2 0 0 0 0 0 0 0]
 [8 0 0 0 9 0 0 0 1]
 [0 0 0 0 0 3 0 0 4]
 [0 6 9 5 0 0 3 0 2]
 [0 0 0 6 2 0 0 9 8]
 [0 0 0 0 0 0 0 0 0]]
Solution:
[[5 7 4 6 9 8 1 3 2]
 [0 2 3 7 4 1 5 9 6]
 [1 9 6 3 5 2 8 4 7]
 [0 6 9 2 8 4 3 7 1]
 [8 0 2 1 7 6 4 0 9]
 [3 5 1 9 0 0 2 6 8]
 [4 0 5 0 1 9 7 2 3]
 [2 3 8 5 6 7 9 1 4]
 [9 1 7 8 2 3 6 5 0]]
Number of cells unfilled: 9
Accuracy: 88.88888888888889
Sample: 44216
Question:
[[0 8 2 1 7 0 0 0 0]
 [0 0 0 0 0 0 0 1 0]
 [5 0 0 0 9 2 0 0 0]
 [0 0 0 0 0 0 2 0 0]
 [0 0 6 0 0 5 0 0 1]
 [0 0 3 8 0 0 0 0 5]
 [0 1 0 2 0 0 0 8 7]
 [9 0 0 0 8 0 5 2 0]
 [0 0 0 7 5 0 0 0 9]]
Solution:
[[5 7 4 6 9 8 1 3 2]
 [0 8 3 7 4 1 5 9 6]
 [1 9 6 3 5 2 8 4 7]
 [0 6 9 2 0 4 3 7 8]
 [8 0 2 1 7 6 4 0 5]
 [3 5 1 9 8 0 2 6 0]
 [4 0 5 0 1 9 7 2 3]
 [2 3 8 5 6 7 9 1 4]
 [9 1 7 8 2 3 6 5 0]]
Number of cells unfilled: 10
Accuracy: 87.65432098765432
Sample: 44217
Question:
[[0 8 2 3 0 7 1 0 4]
 [0 3 0 0 1 0 0 0 0]
 [0 0 0 0 4 2 0 8 0]
 [7 1 0 4 0 0 3 0 8]
 [0 0 0 7 0 0 0 0 0]
 [0 4 8 0 0 0 0 2 0]
 [0 0 0 1 0 0 0 0 9]
 [0 0 4 0 0 0 0 0 0]
 [3 0 0 0 8 0 0 0 5]]
Solution:
[[5 7 4 6 9 8 1 3 2]
 [0 2 3 7 4 1 5 9 6]
 [1 9 6 3 5 2 8 4 7]
 [0 6 9 2 0 4 3 7 8]
 [8 0 2 1 7 6 4 0 9]
 [3 5 1 9 8 0 2 6 0]
 [4 0 5 0 1 9 7 2 3]
 [2 3 8 5 6 7 9 1 4]
 [9 1 7 8 2 3 6 5 0]]
Number of cells unfilled: 10
Accuracy: 87.65432098765432
Sample: 44218
Question:
[[0 8 4 6 0 0 5 0 3]
 [0 0 0 0 3 0 0 0 0]
 [0 0 6 0 0 0 0 9 8]
 [0 3 0 0 4 5 8 0 9]
 [0 0 5 0 0 3 0 6 0]
 [0 4 9 8 0 0 0 0 0]
 [0 5 0 0 9 0 0 0 2]
 [0 0 0 0 8 0 0 0 7]
 [0 0 0 3 0 0 9 0 0]]
Solution:
[[5 7 4 6 9 8 1 3 2]
 [0 8 3 7 4 1 5 9 6]
 [1 9 6 3 5 2 8 4 7]
 [0 6 9 2 0 4 3 7 1]
 [8 0 2 1 7 6 4 0 9]
 [3 5 1 9 8 0 2 6 0]
 [4 0 5 0 1 9 7 2 3]
 [2 3 8 5 6 7 9 1 4]
 [9 1 7 8 2 3 6 5 0]]
Number of cells unfilled: 10
Accuracy: 87.65432098765432
Sample: 44219
Question:
[[0 9 0 0 0 0 0 0 0]
 [0 0 6 8 0 0 5 0 0]
 [0 0 2 0 0 6 3 0 0]
 [2 0 9 0 0 8 0 0 0]
 [0 0 0 0 1 0 0 0 6]
 [0 0 0 2 7 0 9 8 0]
 [9 6 0 0 0 0 0 0 1]
 [8 0 7 9 0 0 0 2 0]
 [0 0 1 7 6 0 0 0 0]]
Solution:
[[5 7 4 6 9 8 1 3 2]
 [0 2 3 7 4 1 5 9 6]
 [1 9 6 3 5 2 8 4 7]
 [0 6 9 2 0 4 3 7 8]
 [8 0 2 1 7 6 4 0 9]
 [3 5 1 9 8 0 2 6 0]
 [4 0 5 0 1 9 7 2 3]
 [2 3 8 5 6 7 9 1 4]
 [9 1 7 8 2 3 6 5 0]]
Number of cells unfilled: 10
Accuracy: 87.65432098765432
Sample: 44220
Question:
[[0 9 0 0 0 0 0 0 1]
 [8 0 5 0 0 0 0 4 7]
 [0 0 0 4 0 8 5 0 0]
 [9 0 4 5 0 7 0 8 0]
 [0 1 0 8 0 0 0 0 0]
 [0 0 0 0 0 1 0 7 9]
 [2 0 0 0 0 9 0 5 0]
 [0 0 9 0 8 0 0 0 0]
 [3 0 0 0 0 4 0 0 0]]
Solution:
[[5 7 4 6 9 8 1 3 2]
 [0 8 3 7 4 1 5 9 6]
 [1 9 6 3 5 2 8 4 7]
 [0 6 9 2 8 4 3 7 1]
 [8 0 2 1 7 6 4 0 9]
 [3 5 1 9 0 0 2 6 8]
 [4 0 5 0 1 9 7 2 3]
 [2 3 8 5 6 7 9 1 4]
 [9 1 7 8 2 3 6 5 0]]
Number of cells unfilled: 9
Accuracy: 88.88888888888889
Sample: 44221
Question:
[[0 9 0 0 0 0 0 0 3]
 [0 0 0 6 0 2 0 5 0]
 [5 0 2 3 0 0 6 0 1]
 [0 0 0 0 1 0 3 0 0]
 [1 0 0 5 0 6 0 9 0]
 [0 2 5 0 3 9 0 0 0]
 [0 0 8 1 0 0 2 0 0]
 [0 0 7 0 0 0 5 0 0]
 [2 0 0 0 0 0 0 3 0]]
Solution:
[[5 2 4 6 9 8 1 3 7]
 [7 8 3 2 4 1 5 9 6]
 [1 9 6 3 5 7 8 4 2]
 [0 6 9 0 8 4 3 7 1]
 [8 0 2 1 7 6 4 5 9]
 [3 5 1 9 0 0 2 6 8]
 [4 0 5 0 1 9 7 2 3]
 [2 3 7 5 6 0 9 1 4]
 [9 1 0 8 2 3 6 0 5]]
Number of cells unfilled: 10
Accuracy: 87.65432098765432
Sample: 44222
Question:
[[0 9 0 0 0 0 6 5 0]
 [2 0 6 5 0 0 0 1 8]
 [0 0 0 0 0 8 0 0 0]
 [0 0 3 0 8 0 9 0 0]
 [0 0 0 6 0 0 0 0 0]
 [0 0 4 0 9 0 0 0 2]
 [8 0 9 0 1 2 0 0 6]
 [0 5 0 9 0 6 0 2 0]
 [0 0 0 0 0 0 0 0 1]]
Solution:
[[5 2 4 6 9 8 1 3 7]
 [0 8 3 7 4 1 5 9 6]
 [1 7 6 3 5 2 8 4 0]
 [0 6 9 2 8 4 3 7 1]
 [8 0 2 1 7 6 4 0 9]
 [3 5 1 9 0 0 2 6 8]
 [4 0 5 0 1 9 7 2 3]
 [2 3 8 5 6 7 9 1 4]
 [9 1 7 8 2 3 6 5 0]]
Number of cells unfilled: 10
Accuracy: 87.65432098765432
Sample: 44223
Question:
[[0 9 0 0 0 0 7 1 0]
 [0 7 6 1 0 4 5 0 0]
 [0 0 5 0 9 0 0 6 4]
 [0 0 4 0 0 0 0 0 0]
 [0 0 0 4 1 0 0 9 5]
 [0 0 0 5 0 6 0 7 0]
 [5 0 0 0 0 1 0 0 0]
 [0 4 0 3 0 0 0 0 0]
 [0 1 0 8 0 0 6 0 0]]
Solution:
[[5 7 4 6 9 8 1 3 2]
 [0 2 3 7 4 1 5 9 6]
 [1 9 6 3 5 2 8 4 7]
 [0 6 9 2 8 4 3 7 1]
 [8 0 2 1 7 6 4 0 9]
 [3 5 1 9 0 0 2 6 8]
 [4 8 5 0 1 9 7 2 3]
 [2 3 7 5 6 0 9 1 4]
 [9 1 0 8 2 3 6 5 0]]
Number of cells unfilled: 10
Accuracy: 87.65432098765432
Sample: 44224
Question:
[[0 9 0 0 0 5 0 8 0]
 [0 0 0 0 0 0 3 0 0]
 [0 2 0 7 0 0 0 0 0]
 [7 3 0 8 1 0 4 0 5]
 [0 8 5 0 4 0 0 0 0]
 [0 0 0 0 0 0 0 3 0]
 [8 0 0 3 0 0 0 1 7]
 [0 0 0 1 5 0 8 0 0]
 [0 0 4 0 7 0 5 0 3]]
Solution:
[[5 0 4 6 9 8 1 3 2]
 [7 8 3 2 4 1 5 9 6]
 [1 2 6 3 5 7 8 4 0]
 [0 6 9 0 8 4 3 7 1]
 [8 0 2 1 7 6 4 5 9]
 [3 5 1 9 0 0 2 6 8]
 [4 0 5 0 1 9 7 2 3]
 [2 3 7 5 6 0 9 1 4]
 [9 1 0 8 2 3 6 0 5]]
Number of cells unfilled: 12
Accuracy: 85.18518518518519
Sample: 44225
Question:
[[0 9 0 0 0 7 0 0 0]
 [2 0 5 4 0 0 0 0 0]
 [0 7 6 0 0 0 0 9 4]
 [0 0 4 0 0 9 0 6 0]
 [0 2 0 0 0 0 9 0 0]
 [0 0 0 1 3 0 0 7 0]
 [9 0 0 0 0 0 2 5 0]
 [0 0 0 0 0 0 7 0 6]
 [5 0 7 0 6 0 0 4 0]]
Solution:
[[5 7 4 6 9 8 1 3 2]
 [0 2 3 7 4 1 5 9 6]
 [1 9 6 3 5 2 8 4 7]
 [0 6 9 2 8 4 3 7 1]
 [8 0 2 1 7 6 4 0 5]
 [3 5 1 9 0 0 2 6 8]
 [4 0 5 0 1 9 7 2 3]
 [2 3 8 5 6 7 9 1 4]
 [9 1 7 8 2 3 6 5 0]]
Number of cells unfilled: 9
Accuracy: 88.88888888888889
Sample: 44226
Question:
[[0 9 0 3 0 0 8 0 0]
 [0 0 0 0 0 5 9 7 0]
 [8 0 5 0 0 9 0 4 0]
 [0 0 0 0 0 0 0 0 0]
 [7 0 0 5 0 0 0 9 4]
 [0 0 0 4 3 0 7 0 8]
 [1 0 2 9 0 0 0 0 0]
 [0 0 0 0 8 0 3 0 0]
 [0 8 0 7 0 0 0 5 0]]
Solution:
[[5 7 4 6 9 8 1 3 2]
 [0 8 3 7 4 1 5 9 6]
 [1 9 6 3 5 2 8 4 7]
 [0 6 9 2 0 4 3 7 5]
 [8 0 2 1 7 6 4 0 9]
 [3 5 1 9 8 0 2 6 0]
 [4 0 5 0 1 9 7 2 3]
 [2 3 8 5 6 7 9 1 4]
 [9 1 7 8 2 3 6 5 0]]
Number of cells unfilled: 10
Accuracy: 87.65432098765432
Sample: 44227
Question:
[[0 9 0 5 0 0 0 0 0]
 [0 7 0 0 0 0 0 0 4]
 [0 0 6 0 0 0 3 0 0]
 [0 0 4 3 0 0 0 5 8]
 [1 0 0 0 0 0 6 3 0]
 [0 0 0 8 6 0 0 0 1]
 [0 0 0 6 0 5 0 4 3]
 [0 4 0 0 1 0 0 0 0]
 [0 3 5 4 8 0 0 6 0]]
Solution:
[[5 2 4 6 9 8 1 3 7]
 [7 8 3 2 4 1 5 9 6]
 [1 9 6 3 5 7 8 4 2]
 [0 6 9 0 0 4 3 7 8]
 [8 0 2 1 7 6 4 5 9]
 [3 5 1 9 8 0 2 6 0]
 [4 0 5 0 1 9 7 2 3]
 [2 3 7 5 6 0 9 1 4]
 [9 1 0 8 2 3 6 0 5]]
Number of cells unfilled: 11
Accuracy: 86.41975308641975
Sample: 44228
Question:
[[0 9 0 6 0 0 0 0 0]
 [3 0 0 0 8 0 0 0 0]
 [0 0 0 0 4 0 0 0 2]
 [0 0 0 0 0 0 0 6 7]
 [7 0 2 3 0 0 0 0 9]
 [0 6 9 0 0 1 0 2 0]
 [0 1 6 2 9 0 0 7 3]
 [0 0 3 0 0 0 0 0 6]
 [0 0 0 0 3 0 9 1 0]]
Solution:
[[5 2 4 6 9 8 1 3 7]
 [0 0 3 7 4 1 5 9 6]
 [1 7 6 3 5 2 8 4 0]
 [0 6 9 2 8 4 3 7 1]
 [8 0 2 1 7 6 4 5 9]
 [3 5 1 9 0 0 2 6 8]
 [4 8 5 0 1 9 7 2 3]
 [2 3 7 5 6 0 9 1 4]
 [9 1 0 8 2 3 6 0 5]]
Number of cells unfilled: 11
Accuracy: 86.41975308641975
Sample: 44229
Question:
[[0 9 0 6 7 0 0 0 1]
 [6 0 0 0 0 0 7 0 0]
 [0 5 0 0 4 1 0 0 0]
 [0 1 9 0 0 0 5 4 0]
 [0 0 7 4 0 0 9 0 6]
 [4 0 0 0 0 5 0 1 7]
 [0 0 0 0 2 0 4 0 0]
 [0 0 6 0 3 0 0 0 0]
 [0 0 0 1 0 0 0 7 0]]
Solution:
[[5 2 4 6 9 8 1 3 7]
 [7 0 3 2 4 1 5 9 6]
 [1 9 6 3 5 7 8 4 2]
 [0 6 9 0 8 4 3 7 5]
 [8 0 2 1 7 6 4 0 9]
 [3 5 1 9 0 0 2 6 8]
 [4 8 5 0 1 9 7 2 3]
 [2 3 7 5 6 0 9 1 4]
 [9 1 0 8 2 3 6 5 0]]
Number of cells unfilled: 11
Accuracy: 86.41975308641975
Sample: 44230
Question:
[[0 9 2 6 0 4 0 0 0]
 [0 5 0 0 0 0 2 0 0]
 [0 0 7 0 0 0 0 8 0]
 [0 8 0 0 9 0 0 7 0]
 [2 7 0 0 0 0 5 9 0]
 [9 0 0 2 0 0 3 0 0]
 [0 0 0 0 0 5 9 0 3]
 [0 3 8 0 0 0 0 5 7]
 [0 0 0 7 0 0 0 2 0]]
Solution:
[[5 7 4 6 9 8 1 3 2]
 [0 8 3 7 4 1 5 9 6]
 [1 9 6 3 5 2 8 4 7]
 [0 6 9 2 0 4 3 7 5]
 [8 0 2 1 7 6 4 0 9]
 [3 5 1 9 8 0 2 6 0]
 [4 0 5 0 1 9 7 2 3]
 [2 3 8 5 6 7 9 1 4]
 [9 1 7 8 2 3 6 5 0]]
Number of cells unfilled: 10
Accuracy: 87.65432098765432
Sample: 44231
Question:
[[0 9 3 0 0 0 0 7 0]
 [0 0 8 0 0 5 0 0 0]
 [0 6 0 7 0 0 9 0 8]
 [0 0 5 0 0 0 0 3 0]
 [0 8 0 1 0 2 0 0 5]
 [0 7 0 0 0 0 0 0 6]
 [6 0 0 0 0 0 0 8 7]
 [0 3 0 0 8 0 6 0 0]
 [0 0 0 5 0 6 0 0 9]]
Solution:
[[5 7 4 6 9 8 1 3 2]
 [0 2 3 7 4 1 5 9 6]
 [1 9 6 3 5 2 8 4 7]
 [0 6 9 2 8 4 3 7 1]
 [8 0 2 1 7 6 4 0 9]
 [3 5 1 9 0 0 2 6 8]
 [4 0 5 0 1 9 7 2 3]
 [2 3 8 5 6 7 9 1 4]
 [9 1 7 8 2 3 6 5 0]]
Number of cells unfilled: 9
Accuracy: 88.88888888888889
Sample: 44232
Question:
[[0 9 4 0 0 0 0 0 3]
 [0 0 0 0 0 7 0 6 4]
 [7 0 0 0 0 0 2 0 0]
 [0 0 3 0 0 0 6 7 0]
 [0 0 9 6 0 0 3 0 2]
 [6 0 0 0 2 0 0 4 0]
 [0 2 6 0 5 1 0 0 0]
 [0 0 7 3 0 0 0 2 0]
 [0 3 0 0 0 0 9 0 0]]
Solution:
[[5 2 4 6 9 8 1 3 7]
 [0 8 3 7 4 1 5 9 6]
 [1 7 6 3 5 2 8 4 0]
 [0 6 9 2 0 4 3 7 8]
 [8 0 2 1 7 6 4 0 5]
 [3 5 1 9 8 0 2 6 0]
 [4 0 5 0 1 9 7 2 3]
 [2 3 8 5 6 7 9 1 4]
 [9 1 7 8 2 3 6 5 0]]
Number of cells unfilled: 11
Accuracy: 86.41975308641975
Sample: 44233
Question:
[[0 9 4 5 0 0 0 0 0]
 [5 0 1 0 0 0 0 8 4]
 [8 7 0 0 0 1 0 9 0]
 [0 0 0 0 0 0 7 0 0]
 [0 0 0 4 1 0 9 0 5]
 [0 4 0 0 9 7 0 1 8]
 [0 0 0 0 6 0 0 7 0]
 [0 0 9 0 0 0 0 0 0]
 [1 0 0 0 2 0 4 0 0]]
Solution:
[[5 7 4 6 9 8 1 3 2]
 [0 2 3 7 4 1 5 9 6]
 [1 9 6 3 5 2 8 4 7]
 [0 6 9 2 8 4 3 7 5]
 [8 0 2 1 7 6 4 0 9]
 [3 5 1 9 0 0 2 6 8]
 [4 0 5 0 1 9 7 2 3]
 [2 3 8 5 6 7 9 1 4]
 [9 1 7 8 2 3 6 5 0]]
Number of cells unfilled: 9
Accuracy: 88.88888888888889
Sample: 44234
Question:
[[0 9 5 0 1 0 3 4 0]
 [0 0 0 0 5 3 0 0 0]
 [0 1 0 4 0 9 0 0 7]
 [1 0 0 0 0 0 0 3 0]
 [0 0 4 0 0 0 8 0 0]
 [0 0 3 0 9 0 2 0 0]
 [0 4 1 0 0 0 0 0 0]
 [0 0 0 1 0 7 4 0 3]
 [7 0 0 0 0 5 0 9 0]]
Solution:
[[5 7 4 6 9 8 1 3 2]
 [0 2 3 7 4 1 5 9 6]
 [1 9 6 3 5 2 8 4 7]
 [0 6 9 2 8 4 3 7 1]
 [8 0 2 1 7 6 4 0 5]
 [3 5 1 0 0 0 2 6 9]
 [4 0 5 0 1 9 7 2 3]
 [2 3 8 5 6 7 9 1 4]
 [9 1 7 8 2 3 6 5 0]]
Number of cells unfilled: 10
Accuracy: 87.65432098765432
Sample: 44235
Question:
[[0 9 6 0 0 0 0 0 0]
 [0 0 0 9 0 3 4 0 0]
 [0 0 3 0 6 2 0 0 5]
 [0 0 0 3 0 0 0 0 9]
 [0 0 2 0 0 0 0 1 0]
 [0 0 0 0 5 0 0 8 0]
 [0 6 5 4 0 9 0 3 2]
 [3 4 0 0 0 0 9 0 0]
 [2 0 0 0 0 5 0 0 0]]
Solution:
[[5 7 4 6 9 8 1 3 2]
 [0 8 3 7 4 1 5 9 6]
 [1 9 6 3 5 2 8 4 7]
 [0 6 9 2 0 4 3 7 8]
 [8 0 2 1 7 6 4 0 9]
 [3 5 1 9 8 0 2 6 0]
 [4 0 5 0 1 9 7 2 3]
 [2 3 8 5 6 7 9 1 4]
 [9 1 7 8 2 3 6 5 0]]
Number of cells unfilled: 10
Accuracy: 87.65432098765432
Sample: 44236
Question:
[[0 9 6 0 0 3 0 8 0]
 [3 0 0 0 0 0 6 0 4]
 [4 8 0 7 0 0 0 0 0]
 [0 0 0 0 0 0 0 4 0]
 [7 0 0 0 5 0 0 0 6]
 [0 0 3 0 1 0 0 0 7]
 [6 0 0 8 0 0 4 0 0]
 [0 0 4 0 7 6 3 0 9]
 [0 0 9 0 0 0 0 0 0]]
Solution:
[[5 7 4 6 9 8 1 3 2]
 [0 8 3 7 4 1 5 9 6]
 [1 9 6 3 5 2 8 4 7]
 [0 6 9 2 8 4 3 7 5]
 [8 0 2 1 7 6 4 0 9]
 [3 5 1 9 0 0 2 6 8]
 [4 0 5 0 1 9 7 2 3]
 [2 3 8 5 6 7 9 1 4]
 [9 1 7 8 2 3 6 5 0]]
Number of cells unfilled: 9
Accuracy: 88.88888888888889
Sample: 44237
Question:
[[0 9 6 4 0 0 7 0 8]
 [0 5 0 9 0 0 0 0 0]
 [8 0 4 0 7 0 0 5 0]
 [0 0 8 0 0 9 6 0 4]
 [0 0 7 0 6 0 0 0 0]
 [0 0 0 0 4 5 0 8 7]
 [4 0 0 0 0 0 0 0 0]
 [0 0 0 6 0 0 0 0 3]
 [0 7 0 0 8 0 0 0 1]]
Solution:
[[5 7 4 6 9 8 1 3 2]
 [0 2 3 7 4 1 5 9 6]
 [1 9 6 3 5 2 8 4 7]
 [0 6 9 2 8 4 3 7 5]
 [8 0 2 1 7 6 4 0 9]
 [3 5 1 9 0 0 2 6 8]
 [4 0 5 0 1 9 7 2 3]
 [2 3 8 5 6 7 9 1 4]
 [9 1 7 8 2 3 6 5 0]]
Number of cells unfilled: 9
Accuracy: 88.88888888888889
Sample: 44238
Question:
[[0 9 8 2 0 0 0 0 1]
 [2 0 0 0 4 0 9 0 0]
 [0 0 0 8 0 0 2 0 7]
 [0 0 9 7 0 0 0 0 0]
 [0 7 0 0 8 0 0 1 2]
 [0 0 0 0 1 4 0 9 0]
 [0 0 0 0 0 9 4 0 0]
 [0 0 0 0 7 0 0 0 8]
 [0 3 6 0 2 0 0 0 0]]
Solution:
[[5 7 4 6 9 8 1 3 2]
 [0 2 3 7 4 1 5 9 6]
 [1 9 6 3 5 2 8 4 7]
 [0 6 9 2 0 4 3 7 5]
 [8 0 2 1 7 6 4 0 9]
 [3 5 1 9 8 0 2 6 0]
 [4 0 5 0 1 9 7 2 3]
 [2 3 8 5 6 7 9 1 4]
 [9 1 7 8 2 3 6 5 0]]
Number of cells unfilled: 10
Accuracy: 87.65432098765432
Sample: 44239
Question:
[[0 9 8 4 0 0 5 0 1]
 [0 0 0 0 0 5 0 8 0]
 [3 0 0 0 0 0 0 9 4]
 [0 7 0 0 5 0 0 0 0]
 [0 2 0 0 3 0 8 0 0]
 [0 0 3 9 0 0 0 0 0]
 [0 3 5 0 1 8 9 0 0]
 [0 0 0 0 0 0 1 0 3]
 [4 0 0 0 0 9 0 0 0]]
Solution:
[[5 0 4 6 9 8 1 3 7]
 [7 8 3 2 4 1 5 9 6]
 [1 2 6 3 5 7 8 4 0]
 [0 6 9 0 0 4 3 7 8]
 [8 0 2 1 7 6 4 0 9]
 [3 5 1 9 8 0 2 6 0]
 [4 0 5 0 1 9 7 2 3]
 [2 3 7 5 6 0 9 1 4]
 [9 1 0 8 2 3 6 5 0]]
Number of cells unfilled: 14
Accuracy: 82.71604938271605
Sample: 44240
Question:
[[1 0 0 0 0 0 0 0 0]
 [0 3 0 0 2 0 7 0 0]
 [0 5 0 0 9 0 0 0 3]
 [0 8 0 0 0 0 6 0 0]
 [0 0 1 0 0 8 0 0 5]
 [0 6 7 5 3 0 1 0 0]
 [0 0 0 0 0 3 0 8 0]
 [0 0 3 7 1 0 5 6 0]
 [0 1 5 0 0 0 0 0 7]]
Solution:
[[5 7 4 6 9 8 1 3 2]
 [0 8 3 7 4 1 5 9 6]
 [1 9 6 3 5 2 8 4 7]
 [0 6 9 2 0 4 3 7 8]
 [8 0 2 1 7 6 4 0 5]
 [3 5 1 0 8 0 2 6 9]
 [4 0 5 0 1 9 7 2 3]
 [2 3 8 5 6 7 9 1 4]
 [9 1 7 8 2 3 6 5 0]]
Number of cells unfilled: 10
Accuracy: 87.65432098765432
Sample: 44241
Question:
[[1 0 0 0 0 8 0 0 0]
 [7 0 5 0 0 0 4 0 9]
 [0 0 6 7 0 0 0 0 0]
 [5 6 0 0 0 7 0 0 1]
 [0 0 0 5 2 0 6 0 0]
 [8 0 2 0 1 0 0 0 0]
 [0 7 1 6 0 5 0 0 0]
 [0 0 0 0 0 1 0 5 0]
 [0 0 0 2 8 0 0 0 7]]
Solution:
[[5 2 4 6 9 8 1 3 7]
 [0 8 3 7 4 1 5 9 6]
 [1 9 6 3 5 2 8 4 0]
 [0 6 9 2 8 4 3 7 1]
 [8 0 2 1 7 6 4 0 5]
 [3 5 1 9 0 0 2 6 8]
 [4 0 5 0 1 9 7 2 3]
 [2 3 8 5 6 7 9 1 4]
 [9 1 7 8 2 3 6 5 0]]
Number of cells unfilled: 10
Accuracy: 87.65432098765432
Sample: 44242
Question:
[[1 0 0 0 2 0 3 0 0]
 [3 0 0 0 6 0 0 7 0]
 [0 5 0 0 0 3 0 0 0]
 [0 8 3 0 0 7 0 1 4]
 [0 0 0 0 0 0 5 0 8]
 [5 0 1 0 0 0 0 3 0]
 [0 0 5 8 0 0 0 0 7]
 [0 0 0 0 0 0 0 4 0]
 [4 0 7 0 3 1 0 5 0]]
Solution:
[[5 7 4 6 9 8 1 3 2]
 [0 8 3 7 4 1 5 9 6]
 [1 9 6 3 5 2 8 4 7]
 [0 6 9 2 8 4 3 7 1]
 [8 0 2 1 7 6 4 0 9]
 [3 5 1 9 0 0 2 6 8]
 [4 0 5 0 1 9 7 2 3]
 [2 3 8 5 6 7 9 1 4]
 [9 1 7 8 2 3 6 5 0]]
Number of cells unfilled: 9
Accuracy: 88.88888888888889
Sample: 44243
Question:
[[1 0 0 0 4 0 0 2 0]
 [0 0 4 0 0 0 0 0 9]
 [3 0 9 6 0 2 0 0 1]
 [0 0 6 5 0 0 0 0 3]
 [0 1 0 0 0 0 0 0 0]
 [0 0 2 8 0 0 0 6 0]
 [6 0 0 1 0 3 9 0 2]
 [0 0 0 0 6 0 4 1 0]
 [2 0 0 0 0 0 0 3 0]]
Solution:
[[5 7 4 6 9 8 1 3 2]
 [0 2 3 7 4 1 5 9 6]
 [1 9 6 3 5 2 8 4 7]
 [0 6 9 2 8 4 3 7 5]
 [8 0 2 1 7 6 4 0 9]
 [3 5 1 9 0 0 2 6 8]
 [4 0 5 0 1 9 7 2 3]
 [2 3 8 5 6 7 9 1 4]
 [9 1 7 8 2 3 6 5 0]]
Number of cells unfilled: 9
Accuracy: 88.88888888888889
Sample: 44244
Question:
[[1 0 0 0 5 4 0 0 0]
 [0 0 2 0 0 0 0 4 0]
 [4 0 0 0 6 0 9 0 1]
 [0 0 5 0 1 0 0 0 0]
 [0 9 0 0 0 2 0 0 0]
 [0 1 4 0 9 0 3 0 7]
 [0 2 6 0 0 0 0 0 0]
 [0 0 0 6 4 0 5 0 0]
 [5 0 0 0 0 1 0 0 9]]
Solution:
[[5 0 4 6 9 8 1 3 7]
 [0 2 3 7 4 1 5 9 6]
 [1 7 6 3 5 2 8 4 0]
 [0 6 9 2 8 4 3 7 5]
 [8 0 2 1 7 6 4 0 9]
 [3 5 1 9 0 0 2 6 8]
 [4 8 5 0 1 9 7 2 3]
 [2 3 7 5 6 0 9 1 4]
 [9 1 0 8 2 3 6 5 0]]
Number of cells unfilled: 12
Accuracy: 85.18518518518519
Sample: 44245
Question:
[[1 0 0 2 3 0 8 6 0]
 [0 4 0 0 1 0 0 0 0]
 [3 0 0 9 0 0 0 0 0]
 [0 0 0 0 2 9 1 0 0]
 [0 0 0 5 4 0 0 0 0]
 [2 0 5 3 0 0 0 9 0]
 [0 0 3 4 0 0 0 0 2]
 [5 0 0 0 0 0 3 1 0]
 [9 2 0 0 0 0 0 0 0]]
Solution:
[[5 2 4 6 9 8 1 3 7]
 [0 0 3 7 4 1 5 9 6]
 [1 7 6 3 5 2 8 4 0]
 [0 6 9 2 8 4 3 7 5]
 [8 0 2 1 7 6 4 0 9]
 [3 5 1 9 0 0 2 6 8]
 [4 8 5 0 1 9 7 2 3]
 [2 3 7 5 6 0 9 1 4]
 [9 1 0 8 2 3 6 5 0]]
Number of cells unfilled: 12
Accuracy: 85.18518518518519
Sample: 44246
Question:
[[1 0 0 7 0 0 0 5 0]
 [0 0 0 0 0 0 6 0 0]
 [9 0 0 0 5 0 0 2 0]
 [0 0 0 3 0 5 0 0 0]
 [5 2 0 6 0 0 0 3 7]
 [0 0 8 0 0 7 0 0 6]
 [0 0 0 0 0 0 0 0 2]
 [6 7 0 2 0 3 8 0 0]
 [0 0 5 0 6 8 0 0 0]]
Solution:
[[5 2 4 6 9 8 1 3 7]
 [0 0 3 7 4 1 5 9 6]
 [1 7 6 3 5 2 8 4 0]
 [0 6 9 2 0 4 3 7 5]
 [8 0 2 1 7 6 4 0 9]
 [3 5 1 9 8 0 2 6 0]
 [4 8 5 0 1 9 7 2 3]
 [2 3 7 5 6 0 9 1 4]
 [9 1 0 8 2 3 6 5 0]]
Number of cells unfilled: 13
Accuracy: 83.9506172839506
Sample: 44247
Question:
[[1 0 0 9 0 0 0 0 0]
 [0 0 0 6 7 0 3 0 0]
 [0 3 0 0 5 0 0 7 9]
 [0 0 0 0 1 0 9 0 3]
 [0 0 9 0 6 0 1 5 0]
 [5 0 0 0 0 0 0 0 7]
 [8 4 0 5 9 0 0 0 1]
 [0 0 0 1 0 0 6 0 0]
 [0 0 0 0 3 0 0 0 5]]
Solution:
[[5 7 4 6 9 8 1 3 2]
 [0 8 3 7 4 1 5 9 6]
 [1 9 6 3 5 2 8 4 7]
 [0 6 9 2 8 4 3 7 1]
 [8 0 2 1 7 6 4 0 5]
 [3 5 1 9 0 0 2 6 8]
 [4 0 5 0 1 9 7 2 3]
 [2 3 8 5 6 7 9 1 4]
 [9 1 7 8 2 3 6 5 0]]
Number of cells unfilled: 9
Accuracy: 88.88888888888889
Sample: 44248
Question:
[[1 0 8 9 0 0 6 4 0]
 [0 2 0 0 1 6 9 0 8]
 [0 0 0 4 0 0 0 2 0]
 [6 0 9 0 0 4 8 0 0]
 [0 0 0 0 0 0 1 0 0]
 [0 8 1 0 9 2 0 0 0]
 [0 0 7 6 0 0 0 0 0]
 [0 0 3 0 8 0 0 1 0]
 [0 0 0 0 0 0 0 0 9]]
Solution:
[[5 7 4 6 9 8 1 3 2]
 [0 2 3 7 4 1 5 9 6]
 [1 9 6 3 5 2 8 4 7]
 [0 6 9 2 0 4 3 7 1]
 [8 0 2 1 7 6 4 0 5]
 [3 5 1 0 8 0 2 6 9]
 [4 0 5 0 1 9 7 2 3]
 [2 3 8 5 6 7 9 1 4]
 [9 1 7 8 2 3 6 5 0]]
Number of cells unfilled: 10
Accuracy: 87.65432098765432
Sample: 44249
Question:
[[1 2 0 3 0 0 0 9 0]
 [3 0 5 0 0 9 0 0 4]
 [0 4 0 2 5 0 0 0 0]
 [0 9 0 0 0 0 8 0 0]
 [0 0 3 0 0 0 0 5 0]
 [0 0 0 1 0 0 6 0 0]
 [0 0 0 0 4 0 9 0 0]
 [5 0 0 0 2 0 3 1 0]
 [9 3 0 5 0 1 0 0 0]]
Solution:
[[5 7 4 6 9 8 1 3 2]
 [0 2 3 7 4 1 5 9 6]
 [1 9 6 3 5 2 8 4 7]
 [0 6 9 2 0 4 3 7 8]
 [8 0 2 1 7 6 4 0 9]
 [3 5 1 9 8 0 2 6 0]
 [4 8 5 0 1 9 7 2 3]
 [2 3 7 5 6 0 9 1 4]
 [9 1 0 8 2 3 6 5 0]]
Number of cells unfilled: 11
Accuracy: 86.41975308641975
Sample: 44250
Question:
[[1 2 0 8 5 0 0 0 7]
 [0 3 8 0 0 0 0 0 5]
 [0 0 0 3 0 2 0 1 0]
 [0 4 0 0 0 3 0 8 0]
 [0 6 0 0 0 0 1 0 0]
 [0 0 0 0 2 0 0 0 0]
 [0 0 5 2 8 0 0 3 0]
 [0 0 0 0 0 0 7 0 0]
 [3 8 0 1 0 7 2 0 0]]
Solution:
[[5 7 4 6 9 8 1 3 2]
 [0 8 3 7 4 1 5 9 6]
 [1 9 6 3 5 2 8 4 7]
 [0 6 9 2 8 4 3 7 1]
 [8 0 2 1 7 6 4 0 5]
 [3 5 1 9 0 0 2 6 8]
 [4 0 5 0 1 9 7 2 3]
 [2 3 8 5 6 7 9 1 4]
 [9 1 7 8 2 3 6 5 0]]
Number of cells unfilled: 9
Accuracy: 88.88888888888889
Sample: 44251
Question:
[[1 3 0 0 0 0 0 0 0]
 [0 8 5 0 1 0 0 6 2]
 [6 0 2 0 0 0 1 0 0]
 [3 0 6 8 0 5 0 0 0]
 [0 1 8 2 0 0 0 3 0]
 [0 0 0 0 0 0 0 0 6]
 [0 0 0 1 0 2 0 4 7]
 [0 2 0 3 0 0 0 0 0]
 [5 0 0 0 0 6 0 0 0]]
Solution:
[[5 0 4 6 9 8 1 3 7]
 [0 2 3 7 4 1 5 9 6]
 [1 7 6 3 5 2 8 4 0]
 [0 6 9 2 8 4 3 7 1]
 [8 0 2 1 7 6 4 5 9]
 [3 5 1 9 0 0 2 6 8]
 [4 8 5 0 1 9 7 2 3]
 [2 3 7 5 6 0 9 1 4]
 [9 1 0 8 2 3 6 0 5]]
Number of cells unfilled: 11
Accuracy: 86.41975308641975
Sample: 44252
Question:
[[1 3 0 0 2 0 0 0 8]
 [0 0 2 0 0 0 5 3 0]
 [0 0 6 0 0 8 1 0 0]
 [0 0 5 0 0 0 8 0 0]
 [8 0 0 0 7 9 6 1 0]
 [6 0 0 0 0 0 0 2 0]
 [3 5 0 0 8 6 0 0 0]
 [0 0 0 1 0 0 0 0 0]
 [2 0 1 0 0 0 0 0 6]]
Solution:
[[5 7 4 6 9 8 1 3 2]
 [0 8 3 7 4 1 5 9 6]
 [1 9 6 3 5 2 8 4 7]
 [0 6 9 2 8 4 3 7 1]
 [8 0 2 1 7 6 4 0 5]
 [3 5 1 9 0 0 2 6 8]
 [4 0 5 0 1 9 7 2 3]
 [2 3 8 5 6 7 9 1 4]
 [9 1 7 8 2 3 6 5 0]]
Number of cells unfilled: 9
Accuracy: 88.88888888888889
Sample: 44253
Question:
[[1 4 0 0 0 0 0 0 0]
 [0 6 0 0 3 0 0 5 4]
 [5 0 0 4 0 9 1 6 0]
 [0 3 5 0 0 0 0 0 0]
 [4 0 0 0 0 0 5 9 0]
 [9 1 0 0 0 6 0 4 3]
 [0 0 0 0 0 4 0 0 5]
 [6 0 0 2 0 0 0 0 0]
 [0 0 0 8 0 0 9 0 0]]
Solution:
[[5 2 4 6 9 8 1 3 7]
 [0 8 3 7 4 1 5 9 6]
 [1 7 6 3 5 2 8 4 0]
 [0 6 9 2 8 4 3 7 5]
 [8 0 2 1 7 6 4 0 9]
 [3 5 1 9 0 0 2 6 8]
 [4 0 5 0 1 9 7 2 3]
 [2 3 8 5 6 7 9 1 4]
 [9 1 7 8 2 3 6 5 0]]
Number of cells unfilled: 10
Accuracy: 87.65432098765432
Sample: 44254
Question:
[[1 7 0 0 6 0 0 0 0]
 [0 9 5 0 1 0 6 0 2]
 [2 0 0 0 0 0 0 1 0]
 [7 0 2 5 0 9 0 0 0]
 [0 1 9 0 0 6 0 0 7]
 [0 0 0 0 0 0 2 0 0]
 [0 0 0 0 0 1 4 0 3]
 [5 0 0 2 0 0 0 0 0]
 [0 6 0 0 0 7 0 0 0]]
Solution:
[[5 7 4 6 9 8 1 3 2]
 [0 2 3 7 4 1 5 9 6]
 [1 9 6 3 5 2 8 4 7]
 [0 6 9 2 0 4 3 7 5]
 [8 0 2 1 7 6 4 0 9]
 [3 5 1 9 8 0 2 6 0]
 [4 8 5 0 1 9 7 2 3]
 [2 3 7 5 6 0 9 1 4]
 [9 1 0 8 2 3 6 5 0]]
Number of cells unfilled: 11
Accuracy: 86.41975308641975
Sample: 44255
Question:
[[1 8 0 0 0 0 0 0 0]
 [0 5 0 3 0 0 6 1 0]
 [0 0 0 4 0 0 0 8 5]
 [8 0 0 0 0 5 0 9 0]
 [0 0 0 0 6 0 0 2 0]
 [0 0 1 0 0 0 0 0 0]
 [3 6 0 0 1 0 8 5 0]
 [0 1 5 6 0 8 0 0 4]
 [4 0 0 0 3 0 0 0 0]]
Solution:
[[5 2 4 6 9 8 1 3 7]
 [0 8 3 7 4 1 5 9 6]
 [1 9 6 3 5 2 8 4 0]
 [0 6 9 2 8 4 3 7 1]
 [8 0 2 1 7 6 4 0 5]
 [3 5 1 9 0 0 2 6 8]
 [4 0 5 0 1 9 7 2 3]
 [2 3 8 5 6 7 9 1 4]
 [9 1 7 8 2 3 6 5 0]]
Number of cells unfilled: 10
Accuracy: 87.65432098765432
Sample: 44256
Question:
[[1 8 0 0 0 0 0 0 0]
 [4 0 2 0 9 0 6 0 0]
 [0 9 0 8 4 0 0 1 2]
 [8 0 0 0 0 6 0 9 4]
 [0 0 0 0 2 0 0 0 0]
 [6 0 9 0 0 0 1 2 0]
 [0 0 0 0 0 9 0 0 1]
 [0 4 0 1 0 0 0 3 0]
 [0 0 0 2 0 0 0 7 0]]
Solution:
[[5 2 4 6 9 8 1 3 7]
 [0 8 3 7 4 1 5 9 6]
 [1 9 6 3 5 2 8 4 0]
 [0 6 9 2 0 4 3 7 1]
 [8 0 2 1 7 6 4 0 5]
 [3 5 1 9 8 0 2 6 0]
 [4 0 5 0 1 9 7 2 3]
 [2 3 8 5 6 7 9 1 4]
 [9 1 7 8 2 3 6 5 0]]
Number of cells unfilled: 11
Accuracy: 86.41975308641975
Sample: 44257
Question:
[[1 9 0 0 0 2 0 0 0]
 [0 0 0 0 0 0 0 0 1]
 [0 6 4 0 0 1 3 2 0]
 [4 0 0 3 0 0 0 0 0]
 [0 2 0 0 9 0 0 0 0]
 [0 3 0 2 1 0 5 8 0]
 [2 0 0 0 0 0 0 3 0]
 [0 1 6 0 0 3 9 0 0]
 [9 0 0 4 6 0 0 0 0]]
Solution:
[[5 7 4 6 9 8 1 3 2]
 [0 8 3 7 4 1 5 9 6]
 [1 9 6 3 5 2 8 4 7]
 [0 6 9 2 8 4 3 7 1]
 [8 0 2 1 7 6 4 0 9]
 [3 5 1 9 0 0 2 6 8]
 [4 0 5 0 1 9 7 2 3]
 [2 3 8 5 6 7 9 1 4]
 [9 1 7 8 2 3 6 5 0]]
Number of cells unfilled: 9
Accuracy: 88.88888888888889
Sample: 44258
Question:
[[2 0 0 0 0 8 5 0 0]
 [0 0 0 0 3 0 0 0 0]
 [9 0 0 0 0 5 0 0 4]
 [3 4 0 0 0 0 0 7 8]
 [0 0 0 0 0 0 0 0 0]
 [8 0 5 0 0 0 3 1 0]
 [0 0 0 0 8 1 0 5 7]
 [0 8 0 4 0 7 0 0 3]
 [0 0 1 3 5 0 0 4 0]]
Solution:
[[5 7 4 6 9 8 1 3 2]
 [0 8 3 7 4 1 5 9 6]
 [1 9 6 3 5 2 8 4 7]
 [0 6 9 2 0 4 3 7 1]
 [8 0 2 1 7 6 4 0 9]
 [3 5 1 9 8 0 2 6 0]
 [4 0 5 0 1 9 7 2 3]
 [2 3 8 5 6 7 9 1 4]
 [9 1 7 8 2 3 6 5 0]]
Number of cells unfilled: 10
Accuracy: 87.65432098765432
Sample: 44259
Question:
[[2 0 0 0 5 0 0 7 0]
 [3 0 0 0 9 0 0 0 2]
 [0 1 0 0 0 0 0 0 0]
 [0 2 1 6 0 0 0 0 3]
 [6 0 0 0 0 0 2 4 0]
 [4 0 7 0 0 3 0 1 0]
 [0 0 3 0 0 0 0 0 7]
 [0 0 0 2 3 0 6 0 1]
 [0 0 0 0 1 7 4 0 0]]
Solution:
[[5 2 4 6 9 8 1 3 7]
 [7 8 3 2 4 1 5 9 6]
 [1 9 6 3 5 7 8 4 2]
 [0 6 9 0 0 4 3 7 8]
 [8 0 2 1 7 6 4 5 9]
 [3 5 1 9 8 0 2 6 0]
 [4 0 5 0 1 9 7 2 3]
 [2 3 7 5 6 0 9 1 4]
 [9 1 0 8 2 3 6 0 5]]
Number of cells unfilled: 11
Accuracy: 86.41975308641975
Sample: 44260
Question:
[[2 0 0 0 5 0 4 8 0]
 [0 4 5 0 0 0 0 0 0]
 [8 1 0 0 0 0 0 7 0]
 [4 2 0 3 6 0 7 0 0]
 [5 0 0 0 0 7 2 0 0]
 [0 7 0 0 0 0 0 0 1]
 [0 0 0 0 0 4 0 2 0]
 [0 0 0 0 0 0 5 0 4]
 [0 0 0 2 7 0 8 1 0]]
Solution:
[[5 7 4 6 9 8 1 3 2]
 [0 8 3 7 4 1 5 9 6]
 [1 9 6 3 5 2 8 4 7]
 [0 6 9 2 8 4 3 7 1]
 [8 0 2 1 7 6 4 0 5]
 [3 5 1 0 0 0 2 6 9]
 [4 0 5 0 1 9 7 2 3]
 [2 3 8 5 6 7 9 1 4]
 [9 1 7 8 2 3 6 5 0]]
Number of cells unfilled: 10
Accuracy: 87.65432098765432
Sample: 44261
Question:
[[2 0 0 0 6 0 0 7 4]
 [0 0 6 7 0 0 8 5 0]
 [0 0 0 8 0 4 2 0 0]
 [0 0 0 0 5 0 0 6 0]
 [4 6 0 0 7 2 0 0 0]
 [0 7 5 0 0 8 0 4 0]
 [0 0 4 0 0 0 0 0 7]
 [0 9 0 5 0 0 0 0 0]
 [0 1 0 0 0 0 6 0 0]]
Solution:
[[5 7 4 6 9 8 1 3 2]
 [0 8 3 7 4 1 5 9 6]
 [1 9 6 3 5 2 8 4 7]
 [0 6 9 2 8 4 3 7 5]
 [8 0 2 1 7 6 4 0 9]
 [3 5 1 9 0 0 2 6 8]
 [4 0 5 0 1 9 7 2 3]
 [2 3 8 5 6 7 9 1 4]
 [9 1 7 8 2 3 6 5 0]]
Number of cells unfilled: 9
Accuracy: 88.88888888888889
Sample: 44262
Question:
[[2 0 0 0 8 0 0 0 0]
 [7 9 0 0 0 0 5 0 0]
 [0 4 8 9 0 0 0 7 2]
 [0 0 2 0 0 5 0 1 0]
 [5 0 0 0 0 8 0 6 0]
 [0 0 0 7 0 0 0 0 0]
 [0 5 4 0 0 0 0 0 0]
 [0 0 0 0 7 0 9 0 0]
 [0 0 7 0 2 4 0 5 8]]
Solution:
[[5 2 4 6 9 8 1 3 7]
 [0 8 3 7 4 1 5 9 6]
 [1 7 6 3 5 2 8 4 0]
 [0 6 9 2 0 4 3 7 1]
 [8 0 2 1 7 6 4 0 9]
 [3 5 1 9 8 0 2 6 0]
 [4 0 5 0 1 9 7 2 3]
 [2 3 8 5 6 7 9 1 4]
 [9 1 7 8 2 3 6 5 0]]
Number of cells unfilled: 11
Accuracy: 86.41975308641975
Sample: 44263
Question:
[[2 0 0 1 0 0 7 0 0]
 [0 0 0 0 0 2 0 9 0]
 [0 0 3 5 0 0 0 0 0]
 [0 0 2 0 0 0 0 0 7]
 [9 8 0 0 0 0 0 0 0]
 [0 6 7 9 0 3 0 8 2]
 [0 3 0 0 8 0 0 2 9]
 [0 0 9 2 0 7 6 0 3]
 [0 0 6 0 0 0 0 0 0]]
Solution:
[[5 7 4 6 9 8 1 3 2]
 [0 8 3 7 4 1 5 9 6]
 [1 9 6 3 5 2 8 4 7]
 [0 6 9 2 0 4 3 7 8]
 [8 0 2 1 7 6 4 0 5]
 [3 5 1 0 8 0 2 6 9]
 [4 0 5 0 1 9 7 2 3]
 [2 3 8 5 6 7 9 1 4]
 [9 1 7 8 2 3 6 5 0]]
Number of cells unfilled: 10
Accuracy: 87.65432098765432
Sample: 44264
Question:
[[2 0 0 6 0 0 0 0 0]
 [0 0 0 4 2 0 0 1 3]
 [0 5 0 0 9 0 0 0 0]
 [0 9 2 5 0 0 4 0 0]
 [8 0 0 0 0 0 0 9 2]
 [6 4 0 0 0 0 0 0 0]
 [0 0 9 8 5 0 0 0 0]
 [4 0 8 2 0 0 0 6 0]
 [0 0 0 0 4 6 0 0 9]]
Solution:
[[5 7 4 6 9 8 1 3 2]
 [0 2 3 7 4 1 5 9 6]
 [1 9 6 3 5 2 8 4 7]
 [0 6 9 2 0 4 3 7 8]
 [8 0 2 1 7 6 4 0 5]
 [3 5 1 9 8 0 2 6 0]
 [4 8 5 0 1 9 7 2 3]
 [2 3 7 5 6 0 9 1 4]
 [9 1 0 8 2 3 6 5 0]]
Number of cells unfilled: 11
Accuracy: 86.41975308641975
Sample: 44265
Question:
[[2 0 3 0 1 0 7 0 5]
 [0 0 0 0 0 0 0 0 0]
 [0 6 5 0 0 0 1 3 0]
 [0 1 0 0 0 3 2 0 0]
 [0 0 0 0 5 0 6 0 7]
 [5 0 6 7 0 2 0 0 3]
 [0 0 4 5 0 0 0 0 0]
 [0 0 8 6 0 0 0 0 2]
 [6 0 0 0 3 0 0 0 0]]
Solution:
[[5 2 4 6 9 8 1 3 7]
 [0 0 3 7 4 1 5 9 6]
 [1 7 6 3 5 2 8 4 0]
 [0 6 9 2 0 4 3 7 8]
 [8 0 2 1 7 6 4 0 9]
 [3 5 1 9 8 0 2 6 0]
 [4 8 5 0 1 9 7 2 3]
 [2 3 7 5 6 0 9 1 4]
 [9 1 0 8 2 3 6 5 0]]
Number of cells unfilled: 13
Accuracy: 83.9506172839506
Sample: 44266
Question:
[[2 0 5 0 0 3 0 0 8]
 [0 8 0 0 0 6 0 0 7]
 [0 0 0 0 0 0 0 4 0]
 [7 0 8 0 3 0 4 0 9]
 [0 0 0 0 7 8 0 3 6]
 [0 3 0 0 0 0 0 0 0]
 [0 0 0 0 0 0 0 0 0]
 [0 0 0 4 0 9 8 6 0]
 [0 0 6 0 8 7 9 0 3]]
Solution:
[[5 2 4 6 9 8 1 3 7]
 [7 8 3 2 4 1 5 9 6]
 [1 9 6 3 5 7 8 4 2]
 [0 6 9 0 8 4 3 7 1]
 [8 0 2 1 7 6 4 0 9]
 [3 5 1 9 0 0 2 6 8]
 [4 0 5 0 1 9 7 2 3]
 [2 3 7 5 6 0 9 1 4]
 [9 1 0 8 2 3 6 5 0]]
Number of cells unfilled: 11
Accuracy: 86.41975308641975
Sample: 44267
Question:
[[2 0 6 0 0 0 5 0 0]
 [3 1 0 9 5 0 6 0 0]
 [0 0 0 0 0 6 0 0 0]
 [0 9 0 0 0 0 0 1 3]
 [6 3 0 2 0 0 0 0 0]
 [0 0 5 0 0 0 2 0 0]
 [9 0 0 8 7 0 0 5 6]
 [5 0 0 0 0 9 0 0 2]
 [0 0 1 0 0 0 0 9 0]]
Solution:
[[5 2 4 6 9 8 1 3 7]
 [7 8 3 2 4 1 5 9 6]
 [1 9 6 3 5 7 8 4 2]
 [0 6 9 0 8 4 3 7 1]
 [8 0 2 1 7 6 4 5 9]
 [3 5 1 9 0 0 2 6 8]
 [4 0 5 0 1 9 7 2 3]
 [2 3 7 5 6 0 9 1 4]
 [9 1 0 8 2 3 6 0 5]]
Number of cells unfilled: 10
Accuracy: 87.65432098765432
Sample: 44268
Question:
[[2 0 7 4 0 0 5 0 0]
 [0 0 0 0 0 0 0 6 7]
 [5 6 0 0 8 0 0 0 0]
 [8 0 2 0 0 0 0 0 0]
 [4 0 0 0 5 0 0 0 6]
 [0 0 6 7 0 8 0 2 4]
 [0 0 0 0 0 0 6 0 0]
 [0 8 0 0 0 9 0 7 0]
 [0 0 4 0 0 1 0 8 0]]
Solution:
[[5 7 4 6 9 8 1 3 2]
 [0 2 3 7 4 1 5 9 6]
 [1 9 6 3 5 2 8 4 7]
 [0 6 9 2 0 4 3 7 8]
 [8 0 2 1 7 6 4 0 5]
 [3 5 1 0 8 0 2 6 9]
 [4 0 5 0 1 9 7 2 3]
 [2 3 8 5 6 7 9 1 4]
 [9 1 7 8 2 3 6 5 0]]
Number of cells unfilled: 10
Accuracy: 87.65432098765432
Sample: 44269
Question:
[[2 0 9 0 0 0 0 0 4]
 [0 0 0 8 0 9 0 0 0]
 [0 6 0 2 4 0 7 0 0]
 [4 2 0 0 0 7 0 0 0]
 [0 7 6 0 0 8 0 2 0]
 [9 0 0 0 0 0 6 0 0]
 [6 0 0 0 0 4 0 0 0]
 [0 8 0 7 0 0 0 0 0]
 [7 0 0 6 0 2 3 0 5]]
Solution:
[[5 7 4 6 9 8 1 3 2]
 [0 8 3 7 4 1 5 9 6]
 [1 9 6 3 5 2 8 4 7]
 [0 6 9 2 0 4 3 7 8]
 [8 0 2 1 7 6 4 5 9]
 [3 5 1 9 8 0 2 6 0]
 [4 0 5 0 1 9 7 2 3]
 [2 3 7 5 6 0 9 1 4]
 [9 1 0 8 2 3 6 0 5]]
Number of cells unfilled: 11
Accuracy: 86.41975308641975
Sample: 44270
Question:
[[2 5 0 0 0 8 0 0 0]
 [0 0 0 0 0 0 2 3 0]
 [0 9 3 0 1 0 0 5 0]
 [5 0 0 0 2 0 0 0 0]
 [0 0 1 6 0 0 0 0 0]
 [0 0 0 7 0 0 0 9 0]
 [8 2 0 0 9 0 3 1 0]
 [0 0 0 0 0 2 8 0 5]
 [0 1 5 0 0 0 0 0 9]]
Solution:
[[5 2 4 6 9 8 1 3 7]
 [7 0 3 2 4 1 5 9 6]
 [1 9 6 3 5 7 8 4 2]
 [0 6 9 0 8 4 3 7 1]
 [8 0 2 1 7 6 4 0 5]
 [3 5 1 9 0 0 2 6 8]
 [4 8 5 0 1 9 7 2 3]
 [2 3 7 5 6 0 9 1 4]
 [9 1 0 8 2 3 6 5 0]]
Number of cells unfilled: 11
Accuracy: 86.41975308641975
Sample: 44271
Question:
[[3 0 0 0 0 1 0 0 0]
 [0 0 8 5 2 0 0 0 0]
 [0 0 0 7 0 3 1 0 8]
 [0 4 6 0 0 0 3 8 0]
 [0 0 0 0 0 2 0 0 0]
 [1 0 0 8 0 0 7 0 0]
 [0 0 0 0 1 7 5 2 0]
 [0 0 0 0 0 8 0 3 0]
 [0 7 0 3 5 0 0 0 1]]
Solution:
[[5 7 4 6 9 8 1 3 2]
 [0 8 3 7 4 1 5 9 6]
 [1 9 6 3 5 2 8 4 7]
 [0 6 9 2 8 4 3 7 1]
 [8 0 2 1 7 6 4 0 5]
 [3 5 1 9 0 0 2 6 8]
 [4 0 5 0 1 9 7 2 3]
 [2 3 8 5 6 7 9 1 4]
 [9 1 7 8 2 3 6 5 0]]
Number of cells unfilled: 9
Accuracy: 88.88888888888889
Sample: 44272
Question:
[[3 0 0 0 0 4 1 0 2]
 [0 6 0 0 0 0 4 8 0]
 [0 0 0 0 8 2 0 0 0]
 [1 0 0 0 2 3 8 6 0]
 [0 8 0 4 6 0 0 0 0]
 [0 0 0 1 0 0 3 0 4]
 [0 0 5 8 0 0 0 0 3]
 [0 0 7 0 0 1 0 0 0]
 [0 0 0 0 0 0 0 4 0]]
Solution:
[[5 7 4 6 9 8 1 3 2]
 [0 2 3 7 4 1 5 9 6]
 [1 9 6 3 5 2 8 4 7]
 [0 6 9 2 8 4 3 7 1]
 [8 0 2 1 7 6 4 0 9]
 [3 5 1 9 0 0 2 6 8]
 [4 0 5 0 1 9 7 2 3]
 [2 3 8 5 6 7 9 1 4]
 [9 1 7 8 2 3 6 5 0]]
Number of cells unfilled: 9
Accuracy: 88.88888888888889
Sample: 44273
Question:
[[3 0 0 0 7 0 0 0 8]
 [0 0 0 9 0 0 0 0 0]
 [4 0 0 0 8 0 5 0 0]
 [0 0 2 0 0 9 0 0 7]
 [8 7 0 0 6 5 9 0 0]
 [0 0 0 0 0 0 6 0 0]
 [0 0 0 0 0 7 0 0 5]
 [9 5 0 2 0 0 0 6 0]
 [7 0 8 0 0 0 0 2 9]]
Solution:
[[5 7 4 6 9 8 1 3 2]
 [0 2 3 7 4 1 5 9 6]
 [1 9 6 3 5 2 8 4 7]
 [0 6 9 2 0 4 3 7 5]
 [8 0 2 1 7 6 4 0 9]
 [3 5 1 9 8 0 2 6 0]
 [4 0 5 0 1 9 7 2 3]
 [2 3 8 5 6 7 9 1 4]
 [9 1 7 8 2 3 6 5 0]]
Number of cells unfilled: 10
Accuracy: 87.65432098765432
Sample: 44274
Question:
[[3 0 0 6 0 0 0 9 0]
 [9 0 0 2 0 0 7 0 4]
 [0 1 0 0 0 0 0 0 0]
 [0 6 9 8 0 1 0 0 0]
 [0 0 0 0 0 2 0 0 0]
 [2 0 8 3 9 0 0 0 6]
 [8 0 1 0 0 0 3 0 0]
 [6 2 0 9 3 0 0 0 0]
 [0 9 0 0 0 0 0 2 0]]
Solution:
[[5 2 4 6 9 8 1 3 7]
 [0 8 3 7 4 1 5 9 6]
 [1 7 6 3 5 2 8 4 0]
 [0 6 9 2 0 4 3 7 1]
 [8 0 2 1 7 6 4 0 5]
 [3 5 1 9 8 0 2 6 0]
 [4 0 5 0 1 9 7 2 3]
 [2 3 8 5 6 7 9 1 4]
 [9 1 7 8 2 3 6 5 0]]
Number of cells unfilled: 11
Accuracy: 86.41975308641975
Sample: 44275
Question:
[[3 0 1 0 7 6 0 0 0]
 [0 0 5 0 0 0 3 0 0]
 [2 0 0 0 0 0 0 0 9]
 [0 0 0 1 0 0 0 0 2]
 [0 0 0 0 2 3 8 9 0]
 [0 3 0 0 0 0 5 0 1]
 [1 0 0 0 0 2 0 0 3]
 [9 0 8 0 0 0 0 2 5]
 [0 0 0 0 5 0 1 8 0]]
Solution:
[[5 2 4 6 9 8 1 3 7]
 [0 8 3 7 4 1 5 9 6]
 [1 9 6 3 5 2 8 4 0]
 [0 6 9 2 8 4 3 7 5]
 [8 0 2 1 7 6 4 0 9]
 [3 5 1 9 0 0 2 6 8]
 [4 0 5 0 1 9 7 2 3]
 [2 3 8 5 6 7 9 1 4]
 [9 1 7 8 2 3 6 5 0]]
Number of cells unfilled: 10
Accuracy: 87.65432098765432
Sample: 44276
Question:
[[3 0 2 0 7 4 0 0 0]
 [0 9 7 2 0 6 0 0 0]
 [0 0 0 3 0 0 0 0 0]
 [0 0 5 9 0 0 7 0 0]
 [0 0 0 0 0 0 0 2 0]
 [0 0 8 0 3 0 9 0 0]
 [0 6 0 0 0 0 0 0 2]
 [7 0 9 0 2 0 4 0 3]
 [0 0 0 0 4 9 6 7 0]]
Solution:
[[5 2 4 6 9 8 1 3 7]
 [0 8 3 7 4 1 5 9 6]
 [1 7 6 3 5 2 8 4 0]
 [0 6 9 2 8 4 3 7 1]
 [8 0 2 1 7 6 4 0 5]
 [3 5 1 9 0 0 2 6 8]
 [4 0 5 0 1 9 7 2 3]
 [2 3 8 5 6 7 9 1 4]
 [9 1 7 8 2 3 6 5 0]]
Number of cells unfilled: 10
Accuracy: 87.65432098765432
Sample: 44277
Question:
[[3 0 4 0 0 7 0 0 0]
 [0 0 0 8 0 0 0 7 0]
 [0 8 0 9 0 4 1 0 3]
 [0 3 0 0 0 0 0 0 0]
 [7 0 0 0 0 1 0 0 5]
 [4 0 0 0 7 0 0 0 2]
 [0 0 3 1 0 0 0 8 0]
 [9 0 1 0 0 3 4 0 7]
 [0 0 0 0 0 9 0 0 0]]
Solution:
[[5 2 4 6 9 8 1 3 7]
 [0 0 3 7 4 1 5 9 6]
 [1 9 6 3 5 2 8 4 0]
 [0 6 9 2 8 4 3 7 1]
 [8 0 2 1 7 6 4 5 9]
 [3 5 1 9 0 0 2 6 8]
 [4 8 5 0 1 9 7 2 3]
 [2 3 7 5 6 0 9 1 4]
 [9 1 0 8 2 3 6 0 5]]
Number of cells unfilled: 11
Accuracy: 86.41975308641975
Sample: 44278
Question:
[[3 0 4 5 9 0 0 0 7]
 [0 0 0 1 0 3 5 0 4]
 [0 0 0 0 0 0 9 0 0]
 [0 0 1 0 0 0 0 7 0]
 [9 7 0 3 1 0 0 5 0]
 [5 0 0 0 0 4 1 0 0]
 [0 3 0 8 0 0 0 9 0]
 [0 0 5 0 0 0 0 0 0]
 [0 1 0 6 0 0 3 0 0]]
Solution:
[[5 7 4 6 9 8 1 3 2]
 [0 2 3 7 4 1 5 9 6]
 [1 9 6 3 5 2 8 4 7]
 [0 6 9 2 8 4 3 7 5]
 [8 0 2 1 7 6 4 0 9]
 [3 5 1 9 0 0 2 6 8]
 [4 0 5 0 1 9 7 2 3]
 [2 3 8 5 6 7 9 1 4]
 [9 1 7 8 2 3 6 5 0]]
Number of cells unfilled: 9
Accuracy: 88.88888888888889
Sample: 44279
Question:
[[3 0 5 1 6 0 0 0 0]
 [4 0 0 5 0 0 1 0 6]
 [0 0 0 0 8 0 0 5 0]
 [6 0 0 0 5 0 9 0 2]
 [1 0 0 0 3 0 0 6 0]
 [0 0 8 0 0 0 0 0 0]
 [5 4 0 6 1 0 0 0 3]
 [0 0 3 0 4 8 0 0 0]
 [0 0 0 0 0 0 6 0 0]]
Solution:
[[5 7 4 6 9 8 1 3 2]
 [0 2 3 7 4 1 5 9 6]
 [1 9 6 3 5 2 8 4 7]
 [0 6 9 2 0 4 3 7 5]
 [8 0 2 1 7 6 4 0 9]
 [3 5 1 9 8 0 2 6 0]
 [4 0 5 0 1 9 7 2 3]
 [2 3 8 5 6 7 9 1 4]
 [9 1 7 8 2 3 6 5 0]]
Number of cells unfilled: 10
Accuracy: 87.65432098765432
Sample: 44280
Question:
[[3 2 0 0 0 0 0 5 0]
 [0 0 0 0 0 5 0 0 9]
 [0 0 0 6 0 0 0 1 0]
 [6 0 0 1 0 0 7 8 0]
 [0 0 0 7 0 9 0 0 0]
 [0 5 0 0 6 8 0 0 0]
 [0 0 0 0 1 0 0 6 8]
 [5 1 0 0 8 0 0 7 0]
 [0 0 8 9 0 0 1 0 0]]
Solution:
[[5 7 4 6 9 8 1 3 2]
 [0 2 3 7 4 1 5 9 6]
 [1 9 6 3 5 2 8 4 7]
 [0 6 9 2 8 4 3 7 5]
 [8 0 2 1 7 6 4 0 9]
 [3 5 1 9 0 0 2 6 8]
 [4 0 5 0 1 9 7 2 3]
 [2 3 8 5 6 7 9 1 4]
 [9 1 7 8 2 3 6 5 0]]
Number of cells unfilled: 9
Accuracy: 88.88888888888889
Sample: 44281
Question:
[[3 4 0 0 0 0 0 8 6]
 [8 0 0 3 0 0 0 0 0]
 [0 2 7 0 0 6 0 0 3]
 [0 8 0 0 9 1 0 3 0]
 [7 0 0 0 0 0 8 0 0]
 [0 6 0 0 0 0 0 4 0]
 [0 3 2 0 4 0 0 6 0]
 [4 0 0 0 0 0 7 2 0]
 [0 0 0 0 0 8 0 0 0]]
Solution:
[[5 7 4 6 9 8 1 3 2]
 [0 2 3 7 4 1 5 9 6]
 [1 9 6 3 5 2 8 4 7]
 [0 6 9 2 0 4 3 7 1]
 [8 0 2 1 7 6 4 0 9]
 [3 5 1 9 8 0 2 6 0]
 [4 0 5 0 1 9 7 2 3]
 [2 3 8 5 6 7 9 1 4]
 [9 1 7 8 2 3 6 5 0]]
Number of cells unfilled: 10
Accuracy: 87.65432098765432
Sample: 44282
Question:
[[3 9 0 0 0 0 0 2 0]
 [0 6 4 5 0 0 3 0 0]
 [2 0 5 0 0 3 0 0 0]
 [9 0 2 0 0 0 0 6 4]
 [0 3 6 0 9 0 2 5 0]
 [0 0 0 0 0 0 0 0 0]
 [0 0 0 1 8 0 0 3 5]
 [0 5 0 0 0 2 0 9 0]
 [4 0 0 0 0 0 0 0 0]]
Solution:
[[5 7 4 6 9 8 1 3 2]
 [0 2 3 7 4 1 5 9 6]
 [1 9 6 3 5 2 8 4 7]
 [0 6 9 2 0 4 3 7 8]
 [8 0 2 1 7 6 4 0 5]
 [3 5 1 0 8 0 2 6 9]
 [4 8 5 0 1 9 7 2 3]
 [2 3 7 5 6 0 9 1 4]
 [9 1 0 8 2 3 6 5 0]]
Number of cells unfilled: 11
Accuracy: 86.41975308641975
Sample: 44283
Question:
[[4 0 0 0 0 0 0 0 2]
 [0 0 8 0 9 0 0 0 0]
 [5 0 0 6 0 0 0 0 0]
 [9 0 2 0 7 8 0 1 6]
 [0 0 0 0 0 0 2 0 8]
 [6 0 0 0 0 0 9 7 0]
 [0 0 0 0 6 0 0 8 1]
 [0 0 6 1 0 2 0 0 9]
 [0 7 0 0 8 9 0 0 0]]
Solution:
[[5 7 4 6 9 8 1 3 2]
 [0 8 3 7 4 1 5 9 6]
 [1 9 6 3 5 2 8 4 7]
 [0 6 9 2 8 4 3 7 1]
 [8 0 2 1 7 6 4 0 9]
 [3 5 1 9 0 0 2 6 8]
 [4 0 5 0 1 9 7 2 3]
 [2 3 8 5 6 7 9 1 4]
 [9 1 7 8 2 3 6 5 0]]
Number of cells unfilled: 9
Accuracy: 88.88888888888889
Sample: 44284
Question:
[[4 0 0 0 0 0 0 9 0]
 [8 6 0 0 5 0 4 0 7]
 [0 7 9 8 0 4 0 6 0]
 [0 0 0 2 0 0 0 7 0]
 [6 0 0 0 0 0 0 0 0]
 [0 0 4 3 0 0 8 0 0]
 [0 0 0 4 8 0 0 0 5]
 [0 0 6 0 0 0 0 0 0]
 [5 8 0 6 0 7 0 0 9]]
Solution:
[[5 2 4 6 9 8 1 3 7]
 [7 0 3 2 4 1 5 9 6]
 [1 9 6 3 5 7 8 4 2]
 [0 6 9 0 8 4 3 7 1]
 [8 0 2 1 7 6 4 0 9]
 [3 5 1 9 0 0 2 6 8]
 [4 8 5 0 1 9 7 2 3]
 [2 3 7 5 6 0 9 1 4]
 [9 1 0 8 2 3 6 5 0]]
Number of cells unfilled: 11
Accuracy: 86.41975308641975
Sample: 44285
Question:
[[4 0 0 1 0 0 0 0 0]
 [0 0 9 0 4 0 8 0 0]
 [0 0 7 0 6 0 0 0 0]
 [0 0 0 0 1 6 0 0 0]
 [8 0 0 3 0 0 6 2 0]
 [0 4 0 0 0 0 0 3 1]
 [0 0 0 0 0 0 2 4 0]
 [6 0 0 0 2 8 1 0 0]
 [0 3 0 4 0 1 0 8 0]]
Solution:
[[5 0 4 6 9 8 1 3 2]
 [7 8 3 2 4 1 5 9 6]
 [1 2 6 3 5 7 8 4 0]
 [0 6 9 0 0 4 3 7 8]
 [8 0 2 1 7 6 4 5 9]
 [3 5 1 9 8 0 2 6 0]
 [4 0 5 0 1 9 7 2 3]
 [2 3 7 5 6 0 9 1 4]
 [9 1 0 8 2 3 6 0 5]]
Number of cells unfilled: 13
Accuracy: 83.9506172839506
Sample: 44286
Question:
[[4 0 0 3 0 0 0 7 0]
 [7 0 6 0 0 0 0 3 1]
 [0 0 0 0 0 6 0 0 8]
 [3 0 0 0 2 5 0 0 0]
 [1 0 0 0 0 0 0 0 6]
 [0 7 0 0 0 0 0 4 0]
 [6 0 0 0 1 0 8 0 3]
 [0 3 0 0 0 7 0 0 0]
 [8 4 0 0 0 0 7 1 0]]
Solution:
[[5 7 4 6 9 8 1 3 2]
 [0 8 3 7 4 1 5 9 6]
 [1 9 6 3 5 2 8 4 7]
 [0 6 9 2 8 4 3 7 5]
 [8 0 2 1 7 6 4 0 9]
 [3 5 1 9 0 0 2 6 8]
 [4 0 5 0 1 9 7 2 3]
 [2 3 8 5 6 7 9 1 4]
 [9 1 7 8 2 3 6 5 0]]
Number of cells unfilled: 9
Accuracy: 88.88888888888889
Sample: 44287
Question:
[[4 0 0 3 0 1 0 2 0]
 [0 1 2 0 9 4 0 0 6]
 [3 9 0 0 2 0 0 0 0]
 [0 3 0 0 6 9 4 1 0]
 [0 6 0 0 0 0 2 0 9]
 [0 0 0 4 0 0 0 0 0]
 [0 0 9 2 0 0 5 0 0]
 [1 0 0 0 0 0 8 0 0]
 [0 0 0 0 4 0 0 0 0]]
Solution:
[[5 7 4 6 9 8 1 3 2]
 [0 8 3 7 4 1 5 9 6]
 [1 9 6 3 5 2 8 4 7]
 [0 6 9 2 0 4 3 7 8]
 [8 0 2 1 7 6 4 0 9]
 [3 5 1 9 8 0 2 6 0]
 [4 0 5 0 1 9 7 2 3]
 [2 3 8 5 6 7 9 1 4]
 [9 1 7 8 2 3 6 5 0]]
Number of cells unfilled: 10
Accuracy: 87.65432098765432
Sample: 44288
Question:
[[4 0 1 0 7 0 3 6 0]
 [6 8 0 0 0 0 0 1 0]
 [0 3 7 0 0 0 0 0 0]
 [3 0 0 0 2 9 1 0 0]
 [7 0 0 1 0 0 4 0 0]
 [0 0 0 0 0 0 0 0 8]
 [8 0 0 3 0 0 0 0 0]
 [1 0 4 0 0 0 7 0 3]
 [0 0 0 0 1 4 6 0 0]]
Solution:
[[5 7 4 6 9 8 1 3 2]
 [0 2 3 7 4 1 5 9 6]
 [1 9 6 3 5 2 8 4 7]
 [0 6 9 2 8 4 3 7 1]
 [8 0 2 1 7 6 4 0 9]
 [3 5 1 9 0 0 2 6 8]
 [4 0 5 0 1 9 7 2 3]
 [2 3 8 5 6 7 9 1 4]
 [9 1 7 8 2 3 6 5 0]]
Number of cells unfilled: 9
Accuracy: 88.88888888888889
Sample: 44289
Question:
[[4 0 2 0 0 0 9 0 0]
 [0 9 0 0 0 8 0 0 0]
 [7 8 0 0 0 4 0 6 2]
 [0 0 0 9 0 0 0 0 0]
 [2 0 0 8 0 6 0 7 4]
 [6 4 0 0 7 2 0 0 0]
 [0 6 0 0 2 0 0 0 3]
 [0 0 4 0 0 0 0 2 0]
 [0 0 0 0 0 7 0 0 1]]
Solution:
[[5 2 4 6 9 8 1 3 7]
 [7 8 3 2 4 1 5 9 6]
 [1 9 6 3 5 7 8 4 2]
 [0 6 9 0 8 4 3 7 5]
 [8 0 2 1 7 6 4 0 9]
 [3 5 1 9 0 0 2 6 8]
 [4 0 5 0 1 9 7 2 3]
 [2 3 7 5 6 0 9 1 4]
 [9 1 0 8 2 3 6 5 0]]
Number of cells unfilled: 11
Accuracy: 86.41975308641975
Sample: 44290
Question:
[[4 0 3 8 6 0 0 0 0]
 [0 0 0 0 0 0 1 0 0]
 [5 0 0 0 0 9 0 3 0]
 [0 9 0 0 5 0 0 4 2]
 [0 5 0 0 0 0 3 0 0]
 [2 0 1 0 0 0 0 0 9]
 [9 3 0 0 0 0 4 5 0]
 [1 0 0 0 0 4 9 0 0]
 [0 4 0 3 0 0 0 2 0]]
Solution:
[[5 7 4 6 9 8 1 3 2]
 [0 8 3 7 4 1 5 9 6]
 [1 9 6 3 5 2 8 4 7]
 [0 6 9 2 8 4 3 7 5]
 [8 0 2 1 7 6 4 0 9]
 [3 5 1 9 0 0 2 6 8]
 [4 0 5 0 1 9 7 2 3]
 [2 3 8 5 6 7 9 1 4]
 [9 1 7 8 2 3 6 5 0]]
Number of cells unfilled: 9
Accuracy: 88.88888888888889
Sample: 44291
Question:
[[4 0 6 0 0 0 0 3 8]
 [0 0 0 0 0 4 0 0 0]
 [0 3 9 6 0 0 5 0 0]
 [0 4 0 0 5 9 3 8 0]
 [0 0 5 0 4 0 0 0 6]
 [0 9 8 3 0 0 0 0 0]
 [0 5 0 0 0 8 0 2 0]
 [0 0 0 4 0 0 8 0 0]
 [0 0 0 0 0 3 0 1 0]]
Solution:
[[5 7 4 6 9 8 1 3 2]
 [0 8 3 7 4 1 5 9 6]
 [1 9 6 3 5 2 8 4 7]
 [0 6 9 2 0 4 3 7 5]
 [8 0 2 1 7 6 4 0 9]
 [3 5 1 9 8 0 2 6 0]
 [4 0 5 0 1 9 7 2 3]
 [2 3 8 5 6 7 9 1 4]
 [9 1 7 8 2 3 6 5 0]]
Number of cells unfilled: 10
Accuracy: 87.65432098765432
Sample: 44292
Question:
[[4 6 0 5 7 0 0 0 0]
 [0 1 0 6 0 3 0 0 7]
 [0 0 0 0 4 1 5 0 0]
 [0 0 0 7 0 0 0 2 0]
 [0 3 0 0 0 0 0 9 0]
 [0 0 0 0 1 0 0 0 4]
 [5 0 0 0 0 0 0 7 0]
 [0 4 3 1 0 0 0 0 0]
 [6 7 0 0 0 4 0 1 3]]
Solution:
[[5 2 4 6 9 8 1 3 7]
 [0 8 3 7 4 1 5 9 6]
 [1 7 6 3 5 2 8 4 0]
 [0 6 9 2 0 4 3 7 8]
 [8 0 2 1 7 6 4 0 5]
 [3 5 1 9 8 0 2 6 0]
 [4 0 5 0 1 9 7 2 3]
 [2 3 8 5 6 7 9 1 4]
 [9 1 7 8 2 3 6 5 0]]
Number of cells unfilled: 11
Accuracy: 86.41975308641975
Sample: 44293
Question:
[[5 0 0 0 0 0 1 7 0]
 [0 0 0 0 5 9 6 0 3]
 [0 0 0 7 0 0 0 9 0]
 [0 0 9 0 0 0 0 3 0]
 [0 7 5 0 4 8 9 0 0]
 [0 1 0 0 0 0 5 0 0]
 [0 0 7 0 9 0 0 5 0]
 [0 6 3 0 0 0 0 1 0]
 [0 0 0 0 0 1 7 0 6]]
Solution:
[[5 7 4 6 9 8 1 3 2]
 [0 2 3 7 4 1 5 9 6]
 [1 9 6 3 5 2 8 4 7]
 [0 6 9 2 8 4 3 7 5]
 [8 0 2 1 7 6 4 0 9]
 [3 5 1 9 0 0 2 6 8]
 [4 0 5 0 1 9 7 2 3]
 [2 3 8 5 6 7 9 1 4]
 [9 1 7 8 2 3 6 5 0]]
Number of cells unfilled: 9
Accuracy: 88.88888888888889
Sample: 44294
Question:
[[5 0 0 0 0 0 9 0 3]
 [6 0 0 2 3 0 5 7 0]
 [0 0 3 0 0 9 0 6 2]
 [0 9 0 3 0 2 0 0 0]
 [0 5 0 6 7 0 0 2 0]
 [0 0 7 0 0 0 6 0 0]
 [7 0 0 4 0 0 0 0 0]
 [0 0 2 8 0 0 3 0 0]
 [0 0 0 0 0 0 0 0 6]]
Solution:
[[5 2 4 6 9 8 1 3 7]
 [0 8 3 7 4 1 5 9 6]
 [1 9 6 3 5 2 8 4 0]
 [0 6 9 2 0 4 3 7 1]
 [8 0 2 1 7 6 4 0 5]
 [3 5 1 9 8 0 2 6 0]
 [4 0 5 0 1 9 7 2 3]
 [2 3 8 5 6 7 9 1 4]
 [9 1 7 8 2 3 6 5 0]]
Number of cells unfilled: 11
Accuracy: 86.41975308641975
Sample: 44295
Question:
[[5 0 0 0 0 1 8 0 0]
 [0 0 0 0 0 0 0 4 0]
 [0 8 0 0 0 7 2 0 0]
 [4 0 0 0 2 8 9 0 5]
 [9 0 0 0 0 0 0 2 0]
 [0 0 0 6 0 0 0 0 4]
 [0 4 6 8 0 2 0 0 0]
 [2 0 9 0 5 0 0 6 0]
 [0 5 0 0 0 0 4 0 0]]
Solution:
[[5 2 4 6 9 8 1 3 7]
 [0 8 3 7 4 1 5 9 6]
 [1 9 6 3 5 2 8 4 0]
 [0 6 9 2 0 4 3 7 8]
 [8 0 2 1 7 6 4 0 5]
 [3 5 1 9 8 0 2 6 0]
 [4 0 5 0 1 9 7 2 3]
 [2 3 8 5 6 7 9 1 4]
 [9 1 7 8 2 3 6 5 0]]
Number of cells unfilled: 11
Accuracy: 86.41975308641975
Sample: 44296
Question:
[[5 0 0 0 3 0 0 0 0]
 [6 3 0 0 4 0 0 2 7]
 [0 4 0 9 0 0 0 0 0]
 [4 0 3 6 5 0 0 0 0]
 [0 0 0 0 1 9 0 4 3]
 [0 0 0 0 0 0 6 0 0]
 [0 0 0 0 6 1 0 5 0]
 [1 9 0 0 0 0 0 0 0]
 [0 6 5 3 0 0 0 0 4]]
Solution:
[[5 2 4 6 9 8 1 3 7]
 [0 8 3 7 4 1 5 9 6]
 [1 9 6 3 5 2 8 4 0]
 [0 6 9 2 0 4 3 7 8]
 [8 0 2 1 7 6 4 0 9]
 [3 5 1 9 8 0 2 6 0]
 [4 0 5 0 1 9 7 2 3]
 [2 3 8 5 6 7 9 1 4]
 [9 1 7 8 2 3 6 5 0]]
Number of cells unfilled: 11
Accuracy: 86.41975308641975
Sample: 44297
Question:
[[5 0 0 0 3 0 0 0 6]
 [0 0 0 0 5 2 0 8 0]
 [0 8 3 0 0 7 0 0 0]
 [0 9 4 0 0 0 0 0 5]
 [0 0 0 0 0 8 0 0 2]
 [0 0 0 0 6 0 3 0 0]
 [0 0 0 3 2 0 6 0 7]
 [0 3 0 0 0 0 5 0 0]
 [0 0 2 7 0 5 0 0 8]]
Solution:
[[5 7 4 6 9 8 1 3 2]
 [0 2 3 7 4 1 5 9 6]
 [1 9 6 3 5 2 8 4 7]
 [0 6 9 2 8 4 3 7 5]
 [8 0 2 1 7 6 4 0 9]
 [3 5 1 9 0 0 2 6 8]
 [4 0 5 0 1 9 7 2 3]
 [2 3 8 5 6 7 9 1 4]
 [9 1 7 8 2 3 6 5 0]]
Number of cells unfilled: 9
Accuracy: 88.88888888888889
Sample: 44298
Question:
[[5 0 0 0 4 0 6 0 3]
 [0 9 0 0 0 0 0 5 0]
 [3 0 0 5 8 0 0 0 0]
 [0 8 0 0 3 0 0 6 0]
 [0 0 6 9 0 0 0 0 0]
 [0 5 3 0 6 0 7 0 2]
 [0 0 0 0 5 4 8 0 0]
 [0 4 9 8 0 6 0 0 0]
 [0 0 0 3 0 0 0 0 0]]
Solution:
[[5 7 4 6 9 8 1 3 2]
 [0 2 3 7 4 1 5 9 6]
 [1 9 6 3 5 2 8 4 7]
 [0 6 9 2 0 4 3 7 8]
 [8 0 2 1 7 6 4 0 9]
 [3 5 1 9 8 0 2 6 0]
 [4 0 5 0 1 9 7 2 3]
 [2 3 8 5 6 7 9 1 4]
 [9 1 7 8 2 3 6 5 0]]
Number of cells unfilled: 10
Accuracy: 87.65432098765432
Sample: 44299
Question:
[[5 0 3 0 9 1 0 0 4]
 [0 8 0 0 4 0 0 0 0]
 [0 0 0 3 0 0 5 0 1]
 [2 0 0 0 0 5 0 0 9]
 [7 0 0 0 0 3 0 0 0]
 [0 0 5 4 0 0 0 0 0]
 [3 5 0 0 0 0 8 4 0]
 [4 0 9 8 0 0 1 0 3]
 [0 0 0 0 0 0 0 9 0]]
Solution:
[[5 2 4 6 9 8 1 3 7]
 [0 8 3 7 4 1 5 9 6]
 [1 9 6 3 5 2 8 4 0]
 [0 6 9 2 0 4 3 7 5]
 [8 0 2 1 7 6 4 0 9]
 [3 5 1 9 8 0 2 6 0]
 [4 0 5 0 1 9 7 2 3]
 [2 3 8 5 6 7 9 1 4]
 [9 1 7 8 2 3 6 5 0]]
Number of cells unfilled: 11
Accuracy: 86.41975308641975
Sample: 44300
Question:
[[5 0 4 0 9 8 0 0 0]
 [0 0 3 0 0 1 0 9 0]
 [0 0 0 3 5 0 8 0 0]
 [0 0 9 0 0 4 0 0 0]
 [8 0 0 1 0 0 0 0 0]
 [3 0 1 0 0 0 2 6 0]
 [4 0 0 0 0 9 0 0 3]
 [0 0 0 5 0 0 9 1 0]
 [0 1 0 8 0 3 0 0 0]]
Solution:
[[5 7 4 6 9 8 1 3 2]
 [0 8 3 7 4 1 5 9 6]
 [1 9 6 3 5 2 8 4 7]
 [0 6 9 2 0 4 3 7 8]
 [8 0 2 1 7 6 4 0 5]
 [3 5 1 0 8 0 2 6 9]
 [4 0 5 0 1 9 7 2 3]
 [2 3 8 5 6 7 9 1 4]
 [9 1 7 8 2 3 6 5 0]]
Number of cells unfilled: 10
Accuracy: 87.65432098765432
