2025-10-22 14:57:27.254961: I tensorflow/core/util/port.cc:153] oneDNN custom operations are on. You may see slightly different numerical results due to floating-point round-off errors from different computation orders. To turn them off, set the environment variable `TF_ENABLE_ONEDNN_OPTS=0`.
2025-10-22 14:57:27.752953: I tensorflow/core/platform/cpu_feature_guard.cc:210] This TensorFlow binary is optimized to use available CPU instructions in performance-critical operations.
To enable the following instructions: AVX2 AVX512F AVX512_VNNI FMA, in other operations, rebuild TensorFlow with the appropriate compiler flags.
2025-10-22 14:57:33.612841: I tensorflow/core/util/port.cc:153] oneDNN custom operations are on. You may see slightly different numerical results due to floating-point round-off errors from different computation orders. To turn them off, set the environment variable `TF_ENABLE_ONEDNN_OPTS=0`.
2025-10-22 14:57:39.689149: E external/local_xla/xla/stream_executor/cuda/cuda_platform.cc:51] failed call to cuInit: INTERNAL: CUDA error: Failed call to cuInit: UNKNOWN ERROR (303)
Sample: 44501
Question:
[[0 1 0 0 3 9 0 6 0]
 [6 0 9 7 0 0 0 0 0]
 [5 0 0 0 0 4 0 0 0]
 [0 2 0 0 0 0 0 0 3]
 [0 0 5 4 0 0 0 0 8]
 [1 0 0 0 2 0 0 5 0]
 [0 0 1 0 4 0 0 9 0]
 [2 0 6 0 9 0 0 3 0]
 [0 0 0 3 0 0 5 0 0]]
Solution:
[[3 9 8 6 0 4 0 2 7]
 [6 1 2 5 0 9 3 0 4]
 [4 5 0 7 1 3 6 9 0]
 [9 8 4 3 6 5 2 7 1]
 [2 7 0 0 4 1 5 8 3]
 [1 3 6 2 7 8 0 4 9]
 [8 4 3 9 5 7 1 6 2]
 [0 6 5 1 2 0 4 0 8]
 [7 2 1 4 8 6 9 3 5]]
Number of cells unfilled: 12
Accuracy: 85.18518518518519
Sample: 44502
Question:
[[0 0 0 0 0 7 0 0 3]
 [0 0 0 1 0 0 0 5 0]
 [0 2 0 0 0 8 0 0 9]
 [0 9 0 7 0 0 0 0 1]
 [4 7 0 5 6 0 0 0 0]
 [5 8 0 0 9 0 0 0 0]
 [2 0 0 0 3 0 6 0 0]
 [7 0 5 0 0 2 0 0 0]
 [8 0 0 0 0 0 0 9 0]]
Solution:
[[3 9 8 6 5 4 1 2 7]
 [6 5 2 8 0 0 3 9 4]
 [4 0 0 7 1 3 6 5 8]
 [9 8 4 3 6 5 2 7 1]
 [2 7 0 0 4 9 5 8 3]
 [1 3 6 2 7 8 0 4 9]
 [8 4 3 9 0 7 0 6 2]
 [0 6 5 1 2 0 4 0 0]
 [7 2 1 4 8 6 9 3 5]]
Number of cells unfilled: 13
Accuracy: 83.9506172839506
Sample: 44503
Question:
[[0 3 0 0 0 0 0 9 0]
 [0 5 0 0 0 0 0 3 2]
 [0 0 1 0 0 7 6 0 0]
 [0 4 0 0 0 6 0 2 5]
 [0 8 0 9 0 0 4 0 0]
 [0 0 0 0 0 3 0 8 0]
 [7 0 0 3 0 0 0 0 0]
 [0 0 0 0 1 0 0 0 0]
 [3 9 0 0 6 0 0 5 0]]
Solution:
[[3 9 8 6 0 4 0 2 7]
 [6 1 2 8 9 0 3 5 4]
 [4 5 0 7 1 3 6 9 0]
 [9 8 4 3 6 5 2 7 1]
 [2 7 0 0 4 1 5 8 3]
 [1 3 6 2 7 8 0 4 9]
 [8 4 3 9 5 7 1 6 2]
 [0 6 5 1 2 0 4 0 8]
 [7 2 1 4 8 6 9 3 5]]
Number of cells unfilled: 11
Accuracy: 86.41975308641975
Sample: 44504
Question:
[[9 0 0 0 0 0 0 0 0]
 [0 0 2 0 0 0 0 1 0]
 [5 7 0 0 4 0 0 0 6]
 [0 5 0 0 7 0 0 0 9]
 [0 0 0 3 0 2 0 0 0]
 [1 0 0 0 9 0 0 3 0]
 [4 0 0 0 0 7 0 0 8]
 [0 8 0 4 0 9 6 0 0]
 [0 0 5 0 8 0 0 0 0]]
Solution:
[[3 9 8 6 5 4 1 2 7]
 [6 1 2 8 0 9 3 5 4]
 [4 5 0 7 1 3 6 9 8]
 [9 8 4 3 6 5 2 7 1]
 [2 7 0 0 4 1 5 8 3]
 [1 3 6 2 7 8 0 4 9]
 [8 4 3 9 0 7 0 6 2]
 [0 6 5 1 2 0 4 0 0]
 [7 2 1 4 8 6 9 3 5]]
Number of cells unfilled: 11
Accuracy: 86.41975308641975
Sample: 44505
Question:
[[0 0 0 4 0 8 0 0 0]
 [5 2 0 0 0 0 0 9 0]
 [0 6 0 0 5 3 4 1 0]
 [2 0 0 5 0 0 0 0 0]
 [0 0 0 0 8 0 9 0 0]
 [0 0 0 6 0 9 0 0 2]
 [8 5 6 0 0 0 0 0 0]
 [1 0 0 0 6 0 8 0 0]
 [0 7 0 0 1 0 5 0 0]]
Solution:
[[3 9 8 6 0 4 0 2 7]
 [6 1 2 8 9 0 3 5 4]
 [4 5 0 7 1 3 6 9 0]
 [9 8 4 3 6 5 1 7 0]
 [2 7 0 0 4 1 5 8 3]
 [1 3 6 2 7 8 0 4 9]
 [8 4 3 9 5 7 0 6 2]
 [0 6 5 1 2 0 4 0 8]
 [7 2 1 4 8 6 9 3 5]]
Number of cells unfilled: 13
Accuracy: 83.9506172839506
Sample: 44506
Question:
[[0 5 0 9 0 4 2 0 0]
 [0 0 0 2 8 0 0 0 0]
 [0 6 3 0 0 0 0 8 0]
 [0 0 0 0 0 0 7 2 0]
 [0 0 1 0 4 0 0 3 0]
 [0 0 0 0 0 1 0 0 0]
 [3 0 7 0 0 0 5 0 9]
 [6 0 5 0 0 0 0 0 0]
 [0 1 2 7 0 0 0 0 8]]
Solution:
[[3 9 8 6 5 4 1 2 7]
 [6 1 2 8 0 0 3 9 4]
 [4 0 0 7 1 3 6 5 8]
 [9 8 4 3 6 5 2 7 1]
 [2 7 0 0 4 1 5 8 3]
 [1 3 6 2 7 8 0 4 9]
 [8 4 3 9 0 7 0 6 2]
 [0 6 5 1 2 0 4 0 0]
 [7 2 1 4 8 6 9 3 5]]
Number of cells unfilled: 13
Accuracy: 83.9506172839506
Sample: 44507
Question:
[[0 4 0 0 3 0 0 0 0]
 [0 3 5 0 0 0 9 0 0]
 [0 0 0 0 5 0 4 0 7]
 [0 5 0 6 0 7 8 0 0]
 [0 0 8 3 0 0 2 0 0]
 [9 0 0 0 1 0 0 0 0]
 [0 0 0 0 0 8 0 1 2]
 [0 8 0 5 0 0 0 6 0]
 [0 0 7 2 0 0 0 8 0]]
Solution:
[[3 9 8 6 5 4 1 2 7]
 [6 5 2 8 0 0 3 9 4]
 [4 0 0 7 1 3 6 5 8]
 [9 8 4 3 6 5 2 7 1]
 [2 7 0 0 4 1 5 8 3]
 [1 3 6 2 7 8 0 4 9]
 [8 4 3 9 0 7 0 6 2]
 [0 6 5 1 2 0 4 0 0]
 [7 2 1 4 8 6 9 3 5]]
Number of cells unfilled: 13
Accuracy: 83.9506172839506
Sample: 44508
Question:
[[0 0 8 0 0 7 0 0 0]
 [0 0 3 0 4 0 0 7 0]
 [0 4 0 6 0 0 5 0 0]
 [0 0 0 0 2 0 0 1 0]
 [4 1 0 0 0 6 7 0 0]
 [0 0 0 1 7 0 0 0 9]
 [0 3 0 0 0 5 0 0 2]
 [0 0 0 2 0 0 0 0 0]
 [5 2 0 0 6 0 1 0 0]]
Solution:
[[3 9 8 6 5 4 1 2 7]
 [5 1 2 8 0 0 3 9 4]
 [4 0 0 7 1 3 6 5 8]
 [9 8 4 3 6 1 2 7 0]
 [2 7 0 0 4 9 5 1 3]
 [1 3 6 2 7 8 0 4 9]
 [8 4 3 9 0 7 0 6 2]
 [0 6 5 1 2 0 4 8 0]
 [7 2 1 4 8 6 9 3 5]]
Number of cells unfilled: 13
Accuracy: 83.9506172839506
Sample: 44509
Question:
[[0 9 0 5 0 1 6 0 0]
 [0 7 0 0 6 0 0 9 5]
 [0 0 0 0 0 0 0 1 2]
 [0 0 0 0 0 0 0 0 0]
 [3 0 1 0 8 0 0 0 0]
 [0 5 0 7 0 6 0 0 1]
 [7 0 0 0 0 0 0 0 6]
 [0 0 6 0 4 0 0 0 0]
 [0 1 0 0 0 9 0 2 0]]
Solution:
[[3 9 8 6 5 4 1 2 7]
 [6 5 2 8 0 0 3 9 4]
 [4 0 0 7 1 3 6 5 8]
 [9 8 4 3 6 5 2 7 1]
 [2 7 0 0 4 9 5 8 3]
 [1 3 6 2 7 8 0 4 9]
 [8 4 3 9 0 7 0 6 2]
 [0 6 5 1 2 0 4 0 0]
 [7 2 1 4 8 6 9 3 5]]
Number of cells unfilled: 13
Accuracy: 83.9506172839506
Sample: 44510
Question:
[[0 0 0 0 0 4 0 0 0]
 [1 0 0 0 0 0 3 0 5]
 [0 6 0 0 1 0 0 9 0]
 [0 0 7 0 9 0 0 8 0]
 [0 8 0 0 0 2 0 0 3]
 [0 0 0 4 0 0 0 0 0]
 [0 9 0 5 0 0 0 0 8]
 [0 7 6 0 0 0 0 0 2]
 [8 0 0 0 6 0 0 7 0]]
Solution:
[[3 9 8 6 0 4 1 2 7]
 [6 1 2 8 9 0 3 5 4]
 [4 5 0 7 1 3 6 9 0]
 [9 8 4 3 6 5 2 7 1]
 [2 7 0 0 4 1 5 8 3]
 [1 3 6 2 7 8 0 4 9]
 [8 4 3 9 5 7 0 6 2]
 [0 6 5 1 2 0 4 0 8]
 [7 2 1 4 8 6 9 3 5]]
Number of cells unfilled: 11
Accuracy: 86.41975308641975
Sample: 44511
Question:
[[9 0 0 0 0 0 7 0 0]
 [0 0 2 0 0 0 0 0 0]
 [7 5 3 0 2 0 0 1 4]
 [0 0 0 0 8 9 1 0 0]
 [0 9 0 0 0 7 4 0 6]
 [0 0 0 0 0 3 0 0 5]
 [0 4 0 3 9 0 0 0 0]
 [5 0 9 0 7 0 0 0 0]
 [0 7 0 0 4 6 0 0 0]]
Solution:
[[3 9 8 6 5 4 1 2 7]
 [7 1 2 8 0 9 3 5 4]
 [4 5 0 7 1 3 6 9 8]
 [9 8 4 3 6 5 2 7 1]
 [2 7 0 0 4 1 5 8 3]
 [1 3 6 2 7 8 0 4 9]
 [8 4 3 9 0 7 0 6 2]
 [0 6 5 1 2 0 4 0 0]
 [0 2 1 4 8 6 9 3 5]]
Number of cells unfilled: 12
Accuracy: 85.18518518518519
Sample: 44512
Question:
[[0 0 9 0 0 0 4 0 0]
 [0 0 0 0 1 0 6 7 0]
 [0 5 0 2 4 0 1 0 8]
 [9 0 0 0 0 0 0 5 0]
 [7 0 8 0 0 2 0 0 1]
 [0 1 0 0 0 0 8 0 6]
 [0 7 3 8 0 1 0 0 0]
 [0 0 0 0 6 0 0 0 3]
 [0 8 0 4 0 0 0 0 0]]
Solution:
[[3 9 8 6 5 4 1 2 7]
 [6 5 2 8 9 0 3 0 4]
 [4 0 0 7 1 3 6 9 5]
 [9 8 4 3 6 1 2 7 0]
 [2 7 0 0 4 9 5 8 3]
 [1 3 6 2 7 8 0 4 9]
 [8 4 3 9 0 7 0 6 2]
 [0 6 5 1 2 0 4 0 8]
 [7 2 1 4 8 6 9 3 0]]
Number of cells unfilled: 14
Accuracy: 82.71604938271605
Sample: 44513
Question:
[[7 3 0 0 0 8 0 0 0]
 [0 2 1 0 0 0 0 6 0]
 [0 0 8 1 0 0 4 0 0]
 [0 0 0 2 0 0 0 0 0]
 [0 8 0 0 9 0 0 1 0]
 [0 0 0 0 4 7 3 0 0]
 [0 0 3 9 0 0 0 0 0]
 [6 0 9 0 3 0 0 2 7]
 [0 0 0 0 0 0 0 4 0]]
Solution:
[[3 9 8 6 5 4 1 2 7]
 [5 1 2 0 9 0 3 8 4]
 [4 0 0 7 1 3 6 9 5]
 [9 8 4 3 6 1 2 7 0]
 [2 7 0 0 4 9 5 1 3]
 [1 3 6 2 7 8 0 4 9]
 [8 4 3 9 0 7 0 6 2]
 [0 6 5 1 2 0 4 0 8]
 [7 2 1 4 8 6 9 3 0]]
Number of cells unfilled: 14
Accuracy: 82.71604938271605
Sample: 44514
Question:
[[0 0 0 0 0 3 8 0 0]
 [0 0 0 0 7 0 0 3 0]
 [0 8 0 1 0 0 0 0 5]
 [0 0 5 2 0 0 0 0 0]
 [8 0 1 0 0 4 0 0 2]
 [0 2 0 0 1 0 0 0 0]
 [6 0 9 0 0 0 7 0 0]
 [0 0 0 0 9 0 0 6 3]
 [0 5 0 4 0 0 9 0 1]]
Solution:
[[3 9 8 6 5 4 1 2 7]
 [5 1 2 8 0 0 3 9 4]
 [4 0 0 7 1 3 6 5 8]
 [9 8 4 3 6 1 2 7 0]
 [2 7 0 0 4 9 5 8 3]
 [1 3 6 2 7 8 0 4 9]
 [8 4 3 9 0 7 0 6 2]
 [0 6 5 1 2 0 4 0 0]
 [7 2 1 4 8 6 9 3 5]]
Number of cells unfilled: 14
Accuracy: 82.71604938271605
Sample: 44515
Question:
[[0 5 0 9 0 0 0 0 6]
 [2 0 3 0 6 0 0 0 0]
 [0 0 0 5 0 0 2 0 0]
 [4 0 0 0 0 0 0 8 0]
 [0 3 9 0 2 0 6 0 0]
 [0 8 0 0 9 0 5 0 3]
 [0 0 7 0 0 0 0 0 8]
 [0 2 0 0 8 0 3 0 0]
 [0 0 0 0 0 1 0 0 0]]
Solution:
[[3 9 8 6 5 4 1 2 7]
 [5 1 2 8 0 0 3 9 4]
 [4 0 0 7 1 3 6 5 8]
 [9 8 4 3 6 1 2 7 0]
 [2 7 0 0 4 9 5 8 3]
 [1 3 6 2 7 8 0 4 9]
 [8 4 3 9 0 7 0 6 2]
 [0 6 5 1 2 0 4 0 0]
 [7 2 1 4 8 6 9 3 5]]
Number of cells unfilled: 14
Accuracy: 82.71604938271605
Sample: 44516
Question:
[[5 3 0 0 0 4 0 2 0]
 [0 4 0 0 1 0 5 0 0]
 [0 0 1 0 0 0 0 0 0]
 [0 0 0 6 0 0 2 0 0]
 [0 0 0 0 0 0 8 3 0]
 [2 8 0 0 0 1 0 0 5]
 [0 0 9 0 0 0 0 0 0]
 [4 1 0 0 0 2 3 0 0]
 [8 0 0 0 7 0 0 0 4]]
Solution:
[[3 9 8 6 5 4 1 2 7]
 [5 1 2 8 0 0 3 9 4]
 [4 0 0 7 1 3 6 5 8]
 [9 8 4 3 6 5 2 7 1]
 [2 7 0 0 4 9 5 8 3]
 [1 3 6 2 7 8 0 4 9]
 [8 4 3 9 0 7 0 6 2]
 [0 6 5 1 2 0 4 0 0]
 [7 2 1 4 8 6 9 3 5]]
Number of cells unfilled: 13
Accuracy: 83.9506172839506
Sample: 44517
Question:
[[9 0 0 0 7 0 0 0 0]
 [0 0 6 0 0 8 0 0 0]
 [0 8 0 2 0 0 7 0 0]
 [0 3 0 0 0 2 1 0 0]
 [0 0 0 3 0 0 0 6 5]
 [4 0 0 0 1 0 0 0 3]
 [0 0 9 0 0 0 0 0 0]
 [3 0 0 1 0 5 0 0 4]
 [0 1 0 0 2 0 3 0 0]]
Solution:
[[3 9 8 6 0 4 0 2 7]
 [6 1 2 8 9 0 3 5 4]
 [4 5 0 7 1 3 6 9 0]
 [9 8 4 3 6 5 1 7 0]
 [2 7 0 0 4 9 5 8 3]
 [1 3 6 2 7 8 0 4 9]
 [8 4 3 9 5 7 0 6 2]
 [0 6 5 1 2 0 4 0 8]
 [7 2 1 4 8 6 9 3 5]]
Number of cells unfilled: 13
Accuracy: 83.9506172839506
Sample: 44518
Question:
[[0 0 0 0 0 4 0 9 0]
 [0 0 9 2 3 1 6 0 0]
 [0 0 8 0 9 0 0 2 0]
 [8 9 0 0 0 6 0 0 2]
 [0 6 0 1 0 0 0 0 0]
 [0 1 4 0 0 0 5 0 0]
 [0 0 6 7 0 2 4 0 9]
 [0 7 0 0 0 0 0 0 0]
 [0 0 0 0 1 0 0 0 5]]
Solution:
[[3 9 8 6 5 4 1 2 7]
 [6 1 2 8 9 0 3 0 4]
 [4 0 0 7 1 3 6 9 5]
 [9 8 4 3 6 5 2 7 1]
 [2 7 0 0 4 1 5 8 3]
 [1 3 6 2 7 8 0 4 9]
 [8 4 3 9 0 7 0 6 2]
 [7 6 5 1 2 0 4 0 8]
 [0 2 1 4 8 6 9 3 0]]
Number of cells unfilled: 13
Accuracy: 83.9506172839506
Sample: 44519
Question:
[[0 0 0 0 0 6 3 0 0]
 [0 0 4 0 0 0 0 9 0]
 [0 1 0 9 5 0 0 0 2]
 [0 0 9 1 0 0 0 0 0]
 [6 0 0 0 0 8 2 0 0]
 [0 5 0 0 4 0 0 0 0]
 [3 0 0 0 0 0 0 8 7]
 [0 0 0 0 0 7 0 2 0]
 [0 0 0 0 3 0 6 0 0]]
Solution:
[[3 9 8 6 0 4 0 2 7]
 [6 1 2 5 9 0 3 8 4]
 [4 5 0 7 1 3 6 9 0]
 [9 8 4 3 6 1 2 7 0]
 [2 7 0 0 4 9 5 1 3]
 [1 3 6 2 7 8 0 4 9]
 [8 4 3 9 5 7 1 6 2]
 [0 6 5 1 2 0 4 0 8]
 [7 2 1 4 8 6 9 3 5]]
Number of cells unfilled: 12
Accuracy: 85.18518518518519
Sample: 44520
Question:
[[0 0 0 4 0 0 9 0 0]
 [0 2 9 0 0 6 0 5 0]
 [0 1 0 0 0 0 6 0 3]
 [0 0 0 0 0 7 1 0 0]
 [0 0 0 0 2 5 4 7 0]
 [7 0 0 0 0 0 0 3 5]
 [5 0 3 0 1 0 0 9 0]
 [0 6 4 5 0 0 0 0 0]
 [2 0 1 0 0 0 0 0 4]]
Solution:
[[3 9 8 6 5 4 1 2 7]
 [6 1 2 8 9 0 3 5 4]
 [4 5 0 7 1 3 6 9 8]
 [9 8 4 3 6 1 2 7 0]
 [2 7 0 0 4 9 5 8 3]
 [1 3 6 2 7 8 0 4 9]
 [8 4 3 9 0 7 0 6 2]
 [0 6 5 1 2 0 4 0 0]
 [7 2 1 4 8 6 9 3 5]]
Number of cells unfilled: 12
Accuracy: 85.18518518518519
Sample: 44521
Question:
[[0 2 0 0 0 1 0 0 0]
 [3 0 0 8 7 0 0 5 0]
 [0 0 0 0 0 0 0 0 3]
 [0 0 9 0 0 0 0 0 0]
 [8 0 0 7 1 0 0 0 6]
 [0 1 0 0 2 0 0 0 0]
 [5 0 0 6 8 0 3 0 0]
 [0 0 4 0 0 0 0 6 8]
 [0 0 0 0 0 0 0 7 5]]
Solution:
[[3 9 8 6 5 4 1 2 7]
 [6 5 2 8 0 0 3 9 4]
 [4 0 0 7 1 3 6 5 8]
 [9 8 4 3 6 1 2 7 0]
 [2 7 0 0 4 9 5 8 3]
 [1 3 6 2 7 8 0 4 9]
 [8 4 3 9 0 7 0 6 2]
 [0 6 5 1 2 0 4 0 0]
 [7 2 1 4 8 6 9 3 5]]
Number of cells unfilled: 14
Accuracy: 82.71604938271605
Sample: 44522
Question:
[[0 2 0 0 6 9 0 0 0]
 [0 0 9 8 4 0 0 1 0]
 [0 0 0 0 0 7 0 0 8]
 [0 6 0 7 0 1 0 0 0]
 [0 5 0 0 2 0 0 0 0]
 [4 0 0 0 0 0 0 7 0]
 [0 0 0 0 1 0 0 2 5]
 [0 0 4 0 0 5 0 0 9]
 [8 0 0 0 7 6 0 0 3]]
Solution:
[[3 9 8 6 5 4 1 2 7]
 [6 1 2 8 0 0 3 9 4]
 [4 0 0 7 1 3 6 5 8]
 [9 8 4 3 6 5 2 7 1]
 [2 7 0 0 4 1 5 8 3]
 [1 3 6 2 7 8 0 4 9]
 [8 4 3 9 0 7 0 6 2]
 [0 6 5 1 2 0 4 0 0]
 [7 2 1 4 8 6 9 3 5]]
Number of cells unfilled: 13
Accuracy: 83.9506172839506
Sample: 44523
Question:
[[0 9 0 0 3 0 0 0 0]
 [0 0 0 2 0 0 0 4 0]
 [2 0 0 0 0 7 8 0 0]
 [7 0 0 3 0 0 1 0 0]
 [0 0 6 0 0 1 0 9 0]
 [0 2 0 0 8 0 0 0 5]
 [0 1 0 6 0 0 0 0 4]
 [3 0 0 0 7 0 6 0 0]
 [0 0 0 1 0 0 0 5 0]]
Solution:
[[3 9 8 6 5 4 1 2 7]
 [6 5 2 8 0 0 3 9 4]
 [4 0 0 7 1 3 6 5 8]
 [9 8 4 3 6 5 2 7 1]
 [2 7 0 0 4 9 5 8 3]
 [1 3 6 2 7 8 0 4 9]
 [8 4 3 9 0 7 0 6 2]
 [0 6 5 1 2 0 4 0 0]
 [7 2 1 4 8 6 9 3 5]]
Number of cells unfilled: 13
Accuracy: 83.9506172839506
Sample: 44524
Question:
[[0 0 1 7 0 0 4 0 0]
 [0 0 0 3 5 0 0 0 0]
 [0 0 0 8 4 0 0 3 1]
 [0 0 0 6 0 0 9 0 0]
 [0 0 3 9 2 0 0 8 0]
 [7 0 4 0 0 0 0 0 5]
 [0 0 0 0 8 6 0 0 0]
 [0 6 5 0 0 0 0 1 0]
 [8 0 0 0 0 0 3 0 0]]
Solution:
[[3 9 8 6 5 4 1 2 7]
 [6 5 2 8 0 0 3 9 4]
 [4 0 0 7 1 3 6 5 8]
 [9 8 4 3 6 5 2 7 1]
 [2 7 0 0 4 9 5 8 3]
 [1 3 6 2 7 8 0 4 9]
 [8 4 3 9 0 7 0 6 2]
 [0 6 5 1 2 0 4 0 0]
 [7 2 1 4 8 6 9 3 5]]
Number of cells unfilled: 13
Accuracy: 83.9506172839506
Sample: 44525
Question:
[[0 9 0 0 0 4 0 6 0]
 [0 0 0 5 0 0 2 0 0]
 [0 0 0 0 7 0 0 0 1]
 [9 0 0 0 0 6 0 4 0]
 [0 3 4 0 0 0 5 0 0]
 [0 0 0 0 0 0 0 0 7]
 [0 0 9 0 0 3 0 8 0]
 [8 6 0 9 2 0 0 0 0]
 [3 0 0 1 0 0 0 0 0]]
Solution:
[[3 9 8 6 5 4 1 2 7]
 [6 5 2 8 9 0 3 0 4]
 [4 0 0 7 1 3 6 9 5]
 [9 8 4 3 6 1 2 7 0]
 [2 7 0 0 4 9 5 8 3]
 [1 3 6 2 7 8 0 4 9]
 [8 4 3 9 0 7 0 6 2]
 [0 6 5 1 2 0 4 0 8]
 [7 2 1 4 8 6 9 3 0]]
Number of cells unfilled: 14
Accuracy: 82.71604938271605
Sample: 44526
Question:
[[0 0 8 7 4 0 0 0 5]
 [4 0 0 0 0 0 0 0 0]
 [0 2 5 9 0 3 0 0 7]
 [0 0 9 8 0 0 0 6 1]
 [0 0 0 1 0 0 0 0 0]
 [0 0 0 0 0 0 0 8 0]
 [2 0 0 0 0 0 1 0 0]
 [0 1 0 0 0 5 3 2 6]
 [0 9 6 0 0 0 4 5 0]]
Solution:
[[3 9 8 6 0 4 0 2 7]
 [6 1 2 8 0 9 3 5 4]
 [4 5 0 7 1 3 6 9 0]
 [9 8 4 3 6 5 1 7 0]
 [2 7 0 0 4 1 5 8 3]
 [1 3 6 2 7 8 0 4 9]
 [8 4 3 9 5 7 0 6 2]
 [0 6 5 1 2 0 4 0 8]
 [7 2 1 4 8 6 9 3 5]]
Number of cells unfilled: 13
Accuracy: 83.9506172839506
Sample: 44527
Question:
[[0 0 0 0 0 0 0 1 0]
 [9 0 0 0 0 0 0 2 0]
 [0 4 0 7 0 0 0 0 0]
 [1 0 0 0 0 2 0 0 0]
 [0 0 8 5 0 0 7 0 0]
 [0 0 0 0 0 0 0 0 4]
 [0 7 0 0 8 0 0 0 0]
 [0 3 0 0 0 9 0 0 0]
 [0 0 0 0 0 1 0 9 0]]
Solution:
[[3 9 8 6 5 4 1 2 7]
 [6 1 2 8 9 0 3 5 4]
 [4 5 0 7 1 3 6 9 8]
 [9 8 4 3 6 5 2 7 1]
 [2 7 0 0 4 9 5 8 3]
 [1 3 6 2 7 8 0 4 9]
 [8 4 3 9 0 7 0 6 2]
 [0 6 5 1 2 0 4 0 0]
 [7 2 1 4 8 6 9 3 5]]
Number of cells unfilled: 11
Accuracy: 86.41975308641975
Sample: 44528
Question:
[[0 0 4 0 0 0 2 7 0]
 [5 0 0 0 0 7 0 0 0]
 [0 8 0 0 4 0 0 0 5]
 [0 1 0 0 0 0 0 0 0]
 [0 7 5 9 0 8 0 0 4]
 [0 0 2 0 0 5 0 0 9]
 [0 0 0 0 8 0 0 6 0]
 [0 0 8 0 9 2 0 0 7]
 [0 0 0 3 0 0 0 0 0]]
Solution:
[[3 9 8 6 5 4 1 2 7]
 [6 1 2 8 0 0 3 9 4]
 [4 0 0 7 1 3 6 5 8]
 [9 8 4 3 6 5 2 7 1]
 [2 7 0 0 4 9 5 8 3]
 [1 3 6 2 7 8 0 4 9]
 [8 4 3 9 0 7 0 6 2]
 [0 6 5 1 2 0 4 0 0]
 [7 2 1 4 8 6 9 3 5]]
Number of cells unfilled: 13
Accuracy: 83.9506172839506
Sample: 44529
Question:
[[0 0 5 0 3 0 4 2 0]
 [0 0 0 0 0 0 0 0 1]
 [7 0 0 0 0 0 0 3 0]
 [0 0 8 0 9 0 3 0 2]
 [0 5 2 0 4 0 9 0 0]
 [0 0 0 0 0 6 0 0 0]
 [5 4 0 0 8 0 0 0 0]
 [0 0 0 9 0 0 5 0 0]
 [0 0 9 0 0 3 0 8 0]]
Solution:
[[3 9 8 6 5 4 1 2 7]
 [6 1 2 8 9 0 3 5 4]
 [4 5 0 7 1 3 6 9 0]
 [9 8 4 3 6 5 2 7 1]
 [2 7 0 0 4 9 5 8 3]
 [1 3 6 2 7 8 0 4 9]
 [8 4 3 9 0 7 0 6 2]
 [0 6 5 1 2 0 4 0 8]
 [7 2 1 4 8 6 9 3 5]]
Number of cells unfilled: 11
Accuracy: 86.41975308641975
Sample: 44530
Question:
[[0 0 4 5 0 0 0 8 3]
 [0 7 0 3 0 0 0 0 0]
 [5 0 0 0 0 9 2 0 0]
 [0 0 9 0 0 4 0 0 5]
 [4 0 0 0 0 0 0 1 0]
 [0 2 5 0 0 0 4 0 0]
 [0 0 6 0 8 0 0 0 7]
 [0 0 0 6 0 0 0 0 0]
 [9 0 0 0 0 5 1 0 0]]
Solution:
[[3 9 8 6 5 4 1 2 7]
 [5 1 2 8 9 0 3 0 4]
 [4 0 0 7 1 3 6 9 5]
 [9 8 4 3 6 1 2 7 0]
 [2 7 0 0 4 9 5 8 3]
 [1 3 6 2 7 8 0 4 9]
 [8 4 3 9 0 7 0 6 2]
 [0 6 5 1 2 0 4 0 8]
 [7 2 1 4 8 6 9 3 0]]
Number of cells unfilled: 14
Accuracy: 82.71604938271605
Sample: 44531
Question:
[[7 0 0 0 0 0 6 2 0]
 [0 0 4 0 0 0 0 0 7]
 [0 2 0 7 0 0 0 5 0]
 [4 0 0 2 0 0 0 0 5]
 [0 9 0 0 0 1 0 3 0]
 [0 0 0 0 3 5 0 0 0]
 [0 8 1 0 0 0 0 7 0]
 [6 0 0 5 0 0 0 0 2]
 [0 0 0 0 8 0 9 0 0]]
Solution:
[[3 9 8 6 0 4 0 2 7]
 [6 1 2 8 9 0 3 5 4]
 [4 5 0 7 1 3 6 9 0]
 [9 8 4 3 6 5 2 7 1]
 [2 7 0 0 4 1 5 8 3]
 [1 3 6 2 7 8 0 4 9]
 [8 4 3 9 5 7 1 6 2]
 [0 6 5 1 2 0 4 0 8]
 [7 2 1 4 8 6 9 3 5]]
Number of cells unfilled: 11
Accuracy: 86.41975308641975
Sample: 44532
Question:
[[7 0 0 0 8 0 0 0 3]
 [0 2 5 0 0 0 0 4 0]
 [0 0 0 0 0 5 6 0 0]
 [0 1 0 3 0 0 0 0 4]
 [4 0 0 0 0 0 7 0 0]
 [0 0 3 0 4 0 0 8 0]
 [0 0 6 2 0 0 0 9 0]
 [0 0 0 0 0 9 0 0 0]
 [1 0 0 0 3 0 0 0 8]]
Solution:
[[3 9 8 6 0 4 0 2 7]
 [6 1 2 0 9 5 3 8 4]
 [4 5 0 7 1 3 6 9 0]
 [9 8 4 3 6 1 2 7 0]
 [2 7 0 0 4 9 5 1 3]
 [1 3 6 2 7 8 0 4 9]
 [8 4 3 9 5 7 1 6 2]
 [0 6 5 1 2 0 4 0 8]
 [7 2 1 4 8 6 9 3 5]]
Number of cells unfilled: 12
Accuracy: 85.18518518518519
Sample: 44533
Question:
[[0 2 1 7 0 0 0 0 0]
 [9 0 0 1 0 0 0 0 3]
 [0 0 4 6 0 0 2 0 8]
 [3 7 0 0 0 4 9 0 0]
 [0 1 0 8 0 0 0 0 5]
 [0 5 6 0 7 3 0 8 1]
 [0 6 3 4 0 0 0 0 2]
 [0 0 0 0 0 9 8 5 0]
 [0 0 7 0 8 1 0 6 0]]
Solution:
[[3 9 8 6 5 4 1 2 7]
 [5 1 2 8 0 0 3 9 4]
 [4 0 0 7 1 3 6 5 8]
 [9 8 4 3 6 5 2 7 1]
 [2 7 0 0 4 1 5 8 3]
 [1 3 6 2 7 8 0 4 9]
 [8 4 3 9 0 7 0 6 2]
 [0 6 5 1 2 0 4 0 0]
 [7 2 1 4 8 6 9 3 5]]
Number of cells unfilled: 13
Accuracy: 83.9506172839506
Sample: 44534
Question:
[[0 0 8 0 9 3 0 4 0]
 [0 9 5 1 0 0 0 0 8]
 [0 0 0 0 0 0 0 0 0]
 [0 0 4 0 0 0 0 9 0]
 [3 0 0 0 0 0 5 0 0]
 [0 0 0 0 7 0 0 0 0]
 [0 0 9 0 8 6 0 0 2]
 [0 8 0 0 1 0 4 0 6]
 [0 1 6 0 4 0 0 0 7]]
Solution:
[[3 9 8 6 5 4 1 2 7]
 [6 5 2 8 9 0 3 0 4]
 [4 0 0 7 1 3 6 9 5]
 [9 8 4 3 6 5 2 7 1]
 [2 7 0 0 4 9 5 8 3]
 [1 3 6 2 7 8 0 4 9]
 [8 4 3 9 0 7 0 6 2]
 [7 6 5 1 2 0 4 0 8]
 [0 2 1 4 8 6 9 3 0]]
Number of cells unfilled: 13
Accuracy: 83.9506172839506
Sample: 44535
Question:
[[0 7 0 5 0 0 0 0 3]
 [0 0 0 0 2 0 4 0 0]
 [4 0 0 0 0 3 0 0 0]
 [3 0 7 8 0 0 0 0 0]
 [5 0 0 0 0 1 0 0 7]
 [0 1 0 0 0 0 8 0 0]
 [0 5 0 3 0 0 0 0 8]
 [0 0 0 0 0 6 9 0 0]
 [6 0 9 0 0 0 0 2 0]]
Solution:
[[3 9 8 6 0 4 0 2 7]
 [6 1 2 8 9 0 3 5 4]
 [4 5 0 7 1 3 6 9 0]
 [9 8 4 3 6 1 2 7 0]
 [2 7 0 0 4 9 5 8 3]
 [1 3 6 2 7 8 0 4 9]
 [8 4 3 9 5 7 1 6 2]
 [0 6 5 1 2 0 4 0 8]
 [7 2 1 4 8 6 9 3 5]]
Number of cells unfilled: 12
Accuracy: 85.18518518518519
Sample: 44536
Question:
[[0 6 0 0 0 4 0 0 0]
 [0 0 4 0 8 0 0 2 0]
 [0 0 0 7 0 0 3 0 0]
 [0 0 5 0 0 0 1 0 2]
 [1 0 0 0 5 0 0 0 0]
 [4 8 0 0 0 0 0 5 0]
 [0 0 1 6 4 0 0 8 0]
 [0 4 8 0 2 0 0 1 0]
 [0 0 0 0 0 0 0 0 9]]
Solution:
[[3 9 8 6 5 4 1 2 7]
 [5 1 2 8 0 0 3 9 4]
 [4 0 0 7 1 3 6 5 8]
 [9 8 4 3 6 1 2 7 0]
 [2 7 0 0 4 9 5 8 3]
 [1 3 6 2 7 8 0 4 9]
 [8 4 3 9 0 7 0 6 2]
 [0 6 5 1 2 0 4 0 0]
 [7 2 1 4 8 6 9 3 5]]
Number of cells unfilled: 14
Accuracy: 82.71604938271605
Sample: 44537
Question:
[[2 0 0 0 0 5 0 0 4]
 [0 3 0 0 8 0 0 0 0]
 [0 0 0 0 2 0 6 0 0]
 [9 0 0 0 0 0 5 4 0]
 [0 0 0 0 0 9 0 7 0]
 [0 7 2 0 0 0 0 0 9]
 [0 0 1 0 0 0 0 0 0]
 [5 0 0 0 6 4 0 0 7]
 [7 0 0 0 0 2 4 0 5]]
Solution:
[[3 9 8 6 5 4 1 2 7]
 [6 5 2 8 0 0 3 9 4]
 [4 0 0 7 1 3 6 5 8]
 [9 8 4 3 6 5 2 7 1]
 [2 7 0 0 4 1 5 8 3]
 [1 3 6 2 7 8 0 4 9]
 [8 4 3 9 0 7 0 6 2]
 [0 6 5 1 2 0 4 0 0]
 [7 2 1 4 8 6 9 3 5]]
Number of cells unfilled: 13
Accuracy: 83.9506172839506
Sample: 44538
Question:
[[1 6 0 0 0 0 0 2 0]
 [0 2 7 0 1 0 0 0 0]
 [5 0 3 0 0 0 0 0 0]
 [0 0 6 0 7 0 0 5 0]
 [0 0 0 0 0 3 7 0 8]
 [0 0 0 4 0 0 9 0 0]
 [0 0 0 0 0 9 0 0 4]
 [0 1 0 8 0 0 3 0 0]
 [6 0 0 0 2 0 0 7 0]]
Solution:
[[3 9 8 6 5 4 1 2 7]
 [6 5 2 8 0 0 3 9 4]
 [4 0 0 7 1 3 6 5 8]
 [9 8 4 3 6 1 2 7 0]
 [2 7 0 0 4 9 5 8 3]
 [1 3 6 2 7 8 0 4 9]
 [8 4 3 9 0 7 0 6 2]
 [0 6 5 1 2 0 4 0 0]
 [7 2 1 4 8 6 9 3 5]]
Number of cells unfilled: 14
Accuracy: 82.71604938271605
Sample: 44539
Question:
[[0 0 7 9 0 0 0 0 6]
 [1 0 0 0 0 6 2 0 0]
 [0 6 0 0 5 0 0 8 0]
 [6 0 1 5 3 0 0 0 0]
 [3 0 9 0 0 8 0 0 0]
 [0 7 0 1 0 0 0 0 3]
 [7 0 0 6 0 0 0 2 9]
 [0 0 0 0 2 0 0 0 0]
 [0 0 0 0 0 5 4 0 0]]
Solution:
[[3 9 8 6 0 4 0 2 7]
 [6 1 2 8 9 0 3 5 4]
 [4 5 0 7 1 3 6 8 0]
 [9 8 4 3 6 1 2 7 0]
 [2 7 0 0 4 9 5 1 3]
 [1 3 6 2 7 8 0 4 9]
 [8 4 3 9 5 7 1 6 2]
 [0 6 5 1 2 0 4 0 8]
 [7 2 1 4 8 6 9 3 5]]
Number of cells unfilled: 12
Accuracy: 85.18518518518519
Sample: 44540
Question:
[[2 0 0 0 1 0 0 4 0]
 [0 8 4 3 0 0 2 0 0]
 [0 0 0 0 0 0 0 0 9]
 [3 0 0 0 8 5 4 0 0]
 [0 7 0 4 0 0 0 0 3]
 [0 0 0 0 0 0 0 9 0]
 [4 0 0 8 0 0 5 0 0]
 [0 1 0 0 0 6 0 0 0]
 [0 0 6 0 7 0 0 0 0]]
Solution:
[[3 9 8 6 5 4 1 2 7]
 [5 1 2 8 9 0 3 0 4]
 [4 0 0 7 1 3 6 9 5]
 [9 8 4 3 6 5 2 7 1]
 [2 7 0 0 4 1 5 8 3]
 [1 3 6 2 7 8 0 4 9]
 [8 4 3 9 0 7 0 6 2]
 [0 6 5 1 2 0 4 0 8]
 [7 2 1 4 8 6 9 3 0]]
Number of cells unfilled: 13
Accuracy: 83.9506172839506
Sample: 44541
Question:
[[0 5 3 0 0 8 0 0 2]
 [0 0 0 9 0 0 0 0 0]
 [0 9 0 0 4 0 0 0 6]
 [0 0 0 0 0 0 0 0 7]
 [0 0 6 4 0 0 9 0 1]
 [0 0 8 0 0 1 0 5 0]
 [1 0 9 3 6 0 0 0 0]
 [7 0 0 0 5 4 0 0 0]
 [3 0 0 0 0 0 0 7 0]]
Solution:
[[3 9 8 6 5 4 1 2 7]
 [6 1 2 8 9 0 3 5 4]
 [4 5 0 7 1 3 6 9 8]
 [9 8 4 3 6 1 2 7 0]
 [2 7 0 0 4 9 5 8 3]
 [1 3 6 2 7 8 0 4 9]
 [8 4 3 9 0 7 0 6 2]
 [0 6 5 1 2 0 4 0 0]
 [7 2 1 4 8 6 9 3 5]]
Number of cells unfilled: 12
Accuracy: 85.18518518518519
Sample: 44542
Question:
[[0 9 5 0 0 0 0 0 7]
 [0 0 0 0 0 7 0 0 0]
 [7 0 0 0 0 0 1 3 0]
 [0 0 0 8 9 0 0 0 0]
 [0 0 8 0 2 0 4 0 0]
 [9 0 0 0 0 1 0 0 3]
 [0 0 0 6 4 0 2 0 0]
 [0 0 0 0 0 0 0 6 0]
 [5 0 0 0 0 9 0 0 1]]
Solution:
[[3 9 8 6 0 4 0 2 7]
 [6 1 2 5 9 0 3 0 4]
 [4 5 0 7 1 3 6 9 0]
 [9 8 4 3 6 5 2 7 1]
 [2 7 0 0 4 9 5 8 3]
 [1 3 6 2 7 8 0 4 9]
 [8 4 3 9 5 7 1 6 2]
 [0 6 5 1 2 0 4 0 8]
 [7 2 1 4 8 6 9 3 5]]
Number of cells unfilled: 12
Accuracy: 85.18518518518519
Sample: 44543
Question:
[[1 0 0 0 8 0 9 0 0]
 [0 0 0 5 0 0 0 1 0]
 [0 3 0 0 0 7 0 8 0]
 [0 2 0 0 0 0 4 0 8]
 [0 0 0 0 0 0 6 0 0]
 [6 0 0 0 4 0 0 9 0]
 [0 0 2 0 0 5 0 0 0]
 [0 7 0 0 0 3 0 0 0]
 [8 0 0 0 6 0 0 0 9]]
Solution:
[[3 9 8 6 5 4 1 2 7]
 [6 1 2 8 9 0 3 5 4]
 [4 5 0 7 1 3 6 9 8]
 [9 8 4 3 6 5 2 7 1]
 [2 7 0 0 4 1 5 8 3]
 [1 3 6 2 7 8 0 4 9]
 [8 4 3 9 0 7 0 6 2]
 [0 6 5 1 2 0 4 0 0]
 [7 2 1 4 8 6 9 3 5]]
Number of cells unfilled: 11
Accuracy: 86.41975308641975
Sample: 44544
Question:
[[7 0 0 0 6 0 0 0 0]
 [0 0 3 0 0 4 0 0 7]
 [4 0 0 5 0 0 1 0 0]
 [0 0 2 0 0 0 0 0 0]
 [3 0 0 0 0 9 0 0 2]
 [0 0 9 0 0 0 8 7 0]
 [0 3 0 0 0 2 0 0 4]
 [0 0 0 6 0 0 0 8 0]
 [0 0 0 1 0 0 5 0 0]]
Solution:
[[3 9 8 6 5 4 1 2 7]
 [6 1 2 8 9 0 3 5 4]
 [4 5 0 7 1 3 6 9 8]
 [9 8 4 3 6 5 2 7 1]
 [2 7 0 0 4 1 5 8 3]
 [1 3 6 2 7 8 0 4 9]
 [8 4 3 9 0 7 0 6 2]
 [0 6 5 1 2 0 4 0 0]
 [7 2 1 4 8 6 9 3 5]]
Number of cells unfilled: 11
Accuracy: 86.41975308641975
Sample: 44545
Question:
[[8 0 0 0 0 0 2 0 0]
 [0 5 0 3 0 0 0 1 0]
 [0 0 6 0 7 0 0 0 5]
 [3 0 0 0 0 2 0 0 1]
 [0 4 0 9 0 0 0 2 0]
 [0 0 7 0 6 0 0 0 0]
 [4 0 0 0 0 8 0 3 0]
 [0 9 0 5 0 0 4 0 2]
 [0 0 0 0 0 0 1 0 0]]
Solution:
[[3 9 8 6 5 4 1 2 7]
 [6 5 2 8 0 0 3 9 4]
 [4 0 0 7 1 3 6 8 5]
 [9 8 4 3 6 1 2 7 0]
 [2 7 0 0 4 9 5 1 3]
 [1 3 6 2 7 8 0 4 9]
 [8 4 3 9 0 7 0 6 2]
 [0 6 5 1 2 0 4 0 8]
 [7 2 1 4 8 6 9 3 0]]
Number of cells unfilled: 14
Accuracy: 82.71604938271605
Sample: 44546
Question:
[[0 4 0 0 0 5 7 0 2]
 [0 1 0 0 0 3 0 0 0]
 [3 8 7 0 0 2 0 0 9]
 [0 0 6 0 1 8 0 9 3]
 [0 0 0 0 0 0 0 2 0]
 [9 0 4 7 0 0 5 1 0]
 [8 0 5 2 0 0 0 0 0]
 [0 9 3 0 6 0 0 0 5]
 [7 0 1 4 0 9 0 8 0]]
Solution:
[[3 9 8 6 5 4 1 2 7]
 [6 1 2 8 0 0 3 9 4]
 [4 0 0 7 1 3 6 5 8]
 [9 8 4 3 6 1 2 7 0]
 [2 7 0 0 4 9 5 1 3]
 [1 3 6 2 7 8 0 4 9]
 [8 4 3 9 0 7 0 6 2]
 [0 6 5 1 2 0 4 8 0]
 [7 2 1 4 8 6 9 3 5]]
Number of cells unfilled: 13
Accuracy: 83.9506172839506
Sample: 44547
Question:
[[2 0 0 0 0 0 0 5 3]
 [1 0 0 2 0 0 4 0 0]
 [0 5 6 0 0 0 0 0 0]
 [0 0 0 0 3 4 0 0 0]
 [0 1 0 0 2 0 0 0 4]
 [0 0 0 0 0 5 6 1 0]
 [3 0 0 0 9 0 0 0 0]
 [7 2 1 0 6 0 0 3 0]
 [4 0 0 0 7 0 0 0 0]]
Solution:
[[3 9 8 6 5 4 1 2 7]
 [6 5 2 8 9 0 3 0 4]
 [4 0 0 7 1 3 6 9 5]
 [9 8 4 3 6 1 2 7 0]
 [2 7 0 0 4 9 5 8 3]
 [1 3 6 2 7 8 0 4 9]
 [8 4 3 9 0 7 0 6 2]
 [0 6 5 1 2 0 4 0 8]
 [7 2 1 4 8 6 9 3 0]]
Number of cells unfilled: 14
Accuracy: 82.71604938271605
Sample: 44548
Question:
[[3 0 0 0 0 0 0 9 0]
 [0 0 0 0 0 0 4 0 0]
 [0 2 0 0 7 0 3 0 1]
 [9 0 3 0 5 0 0 0 0]
 [0 7 0 0 0 1 0 0 5]
 [0 0 8 0 0 0 0 0 0]
 [0 6 0 5 0 0 0 0 7]
 [7 0 0 0 1 6 0 4 0]
 [8 0 0 0 2 7 0 0 0]]
Solution:
[[3 9 8 6 0 4 0 2 7]
 [6 1 2 8 9 0 3 5 4]
 [4 5 0 7 1 3 6 9 0]
 [9 8 4 3 6 5 2 7 1]
 [2 7 0 0 4 9 5 8 3]
 [1 3 6 2 7 8 0 4 9]
 [8 4 3 9 5 7 1 6 2]
 [0 6 5 1 2 0 4 0 8]
 [7 2 1 4 8 6 9 3 5]]
Number of cells unfilled: 11
Accuracy: 86.41975308641975
Sample: 44549
Question:
[[0 0 0 0 0 0 0 0 0]
 [8 0 1 0 3 0 0 0 4]
 [4 0 3 0 0 6 8 0 0]
 [0 0 6 0 0 0 0 0 0]
 [0 8 0 0 1 0 3 0 0]
 [0 0 2 0 0 5 0 9 0]
 [0 1 0 0 6 0 4 0 0]
 [7 3 0 0 4 1 6 0 0]
 [6 0 0 7 0 0 0 1 0]]
Solution:
[[3 9 8 6 5 4 1 2 7]
 [6 5 2 8 0 0 3 9 4]
 [4 0 0 7 1 3 6 5 8]
 [9 8 4 3 6 5 2 7 1]
 [2 7 0 0 4 9 5 8 3]
 [1 3 6 2 7 8 0 4 9]
 [8 4 3 9 0 7 0 6 2]
 [0 6 5 1 2 0 4 0 0]
 [7 2 1 4 8 6 9 3 5]]
Number of cells unfilled: 13
Accuracy: 83.9506172839506
Sample: 44550
Question:
[[1 0 0 8 0 2 0 0 4]
 [6 0 7 0 0 4 2 0 0]
 [4 0 2 6 7 0 0 8 0]
 [0 0 0 0 0 0 0 5 0]
 [0 0 0 1 0 8 0 0 0]
 [0 0 5 0 0 9 0 0 0]
 [0 0 6 7 0 0 1 0 0]
 [0 7 0 0 8 0 0 6 3]
 [0 0 0 0 0 0 0 0 8]]
Solution:
[[3 9 8 6 5 4 1 2 7]
 [5 1 2 8 0 0 3 9 4]
 [4 0 0 7 1 3 6 5 8]
 [9 8 4 3 6 1 2 7 0]
 [2 7 0 0 4 9 5 8 3]
 [1 3 6 2 7 8 0 4 9]
 [8 4 3 9 0 7 0 6 2]
 [0 6 5 1 2 0 4 0 0]
 [7 2 1 4 8 6 9 3 5]]
Number of cells unfilled: 14
Accuracy: 82.71604938271605
Sample: 44551
Question:
[[8 0 2 9 0 0 0 3 7]
 [7 0 0 0 5 2 9 0 0]
 [0 4 6 0 0 8 0 0 0]
 [1 6 0 0 0 0 5 2 0]
 [0 8 9 1 0 0 0 0 0]
 [0 2 0 8 0 0 4 1 0]
 [0 7 3 2 4 0 0 0 0]
 [0 0 4 0 0 9 3 0 0]
 [5 0 0 3 0 6 1 4 0]]
Solution:
[[3 9 8 6 5 4 1 2 7]
 [6 1 2 8 0 9 3 5 4]
 [4 5 0 7 1 3 6 9 0]
 [9 8 4 3 6 5 2 7 1]
 [2 7 0 0 4 1 5 8 3]
 [1 3 6 2 7 8 0 4 9]
 [8 4 3 9 0 7 0 6 2]
 [0 6 5 1 2 0 4 0 8]
 [7 2 1 4 8 6 9 3 5]]
Number of cells unfilled: 11
Accuracy: 86.41975308641975
Sample: 44552
Question:
[[0 0 0 7 6 0 0 0 0]
 [0 0 7 0 0 0 3 0 6]
 [0 0 0 8 0 0 0 5 2]
 [1 6 0 0 0 0 0 0 9]
 [0 9 5 1 0 0 2 0 0]
 [0 0 0 0 4 0 0 0 0]
 [0 0 0 6 0 9 0 0 5]
 [0 0 0 5 0 7 9 8 0]
 [0 2 0 0 0 8 0 0 1]]
Solution:
[[3 9 8 6 5 4 1 2 7]
 [5 1 2 8 0 9 3 0 4]
 [4 0 0 7 1 3 6 9 5]
 [9 8 4 3 6 5 2 7 1]
 [2 7 0 0 4 1 5 8 3]
 [1 3 6 2 7 8 0 4 9]
 [8 4 3 9 0 7 0 6 2]
 [0 6 5 1 2 0 4 0 0]
 [7 2 1 4 0 6 9 3 8]]
Number of cells unfilled: 14
Accuracy: 82.71604938271605
Sample: 44553
Question:
[[1 0 0 0 0 0 0 7 0]
 [0 5 0 0 6 0 9 0 0]
 [0 0 4 0 0 8 0 0 0]
 [0 9 0 6 0 0 3 0 0]
 [2 0 0 0 3 5 0 0 0]
 [0 0 0 0 8 9 0 0 7]
 [0 3 0 0 0 6 5 0 0]
 [4 0 0 0 9 0 0 1 0]
 [0 0 2 0 0 0 0 3 0]]
Solution:
[[3 9 8 6 5 4 1 2 7]
 [6 1 2 8 9 0 3 5 4]
 [4 5 0 7 1 3 6 9 8]
 [9 8 4 3 6 1 2 7 0]
 [2 7 0 0 4 9 5 1 3]
 [1 3 6 2 7 8 0 4 9]
 [8 4 3 9 0 7 0 6 2]
 [0 6 5 1 2 0 4 8 0]
 [7 2 1 4 8 6 9 3 5]]
Number of cells unfilled: 11
Accuracy: 86.41975308641975
Sample: 44554
Question:
[[9 0 2 0 1 0 0 0 5]
 [0 6 0 0 4 0 0 7 0]
 [0 0 0 5 0 7 0 0 0]
 [0 0 0 0 6 2 0 0 0]
 [0 0 0 4 0 0 9 0 0]
 [6 0 1 0 0 5 0 2 0]
 [0 1 0 7 0 8 0 0 9]
 [2 0 0 6 5 0 0 8 0]
 [0 0 8 0 0 0 4 0 0]]
Solution:
[[3 9 8 6 0 4 0 2 7]
 [6 1 2 8 9 0 3 5 4]
 [4 5 0 7 1 3 6 9 0]
 [9 8 4 3 6 5 2 7 1]
 [2 7 0 0 4 9 5 8 3]
 [1 3 6 2 7 8 0 4 9]
 [8 4 3 9 5 7 1 6 2]
 [0 6 5 1 2 0 4 0 8]
 [7 2 1 4 8 6 9 3 5]]
Number of cells unfilled: 11
Accuracy: 86.41975308641975
Sample: 44555
Question:
[[0 0 9 6 0 1 4 3 0]
 [0 0 0 0 0 0 1 5 0]
 [0 1 4 7 5 0 0 0 0]
 [0 0 2 5 0 0 0 0 6]
 [4 0 0 3 6 0 8 0 0]
 [0 8 0 0 0 2 0 0 0]
 [0 0 6 0 0 0 0 0 0]
 [8 5 0 4 0 6 0 7 0]
 [0 0 7 8 2 0 0 0 0]]
Solution:
[[3 9 8 6 5 4 1 2 7]
 [5 1 2 8 0 0 3 9 4]
 [4 0 0 7 1 3 6 5 0]
 [9 8 4 3 6 1 2 7 0]
 [2 7 0 0 4 9 5 8 3]
 [1 3 6 2 7 8 0 4 9]
 [8 4 3 9 0 7 0 6 2]
 [0 6 5 1 2 0 4 0 8]
 [7 2 1 4 8 6 9 3 5]]
Number of cells unfilled: 14
Accuracy: 82.71604938271605
Sample: 44556
Question:
[[5 0 0 2 0 6 1 0 7]
 [0 0 6 5 0 3 0 0 0]
 [0 3 7 0 0 0 0 6 8]
 [0 0 0 0 0 0 3 0 6]
 [0 0 0 9 0 0 0 7 0]
 [0 0 0 0 0 0 0 8 4]
 [0 0 0 0 0 5 0 0 0]
 [0 0 2 0 0 1 8 0 3]
 [4 1 8 6 0 0 0 0 0]]
Solution:
[[3 9 8 6 0 4 0 2 7]
 [6 1 2 8 9 0 3 5 4]
 [4 5 0 7 1 3 6 9 0]
 [9 8 4 3 6 5 1 7 0]
 [2 7 0 0 4 9 5 8 3]
 [1 3 6 2 7 8 0 4 9]
 [8 4 3 9 5 7 0 6 2]
 [0 6 5 1 2 0 4 0 8]
 [7 2 1 4 8 6 9 3 5]]
Number of cells unfilled: 13
Accuracy: 83.9506172839506
Sample: 44557
Question:
[[0 0 5 0 0 3 0 9 7]
 [0 4 0 0 0 0 0 0 3]
 [3 0 0 0 8 0 6 0 0]
 [2 0 0 0 7 0 3 0 0]
 [0 3 0 8 0 0 0 0 5]
 [0 0 9 3 0 0 0 4 0]
 [1 0 0 2 0 8 0 0 0]
 [0 0 0 7 0 6 1 0 0]
 [0 0 0 0 1 0 0 0 2]]
Solution:
[[3 9 8 6 0 4 1 2 7]
 [5 1 2 8 0 0 3 9 4]
 [4 0 0 7 1 3 6 5 0]
 [9 8 4 3 6 1 2 7 0]
 [2 7 0 0 4 9 5 8 3]
 [1 3 6 2 7 8 0 4 9]
 [8 4 3 9 5 7 0 6 2]
 [0 6 5 1 2 0 4 0 8]
 [7 2 1 4 8 6 9 3 5]]
Number of cells unfilled: 14
Accuracy: 82.71604938271605
Sample: 44558
Question:
[[0 0 3 0 0 0 0 1 0]
 [0 0 0 2 0 0 4 0 0]
 [0 0 6 8 4 0 0 3 2]
 [5 0 0 3 0 0 1 0 0]
 [0 2 0 0 0 0 0 5 0]
 [0 0 0 1 0 0 0 0 9]
 [0 6 0 0 0 1 0 0 0]
 [7 8 0 0 0 2 5 0 0]
 [0 9 0 0 7 0 2 0 0]]
Solution:
[[3 9 8 6 0 4 0 2 7]
 [6 1 2 8 9 0 3 5 4]
 [4 5 0 7 1 3 6 9 0]
 [9 8 4 3 6 5 2 7 1]
 [2 7 0 0 4 9 5 8 3]
 [1 3 6 2 7 8 0 4 9]
 [8 4 3 9 5 7 1 6 2]
 [0 6 5 1 2 0 4 0 8]
 [7 2 1 4 8 6 9 3 5]]
Number of cells unfilled: 11
Accuracy: 86.41975308641975
Sample: 44559
Question:
[[0 0 0 5 0 0 0 0 9]
 [0 0 5 0 3 0 0 6 0]
 [0 2 0 7 0 6 8 0 0]
 [0 0 0 3 0 0 0 0 1]
 [0 0 7 0 0 5 0 4 0]
 [0 0 0 0 4 0 9 0 0]
 [0 0 3 4 0 0 0 7 0]
 [2 0 0 0 0 3 0 0 0]
 [0 1 0 0 0 0 0 0 8]]
Solution:
[[3 9 8 6 0 4 0 2 7]
 [6 1 2 8 9 0 3 5 4]
 [4 5 0 7 1 3 6 9 0]
 [9 8 4 3 6 1 2 7 0]
 [2 7 0 0 4 9 5 1 3]
 [1 3 6 2 7 8 0 4 9]
 [8 4 3 9 5 7 1 6 2]
 [0 6 5 1 2 0 4 0 8]
 [7 2 1 4 8 6 9 3 5]]
Number of cells unfilled: 12
Accuracy: 85.18518518518519
Sample: 44560
Question:
[[3 0 0 8 0 0 0 9 0]
 [0 0 4 0 0 0 0 0 0]
 [0 2 0 0 1 0 0 0 0]
 [0 4 0 0 0 1 0 8 7]
 [0 0 0 0 5 0 0 6 0]
 [6 0 0 7 0 0 3 0 0]
 [0 0 0 0 0 5 9 0 0]
 [0 0 0 0 2 0 0 3 0]
 [8 0 0 9 3 0 0 0 6]]
Solution:
[[3 9 8 6 5 4 1 2 7]
 [6 1 2 8 9 0 3 5 4]
 [4 5 0 7 1 3 6 9 8]
 [9 8 4 3 6 5 2 7 1]
 [2 7 0 0 4 1 5 8 3]
 [1 3 6 2 7 8 0 4 9]
 [8 4 3 9 0 7 0 6 2]
 [0 6 5 1 2 0 4 0 0]
 [7 2 1 4 8 6 9 3 5]]
Number of cells unfilled: 11
Accuracy: 86.41975308641975
Sample: 44561
Question:
[[9 0 0 8 0 0 2 0 1]
 [0 0 0 0 0 5 7 0 3]
 [0 0 7 0 1 0 0 4 0]
 [0 0 0 5 0 0 0 0 0]
 [0 0 2 0 3 4 0 0 7]
 [0 0 0 0 0 6 4 0 0]
 [0 0 4 0 2 0 3 0 0]
 [6 0 0 0 0 8 0 0 0]
 [0 9 0 0 0 0 0 0 0]]
Solution:
[[3 9 8 6 0 4 1 2 7]
 [5 1 2 8 9 0 3 0 4]
 [4 0 0 7 1 3 6 9 5]
 [9 8 4 3 6 5 2 7 1]
 [2 7 0 0 4 9 5 8 3]
 [1 3 6 2 7 8 0 4 9]
 [8 4 3 9 5 7 0 6 2]
 [0 6 5 1 2 0 4 0 8]
 [7 2 1 4 8 6 9 3 0]]
Number of cells unfilled: 13
Accuracy: 83.9506172839506
Sample: 44562
Question:
[[0 0 9 2 0 0 0 1 0]
 [8 0 0 0 7 0 0 0 0]
 [0 0 0 0 0 5 4 0 0]
 [0 0 0 4 0 0 5 0 0]
 [0 7 0 1 0 0 0 2 0]
 [0 9 0 0 8 0 0 0 6]
 [3 8 0 0 0 0 0 6 0]
 [0 6 0 0 0 0 2 0 0]
 [0 0 7 0 6 0 0 0 3]]
Solution:
[[3 9 8 6 5 4 1 2 7]
 [6 1 2 8 0 9 3 0 4]
 [4 0 0 7 1 3 6 9 5]
 [9 8 4 3 6 5 2 7 1]
 [2 7 0 0 4 1 5 8 3]
 [1 3 6 2 7 8 0 4 9]
 [8 4 3 9 0 7 0 6 2]
 [0 6 5 1 2 0 4 0 0]
 [7 2 1 4 0 6 9 3 8]]
Number of cells unfilled: 14
Accuracy: 82.71604938271605
Sample: 44563
Question:
[[5 0 0 2 0 0 4 0 0]
 [0 2 0 9 0 0 0 0 6]
 [0 8 9 0 0 0 0 0 0]
 [0 0 0 0 0 0 8 0 0]
 [0 0 0 6 4 1 0 0 0]
 [3 5 0 0 0 0 1 6 0]
 [1 0 0 0 0 0 0 5 0]
 [0 0 0 0 6 0 3 4 8]
 [2 0 0 0 3 7 0 1 0]]
Solution:
[[3 9 8 6 0 4 0 2 7]
 [6 1 2 8 9 0 3 5 4]
 [4 5 0 7 1 3 6 8 0]
 [9 8 4 3 6 1 2 7 0]
 [2 7 0 0 4 9 5 1 3]
 [1 3 6 2 7 8 0 4 9]
 [8 4 3 9 5 7 1 6 2]
 [0 6 5 1 2 0 4 0 8]
 [7 2 1 4 8 6 9 3 5]]
Number of cells unfilled: 12
Accuracy: 85.18518518518519
Sample: 44564
Question:
[[0 0 0 0 0 0 0 0 6]
 [8 0 3 0 1 0 0 0 0]
 [0 0 7 0 9 4 0 2 1]
 [5 0 0 0 0 0 1 8 0]
 [0 0 8 0 7 0 0 0 3]
 [1 0 0 0 0 2 0 0 0]
 [0 8 0 0 5 1 0 9 0]
 [0 0 0 0 6 0 0 0 0]
 [4 0 0 0 0 7 0 5 0]]
Solution:
[[3 9 8 6 5 4 0 2 7]
 [6 1 2 8 9 0 3 5 4]
 [4 5 0 7 1 3 6 9 0]
 [9 8 4 3 6 5 1 7 0]
 [2 7 0 0 4 1 5 8 3]
 [1 3 6 2 7 8 0 4 9]
 [8 4 3 9 0 7 0 6 2]
 [0 6 5 1 2 0 4 0 8]
 [7 2 1 4 8 6 9 3 5]]
Number of cells unfilled: 13
Accuracy: 83.9506172839506
Sample: 44565
Question:
[[0 5 0 2 6 0 0 7 0]
 [7 0 2 0 0 1 0 0 6]
 [3 0 0 0 7 0 0 0 0]
 [0 0 9 0 0 4 0 6 0]
 [0 0 0 0 8 0 9 0 0]
 [0 3 0 0 2 0 0 0 4]
 [0 0 4 0 0 2 6 0 0]
 [0 0 0 8 0 0 0 4 1]
 [5 0 0 0 0 0 0 2 0]]
Solution:
[[3 9 8 6 0 4 0 2 7]
 [6 1 2 5 0 9 3 0 4]
 [4 5 0 7 1 3 6 9 0]
 [9 8 4 3 6 5 2 7 1]
 [2 7 0 0 4 1 5 8 3]
 [1 3 6 2 7 8 0 4 9]
 [8 4 3 9 5 7 1 6 2]
 [0 6 5 1 2 0 4 0 8]
 [7 2 1 4 8 6 9 3 5]]
Number of cells unfilled: 12
Accuracy: 85.18518518518519
Sample: 44566
Question:
[[0 7 0 0 6 0 0 0 1]
 [0 0 0 9 0 0 0 0 0]
 [6 0 0 0 0 4 0 3 0]
 [0 0 0 0 0 3 0 2 0]
 [0 0 0 7 0 0 9 0 0]
 [1 0 0 0 5 0 0 0 8]
 [7 1 0 4 0 0 0 8 0]
 [0 0 6 0 8 0 0 0 7]
 [5 8 0 0 0 0 2 0 0]]
Solution:
[[3 9 8 6 0 4 0 2 7]
 [6 1 2 8 9 0 3 5 4]
 [4 5 0 7 1 3 6 9 0]
 [9 8 4 3 6 1 2 7 0]
 [2 7 0 0 4 9 5 1 3]
 [1 3 6 2 7 8 0 4 9]
 [8 4 3 9 5 7 1 6 2]
 [0 6 5 1 2 0 4 0 8]
 [7 2 1 4 8 6 9 3 5]]
Number of cells unfilled: 12
Accuracy: 85.18518518518519
Sample: 44567
Question:
[[0 0 0 0 9 0 7 4 0]
 [3 0 8 4 2 0 0 6 0]
 [0 2 0 0 1 7 3 0 0]
 [2 0 5 8 7 0 4 9 0]
 [6 0 0 0 0 3 8 0 1]
 [0 0 0 5 0 9 0 0 7]
 [0 1 0 0 5 0 6 2 0]
 [0 8 0 1 0 0 0 0 0]
 [4 0 9 0 0 0 0 0 3]]
Solution:
[[3 9 8 6 5 4 1 2 7]
 [5 1 2 8 0 9 3 0 4]
 [4 0 0 7 1 3 6 9 5]
 [9 8 4 3 6 5 2 7 1]
 [2 7 0 0 4 1 5 8 3]
 [1 3 6 2 7 8 0 4 9]
 [8 4 3 9 0 7 0 6 2]
 [7 6 5 1 2 0 4 0 8]
 [0 2 1 4 8 6 9 3 0]]
Number of cells unfilled: 13
Accuracy: 83.9506172839506
Sample: 44568
Question:
[[0 7 0 0 0 0 0 0 3]
 [0 0 0 7 0 0 9 0 0]
 [2 0 9 0 0 8 0 7 0]
 [0 0 0 0 0 0 0 0 5]
 [0 2 0 8 0 0 0 9 0]
 [6 0 5 0 4 0 0 0 8]
 [0 8 0 9 0 0 0 3 0]
 [0 0 0 0 0 1 0 0 0]
 [0 0 4 0 0 6 1 0 0]]
Solution:
[[3 9 8 6 0 4 1 2 7]
 [6 1 2 8 9 0 3 5 4]
 [4 5 0 7 1 3 6 9 8]
 [9 8 4 3 6 1 2 7 0]
 [2 7 0 0 4 9 5 8 3]
 [1 3 6 2 7 8 0 4 9]
 [8 4 3 9 5 7 0 6 2]
 [0 6 5 1 2 0 4 0 0]
 [7 2 1 4 8 6 9 3 5]]
Number of cells unfilled: 12
Accuracy: 85.18518518518519
Sample: 44569
Question:
[[7 0 0 0 5 0 0 0 4]
 [0 0 1 0 0 7 9 0 0]
 [0 0 0 9 0 0 0 0 0]
 [0 2 5 0 8 0 0 0 0]
 [8 0 0 7 0 4 0 0 0]
 [0 0 0 0 0 0 0 0 8]
 [0 0 8 0 0 0 3 6 0]
 [0 3 0 0 0 6 0 1 0]
 [5 0 0 0 7 0 0 0 2]]
Solution:
[[3 9 8 6 5 4 1 2 7]
 [6 1 2 8 0 0 3 9 4]
 [4 0 0 7 1 3 6 5 8]
 [9 8 4 3 6 5 2 7 1]
 [2 7 0 0 4 9 5 8 3]
 [1 3 6 2 7 8 0 4 9]
 [8 4 3 9 0 7 0 6 2]
 [0 6 5 1 2 0 4 0 0]
 [7 2 1 4 8 6 9 3 5]]
Number of cells unfilled: 13
Accuracy: 83.9506172839506
Sample: 44570
Question:
[[0 0 0 7 0 9 0 0 3]
 [0 0 0 2 0 1 0 0 0]
 [0 0 7 0 4 0 9 0 0]
 [0 0 4 0 0 2 1 9 0]
 [9 0 0 4 0 0 0 0 6]
 [0 8 0 0 0 0 0 0 4]
 [0 0 2 1 0 0 7 6 0]
 [0 5 0 0 0 0 0 8 0]
 [6 0 0 0 2 0 0 0 0]]
Solution:
[[3 9 8 6 5 4 1 2 7]
 [6 5 2 8 0 0 3 9 4]
 [4 0 0 7 1 3 6 8 5]
 [9 8 4 3 6 1 2 7 0]
 [2 7 0 0 4 9 5 1 3]
 [1 3 6 2 7 8 0 4 9]
 [8 4 3 9 0 7 0 6 2]
 [0 6 5 1 2 0 4 0 8]
 [7 2 1 4 8 6 9 3 0]]
Number of cells unfilled: 14
Accuracy: 82.71604938271605
Sample: 44571
Question:
[[0 0 9 0 6 0 0 0 0]
 [0 2 0 4 0 5 0 0 0]
 [5 0 0 0 0 7 2 0 0]
 [0 0 8 0 0 0 0 5 0]
 [0 7 0 0 0 0 0 1 0]
 [9 0 0 0 1 6 0 0 0]
 [1 0 4 0 9 0 7 0 0]
 [0 0 7 0 0 0 0 9 2]
 [2 0 0 3 0 0 5 0 1]]
Solution:
[[3 9 8 6 5 4 1 2 7]
 [5 1 2 8 0 0 3 9 4]
 [4 0 0 7 1 3 6 5 8]
 [9 8 4 3 6 5 2 7 1]
 [2 7 0 0 4 1 5 8 3]
 [1 3 6 2 7 8 0 4 9]
 [8 4 3 9 0 7 0 6 2]
 [0 6 5 1 2 0 4 0 0]
 [7 2 1 4 8 6 9 3 5]]
Number of cells unfilled: 13
Accuracy: 83.9506172839506
Sample: 44572
Question:
[[0 7 0 0 3 0 0 0 1]
 [6 0 0 0 0 0 0 0 0]
 [0 9 0 7 5 8 0 0 0]
 [1 0 0 0 0 0 0 0 7]
 [0 0 2 0 0 7 0 0 0]
 [0 5 7 0 0 0 9 8 2]
 [0 0 6 5 0 0 0 1 8]
 [5 3 0 0 0 0 0 6 0]
 [0 0 8 2 0 0 0 0 0]]
Solution:
[[3 9 8 6 5 4 1 2 7]
 [6 1 2 8 9 0 3 5 4]
 [4 5 0 7 1 3 6 9 0]
 [9 8 4 3 6 1 2 7 0]
 [2 7 0 0 4 9 5 8 3]
 [1 3 6 2 7 8 0 4 9]
 [8 4 3 9 0 7 0 6 2]
 [0 6 5 1 2 0 4 0 8]
 [7 2 1 4 8 6 9 3 5]]
Number of cells unfilled: 12
Accuracy: 85.18518518518519
Sample: 44573
Question:
[[0 0 0 9 0 0 0 0 0]
 [9 0 0 0 0 6 0 3 2]
 [5 0 0 0 4 3 0 8 9]
 [0 0 0 0 0 0 0 7 0]
 [2 0 0 0 0 0 6 0 0]
 [8 5 4 0 6 0 1 0 0]
 [4 0 0 1 9 0 0 0 0]
 [0 8 0 0 0 0 0 0 5]
 [6 0 2 0 3 0 0 0 0]]
Solution:
[[3 9 8 6 0 4 0 2 7]
 [6 1 2 8 9 0 3 5 4]
 [4 5 0 7 1 3 6 9 0]
 [9 8 4 3 6 5 2 7 1]
 [2 7 0 0 4 9 5 8 3]
 [1 3 6 2 7 8 0 4 9]
 [8 4 3 9 5 7 1 6 2]
 [0 6 5 1 2 0 4 0 8]
 [7 2 1 4 8 6 9 3 5]]
Number of cells unfilled: 11
Accuracy: 86.41975308641975
Sample: 44574
Question:
[[9 0 0 0 0 5 0 0 6]
 [0 0 0 4 0 0 7 0 0]
 [0 0 0 6 0 0 0 8 0]
 [2 0 0 5 0 0 0 3 0]
 [0 3 1 0 0 2 6 0 0]
 [0 9 0 0 0 0 0 0 2]
 [6 0 0 0 0 1 0 0 3]
 [0 2 0 0 7 0 4 0 0]
 [0 0 8 0 0 0 0 0 0]]
Solution:
[[3 9 8 6 5 4 1 2 7]
 [5 1 2 8 0 0 3 9 4]
 [4 0 0 7 1 3 6 5 8]
 [9 8 4 3 6 5 2 7 1]
 [2 7 0 0 4 9 5 8 3]
 [1 3 6 2 7 8 0 4 9]
 [8 4 3 9 0 7 0 6 2]
 [0 6 5 1 2 0 4 0 0]
 [7 2 1 4 8 6 9 3 5]]
Number of cells unfilled: 13
Accuracy: 83.9506172839506
Sample: 44575
Question:
[[5 0 6 0 0 0 0 0 0]
 [9 0 0 7 0 0 0 0 0]
 [0 0 3 0 0 4 7 0 0]
 [0 0 0 0 0 0 0 0 0]
 [0 8 2 3 6 0 0 1 0]
 [0 3 9 0 0 0 4 7 0]
 [0 1 7 4 0 0 0 2 0]
 [0 0 0 2 0 1 5 0 0]
 [0 0 0 0 0 9 0 0 1]]
Solution:
[[3 9 8 6 5 4 1 2 7]
 [6 1 2 8 0 0 3 9 4]
 [4 0 0 7 1 3 6 5 8]
 [9 8 4 3 6 1 2 7 0]
 [2 7 0 0 4 9 5 1 3]
 [1 3 6 2 7 8 0 4 9]
 [8 4 3 9 0 7 0 6 2]
 [0 6 5 1 2 0 4 8 0]
 [7 2 1 4 8 6 9 3 5]]
Number of cells unfilled: 13
Accuracy: 83.9506172839506
Sample: 44576
Question:
[[0 8 0 0 0 1 0 5 0]
 [2 0 0 4 0 0 0 0 1]
 [0 0 0 0 9 0 3 0 0]
 [5 0 0 3 0 0 0 1 0]
 [0 4 0 0 0 6 0 0 5]
 [0 0 7 0 0 0 9 0 0]
 [0 3 0 0 0 0 0 0 8]
 [0 0 6 0 0 5 1 0 0]
 [4 0 0 0 2 0 0 7 0]]
Solution:
[[3 9 8 6 0 4 0 2 7]
 [6 1 2 5 9 0 3 0 4]
 [4 5 0 7 1 3 6 9 0]
 [9 8 4 3 6 5 2 7 1]
 [2 7 0 0 4 9 5 8 3]
 [1 3 6 2 7 8 0 4 9]
 [8 4 3 9 5 7 1 6 2]
 [0 6 5 1 2 0 4 0 8]
 [7 2 1 4 8 6 9 3 5]]
Number of cells unfilled: 12
Accuracy: 85.18518518518519
Sample: 44577
Question:
[[0 0 9 0 1 0 7 0 0]
 [8 0 0 0 6 2 0 9 0]
 [0 2 0 9 0 0 0 0 0]
 [0 5 0 0 8 0 0 0 3]
 [3 0 0 0 0 0 4 0 0]
 [2 0 6 1 0 0 0 7 0]
 [1 0 0 0 0 5 0 0 0]
 [0 0 0 0 4 0 0 0 7]
 [0 0 2 6 0 0 0 8 0]]
Solution:
[[3 9 8 6 5 4 1 2 7]
 [6 1 2 8 0 9 3 5 4]
 [4 5 0 7 1 3 6 9 8]
 [9 8 4 3 6 5 2 7 1]
 [2 7 0 0 4 1 5 8 3]
 [1 3 6 2 7 8 0 4 9]
 [8 4 3 9 0 7 0 6 2]
 [0 6 5 1 2 0 4 0 0]
 [7 2 1 4 8 6 9 3 5]]
Number of cells unfilled: 11
Accuracy: 86.41975308641975
Sample: 44578
Question:
[[0 0 0 0 0 0 4 0 0]
 [8 0 0 0 0 5 0 0 6]
 [0 3 0 7 0 0 5 8 0]
 [5 0 0 0 0 6 0 2 0]
 [0 0 8 2 0 0 0 0 4]
 [0 2 9 0 1 0 6 0 0]
 [0 0 1 0 9 0 0 0 0]
 [7 0 0 0 0 2 0 4 0]
 [0 8 0 3 0 0 0 0 5]]
Solution:
[[3 9 8 6 5 4 1 2 7]
 [6 1 2 8 0 9 3 5 4]
 [4 5 0 7 1 3 6 9 8]
 [9 8 4 3 6 5 2 7 1]
 [2 7 0 0 4 1 5 8 3]
 [1 3 6 2 7 8 0 4 9]
 [8 4 3 9 0 7 0 6 2]
 [0 6 5 1 2 0 4 0 0]
 [7 2 1 4 8 6 9 3 5]]
Number of cells unfilled: 11
Accuracy: 86.41975308641975
Sample: 44579
Question:
[[0 0 2 0 9 0 0 6 0]
 [5 6 0 0 7 0 8 0 0]
 [0 0 0 0 0 0 0 9 0]
 [0 0 8 4 0 0 0 2 0]
 [0 3 0 6 0 0 0 4 0]
 [0 0 0 0 0 0 0 0 3]
 [0 0 0 5 0 0 4 0 0]
 [0 8 4 3 0 0 1 7 0]
 [0 0 0 9 1 0 0 0 0]]
Solution:
[[3 9 8 6 0 4 0 2 7]
 [6 1 2 8 9 5 3 0 4]
 [4 5 0 7 1 3 6 9 0]
 [9 8 4 3 6 1 2 7 0]
 [2 7 0 0 4 9 5 8 3]
 [1 3 6 2 7 8 0 4 9]
 [8 4 3 9 5 7 1 6 2]
 [0 6 5 1 2 0 4 0 8]
 [7 2 1 4 8 6 9 3 5]]
Number of cells unfilled: 12
Accuracy: 85.18518518518519
Sample: 44580
Question:
[[7 0 6 0 0 2 0 9 0]
 [0 1 0 0 7 0 4 0 3]
 [4 2 0 0 1 5 0 6 0]
 [0 4 0 0 0 1 0 0 0]
 [0 0 0 5 6 0 0 0 0]
 [5 0 8 0 4 7 3 0 9]
 [0 0 0 0 0 0 0 5 7]
 [8 0 0 0 2 0 6 0 0]
 [0 0 9 3 0 0 0 8 1]]
Solution:
[[3 9 8 6 0 4 1 2 7]
 [6 1 2 8 9 0 3 5 4]
 [4 5 0 7 1 3 6 9 0]
 [9 8 4 3 6 5 2 7 1]
 [2 7 0 0 4 9 5 8 3]
 [1 3 6 2 7 8 0 4 9]
 [8 4 3 9 5 7 0 6 2]
 [0 6 5 1 2 0 4 0 8]
 [7 2 1 4 8 6 9 3 5]]
Number of cells unfilled: 11
Accuracy: 86.41975308641975
Sample: 44581
Question:
[[2 0 4 0 9 0 7 0 0]
 [0 7 0 3 0 0 0 0 9]
 [0 1 0 0 0 7 0 5 0]
 [0 6 0 0 3 0 0 0 2]
 [0 0 0 7 0 6 0 8 0]
 [5 0 0 1 0 0 0 0 0]
 [4 0 0 0 0 0 0 2 0]
 [0 2 0 0 0 3 0 0 1]
 [0 0 6 2 0 0 8 0 0]]
Solution:
[[3 9 8 6 0 4 1 2 7]
 [6 1 2 5 0 0 3 9 4]
 [4 0 0 7 1 3 6 5 8]
 [9 8 4 3 6 5 2 7 1]
 [2 7 0 0 4 9 5 8 3]
 [1 3 6 2 7 8 0 4 9]
 [8 4 3 9 5 7 0 6 2]
 [0 6 5 1 2 0 4 0 0]
 [7 2 1 4 8 6 9 3 5]]
Number of cells unfilled: 13
Accuracy: 83.9506172839506
Sample: 44582
Question:
[[0 0 8 0 2 0 0 0 4]
 [5 0 0 0 0 0 1 0 0]
 [0 2 0 0 0 9 0 8 0]
 [0 3 0 0 6 0 4 7 0]
 [6 0 7 0 0 2 0 0 3]
 [0 0 0 7 0 0 0 0 0]
 [1 0 0 2 0 0 5 0 0]
 [0 0 2 0 4 0 0 0 6]
 [0 9 0 0 0 6 0 0 0]]
Solution:
[[3 9 8 6 5 4 1 2 7]
 [5 1 2 8 0 0 3 9 4]
 [4 0 0 7 1 3 6 5 8]
 [9 8 4 3 6 1 2 7 0]
 [2 7 0 0 4 9 5 1 3]
 [1 3 6 2 7 8 0 4 9]
 [8 4 3 9 0 7 0 6 2]
 [0 6 5 1 2 0 4 8 0]
 [7 2 1 4 8 6 9 3 5]]
Number of cells unfilled: 13
Accuracy: 83.9506172839506
Sample: 44583
Question:
[[0 0 9 0 0 7 2 0 0]
 [0 0 0 2 5 0 0 0 0]
 [0 0 7 0 0 3 1 0 0]
 [8 0 0 0 9 0 0 0 2]
 [0 9 0 0 0 0 0 4 0]
 [0 0 6 0 0 2 7 0 9]
 [0 6 0 1 7 0 3 0 0]
 [0 0 0 0 0 6 0 0 0]
 [0 0 1 3 2 0 0 0 6]]
Solution:
[[3 9 8 6 5 4 1 2 7]
 [6 5 2 8 0 0 3 9 4]
 [4 0 0 7 1 3 6 8 5]
 [9 8 4 3 6 1 2 7 0]
 [2 7 0 0 4 9 5 1 3]
 [1 3 6 2 7 8 0 4 9]
 [8 4 3 9 0 7 0 6 2]
 [0 6 5 1 2 0 4 0 8]
 [7 2 1 4 8 6 9 3 0]]
Number of cells unfilled: 14
Accuracy: 82.71604938271605
Sample: 44584
Question:
[[0 0 4 6 5 1 9 3 0]
 [0 0 0 0 2 0 0 0 8]
 [0 0 1 9 0 0 5 0 0]
 [0 0 6 3 1 0 0 0 5]
 [2 0 9 0 4 0 0 7 0]
 [0 3 8 0 0 7 1 0 0]
 [0 9 5 7 0 0 8 0 0]
 [6 0 0 0 0 4 0 0 3]
 [0 0 0 5 8 6 4 0 2]]
Solution:
[[3 9 8 6 0 4 0 2 7]
 [6 1 2 8 0 9 3 5 4]
 [4 5 0 7 1 3 6 9 0]
 [9 8 4 3 6 5 2 7 1]
 [2 7 0 0 4 1 5 8 3]
 [1 3 6 2 7 8 0 4 9]
 [8 4 3 9 5 7 1 6 2]
 [0 6 5 1 2 0 4 0 8]
 [7 2 1 4 8 6 9 3 5]]
Number of cells unfilled: 11
Accuracy: 86.41975308641975
Sample: 44585
Question:
[[4 0 6 0 1 0 0 8 0]
 [0 0 7 0 0 3 4 0 0]
 [0 2 0 0 0 8 3 0 7]
 [2 0 0 0 0 7 0 0 0]
 [0 0 0 9 0 0 7 0 1]
 [0 0 0 0 4 5 0 0 0]
 [0 9 0 0 0 0 0 2 0]
 [0 0 0 3 0 6 5 0 0]
 [5 0 0 0 0 0 1 3 0]]
Solution:
[[3 9 8 6 0 4 1 2 7]
 [5 1 2 8 0 0 3 9 4]
 [4 0 0 7 1 3 6 5 0]
 [9 8 4 3 6 5 2 7 1]
 [2 7 0 0 4 9 5 8 3]
 [1 3 6 2 7 8 0 4 9]
 [8 4 3 9 5 7 0 6 2]
 [0 6 5 1 2 0 4 0 8]
 [7 2 1 4 8 6 9 3 5]]
Number of cells unfilled: 13
Accuracy: 83.9506172839506
Sample: 44586
Question:
[[0 6 0 2 0 0 0 0 8]
 [0 0 1 0 0 8 3 0 0]
 [0 0 0 0 5 0 0 9 0]
 [7 0 0 0 6 0 9 0 0]
 [0 0 9 0 0 4 0 8 0]
 [0 5 0 0 0 0 0 0 0]
 [0 0 0 0 7 0 8 3 0]
 [0 0 3 0 0 1 0 0 9]
 [0 0 0 0 2 0 1 4 0]]
Solution:
[[3 9 8 6 5 4 1 2 7]
 [5 1 2 8 9 0 3 0 4]
 [4 0 0 7 1 3 6 9 5]
 [9 8 4 3 6 5 2 7 1]
 [2 7 0 0 4 1 5 8 3]
 [1 3 6 2 7 8 0 4 9]
 [8 4 3 9 0 7 0 6 2]
 [0 6 5 1 2 0 4 0 8]
 [7 2 1 4 8 6 9 3 0]]
Number of cells unfilled: 13
Accuracy: 83.9506172839506
Sample: 44587
Question:
[[0 0 3 0 0 0 0 1 7]
 [0 0 0 0 0 0 6 0 5]
 [0 8 0 7 0 0 0 0 0]
 [0 0 8 5 0 0 0 6 0]
 [0 0 0 9 0 2 0 7 0]
 [1 7 0 0 0 0 0 0 0]
 [0 0 0 0 0 1 4 0 0]
 [6 0 5 3 0 7 0 0 1]
 [0 0 9 6 5 0 0 0 0]]
Solution:
[[3 9 8 6 5 4 1 2 7]
 [6 1 2 8 9 0 3 5 4]
 [4 5 0 7 1 3 6 9 8]
 [9 8 4 3 6 1 2 7 0]
 [2 7 0 0 4 9 5 8 3]
 [1 3 6 2 7 8 0 4 9]
 [8 4 3 9 0 7 0 6 2]
 [0 6 5 1 2 0 4 0 0]
 [7 2 1 4 8 6 9 3 5]]
Number of cells unfilled: 12
Accuracy: 85.18518518518519
Sample: 44588
Question:
[[0 0 0 2 0 0 0 0 0]
 [0 0 0 0 0 0 1 0 8]
 [0 0 5 0 6 4 0 9 0]
 [0 6 0 0 8 1 0 0 7]
 [0 2 0 0 0 9 0 0 0]
 [0 0 0 6 0 3 0 0 0]
 [0 4 0 0 0 0 9 0 0]
 [0 8 0 1 0 6 0 4 0]
 [0 0 1 0 0 8 5 0 0]]
Solution:
[[3 9 8 6 0 4 0 2 7]
 [6 1 2 8 0 9 3 5 4]
 [4 5 0 7 1 3 6 9 0]
 [9 8 4 3 6 5 2 7 1]
 [2 7 0 0 4 1 5 8 3]
 [1 3 6 2 7 8 0 4 9]
 [8 4 3 9 5 7 1 6 2]
 [0 6 5 1 2 0 4 0 8]
 [7 2 1 4 8 6 9 3 5]]
Number of cells unfilled: 11
Accuracy: 86.41975308641975
Sample: 44589
Question:
[[0 0 0 0 4 0 0 0 0]
 [0 5 0 0 0 7 8 0 0]
 [0 0 3 1 0 0 0 0 4]
 [0 6 0 7 0 0 0 2 0]
 [0 0 0 0 0 5 0 8 6]
 [0 0 5 0 0 0 7 0 0]
 [0 8 0 0 0 6 5 0 0]
 [9 0 1 0 3 0 0 0 0]
 [0 0 0 0 0 0 0 9 0]]
Solution:
[[3 9 8 6 0 4 0 2 7]
 [6 1 2 5 9 0 3 0 4]
 [4 5 0 7 1 3 6 9 0]
 [9 8 4 3 6 5 2 7 1]
 [2 7 0 0 4 1 5 8 3]
 [1 3 6 2 7 8 0 4 9]
 [8 4 3 9 5 7 1 6 2]
 [0 6 5 1 2 0 4 0 8]
 [7 2 1 4 8 6 9 3 5]]
Number of cells unfilled: 12
Accuracy: 85.18518518518519
Sample: 44590
Question:
[[4 0 0 1 0 0 0 0 0]
 [0 0 0 0 0 6 0 5 0]
 [0 2 0 0 4 0 7 0 0]
 [7 0 0 0 2 0 8 0 0]
 [0 0 0 0 0 0 0 9 0]
 [0 0 0 5 0 0 0 1 7]
 [3 8 0 0 0 0 0 0 9]
 [2 7 0 6 0 0 0 0 0]
 [0 0 4 0 8 0 2 0 0]]
Solution:
[[3 9 8 6 0 4 0 2 7]
 [6 1 2 8 9 0 3 5 4]
 [4 5 0 7 1 3 6 9 0]
 [9 8 4 3 6 5 2 7 1]
 [2 7 0 0 4 9 5 8 3]
 [1 3 6 2 7 8 0 4 9]
 [8 4 3 9 5 7 1 6 2]
 [0 6 5 1 2 0 4 0 8]
 [7 2 1 4 8 6 9 3 5]]
Number of cells unfilled: 11
Accuracy: 86.41975308641975
Sample: 44591
Question:
[[0 0 0 5 0 0 0 0 0]
 [7 0 5 3 0 0 4 0 2]
 [0 3 0 0 0 0 8 0 7]
 [0 6 0 0 0 0 0 0 0]
 [0 0 2 0 0 5 3 1 0]
 [0 0 9 0 0 4 0 0 0]
 [0 0 3 0 0 0 1 0 0]
 [0 0 0 9 0 7 0 8 0]
 [9 2 0 4 8 0 0 0 0]]
Solution:
[[3 9 8 6 0 4 1 2 7]
 [6 1 2 5 0 0 3 9 4]
 [4 0 0 7 1 3 6 5 8]
 [9 8 4 3 6 5 2 7 1]
 [2 7 0 0 4 1 5 8 3]
 [1 3 6 2 7 8 0 4 9]
 [8 4 3 9 5 7 0 6 2]
 [0 6 5 1 2 0 4 0 0]
 [7 2 1 4 8 6 9 3 5]]
Number of cells unfilled: 13
Accuracy: 83.9506172839506
Sample: 44592
Question:
[[0 0 6 0 0 0 0 9 4]
 [0 0 0 0 0 7 0 0 0]
 [5 0 0 0 6 0 3 0 0]
 [0 0 5 7 0 0 0 4 0]
 [0 6 0 0 5 0 1 0 0]
 [3 0 0 0 0 0 0 0 2]
 [0 1 0 8 0 0 0 0 9]
 [8 5 0 0 0 2 0 0 1]
 [0 0 3 0 1 0 8 0 0]]
Solution:
[[3 9 8 6 5 4 1 2 7]
 [5 1 2 8 9 0 3 0 4]
 [4 0 0 7 1 3 6 9 5]
 [9 8 4 3 6 5 2 7 1]
 [2 7 0 0 4 9 5 8 3]
 [1 3 6 2 7 8 0 4 9]
 [8 4 3 9 0 7 0 6 2]
 [0 6 5 1 2 0 4 0 0]
 [7 2 1 4 0 6 9 3 8]]
Number of cells unfilled: 14
Accuracy: 82.71604938271605
Sample: 44593
Question:
[[7 4 0 0 0 0 0 0 6]
 [0 0 0 0 9 0 0 1 0]
 [0 0 1 6 0 0 5 0 0]
 [0 0 3 5 0 0 0 6 0]
 [2 0 0 0 6 0 1 0 0]
 [0 7 0 0 0 9 0 0 0]
 [4 0 0 0 0 8 0 3 0]
 [0 0 0 0 2 0 8 5 0]
 [0 0 8 3 0 0 0 0 1]]
Solution:
[[3 9 8 6 0 4 1 2 7]
 [5 1 2 8 0 0 3 9 4]
 [4 0 0 7 1 3 6 5 0]
 [9 8 4 3 6 5 2 7 1]
 [2 7 0 0 4 9 5 8 3]
 [1 3 6 2 7 8 0 4 9]
 [8 4 3 9 5 7 0 6 2]
 [0 6 5 1 2 0 4 0 8]
 [7 2 1 4 8 6 9 3 5]]
Number of cells unfilled: 13
Accuracy: 83.9506172839506
Sample: 44594
Question:
[[7 0 0 0 0 0 0 0 0]
 [2 9 4 0 0 3 0 6 0]
 [0 1 0 2 0 0 5 4 0]
 [0 0 0 0 6 9 4 0 0]
 [0 0 6 0 0 0 0 5 8]
 [0 3 0 5 0 0 0 0 0]
 [0 5 0 0 7 8 0 0 6]
 [0 0 1 0 0 0 0 0 0]
 [0 0 2 1 0 0 0 0 0]]
Solution:
[[3 9 8 6 5 4 1 2 7]
 [5 1 2 8 0 0 3 9 4]
 [4 0 0 7 1 3 6 8 5]
 [9 8 4 3 6 1 2 7 0]
 [2 7 0 0 4 9 5 1 3]
 [1 3 6 2 7 8 0 4 9]
 [8 4 3 9 0 7 0 6 2]
 [0 6 5 1 2 0 4 0 8]
 [7 2 1 4 8 6 9 3 0]]
Number of cells unfilled: 14
Accuracy: 82.71604938271605
Sample: 44595
Question:
[[0 6 0 0 2 0 8 0 0]
 [7 0 0 0 0 6 0 1 0]
 [0 0 3 0 0 4 0 0 6]
 [5 0 0 9 0 0 0 0 0]
 [0 0 8 0 5 0 0 0 9]
 [0 9 0 0 0 2 5 0 0]
 [0 0 6 0 0 0 0 0 8]
 [1 0 0 0 0 0 0 7 0]
 [0 4 0 0 3 0 2 0 0]]
Solution:
[[3 9 8 6 0 4 0 2 7]
 [6 1 2 8 0 9 3 5 4]
 [4 5 0 7 1 3 6 9 0]
 [9 8 4 3 6 5 2 7 1]
 [2 7 0 0 4 1 5 8 3]
 [1 3 6 2 7 8 0 4 9]
 [8 4 3 9 5 7 1 6 2]
 [0 6 5 1 2 0 4 0 8]
 [7 2 1 4 8 6 9 3 5]]
Number of cells unfilled: 11
Accuracy: 86.41975308641975
Sample: 44596
Question:
[[3 0 0 0 8 0 0 6 0]
 [0 0 0 0 0 0 3 0 2]
 [0 5 0 0 0 0 1 0 8]
 [1 0 0 0 2 0 6 0 0]
 [0 9 0 5 0 0 0 0 0]
 [0 0 4 0 0 7 0 0 0]
 [0 0 3 9 0 0 0 0 0]
 [0 0 7 0 0 4 8 0 0]
 [6 0 0 0 1 0 0 0 3]]
Solution:
[[3 9 8 6 5 4 1 2 7]
 [6 1 2 8 0 9 3 0 4]
 [4 0 0 7 1 3 6 9 5]
 [9 8 4 3 6 5 2 7 1]
 [2 7 0 0 4 1 5 8 3]
 [1 3 6 2 7 8 0 4 9]
 [8 4 3 9 0 7 0 6 2]
 [7 6 5 1 2 0 4 0 8]
 [0 2 1 4 8 6 9 3 0]]
Number of cells unfilled: 13
Accuracy: 83.9506172839506
Sample: 44597
Question:
[[0 9 0 0 1 3 0 0 0]
 [4 1 0 0 0 8 9 0 0]
 [0 0 0 0 0 6 0 0 0]
 [0 0 0 0 0 0 0 2 7]
 [0 0 3 0 9 0 5 8 0]
 [2 7 0 0 8 0 0 3 0]
 [0 6 0 0 0 0 0 0 5]
 [0 8 0 7 0 0 0 0 4]
 [0 0 0 1 6 0 0 0 0]]
Solution:
[[3 9 8 6 5 4 1 2 7]
 [6 1 2 8 0 0 3 9 4]
 [4 0 0 7 1 3 6 5 0]
 [9 8 4 3 6 5 2 7 1]
 [2 7 0 0 4 9 5 8 3]
 [1 3 6 2 7 8 0 4 9]
 [8 4 3 9 0 7 0 6 2]
 [0 6 5 1 2 0 4 0 8]
 [7 2 1 4 8 6 9 3 5]]
Number of cells unfilled: 13
Accuracy: 83.9506172839506
Sample: 44598
Question:
[[0 0 0 0 0 8 3 6 0]
 [3 0 6 0 4 0 0 0 5]
 [5 0 0 0 2 0 0 0 1]
 [0 0 0 0 0 0 2 0 4]
 [0 0 0 9 0 0 0 0 0]
 [0 0 8 0 1 4 0 0 0]
 [0 3 0 0 0 0 1 9 0]
 [9 1 0 2 0 6 8 0 0]
 [0 0 2 0 9 0 0 4 0]]
Solution:
[[3 9 8 6 5 4 1 2 7]
 [6 1 2 8 0 0 3 9 4]
 [4 0 0 7 1 3 6 5 8]
 [9 8 4 3 6 5 2 7 1]
 [2 7 0 0 4 9 5 8 3]
 [1 3 6 2 7 8 0 4 9]
 [8 4 3 9 0 7 0 6 2]
 [0 6 5 1 2 0 4 0 0]
 [7 2 1 4 8 6 9 3 5]]
Number of cells unfilled: 13
Accuracy: 83.9506172839506
Sample: 44599
Question:
[[4 0 0 9 0 0 0 0 0]
 [0 7 3 0 4 0 9 0 0]
 [0 0 5 0 0 7 0 0 0]
 [0 0 0 0 0 3 0 0 6]
 [3 0 0 4 0 9 8 0 0]
 [0 8 0 2 6 0 0 4 0]
 [7 0 0 0 0 4 5 0 0]
 [0 0 0 1 0 0 0 7 2]
 [0 0 1 0 0 0 0 8 0]]
Solution:
[[3 9 8 6 0 4 0 2 7]
 [6 1 2 8 0 9 3 5 4]
 [4 5 0 7 1 3 6 9 0]
 [9 8 4 3 6 5 2 7 1]
 [2 7 0 0 4 1 5 8 3]
 [1 3 6 2 7 8 0 4 9]
 [8 4 3 9 5 7 1 6 2]
 [0 6 5 1 2 0 4 0 8]
 [7 2 1 4 8 6 9 3 5]]
Number of cells unfilled: 11
Accuracy: 86.41975308641975
Sample: 44600
Question:
[[0 9 0 0 0 4 0 2 7]
 [0 0 2 0 0 0 3 0 0]
 [0 0 0 0 1 0 0 0 0]
 [9 8 0 0 0 0 0 0 0]
 [0 7 0 0 0 0 5 0 0]
 [0 0 6 0 0 8 0 4 9]
 [8 0 0 0 0 7 0 6 2]
 [0 6 0 0 2 0 4 0 0]
 [0 0 0 4 0 6 0 0 0]]
Solution:
[[3 9 8 6 0 4 1 2 7]
 [6 1 2 5 0 0 3 9 4]
 [4 0 0 7 1 3 6 5 8]
 [9 8 4 3 6 1 2 7 0]
 [2 7 0 0 4 9 5 8 3]
 [1 3 6 2 7 8 0 4 9]
 [8 4 3 9 5 7 0 6 2]
 [0 6 5 1 2 0 4 0 0]
 [7 2 1 4 8 6 9 3 5]]
Number of cells unfilled: 14
Accuracy: 82.71604938271605
