2025-10-22 14:57:26.885906: I tensorflow/core/util/port.cc:153] oneDNN custom operations are on. You may see slightly different numerical results due to floating-point round-off errors from different computation orders. To turn them off, set the environment variable `TF_ENABLE_ONEDNN_OPTS=0`.
2025-10-22 14:57:26.981157: I tensorflow/core/platform/cpu_feature_guard.cc:210] This TensorFlow binary is optimized to use available CPU instructions in performance-critical operations.
To enable the following instructions: AVX2 AVX512F AVX512_VNNI FMA, in other operations, rebuild TensorFlow with the appropriate compiler flags.
2025-10-22 14:57:31.356778: I tensorflow/core/util/port.cc:153] oneDNN custom operations are on. You may see slightly different numerical results due to floating-point round-off errors from different computation orders. To turn them off, set the environment variable `TF_ENABLE_ONEDNN_OPTS=0`.
2025-10-22 14:57:35.063843: E external/local_xla/xla/stream_executor/cuda/cuda_platform.cc:51] failed call to cuInit: INTERNAL: CUDA error: Failed call to cuInit: UNKNOWN ERROR (303)
Sample: 46701
Question:
[[6 0 0 0 0 0 0 0 9]
 [0 2 5 0 0 0 8 7 4]
 [7 0 4 5 0 3 6 0 0]
 [1 0 0 0 7 0 0 0 0]
 [0 6 2 0 1 0 0 0 8]
 [0 0 3 0 0 6 5 2 0]
 [2 0 0 8 5 0 0 4 0]
 [9 0 0 0 0 7 2 0 5]
 [0 8 6 9 0 4 0 3 0]]
Solution:
[[8 7 9 2 1 3 0 4 5]
 [1 5 3 8 4 6 7 9 2]
 [4 2 0 7 0 5 6 3 1]
 [5 1 4 3 6 2 8 7 9]
 [2 8 0 5 7 9 4 6 3]
 [3 6 7 4 0 8 5 1 0]
 [7 4 5 0 3 0 9 8 6]
 [6 0 2 1 9 7 3 5 4]
 [9 3 8 6 5 4 1 2 7]]
Number of cells unfilled: 9
Accuracy: 88.88888888888889
Sample: 46702
Question:
[[0 0 0 0 0 0 0 0 7]
 [0 0 0 5 0 0 4 0 0]
 [1 0 5 8 0 0 0 0 0]
 [0 7 0 0 3 0 0 0 0]
 [0 0 0 0 0 0 0 8 0]
 [0 0 0 0 7 0 1 0 0]
 [0 6 0 0 0 4 0 0 0]
 [0 0 0 1 0 0 0 0 0]
 [0 9 7 0 0 0 0 0 3]]
Solution:
[[8 7 9 0 1 3 0 4 5]
 [1 5 3 8 4 6 7 9 2]
 [4 0 0 7 2 5 6 3 1]
 [5 1 4 3 6 2 8 7 9]
 [2 8 0 5 7 9 4 6 3]
 [3 6 7 4 8 0 5 1 0]
 [7 4 5 2 3 0 9 8 6]
 [6 0 2 1 9 7 3 5 4]
 [9 3 8 6 5 4 1 2 7]]
Number of cells unfilled: 9
Accuracy: 88.88888888888889
Sample: 46703
Question:
[[6 0 0 8 0 0 1 0 0]
 [0 0 0 0 0 5 0 4 6]
 [0 0 2 0 0 3 0 0 0]
 [0 3 4 0 0 0 0 0 0]
 [0 0 0 9 0 4 0 0 2]
 [0 1 0 0 0 0 9 0 0]
 [3 0 0 0 0 0 0 9 7]
 [0 2 0 0 0 7 0 8 0]
 [8 0 5 6 0 0 0 0 1]]
Solution:
[[8 7 9 2 1 3 0 4 5]
 [1 5 3 0 4 6 7 9 2]
 [4 2 0 7 8 5 6 3 1]
 [5 1 4 3 6 0 8 7 0]
 [2 8 0 5 7 9 4 6 3]
 [3 6 7 4 2 8 5 1 9]
 [7 4 5 0 3 2 9 8 6]
 [6 0 2 1 9 7 3 5 4]
 [9 3 8 6 5 4 1 2 7]]
Number of cells unfilled: 8
Accuracy: 90.12345679012346
Sample: 46704
Question:
[[0 0 0 0 0 2 0 0 0]
 [5 0 0 8 0 0 0 2 7]
 [0 0 9 0 0 0 0 0 3]
 [8 0 0 0 2 0 0 5 9]
 [0 0 0 7 0 8 3 0 0]
 [0 1 0 5 0 9 0 0 0]
 [0 0 0 0 0 0 4 7 0]
 [0 0 6 0 0 0 0 0 0]
 [2 0 0 0 0 7 0 9 8]]
Solution:
[[8 7 9 0 1 3 0 4 5]
 [1 5 3 8 4 6 7 9 2]
 [4 0 0 7 2 5 6 3 1]
 [5 1 4 3 6 0 8 7 0]
 [2 8 0 5 7 9 4 6 3]
 [3 6 7 4 8 2 5 1 9]
 [7 4 5 2 3 0 9 8 6]
 [6 0 2 1 9 7 3 5 4]
 [9 3 8 6 5 4 1 2 7]]
Number of cells unfilled: 9
Accuracy: 88.88888888888889
Sample: 46705
Question:
[[0 1 0 4 0 2 0 3 0]
 [6 0 2 8 0 0 0 0 0]
 [0 0 0 0 0 0 0 0 0]
 [0 0 0 0 8 0 0 4 3]
 [0 0 5 0 0 0 0 1 6]
 [0 3 0 6 0 1 2 0 0]
 [0 0 0 0 9 4 0 2 0]
 [7 0 0 0 0 0 0 0 0]
 [0 2 0 3 0 6 0 0 4]]
Solution:
[[8 7 9 0 1 3 0 4 5]
 [1 5 3 8 4 6 7 9 2]
 [4 2 0 7 0 5 6 3 1]
 [5 1 4 3 6 2 8 7 9]
 [2 8 0 5 7 9 4 6 3]
 [3 6 7 4 0 8 5 1 0]
 [7 4 5 2 3 0 9 8 6]
 [6 0 2 1 9 7 3 5 4]
 [9 3 8 6 5 4 1 2 7]]
Number of cells unfilled: 9
Accuracy: 88.88888888888889
Sample: 46706
Question:
[[3 0 5 0 0 0 0 0 0]
 [9 1 0 0 8 0 0 0 3]
 [0 0 0 0 0 2 1 0 0]
 [0 0 0 0 0 0 0 0 8]
 [0 4 0 0 0 9 0 0 0]
 [8 3 0 0 6 0 0 1 0]
 [6 9 0 0 1 0 8 0 0]
 [0 0 0 7 0 0 0 6 9]
 [0 0 4 0 0 0 0 3 0]]
Solution:
[[8 7 9 2 1 3 0 4 5]
 [0 5 3 8 4 6 0 9 2]
 [4 2 0 7 0 5 6 3 1]
 [5 1 4 3 6 2 8 7 9]
 [2 8 0 5 7 9 4 6 3]
 [3 6 7 4 8 0 5 1 0]
 [7 4 5 0 3 0 9 8 6]
 [6 0 2 1 9 7 3 5 4]
 [1 3 8 6 2 4 7 0 0]]
Number of cells unfilled: 13
Accuracy: 83.9506172839506
Sample: 46707
Question:
[[0 1 0 0 0 0 6 0 3]
 [0 0 6 0 0 0 0 0 0]
 [5 0 9 6 0 0 2 0 0]
 [0 3 0 1 9 0 0 0 2]
 [0 7 0 8 0 0 0 0 0]
 [0 0 8 0 6 0 0 0 5]
 [0 2 0 0 0 7 9 0 0]
 [0 0 0 2 0 0 0 1 0]
 [0 0 3 9 5 0 0 0 0]]
Solution:
[[8 7 9 0 1 3 0 4 5]
 [0 5 3 8 4 6 0 9 2]
 [4 0 0 7 2 5 6 3 1]
 [5 1 4 3 6 2 8 7 9]
 [2 8 0 5 7 9 4 6 3]
 [3 6 7 4 8 0 5 1 0]
 [7 4 5 2 3 0 9 8 6]
 [6 0 2 1 9 7 3 5 4]
 [1 3 8 6 5 4 7 2 0]]
Number of cells unfilled: 12
Accuracy: 85.18518518518519
Sample: 46708
Question:
[[0 7 0 4 0 0 0 9 0]
 [0 0 0 2 5 0 7 1 0]
 [0 0 0 6 1 0 0 0 2]
 [0 4 0 9 7 0 1 0 0]
 [0 0 0 0 8 0 0 0 4]
 [0 0 9 0 0 1 5 0 0]
 [0 8 0 0 0 0 0 0 0]
 [0 0 5 0 0 0 0 0 0]
 [0 0 0 0 6 0 8 7 3]]
Solution:
[[8 7 9 2 1 3 0 4 5]
 [1 5 3 8 4 6 7 9 2]
 [4 2 0 7 0 5 6 3 1]
 [5 1 4 3 6 2 8 7 9]
 [2 8 0 5 7 9 4 6 3]
 [3 6 7 4 0 8 5 1 0]
 [7 4 5 0 3 0 9 8 6]
 [6 0 2 1 9 7 3 5 4]
 [9 3 8 6 5 4 1 2 7]]
Number of cells unfilled: 9
Accuracy: 88.88888888888889
Sample: 46709
Question:
[[0 0 0 0 0 0 3 0 0]
 [0 0 0 1 0 0 0 0 0]
 [0 5 0 0 2 0 9 4 0]
 [5 0 0 0 7 0 0 0 0]
 [0 0 4 8 0 0 0 7 0]
 [0 7 0 4 0 2 0 0 0]
 [6 2 0 0 4 0 0 8 9]
 [0 0 3 0 0 6 0 0 0]
 [0 4 5 0 8 0 6 3 0]]
Solution:
[[8 7 9 0 1 3 0 4 5]
 [1 5 3 8 4 6 7 9 2]
 [4 0 0 7 2 5 6 3 1]
 [5 1 4 3 6 2 8 7 9]
 [2 8 0 5 7 9 4 6 3]
 [3 6 7 4 8 0 5 1 0]
 [7 4 5 2 3 0 9 8 6]
 [6 0 2 1 9 7 3 5 4]
 [9 3 8 6 5 4 1 2 7]]
Number of cells unfilled: 9
Accuracy: 88.88888888888889
Sample: 46710
Question:
[[0 0 1 4 0 3 0 0 6]
 [0 0 0 0 5 0 0 8 0]
 [0 0 0 0 0 0 2 0 0]
 [1 0 0 6 0 7 0 0 8]
 [0 6 0 0 0 0 0 0 0]
 [0 3 0 8 1 0 0 0 0]
 [4 0 3 7 0 0 8 0 0]
 [7 0 0 0 9 0 0 4 0]
 [0 1 0 3 0 4 0 0 7]]
Solution:
[[8 7 9 2 1 3 0 4 5]
 [0 5 3 8 4 6 0 9 2]
 [4 2 0 7 0 5 6 3 1]
 [5 1 4 3 6 2 8 7 9]
 [2 8 0 5 7 9 4 6 3]
 [3 6 7 4 8 0 5 1 0]
 [7 4 5 0 3 0 9 8 6]
 [6 0 2 1 9 7 3 5 4]
 [1 3 8 6 2 4 7 0 0]]
Number of cells unfilled: 13
Accuracy: 83.9506172839506
Sample: 46711
Question:
[[0 7 0 4 0 0 0 5 0]
 [0 0 0 0 3 0 0 0 1]
 [0 0 0 0 0 9 2 0 0]
 [7 4 0 5 0 0 0 0 0]
 [9 0 0 0 0 7 0 8 0]
 [0 0 6 0 1 0 0 0 0]
 [0 0 0 8 0 0 6 0 0]
 [4 5 0 0 0 0 0 9 0]
 [0 0 2 0 0 0 0 0 3]]
Solution:
[[8 7 9 2 1 3 0 4 5]
 [1 5 3 8 4 6 7 9 2]
 [4 2 0 7 0 5 6 3 1]
 [5 1 4 3 6 2 8 7 9]
 [2 8 0 5 7 9 4 6 3]
 [3 6 7 4 0 8 5 1 0]
 [7 4 5 0 3 0 9 8 6]
 [6 0 2 1 9 7 3 5 4]
 [9 3 8 6 5 4 1 2 7]]
Number of cells unfilled: 9
Accuracy: 88.88888888888889
Sample: 46712
Question:
[[0 0 0 0 0 0 0 0 1]
 [9 0 0 0 0 2 0 6 0]
 [0 4 6 0 3 0 0 0 0]
 [0 0 9 0 0 6 0 7 0]
 [2 0 0 3 0 0 8 0 0]
 [0 0 0 0 5 0 0 0 0]
 [0 9 0 0 0 7 0 4 0]
 [0 0 4 5 0 0 7 0 0]
 [7 0 0 8 0 0 1 0 0]]
Solution:
[[8 7 9 0 1 3 0 4 5]
 [1 5 3 0 4 6 7 9 2]
 [4 2 0 7 8 5 6 3 1]
 [5 1 4 3 6 0 8 7 0]
 [2 8 0 5 7 9 4 6 3]
 [3 6 7 4 2 8 5 1 9]
 [7 4 5 2 3 0 9 8 6]
 [6 0 2 1 9 7 3 5 4]
 [9 3 8 6 5 4 1 2 7]]
Number of cells unfilled: 9
Accuracy: 88.88888888888889
Sample: 46713
Question:
[[0 0 3 0 0 0 0 4 0]
 [0 7 0 0 0 4 3 0 0]
 [0 6 0 3 0 0 0 7 8]
 [0 5 0 0 0 0 0 2 9]
 [2 0 0 0 0 5 0 0 0]
 [0 0 7 6 0 0 8 0 0]
 [0 9 0 0 0 0 0 0 1]
 [0 0 0 0 1 0 0 0 0]
 [0 0 8 7 0 0 4 0 0]]
Solution:
[[8 7 9 0 1 3 0 4 5]
 [0 5 3 8 4 6 7 9 2]
 [4 0 0 7 2 5 6 3 1]
 [5 1 4 3 6 2 8 7 9]
 [2 8 0 5 7 9 4 6 3]
 [3 6 7 4 8 0 5 1 0]
 [7 4 5 2 3 0 9 8 6]
 [6 0 2 1 9 7 3 5 4]
 [1 3 8 6 5 4 0 2 7]]
Number of cells unfilled: 11
Accuracy: 86.41975308641975
Sample: 46714
Question:
[[0 0 7 0 4 0 0 0 0]
 [0 0 1 0 0 7 0 4 0]
 [4 0 0 9 0 0 2 0 0]
 [0 0 0 6 0 0 3 0 0]
 [0 6 0 0 0 0 0 0 0]
 [1 0 2 0 7 0 0 9 0]
 [2 0 0 0 9 0 0 1 0]
 [0 0 0 3 0 8 5 0 0]
 [0 0 5 0 0 0 0 0 8]]
Solution:
[[8 7 9 2 1 3 0 4 5]
 [1 5 3 0 4 6 7 9 2]
 [4 2 0 7 8 5 6 3 1]
 [5 1 4 3 6 0 8 7 0]
 [2 8 0 5 7 9 4 6 3]
 [3 6 7 4 2 8 5 1 9]
 [7 4 5 0 3 2 9 8 6]
 [6 0 2 1 9 7 3 5 4]
 [9 3 8 6 5 4 1 2 7]]
Number of cells unfilled: 8
Accuracy: 90.12345679012346
Sample: 46715
Question:
[[2 0 4 8 0 3 0 0 6]
 [0 0 0 0 0 0 2 0 0]
 [0 0 0 0 0 1 0 0 3]
 [0 0 7 4 9 0 0 0 0]
 [0 0 0 0 7 0 0 0 8]
 [0 0 0 0 0 2 0 9 1]
 [7 0 5 0 0 0 0 0 2]
 [0 4 0 0 3 0 0 0 0]
 [6 0 0 0 0 0 0 1 0]]
Solution:
[[8 7 9 0 1 3 0 4 5]
 [1 5 3 8 4 6 7 9 2]
 [4 0 0 7 2 5 6 3 1]
 [5 1 4 3 6 2 8 7 9]
 [2 8 0 5 7 9 4 6 3]
 [3 6 7 4 8 0 5 1 0]
 [7 4 5 2 3 0 9 8 6]
 [6 0 2 1 9 7 3 5 4]
 [9 3 8 6 5 4 1 2 7]]
Number of cells unfilled: 9
Accuracy: 88.88888888888889
Sample: 46716
Question:
[[6 0 0 5 0 7 0 0 0]
 [0 0 0 0 0 0 6 0 0]
 [0 4 1 0 6 0 0 0 0]
 [0 0 0 0 0 0 0 0 2]
 [1 0 0 0 4 0 7 0 0]
 [0 0 0 0 0 9 0 8 0]
 [5 0 0 0 7 0 1 0 0]
 [4 0 0 0 5 0 8 0 7]
 [0 0 8 3 0 0 0 0 5]]
Solution:
[[8 7 9 0 1 3 0 4 5]
 [1 5 3 8 4 6 7 9 2]
 [4 2 0 7 0 5 6 3 1]
 [5 1 4 3 6 0 8 7 0]
 [2 8 0 5 7 9 4 6 3]
 [3 6 7 4 2 8 5 1 9]
 [7 4 5 2 3 0 9 8 6]
 [6 0 2 1 9 7 3 5 4]
 [9 3 8 6 5 4 1 2 7]]
Number of cells unfilled: 9
Accuracy: 88.88888888888889
Sample: 46717
Question:
[[0 1 0 0 8 0 0 0 3]
 [0 0 8 0 0 3 0 6 0]
 [7 0 0 5 0 0 0 0 0]
 [3 9 0 0 0 2 0 0 0]
 [0 7 0 0 0 0 4 0 0]
 [0 0 1 0 7 0 0 0 9]
 [0 0 0 2 0 0 3 5 0]
 [0 0 0 6 0 8 0 4 0]
 [1 0 0 0 3 0 0 0 8]]
Solution:
[[8 7 9 0 1 3 0 4 5]
 [1 5 3 8 4 6 7 9 2]
 [4 0 0 7 2 5 6 3 1]
 [5 1 4 3 6 2 8 7 9]
 [2 8 0 5 7 9 4 6 3]
 [3 6 7 4 8 0 5 1 0]
 [7 4 5 2 3 0 9 8 6]
 [6 0 2 1 9 7 3 5 4]
 [9 3 8 6 5 4 1 2 7]]
Number of cells unfilled: 9
Accuracy: 88.88888888888889
Sample: 46718
Question:
[[0 0 7 0 1 0 9 0 0]
 [0 0 0 3 0 0 0 7 0]
 [1 0 0 0 0 7 0 5 0]
 [0 0 0 0 0 5 0 0 8]
 [4 0 0 0 6 0 7 0 0]
 [0 0 0 2 0 0 0 6 3]
 [6 0 4 0 0 2 0 0 0]
 [0 1 0 0 9 0 6 0 0]
 [7 0 9 0 0 0 0 8 0]]
Solution:
[[8 7 9 0 1 3 0 4 5]
 [1 5 3 8 4 6 7 9 2]
 [4 0 0 7 2 5 6 3 1]
 [5 1 4 3 6 2 8 7 9]
 [2 8 0 5 7 9 4 6 3]
 [3 6 7 4 0 8 5 1 0]
 [7 4 5 2 3 0 9 8 6]
 [6 0 2 1 9 7 3 5 4]
 [9 3 8 6 5 4 1 2 7]]
Number of cells unfilled: 9
Accuracy: 88.88888888888889
Sample: 46719
Question:
[[0 0 8 7 0 0 0 3 0]
 [0 3 0 0 2 0 0 0 0]
 [1 0 0 3 0 5 0 0 6]
 [4 0 0 5 0 0 7 1 0]
 [0 0 0 0 0 7 6 4 0]
 [0 0 0 0 0 0 0 0 5]
 [7 0 0 0 0 6 0 0 1]
 [0 2 9 0 0 0 0 0 0]
 [0 1 0 8 0 0 9 0 0]]
Solution:
[[8 7 9 2 1 3 0 4 5]
 [1 5 3 8 4 6 7 9 2]
 [4 2 0 7 0 5 6 3 1]
 [5 1 4 3 6 2 8 7 9]
 [2 8 0 5 7 9 4 6 3]
 [3 6 7 4 0 8 5 1 0]
 [7 4 5 0 3 0 9 8 6]
 [6 0 2 1 9 7 3 5 4]
 [9 3 8 6 5 4 1 2 7]]
Number of cells unfilled: 9
Accuracy: 88.88888888888889
Sample: 46720
Question:
[[0 0 7 0 2 0 4 5 0]
 [0 2 0 0 0 0 0 0 7]
 [0 0 0 7 0 0 1 2 0]
 [0 0 0 0 9 0 0 8 0]
 [8 9 0 1 0 6 0 0 0]
 [0 0 2 5 0 8 0 0 1]
 [0 0 1 4 0 0 0 0 5]
 [0 0 0 0 0 0 3 0 0]
 [3 6 0 0 0 0 0 1 0]]
Solution:
[[8 7 9 0 1 3 0 4 5]
 [1 5 3 8 4 6 7 9 2]
 [4 0 0 7 2 5 6 3 1]
 [5 1 4 3 6 2 8 7 9]
 [2 8 0 5 7 9 4 6 3]
 [3 6 7 4 0 8 5 1 0]
 [7 4 5 2 3 0 9 8 6]
 [6 0 2 1 9 7 3 5 4]
 [9 3 8 6 5 4 1 2 7]]
Number of cells unfilled: 9
Accuracy: 88.88888888888889
Sample: 46721
Question:
[[3 0 0 0 0 8 0 0 4]
 [0 8 2 0 3 0 5 9 0]
 [0 0 0 0 0 0 0 0 0]
 [0 0 0 0 5 0 0 4 0]
 [4 0 0 0 2 0 8 5 3]
 [1 0 0 0 0 3 0 0 0]
 [8 0 6 0 0 2 0 0 0]
 [0 9 4 0 0 7 0 3 0]
 [0 2 0 0 4 0 6 0 0]]
Solution:
[[8 7 9 0 1 3 0 4 5]
 [1 5 3 8 4 6 7 9 2]
 [4 2 0 7 0 5 6 3 1]
 [5 1 4 3 6 2 8 7 9]
 [2 8 0 5 7 9 4 6 3]
 [3 6 7 4 0 8 5 1 0]
 [7 4 5 2 3 0 9 8 6]
 [6 0 2 1 9 7 3 5 4]
 [9 3 8 6 5 4 1 2 7]]
Number of cells unfilled: 9
Accuracy: 88.88888888888889
Sample: 46722
Question:
[[0 0 6 0 0 0 0 0 9]
 [3 4 0 0 9 0 0 0 0]
 [0 7 0 0 0 0 0 3 0]
 [0 2 0 1 0 0 0 0 0]
 [0 0 0 0 0 5 8 0 2]
 [0 0 7 0 2 0 0 4 0]
 [0 0 0 2 0 9 1 0 0]
 [0 0 0 0 0 8 0 0 5]
 [0 0 4 0 3 0 0 9 0]]
Solution:
[[8 7 9 2 1 3 0 4 5]
 [1 5 3 0 4 6 7 9 2]
 [4 2 0 7 8 5 6 3 1]
 [5 1 4 3 6 0 8 7 0]
 [2 8 0 5 7 9 4 6 3]
 [3 6 7 4 2 8 5 1 9]
 [7 4 5 0 3 2 9 8 6]
 [6 0 2 1 9 7 3 5 4]
 [9 3 8 6 5 4 1 2 7]]
Number of cells unfilled: 8
Accuracy: 90.12345679012346
Sample: 46723
Question:
[[4 0 8 0 0 0 0 9 0]
 [5 0 0 8 0 0 0 0 7]
 [0 7 0 0 0 9 0 0 0]
 [0 5 0 7 0 0 9 4 0]
 [7 0 0 0 0 0 3 0 1]
 [3 0 0 0 0 2 0 0 6]
 [0 4 0 9 0 0 0 8 0]
 [0 0 0 0 0 1 0 0 0]
 [0 0 0 0 6 0 2 0 0]]
Solution:
[[8 7 9 0 1 3 0 4 5]
 [1 5 3 0 4 6 7 9 2]
 [4 2 0 7 8 5 6 3 1]
 [5 1 4 3 6 2 8 7 9]
 [2 8 0 5 7 9 4 6 3]
 [3 6 7 4 0 8 5 1 0]
 [7 4 5 2 3 0 9 8 6]
 [6 0 2 1 9 7 3 5 4]
 [9 3 8 6 5 4 1 2 7]]
Number of cells unfilled: 9
Accuracy: 88.88888888888889
Sample: 46724
Question:
[[0 1 4 0 9 0 0 0 7]
 [6 0 0 0 0 0 0 1 0]
 [0 0 0 0 0 2 0 0 0]
 [0 0 0 5 0 3 0 0 9]
 [0 3 9 0 7 0 0 4 0]
 [0 0 0 0 0 0 7 0 3]
 [0 7 1 0 4 0 3 0 0]
 [0 0 0 0 0 0 0 0 4]
 [0 0 5 8 0 0 0 0 0]]
Solution:
[[8 7 9 0 1 3 0 4 5]
 [1 5 3 8 4 6 7 9 2]
 [4 0 0 7 2 5 6 3 1]
 [5 1 4 3 6 2 8 7 9]
 [2 8 0 5 7 9 4 6 3]
 [3 6 7 4 8 0 5 1 0]
 [7 4 5 2 3 0 9 8 6]
 [6 0 2 1 9 7 3 5 4]
 [9 3 8 6 5 4 1 2 7]]
Number of cells unfilled: 9
Accuracy: 88.88888888888889
Sample: 46725
Question:
[[0 6 0 0 0 0 0 7 0]
 [0 0 4 0 0 7 8 0 0]
 [0 0 0 4 0 0 0 5 0]
 [6 0 0 9 0 0 0 0 0]
 [0 0 8 0 7 0 9 0 0]
 [0 9 0 8 0 3 0 1 0]
 [0 0 9 7 0 0 2 0 0]
 [0 4 0 0 2 0 0 0 1]
 [0 5 0 0 0 8 0 0 0]]
Solution:
[[8 7 9 0 1 3 0 4 5]
 [1 5 3 8 4 6 7 9 2]
 [4 0 0 7 2 5 6 3 1]
 [5 1 4 3 6 2 8 7 9]
 [2 8 0 5 7 9 4 6 3]
 [3 6 7 4 8 0 5 1 0]
 [7 4 5 2 3 0 9 8 6]
 [6 0 2 1 9 7 3 5 4]
 [9 3 8 6 5 4 1 2 7]]
Number of cells unfilled: 9
Accuracy: 88.88888888888889
Sample: 46726
Question:
[[0 0 0 3 0 8 0 4 0]
 [0 0 0 0 0 1 0 7 0]
 [0 0 0 0 0 4 5 0 3]
 [9 0 0 0 0 0 6 0 0]
 [0 0 8 4 0 0 1 0 0]
 [2 0 0 0 8 0 0 0 0]
 [7 0 0 0 0 0 0 0 0]
 [0 0 4 1 0 6 2 0 0]
 [0 3 5 0 0 7 0 0 0]]
Solution:
[[8 7 9 0 1 3 0 4 5]
 [0 5 3 8 4 6 7 9 2]
 [4 0 0 7 2 5 6 3 1]
 [5 1 4 3 6 0 8 7 0]
 [2 8 0 5 7 9 4 6 3]
 [3 6 7 4 8 2 5 1 9]
 [7 4 5 2 3 0 9 8 6]
 [6 0 2 1 9 7 3 5 4]
 [1 3 8 6 5 4 0 2 7]]
Number of cells unfilled: 11
Accuracy: 86.41975308641975
Sample: 46727
Question:
[[0 2 0 8 0 0 0 0 6]
 [0 9 0 0 0 0 0 0 3]
 [0 0 0 4 9 7 0 0 2]
 [0 5 0 0 2 0 7 0 0]
 [0 6 0 1 0 0 0 0 0]
 [1 0 0 7 0 0 0 4 0]
 [0 0 0 9 0 0 0 0 0]
 [0 0 8 2 4 3 0 0 7]
 [0 0 0 0 1 0 6 3 0]]
Solution:
[[8 7 9 0 1 3 0 4 5]
 [1 5 3 8 4 6 7 9 2]
 [4 0 0 7 2 5 6 3 1]
 [5 1 4 3 6 2 8 7 9]
 [2 8 0 5 7 9 4 6 3]
 [3 6 7 4 8 0 5 1 0]
 [7 4 5 2 3 0 9 8 6]
 [6 0 2 1 9 7 3 5 4]
 [9 3 8 6 5 4 1 2 7]]
Number of cells unfilled: 9
Accuracy: 88.88888888888889
Sample: 46728
Question:
[[0 0 0 6 2 0 0 0 0]
 [3 0 0 0 0 9 6 4 0]
 [0 0 0 0 4 0 0 0 7]
 [0 0 9 5 0 0 0 0 0]
 [0 3 0 0 0 4 1 9 0]
 [0 0 4 0 0 0 7 0 0]
 [0 1 0 0 0 0 0 0 8]
 [0 6 0 0 0 0 0 0 0]
 [0 0 3 0 0 1 4 6 0]]
Solution:
[[8 7 9 2 1 3 0 4 5]
 [0 5 3 8 4 6 0 9 2]
 [4 2 0 7 0 5 6 3 1]
 [5 1 4 3 6 0 8 7 0]
 [2 8 0 5 7 9 4 6 3]
 [3 6 7 4 8 2 5 1 9]
 [7 4 5 0 3 0 9 8 6]
 [6 0 2 1 9 7 3 5 4]
 [1 3 8 6 2 4 7 0 0]]
Number of cells unfilled: 13
Accuracy: 83.9506172839506
Sample: 46729
Question:
[[7 0 0 0 0 0 0 6 1]
 [0 8 5 0 0 1 7 0 0]
 [0 0 0 0 7 0 0 0 0]
 [1 0 0 0 8 0 5 0 2]
 [8 0 0 0 0 0 6 0 0]
 [0 0 9 2 0 0 0 1 0]
 [5 0 0 0 6 0 1 0 0]
 [0 0 0 0 0 8 0 3 0]
 [0 0 0 1 0 4 0 0 0]]
Solution:
[[8 7 9 2 1 3 0 4 5]
 [0 5 3 0 4 6 7 9 2]
 [4 2 0 7 8 5 6 3 1]
 [5 1 4 3 6 0 8 7 0]
 [2 8 0 5 7 9 4 6 3]
 [3 6 7 4 2 8 5 1 9]
 [7 4 5 0 3 2 9 8 6]
 [6 0 2 1 9 7 3 5 4]
 [1 3 8 6 5 4 0 2 7]]
Number of cells unfilled: 10
Accuracy: 87.65432098765432
Sample: 46730
Question:
[[0 0 0 0 0 0 3 0 0]
 [7 0 0 4 0 0 0 2 0]
 [0 0 5 0 0 2 0 0 6]
 [9 0 0 0 2 0 0 1 0]
 [0 0 3 0 0 0 0 0 0]
 [0 0 0 9 0 0 5 0 8]
 [0 0 0 0 4 0 6 0 0]
 [4 0 0 0 0 9 0 7 0]
 [0 0 0 7 1 0 8 0 4]]
Solution:
[[8 7 9 0 1 3 0 4 5]
 [0 5 3 8 4 6 0 9 2]
 [4 0 0 7 2 5 6 3 1]
 [5 1 4 3 6 2 8 7 9]
 [2 8 0 5 7 9 4 6 3]
 [3 6 7 4 8 0 5 1 0]
 [7 4 5 2 3 0 9 8 6]
 [6 0 2 1 9 7 3 5 4]
 [1 3 8 6 5 4 7 2 0]]
Number of cells unfilled: 12
Accuracy: 85.18518518518519
Sample: 46731
Question:
[[0 0 3 8 0 0 2 0 0]
 [9 1 0 0 0 0 0 0 0]
 [0 0 0 0 5 9 0 0 3]
 [0 0 6 9 0 0 0 0 7]
 [0 4 0 0 0 6 0 8 0]
 [1 0 0 0 0 0 0 0 0]
 [0 0 0 0 4 0 0 0 2]
 [0 0 7 6 0 0 0 3 0]
 [0 8 0 0 0 5 7 0 6]]
Solution:
[[8 7 9 0 1 3 0 4 5]
 [1 5 3 8 4 6 7 9 2]
 [4 2 0 7 0 5 6 3 1]
 [5 1 4 3 6 2 8 7 9]
 [2 8 0 5 7 9 4 6 3]
 [3 6 7 4 0 8 5 1 0]
 [7 4 5 2 3 0 9 8 6]
 [6 0 2 1 9 7 3 5 4]
 [9 3 8 6 5 4 1 2 7]]
Number of cells unfilled: 9
Accuracy: 88.88888888888889
Sample: 46732
Question:
[[0 7 3 0 0 0 0 0 1]
 [1 0 0 0 0 0 0 0 0]
 [2 5 0 0 0 9 6 7 0]
 [0 6 0 0 2 0 0 1 0]
 [9 0 4 0 0 0 0 0 8]
 [0 0 0 9 0 6 0 0 0]
 [0 0 0 4 1 0 0 0 0]
 [0 0 0 0 0 0 8 0 5]
 [0 9 0 2 0 0 0 0 3]]
Solution:
[[8 7 9 0 1 3 0 4 5]
 [1 5 3 8 4 6 7 9 2]
 [4 0 0 7 2 5 6 3 1]
 [5 1 4 3 6 2 8 7 9]
 [2 8 0 5 7 9 4 6 3]
 [3 6 7 4 8 0 5 1 0]
 [7 4 5 2 3 0 9 8 6]
 [6 0 2 1 9 7 3 5 4]
 [9 3 8 6 5 4 1 2 7]]
Number of cells unfilled: 9
Accuracy: 88.88888888888889
Sample: 46733
Question:
[[0 0 0 7 0 5 0 3 0]
 [5 0 0 0 0 0 1 0 0]
 [0 8 0 0 2 0 0 0 4]
 [0 0 1 0 0 0 7 6 0]
 [0 0 0 0 0 6 0 0 0]
 [0 9 0 0 8 0 0 0 3]
 [0 0 9 0 0 4 0 0 2]
 [0 4 0 2 0 0 3 0 0]
 [0 0 8 0 3 0 0 4 0]]
Solution:
[[8 7 9 0 1 3 0 4 5]
 [1 5 3 8 4 6 7 9 2]
 [4 0 0 7 2 5 6 3 1]
 [5 1 4 3 6 2 8 7 9]
 [2 8 0 5 7 9 4 6 3]
 [3 6 7 4 8 0 5 1 0]
 [7 4 5 2 3 0 9 8 6]
 [6 0 2 1 9 7 3 5 4]
 [9 3 8 6 5 4 1 2 7]]
Number of cells unfilled: 9
Accuracy: 88.88888888888889
Sample: 46734
Question:
[[0 3 0 8 6 0 2 0 0]
 [0 0 0 2 0 0 1 0 0]
 [0 0 1 0 5 0 3 0 0]
 [0 2 0 0 0 8 0 0 0]
 [8 0 6 0 0 2 0 0 0]
 [0 1 0 7 9 0 0 0 6]
 [5 0 0 0 0 0 0 9 0]
 [0 0 0 4 2 0 5 0 0]
 [0 0 9 0 1 0 0 0 0]]
Solution:
[[8 7 9 2 1 3 0 4 5]
 [1 5 3 8 4 6 7 9 2]
 [4 2 0 7 0 5 6 3 1]
 [5 1 4 3 6 2 8 7 9]
 [2 8 0 5 7 9 4 6 3]
 [3 6 7 4 0 8 5 1 0]
 [7 4 5 0 3 0 9 8 6]
 [6 0 2 1 9 7 3 5 4]
 [9 3 8 6 5 4 1 2 7]]
Number of cells unfilled: 9
Accuracy: 88.88888888888889
Sample: 46735
Question:
[[0 0 0 0 0 0 3 0 0]
 [6 0 0 0 0 0 0 5 0]
 [0 1 5 0 4 2 0 0 9]
 [0 0 0 2 0 0 0 0 0]
 [2 4 0 0 5 0 0 9 0]
 [0 0 0 0 1 8 0 0 0]
 [0 8 4 7 0 0 0 0 6]
 [3 5 0 0 2 0 0 0 0]
 [0 0 2 0 9 1 4 0 0]]
Solution:
[[8 7 9 0 1 3 0 4 5]
 [1 5 3 8 4 6 7 9 2]
 [4 0 0 7 2 5 6 3 1]
 [5 1 4 3 6 2 8 7 9]
 [2 8 0 5 7 9 4 6 3]
 [3 6 7 4 0 8 5 1 0]
 [7 4 5 2 3 0 9 8 6]
 [6 0 2 1 9 7 3 5 4]
 [9 3 8 6 5 4 1 2 7]]
Number of cells unfilled: 9
Accuracy: 88.88888888888889
Sample: 46736
Question:
[[0 0 6 0 3 0 0 8 0]
 [0 2 0 0 0 0 0 0 0]
 [0 0 0 9 0 0 2 0 1]
 [6 0 0 0 0 7 9 0 0]
 [0 0 3 0 8 0 0 4 0]
 [5 0 0 0 0 1 0 0 0]
 [0 6 0 0 5 0 0 0 0]
 [0 0 5 7 0 3 4 0 0]
 [7 0 0 8 0 0 0 5 0]]
Solution:
[[8 7 9 2 1 3 0 4 5]
 [0 5 3 8 4 6 7 9 2]
 [4 2 0 7 0 5 6 3 1]
 [5 1 4 3 6 2 8 7 9]
 [2 8 0 5 7 9 4 6 3]
 [3 6 7 4 0 8 5 1 0]
 [7 4 5 0 3 0 9 8 6]
 [6 0 2 1 9 7 3 5 4]
 [1 3 8 6 5 4 0 2 7]]
Number of cells unfilled: 11
Accuracy: 86.41975308641975
Sample: 46737
Question:
[[3 0 0 0 0 0 0 7 0]
 [0 0 0 7 0 0 0 0 3]
 [0 0 1 0 0 4 9 0 0]
 [8 0 0 0 5 0 4 0 0]
 [0 0 9 1 4 0 0 0 0]
 [0 0 0 0 0 8 0 0 9]
 [0 0 4 0 0 1 3 9 0]
 [0 0 7 0 0 5 8 0 0]
 [0 6 0 0 0 0 0 2 0]]
Solution:
[[8 7 9 2 1 3 0 4 5]
 [1 5 3 8 4 6 7 9 2]
 [4 2 0 7 0 5 6 3 1]
 [5 1 4 3 6 2 8 7 9]
 [2 8 0 5 7 9 4 6 3]
 [3 6 7 4 0 8 5 1 0]
 [7 4 5 0 3 0 9 8 6]
 [6 0 2 1 9 7 3 5 4]
 [9 3 8 6 5 4 1 2 7]]
Number of cells unfilled: 9
Accuracy: 88.88888888888889
Sample: 46738
Question:
[[0 0 9 0 0 0 0 0 0]
 [3 0 0 0 0 0 0 8 0]
 [0 6 0 7 0 0 3 0 1]
 [0 0 0 6 0 0 0 0 3]
 [0 1 0 0 0 2 8 0 7]
 [0 0 0 1 0 0 9 4 0]
 [0 0 6 2 0 0 0 3 0]
 [0 2 0 0 6 0 1 0 8]
 [5 0 0 8 0 7 0 0 0]]
Solution:
[[8 7 9 2 1 3 0 4 5]
 [1 5 3 0 4 6 7 9 2]
 [4 2 0 7 8 5 6 3 1]
 [5 1 4 3 6 0 8 7 0]
 [2 8 0 5 7 9 4 6 3]
 [3 6 7 4 2 8 5 1 9]
 [7 4 5 0 3 2 9 8 6]
 [6 0 2 1 9 7 3 5 4]
 [9 3 8 6 5 4 1 2 7]]
Number of cells unfilled: 8
Accuracy: 90.12345679012346
Sample: 46739
Question:
[[9 0 0 0 2 3 0 0 0]
 [8 1 2 0 0 0 6 0 0]
 [0 0 0 0 0 0 0 0 8]
 [5 3 0 0 0 0 8 1 0]
 [2 0 0 0 7 0 0 9 5]
 [0 9 0 0 0 0 0 0 0]
 [0 0 0 2 0 8 0 7 3]
 [3 0 0 0 0 0 5 0 9]
 [0 0 0 0 0 9 1 0 0]]
Solution:
[[8 7 9 2 1 3 0 4 5]
 [0 5 3 8 4 6 0 9 2]
 [4 2 0 7 0 5 6 3 1]
 [5 1 4 3 6 2 8 7 9]
 [2 8 0 5 7 9 4 6 3]
 [3 6 7 4 8 0 5 1 0]
 [7 4 5 0 3 0 9 8 6]
 [6 0 2 1 9 7 3 5 4]
 [1 3 8 6 2 4 7 0 0]]
Number of cells unfilled: 13
Accuracy: 83.9506172839506
Sample: 46740
Question:
[[3 0 5 0 0 2 0 6 0]
 [0 0 1 0 0 5 0 0 0]
 [0 9 0 0 0 0 0 0 5]
 [0 0 0 0 0 0 0 0 8]
 [0 6 0 3 0 0 0 2 1]
 [4 0 0 2 0 6 0 0 0]
 [0 0 0 9 0 0 1 0 0]
 [9 4 0 0 0 0 0 0 0]
 [5 0 2 0 0 0 8 7 0]]
Solution:
[[8 7 9 0 1 3 0 4 5]
 [1 5 3 8 4 6 7 9 2]
 [4 0 0 7 2 5 6 3 1]
 [5 1 4 3 6 2 8 7 9]
 [2 8 0 5 7 9 4 6 3]
 [3 6 7 4 8 0 5 1 0]
 [7 4 5 2 3 0 9 8 6]
 [6 0 2 1 9 7 3 5 4]
 [9 3 8 6 5 4 1 2 7]]
Number of cells unfilled: 9
Accuracy: 88.88888888888889
Sample: 46741
Question:
[[0 0 8 7 0 0 0 0 0]
 [0 5 0 0 0 9 7 0 0]
 [7 0 0 0 5 1 0 0 0]
 [8 0 0 1 0 0 5 0 0]
 [0 6 0 0 0 4 0 0 0]
 [0 0 2 0 9 0 0 6 0]
 [0 0 3 0 0 0 0 4 0]
 [0 0 0 0 0 3 0 7 2]
 [1 0 0 9 0 0 8 0 0]]
Solution:
[[8 7 9 2 1 3 0 4 5]
 [1 5 3 8 4 6 7 9 2]
 [4 2 0 7 0 5 6 3 1]
 [5 1 4 3 6 2 8 7 9]
 [2 8 0 5 7 9 4 6 3]
 [3 6 7 4 0 8 5 1 0]
 [7 4 5 0 3 0 9 8 6]
 [6 0 2 1 9 7 3 5 4]
 [9 3 8 6 5 4 1 2 7]]
Number of cells unfilled: 9
Accuracy: 88.88888888888889
Sample: 46742
Question:
[[9 0 0 0 0 0 0 0 8]
 [0 0 0 0 1 0 0 7 0]
 [0 5 0 0 0 3 4 0 0]
 [4 0 0 2 0 0 0 0 0]
 [0 0 0 0 8 0 0 1 0]
 [0 0 5 0 0 9 6 0 0]
 [0 3 6 0 9 0 0 2 7]
 [0 0 9 0 0 0 0 0 0]
 [5 0 0 0 0 6 9 0 0]]
Solution:
[[8 7 9 0 1 3 0 4 5]
 [1 5 3 8 4 6 7 9 2]
 [4 0 0 7 2 5 6 3 1]
 [5 1 4 3 6 2 8 7 9]
 [2 8 0 5 7 9 4 6 3]
 [3 6 7 4 8 0 5 1 0]
 [7 4 5 2 3 0 9 8 6]
 [6 0 2 1 9 7 3 5 4]
 [9 3 8 6 5 4 1 2 7]]
Number of cells unfilled: 9
Accuracy: 88.88888888888889
Sample: 46743
Question:
[[8 9 0 0 0 0 0 0 7]
 [6 0 0 0 0 0 4 0 0]
 [0 0 2 0 8 0 0 9 0]
 [5 2 0 0 6 8 0 3 0]
 [0 8 0 0 2 0 0 7 0]
 [0 0 0 3 0 0 0 0 0]
 [0 0 5 0 0 6 0 0 3]
 [2 0 0 0 5 0 0 6 0]
 [0 6 0 1 0 0 7 0 0]]
Solution:
[[8 7 9 2 1 3 0 4 5]
 [1 5 3 8 4 6 7 9 2]
 [4 2 0 7 0 5 6 3 1]
 [5 1 4 3 6 2 8 7 9]
 [2 8 0 5 7 9 4 6 3]
 [3 6 7 4 0 8 5 1 0]
 [7 4 5 0 3 0 9 8 6]
 [6 0 2 1 9 7 3 5 4]
 [9 3 8 6 5 4 1 2 7]]
Number of cells unfilled: 9
Accuracy: 88.88888888888889
Sample: 46744
Question:
[[0 0 1 0 4 9 0 0 0]
 [0 3 0 0 0 0 0 0 0]
 [0 0 0 5 6 0 0 0 7]
 [1 0 2 7 9 0 0 0 0]
 [0 0 8 0 0 6 9 0 0]
 [0 0 0 0 0 5 0 0 8]
 [8 0 9 0 0 1 0 7 4]
 [2 0 0 0 0 0 0 0 0]
 [0 0 0 0 0 0 0 1 2]]
Solution:
[[8 7 9 2 1 3 0 4 5]
 [0 5 3 8 4 6 7 9 2]
 [4 2 0 7 0 5 6 3 1]
 [5 1 4 3 6 2 8 7 9]
 [2 8 0 5 7 9 4 6 3]
 [3 6 7 4 8 0 5 1 0]
 [7 4 5 0 3 0 9 8 6]
 [6 0 2 1 9 7 3 5 4]
 [1 3 8 6 2 4 0 0 7]]
Number of cells unfilled: 12
Accuracy: 85.18518518518519
Sample: 46745
Question:
[[0 0 0 0 0 6 0 5 0]
 [9 0 0 0 0 5 0 0 0]
 [0 7 6 1 0 0 0 0 9]
 [0 1 0 3 0 0 0 0 0]
 [6 0 0 0 0 2 0 8 5]
 [0 0 0 0 0 0 0 3 0]
 [0 0 0 0 0 0 0 4 0]
 [0 0 5 0 8 0 0 9 2]
 [8 2 7 0 0 4 0 0 1]]
Solution:
[[8 7 9 2 1 3 0 4 5]
 [0 5 3 0 4 6 0 9 2]
 [4 2 0 7 8 5 6 3 1]
 [5 1 4 3 6 0 8 7 0]
 [2 8 0 5 7 9 4 6 3]
 [3 6 7 4 2 8 5 1 9]
 [7 4 5 0 3 2 9 8 6]
 [6 0 2 1 9 7 3 5 4]
 [1 3 8 6 5 4 7 2 0]]
Number of cells unfilled: 11
Accuracy: 86.41975308641975
Sample: 46746
Question:
[[0 0 0 0 0 6 0 8 0]
 [0 0 0 1 0 0 4 9 0]
 [0 0 4 0 3 0 2 0 5]
 [0 4 5 0 0 3 0 0 0]
 [2 0 8 0 0 0 0 0 0]
 [0 0 0 6 0 7 0 4 0]
 [8 0 0 0 0 4 7 6 0]
 [0 3 0 8 0 1 0 0 0]
 [0 1 0 0 6 0 0 0 0]]
Solution:
[[8 7 9 2 1 3 0 4 5]
 [0 5 3 0 4 6 0 9 2]
 [4 2 0 7 8 5 6 3 1]
 [5 1 4 3 6 0 8 7 0]
 [2 8 0 5 7 9 4 6 3]
 [3 6 7 4 2 8 5 1 9]
 [7 4 5 0 3 2 9 8 6]
 [6 0 2 1 9 7 3 5 4]
 [1 3 8 6 5 4 7 2 0]]
Number of cells unfilled: 11
Accuracy: 86.41975308641975
Sample: 46747
Question:
[[0 6 0 0 0 0 0 0 8]
 [1 0 4 3 8 0 0 0 0]
 [8 0 0 0 6 0 3 0 0]
 [0 0 0 0 0 0 0 0 0]
 [0 0 0 2 5 0 9 4 0]
 [0 0 0 0 0 0 8 0 3]
 [6 2 0 5 0 0 0 0 1]
 [0 0 7 1 0 0 0 2 0]
 [0 4 0 6 0 7 0 0 0]]
Solution:
[[8 7 9 0 1 3 0 4 5]
 [0 5 3 8 4 6 0 9 2]
 [4 0 0 7 2 5 6 3 1]
 [5 1 4 3 6 2 8 7 9]
 [2 8 0 5 7 9 4 6 3]
 [3 6 7 4 0 8 5 1 0]
 [7 4 5 2 3 0 9 8 6]
 [6 0 2 1 9 7 3 5 4]
 [1 3 8 6 5 4 7 2 0]]
Number of cells unfilled: 12
Accuracy: 85.18518518518519
Sample: 46748
Question:
[[0 0 0 9 1 0 0 0 0]
 [0 0 2 0 0 3 1 0 0]
 [4 0 0 2 8 0 0 0 0]
 [1 0 0 0 0 0 0 0 5]
 [0 7 0 1 0 0 0 6 0]
 [0 0 3 0 9 0 2 0 0]
 [6 0 0 0 0 0 0 7 0]
 [0 0 9 8 0 0 3 0 0]
 [0 5 0 0 0 0 0 0 4]]
Solution:
[[8 7 9 0 1 3 0 4 5]
 [1 5 3 8 4 6 7 9 2]
 [4 0 0 7 2 5 6 3 1]
 [5 1 4 3 6 2 8 7 9]
 [2 8 0 5 7 9 4 6 3]
 [3 6 7 4 8 0 5 1 0]
 [7 4 5 2 3 0 9 8 6]
 [6 0 2 1 9 7 3 5 4]
 [9 3 8 6 5 4 1 2 7]]
Number of cells unfilled: 9
Accuracy: 88.88888888888889
Sample: 46749
Question:
[[3 0 0 0 0 1 0 9 0]
 [0 4 0 9 0 0 0 0 0]
 [0 0 8 0 6 0 0 0 1]
 [0 0 0 0 9 0 0 0 2]
 [0 0 0 0 5 3 8 0 0]
 [5 0 0 1 0 0 0 3 0]
 [0 2 0 7 0 0 9 0 0]
 [6 0 0 0 1 0 0 7 0]
 [0 0 4 0 0 0 1 0 5]]
Solution:
[[8 7 9 0 1 3 0 4 5]
 [1 5 3 8 4 6 7 9 2]
 [4 0 0 7 2 5 6 3 1]
 [5 1 4 3 6 2 8 7 9]
 [2 8 0 5 7 9 4 6 3]
 [3 6 7 4 0 8 5 1 0]
 [7 4 5 2 3 0 9 8 6]
 [6 0 2 1 9 7 3 5 4]
 [9 3 8 6 5 4 1 2 7]]
Number of cells unfilled: 9
Accuracy: 88.88888888888889
Sample: 46750
Question:
[[0 0 2 4 0 0 0 0 5]
 [9 0 0 0 0 5 0 1 0]
 [0 5 0 0 9 0 8 0 0]
 [0 0 0 5 0 0 6 0 0]
 [1 0 0 0 0 3 0 8 0]
 [0 4 6 0 2 0 0 0 0]
 [0 8 0 0 0 7 0 0 9]
 [0 0 3 0 0 0 0 7 0]
 [7 0 0 0 0 0 1 0 8]]
Solution:
[[8 7 9 0 1 3 0 4 5]
 [0 5 3 8 4 6 0 9 2]
 [4 0 0 7 2 5 6 3 1]
 [5 1 4 3 6 2 8 7 9]
 [2 8 0 5 7 9 4 6 3]
 [3 6 7 4 8 0 5 1 0]
 [7 4 5 2 3 0 9 8 6]
 [6 0 2 1 9 7 3 5 4]
 [1 3 8 6 5 4 7 2 0]]
Number of cells unfilled: 12
Accuracy: 85.18518518518519
Sample: 46751
Question:
[[0 0 5 0 9 0 0 0 0]
 [0 0 7 0 0 1 0 6 0]
 [0 8 0 7 0 0 4 0 0]
 [0 3 0 4 0 0 8 0 0]
 [0 0 0 0 5 0 0 0 2]
 [9 0 1 0 0 2 0 0 0]
 [0 0 0 0 0 0 3 0 0]
 [0 7 0 0 0 0 0 8 6]
 [0 0 0 6 0 0 0 7 4]]
Solution:
[[8 7 9 2 1 3 0 4 5]
 [1 5 3 0 4 6 7 9 2]
 [4 2 0 7 8 5 6 3 1]
 [5 1 4 3 6 0 8 7 0]
 [2 8 0 5 7 9 4 6 3]
 [3 6 7 4 2 8 5 1 9]
 [7 4 5 0 3 2 9 8 6]
 [6 0 2 1 9 7 3 5 4]
 [9 3 8 6 5 4 1 2 7]]
Number of cells unfilled: 8
Accuracy: 90.12345679012346
Sample: 46752
Question:
[[0 0 0 0 0 3 0 0 1]
 [0 8 2 0 1 0 0 5 0]
 [0 0 0 2 0 0 8 0 0]
 [6 5 0 0 0 8 0 2 0]
 [4 0 0 0 0 0 7 0 0]
 [0 0 7 0 2 0 0 0 5]
 [0 0 0 0 0 0 0 9 0]
 [0 0 4 0 0 0 0 0 8]
 [0 9 1 0 8 0 5 0 0]]
Solution:
[[8 7 9 0 1 3 0 4 5]
 [0 5 3 8 4 6 7 9 2]
 [4 0 0 7 2 5 6 3 1]
 [5 1 4 3 6 2 8 7 9]
 [2 8 0 5 7 9 4 6 3]
 [3 6 7 4 0 8 5 1 0]
 [7 4 5 2 3 0 9 8 6]
 [6 0 2 1 9 7 3 5 4]
 [1 3 8 6 5 4 0 2 7]]
Number of cells unfilled: 11
Accuracy: 86.41975308641975
Sample: 46753
Question:
[[9 0 0 6 0 0 0 0 0]
 [0 0 1 0 3 0 9 0 0]
 [0 2 3 0 0 9 0 0 5]
 [5 0 0 0 0 1 2 0 0]
 [0 3 0 9 0 0 0 0 0]
 [0 0 0 0 4 0 0 8 0]
 [0 0 7 0 2 0 0 0 4]
 [3 0 0 0 0 6 1 0 0]
 [0 8 0 0 0 0 0 7 0]]
Solution:
[[8 7 9 2 1 3 0 4 5]
 [1 5 3 0 4 6 7 9 2]
 [4 2 0 7 8 5 6 3 1]
 [5 1 4 3 6 0 8 7 0]
 [2 8 0 5 7 9 4 6 3]
 [3 6 7 4 2 8 5 1 9]
 [7 4 5 0 3 2 9 8 6]
 [6 0 2 1 9 7 3 5 4]
 [9 3 8 6 5 4 1 2 7]]
Number of cells unfilled: 8
Accuracy: 90.12345679012346
Sample: 46754
Question:
[[8 4 0 7 2 0 0 0 9]
 [0 9 0 0 1 8 0 0 0]
 [2 0 0 0 0 0 0 0 0]
 [0 5 0 0 0 0 6 0 0]
 [0 1 0 0 5 0 0 0 4]
 [9 0 0 0 0 0 0 5 3]
 [0 0 0 6 0 0 0 2 0]
 [0 0 0 2 3 5 0 4 0]
 [6 0 0 1 4 0 7 0 0]]
Solution:
[[8 7 9 2 1 3 0 4 5]
 [0 5 3 8 4 6 0 9 2]
 [4 2 0 7 0 5 6 3 1]
 [5 1 4 3 6 2 8 7 9]
 [2 8 0 5 7 9 4 6 3]
 [3 6 7 4 8 0 5 1 0]
 [7 4 5 0 3 0 9 8 6]
 [6 0 2 1 9 7 3 5 4]
 [1 3 8 6 2 4 7 0 0]]
Number of cells unfilled: 13
Accuracy: 83.9506172839506
Sample: 46755
Question:
[[0 1 0 0 0 5 2 0 0]
 [5 0 0 0 9 0 0 0 8]
 [0 0 0 4 0 0 7 5 0]
 [0 0 6 0 0 0 0 2 0]
 [0 0 0 0 0 9 0 0 3]
 [3 0 0 0 2 0 8 0 0]
 [0 0 0 9 0 0 0 0 0]
 [7 0 2 0 3 0 0 8 0]
 [9 0 0 0 5 0 3 7 0]]
Solution:
[[8 7 9 0 1 3 0 4 5]
 [1 5 3 8 4 6 7 9 2]
 [4 0 0 7 2 5 6 3 1]
 [5 1 4 3 6 2 8 7 9]
 [2 8 0 5 7 9 4 6 3]
 [3 6 7 4 8 0 5 1 0]
 [7 4 5 2 3 0 9 8 6]
 [6 0 2 1 9 7 3 5 4]
 [9 3 8 6 5 4 1 2 7]]
Number of cells unfilled: 9
Accuracy: 88.88888888888889
Sample: 46756
Question:
[[0 5 0 0 0 2 0 0 1]
 [0 0 0 0 3 0 0 9 0]
 [7 0 0 0 0 0 6 0 0]
 [0 0 6 0 0 0 0 0 0]
 [4 7 0 0 0 1 5 0 0]
 [5 1 0 4 0 0 0 0 7]
 [0 0 0 0 9 0 0 0 0]
 [1 0 0 0 0 4 0 0 8]
 [0 2 0 5 1 0 0 3 0]]
Solution:
[[8 7 9 0 1 3 0 4 5]
 [0 5 3 8 4 6 7 9 2]
 [4 0 0 7 2 5 6 3 1]
 [5 1 4 3 6 0 8 7 0]
 [2 8 0 5 7 9 4 6 3]
 [3 6 7 4 8 2 5 1 9]
 [7 4 5 2 3 0 9 8 6]
 [6 0 2 1 9 7 3 5 4]
 [1 3 8 6 5 4 0 2 7]]
Number of cells unfilled: 11
Accuracy: 86.41975308641975
Sample: 46757
Question:
[[0 0 0 0 7 0 0 0 0]
 [9 0 0 5 0 0 0 6 1]
 [0 0 0 0 0 1 0 0 9]
 [0 0 4 2 0 0 1 8 0]
 [0 0 2 8 0 7 0 0 5]
 [0 6 0 0 5 0 0 0 7]
 [1 0 5 6 0 4 0 0 0]
 [0 0 0 0 3 5 0 0 0]
 [0 0 6 1 0 0 9 0 0]]
Solution:
[[8 7 9 0 1 3 0 4 5]
 [0 5 3 8 4 6 7 9 2]
 [4 0 0 7 2 5 6 3 1]
 [5 1 4 3 6 0 8 7 0]
 [2 8 0 5 7 9 4 6 3]
 [3 6 7 4 8 2 5 1 9]
 [7 4 5 2 3 0 9 8 6]
 [6 0 2 1 9 7 3 5 4]
 [1 3 8 6 5 4 0 2 7]]
Number of cells unfilled: 11
Accuracy: 86.41975308641975
Sample: 46758
Question:
[[0 0 1 0 0 0 0 0 0]
 [0 0 0 0 1 9 8 0 0]
 [0 5 0 6 0 0 0 0 2]
 [3 0 0 0 0 5 0 0 4]
 [0 0 6 4 0 0 3 7 0]
 [0 4 0 0 0 0 0 2 0]
 [0 6 0 2 0 0 0 0 3]
 [0 0 0 0 7 6 2 0 0]
 [8 0 0 0 0 0 0 9 0]]
Solution:
[[8 7 9 2 1 3 0 4 5]
 [1 5 3 8 4 6 7 9 2]
 [4 2 0 7 0 5 6 3 1]
 [5 1 4 3 6 2 8 7 9]
 [2 8 0 5 7 9 4 6 3]
 [3 6 7 4 8 0 5 1 0]
 [7 4 5 0 3 0 9 8 6]
 [6 0 2 1 9 7 3 5 4]
 [9 3 8 6 2 4 1 0 7]]
Number of cells unfilled: 10
Accuracy: 87.65432098765432
Sample: 46759
Question:
[[0 0 7 0 0 5 0 0 0]
 [0 8 0 7 0 4 0 0 0]
 [0 0 0 6 0 0 2 5 0]
 [0 0 3 0 0 0 8 0 1]
 [0 0 0 0 0 6 0 0 0]
 [0 0 9 1 0 2 0 4 6]
 [2 9 0 0 0 0 7 0 0]
 [0 0 4 0 0 0 3 0 0]
 [0 0 0 0 0 0 0 1 9]]
Solution:
[[8 7 9 0 1 3 0 4 5]
 [1 5 3 8 4 6 7 9 2]
 [4 0 0 7 2 5 6 3 1]
 [5 1 4 3 6 2 8 7 9]
 [2 8 0 5 7 9 4 6 3]
 [3 6 7 4 0 8 5 1 0]
 [7 4 5 2 3 0 9 8 6]
 [6 0 2 1 9 7 3 5 4]
 [9 3 8 6 5 4 1 2 7]]
Number of cells unfilled: 9
Accuracy: 88.88888888888889
Sample: 46760
Question:
[[0 0 8 4 0 3 6 0 0]
 [0 3 0 0 7 0 0 8 0]
 [1 0 0 0 0 0 3 0 7]
 [0 2 0 0 0 0 8 0 0]
 [3 0 0 0 0 4 0 7 0]
 [0 0 5 9 0 0 0 2 3]
 [5 0 0 0 0 0 9 0 0]
 [0 0 0 0 0 1 0 6 0]
 [0 6 0 0 9 0 0 0 8]]
Solution:
[[8 7 9 2 1 3 0 4 5]
 [1 5 3 8 4 6 7 9 2]
 [4 2 0 7 0 5 6 3 1]
 [5 1 4 3 6 2 8 7 9]
 [2 8 0 5 7 9 4 6 3]
 [3 6 7 4 8 0 5 1 0]
 [7 4 5 0 3 0 9 8 6]
 [6 0 2 1 9 7 3 5 4]
 [9 3 8 6 2 4 1 0 7]]
Number of cells unfilled: 10
Accuracy: 87.65432098765432
Sample: 46761
Question:
[[0 1 0 0 0 0 0 0 8]
 [0 2 7 9 0 0 3 5 0]
 [0 0 9 6 5 0 0 7 0]
 [2 0 0 0 3 1 5 9 0]
 [0 0 0 0 0 0 4 0 1]
 [8 0 0 0 7 4 0 0 6]
 [0 3 6 7 0 0 0 0 0]
 [5 4 0 0 9 0 0 0 3]
 [1 0 0 0 8 0 0 4 0]]
Solution:
[[8 7 9 0 1 3 0 4 5]
 [1 5 3 8 4 6 7 9 2]
 [4 0 0 7 2 5 6 3 1]
 [5 1 4 3 6 2 8 7 9]
 [2 8 0 5 7 9 4 6 3]
 [3 6 7 4 8 0 5 1 0]
 [7 4 5 2 3 0 9 8 6]
 [6 0 2 1 9 7 3 5 4]
 [9 3 8 6 5 4 1 2 7]]
Number of cells unfilled: 9
Accuracy: 88.88888888888889
Sample: 46762
Question:
[[0 2 0 3 0 0 0 0 0]
 [9 0 7 0 8 0 0 0 0]
 [3 0 0 4 2 0 0 0 9]
 [0 0 0 0 1 0 8 3 0]
 [6 0 0 0 0 0 9 7 0]
 [0 7 0 0 0 2 5 0 0]
 [7 3 0 1 0 0 0 2 0]
 [0 6 0 0 7 8 0 0 4]
 [0 0 4 0 0 3 0 0 0]]
Solution:
[[8 7 9 2 1 3 0 4 5]
 [0 5 3 0 4 6 0 9 2]
 [4 2 0 7 8 5 6 3 1]
 [5 1 4 3 6 0 8 7 0]
 [2 8 0 5 7 9 4 6 3]
 [3 6 7 4 2 8 5 1 9]
 [7 4 5 0 3 2 9 8 6]
 [6 0 2 1 9 7 3 5 4]
 [1 3 8 6 5 4 7 2 0]]
Number of cells unfilled: 11
Accuracy: 86.41975308641975
Sample: 46763
Question:
[[0 0 6 0 0 0 0 0 0]
 [5 0 0 9 0 0 4 1 0]
 [0 0 0 0 0 7 0 0 6]
 [0 0 0 0 0 0 0 8 0]
 [8 0 0 0 9 0 5 0 4]
 [0 5 0 8 0 0 1 0 9]
 [0 3 0 0 0 0 2 0 0]
 [4 0 0 1 0 3 0 9 0]
 [0 0 7 0 2 9 0 4 0]]
Solution:
[[8 7 9 0 1 3 0 4 5]
 [1 5 3 8 4 6 7 9 2]
 [4 0 0 7 2 5 6 3 1]
 [5 1 4 3 6 2 8 7 9]
 [2 8 0 5 7 9 4 6 3]
 [3 6 7 4 8 0 5 1 0]
 [7 4 5 2 3 0 9 8 6]
 [6 0 2 1 9 7 3 5 4]
 [9 3 8 6 5 4 1 2 7]]
Number of cells unfilled: 9
Accuracy: 88.88888888888889
Sample: 46764
Question:
[[0 0 8 0 0 0 0 0 0]
 [2 1 0 0 0 0 8 0 0]
 [3 7 0 8 0 0 0 1 0]
 [4 0 0 0 0 6 0 0 0]
 [0 0 7 3 0 0 1 0 0]
 [0 0 0 0 0 0 0 2 4]
 [0 0 2 0 9 3 0 0 6]
 [7 9 0 0 0 0 0 5 0]
 [0 0 3 7 0 5 2 0 0]]
Solution:
[[8 7 9 0 1 3 0 4 5]
 [1 5 3 8 4 6 7 9 2]
 [4 0 0 7 2 5 6 3 1]
 [5 1 4 3 6 0 8 7 0]
 [2 8 0 5 7 9 4 6 3]
 [3 6 7 4 8 2 5 1 9]
 [7 4 5 2 3 0 9 8 6]
 [6 0 2 1 9 7 3 5 4]
 [9 3 8 6 5 4 1 2 7]]
Number of cells unfilled: 9
Accuracy: 88.88888888888889
Sample: 46765
Question:
[[3 0 0 0 4 0 0 0 0]
 [2 0 0 0 0 1 9 0 0]
 [0 9 0 2 0 0 0 0 6]
 [0 0 0 0 7 0 0 0 0]
 [0 0 4 1 0 6 0 0 0]
 [0 8 0 5 0 0 6 0 0]
 [0 5 0 8 2 0 0 6 0]
 [0 0 3 0 0 0 8 0 2]
 [0 0 0 0 0 7 5 0 9]]
Solution:
[[8 7 9 0 1 3 0 4 5]
 [1 5 3 8 4 6 7 9 2]
 [4 2 0 7 0 5 6 3 1]
 [5 1 4 3 6 2 8 7 9]
 [2 8 0 5 7 9 4 6 3]
 [3 6 7 4 0 8 5 1 0]
 [7 4 5 2 3 0 9 8 6]
 [6 0 2 1 9 7 3 5 4]
 [9 3 8 6 5 4 1 2 7]]
Number of cells unfilled: 9
Accuracy: 88.88888888888889
Sample: 46766
Question:
[[0 6 0 0 4 0 3 0 0]
 [0 0 3 0 0 1 0 9 0]
 [8 0 0 3 0 0 0 0 2]
 [0 3 0 0 0 9 0 6 0]
 [2 0 0 0 0 0 0 0 8]
 [0 0 5 0 0 0 7 0 0]
 [0 0 0 4 1 0 0 0 0]
 [0 0 7 0 0 3 5 0 0]
 [0 4 0 0 7 0 0 1 0]]
Solution:
[[8 7 9 0 1 3 0 4 5]
 [0 5 3 8 4 6 0 9 2]
 [4 0 0 7 2 5 6 3 1]
 [5 1 4 3 6 2 8 7 9]
 [2 8 0 5 7 9 4 6 3]
 [3 6 7 4 0 8 5 1 0]
 [7 4 5 2 3 0 9 8 6]
 [6 0 2 1 9 7 3 5 4]
 [1 3 8 6 5 4 7 2 0]]
Number of cells unfilled: 12
Accuracy: 85.18518518518519
Sample: 46767
Question:
[[0 0 0 0 7 0 0 0 2]
 [4 0 0 3 8 0 6 0 0]
 [0 6 0 0 0 1 3 7 0]
 [0 8 0 0 3 0 0 6 0]
 [1 0 0 0 0 6 0 0 9]
 [0 0 0 0 0 0 2 0 0]
 [0 0 0 0 0 0 0 0 0]
 [0 3 0 8 0 0 7 1 0]
 [0 0 5 0 1 0 0 0 0]]
Solution:
[[8 7 9 2 1 3 0 4 5]
 [0 5 3 8 4 6 0 9 2]
 [4 2 0 7 0 5 6 3 1]
 [5 1 4 3 6 2 8 7 9]
 [2 8 0 5 7 9 4 6 3]
 [3 6 7 4 8 0 5 1 0]
 [7 4 5 0 3 0 9 8 6]
 [6 0 2 1 9 7 3 5 4]
 [1 3 8 6 2 4 7 0 0]]
Number of cells unfilled: 13
Accuracy: 83.9506172839506
Sample: 46768
Question:
[[9 0 4 0 0 0 6 0 0]
 [0 7 0 0 0 9 0 0 4]
 [1 0 3 4 0 0 0 0 0]
 [4 0 0 0 8 0 0 5 0]
 [0 0 0 0 0 0 2 0 0]
 [0 0 7 0 0 3 0 0 9]
 [0 0 0 0 2 0 0 0 0]
 [7 0 1 3 0 4 0 0 2]
 [3 0 0 0 0 7 0 0 1]]
Solution:
[[8 7 9 0 1 3 0 4 5]
 [1 5 3 8 4 6 7 9 2]
 [4 0 0 7 2 5 6 3 1]
 [5 1 4 3 6 2 8 7 9]
 [2 8 0 5 7 9 4 6 3]
 [3 6 7 4 8 0 5 1 0]
 [7 4 5 2 3 0 9 8 6]
 [6 0 2 1 9 7 3 5 4]
 [9 3 8 6 5 4 1 2 7]]
Number of cells unfilled: 9
Accuracy: 88.88888888888889
Sample: 46769
Question:
[[0 0 0 0 4 0 2 0 0]
 [3 0 0 0 1 0 0 7 0]
 [0 7 0 0 6 0 9 0 8]
 [0 0 6 0 0 1 0 0 9]
 [0 1 0 0 5 0 0 2 0]
 [8 0 0 0 0 0 0 4 3]
 [6 0 0 5 0 0 0 8 0]
 [0 0 8 0 0 0 0 0 0]
 [2 4 0 6 7 0 0 0 0]]
Solution:
[[8 7 9 0 1 3 0 4 5]
 [1 5 3 8 4 6 7 9 2]
 [4 0 0 7 2 5 6 3 1]
 [5 1 4 3 6 2 8 7 9]
 [2 8 0 5 7 9 4 6 3]
 [3 6 7 4 8 0 5 1 0]
 [7 4 5 2 3 0 9 8 6]
 [6 0 2 1 9 7 3 5 4]
 [9 3 8 6 5 4 1 2 7]]
Number of cells unfilled: 9
Accuracy: 88.88888888888889
Sample: 46770
Question:
[[0 0 0 0 7 0 0 0 3]
 [9 0 0 0 0 0 5 0 0]
 [0 0 7 0 0 0 4 9 1]
 [6 9 8 3 0 2 0 0 0]
 [0 0 0 0 4 0 0 0 0]
 [0 0 1 7 0 0 3 0 8]
 [0 8 0 0 0 0 0 4 0]
 [2 0 0 0 0 0 6 0 0]
 [3 0 9 6 5 0 0 0 7]]
Solution:
[[8 7 9 0 1 3 0 4 5]
 [0 5 3 8 4 6 0 9 2]
 [4 0 0 7 2 5 6 3 1]
 [5 1 4 3 6 2 8 7 9]
 [2 8 0 5 7 9 4 6 3]
 [3 6 7 4 8 0 5 1 0]
 [7 4 5 2 3 0 9 8 6]
 [6 0 2 1 9 7 3 5 4]
 [1 3 8 6 5 4 7 2 0]]
Number of cells unfilled: 12
Accuracy: 85.18518518518519
Sample: 46771
Question:
[[0 5 0 0 7 0 0 3 0]
 [9 0 0 0 0 2 0 0 0]
 [0 0 7 5 0 0 8 0 0]
 [0 0 1 0 0 0 0 0 3]
 [0 7 0 9 0 0 6 0 0]
 [6 0 0 0 4 0 0 5 0]
 [7 0 0 6 0 0 1 0 0]
 [0 0 0 0 2 0 0 0 0]
 [0 8 6 0 0 5 0 4 0]]
Solution:
[[8 7 9 0 1 3 0 4 5]
 [1 5 3 8 4 6 7 9 2]
 [4 0 0 7 2 5 6 3 1]
 [5 1 4 3 6 2 8 7 9]
 [2 8 0 5 7 9 4 6 3]
 [3 6 7 4 8 0 5 1 0]
 [7 4 5 2 3 0 9 8 6]
 [6 0 2 1 9 7 3 5 4]
 [9 3 8 6 5 4 1 2 7]]
Number of cells unfilled: 9
Accuracy: 88.88888888888889
Sample: 46772
Question:
[[4 0 0 0 0 6 0 9 0]
 [0 3 0 0 1 0 5 0 0]
 [0 0 0 9 0 0 0 0 0]
 [0 1 0 0 2 0 6 0 0]
 [6 0 0 0 0 0 0 0 7]
 [0 0 7 0 0 4 0 8 0]
 [0 8 0 0 0 1 0 0 2]
 [0 0 0 3 0 0 8 0 0]
 [5 0 0 0 8 0 0 6 1]]
Solution:
[[8 7 9 0 1 3 0 4 5]
 [1 5 3 8 4 6 7 9 2]
 [4 0 0 7 2 5 6 3 1]
 [5 1 4 3 6 2 8 7 9]
 [2 8 0 5 7 9 4 6 3]
 [3 6 7 4 8 0 5 1 0]
 [7 4 5 2 3 0 9 8 6]
 [6 0 2 1 9 7 3 5 4]
 [9 3 8 6 5 4 1 2 7]]
Number of cells unfilled: 9
Accuracy: 88.88888888888889
Sample: 46773
Question:
[[0 0 1 0 3 0 0 0 0]
 [7 9 0 0 0 6 0 0 5]
 [0 4 0 0 0 9 0 0 2]
 [0 6 0 0 9 0 2 5 0]
 [0 0 0 0 0 0 0 0 9]
 [0 0 0 0 0 5 6 4 0]
 [5 0 0 9 0 0 8 0 0]
 [8 0 0 0 7 0 5 0 0]
 [0 2 0 0 0 8 0 0 4]]
Solution:
[[8 7 9 0 1 3 0 4 5]
 [1 5 3 8 4 6 7 9 2]
 [4 0 0 7 2 5 6 3 1]
 [5 1 4 3 6 2 8 7 9]
 [2 8 0 5 7 9 4 6 3]
 [3 6 7 4 8 0 5 1 0]
 [7 4 5 2 3 0 9 8 6]
 [6 0 2 1 9 7 3 5 4]
 [9 3 8 6 5 4 1 2 7]]
Number of cells unfilled: 9
Accuracy: 88.88888888888889
Sample: 46774
Question:
[[4 0 0 0 0 0 0 0 1]
 [0 0 1 0 0 8 0 0 6]
 [8 0 0 0 5 0 9 0 0]
 [0 3 7 9 0 0 0 0 2]
 [9 1 0 0 0 0 4 0 8]
 [0 0 8 0 0 0 0 6 0]
 [0 0 3 0 0 2 0 9 4]
 [0 0 0 0 1 7 0 0 0]
 [0 0 0 5 0 0 0 0 0]]
Solution:
[[8 7 9 0 1 3 0 4 5]
 [1 5 3 8 4 6 7 9 2]
 [4 0 0 7 2 5 6 3 1]
 [5 1 4 3 6 2 8 7 9]
 [2 8 0 5 7 9 4 6 3]
 [3 6 7 4 8 0 5 1 0]
 [7 4 5 2 3 0 9 8 6]
 [6 0 2 1 9 7 3 5 4]
 [9 3 8 6 5 4 1 2 7]]
Number of cells unfilled: 9
Accuracy: 88.88888888888889
Sample: 46775
Question:
[[9 0 0 0 1 0 0 0 0]
 [0 3 6 0 0 7 5 0 0]
 [0 0 2 0 0 3 7 9 0]
 [0 0 3 0 0 2 4 0 0]
 [0 0 0 6 0 0 0 0 8]
 [6 0 0 0 0 0 0 7 0]
 [0 0 5 3 2 0 0 4 0]
 [0 0 0 7 5 0 2 0 0]
 [0 0 0 0 0 4 0 0 0]]
Solution:
[[8 7 9 2 1 3 0 4 5]
 [1 5 3 8 4 6 7 9 2]
 [4 2 0 7 0 5 6 3 1]
 [5 1 4 3 6 2 8 7 9]
 [2 8 0 5 7 9 4 6 3]
 [3 6 7 4 8 0 5 1 0]
 [7 4 5 0 3 0 9 8 6]
 [6 0 2 1 9 7 3 5 4]
 [9 3 8 6 2 4 1 0 7]]
Number of cells unfilled: 10
Accuracy: 87.65432098765432
Sample: 46776
Question:
[[0 6 0 0 0 0 7 0 0]
 [0 0 0 0 4 0 0 0 0]
 [0 0 0 0 9 0 0 0 0]
 [1 0 0 0 0 0 0 9 0]
 [0 0 0 6 0 0 0 8 0]
 [0 5 0 7 0 1 0 0 0]
 [0 8 9 0 0 0 0 0 0]
 [0 0 4 0 2 0 0 0 0]
 [0 0 0 0 0 0 5 0 2]]
Solution:
[[8 7 9 0 1 3 0 4 5]
 [1 5 3 8 4 6 7 9 2]
 [4 0 0 7 2 5 6 3 1]
 [5 1 4 3 6 2 8 7 9]
 [2 8 0 5 7 9 4 6 3]
 [3 6 7 4 8 0 5 1 0]
 [7 4 5 2 3 0 9 8 6]
 [6 0 2 1 9 7 3 5 4]
 [9 3 8 6 5 4 1 2 7]]
Number of cells unfilled: 9
Accuracy: 88.88888888888889
Sample: 46777
Question:
[[2 0 0 0 0 0 4 0 0]
 [0 0 7 0 6 0 0 3 5]
 [0 0 0 0 0 8 0 0 6]
 [0 1 0 0 0 7 9 0 0]
 [0 0 2 3 0 0 0 4 0]
 [0 7 0 6 0 0 0 0 1]
 [0 0 0 8 9 0 0 0 0]
 [0 0 0 7 0 4 0 1 3]
 [0 0 5 1 0 0 6 0 0]]
Solution:
[[8 7 9 0 1 3 0 4 5]
 [0 5 3 0 4 6 7 9 2]
 [4 2 0 7 8 5 6 3 1]
 [5 1 4 3 6 0 8 7 0]
 [2 8 0 5 7 9 4 6 3]
 [3 6 7 4 2 8 5 1 9]
 [7 4 5 2 3 0 9 8 6]
 [6 0 2 1 9 7 3 5 4]
 [1 3 8 6 5 4 0 2 7]]
Number of cells unfilled: 11
Accuracy: 86.41975308641975
Sample: 46778
Question:
[[0 0 5 4 0 8 0 0 1]
 [0 7 0 0 0 1 3 0 0]
 [8 0 0 0 2 0 0 0 0]
 [0 0 0 0 0 0 0 8 7]
 [0 0 0 0 5 0 0 0 0]
 [0 9 0 1 0 7 0 6 0]
 [0 2 7 9 0 0 0 0 0]
 [0 0 4 7 0 0 6 0 0]
 [0 0 1 0 0 4 7 0 9]]
Solution:
[[8 7 9 0 1 3 0 4 5]
 [1 5 3 8 4 6 7 9 2]
 [4 0 0 7 2 5 6 3 1]
 [5 1 4 3 6 2 8 7 9]
 [2 8 0 5 7 9 4 6 3]
 [3 6 7 4 8 0 5 1 0]
 [7 4 5 2 3 0 9 8 6]
 [6 0 2 1 9 7 3 5 4]
 [9 3 8 6 5 4 1 2 7]]
Number of cells unfilled: 9
Accuracy: 88.88888888888889
Sample: 46779
Question:
[[0 2 4 0 0 1 6 0 0]
 [0 0 0 0 4 0 0 0 0]
 [7 0 0 2 0 0 0 0 0]
 [0 5 0 1 0 0 0 6 0]
 [6 0 0 5 2 0 1 0 0]
 [0 0 0 0 0 6 0 0 8]
 [0 6 0 0 0 2 8 0 0]
 [0 1 0 0 0 5 2 0 0]
 [0 0 0 9 0 0 0 3 0]]
Solution:
[[8 7 9 0 1 3 0 4 5]
 [1 5 3 8 4 6 7 9 2]
 [4 2 0 7 0 5 6 3 1]
 [5 1 4 3 6 2 8 7 9]
 [2 8 0 5 7 9 4 6 3]
 [3 6 7 4 0 8 5 1 0]
 [7 4 5 2 3 0 9 8 6]
 [6 0 2 1 9 7 3 5 4]
 [9 3 8 6 5 4 1 2 7]]
Number of cells unfilled: 9
Accuracy: 88.88888888888889
Sample: 46780
Question:
[[0 0 1 0 0 7 0 0 3]
 [3 0 0 0 0 0 0 0 0]
 [7 0 0 0 6 0 4 9 0]
 [5 0 0 0 0 0 3 0 0]
 [0 0 6 0 0 8 9 1 0]
 [2 0 0 3 1 0 6 0 0]
 [0 7 0 0 0 5 0 0 0]
 [0 2 0 9 8 0 1 0 0]
 [0 0 0 0 0 0 2 0 6]]
Solution:
[[8 7 9 0 1 2 0 4 5]
 [0 5 3 0 4 6 0 9 2]
 [4 2 0 7 8 5 6 3 1]
 [5 1 4 3 6 0 8 7 0]
 [2 8 0 5 7 9 4 6 3]
 [3 6 7 4 2 8 5 1 9]
 [7 4 5 2 3 0 9 8 6]
 [6 0 2 1 9 7 3 5 4]
 [1 3 8 6 5 4 7 2 0]]
Number of cells unfilled: 12
Accuracy: 85.18518518518519
Sample: 46781
Question:
[[2 0 0 0 0 0 5 0 0]
 [0 0 0 0 0 0 0 9 0]
 [0 1 0 9 0 5 0 0 7]
 [0 0 0 0 0 3 0 0 1]
 [4 0 0 6 0 0 0 8 0]
 [0 5 0 1 0 8 9 0 0]
 [0 0 6 0 3 0 7 0 0]
 [0 0 0 0 0 0 0 0 9]
 [0 8 0 7 0 9 0 5 0]]
Solution:
[[8 7 9 0 1 3 0 4 5]
 [0 5 3 8 4 6 7 9 2]
 [4 0 0 7 2 5 6 3 1]
 [5 1 4 3 6 2 8 7 9]
 [2 8 0 5 7 9 4 6 3]
 [3 6 7 4 8 0 5 1 0]
 [7 4 5 2 3 0 9 8 6]
 [6 0 2 1 9 7 3 5 4]
 [1 3 8 6 5 4 0 2 7]]
Number of cells unfilled: 11
Accuracy: 86.41975308641975
Sample: 46782
Question:
[[0 0 0 9 1 0 0 0 2]
 [2 0 0 7 0 0 0 0 0]
 [0 0 0 0 0 2 1 6 0]
 [7 0 9 0 0 1 0 0 6]
 [0 3 4 0 0 0 8 0 0]
 [0 6 0 3 0 0 0 0 0]
 [0 0 8 0 5 0 0 4 0]
 [6 0 0 0 0 9 5 0 1]
 [0 5 0 0 0 0 0 0 0]]
Solution:
[[8 7 9 2 1 3 0 4 5]
 [0 5 3 8 4 6 7 9 2]
 [4 2 0 7 0 5 6 3 1]
 [5 1 4 3 6 0 8 7 0]
 [2 8 0 5 7 9 4 6 3]
 [3 6 7 4 8 2 5 1 9]
 [7 4 5 0 3 0 9 8 6]
 [6 0 2 1 9 7 3 5 4]
 [1 3 8 6 2 4 0 0 7]]
Number of cells unfilled: 12
Accuracy: 85.18518518518519
Sample: 46783
Question:
[[0 0 1 0 0 0 0 9 0]
 [6 0 0 0 0 0 0 0 5]
 [0 4 0 0 0 7 2 0 0]
 [0 0 5 0 0 8 0 6 0]
 [0 8 0 0 3 0 4 0 0]
 [9 0 0 0 0 0 0 0 8]
 [0 0 0 0 7 4 0 0 0]
 [1 0 0 0 2 3 0 0 0]
 [0 7 0 8 0 0 3 0 0]]
Solution:
[[8 7 9 0 1 3 0 4 5]
 [1 5 3 8 4 6 7 9 2]
 [4 2 0 7 0 5 6 3 1]
 [5 1 4 3 6 2 8 7 9]
 [2 8 0 5 7 9 4 6 3]
 [3 6 7 4 0 8 5 1 0]
 [7 4 5 2 3 0 9 8 6]
 [6 0 2 1 9 7 3 5 4]
 [9 3 8 6 5 4 1 2 7]]
Number of cells unfilled: 9
Accuracy: 88.88888888888889
Sample: 46784
Question:
[[2 1 4 9 0 0 0 0 0]
 [3 0 0 0 0 5 0 0 0]
 [0 0 0 0 0 0 0 0 0]
 [0 0 0 0 0 0 0 6 0]
 [9 0 8 0 0 4 0 0 5]
 [5 0 2 0 3 6 0 0 0]
 [0 0 3 4 0 0 2 0 0]
 [0 0 0 6 0 0 8 5 0]
 [0 0 7 5 0 8 0 0 1]]
Solution:
[[8 7 9 0 1 3 0 4 5]
 [1 5 3 8 4 6 7 9 2]
 [4 0 0 7 2 5 6 3 1]
 [5 1 4 3 6 2 8 7 9]
 [2 8 0 5 7 9 4 6 3]
 [3 6 7 4 8 0 5 1 0]
 [7 4 5 2 3 0 9 8 6]
 [6 0 2 1 9 7 3 5 4]
 [9 3 8 6 5 4 1 2 7]]
Number of cells unfilled: 9
Accuracy: 88.88888888888889
Sample: 46785
Question:
[[0 1 7 0 4 0 0 0 0]
 [3 0 0 8 0 0 7 0 0]
 [0 8 0 0 0 0 0 1 5]
 [0 0 0 0 0 0 0 0 4]
 [0 0 8 3 0 0 1 7 0]
 [0 0 0 0 6 0 0 9 0]
 [0 0 3 2 0 6 0 0 0]
 [2 0 0 0 0 9 0 0 0]
 [0 7 0 1 0 0 2 0 0]]
Solution:
[[8 7 9 2 1 3 0 4 5]
 [0 5 3 0 4 6 7 9 2]
 [4 2 0 7 8 5 6 3 1]
 [5 1 4 3 6 0 8 7 0]
 [2 8 0 5 7 9 4 6 3]
 [3 6 7 4 2 8 5 1 9]
 [7 4 5 0 3 2 9 8 6]
 [6 0 2 1 9 7 3 5 4]
 [1 3 8 6 5 4 0 2 7]]
Number of cells unfilled: 10
Accuracy: 87.65432098765432
Sample: 46786
Question:
[[0 0 0 0 0 3 0 0 7]
 [0 0 8 1 0 0 0 0 0]
 [0 3 0 0 7 6 0 1 0]
 [0 0 2 0 0 0 0 5 0]
 [0 5 0 3 0 0 0 6 1]
 [0 7 0 5 0 0 0 0 8]
 [0 8 0 7 0 0 0 0 6]
 [0 0 0 0 0 0 0 0 0]
 [4 0 0 0 9 0 5 0 0]]
Solution:
[[8 7 9 2 1 3 0 4 5]
 [0 5 3 8 4 6 0 9 2]
 [4 2 0 7 0 5 6 3 1]
 [5 1 4 3 6 2 8 7 9]
 [2 8 0 5 7 9 4 6 3]
 [3 6 7 4 0 8 5 1 0]
 [7 4 5 0 3 0 9 8 6]
 [6 0 2 1 9 7 3 5 4]
 [1 3 8 6 5 4 7 2 0]]
Number of cells unfilled: 12
Accuracy: 85.18518518518519
Sample: 46787
Question:
[[0 0 2 0 9 0 0 0 0]
 [9 0 0 3 8 0 0 4 0]
 [1 0 0 5 0 0 0 9 0]
 [0 7 0 0 0 9 0 0 6]
 [5 0 0 8 0 0 0 1 0]
 [0 0 0 0 0 0 0 0 0]
 [0 1 5 0 0 0 0 3 0]
 [4 0 0 0 3 0 8 0 0]
 [0 0 0 1 0 0 4 0 0]]
Solution:
[[8 7 9 0 1 3 0 4 5]
 [1 5 3 8 4 6 7 9 2]
 [4 0 0 7 2 5 6 3 1]
 [5 1 4 3 6 2 8 7 9]
 [2 8 0 5 7 9 4 6 3]
 [3 6 7 4 0 8 5 1 0]
 [7 4 5 2 3 0 9 8 6]
 [6 0 2 1 9 7 3 5 4]
 [9 3 8 6 5 4 1 2 7]]
Number of cells unfilled: 9
Accuracy: 88.88888888888889
Sample: 46788
Question:
[[0 0 5 4 7 0 0 1 9]
 [0 0 2 0 0 0 0 4 0]
 [0 0 0 0 0 5 2 7 0]
 [5 1 4 0 0 0 0 0 0]
 [6 0 0 7 4 0 0 0 0]
 [0 9 7 0 0 0 0 2 8]
 [0 4 0 0 5 0 0 0 1]
 [0 0 0 3 0 0 6 9 0]
 [0 0 0 0 0 0 0 0 0]]
Solution:
[[8 7 9 0 1 2 0 4 5]
 [1 5 3 0 4 6 0 9 2]
 [4 2 0 7 8 5 6 3 1]
 [5 1 4 3 6 0 8 7 0]
 [2 8 0 5 7 9 4 6 3]
 [3 6 7 4 2 8 5 1 9]
 [7 4 5 2 3 0 9 8 6]
 [6 0 2 1 9 7 3 5 4]
 [9 3 8 6 5 4 7 2 0]]
Number of cells unfilled: 11
Accuracy: 86.41975308641975
Sample: 46789
Question:
[[0 1 0 0 6 7 0 0 3]
 [0 0 0 9 5 0 0 0 0]
 [0 0 7 0 0 1 4 0 0]
 [0 6 5 0 0 0 3 0 0]
 [0 3 1 0 0 0 0 2 0]
 [7 0 0 0 3 6 0 0 1]
 [0 7 0 0 0 0 0 0 0]
 [0 0 0 6 0 0 8 0 0]
 [0 0 6 0 1 3 0 0 5]]
Solution:
[[8 7 9 2 1 3 0 4 5]
 [1 5 3 8 4 6 7 9 2]
 [4 2 0 7 0 5 6 3 1]
 [5 1 4 3 6 2 8 7 9]
 [2 8 0 5 7 9 4 6 3]
 [3 6 7 4 0 8 5 1 0]
 [7 4 5 0 3 0 9 8 6]
 [6 0 2 1 9 7 3 5 4]
 [9 3 8 6 5 4 1 2 7]]
Number of cells unfilled: 9
Accuracy: 88.88888888888889
Sample: 46790
Question:
[[0 9 0 0 0 2 3 0 0]
 [8 0 0 3 0 0 0 1 0]
 [0 0 0 0 4 0 0 0 0]
 [0 3 0 0 0 6 5 2 0]
 [0 2 0 0 0 0 6 0 9]
 [6 0 0 0 0 0 0 3 7]
 [0 6 0 9 2 0 0 5 0]
 [0 0 0 0 0 5 0 0 0]
 [0 0 5 6 3 0 2 0 0]]
Solution:
[[8 7 9 2 1 3 0 4 5]
 [1 5 3 8 4 6 7 9 2]
 [4 2 0 7 0 5 6 3 1]
 [5 1 4 3 6 2 8 7 9]
 [2 8 0 5 7 9 4 6 3]
 [3 6 7 4 8 0 5 1 0]
 [7 4 5 0 3 0 9 8 6]
 [6 0 2 1 9 7 3 5 4]
 [9 3 8 6 2 4 1 0 7]]
Number of cells unfilled: 10
Accuracy: 87.65432098765432
Sample: 46791
Question:
[[7 0 0 0 2 1 0 3 0]
 [0 9 0 7 6 4 1 0 0]
 [1 0 0 0 0 0 0 0 0]
 [0 0 4 0 9 0 6 0 0]
 [9 0 0 0 0 7 0 0 0]
 [0 3 0 0 0 0 5 0 0]
 [8 0 0 0 0 5 0 0 0]
 [0 0 2 0 0 0 9 0 1]
 [3 0 0 9 0 0 0 0 8]]
Solution:
[[8 7 9 2 1 3 0 4 5]
 [1 5 3 0 4 6 7 9 2]
 [4 2 0 7 8 5 6 3 1]
 [5 1 4 3 6 0 8 7 0]
 [2 8 0 5 7 9 4 6 3]
 [3 6 7 4 2 8 5 1 9]
 [7 4 5 0 3 2 9 8 6]
 [6 0 2 1 9 7 3 5 4]
 [9 3 8 6 5 4 1 2 7]]
Number of cells unfilled: 8
Accuracy: 90.12345679012346
Sample: 46792
Question:
[[1 0 8 0 0 0 0 0 0]
 [0 3 4 0 0 0 5 0 0]
 [0 0 7 0 0 0 0 0 0]
 [9 0 0 1 0 0 7 0 0]
 [8 0 0 6 0 0 3 0 2]
 [0 0 0 0 0 0 0 4 1]
 [0 0 0 7 0 0 4 0 0]
 [0 0 0 0 3 0 2 6 0]
 [2 7 5 0 8 0 0 0 3]]
Solution:
[[8 7 9 2 1 3 0 4 5]
 [1 5 3 0 4 6 7 9 2]
 [4 2 0 7 8 5 6 3 1]
 [5 1 4 3 6 0 8 7 0]
 [2 8 0 5 7 9 4 6 3]
 [3 6 7 4 2 8 5 1 9]
 [7 4 5 0 3 2 9 8 6]
 [6 0 2 1 9 7 3 5 4]
 [9 3 8 6 5 4 1 2 7]]
Number of cells unfilled: 8
Accuracy: 90.12345679012346
Sample: 46793
Question:
[[0 0 0 0 6 0 0 8 0]
 [0 8 5 2 0 0 0 9 6]
 [0 0 0 0 0 0 7 0 0]
 [0 0 3 0 5 0 0 0 0]
 [0 0 0 0 7 0 8 0 0]
 [1 5 6 8 0 0 4 0 0]
 [4 0 9 0 0 0 6 0 0]
 [0 1 0 4 0 0 3 5 0]
 [0 0 0 0 0 3 0 0 7]]
Solution:
[[8 7 9 0 1 2 0 4 5]
 [1 5 3 0 4 6 7 9 2]
 [4 2 0 7 8 5 6 3 1]
 [5 1 4 3 6 0 8 7 0]
 [2 8 0 5 7 9 4 6 3]
 [3 6 7 4 2 8 5 1 9]
 [7 4 5 2 3 0 9 8 6]
 [6 0 2 1 9 7 3 5 4]
 [9 3 8 6 5 4 1 2 7]]
Number of cells unfilled: 9
Accuracy: 88.88888888888889
Sample: 46794
Question:
[[0 3 0 0 0 1 0 5 0]
 [0 0 0 0 3 0 2 0 6]
 [0 0 2 0 0 0 0 0 0]
 [0 8 0 4 0 0 0 0 0]
 [5 0 7 0 0 8 0 0 3]
 [0 0 1 0 7 0 0 8 0]
 [0 0 0 9 0 0 7 0 0]
 [0 7 0 0 0 5 0 1 0]
 [9 0 0 0 6 0 0 0 4]]
Solution:
[[8 7 9 2 1 3 0 4 5]
 [1 5 3 8 4 6 7 9 2]
 [4 2 0 7 0 5 6 3 1]
 [5 1 4 3 6 2 8 7 9]
 [2 8 0 5 7 9 4 6 3]
 [3 6 7 4 0 8 5 1 0]
 [7 4 5 0 3 0 9 8 6]
 [6 0 2 1 9 7 3 5 4]
 [9 3 8 6 5 4 1 2 7]]
Number of cells unfilled: 9
Accuracy: 88.88888888888889
Sample: 46795
Question:
[[5 0 0 3 2 0 0 4 0]
 [0 0 2 0 0 9 0 0 7]
 [0 0 0 0 0 0 3 0 0]
 [4 0 0 0 0 0 0 0 1]
 [0 6 0 0 8 0 9 0 0]
 [0 0 9 0 0 5 0 3 0]
 [0 8 0 0 6 0 2 0 0]
 [0 0 4 0 0 0 0 1 0]
 [7 0 0 5 0 0 0 0 3]]
Solution:
[[8 7 9 0 1 3 0 4 5]
 [1 5 3 8 4 6 7 9 2]
 [4 0 0 7 2 5 6 3 1]
 [5 1 4 3 6 2 8 7 9]
 [2 8 0 5 7 9 4 6 3]
 [3 6 7 4 8 0 5 1 0]
 [7 4 5 2 3 0 9 8 6]
 [6 0 2 1 9 7 3 5 4]
 [9 3 8 6 5 4 1 2 7]]
Number of cells unfilled: 9
Accuracy: 88.88888888888889
Sample: 46796
Question:
[[0 0 0 0 0 0 0 2 4]
 [0 0 0 0 4 1 0 5 3]
 [0 0 0 8 0 0 6 0 0]
 [0 0 0 0 0 0 0 6 0]
 [0 0 2 0 3 0 0 0 0]
 [4 0 0 9 0 2 0 7 8]
 [0 6 0 0 0 9 0 0 0]
 [0 9 4 3 0 5 0 0 0]
 [2 0 5 7 0 0 1 0 0]]
Solution:
[[8 7 9 2 1 3 0 4 5]
 [1 5 3 8 4 6 7 9 2]
 [4 2 0 7 0 5 6 3 1]
 [5 1 4 3 6 2 8 7 9]
 [2 8 0 5 7 9 4 6 3]
 [3 6 7 4 0 8 5 1 0]
 [7 4 5 0 3 0 9 8 6]
 [6 0 2 1 9 7 3 5 4]
 [9 3 8 6 5 4 1 2 7]]
Number of cells unfilled: 9
Accuracy: 88.88888888888889
Sample: 46797
Question:
[[0 0 0 0 8 0 5 0 0]
 [0 0 9 0 0 0 6 0 0]
 [0 0 0 0 0 0 0 4 7]
 [4 0 0 2 9 0 0 0 5]
 [0 3 0 1 0 0 0 7 0]
 [1 0 0 0 0 8 3 0 0]
 [0 1 0 0 7 0 0 6 0]
 [0 0 0 5 0 6 0 0 4]
 [3 0 6 0 0 0 0 0 9]]
Solution:
[[8 7 9 2 1 3 0 4 5]
 [1 5 3 8 4 6 7 9 2]
 [4 2 0 7 0 5 6 3 1]
 [5 1 4 3 6 2 8 7 9]
 [2 8 0 5 7 9 4 6 3]
 [3 6 7 4 0 8 5 1 0]
 [7 4 5 0 3 0 9 8 6]
 [6 0 2 1 9 7 3 5 4]
 [9 3 8 6 5 4 1 2 7]]
Number of cells unfilled: 9
Accuracy: 88.88888888888889
Sample: 46798
Question:
[[0 6 9 0 0 0 0 0 0]
 [0 0 3 0 0 1 0 6 0]
 [2 0 0 0 0 0 0 0 4]
 [0 3 0 0 0 6 7 0 0]
 [8 0 0 0 2 0 0 0 0]
 [0 0 0 3 5 0 0 0 8]
 [0 0 7 0 0 0 3 0 0]
 [0 1 0 0 0 3 0 9 0]
 [0 0 0 4 0 0 0 0 5]]
Solution:
[[8 7 9 2 1 3 0 4 5]
 [1 5 3 8 4 6 7 9 2]
 [4 2 0 7 0 5 6 3 1]
 [5 1 4 3 6 2 8 7 9]
 [2 8 0 5 7 9 4 6 3]
 [3 6 7 4 0 8 5 1 0]
 [7 4 5 0 3 0 9 8 6]
 [6 0 2 1 9 7 3 5 4]
 [9 3 8 6 5 4 1 2 7]]
Number of cells unfilled: 9
Accuracy: 88.88888888888889
Sample: 46799
Question:
[[0 5 0 0 0 0 0 0 0]
 [0 9 1 0 0 6 0 3 4]
 [3 7 0 0 0 0 8 0 0]
 [0 0 0 6 0 0 0 4 0]
 [9 0 8 3 1 0 0 0 6]
 [0 0 0 0 5 9 0 0 0]
 [0 0 0 0 3 0 0 1 0]
 [0 0 0 8 9 0 6 0 0]
 [0 0 5 0 0 0 0 8 7]]
Solution:
[[8 7 9 2 1 3 0 4 5]
 [0 5 3 0 4 6 7 9 2]
 [4 2 0 7 8 5 6 3 1]
 [5 1 4 3 6 2 8 7 9]
 [2 8 0 5 7 9 4 6 3]
 [3 6 7 4 0 8 5 1 0]
 [7 4 5 0 3 0 9 8 6]
 [6 0 2 1 9 7 3 5 4]
 [1 3 8 6 2 4 0 0 7]]
Number of cells unfilled: 12
Accuracy: 85.18518518518519
Sample: 46800
Question:
[[8 7 9 0 1 0 0 0 0]
 [0 0 0 0 0 6 0 9 2]
 [0 0 0 0 0 5 0 0 1]
 [0 1 4 0 6 0 0 7 0]
 [0 0 0 0 0 9 0 0 0]
 [3 0 7 4 0 0 5 1 0]
 [7 0 0 0 0 0 9 8 0]
 [0 0 2 0 9 7 0 0 0]
 [0 0 0 6 0 0 0 0 0]]
Solution:
[[8 7 9 0 1 3 0 4 5]
 [1 5 3 8 4 6 7 9 2]
 [4 0 0 7 2 5 6 3 1]
 [5 1 4 3 6 2 8 7 9]
 [2 8 0 5 7 9 4 6 3]
 [3 6 7 4 8 0 5 1 0]
 [7 4 5 2 3 0 9 8 6]
 [6 0 2 1 9 7 3 5 4]
 [9 3 8 6 5 4 1 2 7]]
Number of cells unfilled: 9
Accuracy: 88.88888888888889
