2025-10-22 14:57:27.201540: I tensorflow/core/util/port.cc:153] oneDNN custom operations are on. You may see slightly different numerical results due to floating-point round-off errors from different computation orders. To turn them off, set the environment variable `TF_ENABLE_ONEDNN_OPTS=0`.
2025-10-22 14:57:27.785191: I tensorflow/core/platform/cpu_feature_guard.cc:210] This TensorFlow binary is optimized to use available CPU instructions in performance-critical operations.
To enable the following instructions: AVX2 AVX512F AVX512_VNNI FMA, in other operations, rebuild TensorFlow with the appropriate compiler flags.
2025-10-22 14:57:32.652023: I tensorflow/core/util/port.cc:153] oneDNN custom operations are on. You may see slightly different numerical results due to floating-point round-off errors from different computation orders. To turn them off, set the environment variable `TF_ENABLE_ONEDNN_OPTS=0`.
2025-10-22 14:57:38.907116: E external/local_xla/xla/stream_executor/cuda/cuda_platform.cc:51] failed call to cuInit: INTERNAL: CUDA error: Failed call to cuInit: UNKNOWN ERROR (303)
Sample: 48401
Question:
[[0 0 4 0 0 0 0 7 8]
 [0 0 0 3 1 4 0 0 5]
 [9 5 0 0 2 0 0 1 6]
 [2 0 9 5 0 0 0 3 0]
 [7 0 6 0 9 0 0 0 0]
 [0 0 0 0 0 7 0 4 0]
 [6 8 1 0 0 3 0 0 0]
 [0 0 0 1 0 0 5 0 0]
 [3 7 0 8 4 0 0 0 2]]
Solution:
[[3 0 8 5 0 6 0 4 2]
 [9 7 6 4 2 1 8 0 3]
 [2 4 1 7 9 3 6 5 0]
 [0 6 4 0 1 0 3 8 7]
 [5 1 3 8 7 4 2 9 0]
 [0 8 7 2 5 9 4 1 6]
 [4 2 9 1 8 5 7 3 0]
 [1 5 0 3 4 2 9 6 8]
 [7 3 0 9 6 0 1 2 4]]
Number of cells unfilled: 14
Accuracy: 82.71604938271605
Sample: 48402
Question:
[[0 0 0 0 0 0 0 0 3]
 [0 3 0 7 0 6 2 0 9]
 [2 0 6 0 0 9 1 0 0]
 [0 0 0 0 0 8 0 9 0]
 [0 0 0 0 0 4 0 0 0]
 [9 0 0 3 0 0 7 0 0]
 [7 0 0 0 0 0 6 2 0]
 [6 0 3 1 0 0 0 0 7]
 [0 9 2 0 6 0 0 0 1]]
Solution:
[[3 0 8 5 0 1 0 4 9]
 [9 7 6 4 2 8 0 0 3]
 [2 4 1 7 9 3 6 5 0]
 [0 6 4 0 1 0 3 8 5]
 [5 1 3 8 7 4 2 9 0]
 [0 8 7 2 5 9 4 1 6]
 [4 2 9 1 8 5 7 3 0]
 [1 5 0 3 4 2 9 6 8]
 [8 3 0 9 6 7 1 2 4]]
Number of cells unfilled: 14
Accuracy: 82.71604938271605
Sample: 48403
Question:
[[0 0 0 0 0 0 0 0 6]
 [0 0 7 0 0 0 0 0 8]
 [0 3 0 7 0 0 0 4 0]
 [1 0 0 0 2 7 9 0 0]
 [0 9 2 3 0 0 0 0 0]
 [0 7 0 9 4 0 0 1 0]
 [0 2 0 0 0 4 0 3 9]
 [0 1 3 2 9 0 0 0 7]
 [4 0 0 0 0 0 0 0 0]]
Solution:
[[3 0 8 5 0 6 0 4 9]
 [9 7 6 4 2 8 0 0 3]
 [2 4 1 7 9 3 6 5 0]
 [0 6 2 0 1 0 3 8 5]
 [5 1 3 8 7 4 2 9 0]
 [0 8 7 2 5 9 4 1 6]
 [4 2 9 1 8 5 7 3 0]
 [1 5 0 3 4 2 9 6 8]
 [8 3 0 9 6 7 1 2 4]]
Number of cells unfilled: 14
Accuracy: 82.71604938271605
Sample: 48404
Question:
[[0 0 0 0 0 0 3 0 0]
 [0 0 0 5 0 3 8 0 2]
 [0 0 0 8 0 0 0 6 5]
 [0 0 0 2 0 0 0 0 0]
 [7 0 9 3 0 0 0 0 0]
 [5 0 0 0 6 0 0 0 1]
 [0 6 0 1 8 0 0 5 0]
 [0 0 0 0 0 2 1 0 6]
 [3 0 1 0 0 5 2 8 0]]
Solution:
[[3 0 8 5 0 1 0 4 2]
 [9 7 6 4 2 8 0 5 3]
 [2 4 1 7 9 3 6 0 0]
 [0 6 2 0 1 0 3 8 7]
 [5 1 3 8 7 4 2 9 0]
 [0 8 7 2 5 9 4 1 6]
 [4 2 9 1 8 5 7 3 0]
 [1 5 0 3 4 2 9 6 8]
 [8 3 0 9 6 7 1 2 4]]
Number of cells unfilled: 14
Accuracy: 82.71604938271605
Sample: 48405
Question:
[[0 0 0 0 0 0 5 0 0]
 [1 0 0 0 8 0 0 6 0]
 [0 0 0 0 4 2 9 0 1]
 [5 7 0 0 0 0 8 0 9]
 [0 9 0 0 0 0 0 0 0]
 [8 0 6 0 0 0 7 0 0]
 [6 1 0 0 0 0 0 0 5]
 [0 5 7 0 9 1 0 0 0]
 [0 0 8 6 0 0 0 7 0]]
Solution:
[[3 0 8 5 0 6 0 4 2]
 [9 7 6 4 2 1 8 0 3]
 [2 4 1 7 9 3 6 5 0]
 [0 6 2 0 1 0 3 8 7]
 [5 1 3 8 7 4 2 9 0]
 [4 8 7 2 5 9 0 1 6]
 [6 2 9 1 8 5 7 3 0]
 [1 5 0 3 4 7 9 6 8]
 [7 3 0 9 6 0 1 2 4]]
Number of cells unfilled: 14
Accuracy: 82.71604938271605
Sample: 48406
Question:
[[0 0 0 0 0 1 0 0 0]
 [0 0 0 0 4 5 0 0 2]
 [1 0 0 8 2 0 0 0 5]
 [0 7 3 0 0 0 0 2 0]
 [0 2 0 0 6 0 0 8 0]
 [0 0 0 0 0 0 0 0 4]
 [0 0 0 0 0 6 4 1 0]
 [8 0 0 2 1 0 0 5 6]
 [0 0 0 5 0 4 0 0 8]]
Solution:
[[3 0 8 5 0 6 0 4 2]
 [9 7 6 4 2 1 8 0 3]
 [2 4 1 7 9 3 6 5 0]
 [0 6 4 0 1 0 3 8 7]
 [5 1 3 8 7 4 2 9 0]
 [0 8 7 2 5 9 4 1 6]
 [4 2 9 1 8 5 7 3 0]
 [1 5 0 3 4 2 9 6 8]
 [7 3 0 9 6 0 1 2 4]]
Number of cells unfilled: 14
Accuracy: 82.71604938271605
Sample: 48407
Question:
[[0 0 0 0 0 1 0 4 0]
 [0 0 0 0 2 0 7 0 0]
 [0 0 0 0 0 6 9 8 0]
 [5 0 9 0 1 2 0 6 7]
 [0 0 6 7 0 9 0 0 0]
 [0 0 0 0 5 0 2 0 0]
 [0 6 5 1 0 0 0 0 0]
 [2 0 0 0 9 5 0 0 0]
 [9 0 7 0 0 0 1 0 0]]
Solution:
[[3 0 8 5 0 6 0 4 7]
 [9 7 6 4 2 1 8 5 3]
 [2 4 1 7 9 3 6 0 0]
 [0 6 2 0 1 0 3 8 5]
 [5 1 3 8 7 4 2 9 0]
 [4 8 7 2 5 9 0 1 6]
 [6 2 9 1 8 5 7 3 0]
 [1 5 0 3 4 2 9 6 8]
 [8 3 0 9 6 7 1 2 4]]
Number of cells unfilled: 13
Accuracy: 83.9506172839506
Sample: 48408
Question:
[[0 0 0 0 0 3 9 2 0]
 [0 2 0 9 5 0 0 0 7]
 [7 0 0 8 0 2 0 5 3]
 [3 0 0 0 8 0 0 9 0]
 [0 0 0 0 0 0 2 0 8]
 [0 0 5 2 0 9 0 7 0]
 [0 0 6 0 0 0 0 0 0]
 [8 0 0 0 0 5 0 3 0]
 [0 0 4 0 0 0 5 0 0]]
Solution:
[[3 0 8 5 0 1 0 4 9]
 [9 7 6 4 2 8 0 5 3]
 [2 4 1 7 9 3 6 0 0]
 [0 6 2 0 1 0 3 8 5]
 [5 1 3 8 7 4 2 9 0]
 [4 8 7 2 5 9 0 1 6]
 [6 2 9 1 8 5 7 3 0]
 [1 5 0 3 4 2 9 6 8]
 [8 3 0 9 6 7 1 2 4]]
Number of cells unfilled: 14
Accuracy: 82.71604938271605
Sample: 48409
Question:
[[0 0 0 0 0 6 0 0 0]
 [8 2 0 4 1 0 0 6 0]
 [0 0 0 0 8 5 2 0 4]
 [5 0 0 0 4 0 0 0 0]
 [0 0 0 0 0 0 7 0 0]
 [0 0 0 5 0 0 9 0 0]
 [4 0 0 8 2 0 0 0 0]
 [2 6 0 0 0 0 0 0 1]
 [0 8 5 6 0 1 0 2 0]]
Solution:
[[3 0 8 5 0 6 0 4 9]
 [9 7 6 4 2 1 8 0 3]
 [2 4 1 7 9 3 6 5 0]
 [0 6 2 0 1 0 3 8 7]
 [5 1 3 8 7 4 2 9 0]
 [4 8 7 2 5 9 0 1 6]
 [6 2 9 1 8 5 7 3 0]
 [1 5 0 3 4 2 9 6 8]
 [7 3 0 9 6 0 1 2 4]]
Number of cells unfilled: 14
Accuracy: 82.71604938271605
Sample: 48410
Question:
[[0 0 0 0 2 5 0 0 0]
 [0 0 0 0 0 9 0 0 8]
 [0 5 0 3 0 0 0 9 0]
 [0 7 5 8 0 0 0 3 0]
 [2 0 9 0 3 7 0 0 0]
 [8 0 0 5 0 2 9 0 0]
 [0 0 3 0 7 0 0 0 0]
 [0 0 8 0 0 0 6 0 1]
 [0 2 0 0 0 8 0 0 0]]
Solution:
[[3 0 8 5 0 1 0 4 9]
 [9 7 6 4 2 8 0 0 3]
 [2 4 1 7 9 3 6 5 0]
 [0 6 2 0 1 0 3 8 7]
 [5 1 3 8 7 4 2 9 0]
 [4 8 7 2 5 9 0 1 6]
 [6 2 9 1 8 5 7 3 0]
 [1 5 0 3 4 2 9 6 8]
 [7 3 0 9 6 0 1 2 4]]
Number of cells unfilled: 15
Accuracy: 81.48148148148148
Sample: 48411
Question:
[[0 0 0 0 3 0 0 0 0]
 [0 0 1 0 0 0 6 0 0]
 [0 0 0 0 7 0 0 9 0]
 [0 6 4 0 9 1 0 0 0]
 [0 0 2 8 0 0 4 0 0]
 [9 8 0 0 0 0 0 0 0]
 [8 2 0 9 0 0 0 6 4]
 [0 1 6 0 0 2 0 0 8]
 [4 0 9 0 0 0 1 0 0]]
Solution:
[[3 0 8 5 0 6 0 4 2]
 [9 7 6 4 2 1 8 0 3]
 [2 4 1 7 9 3 6 5 0]
 [0 6 2 0 1 0 3 8 7]
 [5 1 3 8 7 4 2 9 0]
 [4 8 7 2 5 9 0 1 6]
 [6 2 9 1 8 5 7 3 0]
 [1 5 0 3 4 7 9 6 8]
 [7 3 0 9 6 0 1 2 4]]
Number of cells unfilled: 14
Accuracy: 82.71604938271605
Sample: 48412
Question:
[[0 0 0 0 4 0 3 0 0]
 [0 0 1 0 0 0 2 0 0]
 [0 4 0 0 0 5 0 0 0]
 [8 0 0 5 0 0 0 0 7]
 [0 5 0 0 6 1 0 0 0]
 [6 0 4 7 8 0 0 1 0]
 [1 6 0 0 0 7 0 8 0]
 [0 0 0 4 0 6 1 0 5]
 [0 0 0 8 0 0 0 0 0]]
Solution:
[[3 0 8 5 0 6 0 4 1]
 [9 7 6 4 2 8 0 0 3]
 [2 4 1 7 9 3 6 5 0]
 [0 6 2 0 1 0 3 8 7]
 [5 1 3 8 7 4 2 9 0]
 [4 8 7 2 5 9 0 1 6]
 [6 2 9 1 8 5 7 3 0]
 [1 5 0 3 4 7 9 6 8]
 [7 3 0 9 6 0 1 2 4]]
Number of cells unfilled: 15
Accuracy: 81.48148148148148
Sample: 48413
Question:
[[0 0 0 0 8 0 2 0 0]
 [0 0 7 2 0 0 1 0 3]
 [0 0 0 3 0 0 0 5 8]
 [0 7 0 5 0 0 0 2 1]
 [3 0 1 7 0 0 8 0 5]
 [0 0 0 0 0 8 0 0 0]
 [9 0 4 0 3 0 0 0 0]
 [0 0 0 0 5 0 0 0 7]
 [0 0 0 0 0 2 0 1 0]]
Solution:
[[3 0 8 5 0 6 0 4 2]
 [9 7 6 4 2 1 8 5 3]
 [2 4 1 7 9 3 6 0 0]
 [0 6 2 0 1 0 3 8 5]
 [5 1 3 8 7 4 2 9 0]
 [4 8 7 2 5 9 0 1 6]
 [6 2 9 1 8 5 7 3 0]
 [1 5 0 3 4 2 9 6 8]
 [8 3 0 9 6 7 1 2 4]]
Number of cells unfilled: 13
Accuracy: 83.9506172839506
Sample: 48414
Question:
[[0 0 0 1 0 0 8 0 9]
 [0 0 0 0 0 0 4 6 0]
 [0 0 0 9 0 6 0 1 3]
 [2 5 0 6 0 0 0 0 0]
 [0 9 0 0 8 0 0 0 4]
 [0 0 0 3 0 0 0 0 0]
 [0 0 8 4 1 0 9 0 0]
 [4 6 0 0 0 9 1 3 0]
 [0 0 0 0 0 3 0 0 8]]
Solution:
[[3 0 8 5 0 6 0 4 2]
 [9 7 6 4 2 8 0 0 3]
 [2 4 1 7 9 3 6 5 0]
 [0 6 2 0 1 0 3 8 7]
 [5 1 3 8 7 4 2 9 0]
 [0 8 7 2 5 9 4 1 6]
 [4 2 9 1 8 5 7 3 0]
 [1 5 0 3 4 2 9 6 8]
 [8 3 0 9 6 7 1 2 4]]
Number of cells unfilled: 14
Accuracy: 82.71604938271605
Sample: 48415
Question:
[[0 0 0 1 0 2 3 0 0]
 [2 0 0 7 4 0 0 8 0]
 [0 4 0 0 0 0 2 0 7]
 [0 3 2 0 8 1 0 0 0]
 [0 0 0 0 7 0 0 0 0]
 [7 0 0 3 0 4 1 0 2]
 [0 0 0 0 0 3 8 0 0]
 [0 0 6 8 0 0 0 1 0]
 [0 0 5 0 0 0 0 0 0]]
Solution:
[[3 0 8 5 0 6 0 4 1]
 [9 7 6 4 2 1 8 5 3]
 [2 4 1 7 9 3 6 0 0]
 [0 6 2 0 1 0 3 8 7]
 [5 1 3 8 7 4 2 9 0]
 [4 8 7 2 5 9 0 1 6]
 [6 2 9 1 8 5 7 3 0]
 [1 5 0 3 4 2 9 6 8]
 [8 3 0 9 6 7 1 2 4]]
Number of cells unfilled: 13
Accuracy: 83.9506172839506
Sample: 48416
Question:
[[0 0 0 2 0 7 0 4 9]
 [0 0 2 0 0 0 0 0 7]
 [0 4 0 0 5 9 0 0 0]
 [4 9 0 0 0 0 0 5 0]
 [0 0 5 0 6 0 0 9 2]
 [2 0 6 0 0 0 7 0 4]
 [6 0 0 0 0 8 0 0 0]
 [0 5 0 6 0 0 0 0 0]
 [7 0 0 0 9 3 0 0 0]]
Solution:
[[3 0 8 5 0 6 0 4 1]
 [9 7 6 4 2 1 8 0 3]
 [2 4 1 7 9 3 6 5 0]
 [0 6 2 0 1 0 3 8 5]
 [5 1 3 8 7 4 2 9 0]
 [0 8 7 2 5 9 4 1 6]
 [4 2 9 1 8 5 7 3 0]
 [1 5 0 3 4 2 9 6 8]
 [7 3 0 9 6 0 1 2 4]]
Number of cells unfilled: 14
Accuracy: 82.71604938271605
Sample: 48417
Question:
[[0 0 0 3 0 0 0 9 0]
 [0 0 3 0 1 0 5 0 0]
 [0 0 0 0 8 2 0 6 0]
 [7 9 0 0 6 3 0 5 1]
 [1 0 0 5 0 0 7 0 0]
 [0 3 0 0 0 0 0 0 9]
 [5 0 1 0 0 0 0 7 0]
 [0 6 0 0 0 0 0 0 0]
 [0 7 9 0 0 0 0 1 6]]
Solution:
[[3 0 8 5 0 6 0 4 2]
 [9 7 6 4 2 1 8 5 3]
 [2 4 1 7 9 3 6 0 0]
 [0 6 2 0 1 0 3 8 5]
 [5 1 3 8 7 4 2 9 0]
 [0 8 7 2 5 9 4 1 6]
 [4 2 9 1 8 5 7 3 0]
 [1 5 0 3 4 2 9 6 8]
 [8 3 0 9 6 7 1 2 4]]
Number of cells unfilled: 13
Accuracy: 83.9506172839506
Sample: 48418
Question:
[[0 0 0 3 0 7 0 0 0]
 [0 4 3 6 9 0 0 0 0]
 [0 6 0 0 4 2 0 0 0]
 [2 0 0 0 7 0 0 0 4]
 [0 9 0 0 0 0 0 0 0]
 [0 3 0 0 0 0 1 0 5]
 [6 7 0 0 0 4 0 2 0]
 [0 0 9 0 0 0 0 0 0]
 [0 2 4 9 0 6 7 0 3]]
Solution:
[[3 0 8 5 0 6 0 4 1]
 [9 7 6 4 2 1 8 0 3]
 [2 4 1 7 9 3 6 5 0]
 [0 6 2 0 1 0 3 8 7]
 [5 1 3 8 7 4 2 9 0]
 [4 8 7 2 5 9 0 1 6]
 [6 2 9 1 8 5 7 3 0]
 [1 5 0 3 4 2 9 6 8]
 [8 3 0 9 6 7 1 2 4]]
Number of cells unfilled: 13
Accuracy: 83.9506172839506
Sample: 48419
Question:
[[0 0 0 4 0 9 0 6 1]
 [0 0 0 0 7 6 2 0 0]
 [0 4 0 2 1 0 7 9 0]
 [0 0 8 0 0 0 0 0 0]
 [0 7 3 0 0 0 0 0 0]
 [0 0 0 0 2 0 1 0 0]
 [0 0 0 9 0 0 0 0 0]
 [0 2 7 1 6 0 0 0 0]
 [9 0 0 0 4 0 6 7 0]]
Solution:
[[3 0 8 5 0 6 0 4 1]
 [9 7 6 4 2 1 5 0 3]
 [2 4 1 7 9 3 6 0 0]
 [0 6 4 0 1 0 3 8 5]
 [5 1 3 8 7 4 2 9 0]
 [0 8 7 2 5 9 4 1 6]
 [4 2 9 1 8 5 7 3 0]
 [1 5 0 3 4 2 9 6 8]
 [8 3 0 9 6 7 1 2 4]]
Number of cells unfilled: 14
Accuracy: 82.71604938271605
Sample: 48420
Question:
[[0 0 0 5 0 0 0 0 0]
 [4 0 3 0 0 0 2 0 5]
 [0 6 0 0 7 0 0 0 9]
 [0 9 0 0 2 5 7 0 1]
 [2 0 0 0 0 1 0 0 0]
 [0 0 0 7 9 0 0 6 0]
 [0 0 0 2 0 0 0 0 6]
 [0 2 0 0 5 9 1 0 0]
 [0 0 0 1 6 0 5 0 0]]
Solution:
[[3 0 8 5 0 6 0 4 1]
 [9 7 6 4 2 1 8 0 3]
 [2 4 1 7 9 3 6 5 0]
 [0 6 2 0 1 0 3 8 7]
 [5 1 3 8 7 4 2 9 0]
 [0 8 7 2 5 9 4 1 6]
 [4 2 9 1 8 5 7 3 0]
 [1 5 0 3 4 2 9 6 8]
 [8 3 0 9 6 7 1 2 4]]
Number of cells unfilled: 13
Accuracy: 83.9506172839506
Sample: 48421
Question:
[[0 0 0 6 0 0 9 0 0]
 [7 1 0 0 0 0 0 0 0]
 [0 0 0 0 8 0 0 4 0]
 [0 0 0 0 4 3 0 9 8]
 [0 0 9 2 0 8 3 6 0]
 [0 0 0 0 6 0 2 0 4]
 [0 0 2 0 0 9 0 3 0]
 [8 0 0 0 2 0 0 0 0]
 [0 0 0 4 3 0 0 8 0]]
Solution:
[[3 0 8 5 0 1 0 4 9]
 [9 7 6 4 2 8 0 0 3]
 [2 4 1 7 9 3 6 5 0]
 [0 6 2 0 1 0 3 8 5]
 [5 1 3 8 7 4 2 9 0]
 [4 8 7 2 5 9 0 1 6]
 [6 2 9 1 8 5 7 3 0]
 [1 5 0 3 4 2 9 6 8]
 [8 3 0 9 6 7 1 2 4]]
Number of cells unfilled: 14
Accuracy: 82.71604938271605
Sample: 48422
Question:
[[0 0 0 7 6 0 0 9 0]
 [6 0 5 0 1 0 0 0 4]
 [0 0 0 4 0 5 0 0 0]
 [0 0 4 9 0 0 0 1 0]
 [0 7 6 1 0 4 0 0 5]
 [9 0 0 0 5 6 0 0 0]
 [0 0 0 0 0 7 3 0 0]
 [7 0 0 0 9 0 0 0 0]
 [0 5 0 0 0 0 8 0 0]]
Solution:
[[3 0 8 5 0 6 0 4 9]
 [9 7 6 4 2 1 8 5 3]
 [2 4 1 7 9 3 6 0 0]
 [0 6 4 0 1 0 3 8 7]
 [5 1 3 8 7 4 2 9 0]
 [0 8 7 2 5 9 4 1 6]
 [4 2 9 1 8 5 7 3 0]
 [1 5 0 3 4 2 9 6 8]
 [7 3 0 9 6 0 1 2 4]]
Number of cells unfilled: 14
Accuracy: 82.71604938271605
Sample: 48423
Question:
[[0 0 0 8 0 0 9 0 7]
 [0 0 0 9 6 0 3 4 0]
 [4 0 0 0 3 7 0 8 6]
 [0 0 3 7 0 0 0 0 0]
 [7 0 0 0 4 0 0 6 0]
 [0 0 0 6 0 9 0 0 0]
 [0 0 0 3 0 0 0 9 0]
 [0 0 0 0 0 8 0 0 4]
 [0 2 5 0 0 0 0 0 3]]
Solution:
[[3 0 8 5 0 1 0 4 2]
 [9 7 6 4 2 8 0 0 3]
 [2 4 1 7 9 3 6 5 0]
 [0 6 2 0 1 0 3 8 7]
 [5 1 3 8 7 4 2 9 0]
 [4 8 7 2 5 9 0 1 6]
 [6 2 9 1 8 5 7 3 0]
 [1 5 0 3 4 2 9 6 8]
 [8 3 0 9 6 7 1 2 4]]
Number of cells unfilled: 14
Accuracy: 82.71604938271605
Sample: 48424
Question:
[[0 0 0 9 0 5 0 7 0]
 [0 0 0 0 4 0 0 1 0]
 [4 0 0 0 0 2 3 0 0]
 [3 4 0 0 0 0 0 0 1]
 [0 0 2 0 3 0 6 0 0]
 [0 1 6 4 0 7 0 0 2]
 [1 6 0 0 0 0 0 2 7]
 [2 0 3 0 0 0 0 6 0]
 [0 7 0 0 0 0 0 0 0]]
Solution:
[[3 0 8 5 0 6 0 4 7]
 [9 7 6 4 2 0 8 1 3]
 [2 4 1 7 9 3 6 5 0]
 [0 6 4 0 1 0 3 8 5]
 [5 1 3 8 7 4 2 9 0]
 [0 8 7 2 5 9 4 0 6]
 [4 2 9 1 8 5 7 3 0]
 [1 5 0 3 4 2 9 6 8]
 [7 3 0 9 6 0 1 2 4]]
Number of cells unfilled: 15
Accuracy: 81.48148148148148
Sample: 48425
Question:
[[0 0 1 6 0 0 0 0 3]
 [0 2 0 0 0 0 1 6 0]
 [0 3 0 0 0 5 0 4 2]
 [6 1 0 0 4 3 2 0 0]
 [2 0 0 1 0 0 0 0 0]
 [0 5 3 0 0 0 0 0 4]
 [0 0 5 0 0 0 0 0 0]
 [0 6 0 0 8 0 0 5 0]
 [0 4 0 0 7 0 0 0 0]]
Solution:
[[3 0 8 5 0 6 0 4 1]
 [9 7 6 4 2 1 8 5 3]
 [2 4 1 7 9 3 6 0 0]
 [0 6 2 0 1 0 3 8 7]
 [5 1 3 8 7 4 2 9 0]
 [4 8 7 2 5 9 0 1 6]
 [6 2 9 1 8 5 7 3 0]
 [1 5 0 3 4 2 9 6 8]
 [8 3 0 9 6 7 1 2 4]]
Number of cells unfilled: 13
Accuracy: 83.9506172839506
Sample: 48426
Question:
[[0 0 2 0 0 5 4 0 6]
 [4 0 5 0 0 0 7 1 0]
 [7 6 0 0 0 0 0 5 2]
 [5 0 0 0 3 0 0 0 0]
 [0 2 0 0 0 0 0 0 0]
 [1 0 0 0 9 6 0 0 0]
 [0 0 0 4 1 0 6 0 7]
 [0 7 0 0 0 2 0 0 0]
 [6 0 4 0 0 0 1 0 0]]
Solution:
[[3 0 8 5 0 6 0 4 9]
 [9 7 6 4 2 1 8 0 3]
 [2 4 1 7 9 3 6 5 0]
 [0 6 2 0 1 0 3 8 7]
 [5 1 3 8 7 4 2 9 0]
 [4 8 7 2 5 9 0 1 6]
 [6 2 9 1 8 5 7 3 0]
 [1 5 0 3 4 7 9 6 8]
 [7 3 0 9 6 0 1 2 4]]
Number of cells unfilled: 14
Accuracy: 82.71604938271605
Sample: 48427
Question:
[[0 0 3 0 0 6 0 7 0]
 [6 4 0 0 0 1 0 0 0]
 [7 0 0 0 0 0 0 0 1]
 [1 0 0 0 0 4 0 0 0]
 [0 5 0 0 3 0 0 0 0]
 [0 0 0 0 1 0 2 0 8]
 [5 3 0 4 7 0 0 0 0]
 [4 0 6 0 0 0 0 0 0]
 [0 7 1 0 6 5 0 3 0]]
Solution:
[[3 0 8 5 0 6 0 4 1]
 [9 7 6 4 2 8 0 5 3]
 [2 4 1 7 9 3 6 0 0]
 [0 6 2 0 1 0 3 8 5]
 [5 1 3 8 7 4 2 9 0]
 [4 8 7 2 5 9 0 1 6]
 [6 2 9 1 8 5 7 3 0]
 [1 5 0 3 4 2 9 6 8]
 [8 3 0 9 6 7 1 2 4]]
Number of cells unfilled: 14
Accuracy: 82.71604938271605
Sample: 48428
Question:
[[0 0 4 0 0 0 2 0 0]
 [0 7 0 0 0 0 0 0 9]
 [0 0 9 3 0 8 0 0 0]
 [0 2 1 0 4 0 0 9 0]
 [7 0 6 0 0 0 4 0 2]
 [0 0 0 6 0 0 0 1 7]
 [0 9 0 0 0 0 7 0 0]
 [0 0 0 1 0 0 0 0 6]
 [0 1 0 0 6 0 9 4 0]]
Solution:
[[3 0 8 5 0 1 0 4 2]
 [9 7 6 4 2 8 0 0 3]
 [2 4 1 7 9 3 6 5 0]
 [0 6 2 0 1 0 3 8 7]
 [5 1 3 8 7 4 2 9 0]
 [4 8 7 2 5 9 0 1 6]
 [6 2 9 1 8 5 7 3 0]
 [1 5 0 3 4 2 9 6 8]
 [8 3 0 9 6 7 1 2 4]]
Number of cells unfilled: 14
Accuracy: 82.71604938271605
Sample: 48429
Question:
[[0 0 4 8 0 0 0 5 0]
 [0 0 0 7 3 0 0 0 0]
 [0 2 0 0 0 0 0 0 0]
 [2 0 1 0 0 0 0 0 5]
 [0 5 6 0 0 4 8 0 0]
 [8 4 0 1 0 0 6 0 2]
 [0 6 0 0 0 1 4 8 0]
 [0 8 0 0 0 0 0 2 6]
 [0 0 0 0 0 0 0 0 1]]
Solution:
[[3 0 8 5 0 6 0 4 1]
 [9 7 6 4 2 1 8 0 3]
 [2 4 1 7 9 3 6 5 0]
 [0 6 2 0 1 0 3 8 7]
 [5 1 3 8 7 4 2 9 0]
 [4 8 7 2 5 9 0 1 6]
 [6 2 9 1 8 5 7 3 0]
 [1 5 0 3 4 2 9 6 8]
 [7 3 0 9 6 0 1 2 4]]
Number of cells unfilled: 14
Accuracy: 82.71604938271605
Sample: 48430
Question:
[[0 0 5 0 0 9 0 4 0]
 [0 0 1 0 0 7 0 2 0]
 [0 0 0 0 0 0 8 0 0]
 [0 5 0 0 3 4 2 0 0]
 [0 0 0 8 0 1 5 0 0]
 [4 0 0 0 0 0 0 0 3]
 [0 0 4 0 1 0 0 3 2]
 [3 0 0 2 0 0 0 0 8]
 [0 8 0 0 0 0 1 5 0]]
Solution:
[[3 0 8 5 0 6 0 4 7]
 [9 7 6 4 2 8 0 5 3]
 [2 4 1 7 9 3 6 0 0]
 [0 6 2 0 1 0 3 8 5]
 [5 1 3 8 7 4 2 9 0]
 [4 8 7 2 5 9 0 1 6]
 [6 2 9 1 8 5 7 3 0]
 [1 5 0 3 4 2 9 6 8]
 [8 3 0 9 6 7 1 2 4]]
Number of cells unfilled: 14
Accuracy: 82.71604938271605
Sample: 48431
Question:
[[0 0 7 0 0 0 0 5 0]
 [9 5 0 0 0 6 2 0 0]
 [0 6 2 0 3 0 9 7 0]
 [0 9 0 0 0 0 6 0 2]
 [0 0 0 0 0 0 0 3 0]
 [0 2 3 0 0 0 0 9 7]
 [0 3 0 8 1 0 0 0 0]
 [6 0 0 0 2 7 0 0 5]
 [0 7 0 0 0 0 0 0 0]]
Solution:
[[3 0 8 5 0 6 0 4 9]
 [9 7 6 4 2 1 8 0 3]
 [2 4 1 7 9 3 6 5 0]
 [0 6 2 0 1 0 3 8 7]
 [5 1 3 8 7 4 2 9 0]
 [0 8 7 2 5 9 4 1 6]
 [4 2 9 1 8 5 7 3 0]
 [1 5 0 3 4 2 9 6 8]
 [8 3 0 9 6 7 1 2 4]]
Number of cells unfilled: 13
Accuracy: 83.9506172839506
Sample: 48432
Question:
[[0 1 0 0 0 0 4 0 0]
 [0 0 2 4 0 1 0 6 7]
 [0 0 0 0 6 5 0 0 2]
 [0 4 0 0 7 0 6 0 0]
 [1 2 0 5 0 0 0 4 0]
 [7 0 6 0 0 0 0 2 0]
 [5 0 0 0 0 3 0 7 0]
 [0 0 0 0 0 8 0 1 0]
 [0 0 0 0 0 0 5 0 0]]
Solution:
[[3 0 8 5 0 6 0 4 2]
 [9 7 6 4 2 1 8 0 3]
 [2 4 1 7 9 3 6 5 0]
 [0 6 2 0 1 0 3 8 5]
 [5 1 3 8 7 4 2 9 0]
 [0 8 7 2 5 9 4 1 6]
 [4 2 9 1 8 5 7 3 0]
 [1 5 0 3 4 2 9 6 8]
 [7 3 0 9 6 0 1 2 4]]
Number of cells unfilled: 14
Accuracy: 82.71604938271605
Sample: 48433
Question:
[[0 1 0 0 3 0 0 0 2]
 [0 0 0 2 0 1 0 8 0]
 [9 0 0 0 8 5 0 3 0]
 [0 0 0 0 0 0 0 0 9]
 [0 0 6 0 0 0 0 5 0]
 [0 0 4 0 0 9 0 1 0]
 [3 0 5 8 0 0 1 0 0]
 [0 0 0 0 5 2 0 0 3]
 [0 2 9 0 0 0 8 0 0]]
Solution:
[[3 0 8 5 0 6 0 4 1]
 [9 7 6 4 2 1 8 0 3]
 [2 4 1 7 9 3 6 5 0]
 [0 6 2 0 1 0 3 8 7]
 [5 1 3 8 7 4 2 9 0]
 [4 8 7 2 5 9 0 1 6]
 [6 2 9 1 8 5 7 3 0]
 [1 5 0 3 4 2 9 6 8]
 [8 3 0 9 6 7 1 2 4]]
Number of cells unfilled: 13
Accuracy: 83.9506172839506
Sample: 48434
Question:
[[0 2 0 0 0 0 0 4 0]
 [0 0 8 4 0 0 0 0 5]
 [0 0 0 0 6 9 0 2 8]
 [0 4 0 0 5 0 0 6 2]
 [0 0 6 0 0 0 8 0 9]
 [2 8 0 9 0 0 4 5 0]
 [9 0 0 0 0 1 0 0 0]
 [0 0 2 0 0 0 0 0 6]
 [0 0 0 0 0 7 0 0 0]]
Solution:
[[3 0 8 5 0 1 0 4 2]
 [9 7 6 4 2 8 0 5 3]
 [2 4 1 7 9 3 6 0 0]
 [0 6 2 0 1 0 3 8 5]
 [5 1 3 8 7 4 2 9 0]
 [4 8 7 2 5 9 0 1 6]
 [6 2 9 1 8 5 7 3 0]
 [1 5 0 3 4 2 9 6 8]
 [8 3 0 9 6 7 1 2 4]]
Number of cells unfilled: 14
Accuracy: 82.71604938271605
Sample: 48435
Question:
[[0 2 0 0 0 1 0 8 7]
 [0 0 1 0 3 0 0 0 0]
 [0 6 0 0 0 9 0 0 0]
 [0 3 5 0 0 0 0 0 0]
 [6 0 0 0 0 0 9 0 0]
 [9 1 0 5 0 6 0 3 2]
 [0 0 0 3 0 2 0 9 0]
 [0 5 0 1 0 0 0 0 0]
 [2 0 0 0 6 5 0 0 0]]
Solution:
[[3 0 8 5 0 1 0 4 9]
 [9 7 6 4 2 8 0 0 3]
 [2 4 1 7 9 3 6 5 0]
 [0 6 4 0 1 0 3 8 5]
 [5 1 3 8 7 4 2 9 0]
 [0 8 7 2 5 9 4 1 6]
 [4 2 9 1 8 5 7 3 0]
 [1 5 0 3 4 2 9 6 8]
 [7 3 0 9 6 0 1 2 4]]
Number of cells unfilled: 15
Accuracy: 81.48148148148148
Sample: 48436
Question:
[[0 2 0 0 7 0 0 0 4]
 [4 0 0 0 0 3 0 0 0]
 [0 3 0 0 0 0 1 8 0]
 [0 0 0 0 0 9 0 0 0]
 [5 0 0 2 3 0 0 0 9]
 [3 0 0 0 4 5 0 0 0]
 [7 5 0 3 0 0 0 0 2]
 [0 0 0 5 0 0 0 9 0]
 [0 9 4 0 2 7 0 0 0]]
Solution:
[[3 0 8 5 0 6 0 4 9]
 [9 7 6 4 2 1 8 5 3]
 [2 4 1 7 9 3 6 0 0]
 [0 6 2 0 1 0 3 8 5]
 [5 1 3 8 7 4 2 9 0]
 [0 8 7 2 5 9 4 1 6]
 [4 2 9 1 8 5 7 3 0]
 [1 5 0 3 4 2 9 6 8]
 [8 3 0 9 6 7 1 2 4]]
Number of cells unfilled: 13
Accuracy: 83.9506172839506
Sample: 48437
Question:
[[0 2 9 0 0 0 0 0 5]
 [0 0 0 0 4 0 1 0 0]
 [1 0 4 5 0 0 0 2 3]
 [9 0 2 0 5 4 0 1 0]
 [0 3 0 0 1 0 0 0 0]
 [0 0 0 2 0 3 0 5 0]
 [0 0 7 0 0 0 0 4 0]
 [0 0 0 0 0 0 9 0 0]
 [0 0 8 0 0 9 0 3 0]]
Solution:
[[3 0 8 5 0 6 0 4 2]
 [9 7 6 4 2 8 0 0 3]
 [2 4 1 7 9 3 6 5 0]
 [0 6 2 0 1 0 3 8 5]
 [5 1 3 8 7 4 2 9 0]
 [4 8 7 2 5 9 0 1 6]
 [6 2 9 1 8 5 7 3 0]
 [1 5 0 3 4 2 9 6 8]
 [8 3 0 9 6 7 1 2 4]]
Number of cells unfilled: 14
Accuracy: 82.71604938271605
Sample: 48438
Question:
[[0 3 0 0 7 0 2 0 8]
 [8 0 7 0 0 0 9 1 0]
 [0 2 0 9 0 0 0 3 0]
 [3 0 0 0 0 0 0 0 0]
 [0 0 8 0 1 0 7 0 0]
 [0 0 0 6 0 4 0 0 9]
 [9 0 0 0 0 0 1 0 0]
 [0 7 3 0 9 0 0 0 2]
 [2 0 1 0 0 0 0 0 3]]
Solution:
[[3 0 8 5 0 6 0 4 9]
 [9 7 6 4 2 1 8 0 3]
 [2 4 1 7 9 3 6 5 0]
 [0 6 2 0 1 0 3 8 7]
 [5 1 3 8 7 4 2 9 0]
 [4 8 7 2 5 9 0 1 6]
 [6 2 9 1 8 5 7 3 0]
 [1 5 0 3 4 2 9 6 8]
 [7 3 0 9 6 0 1 2 4]]
Number of cells unfilled: 14
Accuracy: 82.71604938271605
Sample: 48439
Question:
[[0 4 0 0 8 0 0 0 1]
 [0 0 0 2 0 0 0 0 0]
 [0 0 1 9 0 0 0 0 0]
 [8 0 5 0 0 0 0 0 0]
 [1 3 0 0 4 0 0 8 0]
 [0 6 0 0 0 0 5 0 3]
 [6 0 0 0 0 5 3 1 0]
 [0 5 3 8 0 0 0 0 4]
 [4 0 0 0 6 0 8 0 5]]
Solution:
[[3 0 8 5 0 1 0 4 2]
 [9 7 6 4 2 8 0 0 3]
 [2 4 1 7 9 3 6 5 0]
 [0 6 2 0 1 0 3 8 7]
 [5 1 3 8 7 4 2 9 0]
 [4 8 7 2 5 9 0 1 6]
 [6 2 9 1 8 5 7 3 0]
 [1 5 0 3 4 7 9 6 8]
 [7 3 0 9 6 0 1 2 4]]
Number of cells unfilled: 15
Accuracy: 81.48148148148148
Sample: 48440
Question:
[[0 4 8 0 0 0 0 0 3]
 [9 0 3 0 0 5 0 0 0]
 [1 0 0 0 0 0 0 8 0]
 [5 0 0 0 1 0 8 0 0]
 [0 1 9 0 0 0 0 0 4]
 [8 0 4 3 0 9 0 0 0]
 [0 0 5 0 0 0 0 4 0]
 [0 0 0 2 0 6 5 3 0]
 [0 9 0 0 0 0 1 0 0]]
Solution:
[[3 0 8 5 0 6 0 4 2]
 [9 7 6 4 2 1 8 5 3]
 [2 4 1 7 9 3 6 0 0]
 [0 6 2 0 1 0 3 8 5]
 [5 1 3 8 7 4 2 9 0]
 [4 8 7 2 5 9 0 1 6]
 [6 2 9 1 8 5 7 3 0]
 [1 5 0 3 4 2 9 6 8]
 [8 3 0 9 6 7 1 2 4]]
Number of cells unfilled: 13
Accuracy: 83.9506172839506
Sample: 48441
Question:
[[0 4 8 0 0 0 3 0 5]
 [7 0 0 5 0 8 0 0 2]
 [0 0 0 0 3 0 8 7 0]
 [0 6 9 2 0 4 0 0 0]
 [0 0 0 7 0 0 0 8 0]
 [0 0 0 0 0 3 2 0 0]
 [0 0 2 0 0 0 4 0 0]
 [0 0 0 0 4 0 5 3 0]
 [0 0 0 0 0 5 0 0 7]]
Solution:
[[3 0 8 5 0 6 0 4 2]
 [9 7 6 4 2 1 8 5 3]
 [2 4 1 7 9 3 6 0 0]
 [0 6 2 0 1 0 3 8 5]
 [5 1 3 8 7 4 2 9 0]
 [0 8 7 2 5 9 4 1 6]
 [4 2 9 1 8 5 7 3 0]
 [1 5 0 3 4 2 9 6 8]
 [8 3 0 9 6 7 1 2 4]]
Number of cells unfilled: 13
Accuracy: 83.9506172839506
Sample: 48442
Question:
[[0 5 0 0 9 0 2 0 0]
 [0 0 7 0 6 2 0 5 9]
 [0 0 0 3 0 0 7 0 6]
 [0 0 9 6 0 0 5 0 3]
 [7 3 0 0 0 0 6 2 0]
 [0 0 0 0 2 0 0 9 0]
 [0 0 0 2 0 0 3 0 0]
 [4 0 0 0 0 7 0 0 0]
 [8 0 0 0 0 0 0 0 0]]
Solution:
[[3 0 8 5 0 6 0 4 1]
 [9 7 6 4 2 1 8 0 3]
 [2 4 1 7 9 3 6 5 0]
 [0 6 2 0 1 0 3 8 7]
 [5 1 3 8 7 4 2 9 0]
 [0 8 7 2 5 9 4 1 6]
 [4 2 9 1 8 5 7 3 0]
 [1 5 0 3 4 2 9 6 8]
 [7 3 0 9 6 0 1 2 4]]
Number of cells unfilled: 14
Accuracy: 82.71604938271605
Sample: 48443
Question:
[[0 5 0 3 0 7 1 0 0]
 [0 0 4 0 5 0 9 0 0]
 [1 0 0 0 0 0 0 0 0]
 [0 1 0 0 9 0 2 4 0]
 [0 2 0 6 0 0 0 0 0]
 [4 0 9 0 0 0 6 0 5]
 [0 9 1 0 6 0 0 2 0]
 [2 0 5 0 0 0 0 1 0]
 [6 0 0 0 0 0 5 0 0]]
Solution:
[[3 0 8 5 0 6 0 4 2]
 [9 7 6 4 2 1 8 5 3]
 [2 4 1 7 9 3 6 0 0]
 [0 6 2 0 1 0 3 8 5]
 [5 1 3 8 7 4 2 9 0]
 [4 8 7 2 5 9 0 1 6]
 [6 2 9 1 8 5 7 3 0]
 [1 5 0 3 4 2 9 6 8]
 [8 3 0 9 6 7 1 2 4]]
Number of cells unfilled: 13
Accuracy: 83.9506172839506
Sample: 48444
Question:
[[0 6 0 0 9 0 0 0 3]
 [0 0 0 0 0 8 0 0 0]
 [8 9 0 5 3 0 6 4 0]
 [0 0 6 0 0 5 0 0 0]
 [0 5 0 4 0 0 2 1 0]
 [0 3 0 9 0 0 0 0 0]
 [0 8 9 0 4 0 0 0 0]
 [5 0 0 8 0 0 0 0 0]
 [6 4 0 0 0 0 3 0 0]]
Solution:
[[3 0 8 5 0 6 0 4 2]
 [9 7 6 4 2 1 8 0 3]
 [2 4 1 7 9 3 6 5 0]
 [0 6 2 0 1 0 3 8 7]
 [5 1 3 8 7 4 2 9 0]
 [0 8 7 2 5 9 4 1 6]
 [4 2 9 1 8 5 7 3 0]
 [1 5 0 3 4 2 9 6 8]
 [7 3 0 9 6 0 1 2 4]]
Number of cells unfilled: 14
Accuracy: 82.71604938271605
Sample: 48445
Question:
[[0 6 9 8 1 0 0 0 0]
 [0 0 0 0 3 0 0 0 0]
 [0 0 8 4 0 0 0 0 2]
 [0 0 0 0 0 0 2 1 0]
 [0 0 0 0 7 0 4 0 8]
 [0 0 0 0 8 1 0 7 3]
 [0 0 0 0 0 3 0 2 4]
 [4 0 0 7 0 0 8 0 0]
 [0 2 1 0 0 0 7 3 0]]
Solution:
[[3 0 8 5 0 1 0 4 9]
 [9 7 6 4 2 8 0 0 3]
 [2 4 1 7 9 3 6 5 0]
 [0 6 2 0 1 0 3 8 7]
 [5 1 3 8 7 4 2 9 0]
 [4 8 7 2 5 9 0 1 6]
 [6 2 9 1 8 5 7 3 0]
 [1 5 0 3 4 2 9 6 8]
 [7 3 0 9 6 0 1 2 4]]
Number of cells unfilled: 15
Accuracy: 81.48148148148148
Sample: 48446
Question:
[[0 7 0 0 0 0 0 0 6]
 [2 0 0 0 5 0 0 0 0]
 [0 0 0 0 0 2 0 0 3]
 [0 0 9 0 0 0 0 8 0]
 [5 0 0 0 7 1 0 0 0]
 [0 2 1 8 0 9 7 0 0]
 [0 0 0 2 1 0 0 5 7]
 [1 0 0 0 8 5 9 0 0]
 [0 0 2 9 0 0 0 0 0]]
Solution:
[[3 0 8 5 0 6 0 4 9]
 [9 7 6 4 2 0 8 1 3]
 [2 4 1 7 9 3 6 5 0]
 [0 6 2 0 1 0 3 8 5]
 [5 1 3 8 7 4 2 9 0]
 [0 8 7 2 5 9 4 0 6]
 [4 2 9 1 8 5 7 3 0]
 [1 5 0 3 4 2 9 6 8]
 [7 3 0 9 6 0 1 2 4]]
Number of cells unfilled: 15
Accuracy: 81.48148148148148
Sample: 48447
Question:
[[0 7 0 4 0 3 5 0 2]
 [0 0 0 0 2 0 0 9 3]
 [0 0 0 0 9 5 7 4 0]
 [0 5 0 3 0 0 2 0 7]
 [0 0 0 2 0 0 9 3 0]
 [0 0 0 0 0 0 0 5 0]
 [0 0 2 0 0 7 4 0 0]
 [8 0 6 0 0 0 0 0 0]
 [0 0 0 9 0 0 0 0 0]]
Solution:
[[3 0 8 5 0 6 0 4 9]
 [9 7 6 4 2 1 8 0 3]
 [2 4 1 7 9 3 6 5 0]
 [0 6 2 0 1 0 3 8 5]
 [5 1 3 8 7 4 2 9 0]
 [4 8 7 2 5 9 0 1 6]
 [6 2 9 1 8 5 7 3 0]
 [1 5 0 3 4 2 9 6 8]
 [7 3 0 9 6 0 1 2 4]]
Number of cells unfilled: 14
Accuracy: 82.71604938271605
Sample: 48448
Question:
[[0 7 0 9 0 0 2 0 3]
 [0 0 0 0 1 2 9 0 0]
 [0 0 0 7 3 0 0 8 1]
 [3 0 0 0 0 7 1 0 2]
 [0 0 0 3 2 0 0 0 0]
 [0 9 0 8 0 1 0 0 0]
 [0 0 5 0 0 0 0 0 0]
 [0 0 0 0 0 9 8 0 0]
 [0 2 6 0 8 0 0 0 0]]
Solution:
[[3 0 8 5 0 6 0 4 2]
 [9 7 6 4 2 1 5 0 3]
 [2 4 1 7 9 3 6 0 0]
 [0 6 4 0 1 0 3 8 5]
 [5 1 3 8 7 4 2 9 0]
 [0 8 7 2 5 9 4 1 6]
 [4 2 9 1 8 5 7 3 0]
 [1 5 0 3 4 2 9 6 8]
 [8 3 0 9 6 7 1 2 4]]
Number of cells unfilled: 14
Accuracy: 82.71604938271605
Sample: 48449
Question:
[[0 8 2 0 0 0 1 5 0]
 [6 5 0 0 0 0 0 7 0]
 [1 0 7 2 0 0 8 0 6]
 [0 0 1 6 0 0 2 0 8]
 [0 0 8 0 0 0 0 0 5]
 [0 0 0 0 0 1 0 6 0]
 [2 0 0 0 0 0 0 0 7]
 [0 0 0 0 9 4 0 0 0]
 [0 0 5 0 0 0 0 8 0]]
Solution:
[[3 0 8 5 0 1 0 4 9]
 [9 7 6 4 2 8 0 5 3]
 [2 4 1 7 9 3 6 0 0]
 [0 6 2 0 1 0 3 8 7]
 [5 1 3 8 7 4 2 9 0]
 [0 8 7 2 5 9 4 1 6]
 [4 2 9 1 8 5 7 3 0]
 [1 5 0 3 4 2 9 6 8]
 [8 3 0 9 6 7 1 2 4]]
Number of cells unfilled: 14
Accuracy: 82.71604938271605
Sample: 48450
Question:
[[0 8 2 3 0 0 0 0 9]
 [4 0 7 0 0 8 0 0 3]
 [0 9 0 0 0 0 8 7 0]
 [0 0 0 0 0 0 0 8 2]
 [0 0 0 9 0 0 7 0 4]
 [0 7 8 0 0 2 3 0 0]
 [0 4 0 2 0 0 9 0 0]
 [0 0 0 0 6 0 0 0 0]
 [0 0 0 0 1 0 0 4 0]]
Solution:
[[3 0 8 5 0 6 0 4 9]
 [9 7 6 4 2 1 8 0 3]
 [2 4 1 7 9 3 6 5 0]
 [0 6 2 0 1 0 3 8 7]
 [5 1 3 8 7 4 2 9 0]
 [4 8 7 2 5 9 0 1 6]
 [6 2 9 1 8 5 7 3 0]
 [1 5 0 3 4 2 9 6 8]
 [8 3 0 9 6 7 1 2 4]]
Number of cells unfilled: 13
Accuracy: 83.9506172839506
Sample: 48451
Question:
[[0 9 0 7 0 0 0 0 0]
 [0 5 0 8 0 0 0 2 0]
 [0 0 0 0 2 0 0 0 0]
 [0 0 0 2 1 0 7 0 0]
 [0 0 3 0 0 6 0 0 0]
 [1 7 0 3 0 0 0 0 6]
 [2 0 0 1 8 0 6 7 0]
 [0 0 0 6 0 0 0 8 3]
 [0 0 8 0 3 0 1 0 0]]
Solution:
[[3 0 8 5 0 6 0 4 9]
 [9 7 6 4 2 1 8 0 3]
 [2 4 1 7 9 3 6 5 0]
 [0 6 2 0 1 0 3 8 7]
 [5 1 3 8 7 4 2 9 0]
 [0 8 7 2 5 9 4 1 6]
 [4 2 9 1 8 5 7 3 0]
 [1 5 0 3 4 7 9 6 8]
 [7 3 0 9 6 0 1 2 4]]
Number of cells unfilled: 14
Accuracy: 82.71604938271605
Sample: 48452
Question:
[[2 0 0 9 0 5 0 0 0]
 [0 8 0 0 2 4 0 0 3]
 [9 4 0 8 3 0 5 0 0]
 [0 0 2 0 0 3 0 0 0]
 [0 0 0 0 0 0 7 1 0]
 [8 0 0 0 9 0 0 0 0]
 [0 3 8 0 4 0 0 0 5]
 [5 0 0 0 0 0 4 0 0]
 [0 0 9 0 8 0 0 0 0]]
Solution:
[[3 0 8 5 0 6 0 4 9]
 [9 7 6 4 2 1 8 0 3]
 [2 4 1 7 9 3 6 5 0]
 [0 6 2 0 1 0 3 8 5]
 [5 1 3 8 7 4 2 9 0]
 [4 8 7 2 5 9 0 1 6]
 [6 2 9 1 8 5 7 3 0]
 [1 5 0 3 4 2 9 6 8]
 [8 3 0 9 6 7 1 2 4]]
Number of cells unfilled: 13
Accuracy: 83.9506172839506
Sample: 48453
Question:
[[3 0 0 0 8 0 0 0 7]
 [0 6 0 0 0 0 1 2 0]
 [0 7 0 0 0 4 0 0 0]
 [0 0 0 0 0 6 0 0 0]
 [0 5 0 3 4 0 0 0 6]
 [0 4 0 0 7 5 0 0 0]
 [5 8 0 4 6 0 0 0 3]
 [0 0 4 5 0 0 0 6 0]
 [0 0 7 0 3 8 0 0 0]]
Solution:
[[3 0 8 5 0 6 0 4 9]
 [9 7 6 4 2 8 0 0 3]
 [2 4 1 7 9 3 6 5 0]
 [0 6 2 0 1 0 3 8 5]
 [5 1 3 8 7 4 2 9 0]
 [4 8 7 2 5 9 0 1 6]
 [6 2 9 1 8 5 7 3 0]
 [1 5 0 3 4 7 9 6 8]
 [7 3 0 9 6 0 1 2 4]]
Number of cells unfilled: 15
Accuracy: 81.48148148148148
Sample: 48454
Question:
[[3 0 0 6 0 0 0 7 5]
 [0 4 0 0 0 0 6 0 8]
 [0 6 5 0 7 0 3 0 0]
 [8 0 0 0 0 1 0 0 0]
 [0 0 0 0 0 9 0 0 0]
 [0 3 0 0 0 0 4 0 0]
 [0 0 0 0 4 6 8 3 0]
 [0 8 6 5 0 0 7 0 4]
 [0 0 0 0 0 0 0 5 0]]
Solution:
[[3 0 8 5 0 6 0 4 9]
 [9 7 6 4 2 1 8 0 3]
 [2 4 1 7 9 3 6 5 0]
 [0 6 2 0 1 0 3 8 7]
 [5 1 3 8 7 4 2 9 0]
 [0 8 7 2 5 9 4 1 6]
 [4 2 9 1 8 5 7 3 0]
 [1 5 0 3 4 7 9 6 8]
 [7 3 0 9 6 0 1 2 4]]
Number of cells unfilled: 14
Accuracy: 82.71604938271605
Sample: 48455
Question:
[[4 0 5 0 0 0 0 0 3]
 [3 2 0 0 1 0 0 0 5]
 [0 0 1 0 0 0 0 0 0]
 [0 0 0 8 0 9 0 0 0]
 [0 0 0 0 0 0 0 0 4]
 [7 0 0 3 0 0 0 2 0]
 [0 0 7 0 0 0 4 1 0]
 [0 5 4 0 0 0 3 0 2]
 [1 3 0 0 2 0 0 5 7]]
Solution:
[[3 0 8 5 0 1 0 4 9]
 [9 7 6 4 2 8 0 0 3]
 [2 4 1 7 9 3 6 5 0]
 [0 6 2 0 1 0 3 8 7]
 [5 1 3 8 7 4 2 9 0]
 [4 8 7 2 5 9 0 1 6]
 [6 2 9 1 8 5 7 3 0]
 [1 5 0 3 4 7 9 6 8]
 [7 3 0 9 6 0 1 2 4]]
Number of cells unfilled: 15
Accuracy: 81.48148148148148
Sample: 48456
Question:
[[4 8 0 0 0 0 0 3 0]
 [0 3 1 0 5 0 0 4 0]
 [5 0 0 0 0 0 0 0 0]
 [0 0 3 0 1 0 0 2 4]
 [8 0 4 5 0 0 0 0 0]
 [2 1 0 0 0 0 8 0 5]
 [0 2 0 3 0 0 0 0 1]
 [0 0 0 0 0 0 0 8 0]
 [0 0 0 7 0 6 0 0 3]]
Solution:
[[3 0 8 5 0 6 0 4 2]
 [9 7 6 4 2 1 8 5 3]
 [2 4 1 7 9 3 6 0 0]
 [0 6 4 0 1 0 3 8 5]
 [5 1 3 8 7 4 2 9 0]
 [0 8 7 2 5 9 4 1 6]
 [4 2 9 1 8 5 7 3 0]
 [1 5 0 3 4 2 9 6 8]
 [8 3 0 9 6 7 1 2 4]]
Number of cells unfilled: 13
Accuracy: 83.9506172839506
Sample: 48457
Question:
[[5 0 0 8 2 0 0 0 3]
 [0 3 0 0 9 0 2 0 6]
 [0 0 0 6 0 0 5 8 0]
 [0 0 0 0 0 0 0 0 8]
 [1 0 4 0 0 0 9 0 0]
 [9 0 0 0 0 6 3 0 0]
 [0 0 0 5 0 0 0 0 0]
 [0 5 0 0 3 9 0 0 2]
 [0 0 0 2 0 8 0 0 9]]
Solution:
[[3 0 8 5 0 6 0 4 2]
 [9 7 6 4 2 1 8 5 3]
 [2 4 1 7 9 3 6 0 0]
 [0 6 2 0 1 0 3 8 7]
 [5 1 3 8 7 4 2 9 0]
 [0 8 7 2 5 9 4 1 6]
 [4 2 9 1 8 5 7 3 0]
 [1 5 0 3 4 2 9 6 8]
 [8 3 0 9 6 7 1 2 4]]
Number of cells unfilled: 13
Accuracy: 83.9506172839506
Sample: 48458
Question:
[[5 0 8 0 4 0 0 0 0]
 [0 3 2 5 9 0 0 0 4]
 [0 0 0 0 0 3 2 0 0]
 [0 8 0 3 0 0 4 2 0]
 [0 0 0 4 8 0 0 9 5]
 [9 0 0 0 0 0 3 0 0]
 [0 0 1 9 0 0 0 8 0]
 [0 0 0 0 5 0 0 0 0]
 [0 0 6 2 0 0 0 0 0]]
Solution:
[[3 0 8 5 0 6 0 4 2]
 [9 7 6 4 2 1 8 5 3]
 [2 4 1 7 9 3 6 0 0]
 [0 6 2 0 1 0 3 8 5]
 [5 1 3 8 7 4 2 9 0]
 [4 8 7 2 5 9 0 1 6]
 [6 2 9 1 8 5 7 3 0]
 [1 5 0 3 4 2 9 6 8]
 [8 3 0 9 6 7 1 2 4]]
Number of cells unfilled: 13
Accuracy: 83.9506172839506
Sample: 48459
Question:
[[6 0 0 1 0 3 5 2 0]
 [0 1 0 0 0 5 0 0 0]
 [0 0 0 6 2 0 0 0 4]
 [0 0 0 0 1 0 0 0 0]
 [1 0 0 3 0 6 0 5 0]
 [0 0 0 4 5 0 0 3 0]
 [0 8 7 0 0 0 3 1 0]
 [0 0 0 0 3 0 0 4 0]
 [4 0 0 2 0 0 6 0 0]]
Solution:
[[3 0 8 5 0 6 0 4 1]
 [9 7 6 4 2 1 8 0 3]
 [2 4 1 7 9 3 6 5 0]
 [0 6 2 0 1 0 3 8 7]
 [5 1 3 8 7 4 2 9 0]
 [0 8 7 2 5 9 4 1 6]
 [4 2 9 1 8 5 7 3 0]
 [1 5 0 3 4 7 9 6 8]
 [7 3 0 9 6 0 1 2 4]]
Number of cells unfilled: 14
Accuracy: 82.71604938271605
Sample: 48460
Question:
[[6 0 0 9 0 7 0 0 2]
 [0 7 8 0 0 6 3 0 0]
 [9 2 0 8 3 0 0 0 0]
 [0 3 0 0 8 0 0 0 0]
 [0 0 0 0 0 0 0 1 5]
 [0 0 9 6 0 0 0 0 0]
 [0 0 0 2 0 0 0 0 7]
 [0 0 6 0 9 0 0 0 0]
 [0 0 7 0 6 3 2 0 0]]
Solution:
[[3 0 8 5 0 6 0 4 9]
 [9 7 6 4 2 1 8 5 3]
 [2 4 1 7 9 3 6 0 0]
 [0 6 2 0 1 0 3 8 7]
 [5 1 3 8 7 4 2 9 0]
 [4 8 7 2 5 9 0 1 6]
 [6 2 9 1 8 5 7 3 0]
 [1 5 0 3 4 2 9 6 8]
 [8 3 0 9 6 7 1 2 4]]
Number of cells unfilled: 13
Accuracy: 83.9506172839506
Sample: 48461
Question:
[[7 0 0 0 2 0 0 0 4]
 [5 0 0 0 0 0 0 0 8]
 [0 0 0 0 0 0 0 1 0]
 [0 0 0 8 0 0 9 0 0]
 [8 0 9 0 0 6 0 0 1]
 [2 1 0 0 0 0 0 6 0]
 [0 0 2 6 8 0 4 0 9]
 [0 4 0 9 0 0 0 0 0]
 [0 0 0 0 4 1 0 2 6]]
Solution:
[[3 0 8 5 0 6 0 4 2]
 [9 7 6 4 2 1 8 0 3]
 [2 4 1 7 9 3 6 5 0]
 [0 6 2 0 1 0 3 8 5]
 [5 1 3 8 7 4 2 9 0]
 [4 8 7 2 5 9 0 1 6]
 [6 2 9 1 8 5 7 3 0]
 [1 5 0 3 4 2 9 6 8]
 [8 3 0 9 6 7 1 2 4]]
Number of cells unfilled: 13
Accuracy: 83.9506172839506
Sample: 48462
Question:
[[7 0 0 0 5 0 3 0 4]
 [0 0 0 7 0 0 9 5 0]
 [0 3 5 0 0 9 0 1 0]
 [9 0 0 0 0 0 0 0 0]
 [0 1 7 0 0 0 5 3 0]
 [4 0 3 1 0 5 0 0 9]
 [0 0 0 0 0 8 0 0 0]
 [0 0 1 9 0 0 0 4 0]
 [0 4 0 0 0 2 0 0 0]]
Solution:
[[3 0 8 5 0 1 0 4 9]
 [9 7 6 4 2 8 0 5 3]
 [2 4 1 7 9 3 6 0 0]
 [0 6 2 0 1 0 3 8 5]
 [5 1 3 8 7 4 2 9 0]
 [0 8 7 2 5 9 4 1 6]
 [4 2 9 1 8 5 7 3 0]
 [1 5 0 3 4 2 9 6 8]
 [8 3 0 9 6 7 1 2 4]]
Number of cells unfilled: 14
Accuracy: 82.71604938271605
Sample: 48463
Question:
[[7 0 0 0 6 0 0 5 0]
 [9 0 0 0 0 0 0 3 0]
 [0 0 0 0 0 0 0 0 2]
 [0 0 6 0 3 4 5 8 0]
 [0 0 0 2 0 0 0 4 6]
 [0 5 0 0 0 8 0 0 0]
 [3 0 8 4 0 0 0 2 5]
 [6 2 0 0 0 0 0 0 4]
 [0 0 0 0 0 3 8 0 0]]
Solution:
[[3 0 8 5 0 6 0 4 2]
 [9 7 6 4 2 1 8 5 3]
 [2 4 1 7 9 3 6 0 0]
 [0 6 2 0 1 0 3 8 5]
 [5 1 3 8 7 4 2 9 0]
 [4 8 7 2 5 9 0 1 6]
 [6 2 9 1 8 5 7 3 0]
 [1 5 0 3 4 2 9 6 8]
 [8 3 0 9 6 7 1 2 4]]
Number of cells unfilled: 13
Accuracy: 83.9506172839506
Sample: 48464
Question:
[[7 0 0 4 0 0 0 0 6]
 [0 2 0 3 0 8 0 4 7]
 [0 0 0 0 6 0 2 3 0]
 [0 0 1 0 0 2 0 0 0]
 [0 0 0 0 8 0 6 0 0]
 [0 0 9 0 0 0 0 8 0]
 [0 0 0 8 0 0 0 0 4]
 [6 0 2 0 0 0 3 0 8]
 [0 4 0 0 3 0 7 0 0]]
Solution:
[[3 0 8 5 0 6 0 4 2]
 [9 7 6 4 2 1 8 5 3]
 [2 4 1 7 9 3 6 0 0]
 [0 6 2 0 1 0 3 8 7]
 [5 1 3 8 7 4 2 9 0]
 [4 8 7 2 5 9 0 1 6]
 [6 2 9 1 8 5 7 3 0]
 [1 5 0 3 4 2 9 6 8]
 [8 3 0 9 6 7 1 2 4]]
Number of cells unfilled: 13
Accuracy: 83.9506172839506
Sample: 48465
Question:
[[7 8 0 3 0 0 0 0 0]
 [6 0 3 9 0 0 5 0 0]
 [0 0 9 0 0 8 0 7 0]
 [0 0 0 0 3 0 0 8 0]
 [0 3 0 0 7 0 9 0 6]
 [8 0 6 5 0 9 0 0 0]
 [5 0 0 7 0 0 0 0 1]
 [0 0 0 0 0 5 0 0 0]
 [0 0 0 6 0 0 0 0 2]]
Solution:
[[3 0 8 5 0 6 0 4 9]
 [9 7 6 4 2 1 8 5 3]
 [2 4 1 7 9 3 6 0 0]
 [0 6 4 0 1 0 3 8 5]
 [5 1 3 8 7 4 2 9 0]
 [0 8 7 2 5 9 4 1 6]
 [4 2 9 1 8 5 7 3 0]
 [1 5 0 3 4 2 9 6 8]
 [8 3 0 9 6 7 1 2 4]]
Number of cells unfilled: 13
Accuracy: 83.9506172839506
Sample: 48466
Question:
[[8 0 0 6 5 0 0 0 4]
 [0 9 0 0 0 0 1 0 6]
 [0 0 0 0 0 0 8 5 0]
 [0 0 0 1 0 0 0 0 9]
 [0 0 2 0 0 5 0 0 0]
 [0 0 3 0 0 0 0 0 0]
 [0 0 0 9 0 0 0 6 5]
 [0 4 0 0 8 0 9 0 1]
 [5 0 0 0 6 1 4 8 0]]
Solution:
[[3 0 8 5 0 6 0 4 9]
 [9 7 6 4 2 1 5 0 3]
 [2 4 1 7 9 3 6 0 0]
 [0 6 4 0 1 0 3 8 7]
 [5 1 3 8 7 4 2 9 0]
 [0 8 7 2 5 9 4 1 6]
 [4 2 9 1 8 5 7 3 0]
 [1 5 0 3 4 2 9 6 8]
 [8 3 0 9 6 7 1 2 4]]
Number of cells unfilled: 14
Accuracy: 82.71604938271605
Sample: 48467
Question:
[[8 2 0 0 0 0 0 5 0]
 [0 0 0 8 0 0 0 0 9]
 [0 0 0 0 0 5 4 0 0]
 [0 0 9 3 8 0 0 0 2]
 [0 0 0 0 0 4 0 3 0]
 [5 3 0 9 0 0 0 4 8]
 [0 0 0 0 9 0 3 0 0]
 [0 0 0 4 0 0 0 2 0]
 [7 6 0 5 2 0 0 0 0]]
Solution:
[[3 0 8 5 0 1 0 4 2]
 [9 7 6 4 2 8 0 0 3]
 [2 4 1 7 9 3 6 5 0]
 [0 6 2 0 1 0 3 8 7]
 [5 1 3 8 7 4 2 9 0]
 [4 8 7 2 5 9 0 1 6]
 [6 2 9 1 8 5 7 3 0]
 [1 5 0 3 4 2 9 6 8]
 [7 3 0 9 6 0 1 2 4]]
Number of cells unfilled: 15
Accuracy: 81.48148148148148
Sample: 48468
Question:
[[9 0 4 0 0 0 0 0 7]
 [6 7 0 0 0 0 5 0 9]
 [0 5 0 0 0 0 0 0 0]
 [0 0 0 0 0 0 0 0 6]
 [0 0 0 3 8 0 0 0 5]
 [2 0 0 0 9 0 0 4 0]
 [0 2 0 0 0 0 6 0 0]
 [0 0 9 0 0 4 0 7 2]
 [0 6 7 2 5 0 9 0 4]]
Solution:
[[3 0 8 5 0 6 0 4 2]
 [9 7 6 4 2 8 0 0 3]
 [2 4 1 7 9 3 6 5 0]
 [0 6 2 0 1 0 3 8 5]
 [5 1 3 8 7 4 2 9 0]
 [4 8 7 2 5 9 0 1 6]
 [6 2 9 1 8 5 7 3 0]
 [1 5 0 3 4 2 9 6 8]
 [7 3 0 9 6 0 1 2 4]]
Number of cells unfilled: 15
Accuracy: 81.48148148148148
Sample: 48469
Question:
[[9 0 7 2 0 8 5 0 0]
 [0 5 2 0 4 0 0 0 0]
 [0 0 0 7 0 0 0 0 9]
 [0 9 4 5 2 0 7 0 0]
 [8 2 0 0 0 0 0 5 4]
 [7 0 0 0 0 0 0 0 0]
 [0 0 8 0 0 0 0 3 0]
 [0 0 0 0 0 5 0 6 0]
 [0 4 0 0 8 0 0 0 0]]
Solution:
[[3 0 8 5 0 6 0 4 1]
 [9 7 6 4 2 1 8 0 3]
 [2 4 1 7 9 3 6 5 0]
 [0 6 2 0 1 0 3 8 7]
 [5 1 3 8 7 4 2 9 0]
 [0 8 7 2 5 9 4 1 6]
 [4 2 9 1 8 5 7 3 0]
 [1 5 0 3 4 7 9 6 8]
 [7 3 0 9 6 0 1 2 4]]
Number of cells unfilled: 14
Accuracy: 82.71604938271605
Sample: 48470
Question:
[[9 0 7 5 2 0 0 0 0]
 [3 2 0 0 8 0 0 5 0]
 [0 8 0 0 0 7 9 0 0]
 [5 0 0 0 9 0 0 0 6]
 [0 0 0 7 0 0 0 0 0]
 [0 0 0 0 3 0 0 0 4]
 [0 0 0 2 0 0 7 0 5]
 [0 3 0 0 0 8 0 0 0]
 [0 0 2 9 0 0 0 8 3]]
Solution:
[[3 0 8 5 0 6 0 4 2]
 [9 7 6 4 2 8 0 0 3]
 [2 4 1 7 9 3 6 5 0]
 [0 6 2 0 1 0 3 8 5]
 [5 1 3 8 7 4 2 9 0]
 [4 8 7 2 5 9 0 1 6]
 [6 2 9 1 8 5 7 3 0]
 [1 5 0 3 4 2 9 6 8]
 [7 3 0 9 6 0 1 2 4]]
Number of cells unfilled: 15
Accuracy: 81.48148148148148
Sample: 48471
Question:
[[9 0 8 0 0 2 0 5 1]
 [0 0 0 1 9 0 4 8 0]
 [0 0 0 0 0 0 2 0 0]
 [0 0 1 0 0 0 0 9 8]
 [2 0 0 5 0 0 0 4 0]
 [8 4 0 0 0 9 5 0 2]
 [0 0 0 0 7 0 0 0 0]
 [0 0 4 0 0 0 0 1 0]
 [0 9 0 0 3 0 0 0 0]]
Solution:
[[3 0 8 5 0 1 0 4 7]
 [9 7 6 4 2 8 0 0 3]
 [2 4 1 7 9 3 6 5 0]
 [0 6 2 0 1 0 3 8 5]
 [5 1 3 8 7 4 2 9 0]
 [4 8 7 2 5 9 0 1 6]
 [6 2 9 1 8 5 7 3 0]
 [1 5 0 3 4 7 9 6 8]
 [7 3 0 9 6 0 1 2 4]]
Number of cells unfilled: 15
Accuracy: 81.48148148148148
Sample: 48472
Question:
[[0 0 0 6 5 0 4 0 0]
 [0 0 0 0 0 4 0 0 0]
 [1 0 0 0 0 0 0 5 0]
 [0 0 0 0 0 0 3 0 9]
 [0 0 7 0 6 2 5 0 0]
 [0 1 0 7 0 0 0 0 0]
 [3 9 0 5 0 0 7 1 0]
 [6 0 0 0 0 8 0 4 0]
 [2 0 0 3 1 0 0 0 0]]
Solution:
[[3 0 8 5 0 1 0 4 2]
 [9 7 6 4 2 8 0 0 3]
 [2 4 1 7 9 3 6 5 0]
 [0 6 2 0 1 0 3 8 5]
 [5 1 3 8 7 4 2 9 0]
 [4 8 7 2 5 9 0 1 6]
 [6 2 9 1 8 5 7 3 0]
 [1 5 0 3 4 7 9 6 8]
 [7 3 0 9 6 0 1 2 4]]
Number of cells unfilled: 15
Accuracy: 81.48148148148148
Sample: 48473
Question:
[[0 0 5 0 0 4 0 8 0]
 [0 0 0 9 0 2 1 5 0]
 [2 0 0 0 0 0 0 0 3]
 [5 0 0 0 0 0 0 0 0]
 [3 0 0 1 9 8 0 0 0]
 [0 6 0 0 0 3 0 0 0]
 [9 0 2 0 0 5 0 0 0]
 [4 0 3 0 0 0 0 0 1]
 [0 0 1 0 8 0 0 4 9]]
Solution:
[[3 0 8 5 0 1 0 4 9]
 [9 7 6 4 2 8 0 0 3]
 [2 4 1 7 9 3 6 5 0]
 [0 6 2 0 1 0 3 8 7]
 [5 1 3 8 7 4 2 9 0]
 [4 8 7 2 5 9 0 1 6]
 [6 2 9 1 8 5 7 3 0]
 [1 5 0 3 4 2 9 6 8]
 [7 3 0 9 6 0 1 2 4]]
Number of cells unfilled: 15
Accuracy: 81.48148148148148
Sample: 48474
Question:
[[0 0 7 0 0 8 4 0 0]
 [3 0 0 7 0 0 0 0 8]
 [0 0 0 0 5 0 0 7 2]
 [0 1 0 0 0 0 0 0 6]
 [0 9 0 0 0 0 8 0 0]
 [0 0 8 0 0 6 0 4 0]
 [0 7 9 0 0 2 0 0 4]
 [1 0 0 0 9 0 0 2 0]
 [0 0 2 5 0 0 9 0 0]]
Solution:
[[3 0 8 5 0 6 0 4 2]
 [9 7 6 4 2 1 8 0 3]
 [2 4 1 7 9 3 6 5 0]
 [0 6 2 0 1 0 3 8 7]
 [5 1 3 8 7 4 2 9 0]
 [4 8 7 2 5 9 0 1 6]
 [6 2 9 1 8 5 7 3 0]
 [1 5 0 3 4 7 9 6 8]
 [7 3 0 9 6 0 1 2 4]]
Number of cells unfilled: 14
Accuracy: 82.71604938271605
Sample: 48475
Question:
[[0 0 1 0 0 0 2 0 7]
 [0 0 0 9 0 6 0 0 0]
 [0 0 4 0 0 0 0 0 0]
 [0 0 0 0 0 0 0 0 1]
 [0 0 2 0 0 0 4 0 0]
 [0 0 0 5 0 0 0 9 0]
 [9 0 0 0 0 0 0 5 0]
 [6 8 0 0 1 0 0 0 0]
 [0 0 0 0 2 0 0 0 0]]
Solution:
[[3 0 8 5 0 6 0 4 1]
 [9 7 6 4 2 1 8 0 3]
 [2 4 1 7 9 3 6 5 0]
 [0 6 4 0 1 0 3 8 7]
 [5 1 3 8 7 4 2 9 0]
 [0 8 7 2 5 9 4 1 6]
 [4 2 9 1 8 5 7 3 0]
 [1 5 0 3 4 2 9 6 8]
 [7 3 0 9 6 0 1 2 4]]
Number of cells unfilled: 14
Accuracy: 82.71604938271605
Sample: 48476
Question:
[[6 0 4 0 0 0 0 7 0]
 [0 0 1 0 0 0 0 0 3]
 [5 3 2 4 0 0 0 6 0]
 [0 0 0 0 0 6 8 0 7]
 [8 4 0 0 1 3 0 0 0]
 [0 5 0 9 0 8 0 2 0]
 [0 0 9 0 0 0 0 0 2]
 [0 0 0 0 0 0 6 0 0]
 [0 1 0 0 0 0 0 4 9]]
Solution:
[[3 0 8 5 0 6 0 4 2]
 [9 7 6 4 2 1 8 0 3]
 [2 4 1 7 9 3 6 5 0]
 [0 6 2 0 1 0 3 8 5]
 [5 1 3 8 7 4 2 9 0]
 [0 8 7 2 5 9 4 1 6]
 [4 2 9 1 8 5 7 3 0]
 [1 5 0 3 4 2 9 6 8]
 [8 3 0 9 6 7 1 2 4]]
Number of cells unfilled: 13
Accuracy: 83.9506172839506
Sample: 48477
Question:
[[5 0 0 1 4 3 6 0 0]
 [0 0 0 0 0 0 0 0 0]
 [0 0 0 2 0 0 0 0 0]
 [3 0 0 0 0 0 0 6 0]
 [4 9 0 0 0 2 3 8 0]
 [0 0 5 0 3 1 4 0 0]
 [0 4 0 0 0 5 9 0 0]
 [1 0 0 0 0 0 0 0 6]
 [9 0 3 7 0 0 0 1 0]]
Solution:
[[3 0 8 5 0 1 0 4 2]
 [9 7 6 4 2 8 0 0 3]
 [2 4 1 7 9 3 6 5 0]
 [0 6 2 0 1 0 3 8 7]
 [5 1 3 8 7 4 2 9 0]
 [4 8 7 2 5 9 0 1 6]
 [6 2 9 1 8 5 7 3 0]
 [1 5 0 3 4 2 9 6 8]
 [7 3 0 9 6 0 1 2 4]]
Number of cells unfilled: 15
Accuracy: 81.48148148148148
Sample: 48478
Question:
[[0 0 0 2 0 0 6 0 0]
 [0 5 0 0 0 4 0 7 0]
 [0 0 6 0 0 0 0 0 3]
 [0 8 0 0 4 0 7 0 0]
 [5 0 0 0 1 0 0 8 0]
 [9 0 0 0 0 8 0 0 4]
 [0 0 0 0 0 0 0 0 0]
 [2 0 5 0 3 0 1 0 0]
 [0 7 0 0 0 1 0 5 0]]
Solution:
[[3 0 8 5 0 6 0 4 9]
 [9 7 6 4 2 1 8 0 3]
 [2 4 1 7 9 3 6 5 0]
 [0 6 4 0 1 0 3 8 7]
 [5 1 3 8 7 4 2 9 0]
 [0 8 7 2 5 9 4 1 6]
 [4 2 9 1 8 5 7 3 0]
 [1 5 0 3 4 7 9 6 8]
 [7 3 0 9 6 0 1 2 4]]
Number of cells unfilled: 14
Accuracy: 82.71604938271605
Sample: 48479
Question:
[[0 0 0 0 1 0 0 0 0]
 [0 5 0 4 0 0 0 7 0]
 [0 0 2 0 0 3 8 0 0]
 [0 8 0 0 0 0 7 4 0]
 [6 0 0 0 0 0 0 0 9]
 [0 0 4 5 0 0 3 6 0]
 [0 4 0 3 0 0 6 0 0]
 [9 0 0 0 0 2 0 0 0]
 [0 0 1 0 8 0 0 0 7]]
Solution:
[[3 0 8 5 0 1 0 4 2]
 [9 7 6 4 2 8 0 5 3]
 [2 4 1 7 9 3 6 0 0]
 [0 6 4 0 1 0 3 8 7]
 [5 1 3 8 7 4 2 9 0]
 [0 8 7 2 5 9 4 1 6]
 [4 2 9 1 8 5 7 3 0]
 [1 5 0 3 4 2 9 6 8]
 [8 3 0 9 6 7 1 2 4]]
Number of cells unfilled: 14
Accuracy: 82.71604938271605
Sample: 48480
Question:
[[0 0 0 0 0 0 0 0 4]
 [7 0 8 4 0 2 3 0 0]
 [0 0 2 0 0 9 0 0 8]
 [0 0 0 0 0 3 8 5 0]
 [0 0 0 6 0 0 0 0 0]
 [0 0 0 0 1 5 0 6 0]
 [0 0 3 2 0 0 0 0 0]
 [1 0 5 7 0 4 0 0 0]
 [0 4 0 5 0 8 9 0 0]]
Solution:
[[3 0 8 5 0 1 0 4 9]
 [9 7 6 4 2 8 0 0 3]
 [2 4 1 7 9 3 6 5 0]
 [0 6 2 0 1 0 3 8 7]
 [5 1 3 8 7 4 2 9 0]
 [4 8 7 2 5 9 0 1 6]
 [6 2 9 1 8 5 7 3 0]
 [1 5 0 3 4 2 9 6 8]
 [8 3 0 9 6 7 1 2 4]]
Number of cells unfilled: 14
Accuracy: 82.71604938271605
Sample: 48481
Question:
[[3 0 0 0 6 9 0 0 0]
 [0 0 0 0 7 0 5 0 0]
 [0 9 6 0 0 0 0 7 0]
 [0 6 3 0 1 0 0 9 0]
 [1 7 9 0 2 0 0 5 0]
 [0 5 0 0 0 0 0 0 7]
 [0 0 0 0 0 4 0 1 0]
 [0 4 0 0 5 0 6 3 0]
 [0 0 2 6 0 0 0 0 0]]
Solution:
[[3 0 8 5 0 6 0 4 9]
 [9 7 6 4 2 1 8 5 3]
 [2 4 1 7 9 3 6 0 0]
 [0 6 4 0 1 0 3 8 7]
 [5 1 3 8 7 4 2 9 0]
 [0 8 7 2 5 9 4 1 6]
 [4 2 9 1 8 5 7 3 0]
 [1 5 0 3 4 2 9 6 8]
 [8 3 0 9 6 7 1 2 4]]
Number of cells unfilled: 13
Accuracy: 83.9506172839506
Sample: 48482
Question:
[[0 0 0 0 8 0 0 0 6]
 [9 0 0 0 0 0 1 8 0]
 [8 0 0 4 2 0 0 0 0]
 [0 0 0 0 7 0 9 0 0]
 [0 0 3 0 6 5 0 0 0]
 [6 2 0 8 4 0 5 0 0]
 [0 4 0 0 0 0 7 0 1]
 [5 1 0 0 0 0 0 0 0]
 [2 7 8 0 0 0 0 0 0]]
Solution:
[[3 0 8 5 0 6 0 4 1]
 [9 7 6 4 2 1 8 0 3]
 [2 4 1 7 9 3 6 5 0]
 [0 6 4 0 1 0 3 8 7]
 [5 1 3 8 7 4 2 9 0]
 [0 8 7 2 5 9 4 1 6]
 [4 2 9 1 8 5 7 3 0]
 [1 5 0 3 4 7 9 6 8]
 [7 3 0 9 6 0 1 2 4]]
Number of cells unfilled: 14
Accuracy: 82.71604938271605
Sample: 48483
Question:
[[0 4 0 9 0 0 5 0 0]
 [0 7 2 0 0 6 0 9 0]
 [0 0 0 8 0 0 0 0 0]
 [0 0 0 3 0 0 4 0 0]
 [0 8 0 2 0 0 0 0 9]
 [5 0 0 0 0 4 0 0 6]
 [7 9 0 0 8 0 0 4 0]
 [0 0 5 0 0 0 7 0 0]
 [0 0 6 0 0 2 0 0 0]]
Solution:
[[3 0 8 5 0 6 0 4 2]
 [9 7 6 4 2 8 0 0 3]
 [2 4 1 7 9 3 6 5 0]
 [0 6 2 0 1 0 3 8 7]
 [5 1 3 8 7 4 2 9 0]
 [4 8 7 2 5 9 0 1 6]
 [6 2 9 1 8 5 7 3 0]
 [1 5 0 3 4 7 9 6 8]
 [7 3 0 9 6 0 1 2 4]]
Number of cells unfilled: 15
Accuracy: 81.48148148148148
Sample: 48484
Question:
[[4 0 0 0 0 0 0 0 0]
 [0 0 0 0 8 0 0 3 0]
 [0 2 0 1 0 9 0 0 0]
 [8 0 0 0 0 2 0 4 0]
 [0 6 0 0 0 0 5 9 0]
 [0 0 1 0 0 6 7 0 0]
 [0 5 0 0 0 4 0 0 0]
 [9 0 0 2 0 0 0 5 0]
 [0 3 4 0 1 0 0 7 2]]
Solution:
[[3 0 8 5 0 1 0 4 2]
 [9 7 6 4 2 8 0 0 3]
 [2 4 1 7 9 3 6 5 0]
 [0 6 2 0 1 0 3 8 5]
 [5 1 3 8 7 4 2 9 0]
 [4 8 7 2 5 9 0 1 6]
 [6 2 9 1 8 5 7 3 0]
 [1 5 0 3 4 2 9 6 8]
 [8 3 0 9 6 7 1 2 4]]
Number of cells unfilled: 14
Accuracy: 82.71604938271605
Sample: 48485
Question:
[[0 0 0 0 9 0 0 5 0]
 [0 0 2 4 0 0 0 1 0]
 [3 0 0 0 0 0 8 0 2]
 [0 0 8 0 7 2 0 0 9]
 [0 0 0 0 0 1 6 8 0]
 [0 0 0 0 0 0 3 0 0]
 [1 0 7 0 0 0 0 0 6]
 [0 4 0 0 0 0 0 0 0]
 [2 0 0 0 6 4 0 0 8]]
Solution:
[[3 0 8 5 0 6 0 4 9]
 [9 7 6 4 2 1 8 0 3]
 [2 4 1 7 9 3 6 5 0]
 [0 6 2 0 1 0 3 8 7]
 [5 1 3 8 7 4 2 9 0]
 [0 8 7 2 5 9 4 1 6]
 [4 2 9 1 8 5 7 3 0]
 [1 5 0 3 4 2 9 6 8]
 [7 3 0 9 6 0 1 2 4]]
Number of cells unfilled: 14
Accuracy: 82.71604938271605
Sample: 48486
Question:
[[0 2 0 0 0 0 0 9 0]
 [0 0 0 0 0 4 0 2 0]
 [0 7 3 0 0 8 0 0 0]
 [0 9 4 0 0 0 0 0 0]
 [0 0 0 0 0 0 7 6 0]
 [0 0 0 0 0 0 1 3 9]
 [3 0 0 9 0 2 0 0 0]
 [0 4 2 0 0 0 0 5 0]
 [0 0 5 0 7 6 0 0 0]]
Solution:
[[3 0 8 5 0 6 0 4 2]
 [9 7 6 4 2 1 8 0 3]
 [2 4 1 7 9 3 6 5 0]
 [0 6 2 0 1 0 3 8 5]
 [5 1 3 8 7 4 2 9 0]
 [0 8 7 2 5 9 4 1 6]
 [4 2 9 1 8 5 7 3 0]
 [1 5 0 3 4 2 9 6 8]
 [7 3 0 9 6 0 1 2 4]]
Number of cells unfilled: 14
Accuracy: 82.71604938271605
Sample: 48487
Question:
[[0 0 5 6 0 0 0 0 0]
 [0 0 8 5 2 0 1 0 0]
 [9 0 4 0 3 0 0 0 0]
 [0 0 0 4 0 0 0 0 0]
 [1 0 0 0 0 7 0 0 8]
 [0 7 0 0 0 9 0 3 0]
 [0 8 0 0 0 0 0 0 3]
 [4 0 0 9 0 0 0 5 0]
 [0 0 0 0 8 0 2 9 0]]
Solution:
[[3 0 8 5 0 6 0 4 9]
 [9 7 6 4 2 1 8 0 3]
 [2 4 1 7 9 3 6 5 0]
 [0 6 2 0 1 0 3 8 7]
 [5 1 3 8 7 4 2 9 0]
 [0 8 7 2 5 9 4 1 6]
 [4 2 9 1 8 5 7 3 0]
 [1 5 0 3 4 2 9 6 8]
 [7 3 0 9 6 0 1 2 4]]
Number of cells unfilled: 14
Accuracy: 82.71604938271605
Sample: 48488
Question:
[[0 4 0 0 0 6 0 0 0]
 [3 0 0 8 0 0 0 9 0]
 [0 0 2 0 5 0 0 0 0]
 [0 0 0 1 0 0 9 0 0]
 [0 0 6 0 4 0 0 0 8]
 [0 5 0 0 8 2 0 7 0]
 [0 0 0 0 0 0 7 3 0]
 [0 2 0 0 0 0 1 0 0]
 [1 0 0 7 0 0 0 0 9]]
Solution:
[[3 0 8 5 0 6 0 4 7]
 [9 7 6 4 2 1 8 0 3]
 [2 4 1 7 9 3 6 5 0]
 [0 6 2 0 1 0 3 8 5]
 [5 1 3 8 7 4 2 9 0]
 [0 8 7 2 5 9 4 1 6]
 [4 2 9 1 8 5 7 3 0]
 [1 5 0 3 4 2 9 6 8]
 [7 3 0 9 6 0 1 2 4]]
Number of cells unfilled: 14
Accuracy: 82.71604938271605
Sample: 48489
Question:
[[0 0 0 0 6 0 0 0 0]
 [0 7 0 9 0 0 0 0 0]
 [5 0 0 0 0 8 0 3 0]
 [0 1 0 0 0 0 0 4 3]
 [2 0 0 0 0 3 5 0 0]
 [0 6 0 0 4 0 0 8 2]
 [0 0 1 0 7 0 0 0 0]
 [4 0 0 0 0 2 0 0 8]
 [0 3 0 0 9 0 0 5 0]]
Solution:
[[3 0 8 5 0 6 0 4 7]
 [9 7 6 4 2 8 0 0 3]
 [2 4 1 7 9 3 6 5 0]
 [0 6 2 0 1 0 3 8 5]
 [5 1 3 8 7 4 2 9 0]
 [4 8 7 2 5 9 0 1 6]
 [6 2 9 1 8 5 7 3 0]
 [1 5 0 3 4 2 9 6 8]
 [8 3 0 9 6 7 1 2 4]]
Number of cells unfilled: 14
Accuracy: 82.71604938271605
Sample: 48490
Question:
[[6 0 0 0 0 9 5 0 0]
 [1 0 5 0 0 0 0 0 7]
 [8 4 0 0 0 0 0 0 0]
 [0 0 0 0 0 0 1 0 0]
 [7 9 0 0 0 0 0 0 8]
 [0 0 2 5 0 0 0 3 0]
 [2 0 0 6 0 0 0 4 0]
 [0 0 0 3 9 0 6 0 0]
 [0 0 0 0 7 5 0 1 0]]
Solution:
[[3 0 8 5 0 1 0 4 9]
 [9 7 6 4 2 8 0 0 3]
 [2 4 1 7 9 3 6 5 0]
 [0 6 2 0 1 0 3 8 7]
 [5 1 3 8 7 4 2 9 0]
 [4 8 7 2 5 9 0 1 6]
 [6 2 9 1 8 5 7 3 0]
 [1 5 0 3 4 2 9 6 8]
 [7 3 0 9 6 0 1 2 4]]
Number of cells unfilled: 15
Accuracy: 81.48148148148148
Sample: 48491
Question:
[[0 8 0 0 1 0 0 0 0]
 [0 0 7 3 0 0 0 2 0]
 [9 0 0 0 4 0 0 0 6]
 [1 0 0 0 0 0 0 0 9]
 [0 6 0 0 0 0 8 0 0]
 [0 0 3 4 0 0 0 7 0]
 [0 0 4 0 2 5 0 0 7]
 [0 0 0 0 3 4 0 5 0]
 [0 0 0 7 0 0 0 0 0]]
Solution:
[[3 0 8 5 0 1 0 4 9]
 [9 7 6 4 2 8 0 0 3]
 [2 4 1 7 9 3 6 5 0]
 [0 6 2 0 1 0 3 8 7]
 [5 1 3 8 7 4 2 9 0]
 [4 8 7 2 5 9 0 1 6]
 [6 2 9 1 8 5 7 3 0]
 [1 5 0 3 4 2 9 6 8]
 [8 3 0 9 6 7 1 2 4]]
Number of cells unfilled: 14
Accuracy: 82.71604938271605
Sample: 48492
Question:
[[0 0 8 0 0 3 7 0 5]
 [0 0 0 9 6 2 1 0 0]
 [0 0 0 0 5 0 0 6 0]
 [7 0 0 0 0 5 6 0 4]
 [9 6 0 4 0 0 0 0 0]
 [0 0 1 0 0 0 0 0 7]
 [0 0 0 7 0 0 0 0 0]
 [0 0 0 0 0 0 0 9 2]
 [4 3 9 0 0 0 0 0 0]]
Solution:
[[3 0 8 5 0 6 0 4 2]
 [9 7 6 4 2 1 8 5 3]
 [2 4 1 7 9 3 6 0 0]
 [0 6 4 0 1 0 3 8 5]
 [5 1 3 8 7 4 2 9 0]
 [0 8 7 2 5 9 4 1 6]
 [4 2 9 1 8 5 7 3 0]
 [1 5 0 3 4 2 9 6 8]
 [8 3 0 9 6 7 1 2 4]]
Number of cells unfilled: 13
Accuracy: 83.9506172839506
Sample: 48493
Question:
[[0 0 1 0 0 0 5 6 8]
 [0 0 0 0 0 0 0 0 0]
 [5 0 0 0 6 0 0 1 9]
 [0 4 0 3 0 0 0 0 0]
 [0 0 5 0 9 0 6 0 0]
 [8 0 0 0 0 2 0 0 3]
 [0 0 0 0 0 7 0 0 0]
 [0 0 8 0 1 0 9 0 0]
 [2 5 0 4 0 0 0 7 0]]
Solution:
[[3 0 8 5 0 6 0 4 7]
 [9 7 6 4 2 1 8 0 3]
 [2 4 1 7 9 3 6 5 0]
 [0 6 2 0 1 0 3 8 5]
 [5 1 3 8 7 4 2 9 0]
 [0 8 7 2 5 9 4 1 6]
 [4 2 9 1 8 5 7 3 0]
 [1 5 0 3 4 7 9 6 8]
 [7 3 0 9 6 0 1 2 4]]
Number of cells unfilled: 14
Accuracy: 82.71604938271605
Sample: 48494
Question:
[[0 0 7 0 0 0 0 4 0]
 [0 1 2 0 0 5 0 0 6]
 [9 0 0 0 0 0 0 8 0]
 [0 0 0 3 0 6 0 2 0]
 [0 0 0 5 0 1 0 0 0]
 [0 3 6 0 4 0 0 0 1]
 [7 0 0 0 0 0 0 0 0]
 [0 4 5 6 0 0 0 0 3]
 [0 0 0 0 0 4 2 0 0]]
Solution:
[[3 0 8 5 0 6 0 4 7]
 [9 7 6 4 2 1 8 0 3]
 [2 4 1 7 9 3 6 5 0]
 [0 6 2 0 1 0 3 8 5]
 [5 1 3 8 7 4 2 9 0]
 [0 8 7 2 5 9 4 1 6]
 [4 2 9 1 8 5 7 3 0]
 [1 5 0 3 4 7 9 6 8]
 [7 3 0 9 6 0 1 2 4]]
Number of cells unfilled: 14
Accuracy: 82.71604938271605
Sample: 48495
Question:
[[0 0 8 0 5 0 0 0 3]
 [0 5 0 0 0 9 0 0 0]
 [4 0 0 1 0 0 0 5 0]
 [0 9 0 0 0 0 0 6 0]
 [0 0 6 0 8 0 3 0 0]
 [2 0 0 0 0 0 0 0 4]
 [0 0 7 0 6 0 0 3 0]
 [0 0 0 0 0 2 8 0 6]
 [0 0 0 0 0 1 0 0 7]]
Solution:
[[3 0 8 5 0 6 0 4 2]
 [9 7 6 4 2 1 8 0 3]
 [2 4 1 7 9 3 6 5 0]
 [0 6 4 0 1 0 3 8 5]
 [5 1 3 8 7 4 2 9 0]
 [0 8 7 2 5 9 4 1 6]
 [4 2 9 1 8 5 7 3 0]
 [1 5 0 3 4 2 9 6 8]
 [7 3 0 9 6 0 1 2 4]]
Number of cells unfilled: 14
Accuracy: 82.71604938271605
Sample: 48496
Question:
[[0 0 0 0 0 9 0 0 6]
 [0 6 1 0 8 0 7 0 0]
 [0 0 0 4 0 0 0 8 1]
 [0 0 5 0 0 0 0 2 0]
 [0 0 4 7 0 0 3 0 0]
 [0 8 0 0 2 0 0 0 7]
 [5 0 0 8 0 0 0 0 3]
 [0 1 0 0 3 0 0 7 0]
 [0 0 9 0 0 0 1 0 0]]
Solution:
[[3 0 8 5 0 6 0 4 1]
 [9 7 6 4 2 1 8 0 3]
 [2 4 1 7 9 3 6 5 0]
 [0 6 2 0 1 0 3 8 7]
 [5 1 3 8 7 4 2 9 0]
 [4 8 7 2 5 9 0 1 6]
 [6 2 9 1 8 5 7 3 0]
 [1 5 0 3 4 7 9 6 8]
 [7 3 0 9 6 0 1 2 4]]
Number of cells unfilled: 14
Accuracy: 82.71604938271605
Sample: 48497
Question:
[[0 0 3 0 0 7 0 9 0]
 [8 0 0 0 0 0 3 0 0]
 [0 2 0 0 6 0 0 0 7]
 [0 0 0 8 0 0 0 0 5]
 [3 0 5 0 0 6 9 0 0]
 [0 0 0 0 4 5 0 6 3]
 [2 0 0 0 0 0 0 1 0]
 [4 0 0 0 9 0 0 0 0]
 [0 0 6 0 0 1 0 0 9]]
Solution:
[[3 0 8 5 0 1 0 4 9]
 [9 7 6 4 2 8 0 5 3]
 [2 4 1 7 9 3 6 0 0]
 [0 6 4 0 1 0 3 8 7]
 [5 1 3 8 7 4 2 9 0]
 [0 8 7 2 5 9 4 1 6]
 [4 2 9 1 8 5 7 3 0]
 [1 5 0 3 4 2 9 6 8]
 [8 3 0 9 6 7 1 2 4]]
Number of cells unfilled: 14
Accuracy: 82.71604938271605
Sample: 48498
Question:
[[3 5 0 2 0 0 0 4 8]
 [0 7 0 8 0 0 0 0 9]
 [0 0 0 4 0 6 0 0 0]
 [0 0 0 0 0 0 0 9 0]
 [0 0 0 5 0 8 7 0 0]
 [4 0 0 0 0 1 0 0 0]
 [0 1 7 0 0 0 0 2 4]
 [0 3 0 6 0 0 8 0 7]
 [2 0 0 0 0 0 0 0 0]]
Solution:
[[3 0 8 5 0 6 0 4 2]
 [9 7 6 4 2 1 8 0 3]
 [2 4 1 7 9 3 6 5 0]
 [0 6 2 0 1 0 3 8 5]
 [5 1 3 8 7 4 2 9 0]
 [4 8 7 2 5 9 0 1 6]
 [6 2 9 1 8 5 7 3 0]
 [1 5 0 3 4 2 9 6 8]
 [7 3 0 9 6 0 1 2 4]]
Number of cells unfilled: 14
Accuracy: 82.71604938271605
Sample: 48499
Question:
[[0 0 0 0 1 0 0 7 5]
 [0 0 0 2 7 0 0 0 0]
 [0 0 3 0 4 9 0 0 0]
 [4 0 0 1 0 0 7 6 0]
 [0 0 8 0 6 0 5 0 9]
 [3 0 0 0 0 0 8 0 0]
 [0 0 0 0 0 0 0 4 0]
 [0 0 1 0 0 0 0 0 2]
 [8 0 4 0 2 6 0 9 0]]
Solution:
[[3 0 8 5 0 6 0 4 1]
 [9 7 6 4 2 8 0 5 3]
 [2 4 1 7 9 3 6 0 0]
 [0 6 2 0 1 0 3 8 5]
 [5 1 3 8 7 4 2 9 0]
 [4 8 7 2 5 9 0 1 6]
 [6 2 9 1 8 5 7 3 0]
 [1 5 0 3 4 2 9 6 8]
 [8 3 0 9 6 7 1 2 4]]
Number of cells unfilled: 14
Accuracy: 82.71604938271605
Sample: 48500
Question:
[[0 0 0 5 0 0 0 0 0]
 [0 7 0 0 2 0 0 0 3]
 [2 4 1 0 9 0 0 0 0]
 [0 0 0 0 0 0 0 8 0]
 [5 1 3 8 0 0 2 9 0]
 [0 8 7 0 5 0 0 0 6]
 [0 2 9 0 0 0 0 0 0]
 [1 0 0 3 0 0 0 0 0]
 [0 0 0 0 6 0 1 2 4]]
Solution:
[[3 0 8 5 0 6 0 4 2]
 [9 7 6 4 2 1 8 0 3]
 [2 4 1 7 9 3 6 5 0]
 [0 6 4 0 1 0 3 8 5]
 [5 1 3 8 7 4 2 9 0]
 [0 8 7 2 5 9 4 1 6]
 [4 2 9 1 8 5 7 3 0]
 [1 5 0 3 4 7 9 6 8]
 [7 3 0 9 6 0 1 2 4]]
Number of cells unfilled: 14
Accuracy: 82.71604938271605
