2025-10-22 15:24:50.836476: I tensorflow/core/util/port.cc:153] oneDNN custom operations are on. You may see slightly different numerical results due to floating-point round-off errors from different computation orders. To turn them off, set the environment variable `TF_ENABLE_ONEDNN_OPTS=0`.
2025-10-22 15:24:51.212949: I tensorflow/core/platform/cpu_feature_guard.cc:210] This TensorFlow binary is optimized to use available CPU instructions in performance-critical operations.
To enable the following instructions: AVX2 AVX512F AVX512_VNNI FMA, in other operations, rebuild TensorFlow with the appropriate compiler flags.
2025-10-22 15:24:57.782981: I tensorflow/core/util/port.cc:153] oneDNN custom operations are on. You may see slightly different numerical results due to floating-point round-off errors from different computation orders. To turn them off, set the environment variable `TF_ENABLE_ONEDNN_OPTS=0`.
2025-10-22 15:25:05.043292: E external/local_xla/xla/stream_executor/cuda/cuda_platform.cc:51] failed call to cuInit: INTERNAL: CUDA error: Failed call to cuInit: UNKNOWN ERROR (303)
Sample: 53901
Question:
[[0 0 0 0 0 4 0 0 3]
 [0 0 0 2 0 5 0 0 6]
 [0 0 2 0 3 0 0 4 0]
 [8 0 0 0 0 0 0 0 7]
 [0 6 0 0 1 0 9 0 0]
 [0 0 3 5 0 0 0 6 0]
 [0 0 0 0 0 0 0 0 8]
 [0 0 5 0 0 1 0 2 0]
 [9 7 0 0 0 0 6 0 0]]
Solution:
[[5 8 3 2 6 4 1 7 9]
 [6 2 0 0 9 7 3 5 4]
 [4 7 9 5 1 3 6 0 8]
 [8 5 7 3 4 0 9 2 1]
 [0 0 2 1 7 6 4 8 3]
 [9 3 1 8 2 0 5 6 7]
 [3 0 4 9 8 5 0 1 0]
 [2 1 5 7 3 0 8 4 6]
 [0 9 6 4 0 1 7 3 2]]
Number of cells unfilled: 13
Accuracy: 83.9506172839506
Sample: 53902
Question:
[[0 2 0 7 0 0 0 0 0]
 [0 6 1 0 4 0 0 0 0]
 [0 0 0 2 6 1 0 0 4]
 [5 0 6 0 0 0 0 0 2]
 [0 0 0 0 0 0 1 8 0]
 [0 1 8 0 3 0 7 0 0]
 [0 0 7 0 0 0 0 0 1]
 [0 0 0 0 0 0 4 6 0]
 [8 5 2 0 0 0 0 0 9]]
Solution:
[[5 8 3 2 6 4 1 7 9]
 [1 6 0 0 9 7 3 5 4]
 [4 7 9 0 5 3 6 2 8]
 [8 5 7 3 4 9 2 0 1]
 [0 0 2 1 7 6 4 8 3]
 [9 3 1 8 2 0 5 6 7]
 [3 0 4 9 8 5 0 1 0]
 [2 1 5 7 3 0 8 4 6]
 [0 9 6 4 0 1 7 3 2]]
Number of cells unfilled: 13
Accuracy: 83.9506172839506
Sample: 53903
Question:
[[0 0 0 1 0 0 0 0 4]
 [0 0 0 0 0 5 0 6 0]
 [0 7 0 0 9 0 3 0 0]
 [6 0 0 0 0 0 0 0 5]
 [0 0 7 4 0 0 0 1 0]
 [0 8 0 0 7 0 2 0 0]
 [0 0 9 0 0 0 8 0 0]
 [0 3 0 0 0 0 0 2 0]
 [7 0 8 3 2 0 0 0 0]]
Solution:
[[5 8 3 2 6 4 9 7 1]
 [1 6 0 5 9 7 3 2 4]
 [4 2 9 0 1 3 6 5 8]
 [8 5 7 3 4 0 1 9 0]
 [0 0 2 1 7 6 4 8 3]
 [9 3 1 8 2 0 5 6 7]
 [7 4 0 9 8 5 0 1 0]
 [2 1 5 7 3 0 8 4 6]
 [0 9 6 4 0 1 7 3 2]]
Number of cells unfilled: 13
Accuracy: 83.9506172839506
Sample: 53904
Question:
[[8 0 0 0 0 3 0 0 6]
 [0 9 6 0 0 0 0 4 0]
 [0 0 7 0 0 0 8 0 0]
 [0 4 0 0 0 0 7 0 0]
 [5 0 0 1 0 0 0 0 3]
 [0 0 2 0 0 0 0 9 0]
 [0 0 0 3 0 6 2 0 0]
 [6 0 0 0 5 0 0 0 1]
 [0 0 0 8 0 1 0 0 0]]
Solution:
[[5 8 3 2 6 4 9 7 1]
 [1 6 0 0 9 7 3 5 4]
 [4 2 9 5 1 3 6 0 8]
 [8 5 7 3 4 9 1 2 0]
 [0 0 2 1 7 6 4 8 3]
 [9 3 1 8 0 2 5 6 7]
 [3 7 4 9 8 5 0 1 0]
 [2 1 5 7 3 0 8 9 6]
 [0 9 6 4 0 1 7 3 2]]
Number of cells unfilled: 12
Accuracy: 85.18518518518519
Sample: 53905
Question:
[[8 0 3 0 0 0 0 0 0]
 [0 1 0 0 2 0 3 0 0]
 [0 0 2 0 0 0 0 7 0]
 [0 5 0 0 0 7 0 0 6]
 [0 0 0 4 0 0 0 9 0]
 [3 0 0 0 1 0 5 0 0]
 [0 0 0 0 0 9 0 8 0]
 [0 0 0 6 0 0 0 0 4]
 [0 0 5 0 8 0 2 0 0]]
Solution:
[[5 8 3 2 6 4 9 7 1]
 [1 6 0 5 9 7 3 0 4]
 [4 2 9 0 1 3 6 5 8]
 [8 5 7 3 4 9 1 2 0]
 [0 0 2 1 7 6 4 8 3]
 [9 3 1 8 0 2 5 6 7]
 [7 4 0 9 8 5 0 1 0]
 [2 1 5 7 3 0 8 9 6]
 [0 9 6 4 0 1 7 3 2]]
Number of cells unfilled: 13
Accuracy: 83.9506172839506
Sample: 53906
Question:
[[1 0 0 0 0 7 5 0 0]
 [6 0 5 0 0 0 0 8 4]
 [0 9 0 4 0 0 7 0 1]
 [0 0 0 0 0 0 3 0 2]
 [0 0 9 0 2 8 0 0 5]
 [0 0 1 7 0 0 8 0 0]
 [0 0 0 0 7 2 0 0 0]
 [0 0 4 8 0 0 2 0 0]
 [0 0 0 0 0 6 0 3 0]]
Solution:
[[5 8 3 2 6 4 9 7 1]
 [1 2 0 5 9 7 3 0 4]
 [4 7 9 0 1 3 6 5 8]
 [8 5 7 3 4 9 1 2 0]
 [0 0 2 1 7 6 4 8 3]
 [9 3 1 8 0 2 5 6 7]
 [3 0 4 9 8 5 0 1 0]
 [2 1 5 7 3 0 8 9 6]
 [0 9 6 4 0 1 7 3 2]]
Number of cells unfilled: 13
Accuracy: 83.9506172839506
Sample: 53907
Question:
[[2 6 0 0 1 0 0 0 9]
 [0 0 0 0 0 6 8 2 0]
 [0 0 0 5 0 0 6 1 0]
 [0 0 7 0 0 0 3 0 0]
 [9 0 0 0 8 0 0 6 0]
 [0 0 4 0 0 0 9 0 8]
 [3 1 0 0 9 0 2 0 0]
 [0 0 0 1 0 0 0 0 0]
 [7 0 0 0 0 0 0 0 0]]
Solution:
[[5 8 3 2 6 4 9 7 1]
 [1 6 0 0 9 7 3 5 4]
 [4 7 9 5 1 3 6 0 8]
 [8 5 7 3 4 9 1 2 0]
 [0 0 2 1 7 6 4 8 3]
 [9 3 1 8 0 2 5 6 7]
 [3 0 4 9 8 5 0 1 0]
 [2 1 5 7 3 0 8 4 6]
 [0 9 6 4 0 1 7 3 2]]
Number of cells unfilled: 13
Accuracy: 83.9506172839506
Sample: 53908
Question:
[[0 3 0 4 0 0 0 0 0]
 [0 0 2 0 1 0 0 5 0]
 [4 0 0 0 0 6 0 0 0]
 [0 6 0 9 0 0 0 0 3]
 [0 0 8 0 2 0 0 1 0]
 [2 0 0 0 0 0 9 0 5]
 [5 0 0 0 7 0 8 0 2]
 [0 2 0 0 0 0 0 7 0]
 [0 0 7 0 0 0 5 0 1]]
Solution:
[[5 8 3 2 6 4 1 7 9]
 [1 6 0 0 9 7 3 5 4]
 [4 2 9 5 1 3 6 0 8]
 [8 5 7 3 4 0 9 2 1]
 [0 0 2 1 7 6 4 8 3]
 [9 3 1 8 2 0 5 6 7]
 [3 7 4 9 8 5 0 1 0]
 [2 1 5 7 3 0 8 9 6]
 [0 9 6 4 0 1 7 3 2]]
Number of cells unfilled: 12
Accuracy: 85.18518518518519
Sample: 53909
Question:
[[5 0 0 6 0 0 0 0 0]
 [0 9 0 0 1 0 0 0 3]
 [0 0 7 0 0 9 0 8 0]
 [0 0 0 0 2 0 6 7 0]
 [0 0 0 3 6 0 4 0 0]
 [0 6 0 0 0 1 0 0 2]
 [8 0 9 0 0 0 0 0 0]
 [0 0 5 0 0 0 0 4 0]
 [0 2 0 1 0 0 0 0 9]]
Solution:
[[5 8 3 2 6 4 1 7 9]
 [6 2 0 0 9 7 3 5 4]
 [4 7 9 5 1 3 6 0 8]
 [8 5 7 3 4 0 9 2 1]
 [0 0 2 1 7 6 4 8 3]
 [9 3 1 8 2 0 5 6 7]
 [3 0 4 9 8 5 0 1 0]
 [2 1 5 7 3 0 8 4 6]
 [0 9 6 4 0 1 7 3 2]]
Number of cells unfilled: 13
Accuracy: 83.9506172839506
Sample: 53910
Question:
[[9 0 0 0 0 0 5 0 2]
 [0 0 0 0 7 0 0 0 0]
 [0 2 0 0 0 8 3 0 4]
 [1 0 0 0 0 9 0 0 0]
 [0 5 9 0 0 3 6 0 0]
 [0 0 0 1 0 0 0 0 3]
 [8 4 1 0 0 0 0 0 0]
 [0 0 3 6 0 0 0 0 0]
 [0 0 5 0 8 1 7 0 0]]
Solution:
[[5 8 3 2 6 4 9 7 1]
 [1 6 0 5 9 7 3 0 4]
 [4 2 9 0 1 3 6 5 8]
 [8 5 7 3 4 9 1 2 0]
 [0 0 2 1 7 6 4 8 3]
 [9 3 1 8 2 0 5 6 7]
 [3 7 4 9 8 5 0 1 0]
 [2 1 5 7 3 0 8 4 6]
 [0 9 6 4 0 1 7 3 2]]
Number of cells unfilled: 12
Accuracy: 85.18518518518519
Sample: 53911
Question:
[[0 0 8 0 0 0 3 0 0]
 [0 9 0 2 0 0 7 1 0]
 [3 5 0 0 0 0 0 0 0]
 [0 0 5 0 0 1 0 3 7]
 [6 0 0 0 0 0 0 0 0]
 [0 0 0 0 0 4 0 9 8]
 [8 0 0 1 3 0 0 0 2]
 [0 0 0 0 6 0 0 0 1]
 [0 0 0 0 0 9 0 4 0]]
Solution:
[[5 8 3 2 6 4 9 7 1]
 [1 2 0 0 9 7 3 5 4]
 [4 7 9 5 1 3 6 0 8]
 [8 5 7 3 4 9 1 2 0]
 [0 0 2 1 7 6 4 8 3]
 [9 3 1 8 0 2 5 6 7]
 [3 4 0 9 8 5 0 1 0]
 [2 1 5 7 3 0 8 9 6]
 [0 9 6 4 0 1 7 3 2]]
Number of cells unfilled: 13
Accuracy: 83.9506172839506
Sample: 53912
Question:
[[0 0 4 0 0 0 0 6 9]
 [0 0 0 0 0 0 0 2 0]
 [7 0 0 0 0 9 4 0 0]
 [2 0 0 0 0 6 0 4 0]
 [0 0 1 2 0 7 8 0 0]
 [0 0 0 3 5 0 0 0 2]
 [0 0 5 0 1 0 0 7 0]
 [0 3 0 0 0 0 0 0 0]
 [8 0 0 0 0 2 0 0 4]]
Solution:
[[5 8 3 2 6 4 9 7 1]
 [1 6 0 0 9 7 3 5 4]
 [4 7 9 5 1 3 6 0 8]
 [8 5 7 3 4 0 1 2 9]
 [0 0 2 1 7 6 4 8 3]
 [9 3 1 8 2 0 5 6 7]
 [3 4 0 9 8 5 0 1 0]
 [2 1 5 7 3 0 8 9 6]
 [0 9 6 4 0 1 7 3 2]]
Number of cells unfilled: 13
Accuracy: 83.9506172839506
Sample: 53913
Question:
[[7 0 0 0 9 0 1 4 0]
 [5 4 0 1 0 0 3 0 0]
 [0 8 1 0 3 0 7 5 6]
 [2 0 0 3 8 0 0 9 0]
 [6 3 0 0 2 0 0 0 0]
 [0 0 0 4 0 9 0 1 0]
 [0 0 2 0 0 0 0 0 4]
 [0 5 0 9 0 6 0 0 2]
 [3 0 0 7 0 0 0 0 0]]
Solution:
[[5 8 3 2 6 4 9 7 1]
 [1 6 0 5 9 7 3 0 4]
 [4 2 9 0 1 3 6 5 8]
 [8 5 7 3 4 9 1 2 0]
 [0 0 2 1 7 6 4 8 3]
 [9 3 1 8 0 2 5 6 7]
 [3 7 4 9 8 5 0 1 0]
 [2 1 5 7 3 0 8 9 6]
 [0 9 6 4 0 1 7 3 2]]
Number of cells unfilled: 12
Accuracy: 85.18518518518519
Sample: 53914
Question:
[[0 5 0 3 0 0 0 0 8]
 [6 0 0 0 0 0 0 7 0]
 [0 0 4 0 6 0 5 0 0]
 [5 0 2 0 0 0 0 8 0]
 [0 4 0 0 1 0 2 0 0]
 [1 0 0 0 0 2 0 3 0]
 [0 0 5 1 0 9 0 0 0]
 [0 9 0 7 0 0 0 0 0]
 [4 0 0 0 5 0 9 0 0]]
Solution:
[[5 8 3 2 6 4 9 7 1]
 [1 6 0 5 9 7 3 0 4]
 [4 2 9 0 1 3 6 5 8]
 [8 5 7 3 4 9 1 2 0]
 [0 0 2 1 7 6 4 8 3]
 [9 3 1 8 0 2 5 6 7]
 [3 7 4 9 8 5 0 1 0]
 [2 1 5 7 3 0 8 9 6]
 [0 9 6 4 0 1 7 3 2]]
Number of cells unfilled: 12
Accuracy: 85.18518518518519
Sample: 53915
Question:
[[0 2 5 3 4 0 0 0 0]
 [1 3 0 0 0 8 2 6 0]
 [0 0 0 9 0 0 0 4 0]
 [6 0 0 0 0 1 0 3 8]
 [0 0 9 0 0 7 0 0 0]
 [7 0 0 0 6 0 0 9 1]
 [0 9 8 6 0 0 1 0 5]
 [0 0 7 0 0 3 0 0 0]
 [2 4 0 5 0 0 3 7 0]]
Solution:
[[5 8 3 2 6 4 9 7 1]
 [1 6 0 5 9 7 3 0 4]
 [4 2 9 0 1 3 6 5 8]
 [8 5 7 3 4 9 1 2 0]
 [0 0 2 1 7 6 4 8 3]
 [9 3 1 8 0 2 5 6 7]
 [7 4 0 9 8 5 0 1 0]
 [2 1 5 7 3 0 8 9 6]
 [0 9 6 4 0 1 7 3 2]]
Number of cells unfilled: 13
Accuracy: 83.9506172839506
Sample: 53916
Question:
[[0 0 0 3 0 8 0 0 0]
 [0 8 0 0 0 0 1 0 0]
 [9 0 0 0 7 0 0 0 2]
 [4 0 0 0 3 0 0 0 9]
 [0 1 0 0 0 0 6 5 0]
 [0 0 5 6 0 0 0 0 0]
 [0 0 0 7 0 3 0 0 4]
 [7 0 0 0 0 9 0 2 0]
 [0 0 4 0 2 0 0 0 0]]
Solution:
[[5 8 3 2 1 4 9 7 0]
 [1 2 0 6 9 7 3 5 4]
 [4 7 9 5 0 3 6 2 8]
 [8 5 7 3 4 9 2 0 1]
 [0 0 2 1 7 6 4 8 3]
 [9 3 1 8 2 0 5 6 7]
 [3 4 0 9 8 5 0 1 0]
 [2 1 5 7 3 0 8 9 6]
 [0 9 6 4 0 1 7 3 2]]
Number of cells unfilled: 13
Accuracy: 83.9506172839506
Sample: 53917
Question:
[[0 0 8 0 3 0 0 0 9]
 [0 5 0 0 0 1 0 0 0]
 [3 0 0 0 0 0 6 0 0]
 [0 0 2 0 0 8 0 0 0]
 [0 0 0 3 0 2 0 0 7]
 [7 0 0 0 9 0 0 2 0]
 [0 9 0 4 0 0 5 0 0]
 [6 0 0 0 0 0 0 1 0]
 [0 0 7 0 8 0 0 0 3]]
Solution:
[[5 8 3 2 6 4 9 7 1]
 [1 6 0 0 9 7 3 5 4]
 [4 2 9 5 1 3 6 0 8]
 [8 5 7 3 4 9 1 2 0]
 [0 0 2 1 7 6 4 8 3]
 [9 3 1 8 0 2 5 6 7]
 [3 7 4 9 8 5 0 1 0]
 [2 1 5 7 3 0 8 4 6]
 [0 9 6 4 0 1 7 3 2]]
Number of cells unfilled: 12
Accuracy: 85.18518518518519
Sample: 53918
Question:
[[0 0 7 0 9 0 0 0 0]
 [0 3 2 0 0 1 4 0 0]
 [5 0 0 3 0 0 0 2 0]
 [0 7 0 9 0 0 0 6 0]
 [0 0 0 0 0 4 1 7 0]
 [0 0 8 0 0 0 0 0 2]
 [0 9 0 0 2 0 6 0 0]
 [0 0 6 8 0 0 0 3 0]
 [7 0 0 0 0 0 0 0 5]]
Solution:
[[5 8 3 2 1 4 9 7 0]
 [1 6 0 5 9 7 3 2 4]
 [4 7 9 0 0 3 6 5 8]
 [8 5 7 3 4 9 2 0 1]
 [0 0 2 1 7 6 4 8 3]
 [9 3 1 8 2 0 5 6 7]
 [3 0 4 9 8 5 0 1 0]
 [2 1 5 7 3 0 8 9 6]
 [0 9 6 4 0 1 7 3 2]]
Number of cells unfilled: 14
Accuracy: 82.71604938271605
Sample: 53919
Question:
[[9 0 0 0 0 2 5 0 0]
 [0 0 0 0 6 0 0 0 4]
 [0 0 0 3 0 0 0 6 0]
 [0 0 4 9 0 0 0 5 0]
 [0 3 0 7 0 0 0 0 9]
 [8 0 0 0 0 5 7 0 0]
 [1 0 0 2 0 0 0 0 5]
 [0 8 0 0 0 1 0 7 0]
 [0 0 2 0 9 0 1 0 0]]
Solution:
[[5 8 3 2 6 4 1 7 9]
 [1 6 0 5 9 7 3 0 4]
 [4 2 9 0 1 3 6 5 8]
 [8 5 7 3 4 9 0 2 1]
 [0 0 2 1 7 6 4 8 3]
 [9 3 1 8 0 2 5 6 7]
 [3 7 4 9 8 5 0 1 0]
 [2 1 5 7 3 0 8 4 6]
 [0 9 6 4 0 1 7 3 2]]
Number of cells unfilled: 12
Accuracy: 85.18518518518519
Sample: 53920
Question:
[[0 0 0 0 0 0 0 0 6]
 [0 2 0 8 0 0 0 4 7]
 [4 0 0 0 7 0 0 0 0]
 [0 5 0 0 0 8 0 2 3]
 [0 0 0 3 5 0 6 0 0]
 [1 0 0 0 2 0 4 5 0]
 [0 0 9 0 0 7 0 0 0]
 [0 7 0 0 8 0 0 3 2]
 [0 0 0 5 0 0 0 0 0]]
Solution:
[[5 8 3 2 6 4 1 7 9]
 [1 6 0 0 9 7 3 5 4]
 [4 7 9 5 1 3 6 0 8]
 [8 5 7 3 4 9 0 2 1]
 [0 0 2 1 7 6 4 8 3]
 [9 3 1 8 0 2 5 6 7]
 [3 4 0 9 8 5 0 1 0]
 [2 1 5 7 3 0 8 4 6]
 [0 9 6 4 0 1 7 3 2]]
Number of cells unfilled: 13
Accuracy: 83.9506172839506
Sample: 53921
Question:
[[0 0 0 0 0 3 5 0 6]
 [0 0 0 9 0 0 0 0 7]
 [0 0 6 0 5 0 0 2 0]
 [9 0 0 0 0 2 0 8 0]
 [0 1 0 5 0 0 0 0 2]
 [0 0 2 0 8 0 6 0 0]
 [0 3 0 6 0 0 0 0 0]
 [0 0 7 0 4 0 0 0 8]
 [1 0 0 0 0 0 4 0 0]]
Solution:
[[5 8 3 2 6 4 9 7 1]
 [1 6 0 5 9 7 3 0 4]
 [4 7 9 0 1 3 6 5 8]
 [8 5 7 3 4 9 1 2 0]
 [0 0 2 1 7 6 4 8 3]
 [9 3 1 8 0 2 5 6 7]
 [7 4 0 9 8 5 0 1 0]
 [2 1 5 7 3 0 8 9 6]
 [0 9 6 4 0 1 7 3 2]]
Number of cells unfilled: 13
Accuracy: 83.9506172839506
Sample: 53922
Question:
[[9 0 3 8 0 0 0 6 0]
 [0 6 0 0 0 0 8 0 0]
 [2 0 0 0 7 0 0 0 9]
 [0 2 0 7 0 0 0 0 8]
 [5 0 0 0 0 0 0 0 0]
 [0 0 4 0 6 0 0 2 0]
 [0 0 0 0 1 0 4 0 0]
 [0 9 0 3 0 0 0 0 6]
 [0 0 0 0 0 5 0 1 3]]
Solution:
[[5 8 3 2 6 4 1 7 9]
 [1 6 0 0 9 7 3 5 4]
 [4 7 9 5 1 3 6 0 8]
 [8 5 7 3 4 9 0 2 1]
 [0 0 2 1 7 6 4 8 3]
 [9 3 1 8 0 2 5 6 7]
 [7 0 4 9 8 5 0 1 0]
 [2 1 5 7 3 0 8 4 6]
 [0 9 6 4 0 1 7 3 2]]
Number of cells unfilled: 13
Accuracy: 83.9506172839506
Sample: 53923
Question:
[[7 0 0 0 0 8 0 3 0]
 [0 0 5 3 0 0 0 0 0]
 [0 3 0 0 4 7 1 0 0]
 [9 0 0 0 2 3 0 5 0]
 [0 5 0 1 0 0 0 7 2]
 [0 0 2 0 0 0 6 0 0]
 [0 8 0 4 0 0 0 1 0]
 [0 0 0 0 0 6 0 0 0]
 [4 0 3 0 0 0 0 0 9]]
Solution:
[[5 8 3 2 6 4 9 7 1]
 [1 6 0 5 9 7 3 0 4]
 [4 2 9 0 1 3 6 5 8]
 [8 5 7 3 4 9 1 2 0]
 [0 0 2 1 7 6 4 8 3]
 [9 3 1 8 2 0 5 6 7]
 [7 4 0 9 8 5 0 1 0]
 [2 1 5 7 3 0 8 4 6]
 [0 9 6 4 0 1 7 3 2]]
Number of cells unfilled: 13
Accuracy: 83.9506172839506
Sample: 53924
Question:
[[0 0 6 0 0 0 0 0 0]
 [0 0 0 0 4 2 0 0 0]
 [0 7 4 0 3 0 2 0 5]
 [6 0 2 0 9 7 0 3 0]
 [9 0 7 0 0 0 0 0 0]
 [0 4 0 1 0 3 9 0 0]
 [0 0 0 0 0 0 0 0 0]
 [7 6 0 0 0 1 0 2 0]
 [0 5 0 0 0 4 3 8 7]]
Solution:
[[5 8 3 2 6 4 1 7 9]
 [1 6 0 5 9 7 3 2 4]
 [4 7 9 0 1 3 6 5 8]
 [8 5 7 3 4 9 2 0 1]
 [0 0 2 1 7 6 4 8 3]
 [9 3 1 8 0 2 5 6 7]
 [3 0 4 9 8 5 0 1 0]
 [2 1 5 7 3 0 8 4 6]
 [0 9 6 4 0 1 7 3 2]]
Number of cells unfilled: 12
Accuracy: 85.18518518518519
Sample: 53925
Question:
[[0 0 0 2 9 0 0 0 0]
 [4 1 7 0 0 3 0 0 0]
 [2 0 0 0 0 0 0 8 0]
 [0 0 0 0 3 0 0 0 0]
 [1 0 0 0 0 7 0 4 8]
 [0 0 0 5 1 0 6 0 9]
 [8 0 5 0 0 0 7 0 0]
 [0 0 0 0 6 0 0 2 4]
 [3 0 6 0 0 0 0 0 1]]
Solution:
[[5 8 3 2 6 4 1 7 9]
 [1 6 0 5 9 7 3 2 4]
 [4 2 9 0 1 3 6 5 8]
 [8 5 7 3 4 0 2 9 1]
 [0 0 2 1 7 6 4 8 3]
 [9 3 1 8 2 0 5 6 7]
 [3 7 4 9 8 5 0 1 0]
 [2 1 5 7 3 0 8 4 6]
 [0 9 6 4 0 1 7 3 2]]
Number of cells unfilled: 11
Accuracy: 86.41975308641975
Sample: 53926
Question:
[[0 0 0 9 0 0 8 0 1]
 [5 0 0 1 6 8 0 4 0]
 [0 0 0 0 0 3 0 0 5]
 [4 0 0 0 3 1 0 0 8]
 [0 0 3 0 0 0 0 0 0]
 [0 0 0 5 0 0 0 0 0]
 [8 0 0 0 1 6 5 0 0]
 [0 0 0 0 0 2 0 0 4]
 [0 4 0 3 8 0 0 0 6]]
Solution:
[[5 8 3 2 1 4 9 7 0]
 [1 6 0 5 9 7 3 2 4]
 [4 7 9 0 0 3 6 5 8]
 [8 5 7 3 4 9 2 0 1]
 [0 0 2 1 7 6 4 8 3]
 [9 3 1 8 2 0 5 6 7]
 [3 0 4 9 8 5 0 1 0]
 [2 1 5 7 3 0 8 9 6]
 [0 9 6 4 0 1 7 3 2]]
Number of cells unfilled: 14
Accuracy: 82.71604938271605
Sample: 53927
Question:
[[0 1 0 0 8 0 9 0 0]
 [0 9 2 0 0 1 0 5 4]
 [0 8 0 4 0 0 7 0 1]
 [1 0 0 0 0 0 0 0 0]
 [0 0 0 0 0 3 0 0 0]
 [0 3 0 0 7 0 2 0 0]
 [0 0 0 7 0 0 3 0 0]
 [0 7 0 3 0 9 0 8 2]
 [0 0 0 0 2 0 0 7 0]]
Solution:
[[5 8 3 2 6 4 9 7 1]
 [1 2 0 0 9 7 3 5 4]
 [4 7 9 5 1 3 6 0 8]
 [8 5 7 3 4 9 1 2 0]
 [0 0 2 1 7 6 4 8 3]
 [9 3 1 8 0 2 5 6 7]
 [7 0 4 9 8 5 0 1 0]
 [2 1 5 7 3 0 8 9 6]
 [0 9 6 4 0 1 7 3 2]]
Number of cells unfilled: 13
Accuracy: 83.9506172839506
Sample: 53928
Question:
[[0 2 0 9 0 0 3 0 0]
 [0 0 0 0 2 0 0 0 0]
 [0 0 1 0 0 0 0 0 0]
 [0 0 0 3 0 0 0 0 9]
 [0 9 0 0 5 2 0 3 8]
 [0 0 0 0 0 9 2 0 0]
 [0 8 0 5 0 7 9 1 0]
 [0 1 0 8 0 0 5 0 0]
 [3 0 0 0 0 6 8 0 4]]
Solution:
[[5 8 3 2 6 4 9 7 1]
 [1 6 0 0 9 7 3 5 4]
 [4 2 9 5 1 3 6 0 8]
 [8 5 7 3 4 9 1 2 0]
 [0 0 2 1 7 6 4 8 3]
 [9 3 1 8 0 2 5 6 7]
 [3 7 4 9 8 5 0 1 0]
 [2 1 5 7 3 0 8 9 6]
 [0 9 6 4 0 1 7 3 2]]
Number of cells unfilled: 12
Accuracy: 85.18518518518519
Sample: 53929
Question:
[[2 0 0 6 0 0 1 5 0]
 [0 1 0 2 0 0 6 0 3]
 [0 6 7 0 8 3 0 0 2]
 [0 0 0 0 0 2 0 0 0]
 [0 0 0 0 0 0 0 0 4]
 [0 8 0 4 0 0 3 0 0]
 [0 4 0 0 0 0 0 0 0]
 [0 0 3 0 0 0 8 0 0]
 [8 0 6 3 0 0 0 4 1]]
Solution:
[[5 8 3 2 6 4 1 7 9]
 [1 6 0 0 9 7 3 5 4]
 [4 7 9 0 5 3 6 2 8]
 [8 5 7 3 4 9 2 0 1]
 [0 0 2 1 7 6 4 8 3]
 [9 3 1 8 2 0 5 6 7]
 [7 0 4 9 8 5 0 1 0]
 [2 1 5 7 3 0 8 4 6]
 [0 9 6 4 0 1 7 3 2]]
Number of cells unfilled: 13
Accuracy: 83.9506172839506
Sample: 53930
Question:
[[2 0 7 0 6 0 3 0 0]
 [0 4 6 7 0 9 0 0 1]
 [0 9 0 0 0 1 0 0 6]
 [0 3 0 0 0 4 0 0 5]
 [0 0 0 0 0 0 0 6 0]
 [0 0 0 0 5 0 0 0 0]
 [4 0 0 0 0 3 0 0 0]
 [0 5 0 4 0 0 0 0 0]
 [1 0 3 5 9 0 0 0 4]]
Solution:
[[5 8 3 2 6 4 1 7 9]
 [6 2 0 0 9 7 3 5 4]
 [4 7 9 5 1 3 6 2 8]
 [8 5 7 3 4 9 2 0 1]
 [0 0 2 1 7 6 4 8 3]
 [9 3 1 8 0 2 5 6 7]
 [3 4 0 9 8 5 0 1 0]
 [2 1 5 7 3 0 8 4 6]
 [0 9 6 4 0 1 7 3 2]]
Number of cells unfilled: 12
Accuracy: 85.18518518518519
Sample: 53931
Question:
[[6 0 0 0 0 0 0 0 0]
 [0 0 0 0 0 0 0 0 8]
 [9 3 8 0 0 4 7 0 0]
 [0 1 0 0 4 7 0 0 0]
 [0 0 3 6 0 0 4 0 0]
 [8 0 0 0 0 9 0 7 0]
 [0 8 0 0 0 6 0 0 0]
 [5 0 0 4 0 3 0 0 0]
 [3 4 9 0 7 0 6 0 0]]
Solution:
[[5 8 3 2 6 4 9 7 1]
 [1 6 0 0 9 7 3 5 4]
 [4 2 9 5 1 3 6 0 8]
 [8 5 7 3 4 9 1 2 0]
 [0 0 2 1 7 6 4 8 3]
 [9 3 1 8 0 2 5 6 7]
 [3 7 4 9 8 5 0 1 0]
 [2 1 5 7 3 0 8 4 6]
 [0 9 6 4 0 1 7 3 2]]
Number of cells unfilled: 12
Accuracy: 85.18518518518519
Sample: 53932
Question:
[[0 1 0 0 9 0 0 0 3]
 [6 0 0 2 0 0 0 0 0]
 [0 0 0 0 0 6 0 4 0]
 [5 0 0 0 0 0 0 2 0]
 [0 9 0 0 8 0 0 0 1]
 [0 0 0 4 0 0 5 0 0]
 [0 7 0 1 0 8 0 0 0]
 [0 0 0 9 0 0 0 0 7]
 [9 0 3 0 7 0 0 1 0]]
Solution:
[[5 8 3 2 6 4 9 7 1]
 [1 6 0 5 9 7 3 0 4]
 [4 2 9 0 1 3 6 5 8]
 [8 5 7 3 4 9 1 2 0]
 [0 0 2 1 7 6 4 8 3]
 [9 3 1 8 0 2 5 6 7]
 [3 7 4 9 8 5 0 1 0]
 [2 1 5 7 3 0 8 9 6]
 [0 9 6 4 0 1 7 3 2]]
Number of cells unfilled: 12
Accuracy: 85.18518518518519
Sample: 53933
Question:
[[0 0 3 0 0 1 0 7 0]
 [2 0 0 0 3 0 0 0 9]
 [0 6 0 5 0 0 0 0 0]
 [0 0 0 7 0 0 0 8 0]
 [0 0 6 0 0 5 7 0 0]
 [0 2 0 0 6 0 0 0 3]
 [0 0 2 0 4 0 0 0 7]
 [0 4 0 1 0 0 0 0 0]
 [9 0 0 0 0 0 8 0 0]]
Solution:
[[5 8 3 2 6 4 9 7 1]
 [1 6 0 5 9 7 3 0 4]
 [4 2 9 0 1 3 6 5 8]
 [8 5 7 3 4 9 1 2 0]
 [0 0 2 1 7 6 4 8 3]
 [9 3 1 8 2 0 5 6 7]
 [3 7 4 9 8 5 0 1 0]
 [2 1 5 7 3 0 8 9 6]
 [0 9 6 4 0 1 7 3 2]]
Number of cells unfilled: 12
Accuracy: 85.18518518518519
Sample: 53934
Question:
[[0 0 4 0 8 0 0 1 0]
 [0 8 0 0 0 6 3 0 0]
 [0 0 5 0 9 0 0 0 2]
 [0 0 2 0 7 0 6 0 0]
 [0 6 0 0 0 2 0 3 0]
 [5 0 0 0 0 0 2 0 8]
 [0 2 0 0 0 1 0 0 3]
 [4 0 0 7 0 0 0 0 0]
 [0 0 3 9 0 0 0 0 0]]
Solution:
[[5 8 3 2 6 4 9 7 1]
 [1 6 0 0 9 7 3 5 4]
 [4 2 9 5 1 3 6 0 8]
 [8 5 7 3 4 9 1 2 0]
 [0 0 2 1 7 6 4 8 3]
 [9 3 1 8 0 2 5 6 7]
 [3 7 4 9 8 5 0 1 0]
 [2 1 5 7 3 0 8 9 6]
 [0 9 6 4 0 1 7 3 2]]
Number of cells unfilled: 12
Accuracy: 85.18518518518519
Sample: 53935
Question:
[[6 7 0 0 0 0 0 0 2]
 [5 8 0 0 0 0 0 0 0]
 [0 0 0 0 0 0 3 5 0]
 [0 5 0 0 0 0 0 0 6]
 [0 0 2 8 0 4 0 9 0]
 [0 0 0 0 0 0 1 8 0]
 [0 0 0 4 2 0 0 6 9]
 [0 4 0 0 0 8 0 0 3]
 [0 0 7 9 0 0 0 1 0]]
Solution:
[[5 8 3 2 6 4 1 7 9]
 [1 6 0 0 9 7 3 5 4]
 [4 7 9 5 1 3 6 0 8]
 [8 5 7 3 4 0 9 2 1]
 [0 0 2 1 7 6 4 8 3]
 [9 3 1 8 2 0 5 6 7]
 [7 0 4 9 8 5 0 1 0]
 [2 1 5 7 3 0 8 4 6]
 [0 9 6 4 0 1 7 3 2]]
Number of cells unfilled: 13
Accuracy: 83.9506172839506
Sample: 53936
Question:
[[5 9 3 0 0 2 6 8 0]
 [0 4 7 0 8 0 0 0 9]
 [1 0 0 5 0 0 0 0 0]
 [0 7 0 6 1 0 9 0 0]
 [0 5 6 2 0 3 0 0 7]
 [2 0 0 0 0 7 0 0 4]
 [0 6 0 0 0 4 0 3 2]
 [8 0 9 0 0 0 1 0 6]
 [0 0 5 0 3 0 0 0 0]]
Solution:
[[5 8 3 2 6 4 9 7 1]
 [1 6 0 5 9 7 3 0 4]
 [4 2 9 0 1 3 6 5 8]
 [8 5 7 3 4 9 1 2 0]
 [0 0 2 1 7 6 4 8 3]
 [9 3 1 8 2 0 5 6 7]
 [3 7 4 9 8 5 0 1 0]
 [2 1 5 7 3 0 8 9 6]
 [0 9 6 4 0 1 7 3 2]]
Number of cells unfilled: 12
Accuracy: 85.18518518518519
Sample: 53937
Question:
[[0 6 0 0 3 0 0 7 0]
 [1 0 0 0 0 8 0 0 6]
 [0 0 9 7 0 0 4 0 0]
 [0 0 0 0 0 9 0 5 0]
 [0 0 6 0 8 0 3 0 0]
 [0 2 0 3 0 0 0 0 7]
 [0 0 3 5 0 0 0 0 2]
 [0 4 0 0 9 0 7 0 0]
 [6 0 0 0 0 0 0 1 0]]
Solution:
[[5 8 3 2 6 4 9 7 1]
 [1 6 0 5 9 7 3 0 4]
 [4 2 9 0 1 3 6 5 8]
 [8 5 7 3 4 9 1 2 0]
 [0 0 2 1 7 6 4 8 3]
 [9 3 1 8 2 0 5 6 7]
 [3 7 4 9 8 5 0 1 0]
 [2 1 5 7 3 0 8 4 6]
 [0 9 6 4 0 1 7 3 2]]
Number of cells unfilled: 12
Accuracy: 85.18518518518519
Sample: 53938
Question:
[[6 0 0 1 0 0 0 9 0]
 [0 2 0 0 8 0 0 0 1]
 [0 0 0 0 0 3 0 5 0]
 [0 7 0 0 0 0 1 2 0]
 [0 0 8 7 0 0 0 0 4]
 [0 0 0 0 4 0 7 0 0]
 [9 0 0 0 0 6 0 0 0]
 [0 0 3 5 0 0 0 0 0]
 [0 4 0 0 1 0 0 0 2]]
Solution:
[[5 8 3 2 6 4 9 7 1]
 [1 6 0 0 9 7 3 5 4]
 [4 7 9 5 1 3 6 0 8]
 [8 5 7 3 4 9 1 2 0]
 [0 0 2 1 7 6 4 8 3]
 [9 3 1 8 2 0 5 6 7]
 [7 4 0 9 8 5 0 1 0]
 [2 1 5 7 3 0 8 4 6]
 [0 9 6 4 0 1 7 3 2]]
Number of cells unfilled: 13
Accuracy: 83.9506172839506
Sample: 53939
Question:
[[2 4 1 0 5 0 0 0 0]
 [0 0 0 0 0 4 6 0 0]
 [0 7 0 0 0 8 0 0 2]
 [0 0 0 0 0 0 3 9 0]
 [0 0 6 8 0 1 0 0 0]
 [7 0 0 4 0 3 0 0 5]
 [0 0 0 0 0 5 0 0 8]
 [0 6 2 0 0 0 1 0 0]
 [0 0 0 3 1 0 0 0 0]]
Solution:
[[5 8 3 2 6 4 9 7 1]
 [1 6 0 0 9 7 3 5 4]
 [4 2 9 5 1 3 6 0 8]
 [8 5 7 3 4 9 1 2 0]
 [0 0 2 1 7 6 4 8 3]
 [9 3 1 8 0 2 5 6 7]
 [3 7 4 9 8 5 0 1 0]
 [2 1 5 7 3 0 8 9 6]
 [0 9 6 4 0 1 7 3 2]]
Number of cells unfilled: 12
Accuracy: 85.18518518518519
Sample: 53940
Question:
[[0 2 0 0 0 0 0 0 8]
 [0 0 0 0 4 0 1 0 0]
 [1 0 0 6 0 0 0 7 0]
 [0 4 0 7 1 0 9 0 0]
 [0 0 2 4 3 0 5 0 0]
 [3 0 0 0 0 6 0 4 0]
 [0 0 5 0 0 0 0 0 9]
 [0 8 0 0 0 0 0 0 0]
 [4 0 0 0 6 0 0 1 0]]
Solution:
[[5 8 3 2 6 4 9 7 1]
 [1 6 0 0 9 7 3 5 4]
 [4 2 9 0 5 3 6 0 8]
 [8 5 7 3 4 9 1 2 0]
 [0 0 2 1 7 6 4 8 3]
 [9 3 1 8 2 0 5 6 7]
 [3 7 4 9 8 5 0 1 0]
 [2 1 5 7 3 0 8 9 6]
 [0 9 6 4 0 1 7 3 2]]
Number of cells unfilled: 13
Accuracy: 83.9506172839506
Sample: 53941
Question:
[[0 0 9 1 0 0 0 0 2]
 [5 4 0 0 0 0 6 0 0]
 [2 1 0 0 0 0 0 7 0]
 [9 0 0 0 0 0 0 0 0]
 [0 2 0 4 0 0 1 0 9]
 [0 0 0 0 0 3 8 0 0]
 [0 0 0 0 8 0 0 6 5]
 [0 0 0 0 0 7 3 0 0]
 [4 0 0 5 0 0 2 0 0]]
Solution:
[[5 8 3 2 6 4 1 7 9]
 [6 2 0 0 9 7 3 5 4]
 [4 7 9 0 5 3 6 0 8]
 [8 5 7 3 4 0 9 2 1]
 [0 0 2 1 7 6 4 8 3]
 [9 3 1 8 2 0 5 6 7]
 [7 0 4 9 8 5 0 1 0]
 [2 1 5 7 3 0 8 9 6]
 [0 9 6 4 0 1 7 3 2]]
Number of cells unfilled: 14
Accuracy: 82.71604938271605
Sample: 53942
Question:
[[3 0 7 0 0 2 0 0 6]
 [6 0 0 0 0 0 8 1 0]
 [0 0 0 4 0 6 0 0 0]
 [0 4 0 2 0 0 5 3 0]
 [8 0 0 0 0 0 0 2 0]
 [0 0 0 1 0 7 0 0 4]
 [0 0 0 3 0 0 0 4 0]
 [0 0 8 9 0 0 0 5 0]
 [0 0 0 0 0 1 0 8 0]]
Solution:
[[5 8 3 2 6 4 9 7 0]
 [1 6 0 0 9 7 3 5 4]
 [4 7 9 5 1 3 6 2 8]
 [8 5 7 3 4 0 2 9 1]
 [0 0 2 1 7 6 4 8 3]
 [9 3 1 8 2 0 5 6 7]
 [3 4 0 9 8 5 0 1 0]
 [2 1 5 7 3 0 8 4 6]
 [0 9 6 4 0 1 7 3 2]]
Number of cells unfilled: 13
Accuracy: 83.9506172839506
Sample: 53943
Question:
[[0 0 0 9 0 0 0 0 8]
 [0 0 0 0 0 0 0 2 0]
 [1 0 0 0 2 8 0 4 5]
 [4 6 0 0 8 9 0 0 0]
 [0 9 0 0 7 0 0 6 0]
 [0 0 0 0 5 0 3 8 0]
 [0 0 1 0 0 0 2 7 0]
 [7 2 0 0 0 6 0 0 0]
 [0 0 3 0 0 0 0 0 0]]
Solution:
[[5 8 3 2 6 4 1 7 9]
 [1 6 0 0 9 7 3 5 4]
 [4 2 9 0 5 3 6 0 8]
 [8 5 7 3 4 0 9 2 1]
 [0 0 2 1 7 6 4 8 3]
 [9 3 1 8 2 0 5 6 7]
 [3 7 4 9 8 5 0 1 0]
 [2 1 5 7 3 0 8 9 6]
 [0 9 6 4 0 1 7 3 2]]
Number of cells unfilled: 13
Accuracy: 83.9506172839506
Sample: 53944
Question:
[[0 1 0 0 7 0 0 0 0]
 [0 2 6 0 0 0 0 7 0]
 [7 0 0 0 0 0 0 0 4]
 [1 0 0 0 2 9 0 6 0]
 [0 0 9 8 0 0 0 0 0]
 [0 0 0 0 0 5 3 0 9]
 [6 0 0 0 4 0 0 1 0]
 [0 0 0 0 0 3 0 0 5]
 [0 0 0 0 9 0 8 0 6]]
Solution:
[[5 8 3 2 6 4 9 7 1]
 [1 6 0 5 9 7 3 0 4]
 [4 2 9 0 1 3 6 5 8]
 [8 5 7 3 4 9 1 2 0]
 [0 0 2 1 7 6 4 8 3]
 [9 3 1 8 2 0 5 6 7]
 [3 7 4 9 8 5 0 1 0]
 [2 1 5 7 3 0 8 9 6]
 [0 9 6 4 0 1 7 3 2]]
Number of cells unfilled: 12
Accuracy: 85.18518518518519
Sample: 53945
Question:
[[4 0 8 0 0 2 6 0 0]
 [0 0 3 0 0 5 0 0 0]
 [0 9 0 8 0 0 0 1 0]
 [0 0 0 0 2 0 0 8 0]
 [0 8 0 9 0 0 1 0 0]
 [0 0 0 0 0 0 0 7 9]
 [0 6 2 7 0 9 0 0 1]
 [5 0 0 0 0 4 0 0 0]
 [0 0 0 0 3 0 0 0 0]]
Solution:
[[5 8 3 2 6 4 9 7 1]
 [1 2 0 0 9 7 3 5 4]
 [4 7 9 5 1 3 6 0 8]
 [8 5 7 3 4 9 1 2 0]
 [0 0 2 1 7 6 4 8 3]
 [9 3 1 8 0 2 5 6 7]
 [7 4 0 9 8 5 0 1 0]
 [2 1 5 7 3 0 8 4 6]
 [0 9 6 4 0 1 7 3 2]]
Number of cells unfilled: 13
Accuracy: 83.9506172839506
Sample: 53946
Question:
[[0 0 1 3 0 0 0 5 0]
 [9 0 0 0 4 0 0 0 0]
 [0 3 0 0 0 1 0 0 4]
 [2 0 9 0 0 8 0 0 0]
 [0 0 0 0 1 0 6 0 0]
 [0 1 0 4 0 0 0 0 7]
 [0 0 0 2 0 0 5 0 0]
 [0 2 0 0 8 0 0 0 3]
 [0 0 8 0 0 7 0 6 2]]
Solution:
[[5 8 3 2 6 4 9 7 1]
 [1 6 0 0 9 7 3 5 4]
 [4 2 9 5 1 3 6 0 8]
 [8 5 7 3 4 9 1 2 0]
 [0 0 2 1 7 6 4 8 3]
 [9 3 1 8 2 0 5 6 7]
 [7 4 0 9 8 5 0 1 0]
 [2 1 5 7 3 0 8 4 6]
 [0 9 6 4 0 1 7 3 2]]
Number of cells unfilled: 13
Accuracy: 83.9506172839506
Sample: 53947
Question:
[[0 3 6 0 7 0 0 5 0]
 [0 0 0 0 0 8 0 0 0]
 [2 0 7 0 0 6 8 0 0]
 [7 0 0 0 0 0 0 2 0]
 [0 0 0 3 4 0 0 0 0]
 [0 8 2 0 0 7 4 0 5]
 [0 0 0 0 0 0 9 0 0]
 [0 0 0 1 0 4 0 0 2]
 [0 9 0 6 0 0 5 1 0]]
Solution:
[[5 8 3 2 6 4 9 7 1]
 [1 6 0 0 9 7 3 5 4]
 [4 2 9 0 5 3 6 0 8]
 [8 5 7 3 4 0 1 2 9]
 [0 0 2 1 7 6 4 8 3]
 [9 3 1 8 2 0 5 6 7]
 [3 7 4 9 8 5 0 1 0]
 [2 1 5 7 3 0 8 4 6]
 [0 9 6 4 0 1 7 3 2]]
Number of cells unfilled: 13
Accuracy: 83.9506172839506
Sample: 53948
Question:
[[0 0 5 3 0 1 0 4 0]
 [1 0 0 0 6 0 0 0 0]
 [7 0 0 5 0 0 0 0 0]
 [0 0 0 0 0 0 0 0 2]
 [0 0 8 0 3 5 0 1 0]
 [0 0 9 0 0 8 0 3 0]
 [0 0 1 8 0 0 4 0 0]
 [0 0 0 0 0 9 0 0 1]
 [9 5 0 0 0 0 0 8 0]]
Solution:
[[5 8 3 2 6 4 9 7 0]
 [1 6 0 5 9 7 3 2 4]
 [4 7 9 0 1 3 6 5 8]
 [8 5 7 3 4 9 2 0 1]
 [0 0 2 1 7 6 4 8 3]
 [9 3 1 8 0 2 5 6 7]
 [7 0 4 9 8 5 0 1 0]
 [2 1 5 7 3 0 8 9 6]
 [0 9 6 4 0 1 7 3 2]]
Number of cells unfilled: 13
Accuracy: 83.9506172839506
Sample: 53949
Question:
[[0 0 6 7 0 0 0 3 0]
 [0 0 9 4 0 6 0 7 0]
 [8 0 0 0 0 0 0 0 0]
 [0 0 0 0 0 2 0 0 9]
 [0 0 5 0 6 0 0 4 0]
 [0 9 0 0 4 0 0 0 1]
 [0 5 0 0 7 0 0 9 0]
 [0 0 7 0 0 9 4 0 3]
 [0 0 0 3 0 0 0 0 0]]
Solution:
[[5 8 3 2 6 4 9 7 1]
 [1 6 0 5 9 7 3 0 4]
 [4 2 9 0 1 3 6 5 8]
 [8 5 7 3 4 9 1 2 0]
 [0 0 2 1 7 6 4 8 3]
 [9 3 1 8 2 0 5 6 7]
 [3 7 4 9 8 5 0 1 0]
 [2 1 5 7 3 0 8 9 6]
 [0 9 6 4 0 1 7 3 2]]
Number of cells unfilled: 12
Accuracy: 85.18518518518519
Sample: 53950
Question:
[[6 9 0 1 0 0 0 0 3]
 [0 0 0 0 0 0 8 1 0]
 [0 0 0 5 0 0 0 0 6]
 [7 0 0 0 3 0 0 0 0]
 [0 3 6 9 0 0 0 0 2]
 [1 0 0 0 4 0 0 0 0]
 [0 0 1 3 0 0 0 2 0]
 [0 0 0 0 5 9 0 0 1]
 [0 5 0 0 0 0 3 0 0]]
Solution:
[[5 8 3 2 6 4 1 7 9]
 [1 6 0 5 9 7 3 2 4]
 [4 2 9 0 1 3 6 5 8]
 [8 5 7 3 4 9 2 0 1]
 [0 0 2 1 7 6 4 8 3]
 [9 3 1 8 0 2 5 6 7]
 [3 7 4 9 8 5 0 1 0]
 [2 1 5 7 3 0 8 4 6]
 [0 9 6 4 0 1 7 3 2]]
Number of cells unfilled: 11
Accuracy: 86.41975308641975
Sample: 53951
Question:
[[7 3 0 0 0 0 0 1 0]
 [0 0 0 0 0 0 0 5 0]
 [0 0 5 1 6 0 0 0 3]
 [6 9 0 0 2 0 0 0 0]
 [0 0 3 6 5 0 1 0 0]
 [0 0 2 0 0 0 0 0 6]
 [0 0 0 0 0 8 3 0 0]
 [0 0 4 2 3 0 0 6 0]
 [0 0 0 0 0 0 0 0 4]]
Solution:
[[5 8 3 2 6 4 9 7 1]
 [1 6 0 0 9 7 3 5 4]
 [4 2 9 5 1 3 6 0 8]
 [8 5 7 3 4 9 1 2 0]
 [0 0 2 1 7 6 4 8 3]
 [9 3 1 8 0 2 5 6 7]
 [3 7 4 9 8 5 0 1 0]
 [2 1 5 7 3 0 8 9 6]
 [0 9 6 4 0 1 7 3 2]]
Number of cells unfilled: 12
Accuracy: 85.18518518518519
Sample: 53952
Question:
[[0 0 0 1 0 0 0 7 3]
 [9 0 0 3 6 0 0 1 0]
 [0 0 0 5 0 9 8 0 0]
 [7 0 8 0 9 0 0 0 0]
 [0 0 5 0 0 4 0 0 0]
 [0 9 1 0 0 0 0 3 0]
 [0 0 7 0 0 5 3 6 0]
 [0 0 9 0 3 0 4 0 7]
 [0 0 0 0 0 0 0 0 2]]
Solution:
[[5 8 3 2 6 4 1 7 9]
 [1 6 0 5 9 7 3 2 4]
 [4 7 9 0 1 3 6 5 8]
 [8 5 7 3 4 0 2 9 1]
 [0 0 2 1 7 6 4 8 3]
 [9 3 1 8 2 0 5 6 7]
 [7 4 0 9 8 5 0 1 0]
 [2 1 5 7 3 0 8 4 6]
 [0 9 6 4 0 1 7 3 2]]
Number of cells unfilled: 12
Accuracy: 85.18518518518519
Sample: 53953
Question:
[[6 0 0 7 0 0 0 0 0]
 [0 0 0 0 0 2 0 8 0]
 [0 8 0 5 1 0 0 0 9]
 [0 0 3 0 0 0 0 9 0]
 [0 4 0 0 3 0 1 0 0]
 [7 0 0 6 0 0 0 0 0]
 [0 0 2 0 0 5 4 0 8]
 [0 0 0 1 0 0 9 0 5]
 [0 5 0 0 4 0 0 3 0]]
Solution:
[[5 8 3 2 6 4 9 7 0]
 [1 6 0 0 9 7 3 5 4]
 [4 7 9 5 1 3 6 2 8]
 [8 5 7 3 4 9 2 0 1]
 [0 0 2 1 7 6 4 8 3]
 [9 3 1 8 0 2 5 6 7]
 [3 0 4 9 8 5 0 1 0]
 [2 1 5 7 3 0 8 9 6]
 [0 9 6 4 0 1 7 3 2]]
Number of cells unfilled: 13
Accuracy: 83.9506172839506
Sample: 53954
Question:
[[5 0 0 0 0 0 0 0 3]
 [0 0 7 2 0 0 6 0 0]
 [0 1 0 0 0 0 0 8 0]
 [0 0 0 4 6 0 0 0 8]
 [1 0 0 7 9 0 0 0 0]
 [0 0 4 0 0 2 9 0 0]
 [4 0 9 0 2 0 7 0 6]
 [0 5 0 0 0 7 0 4 0]
 [0 0 1 0 0 0 8 0 0]]
Solution:
[[5 8 3 2 6 4 9 7 1]
 [1 2 0 5 9 7 3 0 4]
 [4 7 9 0 1 3 6 5 8]
 [8 5 7 3 4 9 1 2 0]
 [0 0 2 1 7 6 4 8 3]
 [9 3 1 8 0 2 5 6 7]
 [7 4 0 9 8 5 0 1 0]
 [2 1 5 7 3 0 8 9 6]
 [0 9 6 4 0 1 7 3 2]]
Number of cells unfilled: 13
Accuracy: 83.9506172839506
Sample: 53955
Question:
[[9 0 0 5 0 1 0 0 0]
 [5 0 0 0 0 0 0 0 2]
 [0 7 0 0 0 0 0 0 0]
 [0 5 0 0 0 0 1 4 0]
 [0 8 6 0 0 0 7 0 0]
 [0 0 0 0 6 4 0 0 0]
 [8 0 0 0 0 9 0 2 5]
 [7 0 0 0 2 0 6 0 4]
 [0 1 0 0 0 0 9 0 0]]
Solution:
[[5 8 3 2 6 4 1 7 9]
 [6 2 0 5 9 7 3 0 4]
 [4 7 9 0 1 3 6 5 8]
 [8 5 7 3 4 0 9 2 1]
 [0 0 2 1 7 6 4 8 3]
 [9 3 1 8 2 0 5 6 7]
 [3 4 0 9 8 5 0 1 0]
 [2 1 5 7 3 0 8 9 6]
 [0 9 6 4 0 1 7 3 2]]
Number of cells unfilled: 13
Accuracy: 83.9506172839506
Sample: 53956
Question:
[[0 4 0 0 0 0 0 0 1]
 [9 0 0 0 0 4 2 3 0]
 [0 0 6 2 9 0 0 0 0]
 [0 0 0 0 0 3 0 0 0]
 [0 5 0 0 0 7 0 0 0]
 [4 0 0 0 2 0 3 7 0]
 [0 0 0 0 4 0 6 0 0]
 [2 0 0 7 0 0 4 9 0]
 [0 0 0 0 0 0 0 0 8]]
Solution:
[[5 8 3 2 6 4 9 7 1]
 [1 2 0 5 9 7 3 0 4]
 [4 7 9 0 1 3 6 5 8]
 [8 5 7 3 4 9 1 2 0]
 [0 0 2 1 7 6 4 8 3]
 [9 3 1 8 0 2 5 6 7]
 [7 4 0 9 8 5 0 1 0]
 [2 1 5 7 3 0 8 9 6]
 [0 9 6 4 0 1 7 3 2]]
Number of cells unfilled: 13
Accuracy: 83.9506172839506
Sample: 53957
Question:
[[0 3 0 7 9 0 8 0 0]
 [0 0 7 0 0 0 0 0 3]
 [0 5 0 0 0 8 6 0 0]
 [0 0 0 0 2 0 0 0 0]
 [4 1 6 0 0 0 0 0 0]
 [0 0 0 3 6 0 9 0 0]
 [1 0 0 0 0 0 0 8 0]
 [0 9 0 8 0 2 0 4 0]
 [5 0 0 0 0 1 0 0 2]]
Solution:
[[5 8 3 2 6 4 1 7 9]
 [1 2 0 0 9 7 3 5 4]
 [4 7 9 5 1 3 6 2 8]
 [8 5 7 3 4 9 2 0 1]
 [0 0 2 1 7 6 4 8 3]
 [9 3 1 8 0 2 5 6 7]
 [7 0 4 9 8 5 0 1 0]
 [2 1 5 7 3 0 8 9 6]
 [0 9 6 4 0 1 7 3 2]]
Number of cells unfilled: 12
Accuracy: 85.18518518518519
Sample: 53958
Question:
[[0 3 0 6 0 0 0 0 1]
 [0 0 5 0 0 9 0 0 0]
 [6 0 0 0 7 0 0 0 0]
 [3 5 0 1 0 0 8 0 0]
 [0 0 7 0 2 0 0 0 0]
 [9 0 0 0 0 5 4 0 0]
 [5 0 0 0 0 0 1 0 4]
 [0 8 0 4 0 0 0 3 0]
 [2 0 0 0 0 0 6 0 8]]
Solution:
[[5 8 3 2 6 4 1 7 9]
 [1 6 0 5 9 7 3 2 4]
 [4 7 9 0 1 3 6 5 8]
 [8 5 7 3 4 9 2 0 1]
 [0 0 2 1 7 6 4 8 3]
 [9 3 1 8 2 0 5 6 7]
 [3 0 4 9 8 5 0 1 0]
 [2 1 5 7 3 0 8 4 6]
 [0 9 6 4 0 1 7 3 2]]
Number of cells unfilled: 12
Accuracy: 85.18518518518519
Sample: 53959
Question:
[[0 0 0 8 0 0 0 3 0]
 [0 2 0 0 6 3 0 0 4]
 [3 0 0 0 0 0 6 0 0]
 [0 0 0 0 0 0 7 0 0]
 [8 6 7 0 0 9 0 0 0]
 [2 4 0 0 1 0 0 0 9]
 [0 0 2 0 0 6 0 0 5]
 [4 0 0 0 5 0 0 1 0]
 [0 5 0 9 0 0 4 0 0]]
Solution:
[[5 8 3 2 6 4 9 7 1]
 [1 6 0 5 9 7 3 0 4]
 [4 2 9 0 1 3 6 5 8]
 [8 5 7 3 4 9 1 2 0]
 [0 0 2 1 7 6 4 8 3]
 [9 3 1 8 0 2 5 6 7]
 [3 7 4 9 8 5 0 1 0]
 [2 1 5 7 3 0 8 4 6]
 [0 9 6 4 0 1 7 3 2]]
Number of cells unfilled: 12
Accuracy: 85.18518518518519
Sample: 53960
Question:
[[0 0 0 0 1 0 2 0 0]
 [0 5 0 0 0 8 0 0 0]
 [8 0 1 3 0 0 0 0 4]
 [2 0 0 0 8 0 0 0 1]
 [0 0 0 0 0 0 0 5 6]
 [7 0 0 0 0 5 0 0 0]
 [0 7 0 0 0 0 0 4 0]
 [0 4 0 0 0 1 6 7 3]
 [0 3 0 4 0 9 1 0 5]]
Solution:
[[5 8 3 2 6 4 1 7 9]
 [1 6 0 5 9 7 3 2 4]
 [4 2 9 0 1 3 6 5 8]
 [8 5 7 3 4 9 2 0 1]
 [0 0 2 1 7 6 4 8 3]
 [9 3 1 8 0 2 5 6 7]
 [3 7 4 9 8 5 0 1 0]
 [2 1 5 7 3 0 8 4 6]
 [0 9 6 4 0 1 7 3 2]]
Number of cells unfilled: 11
Accuracy: 86.41975308641975
Sample: 53961
Question:
[[2 0 0 0 0 0 0 0 7]
 [0 5 0 0 0 8 2 0 0]
 [0 0 7 0 0 0 0 5 0]
 [0 0 0 0 0 9 0 6 5]
 [0 6 0 0 3 0 0 9 0]
 [0 0 0 8 0 0 3 0 0]
 [4 0 2 0 0 0 6 0 0]
 [0 0 0 1 4 0 0 0 0]
 [0 9 1 0 0 3 5 0 0]]
Solution:
[[5 8 3 2 6 4 9 7 1]
 [1 6 0 0 9 7 3 5 4]
 [4 2 9 5 1 3 6 0 8]
 [8 5 7 3 4 9 1 2 0]
 [0 0 2 1 7 6 4 8 3]
 [9 3 1 8 2 0 5 6 7]
 [7 4 0 9 8 5 0 1 0]
 [2 1 5 7 3 0 8 9 6]
 [0 9 6 4 0 1 7 3 2]]
Number of cells unfilled: 13
Accuracy: 83.9506172839506
Sample: 53962
Question:
[[0 0 4 6 0 0 0 9 0]
 [0 0 0 4 0 0 0 1 7]
 [0 0 1 5 7 0 3 0 0]
 [4 0 5 0 0 0 0 8 0]
 [0 8 7 0 0 0 0 0 0]
 [0 0 0 0 8 0 0 5 3]
 [0 2 8 7 1 0 0 0 0]
 [0 0 0 0 0 6 9 0 1]
 [0 0 0 9 0 0 0 0 8]]
Solution:
[[5 8 3 2 6 4 1 7 9]
 [1 6 0 5 9 7 3 2 4]
 [4 7 9 0 1 3 6 5 8]
 [8 5 7 3 4 0 2 9 1]
 [0 0 2 1 7 6 4 8 3]
 [9 3 1 8 2 0 5 6 7]
 [3 0 4 9 8 5 0 1 0]
 [2 1 5 7 3 0 8 4 6]
 [0 9 6 4 0 1 7 3 2]]
Number of cells unfilled: 12
Accuracy: 85.18518518518519
Sample: 53963
Question:
[[5 0 0 0 6 0 0 1 0]
 [0 3 0 0 0 0 0 0 2]
 [1 0 7 0 0 9 4 0 0]
 [6 0 0 0 5 0 8 0 0]
 [0 7 0 9 0 0 0 0 0]
 [0 0 1 0 0 4 0 2 0]
 [7 0 0 0 0 1 2 0 0]
 [0 0 9 0 4 0 0 6 0]
 [0 0 0 8 0 0 0 0 3]]
Solution:
[[5 8 3 2 6 4 9 7 1]
 [1 6 0 5 9 7 3 0 4]
 [4 2 9 0 1 3 6 5 8]
 [8 5 7 3 4 9 1 2 0]
 [0 0 2 1 7 6 4 8 3]
 [9 3 1 8 2 0 5 6 7]
 [3 7 4 9 8 5 0 1 0]
 [2 1 5 7 3 0 8 4 6]
 [0 9 6 4 0 1 7 3 2]]
Number of cells unfilled: 12
Accuracy: 85.18518518518519
Sample: 53964
Question:
[[0 9 0 0 0 0 1 0 0]
 [0 0 3 5 0 0 0 2 0]
 [2 0 0 0 0 8 0 0 4]
 [0 0 0 0 0 3 0 6 0]
 [6 0 0 7 0 0 0 0 5]
 [0 0 8 0 6 5 4 0 0]
 [3 0 0 0 0 2 0 0 7]
 [0 1 0 0 0 0 9 0 0]
 [0 0 5 8 0 0 0 4 0]]
Solution:
[[5 8 3 2 1 4 9 7 0]
 [1 6 0 5 9 7 3 2 4]
 [4 2 9 0 0 3 6 5 8]
 [8 5 7 3 4 9 2 0 1]
 [0 0 2 1 7 6 4 8 3]
 [9 3 1 8 0 2 5 6 7]
 [3 7 4 9 8 5 0 1 0]
 [2 1 5 7 3 0 8 4 6]
 [0 9 6 4 0 1 7 3 2]]
Number of cells unfilled: 13
Accuracy: 83.9506172839506
Sample: 53965
Question:
[[0 9 0 7 0 0 0 8 0]
 [0 0 0 0 0 2 6 0 0]
 [0 0 5 0 8 0 0 0 1]
 [7 0 0 0 0 9 0 0 0]
 [0 2 0 3 0 0 0 0 0]
 [0 0 8 0 5 0 4 0 0]
 [0 0 1 0 6 0 0 4 0]
 [0 0 0 0 0 0 0 0 5]
 [0 0 0 0 0 3 1 0 6]]
Solution:
[[5 8 3 2 6 4 1 7 9]
 [6 2 0 5 9 7 3 0 4]
 [4 7 9 0 1 3 6 5 8]
 [8 5 7 3 4 0 9 2 1]
 [0 0 2 1 7 6 4 8 3]
 [9 3 1 8 2 0 5 6 7]
 [3 0 4 9 8 5 0 1 0]
 [2 1 5 7 3 0 8 9 6]
 [0 9 6 4 0 1 7 3 2]]
Number of cells unfilled: 13
Accuracy: 83.9506172839506
Sample: 53966
Question:
[[8 0 5 1 3 0 0 0 0]
 [0 3 0 0 2 0 0 0 7]
 [0 0 0 5 0 6 0 0 0]
 [9 0 0 0 8 0 0 1 4]
 [0 0 0 0 0 0 0 9 0]
 [0 0 0 0 0 0 7 8 6]
 [0 0 0 2 0 0 0 0 9]
 [0 0 0 4 1 0 0 0 0]
 [4 9 0 7 6 0 0 0 3]]
Solution:
[[5 8 3 2 6 4 1 7 9]
 [1 6 0 5 9 7 3 2 4]
 [4 7 9 0 1 3 6 5 8]
 [8 5 7 3 4 9 2 0 1]
 [0 0 2 1 7 6 4 8 3]
 [9 3 1 8 0 2 5 6 7]
 [3 0 4 9 8 5 0 1 0]
 [2 1 5 7 3 0 8 9 6]
 [0 9 6 4 0 1 7 3 2]]
Number of cells unfilled: 12
Accuracy: 85.18518518518519
Sample: 53967
Question:
[[0 0 0 0 0 0 8 0 0]
 [3 0 9 0 1 6 0 4 0]
 [0 0 0 3 8 0 0 7 0]
 [2 9 0 0 7 0 0 0 0]
 [0 0 0 8 0 0 2 0 0]
 [0 0 0 0 0 0 4 0 6]
 [0 5 4 0 0 0 0 0 3]
 [0 3 0 0 0 7 0 0 8]
 [6 0 0 0 0 0 1 0 0]]
Solution:
[[5 8 3 2 6 4 9 7 1]
 [1 6 0 5 9 7 3 0 4]
 [4 2 9 0 1 3 6 5 8]
 [8 5 7 3 4 9 1 2 0]
 [0 0 2 1 7 6 4 8 3]
 [9 3 1 8 2 0 5 6 7]
 [3 4 0 9 8 5 0 1 0]
 [2 1 5 7 3 0 8 4 6]
 [0 9 6 4 0 1 7 3 2]]
Number of cells unfilled: 13
Accuracy: 83.9506172839506
Sample: 53968
Question:
[[2 0 0 0 8 0 4 0 0]
 [0 0 5 0 3 0 9 1 0]
 [9 3 8 0 0 0 0 0 0]
 [0 0 9 7 0 0 3 0 0]
 [0 0 0 9 0 0 0 8 0]
 [0 0 0 0 0 0 0 0 0]
 [4 0 0 1 0 8 0 5 6]
 [0 0 0 0 2 0 7 3 0]
 [0 0 2 0 0 0 0 0 4]]
Solution:
[[5 8 3 2 6 4 1 7 9]
 [1 6 0 0 9 7 3 5 4]
 [4 7 9 5 1 3 6 2 8]
 [8 5 7 3 4 9 2 0 1]
 [0 0 2 1 7 6 4 8 3]
 [9 3 1 8 2 0 5 6 7]
 [7 0 4 9 8 5 0 1 0]
 [2 1 5 7 3 0 8 9 6]
 [0 9 6 4 0 1 7 3 2]]
Number of cells unfilled: 12
Accuracy: 85.18518518518519
Sample: 53969
Question:
[[5 0 0 0 8 0 0 0 0]
 [0 0 0 2 0 9 1 0 6]
 [0 0 0 0 1 6 0 0 0]
 [6 0 2 0 0 8 0 0 0]
 [4 0 0 1 7 0 0 0 0]
 [8 5 0 0 2 0 4 0 0]
 [7 0 0 0 9 0 0 8 1]
 [0 0 0 5 0 0 0 2 4]
 [0 3 0 0 0 0 0 0 0]]
Solution:
[[5 8 3 2 6 4 9 7 1]
 [1 2 0 5 9 7 3 0 4]
 [4 7 9 0 1 3 6 5 8]
 [8 5 7 3 4 9 1 2 0]
 [0 0 2 1 7 6 4 8 3]
 [9 3 1 8 2 0 5 6 7]
 [3 0 4 9 8 5 0 1 0]
 [2 1 5 7 3 0 8 4 6]
 [0 9 6 4 0 1 7 3 2]]
Number of cells unfilled: 13
Accuracy: 83.9506172839506
Sample: 53970
Question:
[[0 0 0 8 0 0 0 5 4]
 [0 0 1 6 4 0 0 0 0]
 [0 7 0 0 0 0 0 0 0]
 [0 4 0 0 0 0 1 0 8]
 [0 0 0 0 0 2 5 0 0]
 [9 0 2 0 0 0 3 0 7]
 [0 1 0 0 6 0 0 0 0]
 [8 9 0 0 0 0 0 0 0]
 [0 0 0 0 2 3 0 6 0]]
Solution:
[[5 8 3 2 6 4 9 7 1]
 [1 2 0 5 9 7 3 0 4]
 [4 7 9 0 1 3 6 5 8]
 [8 5 7 3 4 9 1 2 0]
 [0 0 2 1 7 6 4 8 3]
 [9 3 1 8 0 2 5 6 7]
 [7 4 0 9 8 5 0 1 0]
 [2 1 5 7 3 0 8 9 6]
 [0 9 6 4 0 1 7 3 2]]
Number of cells unfilled: 13
Accuracy: 83.9506172839506
Sample: 53971
Question:
[[0 0 0 0 3 0 0 7 0]
 [0 0 0 0 0 8 1 0 0]
 [0 0 0 9 0 0 8 0 2]
 [0 0 6 0 0 2 0 0 0]
 [0 3 4 5 0 0 0 0 8]
 [7 0 0 0 8 0 0 4 0]
 [0 0 7 8 0 0 0 0 1]
 [8 0 0 0 0 5 9 0 0]
 [0 6 0 0 7 0 0 0 0]]
Solution:
[[5 8 3 2 6 4 9 7 1]
 [1 2 0 5 9 7 3 0 4]
 [4 7 9 0 1 3 6 5 8]
 [8 5 7 3 4 9 1 2 0]
 [0 0 2 1 7 6 4 8 3]
 [9 3 1 8 2 0 5 6 7]
 [7 4 0 9 8 5 0 1 0]
 [2 1 5 7 3 0 8 9 6]
 [0 9 6 4 0 1 7 3 2]]
Number of cells unfilled: 13
Accuracy: 83.9506172839506
Sample: 53972
Question:
[[0 0 0 9 0 0 0 0 0]
 [0 0 0 0 5 4 0 3 0]
 [5 0 0 0 3 7 0 0 9]
 [4 0 0 5 0 0 0 9 0]
 [0 5 0 0 2 0 1 0 0]
 [0 0 8 0 0 1 0 0 5]
 [9 0 0 7 0 0 0 5 0]
 [0 6 0 0 0 0 8 0 0]
 [0 0 2 0 0 0 0 0 6]]
Solution:
[[5 8 3 2 6 4 9 7 1]
 [1 6 0 5 9 7 3 0 4]
 [4 7 9 0 1 3 6 5 8]
 [8 5 7 3 4 9 1 2 0]
 [0 0 2 1 7 6 4 8 3]
 [9 3 1 8 0 2 5 6 7]
 [3 0 4 9 8 5 0 1 0]
 [2 1 5 7 3 0 8 4 6]
 [0 9 6 4 0 1 7 3 2]]
Number of cells unfilled: 13
Accuracy: 83.9506172839506
Sample: 53973
Question:
[[0 0 6 0 5 0 8 0 0]
 [0 0 0 0 0 0 0 7 0]
 [0 0 0 1 0 0 0 0 9]
 [0 3 0 0 8 0 6 0 0]
 [0 0 8 6 0 0 0 0 7]
 [0 0 0 0 0 4 0 1 0]
 [8 0 0 0 6 0 2 0 0]
 [0 6 3 0 0 9 0 0 0]
 [0 5 2 4 0 0 0 0 6]]
Solution:
[[5 8 3 2 6 4 9 7 1]
 [1 6 0 0 9 7 3 5 4]
 [4 7 9 5 1 3 6 2 8]
 [8 5 7 3 4 0 1 9 0]
 [0 0 2 1 7 6 4 8 3]
 [9 3 1 8 2 0 5 6 7]
 [3 4 0 9 8 5 0 1 0]
 [2 1 5 7 3 0 8 4 6]
 [0 9 6 4 0 1 7 3 2]]
Number of cells unfilled: 13
Accuracy: 83.9506172839506
Sample: 53974
Question:
[[0 1 0 0 0 8 0 0 0]
 [0 0 2 0 4 0 0 0 0]
 [7 0 0 3 0 0 8 0 0]
 [9 0 0 8 0 0 0 0 7]
 [0 0 0 0 5 0 9 3 0]
 [0 0 0 0 0 2 6 0 0]
 [8 0 0 7 0 0 0 6 0]
 [0 4 0 0 0 5 0 0 8]
 [0 0 1 0 0 0 7 0 0]]
Solution:
[[5 8 3 2 6 4 9 7 1]
 [1 6 0 5 9 7 3 0 4]
 [4 7 9 0 1 3 6 5 8]
 [8 5 7 3 4 9 1 2 0]
 [0 0 2 1 7 6 4 8 3]
 [9 3 1 8 0 2 5 6 7]
 [7 0 4 9 8 5 0 1 0]
 [2 1 5 7 3 0 8 4 6]
 [0 9 6 4 0 1 7 3 2]]
Number of cells unfilled: 13
Accuracy: 83.9506172839506
Sample: 53975
Question:
[[0 3 0 0 0 9 0 6 0]
 [2 0 9 0 0 0 8 0 0]
 [0 0 1 0 0 0 0 0 0]
 [1 0 0 0 0 3 9 0 0]
 [0 0 8 0 0 0 0 0 5]
 [0 9 0 7 0 0 0 3 0]
 [0 4 0 0 3 0 0 9 0]
 [0 0 0 6 0 4 5 0 0]
 [0 0 0 9 0 7 0 0 2]]
Solution:
[[5 8 3 2 6 4 1 7 9]
 [1 6 0 0 9 7 3 5 4]
 [4 7 9 5 1 3 6 2 8]
 [8 5 7 3 4 9 2 0 1]
 [0 0 2 1 7 6 4 8 3]
 [9 3 1 8 2 0 5 6 7]
 [7 0 4 9 8 5 0 1 0]
 [2 1 5 7 3 0 8 9 6]
 [0 9 6 4 0 1 7 3 2]]
Number of cells unfilled: 12
Accuracy: 85.18518518518519
Sample: 53976
Question:
[[0 4 0 8 0 0 0 1 0]
 [2 0 0 0 0 1 0 0 5]
 [0 0 0 0 6 0 8 0 0]
 [0 6 0 1 0 0 0 7 0]
 [0 1 7 0 0 0 4 0 0]
 [5 0 0 0 0 3 0 0 0]
 [1 0 0 3 9 0 0 5 0]
 [0 0 0 2 0 0 0 0 9]
 [0 0 0 0 0 5 1 0 0]]
Solution:
[[5 8 3 2 6 4 1 7 9]
 [1 6 0 5 9 7 3 2 4]
 [4 7 9 0 1 3 6 5 8]
 [8 5 7 3 4 9 2 0 1]
 [0 0 2 1 7 6 4 8 3]
 [9 3 1 8 2 0 5 6 7]
 [7 0 4 9 8 5 0 1 0]
 [2 1 5 7 3 0 8 9 6]
 [0 9 6 4 0 1 7 3 2]]
Number of cells unfilled: 12
Accuracy: 85.18518518518519
Sample: 53977
Question:
[[0 6 0 9 0 0 0 0 0]
 [8 0 0 0 4 0 0 0 1]
 [0 0 7 0 0 8 4 0 0]
 [0 0 0 0 0 9 3 0 2]
 [0 0 0 2 0 0 6 0 8]
 [0 0 0 0 8 0 0 9 0]
 [0 0 1 0 0 5 8 0 0]
 [5 0 8 0 7 0 0 0 0]
 [0 9 0 0 0 0 0 3 0]]
Solution:
[[5 8 3 2 6 4 1 7 9]
 [1 6 0 0 9 7 3 5 4]
 [4 7 9 5 1 3 6 2 8]
 [8 5 7 3 4 9 2 0 1]
 [0 0 2 1 7 6 4 8 3]
 [9 3 1 8 2 0 5 6 7]
 [7 4 0 9 8 5 0 1 0]
 [2 1 5 7 3 0 8 9 6]
 [0 9 6 4 0 1 7 3 2]]
Number of cells unfilled: 12
Accuracy: 85.18518518518519
Sample: 53978
Question:
[[0 8 0 0 0 0 2 0 0]
 [5 0 0 0 7 0 0 0 9]
 [0 7 3 0 0 0 0 1 0]
 [0 0 0 2 0 9 0 4 0]
 [0 0 0 0 0 6 0 0 0]
 [0 9 0 0 5 0 0 0 3]
 [0 5 0 6 0 0 0 9 0]
 [0 0 8 0 9 0 0 0 5]
 [9 0 0 0 0 4 1 0 0]]
Solution:
[[5 8 3 2 6 4 9 7 1]
 [1 6 0 5 9 7 3 0 4]
 [4 2 9 0 1 3 6 5 8]
 [8 5 7 3 4 9 1 2 0]
 [0 0 2 1 7 6 4 8 3]
 [9 3 1 8 0 2 5 6 7]
 [3 7 4 9 8 5 0 1 0]
 [2 1 5 7 3 0 8 4 6]
 [0 9 6 4 0 1 7 3 2]]
Number of cells unfilled: 12
Accuracy: 85.18518518518519
Sample: 53979
Question:
[[1 0 0 5 0 0 6 0 0]
 [0 2 0 0 0 7 0 0 0]
 [0 0 5 0 9 0 0 0 1]
 [0 3 0 0 0 0 5 0 7]
 [0 0 0 0 0 0 0 2 0]
 [0 0 2 0 0 5 3 0 4]
 [0 5 0 0 0 2 0 4 0]
 [0 0 8 0 6 0 0 0 5]
 [9 0 0 8 0 0 0 0 0]]
Solution:
[[5 8 3 2 6 4 1 7 9]
 [1 2 0 0 9 7 3 5 4]
 [4 7 9 0 5 3 6 0 8]
 [8 5 7 3 4 0 9 2 1]
 [0 0 2 1 7 6 4 8 3]
 [9 3 1 8 2 0 5 6 7]
 [7 0 4 9 8 5 0 1 0]
 [2 1 5 7 3 0 8 4 6]
 [0 9 6 4 0 1 7 3 2]]
Number of cells unfilled: 14
Accuracy: 82.71604938271605
Sample: 53980
Question:
[[3 0 0 8 0 0 0 0 1]
 [0 2 0 0 9 0 0 3 0]
 [0 0 4 0 0 3 2 0 0]
 [2 0 0 0 0 7 3 0 0]
 [0 4 0 0 0 0 0 0 5]
 [0 7 6 0 3 0 0 1 0]
 [0 0 0 9 0 0 0 0 0]
 [0 0 0 0 5 0 0 8 0]
 [0 3 0 0 0 2 6 0 0]]
Solution:
[[5 8 3 2 6 4 9 7 1]
 [1 6 0 5 9 7 3 0 4]
 [4 7 9 0 1 3 6 5 8]
 [8 5 7 3 4 9 1 2 0]
 [0 0 2 1 7 6 4 8 3]
 [9 3 1 8 0 2 5 6 7]
 [7 4 0 9 8 5 0 1 0]
 [2 1 5 7 3 0 8 4 6]
 [0 9 6 4 0 1 7 3 2]]
Number of cells unfilled: 13
Accuracy: 83.9506172839506
Sample: 53981
Question:
[[6 0 0 0 0 5 0 0 0]
 [0 0 1 0 2 0 9 0 0]
 [0 2 0 3 0 0 0 0 5]
 [0 0 0 0 0 1 8 0 0]
 [0 0 0 8 0 7 0 9 0]
 [0 0 0 0 9 0 0 0 2]
 [3 0 0 0 0 0 0 4 0]
 [2 4 0 0 0 0 0 0 6]
 [0 0 9 0 7 0 2 0 0]]
Solution:
[[5 8 3 2 6 4 9 7 1]
 [1 2 0 5 9 7 3 0 4]
 [4 7 9 0 1 3 6 5 8]
 [8 5 7 3 4 9 1 2 0]
 [0 0 2 1 7 6 4 8 3]
 [9 3 1 8 0 2 5 6 7]
 [7 0 4 9 8 5 0 1 0]
 [2 1 5 7 3 0 8 9 6]
 [0 9 6 4 0 1 7 3 2]]
Number of cells unfilled: 13
Accuracy: 83.9506172839506
Sample: 53982
Question:
[[0 0 4 1 0 0 0 0 0]
 [0 5 0 2 0 0 0 0 0]
 [8 0 0 0 0 7 6 0 0]
 [0 0 1 7 0 2 8 0 0]
 [7 0 0 0 0 4 0 0 6]
 [0 0 9 0 5 0 0 0 0]
 [0 9 0 0 0 0 4 0 8]
 [0 0 0 0 2 0 3 0 7]
 [3 0 0 0 0 8 0 6 0]]
Solution:
[[5 8 3 2 6 4 9 7 1]
 [1 6 0 5 9 7 3 0 4]
 [4 2 9 0 1 3 6 5 8]
 [8 5 7 3 4 9 1 2 0]
 [0 0 2 1 7 6 4 8 3]
 [9 3 1 8 2 0 5 6 7]
 [3 7 4 9 8 5 0 1 0]
 [2 1 5 7 3 0 8 4 6]
 [0 9 6 4 0 1 7 3 2]]
Number of cells unfilled: 12
Accuracy: 85.18518518518519
Sample: 53983
Question:
[[0 0 5 1 4 0 0 0 7]
 [0 9 4 0 0 0 6 0 0]
 [3 0 1 8 7 0 0 0 0]
 [0 0 0 9 0 0 0 0 0]
 [0 0 8 0 0 0 4 6 5]
 [5 4 0 0 0 0 0 0 3]
 [0 0 0 5 0 0 3 1 0]
 [8 0 0 7 0 0 0 0 0]
 [0 0 0 0 0 8 0 0 0]]
Solution:
[[5 8 3 2 6 4 9 7 1]
 [1 6 0 0 9 7 3 5 4]
 [4 2 9 5 1 3 6 0 8]
 [8 5 7 3 4 9 1 2 0]
 [0 0 2 1 7 6 4 8 3]
 [9 3 1 8 2 0 5 6 7]
 [3 4 0 9 8 5 0 1 0]
 [2 1 5 7 3 0 8 4 6]
 [0 9 6 4 0 1 7 3 2]]
Number of cells unfilled: 13
Accuracy: 83.9506172839506
Sample: 53984
Question:
[[0 0 6 4 7 2 5 3 0]
 [0 9 0 1 0 0 7 0 0]
 [2 0 0 0 0 5 0 0 0]
 [0 2 4 9 0 0 0 8 1]
 [5 0 1 3 2 0 0 0 0]
 [0 7 0 0 0 4 0 0 6]
 [0 4 0 0 0 8 0 7 0]
 [3 0 0 0 0 0 0 4 8]
 [0 6 8 0 0 9 0 2 3]]
Solution:
[[5 8 3 2 6 4 9 7 1]
 [1 6 0 0 9 7 3 5 4]
 [4 7 9 5 1 3 6 0 8]
 [8 5 7 3 4 9 1 2 0]
 [0 0 2 1 7 6 4 8 3]
 [9 3 1 8 0 2 5 6 7]
 [7 4 0 9 8 5 0 1 0]
 [2 1 5 7 3 0 8 4 6]
 [0 9 6 4 0 1 7 3 2]]
Number of cells unfilled: 13
Accuracy: 83.9506172839506
Sample: 53985
Question:
[[0 0 3 9 0 0 0 0 0]
 [2 0 8 0 7 0 1 5 0]
 [0 0 0 0 4 5 0 3 9]
 [0 0 0 4 0 0 7 0 0]
 [8 0 9 3 0 0 0 0 0]
 [0 7 5 0 0 0 2 0 0]
 [0 0 0 0 2 0 9 0 7]
 [0 0 1 5 0 0 0 0 0]
 [0 0 0 0 0 6 0 0 0]]
Solution:
[[5 8 3 2 6 4 9 7 1]
 [1 6 0 5 9 7 3 0 4]
 [4 2 9 0 1 3 6 5 8]
 [8 5 7 3 4 9 1 2 0]
 [0 0 2 1 7 6 4 8 3]
 [9 3 1 8 0 2 5 6 7]
 [3 7 4 9 8 5 0 1 0]
 [2 1 5 7 3 0 8 9 6]
 [0 9 6 4 0 1 7 3 2]]
Number of cells unfilled: 12
Accuracy: 85.18518518518519
Sample: 53986
Question:
[[3 0 0 0 0 7 0 1 0]
 [0 1 0 9 0 0 3 0 5]
 [0 0 8 1 0 0 0 0 2]
 [6 0 0 0 0 9 0 5 0]
 [0 0 2 0 0 0 0 0 8]
 [0 5 0 7 0 0 4 0 0]
 [1 0 0 6 0 0 0 3 0]
 [0 0 3 0 9 0 0 0 0]
 [0 4 0 0 0 1 5 0 0]]
Solution:
[[5 8 3 2 6 4 9 7 1]
 [1 6 0 5 9 7 3 0 4]
 [4 7 9 0 1 3 6 5 8]
 [8 5 7 3 4 0 1 2 9]
 [0 0 2 1 7 6 4 8 3]
 [9 3 1 8 2 0 5 6 7]
 [3 4 0 9 8 5 0 1 0]
 [2 1 5 7 3 0 8 4 6]
 [0 9 6 4 0 1 7 3 2]]
Number of cells unfilled: 13
Accuracy: 83.9506172839506
Sample: 53987
Question:
[[0 0 8 0 4 0 0 0 0]
 [4 0 0 0 0 7 2 0 0]
 [0 1 0 6 0 0 0 4 0]
 [0 0 6 0 8 0 0 0 1]
 [0 4 0 0 0 0 0 2 0]
 [3 0 0 0 0 5 7 0 0]
 [0 0 0 0 7 9 0 0 2]
 [0 5 0 0 3 0 9 0 0]
 [9 0 0 0 0 0 0 7 3]]
Solution:
[[5 8 3 2 6 4 1 7 9]
 [1 6 0 0 9 7 3 5 4]
 [4 2 9 0 5 3 6 0 8]
 [8 5 7 3 4 0 9 2 1]
 [0 0 2 1 7 6 4 8 3]
 [9 3 1 8 2 0 5 6 7]
 [3 7 4 9 8 5 0 1 0]
 [2 1 5 7 3 0 8 4 6]
 [0 9 6 4 0 1 7 3 2]]
Number of cells unfilled: 13
Accuracy: 83.9506172839506
Sample: 53988
Question:
[[0 0 0 0 5 0 0 8 0]
 [9 0 0 0 0 7 0 0 4]
 [0 0 0 1 0 0 0 0 0]
 [0 6 0 0 0 9 0 0 3]
 [4 0 0 6 0 0 0 1 0]
 [0 0 0 8 0 0 2 0 0]
 [3 9 0 0 0 0 5 0 0]
 [0 0 7 0 0 6 0 0 9]
 [6 4 0 0 0 0 0 2 0]]
Solution:
[[5 8 3 2 6 4 9 7 1]
 [1 6 0 5 9 7 3 0 4]
 [4 2 9 0 1 3 6 5 8]
 [8 5 7 3 4 9 1 2 0]
 [0 0 2 1 7 6 4 8 3]
 [9 3 1 8 2 0 5 6 7]
 [3 4 0 9 8 5 0 1 0]
 [2 1 5 7 3 0 8 4 6]
 [0 9 6 4 0 1 7 3 2]]
Number of cells unfilled: 13
Accuracy: 83.9506172839506
Sample: 53989
Question:
[[0 0 9 0 7 0 0 0 1]
 [3 0 0 1 0 0 0 2 0]
 [0 0 0 0 0 0 8 0 0]
 [2 0 0 0 0 6 3 0 9]
 [0 0 0 3 0 0 1 0 2]
 [0 0 0 0 0 0 0 6 0]
 [0 8 0 0 0 4 0 0 7]
 [9 0 0 6 0 0 0 1 0]
 [0 4 0 0 5 0 0 0 0]]
Solution:
[[5 8 3 2 6 4 9 7 1]
 [6 2 0 0 9 7 3 5 4]
 [4 7 9 5 1 3 6 0 8]
 [8 5 7 3 4 9 1 2 0]
 [0 0 2 1 7 6 4 8 3]
 [9 3 1 8 0 2 5 6 7]
 [3 4 0 9 8 5 0 1 0]
 [2 1 5 7 3 0 8 9 6]
 [0 9 6 4 0 1 7 3 2]]
Number of cells unfilled: 13
Accuracy: 83.9506172839506
Sample: 53990
Question:
[[8 0 0 0 0 0 0 0 0]
 [0 0 4 7 5 0 0 0 8]
 [0 0 5 2 0 0 0 0 1]
 [0 0 0 6 0 5 1 3 0]
 [0 0 6 0 2 0 0 0 5]
 [0 0 0 0 0 0 8 0 0]
 [4 0 0 0 6 0 0 1 0]
 [9 0 0 4 7 0 0 0 0]
 [0 6 7 0 0 2 0 0 4]]
Solution:
[[5 8 3 2 6 4 9 7 1]
 [1 6 0 5 9 7 3 0 4]
 [4 7 9 0 1 3 6 5 8]
 [8 5 7 3 4 9 1 2 0]
 [0 0 2 1 7 6 4 8 3]
 [9 3 1 8 0 2 5 6 7]
 [7 0 4 9 8 5 0 1 0]
 [2 1 5 7 3 0 8 4 6]
 [0 9 6 4 0 1 7 3 2]]
Number of cells unfilled: 13
Accuracy: 83.9506172839506
Sample: 53991
Question:
[[0 6 0 0 0 0 9 0 0]
 [4 0 0 0 5 2 0 0 7]
 [7 0 0 0 0 4 0 0 8]
 [0 0 0 2 0 0 0 0 3]
 [3 0 0 7 4 0 0 0 0]
 [0 8 0 0 0 3 7 0 0]
 [8 0 0 0 0 7 0 0 2]
 [0 0 0 4 0 0 8 5 0]
 [0 0 1 0 0 0 0 0 0]]
Solution:
[[5 8 3 2 6 4 9 7 1]
 [1 6 0 5 9 7 3 0 4]
 [4 7 9 0 1 3 6 5 8]
 [8 5 7 3 4 9 1 2 0]
 [0 0 2 1 7 6 4 8 3]
 [9 3 1 8 0 2 5 6 7]
 [7 0 4 9 8 5 0 1 0]
 [2 1 5 7 3 0 8 4 6]
 [0 9 6 4 0 1 7 3 2]]
Number of cells unfilled: 13
Accuracy: 83.9506172839506
Sample: 53992
Question:
[[0 0 0 0 4 0 1 0 0]
 [0 0 9 6 0 0 0 8 0]
 [0 0 8 0 0 2 0 0 5]
 [5 0 0 3 0 0 0 7 0]
 [0 8 6 0 0 0 0 0 0]
 [0 3 7 0 0 0 6 0 0]
 [0 0 0 0 0 5 2 0 0]
 [0 7 0 9 0 0 0 3 0]
 [0 0 0 0 1 0 0 0 4]]
Solution:
[[5 8 3 2 6 4 1 7 9]
 [1 6 0 5 9 7 3 2 4]
 [4 2 9 0 1 3 6 5 8]
 [8 5 7 3 4 9 2 0 1]
 [0 0 2 1 7 6 4 8 3]
 [9 3 1 8 2 0 5 6 7]
 [7 4 0 9 8 5 0 1 0]
 [2 1 5 7 3 0 8 9 6]
 [0 9 6 4 0 1 7 3 2]]
Number of cells unfilled: 12
Accuracy: 85.18518518518519
Sample: 53993
Question:
[[1 0 0 0 0 7 0 0 0]
 [0 0 6 0 8 0 0 1 0]
 [0 2 0 1 0 0 0 0 3]
 [0 0 8 5 0 0 0 0 2]
 [5 0 0 0 6 0 9 0 0]
 [0 9 0 0 0 8 0 5 0]
 [0 0 0 0 0 4 7 0 0]
 [0 4 0 8 0 0 0 9 0]
 [0 0 3 0 2 0 0 0 1]]
Solution:
[[5 8 3 2 6 4 9 7 1]
 [1 2 0 0 9 7 3 5 4]
 [4 7 9 5 1 3 6 0 8]
 [8 5 7 3 4 9 1 2 0]
 [0 0 2 1 7 6 4 8 3]
 [9 3 1 8 0 2 5 6 7]
 [7 4 0 9 8 5 0 1 0]
 [2 1 5 7 3 0 8 4 6]
 [0 9 6 4 0 1 7 3 2]]
Number of cells unfilled: 13
Accuracy: 83.9506172839506
Sample: 53994
Question:
[[0 8 0 7 0 0 0 2 0]
 [0 0 6 0 1 0 0 0 9]
 [5 0 0 0 0 4 1 0 0]
 [0 0 9 0 7 0 0 0 6]
 [0 0 0 2 0 0 0 4 0]
 [0 1 0 0 0 6 3 0 0]
 [0 0 0 0 4 0 0 0 0]
 [8 0 0 1 0 0 5 0 0]
 [0 2 0 0 0 7 0 3 0]]
Solution:
[[5 8 3 2 6 4 1 7 9]
 [1 6 0 0 9 7 3 5 4]
 [4 2 9 0 5 3 6 0 8]
 [8 5 7 3 4 0 9 2 1]
 [0 0 2 1 7 6 4 8 3]
 [9 3 1 8 2 0 5 6 7]
 [7 0 4 9 8 5 0 1 0]
 [2 1 5 7 3 0 8 9 6]
 [0 9 6 4 0 1 7 3 2]]
Number of cells unfilled: 14
Accuracy: 82.71604938271605
Sample: 53995
Question:
[[0 8 6 0 0 4 0 0 7]
 [0 0 1 9 0 7 0 2 0]
 [3 0 0 0 5 0 1 0 0]
 [0 7 0 0 0 9 3 0 5]
 [0 4 0 0 1 8 0 6 0]
 [0 0 0 5 2 0 0 0 0]
 [0 0 0 8 4 0 0 3 2]
 [6 0 8 0 0 0 7 1 0]
 [9 3 4 2 0 0 0 5 6]]
Solution:
[[5 8 3 2 6 4 1 7 9]
 [1 6 0 5 9 7 3 0 4]
 [4 2 9 0 1 3 6 5 8]
 [8 5 7 3 4 9 0 2 1]
 [0 0 2 1 7 6 4 8 3]
 [9 3 1 8 0 2 5 6 7]
 [3 7 4 9 8 5 0 1 0]
 [2 1 5 7 3 0 8 9 6]
 [0 9 6 4 0 1 7 3 2]]
Number of cells unfilled: 12
Accuracy: 85.18518518518519
Sample: 53996
Question:
[[0 9 0 0 0 8 0 0 0]
 [5 0 0 6 0 7 0 9 0]
 [0 0 4 0 0 0 0 0 0]
 [1 0 0 7 0 6 5 0 0]
 [0 3 6 0 0 1 0 7 0]
 [0 0 0 0 8 0 0 6 1]
 [0 2 0 0 0 9 0 5 0]
 [9 0 0 1 0 5 0 0 7]
 [0 0 0 0 0 0 9 0 0]]
Solution:
[[5 8 3 2 6 4 1 7 9]
 [1 6 0 5 9 7 3 2 4]
 [4 7 9 0 1 3 6 5 8]
 [8 5 7 3 4 9 2 0 1]
 [0 0 2 1 7 6 4 8 3]
 [9 3 1 8 0 2 5 6 7]
 [7 4 0 9 8 5 0 1 0]
 [2 1 5 7 3 0 8 9 6]
 [0 9 6 4 0 1 7 3 2]]
Number of cells unfilled: 12
Accuracy: 85.18518518518519
Sample: 53997
Question:
[[0 8 0 0 0 9 0 0 0]
 [0 0 0 0 6 0 0 0 0]
 [0 0 0 0 0 0 2 1 0]
 [0 0 0 0 0 7 0 5 0]
 [0 2 0 9 0 0 0 0 0]
 [0 6 0 0 0 0 0 0 7]
 [5 0 4 0 0 0 0 3 0]
 [0 0 0 0 2 0 0 0 0]
 [7 0 0 0 0 0 9 0 0]]
Solution:
[[5 8 3 2 6 4 9 7 1]
 [1 2 0 5 9 7 3 0 4]
 [4 7 9 0 1 3 6 5 8]
 [8 5 7 3 4 9 1 2 0]
 [0 0 2 1 7 6 4 8 3]
 [9 3 1 8 2 0 5 6 7]
 [3 4 0 9 8 5 0 1 0]
 [2 1 5 7 3 0 8 4 6]
 [0 9 6 4 0 1 7 3 2]]
Number of cells unfilled: 13
Accuracy: 83.9506172839506
Sample: 53998
Question:
[[0 0 0 9 0 5 0 0 0]
 [0 0 8 0 0 7 0 0 0]
 [0 0 0 0 0 0 3 0 2]
 [0 7 0 0 0 0 0 0 8]
 [9 8 4 0 7 0 0 0 0]
 [2 0 0 4 0 0 0 0 0]
 [0 4 0 0 6 9 0 7 0]
 [0 0 0 5 0 0 0 0 1]
 [5 0 0 0 0 2 6 8 9]]
Solution:
[[5 8 3 2 1 4 9 7 0]
 [1 2 0 6 9 7 3 5 4]
 [4 7 9 5 0 3 6 2 8]
 [8 5 7 3 4 9 2 0 1]
 [0 0 2 1 7 6 4 8 3]
 [9 3 1 8 2 0 5 6 7]
 [7 4 0 9 8 5 0 1 0]
 [2 1 5 7 3 0 8 9 6]
 [0 9 6 4 0 1 7 3 2]]
Number of cells unfilled: 13
Accuracy: 83.9506172839506
Sample: 53999
Question:
[[0 8 0 5 4 0 0 0 0]
 [0 0 9 7 0 0 0 5 0]
 [0 0 0 0 0 8 0 0 6]
 [0 4 0 0 2 0 0 9 0]
 [0 0 2 6 0 0 0 0 7]
 [1 0 0 0 0 0 0 0 0]
 [0 0 3 0 0 5 0 7 2]
 [5 0 0 0 0 0 1 0 0]
 [0 7 0 3 0 0 0 6 0]]
Solution:
[[5 8 3 2 6 4 9 7 1]
 [1 6 0 5 9 7 3 0 4]
 [4 7 9 0 1 3 6 5 8]
 [8 5 7 3 4 0 1 2 9]
 [0 0 2 1 7 6 4 8 3]
 [9 3 1 8 2 0 5 6 7]
 [3 4 0 9 8 5 0 1 0]
 [2 1 5 7 3 0 8 9 6]
 [0 9 6 4 0 1 7 3 2]]
Number of cells unfilled: 13
Accuracy: 83.9506172839506
Sample: 54000
Question:
[[0 0 3 2 0 0 0 7 0]
 [0 0 0 0 9 7 3 0 0]
 [0 0 0 0 0 3 0 0 8]
 [0 5 0 0 4 0 0 0 0]
 [0 0 2 1 0 0 0 8 0]
 [9 0 1 8 0 0 0 6 0]
 [0 0 0 0 0 0 0 1 0]
 [0 1 0 7 0 0 8 0 6]
 [0 0 6 0 0 1 7 0 2]]
Solution:
[[5 8 3 2 6 4 9 7 1]
 [1 6 0 0 9 7 3 5 4]
 [4 7 9 0 5 3 6 0 8]
 [8 5 7 3 4 9 1 2 0]
 [0 0 2 1 7 6 4 8 3]
 [9 3 1 8 2 0 5 6 7]
 [3 4 0 9 8 5 0 1 0]
 [2 1 5 7 3 0 8 9 6]
 [0 9 6 4 0 1 7 3 2]]
Number of cells unfilled: 14
Accuracy: 82.71604938271605
