2025-10-22 13:25:58.615895: I tensorflow/core/util/port.cc:153] oneDNN custom operations are on. You may see slightly different numerical results due to floating-point round-off errors from different computation orders. To turn them off, set the environment variable `TF_ENABLE_ONEDNN_OPTS=0`.
2025-10-22 13:25:59.201567: I tensorflow/core/platform/cpu_feature_guard.cc:210] This TensorFlow binary is optimized to use available CPU instructions in performance-critical operations.
To enable the following instructions: AVX2 AVX512F AVX512_VNNI FMA, in other operations, rebuild TensorFlow with the appropriate compiler flags.
2025-10-22 13:26:03.378167: I tensorflow/core/util/port.cc:153] oneDNN custom operations are on. You may see slightly different numerical results due to floating-point round-off errors from different computation orders. To turn them off, set the environment variable `TF_ENABLE_ONEDNN_OPTS=0`.
2025-10-22 13:26:08.767201: E external/local_xla/xla/stream_executor/cuda/cuda_platform.cc:51] failed call to cuInit: INTERNAL: CUDA error: Failed call to cuInit: UNKNOWN ERROR (303)
Sample: 5401
Question:
[[0 7 0 0 0 0 0 9 0]
 [0 0 0 0 0 3 0 0 0]
 [2 0 0 0 7 8 1 0 0]
 [8 0 6 0 0 0 0 2 5]
 [0 1 0 0 2 6 8 0 0]
 [0 0 2 0 8 0 0 0 0]
 [1 0 0 0 0 0 0 0 3]
 [0 0 7 0 1 2 6 0 0]
 [0 0 0 4 0 0 0 0 0]]
Solution:
[[1 5 2 4 6 8 9 7 0]
 [9 8 6 7 0 2 0 0 3]
 [7 0 3 0 9 5 4 2 6]
 [8 2 1 6 5 4 7 3 9]
 [5 4 7 9 3 0 6 1 2]
 [3 9 0 2 1 7 5 4 8]
 [0 3 4 8 2 6 1 9 0]
 [2 1 5 0 4 9 3 6 7]
 [6 0 9 1 7 3 8 5 4]]
Number of cells unfilled: 12
Accuracy: 85.18518518518519
Sample: 5402
Question:
[[5 0 0 0 0 2 9 0 1]
 [1 0 0 0 3 9 0 0 4]
 [0 0 6 0 0 0 0 0 0]
 [4 0 0 0 0 5 0 0 9]
 [0 3 0 0 0 0 0 8 0]
 [0 0 0 7 0 0 0 0 0]
 [2 0 0 0 0 0 1 4 0]
 [0 5 0 0 0 1 2 9 0]
 [0 0 0 2 0 0 0 0 5]]
Solution:
[[1 5 2 4 6 8 9 7 0]
 [9 4 6 7 0 2 0 8 3]
 [7 8 3 0 9 1 4 5 6]
 [8 0 1 6 0 4 7 3 9]
 [4 2 7 9 3 5 6 1 8]
 [3 9 0 2 1 7 5 4 0]
 [0 7 4 8 5 6 1 9 0]
 [2 1 5 0 4 9 3 6 7]
 [6 0 9 1 7 3 8 2 5]]
Number of cells unfilled: 12
Accuracy: 85.18518518518519
Sample: 5403
Question:
[[6 0 0 0 0 5 9 0 3]
 [0 0 0 0 0 0 0 0 7]
 [0 0 9 0 4 0 0 0 0]
 [0 9 0 0 0 1 5 0 6]
 [5 0 0 7 0 0 0 0 0]
 [0 0 0 0 0 0 0 8 0]
 [0 6 0 0 0 0 3 0 0]
 [0 0 5 0 0 3 6 0 1]
 [3 1 0 2 0 0 0 9 0]]
Solution:
[[1 5 2 4 6 8 9 7 0]
 [9 8 6 7 0 2 0 5 3]
 [7 0 3 5 9 1 4 8 6]
 [8 2 1 6 0 4 7 3 9]
 [4 0 7 9 3 5 6 1 2]
 [3 9 0 2 1 7 5 4 8]
 [0 3 4 8 2 6 1 9 0]
 [2 1 5 0 4 9 3 6 7]
 [6 0 9 1 7 3 8 2 5]]
Number of cells unfilled: 11
Accuracy: 86.41975308641975
Sample: 5404
Question:
[[1 0 0 0 2 0 3 0 0]
 [0 0 9 4 0 0 0 0 0]
 [0 5 0 0 0 0 0 0 0]
 [0 0 6 0 0 0 0 3 0]
 [0 0 0 5 0 0 2 0 0]
 [8 0 0 0 3 0 0 0 7]
 [7 0 0 0 1 0 0 2 0]
 [0 1 0 0 0 4 7 0 8]
 [0 6 8 0 0 9 1 0 0]]
Solution:
[[1 5 2 4 6 8 9 7 0]
 [9 4 6 7 0 2 0 5 3]
 [7 8 3 5 9 1 4 0 6]
 [8 2 1 6 0 4 7 3 9]
 [4 0 7 9 3 5 6 1 2]
 [3 9 0 2 1 7 5 4 8]
 [0 7 4 8 2 6 1 9 5]
 [2 1 5 0 4 9 3 6 7]
 [6 0 9 1 7 3 8 2 4]]
Number of cells unfilled: 10
Accuracy: 87.65432098765432
Sample: 5405
Question:
[[5 3 0 6 0 0 7 0 0]
 [0 0 6 0 0 7 0 0 0]
 [0 1 0 0 3 0 0 0 0]
 [0 0 5 4 0 8 3 0 0]
 [0 8 0 2 0 0 0 0 4]
 [0 0 0 0 9 6 0 8 0]
 [0 0 3 0 6 0 1 0 0]
 [0 0 0 0 0 4 0 0 9]
 [9 0 0 0 0 0 0 2 0]]
Solution:
[[1 5 2 4 6 8 9 7 0]
 [9 8 6 7 0 2 0 5 3]
 [7 0 3 5 9 1 4 8 6]
 [8 2 1 6 0 4 7 3 9]
 [4 0 7 9 3 5 6 1 2]
 [3 9 0 2 1 7 5 4 8]
 [0 7 4 8 5 6 1 9 0]
 [2 1 5 0 4 9 3 6 7]
 [6 0 9 1 7 3 8 2 5]]
Number of cells unfilled: 11
Accuracy: 86.41975308641975
Sample: 5406
Question:
[[0 0 0 4 8 5 0 0 0]
 [0 5 0 0 0 0 0 6 4]
 [0 0 7 0 0 0 0 0 0]
 [0 0 0 0 0 6 0 7 0]
 [0 0 1 0 0 0 6 0 8]
 [0 3 0 0 0 0 0 1 0]
 [0 0 0 0 7 4 2 9 6]
 [9 0 0 2 0 0 3 4 0]
 [0 0 5 0 3 0 0 0 0]]
Solution:
[[1 5 2 4 6 8 9 7 0]
 [9 4 6 7 0 2 0 8 3]
 [7 8 3 5 9 1 4 2 6]
 [8 2 1 6 0 4 7 3 9]
 [4 0 7 9 3 5 6 1 2]
 [3 9 0 2 1 7 5 4 8]
 [0 7 4 8 5 6 1 9 0]
 [2 1 5 0 4 9 3 6 7]
 [6 0 9 1 7 3 8 5 4]]
Number of cells unfilled: 10
Accuracy: 87.65432098765432
Sample: 5407
Question:
[[8 5 0 0 0 0 0 0 0]
 [0 2 3 4 0 0 0 5 9]
 [0 0 0 3 0 0 8 0 0]
 [0 1 0 0 0 6 5 2 0]
 [0 0 0 0 0 0 0 0 0]
 [0 0 0 1 2 0 7 0 3]
 [0 3 0 0 8 0 0 9 0]
 [2 0 0 5 1 0 0 8 0]
 [0 0 0 0 3 0 1 0 2]]
Solution:
[[1 5 2 4 6 8 9 7 0]
 [9 4 6 7 0 2 0 8 3]
 [7 8 3 5 9 1 4 2 6]
 [8 0 1 6 0 4 7 3 9]
 [4 2 7 9 3 5 6 1 0]
 [3 9 0 2 1 7 5 4 8]
 [0 3 4 8 5 6 1 9 2]
 [2 1 5 0 4 9 3 6 7]
 [6 0 9 1 7 3 8 5 4]]
Number of cells unfilled: 10
Accuracy: 87.65432098765432
Sample: 5408
Question:
[[0 8 0 0 0 0 3 0 0]
 [0 9 0 7 5 0 0 0 8]
 [0 0 1 6 0 8 0 9 0]
 [0 1 0 9 0 4 0 3 0]
 [0 0 0 0 0 1 7 0 0]
 [0 0 4 0 2 0 0 0 0]
 [1 0 0 4 0 6 0 8 0]
 [0 4 8 0 0 0 0 0 0]
 [0 6 0 0 0 0 0 0 3]]
Solution:
[[1 5 2 4 6 8 9 7 0]
 [9 4 6 5 0 2 0 8 3]
 [7 8 3 0 9 1 4 5 6]
 [8 0 1 6 0 4 7 3 9]
 [4 2 7 9 3 5 6 1 8]
 [3 9 0 2 1 7 5 4 0]
 [0 7 4 8 2 6 1 9 5]
 [2 1 5 0 4 9 3 6 7]
 [6 0 9 1 7 3 8 2 4]]
Number of cells unfilled: 11
Accuracy: 86.41975308641975
Sample: 5409
Question:
[[0 0 7 0 0 8 0 0 2]
 [0 5 0 9 0 0 0 1 0]
 [0 0 0 0 2 0 9 0 0]
 [0 2 0 0 0 4 0 0 0]
 [3 0 0 0 7 0 0 0 4]
 [0 0 4 3 8 0 0 0 0]
 [0 4 0 0 5 0 0 6 0]
 [6 0 0 0 0 0 1 0 0]
 [0 0 8 0 0 3 0 0 7]]
Solution:
[[1 5 2 4 6 0 9 7 0]
 [9 4 6 7 8 2 0 5 3]
 [7 0 3 5 9 1 4 8 6]
 [8 0 1 6 5 4 7 3 2]
 [4 2 7 9 3 8 6 1 0]
 [3 9 0 2 1 7 5 4 8]
 [0 7 4 8 2 6 1 9 0]
 [2 1 5 0 4 9 3 6 7]
 [6 0 9 1 7 3 8 2 5]]
Number of cells unfilled: 11
Accuracy: 86.41975308641975
Sample: 5410
Question:
[[0 0 0 0 0 0 7 0 0]
 [0 8 1 0 0 7 6 0 0]
 [0 0 4 6 0 0 0 1 2]
 [0 5 0 0 0 1 0 0 0]
 [1 0 0 5 0 0 3 0 9]
 [0 0 0 0 0 0 0 2 0]
 [0 3 8 7 0 5 9 0 0]
 [0 0 0 0 0 6 8 0 0]
 [0 4 0 1 0 9 0 0 0]]
Solution:
[[1 5 2 4 6 8 0 7 9]
 [9 8 6 7 0 2 0 5 3]
 [7 0 3 5 9 1 4 8 6]
 [8 0 1 6 0 4 7 3 2]
 [4 2 7 9 3 5 6 1 8]
 [3 9 0 2 1 7 5 4 0]
 [0 3 4 8 2 6 1 9 5]
 [2 1 5 0 4 9 3 6 7]
 [6 0 9 1 7 3 8 2 4]]
Number of cells unfilled: 11
Accuracy: 86.41975308641975
Sample: 5411
Question:
[[5 0 0 0 7 0 8 0 9]
 [0 6 0 8 0 0 7 0 0]
 [0 0 0 0 0 3 1 0 0]
 [0 0 0 0 0 0 2 0 0]
 [0 0 9 6 3 0 0 0 0]
 [0 0 7 0 0 9 0 0 0]
 [4 0 0 2 0 0 0 1 0]
 [0 0 2 9 0 0 6 0 8]
 [8 0 0 0 1 0 9 0 4]]
Solution:
[[1 5 2 4 6 8 9 7 0]
 [9 4 6 7 0 2 0 8 3]
 [7 8 3 5 9 1 4 2 6]
 [8 0 1 6 0 4 7 3 9]
 [4 2 7 9 3 5 6 1 8]
 [3 9 0 2 1 7 5 4 0]
 [0 3 4 8 2 6 1 9 0]
 [2 1 5 0 4 9 3 6 7]
 [6 0 9 1 7 3 8 5 2]]
Number of cells unfilled: 11
Accuracy: 86.41975308641975
Sample: 5412
Question:
[[8 0 0 0 6 0 0 0 9]
 [0 6 0 7 0 4 8 0 5]
 [0 0 4 0 0 9 0 6 0]
 [5 0 0 0 0 1 0 0 2]
 [1 0 0 0 0 0 0 0 0]
 [0 9 0 0 7 0 0 8 0]
 [0 0 0 2 0 0 3 0 0]
 [0 8 0 0 4 0 0 5 6]
 [0 0 3 0 0 6 0 0 0]]
Solution:
[[1 5 2 4 6 8 9 7 0]
 [9 8 6 7 0 2 0 5 3]
 [7 0 3 5 9 1 4 8 6]
 [8 2 1 6 0 4 7 3 9]
 [4 0 7 9 3 5 6 1 2]
 [3 9 0 2 1 7 5 4 8]
 [0 3 4 8 2 6 1 9 5]
 [2 1 5 0 4 9 3 6 7]
 [6 0 9 1 7 3 8 2 4]]
Number of cells unfilled: 10
Accuracy: 87.65432098765432
Sample: 5413
Question:
[[0 7 3 0 0 0 6 0 5]
 [0 0 0 0 7 0 0 0 9]
 [0 0 0 0 0 9 1 3 0]
 [0 1 0 6 0 0 3 0 0]
 [0 9 0 8 0 5 0 0 0]
 [0 0 4 0 0 0 0 0 2]
 [0 4 0 0 0 2 0 0 0]
 [0 8 0 7 5 0 9 0 0]
 [0 0 0 0 0 0 0 1 8]]
Solution:
[[1 5 2 4 6 8 9 7 0]
 [9 8 6 7 0 2 0 5 3]
 [7 0 3 0 9 5 4 8 6]
 [8 0 1 6 5 4 7 3 2]
 [4 2 7 9 3 0 6 1 0]
 [3 9 0 2 1 7 5 4 8]
 [0 7 4 8 2 6 1 9 0]
 [2 1 5 0 4 9 3 6 7]
 [6 0 9 1 7 3 8 2 5]]
Number of cells unfilled: 13
Accuracy: 83.9506172839506
Sample: 5414
Question:
[[0 5 0 0 0 9 0 0 2]
 [1 0 0 8 0 0 0 0 0]
 [0 0 4 0 5 0 7 0 0]
 [2 0 0 0 0 7 0 3 0]
 [0 6 0 0 0 0 9 0 0]
 [0 0 3 0 6 0 0 0 5]
 [0 0 0 0 0 5 0 0 9]
 [0 0 2 0 3 0 4 0 0]
 [0 8 0 1 0 0 0 6 0]]
Solution:
[[1 5 2 4 6 8 9 7 0]
 [9 8 6 7 0 2 0 0 3]
 [7 0 3 5 9 1 4 8 6]
 [8 0 1 6 0 4 7 3 9]
 [4 2 7 9 3 5 6 1 8]
 [3 9 0 2 1 7 5 4 0]
 [0 3 4 8 5 6 1 9 0]
 [2 1 5 0 4 9 3 6 7]
 [6 0 9 1 7 3 8 5 2]]
Number of cells unfilled: 13
Accuracy: 83.9506172839506
Sample: 5415
Question:
[[0 0 0 0 0 0 0 0 0]
 [0 6 0 1 5 0 7 0 0]
 [0 0 7 0 0 4 0 1 0]
 [0 7 0 8 3 0 0 5 0]
 [3 0 2 0 0 0 8 0 0]
 [0 0 0 0 0 0 3 0 0]
 [0 1 0 5 8 0 0 0 3]
 [0 0 6 0 0 0 5 0 0]
 [0 0 0 0 6 9 0 7 0]]
Solution:
[[1 5 2 4 6 8 9 7 0]
 [9 8 6 7 0 2 0 5 3]
 [7 0 3 5 9 1 4 8 6]
 [8 2 1 6 0 4 7 3 9]
 [4 0 7 9 3 5 6 1 2]
 [3 9 0 2 1 7 5 4 8]
 [0 7 4 8 2 6 1 9 0]
 [2 1 5 0 4 9 3 6 7]
 [6 0 9 1 7 3 8 2 5]]
Number of cells unfilled: 11
Accuracy: 86.41975308641975
Sample: 5416
Question:
[[0 0 0 2 0 9 4 0 0]
 [4 0 0 0 0 0 0 2 0]
 [0 8 0 7 4 0 0 0 3]
 [7 0 0 0 0 0 0 5 0]
 [8 1 0 0 0 0 0 0 0]
 [0 0 4 8 7 0 0 0 1]
 [1 0 0 4 3 0 0 0 2]
 [0 0 0 0 0 0 0 0 0]
 [0 0 3 0 0 6 0 1 0]]
Solution:
[[1 5 2 4 6 8 9 7 0]
 [9 4 6 7 0 2 0 8 3]
 [7 8 3 5 9 1 4 2 6]
 [8 0 1 6 0 4 7 3 9]
 [4 2 7 9 3 5 6 1 8]
 [3 9 0 2 1 7 5 4 0]
 [0 7 4 8 2 6 1 9 0]
 [2 1 5 0 4 9 3 6 7]
 [6 0 9 1 7 3 8 5 2]]
Number of cells unfilled: 11
Accuracy: 86.41975308641975
Sample: 5417
Question:
[[0 0 0 9 0 0 5 0 0]
 [8 0 0 0 0 4 0 6 0]
 [2 0 0 1 0 8 0 4 7]
 [0 8 2 0 4 0 0 7 0]
 [0 0 7 0 0 2 0 0 0]
 [4 0 0 0 0 0 6 0 0]
 [7 0 0 0 0 6 0 1 0]
 [0 3 0 0 1 0 0 0 0]
 [0 0 0 4 0 0 0 0 0]]
Solution:
[[1 5 2 4 6 8 9 7 0]
 [9 4 6 5 0 2 0 8 3]
 [7 8 3 0 9 1 4 5 6]
 [8 2 1 6 0 4 7 3 9]
 [4 0 7 9 3 5 6 1 2]
 [3 9 0 2 1 7 5 4 8]
 [0 7 4 8 2 6 1 9 0]
 [2 1 5 0 4 9 3 6 7]
 [6 0 9 1 7 3 8 2 5]]
Number of cells unfilled: 11
Accuracy: 86.41975308641975
Sample: 5418
Question:
[[0 0 3 0 0 0 8 0 0]
 [6 0 2 0 5 0 0 9 0]
 [9 0 0 0 6 0 0 7 0]
 [5 0 0 0 0 4 0 0 0]
 [0 9 0 6 0 5 0 4 0]
 [0 0 0 0 9 0 7 0 0]
 [0 2 0 1 0 0 4 0 0]
 [7 0 0 0 4 0 0 2 0]
 [0 0 0 5 0 0 0 0 0]]
Solution:
[[1 5 2 4 6 8 9 7 0]
 [9 8 6 7 0 2 0 5 3]
 [7 0 3 5 9 1 4 8 6]
 [8 2 1 6 5 4 7 3 9]
 [4 0 7 9 3 0 6 1 2]
 [3 9 0 2 1 7 5 4 8]
 [0 7 4 8 2 6 1 9 0]
 [2 1 5 0 4 9 3 6 7]
 [6 0 9 1 7 3 8 2 5]]
Number of cells unfilled: 11
Accuracy: 86.41975308641975
Sample: 5419
Question:
[[0 0 4 0 1 0 3 0 0]
 [2 0 0 3 0 0 0 0 0]
 [6 0 0 0 0 0 0 0 0]
 [0 0 9 0 5 0 1 0 0]
 [0 0 0 0 0 7 0 8 0]
 [0 0 6 0 9 3 5 0 4]
 [0 0 5 0 0 4 0 1 0]
 [0 0 0 0 6 0 0 0 0]
 [9 6 0 5 0 0 4 0 0]]
Solution:
[[1 5 2 4 6 8 9 7 0]
 [9 4 6 7 0 2 0 8 3]
 [7 8 3 5 9 1 4 2 6]
 [8 0 1 6 0 4 7 3 9]
 [4 2 7 9 3 5 6 1 8]
 [3 9 0 2 1 7 5 4 0]
 [0 3 4 8 5 6 1 9 2]
 [2 1 5 0 4 9 3 6 7]
 [6 0 9 1 7 3 8 5 4]]
Number of cells unfilled: 10
Accuracy: 87.65432098765432
Sample: 5420
Question:
[[4 0 0 9 0 1 0 0 7]
 [0 8 0 6 2 0 1 0 0]
 [0 0 1 0 0 0 0 6 0]
 [0 0 4 0 0 0 0 0 0]
 [0 1 0 4 0 9 0 0 8]
 [0 0 9 0 0 0 0 3 0]
 [0 7 0 0 5 0 0 8 0]
 [0 0 0 0 0 0 0 0 0]
 [0 0 8 1 0 7 0 0 6]]
Solution:
[[1 5 2 4 6 8 9 7 0]
 [9 4 6 7 5 2 0 8 3]
 [7 8 3 0 9 1 4 5 6]
 [8 0 1 6 0 4 7 3 9]
 [4 2 7 9 3 5 6 1 8]
 [3 9 0 2 1 7 5 4 0]
 [0 3 4 8 2 6 1 9 0]
 [2 1 5 0 4 9 3 6 7]
 [6 0 9 1 7 3 8 2 5]]
Number of cells unfilled: 11
Accuracy: 86.41975308641975
Sample: 5421
Question:
[[8 0 0 0 0 0 0 0 1]
 [0 0 0 0 0 0 0 0 5]
 [0 6 0 8 0 0 0 9 0]
 [7 0 0 9 0 0 5 0 3]
 [0 5 0 0 0 0 9 0 0]
 [0 0 0 0 6 0 0 7 0]
 [0 0 4 0 2 0 0 0 0]
 [0 7 0 6 0 0 0 3 0]
 [0 3 8 7 0 9 0 5 0]]
Solution:
[[1 5 2 4 6 8 9 7 0]
 [9 4 6 7 0 2 0 8 3]
 [7 8 3 0 9 5 4 2 6]
 [8 2 1 6 5 4 7 3 9]
 [4 0 7 9 3 0 6 1 2]
 [3 9 0 2 1 7 5 4 8]
 [0 7 4 8 2 6 1 9 0]
 [2 1 5 0 4 9 3 6 7]
 [6 0 9 1 7 3 8 5 4]]
Number of cells unfilled: 11
Accuracy: 86.41975308641975
Sample: 5422
Question:
[[0 0 9 0 6 0 0 0 0]
 [5 6 0 0 0 0 0 7 3]
 [3 0 1 4 9 0 5 0 0]
 [0 0 0 0 0 0 6 2 0]
 [0 0 2 0 7 0 0 0 0]
 [0 0 0 6 0 0 0 0 8]
 [0 0 0 0 0 9 0 0 0]
 [0 7 0 0 4 0 3 0 0]
 [0 9 0 3 0 5 0 6 2]]
Solution:
[[1 5 2 4 6 8 9 7 0]
 [9 4 6 7 0 2 0 8 3]
 [7 8 3 5 9 1 4 2 6]
 [8 2 1 6 0 4 7 3 9]
 [4 0 7 9 3 5 6 1 0]
 [3 9 0 2 1 7 5 4 8]
 [0 7 4 8 2 6 1 9 0]
 [2 1 5 0 4 9 3 6 7]
 [6 0 9 1 7 3 8 5 2]]
Number of cells unfilled: 11
Accuracy: 86.41975308641975
Sample: 5423
Question:
[[6 2 0 0 0 5 3 0 0]
 [0 0 1 0 0 9 7 2 0]
 [7 0 5 0 0 0 0 0 1]
 [0 0 0 0 6 7 0 3 9]
 [4 0 0 0 0 0 0 0 0]
 [8 0 9 2 0 0 5 0 6]
 [0 3 0 5 0 6 0 1 0]
 [0 0 0 1 4 0 9 0 7]
 [0 5 0 8 9 2 4 0 0]]
Solution:
[[1 5 2 4 6 8 9 7 0]
 [9 4 6 7 5 2 0 8 3]
 [7 8 3 0 9 1 4 5 6]
 [8 0 1 6 0 4 7 3 2]
 [4 2 7 9 3 5 6 1 0]
 [3 9 0 2 1 7 5 4 8]
 [0 3 4 8 2 6 1 9 0]
 [2 1 5 0 4 9 3 6 7]
 [6 0 9 1 7 3 8 2 5]]
Number of cells unfilled: 11
Accuracy: 86.41975308641975
Sample: 5424
Question:
[[9 8 0 0 0 0 0 0 0]
 [3 0 0 1 0 8 0 6 5]
 [5 0 0 0 3 0 0 0 2]
 [0 0 0 3 2 0 0 1 0]
 [0 3 0 0 0 0 0 8 0]
 [1 9 0 0 0 0 7 5 0]
 [2 0 0 8 9 0 0 0 1]
 [0 0 0 0 4 0 0 0 0]
 [0 0 0 5 1 0 0 2 0]]
Solution:
[[1 5 2 4 6 8 9 7 0]
 [9 4 6 7 0 2 0 8 3]
 [7 8 3 5 9 1 4 2 6]
 [8 0 1 6 0 4 7 3 9]
 [4 2 7 9 3 5 6 1 8]
 [3 9 0 2 1 7 5 4 0]
 [0 7 4 8 2 6 1 9 0]
 [2 1 5 0 4 9 3 6 7]
 [6 0 9 1 7 3 8 5 2]]
Number of cells unfilled: 11
Accuracy: 86.41975308641975
Sample: 5425
Question:
[[0 3 0 0 0 2 9 0 0]
 [0 0 7 0 0 0 0 1 0]
 [4 0 0 8 0 0 0 0 3]
 [0 5 0 4 0 0 6 0 0]
 [0 0 4 0 0 6 0 0 0]
 [6 0 0 0 0 3 0 0 5]
 [8 0 0 6 0 0 0 0 9]
 [0 0 1 0 0 0 0 7 0]
 [0 9 0 0 2 0 8 0 0]]
Solution:
[[1 5 2 4 6 8 9 7 0]
 [9 8 6 7 0 2 0 0 3]
 [7 0 3 0 9 5 4 8 6]
 [8 0 1 6 5 4 7 3 2]
 [5 4 7 9 3 0 6 1 0]
 [3 9 0 2 1 7 5 4 8]
 [0 7 4 8 2 6 1 9 0]
 [2 1 5 0 4 9 3 6 7]
 [6 0 9 1 7 3 8 5 4]]
Number of cells unfilled: 14
Accuracy: 82.71604938271605
Sample: 5426
Question:
[[0 0 0 0 0 0 0 7 1]
 [6 0 1 0 9 0 5 0 0]
 [0 5 0 0 0 0 6 4 0]
 [0 4 0 0 8 0 0 0 2]
 [2 0 0 4 0 1 0 0 3]
 [0 0 0 0 0 0 4 1 0]
 [0 3 5 0 0 0 0 9 0]
 [0 0 0 7 6 0 0 0 0]
 [0 6 0 0 0 9 0 0 0]]
Solution:
[[1 5 2 4 6 8 9 7 0]
 [9 8 6 7 0 2 0 5 3]
 [7 0 3 5 9 1 4 8 6]
 [8 2 1 6 0 4 7 3 9]
 [4 0 7 9 3 5 6 1 2]
 [3 9 0 2 1 7 5 4 8]
 [0 7 4 8 2 6 1 9 0]
 [2 1 5 0 4 9 3 6 7]
 [6 0 9 1 7 3 8 2 5]]
Number of cells unfilled: 11
Accuracy: 86.41975308641975
Sample: 5427
Question:
[[0 0 0 0 0 3 0 0 4]
 [0 5 0 1 0 0 0 3 0]
 [3 0 9 0 0 0 7 0 0]
 [0 8 0 0 0 1 0 2 0]
 [0 0 7 2 0 0 4 0 0]
 [0 0 0 0 0 0 0 0 6]
 [9 0 0 8 0 5 0 0 0]
 [0 2 0 0 1 0 0 8 0]
 [0 0 0 3 0 2 6 0 0]]
Solution:
[[1 5 2 4 6 8 9 7 0]
 [9 4 6 7 5 2 0 8 3]
 [7 8 3 0 9 1 4 5 6]
 [8 2 1 6 0 4 7 3 9]
 [4 0 7 9 3 5 6 1 2]
 [3 9 0 2 1 7 5 4 8]
 [0 3 4 8 2 6 1 9 5]
 [2 1 5 0 4 9 3 6 7]
 [6 0 9 1 7 3 8 2 4]]
Number of cells unfilled: 9
Accuracy: 88.88888888888889
Sample: 5428
Question:
[[0 0 0 0 0 8 0 9 1]
 [0 0 7 0 1 0 3 0 0]
 [0 0 0 5 0 0 0 2 0]
 [3 0 4 0 0 0 0 0 6]
 [0 7 0 0 3 0 1 0 0]
 [9 0 1 8 0 0 0 0 0]
 [0 0 0 2 0 0 0 6 0]
 [0 0 9 0 0 5 0 0 0]
 [7 0 0 0 9 0 4 0 0]]
Solution:
[[1 5 2 4 6 8 9 7 0]
 [9 4 6 7 0 2 0 8 3]
 [7 8 3 5 9 1 4 2 6]
 [8 0 1 6 0 4 7 3 9]
 [4 2 7 9 3 5 6 1 8]
 [3 9 0 2 1 7 5 4 0]
 [0 3 4 8 5 6 1 9 0]
 [2 1 5 0 4 9 3 6 7]
 [6 0 9 1 7 3 8 5 2]]
Number of cells unfilled: 11
Accuracy: 86.41975308641975
Sample: 5429
Question:
[[0 4 0 0 9 3 0 0 0]
 [7 0 0 6 0 0 0 9 0]
 [2 0 0 0 0 0 0 0 3]
 [0 1 0 0 0 0 0 8 0]
 [0 0 0 8 0 0 0 0 7]
 [8 0 0 0 1 0 9 0 6]
 [0 0 5 0 2 0 0 0 0]
 [0 2 0 0 0 4 5 0 0]
 [9 0 0 1 0 0 0 7 0]]
Solution:
[[1 5 2 4 6 8 9 7 0]
 [9 4 6 7 0 2 0 8 3]
 [7 8 3 5 9 1 4 2 6]
 [8 2 1 6 0 4 7 3 9]
 [4 0 7 9 3 5 6 1 0]
 [3 9 0 2 1 7 5 4 8]
 [0 7 4 8 2 6 1 9 0]
 [2 1 5 0 4 9 3 6 7]
 [6 0 9 1 7 3 8 5 2]]
Number of cells unfilled: 11
Accuracy: 86.41975308641975
Sample: 5430
Question:
[[3 0 0 0 0 1 7 0 0]
 [0 8 1 0 0 0 0 3 6]
 [0 7 2 0 5 0 0 0 0]
 [0 3 0 5 1 0 0 0 0]
 [0 0 0 4 0 0 0 9 0]
 [0 0 7 0 0 2 1 0 0]
 [0 2 0 0 0 8 3 0 0]
 [0 0 3 9 0 0 6 8 0]
 [0 0 0 0 0 0 0 0 4]]
Solution:
[[1 5 2 4 6 8 9 7 0]
 [9 8 6 7 0 2 0 5 3]
 [7 0 3 5 9 1 4 8 6]
 [8 0 1 6 0 4 7 3 2]
 [4 2 7 9 3 5 6 1 8]
 [3 9 0 2 1 7 5 4 0]
 [0 3 4 8 5 6 1 9 0]
 [2 1 5 0 4 9 3 6 7]
 [6 0 9 1 7 3 8 2 5]]
Number of cells unfilled: 12
Accuracy: 85.18518518518519
Sample: 5431
Question:
[[5 0 0 0 8 0 2 0 0]
 [0 0 9 0 0 6 0 7 0]
 [0 0 0 9 0 0 0 0 6]
 [0 3 0 8 0 0 0 0 0]
 [8 0 0 0 5 0 4 0 0]
 [0 0 0 0 0 7 0 3 0]
 [0 5 0 0 0 0 1 0 0]
 [1 0 0 0 0 2 0 0 0]
 [0 4 8 0 1 0 0 0 2]]
Solution:
[[1 5 2 4 6 8 9 7 0]
 [9 8 6 7 0 2 0 0 3]
 [7 0 3 0 5 1 4 2 6]
 [8 0 1 6 0 4 7 3 9]
 [4 2 7 9 3 5 6 1 0]
 [3 9 0 2 1 7 5 4 8]
 [0 3 4 8 2 6 1 9 0]
 [2 1 5 0 4 9 3 6 7]
 [6 0 9 1 7 3 8 5 2]]
Number of cells unfilled: 14
Accuracy: 82.71604938271605
Sample: 5432
Question:
[[7 0 0 0 2 0 6 8 0]
 [0 0 8 5 0 0 2 0 0]
 [0 0 0 0 0 0 0 0 4]
 [6 0 0 0 0 0 0 0 0]
 [0 0 9 0 7 0 8 6 0]
 [0 0 0 3 0 0 9 0 0]
 [2 0 7 1 0 8 0 0 0]
 [9 0 6 0 0 0 4 0 8]
 [0 0 0 0 9 0 7 2 0]]
Solution:
[[1 5 2 4 6 8 9 7 0]
 [9 4 6 7 0 2 0 5 3]
 [7 0 3 0 9 5 4 8 6]
 [8 0 1 6 5 4 7 3 2]
 [4 2 7 9 3 0 6 1 0]
 [3 9 0 2 1 7 5 4 8]
 [0 7 4 8 2 6 1 9 0]
 [2 1 5 0 4 9 3 6 7]
 [6 0 9 1 7 3 8 2 5]]
Number of cells unfilled: 13
Accuracy: 83.9506172839506
Sample: 5433
Question:
[[9 0 4 0 0 0 0 3 6]
 [0 0 0 6 5 0 0 0 1]
 [0 0 0 0 0 0 0 0 0]
 [0 0 0 0 0 6 0 0 0]
 [0 3 0 0 0 0 0 9 0]
 [0 5 0 0 9 7 0 0 2]
 [0 0 2 0 0 0 8 0 0]
 [0 0 6 0 1 0 0 0 7]
 [0 0 8 4 3 5 0 2 0]]
Solution:
[[1 5 2 4 8 0 9 7 0]
 [9 4 6 5 0 2 0 8 3]
 [7 8 3 0 9 1 4 5 6]
 [8 0 1 6 5 4 7 3 2]
 [4 2 7 9 3 8 6 1 0]
 [3 9 0 2 1 7 5 4 8]
 [0 7 4 8 2 6 1 9 0]
 [2 1 5 0 4 9 3 6 7]
 [6 0 9 1 7 3 8 2 5]]
Number of cells unfilled: 12
Accuracy: 85.18518518518519
Sample: 5434
Question:
[[0 0 0 0 0 0 0 0 0]
 [0 0 0 4 0 0 3 0 0]
 [0 8 0 0 0 2 0 9 5]
 [2 0 6 0 0 9 0 5 0]
 [0 9 0 0 0 0 0 0 0]
 [5 0 8 6 0 0 0 2 9]
 [0 5 0 0 0 6 0 3 8]
 [1 0 0 0 3 0 0 0 0]
 [0 0 0 7 0 0 0 6 0]]
Solution:
[[1 5 2 4 6 8 9 7 0]
 [9 8 6 7 0 2 0 5 3]
 [7 0 3 5 9 1 4 8 6]
 [8 2 1 6 5 4 7 3 9]
 [4 0 7 9 3 0 6 1 2]
 [3 9 0 2 1 7 5 4 8]
 [0 3 4 8 2 6 1 9 5]
 [2 1 5 0 4 9 3 6 7]
 [6 0 9 1 7 3 8 2 4]]
Number of cells unfilled: 10
Accuracy: 87.65432098765432
Sample: 5435
Question:
[[0 0 9 0 4 0 0 8 0]
 [0 0 0 7 0 0 6 0 0]
 [6 0 0 0 0 2 0 0 0]
 [0 0 1 0 0 0 0 4 0]
 [2 0 0 5 0 0 3 0 0]
 [0 8 0 0 0 0 0 0 9]
 [3 0 0 2 0 7 0 0 0]
 [0 0 0 4 0 0 7 0 0]
 [0 4 0 0 1 0 0 3 0]]
Solution:
[[1 5 2 4 6 8 9 7 0]
 [9 4 6 7 0 2 0 8 3]
 [7 8 3 5 9 1 4 2 6]
 [8 0 1 6 0 4 7 3 9]
 [4 2 7 9 3 5 6 1 0]
 [3 9 0 2 1 7 5 4 8]
 [0 3 4 8 5 6 1 9 0]
 [2 1 5 0 4 9 3 6 7]
 [6 0 9 1 7 3 8 5 2]]
Number of cells unfilled: 11
Accuracy: 86.41975308641975
Sample: 5436
Question:
[[0 0 0 0 2 0 0 5 1]
 [0 0 7 0 0 1 0 6 8]
 [0 1 0 8 0 0 9 0 0]
 [7 0 0 0 0 0 0 0 0]
 [0 0 3 0 4 0 0 0 0]
 [0 5 0 9 0 0 0 1 0]
 [0 0 4 0 0 2 0 0 0]
 [0 8 0 6 0 0 0 0 5]
 [0 7 0 0 3 0 0 9 0]]
Solution:
[[1 5 2 4 6 8 9 7 0]
 [9 4 6 7 5 2 0 8 3]
 [7 8 3 0 9 1 4 5 6]
 [8 2 1 6 0 4 7 3 9]
 [4 0 7 9 3 5 6 1 2]
 [3 9 0 2 1 7 5 4 8]
 [0 7 4 8 2 6 1 9 5]
 [2 1 5 0 4 9 3 6 7]
 [6 0 9 1 7 3 8 2 4]]
Number of cells unfilled: 9
Accuracy: 88.88888888888889
Sample: 5437
Question:
[[0 0 0 9 0 1 0 0 0]
 [1 0 0 0 0 0 0 8 0]
 [0 0 0 0 7 0 3 0 0]
 [9 7 0 0 4 5 0 0 0]
 [5 0 8 0 0 0 2 4 0]
 [0 0 0 1 6 0 0 0 0]
 [0 2 0 5 1 0 0 9 0]
 [4 0 5 0 0 0 0 0 0]
 [0 1 7 0 0 6 0 3 0]]
Solution:
[[1 5 2 4 6 8 9 7 0]
 [9 8 6 7 0 2 0 0 3]
 [7 0 3 5 9 1 4 8 6]
 [8 0 1 6 0 4 7 3 9]
 [4 2 7 9 3 5 6 1 8]
 [3 9 0 2 1 7 5 4 0]
 [0 7 4 8 5 6 1 9 2]
 [2 1 5 0 4 9 3 6 7]
 [6 0 9 1 7 3 8 5 4]]
Number of cells unfilled: 12
Accuracy: 85.18518518518519
Sample: 5438
Question:
[[0 0 7 8 0 1 0 9 0]
 [0 0 0 0 0 0 7 0 6]
 [9 0 6 0 0 0 0 0 0]
 [4 5 0 0 2 0 0 0 0]
 [0 0 0 0 0 9 1 2 0]
 [0 0 2 4 0 0 0 0 0]
 [8 1 0 7 9 0 0 0 0]
 [0 7 0 0 0 3 0 8 5]
 [3 0 0 0 0 8 0 0 0]]
Solution:
[[1 5 2 4 6 8 9 7 0]
 [9 4 6 7 0 2 0 5 3]
 [7 0 3 5 9 1 4 8 6]
 [8 2 1 6 0 4 7 3 9]
 [4 0 7 9 3 5 6 1 2]
 [3 9 0 2 1 7 5 4 8]
 [0 3 4 8 2 6 1 9 0]
 [2 1 5 0 4 9 3 6 7]
 [6 0 9 1 7 3 8 2 5]]
Number of cells unfilled: 11
Accuracy: 86.41975308641975
Sample: 5439
Question:
[[3 0 2 0 0 7 0 5 0]
 [0 0 0 4 3 0 0 0 0]
 [4 0 0 0 0 5 0 8 0]
 [0 0 1 0 7 0 5 6 0]
 [0 0 3 0 0 0 4 0 0]
 [5 0 0 0 0 4 0 0 8]
 [0 0 0 0 9 0 0 0 6]
 [0 0 0 7 0 0 0 2 0]
 [6 0 0 0 0 3 8 0 0]]
Solution:
[[1 5 2 4 6 8 9 7 0]
 [9 4 6 7 0 2 0 8 3]
 [7 8 3 5 9 1 4 2 6]
 [8 0 1 6 0 4 7 3 9]
 [4 2 7 9 3 5 6 1 0]
 [3 9 0 2 1 7 5 4 8]
 [0 3 4 8 5 6 1 9 0]
 [2 1 5 0 4 9 3 6 7]
 [6 0 9 1 7 3 8 5 2]]
Number of cells unfilled: 11
Accuracy: 86.41975308641975
Sample: 5440
Question:
[[7 0 0 6 0 0 2 3 0]
 [0 0 0 0 0 0 0 0 0]
 [0 1 3 0 0 0 0 8 0]
 [5 0 0 0 0 6 0 2 0]
 [0 7 2 5 0 0 0 0 0]
 [0 6 0 0 8 0 5 7 0]
 [2 0 0 3 0 0 7 9 0]
 [0 9 0 0 0 4 0 0 3]
 [0 0 0 0 9 0 0 0 0]]
Solution:
[[1 5 2 4 6 8 9 7 0]
 [9 4 6 7 0 2 0 8 3]
 [7 8 3 5 9 1 4 2 6]
 [8 2 1 6 0 4 7 3 9]
 [4 0 7 9 3 5 6 1 2]
 [3 9 0 2 1 7 5 4 8]
 [0 7 4 8 5 6 1 9 0]
 [2 1 5 0 4 9 3 6 7]
 [6 0 9 1 7 3 8 5 4]]
Number of cells unfilled: 10
Accuracy: 87.65432098765432
Sample: 5441
Question:
[[0 4 9 5 0 0 0 0 3]
 [3 0 0 0 0 9 0 7 0]
 [7 0 0 0 2 3 0 5 0]
 [0 5 0 7 9 0 0 2 0]
 [0 0 0 0 0 0 0 0 0]
 [9 0 0 2 3 0 7 0 0]
 [0 0 6 0 1 0 0 0 0]
 [0 0 0 0 5 0 8 0 0]
 [5 0 0 0 0 2 0 3 0]]
Solution:
[[1 5 2 4 8 0 9 7 0]
 [9 8 6 7 0 2 0 0 3]
 [7 0 3 0 9 5 4 2 6]
 [8 2 1 6 5 4 7 3 9]
 [5 4 7 9 3 8 6 1 2]
 [3 9 0 2 1 7 5 4 8]
 [0 3 4 8 2 6 1 9 0]
 [2 1 5 0 4 9 3 6 7]
 [6 0 9 1 7 3 8 5 4]]
Number of cells unfilled: 12
Accuracy: 85.18518518518519
Sample: 5442
Question:
[[0 0 0 0 2 0 0 0 6]
 [0 4 0 7 0 0 0 0 0]
 [0 0 9 5 0 8 2 0 0]
 [0 3 0 0 0 2 7 6 9]
 [9 0 0 0 0 0 0 0 0]
 [0 0 0 0 5 3 0 0 2]
 [7 0 8 3 0 1 0 0 5]
 [0 0 0 6 0 5 0 8 0]
 [0 9 1 0 0 0 0 0 0]]
Solution:
[[1 5 2 4 8 0 9 7 0]
 [9 4 6 7 0 2 0 8 3]
 [7 8 3 0 9 5 4 2 6]
 [8 2 1 6 5 4 7 3 9]
 [4 0 7 9 3 8 6 1 2]
 [3 9 0 2 1 7 5 4 8]
 [0 3 4 8 2 6 1 9 0]
 [2 1 5 0 4 9 3 6 7]
 [6 0 9 1 7 3 8 5 4]]
Number of cells unfilled: 11
Accuracy: 86.41975308641975
Sample: 5443
Question:
[[0 0 0 5 0 0 2 0 0]
 [2 0 6 0 0 0 4 0 0]
 [0 0 4 8 0 0 0 0 5]
 [0 0 0 0 0 0 1 0 3]
 [0 6 1 7 5 0 0 4 0]
 [0 8 0 0 0 1 5 0 6]
 [7 4 0 0 3 0 0 0 0]
 [0 0 0 0 2 0 0 3 0]
 [0 9 0 0 0 0 0 0 0]]
Solution:
[[1 5 2 4 6 8 0 7 9]
 [9 8 6 7 0 2 0 5 3]
 [7 0 3 5 9 1 4 8 6]
 [8 0 1 6 5 4 7 3 2]
 [4 2 7 9 3 0 6 1 0]
 [3 9 0 2 1 7 5 4 8]
 [0 7 4 8 2 6 1 9 5]
 [2 1 5 0 4 9 3 6 7]
 [6 0 9 1 7 3 8 2 4]]
Number of cells unfilled: 11
Accuracy: 86.41975308641975
Sample: 5444
Question:
[[0 8 0 0 7 0 0 0 0]
 [1 0 0 0 0 3 0 0 0]
 [0 0 5 4 0 0 0 0 6]
 [0 0 6 9 0 0 5 0 0]
 [0 0 0 0 1 0 0 0 9]
 [0 7 0 0 0 0 0 4 0]
 [0 0 0 0 3 0 2 0 5]
 [0 0 2 5 0 0 0 9 0]
 [8 0 0 0 0 0 6 0 0]]
Solution:
[[1 5 2 4 6 8 9 7 0]
 [9 0 6 7 0 2 0 8 3]
 [7 8 3 0 9 1 4 5 6]
 [8 2 1 6 5 4 7 3 9]
 [5 4 7 9 3 0 6 1 2]
 [3 9 0 2 1 7 5 4 8]
 [0 3 4 8 2 6 1 9 5]
 [2 1 5 0 4 9 3 6 7]
 [6 0 9 1 7 3 8 2 4]]
Number of cells unfilled: 10
Accuracy: 87.65432098765432
Sample: 5445
Question:
[[0 0 1 2 0 0 0 9 0]
 [0 0 0 0 7 0 0 0 0]
 [0 0 0 0 9 1 6 0 3]
 [0 0 2 3 0 0 9 0 0]
 [0 4 0 0 6 0 0 0 2]
 [7 0 3 0 0 0 0 8 0]
 [0 8 0 0 5 0 0 1 0]
 [4 0 0 0 0 0 8 0 0]
 [0 0 6 8 0 0 0 0 9]]
Solution:
[[1 5 2 4 8 0 9 7 0]
 [9 0 6 7 0 2 0 8 3]
 [7 8 3 0 9 1 4 5 6]
 [8 0 1 6 5 4 7 3 2]
 [5 4 7 9 3 8 6 1 0]
 [3 9 0 2 1 7 5 4 8]
 [0 7 4 8 2 6 1 9 0]
 [2 1 5 0 4 9 3 6 7]
 [6 0 9 1 7 3 8 2 5]]
Number of cells unfilled: 13
Accuracy: 83.9506172839506
Sample: 5446
Question:
[[0 0 7 0 0 4 0 2 1]
 [3 0 0 0 8 0 9 0 0]
 [0 0 0 0 0 0 0 0 5]
 [4 0 0 8 9 0 5 0 0]
 [0 6 0 2 0 0 0 0 3]
 [0 0 0 0 0 6 0 0 0]
 [1 0 0 0 0 9 0 0 8]
 [0 3 0 0 1 0 0 0 4]
 [0 0 5 3 0 0 1 0 0]]
Solution:
[[1 5 2 4 6 8 9 7 0]
 [9 4 6 7 0 2 0 5 3]
 [7 0 3 5 9 1 4 8 6]
 [8 2 1 6 0 4 7 3 9]
 [4 0 7 9 3 5 6 1 2]
 [3 9 0 2 1 7 5 4 8]
 [0 7 4 8 2 6 1 9 5]
 [2 1 5 0 4 9 3 6 7]
 [6 0 9 1 7 3 8 2 4]]
Number of cells unfilled: 10
Accuracy: 87.65432098765432
Sample: 5447
Question:
[[0 0 0 0 4 0 0 0 7]
 [0 9 0 0 0 3 0 8 0]
 [0 0 2 1 0 0 3 0 0]
 [0 0 6 3 0 0 0 4 0]
 [0 8 0 0 0 9 7 0 0]
 [1 0 0 0 5 0 0 0 0]
 [0 3 0 2 0 0 0 7 0]
 [5 0 0 0 0 0 0 0 2]
 [0 0 8 0 0 6 9 0 0]]
Solution:
[[1 5 2 4 6 8 9 7 0]
 [9 4 6 7 0 2 0 8 3]
 [7 8 3 0 9 1 4 5 6]
 [8 2 1 6 0 4 7 3 9]
 [4 0 7 9 3 5 6 1 2]
 [3 9 0 2 1 7 5 4 8]
 [0 7 4 8 5 6 1 9 0]
 [2 1 5 0 4 9 3 6 7]
 [6 0 9 1 7 3 8 2 5]]
Number of cells unfilled: 11
Accuracy: 86.41975308641975
Sample: 5448
Question:
[[0 0 0 0 0 4 9 0 0]
 [5 0 9 0 0 0 0 2 0]
 [0 3 1 0 0 0 0 0 6]
 [0 0 0 0 0 0 4 8 9]
 [0 0 0 8 0 0 0 0 0]
 [2 0 5 0 1 0 0 0 0]
 [7 0 0 6 2 0 0 0 0]
 [0 1 0 0 4 0 0 0 0]
 [0 5 0 9 0 7 0 0 8]]
Solution:
[[1 5 2 4 6 8 9 7 0]
 [9 4 6 7 0 2 0 8 3]
 [7 8 3 5 9 1 4 2 6]
 [8 0 1 6 0 4 7 3 9]
 [4 2 7 9 3 5 6 1 8]
 [3 9 0 2 1 7 5 4 0]
 [0 7 4 8 5 6 1 9 0]
 [2 1 5 0 4 9 3 6 7]
 [6 0 9 1 7 3 8 5 2]]
Number of cells unfilled: 11
Accuracy: 86.41975308641975
Sample: 5449
Question:
[[0 0 0 0 0 0 9 0 0]
 [9 0 0 4 5 0 8 3 2]
 [0 3 7 0 0 0 0 0 5]
 [0 0 6 0 0 0 7 8 0]
 [0 0 0 0 6 0 0 0 0]
 [3 2 5 0 0 1 0 0 0]
 [0 0 0 0 0 0 2 0 0]
 [0 0 0 5 0 2 0 9 0]
 [0 4 0 8 0 0 6 0 0]]
Solution:
[[1 5 2 4 6 8 9 7 0]
 [9 4 6 7 0 2 0 8 3]
 [7 8 3 5 9 1 4 2 6]
 [8 2 1 6 5 4 7 3 9]
 [4 0 7 9 3 0 6 1 0]
 [3 9 0 2 1 7 5 4 8]
 [0 7 4 8 0 6 1 9 2]
 [2 1 5 0 4 9 3 6 7]
 [6 0 9 1 7 3 8 5 4]]
Number of cells unfilled: 11
Accuracy: 86.41975308641975
Sample: 5450
Question:
[[0 0 9 0 0 0 0 0 0]
 [4 1 0 0 9 0 3 0 0]
 [3 5 0 0 0 4 0 0 0]
 [2 0 0 8 0 0 0 0 0]
 [0 0 5 0 0 3 4 0 0]
 [0 0 0 0 5 0 0 2 7]
 [0 0 0 7 6 0 0 0 3]
 [0 0 3 0 0 5 1 0 0]
 [0 6 0 0 0 0 0 8 0]]
Solution:
[[1 5 2 4 6 8 9 7 0]
 [9 4 6 7 5 2 0 8 3]
 [7 8 3 0 9 1 4 5 6]
 [8 0 1 6 0 4 7 3 2]
 [4 2 7 9 3 5 6 1 8]
 [3 9 0 2 1 7 5 4 0]
 [0 3 4 8 2 6 1 9 0]
 [2 1 5 0 4 9 3 6 7]
 [6 0 9 1 7 3 8 2 5]]
Number of cells unfilled: 11
Accuracy: 86.41975308641975
Sample: 5451
Question:
[[2 0 0 0 9 0 5 0 0]
 [0 0 1 8 0 0 0 0 9]
 [0 0 0 0 2 7 0 1 0]
 [0 0 0 0 0 0 7 6 0]
 [0 0 9 4 0 0 0 0 1]
 [0 6 0 0 5 0 0 0 0]
 [8 4 0 9 0 0 0 3 0]
 [0 0 3 0 0 0 0 0 0]
 [9 1 0 0 0 0 0 0 8]]
Solution:
[[1 5 2 4 6 8 9 7 0]
 [9 4 6 7 0 2 0 8 3]
 [7 8 3 5 9 1 4 2 6]
 [8 0 1 6 0 4 7 3 2]
 [4 2 7 9 3 5 6 1 8]
 [3 9 0 2 1 7 5 4 0]
 [0 7 4 8 5 6 1 9 0]
 [2 1 5 0 4 9 3 6 7]
 [6 0 9 1 7 3 8 5 4]]
Number of cells unfilled: 11
Accuracy: 86.41975308641975
Sample: 5452
Question:
[[0 0 0 5 0 0 1 0 0]
 [0 0 7 0 1 0 0 0 2]
 [1 9 0 0 0 4 0 3 0]
 [0 0 3 0 4 0 2 0 0]
 [0 0 0 0 0 5 0 1 4]
 [0 0 0 8 0 0 0 7 0]
 [9 0 0 0 0 0 0 0 0]
 [0 0 4 3 6 0 0 2 0]
 [0 3 0 0 0 8 6 0 0]]
Solution:
[[1 5 2 4 6 8 9 7 0]
 [9 4 6 5 0 2 0 8 3]
 [7 8 3 0 9 1 4 5 6]
 [8 0 1 6 0 4 7 3 9]
 [4 2 7 9 3 5 6 1 8]
 [3 9 0 2 1 7 5 4 0]
 [0 7 4 8 5 6 1 9 0]
 [2 1 5 0 4 9 3 6 7]
 [6 0 9 1 7 3 8 2 5]]
Number of cells unfilled: 12
Accuracy: 85.18518518518519
Sample: 5453
Question:
[[2 1 0 0 0 8 7 0 0]
 [0 4 0 0 7 0 0 0 0]
 [0 0 7 1 0 0 0 3 0]
 [0 0 0 0 0 5 0 0 3]
 [0 0 8 0 2 0 4 0 0]
 [4 0 0 0 0 1 0 0 5]
 [0 6 0 0 0 4 0 9 0]
 [0 0 4 0 1 0 3 0 0]
 [9 0 0 6 0 0 8 0 0]]
Solution:
[[1 5 2 4 6 8 9 7 0]
 [9 4 6 7 0 2 0 8 3]
 [7 8 3 5 9 1 4 2 6]
 [8 0 1 6 0 4 7 3 9]
 [4 2 7 9 3 5 6 1 0]
 [3 9 0 2 1 7 5 4 8]
 [0 7 4 8 5 6 1 9 0]
 [2 1 5 0 4 9 3 6 7]
 [6 0 9 1 7 3 8 5 2]]
Number of cells unfilled: 11
Accuracy: 86.41975308641975
Sample: 5454
Question:
[[9 0 0 0 0 0 0 2 0]
 [4 6 0 0 0 7 0 0 0]
 [0 0 0 9 6 0 0 0 0]
 [6 0 0 3 0 0 5 0 0]
 [8 0 0 5 9 0 6 0 0]
 [0 3 5 0 1 0 0 0 0]
 [0 5 0 4 0 0 0 7 0]
 [0 4 7 0 2 0 0 6 0]
 [0 0 8 0 0 0 0 0 1]]
Solution:
[[1 5 2 4 6 8 9 7 0]
 [9 4 6 5 0 2 0 8 3]
 [7 8 3 0 9 1 4 5 6]
 [8 2 1 6 0 4 7 3 9]
 [4 0 7 9 3 5 6 1 2]
 [3 9 0 2 1 7 5 4 8]
 [0 7 4 8 2 6 1 9 5]
 [2 1 5 0 4 9 3 6 7]
 [6 0 9 1 7 3 8 2 4]]
Number of cells unfilled: 10
Accuracy: 87.65432098765432
Sample: 5455
Question:
[[0 0 3 1 7 0 8 0 0]
 [0 7 0 2 8 0 0 0 3]
 [0 0 0 0 0 3 0 0 0]
 [0 5 0 0 1 0 0 0 0]
 [0 0 1 0 0 8 7 0 5]
 [0 0 0 5 0 0 0 6 0]
 [0 0 7 0 0 2 0 0 8]
 [4 0 0 0 9 0 0 0 0]
 [0 3 2 0 0 1 0 0 7]]
Solution:
[[1 5 2 4 6 8 9 7 0]
 [9 4 6 7 5 2 0 8 3]
 [7 8 3 0 9 1 4 5 6]
 [8 0 1 6 0 4 7 3 9]
 [4 2 7 9 3 5 6 1 8]
 [3 9 0 2 1 7 5 4 0]
 [0 3 4 8 2 6 1 9 5]
 [2 1 5 0 4 9 3 6 7]
 [6 0 9 1 7 3 8 2 4]]
Number of cells unfilled: 10
Accuracy: 87.65432098765432
Sample: 5456
Question:
[[0 2 0 0 0 0 6 3 0]
 [7 0 0 2 6 0 8 0 0]
 [0 0 6 0 0 0 0 0 4]
 [2 0 0 0 0 9 0 0 0]
 [3 5 0 0 0 0 0 0 8]
 [0 0 7 3 5 0 2 0 0]
 [0 0 0 0 0 1 0 0 0]
 [6 0 0 0 7 0 0 8 0]
 [0 7 0 6 3 0 5 0 0]]
Solution:
[[1 5 2 4 6 8 9 7 0]
 [9 4 6 7 0 2 0 8 3]
 [7 8 3 0 9 5 4 2 6]
 [8 0 1 6 5 4 7 3 2]
 [5 2 7 9 3 0 6 1 0]
 [3 9 0 2 1 7 5 4 8]
 [0 7 4 8 2 6 1 9 0]
 [2 1 5 0 4 9 3 6 7]
 [6 0 9 1 7 3 8 5 4]]
Number of cells unfilled: 12
Accuracy: 85.18518518518519
Sample: 5457
Question:
[[3 0 2 0 0 9 0 5 0]
 [0 6 0 0 2 0 0 0 0]
 [0 0 0 5 0 0 2 0 0]
 [0 0 3 0 0 5 7 4 0]
 [0 0 9 0 0 4 0 3 0]
 [0 0 0 1 0 0 0 0 8]
 [0 3 0 0 0 7 0 0 0]
 [9 0 0 0 5 0 0 7 0]
 [0 0 7 9 4 0 3 0 0]]
Solution:
[[1 5 2 4 6 8 9 7 0]
 [9 8 6 7 0 2 0 0 3]
 [7 0 3 5 9 1 4 8 6]
 [8 0 1 6 0 4 7 3 9]
 [4 2 7 9 3 5 6 1 0]
 [3 9 0 2 1 7 5 4 8]
 [0 3 4 8 2 6 1 9 0]
 [2 1 5 0 4 9 3 6 7]
 [6 0 9 1 7 3 8 5 2]]
Number of cells unfilled: 13
Accuracy: 83.9506172839506
Sample: 5458
Question:
[[0 0 0 8 0 0 0 0 0]
 [7 0 0 2 3 0 1 9 4]
 [0 0 0 0 9 0 0 0 0]
 [0 0 5 0 0 0 3 0 0]
 [3 0 0 9 0 4 2 0 0]
 [2 0 0 0 0 0 0 6 7]
 [9 0 0 0 0 2 6 0 0]
 [0 0 0 0 4 0 0 7 3]
 [4 0 3 0 0 0 0 0 5]]
Solution:
[[1 5 2 4 6 8 9 7 0]
 [9 8 6 7 0 2 0 0 3]
 [7 0 3 5 9 1 4 2 6]
 [8 2 1 6 5 4 7 3 9]
 [4 0 7 9 3 0 6 1 2]
 [3 9 0 2 1 7 5 4 8]
 [0 3 4 8 2 6 1 9 0]
 [2 1 5 0 4 9 3 6 7]
 [6 0 9 1 7 3 8 5 4]]
Number of cells unfilled: 12
Accuracy: 85.18518518518519
Sample: 5459
Question:
[[0 0 1 0 0 2 0 0 4]
 [0 5 0 0 0 0 0 0 0]
 [4 0 0 6 9 0 0 1 0]
 [0 6 0 0 5 0 0 3 0]
 [0 0 3 0 7 0 1 0 0]
 [1 0 0 3 0 0 0 0 8]
 [0 2 0 0 0 0 0 9 0]
 [0 0 0 0 0 7 0 8 6]
 [8 0 0 9 0 0 3 0 0]]
Solution:
[[1 5 2 4 6 8 9 7 0]
 [9 4 6 7 5 2 0 8 3]
 [7 8 3 0 9 1 4 5 6]
 [8 0 1 6 0 4 7 3 9]
 [4 2 7 9 3 5 6 1 8]
 [3 9 0 2 1 7 5 4 0]
 [0 7 4 8 2 6 1 9 5]
 [2 1 5 0 4 9 3 6 7]
 [6 0 9 1 7 3 8 2 4]]
Number of cells unfilled: 10
Accuracy: 87.65432098765432
Sample: 5460
Question:
[[0 0 0 0 0 0 0 4 0]
 [0 2 0 0 4 0 0 0 0]
 [4 0 0 0 0 1 6 0 0]
 [0 1 0 0 0 0 8 0 0]
 [0 0 8 0 0 6 0 0 9]
 [9 0 0 0 0 0 0 3 6]
 [8 0 0 0 0 3 0 6 0]
 [1 0 0 5 0 9 3 0 0]
 [0 9 0 0 0 0 0 7 5]]
Solution:
[[1 5 2 4 6 8 9 7 0]
 [9 8 6 7 0 2 0 0 3]
 [7 0 3 0 9 5 4 2 6]
 [8 2 1 6 5 4 7 3 9]
 [4 0 7 9 3 0 6 1 2]
 [3 9 0 2 1 7 5 4 8]
 [0 7 4 8 2 6 1 9 0]
 [2 1 5 0 4 9 3 6 7]
 [6 0 9 1 7 3 8 5 4]]
Number of cells unfilled: 13
Accuracy: 83.9506172839506
Sample: 5461
Question:
[[0 0 0 2 0 6 0 0 0]
 [0 5 0 0 4 0 0 0 1]
 [2 4 0 0 5 0 0 0 9]
 [0 0 0 0 1 0 9 0 0]
 [0 0 0 3 0 5 0 0 4]
 [0 3 0 4 0 0 0 1 0]
 [0 9 0 0 3 0 0 0 8]
 [0 0 8 0 0 0 7 0 0]
 [0 0 0 0 0 8 1 0 0]]
Solution:
[[1 5 2 4 6 8 9 7 0]
 [9 4 6 7 0 2 0 8 3]
 [7 8 3 0 9 5 4 2 6]
 [8 0 1 6 5 4 7 3 2]
 [5 2 7 9 3 0 6 1 0]
 [3 9 0 2 1 7 5 4 8]
 [0 3 4 8 2 6 1 9 0]
 [2 1 5 0 4 9 3 6 7]
 [6 0 9 1 7 3 8 5 4]]
Number of cells unfilled: 12
Accuracy: 85.18518518518519
Sample: 5462
Question:
[[0 0 0 4 0 0 0 0 0]
 [0 2 0 0 0 0 0 4 0]
 [0 0 4 0 9 0 0 0 7]
 [0 0 8 6 0 9 0 0 0]
 [0 7 0 0 1 0 0 0 0]
 [1 0 0 0 0 8 0 0 9]
 [0 8 0 3 0 5 0 0 0]
 [0 0 1 0 8 0 0 0 6]
 [0 0 7 0 6 0 5 0 8]]
Solution:
[[1 5 2 4 8 0 0 7 9]
 [9 8 6 7 0 2 0 5 3]
 [7 0 3 5 9 1 4 8 6]
 [8 0 1 6 5 4 7 3 2]
 [5 4 7 9 3 8 6 1 0]
 [3 9 0 2 1 7 5 4 8]
 [0 3 4 8 2 6 1 9 5]
 [2 1 5 0 4 9 3 6 7]
 [6 0 9 1 7 3 8 2 4]]
Number of cells unfilled: 11
Accuracy: 86.41975308641975
Sample: 5463
Question:
[[0 0 1 0 0 0 0 0 0]
 [4 0 0 0 0 0 0 7 0]
 [0 6 0 4 1 0 9 0 0]
 [0 0 0 8 0 0 0 0 6]
 [0 0 3 6 2 0 4 0 0]
 [0 0 0 0 0 0 0 9 0]
 [1 0 0 2 6 0 3 0 0]
 [0 2 0 0 0 5 0 0 9]
 [0 3 6 0 0 8 0 0 0]]
Solution:
[[1 5 2 4 6 8 9 7 0]
 [9 8 6 7 0 2 0 0 3]
 [7 0 3 5 9 1 4 2 6]
 [8 0 1 6 0 4 7 3 2]
 [4 2 7 9 3 5 6 1 8]
 [3 9 0 2 1 7 5 4 0]
 [0 7 4 8 5 6 1 9 0]
 [2 1 5 0 4 9 3 6 7]
 [6 0 9 1 7 3 8 5 4]]
Number of cells unfilled: 13
Accuracy: 83.9506172839506
Sample: 5464
Question:
[[0 5 2 6 0 0 0 1 0]
 [4 0 0 0 1 2 0 0 0]
 [9 0 0 0 5 0 0 0 3]
 [0 0 5 0 0 1 0 7 0]
 [0 0 0 2 0 0 3 0 0]
 [0 4 0 0 0 0 0 0 0]
 [0 0 0 0 0 6 0 0 0]
 [0 7 6 0 2 0 0 3 0]
 [2 0 0 7 0 0 8 0 0]]
Solution:
[[1 5 2 4 6 8 9 7 0]
 [9 4 6 5 0 2 0 8 3]
 [7 8 3 0 9 1 4 5 6]
 [8 0 1 6 0 4 7 3 9]
 [4 2 7 9 3 5 6 1 8]
 [3 9 0 2 1 7 5 4 0]
 [0 3 4 8 2 6 1 9 0]
 [2 1 5 0 4 9 3 6 7]
 [6 0 9 1 7 3 8 2 5]]
Number of cells unfilled: 12
Accuracy: 85.18518518518519
Sample: 5465
Question:
[[0 2 3 0 0 7 0 0 1]
 [4 0 0 0 2 0 0 6 0]
 [0 0 5 0 0 0 2 0 0]
 [0 8 0 0 0 9 0 4 0]
 [3 0 0 0 4 0 0 0 6]
 [0 0 0 7 0 0 3 0 0]
 [0 0 0 8 0 0 0 1 0]
 [1 0 0 0 9 0 6 0 0]
 [0 5 0 0 7 1 0 0 9]]
Solution:
[[1 5 2 4 6 8 9 7 0]
 [9 4 6 7 5 2 0 8 3]
 [7 8 3 0 9 1 4 5 6]
 [8 2 1 6 0 4 7 3 9]
 [4 0 7 9 3 5 6 1 2]
 [3 9 0 2 1 7 5 4 8]
 [0 3 4 8 2 6 1 9 5]
 [2 1 5 0 4 9 3 6 7]
 [6 0 9 1 7 3 8 2 4]]
Number of cells unfilled: 9
Accuracy: 88.88888888888889
Sample: 5466
Question:
[[9 0 0 0 0 0 0 0 1]
 [0 7 8 0 5 0 0 0 0]
 [0 0 0 0 6 0 2 0 0]
 [0 0 0 0 0 0 0 2 0]
 [0 0 4 0 8 0 0 0 0]
 [0 0 0 0 0 0 5 7 0]
 [0 6 0 0 0 0 0 0 0]
 [0 5 0 9 0 2 0 0 0]
 [0 0 0 0 0 0 0 0 4]]
Solution:
[[1 5 2 4 6 8 9 7 0]
 [9 0 6 7 0 2 0 8 3]
 [7 8 3 5 9 1 4 2 6]
 [8 2 1 6 5 4 7 3 9]
 [5 4 7 9 3 0 6 1 2]
 [3 9 0 2 1 7 5 4 8]
 [0 3 4 8 2 6 1 9 0]
 [2 1 5 0 4 9 3 6 7]
 [6 0 9 1 7 3 8 5 4]]
Number of cells unfilled: 10
Accuracy: 87.65432098765432
Sample: 5467
Question:
[[0 8 0 0 0 3 0 0 5]
 [0 0 7 0 6 0 0 0 1]
 [4 0 0 0 0 0 2 0 0]
 [0 0 9 0 0 5 0 1 0]
 [0 0 4 9 0 8 5 0 0]
 [0 5 0 0 3 0 0 0 9]
 [2 0 0 0 5 0 0 7 0]
 [0 6 0 3 0 0 0 0 8]
 [0 0 0 0 0 0 1 0 0]]
Solution:
[[1 5 2 4 6 8 9 7 0]
 [9 0 6 5 0 2 0 8 3]
 [7 8 3 0 9 1 4 5 6]
 [8 0 1 6 5 4 7 3 2]
 [5 4 7 9 3 0 6 1 0]
 [3 9 0 2 1 7 5 4 8]
 [0 3 4 8 2 6 1 9 5]
 [2 1 5 0 4 9 3 6 7]
 [6 0 9 1 7 3 8 2 4]]
Number of cells unfilled: 12
Accuracy: 85.18518518518519
Sample: 5468
Question:
[[0 0 0 0 0 5 0 0 1]
 [0 0 1 0 0 0 0 4 0]
 [0 0 0 1 0 0 8 0 0]
 [0 0 6 0 0 7 1 8 4]
 [0 4 0 0 3 8 0 0 7]
 [0 0 0 0 1 0 6 2 0]
 [0 9 0 0 0 0 0 6 0]
 [0 0 5 7 9 0 0 0 0]
 [4 3 0 0 0 0 0 0 9]]
Solution:
[[1 5 2 4 6 8 9 7 0]
 [9 4 6 7 0 2 0 8 3]
 [7 8 3 5 9 1 4 2 6]
 [8 0 1 6 0 4 7 3 2]
 [4 2 7 9 3 5 6 1 8]
 [3 9 0 2 1 7 5 4 0]
 [0 3 4 8 5 6 1 9 0]
 [2 1 5 0 4 9 3 6 7]
 [6 0 9 1 7 3 8 5 4]]
Number of cells unfilled: 11
Accuracy: 86.41975308641975
Sample: 5469
Question:
[[0 0 1 0 0 2 0 7 0]
 [0 0 0 5 0 0 0 0 0]
 [4 0 0 0 0 0 0 0 8]
 [1 0 0 0 0 9 0 0 3]
 [0 0 0 1 2 0 0 9 0]
 [0 0 9 0 7 0 0 0 0]
 [0 8 7 2 0 1 0 3 4]
 [0 0 3 0 0 7 0 1 0]
 [6 0 0 0 3 0 0 0 7]]
Solution:
[[1 5 2 4 6 8 9 7 0]
 [9 4 6 7 0 2 0 8 3]
 [7 8 3 5 9 1 4 2 6]
 [8 2 1 6 0 4 7 3 9]
 [4 0 7 9 3 5 6 1 0]
 [3 9 0 2 1 7 5 4 8]
 [0 7 4 8 2 6 1 9 0]
 [2 1 5 0 4 9 3 6 7]
 [6 0 9 1 7 3 8 5 2]]
Number of cells unfilled: 11
Accuracy: 86.41975308641975
Sample: 5470
Question:
[[0 1 0 0 0 9 0 0 2]
 [7 0 0 1 0 0 3 8 0]
 [0 0 0 0 0 0 4 0 0]
 [0 7 0 6 0 0 1 0 0]
 [3 0 6 0 0 0 0 0 8]
 [0 0 1 0 5 3 6 0 0]
 [0 0 7 3 0 0 8 1 0]
 [0 0 0 0 0 0 0 0 0]
 [0 8 0 0 0 4 9 0 3]]
Solution:
[[1 5 2 4 6 8 9 7 0]
 [9 0 6 7 0 2 0 8 3]
 [7 8 3 5 9 1 4 2 6]
 [8 2 1 6 5 4 7 3 9]
 [5 4 7 9 3 0 6 1 0]
 [3 9 0 2 1 7 5 4 8]
 [0 7 4 8 2 6 1 9 0]
 [2 1 5 0 4 9 3 6 7]
 [6 0 9 1 7 3 8 5 2]]
Number of cells unfilled: 11
Accuracy: 86.41975308641975
Sample: 5471
Question:
[[0 0 3 6 0 0 2 0 0]
 [0 0 0 0 0 4 0 7 0]
 [0 0 0 0 0 0 0 0 5]
 [0 3 0 0 0 0 9 0 0]
 [0 0 9 0 0 1 0 6 0]
 [6 2 0 9 0 0 0 0 1]
 [0 0 6 2 0 0 1 0 0]
 [0 0 0 0 8 0 0 4 0]
 [8 7 0 0 0 5 0 0 0]]
Solution:
[[1 5 2 4 6 8 9 7 0]
 [9 4 6 7 0 2 0 8 3]
 [7 8 3 0 9 5 4 2 6]
 [8 0 1 6 5 4 7 3 2]
 [4 2 7 9 3 0 6 1 0]
 [3 9 0 2 1 7 5 4 8]
 [0 3 4 8 2 6 1 9 0]
 [2 1 5 0 4 9 3 6 7]
 [6 0 9 1 7 3 8 5 4]]
Number of cells unfilled: 12
Accuracy: 85.18518518518519
Sample: 5472
Question:
[[8 0 0 0 0 9 0 5 0]
 [0 0 0 3 8 0 4 0 0]
 [0 6 7 0 0 5 0 0 2]
 [0 0 2 0 6 0 0 0 0]
 [0 3 0 0 0 0 0 0 0]
 [7 0 0 0 0 8 0 9 0]
 [1 0 0 0 0 0 0 0 0]
 [0 0 0 8 9 0 0 1 0]
 [0 0 0 0 0 1 7 0 5]]
Solution:
[[1 5 2 4 6 8 9 7 0]
 [9 4 6 7 5 2 0 8 3]
 [7 8 3 0 9 1 4 5 6]
 [8 2 1 6 0 4 7 3 9]
 [4 0 7 9 3 5 6 1 2]
 [3 9 0 2 1 7 5 4 8]
 [0 7 4 8 2 6 1 9 5]
 [2 1 5 0 4 9 3 6 7]
 [6 0 9 1 7 3 8 2 4]]
Number of cells unfilled: 9
Accuracy: 88.88888888888889
Sample: 5473
Question:
[[0 0 0 0 0 0 0 0 0]
 [0 0 0 0 0 2 0 4 0]
 [0 0 0 0 6 0 0 7 2]
 [2 0 3 0 0 9 8 0 0]
 [0 8 0 6 0 3 0 0 0]
 [9 6 0 2 0 0 0 0 1]
 [6 1 0 3 0 8 2 9 0]
 [0 3 0 1 0 0 0 0 6]
 [8 0 9 0 0 0 0 0 0]]
Solution:
[[1 5 2 4 6 8 9 7 0]
 [9 4 6 7 0 2 0 8 3]
 [7 8 3 5 9 1 4 2 6]
 [8 0 1 6 0 4 7 3 9]
 [4 2 7 9 3 5 6 1 0]
 [3 9 0 2 1 7 5 4 8]
 [0 3 4 8 5 6 1 9 0]
 [2 1 5 0 4 9 3 6 7]
 [6 0 9 1 7 3 8 5 2]]
Number of cells unfilled: 11
Accuracy: 86.41975308641975
Sample: 5474
Question:
[[0 0 0 0 0 0 0 8 4]
 [0 0 9 0 0 6 3 0 0]
 [8 2 0 0 4 3 6 0 0]
 [0 0 0 0 3 9 4 0 0]
 [0 0 6 0 0 2 9 0 8]
 [0 4 0 0 8 0 0 3 2]
 [5 0 0 0 0 0 0 0 0]
 [0 0 0 0 0 0 0 9 0]
 [1 9 0 0 2 0 0 0 0]]
Solution:
[[1 5 2 4 6 8 9 7 0]
 [9 4 6 7 0 2 0 8 3]
 [7 8 3 0 9 1 4 5 6]
 [8 0 1 6 5 4 7 3 2]
 [4 2 7 9 3 0 6 1 0]
 [3 9 0 2 1 7 5 4 8]
 [0 3 4 8 2 6 1 9 0]
 [2 1 5 0 4 9 3 6 7]
 [6 0 9 1 7 3 8 2 5]]
Number of cells unfilled: 12
Accuracy: 85.18518518518519
Sample: 5475
Question:
[[0 0 0 0 0 0 4 5 0]
 [0 0 2 9 0 0 0 0 0]
 [6 5 0 3 4 0 0 0 9]
 [0 8 0 0 6 0 0 0 0]
 [0 0 0 0 0 0 0 2 0]
 [0 1 0 0 0 0 3 0 0]
 [4 2 0 0 5 0 6 3 0]
 [0 0 9 0 0 4 5 0 0]
 [0 6 0 2 3 0 0 0 4]]
Solution:
[[1 5 2 4 6 8 9 7 0]
 [9 4 6 7 0 2 0 8 3]
 [7 8 3 5 9 1 4 2 6]
 [8 0 1 6 0 4 7 3 2]
 [4 2 7 9 3 5 6 1 0]
 [3 9 0 2 1 7 5 4 8]
 [0 3 4 8 5 6 1 9 0]
 [2 1 5 0 4 9 3 6 7]
 [6 0 9 1 7 3 8 5 4]]
Number of cells unfilled: 11
Accuracy: 86.41975308641975
Sample: 5476
Question:
[[0 0 0 0 0 0 5 0 0]
 [6 7 0 0 9 0 0 8 0]
 [5 0 1 6 8 0 0 9 7]
 [2 0 0 1 0 0 0 0 0]
 [0 0 0 0 0 0 0 1 0]
 [4 0 0 0 0 7 0 0 0]
 [0 9 0 0 1 0 0 7 5]
 [0 0 0 8 7 0 0 6 0]
 [0 0 6 5 0 0 8 0 0]]
Solution:
[[1 5 2 4 6 8 9 7 0]
 [9 8 6 7 0 2 0 0 3]
 [7 0 3 5 9 1 4 8 6]
 [8 0 1 6 0 4 7 3 9]
 [4 2 7 9 3 5 6 1 8]
 [3 9 0 2 1 7 5 4 0]
 [0 7 4 8 5 6 1 9 2]
 [2 1 5 0 4 9 3 6 7]
 [6 0 9 1 7 3 8 5 4]]
Number of cells unfilled: 12
Accuracy: 85.18518518518519
Sample: 5477
Question:
[[0 0 0 0 0 8 3 0 0]
 [7 0 9 0 0 5 1 8 0]
 [0 0 0 4 0 0 0 5 0]
 [0 0 3 0 6 1 8 0 0]
 [5 0 0 0 0 0 0 0 3]
 [0 0 0 0 0 0 6 4 0]
 [0 0 0 1 0 3 0 0 0]
 [0 0 0 0 8 0 4 6 0]
 [0 5 0 0 0 6 0 0 1]]
Solution:
[[1 5 2 4 6 8 9 7 0]
 [9 4 6 5 0 2 0 8 3]
 [7 8 3 0 9 1 4 5 6]
 [8 2 1 6 5 4 7 3 9]
 [4 0 7 9 3 0 6 1 2]
 [3 9 0 2 1 7 5 4 8]
 [0 7 4 8 2 6 1 9 5]
 [2 1 5 0 4 9 3 6 7]
 [6 0 9 1 7 3 8 2 4]]
Number of cells unfilled: 10
Accuracy: 87.65432098765432
Sample: 5478
Question:
[[0 0 0 0 1 9 7 0 0]
 [0 7 0 0 0 4 0 2 9]
 [3 0 0 0 0 0 1 4 0]
 [0 0 0 0 0 0 0 0 0]
 [0 0 5 1 0 0 0 0 0]
 [0 1 8 0 0 2 0 0 0]
 [1 0 7 0 3 0 9 0 0]
 [0 2 4 0 9 7 3 1 0]
 [0 0 0 2 0 0 0 0 4]]
Solution:
[[1 5 2 4 6 8 9 7 0]
 [9 4 6 7 0 2 0 8 3]
 [7 8 3 5 9 1 4 2 6]
 [8 2 1 6 5 4 7 3 9]
 [4 0 7 9 3 0 6 1 0]
 [3 9 0 2 1 7 5 4 8]
 [0 3 4 8 0 6 1 9 2]
 [2 1 5 0 4 9 3 6 7]
 [6 0 9 1 7 3 8 5 4]]
Number of cells unfilled: 11
Accuracy: 86.41975308641975
Sample: 5479
Question:
[[0 0 0 0 2 0 0 8 7]
 [0 0 0 0 0 0 0 0 0]
 [0 0 0 8 0 0 0 0 1]
 [0 9 8 0 0 2 4 0 0]
 [0 0 5 0 6 8 0 0 0]
 [6 2 0 0 9 0 0 5 0]
 [0 0 6 0 0 4 8 0 5]
 [0 8 4 0 5 6 0 2 9]
 [9 0 0 0 0 0 0 0 0]]
Solution:
[[1 5 2 4 8 0 9 7 0]
 [9 8 6 7 0 2 0 5 3]
 [7 0 3 5 9 1 4 8 6]
 [8 2 1 6 5 4 7 3 9]
 [4 0 7 9 3 8 6 1 2]
 [3 9 0 2 1 7 5 4 8]
 [0 7 4 8 2 6 1 9 5]
 [2 1 5 0 4 9 3 6 7]
 [6 0 9 1 7 3 8 2 4]]
Number of cells unfilled: 10
Accuracy: 87.65432098765432
Sample: 5480
Question:
[[0 0 0 0 5 7 0 6 0]
 [6 0 0 0 0 4 1 0 7]
 [0 0 8 0 0 0 0 0 0]
 [0 0 0 0 7 5 0 8 4]
 [0 0 0 0 0 8 6 1 0]
 [0 0 0 1 0 0 7 0 0]
 [0 0 0 0 0 6 4 0 0]
 [9 0 3 0 4 1 8 0 0]
 [0 0 6 0 8 0 0 5 0]]
Solution:
[[1 5 2 4 6 8 9 7 0]
 [9 4 6 7 0 2 0 8 3]
 [7 8 3 0 9 1 4 5 6]
 [8 0 1 6 0 4 7 3 2]
 [4 2 7 9 3 5 6 1 8]
 [3 9 0 2 1 7 5 4 0]
 [0 3 4 8 5 6 1 9 0]
 [2 1 5 0 4 9 3 6 7]
 [6 0 9 1 7 3 8 2 5]]
Number of cells unfilled: 12
Accuracy: 85.18518518518519
Sample: 5481
Question:
[[0 0 0 0 8 0 6 0 0]
 [6 0 1 0 7 0 0 8 2]
 [0 4 0 0 0 2 1 0 7]
 [0 0 0 0 0 0 0 0 0]
 [1 0 5 0 2 0 0 0 0]
 [0 0 9 1 0 0 0 0 0]
 [0 1 0 0 0 4 8 0 0]
 [2 0 7 0 6 8 4 0 1]
 [0 0 0 0 0 0 0 7 6]]
Solution:
[[1 5 2 4 6 8 9 7 0]
 [9 4 6 7 0 2 0 8 3]
 [7 8 3 5 9 1 4 2 6]
 [8 2 1 6 0 4 7 3 9]
 [4 0 7 9 3 5 6 1 0]
 [3 9 0 2 1 7 5 4 8]
 [0 3 4 8 2 6 1 9 0]
 [2 1 5 0 4 9 3 6 7]
 [6 0 9 1 7 3 8 5 2]]
Number of cells unfilled: 11
Accuracy: 86.41975308641975
Sample: 5482
Question:
[[0 0 0 0 9 0 0 0 0]
 [0 5 4 1 0 0 0 0 0]
 [0 0 0 4 0 2 0 6 0]
 [9 0 0 0 2 6 4 0 0]
 [2 0 0 0 0 4 0 0 1]
 [0 0 5 9 1 0 0 0 0]
 [0 1 0 0 5 0 0 0 0]
 [0 9 2 6 0 0 8 3 0]
 [0 0 6 0 0 9 0 0 0]]
Solution:
[[1 5 2 4 6 8 9 7 0]
 [9 4 6 5 0 2 0 8 3]
 [7 8 3 0 9 1 4 2 6]
 [8 2 1 6 5 4 7 3 9]
 [4 0 7 9 3 0 6 1 0]
 [3 9 0 2 1 7 5 4 8]
 [0 7 4 8 0 6 1 9 2]
 [2 1 5 0 4 9 3 6 7]
 [6 0 9 1 7 3 8 5 4]]
Number of cells unfilled: 12
Accuracy: 85.18518518518519
Sample: 5483
Question:
[[0 0 0 0 9 0 2 0 1]
 [2 9 0 1 0 7 0 8 6]
 [0 0 6 0 0 8 0 7 0]
 [0 0 8 0 0 0 0 6 2]
 [0 0 0 7 0 0 0 1 0]
 [6 1 0 2 0 0 7 0 9]
 [5 0 0 0 6 0 0 0 0]
 [0 0 0 0 0 0 0 9 0]
 [3 0 0 9 0 0 0 0 0]]
Solution:
[[1 5 2 4 6 8 9 7 0]
 [9 4 6 7 0 2 0 5 3]
 [7 0 3 5 9 1 4 8 6]
 [8 0 1 6 0 4 7 3 9]
 [4 2 7 9 3 5 6 1 8]
 [3 9 0 2 1 7 5 4 0]
 [0 7 4 8 2 6 1 9 5]
 [2 1 5 0 4 9 3 6 7]
 [6 0 9 1 7 3 8 2 4]]
Number of cells unfilled: 11
Accuracy: 86.41975308641975
Sample: 5484
Question:
[[0 0 0 0 9 0 7 0 0]
 [0 0 0 6 0 0 0 2 0]
 [5 3 0 0 0 0 0 1 0]
 [0 0 7 4 0 0 0 0 1]
 [0 0 0 2 1 0 0 0 6]
 [0 0 0 0 7 6 4 9 0]
 [7 0 0 0 0 0 0 0 2]
 [0 0 0 0 0 7 9 4 0]
 [0 2 0 1 0 4 0 6 0]]
Solution:
[[1 5 2 4 6 8 9 7 0]
 [9 4 6 7 0 2 0 8 3]
 [7 8 3 5 9 1 4 2 6]
 [8 0 1 6 0 4 7 3 9]
 [4 2 7 9 3 5 6 1 8]
 [3 9 0 2 1 7 5 4 0]
 [0 3 4 8 5 6 1 9 2]
 [2 1 5 0 4 9 3 6 7]
 [6 0 9 1 7 3 8 5 4]]
Number of cells unfilled: 10
Accuracy: 87.65432098765432
Sample: 5485
Question:
[[0 0 0 0 9 0 8 1 0]
 [0 0 9 6 0 8 3 0 0]
 [5 0 0 3 1 0 0 6 0]
 [0 2 0 0 0 0 6 0 0]
 [0 0 0 0 0 1 0 0 0]
 [0 4 0 0 0 0 0 0 1]
 [1 9 0 0 8 0 0 5 0]
 [0 3 6 0 5 0 9 8 0]
 [0 0 0 0 0 3 0 0 0]]
Solution:
[[1 5 2 4 6 8 9 7 0]
 [9 4 6 7 0 2 0 5 3]
 [7 0 3 5 9 1 4 8 6]
 [8 2 1 6 0 4 7 3 9]
 [4 0 7 9 3 5 6 1 2]
 [3 9 0 2 1 7 5 4 8]
 [0 7 4 8 2 6 1 9 5]
 [2 1 5 0 4 9 3 6 7]
 [6 0 9 1 7 3 8 2 4]]
Number of cells unfilled: 10
Accuracy: 87.65432098765432
Sample: 5486
Question:
[[0 0 0 1 0 6 0 0 0]
 [1 4 0 3 0 0 0 0 5]
 [0 0 0 0 5 0 0 8 0]
 [0 3 0 5 0 0 0 0 0]
 [0 0 6 0 0 8 0 0 0]
 [0 8 0 4 0 0 0 9 7]
 [3 0 0 6 0 1 0 0 0]
 [0 1 0 0 4 0 8 0 0]
 [0 5 4 0 3 0 0 0 0]]
Solution:
[[1 5 2 4 6 8 0 7 9]
 [9 8 6 7 0 2 0 5 3]
 [7 0 3 5 9 1 4 8 6]
 [8 0 1 6 0 4 7 3 2]
 [4 2 7 9 3 5 6 1 0]
 [3 9 0 2 1 7 5 4 8]
 [0 7 4 8 2 6 1 9 5]
 [2 1 5 0 4 9 3 6 7]
 [6 0 9 1 7 3 8 2 4]]
Number of cells unfilled: 11
Accuracy: 86.41975308641975
Sample: 5487
Question:
[[0 0 0 2 0 0 0 0 0]
 [8 0 0 0 0 0 2 0 5]
 [0 0 2 0 0 0 0 0 1]
 [9 3 0 0 2 7 8 0 6]
 [0 7 0 0 0 3 0 0 9]
 [2 0 8 6 0 0 0 0 0]
 [0 0 0 0 6 0 0 7 0]
 [6 0 0 3 8 0 9 0 2]
 [3 0 0 0 0 9 0 0 0]]
Solution:
[[1 5 2 4 6 8 9 7 0]
 [9 4 6 7 0 2 0 5 3]
 [7 8 3 5 9 1 4 0 6]
 [8 0 1 6 0 4 7 3 2]
 [4 2 7 9 3 5 6 1 8]
 [3 9 0 2 1 7 5 4 0]
 [0 7 4 8 5 6 1 9 0]
 [2 1 5 0 4 9 3 6 7]
 [6 0 9 1 7 3 8 2 5]]
Number of cells unfilled: 12
Accuracy: 85.18518518518519
Sample: 5488
Question:
[[0 0 0 2 0 3 4 0 7]
 [0 0 4 6 0 0 0 5 2]
 [0 0 0 0 0 0 0 0 0]
 [1 0 9 5 0 6 0 0 0]
 [0 0 0 0 0 7 3 0 0]
 [0 0 0 4 0 0 0 6 0]
 [2 0 0 0 0 0 5 4 0]
 [0 7 0 0 5 0 0 2 0]
 [0 0 0 3 0 0 7 0 6]]
Solution:
[[1 5 2 4 6 8 9 7 0]
 [9 8 6 7 0 2 0 0 3]
 [7 0 3 5 9 1 4 2 6]
 [8 0 1 6 0 4 7 3 9]
 [4 2 7 9 3 5 6 1 8]
 [3 9 0 2 1 7 5 4 0]
 [0 3 4 8 2 6 1 9 0]
 [2 1 5 0 4 9 3 6 7]
 [6 0 9 1 7 3 8 5 2]]
Number of cells unfilled: 13
Accuracy: 83.9506172839506
Sample: 5489
Question:
[[0 0 0 3 6 0 0 0 9]
 [0 0 0 0 4 0 0 3 0]
 [0 0 0 0 0 0 0 0 0]
 [2 0 8 0 0 0 0 0 0]
 [3 1 0 9 8 0 5 0 2]
 [0 5 0 0 0 3 1 0 0]
 [8 3 0 0 0 1 9 0 0]
 [0 2 0 0 0 0 3 0 5]
 [9 0 5 2 0 0 0 0 8]]
Solution:
[[1 5 2 4 6 8 9 7 0]
 [9 8 6 7 0 2 0 5 3]
 [7 0 3 5 9 1 4 8 6]
 [8 2 1 6 5 4 7 3 9]
 [4 0 7 9 3 0 6 1 2]
 [3 9 0 2 1 7 5 4 8]
 [0 7 4 8 2 6 1 9 5]
 [2 1 5 0 4 9 3 6 7]
 [6 0 9 1 7 3 8 2 4]]
Number of cells unfilled: 10
Accuracy: 87.65432098765432
Sample: 5490
Question:
[[0 0 0 5 0 0 4 0 0]
 [2 3 0 0 0 4 8 0 9]
 [0 0 0 0 0 8 0 0 6]
 [6 0 0 0 7 9 0 0 0]
 [0 0 0 6 0 0 5 0 7]
 [0 4 0 8 0 0 0 0 0]
 [0 0 4 0 0 7 0 9 0]
 [0 0 0 9 0 6 0 8 0]
 [0 0 0 0 8 0 7 0 5]]
Solution:
[[1 5 2 4 8 0 9 7 0]
 [9 4 6 7 0 2 0 8 3]
 [7 8 3 0 9 5 4 2 6]
 [8 2 1 6 5 4 7 3 9]
 [4 0 7 9 3 8 6 1 0]
 [3 9 0 2 1 7 5 4 8]
 [0 3 4 8 2 6 1 9 0]
 [2 1 5 0 4 9 3 6 7]
 [6 0 9 1 7 3 8 5 2]]
Number of cells unfilled: 12
Accuracy: 85.18518518518519
Sample: 5491
Question:
[[0 0 0 6 0 0 0 4 0]
 [0 0 0 0 2 0 6 8 0]
 [0 0 0 0 0 0 0 0 0]
 [7 0 0 0 9 0 0 0 0]
 [6 0 3 0 0 2 0 0 5]
 [0 9 2 0 3 0 7 6 0]
 [5 0 6 0 7 9 2 3 0]
 [9 0 0 0 0 5 0 7 6]
 [0 3 0 0 0 0 0 0 0]]
Solution:
[[1 5 2 4 6 8 9 7 0]
 [9 4 6 5 0 2 0 8 3]
 [7 8 3 0 9 1 4 5 6]
 [8 2 1 6 0 4 7 3 9]
 [4 0 7 9 3 5 6 1 2]
 [3 9 0 2 1 7 5 4 8]
 [0 3 4 8 5 6 1 9 0]
 [2 1 5 0 4 9 3 6 7]
 [6 0 9 1 7 3 8 2 5]]
Number of cells unfilled: 11
Accuracy: 86.41975308641975
Sample: 5492
Question:
[[0 0 0 6 0 0 4 1 0]
 [0 1 0 0 7 0 0 0 5]
 [0 0 5 0 4 0 0 7 2]
 [2 0 0 4 0 0 5 0 7]
 [0 0 0 5 0 6 1 0 0]
 [0 0 0 0 0 0 0 4 0]
 [0 0 0 0 0 1 0 6 0]
 [0 0 0 2 0 0 0 0 4]
 [9 0 3 7 0 0 2 0 0]]
Solution:
[[1 5 2 4 6 8 9 7 0]
 [9 4 6 7 5 2 0 8 3]
 [7 8 3 0 9 1 4 5 6]
 [8 0 1 6 0 4 7 3 2]
 [4 2 7 9 3 5 6 1 0]
 [3 9 0 2 1 7 5 4 8]
 [0 7 4 8 2 6 1 9 5]
 [2 1 5 0 4 9 3 6 7]
 [6 0 9 1 7 3 8 2 4]]
Number of cells unfilled: 10
Accuracy: 87.65432098765432
Sample: 5493
Question:
[[0 0 0 7 0 0 0 0 6]
 [0 0 6 0 0 4 3 0 0]
 [0 5 1 0 0 0 8 0 4]
 [0 0 3 0 2 8 4 0 0]
 [0 0 0 3 6 0 2 0 7]
 [0 0 0 0 0 0 0 0 0]
 [6 0 0 0 0 2 0 8 0]
 [0 0 0 8 0 3 0 0 0]
 [0 0 0 6 4 0 7 0 2]]
Solution:
[[1 5 2 4 6 8 9 7 0]
 [9 4 6 7 0 2 0 8 3]
 [7 8 3 5 9 1 4 2 6]
 [8 0 1 6 0 4 7 3 9]
 [4 2 7 9 3 5 6 1 8]
 [3 9 0 2 1 7 5 4 0]
 [0 7 4 8 5 6 1 9 0]
 [2 1 5 0 4 9 3 6 7]
 [6 0 9 1 7 3 8 5 2]]
Number of cells unfilled: 11
Accuracy: 86.41975308641975
Sample: 5494
Question:
[[0 0 0 7 0 0 9 0 0]
 [0 0 0 0 8 0 0 0 7]
 [4 0 0 0 2 9 0 5 8]
 [0 0 0 0 9 2 0 8 4]
 [0 0 0 0 5 0 7 9 0]
 [0 8 0 0 0 0 0 0 0]
 [0 4 0 0 0 8 0 0 2]
 [0 3 6 0 7 5 0 0 0]
 [0 0 0 0 4 0 5 0 0]]
Solution:
[[1 5 2 4 6 8 9 7 0]
 [9 4 6 7 0 2 0 0 3]
 [7 0 3 5 9 1 4 8 6]
 [8 0 1 6 0 4 7 3 9]
 [4 2 7 9 3 5 6 1 8]
 [3 9 0 2 1 7 5 4 0]
 [0 7 4 8 5 6 1 9 0]
 [2 1 5 0 4 9 3 6 7]
 [6 0 9 1 7 3 8 5 2]]
Number of cells unfilled: 13
Accuracy: 83.9506172839506
Sample: 5495
Question:
[[0 0 0 8 0 0 0 7 0]
 [5 0 2 6 0 7 0 0 0]
 [0 0 0 0 9 2 0 0 6]
 [0 8 7 9 0 0 0 0 0]
 [0 9 0 0 2 0 0 0 0]
 [2 0 5 7 0 8 6 0 0]
 [8 0 9 0 0 0 0 3 4]
 [7 0 0 5 0 0 0 0 0]
 [0 0 6 0 8 0 0 0 0]]
Solution:
[[1 5 2 4 6 8 9 7 0]
 [9 4 6 5 0 2 0 8 3]
 [7 8 3 0 9 1 4 5 6]
 [8 2 1 6 0 4 7 3 9]
 [4 0 7 9 3 5 6 1 2]
 [3 9 0 2 1 7 5 4 8]
 [0 7 4 8 2 6 1 9 5]
 [2 1 5 0 4 9 3 6 7]
 [6 0 9 1 7 3 8 2 4]]
Number of cells unfilled: 10
Accuracy: 87.65432098765432
Sample: 5496
Question:
[[0 0 0 8 0 1 0 4 2]
 [4 0 0 0 0 5 0 0 6]
 [0 0 3 0 0 0 0 5 0]
 [0 0 0 0 0 0 6 0 0]
 [2 7 0 0 0 6 0 0 4]
 [0 5 0 0 0 0 0 3 7]
 [7 0 0 0 5 0 2 0 0]
 [0 4 5 0 0 0 0 7 3]
 [6 0 2 0 0 0 0 0 0]]
Solution:
[[1 5 2 4 6 8 9 7 0]
 [9 4 6 7 0 2 0 8 3]
 [7 8 3 5 9 1 4 2 6]
 [8 0 1 6 0 4 7 3 9]
 [4 2 7 9 3 5 6 1 0]
 [3 9 0 2 1 7 5 4 8]
 [0 7 4 8 5 6 1 9 2]
 [2 1 5 0 4 9 3 6 7]
 [6 0 9 1 7 3 8 5 4]]
Number of cells unfilled: 10
Accuracy: 87.65432098765432
Sample: 5497
Question:
[[0 0 0 8 9 0 5 0 0]
 [9 5 0 0 0 7 0 3 0]
 [8 0 2 0 0 3 0 7 0]
 [4 0 0 0 0 0 0 0 5]
 [0 0 0 0 2 0 0 0 0]
 [1 0 0 0 0 0 2 0 0]
 [0 0 0 0 0 8 0 2 3]
 [0 8 0 5 3 0 0 0 9]
 [0 0 7 9 0 2 8 0 0]]
Solution:
[[1 5 2 4 8 0 9 7 0]
 [9 8 6 7 0 2 0 0 3]
 [7 0 3 5 9 1 4 2 6]
 [8 2 1 6 5 4 7 3 9]
 [5 4 7 9 3 8 6 1 0]
 [3 9 0 2 1 7 5 4 8]
 [0 7 4 8 2 6 1 9 0]
 [2 1 5 0 4 9 3 6 7]
 [6 0 9 1 7 3 8 5 2]]
Number of cells unfilled: 12
Accuracy: 85.18518518518519
Sample: 5498
Question:
[[0 0 0 8 9 0 5 0 7]
 [0 0 0 6 0 0 0 0 0]
 [0 8 0 0 5 4 0 0 0]
 [0 0 9 0 0 5 0 4 0]
 [0 0 0 4 0 8 0 6 0]
 [0 0 0 9 6 0 7 0 5]
 [0 0 0 7 0 0 0 0 9]
 [0 9 0 0 0 6 8 0 0]
 [3 2 0 0 0 0 4 0 6]]
Solution:
[[1 5 2 4 6 8 9 7 0]
 [9 8 6 7 0 2 0 5 3]
 [7 0 3 5 9 1 4 8 6]
 [8 0 1 6 0 4 7 3 9]
 [4 2 7 9 3 5 6 1 8]
 [3 9 0 2 1 7 5 4 0]
 [0 7 4 8 5 6 1 9 0]
 [2 1 5 0 4 9 3 6 7]
 [6 0 9 1 7 3 8 2 5]]
Number of cells unfilled: 12
Accuracy: 85.18518518518519
Sample: 5499
Question:
[[0 0 1 0 4 0 0 0 2]
 [0 7 0 1 0 8 0 0 0]
 [4 0 6 0 7 2 0 0 0]
 [0 0 7 0 0 6 2 0 0]
 [0 0 2 0 0 4 3 9 0]
 [8 0 0 0 0 0 0 0 0]
 [0 1 4 0 2 7 6 0 0]
 [0 0 0 8 0 1 0 0 0]
 [0 0 0 0 6 0 0 2 0]]
Solution:
[[1 5 2 4 6 8 9 7 0]
 [9 4 6 7 0 2 0 5 3]
 [7 8 3 5 9 1 4 0 6]
 [8 2 1 6 0 4 7 3 9]
 [4 0 7 9 3 5 6 1 2]
 [3 9 0 2 1 7 5 4 8]
 [0 3 4 8 2 6 1 9 5]
 [2 1 5 0 4 9 3 6 7]
 [6 0 9 1 7 3 8 2 4]]
Number of cells unfilled: 10
Accuracy: 87.65432098765432
Sample: 5500
Question:
[[0 0 2 0 0 0 0 7 0]
 [0 0 0 0 0 0 0 0 0]
 [7 0 3 0 0 0 0 0 6]
 [8 0 0 6 0 4 0 0 0]
 [0 0 0 9 0 0 6 1 0]
 [0 9 0 0 1 7 0 4 0]
 [0 0 4 8 0 6 1 9 0]
 [0 0 0 0 4 0 0 0 7]
 [6 0 9 1 7 0 8 0 0]]
Solution:
[[1 5 2 4 6 8 9 7 0]
 [9 0 6 5 0 2 0 8 3]
 [7 8 3 0 9 1 4 5 6]
 [8 2 1 6 5 4 7 3 9]
 [5 4 7 9 3 0 6 1 2]
 [3 9 0 2 1 7 5 4 8]
 [0 3 4 8 2 6 1 9 0]
 [2 1 5 0 4 9 3 6 7]
 [6 0 9 1 7 3 8 2 5]]
Number of cells unfilled: 11
Accuracy: 86.41975308641975
