2025-10-22 15:24:50.865337: I tensorflow/core/util/port.cc:153] oneDNN custom operations are on. You may see slightly different numerical results due to floating-point round-off errors from different computation orders. To turn them off, set the environment variable `TF_ENABLE_ONEDNN_OPTS=0`.
2025-10-22 15:24:51.286528: I tensorflow/core/platform/cpu_feature_guard.cc:210] This TensorFlow binary is optimized to use available CPU instructions in performance-critical operations.
To enable the following instructions: AVX2 AVX512F AVX512_VNNI FMA, in other operations, rebuild TensorFlow with the appropriate compiler flags.
2025-10-22 15:24:55.620427: I tensorflow/core/util/port.cc:153] oneDNN custom operations are on. You may see slightly different numerical results due to floating-point round-off errors from different computation orders. To turn them off, set the environment variable `TF_ENABLE_ONEDNN_OPTS=0`.
2025-10-22 15:24:59.365647: E external/local_xla/xla/stream_executor/cuda/cuda_platform.cc:51] failed call to cuInit: INTERNAL: CUDA error: Failed call to cuInit: UNKNOWN ERROR (303)
Sample: 54701
Question:
[[0 0 8 0 0 0 0 4 0]
 [0 0 6 1 9 0 5 0 0]
 [0 2 0 0 8 0 6 0 0]
 [0 8 3 0 0 0 0 0 6]
 [0 4 0 0 0 0 0 3 0]
 [2 0 5 0 0 0 0 0 4]
 [3 0 4 0 0 8 0 0 0]
 [0 6 0 5 0 0 0 0 8]
 [0 5 0 6 0 0 3 2 0]]
Solution:
[[3 7 4 2 1 0 5 6 8]
 [2 0 8 5 9 7 4 1 3]
 [9 1 6 4 3 8 2 0 7]
 [5 6 1 3 2 0 8 7 9]
 [8 3 7 0 0 4 6 5 2]
 [0 2 9 7 6 0 3 4 1]
 [4 8 3 9 7 5 1 2 0]
 [7 5 0 1 4 2 9 8 6]
 [1 9 2 8 0 6 7 3 5]]
Number of cells unfilled: 11
Accuracy: 86.41975308641975
Sample: 54702
Question:
[[0 0 8 0 0 1 0 0 0]
 [3 0 5 6 0 0 0 0 0]
 [1 7 0 0 8 0 0 0 0]
 [0 0 0 5 6 0 0 9 4]
 [0 0 6 0 7 0 0 1 0]
 [0 3 0 0 0 0 0 0 0]
 [0 1 0 7 0 0 0 0 5]
 [8 0 7 0 1 0 0 0 0]
 [6 5 0 8 3 0 0 0 0]]
Solution:
[[3 7 4 2 1 0 5 6 8]
 [2 0 8 5 9 7 4 1 3]
 [9 1 6 4 3 8 2 0 7]
 [5 6 1 3 2 0 8 7 9]
 [8 3 7 0 0 4 6 5 2]
 [0 2 9 7 6 0 3 4 1]
 [4 8 3 9 7 5 1 2 0]
 [7 5 0 1 4 3 9 8 6]
 [1 9 2 8 0 6 7 3 5]]
Number of cells unfilled: 11
Accuracy: 86.41975308641975
Sample: 54703
Question:
[[0 0 8 0 2 7 0 0 0]
 [0 0 0 0 0 0 0 0 0]
 [0 0 0 0 0 4 0 8 0]
 [0 9 0 2 0 8 0 0 5]
 [0 3 0 0 0 0 0 9 0]
 [8 0 5 0 3 0 2 0 1]
 [5 0 0 0 9 0 3 0 0]
 [9 0 3 1 0 0 0 2 8]
 [0 1 2 0 0 0 5 0 0]]
Solution:
[[3 7 4 2 1 0 5 6 8]
 [2 0 8 5 9 7 4 1 3]
 [9 1 6 4 3 8 2 0 7]
 [5 6 1 3 2 0 8 7 9]
 [8 3 7 0 0 4 6 5 2]
 [0 2 9 7 6 0 3 4 1]
 [4 8 3 9 7 5 1 2 0]
 [7 5 0 1 4 3 9 8 6]
 [1 9 2 8 0 6 7 3 5]]
Number of cells unfilled: 11
Accuracy: 86.41975308641975
Sample: 54704
Question:
[[0 0 8 0 6 0 4 0 0]
 [0 0 4 0 0 0 0 0 2]
 [1 0 5 0 0 3 0 0 0]
 [0 0 0 0 8 0 6 7 0]
 [3 0 0 4 0 0 0 0 8]
 [0 0 0 0 2 7 0 0 3]
 [0 0 0 6 0 0 0 2 0]
 [0 0 3 0 7 0 0 8 6]
 [0 0 0 8 3 0 7 0 4]]
Solution:
[[3 7 4 2 1 0 5 6 8]
 [2 0 8 5 9 7 4 1 3]
 [9 1 6 4 3 8 2 0 7]
 [5 6 1 3 2 0 8 7 9]
 [8 3 7 0 0 4 6 5 2]
 [0 2 9 7 6 0 3 4 1]
 [4 8 3 9 7 5 1 2 0]
 [7 5 0 1 4 2 9 8 6]
 [1 9 2 8 0 6 7 3 5]]
Number of cells unfilled: 11
Accuracy: 86.41975308641975
Sample: 54705
Question:
[[0 0 8 0 7 3 5 0 4]
 [0 7 0 0 6 0 8 3 0]
 [0 0 0 0 0 5 0 6 0]
 [1 0 0 0 4 0 0 0 0]
 [2 0 6 0 0 0 0 0 0]
 [0 0 0 0 0 8 0 0 0]
 [0 0 0 0 8 4 0 0 3]
 [4 6 0 5 0 0 0 0 8]
 [0 0 3 7 0 6 0 5 0]]
Solution:
[[3 7 4 2 1 0 5 6 8]
 [2 0 8 5 9 7 4 1 3]
 [9 1 6 4 3 8 2 0 7]
 [5 6 1 3 2 0 8 7 9]
 [8 3 7 0 0 4 6 5 2]
 [0 2 9 7 6 0 3 4 1]
 [4 8 3 9 7 5 1 2 0]
 [7 5 0 1 4 2 9 8 6]
 [1 9 2 8 0 6 7 3 4]]
Number of cells unfilled: 11
Accuracy: 86.41975308641975
Sample: 54706
Question:
[[0 0 8 0 9 0 0 4 0]
 [0 2 1 8 3 0 0 0 9]
 [0 0 0 6 0 0 0 0 8]
 [0 0 0 0 0 9 0 0 7]
 [0 0 0 0 8 6 4 0 3]
 [0 0 0 7 0 0 0 6 0]
 [0 0 0 4 7 0 8 3 0]
 [0 3 0 0 0 0 0 9 0]
 [0 0 4 0 0 0 7 0 6]]
Solution:
[[3 7 4 2 1 0 5 6 8]
 [2 0 8 6 9 7 4 1 3]
 [9 1 6 4 5 8 2 0 7]
 [5 6 1 3 0 9 8 7 2]
 [8 3 7 0 2 4 6 5 9]
 [0 2 9 7 6 0 3 4 1]
 [4 8 3 9 7 5 1 2 0]
 [7 5 0 1 4 3 9 8 6]
 [1 9 2 8 0 6 7 3 4]]
Number of cells unfilled: 10
Accuracy: 87.65432098765432
Sample: 54707
Question:
[[0 0 8 1 0 0 0 0 0]
 [0 0 0 0 0 0 0 0 0]
 [0 0 0 4 6 9 0 0 0]
 [5 0 0 6 0 0 7 8 0]
 [0 0 6 0 0 3 9 0 5]
 [7 9 0 0 0 0 0 3 0]
 [0 7 5 8 0 0 0 0 0]
 [8 0 0 0 0 0 6 0 0]
 [6 3 0 9 5 0 0 0 7]]
Solution:
[[3 7 4 2 1 0 5 6 8]
 [2 0 8 6 9 7 4 1 3]
 [9 1 6 4 3 8 2 0 7]
 [5 6 1 3 0 9 8 7 2]
 [8 3 7 0 2 4 6 5 9]
 [0 2 9 7 6 0 3 4 1]
 [4 8 3 9 7 5 1 2 0]
 [7 5 0 1 4 2 9 8 6]
 [1 9 2 8 0 6 7 3 4]]
Number of cells unfilled: 10
Accuracy: 87.65432098765432
Sample: 54708
Question:
[[0 0 8 4 0 5 0 0 0]
 [0 0 9 6 3 0 0 0 0]
 [6 0 0 0 8 9 0 0 0]
 [9 0 0 8 0 6 0 0 0]
 [5 6 0 0 4 0 0 0 0]
 [0 0 3 0 9 0 4 0 0]
 [0 0 0 0 5 0 0 0 3]
 [0 4 0 0 0 0 1 0 2]
 [8 0 0 3 0 0 0 0 9]]
Solution:
[[3 7 4 2 1 0 0 6 8]
 [2 0 8 5 9 7 4 1 3]
 [9 1 6 4 3 8 2 0 5]
 [5 6 1 3 0 2 8 7 9]
 [8 3 7 0 0 4 6 5 2]
 [0 2 9 7 6 0 3 4 1]
 [4 8 3 9 7 5 1 2 0]
 [7 5 0 1 4 3 9 8 6]
 [1 9 2 8 0 6 7 3 4]]
Number of cells unfilled: 12
Accuracy: 85.18518518518519
Sample: 54709
Question:
[[0 0 8 6 2 0 0 0 0]
 [0 6 0 0 0 9 0 0 0]
 [7 2 0 0 4 0 0 0 9]
 [8 0 0 0 6 7 0 0 0]
 [0 0 0 4 9 0 0 0 0]
 [0 0 6 8 0 2 0 0 0]
 [0 9 0 0 8 0 1 0 5]
 [0 0 0 0 0 4 7 0 0]
 [0 0 2 0 7 0 8 0 0]]
Solution:
[[3 7 4 2 1 0 5 6 8]
 [2 0 8 6 9 7 4 1 3]
 [9 1 6 4 3 8 2 0 7]
 [5 6 1 3 0 9 8 7 2]
 [8 3 7 5 2 4 6 9 0]
 [0 2 9 7 6 0 3 4 1]
 [4 8 3 9 7 5 1 2 0]
 [7 5 0 1 4 3 9 8 6]
 [1 9 2 8 0 6 7 3 5]]
Number of cells unfilled: 10
Accuracy: 87.65432098765432
Sample: 54710
Question:
[[0 0 8 9 0 5 1 0 2]
 [0 0 1 4 0 0 8 5 0]
 [0 0 0 0 0 0 0 4 9]
 [0 0 0 0 4 0 9 1 0]
 [0 0 0 0 0 1 5 0 4]
 [0 0 0 5 0 0 0 2 8]
 [0 0 0 0 9 0 0 0 0]
 [0 5 0 1 0 0 2 0 0]
 [0 6 7 8 0 0 0 0 0]]
Solution:
[[3 7 4 2 1 0 5 6 8]
 [2 0 8 6 9 7 4 1 3]
 [9 1 6 4 5 8 2 0 7]
 [5 6 1 3 0 9 8 7 2]
 [8 3 7 0 2 4 6 9 5]
 [0 2 9 7 6 0 3 4 1]
 [4 8 3 9 7 5 1 2 0]
 [7 5 0 1 4 2 9 8 6]
 [1 9 2 8 0 6 7 3 4]]
Number of cells unfilled: 10
Accuracy: 87.65432098765432
Sample: 54711
Question:
[[0 0 9 0 0 0 3 0 0]
 [0 0 0 0 0 0 1 7 8]
 [0 0 0 0 0 0 0 0 0]
 [0 0 7 8 6 0 0 0 0]
 [4 0 0 0 0 0 9 0 0]
 [0 8 0 0 0 4 0 0 6]
 [0 4 0 0 5 8 0 0 0]
 [9 0 8 7 0 6 0 5 0]
 [0 6 5 4 9 0 0 0 7]]
Solution:
[[3 7 4 2 1 0 0 6 8]
 [2 0 8 6 9 7 4 5 3]
 [9 1 6 4 5 8 2 0 7]
 [5 6 1 3 0 9 8 7 2]
 [8 3 7 5 2 4 6 9 0]
 [0 2 9 7 6 0 3 4 1]
 [4 8 3 9 7 5 1 2 0]
 [7 5 0 1 4 3 9 8 6]
 [1 9 2 8 0 6 7 3 5]]
Number of cells unfilled: 11
Accuracy: 86.41975308641975
Sample: 54712
Question:
[[0 0 9 0 0 0 4 5 0]
 [0 0 0 0 0 5 6 0 7]
 [0 7 0 4 6 0 0 0 0]
 [0 0 0 0 0 0 0 0 0]
 [0 4 6 0 2 0 0 0 0]
 [0 0 0 9 8 0 0 0 6]
 [5 0 1 0 4 0 7 0 0]
 [7 9 0 0 0 0 0 1 0]
 [0 6 4 1 0 0 9 0 5]]
Solution:
[[3 7 4 2 1 0 5 6 8]
 [2 0 8 6 9 7 4 1 3]
 [9 1 6 4 5 8 2 0 7]
 [5 6 1 3 0 9 8 7 2]
 [8 3 7 5 2 4 6 9 0]
 [0 2 9 7 6 0 3 4 1]
 [4 8 3 9 7 5 1 2 0]
 [7 5 0 1 4 3 9 8 6]
 [1 9 2 8 0 6 7 3 5]]
Number of cells unfilled: 10
Accuracy: 87.65432098765432
Sample: 54713
Question:
[[0 0 9 0 0 8 4 0 0]
 [0 0 0 0 0 9 0 2 7]
 [7 0 0 1 2 0 0 0 0]
 [0 8 0 0 9 1 0 0 0]
 [1 0 4 7 0 0 0 0 8]
 [9 2 0 0 4 0 0 7 0]
 [0 0 0 2 0 7 0 3 0]
 [0 0 2 0 0 4 0 6 1]
 [0 0 0 0 0 0 0 0 0]]
Solution:
[[3 7 4 2 1 0 5 6 8]
 [2 0 8 5 9 7 4 1 3]
 [9 1 6 4 3 8 2 0 7]
 [5 6 1 3 0 2 8 7 9]
 [8 3 7 0 0 4 6 5 2]
 [0 2 9 7 6 0 3 4 1]
 [4 8 3 9 7 5 1 2 0]
 [7 5 0 1 4 3 9 8 6]
 [1 9 2 8 0 6 7 3 5]]
Number of cells unfilled: 11
Accuracy: 86.41975308641975
Sample: 54714
Question:
[[0 0 9 5 0 8 0 6 0]
 [8 0 6 0 1 0 0 0 0]
 [0 4 0 0 0 0 1 0 0]
 [0 0 8 0 5 9 0 1 0]
 [0 0 1 8 4 0 0 0 0]
 [0 5 0 0 0 6 0 0 0]
 [0 0 5 4 0 0 0 0 0]
 [9 0 0 0 6 0 0 4 0]
 [1 0 0 9 0 0 2 7 0]]
Solution:
[[3 7 4 2 1 0 0 6 8]
 [2 0 8 6 9 7 4 1 3]
 [9 1 6 4 3 8 5 0 7]
 [5 6 1 3 2 0 8 7 9]
 [8 3 7 0 0 4 6 5 2]
 [0 2 9 7 6 0 3 4 1]
 [4 8 3 9 7 5 1 2 0]
 [7 5 0 1 4 2 9 8 6]
 [1 9 2 8 0 6 7 3 5]]
Number of cells unfilled: 12
Accuracy: 85.18518518518519
Sample: 54715
Question:
[[0 0 9 5 7 0 3 2 0]
 [5 3 0 0 0 0 0 7 0]
 [0 0 0 0 0 9 0 0 8]
 [4 8 0 0 5 0 2 0 0]
 [0 0 0 0 0 0 0 0 0]
 [6 0 0 0 0 0 0 0 5]
 [0 0 0 0 3 2 7 0 0]
 [0 2 0 8 9 0 0 5 3]
 [0 0 8 7 0 0 9 0 0]]
Solution:
[[3 7 4 2 1 0 5 6 8]
 [2 0 8 5 9 7 4 1 3]
 [9 1 6 4 3 8 2 0 7]
 [5 6 1 3 0 9 8 7 2]
 [8 3 7 0 2 4 6 5 9]
 [0 2 9 7 6 0 3 4 1]
 [4 8 3 9 7 5 1 2 0]
 [7 5 0 1 4 2 9 8 6]
 [1 9 2 8 0 6 7 3 4]]
Number of cells unfilled: 10
Accuracy: 87.65432098765432
Sample: 54716
Question:
[[0 0 9 7 0 1 0 0 0]
 [0 5 0 0 3 8 0 0 0]
 [1 0 0 5 9 0 0 0 0]
 [0 9 8 3 0 5 0 1 0]
 [5 7 0 1 0 0 0 3 0]
 [0 0 0 0 7 9 0 0 0]
 [0 3 0 0 0 0 0 4 2]
 [0 0 7 0 0 0 0 0 0]
 [0 1 0 8 0 0 0 0 5]]
Solution:
[[3 7 4 2 1 0 0 6 8]
 [2 0 8 6 9 7 4 1 3]
 [9 1 6 4 3 8 2 5 7]
 [5 6 1 3 0 9 8 7 2]
 [8 3 7 5 2 4 6 9 0]
 [0 2 9 7 6 0 3 4 1]
 [4 8 3 9 7 5 1 2 0]
 [7 5 0 1 4 3 9 8 6]
 [1 9 2 8 0 6 7 3 5]]
Number of cells unfilled: 10
Accuracy: 87.65432098765432
Sample: 54717
Question:
[[0 1 0 0 0 0 5 0 0]
 [9 0 0 2 1 0 0 0 0]
 [0 2 0 0 8 5 0 0 9]
 [0 0 0 0 0 0 0 0 0]
 [0 0 0 8 7 2 0 0 0]
 [0 0 1 0 6 0 0 0 0]
 [0 0 2 4 0 0 0 8 5]
 [0 5 4 0 0 0 1 9 0]
 [8 9 0 0 0 0 4 0 2]]
Solution:
[[3 7 4 2 1 0 5 6 8]
 [2 0 8 6 9 7 4 1 3]
 [9 1 6 4 3 8 2 0 7]
 [5 6 1 3 0 9 8 7 2]
 [8 3 7 0 2 4 6 5 9]
 [0 2 9 7 6 0 3 4 1]
 [4 8 3 9 7 5 1 2 0]
 [7 5 0 1 4 3 9 8 6]
 [1 9 2 8 0 6 7 3 5]]
Number of cells unfilled: 10
Accuracy: 87.65432098765432
Sample: 54718
Question:
[[0 1 0 0 0 5 0 7 0]
 [9 0 0 7 4 0 1 0 0]
 [0 5 0 0 9 0 0 4 2]
 [0 0 0 0 5 7 0 0 4]
 [0 0 0 1 2 0 0 0 0]
 [0 0 0 4 0 9 5 0 0]
 [0 0 9 0 0 2 0 5 0]
 [0 6 8 0 0 0 0 1 9]
 [0 0 0 0 0 0 0 0 7]]
Solution:
[[3 7 4 2 1 0 5 6 8]
 [2 0 8 6 9 7 4 1 3]
 [9 1 6 4 5 8 2 0 7]
 [5 6 1 3 0 2 8 7 9]
 [8 3 7 0 0 4 6 5 2]
 [0 2 9 7 6 0 3 4 1]
 [4 8 3 9 7 5 1 2 0]
 [7 5 0 1 4 3 9 8 6]
 [1 9 2 8 0 6 7 3 5]]
Number of cells unfilled: 11
Accuracy: 86.41975308641975
Sample: 54719
Question:
[[0 1 0 0 6 0 0 4 0]
 [9 0 0 0 0 0 7 0 6]
 [0 4 0 8 0 7 0 0 0]
 [0 0 0 0 0 0 0 0 0]
 [8 0 0 2 0 0 0 0 0]
 [0 0 1 5 0 9 0 0 0]
 [0 0 6 7 9 0 4 0 8]
 [7 8 0 0 0 1 9 6 0]
 [0 0 4 0 0 0 0 0 1]]
Solution:
[[3 7 4 2 1 0 5 6 8]
 [2 0 8 6 9 7 4 1 3]
 [9 1 6 4 3 8 2 0 7]
 [5 6 1 3 2 9 8 7 0]
 [8 3 7 5 0 4 6 9 2]
 [0 2 9 7 6 0 3 4 1]
 [4 8 3 9 7 5 1 2 0]
 [7 5 0 1 4 2 9 8 6]
 [1 9 2 8 0 6 7 3 4]]
Number of cells unfilled: 10
Accuracy: 87.65432098765432
Sample: 54720
Question:
[[0 1 0 0 8 0 5 0 0]
 [0 0 7 0 0 0 0 1 0]
 [5 0 8 0 0 9 0 0 0]
 [0 8 2 0 0 0 0 5 9]
 [9 0 1 2 0 0 8 7 0]
 [7 5 0 0 0 0 1 0 2]
 [0 0 0 0 0 0 0 0 0]
 [0 0 9 0 0 3 0 0 0]
 [0 0 0 7 1 6 0 0 0]]
Solution:
[[3 7 4 2 1 0 5 6 8]
 [2 0 8 6 9 7 4 1 3]
 [9 1 6 4 5 8 2 0 7]
 [5 6 1 3 0 2 8 7 9]
 [8 3 7 0 0 4 6 5 2]
 [0 2 9 7 6 0 3 4 1]
 [4 8 3 9 7 5 1 2 0]
 [7 5 0 1 4 3 9 8 6]
 [1 9 2 8 0 6 7 3 5]]
Number of cells unfilled: 11
Accuracy: 86.41975308641975
Sample: 54721
Question:
[[0 1 0 2 0 8 0 0 0]
 [3 0 0 0 0 0 0 0 6]
 [0 7 0 6 0 0 9 0 0]
 [0 0 0 0 0 0 0 5 3]
 [0 3 6 0 0 1 7 0 0]
 [9 5 0 0 0 7 1 6 0]
 [0 0 7 0 0 0 0 0 5]
 [0 6 0 0 0 0 0 9 1]
 [5 0 0 0 0 0 3 7 0]]
Solution:
[[3 7 4 2 1 0 5 6 8]
 [2 0 8 6 9 7 4 1 3]
 [9 1 6 4 5 8 2 0 7]
 [5 6 1 3 0 2 8 7 9]
 [8 3 7 0 0 4 6 5 2]
 [0 2 9 7 6 0 3 4 1]
 [4 8 3 9 7 5 1 2 0]
 [7 5 0 1 4 3 9 8 6]
 [1 9 2 8 0 6 7 3 4]]
Number of cells unfilled: 11
Accuracy: 86.41975308641975
Sample: 54722
Question:
[[0 1 0 5 6 0 0 0 9]
 [0 0 0 1 0 0 0 8 0]
 [2 0 0 4 0 0 0 0 1]
 [0 8 3 0 0 0 0 0 0]
 [9 0 4 0 0 0 0 2 3]
 [1 0 0 0 9 0 4 0 0]
 [0 9 2 0 0 0 8 0 0]
 [4 3 0 0 0 0 1 0 0]
 [8 0 0 0 0 0 0 3 0]]
Solution:
[[3 7 4 2 1 0 5 6 8]
 [2 0 8 5 9 7 4 1 3]
 [9 1 6 4 3 8 2 0 7]
 [5 6 1 3 2 0 8 7 9]
 [8 3 7 0 0 4 6 5 2]
 [0 2 9 7 6 0 3 4 1]
 [4 8 3 9 7 5 1 2 0]
 [7 5 0 1 4 3 9 8 6]
 [1 9 2 8 0 6 7 3 4]]
Number of cells unfilled: 11
Accuracy: 86.41975308641975
Sample: 54723
Question:
[[0 1 3 0 0 0 0 0 6]
 [0 0 0 1 0 6 0 7 0]
 [7 0 0 0 3 2 0 5 0]
 [0 0 0 2 1 4 0 0 0]
 [0 0 0 0 0 0 0 0 0]
 [0 0 0 0 0 8 6 0 0]
 [1 0 5 0 0 0 0 2 7]
 [3 2 0 5 0 0 1 0 0]
 [0 7 6 0 0 0 0 0 3]]
Solution:
[[3 7 4 2 1 0 0 6 8]
 [2 0 8 6 9 7 4 5 3]
 [9 1 6 4 5 8 2 0 7]
 [5 6 1 3 0 9 8 7 2]
 [8 3 7 5 2 4 6 9 0]
 [0 2 9 7 6 0 3 4 1]
 [4 8 3 9 7 5 1 2 0]
 [7 5 0 1 4 2 9 8 6]
 [1 9 2 8 0 6 7 3 5]]
Number of cells unfilled: 11
Accuracy: 86.41975308641975
Sample: 54724
Question:
[[0 1 3 0 5 0 7 0 0]
 [6 9 0 0 0 0 3 0 5]
 [7 0 0 9 0 0 0 6 1]
 [0 0 6 0 0 0 0 0 0]
 [3 0 0 0 7 5 0 0 9]
 [0 5 0 6 0 1 0 7 3]
 [0 0 0 0 0 0 0 0 0]
 [0 0 0 0 0 2 0 1 6]
 [0 0 0 5 0 4 0 0 0]]
Solution:
[[3 7 4 2 1 0 0 6 8]
 [2 0 8 6 9 7 4 1 3]
 [9 1 6 4 3 8 5 0 7]
 [5 6 1 3 2 0 8 7 9]
 [8 3 7 0 0 4 6 5 2]
 [0 2 9 7 6 0 3 4 1]
 [4 8 3 9 7 5 1 2 0]
 [7 5 0 1 4 2 9 8 6]
 [1 9 2 8 0 6 7 3 4]]
Number of cells unfilled: 12
Accuracy: 85.18518518518519
Sample: 54725
Question:
[[0 1 5 0 8 0 0 0 0]
 [0 0 9 2 0 0 0 0 0]
 [0 0 0 0 0 0 0 0 0]
 [0 0 0 1 2 0 7 0 0]
 [7 0 0 0 6 8 0 3 0]
 [0 6 2 0 0 3 0 0 0]
 [1 0 0 0 7 0 2 0 3]
 [0 0 0 0 3 0 8 6 0]
 [0 8 0 6 0 0 0 7 1]]
Solution:
[[3 7 4 2 1 0 5 6 8]
 [2 0 8 6 9 7 4 1 3]
 [9 1 6 4 3 8 2 0 7]
 [5 6 1 3 2 0 8 7 9]
 [8 3 7 0 0 4 6 5 2]
 [0 2 9 7 6 0 3 4 1]
 [4 8 3 9 7 5 1 2 0]
 [7 5 0 1 4 2 9 8 6]
 [1 9 2 8 0 6 7 3 5]]
Number of cells unfilled: 11
Accuracy: 86.41975308641975
Sample: 54726
Question:
[[0 1 7 0 0 0 6 0 0]
 [5 0 0 0 0 0 0 3 0]
 [9 3 0 6 0 0 7 0 0]
 [0 0 0 2 8 0 1 0 6]
 [0 5 0 1 0 0 0 0 9]
 [0 0 0 0 0 0 3 0 0]
 [7 0 3 0 0 0 0 0 0]
 [0 9 0 0 6 0 0 1 0]
 [1 6 0 0 9 0 5 0 7]]
Solution:
[[3 7 4 2 1 0 5 6 8]
 [2 0 8 6 9 7 4 1 3]
 [9 1 6 4 5 8 2 0 7]
 [5 6 1 3 0 9 8 7 2]
 [8 3 7 0 2 4 6 5 9]
 [0 2 9 7 6 0 3 4 1]
 [4 8 3 9 7 5 1 2 0]
 [7 5 0 1 4 2 9 8 6]
 [1 9 2 8 0 6 7 3 5]]
Number of cells unfilled: 10
Accuracy: 87.65432098765432
Sample: 54727
Question:
[[0 2 0 0 0 0 0 6 0]
 [0 0 0 1 8 0 5 3 0]
 [5 0 0 0 0 0 7 0 0]
 [4 0 0 0 0 0 0 0 0]
 [0 7 6 0 0 0 4 0 0]
 [3 0 2 0 0 0 0 5 7]
 [0 3 5 6 7 0 0 4 0]
 [0 0 4 0 0 0 6 0 0]
 [2 0 0 3 0 0 0 7 0]]
Solution:
[[3 7 4 2 1 0 5 6 8]
 [2 0 8 6 9 7 4 1 3]
 [9 1 6 4 3 8 2 0 7]
 [5 6 1 3 0 9 8 7 2]
 [8 3 7 0 2 4 6 9 5]
 [0 2 9 7 6 0 3 4 1]
 [4 8 3 9 7 5 1 2 0]
 [7 5 0 1 4 2 9 8 6]
 [1 9 2 8 0 6 7 3 4]]
Number of cells unfilled: 10
Accuracy: 87.65432098765432
Sample: 54728
Question:
[[0 2 0 0 0 0 0 7 5]
 [8 0 4 0 0 0 0 3 0]
 [0 0 0 0 0 0 0 0 0]
 [0 1 0 0 2 8 0 0 0]
 [0 6 0 1 4 0 5 0 0]
 [0 0 8 5 0 6 0 0 2]
 [0 4 5 0 6 0 0 0 0]
 [2 0 0 0 0 1 6 0 0]
 [1 0 0 0 0 0 0 4 8]]
Solution:
[[3 7 4 2 1 0 5 6 8]
 [2 0 8 6 9 7 4 1 3]
 [9 1 6 4 3 8 2 0 7]
 [5 6 1 3 0 9 8 7 2]
 [8 3 7 0 2 4 6 5 9]
 [0 2 9 7 6 0 3 4 1]
 [4 8 3 9 7 5 1 2 0]
 [7 5 0 1 4 3 9 8 6]
 [1 9 2 8 0 6 7 3 5]]
Number of cells unfilled: 10
Accuracy: 87.65432098765432
Sample: 54729
Question:
[[0 2 0 0 0 0 8 0 0]
 [0 0 0 0 0 0 0 0 0]
 [0 0 0 0 2 9 5 0 0]
 [0 1 0 0 9 2 0 6 0]
 [6 9 0 3 0 4 0 0 0]
 [2 0 3 1 0 0 0 0 4]
 [4 0 0 0 0 3 2 9 0]
 [1 0 9 0 0 0 0 0 0]
 [0 3 0 0 0 6 4 0 1]]
Solution:
[[3 7 4 2 1 0 5 6 8]
 [2 0 8 5 9 7 4 1 3]
 [9 1 6 4 3 8 2 0 7]
 [5 6 1 3 0 9 8 7 2]
 [8 3 7 0 2 4 6 5 9]
 [0 2 9 7 6 0 3 4 1]
 [4 8 3 9 7 5 1 2 0]
 [7 5 0 1 4 3 9 8 6]
 [1 9 2 8 0 6 7 3 4]]
Number of cells unfilled: 10
Accuracy: 87.65432098765432
Sample: 54730
Question:
[[0 2 0 0 0 8 7 0 0]
 [1 0 0 0 0 0 0 0 3]
 [0 0 0 6 1 0 2 0 8]
 [3 8 0 0 7 0 6 0 1]
 [0 0 7 0 0 0 3 2 0]
 [2 0 6 1 0 0 0 0 0]
 [0 0 0 0 0 0 0 0 0]
 [0 6 0 4 3 0 8 0 0]
 [0 0 0 5 0 0 1 0 6]]
Solution:
[[3 7 4 2 1 0 5 6 8]
 [2 0 8 6 9 7 4 1 3]
 [9 1 6 4 5 8 2 0 7]
 [5 6 1 3 0 2 8 7 9]
 [8 3 7 0 0 4 6 5 2]
 [0 2 9 7 6 0 3 4 1]
 [4 8 3 9 7 5 1 2 0]
 [7 5 0 1 4 3 9 8 6]
 [1 9 2 8 0 6 7 3 4]]
Number of cells unfilled: 11
Accuracy: 86.41975308641975
Sample: 54731
Question:
[[0 2 0 1 0 0 0 0 4]
 [3 5 0 0 0 0 6 0 1]
 [0 0 0 0 7 0 0 0 0]
 [0 0 0 9 0 0 0 2 0]
 [0 0 0 6 0 7 1 4 0]
 [0 0 0 0 4 2 0 0 9]
 [6 0 0 7 0 0 0 0 0]
 [2 0 0 0 6 1 9 0 0]
 [0 0 0 4 0 9 0 0 2]]
Solution:
[[3 7 4 2 1 0 5 6 8]
 [2 0 8 6 9 7 4 1 3]
 [9 1 6 4 3 8 2 0 7]
 [5 6 1 3 0 9 8 7 2]
 [8 3 7 0 2 4 6 5 9]
 [0 2 9 7 6 0 3 4 1]
 [4 8 3 9 7 5 1 2 0]
 [7 5 0 1 4 3 9 8 6]
 [1 9 2 8 0 6 7 3 5]]
Number of cells unfilled: 10
Accuracy: 87.65432098765432
Sample: 54732
Question:
[[0 2 0 1 0 5 0 0 0]
 [7 0 0 8 2 0 0 0 0]
 [0 0 0 0 3 7 0 0 0]
 [0 0 8 0 1 0 0 0 3]
 [2 0 0 0 0 3 0 0 8]
 [0 0 5 0 0 0 0 9 4]
 [8 5 0 7 0 2 0 0 0]
 [1 0 7 0 0 0 0 0 0]
 [0 3 0 0 8 0 0 5 0]]
Solution:
[[3 7 4 2 1 0 5 6 8]
 [2 0 8 5 9 7 4 1 3]
 [9 1 6 4 3 8 2 0 7]
 [5 6 1 3 0 9 8 7 2]
 [8 3 7 0 2 4 6 5 9]
 [0 2 9 7 6 0 3 4 1]
 [4 8 3 9 7 5 1 2 0]
 [7 5 0 1 4 3 9 8 6]
 [1 9 2 8 0 6 7 3 5]]
Number of cells unfilled: 10
Accuracy: 87.65432098765432
Sample: 54733
Question:
[[0 2 0 3 0 0 1 0 0]
 [0 0 3 0 0 0 8 7 0]
 [0 0 0 0 1 8 0 0 2]
 [0 1 4 0 0 0 2 0 0]
 [7 3 0 0 4 0 0 1 0]
 [2 0 8 7 0 0 3 4 0]
 [0 0 0 0 0 0 0 0 0]
 [0 0 0 0 0 9 0 8 0]
 [0 0 0 0 7 5 4 0 0]]
Solution:
[[3 7 4 2 1 0 0 6 8]
 [2 0 8 5 9 7 4 1 3]
 [9 1 6 4 3 8 5 0 7]
 [5 6 1 3 0 2 8 7 9]
 [8 3 7 0 0 4 6 5 2]
 [0 2 9 7 6 0 3 4 1]
 [4 8 3 9 7 5 1 2 0]
 [7 5 0 1 4 3 9 8 6]
 [1 9 2 8 0 6 7 3 5]]
Number of cells unfilled: 12
Accuracy: 85.18518518518519
Sample: 54734
Question:
[[0 2 3 0 0 0 0 0 0]
 [9 5 0 0 6 0 0 0 0]
 [8 0 6 0 0 2 0 0 0]
 [0 3 0 0 0 6 8 0 0]
 [0 8 0 5 0 0 7 0 1]
 [0 0 9 8 0 0 3 0 0]
 [2 6 0 0 5 8 0 0 0]
 [0 0 0 2 0 0 0 0 0]
 [0 9 0 0 3 0 0 0 5]]
Solution:
[[3 7 4 2 1 0 5 6 8]
 [2 0 8 6 9 7 4 1 3]
 [9 1 6 4 5 8 2 0 7]
 [5 6 1 3 0 9 8 7 2]
 [8 3 7 0 2 4 6 9 5]
 [0 2 9 7 6 0 3 4 1]
 [4 8 3 9 7 5 1 2 0]
 [7 5 0 1 4 2 9 8 6]
 [1 9 2 8 0 6 7 3 4]]
Number of cells unfilled: 10
Accuracy: 87.65432098765432
Sample: 54735
Question:
[[0 2 3 0 0 0 8 0 9]
 [0 0 0 8 0 0 0 3 6]
 [8 6 0 0 0 9 1 2 0]
 [6 0 2 0 0 1 0 0 0]
 [3 1 0 0 0 0 0 9 0]
 [0 9 0 0 6 0 0 0 2]
 [0 0 0 3 9 5 0 0 0]
 [1 0 0 0 0 7 0 0 0]
 [0 0 0 0 0 0 0 0 0]]
Solution:
[[3 7 4 2 1 0 0 6 8]
 [2 0 8 5 9 7 4 1 3]
 [9 1 6 4 3 8 5 0 7]
 [5 6 1 3 0 9 8 7 2]
 [8 3 7 0 2 4 6 5 9]
 [0 2 9 7 6 0 3 4 1]
 [4 8 3 9 7 5 1 2 0]
 [7 5 0 1 4 3 9 8 6]
 [1 9 2 8 0 6 7 3 5]]
Number of cells unfilled: 11
Accuracy: 86.41975308641975
Sample: 54736
Question:
[[0 2 6 0 0 0 0 3 0]
 [9 0 4 0 0 0 0 0 2]
 [3 5 0 0 0 0 0 0 0]
 [0 0 0 0 9 0 0 0 5]
 [0 9 5 0 6 0 3 4 0]
 [2 0 3 0 0 5 0 6 0]
 [0 0 0 0 0 0 0 2 0]
 [6 0 0 8 7 0 9 0 0]
 [0 4 0 5 0 0 6 0 0]]
Solution:
[[3 7 4 2 1 0 0 6 8]
 [2 0 8 5 9 7 4 1 3]
 [9 1 6 4 3 8 2 0 5]
 [5 6 1 3 2 0 8 7 9]
 [8 3 7 0 0 4 6 5 2]
 [0 2 9 7 6 0 3 4 1]
 [4 8 3 9 7 5 1 2 0]
 [7 5 0 1 4 2 9 8 6]
 [1 9 2 8 0 6 7 3 4]]
Number of cells unfilled: 12
Accuracy: 85.18518518518519
Sample: 54737
Question:
[[0 2 7 0 0 8 0 0 0]
 [3 0 0 0 0 0 7 0 6]
 [9 0 6 0 0 3 0 8 0]
 [7 0 0 0 0 0 2 0 0]
 [0 0 3 2 0 0 0 9 0]
 [0 0 8 1 0 4 0 0 0]
 [6 0 0 0 0 0 0 7 3]
 [0 0 0 0 3 0 8 0 9]
 [0 0 0 0 0 0 6 2 0]]
Solution:
[[3 7 4 2 1 0 5 6 8]
 [2 0 8 6 9 7 4 1 3]
 [9 1 6 4 5 8 2 0 7]
 [5 6 1 3 0 9 8 7 2]
 [8 3 7 0 2 4 6 5 9]
 [0 2 9 7 6 0 3 4 1]
 [4 8 3 9 7 5 1 2 0]
 [7 5 0 1 4 2 9 8 6]
 [1 9 2 8 0 6 7 3 5]]
Number of cells unfilled: 10
Accuracy: 87.65432098765432
Sample: 54738
Question:
[[0 2 8 0 4 0 0 0 0]
 [5 1 0 3 0 0 0 0 0]
 [3 0 4 5 0 0 8 0 0]
 [1 0 0 0 0 4 5 0 0]
 [0 0 0 6 0 9 3 4 0]
 [0 0 0 0 0 0 0 2 0]
 [0 3 1 0 0 0 0 0 2]
 [4 8 0 0 0 0 0 0 5]
 [2 0 5 0 0 0 0 8 0]]
Solution:
[[3 7 4 2 1 0 0 6 8]
 [2 0 8 5 9 7 4 1 3]
 [9 1 6 4 3 8 2 5 7]
 [5 6 1 3 0 9 8 7 2]
 [8 3 7 0 2 4 6 9 5]
 [0 2 9 7 6 0 3 4 1]
 [4 8 3 9 7 5 1 2 0]
 [7 5 0 1 4 3 9 8 6]
 [1 9 2 8 0 6 7 3 4]]
Number of cells unfilled: 10
Accuracy: 87.65432098765432
Sample: 54739
Question:
[[0 2 8 1 0 4 0 6 0]
 [0 0 3 0 0 6 0 0 0]
 [4 0 0 8 3 0 0 0 0]
 [3 0 0 0 0 8 0 0 0]
 [0 0 0 6 1 0 0 0 0]
 [0 4 0 3 0 2 0 0 0]
 [0 0 6 4 0 0 7 5 0]
 [8 0 0 2 0 0 4 0 0]
 [0 0 0 0 0 1 2 0 0]]
Solution:
[[3 7 4 2 1 0 5 6 8]
 [2 0 8 6 9 7 4 1 3]
 [9 1 6 4 5 8 2 0 7]
 [5 6 1 3 0 9 8 7 2]
 [8 3 7 0 2 4 6 5 9]
 [0 2 9 7 6 0 3 4 1]
 [4 8 3 9 7 5 1 2 0]
 [7 5 0 1 4 2 9 8 6]
 [1 9 2 8 0 6 7 3 5]]
Number of cells unfilled: 10
Accuracy: 87.65432098765432
Sample: 54740
Question:
[[0 2 9 0 3 0 7 0 0]
 [7 0 3 5 0 0 0 8 0]
 [5 0 0 0 0 2 0 0 0]
 [2 0 8 0 7 0 0 0 9]
 [0 3 0 0 2 0 0 0 0]
 [9 7 0 8 0 3 5 0 0]
 [0 5 0 0 0 0 0 0 0]
 [0 0 0 0 0 0 2 4 0]
 [8 0 0 0 0 0 0 6 0]]
Solution:
[[3 7 4 2 1 0 5 6 8]
 [2 0 8 6 9 7 4 1 3]
 [9 1 6 4 5 8 2 0 7]
 [5 6 1 3 2 0 8 7 9]
 [8 3 7 0 0 4 6 5 2]
 [0 2 9 7 6 0 3 4 1]
 [4 8 3 9 7 5 1 2 0]
 [7 5 0 1 4 3 9 8 6]
 [1 9 2 8 0 6 7 3 4]]
Number of cells unfilled: 11
Accuracy: 86.41975308641975
Sample: 54741
Question:
[[0 3 0 0 0 1 0 0 0]
 [8 0 4 0 9 0 1 0 0]
 [9 0 0 0 0 0 0 2 4]
 [0 0 0 0 0 0 0 0 0]
 [0 0 8 0 0 0 0 6 3]
 [0 2 0 0 0 0 0 5 0]
 [2 0 0 3 1 0 0 0 8]
 [0 0 1 9 0 2 0 4 0]
 [3 0 9 0 4 8 0 0 0]]
Solution:
[[3 7 4 2 1 0 5 6 8]
 [2 0 8 6 9 7 4 1 3]
 [9 1 6 4 5 8 2 0 7]
 [5 6 1 3 0 9 8 7 2]
 [8 3 7 0 2 4 6 9 5]
 [0 2 9 7 6 0 3 4 1]
 [4 8 3 9 7 5 1 2 0]
 [7 5 0 1 4 3 9 8 6]
 [1 9 2 8 0 6 7 3 4]]
Number of cells unfilled: 10
Accuracy: 87.65432098765432
Sample: 54742
Question:
[[0 3 0 0 0 4 7 0 1]
 [6 0 0 0 0 0 0 0 0]
 [0 4 0 0 5 0 0 0 8]
 [0 2 0 8 0 0 4 0 0]
 [0 0 3 2 0 6 0 0 0]
 [0 0 8 0 4 5 3 0 0]
 [0 0 6 5 0 3 0 0 0]
 [2 0 0 4 6 0 0 0 3]
 [0 0 0 0 8 2 0 0 0]]
Solution:
[[3 7 4 2 1 0 5 6 8]
 [2 0 8 6 9 7 4 1 3]
 [9 1 6 4 5 8 2 0 7]
 [5 6 1 3 2 0 8 7 9]
 [8 3 7 0 0 4 6 0 5]
 [0 2 9 7 6 0 3 4 1]
 [4 8 3 9 7 5 1 2 0]
 [7 5 0 1 4 3 9 8 6]
 [1 9 2 8 0 6 7 3 4]]
Number of cells unfilled: 12
Accuracy: 85.18518518518519
Sample: 54743
Question:
[[0 3 0 0 0 7 0 0 4]
 [0 0 0 0 1 0 0 3 0]
 [6 5 0 0 0 0 0 8 0]
 [0 0 7 2 0 4 0 0 3]
 [8 0 0 0 3 1 7 0 0]
 [0 0 0 0 8 0 0 2 1]
 [0 0 0 3 4 0 0 0 2]
 [0 0 0 0 0 8 4 7 0]
 [0 0 0 0 0 2 0 0 0]]
Solution:
[[3 7 4 2 1 0 5 6 8]
 [2 0 8 6 9 7 4 1 3]
 [9 1 6 4 3 8 2 0 7]
 [5 6 1 3 0 9 8 7 2]
 [8 3 7 0 2 4 6 5 9]
 [0 2 9 7 6 0 3 4 1]
 [4 8 3 9 7 5 1 2 0]
 [7 5 0 1 4 2 9 8 6]
 [1 9 2 8 0 6 7 3 4]]
Number of cells unfilled: 10
Accuracy: 87.65432098765432
Sample: 54744
Question:
[[0 3 0 0 5 0 4 0 0]
 [0 0 0 0 0 7 5 0 0]
 [0 0 5 0 2 4 6 9 0]
 [4 0 0 0 1 3 0 0 0]
 [1 0 7 2 0 0 0 0 0]
 [0 5 0 0 7 0 0 2 0]
 [0 4 1 5 0 0 0 0 0]
 [0 7 0 0 0 1 0 0 0]
 [3 0 2 0 0 0 0 0 0]]
Solution:
[[3 7 4 2 1 0 5 6 8]
 [2 0 8 5 9 7 4 1 3]
 [9 1 6 4 3 8 2 0 7]
 [5 6 1 3 0 9 8 7 2]
 [8 3 7 0 2 4 6 5 9]
 [0 2 9 7 6 0 3 4 1]
 [4 8 3 9 7 5 1 2 0]
 [7 5 0 1 4 3 9 8 6]
 [1 9 2 8 0 6 7 3 4]]
Number of cells unfilled: 10
Accuracy: 87.65432098765432
Sample: 54745
Question:
[[0 3 0 0 7 0 0 0 6]
 [0 0 0 1 0 0 0 5 7]
 [0 1 0 0 0 0 3 9 0]
 [0 0 0 0 3 0 9 0 0]
 [0 4 2 0 1 6 0 0 0]
 [0 0 3 0 0 5 0 6 0]
 [0 0 0 0 0 0 0 7 0]
 [0 0 0 5 6 0 0 1 9]
 [0 0 0 0 0 7 5 0 3]]
Solution:
[[3 7 4 2 1 0 0 6 8]
 [2 0 8 6 9 7 4 1 3]
 [9 1 6 4 3 8 2 5 7]
 [5 6 1 3 2 9 8 7 0]
 [8 3 7 5 0 4 6 9 2]
 [0 2 9 7 6 0 3 4 1]
 [4 8 3 9 7 5 1 2 0]
 [7 5 0 1 4 2 9 8 6]
 [1 9 2 8 0 6 7 3 4]]
Number of cells unfilled: 10
Accuracy: 87.65432098765432
Sample: 54746
Question:
[[0 3 0 0 8 0 0 0 0]
 [0 0 4 0 2 0 3 7 0]
 [0 7 1 4 0 0 2 0 8]
 [0 8 0 0 3 4 0 0 2]
 [7 0 0 8 0 0 0 1 0]
 [0 4 2 7 1 0 0 0 0]
 [0 0 0 0 0 0 5 0 7]
 [0 0 0 0 0 0 0 0 0]
 [3 0 0 0 0 0 6 0 0]]
Solution:
[[3 7 4 2 1 0 0 6 8]
 [2 0 8 6 9 7 4 1 3]
 [9 1 6 4 3 8 2 0 5]
 [5 6 1 3 2 0 8 7 9]
 [8 3 7 0 0 4 6 5 2]
 [0 2 9 7 6 0 3 4 1]
 [4 8 3 9 7 5 1 2 0]
 [7 5 0 1 4 2 9 8 6]
 [1 9 2 8 0 6 7 3 4]]
Number of cells unfilled: 12
Accuracy: 85.18518518518519
Sample: 54747
Question:
[[0 3 0 2 0 4 1 7 0]
 [0 0 0 0 3 1 0 2 6]
 [1 0 0 6 7 0 0 0 0]
 [0 4 0 0 0 0 0 0 2]
 [0 6 7 0 2 0 0 3 0]
 [0 0 0 3 0 7 0 4 0]
 [0 9 0 0 0 0 4 0 0]
 [6 8 3 0 0 0 0 0 0]
 [0 0 0 0 0 0 0 0 0]]
Solution:
[[3 7 4 2 1 0 5 6 8]
 [2 0 8 6 9 7 4 1 3]
 [9 1 6 4 5 8 2 0 7]
 [5 6 1 3 0 2 8 7 9]
 [8 3 7 0 0 4 6 5 2]
 [0 2 9 7 6 0 3 4 1]
 [4 8 3 9 7 5 1 2 0]
 [7 5 0 1 4 3 9 8 6]
 [1 9 2 8 0 6 7 3 5]]
Number of cells unfilled: 11
Accuracy: 86.41975308641975
Sample: 54748
Question:
[[0 3 0 6 0 1 0 0 9]
 [4 0 6 0 9 0 0 0 0]
 [1 0 0 4 5 0 3 0 0]
 [0 0 4 0 6 0 5 0 3]
 [0 0 9 0 0 4 6 1 0]
 [5 0 0 3 1 0 0 0 0]
 [0 5 0 0 0 0 8 0 0]
 [9 0 0 0 0 0 2 0 6]
 [0 0 0 0 0 0 0 0 0]]
Solution:
[[3 7 4 2 1 0 0 6 8]
 [2 0 8 5 9 7 4 1 3]
 [9 1 6 4 3 8 2 5 7]
 [5 6 1 3 0 9 8 7 2]
 [8 3 7 0 2 4 6 9 5]
 [0 2 9 7 6 0 3 4 1]
 [4 8 3 9 7 5 1 2 0]
 [7 5 0 1 4 3 9 8 6]
 [1 9 2 8 0 6 7 3 4]]
Number of cells unfilled: 10
Accuracy: 87.65432098765432
Sample: 54749
Question:
[[0 3 0 7 0 0 0 0 0]
 [0 0 0 0 2 3 0 8 6]
 [2 0 6 0 0 0 7 0 0]
 [0 8 0 0 7 6 0 1 3]
 [0 0 0 2 0 1 0 0 7]
 [1 0 0 3 8 0 0 2 0]
 [0 0 4 0 0 0 0 6 0]
 [0 0 0 0 0 0 0 0 0]
 [8 0 9 0 0 0 0 0 1]]
Solution:
[[3 7 4 2 1 0 5 6 8]
 [2 0 8 5 9 7 4 1 3]
 [9 1 6 4 3 8 2 0 7]
 [5 6 1 3 0 9 8 7 2]
 [8 3 7 0 2 4 6 9 5]
 [0 2 9 7 6 0 3 4 1]
 [4 8 3 9 7 5 1 2 0]
 [7 5 0 1 4 2 9 8 6]
 [1 9 2 8 0 6 7 3 4]]
Number of cells unfilled: 10
Accuracy: 87.65432098765432
Sample: 54750
Question:
[[0 3 0 7 1 0 0 6 0]
 [0 0 0 0 4 3 8 7 0]
 [4 0 0 8 0 6 0 0 0]
 [0 0 0 0 0 0 0 0 0]
 [0 9 0 0 0 0 0 0 1]
 [8 5 3 0 0 0 0 0 0]
 [0 1 0 0 0 0 7 0 0]
 [0 0 0 3 6 0 0 1 8]
 [0 0 6 0 0 7 4 3 0]]
Solution:
[[3 7 4 2 1 0 5 6 8]
 [2 0 8 6 9 7 4 1 3]
 [9 1 6 4 3 8 2 0 7]
 [5 6 1 3 2 0 8 7 9]
 [8 3 7 0 0 4 6 0 5]
 [0 2 9 7 6 0 3 4 1]
 [4 8 3 9 7 5 1 2 0]
 [7 5 0 1 4 2 9 8 6]
 [1 9 2 8 0 6 7 3 4]]
Number of cells unfilled: 12
Accuracy: 85.18518518518519
Sample: 54751
Question:
[[0 3 0 9 4 0 0 0 0]
 [4 0 0 6 0 3 1 0 0]
 [6 9 0 0 1 5 0 0 0]
 [9 0 3 0 0 0 5 4 0]
 [0 0 0 5 0 0 0 0 0]
 [1 5 0 0 0 9 0 6 3]
 [5 0 4 0 0 0 0 7 0]
 [0 0 0 0 0 0 6 2 0]
 [0 6 0 0 0 0 0 0 0]]
Solution:
[[3 7 4 2 1 0 0 6 8]
 [2 0 8 5 9 7 4 1 3]
 [9 1 6 4 3 8 2 0 5]
 [5 6 1 3 2 0 8 7 9]
 [8 3 7 0 0 4 6 5 2]
 [0 2 9 7 6 0 3 4 1]
 [4 8 3 9 7 5 1 2 0]
 [7 5 0 1 4 2 9 8 6]
 [1 9 2 8 0 6 7 3 4]]
Number of cells unfilled: 12
Accuracy: 85.18518518518519
Sample: 54752
Question:
[[0 3 0 9 6 0 0 0 0]
 [0 1 4 0 0 5 0 0 0]
 [0 0 0 0 0 0 0 0 0]
 [0 0 0 0 0 7 6 5 0]
 [0 0 5 0 9 0 2 0 4]
 [4 0 0 5 0 2 0 9 7]
 [0 0 0 4 0 0 0 2 0]
 [2 0 0 0 0 6 7 0 0]
 [0 9 6 0 7 0 0 0 0]]
Solution:
[[3 7 4 2 1 0 0 6 8]
 [2 0 8 6 9 7 4 1 3]
 [9 1 6 4 3 8 5 0 7]
 [5 6 1 3 0 9 8 7 2]
 [8 3 7 0 2 4 6 5 9]
 [0 2 9 7 6 0 3 4 1]
 [4 8 3 9 7 5 1 2 0]
 [7 5 0 1 4 2 9 8 6]
 [1 9 2 8 0 6 7 3 5]]
Number of cells unfilled: 11
Accuracy: 86.41975308641975
Sample: 54753
Question:
[[0 3 2 0 0 4 0 0 0]
 [5 0 6 0 3 0 0 0 0]
 [4 1 0 2 0 0 0 0 0]
 [2 0 1 0 0 6 0 0 0]
 [0 4 0 0 1 0 0 6 0]
 [3 0 0 5 2 0 0 4 0]
 [0 5 0 0 4 0 3 0 0]
 [0 0 0 3 6 0 7 9 0]
 [0 0 0 1 0 0 0 0 0]]
Solution:
[[3 7 4 2 1 0 5 6 8]
 [2 0 8 5 9 7 4 1 3]
 [9 1 6 4 3 8 2 0 7]
 [5 6 1 3 0 9 8 7 2]
 [8 3 7 0 2 4 6 9 5]
 [0 2 9 7 6 0 3 4 1]
 [4 8 3 9 7 5 1 2 0]
 [7 5 0 1 4 2 9 8 6]
 [1 9 2 8 0 6 7 3 4]]
Number of cells unfilled: 10
Accuracy: 87.65432098765432
Sample: 54754
Question:
[[0 3 4 0 0 0 0 0 7]
 [5 0 0 9 4 0 0 0 0]
 [0 0 9 0 0 7 0 5 0]
 [0 0 5 0 0 0 0 9 2]
 [0 2 7 0 0 3 5 0 4]
 [0 0 0 2 0 0 3 7 0]
 [0 0 0 3 8 0 0 0 0]
 [9 4 0 0 1 0 0 0 0]
 [0 0 3 0 0 0 0 0 0]]
Solution:
[[3 7 4 2 1 0 5 6 8]
 [2 0 8 6 9 7 4 1 3]
 [9 1 6 4 5 8 2 0 7]
 [5 6 1 3 2 0 8 7 9]
 [8 3 7 0 0 4 6 5 2]
 [0 2 9 7 6 0 3 4 1]
 [4 8 3 9 7 5 1 2 0]
 [7 5 0 1 4 2 9 8 6]
 [1 9 2 8 0 6 7 3 5]]
Number of cells unfilled: 11
Accuracy: 86.41975308641975
Sample: 54755
Question:
[[0 3 4 5 2 0 0 0 7]
 [0 7 0 9 0 0 0 0 5]
 [0 0 0 0 7 0 0 8 0]
 [0 0 0 0 5 9 0 0 2]
 [0 0 0 6 0 0 7 9 0]
 [0 0 0 0 0 0 0 0 6]
 [0 0 0 8 6 0 5 0 0]
 [0 0 2 0 0 0 0 0 8]
 [5 0 0 7 0 2 6 0 9]]
Solution:
[[3 7 4 2 1 0 5 6 8]
 [2 0 8 6 9 7 4 1 3]
 [9 1 6 4 3 8 2 0 7]
 [5 6 1 3 0 2 8 7 9]
 [8 3 7 0 0 4 6 5 2]
 [0 2 9 7 6 0 3 4 1]
 [4 8 3 9 7 5 1 2 0]
 [7 5 0 1 4 3 9 8 6]
 [1 9 2 8 0 6 7 3 5]]
Number of cells unfilled: 11
Accuracy: 86.41975308641975
Sample: 54756
Question:
[[0 3 4 9 5 0 0 0 0]
 [0 0 2 0 0 0 3 0 0]
 [9 7 0 2 0 3 0 0 5]
 [0 0 0 0 2 0 0 1 4]
 [0 0 0 0 0 7 0 6 0]
 [0 4 0 0 0 0 0 0 0]
 [0 5 0 0 9 0 4 7 0]
 [0 0 0 7 0 0 0 0 0]
 [0 0 9 4 0 0 0 5 2]]
Solution:
[[3 7 4 2 1 0 0 6 8]
 [2 0 8 5 9 7 4 1 3]
 [9 1 6 4 3 8 2 5 7]
 [5 6 1 3 0 9 8 7 2]
 [8 3 7 0 2 4 6 9 5]
 [0 2 9 7 6 0 3 4 1]
 [4 8 3 9 7 5 1 2 0]
 [7 5 0 1 4 2 9 8 6]
 [1 9 2 8 0 6 7 3 4]]
Number of cells unfilled: 10
Accuracy: 87.65432098765432
Sample: 54757
Question:
[[0 3 5 8 0 0 0 0 0]
 [9 2 0 0 7 3 8 0 0]
 [8 0 7 2 0 5 0 9 0]
 [0 0 0 0 5 0 0 3 7]
 [0 0 0 0 0 9 0 0 0]
 [7 5 0 3 0 0 9 2 0]
 [2 9 0 0 0 0 0 6 0]
 [0 0 0 0 0 0 0 0 0]
 [0 0 0 0 0 0 3 1 0]]
Solution:
[[3 7 4 2 1 0 5 6 8]
 [2 0 8 5 9 7 4 1 3]
 [9 1 6 4 3 8 2 0 7]
 [5 6 1 3 2 0 8 7 9]
 [8 3 7 0 0 4 6 5 2]
 [0 2 9 7 6 0 3 4 1]
 [4 8 3 9 7 5 1 2 0]
 [7 5 0 1 4 3 9 8 6]
 [1 9 2 8 0 6 7 3 5]]
Number of cells unfilled: 11
Accuracy: 86.41975308641975
Sample: 54758
Question:
[[0 4 0 0 3 2 1 5 0]
 [5 0 0 1 0 0 0 0 0]
 [0 0 0 9 0 5 3 0 4]
 [0 0 8 0 0 0 0 2 9]
 [0 0 0 0 0 9 0 0 0]
 [0 0 7 0 0 0 0 0 1]
 [9 0 2 0 0 4 0 0 3]
 [0 1 4 3 0 0 9 0 0]
 [0 0 0 0 0 0 2 0 0]]
Solution:
[[3 7 4 2 1 0 5 6 8]
 [2 0 8 6 9 7 4 1 3]
 [9 1 6 4 5 8 2 0 7]
 [5 6 1 3 0 9 8 7 2]
 [8 3 7 5 2 4 6 9 0]
 [0 2 9 7 6 0 3 4 1]
 [4 8 3 9 7 5 1 2 0]
 [7 5 0 1 4 3 9 8 6]
 [1 9 2 8 0 6 7 3 5]]
Number of cells unfilled: 10
Accuracy: 87.65432098765432
Sample: 54759
Question:
[[0 4 0 5 0 0 2 8 0]
 [0 0 0 8 0 0 7 0 9]
 [7 0 0 0 0 9 0 4 5]
 [4 0 6 0 0 0 0 0 0]
 [0 0 1 0 9 2 0 0 0]
 [0 0 0 0 0 0 0 0 0]
 [0 5 0 0 7 0 0 0 8]
 [9 0 2 0 8 0 4 0 0]
 [0 0 0 2 0 4 5 0 0]]
Solution:
[[3 7 4 2 1 0 5 6 8]
 [2 0 8 6 9 7 4 1 3]
 [9 1 6 4 5 8 2 0 7]
 [5 6 1 3 2 0 8 7 9]
 [8 3 7 0 0 4 6 5 2]
 [0 2 9 7 6 0 3 4 1]
 [4 8 3 9 7 5 1 2 0]
 [7 5 0 1 4 3 9 8 6]
 [1 9 2 8 0 6 7 3 5]]
Number of cells unfilled: 11
Accuracy: 86.41975308641975
Sample: 54760
Question:
[[0 4 0 6 0 0 0 0 0]
 [3 0 5 0 0 0 0 6 0]
 [9 0 0 0 0 3 7 0 5]
 [5 0 0 0 0 6 0 7 9]
 [6 0 0 0 0 0 5 4 0]
 [0 7 4 0 0 0 0 0 3]
 [7 0 0 0 0 0 4 0 0]
 [0 0 6 8 0 1 9 0 0]
 [0 0 9 0 0 0 0 3 0]]
Solution:
[[3 7 4 2 1 0 5 6 8]
 [2 0 8 5 9 7 4 1 3]
 [9 1 6 4 3 8 2 0 7]
 [5 6 1 3 0 9 8 7 2]
 [8 3 7 0 2 4 6 5 9]
 [0 2 9 7 6 0 3 4 1]
 [4 8 3 9 7 5 1 2 0]
 [7 5 0 1 4 2 9 8 6]
 [1 9 2 8 0 6 7 3 4]]
Number of cells unfilled: 10
Accuracy: 87.65432098765432
Sample: 54761
Question:
[[0 4 1 0 2 0 0 6 0]
 [2 3 0 0 0 4 8 0 0]
 [8 0 6 0 3 1 0 0 0]
 [4 0 2 0 1 0 0 0 0]
 [0 8 0 0 0 6 0 0 0]
 [0 1 0 2 0 0 0 0 0]
 [3 0 0 0 0 0 0 0 0]
 [0 6 0 0 4 0 0 0 2]
 [0 0 0 0 6 8 9 0 5]]
Solution:
[[3 7 4 2 1 0 5 6 8]
 [2 0 8 6 9 7 4 1 3]
 [9 1 6 4 5 8 2 0 7]
 [5 6 1 3 0 9 8 7 2]
 [8 3 7 0 2 4 6 5 9]
 [0 2 9 7 6 0 3 4 1]
 [4 8 3 9 7 5 1 2 0]
 [7 5 0 1 4 3 9 8 6]
 [1 9 2 8 0 6 7 3 5]]
Number of cells unfilled: 10
Accuracy: 87.65432098765432
Sample: 54762
Question:
[[0 4 3 0 0 0 0 0 0]
 [0 6 0 0 9 1 0 0 0]
 [0 0 0 0 0 0 0 0 0]
 [0 0 2 0 0 0 8 0 0]
 [0 0 0 7 3 0 9 0 2]
 [3 0 0 8 0 2 0 7 1]
 [0 0 0 1 0 0 0 0 8]
 [8 3 0 9 0 0 7 0 0]
 [0 1 9 0 7 0 0 0 3]]
Solution:
[[3 7 4 2 1 0 0 6 8]
 [2 0 8 5 9 7 4 1 3]
 [9 1 6 4 3 8 2 5 7]
 [5 6 1 3 0 9 8 7 2]
 [8 3 7 0 2 4 6 9 5]
 [0 2 9 7 6 0 3 4 1]
 [4 8 3 9 7 5 1 2 0]
 [7 5 0 1 4 2 9 8 6]
 [1 9 2 8 0 6 7 3 4]]
Number of cells unfilled: 10
Accuracy: 87.65432098765432
Sample: 54763
Question:
[[0 4 3 0 7 0 0 9 0]
 [9 6 0 0 0 8 0 0 3]
 [7 0 8 0 0 0 0 4 6]
 [4 0 0 9 6 0 0 7 8]
 [0 0 0 0 3 7 0 0 4]
 [0 0 9 0 0 0 0 0 0]
 [0 0 0 0 5 0 3 0 0]
 [0 0 0 7 2 6 0 0 0]
 [0 0 0 0 0 0 0 0 0]]
Solution:
[[3 7 4 2 1 0 5 6 8]
 [2 0 8 6 9 7 4 1 3]
 [9 1 6 4 3 8 2 0 7]
 [5 6 1 3 0 9 8 7 2]
 [8 3 7 5 2 4 6 9 0]
 [0 2 9 7 6 0 3 4 1]
 [4 8 3 9 7 5 1 2 0]
 [7 5 0 1 4 3 9 8 6]
 [1 9 2 8 0 6 7 3 5]]
Number of cells unfilled: 10
Accuracy: 87.65432098765432
Sample: 54764
Question:
[[0 4 9 0 1 0 0 0 8]
 [1 0 0 0 0 0 0 3 0]
 [3 0 0 9 0 2 0 0 4]
 [0 0 0 7 0 0 0 9 2]
 [0 0 0 0 0 0 0 0 0]
 [0 0 0 6 0 3 0 0 0]
 [8 2 0 0 0 0 4 0 0]
 [0 1 3 0 0 8 0 2 9]
 [9 0 4 0 3 0 1 0 0]]
Solution:
[[3 7 4 2 1 0 5 6 8]
 [2 0 8 5 9 7 4 1 3]
 [9 1 6 4 3 8 2 0 7]
 [5 6 1 3 0 2 8 7 9]
 [8 3 7 0 0 4 6 5 2]
 [0 2 9 7 6 0 3 4 1]
 [4 8 3 9 7 5 1 2 0]
 [7 5 0 1 4 3 9 8 6]
 [1 9 2 8 0 6 7 3 5]]
Number of cells unfilled: 11
Accuracy: 86.41975308641975
Sample: 54765
Question:
[[0 4 9 1 0 0 5 0 0]
 [0 0 3 0 4 0 0 0 0]
 [1 2 0 5 9 0 0 0 0]
 [0 9 0 0 2 0 0 5 0]
 [4 0 1 0 0 0 0 0 0]
 [0 5 0 3 0 1 0 0 0]
 [0 3 0 0 0 9 2 0 0]
 [2 0 0 4 0 0 9 0 0]
 [0 0 0 0 0 5 6 8 0]]
Solution:
[[3 7 4 2 1 0 0 6 8]
 [2 0 8 5 9 7 4 1 3]
 [9 1 6 4 3 8 5 0 7]
 [5 6 1 3 0 9 8 7 2]
 [8 3 7 0 2 4 6 5 9]
 [0 2 9 7 6 0 3 4 1]
 [4 8 3 9 7 5 1 2 0]
 [7 5 0 1 4 3 9 8 6]
 [1 9 2 8 0 6 7 3 4]]
Number of cells unfilled: 11
Accuracy: 86.41975308641975
Sample: 54766
Question:
[[0 5 0 0 0 0 0 0 3]
 [0 1 0 7 0 4 5 0 0]
 [9 0 4 0 0 3 7 0 0]
 [3 9 0 0 0 0 1 0 7]
 [5 0 0 0 0 0 0 0 0]
 [0 4 7 0 0 0 0 5 0]
 [0 0 9 0 0 0 4 0 0]
 [1 0 0 0 0 0 0 7 0]
 [0 0 0 8 0 6 3 1 0]]
Solution:
[[3 7 4 2 1 0 5 6 8]
 [2 0 8 5 9 7 4 1 3]
 [9 1 6 4 3 8 2 0 7]
 [5 6 1 3 2 0 8 7 9]
 [8 3 7 0 0 4 6 5 2]
 [0 2 9 7 6 0 3 4 1]
 [4 8 3 9 7 5 1 2 0]
 [7 5 0 1 4 3 9 8 6]
 [1 9 2 8 0 6 7 3 5]]
Number of cells unfilled: 11
Accuracy: 86.41975308641975
Sample: 54767
Question:
[[0 5 0 0 0 0 3 0 2]
 [0 0 2 4 0 0 0 0 0]
 [0 6 3 0 5 0 0 4 8]
 [2 3 0 0 0 0 0 0 1]
 [0 0 8 0 0 0 0 0 0]
 [0 0 0 0 0 0 8 0 7]
 [0 0 4 2 0 5 0 0 0]
 [0 0 0 0 4 8 6 0 0]
 [0 8 5 6 3 0 0 0 0]]
Solution:
[[3 7 4 2 1 0 0 6 8]
 [2 0 8 6 9 7 4 1 3]
 [9 1 6 4 3 8 2 0 5]
 [5 6 1 3 2 0 8 7 9]
 [8 3 7 0 0 4 6 5 2]
 [0 2 9 7 6 0 3 4 1]
 [4 8 3 9 7 5 1 2 0]
 [7 5 0 1 4 2 9 8 6]
 [1 9 2 8 0 6 7 3 4]]
Number of cells unfilled: 12
Accuracy: 85.18518518518519
Sample: 54768
Question:
[[0 5 0 0 0 0 4 0 0]
 [0 8 0 0 9 0 0 0 0]
 [0 7 1 3 5 0 0 8 0]
 [0 0 0 2 0 0 0 0 5]
 [0 0 0 0 8 3 0 9 2]
 [0 0 3 9 0 0 8 4 0]
 [0 0 0 0 2 0 9 0 0]
 [0 0 0 0 0 0 0 3 4]
 [0 0 0 0 0 8 5 2 0]]
Solution:
[[3 7 4 2 1 0 5 6 8]
 [2 0 8 5 9 7 4 1 3]
 [9 1 6 4 3 8 2 0 7]
 [5 6 1 3 0 9 8 7 2]
 [8 3 7 0 2 4 6 9 5]
 [0 2 9 7 6 0 3 4 1]
 [4 8 3 9 7 5 1 2 0]
 [7 5 0 1 4 2 9 8 6]
 [1 9 2 8 0 6 7 3 4]]
Number of cells unfilled: 10
Accuracy: 87.65432098765432
Sample: 54769
Question:
[[0 5 0 0 0 0 8 0 6]
 [0 0 0 8 7 0 0 5 3]
 [0 0 0 0 6 0 7 4 0]
 [0 0 0 0 4 0 3 0 0]
 [0 3 4 7 0 6 0 8 0]
 [6 0 8 5 3 0 0 0 7]
 [0 0 1 3 0 4 0 0 0]
 [0 8 2 0 0 0 0 0 0]
 [0 0 0 0 0 0 0 0 0]]
Solution:
[[3 7 4 2 1 0 0 6 8]
 [2 0 8 6 9 7 4 1 3]
 [9 1 6 4 3 8 2 5 7]
 [5 6 1 3 0 9 8 7 2]
 [8 3 7 0 2 4 6 9 5]
 [0 2 9 7 6 0 3 4 1]
 [4 8 3 9 7 5 1 2 0]
 [7 5 0 1 4 2 9 8 6]
 [1 9 2 8 0 6 7 3 4]]
Number of cells unfilled: 10
Accuracy: 87.65432098765432
Sample: 54770
Question:
[[0 5 0 0 3 0 1 0 0]
 [9 0 1 0 0 0 0 0 0]
 [8 3 0 0 5 0 0 0 4]
 [4 0 0 0 0 0 0 9 0]
 [0 8 0 0 0 4 3 0 0]
 [0 0 0 0 2 7 5 0 0]
 [5 0 8 0 0 0 0 0 9]
 [1 4 0 0 0 0 0 0 3]
 [0 9 3 0 0 5 0 1 0]]
Solution:
[[3 7 4 2 1 0 0 6 8]
 [2 0 8 6 9 7 4 5 3]
 [9 1 6 4 5 8 2 0 7]
 [5 6 1 3 0 2 8 7 0]
 [8 3 7 5 0 4 6 9 2]
 [0 2 9 7 6 0 3 4 1]
 [4 8 3 9 7 5 1 2 0]
 [7 5 0 1 4 3 9 8 6]
 [1 9 2 8 0 6 7 3 4]]
Number of cells unfilled: 12
Accuracy: 85.18518518518519
Sample: 54771
Question:
[[0 5 0 0 3 8 0 4 6]
 [3 0 0 0 7 0 0 5 0]
 [8 0 6 0 0 0 0 0 0]
 [7 0 5 0 6 3 0 0 8]
 [0 8 0 4 0 0 0 7 0]
 [4 0 0 0 0 0 0 3 5]
 [0 0 0 0 1 0 7 0 0]
 [6 0 0 0 0 0 0 0 0]
 [0 0 0 0 9 6 0 0 0]]
Solution:
[[3 7 4 2 1 0 5 6 8]
 [2 0 8 6 9 7 4 1 3]
 [9 1 6 4 3 8 2 0 7]
 [5 6 1 3 0 9 8 7 2]
 [8 3 7 0 2 4 6 9 5]
 [0 2 9 7 6 0 3 4 1]
 [4 8 3 9 7 5 1 2 0]
 [7 5 0 1 4 2 9 8 6]
 [1 9 2 8 0 6 7 3 4]]
Number of cells unfilled: 10
Accuracy: 87.65432098765432
Sample: 54772
Question:
[[0 5 0 6 0 0 0 0 3]
 [1 4 0 0 0 2 0 0 0]
 [0 3 0 0 0 5 0 9 0]
 [0 0 0 5 0 0 7 0 6]
 [0 0 0 0 0 7 0 2 0]
 [2 0 0 0 3 0 0 5 9]
 [0 0 0 0 6 0 9 0 0]
 [0 0 0 2 0 0 0 3 7]
 [0 2 0 7 0 0 5 6 0]]
Solution:
[[3 7 4 2 1 0 5 6 8]
 [2 0 8 5 9 7 4 1 3]
 [9 1 6 4 3 8 2 0 7]
 [5 6 1 3 0 9 8 7 2]
 [8 3 7 0 2 4 6 5 9]
 [0 2 9 7 6 0 3 4 1]
 [4 8 3 9 7 5 1 2 0]
 [7 5 0 1 4 2 9 8 6]
 [1 9 2 8 0 6 7 3 4]]
Number of cells unfilled: 10
Accuracy: 87.65432098765432
Sample: 54773
Question:
[[0 5 0 7 0 0 3 0 0]
 [0 0 0 0 9 0 0 5 0]
 [0 8 1 6 0 0 0 0 0]
 [0 0 0 0 0 0 5 2 0]
 [0 0 0 5 0 9 0 6 3]
 [0 0 0 0 2 0 9 0 7]
 [0 0 6 0 0 5 0 0 0]
 [0 0 0 0 7 0 0 9 2]
 [0 0 7 2 3 0 6 0 0]]
Solution:
[[3 7 4 2 1 0 0 6 8]
 [2 0 8 6 9 7 4 5 3]
 [9 1 6 4 3 8 2 0 7]
 [5 6 1 3 2 9 8 7 0]
 [8 3 7 5 0 4 6 9 2]
 [0 2 9 7 6 0 3 4 1]
 [4 8 3 9 7 5 1 2 0]
 [7 5 0 1 4 3 9 8 6]
 [1 9 2 8 0 6 7 3 5]]
Number of cells unfilled: 11
Accuracy: 86.41975308641975
Sample: 54774
Question:
[[0 5 0 9 8 0 0 0 0]
 [0 0 9 0 7 4 0 0 0]
 [0 0 0 6 0 5 0 0 0]
 [4 6 0 0 0 0 0 1 2]
 [8 0 0 7 0 0 0 6 0]
 [0 9 0 0 0 0 0 0 0]
 [0 0 6 8 0 7 0 0 4]
 [0 8 0 0 5 9 0 7 0]
 [5 0 0 4 6 0 0 0 0]]
Solution:
[[3 7 4 2 1 0 5 6 8]
 [2 0 8 6 9 7 4 1 3]
 [9 1 6 4 5 8 2 0 7]
 [5 6 1 3 2 0 8 7 9]
 [8 3 7 0 0 4 6 5 2]
 [0 2 9 7 6 0 3 4 1]
 [4 8 3 9 7 5 1 2 0]
 [7 5 0 1 4 2 9 8 6]
 [1 9 2 8 0 6 7 3 5]]
Number of cells unfilled: 11
Accuracy: 86.41975308641975
Sample: 54775
Question:
[[0 5 1 0 0 0 0 8 0]
 [0 4 0 0 6 0 0 2 0]
 [0 0 0 0 0 4 0 0 7]
 [0 0 2 0 0 0 0 3 0]
 [0 0 8 0 2 6 4 0 0]
 [0 0 0 3 0 7 8 0 0]
 [0 0 0 6 0 8 7 0 0]
 [0 8 0 2 7 0 0 0 3]
 [0 0 0 0 4 3 0 0 0]]
Solution:
[[3 7 4 2 1 0 0 6 8]
 [2 0 8 5 9 7 4 1 3]
 [9 1 6 4 3 8 2 0 5]
 [5 6 1 3 0 9 8 7 2]
 [8 3 7 0 2 4 6 5 9]
 [0 2 9 7 6 0 3 4 1]
 [4 8 3 9 7 5 1 2 0]
 [7 5 0 1 4 3 9 8 6]
 [1 9 2 8 0 6 7 3 4]]
Number of cells unfilled: 11
Accuracy: 86.41975308641975
Sample: 54776
Question:
[[0 5 1 0 8 0 6 0 0]
 [0 0 8 3 0 0 0 0 0]
 [0 0 0 6 0 5 0 1 0]
 [0 0 0 1 0 0 0 2 0]
 [0 1 0 0 0 0 8 4 3]
 [0 0 0 0 0 0 0 0 0]
 [9 8 0 0 5 3 0 0 0]
 [0 6 3 8 0 1 0 0 9]
 [0 0 5 9 6 0 0 0 0]]
Solution:
[[3 7 4 2 1 0 0 6 8]
 [2 0 8 5 9 7 4 1 3]
 [9 1 6 4 3 8 2 5 7]
 [5 6 1 3 0 9 8 7 2]
 [8 3 7 0 2 4 6 9 5]
 [0 2 9 7 6 0 3 4 1]
 [4 8 3 9 7 5 1 2 0]
 [7 5 0 1 4 2 9 8 6]
 [1 9 2 8 0 6 7 3 4]]
Number of cells unfilled: 10
Accuracy: 87.65432098765432
Sample: 54777
Question:
[[0 5 2 8 0 7 0 0 0]
 [0 6 0 9 0 0 0 0 5]
 [0 0 9 0 0 0 0 3 0]
 [6 0 5 0 0 0 3 0 2]
 [0 0 0 0 0 0 0 0 1]
 [0 1 0 0 0 0 9 6 0]
 [2 9 0 0 0 0 1 0 6]
 [0 0 0 0 0 2 0 0 0]
 [0 3 1 0 0 9 5 0 0]]
Solution:
[[3 7 4 2 1 0 5 6 8]
 [2 0 8 6 9 7 4 1 3]
 [9 1 6 4 3 8 2 0 7]
 [5 6 1 3 2 9 8 7 0]
 [8 3 7 5 0 4 6 9 2]
 [0 2 9 7 6 0 3 4 1]
 [4 8 3 9 7 5 1 2 0]
 [7 5 0 1 4 2 9 8 6]
 [1 9 2 8 0 6 7 3 4]]
Number of cells unfilled: 10
Accuracy: 87.65432098765432
Sample: 54778
Question:
[[0 5 3 8 4 0 0 0 7]
 [8 2 0 0 7 3 0 0 0]
 [7 0 4 5 0 2 0 0 0]
 [0 0 0 0 8 0 0 1 0]
 [0 0 0 0 0 0 4 6 5]
 [0 0 0 0 0 0 0 0 0]
 [0 0 0 2 3 0 0 8 0]
 [0 0 2 0 0 4 3 5 0]
 [0 4 0 0 0 0 0 0 0]]
Solution:
[[3 7 4 2 1 0 0 6 8]
 [2 0 8 6 9 7 4 1 3]
 [9 1 6 4 3 8 2 5 7]
 [5 6 1 3 2 9 8 7 0]
 [8 3 7 5 0 4 6 9 2]
 [0 2 9 7 6 0 3 4 1]
 [4 8 3 9 7 5 1 2 0]
 [7 5 0 1 4 3 9 8 6]
 [1 9 2 8 0 6 7 3 4]]
Number of cells unfilled: 10
Accuracy: 87.65432098765432
Sample: 54779
Question:
[[0 5 6 0 1 0 0 0 0]
 [4 9 0 6 0 7 0 0 0]
 [1 0 0 0 0 0 0 0 0]
 [0 0 0 0 7 4 2 0 8]
 [7 0 0 0 6 0 0 0 0]
 [0 0 9 0 0 5 7 0 0]
 [6 1 0 4 0 0 0 0 0]
 [0 0 5 0 0 0 0 0 4]
 [0 7 0 0 9 1 0 0 5]]
Solution:
[[3 7 4 2 1 0 5 6 8]
 [2 0 8 6 9 7 4 1 3]
 [9 1 6 4 5 8 2 0 7]
 [5 6 1 3 0 2 8 7 9]
 [8 3 7 0 0 4 6 5 2]
 [0 2 9 7 6 0 3 4 1]
 [4 8 3 9 7 5 1 2 0]
 [7 5 0 1 4 3 9 8 6]
 [1 9 2 8 0 6 7 3 4]]
Number of cells unfilled: 11
Accuracy: 86.41975308641975
Sample: 54780
Question:
[[0 5 8 0 0 4 0 0 0]
 [9 1 0 7 0 8 0 0 0]
 [4 0 7 0 0 0 1 0 0]
 [8 0 0 1 0 9 0 7 4]
 [0 4 0 0 0 5 0 0 0]
 [0 7 0 8 0 0 9 5 0]
 [0 0 0 9 5 0 0 2 0]
 [0 0 0 0 0 0 7 3 0]
 [0 0 0 0 0 0 0 0 0]]
Solution:
[[3 7 4 2 1 0 5 6 8]
 [2 0 8 5 9 7 4 1 3]
 [9 1 6 4 3 8 2 0 7]
 [5 6 1 3 0 2 8 7 9]
 [8 3 7 0 0 4 6 5 2]
 [0 2 9 7 6 0 3 4 1]
 [4 8 3 9 7 5 1 2 0]
 [7 5 0 1 4 3 9 8 6]
 [1 9 2 8 0 6 7 3 5]]
Number of cells unfilled: 11
Accuracy: 86.41975308641975
Sample: 54781
Question:
[[0 5 8 0 6 4 0 0 0]
 [7 0 0 8 2 0 0 0 0]
 [0 0 2 0 0 7 0 0 0]
 [2 0 4 0 7 8 0 0 0]
 [6 7 0 0 5 0 2 0 0]
 [0 0 0 0 0 0 4 0 0]
 [5 4 0 0 0 0 1 0 9]
 [0 0 0 6 0 0 0 0 0]
 [8 0 0 0 0 5 0 0 2]]
Solution:
[[3 7 4 2 1 0 5 6 8]
 [2 0 8 6 9 7 4 1 3]
 [9 1 6 4 3 8 2 0 7]
 [5 6 1 3 0 2 8 7 9]
 [8 3 7 0 0 4 6 5 2]
 [0 2 9 7 6 0 3 4 1]
 [4 8 3 9 7 5 1 2 0]
 [7 5 0 1 4 3 9 8 6]
 [1 9 2 8 0 6 7 3 5]]
Number of cells unfilled: 11
Accuracy: 86.41975308641975
Sample: 54782
Question:
[[0 6 0 0 0 0 3 8 0]
 [0 0 0 0 5 0 0 0 6]
 [0 7 3 0 0 0 1 0 5]
 [6 5 0 0 0 0 0 3 1]
 [8 0 0 0 0 0 7 0 0]
 [0 3 0 5 0 0 0 0 8]
 [0 8 0 6 0 0 0 0 0]
 [0 1 5 2 9 0 0 6 0]
 [0 0 0 1 0 0 0 0 7]]
Solution:
[[3 7 4 2 1 0 5 6 8]
 [2 0 8 6 9 7 4 1 3]
 [9 1 6 4 5 8 2 0 7]
 [5 6 1 3 0 9 8 7 2]
 [8 3 7 0 2 4 6 5 9]
 [0 2 9 7 6 0 3 4 1]
 [4 8 3 9 7 5 1 2 0]
 [7 5 0 1 4 2 9 8 6]
 [1 9 2 8 0 6 7 3 5]]
Number of cells unfilled: 10
Accuracy: 87.65432098765432
Sample: 54783
Question:
[[0 6 0 0 0 0 4 5 0]
 [4 0 0 0 5 0 2 0 8]
 [0 2 0 8 0 0 0 9 6]
 [0 0 0 0 0 0 0 0 0]
 [0 0 0 0 8 3 9 0 0]
 [9 0 4 0 0 7 0 0 0]
 [8 9 0 0 0 0 0 2 0]
 [0 0 6 0 4 9 0 0 0]
 [0 0 5 2 0 0 6 0 0]]
Solution:
[[3 7 4 2 1 0 5 6 8]
 [2 0 8 6 9 7 4 1 3]
 [9 1 6 4 5 8 2 0 7]
 [5 6 1 3 2 9 8 7 0]
 [8 3 7 5 0 4 6 9 2]
 [0 2 9 7 6 0 3 4 1]
 [4 8 3 9 7 5 1 2 0]
 [7 5 0 1 4 3 9 8 6]
 [1 9 2 8 0 6 7 3 5]]
Number of cells unfilled: 10
Accuracy: 87.65432098765432
Sample: 54784
Question:
[[0 6 0 0 0 1 9 0 3]
 [0 0 0 2 3 0 1 6 0]
 [0 0 0 9 0 0 0 5 2]
 [5 1 0 0 2 0 0 0 0]
 [3 0 9 1 6 0 2 0 0]
 [0 0 0 5 0 0 0 9 0]
 [7 0 0 0 0 5 0 0 0]
 [8 3 1 0 0 0 0 0 0]
 [0 0 0 0 0 0 0 0 0]]
Solution:
[[3 7 4 2 1 0 5 6 8]
 [2 0 8 6 9 7 4 1 3]
 [9 1 6 4 5 8 2 0 7]
 [5 6 1 3 0 9 8 7 2]
 [8 3 7 0 2 4 6 5 9]
 [0 2 9 7 6 0 3 4 1]
 [4 8 3 9 7 5 1 2 0]
 [7 5 0 1 4 3 9 8 6]
 [1 9 2 8 0 6 7 3 5]]
Number of cells unfilled: 10
Accuracy: 87.65432098765432
Sample: 54785
Question:
[[0 6 0 0 3 2 0 0 4]
 [0 0 0 7 8 0 0 0 6]
 [0 0 7 0 0 0 8 3 0]
 [0 0 0 0 0 0 7 6 0]
 [0 0 0 8 0 0 4 0 3]
 [0 0 0 0 0 4 0 8 2]
 [0 9 1 0 6 0 0 0 0]
 [0 0 2 0 4 0 0 0 7]
 [0 0 0 3 0 0 0 2 0]]
Solution:
[[3 7 4 2 1 0 5 6 8]
 [2 0 8 5 9 7 4 1 3]
 [9 1 6 4 3 8 2 0 7]
 [5 6 1 3 0 9 8 7 2]
 [8 3 7 0 2 4 6 5 9]
 [0 2 9 7 6 0 3 4 1]
 [4 8 3 9 7 5 1 2 0]
 [7 5 0 1 4 3 9 8 6]
 [1 9 2 8 0 6 7 3 4]]
Number of cells unfilled: 10
Accuracy: 87.65432098765432
Sample: 54786
Question:
[[0 6 0 0 5 0 0 0 0]
 [0 0 0 0 0 8 6 1 0]
 [8 0 0 0 0 9 0 0 2]
 [0 0 0 0 0 0 0 0 0]
 [0 0 0 9 0 2 5 7 0]
 [0 0 0 0 1 0 0 3 0]
 [0 8 1 2 0 0 0 6 0]
 [2 5 0 0 6 1 9 0 0]
 [0 0 9 8 0 5 0 0 0]]
Solution:
[[3 7 4 2 1 0 5 6 8]
 [2 0 8 5 9 7 4 1 3]
 [9 1 6 4 3 8 2 0 7]
 [5 6 1 3 0 9 8 7 2]
 [8 3 7 0 2 4 6 5 9]
 [0 2 9 7 6 0 3 4 1]
 [4 8 3 9 7 5 1 2 0]
 [7 5 0 1 4 2 9 8 6]
 [1 9 2 8 0 6 7 3 4]]
Number of cells unfilled: 10
Accuracy: 87.65432098765432
Sample: 54787
Question:
[[0 6 0 0 5 0 1 0 0]
 [7 0 0 0 0 0 0 0 0]
 [0 1 0 4 6 0 3 0 2]
 [0 5 9 0 1 0 0 0 0]
 [4 0 6 9 7 0 0 0 0]
 [0 0 0 5 0 0 0 0 4]
 [5 0 1 0 9 0 0 0 0]
 [0 9 0 0 0 1 0 0 0]
 [0 4 7 6 0 0 0 0 0]]
Solution:
[[3 7 4 2 1 0 5 6 8]
 [2 0 8 6 9 7 4 1 3]
 [9 1 6 4 5 8 2 0 7]
 [5 6 1 3 2 0 8 7 9]
 [8 3 7 0 0 4 6 5 2]
 [0 2 9 7 6 0 3 4 1]
 [4 8 3 9 7 5 1 2 0]
 [7 5 0 1 4 3 9 8 6]
 [1 9 2 8 0 6 7 3 4]]
Number of cells unfilled: 11
Accuracy: 86.41975308641975
Sample: 54788
Question:
[[0 6 0 2 0 5 0 0 0]
 [0 0 1 4 6 0 0 0 0]
 [0 0 0 0 3 1 0 0 0]
 [5 0 0 0 0 0 8 7 0]
 [4 0 0 0 2 0 0 3 0]
 [0 0 6 0 0 3 0 4 0]
 [0 3 0 0 4 2 5 0 0]
 [1 0 0 0 0 0 0 0 0]
 [0 5 4 1 0 6 0 0 0]]
Solution:
[[3 7 4 2 1 0 5 6 8]
 [2 0 8 5 9 7 4 1 3]
 [9 1 6 4 3 8 2 0 7]
 [5 6 1 3 2 0 8 7 9]
 [8 3 7 0 0 4 6 5 2]
 [0 2 9 7 6 0 3 4 1]
 [4 8 3 9 7 5 1 2 0]
 [7 5 0 1 4 2 9 8 6]
 [1 9 2 8 0 6 7 3 5]]
Number of cells unfilled: 11
Accuracy: 86.41975308641975
Sample: 54789
Question:
[[0 6 1 8 0 0 0 5 0]
 [0 0 0 0 6 0 8 0 1]
 [5 0 0 0 0 9 0 0 0]
 [0 0 0 0 0 0 0 0 0]
 [0 1 0 0 0 0 9 8 7]
 [0 0 0 0 0 1 0 0 2]
 [0 5 9 0 1 0 3 0 0]
 [0 0 6 5 0 3 0 0 8]
 [3 8 0 6 9 0 0 0 0]]
Solution:
[[3 7 4 2 1 0 0 6 8]
 [2 0 8 6 9 7 4 1 3]
 [9 1 6 4 3 8 5 0 2]
 [5 6 1 3 2 0 8 7 9]
 [8 3 7 0 0 4 6 0 5]
 [0 2 9 7 6 0 3 4 1]
 [4 8 3 9 7 5 1 2 0]
 [7 5 0 1 4 3 9 8 6]
 [1 9 2 8 0 6 7 3 4]]
Number of cells unfilled: 13
Accuracy: 83.9506172839506
Sample: 54790
Question:
[[0 6 2 3 0 5 0 0 0]
 [0 0 4 9 2 0 0 0 0]
 [5 9 0 0 6 4 0 3 0]
 [0 0 0 0 0 0 1 6 5]
 [9 0 0 0 0 0 7 0 0]
 [0 0 0 0 0 0 0 0 0]
 [0 2 0 0 0 0 9 0 0]
 [6 0 0 4 5 0 0 0 0]
 [0 3 5 0 0 2 0 0 4]]
Solution:
[[3 7 4 2 1 0 5 6 8]
 [2 0 8 6 9 7 4 1 3]
 [9 1 6 4 5 8 2 0 7]
 [5 6 1 3 0 2 8 7 9]
 [8 3 7 0 0 4 6 5 2]
 [0 2 9 7 6 0 3 4 1]
 [4 8 3 9 7 5 1 2 0]
 [7 5 0 1 4 3 9 8 6]
 [1 9 2 8 0 6 7 3 4]]
Number of cells unfilled: 11
Accuracy: 86.41975308641975
Sample: 54791
Question:
[[0 6 5 0 0 0 2 0 0]
 [0 8 0 0 0 0 0 5 3]
 [4 0 0 2 0 0 8 0 0]
 [3 0 0 0 0 0 0 6 0]
 [0 5 0 0 2 0 3 8 0]
 [0 2 0 0 0 0 4 0 5]
 [0 0 8 0 4 0 6 0 0]
 [0 0 2 1 9 0 0 0 0]
 [0 3 0 0 8 0 0 0 4]]
Solution:
[[3 7 4 2 1 0 5 6 8]
 [2 0 8 5 9 7 4 1 3]
 [9 1 6 4 3 8 2 0 7]
 [5 6 1 3 2 0 8 7 9]
 [8 3 7 0 0 4 6 5 2]
 [0 2 9 7 6 0 3 4 1]
 [4 8 3 9 7 5 1 2 0]
 [7 5 0 1 4 2 9 8 6]
 [1 9 2 8 0 6 7 3 5]]
Number of cells unfilled: 11
Accuracy: 86.41975308641975
Sample: 54792
Question:
[[0 6 5 0 1 0 0 0 9]
 [4 0 1 9 0 5 0 0 2]
 [0 0 0 0 4 0 0 0 0]
 [1 0 0 0 5 9 4 0 0]
 [0 0 0 6 2 0 9 0 1]
 [0 2 0 4 0 0 0 6 5]
 [0 0 3 0 0 0 0 5 6]
 [0 0 0 0 0 0 0 0 0]
 [0 0 7 0 0 0 0 0 4]]
Solution:
[[3 7 4 2 1 0 5 6 8]
 [2 0 8 6 9 7 4 1 3]
 [9 1 6 4 5 8 2 0 7]
 [5 6 1 3 2 0 8 7 9]
 [8 3 7 0 0 4 6 5 2]
 [0 2 9 7 6 0 3 4 1]
 [4 8 3 9 7 5 1 2 0]
 [7 5 0 1 4 2 9 8 6]
 [1 9 2 8 0 6 7 3 5]]
Number of cells unfilled: 11
Accuracy: 86.41975308641975
Sample: 54793
Question:
[[0 6 7 0 1 9 0 0 4]
 [4 0 9 8 6 0 0 0 0]
 [0 8 0 7 0 0 6 0 0]
 [0 1 0 0 0 0 0 3 0]
 [0 0 0 0 0 0 0 0 0]
 [0 0 0 0 0 0 0 5 8]
 [0 0 1 0 7 8 0 0 0]
 [9 0 0 0 4 0 0 1 0]
 [0 0 8 9 0 0 0 4 7]]
Solution:
[[3 7 4 2 1 0 5 6 8]
 [2 0 8 5 9 7 4 1 3]
 [9 1 6 4 3 8 2 0 7]
 [5 6 1 3 0 9 8 7 2]
 [8 3 7 0 2 4 6 9 5]
 [0 2 9 7 6 0 3 4 1]
 [4 8 3 9 7 5 1 2 0]
 [7 5 0 1 4 2 9 8 6]
 [1 9 2 8 0 6 7 3 4]]
Number of cells unfilled: 10
Accuracy: 87.65432098765432
Sample: 54794
Question:
[[0 6 8 3 0 0 0 0 4]
 [9 0 1 4 0 6 0 0 0]
 [0 0 0 0 8 1 0 0 0]
 [0 0 4 0 0 0 2 0 5]
 [0 0 3 9 0 0 6 0 0]
 [8 0 0 0 0 0 3 0 0]
 [0 0 0 0 0 9 0 0 0]
 [4 3 0 6 1 0 0 0 0]
 [1 0 0 8 0 3 4 0 0]]
Solution:
[[3 7 4 2 1 0 0 6 8]
 [2 0 8 6 9 7 4 1 3]
 [9 1 6 4 3 8 2 5 7]
 [5 6 1 3 0 2 8 7 9]
 [8 3 7 0 0 4 6 0 5]
 [0 2 9 7 6 0 3 4 1]
 [4 8 3 9 7 5 1 2 0]
 [7 5 0 1 4 3 9 8 6]
 [1 9 2 8 0 6 7 3 4]]
Number of cells unfilled: 12
Accuracy: 85.18518518518519
Sample: 54795
Question:
[[0 7 0 0 0 0 0 0 0]
 [9 5 0 0 0 0 4 0 6]
 [2 0 0 0 1 0 5 0 0]
 [3 1 0 0 9 5 0 0 2]
 [0 0 0 0 2 0 0 0 9]
 [0 0 0 7 0 3 0 5 0]
 [0 0 2 3 5 0 0 0 0]
 [0 0 7 9 0 1 0 0 0]
 [0 3 0 0 7 2 0 0 0]]
Solution:
[[3 7 4 2 1 0 5 6 8]
 [2 0 8 6 9 7 4 1 3]
 [9 1 6 4 5 8 2 0 7]
 [5 6 1 3 2 0 8 7 9]
 [8 3 7 0 0 4 6 5 2]
 [0 2 9 7 6 0 3 4 1]
 [4 8 3 9 7 5 1 2 0]
 [7 5 0 1 4 3 9 8 6]
 [1 9 2 8 0 6 7 3 4]]
Number of cells unfilled: 11
Accuracy: 86.41975308641975
Sample: 54796
Question:
[[0 7 0 0 0 1 9 2 0]
 [0 0 0 5 0 0 0 0 0]
 [0 0 0 0 2 7 6 0 5]
 [0 0 0 0 0 2 5 1 0]
 [0 0 0 0 5 0 0 6 2]
 [0 0 0 0 0 6 7 0 9]
 [4 8 0 7 0 0 0 0 0]
 [1 0 0 0 0 0 0 9 0]
 [2 0 0 0 6 0 1 0 0]]
Solution:
[[3 7 4 2 1 0 0 6 8]
 [2 0 8 6 9 7 4 1 3]
 [9 1 6 4 3 8 2 5 7]
 [5 6 1 3 0 9 8 7 2]
 [8 3 7 5 2 4 6 9 0]
 [0 2 9 7 6 0 3 4 1]
 [4 8 3 9 7 5 1 2 0]
 [7 5 0 1 4 3 9 8 6]
 [1 9 2 8 0 6 7 3 5]]
Number of cells unfilled: 10
Accuracy: 87.65432098765432
Sample: 54797
Question:
[[0 7 0 0 5 0 8 0 0]
 [5 0 0 9 0 7 0 3 0]
 [9 3 0 0 6 8 0 0 0]
 [0 0 0 0 0 0 0 6 4]
 [0 0 0 0 0 6 0 0 0]
 [0 0 7 0 0 0 0 0 2]
 [0 9 5 0 0 3 6 0 7]
 [6 8 0 0 9 0 0 5 3]
 [0 0 0 0 0 0 0 0 0]]
Solution:
[[3 7 4 2 1 0 5 6 8]
 [2 0 8 5 9 7 4 1 3]
 [9 1 6 4 3 8 2 0 7]
 [5 6 1 3 0 2 8 7 9]
 [8 3 7 0 0 4 6 5 2]
 [0 2 9 7 6 0 3 4 1]
 [4 8 3 9 7 5 1 2 0]
 [7 5 0 1 4 3 9 8 6]
 [1 9 2 8 0 6 7 3 5]]
Number of cells unfilled: 11
Accuracy: 86.41975308641975
Sample: 54798
Question:
[[0 7 0 0 6 0 0 0 0]
 [0 0 0 0 3 2 0 0 0]
 [0 0 0 0 0 0 0 0 0]
 [0 0 7 4 0 0 0 8 0]
 [1 0 5 0 0 0 0 2 4]
 [8 4 0 0 2 5 1 0 7]
 [0 0 0 0 0 0 2 0 0]
 [0 8 1 0 7 0 0 0 5]
 [2 0 0 0 5 8 0 1 0]]
Solution:
[[3 7 4 2 1 0 0 6 8]
 [2 0 8 6 9 7 4 5 3]
 [9 1 6 4 3 8 2 0 7]
 [5 6 1 3 0 2 8 7 0]
 [8 3 7 5 0 4 6 9 2]
 [0 2 9 7 6 0 3 4 1]
 [4 8 3 9 7 5 1 2 0]
 [7 5 0 1 4 3 9 8 6]
 [1 9 2 8 0 6 7 3 5]]
Number of cells unfilled: 12
Accuracy: 85.18518518518519
Sample: 54799
Question:
[[0 7 1 0 0 0 0 0 8]
 [0 0 0 0 0 0 0 0 0]
 [0 0 0 0 1 0 0 2 6]
 [0 0 0 2 3 0 0 5 0]
 [3 0 0 9 0 1 0 0 0]
 [9 2 0 0 7 5 0 0 0]
 [1 0 2 0 0 3 0 0 0]
 [7 5 0 0 9 0 3 0 2]
 [0 9 0 0 0 0 0 7 1]]
Solution:
[[3 7 4 2 1 0 5 6 8]
 [2 0 8 6 9 7 4 1 3]
 [9 1 6 4 3 8 2 0 7]
 [5 6 1 3 2 0 8 7 9]
 [8 3 7 0 0 4 6 5 2]
 [0 2 9 7 6 0 3 4 1]
 [4 8 3 9 7 5 1 2 0]
 [7 5 0 1 4 2 9 8 6]
 [1 9 2 8 0 6 7 3 4]]
Number of cells unfilled: 11
Accuracy: 86.41975308641975
Sample: 54800
Question:
[[0 7 4 2 1 0 0 0 8]
 [2 0 8 0 9 0 0 0 0]
 [9 1 0 4 0 8 0 0 0]
 [0 0 0 0 0 0 0 0 0]
 [0 0 7 0 0 0 6 0 0]
 [0 0 0 7 0 0 3 4 1]
 [4 0 0 9 7 0 1 2 0]
 [0 0 0 0 4 0 0 0 0]
 [0 9 2 0 0 0 7 0 0]]
Solution:
[[3 7 4 2 1 0 0 6 8]
 [2 0 8 6 9 7 4 1 3]
 [9 1 6 4 3 8 5 0 7]
 [5 6 1 3 0 9 8 7 2]
 [8 3 7 0 2 4 6 5 9]
 [0 2 9 7 6 0 3 4 1]
 [4 8 3 9 7 5 1 2 0]
 [7 5 0 1 4 3 9 8 6]
 [1 9 2 8 0 6 7 3 5]]
Number of cells unfilled: 11
Accuracy: 86.41975308641975
