2025-10-22 15:24:51.200987: I tensorflow/core/util/port.cc:153] oneDNN custom operations are on. You may see slightly different numerical results due to floating-point round-off errors from different computation orders. To turn them off, set the environment variable `TF_ENABLE_ONEDNN_OPTS=0`.
2025-10-22 15:24:52.033984: I tensorflow/core/platform/cpu_feature_guard.cc:210] This TensorFlow binary is optimized to use available CPU instructions in performance-critical operations.
To enable the following instructions: AVX2 AVX512F AVX512_VNNI FMA, in other operations, rebuild TensorFlow with the appropriate compiler flags.
2025-10-22 15:24:56.842084: I tensorflow/core/util/port.cc:153] oneDNN custom operations are on. You may see slightly different numerical results due to floating-point round-off errors from different computation orders. To turn them off, set the environment variable `TF_ENABLE_ONEDNN_OPTS=0`.
2025-10-22 15:25:02.101229: E external/local_xla/xla/stream_executor/cuda/cuda_platform.cc:51] failed call to cuInit: INTERNAL: CUDA error: Failed call to cuInit: UNKNOWN ERROR (303)
Sample: 54901
Question:
[[5 0 0 3 0 6 1 0 0]
 [0 4 0 0 0 8 0 0 0]
 [0 0 0 0 0 5 0 0 7]
 [7 0 2 0 0 0 0 1 5]
 [0 5 0 1 0 0 0 8 0]
 [0 0 8 0 0 0 2 0 4]
 [2 8 0 0 0 0 0 5 0]
 [0 7 0 0 0 0 0 0 2]
 [1 0 4 0 0 0 0 7 0]]
Solution:
[[0 6 8 4 5 9 0 3 7]
 [9 7 3 0 8 1 2 5 6]
 [2 1 5 7 3 6 4 9 8]
 [0 8 4 3 1 0 7 6 0]
 [5 0 9 0 7 2 1 8 4]
 [1 3 7 8 6 4 5 2 9]
 [8 5 2 0 4 3 9 7 1]
 [4 9 0 1 2 5 6 0 3]
 [7 0 1 6 9 8 0 4 2]]
Number of cells unfilled: 13
Accuracy: 83.9506172839506
Sample: 54902
Question:
[[5 0 0 3 4 0 0 0 0]
 [0 0 0 7 0 8 4 0 0]
 [7 0 0 0 9 5 0 0 8]
 [0 0 5 0 0 0 3 9 0]
 [3 0 4 5 0 0 0 0 7]
 [9 8 0 0 7 0 0 0 0]
 [0 0 0 9 0 0 8 1 0]
 [0 0 0 0 0 0 0 0 0]
 [0 9 3 0 0 0 0 6 0]]
Solution:
[[0 6 8 4 5 9 0 3 7]
 [9 7 3 0 8 1 2 5 6]
 [2 0 5 7 3 6 4 1 8]
 [0 8 0 3 1 4 7 6 9]
 [5 0 9 0 7 2 1 8 4]
 [1 3 4 8 6 0 5 2 0]
 [8 5 2 0 4 3 9 7 1]
 [4 9 0 1 2 5 6 0 3]
 [7 0 1 6 9 8 0 4 2]]
Number of cells unfilled: 15
Accuracy: 81.48148148148148
Sample: 54903
Question:
[[5 0 0 4 0 9 0 3 0]
 [0 1 4 0 0 0 0 0 0]
 [0 0 9 0 1 8 0 5 0]
 [0 0 0 0 9 2 3 0 0]
 [0 0 0 0 0 6 0 0 8]
 [0 0 0 0 0 0 0 0 0]
 [4 9 0 0 3 0 0 8 1]
 [0 5 8 0 0 1 4 0 0]
 [0 0 3 0 0 0 5 9 0]]
Solution:
[[0 6 8 4 5 9 0 3 7]
 [9 7 3 0 8 1 2 5 6]
 [2 1 5 7 3 6 4 9 8]
 [0 8 0 3 1 4 7 6 9]
 [5 0 9 0 7 2 1 8 4]
 [1 3 4 8 6 0 5 2 0]
 [8 5 2 0 4 3 9 7 1]
 [4 9 0 1 2 5 6 0 3]
 [7 0 1 6 9 8 0 4 2]]
Number of cells unfilled: 14
Accuracy: 82.71604938271605
Sample: 54904
Question:
[[5 0 2 1 0 0 0 0 7]
 [0 0 4 0 0 6 0 0 1]
 [0 0 1 4 0 0 0 9 0]
 [0 0 0 9 8 0 0 0 0]
 [7 0 0 0 0 1 4 0 9]
 [0 0 0 0 0 7 0 6 8]
 [0 0 0 0 0 9 0 8 0]
 [0 0 0 7 6 0 0 0 0]
 [0 0 0 8 0 4 1 0 0]]
Solution:
[[0 6 8 4 5 9 0 3 7]
 [9 7 3 0 8 1 2 5 6]
 [2 1 5 7 3 6 4 9 8]
 [0 8 4 3 1 0 7 6 0]
 [5 0 9 0 7 2 1 8 4]
 [1 3 7 8 6 4 5 2 9]
 [8 5 2 0 4 3 9 7 1]
 [4 9 0 1 2 5 6 0 3]
 [7 0 1 6 9 8 0 4 2]]
Number of cells unfilled: 13
Accuracy: 83.9506172839506
Sample: 54905
Question:
[[5 0 4 3 0 0 0 0 2]
 [3 1 0 5 0 0 0 0 0]
 [0 6 2 0 4 0 0 0 0]
 [6 0 3 0 0 0 2 0 0]
 [4 2 0 0 0 0 5 0 0]
 [0 5 1 0 0 0 0 6 0]
 [0 0 0 7 0 9 4 0 5]
 [1 0 0 0 0 4 0 0 3]
 [0 0 0 0 0 0 6 0 0]]
Solution:
[[0 6 8 4 5 9 0 3 7]
 [9 7 3 0 8 1 2 5 6]
 [2 1 5 7 3 6 4 9 8]
 [0 8 4 3 1 0 7 6 0]
 [5 0 9 0 7 2 1 8 4]
 [1 3 7 8 6 4 5 2 9]
 [8 5 2 0 4 3 9 7 1]
 [4 9 0 1 2 5 6 0 3]
 [7 0 1 6 9 8 0 4 2]]
Number of cells unfilled: 13
Accuracy: 83.9506172839506
Sample: 54906
Question:
[[5 0 4 7 0 3 0 0 0]
 [9 7 0 1 0 0 0 0 0]
 [0 3 1 0 0 9 0 5 0]
 [0 0 0 0 9 4 0 0 2]
 [0 0 0 0 0 0 0 0 0]
 [0 0 9 0 0 0 0 3 8]
 [0 0 7 4 0 5 1 0 3]
 [0 0 0 0 0 7 0 4 9]
 [1 0 0 0 3 0 0 0 0]]
Solution:
[[0 6 8 4 5 9 0 3 7]
 [9 7 3 0 8 1 2 5 6]
 [2 1 5 7 3 6 4 9 8]
 [0 8 0 3 1 4 7 6 9]
 [5 0 9 0 7 2 1 8 4]
 [1 3 7 8 6 0 5 2 0]
 [8 5 2 0 4 3 9 7 1]
 [4 9 0 1 2 5 6 0 3]
 [7 0 1 6 9 8 0 4 2]]
Number of cells unfilled: 14
Accuracy: 82.71604938271605
Sample: 54907
Question:
[[5 0 7 0 0 0 8 0 0]
 [0 4 9 0 8 5 0 7 3]
 [3 0 0 4 0 0 9 0 0]
 [0 0 0 0 2 8 0 0 0]
 [0 3 0 0 1 0 0 0 0]
 [0 0 5 0 0 0 0 0 0]
 [0 0 0 0 0 0 0 8 0]
 [7 9 0 0 3 0 0 0 5]
 [4 0 8 0 5 9 7 0 0]]
Solution:
[[0 6 8 4 5 9 0 3 7]
 [9 7 3 0 8 1 2 5 6]
 [2 1 5 7 3 6 4 9 8]
 [0 8 4 3 1 0 7 6 0]
 [5 0 9 0 7 2 1 8 4]
 [1 3 7 8 6 4 5 2 9]
 [8 5 2 0 4 3 9 7 1]
 [4 9 0 1 2 5 6 0 3]
 [7 0 1 6 9 8 0 4 2]]
Number of cells unfilled: 13
Accuracy: 83.9506172839506
Sample: 54908
Question:
[[5 0 8 0 6 0 0 0 0]
 [0 0 0 0 0 0 7 0 0]
 [0 7 3 5 9 0 0 0 8]
 [7 0 6 0 0 3 9 0 5]
 [0 5 0 0 7 0 8 6 0]
 [0 8 9 0 0 0 0 3 0]
 [0 0 0 0 0 0 0 0 0]
 [6 0 0 0 4 0 0 0 0]
 [0 0 0 7 2 9 0 0 0]]
Solution:
[[0 6 8 4 5 9 0 3 7]
 [9 7 3 0 8 1 2 5 6]
 [2 1 5 7 3 6 4 9 8]
 [0 8 0 3 1 4 7 6 9]
 [5 0 9 0 7 2 1 8 4]
 [1 3 4 8 6 0 5 2 0]
 [8 5 2 0 4 3 9 7 1]
 [4 9 0 1 2 5 6 0 3]
 [7 0 1 6 9 8 0 4 2]]
Number of cells unfilled: 14
Accuracy: 82.71604938271605
Sample: 54909
Question:
[[5 9 0 0 4 0 0 0 0]
 [0 1 4 0 8 0 0 0 0]
 [3 0 8 9 0 0 0 0 0]
 [1 8 0 0 3 4 5 0 0]
 [4 0 9 0 0 0 0 1 0]
 [0 5 0 0 0 0 8 0 0]
 [0 0 0 0 1 8 6 0 2]
 [0 0 0 0 9 0 0 0 0]
 [0 3 0 0 0 5 0 0 1]]
Solution:
[[0 6 8 4 5 9 0 3 7]
 [9 7 3 0 8 1 2 5 6]
 [2 1 5 7 3 6 4 9 8]
 [0 8 0 3 1 4 7 6 9]
 [5 0 9 0 7 2 1 8 4]
 [1 3 7 9 6 0 5 2 0]
 [8 5 2 0 4 3 9 7 1]
 [4 9 0 1 2 5 6 0 3]
 [7 0 1 6 9 8 0 4 2]]
Number of cells unfilled: 14
Accuracy: 82.71604938271605
Sample: 54910
Question:
[[6 0 0 0 0 0 4 0 7]
 [0 0 0 0 0 0 0 6 0]
 [0 5 4 0 0 0 0 9 0]
 [2 6 0 0 0 0 0 0 5]
 [0 0 5 0 0 9 0 2 0]
 [7 0 9 5 0 0 0 4 6]
 [0 7 0 0 0 0 2 0 0]
 [0 9 0 0 1 3 0 7 0]
 [4 0 0 0 7 0 0 5 0]]
Solution:
[[0 6 8 4 5 9 0 3 7]
 [9 7 3 0 8 1 2 5 6]
 [2 1 5 7 3 6 4 9 8]
 [0 8 4 3 1 0 7 6 0]
 [5 0 9 0 7 2 1 8 4]
 [1 3 7 8 6 4 5 2 9]
 [8 5 2 0 4 3 9 7 1]
 [4 9 0 1 2 5 6 0 3]
 [7 0 1 6 9 8 0 4 2]]
Number of cells unfilled: 13
Accuracy: 83.9506172839506
Sample: 54911
Question:
[[6 0 0 0 0 1 0 7 9]
 [0 1 7 0 9 0 5 3 0]
 [0 0 0 0 3 0 6 0 0]
 [1 5 0 3 0 0 0 0 0]
 [0 0 0 0 5 7 9 1 0]
 [0 0 9 6 0 0 0 0 3]
 [0 2 0 1 0 5 0 0 0]
 [7 4 0 0 0 0 0 0 5]
 [0 0 0 0 0 0 0 0 0]]
Solution:
[[0 6 8 4 5 9 0 3 7]
 [9 7 3 0 8 1 2 5 6]
 [2 1 5 7 3 6 4 9 8]
 [0 8 0 3 1 4 7 6 9]
 [5 0 9 0 7 2 1 8 4]
 [1 3 4 8 6 0 5 2 0]
 [8 5 2 0 4 3 9 7 1]
 [4 9 0 1 2 5 6 0 3]
 [7 0 1 6 9 8 0 4 2]]
Number of cells unfilled: 14
Accuracy: 82.71604938271605
Sample: 54912
Question:
[[6 0 0 0 2 0 0 5 0]
 [0 1 0 3 0 5 0 0 0]
 [2 0 0 0 0 1 3 0 4]
 [0 0 0 0 0 0 1 0 7]
 [3 4 0 0 0 0 0 0 9]
 [0 0 0 0 0 0 0 0 0]
 [0 0 5 2 0 4 0 1 3]
 [4 3 0 1 5 0 6 0 0]
 [0 0 2 0 0 6 0 0 0]]
Solution:
[[0 6 8 4 5 9 0 3 7]
 [9 7 3 0 8 1 2 5 6]
 [2 1 5 7 3 6 4 9 8]
 [0 8 4 3 1 0 7 6 0]
 [5 0 9 0 7 2 1 8 4]
 [1 3 7 8 6 4 5 2 9]
 [8 5 2 0 4 3 9 7 1]
 [4 9 0 1 2 5 6 0 3]
 [7 0 1 6 9 8 0 4 2]]
Number of cells unfilled: 13
Accuracy: 83.9506172839506
Sample: 54913
Question:
[[6 0 0 0 3 5 0 9 0]
 [0 0 3 1 7 0 5 6 0]
 [0 1 0 0 0 0 0 0 0]
 [0 0 9 0 0 0 0 3 6]
 [0 6 7 0 1 0 0 0 5]
 [5 3 0 9 0 0 1 7 0]
 [0 0 0 0 4 0 7 0 0]
 [0 0 0 0 0 0 0 0 0]
 [0 0 0 3 8 0 0 0 9]]
Solution:
[[0 6 8 4 5 9 0 3 7]
 [9 7 3 0 8 1 2 5 6]
 [2 1 5 7 3 6 4 9 8]
 [0 8 0 3 1 4 7 6 9]
 [5 0 9 0 7 2 1 8 4]
 [1 3 7 8 6 0 5 2 0]
 [8 5 2 0 4 3 9 7 1]
 [4 9 0 1 2 5 6 0 3]
 [7 0 1 6 9 8 0 4 2]]
Number of cells unfilled: 14
Accuracy: 82.71604938271605
Sample: 54914
Question:
[[6 0 0 2 0 0 0 1 0]
 [0 7 3 0 0 0 0 0 0]
 [2 0 0 6 0 0 7 0 8]
 [3 0 0 0 2 0 0 0 7]
 [0 8 2 0 0 0 0 3 0]
 [1 0 7 0 0 0 0 6 0]
 [0 0 6 5 4 0 2 0 0]
 [8 0 0 0 1 0 6 0 0]
 [0 0 1 0 0 0 0 0 3]]
Solution:
[[0 6 8 4 5 9 0 3 7]
 [9 7 3 0 8 1 2 5 6]
 [2 1 5 7 3 6 4 9 8]
 [0 8 4 3 1 0 7 6 0]
 [5 0 9 0 7 2 1 8 4]
 [1 3 7 8 6 4 5 2 9]
 [8 5 2 0 4 3 9 7 1]
 [4 9 0 1 2 5 6 0 3]
 [7 0 1 6 9 8 0 4 2]]
Number of cells unfilled: 13
Accuracy: 83.9506172839506
Sample: 54915
Question:
[[6 0 0 2 9 0 0 8 0]
 [0 8 9 1 0 0 2 0 7]
 [0 0 1 0 7 8 0 0 0]
 [0 2 0 0 0 9 0 0 0]
 [1 0 0 0 0 0 0 7 6]
 [0 0 7 6 1 0 9 0 0]
 [0 0 0 0 0 0 0 0 0]
 [0 6 0 0 0 0 0 0 3]
 [0 0 8 0 6 0 0 2 4]]
Solution:
[[0 6 8 4 5 9 0 3 7]
 [9 7 3 0 8 1 2 5 6]
 [2 1 5 7 3 6 4 9 8]
 [0 8 0 3 1 4 7 6 9]
 [5 0 9 0 7 2 1 8 4]
 [1 3 7 8 6 0 5 2 0]
 [8 5 2 0 4 3 9 7 1]
 [4 9 0 1 2 5 6 0 3]
 [7 0 1 6 9 8 0 4 2]]
Number of cells unfilled: 14
Accuracy: 82.71604938271605
Sample: 54916
Question:
[[6 0 0 3 0 0 0 0 4]
 [0 0 0 0 5 1 0 0 0]
 [0 5 9 4 0 0 0 0 3]
 [0 4 0 0 0 3 8 0 7]
 [0 0 1 0 0 6 0 0 0]
 [0 3 0 9 0 0 6 0 0]
 [1 0 0 0 9 0 0 0 0]
 [0 0 5 1 0 0 4 0 0]
 [3 0 4 6 0 5 0 0 0]]
Solution:
[[0 6 8 4 5 9 0 3 7]
 [9 7 3 0 8 1 2 5 6]
 [2 0 5 7 3 6 4 1 8]
 [0 8 0 3 1 4 7 6 9]
 [5 0 9 0 7 2 1 8 4]
 [1 3 4 9 6 0 5 2 0]
 [8 5 2 0 4 3 9 7 1]
 [4 9 0 1 2 5 6 0 3]
 [7 0 1 6 9 8 0 4 2]]
Number of cells unfilled: 15
Accuracy: 81.48148148148148
Sample: 54917
Question:
[[6 0 0 3 8 0 0 2 1]
 [0 0 8 0 9 0 3 0 6]
 [0 2 0 0 0 0 0 0 0]
 [0 0 0 0 0 9 0 6 5]
 [0 0 0 0 0 0 0 0 0]
 [0 0 0 1 0 0 0 0 4]
 [1 8 0 0 0 3 6 0 0]
 [9 0 2 0 6 8 0 0 0]
 [0 0 3 2 1 0 0 9 0]]
Solution:
[[0 6 8 4 5 9 0 3 7]
 [9 7 3 0 8 1 2 5 6]
 [2 0 5 7 3 6 4 1 8]
 [0 8 4 3 1 0 7 6 0]
 [5 0 9 0 7 2 1 8 4]
 [1 3 7 8 6 4 5 2 9]
 [8 5 2 0 4 3 9 7 1]
 [4 9 0 1 2 5 6 0 3]
 [7 0 1 6 9 8 0 4 2]]
Number of cells unfilled: 14
Accuracy: 82.71604938271605
Sample: 54918
Question:
[[6 0 2 0 0 1 0 0 4]
 [8 3 0 0 2 0 0 6 0]
 [0 0 4 3 0 0 0 0 0]
 [0 0 0 4 0 0 0 5 9]
 [1 0 0 0 8 0 0 0 0]
 [0 0 6 2 0 0 0 1 0]
 [0 6 0 0 0 8 0 0 0]
 [0 2 8 0 3 0 0 4 0]
 [3 0 1 0 4 0 0 0 0]]
Solution:
[[0 6 8 4 5 9 0 3 7]
 [9 7 3 0 8 1 2 5 6]
 [2 0 5 7 3 6 4 1 8]
 [0 8 0 3 1 4 7 6 9]
 [5 0 9 0 7 2 1 8 4]
 [1 3 7 9 6 0 5 2 0]
 [8 5 2 0 4 3 9 7 1]
 [4 9 0 1 2 5 6 0 3]
 [7 0 1 6 9 8 0 4 2]]
Number of cells unfilled: 15
Accuracy: 81.48148148148148
Sample: 54919
Question:
[[6 0 3 0 0 0 0 0 5]
 [0 9 1 0 0 0 0 6 0]
 [4 5 0 0 0 0 3 0 0]
 [1 6 0 0 5 0 0 3 0]
 [0 3 4 0 0 0 0 0 0]
 [5 0 9 0 1 0 0 4 0]
 [9 0 0 0 0 6 0 5 0]
 [0 0 0 0 0 0 4 0 0]
 [0 0 0 0 2 7 6 1 0]]
Solution:
[[0 6 8 4 5 9 0 3 7]
 [9 7 3 0 8 1 2 5 6]
 [2 1 5 7 3 6 4 9 8]
 [0 8 4 3 1 0 7 6 0]
 [5 0 9 0 7 2 1 8 4]
 [1 3 7 8 6 4 5 2 9]
 [8 5 2 0 4 3 9 7 1]
 [4 9 0 1 2 5 6 0 3]
 [7 0 1 6 9 8 0 4 2]]
Number of cells unfilled: 13
Accuracy: 83.9506172839506
Sample: 54920
Question:
[[6 0 3 1 9 0 0 0 0]
 [9 0 0 0 0 0 7 0 0]
 [8 0 0 0 4 0 0 0 0]
 [0 0 0 0 0 8 9 2 0]
 [0 0 0 0 0 0 0 1 7]
 [0 0 0 0 2 0 4 0 8]
 [0 0 1 4 0 0 8 0 0]
 [0 0 0 0 8 1 0 4 2]
 [0 0 0 2 7 0 0 0 9]]
Solution:
[[0 6 8 4 5 9 0 3 7]
 [9 7 3 0 8 1 2 5 6]
 [2 1 5 7 3 6 4 9 8]
 [0 8 0 3 1 4 7 6 9]
 [5 0 9 0 7 2 1 8 4]
 [1 3 7 8 6 0 5 2 0]
 [8 5 2 0 4 3 9 7 1]
 [4 9 0 1 2 5 6 0 3]
 [7 0 1 6 9 8 0 4 2]]
Number of cells unfilled: 14
Accuracy: 82.71604938271605
Sample: 54921
Question:
[[6 0 4 0 0 8 0 3 0]
 [0 8 3 2 6 0 0 0 1]
 [1 2 0 0 0 4 0 0 0]
 [0 0 6 0 0 0 7 0 0]
 [0 1 0 0 0 0 0 0 0]
 [0 0 0 0 0 0 5 0 4]
 [0 0 0 4 8 0 0 0 0]
 [2 0 0 0 1 0 6 0 0]
 [3 4 0 0 0 2 1 0 8]]
Solution:
[[0 6 8 4 5 9 0 3 7]
 [9 7 3 0 8 1 2 5 6]
 [2 0 5 7 3 6 4 1 8]
 [0 8 4 3 1 0 7 6 0]
 [5 0 9 0 7 2 1 8 4]
 [1 3 7 8 6 4 5 2 9]
 [8 5 2 0 4 3 9 7 1]
 [4 9 0 1 2 5 6 0 3]
 [7 0 1 6 9 8 0 4 2]]
Number of cells unfilled: 14
Accuracy: 82.71604938271605
Sample: 54922
Question:
[[6 0 5 0 0 0 0 8 4]
 [0 0 0 0 0 4 0 0 3]
 [0 0 0 0 1 0 0 2 0]
 [0 0 8 0 0 1 0 3 0]
 [0 0 2 4 0 0 0 7 0]
 [0 0 0 7 0 3 8 0 2]
 [0 0 0 2 3 0 0 0 7]
 [0 0 0 0 0 7 0 0 0]
 [0 2 0 1 0 8 0 4 0]]
Solution:
[[0 6 8 4 5 9 0 3 7]
 [9 7 3 0 8 1 2 5 6]
 [2 1 5 7 3 6 4 9 8]
 [0 8 4 3 1 0 7 6 0]
 [5 0 9 0 7 2 1 8 4]
 [1 3 7 8 6 4 5 2 9]
 [8 5 2 0 4 3 9 7 1]
 [4 9 0 1 2 5 6 0 3]
 [7 0 1 6 9 8 0 4 2]]
Number of cells unfilled: 13
Accuracy: 83.9506172839506
Sample: 54923
Question:
[[6 0 5 9 0 0 2 0 1]
 [0 0 0 0 0 1 0 0 0]
 [3 0 0 0 6 0 9 5 0]
 [0 5 0 2 0 6 0 9 0]
 [2 0 1 0 5 0 0 0 3]
 [9 6 0 3 1 0 0 0 0]
 [0 0 2 0 0 0 4 0 0]
 [0 0 0 0 0 0 8 1 0]
 [0 0 0 0 0 0 0 0 0]]
Solution:
[[0 6 8 4 5 9 0 3 7]
 [9 7 3 0 8 1 2 5 6]
 [2 1 5 7 3 6 4 9 8]
 [0 8 4 3 1 0 7 6 0]
 [5 0 9 0 7 2 1 8 4]
 [1 3 7 8 6 4 5 2 9]
 [8 5 2 0 4 3 9 7 1]
 [4 9 0 1 2 5 6 0 3]
 [7 0 1 6 9 8 0 4 2]]
Number of cells unfilled: 13
Accuracy: 83.9506172839506
Sample: 54924
Question:
[[6 0 7 0 4 0 0 0 0]
 [5 0 0 0 0 1 0 0 0]
 [0 0 0 0 0 0 0 0 0]
 [0 0 0 0 2 0 1 9 0]
 [0 0 0 7 9 0 4 0 8]
 [0 0 4 1 0 8 0 7 2]
 [1 0 8 9 0 0 0 0 0]
 [7 2 0 4 8 0 0 0 9]
 [0 0 0 0 0 7 2 0 0]]
Solution:
[[0 6 8 4 5 9 0 3 7]
 [9 7 3 0 8 1 2 5 6]
 [2 1 5 7 3 6 4 9 8]
 [0 8 4 3 1 0 7 6 0]
 [5 0 9 0 7 2 1 8 4]
 [1 3 7 8 6 4 5 2 9]
 [8 5 2 0 4 3 9 7 1]
 [4 9 0 1 2 5 6 0 3]
 [7 0 1 6 9 8 0 4 2]]
Number of cells unfilled: 13
Accuracy: 83.9506172839506
Sample: 54925
Question:
[[6 0 9 0 7 0 0 0 0]
 [0 0 0 0 0 0 9 0 0]
 [0 0 0 8 1 0 0 0 0]
 [0 6 0 0 0 0 0 0 0]
 [0 9 4 0 8 3 0 0 5]
 [3 0 5 9 6 0 0 0 0]
 [0 3 0 0 0 0 6 5 0]
 [0 5 8 0 0 0 4 0 9]
 [0 0 0 4 0 0 0 8 3]]
Solution:
[[0 6 8 4 5 9 0 3 7]
 [9 7 3 0 8 1 2 5 6]
 [2 0 5 7 3 6 4 1 8]
 [0 8 0 3 1 4 7 6 9]
 [5 0 9 0 7 2 1 8 4]
 [1 3 7 9 6 0 5 2 0]
 [8 5 2 0 4 3 9 7 1]
 [4 9 0 1 2 5 6 0 3]
 [7 0 1 6 9 8 0 4 2]]
Number of cells unfilled: 15
Accuracy: 81.48148148148148
Sample: 54926
Question:
[[6 1 0 0 3 0 4 9 0]
 [0 0 0 0 0 4 5 0 0]
 [0 0 5 9 6 0 0 0 0]
 [0 0 0 6 0 0 0 0 0]
 [3 0 9 5 1 0 0 0 0]
 [0 6 0 0 4 9 0 0 0]
 [4 0 0 0 0 1 0 0 0]
 [0 9 0 3 0 0 0 0 0]
 [5 3 0 0 0 0 2 7 0]]
Solution:
[[0 6 8 4 5 9 0 3 7]
 [9 7 3 0 8 1 2 5 6]
 [2 1 5 7 3 6 4 9 8]
 [0 8 0 3 1 4 7 6 9]
 [5 0 9 0 7 2 1 8 4]
 [1 3 4 8 6 0 5 2 0]
 [8 5 2 0 4 3 9 7 1]
 [4 9 0 1 2 5 6 0 3]
 [7 0 1 6 9 8 0 4 2]]
Number of cells unfilled: 14
Accuracy: 82.71604938271605
Sample: 54927
Question:
[[6 2 0 0 3 0 8 0 0]
 [0 0 8 4 0 0 0 0 0]
 [7 0 4 0 0 6 3 0 2]
 [0 0 0 0 0 0 9 0 4]
 [0 0 0 0 0 0 0 0 0]
 [0 8 0 0 0 0 1 0 0]
 [0 4 0 0 0 2 0 7 0]
 [0 0 2 6 8 0 0 0 3]
 [3 0 6 0 7 4 0 0 0]]
Solution:
[[0 6 8 4 5 9 0 3 7]
 [9 7 3 0 8 1 2 5 6]
 [2 1 5 7 3 6 4 9 8]
 [0 8 0 3 1 4 7 6 9]
 [5 0 9 0 7 2 1 8 4]
 [1 3 4 9 6 0 5 2 0]
 [8 5 2 0 4 3 9 7 1]
 [4 9 0 1 2 5 6 0 3]
 [7 0 1 6 9 8 0 4 2]]
Number of cells unfilled: 14
Accuracy: 82.71604938271605
Sample: 54928
Question:
[[6 4 0 0 0 0 0 0 0]
 [0 9 0 0 1 0 0 0 0]
 [0 0 0 0 0 0 0 0 0]
 [0 0 2 0 6 0 0 0 8]
 [0 0 0 7 0 3 0 2 0]
 [7 6 0 0 2 8 3 1 0]
 [8 7 0 0 0 6 0 0 3]
 [0 0 0 0 0 1 6 8 0]
 [0 1 0 3 0 0 0 7 0]]
Solution:
[[0 6 8 4 5 9 0 3 7]
 [9 7 3 0 8 1 2 5 6]
 [2 0 5 7 3 6 4 1 8]
 [0 8 0 3 1 4 7 6 9]
 [5 0 9 0 7 2 1 8 4]
 [1 3 7 9 6 0 5 2 0]
 [8 5 2 0 4 3 9 7 1]
 [4 9 0 1 2 5 6 0 3]
 [7 0 1 6 9 8 0 4 2]]
Number of cells unfilled: 15
Accuracy: 81.48148148148148
Sample: 54929
Question:
[[7 0 0 0 0 0 2 0 0]
 [0 0 0 0 0 0 0 0 0]
 [6 5 4 0 0 0 0 0 0]
 [4 0 0 8 2 0 0 9 0]
 [0 0 0 0 1 0 0 8 5]
 [0 1 0 5 0 9 4 0 0]
 [0 0 9 0 0 8 0 4 1]
 [0 0 0 4 0 0 5 2 0]
 [2 0 0 0 0 0 9 0 8]]
Solution:
[[0 6 8 4 5 9 0 3 7]
 [9 7 3 0 8 1 2 5 6]
 [2 1 5 7 3 6 4 9 8]
 [0 8 0 3 1 4 7 6 9]
 [5 0 9 0 7 2 1 8 4]
 [1 3 4 8 6 0 5 2 0]
 [8 5 2 0 4 3 9 7 1]
 [4 9 0 1 2 5 6 0 3]
 [7 0 1 6 9 8 0 4 2]]
Number of cells unfilled: 14
Accuracy: 82.71604938271605
Sample: 54930
Question:
[[7 0 0 0 0 0 8 0 0]
 [0 0 8 0 0 0 0 5 7]
 [5 4 0 0 0 7 2 0 1]
 [0 8 1 0 0 0 0 2 4]
 [0 0 0 2 0 0 0 0 0]
 [0 0 7 0 0 0 5 0 8]
 [0 0 5 0 7 0 4 0 0]
 [0 0 0 0 0 0 0 1 0]
 [0 2 4 9 6 0 0 0 0]]
Solution:
[[0 6 8 4 5 9 0 3 7]
 [9 7 3 0 8 1 2 5 6]
 [2 1 5 7 3 6 4 9 8]
 [0 8 0 3 1 4 7 6 9]
 [5 0 9 0 7 2 1 8 4]
 [1 3 7 8 6 0 5 2 0]
 [8 5 2 0 4 3 9 7 1]
 [4 9 0 1 2 5 6 0 3]
 [7 0 1 6 9 8 0 4 2]]
Number of cells unfilled: 14
Accuracy: 82.71604938271605
Sample: 54931
Question:
[[7 0 0 0 0 0 9 1 0]
 [0 9 3 0 0 0 0 5 8]
 [8 0 0 0 0 0 0 0 7]
 [0 0 1 0 0 3 5 0 0]
 [3 0 8 0 4 6 0 0 0]
 [9 0 0 0 0 0 0 0 3]
 [0 0 0 0 8 0 1 0 5]
 [0 0 0 0 0 0 0 7 9]
 [0 0 7 0 1 0 8 3 0]]
Solution:
[[0 6 8 4 5 9 0 3 7]
 [9 7 3 0 8 1 2 5 6]
 [2 0 5 7 3 6 4 1 8]
 [0 8 4 3 1 0 7 6 0]
 [5 0 9 0 7 2 1 8 4]
 [1 3 7 8 6 4 5 2 9]
 [8 5 2 0 4 3 9 7 1]
 [4 9 0 1 2 5 6 0 3]
 [7 0 1 6 9 8 0 4 2]]
Number of cells unfilled: 14
Accuracy: 82.71604938271605
Sample: 54932
Question:
[[7 0 0 0 0 6 0 0 0]
 [0 8 9 0 0 0 6 0 0]
 [0 0 1 0 8 7 0 9 5]
 [0 6 5 0 0 0 0 1 0]
 [0 9 0 0 0 0 7 0 0]
 [8 0 7 0 0 0 0 0 9]
 [0 0 0 0 4 3 0 6 1]
 [5 0 0 0 0 0 0 7 0]
 [0 1 0 0 0 0 0 0 8]]
Solution:
[[0 6 8 4 5 9 0 3 7]
 [9 7 3 0 8 1 2 5 6]
 [2 1 5 7 3 6 4 9 8]
 [0 8 0 3 1 4 7 6 9]
 [5 0 9 0 7 2 1 8 4]
 [1 3 7 8 6 0 5 2 0]
 [8 5 2 0 4 3 9 7 1]
 [4 9 0 1 2 5 6 0 3]
 [7 0 1 6 9 8 0 4 2]]
Number of cells unfilled: 14
Accuracy: 82.71604938271605
Sample: 54933
Question:
[[7 0 0 5 0 0 0 0 2]
 [0 0 2 4 3 0 0 0 6]
 [0 0 0 0 0 0 0 9 0]
 [9 2 0 0 0 0 0 1 0]
 [0 7 6 0 0 0 9 0 0]
 [5 0 1 0 0 0 0 0 0]
 [0 0 0 0 6 0 5 0 0]
 [0 1 9 7 0 0 6 2 0]
 [0 5 0 0 0 0 0 7 1]]
Solution:
[[0 6 8 4 5 9 0 3 7]
 [9 7 3 0 8 1 2 5 6]
 [2 1 5 7 3 6 4 9 8]
 [0 8 0 3 1 4 7 6 9]
 [5 0 9 0 7 2 1 8 4]
 [1 3 7 8 6 0 5 2 0]
 [8 5 2 0 4 3 9 7 1]
 [4 9 0 1 2 5 6 0 3]
 [7 0 1 6 9 8 0 4 2]]
Number of cells unfilled: 14
Accuracy: 82.71604938271605
Sample: 54934
Question:
[[7 0 3 4 0 0 5 1 0]
 [0 1 9 0 0 5 0 0 7]
 [5 4 0 0 0 0 0 3 9]
 [0 0 0 6 0 9 0 0 0]
 [0 0 0 8 0 0 7 0 4]
 [0 0 0 0 0 0 0 9 0]
 [1 0 0 0 0 0 9 0 0]
 [0 0 0 7 0 4 0 0 3]
 [0 3 0 0 1 0 0 4 0]]
Solution:
[[0 6 8 4 5 9 0 3 7]
 [9 7 3 0 8 1 2 5 6]
 [2 1 5 7 3 6 4 9 8]
 [0 8 4 3 1 0 7 6 0]
 [5 0 9 0 7 2 1 8 4]
 [1 3 7 8 6 4 5 2 9]
 [8 5 2 0 4 3 9 7 1]
 [4 9 0 1 2 5 6 0 3]
 [7 0 1 6 9 8 0 4 2]]
Number of cells unfilled: 13
Accuracy: 83.9506172839506
Sample: 54935
Question:
[[7 0 4 0 2 9 0 0 0]
 [0 0 0 0 6 0 0 2 0]
 [2 0 0 0 0 5 0 0 8]
 [0 0 9 0 0 6 0 0 5]
 [0 0 5 0 8 1 2 0 0]
 [0 0 0 9 0 0 1 6 0]
 [0 0 0 0 1 0 5 0 6]
 [0 0 0 0 0 2 8 9 0]
 [0 0 0 5 0 0 0 1 0]]
Solution:
[[0 6 8 4 5 9 0 3 7]
 [9 7 3 0 8 1 2 5 6]
 [2 0 5 7 3 6 4 1 8]
 [0 8 4 3 1 0 7 6 0]
 [5 0 9 0 7 2 1 8 4]
 [1 3 7 8 6 4 5 2 9]
 [8 5 2 0 4 3 9 7 1]
 [4 9 0 1 2 5 6 0 3]
 [7 0 1 6 9 8 0 4 2]]
Number of cells unfilled: 14
Accuracy: 82.71604938271605
Sample: 54936
Question:
[[7 0 5 3 6 0 0 0 9]
 [0 2 6 7 0 0 0 0 0]
 [9 3 0 0 2 5 0 7 0]
 [0 0 9 0 0 6 5 0 0]
 [2 0 0 5 9 0 0 0 0]
 [0 6 0 0 0 0 0 0 3]
 [0 0 0 0 0 0 0 0 0]
 [3 0 0 0 0 0 0 0 1]
 [0 0 0 0 0 0 9 2 4]]
Solution:
[[0 6 8 4 5 9 0 3 7]
 [9 7 3 0 8 1 2 5 6]
 [2 1 5 7 3 6 4 9 8]
 [0 8 4 3 1 0 7 6 0]
 [5 0 9 0 7 2 1 8 4]
 [1 3 7 8 6 4 5 2 9]
 [8 5 2 0 4 3 9 7 1]
 [4 9 0 1 2 5 6 0 3]
 [7 0 1 6 9 8 0 4 2]]
Number of cells unfilled: 13
Accuracy: 83.9506172839506
Sample: 54937
Question:
[[7 0 5 6 0 2 0 0 3]
 [0 3 2 7 1 0 0 0 0]
 [1 6 0 0 5 3 0 0 0]
 [0 7 0 1 0 0 0 6 2]
 [0 5 0 0 0 0 0 0 0]
 [6 0 1 0 0 0 5 7 0]
 [0 0 0 0 0 0 0 0 0]
 [0 0 0 0 0 0 0 9 7]
 [0 0 0 2 0 6 0 8 0]]
Solution:
[[0 6 8 4 5 9 0 3 7]
 [9 7 3 0 8 1 2 5 6]
 [2 1 5 7 3 6 4 9 8]
 [0 8 0 3 1 4 7 6 9]
 [5 0 9 0 7 2 1 8 4]
 [1 3 7 9 6 0 5 2 0]
 [8 5 2 0 4 3 9 7 1]
 [4 9 0 1 2 5 6 0 3]
 [7 0 1 6 9 8 0 4 2]]
Number of cells unfilled: 14
Accuracy: 82.71604938271605
Sample: 54938
Question:
[[7 1 0 0 0 0 0 0 0]
 [0 0 0 0 0 0 0 0 0]
 [2 0 0 4 3 0 0 0 0]
 [4 0 0 0 9 5 3 0 8]
 [0 9 0 0 4 0 0 5 1]
 [0 0 0 1 0 8 9 0 0]
 [0 0 0 0 0 3 5 0 4]
 [3 4 0 8 0 0 1 0 0]
 [1 0 5 0 0 0 0 8 0]]
Solution:
[[0 6 8 4 5 9 0 3 7]
 [9 7 3 0 8 1 2 5 6]
 [2 0 5 7 3 6 4 1 8]
 [0 8 0 3 1 4 7 6 9]
 [5 0 9 0 7 2 1 8 4]
 [1 3 4 9 6 0 5 2 0]
 [8 5 2 0 4 3 9 7 1]
 [4 9 0 1 2 5 6 0 3]
 [7 0 1 6 9 8 0 4 2]]
Number of cells unfilled: 15
Accuracy: 81.48148148148148
Sample: 54939
Question:
[[7 1 0 0 0 6 0 0 2]
 [0 5 0 3 0 0 0 0 0]
 [6 0 3 2 0 0 7 0 0]
 [0 0 5 0 6 0 2 0 0]
 [0 0 0 4 8 0 3 0 6]
 [0 0 0 0 0 0 0 0 1]
 [0 7 6 0 0 0 0 0 0]
 [2 0 1 0 0 0 0 0 7]
 [5 3 0 0 0 0 0 1 0]]
Solution:
[[0 6 8 4 5 9 0 3 7]
 [9 7 3 0 8 1 2 5 6]
 [2 1 5 7 3 6 4 9 8]
 [0 8 0 3 1 4 7 6 9]
 [5 0 9 0 7 2 1 8 4]
 [1 3 7 8 6 0 5 2 0]
 [8 5 2 0 4 3 9 7 1]
 [4 9 0 1 2 5 6 0 3]
 [7 0 1 6 9 8 0 4 2]]
Number of cells unfilled: 14
Accuracy: 82.71604938271605
Sample: 54940
Question:
[[7 2 0 0 3 0 0 0 0]
 [5 0 0 0 0 0 0 0 8]
 [0 9 8 0 0 2 0 0 0]
 [0 0 5 0 0 3 0 9 0]
 [0 0 0 0 7 0 0 3 0]
 [3 0 0 0 9 8 0 4 1]
 [2 0 9 0 0 0 0 0 0]
 [0 3 7 0 2 0 0 0 0]
 [8 5 0 7 0 0 0 0 0]]
Solution:
[[0 6 8 4 5 9 0 3 7]
 [9 7 3 0 8 1 2 5 6]
 [2 0 5 7 3 6 4 1 8]
 [0 8 4 3 1 0 7 6 0]
 [5 0 9 0 7 2 1 8 4]
 [1 3 7 8 6 4 5 2 9]
 [8 5 2 0 4 3 9 7 1]
 [4 9 0 1 2 5 6 0 3]
 [7 0 1 6 9 8 0 4 2]]
Number of cells unfilled: 14
Accuracy: 82.71604938271605
Sample: 54941
Question:
[[7 6 0 0 0 0 0 0 0]
 [0 3 0 0 0 0 0 0 5]
 [0 0 0 0 0 0 0 0 0]
 [0 5 0 0 8 0 0 2 0]
 [4 8 0 2 0 0 7 1 0]
 [0 0 0 0 4 7 0 0 0]
 [8 0 0 0 5 2 4 0 0]
 [0 0 1 4 0 0 0 5 7]
 [0 0 0 7 1 0 2 8 0]]
Solution:
[[0 6 8 4 5 9 0 3 7]
 [9 7 3 0 8 1 2 5 6]
 [2 1 5 7 3 6 4 9 8]
 [0 8 4 3 1 0 7 6 0]
 [5 0 9 0 7 2 1 8 4]
 [1 3 7 8 6 4 5 2 9]
 [8 5 2 0 4 3 9 7 1]
 [4 9 0 1 2 5 6 0 3]
 [7 0 1 6 9 8 0 4 2]]
Number of cells unfilled: 13
Accuracy: 83.9506172839506
Sample: 54942
Question:
[[7 8 0 0 1 9 0 0 0]
 [0 6 9 8 0 2 0 1 0]
 [2 0 0 7 6 0 0 0 0]
 [0 7 0 0 0 0 6 9 0]
 [9 1 0 0 0 7 0 0 2]
 [0 0 8 0 2 0 0 0 0]
 [0 0 0 0 0 0 5 8 9]
 [0 0 6 0 0 0 4 0 0]
 [0 0 0 0 0 0 0 0 0]]
Solution:
[[0 6 8 4 5 9 0 3 7]
 [9 7 3 0 8 1 2 5 6]
 [2 1 5 7 3 6 4 9 8]
 [0 8 0 3 1 4 7 6 9]
 [5 0 9 0 7 2 1 8 4]
 [1 3 7 9 6 0 5 2 0]
 [8 5 2 0 4 3 9 7 1]
 [4 9 0 1 2 5 6 0 3]
 [7 0 1 6 9 8 0 4 2]]
Number of cells unfilled: 14
Accuracy: 82.71604938271605
Sample: 54943
Question:
[[7 9 0 0 1 2 0 0 0]
 [0 3 0 9 4 0 0 7 0]
 [4 0 2 7 0 3 0 0 1]
 [0 0 0 0 0 0 0 0 0]
 [0 0 0 4 9 0 8 0 0]
 [0 0 0 0 0 0 5 1 0]
 [3 0 9 1 0 0 0 0 0]
 [1 0 0 0 2 0 4 9 0]
 [0 2 0 0 0 0 0 0 3]]
Solution:
[[0 6 8 4 5 9 0 3 7]
 [9 7 3 0 8 1 2 5 6]
 [2 1 5 7 3 6 4 9 8]
 [0 8 0 3 1 4 7 6 9]
 [5 0 9 0 7 2 1 8 4]
 [1 3 7 8 6 0 5 2 0]
 [8 5 2 0 4 3 9 7 1]
 [4 9 0 1 2 5 6 0 3]
 [7 0 1 6 9 8 0 4 2]]
Number of cells unfilled: 14
Accuracy: 82.71604938271605
Sample: 54944
Question:
[[8 0 0 0 0 1 0 7 0]
 [9 0 0 6 0 4 0 0 0]
 [0 3 0 0 0 0 0 0 1]
 [0 2 0 0 0 0 8 3 0]
 [0 0 3 0 0 0 7 0 9]
 [0 0 0 0 0 0 0 1 2]
 [2 0 0 8 0 0 0 0 0]
 [0 8 9 0 0 7 2 0 3]
 [0 0 1 9 0 0 0 0 7]]
Solution:
[[0 6 8 4 5 9 0 3 7]
 [9 7 3 0 8 1 2 5 6]
 [2 1 5 7 3 6 4 9 8]
 [0 8 0 3 1 4 7 6 9]
 [5 0 9 0 7 2 1 8 4]
 [1 3 4 8 6 0 5 2 0]
 [8 5 2 0 4 3 9 7 1]
 [4 9 0 1 2 5 6 0 3]
 [7 0 1 6 9 8 0 4 2]]
Number of cells unfilled: 14
Accuracy: 82.71604938271605
Sample: 54945
Question:
[[8 0 0 0 0 3 0 5 0]
 [0 4 0 0 5 0 0 0 0]
 [0 0 9 4 0 7 0 0 0]
 [0 0 0 0 3 0 8 0 0]
 [0 0 7 0 0 8 9 0 0]
 [0 5 0 0 0 9 6 2 0]
 [9 0 0 0 8 4 0 0 0]
 [0 0 4 9 7 0 0 0 0]
 [7 0 0 3 0 5 0 0 0]]
Solution:
[[0 6 8 4 5 9 0 3 7]
 [9 7 3 0 8 1 2 5 6]
 [2 0 5 7 3 6 4 1 8]
 [0 8 4 3 1 0 7 6 0]
 [5 0 9 0 7 2 1 8 4]
 [1 3 7 8 6 4 5 2 9]
 [8 5 2 0 4 3 9 7 1]
 [4 9 0 1 2 5 6 0 3]
 [7 0 1 6 9 8 0 4 2]]
Number of cells unfilled: 14
Accuracy: 82.71604938271605
Sample: 54946
Question:
[[8 0 0 0 0 3 7 2 0]
 [0 0 7 0 0 0 0 4 0]
 [3 0 2 0 0 0 5 0 8]
 [7 0 0 0 0 2 0 0 0]
 [0 0 0 0 0 5 4 0 0]
 [0 3 0 0 1 9 0 0 2]
 [2 0 0 0 0 0 0 8 7]
 [0 8 0 0 0 0 3 5 0]
 [0 0 5 0 3 0 0 0 4]]
Solution:
[[0 6 8 4 5 9 0 3 7]
 [9 7 3 0 8 1 2 5 6]
 [2 1 5 7 3 6 4 9 8]
 [0 8 4 3 1 0 7 6 0]
 [5 0 9 0 7 2 1 8 4]
 [1 3 7 8 6 4 5 2 9]
 [8 5 2 0 4 3 9 7 1]
 [4 9 0 1 2 5 6 0 3]
 [7 0 1 6 9 8 0 4 2]]
Number of cells unfilled: 13
Accuracy: 83.9506172839506
Sample: 54947
Question:
[[8 0 0 1 0 0 0 6 0]
 [0 0 0 0 6 8 0 0 3]
 [0 1 0 0 2 0 0 0 0]
 [6 2 0 0 0 3 9 0 0]
 [1 0 9 8 0 2 0 0 0]
 [0 8 3 6 9 0 0 0 1]
 [0 0 0 0 3 0 0 0 5]
 [0 0 0 0 0 0 2 1 4]
 [0 0 0 0 0 0 0 0 0]]
Solution:
[[0 6 8 4 5 9 0 3 7]
 [9 7 3 0 8 1 2 5 6]
 [2 1 5 7 3 6 4 9 8]
 [0 8 4 3 1 0 7 6 0]
 [5 0 9 0 7 2 1 8 4]
 [1 3 7 8 6 4 5 2 9]
 [8 5 2 0 4 3 9 7 1]
 [4 9 0 1 2 5 6 0 3]
 [7 0 1 6 9 8 0 4 2]]
Number of cells unfilled: 13
Accuracy: 83.9506172839506
Sample: 54948
Question:
[[8 0 0 4 0 6 0 3 0]
 [0 0 9 0 0 7 8 0 0]
 [0 0 0 0 9 0 0 7 4]
 [0 0 0 3 6 0 0 4 0]
 [0 0 0 0 0 4 3 0 0]
 [0 0 0 0 0 9 6 0 8]
 [0 0 0 0 7 0 0 0 0]
 [0 3 0 0 0 8 0 6 0]
 [0 1 2 0 0 3 0 0 9]]
Solution:
[[0 6 8 4 5 9 0 3 7]
 [9 7 3 0 8 1 2 5 6]
 [2 1 5 7 3 6 4 9 8]
 [0 8 0 3 1 4 7 6 9]
 [5 0 9 0 7 2 1 8 4]
 [1 3 7 8 6 0 5 2 0]
 [8 5 2 0 4 3 9 7 1]
 [4 9 0 1 2 5 6 0 3]
 [7 0 1 6 9 8 0 4 2]]
Number of cells unfilled: 14
Accuracy: 82.71604938271605
Sample: 54949
Question:
[[8 0 0 4 0 7 0 0 9]
 [0 4 0 2 9 0 7 8 0]
 [0 0 9 0 0 0 0 0 0]
 [0 2 8 0 0 4 3 0 0]
 [7 0 0 0 3 0 0 2 0]
 [9 3 0 0 0 0 0 4 8]
 [0 0 0 5 0 0 2 9 0]
 [0 0 0 0 0 0 0 0 0]
 [0 0 0 1 0 0 0 7 0]]
Solution:
[[0 6 8 4 5 9 0 3 7]
 [9 7 3 0 8 1 2 5 6]
 [2 1 5 7 3 6 4 9 8]
 [0 8 0 3 1 4 7 6 9]
 [5 0 9 0 7 2 1 8 4]
 [1 3 4 9 6 0 5 2 0]
 [8 5 2 0 4 3 9 7 1]
 [4 9 0 1 2 5 6 0 3]
 [7 0 1 6 9 8 0 4 2]]
Number of cells unfilled: 14
Accuracy: 82.71604938271605
Sample: 54950
Question:
[[8 0 0 5 0 0 0 6 0]
 [0 0 0 2 0 1 0 7 5]
 [0 5 0 0 0 0 0 0 3]
 [0 0 5 0 0 6 0 9 8]
 [0 3 9 0 0 0 7 0 6]
 [0 0 0 0 0 7 0 0 0]
 [0 7 8 0 0 0 3 5 0]
 [0 9 0 0 0 0 0 0 0]
 [3 0 6 0 0 0 0 0 9]]
Solution:
[[0 6 8 4 5 9 0 3 7]
 [9 7 3 0 8 1 2 5 6]
 [2 1 5 7 3 6 4 9 8]
 [0 8 4 3 1 0 7 6 0]
 [5 0 9 0 7 2 1 8 4]
 [1 3 7 8 6 4 5 2 9]
 [8 5 2 0 4 3 9 7 1]
 [4 9 0 1 2 5 6 0 3]
 [7 0 1 6 9 8 0 4 2]]
Number of cells unfilled: 13
Accuracy: 83.9506172839506
Sample: 54951
Question:
[[8 0 0 6 0 7 0 0 2]
 [0 0 0 0 0 9 5 0 0]
 [0 0 1 0 0 2 0 0 9]
 [0 0 3 0 0 0 1 0 0]
 [0 2 0 0 0 0 9 0 3]
 [0 1 0 0 0 0 0 5 8]
 [0 0 2 0 0 0 0 3 1]
 [3 0 0 0 0 0 8 0 0]
 [0 9 0 8 0 0 2 0 5]]
Solution:
[[0 6 8 4 5 9 0 3 7]
 [9 7 3 0 8 1 2 5 6]
 [2 0 5 7 3 6 4 1 8]
 [0 8 4 3 1 0 7 6 0]
 [5 0 9 0 7 2 1 8 4]
 [1 3 7 8 6 4 5 2 9]
 [8 5 2 0 4 3 9 7 1]
 [4 9 0 1 2 5 6 0 3]
 [7 0 1 6 9 8 0 4 2]]
Number of cells unfilled: 14
Accuracy: 82.71604938271605
Sample: 54952
Question:
[[8 0 0 6 3 0 5 0 0]
 [0 5 0 0 0 7 0 0 0]
 [0 7 0 0 8 0 0 4 3]
 [0 1 2 7 0 0 0 8 5]
 [0 0 8 0 0 4 0 0 7]
 [0 0 0 0 0 0 0 6 0]
 [0 0 0 3 0 8 7 0 0]
 [0 0 0 5 4 0 6 0 0]
 [0 0 0 0 0 6 0 3 0]]
Solution:
[[0 6 8 4 5 9 0 3 7]
 [9 7 3 0 8 1 2 5 6]
 [2 1 5 7 3 6 4 9 8]
 [0 8 0 3 1 4 7 6 9]
 [5 0 9 0 7 2 1 8 4]
 [1 3 7 8 6 0 5 2 0]
 [8 5 2 0 4 3 9 7 1]
 [4 9 0 1 2 5 6 0 3]
 [7 0 1 6 9 8 0 4 2]]
Number of cells unfilled: 14
Accuracy: 82.71604938271605
Sample: 54953
Question:
[[8 0 0 9 0 0 0 0 1]
 [0 0 1 0 7 8 0 0 0]
 [0 5 0 0 0 0 0 9 0]
 [1 0 0 0 0 0 0 4 8]
 [0 8 7 0 0 4 5 0 9]
 [9 4 0 5 0 0 1 7 0]
 [4 0 0 0 2 5 0 0 0]
 [0 0 0 0 0 0 0 0 0]
 [0 7 0 0 6 0 0 0 0]]
Solution:
[[0 6 8 4 5 9 0 3 7]
 [9 7 3 0 8 1 2 5 6]
 [2 1 5 7 3 6 4 9 8]
 [0 8 0 3 1 4 7 6 9]
 [5 0 9 0 7 2 1 8 4]
 [1 3 7 8 6 0 5 2 0]
 [8 5 2 0 4 3 9 7 1]
 [4 9 0 1 2 5 6 0 3]
 [7 0 1 6 9 8 0 4 2]]
Number of cells unfilled: 14
Accuracy: 82.71604938271605
Sample: 54954
Question:
[[8 0 0 9 0 0 0 0 2]
 [0 1 6 0 0 7 8 0 9]
 [2 0 9 0 0 0 1 7 0]
 [1 0 0 0 7 8 0 0 0]
 [0 0 0 0 0 0 6 0 0]
 [0 0 7 2 6 0 0 1 0]
 [0 0 0 0 3 0 0 2 6]
 [0 0 2 0 0 0 0 0 0]
 [0 0 0 0 4 0 0 8 0]]
Solution:
[[0 6 8 4 5 9 0 3 7]
 [9 7 3 0 8 1 2 5 6]
 [2 1 5 7 3 6 4 9 8]
 [0 8 4 3 1 0 7 6 0]
 [5 0 9 0 7 2 1 8 4]
 [1 3 7 8 6 4 5 2 9]
 [8 5 2 0 4 3 9 7 1]
 [4 9 0 1 2 5 6 0 3]
 [7 0 1 6 9 8 0 4 2]]
Number of cells unfilled: 13
Accuracy: 83.9506172839506
Sample: 54955
Question:
[[8 0 1 4 0 0 0 6 9]
 [3 9 0 0 6 0 1 4 0]
 [0 0 6 0 0 0 3 0 8]
 [0 8 0 3 0 9 0 0 0]
 [4 0 9 0 0 0 0 0 0]
 [0 0 3 1 4 0 8 0 0]
 [0 0 0 5 0 0 4 1 0]
 [0 0 0 7 3 0 0 0 0]
 [0 0 0 0 0 0 0 0 0]]
Solution:
[[0 6 8 4 5 9 0 3 7]
 [9 7 3 0 8 1 2 5 6]
 [2 1 5 7 3 6 4 9 8]
 [0 8 0 3 1 4 7 6 9]
 [5 0 9 0 7 2 1 8 4]
 [1 3 7 8 6 0 5 2 0]
 [8 5 2 0 4 3 9 7 1]
 [4 9 0 1 2 5 6 0 3]
 [7 0 1 6 9 8 0 4 2]]
Number of cells unfilled: 14
Accuracy: 82.71604938271605
Sample: 54956
Question:
[[8 0 3 0 5 0 9 0 7]
 [0 6 9 0 0 0 0 5 0]
 [5 7 0 8 0 0 6 3 0]
 [9 0 0 0 0 0 8 7 0]
 [0 0 6 3 8 0 0 9 0]
 [0 0 0 0 0 7 0 0 6]
 [0 0 0 0 0 0 0 0 0]
 [3 0 8 2 0 0 0 0 0]
 [0 0 0 4 9 0 0 0 0]]
Solution:
[[0 6 8 4 5 9 0 3 7]
 [9 7 3 0 8 1 2 5 6]
 [2 0 5 7 3 6 4 1 8]
 [0 8 4 3 1 0 7 6 0]
 [5 0 9 0 7 2 1 8 4]
 [1 3 7 8 6 4 5 2 9]
 [8 5 2 0 4 3 9 7 1]
 [4 9 0 1 2 5 6 0 3]
 [7 0 1 6 9 8 0 4 2]]
Number of cells unfilled: 14
Accuracy: 82.71604938271605
Sample: 54957
Question:
[[8 0 5 0 7 2 0 0 0]
 [0 2 9 0 0 3 0 8 0]
 [3 7 0 0 9 0 0 0 0]
 [0 0 0 0 0 0 0 0 0]
 [0 0 0 0 0 0 1 2 0]
 [0 0 0 3 0 5 6 0 0]
 [0 0 7 0 5 8 2 0 9]
 [2 0 0 9 0 7 3 5 0]
 [0 5 0 0 0 0 0 0 0]]
Solution:
[[0 6 8 4 5 9 0 3 7]
 [9 7 3 0 8 1 2 5 6]
 [2 1 5 7 3 6 4 9 8]
 [0 8 0 3 1 4 7 6 9]
 [5 0 9 0 7 2 1 8 4]
 [1 3 4 9 6 0 5 2 0]
 [8 5 2 0 4 3 9 7 1]
 [4 9 0 1 2 5 6 0 3]
 [7 0 1 6 9 8 0 4 2]]
Number of cells unfilled: 14
Accuracy: 82.71604938271605
Sample: 54958
Question:
[[8 1 3 2 0 0 0 0 0]
 [0 0 0 0 0 0 0 0 0]
 [9 0 0 0 0 0 2 0 0]
 [0 0 0 0 4 0 1 0 0]
 [0 0 4 6 0 2 0 3 5]
 [2 3 0 0 0 0 0 0 6]
 [0 5 0 4 0 1 0 0 2]
 [0 0 0 3 5 0 0 6 0]
 [3 0 1 0 0 6 0 4 0]]
Solution:
[[0 6 8 4 5 9 0 3 7]
 [9 7 3 0 8 1 2 5 6]
 [2 0 5 7 3 6 4 1 9]
 [0 8 4 3 1 0 7 6 0]
 [5 0 9 0 7 2 1 8 4]
 [1 3 7 8 6 4 5 2 0]
 [8 5 2 0 4 3 9 7 1]
 [4 9 0 1 2 5 6 0 3]
 [7 0 1 6 9 8 0 4 2]]
Number of cells unfilled: 15
Accuracy: 81.48148148148148
Sample: 54959
Question:
[[8 2 0 0 0 6 7 0 0]
 [0 6 7 0 0 0 0 0 4]
 [3 0 4 0 8 0 0 0 0]
 [0 8 0 0 7 0 0 0 2]
 [0 0 0 0 0 0 0 3 0]
 [2 0 0 0 5 9 0 0 6]
 [0 3 0 0 6 0 0 4 0]
 [4 7 0 0 0 0 2 0 0]
 [6 0 8 0 0 0 3 0 0]]
Solution:
[[0 6 8 4 5 9 0 3 7]
 [9 7 3 0 8 1 2 5 6]
 [2 1 5 7 3 6 4 9 8]
 [0 8 0 3 1 4 7 6 9]
 [5 0 9 0 7 2 1 8 4]
 [1 3 7 8 6 0 5 2 0]
 [8 5 2 0 4 3 9 7 1]
 [4 9 0 1 2 5 6 0 3]
 [7 0 1 6 9 8 0 4 2]]
Number of cells unfilled: 14
Accuracy: 82.71604938271605
Sample: 54960
Question:
[[8 7 0 0 0 9 0 2 0]
 [9 0 0 6 7 0 0 0 0]
 [0 6 5 8 0 2 0 0 7]
 [0 0 0 5 0 0 3 6 2]
 [0 5 0 0 0 0 1 0 0]
 [0 0 0 0 0 0 0 0 0]
 [0 2 0 0 8 6 0 0 0]
 [6 0 0 9 0 5 0 8 0]
 [0 0 9 0 0 0 5 0 0]]
Solution:
[[0 6 8 4 5 9 0 3 7]
 [9 7 3 0 8 1 2 5 6]
 [2 1 5 7 3 6 4 9 8]
 [0 8 0 3 1 4 7 6 9]
 [5 0 9 0 7 2 1 8 4]
 [1 3 4 9 6 0 5 2 0]
 [8 5 2 0 4 3 9 7 1]
 [4 9 0 1 2 5 6 0 3]
 [7 0 1 6 9 8 0 4 2]]
Number of cells unfilled: 14
Accuracy: 82.71604938271605
Sample: 54961
Question:
[[8 9 0 0 0 0 2 7 0]
 [0 3 0 0 9 0 0 0 8]
 [4 0 7 2 0 0 0 0 0]
 [7 2 0 0 0 0 0 6 0]
 [0 0 0 0 0 0 0 0 0]
 [0 0 0 0 7 0 4 1 0]
 [2 0 0 4 8 0 3 0 0]
 [0 0 8 9 0 7 0 2 0]
 [0 4 9 0 0 3 0 0 0]]
Solution:
[[0 6 8 4 5 9 0 3 7]
 [9 7 3 0 8 1 2 5 6]
 [2 1 5 7 3 6 4 9 8]
 [0 8 0 3 1 4 7 6 9]
 [5 0 9 0 7 2 1 8 4]
 [1 3 7 8 6 0 5 2 0]
 [8 5 2 0 4 3 9 7 1]
 [4 9 0 1 2 5 6 0 3]
 [7 0 1 6 9 8 0 4 2]]
Number of cells unfilled: 14
Accuracy: 82.71604938271605
Sample: 54962
Question:
[[9 0 0 0 0 0 1 0 0]
 [0 0 0 0 0 0 8 2 3]
 [0 0 0 0 0 0 0 0 0]
 [5 7 0 9 4 0 2 0 0]
 [0 4 3 5 0 0 0 0 0]
 [2 0 0 0 3 7 0 0 5]
 [0 2 0 0 0 4 3 7 0]
 [0 9 0 7 2 0 0 0 0]
 [0 0 4 0 0 0 9 0 0]]
Solution:
[[0 6 8 4 5 9 0 3 7]
 [9 7 3 0 8 1 2 5 6]
 [2 1 5 7 3 6 4 9 8]
 [0 8 0 3 1 4 7 6 9]
 [5 0 9 0 7 2 1 8 4]
 [1 3 7 8 6 0 5 2 0]
 [8 5 2 0 4 3 9 7 1]
 [4 9 0 1 2 5 6 0 3]
 [7 0 1 6 9 8 0 4 2]]
Number of cells unfilled: 14
Accuracy: 82.71604938271605
Sample: 54963
Question:
[[9 0 0 0 0 7 0 0 0]
 [0 0 0 0 0 0 0 0 0]
 [0 0 0 0 4 6 0 0 0]
 [0 0 0 0 0 0 1 0 4]
 [0 0 2 0 0 9 8 0 0]
 [0 4 0 0 1 8 0 2 0]
 [5 1 0 0 8 4 9 0 2]
 [0 2 8 0 0 0 5 0 0]
 [4 0 9 5 0 0 0 1 0]]
Solution:
[[0 6 8 4 5 9 0 3 7]
 [9 7 3 0 8 1 2 5 6]
 [2 1 5 7 3 6 4 9 8]
 [0 8 4 3 1 0 7 6 0]
 [5 0 9 0 7 2 1 8 4]
 [1 3 7 8 6 4 5 2 9]
 [8 5 2 0 4 3 9 7 1]
 [4 9 0 1 2 5 6 0 3]
 [7 0 1 6 9 8 0 4 2]]
Number of cells unfilled: 13
Accuracy: 83.9506172839506
Sample: 54964
Question:
[[9 0 0 0 0 8 0 0 0]
 [0 0 0 4 0 9 0 3 7]
 [0 0 2 1 0 0 0 0 0]
 [0 0 1 8 0 0 0 4 0]
 [8 6 0 0 0 0 0 0 0]
 [0 9 4 6 0 2 0 1 0]
 [6 0 0 0 1 0 0 0 0]
 [0 1 8 0 0 6 0 0 0]
 [4 2 0 9 0 0 1 0 0]]
Solution:
[[0 6 8 4 5 9 0 3 7]
 [9 7 3 0 8 1 2 5 6]
 [2 1 5 7 3 6 4 9 8]
 [0 8 4 3 1 0 7 6 0]
 [5 0 9 0 7 2 1 8 4]
 [1 3 7 8 6 4 5 2 9]
 [8 5 2 0 4 3 9 7 1]
 [4 9 0 1 2 5 6 0 3]
 [7 0 1 6 9 8 0 4 2]]
Number of cells unfilled: 13
Accuracy: 83.9506172839506
Sample: 54965
Question:
[[9 0 0 0 0 8 0 0 0]
 [0 0 0 6 7 0 9 0 0]
 [0 0 0 4 0 0 0 5 6]
 [0 0 0 0 6 0 8 0 0]
 [0 0 0 0 0 7 0 6 0]
 [0 0 0 5 9 0 7 0 4]
 [3 1 0 0 8 0 0 4 9]
 [0 0 0 0 0 5 0 0 8]
 [0 8 0 0 4 0 0 7 0]]
Solution:
[[0 6 8 4 5 9 0 3 7]
 [9 7 3 0 8 1 2 5 6]
 [2 1 5 7 3 6 4 9 8]
 [0 8 0 3 1 4 7 6 9]
 [5 0 9 0 7 2 1 8 4]
 [1 3 4 9 6 0 5 2 0]
 [8 5 2 0 4 3 9 7 1]
 [4 9 0 1 2 5 6 0 3]
 [7 0 1 6 9 8 0 4 2]]
Number of cells unfilled: 14
Accuracy: 82.71604938271605
Sample: 54966
Question:
[[9 0 0 0 2 0 0 0 8]
 [0 0 8 5 3 0 0 0 7]
 [0 0 0 0 0 0 0 4 0]
 [4 8 0 0 0 0 0 6 0]
 [0 9 7 0 0 0 4 0 0]
 [2 0 6 0 0 0 0 0 0]
 [0 0 9 7 0 0 2 0 0]
 [0 2 0 8 0 0 0 0 6]
 [0 6 4 0 0 2 7 8 0]]
Solution:
[[0 6 8 4 5 9 0 3 7]
 [9 7 3 0 8 1 2 5 6]
 [2 0 5 7 3 6 4 1 8]
 [0 8 4 3 1 0 7 6 0]
 [5 0 9 0 7 2 1 8 4]
 [1 3 7 8 6 4 5 2 9]
 [8 5 2 0 4 3 9 7 1]
 [4 9 0 1 2 5 6 0 3]
 [7 0 1 6 9 8 0 4 2]]
Number of cells unfilled: 14
Accuracy: 82.71604938271605
Sample: 54967
Question:
[[9 0 0 0 5 4 0 0 0]
 [0 2 0 3 0 8 0 9 0]
 [0 0 0 2 0 0 4 0 8]
 [0 0 0 8 4 0 6 0 0]
 [0 0 0 0 0 0 0 0 0]
 [0 4 0 0 0 0 1 0 5]
 [3 8 0 5 0 2 0 0 0]
 [0 9 5 0 0 0 0 0 3]
 [4 0 2 0 0 9 8 0 0]]
Solution:
[[0 6 8 4 5 9 0 3 7]
 [9 7 3 0 8 1 2 5 6]
 [2 1 5 7 3 6 4 9 8]
 [0 8 4 3 1 0 7 6 0]
 [5 0 9 0 7 2 1 8 4]
 [1 3 7 8 6 4 5 2 9]
 [8 5 2 0 4 3 9 7 1]
 [4 9 0 1 2 5 6 0 3]
 [7 0 1 6 9 8 0 4 2]]
Number of cells unfilled: 13
Accuracy: 83.9506172839506
Sample: 54968
Question:
[[9 0 0 0 7 3 0 0 0]
 [0 4 0 5 9 0 0 0 0]
 [5 0 0 8 0 4 0 0 3]
 [3 7 0 0 0 0 0 2 1]
 [0 5 0 7 0 0 0 4 0]
 [0 0 0 0 0 8 0 0 0]
 [0 0 4 9 0 0 0 0 0]
 [0 9 0 0 4 5 0 0 0]
 [7 0 0 3 8 0 0 0 0]]
Solution:
[[0 6 8 4 5 9 0 3 7]
 [9 7 3 0 8 1 2 5 6]
 [2 1 5 7 3 6 4 9 8]
 [0 8 0 3 1 4 7 6 9]
 [5 0 9 0 7 2 1 8 4]
 [1 3 4 8 6 0 5 2 0]
 [8 5 2 0 4 3 9 7 1]
 [4 9 0 1 2 5 6 0 3]
 [7 0 1 6 9 8 0 4 2]]
Number of cells unfilled: 14
Accuracy: 82.71604938271605
Sample: 54969
Question:
[[9 0 0 3 8 0 0 5 4]
 [8 0 0 0 9 4 0 6 0]
 [0 0 0 5 0 6 0 0 0]
 [0 0 0 9 0 3 0 0 0]
 [0 9 0 0 5 0 6 0 0]
 [0 0 0 6 4 0 0 0 8]
 [0 4 0 0 3 0 0 8 0]
 [2 1 0 8 0 0 0 9 0]
 [0 0 0 0 0 0 5 0 0]]
Solution:
[[0 6 8 4 5 9 0 3 7]
 [9 7 3 0 8 1 2 5 6]
 [2 0 5 7 3 6 4 1 8]
 [0 8 0 3 1 4 7 6 9]
 [5 0 9 0 7 2 1 8 4]
 [1 3 7 9 6 0 5 2 0]
 [8 5 2 0 4 3 9 7 1]
 [4 9 0 1 2 5 6 0 3]
 [7 0 1 6 9 8 0 4 2]]
Number of cells unfilled: 15
Accuracy: 81.48148148148148
Sample: 54970
Question:
[[9 0 0 7 0 3 0 1 8]
 [0 0 1 0 8 6 7 0 0]
 [0 0 0 0 9 0 6 0 3]
 [0 0 0 0 0 1 0 3 0]
 [1 0 8 0 0 0 0 0 6]
 [0 7 0 6 0 0 0 0 9]
 [3 0 2 8 0 0 0 0 7]
 [0 0 4 0 0 0 0 8 1]
 [0 0 0 0 0 0 0 0 0]]
Solution:
[[0 6 8 4 5 9 0 3 7]
 [9 7 3 0 8 1 2 5 6]
 [2 1 5 7 3 6 4 9 8]
 [0 8 0 3 1 4 7 6 9]
 [5 0 9 0 7 2 1 8 4]
 [1 3 7 9 6 0 5 2 0]
 [8 5 2 0 4 3 9 7 1]
 [4 9 0 1 2 5 6 0 3]
 [7 0 1 6 9 8 0 4 2]]
Number of cells unfilled: 14
Accuracy: 82.71604938271605
Sample: 54971
Question:
[[9 0 1 0 0 2 4 0 5]
 [0 0 0 0 5 0 0 0 0]
 [3 0 0 0 0 0 2 1 0]
 [8 9 5 0 0 0 0 0 0]
 [0 0 0 0 0 0 0 0 0]
 [7 0 0 0 0 0 0 3 0]
 [0 0 0 4 0 5 9 0 2]
 [0 4 0 0 9 1 3 0 0]
 [5 0 0 3 2 0 0 0 1]]
Solution:
[[0 6 8 4 5 9 0 3 7]
 [9 7 3 0 8 1 2 5 6]
 [2 1 5 7 3 6 4 9 8]
 [0 8 0 3 1 4 7 6 9]
 [5 0 9 0 7 2 1 8 4]
 [1 3 7 8 6 0 5 2 0]
 [8 5 2 0 4 3 9 7 1]
 [4 9 0 1 2 5 6 0 3]
 [7 0 1 6 9 8 0 4 2]]
Number of cells unfilled: 14
Accuracy: 82.71604938271605
Sample: 54972
Question:
[[9 0 6 0 0 0 0 1 0]
 [0 4 0 1 0 0 0 8 0]
 [0 0 0 0 9 4 3 0 6]
 [0 0 2 0 0 0 6 0 0]
 [3 9 5 0 0 0 0 0 0]
 [0 0 0 0 0 0 0 0 0]
 [0 0 0 0 1 6 0 0 4]
 [8 0 0 4 3 0 9 0 0]
 [0 0 0 9 0 8 0 3 1]]
Solution:
[[0 6 8 4 5 9 0 3 7]
 [9 7 3 0 8 1 2 5 6]
 [2 1 5 7 3 6 4 9 8]
 [0 8 0 3 1 4 7 6 9]
 [5 0 9 0 7 2 1 8 4]
 [1 3 4 9 6 0 5 2 0]
 [8 5 2 0 4 3 9 7 1]
 [4 9 0 1 2 5 6 0 3]
 [7 0 1 6 9 8 0 4 2]]
Number of cells unfilled: 14
Accuracy: 82.71604938271605
Sample: 54973
Question:
[[9 4 0 0 1 0 0 0 0]
 [6 0 7 9 0 0 0 0 0]
 [0 2 1 4 0 6 0 7 0]
 [0 9 6 0 0 1 0 0 0]
 [0 0 4 0 9 0 0 0 0]
 [2 7 0 0 0 0 0 0 0]
 [0 0 0 0 4 0 0 0 1]
 [0 1 0 7 0 0 0 3 5]
 [0 0 2 0 0 0 0 0 6]]
Solution:
[[0 6 8 4 5 9 0 3 7]
 [9 7 3 0 8 1 2 5 6]
 [2 1 5 7 3 6 4 9 8]
 [0 8 0 3 1 4 7 6 9]
 [5 0 9 0 7 2 1 8 4]
 [1 3 7 8 6 0 5 2 0]
 [8 5 2 0 4 3 9 7 1]
 [4 9 0 1 2 5 6 0 3]
 [7 0 1 6 9 8 0 4 2]]
Number of cells unfilled: 14
Accuracy: 82.71604938271605
Sample: 54974
Question:
[[9 6 0 0 0 1 0 8 0]
 [1 0 7 0 0 0 0 0 0]
 [0 8 5 0 0 7 0 6 0]
 [0 0 9 7 0 0 0 0 0]
 [0 0 0 9 0 6 4 2 0]
 [0 5 0 0 0 8 9 0 0]
 [8 7 0 1 0 0 0 0 0]
 [5 0 6 0 0 9 0 0 0]
 [0 0 1 0 8 0 0 0 0]]
Solution:
[[0 6 8 4 5 9 0 3 7]
 [9 7 3 0 8 1 2 5 6]
 [2 1 5 7 3 6 4 9 8]
 [0 8 4 3 1 0 7 6 0]
 [5 0 9 0 7 2 1 8 4]
 [1 3 7 8 6 4 5 2 9]
 [8 5 2 0 4 3 9 7 1]
 [4 9 0 1 2 5 6 0 3]
 [7 0 1 6 9 8 0 4 2]]
Number of cells unfilled: 13
Accuracy: 83.9506172839506
Sample: 54975
Question:
[[9 7 0 0 0 0 0 3 0]
 [2 0 3 0 0 0 0 0 0]
 [0 8 6 0 0 0 0 0 9]
 [8 0 0 2 0 0 7 0 0]
 [0 0 7 1 4 0 6 0 0]
 [0 0 0 0 0 0 0 9 0]
 [0 0 8 0 6 0 0 0 2]
 [0 3 9 8 0 0 0 7 0]
 [6 2 0 0 0 0 3 0 0]]
Solution:
[[0 6 8 4 5 9 0 3 7]
 [9 7 3 0 8 1 2 5 6]
 [2 1 5 7 3 6 4 9 8]
 [0 8 4 3 1 0 7 6 0]
 [5 0 9 0 7 2 1 8 4]
 [1 3 7 8 6 4 5 2 9]
 [8 5 2 0 4 3 9 7 1]
 [4 9 0 1 2 5 6 0 3]
 [7 0 1 6 9 8 0 4 2]]
Number of cells unfilled: 13
Accuracy: 83.9506172839506
Sample: 54976
Question:
[[9 8 0 0 0 0 3 0 0]
 [2 0 3 0 0 0 0 0 8]
 [0 7 5 0 0 0 0 0 0]
 [7 0 0 0 0 2 0 0 0]
 [0 0 0 0 4 6 0 5 0]
 [0 0 2 0 0 8 9 0 0]
 [0 3 9 0 0 0 8 0 0]
 [8 0 0 0 5 0 0 9 2]
 [5 0 0 0 0 0 7 3 0]]
Solution:
[[0 6 8 4 5 9 0 3 7]
 [9 7 3 0 8 1 2 5 6]
 [2 1 5 7 3 6 4 9 8]
 [0 8 0 3 1 4 7 6 9]
 [5 0 9 0 7 2 1 8 4]
 [1 3 4 9 6 0 5 2 0]
 [8 5 2 0 4 3 9 7 1]
 [4 9 0 1 2 5 6 0 3]
 [7 0 1 6 9 8 0 4 2]]
Number of cells unfilled: 14
Accuracy: 82.71604938271605
Sample: 54977
Question:
[[9 8 0 0 0 6 0 2 0]
 [6 0 2 0 4 0 1 0 8]
 [0 4 1 0 0 0 0 9 0]
 [0 6 0 8 1 0 0 0 9]
 [1 2 0 0 0 0 6 0 0]
 [0 0 9 0 0 2 0 0 4]
 [0 0 0 3 6 0 0 0 0]
 [0 0 0 0 0 0 0 0 0]
 [0 0 0 7 0 0 8 0 1]]
Solution:
[[0 6 8 4 5 9 0 3 7]
 [9 7 3 0 8 1 2 5 6]
 [2 1 5 7 3 6 4 9 8]
 [0 8 4 3 1 0 7 6 0]
 [5 0 9 0 7 2 1 8 4]
 [1 3 7 8 6 4 5 2 9]
 [8 5 2 0 4 3 9 7 1]
 [4 9 0 1 2 5 6 0 3]
 [7 0 1 6 9 8 0 4 2]]
Number of cells unfilled: 13
Accuracy: 83.9506172839506
Sample: 54978
Question:
[[9 8 2 0 0 0 0 0 0]
 [0 6 0 1 0 0 0 0 0]
 [0 0 0 0 0 0 0 0 0]
 [0 1 0 0 5 0 0 0 0]
 [4 0 0 0 0 9 5 0 0]
 [0 0 0 2 0 1 0 9 4]
 [0 0 3 0 0 0 4 2 0]
 [0 0 0 0 2 5 9 0 3]
 [0 9 0 3 0 4 0 5 1]]
Solution:
[[0 6 8 4 5 9 0 3 7]
 [9 7 3 0 8 1 2 5 6]
 [2 1 5 7 3 6 4 9 8]
 [0 8 4 3 1 0 7 6 0]
 [5 0 9 0 7 2 1 8 4]
 [1 3 7 8 6 4 5 2 9]
 [8 5 2 0 4 3 9 7 1]
 [4 9 0 1 2 5 6 0 3]
 [7 0 1 6 9 8 0 4 2]]
Number of cells unfilled: 13
Accuracy: 83.9506172839506
Sample: 54979
Question:
[[0 0 0 0 0 0 7 8 0]
 [0 0 6 2 8 0 0 0 3]
 [0 8 0 0 0 9 0 0 0]
 [2 0 0 0 0 6 0 0 4]
 [0 0 4 0 0 0 0 0 0]
 [6 3 0 4 0 0 5 2 0]
 [0 0 3 6 0 0 0 0 5]
 [0 0 5 0 7 0 1 0 0]
 [9 0 0 0 0 1 0 0 0]]
Solution:
[[0 6 8 4 5 9 0 3 7]
 [9 7 3 0 8 1 2 5 6]
 [2 1 5 7 3 6 4 9 8]
 [0 8 0 3 1 4 7 6 9]
 [5 0 9 0 7 2 1 8 4]
 [1 3 7 8 6 0 5 2 0]
 [8 5 2 0 4 3 9 7 1]
 [4 9 0 1 2 5 6 0 3]
 [7 0 1 6 9 8 0 4 2]]
Number of cells unfilled: 14
Accuracy: 82.71604938271605
Sample: 54980
Question:
[[2 0 0 0 5 0 0 0 4]
 [0 0 0 0 0 0 1 6 0]
 [0 8 6 0 0 0 0 0 0]
 [0 5 3 0 0 4 0 0 9]
 [9 0 0 5 0 0 0 7 0]
 [0 2 0 0 9 0 0 0 0]
 [3 0 0 0 4 5 0 0 7]
 [0 0 0 0 0 8 9 0 0]
 [0 0 0 1 7 0 3 0 0]]
Solution:
[[0 6 8 4 5 9 0 3 7]
 [9 7 3 0 8 1 2 5 6]
 [2 1 5 7 3 6 4 9 8]
 [0 8 4 3 1 0 7 6 0]
 [5 0 9 0 7 2 1 8 4]
 [1 3 7 8 6 4 5 2 9]
 [8 5 2 0 4 3 9 7 1]
 [4 9 0 1 2 5 6 0 3]
 [7 0 1 6 9 8 0 4 2]]
Number of cells unfilled: 13
Accuracy: 83.9506172839506
Sample: 54981
Question:
[[0 0 8 0 0 0 0 7 0]
 [0 1 0 5 0 0 0 0 6]
 [9 0 0 0 0 0 3 0 0]
 [3 0 0 0 5 0 0 0 0]
 [0 0 7 0 0 0 8 0 0]
 [0 5 0 0 0 1 0 0 4]
 [0 0 0 4 0 6 0 9 0]
 [0 0 0 2 0 5 6 0 0]
 [0 6 0 1 0 0 0 0 2]]
Solution:
[[0 6 8 4 5 9 0 3 7]
 [9 7 3 0 8 1 2 5 6]
 [2 1 5 7 3 6 4 9 8]
 [0 8 0 3 1 4 7 6 9]
 [5 0 9 0 7 2 1 8 4]
 [1 3 4 9 6 0 5 2 0]
 [8 5 2 0 4 3 9 7 1]
 [4 9 0 1 2 5 6 0 3]
 [7 0 1 6 9 8 0 4 2]]
Number of cells unfilled: 14
Accuracy: 82.71604938271605
Sample: 54982
Question:
[[0 8 0 0 3 4 0 0 1]
 [0 0 0 1 0 0 0 0 0]
 [1 0 0 0 0 0 5 3 0]
 [0 2 0 0 0 9 0 6 0]
 [8 0 0 3 0 0 0 0 5]
 [0 0 6 0 0 7 0 0 0]
 [3 0 0 4 0 0 0 0 8]
 [0 9 0 0 0 0 4 0 0]
 [0 0 0 0 2 0 0 7 0]]
Solution:
[[0 6 8 4 5 9 0 3 7]
 [9 7 3 0 8 1 2 5 6]
 [2 1 5 7 3 6 4 9 8]
 [0 8 0 3 1 4 7 6 9]
 [5 0 9 0 7 2 1 8 4]
 [1 3 4 8 6 0 5 2 0]
 [8 5 2 0 4 3 9 7 1]
 [4 9 0 1 2 5 6 0 3]
 [7 0 1 6 9 8 0 4 2]]
Number of cells unfilled: 14
Accuracy: 82.71604938271605
Sample: 54983
Question:
[[0 0 6 0 5 0 0 0 0]
 [9 0 0 2 0 0 7 5 0]
 [0 0 0 0 0 0 0 0 9]
 [0 9 0 6 0 0 0 0 1]
 [0 0 8 0 2 0 0 3 0]
 [1 0 2 0 0 4 5 0 0]
 [3 0 4 7 0 2 0 0 0]
 [0 0 0 0 4 0 3 0 0]
 [0 2 0 9 3 0 0 8 0]]
Solution:
[[0 6 8 4 5 9 0 3 7]
 [9 7 3 0 8 1 2 5 6]
 [2 1 5 7 3 6 4 9 8]
 [0 8 0 3 1 4 7 6 9]
 [5 0 9 0 7 2 1 8 4]
 [1 3 4 8 6 0 5 2 0]
 [8 5 2 0 4 3 9 7 1]
 [4 9 0 1 2 5 6 0 3]
 [7 0 1 6 9 8 0 4 2]]
Number of cells unfilled: 14
Accuracy: 82.71604938271605
Sample: 54984
Question:
[[2 9 0 0 3 0 0 0 0]
 [0 0 4 9 0 0 0 2 0]
 [8 5 0 0 0 0 0 0 0]
 [0 8 0 0 0 1 6 0 0]
 [4 0 0 2 0 0 0 5 0]
 [0 0 0 0 7 0 0 0 3]
 [9 0 0 0 0 6 7 0 0]
 [0 4 0 5 0 0 0 8 0]
 [0 0 0 0 0 0 0 0 1]]
Solution:
[[0 6 8 4 5 9 0 3 7]
 [9 7 3 0 8 1 2 5 6]
 [2 1 5 7 3 6 4 9 8]
 [0 8 4 3 1 0 7 6 0]
 [5 0 9 0 7 2 1 8 4]
 [1 3 7 8 6 4 5 2 9]
 [8 5 2 0 4 3 9 7 1]
 [4 9 0 1 2 5 6 0 3]
 [7 0 1 6 9 8 0 4 2]]
Number of cells unfilled: 13
Accuracy: 83.9506172839506
Sample: 54985
Question:
[[0 4 0 9 0 0 0 0 0]
 [0 0 0 0 1 0 0 0 4]
 [0 0 0 0 0 0 8 6 2]
 [9 0 0 0 0 1 7 0 0]
 [8 6 4 0 0 0 0 0 0]
 [0 1 2 0 5 4 0 0 3]
 [0 0 6 5 0 0 3 0 0]
 [0 0 0 3 0 6 0 2 0]
 [0 5 0 0 0 0 6 0 0]]
Solution:
[[0 6 8 4 5 9 0 3 7]
 [9 7 3 0 8 1 2 5 6]
 [2 1 5 7 3 6 4 9 8]
 [0 8 0 3 1 4 7 6 9]
 [5 0 9 0 7 2 1 8 4]
 [1 3 7 8 6 0 5 2 0]
 [8 5 2 0 4 3 9 7 1]
 [4 9 0 1 2 5 6 0 3]
 [7 0 1 6 9 8 0 4 2]]
Number of cells unfilled: 14
Accuracy: 82.71604938271605
Sample: 54986
Question:
[[0 0 3 0 0 0 8 0 0]
 [0 8 0 5 0 0 0 7 0]
 [2 0 5 0 0 0 3 0 0]
 [0 2 0 3 7 0 5 0 0]
 [0 0 0 0 0 6 0 0 7]
 [7 0 4 0 0 5 0 0 0]
 [0 1 0 7 0 0 0 0 3]
 [0 0 2 0 1 0 0 8 0]
 [0 0 0 0 0 9 1 5 0]]
Solution:
[[0 6 8 4 5 9 0 3 7]
 [9 7 3 0 8 1 2 5 6]
 [2 1 5 7 3 6 4 9 8]
 [0 8 0 3 1 4 7 6 9]
 [5 0 9 0 7 2 1 8 4]
 [1 3 4 9 6 0 5 2 0]
 [8 5 2 0 4 3 9 7 1]
 [4 9 0 1 2 5 6 0 3]
 [7 0 1 6 9 8 0 4 2]]
Number of cells unfilled: 14
Accuracy: 82.71604938271605
Sample: 54987
Question:
[[0 0 4 0 0 0 7 0 0]
 [7 0 0 0 0 9 0 0 8]
 [0 5 9 0 0 0 4 0 0]
 [0 8 6 0 0 0 0 0 0]
 [5 0 0 8 0 4 9 0 0]
 [0 0 0 0 3 0 0 8 0]
 [1 0 0 9 0 8 0 4 0]
 [0 0 0 0 2 0 1 0 9]
 [0 0 5 1 0 0 0 0 7]]
Solution:
[[0 6 8 4 5 9 0 3 7]
 [9 7 3 0 8 1 2 5 6]
 [2 0 5 7 3 6 4 1 9]
 [0 8 4 3 1 0 7 6 0]
 [5 0 9 0 7 2 1 8 4]
 [1 3 7 9 6 4 5 2 0]
 [8 5 2 0 4 3 9 7 1]
 [4 9 0 1 2 5 6 0 3]
 [7 0 1 6 9 8 0 4 2]]
Number of cells unfilled: 15
Accuracy: 81.48148148148148
Sample: 54988
Question:
[[0 3 7 0 4 0 9 2 0]
 [2 0 0 0 0 0 0 0 0]
 [0 9 4 0 0 0 0 0 3]
 [0 6 0 0 0 5 2 4 0]
 [7 0 0 0 6 0 0 0 9]
 [0 0 0 0 0 3 0 6 0]
 [0 7 0 0 3 0 0 0 0]
 [0 0 8 1 0 4 0 0 0]
 [3 0 0 0 2 0 0 0 4]]
Solution:
[[0 6 8 4 5 9 0 3 7]
 [9 7 3 0 8 1 2 5 6]
 [2 1 5 7 3 6 4 9 8]
 [0 8 4 3 1 0 7 6 0]
 [5 0 9 0 7 2 1 8 4]
 [1 3 7 8 6 4 5 2 9]
 [8 5 2 0 4 3 9 7 1]
 [4 9 0 1 2 5 6 0 3]
 [7 0 1 6 9 8 0 4 2]]
Number of cells unfilled: 13
Accuracy: 83.9506172839506
Sample: 54989
Question:
[[6 0 0 0 7 0 0 3 5]
 [0 5 0 9 0 0 0 7 0]
 [7 0 3 0 0 0 9 0 0]
 [0 0 0 0 0 9 0 0 2]
 [0 6 0 0 2 0 3 0 0]
 [0 0 2 0 0 4 0 5 0]
 [8 0 0 1 0 7 0 0 0]
 [0 9 0 0 5 0 7 0 0]
 [0 0 6 0 9 0 0 0 0]]
Solution:
[[0 6 8 4 5 9 0 3 7]
 [9 7 3 0 8 1 2 5 6]
 [2 1 5 7 3 6 4 9 8]
 [0 8 0 3 1 4 7 6 9]
 [5 0 9 0 7 2 1 8 4]
 [1 3 7 9 6 0 5 2 0]
 [8 5 2 0 4 3 9 7 1]
 [4 9 0 1 2 5 6 0 3]
 [7 0 1 6 9 8 0 4 2]]
Number of cells unfilled: 14
Accuracy: 82.71604938271605
Sample: 54990
Question:
[[6 3 0 0 0 0 5 0 0]
 [0 0 0 0 0 0 8 0 0]
 [0 0 9 0 0 5 0 4 3]
 [4 0 0 0 5 2 0 0 0]
 [0 0 2 3 0 0 0 0 0]
 [5 9 0 0 0 4 0 0 0]
 [0 0 7 0 4 0 0 3 5]
 [0 0 0 0 0 7 1 0 0]
 [9 0 0 2 0 3 0 0 7]]
Solution:
[[0 6 8 4 5 9 0 3 7]
 [9 7 3 0 8 1 2 5 6]
 [2 1 5 7 3 6 4 9 8]
 [0 8 0 3 1 4 7 6 9]
 [5 0 9 0 7 2 1 8 4]
 [1 3 4 8 6 0 5 2 0]
 [8 5 2 0 4 3 9 7 1]
 [4 9 0 1 2 5 6 0 3]
 [7 0 1 6 9 8 0 4 2]]
Number of cells unfilled: 14
Accuracy: 82.71604938271605
Sample: 54991
Question:
[[9 0 0 0 0 0 0 3 8]
 [0 0 3 0 0 0 1 0 0]
 [0 1 8 0 3 0 0 5 9]
 [8 0 0 0 7 0 5 0 0]
 [0 7 0 9 0 0 0 0 0]
 [0 0 1 2 0 0 0 0 7]
 [0 0 0 0 9 0 0 0 5]
 [3 0 0 0 1 0 9 0 0]
 [0 0 0 3 0 6 0 4 0]]
Solution:
[[0 6 8 4 5 9 0 3 7]
 [9 7 3 0 8 1 2 5 6]
 [2 0 5 7 3 6 4 1 8]
 [0 8 0 3 1 4 7 6 9]
 [5 0 9 0 7 2 1 8 4]
 [1 3 7 9 6 0 5 2 0]
 [8 5 2 0 4 3 9 7 1]
 [4 9 0 1 2 5 6 0 3]
 [7 0 1 6 9 8 0 4 2]]
Number of cells unfilled: 15
Accuracy: 81.48148148148148
Sample: 54992
Question:
[[7 0 0 0 0 0 4 5 0]
 [0 0 6 9 0 0 0 8 0]
 [0 9 0 4 0 0 0 0 2]
 [0 7 0 0 9 0 0 0 0]
 [0 8 9 0 0 0 6 0 5]
 [4 0 1 0 6 0 0 0 3]
 [0 0 0 5 0 0 8 0 0]
 [1 0 0 0 0 6 2 0 0]
 [0 0 0 0 0 7 0 0 0]]
Solution:
[[0 6 8 4 5 9 0 3 7]
 [9 7 3 0 8 1 2 5 6]
 [2 1 5 7 3 6 4 9 8]
 [0 8 0 3 1 4 7 6 9]
 [5 0 9 0 7 2 1 8 4]
 [1 3 4 8 6 0 5 2 0]
 [8 5 2 0 4 3 9 7 1]
 [4 9 0 1 2 5 6 0 3]
 [7 0 1 6 9 8 0 4 2]]
Number of cells unfilled: 14
Accuracy: 82.71604938271605
Sample: 54993
Question:
[[0 0 5 0 9 8 6 0 0]
 [0 3 0 0 0 0 0 0 0]
 [0 0 0 4 0 0 9 0 3]
 [6 0 0 0 0 4 1 0 0]
 [0 0 2 5 0 9 0 6 0]
 [0 0 7 6 0 0 0 8 0]
 [0 0 0 0 0 7 0 0 8]
 [0 0 0 0 0 5 3 4 0]
 [0 0 6 0 0 0 0 0 2]]
Solution:
[[0 6 8 4 5 9 0 3 7]
 [9 7 3 0 8 1 2 5 6]
 [2 1 5 7 3 6 4 9 8]
 [0 8 4 3 1 0 7 6 0]
 [5 0 9 0 7 2 1 8 4]
 [1 3 7 8 6 4 5 2 9]
 [8 5 2 0 4 3 9 7 1]
 [4 9 0 1 2 5 6 0 3]
 [7 0 1 6 9 8 0 4 2]]
Number of cells unfilled: 13
Accuracy: 83.9506172839506
Sample: 54994
Question:
[[7 8 4 6 0 0 0 0 0]
 [2 0 0 9 0 0 0 0 0]
 [0 0 9 0 0 0 6 4 0]
 [0 0 0 0 9 0 0 0 0]
 [0 0 0 0 2 0 7 0 9]
 [0 3 1 5 0 0 0 0 0]
 [6 0 0 0 0 0 0 0 8]
 [0 0 5 0 0 0 1 0 0]
 [0 2 0 1 6 7 0 3 0]]
Solution:
[[0 6 8 4 5 9 0 3 7]
 [9 7 3 0 8 1 2 5 6]
 [2 1 5 7 3 6 4 9 8]
 [0 8 4 3 1 0 7 6 0]
 [5 0 9 0 7 2 1 8 4]
 [1 3 7 8 6 4 5 2 9]
 [8 5 2 0 4 3 9 7 1]
 [4 9 0 1 2 5 6 0 3]
 [7 0 1 6 9 8 0 4 2]]
Number of cells unfilled: 13
Accuracy: 83.9506172839506
Sample: 54995
Question:
[[0 7 0 3 6 0 5 0 0]
 [9 0 0 0 0 7 0 1 0]
 [0 0 0 0 0 0 0 0 0]
 [0 0 3 0 0 0 6 0 0]
 [0 1 0 6 0 0 2 0 8]
 [0 0 6 0 0 9 4 0 0]
 [0 0 5 7 0 2 0 0 0]
 [0 8 0 0 0 0 0 0 4]
 [0 0 0 0 9 8 3 7 0]]
Solution:
[[0 6 8 4 5 9 0 3 7]
 [9 7 3 0 8 1 2 5 6]
 [2 0 5 7 3 6 4 1 8]
 [0 8 0 3 1 4 7 6 9]
 [5 0 9 0 7 2 1 8 4]
 [1 3 4 8 6 0 5 2 0]
 [8 5 2 0 4 3 9 7 1]
 [4 9 0 1 2 5 6 0 3]
 [7 0 1 6 9 8 0 4 2]]
Number of cells unfilled: 15
Accuracy: 81.48148148148148
Sample: 54996
Question:
[[0 2 0 0 0 6 3 0 0]
 [0 0 0 0 4 2 8 0 0]
 [0 0 5 1 0 0 0 0 0]
 [0 0 7 0 0 0 5 0 0]
 [1 0 0 0 0 0 0 9 0]
 [0 8 0 0 0 0 4 0 3]
 [9 0 0 7 0 0 0 5 0]
 [0 6 0 0 0 3 0 0 4]
 [0 0 0 0 2 0 0 0 0]]
Solution:
[[0 6 8 4 5 9 0 3 7]
 [9 7 3 0 8 1 2 5 6]
 [2 1 5 7 3 6 4 9 8]
 [0 8 0 3 1 4 7 6 9]
 [5 0 9 0 7 2 1 8 4]
 [1 3 7 8 6 0 5 2 0]
 [8 5 2 0 4 3 9 7 1]
 [4 9 0 1 2 5 6 0 3]
 [7 0 1 6 9 8 0 4 2]]
Number of cells unfilled: 14
Accuracy: 82.71604938271605
Sample: 54997
Question:
[[0 5 0 0 0 8 0 4 2]
 [0 0 0 0 6 3 8 0 5]
 [0 0 0 0 0 0 0 0 6]
 [0 0 9 1 4 0 2 0 0]
 [0 6 0 0 7 0 0 0 1]
 [2 0 4 0 0 0 0 7 0]
 [0 8 0 0 0 0 0 0 0]
 [0 0 0 0 0 0 6 0 0]
 [0 0 1 7 0 0 0 9 0]]
Solution:
[[0 6 8 4 5 9 0 3 7]
 [9 7 3 0 8 1 2 5 6]
 [2 0 5 7 3 6 4 1 8]
 [0 8 4 3 1 0 7 6 0]
 [5 0 9 0 7 2 1 8 4]
 [1 3 7 8 6 4 5 2 9]
 [8 5 2 0 4 3 9 7 1]
 [4 9 0 1 2 5 6 0 3]
 [7 0 1 6 9 8 0 4 2]]
Number of cells unfilled: 14
Accuracy: 82.71604938271605
Sample: 54998
Question:
[[0 0 3 0 0 4 0 0 0]
 [0 7 0 0 0 0 0 0 9]
 [6 0 4 7 0 0 3 0 0]
 [0 2 0 0 4 7 9 0 0]
 [0 6 7 0 0 3 2 0 0]
 [0 0 0 2 0 0 0 5 0]
 [1 0 0 0 2 0 0 0 0]
 [0 0 0 0 0 0 0 0 8]
 [0 4 0 0 0 9 6 0 0]]
Solution:
[[0 6 8 4 5 9 0 3 7]
 [9 7 3 0 8 1 2 5 6]
 [2 1 5 7 3 6 4 9 8]
 [0 8 0 3 1 4 7 6 9]
 [5 0 9 0 7 2 1 8 4]
 [1 3 4 8 6 0 5 2 0]
 [8 5 2 0 4 3 9 7 1]
 [4 9 0 1 2 5 6 0 3]
 [7 0 1 6 9 8 0 4 2]]
Number of cells unfilled: 14
Accuracy: 82.71604938271605
Sample: 54999
Question:
[[0 0 9 8 0 3 0 7 0]
 [0 0 5 0 2 4 6 0 0]
 [0 7 0 0 0 1 3 0 0]
 [0 0 0 3 0 0 0 1 0]
 [0 4 1 0 5 7 0 0 0]
 [2 0 0 0 0 0 0 0 7]
 [0 0 0 2 0 0 0 0 0]
 [0 0 8 0 0 5 0 0 0]
 [3 2 0 0 0 0 0 0 5]]
Solution:
[[0 6 8 4 5 9 0 3 7]
 [9 7 3 0 8 1 2 5 6]
 [2 1 5 7 3 6 4 9 8]
 [0 8 4 3 1 0 7 6 0]
 [5 0 9 0 7 2 1 8 4]
 [1 3 7 8 6 4 5 2 9]
 [8 5 2 0 4 3 9 7 1]
 [4 9 0 1 2 5 6 0 3]
 [7 0 1 6 9 8 0 4 2]]
Number of cells unfilled: 13
Accuracy: 83.9506172839506
Sample: 55000
Question:
[[0 6 0 4 0 0 0 0 7]
 [0 7 0 0 8 1 2 0 6]
 [2 0 5 0 0 0 0 0 0]
 [0 0 0 0 0 0 0 0 0]
 [5 0 0 0 7 0 1 8 4]
 [1 0 0 0 0 0 0 2 0]
 [8 5 0 0 0 3 0 7 0]
 [4 9 0 0 0 5 0 0 0]
 [7 0 0 0 9 8 0 0 2]]
Solution:
[[0 6 8 4 5 9 0 3 7]
 [9 7 3 0 8 1 2 5 6]
 [2 1 5 7 3 6 4 9 8]
 [0 8 4 3 1 0 7 6 0]
 [5 0 9 0 7 2 1 8 4]
 [1 3 7 8 6 4 5 2 9]
 [8 5 2 0 4 3 9 7 1]
 [4 9 0 1 2 5 6 0 3]
 [7 0 1 6 9 8 0 4 2]]
Number of cells unfilled: 13
Accuracy: 83.9506172839506
