2025-10-22 15:24:50.859393: I tensorflow/core/util/port.cc:153] oneDNN custom operations are on. You may see slightly different numerical results due to floating-point round-off errors from different computation orders. To turn them off, set the environment variable `TF_ENABLE_ONEDNN_OPTS=0`.
2025-10-22 15:24:51.389345: I tensorflow/core/platform/cpu_feature_guard.cc:210] This TensorFlow binary is optimized to use available CPU instructions in performance-critical operations.
To enable the following instructions: AVX2 AVX512F AVX512_VNNI FMA, in other operations, rebuild TensorFlow with the appropriate compiler flags.
2025-10-22 15:24:56.596838: I tensorflow/core/util/port.cc:153] oneDNN custom operations are on. You may see slightly different numerical results due to floating-point round-off errors from different computation orders. To turn them off, set the environment variable `TF_ENABLE_ONEDNN_OPTS=0`.
2025-10-22 15:25:02.230404: E external/local_xla/xla/stream_executor/cuda/cuda_platform.cc:51] failed call to cuInit: INTERNAL: CUDA error: Failed call to cuInit: UNKNOWN ERROR (303)
Sample: 55601
Question:
[[0 0 0 3 0 0 0 0 0]
 [0 0 0 2 4 0 0 1 0]
 [1 0 0 0 0 8 0 9 0]
 [0 0 2 0 0 0 0 4 9]
 [0 0 0 0 0 4 8 0 7]
 [0 0 8 0 6 0 0 0 0]
 [4 0 9 8 0 0 7 0 0]
 [0 2 0 0 7 0 0 3 5]
 [0 1 0 0 0 0 0 0 6]]
Solution:
[[3 8 6 0 2 9 1 5 7]
 [1 7 9 8 4 5 6 2 3]
 [0 2 5 7 0 6 4 0 9]
 [5 9 0 4 1 2 0 7 0]
 [4 1 0 6 7 3 8 0 5]
 [2 3 7 5 9 8 0 6 0]
 [0 5 3 2 8 0 7 9 1]
 [9 6 2 1 3 7 5 8 4]
 [7 0 8 9 5 4 3 0 2]]
Number of cells unfilled: 15
Accuracy: 81.48148148148148
Sample: 55602
Question:
[[0 0 0 6 1 0 0 0 0]
 [8 0 5 0 4 0 0 0 1]
 [2 0 0 0 0 5 9 0 0]
 [0 0 0 0 7 0 0 0 2]
 [0 1 8 2 0 0 0 0 0]
 [0 0 0 0 0 1 7 0 3]
 [0 0 0 0 0 0 0 0 0]
 [3 0 0 7 0 0 0 4 0]
 [9 7 0 0 0 0 6 0 0]]
Solution:
[[3 8 6 0 2 1 0 5 7]
 [1 7 9 8 4 5 6 2 3]
 [0 2 5 7 0 6 4 1 9]
 [5 0 0 4 1 2 9 7 0]
 [4 1 0 6 7 3 8 0 5]
 [2 3 7 5 9 8 1 6 0]
 [0 4 3 2 8 0 7 9 1]
 [9 6 2 1 3 7 5 8 4]
 [7 5 8 9 6 4 3 0 2]]
Number of cells unfilled: 13
Accuracy: 83.9506172839506
Sample: 55603
Question:
[[6 0 0 0 4 0 0 7 0]
 [0 0 8 0 0 1 5 0 0]
 [0 3 0 5 0 0 0 0 0]
 [0 0 1 3 0 0 0 0 0]
 [9 0 0 0 6 0 0 4 0]
 [0 0 0 0 0 7 0 0 2]
 [0 2 0 0 8 0 4 0 9]
 [8 0 0 0 0 0 6 0 7]
 [0 0 9 0 0 0 0 8 0]]
Solution:
[[3 8 6 0 2 1 0 5 7]
 [1 7 9 8 4 5 6 2 3]
 [0 2 5 7 0 6 4 1 9]
 [5 9 0 4 1 2 0 7 0]
 [4 1 0 6 7 3 8 0 5]
 [2 3 7 5 9 8 1 6 0]
 [0 4 3 2 8 0 7 9 1]
 [9 6 2 1 3 7 5 8 4]
 [7 5 8 9 6 4 3 0 2]]
Number of cells unfilled: 13
Accuracy: 83.9506172839506
Sample: 55604
Question:
[[0 0 9 5 0 0 0 6 0]
 [0 0 0 1 0 0 5 0 0]
 [0 0 0 0 9 4 0 7 0]
 [6 0 0 0 0 0 0 0 0]
 [0 0 8 0 0 0 9 0 0]
 [4 0 5 3 0 0 0 8 7]
 [0 3 0 0 0 6 0 0 0]
 [7 0 0 8 0 0 0 0 6]
 [9 0 0 0 2 7 0 0 1]]
Solution:
[[3 8 6 0 2 1 0 5 7]
 [1 7 9 8 4 5 6 2 3]
 [0 2 5 7 0 6 4 1 9]
 [5 9 0 4 1 2 0 7 0]
 [4 1 0 6 7 3 8 0 5]
 [2 3 7 5 9 8 1 6 0]
 [0 4 3 2 8 0 7 9 1]
 [9 6 2 1 3 7 5 8 4]
 [7 5 8 9 6 4 3 0 2]]
Number of cells unfilled: 13
Accuracy: 83.9506172839506
Sample: 55605
Question:
[[0 2 0 0 1 0 9 0 7]
 [0 0 7 8 0 0 0 0 0]
 [0 0 1 0 0 0 0 5 0]
 [2 0 0 0 3 0 7 0 1]
 [0 7 4 0 0 0 5 9 0]
 [0 0 0 9 0 0 0 0 0]
 [0 3 0 0 0 6 0 7 0]
 [0 0 2 0 4 0 3 0 9]
 [0 4 0 0 0 0 0 0 5]]
Solution:
[[3 8 6 0 2 9 1 5 7]
 [1 7 9 8 4 5 6 2 3]
 [0 2 5 7 0 6 4 0 9]
 [5 9 0 4 1 2 0 7 0]
 [4 1 0 6 7 3 8 0 5]
 [2 3 7 5 9 8 0 6 0]
 [0 4 3 2 8 0 7 9 1]
 [9 6 2 1 3 7 5 8 4]
 [7 5 8 9 6 4 3 0 2]]
Number of cells unfilled: 14
Accuracy: 82.71604938271605
Sample: 55606
Question:
[[0 0 0 6 0 0 0 0 0]
 [0 5 2 0 0 0 0 0 0]
 [4 0 6 0 0 9 0 0 8]
 [0 2 0 9 0 0 0 0 0]
 [3 0 8 0 0 7 0 9 0]
 [0 0 0 0 1 0 0 0 3]
 [7 0 9 0 0 4 3 0 0]
 [0 0 0 0 0 0 0 7 4]
 [0 0 0 0 6 0 0 8 9]]
Solution:
[[3 8 6 0 2 9 1 5 7]
 [1 7 9 8 4 5 6 2 3]
 [0 2 5 7 0 6 4 0 9]
 [5 9 0 4 1 2 0 7 0]
 [4 1 0 6 7 3 8 0 5]
 [2 3 7 5 9 8 0 6 0]
 [0 4 3 2 8 0 7 9 1]
 [9 6 2 1 3 7 5 8 4]
 [7 5 8 9 6 4 3 0 2]]
Number of cells unfilled: 14
Accuracy: 82.71604938271605
Sample: 55607
Question:
[[0 0 0 5 0 6 0 0 0]
 [0 0 7 0 0 0 0 6 0]
 [2 0 0 0 4 0 0 0 1]
 [1 0 0 4 0 0 0 8 0]
 [0 8 0 0 0 2 0 0 3]
 [0 0 3 0 8 0 1 0 0]
 [0 0 0 0 0 0 7 9 0]
 [0 9 5 0 0 0 0 0 0]
 [4 0 0 0 3 0 0 0 8]]
Solution:
[[3 8 6 0 2 1 0 5 7]
 [1 2 9 8 4 5 6 0 3]
 [0 0 5 7 0 6 4 1 9]
 [5 9 0 4 1 2 0 7 0]
 [4 1 0 6 7 3 8 0 2]
 [2 3 7 5 9 8 1 6 0]
 [0 5 3 2 8 0 7 9 1]
 [9 6 2 1 3 7 5 8 4]
 [7 0 8 9 5 4 3 2 6]]
Number of cells unfilled: 15
Accuracy: 81.48148148148148
Sample: 55608
Question:
[[0 0 0 0 0 6 0 0 2]
 [2 0 0 0 1 0 0 4 0]
 [0 0 3 2 0 0 1 0 0]
 [0 0 0 0 0 0 0 8 0]
 [4 0 0 0 0 7 6 0 1]
 [0 0 8 0 6 0 4 0 0]
 [8 0 0 5 7 0 0 6 0]
 [0 5 0 0 0 9 0 0 0]
 [7 0 9 0 4 0 0 1 0]]
Solution:
[[3 8 6 0 2 1 0 5 7]
 [1 7 9 8 4 5 6 2 3]
 [0 2 5 7 0 6 4 1 9]
 [5 0 0 4 1 2 9 7 0]
 [4 1 0 6 7 3 8 0 5]
 [2 3 7 5 9 8 1 6 0]
 [0 4 3 2 8 0 7 9 1]
 [9 6 2 1 3 7 5 8 4]
 [7 0 8 9 5 4 3 0 2]]
Number of cells unfilled: 14
Accuracy: 82.71604938271605
Sample: 55609
Question:
[[2 0 0 0 8 0 0 0 4]
 [0 6 0 0 0 0 0 0 0]
 [0 0 1 0 0 0 5 0 0]
 [0 0 0 4 7 0 0 6 0]
 [7 0 0 0 0 2 0 0 8]
 [0 9 0 8 3 0 7 0 0]
 [0 5 0 0 2 0 0 0 0]
 [0 0 9 0 0 0 1 0 0]
 [4 0 0 7 0 0 0 0 3]]
Solution:
[[3 8 6 0 2 1 0 5 7]
 [1 2 9 8 4 5 6 0 3]
 [0 0 5 7 0 6 4 1 9]
 [5 0 0 4 1 2 9 7 0]
 [4 1 0 6 7 3 8 2 5]
 [2 3 7 5 9 8 1 6 0]
 [0 4 3 2 8 0 7 9 1]
 [9 6 2 1 3 7 5 8 4]
 [7 0 8 9 5 4 3 0 2]]
Number of cells unfilled: 15
Accuracy: 81.48148148148148
Sample: 55610
Question:
[[1 0 0 0 0 0 9 3 0]
 [0 4 0 0 0 0 0 0 0]
 [0 3 0 5 0 0 8 1 2]
 [0 8 0 0 7 0 0 0 0]
 [5 0 0 0 6 0 3 0 0]
 [0 0 0 1 8 0 5 0 0]
 [3 0 9 6 0 0 2 0 0]
 [0 0 0 4 0 0 0 0 0]
 [0 2 0 0 1 8 0 5 0]]
Solution:
[[3 8 6 0 2 1 0 5 7]
 [1 7 9 8 4 5 6 2 3]
 [0 2 5 7 0 6 4 1 9]
 [5 9 0 4 1 2 0 7 0]
 [4 1 0 6 7 3 8 0 5]
 [2 3 7 5 9 8 1 6 0]
 [0 5 3 2 8 0 7 9 1]
 [9 6 2 1 3 7 5 8 4]
 [7 0 8 9 6 4 3 0 2]]
Number of cells unfilled: 14
Accuracy: 82.71604938271605
Sample: 55611
Question:
[[0 3 0 0 0 0 0 8 2]
 [4 9 0 5 0 8 0 0 0]
 [8 0 0 9 2 0 0 7 0]
 [0 0 0 2 0 7 0 0 9]
 [0 4 7 0 6 0 0 3 0]
 [2 0 8 0 3 0 0 5 1]
 [6 0 0 7 5 0 0 9 0]
 [0 0 0 8 0 4 5 6 0]
 [0 7 1 0 0 6 0 0 0]]
Solution:
[[3 8 6 0 2 1 0 5 7]
 [1 2 9 8 4 5 6 0 3]
 [0 0 5 7 0 6 4 1 9]
 [5 9 0 4 1 2 0 7 0]
 [4 1 0 6 7 3 8 0 2]
 [2 3 7 5 9 8 1 6 0]
 [0 4 3 2 8 0 7 9 1]
 [9 6 2 1 3 7 5 8 4]
 [7 5 8 9 6 4 3 2 0]]
Number of cells unfilled: 15
Accuracy: 81.48148148148148
Sample: 55612
Question:
[[0 0 0 0 4 0 0 0 6]
 [0 0 0 9 0 0 2 0 0]
 [0 0 5 0 0 7 0 3 0]
 [0 0 8 7 0 0 0 0 0]
 [5 0 0 0 3 0 0 8 0]
 [3 1 0 0 0 8 0 0 0]
 [0 5 0 0 2 0 0 0 4]
 [9 0 0 6 0 0 0 0 0]
 [0 0 3 0 0 1 0 7 0]]
Solution:
[[3 8 6 0 2 1 0 5 7]
 [1 7 9 8 4 5 6 2 3]
 [0 2 5 7 0 6 4 1 9]
 [5 0 0 4 1 2 9 7 0]
 [4 1 0 6 7 3 8 0 2]
 [2 3 7 5 9 8 1 6 0]
 [0 4 3 2 8 0 7 9 1]
 [9 6 2 1 3 7 5 8 4]
 [7 0 8 9 5 4 3 0 6]]
Number of cells unfilled: 14
Accuracy: 82.71604938271605
Sample: 55613
Question:
[[0 0 9 0 0 0 6 0 0]
 [8 0 0 0 0 0 0 0 5]
 [0 1 0 0 2 0 0 4 0]
 [0 0 1 0 3 0 0 0 0]
 [0 3 0 7 0 4 0 0 0]
 [4 0 0 0 0 2 0 3 0]
 [6 0 0 0 0 0 0 0 8]
 [0 7 0 0 4 0 0 1 0]
 [0 0 5 3 0 9 0 0 0]]
Solution:
[[3 8 6 0 2 9 1 5 7]
 [1 7 9 8 4 5 6 2 3]
 [0 5 0 7 0 6 4 0 9]
 [5 9 0 4 1 2 0 7 0]
 [4 1 0 6 7 3 8 0 5]
 [2 3 7 5 9 8 0 6 0]
 [0 4 3 2 8 0 7 9 1]
 [9 6 2 1 3 7 5 8 4]
 [7 0 8 9 6 4 3 0 2]]
Number of cells unfilled: 16
Accuracy: 80.24691358024691
Sample: 55614
Question:
[[0 0 0 0 0 1 8 0 0]
 [0 0 0 9 0 8 0 0 3]
 [0 2 0 0 0 3 9 5 0]
 [0 0 0 0 0 7 6 0 9]
 [5 0 0 0 0 6 7 0 0]
 [0 0 0 3 0 0 0 0 1]
 [0 0 9 0 0 0 3 0 6]
 [0 0 4 0 6 0 0 0 0]
 [0 5 0 8 0 9 0 0 4]]
Solution:
[[3 8 6 0 2 1 0 5 7]
 [1 7 9 8 4 5 6 2 3]
 [0 2 5 7 0 6 4 1 9]
 [5 9 0 4 1 2 0 7 0]
 [4 1 0 6 7 3 8 0 5]
 [2 3 7 5 9 8 1 6 0]
 [0 5 3 2 8 0 7 9 1]
 [9 6 2 1 3 7 5 8 4]
 [7 0 8 9 5 4 3 0 2]]
Number of cells unfilled: 14
Accuracy: 82.71604938271605
Sample: 55615
Question:
[[0 6 0 0 5 0 0 8 0]
 [2 0 0 0 0 8 0 0 4]
 [3 0 0 0 0 4 6 0 0]
 [0 9 5 0 4 0 8 0 0]
 [0 0 0 0 0 7 0 0 9]
 [0 0 0 0 0 0 0 1 0]
 [0 2 0 0 0 0 0 9 0]
 [0 1 6 0 9 0 0 0 8]
 [0 0 0 0 0 0 5 6 0]]
Solution:
[[3 8 6 0 2 9 1 5 7]
 [1 7 9 8 4 5 6 2 3]
 [0 2 5 7 0 6 4 0 9]
 [5 9 0 4 1 2 0 7 0]
 [4 1 0 6 7 3 8 0 5]
 [2 3 7 5 9 8 0 6 0]
 [0 4 3 2 8 0 7 9 1]
 [9 6 2 1 3 7 5 8 4]
 [7 5 8 9 6 4 3 0 2]]
Number of cells unfilled: 14
Accuracy: 82.71604938271605
Sample: 55616
Question:
[[3 0 5 0 0 0 0 0 0]
 [4 0 0 0 0 0 7 0 0]
 [0 8 0 4 0 0 6 3 0]
 [8 0 0 5 0 0 3 0 0]
 [0 2 0 0 3 0 0 0 7]
 [0 0 3 0 0 2 0 0 1]
 [0 0 8 2 0 0 4 5 0]
 [6 0 0 0 0 0 0 0 0]
 [0 4 0 0 0 9 0 0 0]]
Solution:
[[3 8 6 0 2 9 1 5 7]
 [1 7 9 8 4 5 6 2 3]
 [0 2 5 7 0 6 4 0 9]
 [5 9 0 4 1 2 0 7 0]
 [4 1 0 6 7 3 8 0 5]
 [2 3 7 5 9 8 0 6 0]
 [0 5 3 2 8 0 7 9 1]
 [9 6 2 1 3 7 5 8 4]
 [7 0 8 9 5 4 3 0 2]]
Number of cells unfilled: 15
Accuracy: 81.48148148148148
Sample: 55617
Question:
[[0 3 0 0 0 2 7 0 0]
 [0 0 8 7 0 0 0 0 0]
 [0 2 0 0 1 0 0 0 6]
 [0 0 0 0 0 0 5 0 2]
 [0 1 5 0 2 0 0 6 0]
 [0 0 0 4 0 0 1 0 0]
 [0 0 6 0 0 3 0 9 0]
 [0 5 1 0 9 0 6 0 0]
 [8 0 0 0 0 0 0 0 5]]
Solution:
[[3 8 6 0 2 9 1 5 7]
 [1 7 9 8 4 5 6 2 3]
 [0 2 5 7 0 6 4 0 9]
 [5 9 0 4 1 2 0 7 0]
 [4 1 0 6 7 3 8 0 2]
 [2 3 7 5 9 8 0 6 0]
 [0 5 3 2 8 0 7 9 1]
 [9 6 2 1 3 7 5 8 4]
 [7 0 8 9 5 4 3 0 6]]
Number of cells unfilled: 15
Accuracy: 81.48148148148148
Sample: 55618
Question:
[[7 0 3 0 1 0 4 0 0]
 [0 0 0 0 0 9 0 0 0]
 [0 0 2 0 0 0 0 8 0]
 [0 2 0 0 0 3 0 4 0]
 [4 0 0 5 0 0 3 1 0]
 [3 0 1 0 4 0 0 0 8]
 [1 0 8 0 7 0 0 3 0]
 [0 0 0 0 0 0 0 0 7]
 [0 0 0 6 0 0 0 0 0]]
Solution:
[[3 8 6 0 2 1 0 5 7]
 [1 7 9 8 4 5 6 2 3]
 [0 2 5 7 0 6 4 1 9]
 [5 9 0 4 1 2 0 7 0]
 [4 1 0 6 7 3 8 0 5]
 [2 3 7 5 9 8 1 6 0]
 [0 5 3 2 8 0 7 9 1]
 [9 6 2 1 3 7 5 8 4]
 [7 0 8 9 6 4 3 0 2]]
Number of cells unfilled: 14
Accuracy: 82.71604938271605
Sample: 55619
Question:
[[0 6 0 1 0 0 7 0 0]
 [0 0 0 0 0 8 0 6 0]
 [2 0 0 0 6 0 9 0 1]
 [3 0 0 0 0 4 0 0 5]
 [0 0 5 8 0 0 0 0 0]
 [0 2 0 0 1 0 0 9 0]
 [7 0 0 3 0 0 0 0 0]
 [0 0 4 9 0 0 2 0 0]
 [0 1 0 0 8 0 0 7 0]]
Solution:
[[3 8 6 0 2 1 0 5 7]
 [1 2 9 8 4 5 6 0 3]
 [0 0 5 7 0 6 4 1 9]
 [5 9 0 4 1 2 0 7 0]
 [4 1 0 6 7 3 8 0 2]
 [2 3 7 5 9 8 1 6 0]
 [0 4 3 2 8 0 7 9 1]
 [9 6 2 1 3 7 5 8 4]
 [7 5 8 9 6 4 3 2 0]]
Number of cells unfilled: 15
Accuracy: 81.48148148148148
Sample: 55620
Question:
[[4 0 0 1 0 0 0 3 0]
 [0 0 3 0 9 0 6 0 0]
 [0 2 0 0 0 8 0 7 0]
 [1 0 0 0 0 0 3 0 7]
 [0 0 0 7 0 0 4 0 0]
 [0 0 0 0 1 0 0 5 0]
 [0 0 8 0 6 0 0 0 0]
 [0 9 0 0 0 2 0 0 0]
 [3 0 0 5 0 0 0 4 0]]
Solution:
[[3 8 6 0 2 9 1 5 7]
 [1 7 9 8 4 5 6 2 3]
 [0 2 5 7 0 6 4 0 9]
 [5 9 0 4 1 2 0 7 0]
 [4 1 0 6 7 3 8 0 5]
 [2 3 7 5 9 8 0 6 0]
 [0 4 3 2 8 0 7 9 1]
 [9 6 2 1 3 7 5 8 4]
 [7 5 8 9 6 4 3 0 2]]
Number of cells unfilled: 14
Accuracy: 82.71604938271605
Sample: 55621
Question:
[[0 7 0 0 4 0 1 9 0]
 [0 0 0 0 0 0 0 0 7]
 [9 0 0 0 0 0 5 4 0]
 [4 0 0 5 9 0 6 0 1]
 [0 5 0 0 0 6 0 8 0]
 [7 0 0 0 1 0 0 0 5]
 [5 0 0 0 3 0 0 0 4]
 [0 0 0 1 0 0 3 0 0]
 [0 0 3 2 0 0 0 0 0]]
Solution:
[[3 8 6 0 2 9 1 5 7]
 [1 7 9 8 4 5 6 2 3]
 [0 2 5 7 0 6 4 0 9]
 [5 9 0 4 1 2 0 7 0]
 [4 1 0 6 7 3 8 0 5]
 [2 3 7 5 9 8 0 6 0]
 [0 5 3 2 8 0 7 9 1]
 [9 6 2 1 3 7 5 8 4]
 [7 0 8 9 6 4 3 0 2]]
Number of cells unfilled: 15
Accuracy: 81.48148148148148
Sample: 55622
Question:
[[0 8 0 2 0 0 0 3 0]
 [7 0 0 0 3 0 0 0 1]
 [0 9 3 4 0 0 7 8 0]
 [0 0 0 0 0 0 5 0 0]
 [0 0 6 0 0 5 0 0 0]
 [0 5 0 3 0 0 0 4 8]
 [0 0 0 9 0 0 3 0 4]
 [0 4 0 0 2 0 8 0 9]
 [0 0 0 0 0 0 0 2 0]]
Solution:
[[3 8 6 0 2 1 0 5 7]
 [1 7 9 8 4 5 6 2 3]
 [0 2 5 7 0 6 4 1 9]
 [5 9 0 4 1 2 0 7 0]
 [4 1 0 6 7 3 8 0 5]
 [2 3 7 5 9 8 1 6 0]
 [0 5 3 2 8 0 7 9 1]
 [9 6 2 1 3 7 5 8 4]
 [7 0 8 9 6 4 3 0 2]]
Number of cells unfilled: 14
Accuracy: 82.71604938271605
Sample: 55623
Question:
[[0 4 0 0 2 1 0 0 0]
 [0 0 1 7 0 0 2 0 0]
 [7 0 0 0 4 0 0 0 0]
 [0 0 7 8 0 0 1 0 0]
 [9 1 0 0 0 0 0 6 0]
 [0 0 0 0 0 6 0 0 9]
 [5 0 0 0 0 7 3 0 0]
 [1 0 0 3 0 0 0 0 2]
 [0 0 3 0 8 0 0 7 0]]
Solution:
[[3 8 6 0 2 1 0 5 7]
 [1 2 9 8 4 5 6 0 3]
 [0 0 5 7 0 6 4 1 9]
 [5 9 0 4 1 2 0 7 0]
 [4 1 0 6 7 3 8 2 5]
 [2 3 7 5 9 8 1 6 0]
 [0 4 3 2 8 0 7 9 1]
 [9 6 2 1 3 7 5 8 4]
 [7 5 8 9 6 4 3 0 2]]
Number of cells unfilled: 14
Accuracy: 82.71604938271605
Sample: 55624
Question:
[[0 3 0 0 0 0 0 0 0]
 [0 0 5 0 0 8 0 0 0]
 [0 0 7 5 0 4 0 1 0]
 [0 6 0 0 5 2 0 0 8]
 [9 1 0 6 4 0 0 0 0]
 [2 0 0 0 0 0 0 0 6]
 [8 0 0 0 0 0 0 3 7]
 [0 0 0 9 0 1 0 8 5]
 [0 0 0 0 7 0 0 0 0]]
Solution:
[[3 8 6 0 2 1 0 5 7]
 [1 7 9 8 4 5 6 0 3]
 [0 2 5 7 0 6 4 1 9]
 [5 9 0 4 1 2 0 7 0]
 [4 1 0 6 7 3 8 0 5]
 [2 3 7 5 9 8 1 6 0]
 [0 4 3 2 8 0 7 9 1]
 [9 6 2 1 3 7 5 8 4]
 [7 5 8 9 6 4 3 2 0]]
Number of cells unfilled: 14
Accuracy: 82.71604938271605
Sample: 55625
Question:
[[7 0 0 5 2 1 0 6 0]
 [6 0 0 7 0 0 0 0 5]
 [2 0 9 4 0 0 0 7 0]
 [0 0 4 0 0 0 0 0 0]
 [0 0 0 0 0 0 0 9 0]
 [0 7 8 1 0 0 0 0 3]
 [0 0 0 0 0 6 1 0 0]
 [0 0 0 0 0 0 0 5 0]
 [0 1 0 0 5 8 0 0 2]]
Solution:
[[3 8 6 0 2 9 1 5 7]
 [1 7 9 8 4 5 6 2 3]
 [0 2 5 7 0 6 4 0 9]
 [5 9 0 4 1 2 0 7 0]
 [4 1 0 6 7 3 8 0 5]
 [2 3 7 5 9 8 0 6 0]
 [0 4 3 2 8 0 7 9 1]
 [9 6 2 1 3 7 5 8 4]
 [7 5 8 9 6 4 3 0 2]]
Number of cells unfilled: 14
Accuracy: 82.71604938271605
Sample: 55626
Question:
[[0 0 2 0 0 0 0 3 0]
 [0 1 0 0 2 0 4 0 0]
 [4 0 0 1 0 0 0 0 8]
 [0 0 0 0 7 6 0 0 0]
 [0 0 3 8 0 0 2 0 0]
 [0 0 0 0 0 2 0 0 7]
 [0 5 0 0 0 9 0 0 2]
 [0 0 1 7 0 0 8 0 0]
 [0 0 4 0 0 0 3 0 0]]
Solution:
[[3 8 6 0 2 9 1 5 7]
 [1 7 9 8 4 5 6 2 3]
 [0 5 0 7 0 6 4 0 9]
 [5 9 0 4 1 2 0 7 0]
 [4 1 0 6 7 3 8 0 5]
 [2 3 7 5 9 8 0 6 0]
 [0 4 3 2 8 0 7 9 1]
 [9 6 2 1 3 7 5 8 4]
 [7 0 8 9 5 4 3 0 6]]
Number of cells unfilled: 16
Accuracy: 80.24691358024691
Sample: 55627
Question:
[[0 0 4 0 3 0 0 0 5]
 [0 8 0 0 0 4 0 6 0]
 [0 2 0 0 0 9 0 1 0]
 [0 0 0 9 7 0 0 0 0]
 [0 4 0 0 0 2 0 8 0]
 [0 0 9 0 0 0 0 0 0]
 [0 0 2 0 0 1 6 0 0]
 [0 6 0 4 0 0 0 0 1]
 [8 0 0 0 0 0 0 4 0]]
Solution:
[[3 8 6 0 2 9 1 5 7]
 [1 7 9 8 4 5 6 2 3]
 [0 2 5 7 0 6 4 0 9]
 [5 9 0 4 1 2 0 7 0]
 [4 1 0 6 7 3 8 0 5]
 [2 3 7 5 9 8 0 6 0]
 [0 4 3 2 8 0 7 9 1]
 [9 6 2 1 3 7 5 8 4]
 [7 5 8 9 6 4 3 0 2]]
Number of cells unfilled: 14
Accuracy: 82.71604938271605
Sample: 55628
Question:
[[0 0 9 0 0 0 0 0 0]
 [0 3 1 0 0 2 6 0 0]
 [4 0 0 6 0 0 0 9 3]
 [0 0 0 0 0 0 8 0 0]
 [0 4 0 0 0 1 0 0 0]
 [0 0 6 9 0 0 0 4 1]
 [0 0 0 0 7 0 5 0 0]
 [0 1 0 3 0 0 0 6 2]
 [6 0 0 0 2 0 0 0 0]]
Solution:
[[3 8 6 0 2 1 0 5 7]
 [1 7 9 8 4 5 6 2 3]
 [0 2 5 7 0 6 4 1 9]
 [5 9 0 4 1 2 0 7 0]
 [4 1 0 6 7 3 8 0 5]
 [2 3 7 5 9 8 1 6 0]
 [0 4 3 2 8 0 7 9 1]
 [9 6 2 1 3 7 5 8 4]
 [7 5 8 9 6 4 3 0 2]]
Number of cells unfilled: 13
Accuracy: 83.9506172839506
Sample: 55629
Question:
[[4 0 0 5 0 0 0 0 0]
 [0 9 5 0 0 2 0 8 0]
 [0 0 0 0 9 0 0 0 0]
 [2 0 0 0 6 0 7 0 0]
 [0 8 6 9 0 0 0 2 0]
 [0 0 0 0 2 8 0 0 0]
 [0 2 7 0 5 0 0 6 0]
 [0 0 0 0 0 0 8 0 7]
 [1 0 0 0 0 0 0 0 3]]
Solution:
[[3 8 6 0 2 1 0 5 7]
 [1 7 9 8 4 5 6 2 3]
 [0 2 5 7 0 6 4 1 9]
 [5 9 0 4 1 2 0 7 0]
 [4 1 0 6 7 3 8 0 5]
 [2 3 7 5 9 8 1 6 0]
 [0 5 3 2 8 0 7 9 1]
 [9 6 2 1 3 7 5 8 4]
 [7 0 8 9 5 4 3 0 2]]
Number of cells unfilled: 14
Accuracy: 82.71604938271605
Sample: 55630
Question:
[[9 0 1 0 0 6 4 0 0]
 [0 0 7 0 0 0 0 1 0]
 [0 4 0 0 0 0 0 0 6]
 [0 0 0 2 3 0 0 0 0]
 [0 1 0 0 0 9 0 7 0]
 [2 0 0 0 1 0 0 0 0]
 [0 9 0 0 0 2 0 6 0]
 [1 0 0 0 8 0 0 0 5]
 [0 7 0 0 0 1 0 4 0]]
Solution:
[[3 8 6 0 2 9 1 5 7]
 [1 7 9 8 4 5 6 2 3]
 [0 2 5 7 0 6 4 0 9]
 [5 9 0 4 1 2 0 7 0]
 [4 1 0 6 7 3 8 0 5]
 [2 3 7 5 9 8 0 6 0]
 [0 4 3 2 8 0 7 9 1]
 [9 6 2 1 3 7 5 8 4]
 [7 0 8 9 5 4 3 0 2]]
Number of cells unfilled: 15
Accuracy: 81.48148148148148
Sample: 55631
Question:
[[6 0 0 0 0 0 0 0 5]
 [0 5 7 0 0 9 0 8 0]
 [0 8 4 0 0 0 3 0 0]
 [0 0 5 6 0 0 0 0 7]
 [0 0 0 0 0 2 0 1 0]
 [4 0 0 9 0 0 0 0 0]
 [0 0 0 0 1 0 0 3 0]
 [0 4 0 5 0 0 0 0 8]
 [0 0 6 0 9 8 2 0 0]]
Solution:
[[3 8 6 0 2 1 0 5 7]
 [1 2 9 8 4 5 6 0 3]
 [0 5 0 7 0 6 4 1 9]
 [5 9 0 4 1 2 0 7 0]
 [4 1 0 6 7 3 8 0 5]
 [2 3 7 5 9 8 1 6 0]
 [0 4 3 2 8 0 7 9 1]
 [9 6 2 1 3 7 5 8 4]
 [7 0 8 9 5 4 3 2 6]]
Number of cells unfilled: 15
Accuracy: 81.48148148148148
Sample: 55632
Question:
[[0 0 0 0 1 0 6 0 0]
 [8 6 0 4 0 0 0 0 7]
 [0 0 9 0 0 0 0 0 0]
 [7 4 0 6 0 0 8 0 0]
 [0 0 0 0 5 0 0 4 0]
 [0 0 6 0 0 0 0 0 0]
 [0 0 0 0 0 0 7 0 8]
 [3 8 0 7 0 0 0 6 0]
 [0 0 0 0 0 2 3 0 0]]
Solution:
[[3 8 6 0 2 9 1 5 7]
 [1 7 9 8 4 5 6 2 3]
 [0 2 5 7 0 6 4 0 9]
 [5 9 0 4 1 2 0 7 0]
 [4 1 0 6 7 3 8 0 5]
 [2 3 7 5 9 8 0 6 0]
 [0 5 3 2 8 0 7 9 1]
 [9 6 2 1 3 7 5 8 4]
 [7 0 8 9 5 4 3 0 6]]
Number of cells unfilled: 15
Accuracy: 81.48148148148148
Sample: 55633
Question:
[[0 0 0 0 2 0 3 0 0]
 [0 1 0 7 0 0 0 0 8]
 [0 0 4 0 0 8 0 0 0]
 [0 5 0 0 0 0 0 0 7]
 [0 0 0 0 0 6 0 8 0]
 [0 9 0 5 0 0 0 0 1]
 [5 0 0 1 0 0 0 0 0]
 [0 8 0 0 0 0 7 0 0]
 [1 0 9 0 8 0 0 0 5]]
Solution:
[[3 8 6 0 2 9 1 5 7]
 [1 7 9 8 4 5 6 2 3]
 [0 2 5 7 0 6 4 0 9]
 [5 9 0 4 1 2 0 7 0]
 [4 1 0 6 7 3 8 0 5]
 [2 3 7 5 9 8 0 6 0]
 [0 4 3 2 8 0 7 9 1]
 [9 6 2 1 3 7 5 8 4]
 [7 5 8 9 6 4 3 0 2]]
Number of cells unfilled: 14
Accuracy: 82.71604938271605
Sample: 55634
Question:
[[0 0 0 0 5 0 0 0 4]
 [8 0 0 9 0 0 1 0 0]
 [0 6 0 0 0 0 0 0 0]
 [2 0 0 1 0 0 9 0 0]
 [0 0 0 0 0 7 0 1 0]
 [3 0 0 2 0 0 8 0 0]
 [0 0 2 8 0 0 0 0 1]
 [0 3 8 0 0 0 2 0 0]
 [1 0 0 0 0 2 0 0 9]]
Solution:
[[3 8 6 0 2 9 1 5 7]
 [1 7 9 8 4 5 6 2 3]
 [0 2 5 7 0 6 4 0 9]
 [5 9 0 4 1 2 0 7 0]
 [4 1 0 6 7 3 8 0 5]
 [2 3 7 5 9 8 0 6 0]
 [0 4 3 2 8 0 7 9 1]
 [9 6 2 1 3 7 5 8 4]
 [7 5 8 9 6 4 3 0 2]]
Number of cells unfilled: 14
Accuracy: 82.71604938271605
Sample: 55635
Question:
[[0 0 0 0 9 0 0 0 7]
 [9 0 0 8 0 6 3 0 0]
 [0 0 8 0 0 3 0 9 0]
 [0 0 3 0 6 0 9 0 0]
 [4 0 0 3 0 0 0 0 0]
 [0 0 9 0 8 0 7 0 0]
 [0 0 0 0 0 0 0 0 1]
 [0 5 0 0 0 2 0 0 0]
 [0 0 6 0 3 0 8 0 0]]
Solution:
[[3 8 6 0 2 1 0 5 7]
 [1 7 9 8 4 5 6 2 3]
 [0 2 5 7 0 6 4 1 9]
 [5 9 0 4 1 2 0 7 0]
 [4 1 0 6 7 3 8 0 5]
 [2 3 7 5 9 8 1 6 0]
 [0 5 3 2 8 0 7 9 1]
 [9 6 2 1 3 7 5 8 4]
 [7 0 8 9 5 4 3 0 2]]
Number of cells unfilled: 14
Accuracy: 82.71604938271605
Sample: 55636
Question:
[[0 0 0 3 0 0 0 0 0]
 [0 5 0 0 0 0 0 1 3]
 [0 0 3 0 1 7 4 0 0]
 [0 0 0 0 0 0 7 0 4]
 [6 0 0 0 0 0 8 0 0]
 [0 0 7 0 4 8 0 3 0]
 [0 0 1 0 3 4 0 0 7]
 [3 0 0 9 0 0 0 0 0]
 [0 2 0 0 0 0 0 0 0]]
Solution:
[[3 8 6 0 2 1 0 5 7]
 [1 7 9 8 4 5 6 2 3]
 [0 2 5 7 0 6 4 1 9]
 [5 9 0 4 1 2 0 7 0]
 [4 1 0 6 7 3 8 0 5]
 [2 3 7 5 9 8 1 6 0]
 [0 4 3 2 8 0 7 9 1]
 [9 6 2 1 3 7 5 8 4]
 [7 0 8 9 5 4 3 0 6]]
Number of cells unfilled: 14
Accuracy: 82.71604938271605
Sample: 55637
Question:
[[0 0 8 0 6 0 0 4 2]
 [0 2 0 0 0 7 0 0 0]
 [4 0 0 0 0 0 0 0 0]
 [0 0 5 9 0 0 0 0 0]
 [0 0 6 0 0 0 8 0 0]
 [0 4 0 0 8 0 0 5 6]
 [6 0 0 0 5 0 0 0 4]
 [0 0 0 0 0 8 1 0 0]
 [0 8 0 3 0 0 0 0 0]]
Solution:
[[3 8 6 0 2 1 0 5 7]
 [1 2 9 8 4 5 6 0 3]
 [0 0 5 7 0 6 4 1 9]
 [5 9 0 4 1 2 0 7 0]
 [4 1 0 6 7 3 8 0 5]
 [2 3 7 5 9 8 1 6 0]
 [0 5 3 2 8 0 7 9 1]
 [9 6 2 1 3 7 5 8 4]
 [0 7 8 9 5 4 3 2 6]]
Number of cells unfilled: 15
Accuracy: 81.48148148148148
Sample: 55638
Question:
[[2 0 0 1 0 0 0 5 0]
 [0 7 0 0 0 0 1 0 0]
 [0 0 0 0 4 7 0 0 2]
 [8 0 0 0 3 0 0 0 0]
 [0 0 0 0 0 0 0 9 0]
 [0 4 0 2 0 0 0 0 7]
 [0 2 0 4 0 0 0 0 1]
 [0 0 6 0 0 2 0 0 0]
 [0 1 0 7 0 0 0 0 5]]
Solution:
[[3 8 6 0 2 9 1 5 7]
 [1 7 9 8 4 5 6 2 3]
 [0 2 5 7 0 6 4 0 9]
 [5 9 0 4 1 2 0 7 0]
 [4 1 0 6 7 3 8 0 2]
 [2 3 7 5 9 8 0 6 0]
 [0 4 3 2 8 0 7 9 1]
 [9 6 2 1 3 7 5 8 4]
 [7 0 8 9 5 4 3 0 6]]
Number of cells unfilled: 15
Accuracy: 81.48148148148148
Sample: 55639
Question:
[[7 0 0 0 0 0 0 0 6]
 [0 4 0 0 0 0 0 0 0]
 [0 0 1 7 4 0 8 0 0]
 [0 0 8 0 0 1 0 0 0]
 [4 0 0 8 2 0 1 0 0]
 [0 1 2 0 0 0 0 9 0]
 [0 0 0 0 0 0 0 3 0]
 [0 0 0 0 0 5 0 0 1]
 [0 8 0 4 1 0 2 0 0]]
Solution:
[[3 8 6 0 2 1 0 5 7]
 [1 2 9 8 4 5 6 0 3]
 [0 5 0 7 0 6 4 1 9]
 [5 9 0 4 1 2 0 7 0]
 [4 1 0 6 7 3 8 0 2]
 [2 3 7 5 9 8 1 6 0]
 [0 4 3 2 8 0 7 9 1]
 [9 6 2 1 3 7 5 8 4]
 [0 7 8 9 5 4 3 2 6]]
Number of cells unfilled: 15
Accuracy: 81.48148148148148
Sample: 55640
Question:
[[6 0 0 0 4 0 0 8 0]
 [0 0 0 0 0 6 0 0 0]
 [0 0 4 5 8 0 0 0 9]
 [0 7 0 0 0 0 4 0 0]
 [0 0 6 4 9 0 0 1 0]
 [0 0 8 0 0 2 9 0 0]
 [3 0 0 0 0 0 0 0 0]
 [0 0 0 0 0 0 0 5 1]
 [0 0 5 1 6 0 8 0 0]]
Solution:
[[3 8 6 0 2 1 0 5 7]
 [1 7 9 8 4 5 6 2 3]
 [0 2 5 7 0 6 4 1 9]
 [5 0 0 4 1 2 9 7 0]
 [4 1 0 6 7 3 8 0 5]
 [2 3 7 5 9 8 1 6 0]
 [0 5 3 2 8 0 7 9 1]
 [9 6 2 1 3 7 5 8 4]
 [7 0 8 9 5 4 3 0 2]]
Number of cells unfilled: 14
Accuracy: 82.71604938271605
Sample: 55641
Question:
[[0 0 0 0 0 7 1 4 0]
 [8 0 0 9 0 0 2 0 0]
 [6 0 0 0 0 3 0 0 0]
 [0 0 0 0 0 0 0 0 6]
 [0 4 0 0 0 0 0 7 0]
 [0 2 0 0 0 1 0 0 0]
 [0 0 0 0 0 0 4 0 0]
 [0 0 0 8 0 0 0 0 0]
 [3 0 0 6 0 0 0 0 0]]
Solution:
[[3 8 6 0 2 1 0 5 7]
 [1 2 9 8 4 5 6 0 3]
 [0 0 5 7 0 6 4 2 9]
 [5 9 0 4 1 2 0 7 0]
 [4 1 0 6 7 3 8 0 5]
 [2 3 7 5 9 8 1 6 0]
 [0 5 3 2 8 0 7 9 1]
 [9 6 2 1 3 7 5 8 4]
 [0 7 8 9 5 4 3 0 2]]
Number of cells unfilled: 16
Accuracy: 80.24691358024691
Sample: 55642
Question:
[[0 0 0 0 9 0 0 5 6]
 [0 7 9 0 0 0 0 0 0]
 [0 1 8 0 0 0 0 0 9]
 [0 0 0 0 0 4 0 0 3]
 [4 0 0 7 0 0 0 6 0]
 [0 5 0 0 3 8 1 0 0]
 [0 0 0 0 0 0 0 4 1]
 [0 0 5 0 8 0 0 0 0]
 [0 0 0 0 4 5 6 3 0]]
Solution:
[[3 8 6 0 2 9 1 5 7]
 [1 7 9 8 4 5 6 2 3]
 [0 5 0 7 0 6 4 0 9]
 [5 9 0 4 1 2 0 7 0]
 [4 1 0 6 7 3 8 0 2]
 [2 3 7 5 9 8 0 6 0]
 [0 4 3 2 8 0 7 9 1]
 [9 6 2 1 3 7 5 8 4]
 [7 0 8 9 5 4 3 0 6]]
Number of cells unfilled: 16
Accuracy: 80.24691358024691
Sample: 55643
Question:
[[0 0 0 6 0 0 0 0 2]
 [0 0 7 0 0 0 0 3 0]
 [1 0 0 0 9 4 0 6 0]
 [0 0 9 0 0 0 8 0 0]
 [4 0 0 0 0 0 0 9 0]
 [5 0 6 0 8 0 0 0 0]
 [0 0 0 5 2 0 7 0 1]
 [0 0 0 0 0 6 0 0 4]
 [7 0 0 3 0 1 0 5 0]]
Solution:
[[3 8 6 0 2 1 0 5 7]
 [1 7 9 8 4 5 6 2 3]
 [0 2 5 7 0 6 4 1 9]
 [5 9 0 4 1 2 0 7 0]
 [4 1 0 6 7 3 8 0 5]
 [2 3 7 5 9 8 1 6 0]
 [0 4 3 2 8 0 7 9 1]
 [9 6 2 1 3 7 5 8 4]
 [7 5 8 9 6 4 3 0 2]]
Number of cells unfilled: 13
Accuracy: 83.9506172839506
Sample: 55644
Question:
[[6 0 0 0 0 0 0 0 3]
 [1 0 0 3 0 0 0 0 0]
 [0 0 0 0 2 0 7 9 1]
 [0 0 1 0 0 2 9 0 0]
 [0 8 9 0 0 5 0 0 0]
 [0 0 0 8 0 0 0 7 4]
 [0 0 0 7 0 0 8 3 5]
 [7 6 0 0 0 8 0 1 0]
 [0 0 5 0 0 3 0 6 0]]
Solution:
[[3 8 6 0 2 9 1 5 7]
 [1 7 9 8 4 5 6 2 3]
 [0 2 5 7 0 6 4 0 9]
 [5 9 0 4 1 2 0 7 0]
 [4 1 0 6 7 3 8 0 5]
 [2 3 7 5 9 8 0 6 0]
 [0 4 3 2 8 0 7 9 1]
 [9 6 2 1 3 7 5 8 4]
 [7 5 8 9 6 4 3 0 2]]
Number of cells unfilled: 14
Accuracy: 82.71604938271605
Sample: 55645
Question:
[[0 0 0 3 0 1 0 0 5]
 [0 0 5 0 0 2 0 0 0]
 [3 0 0 0 5 0 4 0 0]
 [8 0 0 0 0 0 6 0 3]
 [0 9 0 6 0 0 0 8 0]
 [0 0 6 0 1 0 0 0 4]
 [6 7 0 1 0 0 0 0 0]
 [0 0 2 0 3 0 0 0 1]
 [0 0 0 0 0 9 7 0 0]]
Solution:
[[3 8 6 0 2 9 1 5 7]
 [1 7 9 8 4 5 6 2 3]
 [0 2 5 7 0 6 4 0 9]
 [5 9 0 4 1 2 0 7 0]
 [4 1 0 6 7 3 8 0 5]
 [2 3 7 5 9 8 0 6 0]
 [0 4 3 2 8 0 7 9 1]
 [9 6 2 1 3 7 5 8 4]
 [7 5 8 9 6 4 3 0 2]]
Number of cells unfilled: 14
Accuracy: 82.71604938271605
Sample: 55646
Question:
[[0 2 0 4 0 9 0 0 0]
 [1 0 5 6 0 8 0 0 0]
 [0 0 0 7 0 0 0 4 0]
 [5 0 0 0 0 0 0 7 0]
 [0 0 4 0 0 0 1 0 0]
 [0 7 6 0 0 3 0 0 4]
 [0 8 0 0 1 6 2 0 5]
 [0 0 0 2 0 0 7 0 0]
 [0 3 0 0 0 0 0 0 0]]
Solution:
[[3 8 6 0 2 1 0 5 7]
 [1 2 9 8 4 5 6 0 3]
 [0 5 0 7 0 6 4 1 9]
 [5 9 0 4 1 2 0 7 0]
 [4 1 0 6 7 3 8 0 5]
 [2 3 7 5 9 8 1 6 0]
 [0 4 3 2 8 0 7 9 1]
 [9 6 2 1 3 7 5 8 4]
 [7 0 8 9 5 4 3 2 6]]
Number of cells unfilled: 15
Accuracy: 81.48148148148148
Sample: 55647
Question:
[[9 0 0 0 0 0 5 0 0]
 [0 1 5 9 0 0 0 4 0]
 [0 4 6 0 0 5 0 0 0]
 [0 0 0 8 0 0 3 0 0]
 [1 0 0 0 0 4 0 5 0]
 [0 0 0 0 5 0 0 0 2]
 [6 0 0 0 0 9 0 1 0]
 [4 0 0 0 0 6 0 3 0]
 [0 0 0 0 3 0 0 0 7]]
Solution:
[[3 8 6 0 2 9 1 5 7]
 [1 7 9 8 4 5 6 2 3]
 [0 2 5 7 0 6 4 0 9]
 [5 9 0 4 1 2 0 7 0]
 [4 1 0 6 7 3 8 0 5]
 [2 3 7 5 9 8 0 6 0]
 [0 5 3 2 8 0 7 9 1]
 [9 6 2 1 3 7 5 8 4]
 [7 0 8 9 5 4 3 0 2]]
Number of cells unfilled: 15
Accuracy: 81.48148148148148
Sample: 55648
Question:
[[9 0 8 3 0 0 0 0 6]
 [0 4 1 0 0 0 0 0 5]
 [0 3 2 9 1 0 0 0 4]
 [4 1 0 7 0 0 6 0 0]
 [0 0 5 0 4 8 0 2 0]
 [0 0 0 0 9 1 7 0 0]
 [5 0 0 0 6 7 4 0 0]
 [0 0 0 2 0 0 0 3 0]
 [8 0 0 0 5 3 0 0 9]]
Solution:
[[3 8 6 0 2 9 1 5 7]
 [1 7 9 8 4 5 6 2 3]
 [0 5 0 7 0 6 4 0 9]
 [5 9 0 4 1 2 0 7 0]
 [4 1 0 6 7 3 8 0 5]
 [2 3 7 5 9 8 0 6 0]
 [0 4 3 2 8 0 7 9 1]
 [9 6 2 1 3 7 5 8 4]
 [7 0 8 9 5 4 3 0 2]]
Number of cells unfilled: 16
Accuracy: 80.24691358024691
Sample: 55649
Question:
[[8 4 0 0 0 7 0 5 2]
 [0 6 7 0 0 5 0 8 0]
 [2 0 5 0 0 0 0 0 6]
 [0 0 0 0 1 0 0 0 0]
 [0 0 6 0 0 0 9 0 0]
 [0 7 0 0 0 3 0 4 0]
 [0 8 0 3 7 0 0 0 0]
 [0 0 4 8 5 0 0 3 0]
 [0 0 0 0 0 4 0 0 0]]
Solution:
[[3 8 6 0 2 1 0 5 7]
 [1 7 9 8 4 5 6 2 3]
 [0 2 5 7 0 6 4 1 9]
 [5 9 0 4 1 2 0 7 0]
 [4 1 0 6 7 3 8 0 5]
 [2 3 7 5 9 8 1 6 0]
 [0 4 3 2 8 0 7 9 1]
 [9 6 2 1 3 7 5 8 4]
 [7 5 8 9 6 4 3 0 2]]
Number of cells unfilled: 13
Accuracy: 83.9506172839506
Sample: 55650
Question:
[[9 0 0 0 0 4 0 0 0]
 [0 1 0 0 0 0 0 5 0]
 [0 0 2 0 6 0 0 0 3]
 [0 0 7 0 8 0 0 0 2]
 [0 0 0 0 0 2 1 0 0]
 [0 0 0 5 0 0 0 4 8]
 [0 0 9 0 0 6 8 0 0]
 [0 3 0 8 0 0 0 0 9]
 [7 0 0 0 9 0 0 2 0]]
Solution:
[[3 8 6 0 2 1 0 5 7]
 [1 7 9 8 4 5 6 2 3]
 [0 2 5 7 0 6 4 1 9]
 [5 9 0 4 1 2 0 7 0]
 [4 1 0 6 7 3 8 0 5]
 [2 3 7 5 9 8 1 6 0]
 [0 5 3 2 8 0 7 9 1]
 [9 6 2 1 3 7 5 8 4]
 [7 0 8 9 5 4 3 0 2]]
Number of cells unfilled: 14
Accuracy: 82.71604938271605
Sample: 55651
Question:
[[4 0 0 0 0 0 8 0 1]
 [0 5 3 0 0 7 0 0 6]
 [8 9 0 4 0 5 2 0 0]
 [0 0 0 0 5 0 0 0 9]
 [1 0 0 0 3 0 0 2 0]
 [0 8 6 2 9 0 3 7 0]
 [0 2 0 9 0 0 4 1 8]
 [0 7 0 8 1 2 0 6 0]
 [3 0 0 0 0 0 0 0 0]]
Solution:
[[3 8 6 0 2 9 1 5 7]
 [1 7 9 8 4 5 6 2 3]
 [0 2 5 7 0 6 4 0 9]
 [5 9 0 4 1 2 0 7 0]
 [4 1 0 6 7 3 8 0 5]
 [2 3 7 5 9 8 0 6 0]
 [0 5 3 2 8 0 7 9 1]
 [9 6 2 1 3 7 5 8 4]
 [7 0 8 9 5 4 3 0 6]]
Number of cells unfilled: 15
Accuracy: 81.48148148148148
Sample: 55652
Question:
[[7 0 0 0 0 1 5 0 0]
 [0 0 5 0 3 0 9 4 0]
 [6 0 0 0 0 0 0 0 3]
 [4 0 6 0 9 0 8 0 2]
 [0 0 0 0 0 5 7 0 1]
 [0 0 0 0 0 0 0 0 0]
 [0 4 9 0 5 8 0 0 0]
 [0 6 0 4 0 0 0 1 0]
 [3 0 0 0 0 0 0 0 0]]
Solution:
[[3 8 6 0 2 9 1 5 7]
 [1 7 9 8 4 5 6 2 3]
 [0 2 5 7 0 6 4 0 9]
 [5 9 0 4 1 2 0 7 0]
 [4 1 0 6 7 3 8 0 5]
 [2 3 7 5 9 8 0 6 0]
 [0 5 3 2 8 0 7 9 1]
 [9 6 2 1 3 7 5 8 4]
 [7 0 8 9 5 4 3 0 2]]
Number of cells unfilled: 15
Accuracy: 81.48148148148148
Sample: 55653
Question:
[[0 8 0 7 0 0 0 0 1]
 [4 0 0 0 0 0 5 7 0]
 [0 0 0 0 0 9 8 0 0]
 [6 0 0 0 0 4 0 0 0]
 [0 1 0 8 0 0 7 0 0]
 [0 0 2 0 3 0 0 0 0]
 [0 0 3 0 2 0 1 0 7]
 [1 0 0 0 9 0 0 0 6]
 [0 2 0 1 0 0 0 5 0]]
Solution:
[[3 8 6 0 2 1 0 5 7]
 [1 7 9 8 4 5 6 2 3]
 [0 2 5 7 0 6 4 1 9]
 [5 9 0 4 1 2 0 7 0]
 [4 1 0 6 7 3 8 0 2]
 [2 3 7 5 9 8 1 6 0]
 [0 5 3 2 8 0 7 9 1]
 [9 6 2 1 3 7 5 8 4]
 [7 0 8 9 5 4 3 0 6]]
Number of cells unfilled: 14
Accuracy: 82.71604938271605
Sample: 55654
Question:
[[0 3 0 0 2 0 5 0 0]
 [0 9 0 4 0 3 7 0 0]
 [0 0 4 0 0 0 0 1 0]
 [4 0 0 5 0 0 0 7 0]
 [2 5 0 0 0 6 3 0 0]
 [0 0 9 2 1 0 4 0 0]
 [0 0 0 1 0 0 6 3 0]
 [9 0 0 6 0 0 0 0 7]
 [0 0 0 0 0 0 0 9 5]]
Solution:
[[3 8 6 0 2 9 1 5 7]
 [1 7 9 8 4 5 6 2 3]
 [0 2 5 7 0 6 4 0 9]
 [5 9 0 4 1 2 0 7 0]
 [4 1 0 6 7 3 8 0 5]
 [2 3 7 5 9 8 0 6 0]
 [0 4 3 2 8 0 7 9 1]
 [9 6 2 1 3 7 5 8 4]
 [7 5 8 9 6 4 3 0 2]]
Number of cells unfilled: 14
Accuracy: 82.71604938271605
Sample: 55655
Question:
[[8 0 0 6 2 0 0 0 7]
 [0 0 7 0 3 0 0 0 0]
 [0 1 3 7 0 8 9 0 0]
 [0 7 0 1 0 0 3 9 0]
 [3 4 5 0 0 0 6 0 0]
 [9 0 0 0 0 0 0 2 0]
 [4 2 0 0 1 0 0 0 0]
 [0 0 0 8 0 0 0 0 0]
 [0 0 6 0 0 0 0 5 0]]
Solution:
[[3 8 6 0 2 1 0 5 7]
 [1 2 9 8 4 5 6 0 3]
 [0 0 5 7 0 6 4 1 9]
 [5 9 0 4 1 2 0 7 0]
 [4 1 0 6 7 3 8 0 5]
 [2 3 7 5 9 8 1 6 0]
 [0 4 3 2 8 0 7 9 1]
 [9 6 2 1 3 7 5 8 4]
 [7 5 8 9 6 4 3 2 0]]
Number of cells unfilled: 15
Accuracy: 81.48148148148148
Sample: 55656
Question:
[[0 0 0 0 3 0 0 0 0]
 [0 0 0 5 0 1 0 2 0]
 [4 0 6 0 0 0 0 0 0]
 [8 0 0 0 7 0 0 0 0]
 [3 0 4 0 0 6 0 0 0]
 [0 9 0 4 1 0 0 0 3]
 [2 0 0 0 0 0 0 0 5]
 [0 0 3 7 0 2 0 0 4]
 [0 5 8 0 9 0 1 0 0]]
Solution:
[[3 8 6 0 2 1 0 5 7]
 [1 2 9 8 4 5 6 0 3]
 [0 0 5 7 0 6 4 1 9]
 [5 0 0 4 1 2 9 7 0]
 [4 1 0 6 7 3 8 2 5]
 [2 3 7 5 9 8 1 6 0]
 [0 4 3 2 8 0 7 9 1]
 [9 6 2 1 3 7 5 8 4]
 [7 5 8 9 6 4 3 0 2]]
Number of cells unfilled: 14
Accuracy: 82.71604938271605
Sample: 55657
Question:
[[0 0 0 0 0 7 0 2 0]
 [7 0 0 2 8 0 0 0 0]
 [0 9 3 0 0 0 8 0 0]
 [3 2 0 0 0 6 0 1 0]
 [0 0 0 0 0 5 7 9 0]
 [0 0 0 3 0 9 0 8 0]
 [0 6 0 1 0 0 0 4 0]
 [4 7 0 9 0 0 0 0 0]
 [0 0 0 0 0 0 0 0 9]]
Solution:
[[3 8 6 0 2 1 0 5 7]
 [1 7 9 8 4 5 6 2 3]
 [0 2 5 7 0 6 4 1 9]
 [5 9 0 4 1 2 0 7 0]
 [4 1 0 6 7 3 8 0 5]
 [2 3 7 5 9 8 1 6 0]
 [0 5 3 2 8 0 7 9 1]
 [9 6 2 1 3 7 5 8 4]
 [7 0 8 9 6 4 3 0 2]]
Number of cells unfilled: 14
Accuracy: 82.71604938271605
Sample: 55658
Question:
[[2 0 0 0 0 6 1 3 0]
 [0 0 0 0 0 0 0 0 2]
 [0 0 3 0 0 0 4 6 0]
 [0 0 2 0 0 1 0 0 3]
 [0 5 0 2 0 0 8 0 0]
 [3 0 0 5 8 0 0 0 0]
 [0 0 6 0 0 4 0 0 1]
 [0 2 0 0 7 0 0 9 0]
 [7 0 0 9 0 0 0 0 0]]
Solution:
[[3 8 6 0 2 9 1 5 7]
 [1 7 9 8 4 5 6 2 3]
 [0 2 5 7 0 6 4 0 9]
 [5 9 0 4 1 2 0 7 0]
 [4 1 0 6 7 3 8 0 5]
 [2 3 7 5 9 8 0 6 0]
 [0 4 3 2 8 0 7 9 1]
 [9 6 2 1 3 7 5 8 4]
 [7 5 8 9 6 4 3 0 2]]
Number of cells unfilled: 14
Accuracy: 82.71604938271605
Sample: 55659
Question:
[[0 9 0 0 2 0 0 1 0]
 [0 0 0 0 0 7 4 0 0]
 [2 0 7 4 0 0 0 0 0]
 [0 2 0 0 0 3 9 0 1]
 [0 0 3 0 1 0 0 0 8]
 [0 0 0 2 0 0 0 3 0]
 [5 0 0 0 0 0 0 0 6]
 [0 3 0 0 8 0 0 9 0]
 [0 7 0 6 0 5 0 0 0]]
Solution:
[[3 8 6 0 2 9 1 5 7]
 [1 7 9 8 4 5 6 2 3]
 [0 2 5 7 0 6 4 0 9]
 [5 9 0 4 1 2 0 7 0]
 [4 1 0 6 7 3 8 0 2]
 [2 3 7 5 9 8 0 6 0]
 [0 4 3 2 8 0 7 9 1]
 [9 6 2 1 3 7 5 8 4]
 [7 0 8 9 5 4 3 0 6]]
Number of cells unfilled: 15
Accuracy: 81.48148148148148
Sample: 55660
Question:
[[0 0 5 0 1 0 4 8 7]
 [0 2 0 6 0 0 1 0 0]
 [0 0 0 0 0 7 0 0 0]
 [0 0 0 8 0 0 0 2 0]
 [5 4 0 3 0 0 8 6 0]
 [0 0 2 5 0 6 0 1 0]
 [0 0 0 0 6 0 0 0 0]
 [0 7 0 0 3 8 0 0 0]
 [4 1 3 0 0 0 0 0 0]]
Solution:
[[3 8 6 0 2 1 0 5 7]
 [1 7 9 8 4 5 6 2 3]
 [0 2 5 7 0 6 4 1 9]
 [5 9 0 4 1 2 0 7 0]
 [4 1 0 6 7 3 8 0 5]
 [2 3 7 5 9 8 1 6 0]
 [0 4 3 2 8 0 7 9 1]
 [9 6 2 1 3 7 5 8 4]
 [7 0 8 9 5 4 3 0 2]]
Number of cells unfilled: 14
Accuracy: 82.71604938271605
Sample: 55661
Question:
[[0 0 0 0 1 0 0 6 0]
 [0 0 8 9 0 6 0 0 0]
 [0 0 0 0 0 7 0 0 9]
 [0 0 9 8 0 0 0 0 3]
 [0 4 0 0 0 0 5 0 0]
 [2 0 0 7 0 0 0 1 0]
 [1 0 0 0 0 0 4 0 0]
 [0 5 0 0 0 0 0 2 0]
 [0 0 6 0 0 3 0 0 7]]
Solution:
[[3 8 6 0 2 9 1 5 7]
 [1 7 9 8 4 5 6 2 3]
 [0 2 5 7 0 6 4 0 9]
 [5 9 0 4 1 2 0 7 0]
 [4 1 0 6 7 3 8 0 5]
 [2 3 7 5 9 8 0 6 0]
 [0 5 3 2 8 0 7 9 1]
 [9 6 2 1 3 7 5 8 4]
 [7 0 8 9 5 4 3 0 2]]
Number of cells unfilled: 15
Accuracy: 81.48148148148148
Sample: 55662
Question:
[[4 0 3 0 5 6 0 0 2]
 [7 0 0 0 9 3 0 0 8]
 [0 1 0 0 0 0 0 0 5]
 [0 6 0 2 0 9 0 5 0]
 [0 0 2 7 0 0 1 0 3]
 [0 4 1 0 0 8 6 0 0]
 [5 0 0 6 0 0 0 4 0]
 [0 8 0 0 0 0 3 7 0]
 [2 0 0 0 4 1 0 8 9]]
Solution:
[[3 8 6 0 2 1 0 5 7]
 [1 7 9 8 4 5 6 2 3]
 [0 2 5 7 0 6 4 1 9]
 [5 9 0 4 1 2 0 7 0]
 [4 1 0 6 7 3 8 0 2]
 [2 3 7 5 9 8 1 6 0]
 [0 5 3 2 8 0 7 9 1]
 [9 6 2 1 3 7 5 8 4]
 [7 0 8 9 5 4 3 0 6]]
Number of cells unfilled: 14
Accuracy: 82.71604938271605
Sample: 55663
Question:
[[8 0 0 0 4 0 6 1 0]
 [5 7 0 3 0 2 0 8 0]
 [0 0 0 0 0 0 0 7 0]
 [0 0 0 0 0 5 0 2 6]
 [1 0 0 0 8 7 0 0 4]
 [0 0 0 0 0 0 0 0 0]
 [2 0 4 0 0 8 5 0 0]
 [0 0 0 0 9 0 0 0 0]
 [0 8 0 0 2 6 0 4 1]]
Solution:
[[3 8 6 0 2 9 1 5 7]
 [1 7 9 8 4 5 6 2 3]
 [0 2 5 7 0 6 4 0 9]
 [5 9 0 4 1 2 0 7 0]
 [4 1 0 6 7 3 8 0 5]
 [2 3 7 5 9 8 0 6 0]
 [0 4 3 2 8 0 7 9 1]
 [9 6 2 1 3 7 5 8 4]
 [7 0 8 9 5 4 3 0 2]]
Number of cells unfilled: 15
Accuracy: 81.48148148148148
Sample: 55664
Question:
[[1 0 0 7 0 0 0 0 0]
 [0 0 2 0 0 5 0 0 0]
 [0 4 0 0 2 0 0 0 3]
 [0 8 0 2 0 0 3 4 0]
 [4 0 0 0 8 0 6 0 0]
 [0 0 1 4 0 6 0 0 8]
 [0 0 0 0 6 0 0 0 2]
 [7 0 0 0 0 0 0 9 0]
 [0 0 9 1 0 0 5 0 0]]
Solution:
[[3 8 6 0 2 1 0 5 7]
 [1 7 9 8 4 5 6 2 3]
 [0 2 5 7 0 6 4 1 9]
 [5 9 0 4 1 2 0 7 0]
 [4 1 0 6 7 3 8 0 5]
 [2 3 7 5 9 8 1 6 0]
 [0 4 3 2 8 0 7 9 1]
 [9 6 2 1 3 7 5 8 4]
 [7 5 8 9 6 4 3 0 2]]
Number of cells unfilled: 13
Accuracy: 83.9506172839506
Sample: 55665
Question:
[[0 0 7 0 8 0 0 0 3]
 [0 0 0 3 0 0 0 0 0]
 [4 0 0 0 0 6 9 7 0]
 [6 0 2 0 0 0 0 0 0]
 [0 0 3 0 7 1 5 0 0]
 [0 0 0 9 0 0 8 0 0]
 [8 0 0 0 0 0 6 4 0]
 [2 0 0 8 0 0 0 0 9]
 [0 7 0 0 0 9 1 8 0]]
Solution:
[[3 8 6 0 2 1 0 5 7]
 [1 7 9 8 4 5 6 2 3]
 [0 2 5 7 0 6 4 1 9]
 [5 9 0 4 1 2 0 7 0]
 [4 1 0 6 7 3 8 0 5]
 [2 3 7 5 9 8 1 6 0]
 [0 5 3 2 8 0 7 9 1]
 [9 6 2 1 3 7 5 8 4]
 [7 0 8 9 5 4 3 0 2]]
Number of cells unfilled: 14
Accuracy: 82.71604938271605
Sample: 55666
Question:
[[2 0 9 0 0 0 0 8 0]
 [0 0 1 0 0 0 0 0 0]
 [3 0 7 6 0 0 5 0 0]
 [0 0 0 0 2 0 0 0 0]
 [0 0 0 5 0 1 3 0 7]
 [1 0 3 8 0 0 0 4 0]
 [0 3 0 1 9 0 0 0 0]
 [0 0 0 0 0 5 0 0 4]
 [0 0 0 2 0 3 8 0 0]]
Solution:
[[3 8 6 0 2 9 1 5 7]
 [1 7 9 8 4 5 6 2 3]
 [0 5 0 7 0 6 4 0 9]
 [5 9 0 4 1 2 0 7 0]
 [4 1 0 6 7 3 8 0 5]
 [2 3 7 5 9 8 0 6 0]
 [0 4 3 2 8 0 7 9 1]
 [9 6 2 1 3 7 5 8 4]
 [7 0 8 9 5 4 3 0 2]]
Number of cells unfilled: 16
Accuracy: 80.24691358024691
Sample: 55667
Question:
[[0 0 0 0 0 0 0 0 0]
 [0 0 7 0 5 8 0 0 3]
 [0 1 0 0 3 0 0 0 9]
 [0 0 0 0 0 0 0 4 0]
 [0 2 5 0 0 0 0 0 0]
 [0 0 9 6 0 7 0 0 5]
 [0 0 0 7 0 0 9 0 0]
 [0 0 8 0 2 0 5 0 0]
 [6 0 0 0 4 0 1 2 0]]
Solution:
[[3 8 6 0 2 1 0 5 7]
 [1 7 9 8 4 5 6 2 3]
 [0 2 5 7 0 6 4 1 9]
 [5 9 0 4 1 2 0 7 0]
 [4 1 0 6 7 3 8 0 5]
 [2 3 7 5 9 8 1 6 0]
 [0 4 3 2 8 0 7 9 1]
 [9 6 2 1 3 7 5 8 4]
 [7 0 8 9 5 4 3 0 2]]
Number of cells unfilled: 14
Accuracy: 82.71604938271605
Sample: 55668
Question:
[[0 9 0 0 0 0 0 0 0]
 [4 0 0 0 0 8 0 0 9]
 [0 0 5 0 0 0 0 7 0]
 [0 0 3 6 0 0 1 0 0]
 [5 0 0 0 0 9 0 0 7]
 [2 0 0 0 0 7 0 0 4]
 [0 0 0 8 0 0 0 0 2]
 [0 5 2 0 0 4 0 8 0]
 [8 0 0 0 7 0 9 4 0]]
Solution:
[[3 8 6 0 2 9 1 5 7]
 [1 7 9 8 4 5 6 2 3]
 [0 2 5 7 0 6 4 0 9]
 [5 9 0 4 1 2 0 7 0]
 [4 1 0 6 7 3 8 0 5]
 [2 3 7 5 9 8 0 6 0]
 [0 4 3 2 8 0 7 9 1]
 [9 6 2 1 3 7 5 8 4]
 [7 5 8 9 6 4 3 0 2]]
Number of cells unfilled: 14
Accuracy: 82.71604938271605
Sample: 55669
Question:
[[9 0 0 0 0 0 0 0 2]
 [0 8 0 0 0 6 1 0 9]
 [1 0 0 0 0 0 0 7 0]
 [0 0 1 0 0 5 6 0 4]
 [0 5 0 0 0 0 0 2 0]
 [8 6 0 4 0 0 0 0 0]
 [0 0 0 0 0 0 0 3 0]
 [6 0 0 0 0 8 4 0 5]
 [0 4 0 5 0 0 0 0 0]]
Solution:
[[3 8 6 0 2 9 1 5 7]
 [1 7 9 8 4 5 6 2 3]
 [0 2 5 7 0 6 4 0 9]
 [5 9 0 4 1 2 0 7 0]
 [4 1 0 6 7 3 8 0 5]
 [2 3 7 5 9 8 0 6 0]
 [0 5 3 2 8 0 7 9 1]
 [9 6 2 1 3 7 5 8 4]
 [7 0 8 9 5 4 3 0 6]]
Number of cells unfilled: 15
Accuracy: 81.48148148148148
Sample: 55670
Question:
[[0 0 0 0 2 6 0 0 0]
 [0 7 0 3 0 0 0 0 1]
 [0 6 4 0 0 0 0 2 0]
 [0 0 0 8 0 0 7 0 0]
 [0 8 0 0 7 5 0 0 0]
 [7 0 0 0 1 3 0 0 8]
 [0 0 0 0 0 9 4 0 0]
 [6 0 9 0 0 0 0 0 0]
 [0 1 0 5 0 0 0 0 3]]
Solution:
[[3 8 6 0 2 9 1 5 7]
 [1 7 9 8 4 5 6 2 3]
 [0 5 0 7 0 6 4 0 9]
 [5 9 0 4 1 2 0 7 0]
 [4 1 0 6 7 3 8 0 5]
 [2 3 7 5 9 8 0 6 0]
 [0 4 3 2 8 0 7 9 1]
 [9 6 2 1 3 7 5 8 4]
 [7 0 8 9 5 4 3 0 6]]
Number of cells unfilled: 16
Accuracy: 80.24691358024691
Sample: 55671
Question:
[[4 0 0 0 8 0 0 6 0]
 [1 5 0 0 0 0 0 4 8]
 [0 0 0 0 0 0 3 0 0]
 [0 0 0 0 7 1 0 0 0]
 [7 0 9 2 4 0 1 0 0]
 [0 0 0 8 6 0 0 0 0]
 [0 8 0 5 0 0 0 0 0]
 [0 0 7 0 3 0 0 0 0]
 [9 4 1 6 0 8 0 0 0]]
Solution:
[[3 8 6 0 2 9 1 5 7]
 [1 7 9 8 4 5 6 2 3]
 [0 2 5 7 0 6 4 0 9]
 [5 9 0 4 1 2 0 7 0]
 [4 1 0 6 7 3 8 0 2]
 [2 3 7 5 9 8 0 6 0]
 [0 4 3 2 8 0 7 9 1]
 [9 6 2 1 3 7 5 8 4]
 [7 0 8 9 5 4 3 0 6]]
Number of cells unfilled: 15
Accuracy: 81.48148148148148
Sample: 55672
Question:
[[0 2 0 0 4 0 0 0 7]
 [7 0 0 6 0 0 0 9 0]
 [0 0 8 0 0 0 5 0 0]
 [1 0 0 3 0 0 7 0 0]
 [0 0 0 0 0 2 0 0 6]
 [0 4 0 0 9 0 0 5 0]
 [3 0 0 0 7 0 0 0 0]
 [0 0 1 9 0 0 8 0 0]
 [0 9 0 0 0 1 0 0 5]]
Solution:
[[3 8 6 0 2 1 0 5 7]
 [1 2 9 8 4 5 6 0 3]
 [0 0 5 7 0 6 4 1 9]
 [5 9 0 4 1 2 0 7 0]
 [4 1 0 6 7 3 8 0 5]
 [2 3 7 5 9 8 1 6 0]
 [0 5 3 2 8 0 7 9 1]
 [9 6 2 1 3 7 5 8 4]
 [0 7 8 9 5 4 3 2 6]]
Number of cells unfilled: 15
Accuracy: 81.48148148148148
Sample: 55673
Question:
[[0 0 0 0 0 1 0 0 0]
 [0 0 6 0 3 0 0 0 7]
 [0 0 0 8 0 0 0 9 0]
 [0 0 7 0 0 0 0 4 5]
 [0 1 0 0 0 4 7 0 0]
 [0 0 3 9 7 0 0 0 2]
 [0 0 5 0 0 0 0 0 0]
 [2 7 0 0 0 0 0 0 6]
 [3 6 0 0 2 0 5 0 0]]
Solution:
[[3 8 6 0 2 1 0 5 7]
 [1 7 9 8 4 5 6 2 3]
 [0 2 5 7 0 6 4 1 9]
 [5 9 0 4 1 2 0 7 0]
 [4 1 0 6 7 3 8 0 5]
 [2 3 7 5 9 8 1 6 0]
 [0 4 3 2 8 0 7 9 1]
 [9 6 2 1 3 7 5 8 4]
 [7 5 8 9 6 4 3 0 2]]
Number of cells unfilled: 13
Accuracy: 83.9506172839506
Sample: 55674
Question:
[[0 0 4 0 0 0 0 7 3]
 [0 0 1 0 6 0 9 0 2]
 [0 9 0 8 7 0 0 0 1]
 [8 0 6 0 0 0 0 3 0]
 [0 0 0 0 0 0 0 0 4]
 [0 0 0 0 2 0 0 0 0]
 [0 0 5 0 3 0 0 0 0]
 [0 3 0 6 0 5 1 0 0]
 [2 0 0 4 0 0 0 8 0]]
Solution:
[[3 8 6 0 2 9 1 5 7]
 [1 7 9 8 4 5 6 2 3]
 [0 2 5 7 0 6 4 0 9]
 [5 9 0 4 1 2 0 7 0]
 [4 1 0 6 7 3 8 0 5]
 [2 3 7 5 9 8 0 6 0]
 [0 4 3 2 8 0 7 9 1]
 [9 6 2 1 3 7 5 8 4]
 [7 5 8 9 6 4 3 0 2]]
Number of cells unfilled: 14
Accuracy: 82.71604938271605
Sample: 55675
Question:
[[9 0 0 0 0 0 0 7 0]
 [0 6 0 0 0 8 1 0 0]
 [0 0 5 6 0 0 0 0 4]
 [0 5 0 0 0 3 4 0 0]
 [0 0 6 0 2 0 0 0 3]
 [7 0 0 0 0 0 0 9 0]
 [0 0 4 0 0 6 0 0 8]
 [0 2 0 0 1 0 0 0 0]
 [6 0 0 2 0 0 5 0 0]]
Solution:
[[3 8 6 0 2 1 0 5 7]
 [1 7 9 8 4 5 6 2 3]
 [0 2 5 7 0 6 4 1 9]
 [5 9 0 4 1 2 0 7 0]
 [4 1 0 6 7 3 8 0 2]
 [2 3 7 5 9 8 1 6 0]
 [0 4 3 2 8 0 7 9 1]
 [9 6 2 1 3 7 5 8 4]
 [7 0 8 9 5 4 3 0 6]]
Number of cells unfilled: 14
Accuracy: 82.71604938271605
Sample: 55676
Question:
[[0 0 0 0 0 4 0 0 0]
 [0 0 7 6 2 0 0 8 0]
 [6 0 0 0 0 3 1 0 0]
 [0 0 6 4 0 0 0 5 0]
 [9 0 0 0 0 0 0 0 4]
 [0 0 5 7 9 8 0 2 0]
 [0 0 8 0 0 0 0 0 0]
 [2 5 0 0 0 0 0 6 0]
 [7 6 0 2 0 0 0 0 8]]
Solution:
[[3 8 6 0 2 1 0 5 7]
 [1 2 9 8 4 5 6 0 3]
 [0 0 5 7 0 6 4 1 9]
 [5 9 0 4 1 2 0 7 0]
 [4 1 0 6 7 3 8 0 5]
 [2 3 7 5 9 8 1 6 0]
 [0 5 3 2 8 0 7 9 1]
 [9 6 2 1 3 7 5 8 4]
 [7 0 8 9 5 4 3 2 6]]
Number of cells unfilled: 15
Accuracy: 81.48148148148148
Sample: 55677
Question:
[[0 0 0 4 2 0 0 0 0]
 [0 6 0 1 7 0 0 2 0]
 [4 0 2 0 0 3 1 0 0]
 [0 9 0 3 0 0 0 0 0]
 [2 0 7 0 4 0 3 0 0]
 [0 3 0 0 0 0 0 0 8]
 [9 0 1 7 0 0 4 0 0]
 [0 0 6 0 0 0 0 0 0]
 [0 0 0 0 0 0 0 9 5]]
Solution:
[[3 8 6 0 2 9 1 5 7]
 [1 7 9 8 4 5 6 2 3]
 [0 2 5 7 0 6 4 0 9]
 [5 9 0 4 1 2 0 7 0]
 [4 1 0 6 7 3 8 0 5]
 [2 3 7 5 9 8 0 6 0]
 [0 5 3 2 8 0 7 9 1]
 [9 6 2 1 3 7 5 8 4]
 [7 0 8 9 6 4 3 0 2]]
Number of cells unfilled: 15
Accuracy: 81.48148148148148
Sample: 55678
Question:
[[0 0 9 0 0 0 0 0 0]
 [0 8 6 1 0 0 0 4 0]
 [0 0 0 0 0 0 8 0 3]
 [0 5 1 0 0 4 0 7 0]
 [8 0 0 7 0 0 0 0 0]
 [0 0 4 0 0 0 0 0 2]
 [0 0 0 4 0 5 0 0 0]
 [0 4 5 0 7 0 0 6 0]
 [9 0 0 6 0 1 5 0 0]]
Solution:
[[3 8 6 0 2 1 0 5 7]
 [1 2 9 8 4 5 6 0 3]
 [0 5 0 7 0 6 4 1 9]
 [5 9 0 4 1 2 0 7 0]
 [4 1 0 6 7 3 8 0 5]
 [2 3 7 5 9 8 1 6 0]
 [0 4 3 2 8 0 7 9 1]
 [9 6 2 1 3 7 5 8 4]
 [7 0 8 9 5 4 3 2 6]]
Number of cells unfilled: 15
Accuracy: 81.48148148148148
Sample: 55679
Question:
[[8 0 0 0 1 0 0 0 6]
 [0 0 6 7 0 0 0 4 0]
 [0 9 0 0 0 0 5 0 0]
 [0 0 0 0 7 2 0 0 0]
 [0 0 8 1 0 0 3 2 0]
 [2 0 0 8 0 0 0 0 4]
 [4 0 0 0 3 0 0 0 1]
 [0 0 7 6 0 0 4 0 0]
 [0 5 0 0 0 0 0 9 0]]
Solution:
[[3 8 6 0 2 1 0 5 7]
 [1 7 9 8 4 5 6 2 3]
 [0 2 5 7 0 6 4 1 9]
 [5 9 0 4 1 2 0 7 0]
 [4 1 0 6 7 3 8 0 2]
 [2 3 7 5 9 8 1 6 0]
 [0 5 3 2 8 0 7 9 1]
 [9 6 2 1 3 7 5 8 4]
 [7 0 8 9 5 4 3 0 6]]
Number of cells unfilled: 14
Accuracy: 82.71604938271605
Sample: 55680
Question:
[[0 0 2 0 4 0 0 9 0]
 [7 0 0 0 0 5 0 0 3]
 [0 0 1 0 0 0 6 0 0]
 [3 0 0 4 0 0 0 0 8]
 [0 0 0 0 7 3 0 0 0]
 [0 6 0 0 0 8 0 0 0]
 [0 0 0 0 0 4 9 0 0]
 [4 0 0 0 8 0 0 0 5]
 [0 2 0 5 0 0 0 1 0]]
Solution:
[[3 8 6 0 2 1 0 5 7]
 [1 2 9 8 4 5 6 0 3]
 [0 0 5 7 0 6 4 2 9]
 [5 9 0 4 1 2 0 7 0]
 [4 1 0 6 7 3 8 0 5]
 [2 3 7 5 9 8 1 6 0]
 [0 4 3 2 8 0 7 9 1]
 [9 6 2 1 3 7 5 8 4]
 [7 5 8 9 6 4 3 0 2]]
Number of cells unfilled: 15
Accuracy: 81.48148148148148
Sample: 55681
Question:
[[0 0 5 6 0 9 0 0 7]
 [0 0 0 0 0 0 0 0 9]
 [9 6 0 0 4 0 0 0 0]
 [0 0 0 0 0 0 0 0 0]
 [0 5 0 0 2 0 4 6 0]
 [0 3 2 4 0 0 1 0 0]
 [0 9 6 5 8 0 2 0 0]
 [0 0 4 7 3 0 0 1 0]
 [0 0 0 0 0 0 7 0 0]]
Solution:
[[3 8 6 0 2 1 0 5 7]
 [1 7 9 8 4 5 6 2 3]
 [0 2 5 7 0 6 4 1 9]
 [5 9 0 4 1 2 0 7 0]
 [4 1 0 6 7 3 8 0 5]
 [2 3 7 5 9 8 1 6 0]
 [0 4 3 2 8 0 7 9 1]
 [9 6 2 1 3 7 5 8 4]
 [7 5 8 9 6 4 3 0 2]]
Number of cells unfilled: 13
Accuracy: 83.9506172839506
Sample: 55682
Question:
[[0 0 0 0 7 0 0 0 0]
 [0 7 0 5 0 0 0 0 9]
 [0 0 9 0 4 0 1 0 0]
 [4 0 0 0 0 5 6 0 7]
 [0 0 7 4 9 0 0 3 0]
 [0 0 6 0 0 0 2 0 0]
 [0 1 0 0 0 0 0 8 0]
 [0 0 4 0 1 7 0 0 3]
 [0 0 0 6 0 8 0 1 0]]
Solution:
[[3 8 6 0 2 1 0 5 7]
 [1 7 9 8 4 5 6 2 3]
 [0 2 5 7 0 6 4 1 9]
 [5 9 0 4 1 2 0 7 0]
 [4 1 0 6 7 3 8 0 5]
 [2 3 7 5 9 8 1 6 0]
 [0 5 3 2 8 0 7 9 1]
 [9 6 2 1 3 7 5 8 4]
 [7 0 8 9 5 4 3 0 2]]
Number of cells unfilled: 14
Accuracy: 82.71604938271605
Sample: 55683
Question:
[[0 6 0 0 0 0 0 9 0]
 [0 0 0 0 6 0 4 0 8]
 [8 0 0 5 0 0 0 0 1]
 [0 5 1 2 0 0 8 0 0]
 [0 7 8 0 0 0 0 0 2]
 [2 0 0 0 0 0 1 0 0]
 [0 8 0 0 4 0 3 0 0]
 [0 0 3 0 0 9 0 0 0]
 [5 0 0 8 0 0 0 0 7]]
Solution:
[[3 8 6 0 2 9 1 5 7]
 [1 7 9 8 4 5 6 2 3]
 [0 2 5 7 0 6 4 0 9]
 [5 9 0 4 1 2 0 7 0]
 [4 1 0 6 7 3 8 0 5]
 [2 3 7 5 9 8 0 6 0]
 [0 4 3 2 8 0 7 9 1]
 [9 6 2 1 3 7 5 8 4]
 [7 5 8 9 6 4 3 0 2]]
Number of cells unfilled: 14
Accuracy: 82.71604938271605
Sample: 55684
Question:
[[6 0 0 0 0 0 0 0 9]
 [0 5 0 0 2 0 1 0 0]
 [0 1 3 0 0 9 0 0 0]
 [0 0 7 0 0 3 0 0 0]
 [0 8 0 0 1 0 2 0 0]
 [1 0 0 6 0 0 0 7 0]
 [0 0 0 0 4 0 0 5 2]
 [0 0 5 0 0 0 4 0 0]
 [0 4 0 0 0 0 0 1 8]]
Solution:
[[3 8 6 0 2 9 1 5 7]
 [1 7 9 8 4 5 6 2 3]
 [0 5 0 7 0 6 4 0 9]
 [5 9 0 4 1 2 0 7 0]
 [4 1 0 6 7 3 8 0 5]
 [2 3 7 5 9 8 0 6 0]
 [0 4 3 2 8 0 7 9 1]
 [9 6 2 1 3 7 5 8 4]
 [7 0 8 9 5 4 3 0 2]]
Number of cells unfilled: 16
Accuracy: 80.24691358024691
Sample: 55685
Question:
[[5 0 0 0 6 0 7 0 0]
 [0 3 0 0 9 0 0 4 0]
 [0 0 8 4 0 0 0 0 6]
 [0 0 7 0 0 0 0 0 9]
 [0 5 0 9 0 0 2 0 0]
 [0 1 0 0 0 3 0 6 0]
 [0 0 5 8 0 0 6 0 0]
 [0 0 0 0 0 1 0 2 0]
 [4 0 0 0 7 0 0 0 5]]
Solution:
[[3 8 6 0 2 1 0 5 7]
 [1 7 9 8 4 5 6 2 3]
 [0 2 5 7 0 6 4 1 9]
 [5 9 0 4 1 2 0 7 0]
 [4 1 0 6 7 3 8 0 5]
 [2 3 7 5 9 8 1 6 0]
 [0 5 3 2 8 0 7 9 1]
 [9 6 2 1 3 7 5 8 4]
 [7 0 8 9 6 4 3 0 2]]
Number of cells unfilled: 14
Accuracy: 82.71604938271605
Sample: 55686
Question:
[[3 0 0 0 2 0 0 5 0]
 [0 0 6 0 0 1 0 8 0]
 [0 8 0 5 0 0 7 0 0]
 [0 0 2 0 0 0 0 0 0]
 [0 9 0 4 0 0 0 0 7]
 [0 0 0 0 6 0 5 0 0]
 [0 0 0 0 1 0 4 0 0]
 [0 0 3 0 0 4 9 0 0]
 [0 4 0 9 0 0 0 7 0]]
Solution:
[[3 8 6 0 2 9 1 5 7]
 [1 7 9 8 4 5 6 2 3]
 [0 2 5 7 0 6 4 0 9]
 [5 9 0 4 1 2 0 7 0]
 [4 1 0 6 7 3 8 0 5]
 [2 3 7 5 9 8 0 6 0]
 [0 4 3 2 8 0 7 9 1]
 [9 6 2 1 3 7 5 8 4]
 [7 5 8 9 6 4 3 0 2]]
Number of cells unfilled: 14
Accuracy: 82.71604938271605
Sample: 55687
Question:
[[0 0 0 0 8 0 0 2 0]
 [7 0 0 3 0 0 0 0 5]
 [0 5 0 0 0 4 9 0 0]
 [0 6 0 0 0 3 7 0 0]
 [0 0 0 0 2 0 0 8 0]
 [1 0 0 9 0 0 0 0 3]
 [4 0 6 0 0 1 5 0 0]
 [0 9 0 6 0 0 0 1 4]
 [5 0 0 0 0 0 0 0 0]]
Solution:
[[3 8 6 0 2 1 0 5 7]
 [1 7 9 8 4 5 6 2 3]
 [0 2 5 7 0 6 4 1 9]
 [5 9 0 4 1 2 0 7 0]
 [4 1 0 6 7 3 8 0 5]
 [2 3 7 5 9 8 1 6 0]
 [0 5 3 2 8 0 7 9 1]
 [9 6 2 1 3 7 5 8 4]
 [7 0 8 9 5 4 3 0 6]]
Number of cells unfilled: 14
Accuracy: 82.71604938271605
Sample: 55688
Question:
[[0 2 0 0 8 0 0 0 6]
 [3 0 0 0 0 1 4 0 0]
 [0 0 1 5 0 0 0 7 0]
 [0 0 4 6 0 0 9 0 7]
 [0 0 0 0 0 0 0 0 0]
 [7 0 0 0 4 9 0 3 0]
 [0 8 0 0 2 0 0 0 0]
 [1 0 0 0 0 6 5 0 0]
 [0 0 9 3 0 0 0 6 0]]
Solution:
[[3 8 6 0 2 1 0 5 7]
 [1 7 9 8 4 5 6 2 3]
 [0 5 0 7 0 6 4 1 9]
 [5 9 0 4 1 2 0 7 0]
 [4 1 0 6 7 3 8 0 5]
 [2 3 7 5 9 8 1 6 0]
 [0 4 3 2 8 0 7 9 1]
 [9 6 2 1 3 7 5 8 4]
 [7 0 8 9 6 4 3 0 2]]
Number of cells unfilled: 15
Accuracy: 81.48148148148148
Sample: 55689
Question:
[[4 0 0 0 0 5 0 7 0]
 [0 0 9 6 0 0 3 0 0]
 [0 3 0 0 1 0 0 0 8]
 [0 0 1 0 9 0 2 0 0]
 [0 0 0 0 0 6 0 0 0]
 [0 6 0 2 0 0 0 0 5]
 [0 0 3 8 0 0 5 0 0]
 [7 0 0 0 0 0 0 4 0]
 [0 2 0 0 5 0 0 0 9]]
Solution:
[[3 8 6 0 2 1 0 5 7]
 [1 7 9 8 4 5 6 2 3]
 [0 5 0 7 0 6 4 1 9]
 [5 9 0 4 1 2 0 7 0]
 [4 1 0 6 7 3 8 0 5]
 [2 3 7 5 9 8 1 6 0]
 [0 4 3 2 8 0 7 9 1]
 [9 6 2 1 3 7 5 8 4]
 [7 0 8 9 5 4 3 0 2]]
Number of cells unfilled: 15
Accuracy: 81.48148148148148
Sample: 55690
Question:
[[0 9 0 0 4 6 0 0 7]
 [0 0 0 0 0 8 0 2 0]
 [6 0 0 0 1 0 5 0 0]
 [0 5 0 0 0 0 2 0 4]
 [0 0 3 0 6 0 0 8 0]
 [9 0 0 4 0 0 0 0 5]
 [0 3 4 0 0 0 0 0 0]
 [7 0 0 0 9 0 6 0 0]
 [0 0 0 8 5 0 0 0 2]]
Solution:
[[3 8 6 0 2 1 0 5 7]
 [1 7 9 8 4 5 6 2 3]
 [0 5 0 7 0 6 4 1 9]
 [5 9 0 4 1 2 0 7 0]
 [4 1 0 6 7 3 8 0 5]
 [2 3 7 5 9 8 1 6 0]
 [0 4 3 2 8 0 7 9 1]
 [9 6 2 1 3 7 5 8 4]
 [7 0 8 9 5 4 3 0 2]]
Number of cells unfilled: 15
Accuracy: 81.48148148148148
Sample: 55691
Question:
[[0 0 0 0 0 5 0 0 0]
 [0 3 9 0 0 1 0 0 0]
 [0 1 0 0 7 0 0 3 5]
 [0 8 0 0 5 0 0 9 6]
 [0 0 0 6 0 0 1 7 0]
 [0 7 0 0 0 0 0 0 3]
 [8 0 0 1 0 0 0 0 0]
 [4 0 0 8 0 7 0 1 0]
 [0 0 6 0 0 2 7 0 0]]
Solution:
[[3 8 6 0 2 1 0 5 7]
 [1 7 9 8 4 5 6 2 3]
 [0 2 5 7 0 6 4 1 9]
 [5 9 0 4 1 2 0 7 0]
 [4 1 0 6 7 3 8 0 5]
 [2 3 7 5 9 8 1 6 0]
 [0 4 3 2 8 0 7 9 1]
 [9 6 2 1 3 7 5 8 4]
 [7 5 8 9 6 4 3 0 2]]
Number of cells unfilled: 13
Accuracy: 83.9506172839506
Sample: 55692
Question:
[[0 0 0 0 0 5 0 2 0]
 [0 0 4 0 0 0 0 8 6]
 [2 0 0 6 0 0 1 0 0]
 [8 0 0 2 0 0 0 1 0]
 [0 0 0 0 7 8 0 0 0]
 [7 0 0 1 6 0 0 9 0]
 [0 7 0 0 0 0 8 0 0]
 [0 0 8 0 3 0 9 6 0]
 [9 0 0 8 0 0 0 0 1]]
Solution:
[[3 8 6 0 2 1 0 5 7]
 [1 7 9 8 4 5 6 2 3]
 [0 2 5 7 0 6 4 1 9]
 [5 9 0 4 1 2 0 7 0]
 [4 1 0 6 7 3 8 0 5]
 [2 3 7 5 9 8 1 6 0]
 [0 5 3 2 8 0 7 9 1]
 [9 6 2 1 3 7 5 8 4]
 [7 0 8 9 5 4 3 0 2]]
Number of cells unfilled: 14
Accuracy: 82.71604938271605
Sample: 55693
Question:
[[3 0 0 0 8 0 0 0 0]
 [0 7 0 9 0 0 0 8 0]
 [0 9 5 0 7 2 3 0 0]
 [0 0 0 0 0 1 0 0 3]
 [0 0 8 0 4 0 0 0 0]
 [0 0 0 0 0 0 4 2 5]
 [2 0 0 0 0 0 0 0 8]
 [0 3 0 0 0 0 5 9 0]
 [7 0 0 0 0 3 1 0 0]]
Solution:
[[3 8 6 0 2 9 1 5 7]
 [1 7 9 8 4 5 6 2 3]
 [0 2 5 7 0 6 4 0 9]
 [5 9 0 4 1 2 0 7 0]
 [4 1 0 6 7 3 8 0 5]
 [2 3 7 5 9 8 0 6 0]
 [0 4 3 2 8 0 7 9 1]
 [9 6 2 1 3 7 5 8 4]
 [7 0 8 9 5 4 3 0 6]]
Number of cells unfilled: 15
Accuracy: 81.48148148148148
Sample: 55694
Question:
[[0 0 4 0 6 0 0 9 0]
 [0 9 0 8 0 4 7 0 0]
 [2 0 0 5 0 9 0 0 0]
 [0 0 8 0 0 5 2 6 0]
 [0 0 0 6 0 0 0 0 0]
 [3 0 0 0 0 0 0 0 1]
 [0 0 5 9 0 0 0 8 0]
 [8 2 0 0 0 0 0 0 7]
 [0 3 0 0 0 0 1 0 0]]
Solution:
[[3 8 6 0 2 1 0 5 7]
 [1 7 9 8 4 5 6 2 3]
 [0 5 0 7 0 6 4 1 9]
 [5 9 0 4 1 2 0 7 0]
 [4 1 0 6 7 3 8 0 2]
 [2 3 7 5 9 8 1 6 0]
 [0 4 3 2 8 0 7 9 1]
 [9 6 2 1 3 7 5 8 4]
 [7 0 8 9 5 4 3 0 6]]
Number of cells unfilled: 15
Accuracy: 81.48148148148148
Sample: 55695
Question:
[[0 0 8 1 2 0 0 5 0]
 [0 0 0 6 0 0 0 0 0]
 [4 0 0 0 3 8 2 0 0]
 [0 0 0 0 0 0 0 4 9]
 [0 0 4 0 1 3 7 0 0]
 [7 0 0 0 6 0 0 1 0]
 [2 0 3 0 0 0 0 0 0]
 [8 0 7 0 0 0 0 0 0]
 [0 4 0 0 7 2 8 0 0]]
Solution:
[[3 8 6 0 2 9 1 5 7]
 [1 7 9 8 4 5 6 2 3]
 [0 2 5 7 0 6 4 0 9]
 [5 9 0 4 1 2 0 7 0]
 [4 1 0 6 7 3 8 0 5]
 [2 3 7 5 9 8 0 6 0]
 [0 4 3 2 8 0 7 9 1]
 [9 6 2 1 3 7 5 8 4]
 [7 0 8 9 5 4 3 0 6]]
Number of cells unfilled: 15
Accuracy: 81.48148148148148
Sample: 55696
Question:
[[0 0 1 9 0 0 4 0 7]
 [0 0 0 0 0 4 2 0 0]
 [0 0 0 0 1 0 0 9 0]
 [0 5 0 0 3 0 8 0 0]
 [0 0 9 0 0 2 0 7 0]
 [0 8 0 6 0 0 0 0 0]
 [0 0 4 0 0 1 0 2 0]
 [0 0 0 0 0 0 0 0 3]
 [6 0 0 0 5 0 0 0 0]]
Solution:
[[3 8 6 0 2 1 0 5 7]
 [1 7 9 8 4 5 6 2 3]
 [0 2 5 7 0 6 4 1 9]
 [5 9 0 4 1 2 0 7 0]
 [4 1 0 6 7 3 8 0 5]
 [2 3 7 5 9 8 1 6 0]
 [0 4 3 2 8 0 7 9 1]
 [9 6 2 1 3 7 5 8 4]
 [7 0 8 9 5 4 3 0 6]]
Number of cells unfilled: 14
Accuracy: 82.71604938271605
Sample: 55697
Question:
[[0 0 2 0 0 1 0 9 0]
 [0 3 0 2 0 0 1 0 0]
 [0 0 0 3 8 0 0 0 2]
 [4 8 0 0 0 2 5 0 9]
 [0 2 9 0 0 4 0 0 8]
 [5 0 0 0 0 0 0 0 0]
 [0 0 0 0 6 0 0 7 0]
 [0 9 0 0 0 3 0 0 1]
 [0 0 4 0 0 0 0 0 0]]
Solution:
[[3 8 6 0 2 9 1 5 7]
 [1 7 9 8 4 5 6 2 3]
 [0 2 5 7 0 6 4 0 9]
 [5 9 0 4 1 2 0 7 0]
 [4 1 0 6 7 3 8 0 5]
 [2 3 7 5 9 8 0 6 0]
 [0 4 3 2 8 0 7 9 1]
 [9 6 2 1 3 7 5 8 4]
 [7 5 8 9 6 4 3 0 2]]
Number of cells unfilled: 14
Accuracy: 82.71604938271605
Sample: 55698
Question:
[[0 0 9 0 0 4 0 0 0]
 [0 2 0 8 0 0 0 0 4]
 [0 0 0 0 7 0 0 0 0]
 [6 0 0 0 0 0 0 3 0]
 [0 4 0 5 0 0 0 0 1]
 [0 8 0 4 0 0 0 6 7]
 [0 5 0 0 0 0 0 0 0]
 [2 0 4 1 0 0 0 7 0]
 [8 0 1 0 0 5 0 0 2]]
Solution:
[[3 8 6 0 2 9 1 5 7]
 [1 7 9 8 4 5 6 2 3]
 [0 5 0 7 0 6 4 0 9]
 [5 9 0 4 1 2 0 7 0]
 [4 1 0 6 7 3 8 0 5]
 [2 3 7 5 9 8 0 6 0]
 [0 4 3 2 8 0 7 9 1]
 [9 6 2 1 3 7 5 8 4]
 [7 0 8 9 5 4 3 0 6]]
Number of cells unfilled: 16
Accuracy: 80.24691358024691
Sample: 55699
Question:
[[0 5 4 0 3 0 6 0 0]
 [6 0 0 0 0 0 0 0 0]
 [0 3 9 0 0 7 0 0 4]
 [0 8 0 0 0 2 0 0 0]
 [5 0 0 0 7 8 0 0 9]
 [9 0 0 0 4 0 0 0 6]
 [3 0 0 0 9 0 0 0 5]
 [0 0 0 0 0 6 0 7 0]
 [0 0 1 0 0 0 0 0 0]]
Solution:
[[3 8 6 0 2 9 1 5 7]
 [1 7 9 8 4 5 6 2 3]
 [0 2 5 7 0 6 4 0 9]
 [5 9 0 4 1 2 0 7 0]
 [4 1 0 6 7 3 8 0 5]
 [2 3 7 5 9 8 0 6 0]
 [0 4 3 2 8 0 7 9 1]
 [9 6 2 1 3 7 5 8 4]
 [7 5 8 9 6 4 3 0 2]]
Number of cells unfilled: 14
Accuracy: 82.71604938271605
Sample: 55700
Question:
[[0 8 6 0 2 0 0 5 0]
 [1 0 0 8 0 5 6 0 0]
 [0 0 0 7 0 6 0 0 9]
 [0 0 0 0 0 0 0 0 0]
 [4 1 0 0 0 3 0 0 0]
 [0 3 7 5 0 0 0 6 0]
 [0 0 0 2 0 0 0 0 0]
 [0 6 2 0 0 7 0 8 0]
 [0 0 0 0 0 0 3 0 0]]
Solution:
[[3 8 6 0 2 9 1 5 7]
 [1 7 9 8 4 5 6 2 3]
 [0 2 5 7 0 6 4 0 9]
 [5 9 0 4 1 2 0 7 0]
 [4 1 0 6 7 3 8 0 5]
 [2 3 7 5 9 8 0 6 0]
 [0 5 3 2 8 0 7 9 1]
 [9 6 2 1 3 7 5 8 4]
 [7 0 8 9 6 4 3 0 2]]
Number of cells unfilled: 15
Accuracy: 81.48148148148148
