2025-10-22 15:24:50.842509: I tensorflow/core/util/port.cc:153] oneDNN custom operations are on. You may see slightly different numerical results due to floating-point round-off errors from different computation orders. To turn them off, set the environment variable `TF_ENABLE_ONEDNN_OPTS=0`.
2025-10-22 15:24:51.123534: I tensorflow/core/platform/cpu_feature_guard.cc:210] This TensorFlow binary is optimized to use available CPU instructions in performance-critical operations.
To enable the following instructions: AVX2 AVX512F AVX512_VNNI FMA, in other operations, rebuild TensorFlow with the appropriate compiler flags.
2025-10-22 15:24:56.386212: I tensorflow/core/util/port.cc:153] oneDNN custom operations are on. You may see slightly different numerical results due to floating-point round-off errors from different computation orders. To turn them off, set the environment variable `TF_ENABLE_ONEDNN_OPTS=0`.
2025-10-22 15:25:00.131213: E external/local_xla/xla/stream_executor/cuda/cuda_platform.cc:51] failed call to cuInit: INTERNAL: CUDA error: Failed call to cuInit: UNKNOWN ERROR (303)
Sample: 56001
Question:
[[4 0 0 0 0 0 7 0 1]
 [0 0 0 4 0 0 0 5 0]
 [0 0 5 0 0 7 8 0 0]
 [5 0 0 0 0 1 0 7 0]
 [0 9 0 2 3 0 0 0 0]
 [0 0 3 0 0 0 0 0 0]
 [0 6 0 1 0 0 2 0 0]
 [0 0 0 0 9 0 0 0 6]
 [1 0 0 0 0 4 0 8 0]]
Solution:
[[5 3 4 0 8 0 0 6 9]
 [8 7 9 6 4 0 1 2 5]
 [1 0 6 7 2 9 3 4 8]
 [9 1 5 8 0 3 6 7 2]
 [0 8 7 0 9 6 4 5 1]
 [3 2 0 1 5 7 8 9 0]
 [0 9 3 4 6 1 7 8 0]
 [2 5 1 9 3 8 0 0 4]
 [4 6 8 2 7 5 9 1 3]]
Number of cells unfilled: 14
Accuracy: 82.71604938271605
Sample: 56002
Question:
[[0 0 0 0 9 0 1 0 0]
 [7 0 0 0 2 8 0 0 0]
 [0 0 9 6 0 0 0 0 8]
 [1 0 0 0 5 0 0 7 0]
 [0 0 8 0 0 2 0 0 9]
 [4 0 0 0 6 0 3 0 0]
 [0 0 5 0 8 0 0 0 6]
 [0 0 0 0 0 0 0 3 0]
 [2 4 0 0 0 0 0 0 0]]
Solution:
[[5 3 4 0 8 2 0 6 9]
 [8 7 9 6 4 0 1 2 5]
 [1 0 6 7 0 9 3 4 8]
 [4 1 5 8 9 3 6 7 2]
 [0 8 7 0 2 6 4 5 1]
 [3 2 0 1 5 7 8 9 0]
 [9 0 3 4 6 1 7 8 0]
 [2 5 1 9 3 8 0 0 4]
 [6 4 8 2 7 5 9 1 3]]
Number of cells unfilled: 13
Accuracy: 83.9506172839506
Sample: 56003
Question:
[[0 0 0 0 3 7 6 0 0]
 [7 0 5 1 2 0 0 0 3]
 [8 0 0 5 0 0 0 2 0]
 [0 2 0 0 0 1 0 0 0]
 [3 0 8 0 5 6 9 1 2]
 [0 4 0 3 7 0 0 0 0]
 [0 0 1 0 4 0 0 0 5]
 [2 0 0 0 0 8 3 9 6]
 [6 0 7 0 0 0 8 0 0]]
Solution:
[[5 3 4 0 8 0 0 6 9]
 [8 7 9 3 4 0 1 2 5]
 [1 0 6 7 9 2 3 4 8]
 [9 1 5 8 0 3 6 7 2]
 [0 8 7 0 2 6 4 5 1]
 [3 2 0 1 5 7 8 9 0]
 [0 9 3 4 6 1 7 8 0]
 [2 5 1 9 3 8 0 0 4]
 [4 6 8 2 7 5 9 1 3]]
Number of cells unfilled: 14
Accuracy: 82.71604938271605
Sample: 56004
Question:
[[0 2 0 0 8 0 6 0 0]
 [0 0 9 4 0 0 0 0 3]
 [3 0 4 0 0 0 0 0 0]
 [1 0 0 0 0 9 0 0 0]
 [0 0 0 0 0 0 0 1 0]
 [0 5 0 0 6 0 7 0 8]
 [0 7 0 5 0 8 0 2 0]
 [0 0 0 6 0 0 5 0 0]
 [0 0 0 0 2 0 0 0 7]]
Solution:
[[5 3 4 0 8 0 0 6 9]
 [8 7 9 3 4 0 1 2 5]
 [1 0 6 7 5 2 3 4 8]
 [4 1 5 8 9 3 6 7 2]
 [0 8 7 5 2 6 4 3 1]
 [3 2 0 1 0 7 8 9 0]
 [9 0 3 4 6 1 7 8 0]
 [2 5 1 9 3 8 0 0 4]
 [6 4 8 2 7 5 9 1 3]]
Number of cells unfilled: 13
Accuracy: 83.9506172839506
Sample: 56005
Question:
[[0 0 0 1 0 0 0 0 0]
 [4 1 0 0 0 0 0 0 5]
 [0 0 8 0 9 0 2 1 0]
 [0 6 0 0 0 0 0 0 0]
 [0 0 9 0 8 0 3 0 0]
 [5 0 0 0 0 6 0 4 0]
 [0 0 0 0 7 0 0 0 2]
 [0 0 0 3 0 9 7 0 0]
 [0 0 7 8 0 0 0 0 9]]
Solution:
[[5 3 4 0 8 9 0 6 7]
 [8 7 9 6 4 0 1 2 5]
 [1 0 6 7 5 2 3 4 9]
 [4 1 5 8 9 3 6 7 2]
 [0 8 7 5 2 6 4 3 1]
 [3 2 0 1 0 7 8 9 0]
 [9 0 3 4 6 1 7 8 0]
 [2 5 1 9 3 8 0 0 4]
 [6 4 8 2 7 5 9 1 3]]
Number of cells unfilled: 12
Accuracy: 85.18518518518519
Sample: 56006
Question:
[[4 0 0 9 0 0 8 0 0]
 [0 0 0 0 0 6 0 9 0]
 [0 9 0 0 8 2 0 0 0]
 [1 0 0 0 0 0 3 0 7]
 [0 0 0 0 0 3 0 0 0]
 [0 4 0 8 0 0 0 6 0]
 [0 0 4 0 0 0 5 0 0]
 [0 2 0 6 0 0 0 8 0]
 [0 0 7 0 5 0 0 0 1]]
Solution:
[[5 3 4 0 8 2 0 6 7]
 [8 7 9 3 4 0 1 2 5]
 [1 0 6 7 0 0 3 4 9]
 [4 1 5 8 9 3 6 7 2]
 [9 8 7 0 2 6 4 5 1]
 [3 2 0 1 5 4 8 9 0]
 [0 9 3 4 6 1 7 8 0]
 [2 5 1 9 3 8 0 0 4]
 [6 4 8 2 7 5 9 1 3]]
Number of cells unfilled: 13
Accuracy: 83.9506172839506
Sample: 56007
Question:
[[0 0 7 0 3 0 1 5 0]
 [1 0 0 5 0 0 8 9 6]
 [0 0 0 1 0 0 0 0 0]
 [0 0 0 0 0 0 0 2 0]
 [0 0 0 0 1 6 4 0 0]
 [0 0 0 4 8 0 0 1 7]
 [0 0 9 0 2 0 0 0 0]
 [0 6 0 0 0 9 0 0 0]
 [8 4 0 0 0 0 0 3 2]]
Solution:
[[5 3 4 0 8 2 0 6 7]
 [8 7 9 3 4 0 1 2 5]
 [1 0 6 7 0 9 3 4 8]
 [4 1 5 8 9 3 6 7 2]
 [0 8 7 0 2 6 4 5 1]
 [3 2 0 1 5 7 8 9 0]
 [9 0 3 4 6 1 7 8 0]
 [2 5 1 9 3 8 0 0 4]
 [6 4 8 2 7 5 9 1 3]]
Number of cells unfilled: 13
Accuracy: 83.9506172839506
Sample: 56008
Question:
[[5 0 3 0 0 0 0 0 0]
 [0 0 0 0 0 7 0 0 5]
 [0 8 0 4 0 0 0 9 0]
 [0 1 0 0 4 9 0 0 0]
 [2 0 8 1 0 0 0 0 0]
 [4 0 0 0 0 2 0 1 0]
 [0 0 4 0 6 0 7 0 0]
 [0 2 0 9 0 0 0 8 0]
 [0 0 6 0 0 0 0 0 3]]
Solution:
[[5 3 4 0 8 0 0 6 9]
 [8 7 9 3 4 0 1 2 5]
 [1 0 6 7 9 2 3 4 8]
 [9 1 5 8 0 3 6 7 2]
 [0 8 7 0 2 6 4 5 1]
 [3 2 0 1 5 7 8 9 0]
 [0 9 3 4 6 1 7 8 0]
 [2 5 1 9 3 8 0 0 4]
 [4 6 8 2 7 5 9 1 3]]
Number of cells unfilled: 14
Accuracy: 82.71604938271605
Sample: 56009
Question:
[[7 0 0 4 0 0 0 1 0]
 [0 0 2 0 6 0 7 0 0]
 [0 5 0 0 0 0 0 0 9]
 [0 9 0 0 0 0 0 0 7]
 [6 0 0 0 1 0 0 4 0]
 [0 0 4 0 0 8 2 0 0]
 [0 0 0 1 0 3 0 7 0]
 [3 0 0 0 2 0 5 0 0]
 [0 0 8 0 0 6 0 0 0]]
Solution:
[[5 3 4 0 8 0 0 6 9]
 [8 7 9 3 4 0 1 2 5]
 [1 0 6 7 5 2 3 4 8]
 [9 1 5 8 0 3 6 7 2]
 [0 8 7 0 9 6 4 5 1]
 [3 2 0 1 0 7 8 9 0]
 [0 9 3 4 6 1 7 8 0]
 [2 5 1 9 3 8 0 0 4]
 [4 6 8 2 7 5 9 1 3]]
Number of cells unfilled: 15
Accuracy: 81.48148148148148
Sample: 56010
Question:
[[8 7 0 0 0 0 4 5 0]
 [0 0 0 0 0 0 0 0 0]
 [4 0 9 0 0 0 0 0 1]
 [0 0 0 0 5 0 1 0 0]
 [1 0 0 3 0 9 0 2 8]
 [0 0 3 2 0 0 0 6 0]
 [5 0 0 0 8 0 0 1 2]
 [0 0 6 0 0 0 7 0 0]
 [3 0 0 4 0 0 0 0 0]]
Solution:
[[5 3 4 0 8 2 0 6 9]
 [8 7 9 3 4 0 1 2 5]
 [1 0 6 7 0 9 3 4 8]
 [4 1 5 8 9 3 6 7 2]
 [9 8 7 0 2 6 4 5 1]
 [3 2 0 1 5 7 8 9 0]
 [0 9 3 4 6 1 7 8 0]
 [2 5 1 9 3 8 0 0 4]
 [0 6 8 2 7 5 9 1 3]]
Number of cells unfilled: 13
Accuracy: 83.9506172839506
Sample: 56011
Question:
[[0 3 0 0 0 0 5 0 0]
 [0 0 0 1 6 3 0 0 0]
 [9 0 0 0 4 0 6 0 0]
 [0 0 0 0 1 6 0 0 8]
 [3 0 0 4 0 0 2 0 0]
 [8 0 9 7 0 0 1 0 0]
 [6 0 0 0 2 0 0 7 0]
 [0 0 2 6 0 0 0 5 0]
 [0 7 8 0 9 0 0 0 0]]
Solution:
[[5 3 4 0 8 9 0 6 7]
 [8 7 9 3 4 0 1 2 5]
 [1 0 6 7 5 2 3 4 9]
 [4 1 5 8 9 3 6 7 2]
 [0 8 7 5 2 6 4 3 1]
 [3 2 0 1 0 4 8 9 0]
 [9 0 3 4 6 1 7 8 0]
 [2 5 1 9 3 8 0 0 4]
 [6 4 8 2 7 5 9 1 3]]
Number of cells unfilled: 12
Accuracy: 85.18518518518519
Sample: 56012
Question:
[[0 0 0 7 0 0 0 4 1]
 [0 7 0 0 0 4 0 5 0]
 [0 0 0 0 2 0 7 0 0]
 [6 0 0 0 9 0 0 0 0]
 [0 4 0 1 0 0 5 0 0]
 [0 0 8 0 0 3 0 0 0]
 [0 0 0 2 0 0 1 0 0]
 [0 0 9 0 0 0 0 0 6]
 [3 0 0 0 6 8 0 0 5]]
Solution:
[[5 3 4 0 8 2 0 6 9]
 [8 7 9 3 4 0 1 2 5]
 [1 0 6 7 5 9 3 4 8]
 [9 1 5 8 0 3 6 7 2]
 [0 8 7 0 2 6 4 5 1]
 [3 2 0 1 0 4 8 9 0]
 [0 9 3 4 6 1 7 8 0]
 [2 5 1 9 3 8 0 0 4]
 [4 6 8 2 7 5 9 1 3]]
Number of cells unfilled: 14
Accuracy: 82.71604938271605
Sample: 56013
Question:
[[0 0 0 8 0 0 0 0 0]
 [9 4 5 0 0 0 0 0 0]
 [1 6 0 5 0 0 0 0 4]
 [0 2 0 9 0 4 0 0 0]
 [0 0 0 0 0 0 0 0 7]
 [7 8 0 0 0 0 0 5 9]
 [2 0 0 0 1 0 0 0 0]
 [0 0 4 0 2 0 1 0 6]
 [0 5 0 0 0 0 9 0 0]]
Solution:
[[5 3 4 0 8 9 0 6 7]
 [8 7 9 3 4 0 1 2 5]
 [1 0 6 7 0 2 3 4 9]
 [4 1 5 8 9 3 6 7 2]
 [9 8 7 0 2 6 4 5 1]
 [3 2 0 1 5 4 8 9 0]
 [0 9 3 4 6 1 7 8 0]
 [2 5 1 9 3 8 0 0 4]
 [6 4 8 2 7 5 9 1 3]]
Number of cells unfilled: 12
Accuracy: 85.18518518518519
Sample: 56014
Question:
[[2 1 7 9 0 8 0 0 0]
 [0 0 9 0 7 0 4 0 0]
 [8 0 0 3 0 0 0 9 0]
 [4 6 0 0 0 7 8 0 0]
 [0 7 0 0 0 0 3 0 2]
 [0 0 0 0 0 0 1 0 0]
 [0 0 0 5 0 0 0 0 0]
 [3 0 0 7 1 0 5 0 0]
 [0 0 2 0 8 0 0 4 0]]
Solution:
[[5 3 4 0 8 0 0 6 9]
 [8 7 9 3 4 0 1 2 5]
 [1 0 6 7 5 2 3 4 8]
 [9 1 5 8 0 3 6 7 2]
 [0 8 7 5 2 6 4 3 1]
 [3 2 0 1 0 7 8 9 0]
 [0 9 3 4 6 1 7 8 0]
 [2 5 1 9 3 8 0 0 4]
 [4 6 8 2 7 5 9 1 3]]
Number of cells unfilled: 14
Accuracy: 82.71604938271605
Sample: 56015
Question:
[[0 0 0 0 0 5 0 0 3]
 [0 8 0 0 2 0 4 0 6]
 [6 0 3 1 0 0 0 5 9]
 [0 0 0 0 4 0 0 1 0]
 [3 0 0 0 0 9 0 0 0]
 [0 4 0 0 0 8 7 0 0]
 [5 0 9 0 6 0 0 4 0]
 [0 0 0 0 0 7 0 0 0]
 [0 0 0 4 9 0 0 0 7]]
Solution:
[[5 3 4 0 8 0 0 6 9]
 [8 7 9 6 4 0 1 2 5]
 [1 0 6 7 5 2 3 4 8]
 [4 1 5 8 9 3 6 7 2]
 [0 8 7 5 2 6 4 3 1]
 [3 2 0 1 0 7 8 9 0]
 [9 0 3 4 6 1 7 8 0]
 [2 5 1 9 3 8 0 0 4]
 [6 4 8 2 7 5 9 1 3]]
Number of cells unfilled: 13
Accuracy: 83.9506172839506
Sample: 56016
Question:
[[5 0 0 8 0 0 0 1 4]
 [0 0 0 0 0 1 0 5 9]
 [0 0 0 0 0 0 8 0 0]
 [6 0 7 9 0 5 4 0 0]
 [1 0 0 0 0 4 0 0 0]
 [0 9 0 0 2 0 0 6 0]
 [0 6 0 0 0 0 0 0 7]
 [8 0 0 0 0 9 5 0 0]
 [0 0 3 0 0 0 0 9 0]]
Solution:
[[5 3 4 0 8 0 0 6 9]
 [8 7 9 3 4 0 1 2 5]
 [1 0 6 7 2 9 3 4 8]
 [9 1 5 8 0 3 6 7 2]
 [0 8 7 0 9 6 4 5 1]
 [3 2 0 1 5 7 8 9 0]
 [0 9 3 4 6 1 7 8 0]
 [2 5 1 9 3 8 0 0 4]
 [4 6 8 2 7 5 9 1 3]]
Number of cells unfilled: 14
Accuracy: 82.71604938271605
Sample: 56017
Question:
[[0 0 1 0 0 9 8 0 6]
 [0 3 9 0 8 0 4 0 0]
 [0 0 0 1 0 0 0 7 0]
 [0 0 0 0 0 0 5 0 0]
 [0 4 5 8 0 0 0 6 3]
 [0 0 6 0 5 0 0 4 8]
 [0 0 0 0 0 0 0 0 0]
 [0 5 3 0 4 0 6 0 0]
 [9 0 0 2 0 0 0 0 0]]
Solution:
[[5 3 4 0 8 2 0 6 9]
 [8 7 9 6 4 0 1 2 5]
 [1 0 6 7 0 9 3 4 8]
 [4 1 5 8 9 3 6 7 2]
 [9 8 7 0 2 6 4 5 1]
 [3 2 0 1 5 7 8 9 0]
 [0 9 3 4 6 1 7 8 0]
 [2 5 1 9 3 8 0 0 4]
 [6 4 8 2 7 5 9 1 3]]
Number of cells unfilled: 12
Accuracy: 85.18518518518519
Sample: 56018
Question:
[[0 0 0 0 0 9 0 0 4]
 [0 0 8 0 5 0 2 0 0]
 [1 0 0 3 0 0 0 5 0]
 [6 0 0 7 0 0 8 0 2]
 [0 8 0 0 0 1 0 0 7]
 [0 0 7 0 8 0 0 4 0]
 [0 0 0 9 0 0 4 0 0]
 [0 6 0 0 3 5 0 0 0]
 [0 0 2 0 7 0 0 0 5]]
Solution:
[[5 3 4 0 8 9 0 6 7]
 [8 7 9 6 4 0 1 2 5]
 [1 0 6 7 5 2 3 4 8]
 [4 1 5 8 9 3 6 7 2]
 [9 8 7 5 2 6 4 3 1]
 [3 2 0 1 0 4 8 9 0]
 [0 9 3 4 6 1 7 8 0]
 [2 5 1 9 3 8 0 0 4]
 [6 4 8 2 7 5 9 1 3]]
Number of cells unfilled: 11
Accuracy: 86.41975308641975
Sample: 56019
Question:
[[9 0 0 0 0 0 0 7 2]
 [0 0 6 0 5 0 1 0 0]
 [0 0 0 4 0 0 0 6 5]
 [0 4 0 0 0 3 0 0 0]
 [2 0 0 9 0 0 0 0 0]
 [0 0 1 0 4 0 0 0 7]
 [0 0 7 0 6 0 0 5 0]
 [0 8 0 3 0 0 0 0 0]
 [0 0 0 0 0 8 0 0 1]]
Solution:
[[5 3 4 0 8 0 0 6 9]
 [8 7 9 6 4 0 1 2 5]
 [1 0 6 7 5 2 3 4 8]
 [9 1 5 8 0 3 6 7 2]
 [0 8 7 0 2 6 4 5 1]
 [3 2 0 1 0 4 8 9 0]
 [0 9 3 4 6 1 7 8 0]
 [2 5 1 9 3 8 0 0 4]
 [6 4 8 2 7 5 9 1 3]]
Number of cells unfilled: 15
Accuracy: 81.48148148148148
Sample: 56020
Question:
[[8 0 0 0 0 5 0 0 0]
 [9 0 0 0 6 0 8 0 3]
 [0 0 0 4 0 9 0 0 2]
 [3 0 0 5 9 0 0 8 7]
 [0 0 0 0 7 4 0 3 0]
 [0 7 4 6 0 0 0 0 0]
 [0 5 0 8 0 0 0 1 0]
 [0 0 9 0 5 0 0 7 0]
 [0 0 0 0 0 6 0 0 0]]
Solution:
[[5 3 4 0 8 2 0 6 9]
 [8 7 9 3 4 0 1 2 5]
 [1 0 6 7 5 9 3 4 8]
 [4 1 5 8 9 3 6 7 2]
 [9 8 7 5 2 6 4 3 1]
 [3 2 0 1 0 4 8 9 0]
 [0 9 3 4 6 1 7 8 0]
 [2 5 1 9 3 8 0 0 4]
 [6 4 8 2 7 5 9 1 3]]
Number of cells unfilled: 11
Accuracy: 86.41975308641975
Sample: 56021
Question:
[[2 0 0 0 0 3 7 0 0]
 [0 4 0 9 0 0 0 0 0]
 [0 0 1 0 8 0 0 0 0]
 [0 9 0 0 0 0 0 0 6]
 [6 0 0 0 0 7 3 0 0]
 [0 0 8 1 0 0 0 5 0]
 [0 0 0 2 0 0 5 0 0]
 [5 0 0 0 0 4 0 3 2]
 [0 0 0 0 5 0 6 4 0]]
Solution:
[[5 3 4 0 8 0 0 6 9]
 [8 7 9 3 4 0 1 2 5]
 [1 0 6 7 0 2 3 4 8]
 [4 1 5 8 9 3 6 7 2]
 [9 8 7 0 2 6 4 5 1]
 [3 2 0 1 5 4 8 9 0]
 [0 9 3 4 6 1 7 8 0]
 [2 5 1 9 3 8 0 0 4]
 [0 6 8 2 7 5 9 1 3]]
Number of cells unfilled: 14
Accuracy: 82.71604938271605
Sample: 56022
Question:
[[0 0 6 3 0 0 2 0 0]
 [0 4 0 0 0 2 0 6 0]
 [0 8 0 0 0 0 0 0 3]
 [0 0 3 0 0 9 0 0 6]
 [0 1 0 0 5 0 0 0 0]
 [0 0 4 2 0 3 0 0 8]
 [0 0 0 0 2 0 9 0 0]
 [7 0 0 9 0 0 0 0 0]
 [0 0 8 0 0 4 0 0 2]]
Solution:
[[5 3 4 0 8 2 0 6 7]
 [8 7 9 3 4 0 1 2 5]
 [1 0 6 7 5 9 3 4 8]
 [4 1 5 8 9 3 6 7 2]
 [9 8 7 5 2 6 4 3 1]
 [3 2 0 1 0 4 8 9 0]
 [0 9 3 4 6 1 7 8 0]
 [2 5 1 9 3 8 0 0 4]
 [0 6 8 2 7 5 9 1 3]]
Number of cells unfilled: 12
Accuracy: 85.18518518518519
Sample: 56023
Question:
[[7 8 0 0 0 5 0 0 3]
 [0 0 0 6 0 0 0 0 0]
 [0 0 5 0 3 0 0 1 0]
 [0 0 0 0 0 9 2 7 0]
 [0 0 0 0 4 0 0 0 1]
 [8 0 0 7 0 0 0 4 0]
 [6 0 0 3 0 0 0 5 7]
 [0 0 3 0 7 0 1 0 0]
 [0 7 0 9 0 0 0 0 0]]
Solution:
[[5 3 4 0 8 0 0 6 9]
 [8 7 9 3 4 0 1 2 5]
 [1 0 6 7 2 9 3 4 8]
 [9 1 5 8 0 3 6 7 2]
 [0 8 7 5 9 6 4 3 1]
 [3 2 0 1 0 4 8 9 0]
 [0 9 3 4 6 1 7 8 0]
 [2 5 1 9 3 8 0 0 4]
 [4 6 8 2 7 5 9 1 3]]
Number of cells unfilled: 14
Accuracy: 82.71604938271605
Sample: 56024
Question:
[[0 8 0 0 1 0 0 0 0]
 [0 0 9 0 0 8 0 0 6]
 [4 0 0 9 7 0 8 0 0]
 [0 0 3 8 0 0 0 7 0]
 [5 0 0 0 9 0 0 0 0]
 [0 9 0 0 0 7 1 0 0]
 [0 4 0 0 0 9 6 0 0]
 [0 0 0 2 5 0 0 0 0]
 [9 0 0 0 0 0 0 3 2]]
Solution:
[[5 3 4 0 8 9 0 6 7]
 [8 7 9 3 4 0 1 2 5]
 [1 0 6 7 2 0 3 4 9]
 [9 1 5 8 0 3 6 7 2]
 [0 8 7 0 9 6 4 5 1]
 [3 2 0 1 5 4 8 9 0]
 [0 9 3 4 6 1 7 8 0]
 [2 5 1 9 3 8 0 0 4]
 [6 4 8 2 7 5 9 1 3]]
Number of cells unfilled: 14
Accuracy: 82.71604938271605
Sample: 56025
Question:
[[1 5 0 0 0 0 0 7 0]
 [0 0 6 0 8 0 0 0 1]
 [0 0 0 1 0 0 0 4 0]
 [6 8 0 0 2 0 4 0 0]
 [2 0 0 0 5 6 3 0 0]
 [0 0 5 8 0 0 0 0 2]
 [0 0 2 0 0 8 0 0 9]
 [0 7 0 2 0 0 0 0 0]
 [3 0 0 0 9 0 0 0 0]]
Solution:
[[5 3 4 0 8 9 0 6 7]
 [8 7 9 6 4 0 1 2 5]
 [1 0 6 7 5 2 3 4 8]
 [9 1 5 8 0 3 6 7 2]
 [0 8 7 0 2 6 4 5 1]
 [3 2 0 1 0 4 8 9 0]
 [0 9 3 4 6 1 7 8 0]
 [2 5 1 9 3 8 0 0 4]
 [4 6 8 2 7 5 9 1 3]]
Number of cells unfilled: 14
Accuracy: 82.71604938271605
Sample: 56026
Question:
[[3 0 0 0 0 0 0 0 4]
 [0 0 9 7 0 0 0 3 0]
 [0 0 0 0 8 0 0 0 5]
 [9 0 0 8 0 0 0 6 0]
 [0 7 8 0 0 6 2 0 0]
 [0 0 6 0 9 0 4 0 0]
 [6 0 0 0 5 0 0 0 0]
 [0 0 1 9 0 2 0 0 0]
 [0 9 0 6 0 0 0 1 0]]
Solution:
[[5 3 4 0 8 9 0 6 7]
 [8 7 9 6 4 0 1 2 5]
 [1 0 6 7 5 2 3 4 9]
 [9 1 5 8 0 3 6 7 2]
 [0 8 7 0 9 6 4 5 1]
 [3 2 0 1 0 4 8 9 0]
 [0 9 3 4 6 1 7 8 0]
 [2 5 1 9 3 8 0 0 4]
 [6 4 8 2 7 5 9 1 3]]
Number of cells unfilled: 14
Accuracy: 82.71604938271605
Sample: 56027
Question:
[[0 4 5 0 3 0 0 0 0]
 [0 0 0 0 0 0 3 0 0]
 [9 0 0 0 0 2 0 0 5]
 [1 0 0 0 9 0 0 5 0]
 [0 6 0 0 2 0 0 0 1]
 [0 0 8 0 0 1 6 0 0]
 [0 0 0 7 0 0 0 0 2]
 [8 0 0 0 0 9 0 0 6]
 [0 0 7 2 0 0 0 4 0]]
Solution:
[[5 3 4 0 8 0 0 6 9]
 [8 7 9 6 4 0 1 2 5]
 [1 0 6 7 5 2 3 4 8]
 [4 1 5 8 9 3 6 7 2]
 [0 8 7 5 2 6 4 3 1]
 [3 2 0 1 0 7 8 9 0]
 [9 0 3 4 6 1 7 8 0]
 [2 5 1 9 3 8 0 0 4]
 [6 4 8 2 7 5 9 1 3]]
Number of cells unfilled: 13
Accuracy: 83.9506172839506
Sample: 56028
Question:
[[0 0 2 0 0 9 0 0 0]
 [0 9 0 0 0 0 0 6 0]
 [6 0 0 5 2 0 0 0 8]
 [2 0 0 4 9 0 6 0 0]
 [0 0 3 0 8 0 0 2 0]
 [0 6 0 0 0 0 0 0 4]
 [0 1 0 0 0 0 5 0 0]
 [8 0 0 9 5 0 0 4 0]
 [0 0 0 0 0 7 8 0 6]]
Solution:
[[5 3 4 0 8 9 0 6 7]
 [8 7 9 3 4 0 1 2 5]
 [1 0 6 7 5 2 3 4 9]
 [4 1 5 8 9 3 6 7 2]
 [0 8 7 5 2 6 4 3 1]
 [3 2 0 1 0 4 8 9 0]
 [9 0 3 4 6 1 7 8 0]
 [2 5 1 9 3 8 0 0 4]
 [6 4 8 2 7 5 9 1 3]]
Number of cells unfilled: 12
Accuracy: 85.18518518518519
Sample: 56029
Question:
[[0 0 0 0 2 0 0 0 0]
 [6 0 0 0 0 9 4 7 0]
 [0 0 0 4 0 0 0 0 8]
 [0 6 0 0 0 0 0 0 3]
 [0 0 9 0 0 6 1 8 0]
 [1 0 0 5 0 0 0 0 0]
 [0 1 0 0 0 7 8 9 0]
 [9 0 0 0 0 0 0 3 0]
 [7 0 8 9 0 0 0 0 4]]
Solution:
[[5 3 4 0 8 9 0 6 7]
 [8 7 9 6 4 0 1 2 5]
 [1 0 6 7 2 0 3 4 9]
 [9 1 5 8 0 3 6 7 2]
 [0 8 7 0 9 6 4 5 1]
 [3 2 0 1 5 7 8 9 0]
 [0 9 3 4 6 1 7 8 0]
 [2 5 1 9 3 8 0 0 4]
 [4 6 8 2 7 5 9 1 3]]
Number of cells unfilled: 14
Accuracy: 82.71604938271605
Sample: 56030
Question:
[[0 0 0 0 0 7 0 0 3]
 [1 0 0 9 0 0 6 0 0]
 [0 0 8 0 4 0 0 9 0]
 [6 0 0 0 9 0 4 0 0]
 [0 0 2 5 0 0 0 8 0]
 [0 7 0 0 0 0 0 0 1]
 [3 0 0 0 8 0 0 5 0]
 [0 2 0 0 0 9 0 0 0]
 [0 0 4 3 0 0 2 0 0]]
Solution:
[[5 3 4 0 8 9 0 6 7]
 [8 7 9 6 4 0 1 2 5]
 [1 0 6 7 5 2 3 4 9]
 [9 1 5 8 0 3 6 7 2]
 [0 8 7 0 9 6 4 5 1]
 [3 2 0 1 0 7 8 9 0]
 [0 9 3 4 6 1 7 8 0]
 [2 5 1 9 3 8 0 0 4]
 [4 6 8 2 7 5 9 1 3]]
Number of cells unfilled: 14
Accuracy: 82.71604938271605
Sample: 56031
Question:
[[6 0 0 0 0 8 2 0 0]
 [0 0 5 0 2 0 0 0 0]
 [0 0 0 0 6 0 0 0 4]
 [0 0 7 0 1 6 0 9 0]
 [0 5 0 0 0 3 0 0 0]
 [1 0 0 8 0 0 3 0 0]
 [0 7 8 0 0 1 0 4 0]
 [9 0 3 0 8 0 1 0 0]
 [0 1 0 0 0 9 0 0 0]]
Solution:
[[5 3 4 0 8 9 0 6 7]
 [8 7 9 3 4 0 1 2 5]
 [1 0 6 7 2 0 3 4 9]
 [4 1 5 8 9 3 6 7 2]
 [0 8 7 0 5 6 4 3 1]
 [3 2 0 1 0 4 8 9 0]
 [9 0 3 4 6 1 7 8 0]
 [2 5 1 9 3 8 0 0 4]
 [6 4 8 2 7 5 9 1 3]]
Number of cells unfilled: 14
Accuracy: 82.71604938271605
Sample: 56032
Question:
[[0 0 0 7 0 0 0 0 8]
 [0 9 7 0 0 3 0 0 0]
 [0 2 6 8 0 0 0 0 0]
 [0 0 0 0 0 5 0 4 0]
 [2 0 0 1 0 0 0 7 0]
 [6 0 3 4 0 0 0 0 1]
 [5 6 2 0 0 0 7 0 0]
 [0 0 0 0 7 1 0 0 0]
 [0 0 8 5 0 0 3 0 6]]
Solution:
[[5 3 4 0 8 2 0 6 9]
 [8 7 9 3 4 0 1 2 5]
 [1 0 6 7 5 9 3 4 8]
 [9 1 5 8 0 3 6 7 2]
 [0 8 7 5 9 6 4 3 1]
 [3 2 0 1 0 7 8 9 0]
 [0 9 3 4 6 1 7 8 0]
 [2 5 1 9 3 8 0 0 4]
 [6 4 8 2 7 5 9 1 3]]
Number of cells unfilled: 13
Accuracy: 83.9506172839506
Sample: 56033
Question:
[[0 0 0 0 0 1 0 9 0]
 [0 0 9 0 6 0 0 1 0]
 [2 1 0 0 5 8 0 0 0]
 [3 0 4 5 0 0 0 0 0]
 [0 0 5 4 0 0 9 7 0]
 [0 0 0 1 0 0 0 8 0]
 [0 0 0 0 7 0 0 0 1]
 [0 9 0 3 0 0 6 2 0]
 [5 0 0 0 0 0 7 0 0]]
Solution:
[[5 3 4 0 8 9 0 6 7]
 [8 7 9 3 4 0 1 2 5]
 [1 0 6 7 2 0 3 4 9]
 [9 1 5 8 0 3 6 7 2]
 [0 8 7 5 9 6 4 3 1]
 [3 2 0 1 0 4 8 9 0]
 [0 9 3 4 6 1 7 8 0]
 [2 5 1 9 3 8 0 0 4]
 [6 4 8 2 7 5 9 1 3]]
Number of cells unfilled: 14
Accuracy: 82.71604938271605
Sample: 56034
Question:
[[8 6 0 0 0 0 0 0 0]
 [0 0 7 0 3 0 0 8 0]
 [3 0 0 0 0 1 4 0 0]
 [9 0 0 0 1 0 3 0 0]
 [0 0 0 0 0 0 0 2 0]
 [0 0 8 3 0 0 0 9 7]
 [5 0 0 1 0 0 9 0 0]
 [0 0 6 0 9 0 0 0 5]
 [0 0 0 0 4 5 0 0 2]]
Solution:
[[5 3 4 0 8 2 0 6 7]
 [8 7 9 6 4 0 1 2 5]
 [1 0 6 7 0 9 3 4 8]
 [4 1 5 8 9 3 6 7 2]
 [9 8 7 0 2 6 4 5 1]
 [3 2 0 1 5 4 8 9 0]
 [0 9 3 4 6 1 7 8 0]
 [2 5 1 9 3 8 0 0 4]
 [6 4 8 2 7 5 9 1 3]]
Number of cells unfilled: 12
Accuracy: 85.18518518518519
Sample: 56035
Question:
[[6 0 0 0 0 1 0 0 7]
 [0 0 0 0 0 8 0 0 0]
 [3 8 5 0 0 0 0 0 0]
 [0 7 0 6 4 5 0 3 9]
 [0 0 0 0 0 3 0 0 0]
 [0 6 0 7 8 0 4 0 0]
 [7 0 0 1 0 0 0 0 3]
 [0 0 0 0 7 0 5 0 0]
 [0 1 9 0 0 0 2 0 0]]
Solution:
[[5 3 4 0 8 2 0 6 9]
 [8 7 9 6 4 0 1 2 5]
 [1 0 6 7 5 9 3 4 8]
 [9 1 5 8 0 3 6 7 2]
 [0 8 7 5 2 6 4 3 1]
 [3 2 0 1 0 4 8 9 0]
 [0 9 3 4 6 1 7 8 0]
 [2 5 1 9 3 8 0 0 4]
 [4 6 8 2 7 5 9 1 3]]
Number of cells unfilled: 13
Accuracy: 83.9506172839506
Sample: 56036
Question:
[[0 0 3 0 0 0 0 0 0]
 [0 0 0 4 0 0 3 0 1]
 [6 7 0 0 3 0 2 0 0]
 [0 1 0 0 0 2 0 0 0]
 [0 0 5 0 7 0 0 2 9]
 [0 0 7 5 9 0 0 0 0]
 [0 0 0 0 0 9 0 8 2]
 [5 4 0 0 0 0 6 0 0]
 [0 2 0 7 0 0 0 0 5]]
Solution:
[[5 3 4 0 8 0 0 6 9]
 [8 7 9 3 4 0 1 2 5]
 [1 0 6 7 9 2 3 4 8]
 [9 1 5 8 0 3 6 7 2]
 [0 8 7 0 2 6 4 5 1]
 [3 2 0 1 5 7 8 9 0]
 [0 9 3 4 6 1 7 8 0]
 [2 5 1 9 3 8 0 0 4]
 [6 4 8 2 7 5 9 1 3]]
Number of cells unfilled: 14
Accuracy: 82.71604938271605
Sample: 56037
Question:
[[0 6 2 9 0 0 4 0 0]
 [0 0 0 0 0 7 0 0 0]
 [0 0 0 0 0 0 0 8 1]
 [0 8 0 6 0 9 0 0 0]
 [0 9 4 0 7 0 6 0 0]
 [0 0 0 0 0 4 0 5 0]
 [0 0 0 0 2 0 0 0 0]
 [0 4 7 0 0 6 2 0 0]
 [3 0 0 0 0 0 0 0 0]]
Solution:
[[5 3 4 0 8 2 0 6 7]
 [8 7 9 6 4 0 1 2 5]
 [1 0 6 7 0 0 3 4 9]
 [4 1 5 8 9 3 6 7 2]
 [9 8 7 0 2 6 4 5 1]
 [3 2 0 1 5 7 8 9 0]
 [0 9 3 4 6 1 7 8 0]
 [2 5 1 9 3 8 0 0 4]
 [6 4 8 2 7 5 9 1 3]]
Number of cells unfilled: 13
Accuracy: 83.9506172839506
Sample: 56038
Question:
[[0 0 3 0 0 6 1 0 0]
 [0 0 0 2 0 0 0 9 0]
 [0 4 0 0 1 0 0 5 0]
 [0 2 0 0 5 0 0 8 0]
 [0 0 7 0 0 1 3 0 0]
 [9 0 0 0 0 0 0 0 4]
 [0 6 0 0 0 8 0 3 0]
 [0 0 8 7 0 0 0 0 0]
 [0 0 0 1 6 0 8 0 0]]
Solution:
[[5 3 4 0 8 0 0 6 9]
 [8 7 9 6 4 0 1 2 5]
 [1 0 6 7 9 2 3 4 8]
 [9 1 5 8 0 3 6 7 2]
 [0 8 7 0 2 6 4 5 1]
 [3 2 0 1 5 7 8 9 0]
 [0 9 3 4 6 1 7 8 0]
 [2 5 1 9 3 8 0 0 4]
 [6 4 8 2 7 5 9 1 3]]
Number of cells unfilled: 14
Accuracy: 82.71604938271605
Sample: 56039
Question:
[[0 3 0 0 9 0 0 0 6]
 [0 0 0 0 0 2 0 0 0]
 [1 0 0 4 0 0 0 5 0]
 [0 0 1 7 0 0 0 0 0]
 [3 0 0 0 8 0 0 0 1]
 [0 9 8 0 0 0 4 0 0]
 [0 0 3 0 6 0 0 0 8]
 [0 0 0 0 0 5 6 0 0]
 [6 0 0 3 0 0 2 7 0]]
Solution:
[[5 3 4 0 8 9 0 6 7]
 [8 7 9 3 4 0 1 2 5]
 [1 0 6 7 5 2 3 4 9]
 [9 1 5 8 0 3 6 7 2]
 [0 8 7 0 2 6 4 5 1]
 [3 2 0 1 0 4 8 9 0]
 [0 9 3 4 6 1 7 8 0]
 [2 5 1 9 3 8 0 0 4]
 [4 6 8 2 7 5 9 1 3]]
Number of cells unfilled: 14
Accuracy: 82.71604938271605
Sample: 56040
Question:
[[3 0 6 0 0 9 0 0 2]
 [0 0 0 0 4 0 0 3 0]
 [0 4 0 1 0 0 0 0 0]
 [0 0 0 0 0 0 0 2 0]
 [0 0 0 9 7 0 0 0 6]
 [0 3 0 0 0 6 0 5 8]
 [0 0 5 0 0 0 0 0 0]
 [1 0 0 0 8 0 4 0 0]
 [0 0 9 6 0 0 8 0 0]]
Solution:
[[5 3 4 0 8 9 0 6 7]
 [8 7 9 3 4 0 1 2 5]
 [1 0 6 7 2 0 3 4 9]
 [9 1 5 8 0 3 6 7 2]
 [0 8 7 0 9 6 4 5 1]
 [3 2 0 1 5 7 8 9 0]
 [0 9 3 4 6 1 7 8 0]
 [2 5 1 9 3 8 0 0 4]
 [4 6 8 2 7 5 9 1 3]]
Number of cells unfilled: 14
Accuracy: 82.71604938271605
Sample: 56041
Question:
[[0 0 9 0 2 0 3 0 0]
 [0 0 0 0 0 6 0 0 1]
 [0 0 0 0 0 8 0 7 0]
 [3 0 0 0 5 0 2 0 0]
 [9 0 0 0 0 1 0 0 0]
 [0 0 0 7 0 0 0 6 0]
 [0 9 0 0 4 0 5 0 0]
 [5 0 3 0 0 0 0 4 0]
 [2 0 4 0 0 0 0 0 8]]
Solution:
[[5 3 4 0 8 9 0 6 7]
 [8 7 9 6 4 0 1 2 5]
 [1 0 6 7 0 2 3 4 8]
 [4 1 5 8 9 3 6 7 2]
 [9 8 7 0 2 6 4 5 1]
 [3 2 0 1 5 7 8 9 0]
 [0 9 3 4 6 1 7 8 0]
 [2 5 1 9 3 8 0 0 4]
 [6 4 8 2 7 5 9 1 3]]
Number of cells unfilled: 12
Accuracy: 85.18518518518519
Sample: 56042
Question:
[[0 6 0 7 0 0 0 9 0]
 [0 0 5 0 2 0 0 0 0]
 [4 0 0 0 0 0 0 8 0]
 [0 0 0 0 0 0 9 6 0]
 [0 0 0 0 0 1 3 7 0]
 [0 3 0 6 0 0 0 0 8]
 [0 7 0 9 0 0 8 0 0]
 [2 0 0 0 0 4 6 0 0]
 [1 0 0 0 5 0 0 0 0]]
Solution:
[[5 3 4 0 8 9 0 6 7]
 [8 7 9 6 4 0 1 2 5]
 [1 0 6 7 0 2 3 4 9]
 [4 1 5 8 9 3 6 7 2]
 [9 8 7 0 2 6 4 5 1]
 [3 2 0 1 5 4 8 9 0]
 [0 9 3 4 6 1 7 8 0]
 [2 5 1 9 3 8 0 0 4]
 [6 4 8 2 7 5 9 1 3]]
Number of cells unfilled: 12
Accuracy: 85.18518518518519
Sample: 56043
Question:
[[0 0 3 0 0 0 1 0 0]
 [0 1 0 0 4 0 0 0 7]
 [9 0 0 1 0 0 0 3 6]
 [8 0 0 0 2 0 0 7 0]
 [0 0 0 0 0 0 0 2 0]
 [0 3 0 9 0 0 6 0 4]
 [0 0 0 0 0 5 0 0 0]
 [0 6 0 4 0 0 7 0 0]
 [7 0 5 0 0 0 0 0 8]]
Solution:
[[5 3 4 0 8 9 0 6 7]
 [8 7 9 6 4 0 1 2 5]
 [1 0 6 7 5 2 3 4 9]
 [9 1 5 8 0 3 6 7 2]
 [0 8 7 5 2 6 4 3 1]
 [3 2 0 1 0 4 8 9 0]
 [0 9 3 4 6 1 7 8 0]
 [2 5 1 9 3 8 0 0 4]
 [4 6 8 2 7 5 9 1 3]]
Number of cells unfilled: 13
Accuracy: 83.9506172839506
Sample: 56044
Question:
[[0 0 0 0 0 1 2 0 0]
 [0 0 7 8 0 0 5 0 0]
 [0 4 0 0 6 0 0 8 0]
 [0 7 0 6 0 0 9 4 0]
 [0 0 0 0 0 0 0 0 5]
 [3 0 0 0 4 9 8 0 0]
 [0 0 2 1 7 0 0 0 8]
 [0 0 3 0 0 0 0 0 0]
 [0 1 0 0 0 6 0 9 0]]
Solution:
[[5 3 4 0 8 9 0 6 7]
 [8 7 9 6 4 0 1 2 5]
 [1 0 6 7 5 2 3 4 9]
 [9 1 5 8 0 3 6 7 2]
 [0 8 7 0 9 6 4 5 1]
 [3 2 0 1 0 4 8 9 0]
 [0 9 3 4 6 1 7 8 0]
 [2 5 1 9 3 8 0 0 4]
 [6 4 8 2 7 5 9 1 3]]
Number of cells unfilled: 14
Accuracy: 82.71604938271605
Sample: 56045
Question:
[[9 0 0 0 0 0 0 1 0]
 [0 0 5 1 0 0 2 0 0]
 [0 0 0 0 6 0 0 5 4]
 [2 0 0 0 0 6 0 0 0]
 [0 0 8 5 0 0 0 0 2]
 [0 7 0 0 3 0 0 0 0]
 [0 0 4 6 0 0 0 2 0]
 [1 0 0 0 0 0 8 0 0]
 [0 3 2 8 0 9 0 4 1]]
Solution:
[[5 3 4 0 8 2 0 6 9]
 [8 7 9 3 4 0 1 2 5]
 [1 0 6 7 0 9 3 4 8]
 [4 1 5 8 9 3 6 7 2]
 [0 8 7 0 2 6 4 5 1]
 [3 2 0 1 5 4 8 9 0]
 [9 0 3 4 6 1 7 8 0]
 [2 5 1 9 3 8 0 0 4]
 [6 4 8 2 7 5 9 1 3]]
Number of cells unfilled: 13
Accuracy: 83.9506172839506
Sample: 56046
Question:
[[0 3 7 0 0 0 5 0 2]
 [2 0 0 0 0 0 0 0 0]
 [0 4 5 0 2 0 7 0 0]
 [0 0 0 2 0 0 0 9 0]
 [0 0 1 0 0 4 0 0 0]
 [3 0 0 0 5 0 4 0 7]
 [0 0 0 8 0 0 0 7 0]
 [7 0 0 0 4 0 9 0 3]
 [0 6 0 0 0 9 2 0 0]]
Solution:
[[5 3 4 0 8 0 0 6 9]
 [8 7 9 3 4 0 1 2 5]
 [1 0 6 7 2 9 3 4 8]
 [9 1 5 8 0 3 6 7 2]
 [0 8 7 5 9 6 4 3 1]
 [3 2 0 1 0 7 8 9 0]
 [0 9 3 4 6 1 7 8 0]
 [2 5 1 9 3 8 0 0 4]
 [6 4 8 2 7 5 9 1 3]]
Number of cells unfilled: 14
Accuracy: 82.71604938271605
Sample: 56047
Question:
[[0 0 0 0 6 0 0 0 0]
 [0 7 0 2 9 0 0 4 0]
 [0 4 0 0 0 0 0 5 0]
 [0 0 3 0 8 1 0 0 0]
 [4 0 0 0 0 2 0 0 0]
 [2 0 5 9 0 0 0 0 6]
 [0 0 0 7 0 8 9 0 5]
 [0 0 4 1 5 0 7 8 0]
 [7 0 0 0 0 0 0 0 0]]
Solution:
[[5 3 4 0 8 2 0 6 9]
 [8 7 9 6 4 0 1 2 5]
 [1 0 6 7 5 9 3 4 8]
 [9 1 5 8 0 3 6 7 2]
 [0 8 7 0 9 6 4 5 1]
 [3 2 0 1 0 4 8 9 0]
 [0 9 3 4 6 1 7 8 0]
 [2 5 1 9 3 8 0 0 4]
 [4 6 8 2 7 5 9 1 3]]
Number of cells unfilled: 14
Accuracy: 82.71604938271605
Sample: 56048
Question:
[[0 0 4 0 9 0 5 0 0]
 [1 0 0 6 0 0 0 0 7]
 [0 3 0 0 0 0 0 9 0]
 [0 0 8 0 7 0 0 0 5]
 [0 0 0 0 0 2 8 0 4]
 [0 0 0 8 0 0 9 7 0]
 [2 0 0 0 0 1 0 0 0]
 [0 6 0 3 0 0 0 0 0]
 [0 0 5 0 4 0 7 0 0]]
Solution:
[[5 3 4 0 8 0 0 6 9]
 [8 7 9 3 4 0 1 2 5]
 [1 0 6 7 2 9 3 4 8]
 [9 1 5 8 0 3 6 7 2]
 [0 8 7 0 9 6 4 5 1]
 [3 2 0 1 5 4 8 9 0]
 [0 9 3 4 6 1 7 8 0]
 [2 5 1 9 3 8 0 0 4]
 [4 6 8 2 7 5 9 1 3]]
Number of cells unfilled: 14
Accuracy: 82.71604938271605
Sample: 56049
Question:
[[0 6 0 0 0 0 0 9 0]
 [3 0 0 2 0 0 0 0 1]
 [0 0 8 0 0 0 4 0 0]
 [2 0 0 5 0 3 0 0 0]
 [0 0 4 0 6 0 0 0 0]
 [0 5 0 1 4 0 0 0 0]
 [1 0 0 7 0 0 0 0 5]
 [0 0 0 0 0 5 0 0 3]
 [0 9 0 0 0 0 8 0 0]]
Solution:
[[5 3 4 0 8 9 0 6 7]
 [8 7 9 6 4 0 1 2 5]
 [1 0 6 7 0 2 3 4 9]
 [4 1 5 8 9 3 6 7 2]
 [0 8 7 0 2 6 4 5 1]
 [3 2 0 1 5 7 8 9 0]
 [9 0 3 4 6 1 7 8 0]
 [2 5 1 9 3 8 0 0 4]
 [6 4 8 2 7 5 9 1 3]]
Number of cells unfilled: 13
Accuracy: 83.9506172839506
Sample: 56050
Question:
[[0 0 5 0 0 0 0 0 4]
 [1 0 0 0 0 0 0 3 0]
 [0 9 0 2 0 0 6 0 0]
 [0 4 0 0 0 2 7 0 0]
 [3 0 0 0 0 0 0 0 5]
 [0 0 8 4 7 0 0 0 0]
 [8 0 0 0 0 9 0 0 0]
 [0 0 0 6 0 4 0 1 0]
 [0 6 0 0 2 0 9 0 0]]
Solution:
[[5 3 4 0 8 0 0 6 9]
 [8 7 9 3 4 0 1 2 5]
 [1 0 6 7 2 9 3 4 8]
 [9 1 5 8 0 3 6 7 2]
 [0 8 7 0 9 6 4 5 1]
 [3 2 0 1 5 4 8 9 0]
 [0 9 3 4 6 1 7 8 0]
 [2 5 1 9 3 8 0 0 4]
 [4 6 8 2 7 5 9 1 3]]
Number of cells unfilled: 14
Accuracy: 82.71604938271605
Sample: 56051
Question:
[[0 0 0 0 0 3 7 0 1]
 [0 0 1 0 5 0 0 8 0]
 [0 0 0 0 0 9 4 0 0]
 [0 0 0 3 0 0 0 0 0]
 [0 2 7 0 0 1 6 0 0]
 [0 0 5 4 7 0 0 0 8]
 [3 5 0 0 0 6 0 0 0]
 [0 8 6 0 0 0 0 0 7]
 [0 0 0 2 0 0 0 0 0]]
Solution:
[[5 3 4 0 8 0 0 6 9]
 [8 7 9 6 4 0 1 2 5]
 [1 0 6 7 2 9 3 4 8]
 [9 1 5 8 0 3 6 7 2]
 [0 8 7 0 9 6 4 5 1]
 [3 2 0 1 5 7 8 9 0]
 [0 9 3 4 6 1 7 8 0]
 [2 5 1 9 3 8 0 0 4]
 [4 6 8 2 7 5 9 1 3]]
Number of cells unfilled: 14
Accuracy: 82.71604938271605
Sample: 56052
Question:
[[0 0 0 0 0 6 0 0 0]
 [4 0 0 5 0 2 3 0 0]
 [0 0 1 0 7 0 0 5 0]
 [0 2 3 0 0 0 5 0 0]
 [8 0 0 0 0 0 0 0 0]
 [0 4 5 2 0 0 0 8 0]
 [0 0 0 0 0 9 0 0 7]
 [0 6 0 0 0 1 0 9 0]
 [3 0 0 8 0 0 4 0 0]]
Solution:
[[5 3 4 0 8 2 0 6 9]
 [8 7 9 6 4 0 1 2 5]
 [1 0 6 7 5 9 3 4 8]
 [4 1 5 8 9 3 6 7 2]
 [9 8 7 5 2 6 4 3 1]
 [3 2 0 1 0 7 8 9 0]
 [0 9 3 4 6 1 7 8 0]
 [2 5 1 9 3 8 0 0 4]
 [6 4 8 2 7 5 9 1 3]]
Number of cells unfilled: 11
Accuracy: 86.41975308641975
Sample: 56053
Question:
[[0 4 0 0 0 3 0 2 0]
 [0 0 9 2 8 0 0 0 0]
 [0 0 0 7 4 0 6 0 0]
 [5 0 0 0 0 0 0 0 0]
 [0 2 3 0 7 0 0 4 0]
 [0 0 1 3 0 0 7 0 0]
 [0 3 0 8 0 0 0 7 0]
 [0 0 0 0 0 0 5 0 0]
 [1 0 6 0 0 0 0 0 9]]
Solution:
[[5 3 4 0 8 0 0 6 7]
 [8 7 9 3 4 0 1 2 5]
 [1 0 6 7 9 2 3 4 8]
 [9 1 5 8 0 3 6 7 2]
 [0 8 7 0 2 6 4 5 1]
 [3 2 0 1 5 7 8 9 0]
 [0 9 3 4 6 1 7 8 0]
 [2 5 1 9 3 8 0 0 4]
 [6 4 8 2 7 5 9 1 3]]
Number of cells unfilled: 14
Accuracy: 82.71604938271605
Sample: 56054
Question:
[[0 0 0 7 0 0 0 1 0]
 [0 8 0 0 6 0 0 0 9]
 [0 6 9 0 4 0 0 0 2]
 [9 0 5 4 0 0 0 0 0]
 [0 2 0 0 5 0 0 0 4]
 [0 0 6 0 0 3 5 0 0]
 [0 0 8 0 2 0 9 4 0]
 [0 0 0 0 0 0 0 0 8]
 [0 9 0 0 0 0 2 6 0]]
Solution:
[[5 3 4 0 8 0 0 6 9]
 [8 7 9 3 4 0 1 2 5]
 [1 0 6 7 9 2 3 4 8]
 [9 1 5 8 0 3 6 7 2]
 [0 8 7 0 2 6 4 5 1]
 [3 2 0 1 5 7 8 9 0]
 [0 9 3 4 6 1 7 8 0]
 [2 5 1 9 3 8 0 0 4]
 [4 6 8 2 7 5 9 1 3]]
Number of cells unfilled: 14
Accuracy: 82.71604938271605
Sample: 56055
Question:
[[0 0 0 7 0 0 5 0 0]
 [0 3 9 2 6 0 0 0 0]
 [0 0 0 0 0 9 6 0 0]
 [0 7 0 6 0 0 0 0 5]
 [0 0 0 0 0 1 4 0 0]
 [0 0 5 0 0 0 0 9 3]
 [0 8 0 0 5 0 0 0 0]
 [3 0 0 9 0 0 0 4 7]
 [0 1 0 0 2 7 0 0 0]]
Solution:
[[5 3 4 0 8 2 0 6 9]
 [8 7 9 3 4 0 1 2 5]
 [1 0 6 7 0 9 3 4 8]
 [4 1 5 8 9 3 6 7 2]
 [0 8 7 0 2 6 4 5 1]
 [3 2 0 1 5 4 8 9 0]
 [9 0 3 4 6 1 7 8 0]
 [2 5 1 9 3 8 0 0 4]
 [6 4 8 2 7 5 9 1 3]]
Number of cells unfilled: 13
Accuracy: 83.9506172839506
Sample: 56056
Question:
[[0 0 0 7 0 0 0 3 0]
 [7 0 6 0 5 1 0 0 0]
 [0 9 0 0 4 2 0 0 0]
 [8 2 0 0 0 0 5 0 9]
 [0 0 0 0 1 0 0 4 0]
 [3 0 0 0 8 0 1 6 0]
 [2 0 0 0 0 0 0 0 0]
 [0 0 0 0 0 0 7 9 0]
 [0 8 7 6 0 0 4 0 0]]
Solution:
[[5 3 4 0 8 2 0 6 7]
 [8 7 9 6 4 0 1 2 5]
 [1 0 6 7 0 9 3 4 8]
 [4 1 5 8 9 3 6 7 2]
 [0 8 7 0 2 6 4 5 1]
 [3 2 0 1 5 4 8 9 0]
 [9 0 3 4 6 1 7 8 0]
 [2 5 1 9 3 8 0 0 4]
 [6 4 8 2 7 5 9 1 3]]
Number of cells unfilled: 13
Accuracy: 83.9506172839506
Sample: 56057
Question:
[[0 0 0 0 3 0 0 8 0]
 [0 0 1 4 0 0 2 0 0]
 [0 0 0 0 0 7 0 0 3]
 [0 0 4 0 0 5 0 0 0]
 [0 9 0 1 0 0 6 0 0]
 [1 0 0 0 7 0 0 0 8]
 [4 0 0 6 0 0 9 0 0]
 [0 6 9 0 2 0 0 0 5]
 [0 0 2 0 0 0 0 0 0]]
Solution:
[[5 3 4 0 8 9 0 6 7]
 [8 7 9 6 4 0 1 2 5]
 [1 0 6 7 5 2 3 4 9]
 [4 1 5 8 9 3 6 7 2]
 [9 8 7 5 2 6 4 3 1]
 [3 2 0 1 0 4 8 9 0]
 [0 9 3 4 6 1 7 8 0]
 [2 5 1 9 3 8 0 0 4]
 [0 6 8 2 7 5 9 1 3]]
Number of cells unfilled: 12
Accuracy: 85.18518518518519
Sample: 56058
Question:
[[0 0 3 5 0 4 0 0 8]
 [0 0 0 0 8 0 0 0 0]
 [0 0 0 3 0 1 0 4 0]
 [9 0 0 0 0 0 0 0 0]
 [0 2 0 0 0 6 9 0 0]
 [0 0 5 0 4 0 0 1 0]
 [0 7 0 0 0 0 0 0 6]
 [2 0 0 0 0 5 7 0 0]
 [0 0 8 0 1 0 0 3 0]]
Solution:
[[5 3 4 0 8 9 0 6 7]
 [8 7 9 6 4 0 1 2 5]
 [1 0 6 7 5 2 3 4 8]
 [9 1 5 8 0 3 6 7 2]
 [0 8 7 5 9 6 4 3 1]
 [3 2 0 1 0 4 8 9 0]
 [0 9 3 4 6 1 7 8 0]
 [2 5 1 9 3 8 0 0 4]
 [6 4 8 2 7 5 9 1 3]]
Number of cells unfilled: 13
Accuracy: 83.9506172839506
Sample: 56059
Question:
[[0 0 4 0 0 8 0 7 0]
 [5 0 0 0 6 0 3 0 0]
 [0 6 0 0 0 0 0 0 5]
 [0 0 7 0 0 9 0 8 0]
 [2 0 0 0 0 0 1 0 0]
 [0 3 0 1 0 0 0 0 0]
 [0 0 2 0 7 0 0 0 0]
 [0 0 0 0 0 2 7 0 4]
 [0 0 0 8 9 0 0 2 0]]
Solution:
[[5 3 4 0 8 9 0 6 7]
 [8 7 9 6 4 0 1 2 5]
 [1 0 6 7 0 2 3 4 9]
 [4 1 5 8 9 3 6 7 2]
 [9 8 7 0 2 6 4 5 1]
 [3 2 0 1 5 7 8 9 0]
 [0 9 3 4 6 1 7 8 0]
 [2 5 1 9 3 8 0 0 4]
 [6 4 8 2 7 5 9 1 3]]
Number of cells unfilled: 12
Accuracy: 85.18518518518519
Sample: 56060
Question:
[[0 6 8 0 4 0 0 0 0]
 [4 0 0 2 0 5 0 0 0]
 [0 0 5 0 0 0 0 4 0]
 [0 0 1 0 0 3 7 0 0]
 [0 0 0 7 0 0 0 0 1]
 [6 0 0 0 5 0 0 2 0]
 [0 9 0 5 0 0 0 0 3]
 [8 0 0 0 6 0 0 5 0]
 [0 0 0 0 0 9 0 0 0]]
Solution:
[[5 3 4 0 8 9 0 6 7]
 [8 7 9 6 4 0 1 2 5]
 [1 0 6 7 5 2 3 4 9]
 [4 1 5 8 9 3 6 7 2]
 [0 8 7 5 2 6 4 3 1]
 [3 2 0 1 0 7 8 9 0]
 [9 0 3 4 6 1 7 8 0]
 [2 5 1 9 3 8 0 0 4]
 [6 4 8 2 7 5 9 1 3]]
Number of cells unfilled: 12
Accuracy: 85.18518518518519
Sample: 56061
Question:
[[1 0 0 8 0 0 0 0 4]
 [0 4 7 0 5 0 0 0 0]
 [0 8 0 0 0 4 6 0 0]
 [0 0 0 0 3 0 0 0 0]
 [8 0 0 0 0 5 9 0 0]
 [0 0 1 2 0 0 0 0 7]
 [0 1 0 7 0 0 0 0 8]
 [2 0 0 0 0 3 0 0 0]
 [7 0 0 0 9 0 0 6 0]]
Solution:
[[5 3 4 0 8 2 0 6 9]
 [8 7 9 6 4 0 1 2 5]
 [1 0 6 7 5 9 3 4 8]
 [9 1 5 8 0 3 6 7 2]
 [0 8 7 5 2 6 4 3 1]
 [3 2 0 1 0 7 8 9 0]
 [0 9 3 4 6 1 7 8 0]
 [2 5 1 9 3 8 0 0 4]
 [4 6 8 2 7 5 9 1 3]]
Number of cells unfilled: 13
Accuracy: 83.9506172839506
Sample: 56062
Question:
[[3 0 0 0 0 0 9 0 0]
 [0 0 0 3 0 0 8 0 4]
 [0 0 0 0 7 9 0 3 0]
 [0 0 0 0 0 1 4 0 0]
 [9 0 0 4 0 0 0 8 0]
 [0 0 5 0 0 0 0 0 1]
 [7 0 0 9 0 0 0 4 0]
 [0 2 0 0 0 5 6 0 0]
 [0 0 6 0 2 0 0 0 8]]
Solution:
[[5 3 4 0 8 2 0 6 9]
 [8 7 9 3 4 0 1 2 5]
 [1 0 6 7 5 9 3 4 8]
 [9 1 5 8 0 3 6 7 2]
 [0 8 7 5 2 6 4 3 1]
 [3 2 0 1 0 4 8 9 0]
 [0 9 3 4 6 1 7 8 0]
 [2 5 1 9 3 8 0 0 4]
 [6 4 8 2 7 5 9 1 3]]
Number of cells unfilled: 13
Accuracy: 83.9506172839506
Sample: 56063
Question:
[[0 0 0 0 0 6 8 0 0]
 [0 6 0 0 8 0 0 2 5]
 [0 8 0 5 2 0 0 0 9]
 [2 0 0 4 0 0 0 0 7]
 [9 0 0 0 0 1 0 0 0]
 [0 7 0 0 6 0 9 0 0]
 [0 2 0 0 5 0 0 9 0]
 [3 0 0 0 0 0 5 0 8]
 [6 0 0 0 0 0 2 0 0]]
Solution:
[[5 3 4 0 8 9 0 6 7]
 [8 7 9 6 4 0 1 2 5]
 [1 0 6 7 0 2 3 4 8]
 [4 1 5 8 9 3 6 7 2]
 [0 8 7 0 2 6 4 5 1]
 [3 2 0 1 5 4 8 9 0]
 [9 0 3 4 6 1 7 8 0]
 [2 5 1 9 3 8 0 0 4]
 [6 4 8 2 7 5 9 1 3]]
Number of cells unfilled: 13
Accuracy: 83.9506172839506
Sample: 56064
Question:
[[0 0 0 0 7 1 0 5 0]
 [8 1 0 2 0 0 3 0 6]
 [0 0 0 3 0 0 0 0 0]
 [0 0 6 0 0 0 0 0 0]
 [7 0 0 0 6 0 5 0 0]
 [2 3 0 7 0 0 0 6 0]
 [0 0 2 0 3 7 0 1 0]
 [3 0 0 1 0 0 0 0 4]
 [0 0 0 0 2 0 9 0 0]]
Solution:
[[5 3 4 0 8 2 0 6 9]
 [8 7 9 6 4 0 1 2 5]
 [1 0 6 7 0 9 3 4 8]
 [4 1 5 8 9 3 6 7 2]
 [9 8 7 0 2 6 4 5 1]
 [3 2 0 1 5 7 8 9 0]
 [0 9 3 4 6 1 7 8 0]
 [2 5 1 9 3 8 0 0 4]
 [0 6 8 2 7 5 9 1 3]]
Number of cells unfilled: 13
Accuracy: 83.9506172839506
Sample: 56065
Question:
[[0 0 0 3 0 0 0 0 0]
 [0 0 0 0 4 0 0 6 0]
 [6 0 0 0 0 7 8 0 0]
 [9 0 0 0 0 1 0 0 8]
 [0 5 0 9 0 0 1 2 0]
 [0 7 0 0 0 0 9 0 0]
 [0 0 0 7 0 0 2 0 0]
 [2 0 0 0 1 9 0 8 0]
 [7 4 0 0 0 2 0 1 9]]
Solution:
[[5 3 4 0 8 9 0 6 7]
 [8 7 9 6 4 0 1 2 5]
 [1 0 6 7 0 2 3 4 8]
 [4 1 5 8 9 3 6 7 2]
 [9 8 7 0 2 6 4 5 1]
 [3 2 0 1 5 7 8 9 0]
 [0 9 3 4 6 1 7 8 0]
 [2 5 1 9 3 8 0 0 4]
 [0 6 8 2 7 5 9 1 3]]
Number of cells unfilled: 13
Accuracy: 83.9506172839506
Sample: 56066
Question:
[[0 0 3 9 0 0 6 0 0]
 [0 6 0 0 1 0 0 0 8]
 [9 0 0 0 0 0 0 7 0]
 [3 0 6 0 0 0 2 0 0]
 [0 1 0 0 0 0 0 0 0]
 [0 0 0 0 4 6 0 1 5]
 [0 3 0 0 9 1 5 0 0]
 [0 0 1 5 0 0 0 0 0]
 [5 0 9 0 3 0 0 2 0]]
Solution:
[[5 3 4 0 8 0 0 6 9]
 [8 7 9 3 4 0 1 2 5]
 [1 0 6 7 2 9 3 4 8]
 [9 1 5 8 0 3 6 7 2]
 [0 8 7 5 9 6 4 3 1]
 [3 2 0 1 0 4 8 9 0]
 [0 9 3 4 6 1 7 8 0]
 [2 5 1 9 3 8 0 0 4]
 [6 4 8 2 7 5 9 1 3]]
Number of cells unfilled: 14
Accuracy: 82.71604938271605
Sample: 56067
Question:
[[0 0 5 0 9 0 0 0 4]
 [1 0 0 0 0 5 8 0 0]
 [0 2 0 4 0 0 0 0 0]
 [0 6 0 3 0 0 9 0 0]
 [0 0 0 0 8 0 0 0 3]
 [0 0 3 0 0 9 4 8 0]
 [0 0 6 9 5 0 0 0 8]
 [0 0 0 0 0 8 0 0 0]
 [3 0 0 0 0 4 7 5 0]]
Solution:
[[5 3 4 0 8 9 0 6 7]
 [8 7 9 6 4 0 1 2 5]
 [1 0 6 7 2 0 3 4 9]
 [9 1 5 8 0 3 6 7 2]
 [0 8 7 0 9 6 4 5 1]
 [3 2 0 1 5 7 8 9 0]
 [0 9 3 4 6 1 7 8 0]
 [2 5 1 9 3 8 0 0 4]
 [6 4 8 2 7 5 9 1 3]]
Number of cells unfilled: 14
Accuracy: 82.71604938271605
Sample: 56068
Question:
[[0 3 0 0 0 5 6 8 0]
 [0 0 0 0 0 2 3 0 0]
 [0 0 6 0 3 0 0 0 1]
 [6 0 3 0 8 0 0 1 0]
 [0 2 0 3 0 6 8 0 0]
 [0 0 8 0 2 0 0 0 0]
 [9 0 0 0 0 0 0 7 0]
 [0 0 2 0 7 0 1 0 0]
 [0 4 0 0 0 1 0 0 0]]
Solution:
[[5 3 4 0 8 9 0 6 7]
 [8 7 9 6 4 0 1 2 5]
 [1 0 6 7 0 2 3 4 9]
 [4 1 5 8 9 3 6 7 2]
 [0 8 7 0 2 6 4 5 1]
 [3 2 0 1 5 7 8 9 0]
 [9 0 3 4 6 1 7 8 0]
 [2 5 1 9 3 8 0 0 4]
 [6 4 8 2 7 5 9 1 3]]
Number of cells unfilled: 13
Accuracy: 83.9506172839506
Sample: 56069
Question:
[[0 4 0 0 6 0 0 0 0]
 [0 0 0 0 0 1 0 0 8]
 [0 2 0 5 8 0 0 6 0]
 [0 1 0 0 0 0 0 7 0]
 [0 6 0 3 0 0 9 0 0]
 [0 0 3 0 1 0 0 8 4]
 [0 0 5 1 0 0 0 0 6]
 [0 0 4 0 0 0 0 0 5]
 [6 8 0 0 5 0 0 4 0]]
Solution:
[[5 3 4 0 8 9 0 6 7]
 [8 7 9 3 4 0 1 2 5]
 [1 0 6 7 2 0 3 4 9]
 [9 1 5 8 0 3 6 7 2]
 [0 8 7 5 9 6 4 3 1]
 [3 2 0 1 0 7 8 9 0]
 [0 9 3 4 6 1 7 8 0]
 [2 5 1 9 3 8 0 0 4]
 [4 6 8 2 7 5 9 1 3]]
Number of cells unfilled: 14
Accuracy: 82.71604938271605
Sample: 56070
Question:
[[0 5 0 0 4 0 0 0 0]
 [4 0 0 2 0 6 0 0 3]
 [0 0 1 0 0 3 0 0 0]
 [8 0 0 4 0 2 0 0 6]
 [0 0 0 0 0 0 0 8 0]
 [0 7 0 0 0 0 4 9 0]
 [0 0 8 3 0 7 0 2 0]
 [7 0 0 0 2 0 6 3 0]
 [0 0 0 6 0 0 0 0 7]]
Solution:
[[5 3 4 0 8 0 0 6 9]
 [8 7 9 6 4 0 1 2 5]
 [1 0 6 7 0 2 3 4 8]
 [4 1 5 8 9 3 6 7 2]
 [0 8 7 0 2 6 4 5 1]
 [3 2 0 1 5 4 8 9 0]
 [9 0 3 4 6 1 7 8 0]
 [2 5 1 9 3 8 0 0 4]
 [6 4 8 2 7 5 9 1 3]]
Number of cells unfilled: 14
Accuracy: 82.71604938271605
Sample: 56071
Question:
[[0 6 0 0 0 8 0 0 1]
 [2 0 0 0 0 0 0 0 4]
 [0 0 9 4 0 0 0 8 0]
 [0 0 0 1 0 0 0 0 9]
 [0 0 7 0 4 0 0 0 0]
 [1 0 0 7 0 5 0 0 3]
 [0 7 0 0 0 4 0 5 0]
 [0 0 5 0 1 0 0 9 0]
 [9 0 0 5 0 0 1 0 7]]
Solution:
[[5 3 4 0 8 9 0 6 7]
 [8 7 9 3 4 0 1 2 5]
 [1 0 6 7 0 2 3 4 9]
 [4 1 5 8 9 3 6 7 2]
 [0 8 7 0 2 6 4 5 1]
 [3 2 0 1 5 7 8 9 0]
 [9 0 3 4 6 1 7 8 0]
 [2 5 1 9 3 8 0 0 4]
 [6 4 8 2 7 5 9 1 3]]
Number of cells unfilled: 13
Accuracy: 83.9506172839506
Sample: 56072
Question:
[[0 9 7 4 0 0 8 0 0]
 [0 0 0 0 2 7 0 6 0]
 [4 0 0 0 0 0 0 0 0]
 [0 3 0 0 0 0 0 0 1]
 [7 0 0 0 4 0 0 5 0]
 [0 0 9 3 0 0 7 0 0]
 [9 0 0 0 3 4 6 0 0]
 [0 0 4 6 0 0 0 0 0]
 [0 6 3 0 9 0 0 0 8]]
Solution:
[[5 3 4 0 8 9 0 6 7]
 [8 7 9 3 4 0 1 2 5]
 [1 0 6 7 0 2 3 4 8]
 [4 1 5 8 9 3 6 7 2]
 [0 8 7 0 2 6 4 5 1]
 [3 2 0 1 5 4 8 9 0]
 [9 0 3 4 6 1 7 8 0]
 [2 5 1 9 3 8 0 0 4]
 [6 4 8 2 7 5 9 1 3]]
Number of cells unfilled: 13
Accuracy: 83.9506172839506
Sample: 56073
Question:
[[3 0 0 0 9 0 5 0 0]
 [0 0 0 0 0 6 0 2 0]
 [0 2 0 5 0 0 0 3 1]
 [2 0 3 8 0 0 1 0 0]
 [0 8 0 0 0 0 0 0 0]
 [1 0 0 0 0 4 0 8 2]
 [0 0 0 4 0 0 0 1 5]
 [0 0 0 0 0 0 3 0 0]
 [7 0 5 0 8 3 0 0 0]]
Solution:
[[5 3 4 0 8 9 0 6 7]
 [8 7 9 6 4 0 1 2 5]
 [1 0 6 7 2 0 3 4 9]
 [4 1 5 8 9 3 6 7 2]
 [0 8 7 0 5 6 4 3 1]
 [3 2 0 1 0 4 8 9 0]
 [9 0 3 4 6 1 7 8 0]
 [2 5 1 9 3 8 0 0 4]
 [6 4 8 2 7 5 9 1 3]]
Number of cells unfilled: 14
Accuracy: 82.71604938271605
Sample: 56074
Question:
[[6 0 0 0 0 1 0 4 7]
 [9 0 0 0 4 7 0 6 0]
 [0 0 0 6 0 0 9 0 0]
 [0 1 0 0 0 0 5 0 0]
 [2 0 0 1 0 0 0 9 0]
 [0 0 0 0 0 2 0 0 3]
 [0 9 0 4 0 0 0 0 0]
 [4 0 0 0 1 0 0 7 0]
 [0 8 0 7 0 6 4 0 0]]
Solution:
[[5 3 4 0 8 2 0 6 9]
 [8 7 9 6 4 0 1 2 5]
 [1 0 6 7 5 9 3 4 8]
 [9 1 5 8 0 3 6 7 2]
 [0 8 7 5 2 6 4 3 1]
 [3 2 0 1 0 7 8 9 0]
 [0 9 3 4 6 1 7 8 0]
 [2 5 1 9 3 8 0 0 4]
 [4 6 8 2 7 5 9 1 3]]
Number of cells unfilled: 13
Accuracy: 83.9506172839506
Sample: 56075
Question:
[[6 0 0 0 9 0 0 0 5]
 [0 9 0 0 0 1 6 3 0]
 [0 0 7 0 0 0 9 0 0]
 [2 0 0 0 5 0 0 0 6]
 [0 0 6 0 0 3 0 1 0]
 [0 0 0 6 0 0 8 0 0]
 [0 4 0 0 7 0 0 0 0]
 [0 0 9 0 0 5 0 0 4]
 [7 0 0 8 0 0 2 0 0]]
Solution:
[[5 3 4 0 8 9 0 6 7]
 [8 7 9 6 4 0 1 2 5]
 [1 0 6 7 0 2 3 4 9]
 [4 1 5 8 9 3 6 7 2]
 [0 8 7 0 2 6 4 5 1]
 [3 2 0 1 5 7 8 9 0]
 [9 0 3 4 6 1 7 8 0]
 [2 5 1 9 3 8 0 0 4]
 [6 4 8 2 7 5 9 1 3]]
Number of cells unfilled: 13
Accuracy: 83.9506172839506
Sample: 56076
Question:
[[0 0 6 0 0 5 3 9 0]
 [0 0 0 0 6 0 0 0 8]
 [2 7 0 0 0 0 0 0 0]
 [0 2 0 0 1 3 0 0 0]
 [0 0 0 0 0 9 0 0 1]
 [0 0 1 6 0 0 9 3 0]
 [0 0 2 0 9 0 6 5 0]
 [0 0 0 5 0 0 8 0 0]
 [4 0 0 0 0 0 0 1 9]]
Solution:
[[5 3 4 0 8 0 0 6 7]
 [8 7 9 6 4 0 1 2 5]
 [1 0 6 7 2 9 3 4 8]
 [9 1 5 8 0 3 6 7 2]
 [0 8 7 0 9 6 4 5 1]
 [3 2 0 1 5 7 8 9 0]
 [0 9 3 4 6 1 7 8 0]
 [2 5 1 9 3 8 0 0 4]
 [4 6 8 2 7 5 9 1 3]]
Number of cells unfilled: 14
Accuracy: 82.71604938271605
Sample: 56077
Question:
[[0 4 0 9 0 0 3 0 0]
 [0 0 3 0 0 5 0 0 7]
 [9 0 0 0 3 0 0 8 0]
 [0 2 0 0 5 0 4 0 0]
 [6 0 0 0 0 2 0 5 0]
 [0 0 0 7 0 0 0 0 2]
 [5 0 0 0 0 1 2 0 0]
 [0 0 8 5 0 0 0 0 0]
 [0 3 0 0 9 0 0 6 0]]
Solution:
[[5 3 4 0 8 9 0 6 7]
 [8 7 9 3 4 0 1 2 5]
 [1 0 6 7 0 2 3 4 9]
 [4 1 5 8 9 3 6 7 2]
 [9 8 7 0 2 6 4 5 1]
 [3 2 0 1 5 4 8 9 0]
 [0 9 3 4 6 1 7 8 0]
 [2 5 1 9 3 8 0 0 4]
 [6 4 8 2 7 5 9 1 3]]
Number of cells unfilled: 12
Accuracy: 85.18518518518519
Sample: 56078
Question:
[[8 0 0 0 2 0 0 0 6]
 [0 1 5 8 0 0 0 0 0]
 [0 0 0 0 0 9 8 0 0]
 [5 0 0 0 4 0 3 0 0]
 [0 0 8 0 0 7 0 6 5]
 [0 9 0 0 0 0 0 4 0]
 [0 0 0 0 0 1 0 0 3]
 [0 0 6 7 0 0 0 0 2]
 [3 0 0 0 5 0 0 8 0]]
Solution:
[[5 3 4 0 8 0 0 6 9]
 [8 7 9 3 4 0 1 2 5]
 [1 0 6 7 5 2 3 4 8]
 [4 1 5 8 9 3 6 7 2]
 [0 8 7 5 2 6 4 3 1]
 [3 2 0 1 0 4 8 9 0]
 [9 0 3 4 6 1 7 8 0]
 [2 5 1 9 3 8 0 0 4]
 [6 4 8 2 7 5 9 1 3]]
Number of cells unfilled: 13
Accuracy: 83.9506172839506
Sample: 56079
Question:
[[8 0 0 0 0 0 0 0 0]
 [0 0 0 0 2 1 0 0 7]
 [0 9 0 0 0 0 0 0 5]
 [0 0 0 0 0 0 0 0 0]
 [0 0 0 9 0 0 4 0 0]
 [0 0 3 0 0 5 0 0 2]
 [0 0 0 0 0 0 8 0 0]
 [0 4 0 0 0 0 9 6 0]
 [0 0 1 0 7 0 0 0 0]]
Solution:
[[5 3 4 0 8 0 0 6 9]
 [8 7 9 6 4 0 1 2 5]
 [1 0 6 7 5 2 3 4 8]
 [9 1 5 8 0 3 6 7 2]
 [0 8 7 5 2 6 4 3 1]
 [3 2 0 1 0 4 8 9 0]
 [0 9 3 4 6 1 7 8 0]
 [2 5 1 9 3 8 0 0 4]
 [6 4 8 2 7 5 9 1 3]]
Number of cells unfilled: 14
Accuracy: 82.71604938271605
Sample: 56080
Question:
[[0 0 7 1 3 0 0 0 0]
 [9 0 0 0 0 4 0 0 5]
 [0 0 0 0 0 0 7 1 0]
 [0 8 0 0 0 0 6 0 0]
 [5 0 0 0 0 9 0 0 2]
 [0 0 9 8 6 0 0 0 0]
 [0 4 2 0 5 0 0 0 3]
 [3 0 0 4 0 0 0 0 0]
 [0 9 5 0 0 3 0 4 0]]
Solution:
[[5 3 4 0 8 9 0 6 7]
 [8 7 9 6 4 0 1 2 5]
 [1 0 6 7 5 2 3 4 9]
 [9 1 5 8 0 3 6 7 2]
 [0 8 7 0 2 6 4 5 1]
 [3 2 0 1 0 7 8 9 0]
 [0 9 3 4 6 1 7 8 0]
 [2 5 1 9 3 8 0 0 4]
 [4 6 8 2 7 5 9 1 3]]
Number of cells unfilled: 14
Accuracy: 82.71604938271605
Sample: 56081
Question:
[[0 0 0 0 0 0 0 3 0]
 [0 9 0 0 3 2 0 0 5]
 [7 0 0 0 0 5 0 0 0]
 [0 5 0 0 4 6 3 0 0]
 [9 0 0 0 0 0 0 2 6]
 [0 0 0 0 0 0 0 5 4]
 [0 0 8 1 0 0 0 0 0]
 [0 0 9 0 2 0 0 0 3]
 [0 2 0 0 6 3 0 4 0]]
Solution:
[[5 3 4 0 8 0 0 6 7]
 [8 7 9 6 4 0 1 2 5]
 [1 0 6 7 2 9 3 4 8]
 [9 1 5 8 0 3 6 7 2]
 [0 8 7 0 9 6 4 5 1]
 [3 2 0 1 5 4 8 9 0]
 [0 9 3 4 6 1 7 8 0]
 [2 5 1 9 3 8 0 0 4]
 [4 6 8 2 7 5 9 1 3]]
Number of cells unfilled: 14
Accuracy: 82.71604938271605
Sample: 56082
Question:
[[7 0 0 0 0 1 0 4 9]
 [0 0 0 7 4 0 0 0 0]
 [0 6 0 2 9 0 0 0 0]
 [0 0 6 0 1 0 0 2 0]
 [0 0 5 0 0 0 3 0 0]
 [2 0 0 4 0 0 0 9 1]
 [0 8 0 0 0 0 0 0 7]
 [0 0 0 0 0 0 9 0 0]
 [6 0 0 0 7 0 0 1 2]]
Solution:
[[5 3 4 0 8 0 0 6 9]
 [8 7 9 6 4 0 1 2 5]
 [1 0 6 7 2 9 3 4 8]
 [9 1 5 8 0 3 6 7 2]
 [0 8 7 0 9 6 4 5 1]
 [3 2 0 1 5 4 8 9 0]
 [0 9 3 4 6 1 7 8 0]
 [2 5 1 9 3 8 0 0 4]
 [4 6 8 2 7 5 9 1 3]]
Number of cells unfilled: 14
Accuracy: 82.71604938271605
Sample: 56083
Question:
[[6 0 0 0 0 8 0 5 0]
 [0 0 8 9 0 0 0 0 0]
 [0 2 0 0 3 0 8 0 0]
 [0 7 0 0 9 0 0 1 0]
 [0 0 1 0 4 0 0 0 8]
 [0 0 0 0 0 7 3 0 0]
 [0 0 2 3 0 0 0 0 4]
 [5 0 0 0 0 0 0 6 0]
 [0 9 0 0 2 0 1 0 0]]
Solution:
[[5 3 4 0 8 2 0 6 7]
 [8 7 9 6 4 0 1 2 5]
 [1 0 6 7 5 0 3 4 9]
 [9 1 5 8 0 3 6 7 2]
 [0 8 7 0 2 6 4 5 1]
 [3 2 0 1 0 7 8 9 0]
 [0 9 3 4 6 1 7 8 0]
 [2 5 1 9 3 8 0 0 4]
 [4 6 8 2 7 5 9 1 3]]
Number of cells unfilled: 15
Accuracy: 81.48148148148148
Sample: 56084
Question:
[[0 0 2 5 0 4 0 0 0]
 [0 0 0 0 0 6 0 0 0]
 [3 0 0 0 8 9 4 0 0]
 [0 0 0 1 0 0 9 0 0]
 [0 0 0 0 0 0 0 0 3]
 [9 0 0 0 7 3 0 8 0]
 [0 0 4 0 0 0 8 7 0]
 [8 0 0 0 4 7 0 0 9]
 [0 6 0 0 0 0 0 4 0]]
Solution:
[[5 3 4 0 8 2 0 6 9]
 [8 7 9 6 4 0 1 2 5]
 [1 0 6 7 5 9 3 4 8]
 [9 1 5 8 0 3 6 7 2]
 [0 8 7 0 9 6 4 5 1]
 [3 2 0 1 0 7 8 9 0]
 [0 9 3 4 6 1 7 8 0]
 [2 5 1 9 3 8 0 0 4]
 [6 4 8 2 7 5 9 1 3]]
Number of cells unfilled: 14
Accuracy: 82.71604938271605
Sample: 56085
Question:
[[2 9 0 0 0 0 0 7 0]
 [0 0 0 0 7 0 0 9 0]
 [0 0 5 0 0 1 0 0 4]
 [0 3 0 0 0 0 0 4 0]
 [8 0 0 3 0 0 2 0 0]
 [0 0 6 0 0 4 0 0 8]
 [0 0 0 0 4 0 0 0 6]
 [0 0 0 0 0 5 0 8 0]
 [0 0 8 1 6 0 4 0 0]]
Solution:
[[5 3 4 0 8 2 0 6 7]
 [8 7 9 3 4 0 1 2 5]
 [1 0 6 7 0 0 3 4 9]
 [4 1 5 8 9 3 6 7 2]
 [9 8 7 0 2 6 4 5 1]
 [3 2 0 1 5 4 8 9 0]
 [0 9 3 4 6 1 7 8 0]
 [2 5 1 9 3 8 0 0 4]
 [6 4 8 2 7 5 9 1 3]]
Number of cells unfilled: 13
Accuracy: 83.9506172839506
Sample: 56086
Question:
[[0 0 0 0 7 0 0 0 4]
 [5 0 0 1 0 0 0 3 0]
 [0 0 0 0 0 9 5 0 0]
 [0 8 1 6 0 0 3 0 5]
 [0 6 0 0 0 0 0 8 0]
 [3 0 0 0 0 0 0 0 0]
 [6 0 0 5 0 0 7 1 0]
 [0 0 7 0 0 3 2 0 0]
 [8 0 0 7 0 0 0 5 3]]
Solution:
[[5 3 4 0 8 9 0 6 7]
 [8 7 9 6 4 0 1 2 5]
 [1 0 6 7 5 2 3 4 8]
 [9 1 5 8 0 3 6 7 2]
 [0 8 7 5 2 6 4 3 1]
 [3 2 0 1 0 4 8 9 0]
 [0 9 3 4 6 1 7 8 0]
 [2 5 1 9 3 8 0 0 4]
 [4 6 8 2 7 5 9 1 3]]
Number of cells unfilled: 13
Accuracy: 83.9506172839506
Sample: 56087
Question:
[[0 0 5 0 9 0 0 0 0]
 [8 6 0 0 0 4 0 0 1]
 [0 0 1 8 6 0 0 0 5]
 [0 0 0 0 0 0 0 5 0]
 [0 0 4 0 0 0 7 0 0]
 [1 5 0 0 8 0 0 0 9]
 [0 0 3 0 4 0 1 0 0]
 [9 0 0 6 0 0 0 0 4]
 [0 4 0 0 1 0 0 2 0]]
Solution:
[[5 3 4 0 8 9 0 6 7]
 [8 7 9 6 4 0 1 2 5]
 [1 0 6 7 2 0 3 4 9]
 [9 1 5 8 0 3 6 7 2]
 [0 8 7 0 9 6 4 5 1]
 [3 2 0 1 5 7 8 9 0]
 [0 9 3 4 6 1 7 8 0]
 [2 5 1 9 3 8 0 0 4]
 [4 6 8 2 7 5 9 1 3]]
Number of cells unfilled: 14
Accuracy: 82.71604938271605
Sample: 56088
Question:
[[0 0 6 0 1 0 7 0 9]
 [0 5 0 0 0 0 0 4 0]
 [7 9 0 0 4 0 0 0 0]
 [0 1 0 0 0 2 0 0 6]
 [0 6 0 0 0 0 0 3 0]
 [9 0 0 0 6 0 5 0 1]
 [0 0 0 8 0 1 0 6 0]
 [0 0 0 0 0 4 0 0 0]
 [0 7 0 0 5 0 1 0 4]]
Solution:
[[5 3 4 0 8 0 0 6 9]
 [8 7 9 3 4 0 1 2 5]
 [1 0 6 7 0 2 3 4 8]
 [4 1 5 8 9 3 6 7 2]
 [0 8 7 0 2 6 4 5 1]
 [3 2 0 1 5 7 8 9 0]
 [9 0 3 4 6 1 7 8 0]
 [2 5 1 9 3 8 0 0 4]
 [6 4 8 2 7 5 9 1 3]]
Number of cells unfilled: 14
Accuracy: 82.71604938271605
Sample: 56089
Question:
[[0 0 8 0 5 0 9 1 0]
 [0 0 9 0 2 0 4 0 8]
 [1 0 0 8 0 0 0 0 3]
 [0 0 0 0 1 0 0 0 0]
 [0 0 2 4 0 5 0 9 1]
 [0 0 0 0 0 2 5 0 0]
 [0 0 4 0 9 0 1 0 0]
 [7 0 0 0 0 0 0 0 0]
 [9 8 0 0 0 0 0 6 0]]
Solution:
[[5 3 4 0 8 0 0 6 9]
 [8 7 9 6 4 0 1 2 5]
 [1 0 6 7 2 9 3 4 8]
 [9 1 5 8 0 3 6 7 2]
 [0 8 7 5 9 6 4 3 1]
 [3 2 0 1 0 7 8 9 0]
 [0 9 3 4 6 1 7 8 0]
 [2 5 1 9 3 8 0 0 4]
 [6 4 8 2 7 5 9 1 3]]
Number of cells unfilled: 14
Accuracy: 82.71604938271605
Sample: 56090
Question:
[[2 0 0 1 7 0 0 0 6]
 [0 0 0 0 0 0 0 1 0]
 [0 0 0 0 0 3 8 0 0]
 [6 0 0 0 0 1 0 0 0]
 [0 0 3 5 2 0 0 0 7]
 [5 2 0 0 0 0 0 0 1]
 [0 5 0 7 6 0 0 0 3]
 [3 0 0 0 0 9 7 0 0]
 [7 0 0 3 0 0 0 4 0]]
Solution:
[[5 3 4 0 8 0 0 6 9]
 [8 7 9 3 4 0 1 2 5]
 [1 0 6 7 2 9 3 4 8]
 [9 1 5 8 0 3 6 7 2]
 [0 8 7 5 9 6 4 3 1]
 [3 2 0 1 0 7 8 9 0]
 [0 9 3 4 6 1 7 8 0]
 [2 5 1 9 3 8 0 0 4]
 [6 4 8 2 7 5 9 1 3]]
Number of cells unfilled: 14
Accuracy: 82.71604938271605
Sample: 56091
Question:
[[9 0 0 0 5 0 0 0 0]
 [0 2 0 0 0 0 0 0 0]
 [5 0 8 7 0 2 0 0 9]
 [0 7 0 0 2 0 0 0 8]
 [0 0 0 0 0 7 3 0 0]
 [0 0 0 6 0 0 0 4 0]
 [7 0 4 0 0 1 2 0 0]
 [0 9 0 0 8 4 0 0 7]
 [0 5 0 2 0 0 0 0 4]]
Solution:
[[5 3 4 0 8 0 0 6 9]
 [8 7 9 6 4 0 1 2 5]
 [1 0 6 7 2 9 3 4 8]
 [9 1 5 8 0 3 6 7 2]
 [0 8 7 5 9 6 4 3 1]
 [3 2 0 1 0 4 8 9 0]
 [0 9 3 4 6 1 7 8 0]
 [2 5 1 9 3 8 0 0 4]
 [6 4 8 2 7 5 9 1 3]]
Number of cells unfilled: 14
Accuracy: 82.71604938271605
Sample: 56092
Question:
[[6 0 0 0 0 9 0 7 0]
 [0 0 0 0 4 7 0 0 1]
 [0 7 0 5 0 0 9 0 0]
 [0 0 0 4 0 0 0 2 0]
 [0 3 0 0 0 5 4 0 0]
 [0 0 6 8 0 0 0 0 0]
 [7 0 0 0 0 0 3 0 2]
 [3 0 0 0 0 0 0 1 0]
 [0 9 0 0 5 0 7 4 0]]
Solution:
[[5 3 4 0 8 9 0 6 7]
 [8 7 9 3 4 0 1 2 5]
 [1 0 6 7 0 2 3 4 8]
 [4 1 5 8 9 3 6 7 2]
 [9 8 7 0 2 6 4 5 1]
 [3 2 0 1 5 7 8 9 0]
 [0 9 3 4 6 1 7 8 0]
 [2 5 1 9 3 8 0 0 4]
 [6 4 8 2 7 5 9 1 3]]
Number of cells unfilled: 12
Accuracy: 85.18518518518519
Sample: 56093
Question:
[[7 0 0 0 6 0 2 0 0]
 [0 3 1 0 0 4 0 0 0]
 [0 4 6 0 7 0 0 3 0]
 [0 0 0 0 0 0 8 0 2]
 [0 0 0 0 1 0 0 0 0]
 [4 0 0 0 0 2 0 6 0]
 [0 0 0 0 0 6 0 7 5]
 [0 9 5 0 2 0 0 0 0]
 [3 0 0 0 0 1 0 0 0]]
Solution:
[[5 3 4 0 8 9 0 6 7]
 [8 7 9 6 4 0 1 2 5]
 [1 0 6 7 5 2 3 4 9]
 [9 1 5 8 0 3 6 7 2]
 [0 8 7 0 2 6 4 5 1]
 [3 2 0 1 0 4 8 9 0]
 [0 9 3 4 6 1 7 8 0]
 [2 5 1 9 3 8 0 0 4]
 [4 6 8 2 7 5 9 1 3]]
Number of cells unfilled: 14
Accuracy: 82.71604938271605
Sample: 56094
Question:
[[0 0 0 0 5 0 0 0 0]
 [0 0 4 0 0 8 2 0 0]
 [5 1 0 7 0 0 0 0 0]
 [0 0 9 0 0 0 0 0 8]
 [0 2 0 8 4 0 9 0 0]
 [0 0 0 0 0 9 0 3 0]
 [6 7 0 0 0 0 0 0 1]
 [0 0 0 6 0 0 0 0 0]
 [0 0 3 0 0 2 8 0 0]]
Solution:
[[5 3 4 0 8 9 0 6 7]
 [8 7 9 3 4 0 1 2 5]
 [1 0 6 7 0 2 3 4 9]
 [4 1 5 8 9 3 6 7 2]
 [9 8 7 0 2 6 4 5 1]
 [3 2 0 1 5 4 8 9 0]
 [0 9 3 4 6 1 7 8 0]
 [2 5 1 9 3 8 0 0 4]
 [6 4 8 2 7 5 9 1 3]]
Number of cells unfilled: 12
Accuracy: 85.18518518518519
Sample: 56095
Question:
[[0 7 0 0 3 0 9 0 8]
 [0 0 0 9 0 2 1 0 0]
 [0 0 3 0 0 0 5 6 0]
 [0 9 7 0 8 0 0 0 0]
 [4 0 0 0 0 0 0 0 6]
 [0 1 0 4 0 0 0 0 9]
 [0 0 0 0 4 0 0 1 0]
 [2 0 0 0 0 3 0 0 0]
 [8 0 0 0 0 1 6 0 5]]
Solution:
[[5 3 4 0 8 9 0 6 7]
 [8 7 9 3 4 0 1 2 5]
 [1 0 6 7 0 2 3 4 9]
 [4 1 5 8 9 3 6 7 2]
 [0 8 7 0 2 6 4 5 1]
 [3 2 0 1 5 7 8 9 0]
 [9 0 3 4 6 1 7 8 0]
 [2 5 1 9 3 8 0 0 4]
 [6 4 8 2 7 5 9 1 3]]
Number of cells unfilled: 13
Accuracy: 83.9506172839506
Sample: 56096
Question:
[[0 0 0 0 0 0 8 0 2]
 [0 4 0 7 0 0 1 0 0]
 [0 0 6 0 0 9 0 5 0]
 [1 0 0 0 3 0 5 0 0]
 [0 0 7 0 0 6 0 0 0]
 [0 9 0 4 0 0 0 0 0]
 [0 0 2 0 8 0 0 3 5]
 [3 0 0 0 0 0 0 1 8]
 [0 0 0 0 0 3 2 0 0]]
Solution:
[[5 3 4 0 8 9 0 6 7]
 [8 7 9 6 4 0 1 2 5]
 [1 0 6 7 5 2 3 4 8]
 [4 1 5 8 9 3 6 7 2]
 [0 8 7 5 2 6 4 3 1]
 [3 2 0 1 0 4 8 9 0]
 [9 0 3 4 6 1 7 8 0]
 [2 5 1 9 3 8 0 0 4]
 [6 4 8 2 7 5 9 1 3]]
Number of cells unfilled: 12
Accuracy: 85.18518518518519
Sample: 56097
Question:
[[5 0 0 0 7 0 0 0 0]
 [0 0 2 4 0 0 0 0 0]
 [0 6 0 0 0 3 0 8 0]
 [0 3 0 0 0 0 6 0 1]
 [9 0 0 0 0 1 0 0 8]
 [0 0 0 0 3 0 5 9 0]
 [7 0 0 0 2 0 8 0 0]
 [0 0 0 0 0 0 0 1 9]
 [0 0 4 5 0 0 0 6 0]]
Solution:
[[5 3 4 0 8 9 0 6 7]
 [8 7 9 3 4 0 1 2 5]
 [1 0 6 7 5 2 3 4 9]
 [9 1 5 8 0 3 6 7 2]
 [0 8 7 5 2 6 4 3 1]
 [3 2 0 1 0 4 8 9 0]
 [0 9 3 4 6 1 7 8 0]
 [2 5 1 9 3 8 0 0 4]
 [6 4 8 2 7 5 9 1 3]]
Number of cells unfilled: 13
Accuracy: 83.9506172839506
Sample: 56098
Question:
[[0 1 0 9 0 0 0 0 4]
 [7 0 0 0 8 0 0 3 0]
 [9 0 2 0 0 6 0 5 8]
 [0 5 8 0 6 4 2 0 0]
 [0 4 0 0 0 0 0 1 0]
 [0 7 0 8 0 1 0 0 5]
 [0 0 0 5 1 0 3 0 0]
 [0 8 0 2 0 7 0 9 1]
 [3 9 0 0 0 0 0 2 0]]
Solution:
[[5 3 4 0 8 9 0 6 7]
 [8 7 9 6 4 0 1 2 5]
 [1 0 6 7 5 2 3 4 8]
 [4 1 5 8 9 3 6 7 2]
 [9 8 7 5 2 6 4 3 1]
 [3 2 0 1 0 4 8 9 0]
 [0 9 3 4 6 1 7 8 0]
 [2 5 1 9 3 8 0 0 4]
 [6 4 8 2 7 5 9 1 3]]
Number of cells unfilled: 11
Accuracy: 86.41975308641975
Sample: 56099
Question:
[[5 0 0 8 0 0 0 0 0]
 [0 0 0 0 1 5 0 6 0]
 [0 0 0 7 2 0 8 0 0]
 [1 0 0 0 9 0 7 8 0]
 [0 6 0 0 0 0 0 0 0]
 [3 0 0 4 0 0 1 2 6]
 [0 9 0 0 0 0 0 0 7]
 [0 0 0 2 0 0 4 0 0]
 [0 0 8 6 0 0 0 0 1]]
Solution:
[[5 3 4 0 8 2 0 6 7]
 [8 7 9 3 4 0 1 2 5]
 [1 0 6 7 0 9 3 4 8]
 [4 1 5 8 9 3 6 7 2]
 [9 8 7 0 2 6 4 5 1]
 [3 2 0 1 5 4 8 9 0]
 [0 9 3 4 6 1 7 8 0]
 [2 5 1 9 3 8 0 0 4]
 [0 6 8 2 7 5 9 1 3]]
Number of cells unfilled: 13
Accuracy: 83.9506172839506
Sample: 56100
Question:
[[0 3 4 0 8 0 0 0 0]
 [8 0 0 0 0 0 0 2 5]
 [0 0 6 0 0 0 3 0 0]
 [0 0 5 0 0 3 0 0 2]
 [0 8 0 0 0 6 0 0 1]
 [0 2 0 1 0 0 8 9 0]
 [0 0 0 4 0 1 0 8 0]
 [0 5 0 0 0 0 0 0 0]
 [0 0 0 2 7 0 0 1 0]]
Solution:
[[5 3 4 0 8 2 0 6 9]
 [8 7 9 6 4 0 1 2 5]
 [1 0 6 7 5 9 3 4 8]
 [4 1 5 8 9 3 6 7 2]
 [0 8 7 5 2 6 4 3 1]
 [3 2 0 1 0 7 8 9 0]
 [9 0 3 4 6 1 7 8 0]
 [2 5 1 9 3 8 0 0 4]
 [6 4 8 2 7 5 9 1 3]]
Number of cells unfilled: 12
Accuracy: 85.18518518518519
