2025-10-22 13:25:58.027772: I tensorflow/core/util/port.cc:153] oneDNN custom operations are on. You may see slightly different numerical results due to floating-point round-off errors from different computation orders. To turn them off, set the environment variable `TF_ENABLE_ONEDNN_OPTS=0`.
2025-10-22 13:25:58.440834: I tensorflow/core/platform/cpu_feature_guard.cc:210] This TensorFlow binary is optimized to use available CPU instructions in performance-critical operations.
To enable the following instructions: AVX2 AVX512F AVX512_VNNI FMA, in other operations, rebuild TensorFlow with the appropriate compiler flags.
2025-10-22 13:26:03.531737: I tensorflow/core/util/port.cc:153] oneDNN custom operations are on. You may see slightly different numerical results due to floating-point round-off errors from different computation orders. To turn them off, set the environment variable `TF_ENABLE_ONEDNN_OPTS=0`.
2025-10-22 13:26:09.499452: E external/local_xla/xla/stream_executor/cuda/cuda_platform.cc:51] failed call to cuInit: INTERNAL: CUDA error: Failed call to cuInit: UNKNOWN ERROR (303)
Sample: 5601
Question:
[[0 0 1 0 0 0 0 0 0]
 [5 0 0 0 1 0 6 0 0]
 [0 3 0 0 0 0 0 7 0]
 [4 0 0 0 0 5 0 0 8]
 [0 0 0 0 8 0 0 0 6]
 [0 0 8 1 0 4 5 0 0]
 [0 0 2 9 0 0 0 0 0]
 [1 0 3 0 5 0 4 0 0]
 [6 0 0 0 3 0 8 0 0]]
Solution:
[[4 8 6 0 7 5 1 3 2]
 [9 0 7 3 8 2 4 0 6]
 [2 3 1 4 0 6 5 9 8]
 [7 4 2 6 1 9 3 8 5]
 [8 9 0 0 5 4 6 1 7]
 [1 5 3 7 2 0 0 4 9]
 [3 0 5 9 6 8 7 2 1]
 [0 2 4 1 0 7 8 6 3]
 [6 7 8 2 0 3 9 5 4]]
Number of cells unfilled: 12
Accuracy: 85.18518518518519
Sample: 5602
Question:
[[7 0 0 0 0 0 0 6 0]
 [0 0 0 2 8 0 0 0 0]
 [0 3 4 0 0 6 0 1 0]
 [0 0 8 5 0 0 0 4 0]
 [0 2 0 9 0 0 0 0 6]
 [4 0 7 0 2 0 0 0 0]
 [8 0 0 0 0 4 5 0 0]
 [0 0 5 0 0 9 0 0 8]
 [0 0 0 0 0 0 3 9 0]]
Solution:
[[4 8 6 0 7 5 1 3 2]
 [9 0 7 3 8 2 4 0 6]
 [2 3 1 4 0 6 5 9 8]
 [7 4 2 6 1 9 3 8 5]
 [8 9 0 0 5 4 6 1 7]
 [1 5 3 7 2 0 0 4 9]
 [3 0 5 9 6 8 7 2 1]
 [0 2 4 1 0 7 8 6 3]
 [6 7 8 2 0 3 9 5 4]]
Number of cells unfilled: 12
Accuracy: 85.18518518518519
Sample: 5603
Question:
[[0 0 2 5 0 0 0 8 0]
 [0 6 0 0 0 2 0 0 3]
 [7 0 0 0 0 0 2 0 4]
 [0 0 8 0 0 5 0 4 0]
 [0 0 0 3 0 0 1 0 0]
 [0 0 0 4 9 0 0 0 6]
 [0 7 0 0 0 3 0 0 0]
 [1 0 0 8 0 0 4 0 0]
 [0 0 9 0 5 0 0 3 0]]
Solution:
[[4 8 6 0 7 5 1 3 2]
 [9 0 7 3 0 2 5 0 6]
 [5 3 1 4 0 6 0 9 8]
 [7 4 2 6 1 0 3 8 9]
 [8 9 0 0 5 4 6 7 0]
 [1 5 3 7 8 9 2 4 0]
 [3 0 5 9 6 8 7 2 1]
 [0 2 4 1 0 7 8 6 3]
 [6 7 8 2 0 3 9 5 4]]
Number of cells unfilled: 15
Accuracy: 81.48148148148148
Sample: 5604
Question:
[[0 2 0 6 0 0 0 0 9]
 [0 0 0 0 0 0 4 7 0]
 [0 0 7 0 0 8 0 0 0]
 [2 0 5 0 0 0 0 0 6]
 [0 9 0 0 6 0 0 0 0]
 [0 0 4 5 0 0 2 0 0]
 [0 4 0 9 0 0 0 0 5]
 [1 0 0 0 0 0 3 0 0]
 [0 0 0 0 3 1 0 8 0]]
Solution:
[[4 8 6 0 7 5 1 3 2]
 [9 0 7 3 8 2 4 0 6]
 [2 3 1 4 0 6 5 9 8]
 [7 4 2 6 1 0 3 8 9]
 [8 9 0 0 5 4 6 1 7]
 [1 5 3 7 2 9 0 4 0]
 [3 0 5 9 6 8 7 2 1]
 [0 2 4 1 0 7 8 6 3]
 [6 7 8 2 0 3 9 5 4]]
Number of cells unfilled: 13
Accuracy: 83.9506172839506
Sample: 5605
Question:
[[0 0 4 3 0 0 2 0 0]
 [8 0 0 0 5 0 0 3 0]
 [0 3 0 0 0 7 0 0 6]
 [4 0 0 5 0 0 3 0 0]
 [0 2 0 0 4 0 0 1 0]
 [0 8 5 0 0 0 0 0 0]
 [1 0 0 0 2 0 0 9 0]
 [0 0 0 0 0 6 0 0 7]
 [0 0 8 9 0 0 4 0 0]]
Solution:
[[4 8 6 0 7 5 0 3 2]
 [9 0 7 3 8 2 5 1 6]
 [5 3 1 4 0 6 0 9 8]
 [7 4 2 6 1 0 3 0 9]
 [8 9 0 0 5 4 6 7 0]
 [1 5 3 7 2 9 8 4 0]
 [3 0 5 9 6 8 7 2 1]
 [0 2 4 1 0 7 0 8 3]
 [6 7 8 2 0 3 9 5 4]]
Number of cells unfilled: 16
Accuracy: 80.24691358024691
Sample: 5606
Question:
[[0 5 0 4 0 0 0 3 0]
 [0 0 7 3 0 1 0 0 0]
 [3 0 0 0 5 0 0 0 9]
 [0 7 0 0 4 0 0 6 0]
 [0 0 2 0 0 0 8 0 0]
 [0 6 0 0 0 5 0 0 1]
 [7 0 0 0 0 9 0 0 6]
 [0 1 0 0 7 0 0 5 0]
 [0 0 8 0 0 0 2 0 0]]
Solution:
[[4 8 6 0 7 5 0 3 2]
 [9 0 7 3 8 2 4 1 6]
 [2 3 1 4 0 6 5 9 8]
 [7 4 2 6 1 9 3 0 5]
 [8 9 0 0 5 4 6 0 7]
 [1 5 3 7 2 0 8 4 9]
 [3 0 5 9 6 8 7 2 1]
 [0 2 4 1 0 7 0 8 3]
 [6 7 8 2 0 3 9 5 4]]
Number of cells unfilled: 14
Accuracy: 82.71604938271605
Sample: 5607
Question:
[[0 0 6 0 0 0 5 8 2]
 [0 7 8 5 0 0 0 3 0]
 [0 0 0 0 0 0 0 0 9]
 [7 3 0 0 0 8 2 0 0]
 [0 8 0 0 1 0 0 7 0]
 [0 0 0 0 0 0 1 0 0]
 [0 0 3 0 4 0 0 0 0]
 [6 0 0 0 3 0 4 1 0]
 [0 0 0 0 0 2 0 0 7]]
Solution:
[[4 8 6 0 7 5 1 3 2]
 [9 0 7 3 0 2 4 0 6]
 [2 3 1 4 0 6 5 9 8]
 [7 4 2 6 1 9 3 8 5]
 [8 9 0 0 5 4 6 7 0]
 [1 5 3 7 8 0 2 4 9]
 [3 0 5 9 6 8 7 2 1]
 [0 2 4 1 0 7 8 6 3]
 [6 7 8 2 0 3 9 5 4]]
Number of cells unfilled: 13
Accuracy: 83.9506172839506
Sample: 5608
Question:
[[0 0 0 0 0 5 2 0 0]
 [0 0 0 0 0 0 0 4 0]
 [0 0 3 0 4 0 0 0 6]
 [3 0 0 0 8 0 0 0 2]
 [0 2 0 0 0 1 0 7 0]
 [0 0 9 0 0 4 0 5 0]
 [0 3 0 0 6 0 0 0 9]
 [9 0 6 4 0 0 7 0 0]
 [8 0 0 1 0 0 0 0 0]]
Solution:
[[4 8 6 0 7 5 0 3 2]
 [9 0 7 3 8 2 4 1 6]
 [5 3 1 4 0 6 0 9 8]
 [7 4 2 6 1 9 3 0 5]
 [8 9 0 0 5 4 6 0 7]
 [1 5 3 7 2 0 8 4 9]
 [3 0 5 9 6 8 7 2 1]
 [0 2 4 1 0 7 0 8 3]
 [6 7 8 2 0 3 9 5 4]]
Number of cells unfilled: 15
Accuracy: 81.48148148148148
Sample: 5609
Question:
[[0 0 0 0 0 8 0 5 0]
 [0 9 0 0 2 0 0 0 3]
 [4 0 0 0 0 6 2 9 0]
 [0 7 0 0 5 0 0 3 0]
 [0 0 4 8 0 0 0 0 7]
 [0 0 1 6 0 0 9 0 0]
 [0 2 0 0 6 0 3 0 0]
 [0 0 0 1 0 0 0 0 0]
 [0 0 6 0 0 0 0 7 0]]
Solution:
[[4 8 6 0 7 5 1 3 2]
 [9 0 7 3 0 2 4 0 6]
 [5 3 1 4 0 6 0 9 8]
 [7 4 2 6 1 0 3 0 9]
 [8 9 0 0 5 4 6 1 7]
 [1 5 3 7 8 9 2 4 0]
 [3 0 5 9 6 8 7 2 1]
 [0 2 4 1 0 7 0 8 3]
 [6 7 8 2 0 3 9 5 4]]
Number of cells unfilled: 16
Accuracy: 80.24691358024691
Sample: 5610
Question:
[[2 0 3 8 5 0 0 6 0]
 [7 0 5 0 0 0 3 0 2]
 [0 0 9 0 0 0 0 0 0]
 [0 0 0 0 2 0 0 4 0]
 [0 0 0 3 0 0 9 0 0]
 [0 0 0 4 0 6 0 0 5]
 [3 0 4 2 0 0 0 0 0]
 [0 7 0 0 0 0 1 0 3]
 [0 0 0 0 0 0 6 7 0]]
Solution:
[[4 8 6 0 7 5 1 3 2]
 [9 0 7 3 8 2 4 0 6]
 [2 3 1 4 0 6 5 9 8]
 [7 4 2 6 1 9 3 8 5]
 [8 9 0 0 5 4 6 7 0]
 [1 5 3 7 2 0 0 4 9]
 [3 0 5 9 6 8 7 2 1]
 [0 2 4 1 0 7 8 6 3]
 [6 7 8 2 0 3 9 5 4]]
Number of cells unfilled: 13
Accuracy: 83.9506172839506
Sample: 5611
Question:
[[0 0 0 0 0 0 0 0 0]
 [0 8 0 0 4 0 0 0 0]
 [0 0 5 0 0 0 2 0 0]
 [0 0 0 0 0 0 0 4 0]
 [0 0 0 5 3 0 0 0 8]
 [2 0 0 0 0 0 0 6 0]
 [0 1 0 0 0 9 7 0 0]
 [0 0 0 2 0 6 9 0 0]
 [0 3 0 0 0 0 0 0 0]]
Solution:
[[4 8 6 0 7 5 1 3 2]
 [9 0 7 3 8 2 4 0 6]
 [2 3 1 4 0 6 5 9 8]
 [7 4 2 6 1 9 3 8 5]
 [8 9 0 0 5 4 6 1 7]
 [1 5 3 7 2 0 0 4 9]
 [3 0 5 9 6 8 7 2 1]
 [0 2 4 1 0 7 8 6 3]
 [6 7 8 2 0 3 9 5 4]]
Number of cells unfilled: 12
Accuracy: 85.18518518518519
Sample: 5612
Question:
[[0 0 8 0 0 7 0 0 3]
 [0 5 0 9 0 0 0 0 0]
 [7 3 0 0 8 0 0 0 4]
 [2 0 0 0 0 0 0 8 0]
 [8 0 0 0 9 0 3 2 0]
 [0 0 0 0 0 0 5 0 0]
 [0 0 4 0 2 0 1 3 0]
 [3 8 0 7 0 0 0 0 0]
 [6 2 0 0 0 5 0 0 0]]
Solution:
[[4 8 6 0 7 5 1 3 2]
 [9 0 7 3 0 2 4 0 6]
 [2 3 1 4 0 6 5 9 8]
 [7 4 2 6 1 0 3 8 9]
 [8 9 0 0 5 4 6 1 7]
 [1 5 3 7 8 9 2 4 0]
 [3 0 5 9 6 8 7 2 1]
 [0 2 4 1 0 7 8 6 3]
 [6 7 8 2 0 3 9 5 4]]
Number of cells unfilled: 13
Accuracy: 83.9506172839506
Sample: 5613
Question:
[[0 7 1 0 4 0 0 9 0]
 [0 4 0 8 9 0 0 0 0]
 [0 0 0 0 0 0 0 5 0]
 [8 3 0 0 0 0 0 1 0]
 [2 0 0 6 8 0 0 0 0]
 [0 0 0 0 0 2 6 0 0]
 [9 0 0 5 7 0 0 0 4]
 [0 5 0 0 0 8 7 6 0]
 [4 0 0 0 0 0 0 3 0]]
Solution:
[[4 8 6 0 7 5 0 3 2]
 [9 0 7 3 8 2 4 1 6]
 [2 3 1 4 0 6 5 9 8]
 [7 4 2 6 1 0 3 0 5]
 [8 9 0 0 5 4 6 7 0]
 [1 5 3 7 2 9 8 4 0]
 [3 0 5 9 6 8 7 2 1]
 [0 2 4 1 0 7 0 8 3]
 [6 7 8 2 0 3 9 5 4]]
Number of cells unfilled: 15
Accuracy: 81.48148148148148
Sample: 5614
Question:
[[0 0 6 0 2 0 0 9 0]
 [0 9 0 6 0 5 0 0 0]
 [7 0 0 0 0 9 0 0 0]
 [4 0 0 0 3 0 0 0 7]
 [0 8 0 0 0 0 1 0 0]
 [0 0 7 0 0 2 0 8 0]
 [1 0 0 0 5 0 8 0 0]
 [0 7 0 0 0 0 4 0 0]
 [0 0 3 2 0 0 0 6 0]]
Solution:
[[4 8 6 0 7 5 1 3 2]
 [9 0 7 3 0 2 4 0 6]
 [5 3 1 4 0 6 0 9 8]
 [7 4 2 6 1 0 3 8 5]
 [8 9 0 0 5 4 6 7 0]
 [1 5 3 7 8 9 2 4 0]
 [3 0 5 9 6 8 7 2 1]
 [0 2 4 1 0 7 8 6 3]
 [6 7 8 2 0 3 9 5 4]]
Number of cells unfilled: 15
Accuracy: 81.48148148148148
Sample: 5615
Question:
[[0 2 3 0 0 0 0 0 0]
 [0 0 9 0 0 2 0 5 0]
 [4 0 0 0 6 0 0 0 0]
 [0 0 1 0 8 4 0 0 0]
 [0 0 0 7 0 6 5 1 0]
 [7 0 0 0 5 0 0 9 6]
 [0 0 0 0 0 0 0 0 9]
 [0 0 2 0 1 0 0 6 8]
 [0 7 0 0 0 0 1 3 0]]
Solution:
[[4 8 6 0 7 5 0 3 2]
 [9 0 7 3 8 2 4 1 6]
 [2 3 1 4 0 6 5 9 8]
 [7 4 2 6 1 0 3 0 9]
 [8 9 0 0 5 4 6 7 0]
 [1 5 3 7 2 9 8 4 0]
 [3 0 5 9 6 8 7 2 1]
 [0 2 4 1 0 7 0 8 3]
 [6 7 8 2 0 3 9 5 4]]
Number of cells unfilled: 15
Accuracy: 81.48148148148148
Sample: 5616
Question:
[[0 0 0 0 9 0 5 0 2]
 [0 0 0 0 0 3 0 0 0]
 [6 0 0 5 0 0 0 4 0]
 [0 0 0 0 0 9 0 0 0]
 [8 0 0 0 0 0 7 0 3]
 [0 0 4 8 0 0 0 1 0]
 [4 0 1 0 5 0 0 0 7]
 [0 8 0 1 0 0 0 5 0]
 [5 0 6 0 0 2 0 0 1]]
Solution:
[[4 8 6 0 7 5 1 3 2]
 [9 0 7 3 8 2 4 0 6]
 [2 3 1 4 0 6 5 9 8]
 [7 4 2 6 1 9 3 0 5]
 [8 9 0 0 5 4 6 1 7]
 [1 5 3 7 2 0 8 4 9]
 [3 0 5 9 6 8 7 2 1]
 [0 2 4 1 0 7 0 8 3]
 [6 7 8 2 0 3 9 5 4]]
Number of cells unfilled: 13
Accuracy: 83.9506172839506
Sample: 5617
Question:
[[0 0 8 0 7 0 0 6 0]
 [7 0 0 2 0 0 5 0 0]
 [0 0 0 0 0 3 0 0 9]
 [0 0 2 0 0 8 1 0 0]
 [1 0 0 4 0 0 0 5 0]
 [0 9 0 0 0 0 0 0 3]
 [0 7 0 0 0 1 0 0 0]
 [2 0 0 0 6 0 0 8 0]
 [0 0 6 5 0 0 4 0 0]]
Solution:
[[4 8 6 0 7 5 1 3 2]
 [9 0 7 3 8 2 5 0 6]
 [5 3 1 4 0 6 0 9 8]
 [7 4 2 6 1 9 3 0 5]
 [8 9 0 0 5 4 6 1 7]
 [1 5 3 7 2 0 8 4 9]
 [3 0 5 9 6 8 7 2 1]
 [0 2 4 1 0 7 0 8 3]
 [6 7 8 2 0 3 9 5 4]]
Number of cells unfilled: 14
Accuracy: 82.71604938271605
Sample: 5618
Question:
[[0 0 0 0 3 8 0 0 9]
 [8 9 0 0 0 1 7 0 0]
 [0 0 0 9 0 0 0 1 0]
 [0 0 8 0 0 6 0 0 0]
 [5 3 0 8 0 0 0 0 1]
 [0 0 0 0 5 0 0 0 0]
 [0 8 3 0 0 0 2 4 0]
 [0 0 5 0 0 2 0 0 0]
 [7 2 0 3 0 0 0 0 8]]
Solution:
[[4 8 6 0 7 5 1 3 2]
 [9 0 7 3 8 2 4 0 6]
 [2 3 1 4 0 6 5 9 8]
 [7 4 2 6 1 9 3 0 5]
 [8 9 0 0 5 4 6 1 7]
 [1 5 3 7 2 0 8 4 9]
 [3 0 5 9 6 8 7 2 1]
 [0 2 4 1 0 7 0 8 3]
 [6 7 8 2 0 3 9 5 4]]
Number of cells unfilled: 13
Accuracy: 83.9506172839506
Sample: 5619
Question:
[[0 5 0 0 0 0 0 0 0]
 [0 0 1 8 4 0 2 0 0]
 [4 0 0 0 0 0 0 0 1]
 [1 6 0 0 0 4 0 0 0]
 [0 0 0 0 0 0 0 6 9]
 [0 0 8 6 7 0 1 0 0]
 [8 0 0 0 0 0 3 0 0]
 [0 0 3 0 8 0 0 1 2]
 [0 2 0 3 1 0 0 7 0]]
Solution:
[[4 8 6 0 7 5 1 3 2]
 [9 0 7 3 8 2 4 0 6]
 [2 3 1 4 0 6 5 9 8]
 [7 4 2 6 1 9 3 0 5]
 [8 9 0 0 5 4 6 1 7]
 [1 5 3 7 2 0 8 4 9]
 [3 0 5 9 6 8 7 2 1]
 [0 2 4 1 0 7 0 8 3]
 [6 7 8 2 0 3 9 5 4]]
Number of cells unfilled: 13
Accuracy: 83.9506172839506
Sample: 5620
Question:
[[0 7 8 0 4 0 0 0 0]
 [6 0 0 7 0 0 0 0 0]
 [3 0 4 8 0 0 0 0 1]
 [0 0 0 0 0 7 0 8 0]
 [8 0 0 4 0 0 1 0 0]
 [0 3 0 0 9 0 0 4 2]
 [0 0 3 0 0 0 0 0 6]
 [4 0 0 2 0 0 0 1 0]
 [0 0 5 0 0 4 2 0 0]]
Solution:
[[4 8 6 0 7 5 1 3 2]
 [9 0 7 3 8 2 5 0 6]
 [5 3 1 4 0 6 0 9 8]
 [7 4 2 6 1 0 3 0 5]
 [8 9 0 0 5 4 6 1 7]
 [1 5 3 7 2 9 8 4 0]
 [3 0 5 9 6 8 7 2 1]
 [0 2 4 1 0 7 0 8 3]
 [6 7 8 2 0 3 9 5 4]]
Number of cells unfilled: 15
Accuracy: 81.48148148148148
Sample: 5621
Question:
[[0 9 0 0 0 0 0 0 3]
 [1 0 2 3 0 0 9 0 0]
 [5 0 0 1 0 9 0 2 0]
 [0 1 0 5 0 4 3 0 0]
 [0 0 0 0 8 0 0 4 0]
 [4 0 7 0 0 1 0 0 0]
 [0 0 1 0 0 0 0 0 8]
 [0 2 0 8 0 3 1 0 0]
 [0 0 0 0 0 0 0 6 0]]
Solution:
[[4 8 6 0 7 5 1 3 2]
 [9 0 7 3 8 2 4 0 6]
 [2 3 1 4 0 6 5 9 8]
 [7 4 2 6 1 9 3 8 5]
 [8 9 0 0 5 4 6 1 7]
 [1 5 3 7 2 0 0 4 9]
 [3 0 5 9 6 8 7 2 1]
 [0 2 4 1 0 7 8 6 3]
 [6 7 8 2 0 3 9 5 4]]
Number of cells unfilled: 12
Accuracy: 85.18518518518519
Sample: 5622
Question:
[[0 6 0 0 0 0 0 1 9]
 [0 0 0 0 0 1 0 0 3]
 [5 0 8 3 0 0 0 0 0]
 [6 4 0 0 0 0 0 0 0]
 [0 8 2 1 0 0 0 0 0]
 [0 0 0 0 5 0 0 0 6]
 [0 5 0 9 0 0 7 0 0]
 [0 0 0 0 0 0 8 3 0]
 [7 0 3 0 6 0 0 0 0]]
Solution:
[[4 8 6 0 7 5 1 3 2]
 [9 0 7 3 8 2 5 0 6]
 [5 3 1 4 0 6 0 9 8]
 [7 4 2 6 1 0 3 8 9]
 [8 9 0 0 5 4 6 7 0]
 [1 5 3 7 2 9 0 4 0]
 [3 0 5 9 6 8 7 2 1]
 [0 2 4 1 0 7 8 6 3]
 [6 7 8 2 0 3 9 5 4]]
Number of cells unfilled: 15
Accuracy: 81.48148148148148
Sample: 5623
Question:
[[0 0 0 0 1 4 0 0 8]
 [0 0 0 0 6 3 4 0 0]
 [0 0 0 8 2 0 0 0 0]
 [3 0 0 0 0 0 9 0 0]
 [0 0 5 1 0 0 6 0 0]
 [0 2 0 0 0 0 0 5 3]
 [4 7 0 0 0 5 0 3 0]
 [2 0 9 0 0 0 0 7 0]
 [0 0 1 0 4 0 0 6 0]]
Solution:
[[4 8 6 0 7 5 1 3 2]
 [9 0 7 3 8 2 4 0 6]
 [2 3 1 4 0 6 5 9 8]
 [7 4 2 6 1 9 3 8 5]
 [8 9 0 0 5 4 6 7 0]
 [1 5 3 7 2 0 0 4 9]
 [3 0 5 9 6 8 7 2 1]
 [0 2 4 1 0 7 8 6 3]
 [6 7 8 2 0 3 9 5 4]]
Number of cells unfilled: 13
Accuracy: 83.9506172839506
Sample: 5624
Question:
[[0 0 0 0 0 4 1 0 0]
 [0 2 0 0 0 0 0 0 3]
 [1 6 0 5 0 0 0 9 0]
 [0 0 0 8 0 0 2 0 0]
 [0 0 1 0 0 0 0 0 8]
 [9 8 0 0 0 5 0 4 0]
 [8 4 0 0 5 0 0 6 0]
 [0 0 7 6 0 8 0 0 0]
 [0 0 0 4 0 9 0 0 0]]
Solution:
[[4 8 6 0 7 5 1 3 2]
 [9 0 7 3 8 2 5 0 6]
 [5 3 1 4 0 6 0 9 8]
 [7 4 2 6 1 9 3 0 5]
 [8 9 0 0 5 4 6 1 7]
 [1 5 3 7 2 0 8 4 9]
 [3 0 5 9 6 8 7 2 1]
 [0 2 4 1 0 7 0 8 3]
 [6 7 8 2 0 3 9 5 4]]
Number of cells unfilled: 14
Accuracy: 82.71604938271605
Sample: 5625
Question:
[[0 0 0 0 0 3 6 0 0]
 [6 0 0 7 0 0 0 1 5]
 [0 0 0 0 0 0 0 0 7]
 [9 0 0 0 7 0 0 0 0]
 [0 1 2 9 0 0 0 7 0]
 [0 0 5 0 0 2 0 9 1]
 [0 0 0 0 0 4 0 0 0]
 [5 0 0 2 0 0 0 6 4]
 [0 4 8 0 6 0 0 2 0]]
Solution:
[[4 8 6 0 7 5 1 3 2]
 [9 0 7 3 8 2 4 0 6]
 [2 3 1 4 0 6 5 9 8]
 [7 4 2 6 1 9 3 0 5]
 [8 9 0 0 5 4 6 1 7]
 [1 5 3 7 2 0 8 4 9]
 [3 0 5 9 6 8 7 2 1]
 [0 2 4 1 0 7 0 8 3]
 [6 7 8 2 0 3 9 5 4]]
Number of cells unfilled: 13
Accuracy: 83.9506172839506
Sample: 5626
Question:
[[0 0 0 0 0 0 0 0 2]
 [0 0 7 2 3 5 0 4 0]
 [0 0 0 0 0 0 0 8 6]
 [0 7 5 0 8 0 0 0 0]
 [0 0 0 1 0 0 0 0 0]
 [0 4 0 3 9 7 0 2 0]
 [9 1 0 6 0 4 0 5 0]
 [0 0 0 0 0 0 8 0 0]
 [0 3 0 0 0 0 0 1 4]]
Solution:
[[4 8 6 0 7 5 0 3 2]
 [9 0 7 3 8 2 5 1 6]
 [5 3 1 4 0 6 0 9 8]
 [7 4 2 6 1 9 3 0 5]
 [8 9 0 0 5 4 6 0 7]
 [1 5 3 7 2 0 8 4 9]
 [3 0 5 9 6 8 7 2 1]
 [0 2 4 1 0 7 0 8 3]
 [6 7 8 2 0 3 9 5 4]]
Number of cells unfilled: 15
Accuracy: 81.48148148148148
Sample: 5627
Question:
[[0 0 0 0 0 0 0 1 0]
 [0 3 0 0 8 0 7 4 6]
 [0 7 0 0 6 0 5 0 0]
 [0 8 0 0 4 0 3 0 0]
 [0 0 2 0 0 0 0 6 0]
 [0 0 0 9 0 0 0 0 4]
 [0 5 0 6 0 0 0 3 0]
 [0 0 8 0 3 0 0 0 5]
 [7 0 0 0 0 0 0 0 0]]
Solution:
[[4 8 6 0 7 5 1 3 2]
 [9 0 7 3 8 2 4 0 6]
 [5 3 1 4 0 6 0 9 8]
 [7 4 2 6 1 9 3 8 5]
 [8 9 0 0 5 4 6 7 0]
 [1 5 3 7 2 0 0 4 9]
 [3 0 5 9 6 8 7 2 1]
 [0 2 4 1 0 7 8 6 3]
 [6 7 8 2 0 3 9 5 4]]
Number of cells unfilled: 14
Accuracy: 82.71604938271605
Sample: 5628
Question:
[[0 0 7 0 0 0 0 4 0]
 [0 9 0 0 0 0 0 0 0]
 [5 0 0 0 9 6 0 0 7]
 [0 0 0 0 0 0 0 0 0]
 [8 0 0 0 0 0 2 0 0]
 [0 0 6 0 8 7 0 0 3]
 [0 8 0 0 5 9 0 0 6]
 [0 0 5 0 0 0 3 0 0]
 [6 0 0 1 0 3 0 0 0]]
Solution:
[[4 8 6 0 7 5 1 3 2]
 [9 0 7 3 0 2 4 0 6]
 [2 3 1 4 0 6 5 9 8]
 [7 4 2 6 1 9 3 8 5]
 [8 9 0 0 5 4 6 7 0]
 [1 5 3 7 8 0 2 4 9]
 [3 0 5 9 6 8 7 2 1]
 [0 2 4 1 0 7 8 6 3]
 [6 7 8 2 0 3 9 5 4]]
Number of cells unfilled: 13
Accuracy: 83.9506172839506
Sample: 5629
Question:
[[0 9 0 3 0 0 0 0 8]
 [0 6 0 9 0 5 0 0 2]
 [0 0 0 0 0 1 0 9 0]
 [0 0 0 0 5 0 0 7 0]
 [4 0 0 0 0 0 0 0 0]
 [0 2 0 6 0 0 0 0 5]
 [6 0 9 8 0 0 0 0 0]
 [2 0 0 0 3 0 0 0 6]
 [0 3 0 0 0 0 0 8 0]]
Solution:
[[4 8 6 0 7 5 1 3 2]
 [9 0 7 3 0 2 5 0 6]
 [5 3 1 4 0 6 0 9 8]
 [7 4 2 6 1 9 3 8 5]
 [8 9 0 0 5 4 6 1 7]
 [1 5 3 7 8 0 2 4 9]
 [3 0 5 9 6 8 7 2 1]
 [0 2 4 1 0 7 8 6 3]
 [6 7 8 2 0 3 9 5 4]]
Number of cells unfilled: 13
Accuracy: 83.9506172839506
Sample: 5630
Question:
[[8 1 0 0 0 0 0 0 9]
 [0 2 3 9 0 0 0 7 0]
 [0 0 0 0 8 0 2 0 0]
 [1 9 0 8 0 0 0 0 4]
 [0 0 0 0 0 1 0 0 0]
 [0 0 7 0 4 0 0 6 0]
 [0 0 0 7 0 0 5 0 0]
 [7 4 0 0 9 0 0 0 2]
 [0 0 0 0 0 0 0 0 0]]
Solution:
[[4 8 6 0 7 5 1 3 2]
 [9 0 7 3 8 2 5 0 6]
 [5 3 1 4 0 6 0 9 8]
 [7 4 2 6 1 9 3 8 5]
 [8 9 0 0 5 4 6 1 7]
 [1 5 3 7 2 0 0 4 9]
 [3 0 5 9 6 8 7 2 1]
 [0 2 4 1 0 7 8 6 3]
 [6 7 8 2 0 3 9 5 4]]
Number of cells unfilled: 13
Accuracy: 83.9506172839506
Sample: 5631
Question:
[[5 0 0 0 7 8 0 1 0]
 [0 1 0 0 0 0 5 8 0]
 [0 3 0 0 1 0 0 0 0]
 [4 0 1 0 0 5 0 0 0]
 [0 0 6 0 0 4 2 5 0]
 [0 0 0 0 8 0 6 0 1]
 [0 0 9 8 0 0 0 2 0]
 [7 0 0 0 0 0 0 0 0]
 [0 0 0 0 3 0 0 7 8]]
Solution:
[[4 8 6 0 7 5 1 3 2]
 [9 0 7 3 8 2 4 0 6]
 [2 3 1 4 0 6 5 9 8]
 [7 4 2 6 1 9 3 8 5]
 [8 9 0 0 5 4 6 1 7]
 [1 5 3 7 2 0 0 4 9]
 [3 0 5 9 6 8 7 2 1]
 [0 2 4 1 0 7 8 6 3]
 [6 7 8 2 0 3 9 5 4]]
Number of cells unfilled: 12
Accuracy: 85.18518518518519
Sample: 5632
Question:
[[0 6 0 0 0 4 0 2 0]
 [0 0 7 6 0 0 4 0 0]
 [0 4 5 0 0 0 8 0 1]
 [0 0 0 0 7 0 0 0 0]
 [0 0 9 0 0 0 0 5 0]
 [6 0 1 2 0 0 3 0 8]
 [0 0 0 0 2 8 0 0 0]
 [5 8 0 0 6 0 2 9 0]
 [0 0 0 3 0 0 6 0 0]]
Solution:
[[4 8 6 0 7 5 0 3 2]
 [9 0 7 3 8 2 4 1 6]
 [2 3 1 4 0 6 5 9 8]
 [7 4 2 6 1 9 3 0 5]
 [8 9 0 0 5 4 6 0 7]
 [1 5 3 7 2 0 8 4 9]
 [3 0 5 9 6 8 7 2 1]
 [0 2 4 1 0 7 0 8 3]
 [6 7 8 2 0 3 9 5 4]]
Number of cells unfilled: 14
Accuracy: 82.71604938271605
Sample: 5633
Question:
[[0 2 0 0 0 6 0 0 8]
 [4 0 0 5 0 0 0 2 0]
 [0 0 8 0 0 1 5 0 0]
 [0 0 0 0 9 0 0 3 0]
 [0 0 2 0 6 0 0 0 0]
 [3 0 0 8 0 7 0 0 2]
 [0 9 0 0 0 0 0 4 0]
 [8 0 0 7 0 0 2 0 0]
 [0 0 3 0 1 0 0 8 7]]
Solution:
[[4 8 6 0 7 5 1 3 2]
 [9 0 7 3 8 2 4 0 6]
 [5 3 1 4 0 6 0 9 8]
 [7 4 2 6 1 9 3 8 5]
 [8 9 0 0 5 4 6 1 7]
 [1 5 3 7 2 0 0 4 9]
 [3 0 5 9 6 8 7 2 1]
 [0 2 4 1 0 7 8 6 3]
 [6 7 8 2 0 3 9 5 4]]
Number of cells unfilled: 13
Accuracy: 83.9506172839506
Sample: 5634
Question:
[[0 0 0 4 0 7 0 0 2]
 [0 1 0 3 0 8 7 0 0]
 [3 0 7 0 5 0 0 8 0]
 [5 0 3 7 0 0 0 4 0]
 [0 9 0 0 0 0 0 0 0]
 [0 0 1 0 0 0 2 0 0]
 [8 0 0 0 0 4 0 7 0]
 [0 0 9 0 0 0 0 0 0]
 [0 6 0 5 0 0 0 0 0]]
Solution:
[[4 8 6 0 7 5 1 3 2]
 [9 0 7 3 8 2 4 0 6]
 [2 3 1 4 0 6 5 9 8]
 [7 4 2 6 1 0 3 0 9]
 [8 9 0 0 5 4 6 1 7]
 [1 5 3 7 2 9 8 4 0]
 [3 0 5 9 6 8 7 2 1]
 [0 2 4 1 0 7 0 8 3]
 [6 7 8 2 0 3 9 5 4]]
Number of cells unfilled: 14
Accuracy: 82.71604938271605
Sample: 5635
Question:
[[0 0 0 0 6 0 3 0 4]
 [0 4 0 7 0 0 1 0 0]
 [0 0 1 0 0 4 0 8 0]
 [0 0 0 9 0 0 0 0 0]
 [0 6 9 0 5 0 0 3 0]
 [0 0 4 0 0 3 0 0 8]
 [0 0 3 0 0 2 8 0 0]
 [5 0 0 0 7 0 0 0 0]
 [0 9 0 0 0 0 0 2 0]]
Solution:
[[4 8 6 0 7 5 1 3 2]
 [9 0 7 3 8 2 4 0 6]
 [2 3 1 4 0 6 5 9 8]
 [7 4 2 6 1 9 3 0 5]
 [8 9 0 0 5 4 6 1 7]
 [1 5 3 7 2 0 8 4 9]
 [3 0 5 9 6 8 7 2 1]
 [0 2 4 1 0 7 0 8 3]
 [6 7 8 2 0 3 9 5 4]]
Number of cells unfilled: 13
Accuracy: 83.9506172839506
Sample: 5636
Question:
[[0 0 0 0 0 0 0 8 0]
 [8 0 0 0 1 9 0 0 0]
 [0 7 2 8 0 0 0 0 9]
 [0 0 0 0 0 4 3 0 2]
 [0 4 5 0 0 0 0 0 0]
 [2 0 0 1 0 0 0 9 0]
 [7 0 0 9 0 0 0 2 0]
 [0 0 6 0 0 0 9 0 0]
 [0 0 0 0 6 3 0 0 5]]
Solution:
[[4 8 6 0 7 5 1 3 2]
 [9 0 7 3 8 2 4 0 6]
 [5 3 1 4 0 6 0 9 8]
 [7 4 2 6 1 9 3 8 5]
 [8 9 0 0 5 4 6 1 7]
 [1 5 3 7 2 0 0 4 9]
 [3 0 5 9 6 8 7 2 1]
 [0 2 4 1 0 7 8 6 3]
 [6 7 8 2 0 3 9 5 4]]
Number of cells unfilled: 13
Accuracy: 83.9506172839506
Sample: 5637
Question:
[[0 0 0 1 0 0 0 0 9]
 [0 0 9 0 2 0 0 5 0]
 [0 4 0 6 0 0 0 0 2]
 [0 0 2 0 3 0 5 0 0]
 [9 0 0 8 0 0 0 2 0]
 [0 6 0 0 0 0 0 0 0]
 [8 0 0 0 0 1 0 3 0]
 [0 0 3 0 7 0 0 0 5]
 [4 0 0 0 0 0 0 7 0]]
Solution:
[[4 8 6 0 7 5 1 3 2]
 [9 0 7 3 8 2 5 0 6]
 [5 3 1 4 0 6 0 9 8]
 [7 4 2 6 1 9 3 8 5]
 [8 9 0 0 5 4 6 1 7]
 [1 5 3 7 2 0 0 4 9]
 [3 0 5 9 6 8 7 2 1]
 [0 2 4 1 0 7 8 6 3]
 [6 7 8 2 0 3 9 5 4]]
Number of cells unfilled: 13
Accuracy: 83.9506172839506
Sample: 5638
Question:
[[2 0 0 0 0 0 0 0 5]
 [8 0 0 6 0 0 0 0 7]
 [0 7 0 0 0 5 1 0 0]
 [0 4 0 0 0 7 0 1 0]
 [0 0 7 8 0 0 0 0 0]
 [9 0 0 0 5 0 0 0 0]
 [0 0 2 0 9 0 4 0 0]
 [0 0 0 0 6 0 3 0 0]
 [0 3 0 0 0 4 0 0 1]]
Solution:
[[4 8 6 0 7 5 0 3 2]
 [9 0 7 3 8 2 5 1 6]
 [5 3 1 4 0 6 0 9 8]
 [7 4 2 6 1 9 3 0 5]
 [8 9 0 0 5 4 6 0 7]
 [1 5 3 7 2 0 8 4 9]
 [3 0 5 9 6 8 7 2 1]
 [0 2 4 1 0 7 0 8 3]
 [6 7 8 2 0 3 9 5 4]]
Number of cells unfilled: 15
Accuracy: 81.48148148148148
Sample: 5639
Question:
[[0 6 0 0 2 0 9 0 0]
 [0 0 0 8 0 0 0 0 5]
 [0 0 1 4 0 0 0 0 0]
 [4 0 0 0 0 0 5 0 0]
 [0 3 0 0 5 0 0 0 6]
 [0 0 7 1 0 0 0 0 0]
 [0 2 0 0 3 0 0 5 0]
 [0 0 0 0 0 8 2 0 9]
 [7 0 0 0 0 0 6 0 3]]
Solution:
[[4 8 6 0 7 5 1 3 2]
 [9 0 7 3 8 2 4 0 6]
 [2 3 1 4 0 6 5 9 8]
 [7 4 2 6 1 0 3 0 9]
 [8 9 0 0 5 4 6 1 7]
 [1 5 3 7 2 9 8 4 0]
 [3 0 5 9 6 8 7 2 1]
 [0 2 4 1 0 7 0 8 3]
 [6 7 8 2 0 3 9 5 4]]
Number of cells unfilled: 14
Accuracy: 82.71604938271605
Sample: 5640
Question:
[[2 3 0 0 5 0 0 0 0]
 [0 7 0 0 0 0 0 2 0]
 [0 0 4 7 0 0 0 0 8]
 [0 0 0 9 0 0 8 6 0]
 [0 0 6 0 0 7 9 4 0]
 [0 0 0 0 0 0 0 0 7]
 [0 5 0 0 1 0 0 0 0]
 [0 0 0 0 0 3 1 0 0]
 [0 0 9 8 0 0 0 0 4]]
Solution:
[[4 8 6 0 7 5 1 3 2]
 [9 0 7 3 0 2 4 0 6]
 [2 3 1 4 0 6 5 9 8]
 [7 4 2 6 1 0 3 8 9]
 [8 9 0 0 5 4 6 1 7]
 [1 5 3 7 8 9 2 4 0]
 [3 0 5 9 6 8 7 2 1]
 [0 2 4 1 0 7 8 6 3]
 [6 7 8 2 0 3 9 5 4]]
Number of cells unfilled: 13
Accuracy: 83.9506172839506
Sample: 5641
Question:
[[0 0 0 0 0 3 0 4 0]
 [4 0 0 0 9 0 1 0 0]
 [0 0 8 0 0 4 0 0 2]
 [0 0 7 0 0 0 0 0 0]
 [0 4 0 8 0 0 0 0 6]
 [9 0 0 0 5 0 0 1 0]
 [0 7 0 9 0 0 0 5 0]
 [0 3 0 0 0 0 9 2 0]
 [5 0 0 0 2 0 0 0 1]]
Solution:
[[4 8 6 0 7 5 1 3 2]
 [9 0 7 3 8 2 4 0 6]
 [2 3 1 4 0 6 5 9 8]
 [7 4 2 6 1 9 3 8 5]
 [8 9 0 0 5 4 6 1 7]
 [1 5 3 7 2 0 0 4 9]
 [3 0 5 9 6 8 7 2 1]
 [0 2 4 1 0 7 8 6 3]
 [6 7 8 2 0 3 9 5 4]]
Number of cells unfilled: 12
Accuracy: 85.18518518518519
Sample: 5642
Question:
[[0 4 0 0 0 0 0 0 1]
 [0 0 0 0 0 8 0 9 0]
 [2 0 0 9 0 0 3 0 0]
 [5 0 0 3 0 0 9 0 0]
 [6 0 8 2 0 0 5 7 0]
 [0 0 0 0 7 0 0 0 0]
 [0 0 2 6 0 0 0 3 9]
 [3 0 0 0 0 2 0 6 5]
 [0 0 0 0 0 0 2 0 0]]
Solution:
[[4 8 6 0 7 5 1 3 2]
 [9 0 7 3 8 2 4 0 6]
 [5 3 1 4 0 6 0 9 8]
 [7 4 2 6 1 9 3 8 5]
 [8 9 0 0 5 4 6 1 7]
 [1 5 3 7 2 0 0 4 9]
 [3 0 5 9 6 8 7 2 1]
 [0 2 4 1 0 7 8 6 3]
 [6 7 8 2 0 3 9 5 4]]
Number of cells unfilled: 13
Accuracy: 83.9506172839506
Sample: 5643
Question:
[[0 0 0 0 0 0 0 3 0]
 [0 0 5 1 0 0 0 0 0]
 [8 9 7 0 5 0 0 6 0]
 [0 0 3 0 0 4 1 0 0]
 [0 4 0 0 0 0 0 0 0]
 [2 0 0 7 0 0 9 5 0]
 [0 8 0 5 7 0 0 0 6]
 [4 5 9 0 0 0 0 0 8]
 [0 0 0 0 4 8 0 0 0]]
Solution:
[[4 8 6 0 7 5 1 3 2]
 [9 0 7 3 8 2 5 0 6]
 [5 3 1 4 0 6 0 9 8]
 [7 4 2 6 1 9 3 8 5]
 [8 9 0 0 5 4 6 1 7]
 [1 5 3 7 2 0 0 4 9]
 [3 0 5 9 6 8 7 2 1]
 [0 2 4 1 0 7 8 6 3]
 [6 7 8 2 0 3 9 5 4]]
Number of cells unfilled: 13
Accuracy: 83.9506172839506
Sample: 5644
Question:
[[0 0 0 0 6 0 0 5 0]
 [0 9 0 5 0 0 0 0 3]
 [0 0 0 0 0 3 0 0 0]
 [0 0 9 2 0 0 3 0 0]
 [0 2 0 0 0 4 0 9 0]
 [0 0 8 0 5 0 0 0 2]
 [0 8 0 4 0 0 7 0 0]
 [0 0 1 0 0 7 0 6 0]
 [7 0 0 0 0 5 1 0 0]]
Solution:
[[4 8 6 0 7 5 1 3 2]
 [9 0 7 3 8 2 4 0 6]
 [2 3 1 4 0 6 5 9 8]
 [7 4 2 6 1 9 3 8 5]
 [8 9 0 0 5 4 6 1 7]
 [1 5 3 7 2 0 0 4 9]
 [3 0 5 9 6 8 7 2 1]
 [0 2 4 1 0 7 8 6 3]
 [6 7 8 2 0 3 9 5 4]]
Number of cells unfilled: 12
Accuracy: 85.18518518518519
Sample: 5645
Question:
[[0 0 0 6 9 0 4 0 0]
 [0 0 0 0 0 3 9 0 0]
 [5 0 0 2 0 0 0 0 8]
 [1 0 0 0 0 0 0 4 0]
 [0 8 5 0 7 0 0 0 1]
 [0 0 2 1 0 0 5 0 0]
 [2 0 0 7 0 0 0 0 4]
 [0 6 0 0 2 0 0 0 0]
 [0 0 3 0 0 1 0 6 0]]
Solution:
[[4 8 6 0 7 5 0 3 2]
 [9 0 7 3 8 2 4 1 6]
 [5 3 1 4 0 6 0 9 8]
 [7 4 2 6 1 0 3 0 5]
 [8 9 0 0 5 4 6 0 7]
 [1 5 3 7 2 9 8 4 0]
 [3 0 5 9 6 8 7 2 1]
 [0 2 4 1 0 7 0 8 3]
 [6 7 8 2 0 3 9 5 4]]
Number of cells unfilled: 16
Accuracy: 80.24691358024691
Sample: 5646
Question:
[[0 0 0 0 7 0 0 0 3]
 [0 5 0 0 2 0 0 0 0]
 [7 0 0 6 0 0 9 0 0]
 [4 0 0 0 9 0 2 0 0]
 [0 8 0 0 0 6 0 0 0]
 [0 0 5 0 0 0 0 0 1]
 [0 4 0 9 0 0 0 3 2]
 [0 0 1 4 0 0 0 8 0]
 [6 0 0 0 0 2 4 0 0]]
Solution:
[[4 8 6 0 7 5 0 3 2]
 [9 0 7 3 8 2 4 1 6]
 [5 3 1 4 0 6 0 9 8]
 [7 4 2 6 1 9 3 0 5]
 [8 9 0 0 5 4 6 0 7]
 [1 5 3 7 2 0 8 4 9]
 [3 0 5 9 6 8 7 2 1]
 [0 2 4 1 0 7 0 8 3]
 [6 7 8 2 0 3 9 5 4]]
Number of cells unfilled: 15
Accuracy: 81.48148148148148
Sample: 5647
Question:
[[0 0 2 0 0 0 0 0 1]
 [6 0 0 0 0 8 0 4 0]
 [0 0 0 0 1 0 7 0 0]
 [4 0 0 0 0 3 0 9 0]
 [0 5 7 0 0 0 3 0 0]
 [0 9 0 5 0 0 0 0 2]
 [0 0 0 8 9 0 0 3 0]
 [0 3 4 0 0 6 0 0 0]
 [9 0 0 0 0 0 6 0 0]]
Solution:
[[4 8 6 0 7 5 1 3 2]
 [9 0 7 3 8 2 4 0 6]
 [2 3 1 4 0 6 5 9 8]
 [7 4 2 6 1 9 3 0 5]
 [8 9 0 0 5 4 6 1 7]
 [1 5 3 7 2 0 8 4 9]
 [3 0 5 9 6 8 7 2 1]
 [0 2 4 1 0 7 0 8 3]
 [6 7 8 2 0 3 9 5 4]]
Number of cells unfilled: 13
Accuracy: 83.9506172839506
Sample: 5648
Question:
[[0 0 7 3 0 1 0 0 0]
 [0 0 0 0 9 0 0 2 7]
 [9 0 0 0 0 0 3 0 0]
 [0 6 0 0 0 8 0 0 3]
 [0 0 3 0 7 0 2 0 0]
 [0 0 0 0 0 0 0 4 8]
 [0 7 2 0 1 0 9 0 0]
 [0 5 0 0 0 0 0 6 0]
 [4 0 0 5 0 0 0 0 0]]
Solution:
[[4 8 6 0 7 5 1 3 2]
 [9 0 7 3 0 2 4 0 6]
 [2 3 1 4 0 6 5 9 8]
 [7 4 2 6 1 0 3 8 9]
 [8 9 0 0 5 4 6 1 7]
 [1 5 3 7 8 9 2 4 0]
 [3 0 5 9 6 8 7 2 1]
 [0 2 4 1 0 7 8 6 3]
 [6 7 8 2 0 3 9 5 4]]
Number of cells unfilled: 13
Accuracy: 83.9506172839506
Sample: 5649
Question:
[[0 0 8 0 4 0 0 3 0]
 [0 0 0 1 0 0 0 0 2]
 [0 5 0 0 0 0 7 0 0]
 [3 0 0 0 0 7 0 0 1]
 [8 0 0 4 0 6 0 0 0]
 [0 4 0 0 3 0 0 5 0]
 [0 8 4 0 0 0 2 0 0]
 [0 0 9 6 0 0 0 0 0]
 [5 0 0 0 8 0 0 9 0]]
Solution:
[[4 8 6 0 7 5 1 3 2]
 [9 0 7 3 8 2 4 0 6]
 [2 3 1 4 0 6 5 9 8]
 [7 4 2 6 1 9 3 8 5]
 [8 9 0 0 5 4 6 1 7]
 [1 5 3 7 2 0 0 4 9]
 [3 0 5 9 6 8 7 2 1]
 [0 2 4 1 0 7 8 6 3]
 [6 7 8 2 0 3 9 5 4]]
Number of cells unfilled: 12
Accuracy: 85.18518518518519
Sample: 5650
Question:
[[2 0 0 3 0 0 0 7 0]
 [0 9 0 0 5 0 0 0 4]
 [0 0 4 0 0 0 0 1 0]
 [0 0 2 0 0 6 7 0 0]
 [0 6 0 1 0 0 8 0 0]
 [9 0 0 0 2 0 0 0 6]
 [0 3 0 0 0 8 0 0 0]
 [0 0 9 0 6 0 0 0 3]
 [5 0 0 9 0 0 0 0 0]]
Solution:
[[4 8 6 0 7 5 1 3 2]
 [9 0 7 3 0 2 5 0 6]
 [5 3 1 4 0 6 0 9 8]
 [7 4 2 6 1 0 3 8 9]
 [8 9 0 0 5 4 6 1 7]
 [1 5 3 7 8 9 2 4 0]
 [3 0 5 9 6 8 7 2 1]
 [0 2 4 1 0 7 8 6 3]
 [6 7 8 2 0 3 9 5 4]]
Number of cells unfilled: 14
Accuracy: 82.71604938271605
Sample: 5651
Question:
[[5 0 0 0 8 0 0 3 0]
 [0 2 0 6 0 0 0 0 1]
 [0 0 6 0 0 4 9 0 0]
 [0 7 0 0 0 0 4 0 0]
 [1 0 0 0 7 0 0 0 8]
 [0 0 2 5 0 0 0 1 0]
 [0 9 0 0 0 5 0 0 0]
 [0 0 1 0 6 0 0 7 0]
 [2 0 0 8 0 0 0 0 3]]
Solution:
[[4 8 6 0 7 5 1 3 2]
 [9 0 7 3 8 2 4 0 6]
 [2 3 1 4 0 6 5 9 8]
 [7 4 2 6 1 9 3 0 5]
 [8 9 0 0 5 4 6 1 7]
 [1 5 3 7 2 0 8 4 9]
 [3 0 5 9 6 8 7 2 1]
 [0 2 4 1 0 7 0 8 3]
 [6 7 8 2 0 3 9 5 4]]
Number of cells unfilled: 13
Accuracy: 83.9506172839506
Sample: 5652
Question:
[[0 6 0 0 0 2 4 0 0]
 [0 0 0 0 8 0 0 0 3]
 [0 0 1 0 0 0 0 9 0]
 [0 0 9 0 0 8 0 0 4]
 [0 4 0 0 6 0 9 0 0]
 [5 0 0 0 0 0 0 3 8]
 [0 0 7 0 2 4 0 5 0]
 [1 0 0 0 7 6 0 0 0]
 [0 2 0 8 0 0 7 0 0]]
Solution:
[[4 8 6 0 7 5 1 3 2]
 [9 0 7 3 0 2 4 0 6]
 [2 3 1 4 0 6 5 9 8]
 [7 4 2 6 1 9 3 8 5]
 [8 9 0 0 5 4 6 1 7]
 [1 5 3 7 8 0 2 4 9]
 [3 0 5 9 6 8 7 2 1]
 [0 2 4 1 0 7 8 6 3]
 [6 7 8 2 0 3 9 5 4]]
Number of cells unfilled: 12
Accuracy: 85.18518518518519
Sample: 5653
Question:
[[8 0 0 0 5 0 0 3 0]
 [7 9 0 0 8 0 0 0 0]
 [0 0 4 2 0 0 0 0 0]
 [0 0 7 8 0 9 3 0 0]
 [0 0 0 0 0 2 0 0 9]
 [4 1 0 0 0 0 0 0 6]
 [0 0 0 0 0 3 0 5 0]
 [0 0 6 0 0 0 1 0 0]
 [0 0 3 6 0 1 0 0 4]]
Solution:
[[4 8 6 0 7 5 1 3 2]
 [9 0 7 3 8 2 4 0 6]
 [2 3 1 4 0 6 5 9 8]
 [7 4 2 6 1 9 3 0 5]
 [8 9 0 0 5 4 6 1 7]
 [1 5 3 7 2 0 8 4 9]
 [3 0 5 9 6 8 7 2 1]
 [0 2 4 1 0 7 0 8 3]
 [6 7 8 2 0 3 9 5 4]]
Number of cells unfilled: 13
Accuracy: 83.9506172839506
Sample: 5654
Question:
[[0 9 0 6 0 0 0 2 0]
 [6 0 0 0 0 2 0 0 1]
 [0 0 5 0 1 0 0 0 7]
 [0 0 4 3 0 0 0 0 0]
 [0 0 0 0 0 8 3 0 9]
 [9 0 0 0 6 0 0 7 0]
 [5 0 0 0 2 0 0 1 0]
 [0 8 0 0 0 6 0 0 0]
 [0 0 0 5 0 0 0 0 4]]
Solution:
[[4 8 6 0 7 5 0 3 2]
 [9 0 7 3 8 2 5 1 6]
 [5 3 1 4 0 6 0 9 8]
 [7 4 2 6 1 0 3 0 5]
 [8 9 0 0 5 4 6 7 0]
 [1 5 3 7 2 9 8 4 0]
 [3 0 5 9 6 8 7 2 1]
 [0 2 4 1 0 7 0 8 3]
 [6 7 8 2 0 3 9 5 4]]
Number of cells unfilled: 16
Accuracy: 80.24691358024691
Sample: 5655
Question:
[[9 0 0 6 0 0 1 0 0]
 [0 2 0 0 0 8 0 0 9]
 [0 0 6 0 9 0 0 3 0]
 [0 0 0 1 0 0 9 0 0]
 [0 0 3 0 8 0 0 5 0]
 [4 0 0 0 0 7 0 0 8]
 [0 1 0 8 0 0 0 0 6]
 [8 0 0 0 0 2 4 0 0]
 [0 0 5 0 0 0 0 0 0]]
Solution:
[[4 8 6 0 7 5 0 3 2]
 [9 0 7 3 8 2 4 1 6]
 [5 3 1 4 0 6 0 9 8]
 [7 4 2 6 1 9 3 0 5]
 [8 9 0 0 5 4 6 0 7]
 [1 5 3 7 2 0 8 4 9]
 [3 0 5 9 6 8 7 2 1]
 [0 2 4 1 0 7 0 8 3]
 [6 7 8 2 0 3 9 5 4]]
Number of cells unfilled: 15
Accuracy: 81.48148148148148
Sample: 5656
Question:
[[0 0 0 0 9 0 0 0 2]
 [5 0 0 0 0 0 0 0 0]
 [0 0 1 6 0 0 3 0 0]
 [3 0 5 0 0 0 0 9 0]
 [6 0 8 0 0 4 5 0 0]
 [0 1 0 5 0 0 6 0 8]
 [1 0 0 3 0 0 8 0 0]
 [0 0 0 0 4 0 0 0 0]
 [0 0 3 0 5 2 0 7 0]]
Solution:
[[4 8 6 0 7 5 1 3 2]
 [9 0 7 3 8 2 5 0 6]
 [5 3 1 4 0 6 0 9 8]
 [7 4 2 6 1 0 3 8 5]
 [8 9 0 0 5 4 6 7 0]
 [1 5 3 7 2 9 0 4 0]
 [3 0 5 9 6 8 7 2 1]
 [0 2 4 1 0 7 8 6 3]
 [6 7 8 2 0 3 9 5 4]]
Number of cells unfilled: 15
Accuracy: 81.48148148148148
Sample: 5657
Question:
[[0 5 0 0 0 0 0 4 0]
 [0 0 7 0 0 5 3 0 0]
 [3 0 8 0 0 0 0 0 5]
 [0 7 3 0 0 8 0 0 4]
 [6 0 0 0 1 0 8 0 0]
 [0 8 0 0 0 0 0 9 0]
 [0 3 0 0 0 4 0 0 7]
 [0 0 0 2 0 0 0 6 0]
 [0 0 2 0 9 0 0 0 0]]
Solution:
[[4 8 6 0 7 5 1 3 2]
 [9 0 7 3 8 2 4 0 6]
 [2 3 1 4 0 6 5 9 8]
 [7 4 2 6 1 0 3 0 9]
 [8 9 0 0 5 4 6 1 7]
 [1 5 3 7 2 9 8 4 0]
 [3 0 5 9 6 8 7 2 1]
 [0 2 4 1 0 7 0 8 3]
 [6 7 8 2 0 3 9 5 4]]
Number of cells unfilled: 14
Accuracy: 82.71604938271605
Sample: 5658
Question:
[[0 0 0 0 0 2 0 0 4]
 [0 5 0 0 0 0 6 0 0]
 [0 0 1 0 0 0 0 9 0]
 [3 0 9 0 8 0 7 0 0]
 [5 0 0 0 0 7 0 0 0]
 [0 7 6 9 0 0 0 8 0]
 [0 0 5 3 0 0 0 1 0]
 [0 0 3 0 7 4 0 0 2]
 [0 6 0 0 1 0 3 0 0]]
Solution:
[[4 8 6 0 7 5 1 3 2]
 [9 0 7 3 8 2 5 0 6]
 [5 3 1 4 0 6 0 9 8]
 [7 4 2 6 1 9 3 8 5]
 [8 9 0 0 5 4 6 7 0]
 [1 5 3 7 2 0 0 4 9]
 [3 0 5 9 6 8 7 2 1]
 [0 2 4 1 0 7 8 6 3]
 [6 7 8 2 0 3 9 5 4]]
Number of cells unfilled: 14
Accuracy: 82.71604938271605
Sample: 5659
Question:
[[0 0 5 0 0 0 0 9 0]
 [1 0 0 4 6 0 0 8 0]
 [4 0 0 1 0 2 0 0 7]
 [7 0 0 0 0 0 0 1 3]
 [0 5 0 2 8 0 0 7 0]
 [0 0 0 0 0 0 0 0 2]
 [0 0 6 3 0 0 0 0 0]
 [8 0 3 0 0 1 7 2 0]
 [0 0 0 8 0 0 0 0 0]]
Solution:
[[4 8 6 0 7 5 0 3 2]
 [9 0 7 3 8 2 5 1 6]
 [5 3 1 4 0 6 0 9 8]
 [7 4 2 6 1 9 3 0 5]
 [8 9 0 0 5 4 6 7 0]
 [1 5 3 7 2 0 8 4 9]
 [3 0 5 9 6 8 7 2 1]
 [0 2 4 1 0 7 0 8 3]
 [6 7 8 2 0 3 9 5 4]]
Number of cells unfilled: 15
Accuracy: 81.48148148148148
Sample: 5660
Question:
[[0 0 0 0 0 0 0 0 3]
 [1 0 6 0 0 5 7 0 0]
 [0 4 0 0 7 0 0 6 0]
 [0 8 0 0 0 6 0 0 0]
 [0 0 0 0 2 1 0 3 0]
 [2 0 1 7 0 0 6 0 0]
 [5 0 3 0 1 0 2 0 0]
 [0 0 8 5 0 0 0 0 9]
 [0 0 0 0 0 0 0 0 0]]
Solution:
[[4 8 6 0 7 5 1 3 2]
 [9 0 7 3 8 2 4 0 6]
 [2 3 1 4 0 6 5 9 8]
 [7 4 2 6 1 9 3 8 5]
 [8 9 0 0 5 4 6 1 7]
 [1 5 3 7 2 0 0 4 9]
 [3 0 5 9 6 8 7 2 1]
 [0 2 4 1 0 7 8 6 3]
 [6 7 8 2 0 3 9 5 4]]
Number of cells unfilled: 12
Accuracy: 85.18518518518519
Sample: 5661
Question:
[[0 0 4 0 2 0 0 0 0]
 [0 8 2 7 0 0 0 1 0]
 [7 0 0 0 0 0 0 0 0]
 [0 5 7 0 0 2 0 6 0]
 [4 0 0 6 0 0 0 0 5]
 [0 0 0 0 0 0 8 0 9]
 [0 7 1 0 6 0 0 5 0]
 [3 0 0 0 0 5 0 0 0]
 [0 0 0 1 0 7 0 0 8]]
Solution:
[[4 8 6 0 7 5 0 3 2]
 [9 0 7 3 8 2 4 1 6]
 [5 3 1 4 0 6 0 9 8]
 [7 4 2 6 1 9 3 0 5]
 [8 9 0 0 5 4 6 7 0]
 [1 5 3 7 2 0 8 4 9]
 [3 0 5 9 6 8 7 2 1]
 [0 2 4 1 0 7 0 8 3]
 [6 7 8 2 0 3 9 5 4]]
Number of cells unfilled: 15
Accuracy: 81.48148148148148
Sample: 5662
Question:
[[4 9 0 0 0 5 0 0 7]
 [0 0 5 0 0 0 0 0 0]
 [0 1 0 0 0 0 2 0 0]
 [0 0 1 8 0 4 0 0 0]
 [0 0 0 5 0 7 0 9 0]
 [7 5 0 0 6 0 0 0 8]
 [5 8 0 4 0 0 0 0 6]
 [0 0 3 0 0 6 0 8 0]
 [0 0 0 0 0 0 9 0 0]]
Solution:
[[4 8 6 0 7 5 0 3 2]
 [9 0 7 3 8 2 4 1 6]
 [5 3 1 4 0 6 0 9 8]
 [7 4 2 6 1 0 3 0 9]
 [8 9 0 0 5 4 6 0 7]
 [1 5 3 7 2 9 8 4 0]
 [3 0 5 9 6 8 7 2 1]
 [0 2 4 1 0 7 0 8 3]
 [6 7 8 2 0 3 9 5 4]]
Number of cells unfilled: 16
Accuracy: 80.24691358024691
Sample: 5663
Question:
[[0 0 0 0 6 0 0 7 9]
 [0 6 9 0 0 0 0 0 0]
 [0 0 4 0 5 0 0 1 2]
 [0 0 0 0 0 0 2 0 0]
 [0 0 1 7 8 2 0 0 0]
 [0 9 7 0 3 0 0 8 0]
 [0 7 0 0 0 5 0 6 0]
 [0 0 8 0 0 0 0 0 4]
 [0 3 0 4 0 0 1 0 0]]
Solution:
[[4 8 6 0 7 5 1 3 2]
 [9 0 7 3 8 2 4 0 6]
 [2 3 1 4 0 6 5 9 8]
 [7 4 2 6 1 9 3 8 5]
 [8 9 0 0 5 4 6 1 7]
 [1 5 3 7 2 0 0 4 9]
 [3 0 5 9 6 8 7 2 1]
 [0 2 4 1 0 7 8 6 3]
 [6 7 8 2 0 3 9 5 4]]
Number of cells unfilled: 12
Accuracy: 85.18518518518519
Sample: 5664
Question:
[[0 4 0 0 0 3 0 0 1]
 [0 0 0 0 8 0 6 2 0]
 [8 2 0 9 0 0 0 0 0]
 [7 5 0 0 0 4 0 0 0]
 [0 9 0 3 0 6 0 0 0]
 [1 0 4 0 7 0 0 0 0]
 [0 0 0 6 0 0 5 1 0]
 [4 0 0 5 0 0 0 0 0]
 [6 1 0 0 4 0 3 0 8]]
Solution:
[[4 8 6 0 7 5 1 3 2]
 [9 0 7 3 0 2 5 0 6]
 [5 3 1 4 0 6 0 9 8]
 [7 4 2 6 1 9 3 8 5]
 [8 9 0 0 5 4 6 1 7]
 [1 5 3 7 8 0 2 4 9]
 [3 0 5 9 6 8 7 2 1]
 [0 2 4 1 0 7 8 6 3]
 [6 7 8 2 0 3 9 5 4]]
Number of cells unfilled: 13
Accuracy: 83.9506172839506
Sample: 5665
Question:
[[0 0 0 1 0 4 0 7 0]
 [4 5 0 0 2 0 1 0 9]
 [0 0 0 0 9 6 0 3 0]
 [0 0 0 0 1 0 0 0 6]
 [0 0 2 0 0 5 0 0 3]
 [0 0 8 0 0 0 9 0 0]
 [0 6 0 2 0 0 0 0 0]
 [0 0 0 0 6 7 2 0 4]
 [5 0 0 0 0 1 0 0 7]]
Solution:
[[4 8 6 0 7 5 1 3 2]
 [9 0 7 3 0 2 4 0 6]
 [2 3 1 4 0 6 5 9 8]
 [7 4 2 6 1 0 3 8 9]
 [8 9 0 0 5 4 6 7 0]
 [1 5 3 7 8 9 2 4 0]
 [3 0 5 9 6 8 7 2 1]
 [0 2 4 1 0 7 8 6 3]
 [6 7 8 2 0 3 9 5 4]]
Number of cells unfilled: 14
Accuracy: 82.71604938271605
Sample: 5666
Question:
[[0 0 1 0 0 0 3 0 0]
 [5 0 6 0 0 0 8 0 0]
 [0 3 0 2 0 8 0 0 0]
 [0 0 0 0 0 9 0 8 0]
 [1 5 8 0 0 0 0 0 9]
 [3 0 0 7 0 5 0 0 0]
 [0 0 0 0 1 0 4 9 0]
 [7 0 0 5 4 2 0 0 0]
 [0 0 0 8 0 0 0 0 0]]
Solution:
[[4 8 6 0 7 5 1 3 2]
 [9 0 7 3 0 2 4 0 6]
 [2 3 1 4 0 6 5 9 8]
 [7 4 2 6 1 0 3 0 5]
 [8 9 0 0 5 4 6 1 7]
 [1 5 3 7 8 9 2 4 0]
 [3 0 5 9 6 8 7 2 1]
 [0 2 4 1 0 7 0 8 3]
 [6 7 8 2 0 3 9 5 4]]
Number of cells unfilled: 15
Accuracy: 81.48148148148148
Sample: 5667
Question:
[[0 0 0 0 0 0 5 0 0]
 [2 0 0 0 0 8 0 9 0]
 [0 1 0 0 9 0 0 0 7]
 [0 0 1 0 0 7 0 0 9]
 [0 6 0 3 0 0 0 0 0]
 [9 0 0 0 1 0 6 0 0]
 [5 9 0 0 3 0 0 0 6]
 [0 3 0 0 7 0 0 0 1]
 [0 0 0 0 0 0 0 4 0]]
Solution:
[[4 8 6 0 7 5 1 3 2]
 [9 0 7 3 8 2 4 0 6]
 [2 3 1 4 0 6 5 9 8]
 [7 4 2 6 1 0 3 0 5]
 [8 9 0 0 5 4 6 1 7]
 [1 5 3 7 2 9 8 4 0]
 [3 0 5 9 6 8 7 2 1]
 [0 2 4 1 0 7 0 8 3]
 [6 7 8 2 0 3 9 5 4]]
Number of cells unfilled: 14
Accuracy: 82.71604938271605
Sample: 5668
Question:
[[0 0 4 0 5 7 0 0 3]
 [3 0 0 0 0 0 5 0 0]
 [0 0 0 0 6 0 0 9 0]
 [2 0 5 0 0 0 0 1 0]
 [0 0 7 0 0 0 0 0 0]
 [0 3 0 0 7 2 0 0 5]
 [0 0 0 8 0 0 0 0 0]
 [5 0 0 0 4 3 0 0 2]
 [0 4 0 0 0 5 6 0 0]]
Solution:
[[4 8 6 0 7 5 1 3 2]
 [9 0 7 3 8 2 4 0 6]
 [2 3 1 4 0 6 5 9 8]
 [7 4 2 6 1 9 3 0 5]
 [8 9 0 0 5 4 6 1 7]
 [1 5 3 7 2 0 8 4 9]
 [3 0 5 9 6 8 7 2 1]
 [0 2 4 1 0 7 0 8 3]
 [6 7 8 2 0 3 9 5 4]]
Number of cells unfilled: 13
Accuracy: 83.9506172839506
Sample: 5669
Question:
[[0 2 0 6 0 0 0 0 0]
 [0 0 8 0 0 0 0 0 3]
 [4 0 0 0 8 0 6 5 0]
 [0 0 0 0 0 1 0 0 0]
 [0 0 9 0 4 8 0 0 0]
 [8 0 0 5 0 0 1 4 0]
 [0 0 7 0 0 0 2 0 0]
 [0 8 0 0 5 0 0 0 0]
 [5 0 0 0 0 6 8 1 0]]
Solution:
[[4 8 6 0 7 5 1 3 2]
 [9 0 7 3 8 2 4 0 6]
 [2 3 1 4 0 6 5 9 8]
 [7 4 2 6 1 0 3 8 9]
 [8 9 0 0 5 4 6 7 0]
 [1 5 3 7 2 9 0 4 0]
 [3 0 5 9 6 8 7 2 1]
 [0 2 4 1 0 7 8 6 3]
 [6 7 8 2 0 3 9 5 4]]
Number of cells unfilled: 14
Accuracy: 82.71604938271605
Sample: 5670
Question:
[[5 0 0 6 0 0 0 9 0]
 [0 0 7 0 0 0 4 0 0]
 [0 8 0 0 0 0 0 0 5]
 [3 0 0 0 0 5 0 0 0]
 [0 0 4 0 7 0 1 0 0]
 [0 0 2 0 1 0 0 8 0]
 [0 2 0 0 4 0 0 5 0]
 [0 0 0 7 0 0 0 0 4]
 [0 0 0 5 0 1 2 0 0]]
Solution:
[[4 8 6 0 7 5 1 3 2]
 [9 0 7 3 8 2 4 0 6]
 [5 3 1 4 0 6 0 9 8]
 [7 4 2 6 1 0 3 8 9]
 [8 9 0 0 5 4 6 1 7]
 [1 5 3 7 2 9 0 4 0]
 [3 0 5 9 6 8 7 2 1]
 [0 2 4 1 0 7 8 6 3]
 [6 7 8 2 0 3 9 5 4]]
Number of cells unfilled: 14
Accuracy: 82.71604938271605
Sample: 5671
Question:
[[6 0 0 0 0 0 0 0 4]
 [0 8 9 0 4 0 0 0 0]
 [0 0 1 0 0 6 9 0 0]
 [1 0 0 0 8 0 6 0 0]
 [0 9 0 0 0 0 0 3 0]
 [8 0 0 7 9 0 4 0 0]
 [0 0 2 5 0 0 0 9 0]
 [0 0 0 0 6 0 1 0 0]
 [0 0 0 0 0 9 0 0 7]]
Solution:
[[4 8 6 0 7 5 1 3 2]
 [9 0 7 3 8 2 4 0 6]
 [2 3 1 4 0 6 5 9 8]
 [7 4 2 6 1 9 3 8 5]
 [8 9 0 0 5 4 6 1 7]
 [1 5 3 7 2 0 0 4 9]
 [3 0 5 9 6 8 7 2 1]
 [0 2 4 1 0 7 8 6 3]
 [6 7 8 2 0 3 9 5 4]]
Number of cells unfilled: 12
Accuracy: 85.18518518518519
Sample: 5672
Question:
[[7 0 0 6 0 0 0 0 0]
 [0 8 0 0 0 0 0 0 4]
 [0 0 2 0 8 7 0 6 0]
 [0 0 6 0 0 9 0 0 1]
 [3 0 0 0 7 6 0 2 0]
 [0 2 0 0 0 0 0 0 0]
 [0 0 3 0 0 0 9 0 0]
 [0 0 0 0 2 3 0 8 0]
 [0 0 0 5 0 0 0 0 6]]
Solution:
[[4 8 6 0 7 5 1 3 2]
 [9 0 7 3 8 2 4 0 6]
 [5 3 1 4 0 6 0 9 8]
 [7 4 2 6 1 9 3 8 5]
 [8 9 0 0 5 4 6 1 7]
 [1 5 3 7 2 0 0 4 9]
 [3 0 5 9 6 8 7 2 1]
 [0 2 4 1 0 7 8 6 3]
 [6 7 8 2 0 3 9 5 4]]
Number of cells unfilled: 13
Accuracy: 83.9506172839506
Sample: 5673
Question:
[[0 6 7 5 0 0 0 0 0]
 [0 0 5 0 2 1 0 8 0]
 [0 1 0 4 9 0 0 0 0]
 [2 0 0 1 8 0 5 7 0]
 [7 0 1 6 0 5 9 0 3]
 [0 0 0 0 0 0 4 0 0]
 [0 0 0 2 0 0 3 6 0]
 [5 9 0 3 0 7 0 4 0]
 [0 0 4 0 0 9 1 0 0]]
Solution:
[[4 8 6 0 7 5 1 3 2]
 [9 0 7 3 0 2 4 0 6]
 [5 3 1 4 0 6 0 9 8]
 [7 4 2 6 1 0 3 8 5]
 [8 9 0 0 5 4 6 7 0]
 [1 5 3 7 8 9 2 4 0]
 [3 0 5 9 6 8 7 2 1]
 [0 2 4 1 0 7 8 6 3]
 [6 7 8 2 0 3 9 5 4]]
Number of cells unfilled: 15
Accuracy: 81.48148148148148
Sample: 5674
Question:
[[0 0 0 0 0 0 0 6 2]
 [7 0 0 0 0 0 0 3 0]
 [0 1 0 0 0 4 0 0 0]
 [6 0 0 0 0 0 0 0 0]
 [0 0 0 0 0 8 5 0 0]
 [0 0 0 0 0 9 0 7 0]
 [0 8 0 0 0 0 9 0 0]
 [0 0 0 3 0 0 0 0 0]
 [0 5 0 6 0 0 1 0 0]]
Solution:
[[4 8 6 0 7 5 1 3 2]
 [9 0 7 3 0 2 4 0 6]
 [2 3 1 4 0 6 5 9 8]
 [7 4 2 6 1 0 3 8 5]
 [8 9 0 0 5 4 6 7 0]
 [1 5 3 7 8 9 2 4 0]
 [3 0 5 9 6 8 7 2 1]
 [0 2 4 1 0 7 8 6 3]
 [6 7 8 2 0 3 9 5 4]]
Number of cells unfilled: 14
Accuracy: 82.71604938271605
Sample: 5675
Question:
[[0 0 7 8 0 0 0 2 0]
 [0 3 0 0 5 7 0 0 8]
 [8 0 0 0 4 0 0 0 0]
 [0 1 0 0 0 0 9 0 0]
 [7 0 9 3 0 1 0 4 5]
 [4 0 0 5 0 0 0 0 1]
 [0 7 6 0 0 0 0 1 0]
 [0 0 0 0 0 0 0 0 0]
 [3 0 0 7 0 0 0 0 2]]
Solution:
[[4 8 6 0 7 5 0 3 2]
 [9 0 7 3 8 2 4 1 6]
 [5 3 1 4 0 6 0 9 8]
 [7 4 2 6 1 9 3 0 5]
 [8 9 0 0 5 4 6 7 0]
 [1 5 3 7 2 0 8 4 9]
 [3 0 5 9 6 8 7 2 1]
 [0 2 4 1 0 7 0 8 3]
 [6 7 8 2 0 3 9 5 4]]
Number of cells unfilled: 15
Accuracy: 81.48148148148148
Sample: 5676
Question:
[[2 0 3 7 0 0 0 0 0]
 [0 0 0 4 1 0 0 8 0]
 [7 0 0 0 0 0 6 0 2]
 [5 1 0 8 4 0 0 0 0]
 [0 0 4 1 0 0 0 5 0]
 [0 0 0 0 2 0 1 0 0]
 [0 6 0 0 3 0 0 0 5]
 [8 0 0 2 0 0 3 0 0]
 [0 0 0 0 0 8 0 9 0]]
Solution:
[[4 8 6 0 7 5 1 3 2]
 [9 0 7 3 8 2 4 0 6]
 [2 3 1 4 0 6 5 9 8]
 [7 4 2 6 1 9 3 8 5]
 [8 9 0 0 5 4 6 7 0]
 [1 5 3 7 2 0 0 4 9]
 [3 0 5 9 6 8 7 2 1]
 [0 2 4 1 0 7 8 6 3]
 [6 7 8 2 0 3 9 5 4]]
Number of cells unfilled: 13
Accuracy: 83.9506172839506
Sample: 5677
Question:
[[3 0 0 0 0 9 0 0 7]
 [0 1 0 0 5 0 0 0 0]
 [0 0 0 2 0 0 8 0 0]
 [0 0 9 0 0 0 0 0 6]
 [0 3 4 0 0 6 0 0 0]
 [6 0 0 7 0 0 0 9 0]
 [0 0 0 8 0 0 2 0 0]
 [0 0 0 0 1 0 0 5 0]
 [4 0 0 0 0 7 0 0 3]]
Solution:
[[4 8 6 0 7 5 1 3 2]
 [9 0 7 3 8 2 4 0 6]
 [5 3 1 4 0 6 0 9 8]
 [7 4 2 6 1 9 3 0 5]
 [8 9 0 0 5 4 6 1 7]
 [1 5 3 7 2 0 8 4 9]
 [3 0 5 9 6 8 7 2 1]
 [0 2 4 1 0 7 0 8 3]
 [6 7 8 2 0 3 9 5 4]]
Number of cells unfilled: 14
Accuracy: 82.71604938271605
Sample: 5678
Question:
[[3 0 0 0 2 0 5 0 0]
 [0 0 5 0 0 4 0 0 1]
 [0 0 0 7 0 0 0 8 0]
 [6 0 0 0 0 3 0 0 4]
 [0 3 0 0 0 0 0 0 0]
 [0 1 9 0 6 0 2 0 0]
 [2 0 0 0 0 6 1 0 0]
 [0 0 0 8 0 0 0 9 0]
 [0 0 7 0 1 0 0 0 6]]
Solution:
[[4 8 6 0 7 5 0 3 2]
 [9 0 7 3 8 2 4 1 6]
 [5 3 1 4 0 6 0 9 8]
 [7 4 2 6 1 0 3 0 9]
 [8 9 0 0 5 4 6 7 0]
 [1 5 3 7 2 9 8 4 0]
 [3 0 5 9 6 8 7 2 1]
 [0 2 4 1 0 7 0 8 3]
 [6 7 8 2 0 3 9 5 4]]
Number of cells unfilled: 16
Accuracy: 80.24691358024691
Sample: 5679
Question:
[[0 0 0 5 0 0 6 3 0]
 [0 0 9 0 0 0 0 0 2]
 [2 3 0 0 1 0 0 0 0]
 [0 0 0 7 0 0 3 8 4]
 [7 0 0 0 2 0 0 0 0]
 [9 0 0 0 0 0 0 2 0]
 [0 0 4 8 7 0 0 0 6]
 [0 8 0 0 6 0 0 0 0]
 [3 0 0 2 0 0 0 5 0]]
Solution:
[[4 8 6 0 7 5 1 3 2]
 [9 0 7 3 8 2 4 0 6]
 [5 3 1 4 0 6 0 9 8]
 [7 4 2 6 1 9 3 0 5]
 [8 9 0 0 5 4 6 1 7]
 [1 5 3 7 2 0 8 4 9]
 [3 0 5 9 6 8 7 2 1]
 [0 2 4 1 0 7 0 8 3]
 [6 7 8 2 0 3 9 5 4]]
Number of cells unfilled: 14
Accuracy: 82.71604938271605
Sample: 5680
Question:
[[0 0 0 2 0 0 8 0 0]
 [5 0 0 0 0 0 0 0 9]
 [0 1 0 0 0 3 0 7 0]
 [0 4 0 7 0 0 0 0 8]
 [0 0 1 0 3 0 0 4 0]
 [6 0 0 0 0 4 1 0 0]
 [0 0 9 0 5 0 7 0 0]
 [1 0 0 3 8 0 0 0 2]
 [0 6 0 0 0 7 0 8 0]]
Solution:
[[4 8 6 0 7 5 1 3 2]
 [9 0 7 3 0 2 4 0 6]
 [2 3 1 4 0 6 5 9 8]
 [7 4 2 6 1 0 3 8 5]
 [8 9 0 0 5 4 6 1 7]
 [1 5 3 7 8 9 2 4 0]
 [3 0 5 9 6 8 7 2 1]
 [0 2 4 1 0 7 8 6 3]
 [6 7 8 2 0 3 9 5 4]]
Number of cells unfilled: 13
Accuracy: 83.9506172839506
Sample: 5681
Question:
[[0 0 7 0 0 2 0 8 0]
 [2 0 0 0 0 0 0 4 5]
 [0 0 0 0 0 0 0 0 0]
 [0 7 0 0 6 1 5 3 0]
 [0 0 2 0 0 0 0 0 0]
 [0 9 1 0 5 0 7 0 2]
 [0 0 0 0 0 8 0 0 6]
 [0 1 5 6 7 0 4 0 0]
 [6 0 0 0 1 0 0 0 0]]
Solution:
[[4 8 6 0 7 5 1 3 2]
 [9 0 7 3 8 2 4 0 6]
 [5 3 1 4 0 6 0 9 8]
 [7 4 2 6 1 0 3 8 9]
 [8 9 0 0 5 4 6 7 0]
 [1 5 3 7 2 9 0 4 0]
 [3 0 5 9 6 8 7 2 1]
 [0 2 4 1 0 7 8 6 3]
 [6 7 8 2 0 3 9 5 4]]
Number of cells unfilled: 15
Accuracy: 81.48148148148148
Sample: 5682
Question:
[[3 0 0 0 0 1 4 0 0]
 [0 0 0 8 0 3 0 1 6]
 [0 0 0 0 4 0 9 0 0]
 [0 8 5 3 7 0 0 6 0]
 [4 0 9 0 0 0 0 8 0]
 [0 0 7 5 0 0 0 0 0]
 [0 7 3 0 0 0 0 0 0]
 [0 6 0 0 0 0 0 0 1]
 [0 9 0 0 0 0 8 7 0]]
Solution:
[[4 8 6 0 7 5 1 3 2]
 [9 0 7 3 0 2 4 0 6]
 [2 3 1 4 0 6 5 9 8]
 [7 4 2 6 1 9 3 8 5]
 [8 9 0 0 5 4 6 7 0]
 [1 5 3 7 8 0 2 4 9]
 [3 0 5 9 6 8 7 2 1]
 [0 2 4 1 0 7 8 6 3]
 [6 7 8 2 0 3 9 5 4]]
Number of cells unfilled: 13
Accuracy: 83.9506172839506
Sample: 5683
Question:
[[0 0 0 0 0 8 0 0 1]
 [2 0 0 0 1 3 0 0 0]
 [3 0 0 2 0 0 0 8 0]
 [0 3 0 0 0 5 0 0 8]
 [0 0 7 0 0 0 0 5 0]
 [0 6 4 0 8 7 0 0 0]
 [0 0 0 0 9 0 5 0 2]
 [0 0 0 6 0 0 0 0 0]
 [1 0 0 7 0 0 9 0 4]]
Solution:
[[4 8 6 0 7 5 1 3 2]
 [9 0 7 3 8 2 4 0 6]
 [2 3 1 4 0 6 5 9 8]
 [7 4 2 6 1 9 3 0 5]
 [8 9 0 0 5 4 6 1 7]
 [1 5 3 7 2 0 8 4 9]
 [3 0 5 9 6 8 7 2 1]
 [0 2 4 1 0 7 0 8 3]
 [6 7 8 2 0 3 9 5 4]]
Number of cells unfilled: 13
Accuracy: 83.9506172839506
Sample: 5684
Question:
[[6 0 0 0 7 0 3 0 9]
 [0 0 0 1 0 9 0 0 0]
 [0 9 0 3 0 6 0 8 0]
 [1 0 4 0 0 0 0 0 0]
 [3 0 0 6 0 0 1 0 8]
 [0 8 0 0 0 0 0 0 0]
 [0 0 5 7 0 0 0 0 3]
 [7 0 0 0 0 0 0 2 0]
 [9 0 0 0 0 3 6 0 7]]
Solution:
[[4 8 6 0 7 5 1 3 2]
 [9 0 7 3 8 2 5 0 6]
 [5 3 1 4 0 6 0 9 8]
 [7 4 2 6 1 9 3 8 5]
 [8 9 0 0 5 4 6 7 0]
 [1 5 3 7 2 0 0 4 9]
 [3 0 5 9 6 8 7 2 1]
 [0 2 4 1 0 7 8 6 3]
 [6 7 8 2 0 3 9 5 4]]
Number of cells unfilled: 14
Accuracy: 82.71604938271605
Sample: 5685
Question:
[[0 0 3 0 0 1 0 0 0]
 [0 5 0 0 0 0 6 0 1]
 [0 0 2 0 8 7 0 9 3]
 [0 0 0 0 0 0 0 0 0]
 [7 0 0 0 0 0 8 0 0]
 [0 1 0 0 0 3 0 0 0]
 [0 0 0 0 0 9 1 0 0]
 [0 0 0 6 0 0 4 5 0]
 [4 7 9 3 0 0 0 8 0]]
Solution:
[[4 8 6 0 7 5 1 3 2]
 [9 0 7 3 0 2 4 0 6]
 [5 3 1 4 0 6 0 9 8]
 [7 4 2 6 1 9 3 8 5]
 [8 9 0 0 5 4 6 1 7]
 [1 5 3 7 8 0 2 4 9]
 [3 0 5 9 6 8 7 2 1]
 [0 2 4 1 0 7 8 6 3]
 [6 7 8 2 0 3 9 5 4]]
Number of cells unfilled: 13
Accuracy: 83.9506172839506
Sample: 5686
Question:
[[0 0 3 0 7 0 0 8 0]
 [0 7 5 0 0 6 2 0 0]
 [9 0 0 3 0 0 0 0 0]
 [0 0 1 0 0 0 0 0 2]
 [5 0 0 0 6 0 1 0 0]
 [0 0 0 0 0 1 0 5 4]
 [0 8 0 0 0 0 0 0 5]
 [3 0 0 0 9 0 0 0 0]
 [0 0 2 0 0 4 6 0 0]]
Solution:
[[4 8 6 0 7 5 1 3 2]
 [9 0 0 3 8 2 4 7 6]
 [2 3 1 4 0 6 5 9 8]
 [7 4 2 6 1 9 3 8 5]
 [8 9 0 0 5 4 6 1 7]
 [1 5 3 7 2 0 0 4 9]
 [3 0 5 9 6 8 7 2 1]
 [0 2 4 1 0 7 8 6 3]
 [6 7 8 2 0 3 9 5 4]]
Number of cells unfilled: 12
Accuracy: 85.18518518518519
Sample: 5687
Question:
[[0 0 9 5 0 0 0 1 4]
 [0 8 0 0 0 0 5 0 6]
 [5 0 0 0 6 0 8 9 0]
 [0 3 0 0 0 7 0 0 0]
 [2 0 0 0 1 0 0 0 0]
 [0 0 8 2 0 0 0 4 0]
 [0 7 0 0 0 3 0 0 1]
 [0 0 6 9 0 0 0 8 0]
 [0 0 0 0 2 0 4 0 0]]
Solution:
[[4 8 6 0 7 5 0 3 2]
 [9 0 7 3 0 2 4 1 6]
 [5 3 1 4 0 6 0 9 8]
 [7 4 2 6 1 9 3 0 5]
 [8 9 0 0 5 4 6 0 7]
 [1 5 3 7 8 0 2 4 9]
 [3 0 5 9 6 8 7 2 1]
 [0 2 4 1 0 7 0 8 3]
 [6 7 8 2 0 3 9 5 4]]
Number of cells unfilled: 16
Accuracy: 80.24691358024691
Sample: 5688
Question:
[[0 0 0 0 0 0 0 0 0]
 [0 0 2 0 0 0 3 0 9]
 [3 0 8 9 6 0 0 0 0]
 [0 6 9 3 0 0 0 7 5]
 [4 0 0 0 5 0 0 0 0]
 [0 0 0 0 0 7 4 0 0]
 [0 0 0 0 9 4 0 3 6]
 [0 0 0 7 0 6 0 5 0]
 [0 0 0 5 3 0 7 0 4]]
Solution:
[[4 8 6 0 7 5 1 3 2]
 [9 0 7 3 8 2 5 0 6]
 [5 3 1 4 0 6 0 9 8]
 [7 4 2 6 1 9 3 8 5]
 [8 9 0 0 5 4 6 1 7]
 [1 5 3 7 2 0 0 4 9]
 [3 0 5 9 6 8 7 2 1]
 [0 2 4 1 0 7 8 6 3]
 [6 7 8 2 0 3 9 5 4]]
Number of cells unfilled: 13
Accuracy: 83.9506172839506
Sample: 5689
Question:
[[0 0 0 0 0 0 0 0 8]
 [6 0 1 0 0 0 0 0 2]
 [7 0 0 0 0 0 5 0 0]
 [8 0 0 0 2 7 9 0 5]
 [0 7 0 8 5 0 0 4 0]
 [2 0 0 4 0 9 0 0 0]
 [0 0 0 9 7 0 0 0 4]
 [0 0 0 2 0 4 0 0 0]
 [0 0 2 0 8 5 0 0 9]]
Solution:
[[4 8 6 0 7 5 1 3 2]
 [9 0 7 3 8 2 5 0 6]
 [5 3 1 4 0 6 0 9 8]
 [7 4 2 6 1 9 3 8 5]
 [8 9 0 0 5 4 6 1 7]
 [1 5 3 7 2 0 0 4 9]
 [3 0 5 9 6 8 7 2 1]
 [0 2 4 1 0 7 8 6 3]
 [6 7 8 2 0 3 9 5 4]]
Number of cells unfilled: 13
Accuracy: 83.9506172839506
Sample: 5690
Question:
[[0 0 0 0 0 0 0 4 0]
 [0 0 0 9 8 0 0 3 0]
 [0 0 0 0 1 0 0 0 5]
 [0 1 0 0 4 0 0 0 7]
 [6 7 0 0 3 0 0 1 0]
 [4 0 5 0 0 0 6 0 3]
 [7 0 1 0 0 0 0 6 0]
 [3 6 0 1 0 0 5 0 0]
 [0 5 4 3 0 0 0 7 0]]
Solution:
[[4 8 6 0 7 5 1 3 2]
 [9 0 7 3 8 2 4 0 6]
 [5 3 1 4 0 6 0 9 8]
 [7 4 2 6 1 9 3 8 5]
 [8 9 0 0 5 4 6 1 7]
 [1 5 3 7 2 0 0 4 9]
 [3 0 5 9 6 8 7 2 1]
 [0 2 4 1 0 7 8 6 3]
 [6 7 8 2 0 3 9 5 4]]
Number of cells unfilled: 13
Accuracy: 83.9506172839506
Sample: 5691
Question:
[[0 0 0 0 0 1 0 0 0]
 [0 0 8 0 9 0 0 5 0]
 [0 4 2 0 5 7 0 0 0]
 [0 0 0 0 0 0 0 0 7]
 [0 7 0 0 0 3 9 1 0]
 [0 0 0 0 0 5 0 8 3]
 [0 0 7 0 0 8 3 0 5]
 [0 0 1 0 3 9 8 0 0]
 [0 0 0 5 7 0 0 9 1]]
Solution:
[[4 8 6 0 7 5 1 3 2]
 [9 0 7 3 8 2 4 0 6]
 [2 3 1 4 0 6 5 9 8]
 [7 4 2 6 1 9 3 0 5]
 [8 9 0 0 5 4 6 1 7]
 [1 5 3 7 2 0 8 4 9]
 [3 0 5 9 6 8 7 2 1]
 [0 2 4 1 0 7 0 8 3]
 [6 7 8 2 0 3 9 5 4]]
Number of cells unfilled: 13
Accuracy: 83.9506172839506
Sample: 5692
Question:
[[0 0 0 0 9 0 0 2 0]
 [0 0 2 7 0 0 0 0 0]
 [0 0 0 6 0 0 0 8 5]
 [0 9 7 0 0 3 2 0 0]
 [1 0 3 0 0 0 0 6 0]
 [0 0 0 9 1 0 0 7 0]
 [9 7 0 1 0 0 0 0 6]
 [3 0 6 0 0 0 0 0 0]
 [0 2 1 3 0 6 0 0 0]]
Solution:
[[4 8 6 0 7 5 0 3 2]
 [9 0 7 3 8 2 5 1 6]
 [5 3 1 4 0 6 0 9 8]
 [7 4 2 6 1 9 3 0 5]
 [8 9 0 0 5 4 6 7 0]
 [1 5 3 7 2 0 8 4 9]
 [3 0 5 9 6 8 7 2 1]
 [0 2 4 1 0 7 0 8 3]
 [6 7 8 2 0 3 9 5 4]]
Number of cells unfilled: 15
Accuracy: 81.48148148148148
Sample: 5693
Question:
[[0 0 0 0 9 0 1 0 0]
 [0 0 4 0 0 0 0 0 0]
 [9 2 0 0 0 0 7 0 4]
 [3 0 2 6 0 0 0 0 0]
 [6 4 0 0 8 3 0 0 0]
 [0 9 8 4 2 0 0 0 0]
 [0 0 3 9 0 0 0 0 0]
 [0 8 0 3 6 0 9 2 0]
 [0 6 0 0 0 0 0 0 8]]
Solution:
[[4 8 6 0 7 5 1 3 2]
 [9 0 7 3 0 2 4 0 6]
 [5 3 1 4 0 6 0 9 8]
 [7 4 2 6 1 0 3 0 9]
 [8 9 0 0 5 4 6 1 7]
 [1 5 3 7 8 9 2 4 0]
 [3 0 5 9 6 8 7 2 1]
 [0 2 4 1 0 7 0 8 3]
 [6 7 8 2 0 3 9 5 4]]
Number of cells unfilled: 16
Accuracy: 80.24691358024691
Sample: 5694
Question:
[[0 0 0 1 0 0 6 4 0]
 [6 0 8 0 0 0 1 0 3]
 [0 4 0 0 3 0 0 0 0]
 [0 0 0 0 2 3 0 1 4]
 [0 0 0 8 0 1 3 6 0]
 [0 0 0 4 0 0 2 0 8]
 [5 0 0 0 0 0 0 0 6]
 [0 0 0 2 0 0 0 0 0]
 [7 2 0 0 8 6 0 0 0]]
Solution:
[[4 8 6 0 7 5 1 3 2]
 [9 0 7 3 8 2 4 0 6]
 [2 3 1 4 0 6 5 9 8]
 [7 4 2 6 1 9 3 0 5]
 [8 9 0 0 5 4 6 1 7]
 [1 5 3 7 2 0 8 4 9]
 [3 0 5 9 6 8 7 2 1]
 [0 2 4 1 0 7 0 8 3]
 [6 7 8 2 0 3 9 5 4]]
Number of cells unfilled: 13
Accuracy: 83.9506172839506
Sample: 5695
Question:
[[0 0 0 1 0 0 9 0 0]
 [0 0 0 2 6 0 0 5 0]
 [0 0 0 0 0 0 0 4 0]
 [1 0 8 0 0 0 0 3 0]
 [4 9 0 0 5 0 0 8 0]
 [0 3 5 0 1 0 0 0 0]
 [9 0 4 0 0 0 5 0 3]
 [0 1 0 4 0 0 8 9 0]
 [0 8 3 5 0 0 0 1 0]]
Solution:
[[4 8 6 0 7 5 1 3 2]
 [9 0 7 3 8 2 4 0 6]
 [2 3 1 4 0 6 5 9 8]
 [7 4 2 6 1 9 3 0 5]
 [8 9 0 0 5 4 6 1 7]
 [1 5 3 7 2 0 8 4 9]
 [3 0 5 9 6 8 7 2 1]
 [0 2 4 1 0 7 0 8 3]
 [6 7 8 2 0 3 9 5 4]]
Number of cells unfilled: 13
Accuracy: 83.9506172839506
Sample: 5696
Question:
[[0 0 0 5 0 0 0 4 7]
 [0 0 0 0 0 0 0 0 0]
 [2 0 4 9 0 7 0 0 0]
 [7 0 6 0 0 0 0 8 1]
 [0 2 1 0 0 0 6 0 0]
 [4 8 0 0 0 0 7 2 0]
 [8 0 7 4 2 0 1 6 0]
 [0 1 0 0 0 0 4 0 0]
 [6 0 0 0 0 8 0 0 0]]
Solution:
[[4 8 6 0 7 5 1 3 2]
 [9 0 7 3 8 2 5 0 6]
 [5 3 1 4 0 6 0 9 8]
 [7 4 2 6 1 9 3 8 5]
 [8 9 0 0 5 4 6 1 7]
 [1 5 3 7 2 0 0 4 9]
 [3 0 5 9 6 8 7 2 1]
 [0 2 4 1 0 7 8 6 3]
 [6 7 8 2 0 3 9 5 4]]
Number of cells unfilled: 13
Accuracy: 83.9506172839506
Sample: 5697
Question:
[[0 0 0 7 0 1 0 8 0]
 [2 0 0 8 6 0 0 1 4]
 [0 0 0 0 2 4 6 0 0]
 [3 0 4 0 0 0 0 7 2]
 [9 0 0 4 7 0 0 0 0]
 [0 0 0 0 0 0 0 0 0]
 [0 0 0 0 0 0 8 0 0]
 [7 2 0 0 1 8 0 4 6]
 [0 0 6 0 0 0 7 0 1]]
Solution:
[[4 8 6 0 7 5 1 3 2]
 [9 0 0 3 0 2 4 7 6]
 [2 3 1 4 0 6 5 9 8]
 [7 4 2 6 1 0 3 8 9]
 [8 9 0 0 5 4 6 1 7]
 [1 5 3 7 8 9 2 4 0]
 [3 0 5 9 6 8 7 2 1]
 [0 2 4 1 0 7 8 6 3]
 [6 7 8 2 0 3 9 5 4]]
Number of cells unfilled: 13
Accuracy: 83.9506172839506
Sample: 5698
Question:
[[0 0 3 0 0 6 0 0 0]
 [0 0 0 0 1 0 0 0 3]
 [6 1 0 0 0 0 4 9 0]
 [7 4 0 0 9 3 0 0 0]
 [1 0 0 6 0 4 0 0 0]
 [0 3 6 1 7 0 0 0 0]
 [0 9 0 0 0 0 0 8 0]
 [0 0 0 9 4 0 0 5 7]
 [0 0 0 0 0 7 0 0 0]]
Solution:
[[4 8 6 0 7 5 1 3 2]
 [9 0 7 3 0 2 4 0 6]
 [2 3 1 4 0 6 5 9 8]
 [7 4 2 6 1 9 3 8 5]
 [8 9 0 0 5 4 6 7 0]
 [1 5 3 7 8 0 2 4 9]
 [3 0 5 9 6 8 7 2 1]
 [0 2 4 1 0 7 8 6 3]
 [6 7 8 2 0 3 9 5 4]]
Number of cells unfilled: 13
Accuracy: 83.9506172839506
Sample: 5699
Question:
[[0 0 3 0 7 0 0 2 6]
 [6 8 0 0 0 0 7 3 0]
 [0 7 2 0 0 0 5 0 8]
 [0 0 0 0 0 0 0 0 0]
 [0 0 0 0 0 1 0 5 0]
 [2 5 0 0 6 4 0 0 0]
 [0 0 7 0 0 0 3 0 5]
 [0 6 0 2 0 5 0 8 0]
 [8 0 0 0 3 7 0 0 0]]
Solution:
[[4 8 6 0 7 5 0 3 2]
 [9 0 7 3 8 2 4 1 6]
 [2 3 1 4 0 6 5 9 8]
 [7 4 2 6 1 9 3 0 5]
 [8 9 0 0 5 4 6 7 0]
 [1 5 3 7 2 0 8 4 9]
 [3 0 5 9 6 8 7 2 1]
 [0 2 4 1 0 7 0 8 3]
 [6 7 8 2 0 3 9 5 4]]
Number of cells unfilled: 14
Accuracy: 82.71604938271605
Sample: 5700
Question:
[[0 0 6 0 0 5 0 0 2]
 [0 0 0 3 0 0 0 0 0]
 [0 0 0 4 0 6 0 9 8]
 [7 0 2 6 0 0 0 0 0]
 [0 0 0 0 5 0 0 0 0]
 [0 5 3 7 0 0 0 4 0]
 [3 0 5 0 6 0 0 0 0]
 [0 2 4 0 0 7 0 0 3]
 [6 7 0 2 0 0 0 0 4]]
Solution:
[[4 8 6 0 7 5 1 3 2]
 [9 0 7 3 8 2 4 0 6]
 [5 3 1 4 0 6 0 9 8]
 [7 4 2 6 1 0 3 8 9]
 [8 9 0 0 5 4 6 7 0]
 [1 5 3 7 2 9 0 4 0]
 [3 0 5 9 6 8 7 2 1]
 [0 2 4 1 0 7 8 6 3]
 [6 7 8 2 0 3 9 5 4]]
Number of cells unfilled: 15
Accuracy: 81.48148148148148
