2025-10-22 15:24:51.000750: I tensorflow/core/util/port.cc:153] oneDNN custom operations are on. You may see slightly different numerical results due to floating-point round-off errors from different computation orders. To turn them off, set the environment variable `TF_ENABLE_ONEDNN_OPTS=0`.
2025-10-22 15:24:51.750724: I tensorflow/core/platform/cpu_feature_guard.cc:210] This TensorFlow binary is optimized to use available CPU instructions in performance-critical operations.
To enable the following instructions: AVX2 AVX512F AVX512_VNNI FMA, in other operations, rebuild TensorFlow with the appropriate compiler flags.
2025-10-22 15:24:55.875592: I tensorflow/core/util/port.cc:153] oneDNN custom operations are on. You may see slightly different numerical results due to floating-point round-off errors from different computation orders. To turn them off, set the environment variable `TF_ENABLE_ONEDNN_OPTS=0`.
2025-10-22 15:24:59.504603: E external/local_xla/xla/stream_executor/cuda/cuda_platform.cc:51] failed call to cuInit: INTERNAL: CUDA error: Failed call to cuInit: UNKNOWN ERROR (303)
Sample: 56701
Question:
[[0 5 0 7 0 0 0 0 2]
 [0 0 0 5 0 3 7 0 0]
 [0 0 0 0 2 0 0 0 8]
 [0 2 0 0 7 0 8 0 0]
 [6 0 0 9 3 0 2 0 0]
 [0 0 4 0 0 0 0 7 0]
 [0 0 0 0 0 6 0 0 1]
 [0 0 9 3 0 0 0 0 0]
 [0 8 0 0 5 0 3 0 0]]
Solution:
[[4 5 8 6 0 9 1 7 2]
 [9 0 6 8 5 2 3 0 4]
 [1 2 0 7 4 3 9 6 5]
 [5 7 2 0 8 6 0 4 3]
 [8 0 1 5 0 4 6 2 9]
 [6 3 9 2 1 0 5 8 7]
 [2 0 4 9 6 8 7 3 1]
 [7 8 5 1 3 0 4 9 0]
 [0 9 3 4 7 5 8 0 6]]
Number of cells unfilled: 14
Accuracy: 82.71604938271605
Sample: 56702
Question:
[[0 0 5 0 3 0 7 0 0]
 [6 0 0 0 0 4 0 1 0]
 [0 9 0 5 0 0 0 0 3]
 [4 0 0 0 0 0 0 0 0]
 [0 1 2 0 0 0 0 9 0]
 [0 6 9 0 0 2 0 0 4]
 [0 0 6 0 8 0 0 0 0]
 [9 0 0 0 0 1 0 6 0]
 [0 8 0 7 0 0 0 0 2]]
Solution:
[[4 5 8 6 0 9 1 7 2]
 [9 0 6 8 5 2 3 0 4]
 [1 2 0 7 4 3 9 6 8]
 [5 7 2 0 8 6 0 4 3]
 [8 0 1 5 9 4 6 2 7]
 [6 3 4 2 1 7 5 8 9]
 [2 4 0 9 6 8 7 3 1]
 [7 6 5 1 3 0 4 9 0]
 [0 9 3 4 7 5 8 0 6]]
Number of cells unfilled: 12
Accuracy: 85.18518518518519
Sample: 56703
Question:
[[0 0 0 9 0 2 0 0 0]
 [0 2 0 0 0 0 0 5 0]
 [0 0 0 0 0 0 1 0 8]
 [0 3 0 0 2 4 5 1 0]
 [0 0 0 5 0 7 0 4 0]
 [0 0 9 6 0 0 0 8 0]
 [4 6 7 0 0 0 0 0 0]
 [0 8 0 0 7 3 4 0 0]
 [0 0 3 0 0 0 0 0 0]]
Solution:
[[4 5 8 6 0 9 1 7 2]
 [9 0 6 8 5 2 3 0 4]
 [1 2 0 7 4 3 9 6 8]
 [5 7 2 0 8 6 0 4 3]
 [8 0 1 5 0 4 6 2 9]
 [6 3 9 2 1 0 5 8 7]
 [2 0 4 9 6 8 7 3 1]
 [7 8 5 1 3 0 4 9 0]
 [0 9 3 4 7 5 8 0 6]]
Number of cells unfilled: 14
Accuracy: 82.71604938271605
Sample: 56704
Question:
[[0 2 0 3 0 1 0 0 5]
 [0 5 0 9 0 0 3 8 0]
 [6 0 0 0 0 0 0 0 0]
 [0 0 0 0 1 0 0 3 7]
 [0 7 0 2 0 8 5 0 0]
 [0 0 6 0 0 0 8 2 0]
 [0 0 0 0 9 0 0 0 0]
 [0 6 0 8 0 7 0 5 0]
 [0 0 4 0 0 0 7 0 0]]
Solution:
[[4 5 8 6 0 9 1 7 2]
 [9 0 6 8 5 2 3 0 4]
 [1 2 0 7 4 3 9 6 5]
 [5 7 2 0 8 6 0 4 3]
 [8 0 1 5 9 4 6 2 7]
 [6 3 4 2 1 7 5 8 9]
 [2 4 0 9 6 8 7 3 1]
 [7 6 5 1 3 0 4 9 0]
 [0 9 3 4 7 5 8 0 6]]
Number of cells unfilled: 12
Accuracy: 85.18518518518519
Sample: 56705
Question:
[[0 0 0 0 0 5 0 0 4]
 [7 0 0 3 0 0 0 0 0]
 [0 0 0 0 0 0 0 1 0]
 [0 0 0 7 0 0 0 0 1]
 [0 5 0 0 0 0 0 0 0]
 [0 0 3 2 1 0 0 0 0]
 [0 0 0 0 0 6 3 0 0]
 [1 8 0 0 4 0 0 0 0]
 [0 0 0 0 0 0 0 2 0]]
Solution:
[[4 5 8 6 0 9 1 7 2]
 [9 0 6 8 5 2 3 0 4]
 [1 2 0 7 4 3 9 6 5]
 [5 7 2 0 8 6 0 4 3]
 [8 0 1 5 9 4 6 2 7]
 [6 3 4 2 1 7 5 8 9]
 [2 4 0 9 6 8 7 3 1]
 [7 8 5 1 3 0 4 9 0]
 [0 9 3 4 7 5 8 0 6]]
Number of cells unfilled: 12
Accuracy: 85.18518518518519
Sample: 56706
Question:
[[4 0 0 0 6 0 0 0 3]
 [0 0 1 3 0 2 0 0 0]
 [0 3 0 0 0 4 0 5 0]
 [1 0 0 0 0 0 0 8 0]
 [0 9 0 0 0 0 5 0 0]
 [2 0 4 0 0 7 0 0 6]
 [0 1 0 0 7 0 4 0 0]
 [0 0 9 0 0 6 0 0 0]
 [3 0 0 2 0 0 0 0 7]]
Solution:
[[4 5 8 6 0 9 1 7 2]
 [9 0 6 8 5 2 3 0 4]
 [1 2 0 7 4 3 9 6 8]
 [5 7 2 0 8 6 0 4 3]
 [8 0 1 5 9 4 6 2 7]
 [6 3 4 2 1 7 5 8 9]
 [2 4 0 9 6 8 7 3 1]
 [7 8 5 1 3 0 4 9 0]
 [0 9 3 4 7 5 2 0 6]]
Number of cells unfilled: 12
Accuracy: 85.18518518518519
Sample: 56707
Question:
[[0 0 0 8 2 0 4 0 5]
 [0 0 0 6 5 0 3 0 0]
 [0 0 0 0 0 7 0 0 0]
 [0 9 6 0 0 8 0 1 0]
 [0 0 0 9 0 0 0 3 4]
 [4 1 0 5 0 2 0 0 7]
 [0 0 8 0 0 0 0 0 0]
 [9 0 0 2 0 0 0 0 6]
 [5 2 0 0 8 0 0 0 0]]
Solution:
[[4 5 8 6 0 9 1 7 2]
 [9 0 6 8 5 2 3 0 4]
 [1 2 0 7 4 3 9 6 5]
 [5 7 2 0 8 6 0 4 3]
 [8 0 1 5 0 4 6 2 9]
 [6 3 4 2 1 0 5 8 7]
 [2 4 0 9 6 8 7 3 1]
 [7 6 5 1 3 0 4 9 0]
 [0 9 3 4 7 5 8 0 6]]
Number of cells unfilled: 14
Accuracy: 82.71604938271605
Sample: 56708
Question:
[[0 0 0 0 0 0 4 0 0]
 [6 0 9 0 0 0 8 0 0]
 [4 5 0 0 2 0 0 7 0]
 [3 0 0 0 0 4 0 0 0]
 [0 0 0 2 0 0 5 0 4]
 [0 8 0 6 1 3 0 0 0]
 [2 0 0 8 0 1 0 6 7]
 [0 0 0 0 0 0 0 0 3]
 [1 0 6 3 0 0 0 0 8]]
Solution:
[[4 5 8 6 0 9 1 7 2]
 [9 0 6 8 5 2 3 0 4]
 [1 2 0 7 4 3 9 6 8]
 [5 7 2 0 8 6 0 4 3]
 [8 0 1 5 9 4 6 2 7]
 [6 3 4 2 1 7 5 8 9]
 [2 4 0 9 6 8 7 3 1]
 [7 6 5 1 3 0 4 9 0]
 [0 9 3 4 7 5 8 0 6]]
Number of cells unfilled: 12
Accuracy: 85.18518518518519
Sample: 56709
Question:
[[0 8 0 0 0 0 0 0 4]
 [7 0 0 5 0 0 0 3 0]
 [0 0 6 0 1 0 0 0 0]
 [0 7 0 0 0 5 0 0 8]
 [9 0 0 3 0 0 7 0 0]
 [0 0 1 0 6 0 0 0 0]
 [4 0 0 8 5 0 0 0 2]
 [0 0 0 0 0 2 9 0 0]
 [0 2 0 0 3 0 0 5 0]]
Solution:
[[4 5 8 6 0 9 1 7 2]
 [9 0 6 8 0 2 3 5 4]
 [1 2 0 7 4 3 9 6 8]
 [5 7 2 0 8 6 0 4 3]
 [8 0 1 5 9 4 6 2 7]
 [6 3 4 2 1 7 5 8 9]
 [2 4 0 9 6 8 7 3 1]
 [7 6 5 1 3 0 4 9 0]
 [0 9 3 4 7 5 2 0 6]]
Number of cells unfilled: 12
Accuracy: 85.18518518518519
Sample: 56710
Question:
[[4 0 0 0 1 5 2 6 0]
 [0 7 3 0 2 0 0 1 0]
 [0 1 0 0 0 3 0 0 0]
 [5 0 0 0 0 2 0 0 4]
 [9 4 0 0 0 0 5 7 0]
 [0 3 7 0 8 0 9 0 6]
 [0 0 1 6 4 0 0 9 0]
 [0 6 0 0 0 8 3 4 1]
 [8 0 0 0 9 0 0 0 7]]
Solution:
[[4 5 8 6 0 9 1 7 2]
 [9 0 6 8 5 2 3 0 4]
 [1 2 0 7 4 3 9 6 5]
 [5 7 2 0 8 6 0 4 3]
 [8 0 1 5 0 4 6 2 9]
 [6 3 9 2 1 0 5 8 7]
 [2 0 4 9 6 8 7 3 1]
 [7 6 5 1 3 0 4 9 8]
 [0 9 3 4 7 0 2 5 6]]
Number of cells unfilled: 13
Accuracy: 83.9506172839506
Sample: 56711
Question:
[[0 0 0 0 0 2 0 9 0]
 [0 1 0 0 4 0 6 0 0]
 [4 0 0 8 0 0 0 0 0]
 [0 0 6 0 0 0 0 3 0]
 [0 7 1 2 0 0 0 0 0]
 [5 0 0 0 6 0 1 0 0]
 [0 0 0 9 0 0 0 0 3]
 [0 5 0 0 2 0 0 0 8]
 [0 0 4 0 1 0 7 0 0]]
Solution:
[[4 5 8 6 0 9 1 7 2]
 [9 0 6 8 5 2 3 0 4]
 [1 2 0 7 4 3 9 6 5]
 [5 7 2 0 8 6 0 4 3]
 [8 0 1 5 9 4 6 2 7]
 [6 3 4 2 1 7 5 8 9]
 [2 4 0 9 6 8 7 3 1]
 [7 6 5 1 3 0 4 9 0]
 [0 9 3 4 7 5 8 0 6]]
Number of cells unfilled: 12
Accuracy: 85.18518518518519
Sample: 56712
Question:
[[0 0 2 0 8 1 0 9 0]
 [0 3 7 0 5 0 0 0 4]
 [0 0 0 0 0 0 0 3 0]
 [0 2 0 0 3 0 0 0 6]
 [0 0 0 0 0 8 7 1 2]
 [0 0 0 0 0 0 0 0 0]
 [0 6 0 9 1 0 0 4 0]
 [0 0 0 0 0 0 0 7 0]
 [0 0 9 0 4 0 6 0 3]]
Solution:
[[4 5 8 6 0 9 1 7 2]
 [9 0 6 8 5 2 3 0 4]
 [1 2 0 7 4 3 9 6 5]
 [5 7 2 0 8 6 0 4 3]
 [8 0 1 5 0 4 6 2 9]
 [6 3 9 2 1 0 5 8 7]
 [2 0 4 9 6 8 7 3 1]
 [7 6 5 1 3 0 4 9 8]
 [0 9 3 4 7 5 2 0 6]]
Number of cells unfilled: 13
Accuracy: 83.9506172839506
Sample: 56713
Question:
[[0 0 2 4 0 0 0 0 1]
 [0 0 0 0 1 0 6 3 0]
 [5 0 0 9 6 0 0 0 0]
 [0 0 0 3 0 0 0 7 0]
 [2 0 3 0 0 7 9 0 0]
 [0 8 0 0 4 0 0 6 0]
 [9 0 0 0 0 0 2 8 0]
 [0 0 7 0 0 0 5 0 0]
 [0 0 0 5 0 0 4 0 0]]
Solution:
[[4 5 8 6 0 9 1 7 2]
 [9 0 6 8 5 2 3 0 4]
 [1 2 0 7 4 3 9 6 5]
 [5 7 2 0 8 6 0 4 3]
 [8 0 1 5 9 4 6 2 7]
 [6 3 4 2 1 7 5 8 9]
 [2 4 0 9 6 8 7 3 1]
 [7 6 5 1 3 0 4 9 8]
 [0 9 3 4 7 5 2 0 6]]
Number of cells unfilled: 11
Accuracy: 86.41975308641975
Sample: 56714
Question:
[[4 0 9 0 0 0 5 0 0]
 [0 2 0 0 0 4 0 0 1]
 [3 0 1 0 8 0 4 9 0]
 [0 0 0 8 7 0 0 0 0]
 [0 0 0 6 0 3 0 5 0]
 [0 0 3 0 0 1 0 0 9]
 [0 0 0 0 6 0 0 0 0]
 [9 0 0 0 0 2 0 0 3]
 [0 0 2 0 0 8 0 7 0]]
Solution:
[[4 5 8 6 0 9 1 7 2]
 [9 0 6 8 0 2 3 5 4]
 [1 2 0 7 4 3 9 6 8]
 [5 7 2 0 8 6 0 4 3]
 [8 0 1 5 0 4 6 2 9]
 [6 3 4 2 1 0 5 8 7]
 [2 4 0 9 6 8 7 3 1]
 [7 6 5 1 3 0 4 9 0]
 [0 9 3 4 7 5 2 0 6]]
Number of cells unfilled: 14
Accuracy: 82.71604938271605
Sample: 56715
Question:
[[0 0 0 2 0 4 0 0 0]
 [0 9 0 0 3 0 6 0 0]
 [7 0 0 0 0 0 0 0 0]
 [3 0 0 8 0 0 5 0 0]
 [0 0 8 0 5 0 0 6 0]
 [0 5 0 0 0 0 0 0 9]
 [4 0 0 0 0 7 0 0 1]
 [0 3 0 0 8 0 9 0 0]
 [0 0 0 0 0 1 0 2 0]]
Solution:
[[4 5 8 6 0 9 1 7 2]
 [9 0 6 8 5 2 3 0 4]
 [1 2 0 7 4 3 9 6 5]
 [5 7 2 0 8 6 0 4 3]
 [8 0 1 5 0 4 6 2 9]
 [6 3 9 2 1 0 5 8 7]
 [2 0 4 9 6 8 7 3 1]
 [7 6 5 1 3 0 4 9 0]
 [0 9 3 4 7 5 8 0 6]]
Number of cells unfilled: 14
Accuracy: 82.71604938271605
Sample: 56716
Question:
[[0 0 0 7 5 0 0 2 6]
 [0 0 0 0 0 0 0 5 0]
 [0 0 0 0 3 0 8 0 9]
 [4 9 0 0 0 0 2 0 0]
 [0 0 1 0 0 5 0 0 0]
 [0 7 0 4 8 0 0 0 0]
 [0 0 0 3 0 0 0 7 5]
 [0 2 6 0 0 0 0 0 3]
 [0 0 0 8 1 0 0 9 0]]
Solution:
[[4 5 8 6 0 9 1 7 2]
 [9 0 6 8 5 2 3 0 4]
 [1 2 0 7 4 3 9 6 5]
 [5 7 2 0 8 6 0 4 3]
 [8 0 1 5 0 4 6 2 9]
 [6 3 4 2 1 0 5 8 7]
 [2 4 0 9 6 8 7 3 1]
 [7 8 5 1 3 0 4 9 0]
 [0 9 3 4 7 5 8 0 6]]
Number of cells unfilled: 14
Accuracy: 82.71604938271605
Sample: 56717
Question:
[[3 9 0 0 6 0 0 1 7]
 [0 0 7 0 0 0 0 0 0]
 [1 6 0 7 0 0 0 9 0]
 [0 0 9 6 0 0 0 4 3]
 [0 0 0 0 8 0 0 0 0]
 [2 0 6 0 0 4 0 0 0]
 [0 0 0 0 5 0 4 0 0]
 [0 0 3 9 0 0 0 7 1]
 [0 0 0 0 0 0 0 3 0]]
Solution:
[[4 5 8 6 0 9 1 7 2]
 [9 0 6 8 5 2 3 0 4]
 [1 2 0 7 4 3 9 6 5]
 [5 7 2 0 8 6 0 4 3]
 [8 0 1 5 9 4 6 2 7]
 [6 3 4 2 1 7 5 8 9]
 [2 4 0 9 6 8 7 3 1]
 [7 8 5 1 3 0 4 9 0]
 [0 9 3 4 7 5 8 0 6]]
Number of cells unfilled: 12
Accuracy: 85.18518518518519
Sample: 56718
Question:
[[0 0 0 7 0 0 0 8 0]
 [0 0 0 0 3 5 0 0 9]
 [5 9 6 0 0 8 0 0 0]
 [4 0 0 5 0 0 1 7 0]
 [0 0 1 0 2 0 0 0 0]
 [0 8 0 0 0 0 3 6 0]
 [0 0 0 0 0 4 0 0 0]
 [8 0 0 3 0 0 2 4 0]
 [1 0 0 0 0 0 0 0 8]]
Solution:
[[4 5 8 6 0 9 1 7 2]
 [9 0 6 8 0 2 3 5 4]
 [1 2 0 7 4 3 9 6 8]
 [5 7 2 0 8 6 0 4 3]
 [8 0 1 5 9 4 6 2 7]
 [6 3 4 2 1 7 5 8 9]
 [2 4 0 9 6 8 7 3 1]
 [7 8 5 1 3 0 4 9 0]
 [0 9 3 4 7 5 2 0 6]]
Number of cells unfilled: 12
Accuracy: 85.18518518518519
Sample: 56719
Question:
[[1 0 3 0 0 0 0 6 0]
 [8 0 0 7 0 0 0 0 0]
 [0 5 0 0 3 0 0 8 0]
 [6 0 0 0 0 9 8 7 0]
 [0 0 9 0 0 0 4 0 3]
 [0 0 0 1 0 4 6 0 0]
 [0 0 6 0 0 8 7 9 4]
 [0 0 1 4 0 0 0 0 0]
 [0 0 8 0 0 0 0 0 0]]
Solution:
[[4 5 8 6 0 9 1 7 2]
 [9 0 6 8 0 2 3 5 4]
 [1 2 0 7 4 3 9 6 8]
 [5 7 2 0 8 6 0 4 3]
 [8 0 1 5 0 4 6 2 9]
 [6 3 4 2 1 0 5 8 7]
 [2 4 0 9 6 8 7 3 1]
 [7 6 5 1 3 0 4 9 0]
 [0 9 3 4 7 5 8 0 6]]
Number of cells unfilled: 14
Accuracy: 82.71604938271605
Sample: 56720
Question:
[[0 0 0 7 0 0 0 3 0]
 [0 0 0 0 1 0 0 0 0]
 [8 0 0 0 0 4 0 1 6]
 [2 0 0 1 0 0 0 0 0]
 [0 0 0 0 0 0 3 5 0]
 [0 4 0 0 0 9 0 8 2]
 [9 6 0 8 0 0 5 0 0]
 [0 0 2 0 0 6 0 0 8]
 [4 8 0 0 9 0 0 0 3]]
Solution:
[[4 5 8 6 0 9 1 7 2]
 [9 0 6 8 0 2 3 5 4]
 [1 2 0 7 4 3 9 6 8]
 [5 7 2 0 8 6 0 4 3]
 [8 0 1 5 9 4 6 2 7]
 [6 3 4 2 1 7 5 8 9]
 [2 4 0 9 6 8 7 3 1]
 [7 8 5 1 3 0 4 9 0]
 [0 9 3 4 7 5 2 0 6]]
Number of cells unfilled: 12
Accuracy: 85.18518518518519
Sample: 56721
Question:
[[8 1 0 0 4 0 6 0 0]
 [4 0 0 8 9 0 1 0 0]
 [0 0 7 0 0 1 4 0 8]
 [0 8 0 0 0 5 7 0 4]
 [7 0 0 0 0 0 0 6 5]
 [0 0 0 0 0 0 0 2 0]
 [1 0 0 0 0 4 5 0 7]
 [0 0 0 0 0 0 0 0 0]
 [0 0 5 3 0 0 0 0 0]]
Solution:
[[4 5 8 6 0 9 1 7 2]
 [9 0 6 8 0 2 3 5 4]
 [1 2 0 7 4 3 9 6 8]
 [5 7 2 0 8 6 0 4 3]
 [8 0 1 5 9 4 6 2 7]
 [6 3 4 2 1 7 5 8 9]
 [2 4 0 9 6 8 7 3 1]
 [7 6 5 1 3 0 4 9 0]
 [0 9 3 4 7 5 8 0 6]]
Number of cells unfilled: 12
Accuracy: 85.18518518518519
Sample: 56722
Question:
[[9 0 0 8 0 0 0 0 3]
 [0 1 8 0 0 0 0 0 0]
 [0 7 0 0 4 0 0 0 0]
 [0 8 7 9 0 0 0 5 0]
 [0 0 9 0 0 0 0 0 7]
 [5 0 0 0 3 0 0 0 0]
 [8 0 0 3 0 2 0 0 5]
 [0 0 0 0 0 0 2 6 0]
 [7 0 0 5 6 0 0 3 8]]
Solution:
[[4 5 8 6 0 9 1 7 2]
 [9 0 6 8 5 2 3 0 4]
 [1 2 0 7 4 3 9 6 5]
 [5 7 2 0 8 6 0 4 3]
 [8 0 1 5 0 4 6 2 9]
 [6 3 9 2 1 0 5 8 7]
 [2 0 4 9 6 8 7 3 1]
 [7 8 5 1 3 0 4 9 0]
 [0 9 3 4 7 0 8 5 6]]
Number of cells unfilled: 14
Accuracy: 82.71604938271605
Sample: 56723
Question:
[[0 0 0 0 0 3 0 0 7]
 [0 3 0 0 0 0 0 0 5]
 [0 0 0 0 0 0 0 1 0]
 [0 0 0 6 0 0 0 0 0]
 [0 7 0 0 0 5 0 2 0]
 [6 0 9 7 8 0 0 0 0]
 [1 0 3 8 0 7 2 0 0]
 [2 0 0 0 5 1 0 0 0]
 [8 6 0 2 0 0 0 0 9]]
Solution:
[[4 5 8 6 0 9 1 7 2]
 [9 0 6 8 0 2 3 5 4]
 [1 2 0 7 4 3 9 6 8]
 [5 7 2 0 8 6 0 4 3]
 [8 0 1 5 0 4 6 2 9]
 [6 3 4 2 1 0 5 8 7]
 [2 4 0 9 6 8 7 3 1]
 [7 6 5 1 3 0 4 9 0]
 [0 9 3 4 7 5 2 0 6]]
Number of cells unfilled: 14
Accuracy: 82.71604938271605
Sample: 56724
Question:
[[0 0 0 8 0 0 0 7 0]
 [0 0 0 0 0 7 4 0 1]
 [0 0 7 0 4 0 3 0 0]
 [0 0 1 0 0 8 0 3 0]
 [8 0 0 0 5 0 0 0 0]
 [2 0 0 6 0 0 0 0 4]
 [0 0 3 0 0 4 9 1 0]
 [0 0 8 0 0 1 0 4 0]
 [0 0 0 9 0 0 0 0 0]]
Solution:
[[4 5 8 6 0 9 1 7 2]
 [9 0 6 8 0 2 3 5 4]
 [1 2 0 7 4 3 9 6 8]
 [5 7 2 0 8 6 0 4 3]
 [8 0 1 5 0 4 6 2 9]
 [6 3 9 2 1 0 5 8 7]
 [2 0 4 9 6 8 7 3 1]
 [7 8 5 1 3 0 4 9 0]
 [0 9 3 4 7 5 2 0 6]]
Number of cells unfilled: 14
Accuracy: 82.71604938271605
Sample: 56725
Question:
[[0 0 1 0 0 6 0 0 0]
 [0 3 0 5 0 0 6 1 0]
 [0 0 0 0 3 1 4 0 0]
 [2 0 0 0 1 0 0 0 0]
 [0 0 8 7 0 0 0 0 4]
 [0 7 0 0 0 5 1 6 0]
 [0 6 0 0 5 0 3 7 0]
 [0 0 9 0 0 0 0 0 0]
 [0 0 0 0 0 7 0 0 0]]
Solution:
[[4 5 8 6 0 9 1 7 2]
 [9 0 6 8 5 2 3 0 4]
 [1 2 0 7 4 3 9 6 8]
 [5 7 2 0 8 6 0 4 3]
 [8 0 1 5 0 4 6 2 9]
 [6 3 9 2 1 0 5 8 7]
 [2 0 4 9 6 8 7 3 1]
 [7 6 5 1 3 0 4 9 0]
 [0 9 3 4 7 5 8 0 6]]
Number of cells unfilled: 14
Accuracy: 82.71604938271605
Sample: 56726
Question:
[[0 0 6 0 0 0 0 0 0]
 [2 5 0 6 0 0 8 0 0]
 [8 9 0 0 0 5 0 6 0]
 [0 0 2 8 0 0 0 5 0]
 [3 4 0 0 0 7 0 0 0]
 [0 0 0 0 0 2 3 0 0]
 [6 0 0 0 0 4 1 0 0]
 [0 0 9 2 0 0 0 8 0]
 [0 0 0 0 1 0 6 0 7]]
Solution:
[[4 5 8 6 0 9 1 7 2]
 [9 0 6 8 0 2 3 5 4]
 [1 2 0 7 4 3 9 6 8]
 [5 7 2 0 8 6 0 4 3]
 [8 0 1 5 0 4 6 2 9]
 [6 3 4 2 1 0 5 8 7]
 [2 4 0 9 6 8 7 3 1]
 [7 6 5 1 3 0 4 9 0]
 [0 9 3 4 7 5 8 0 6]]
Number of cells unfilled: 14
Accuracy: 82.71604938271605
Sample: 56727
Question:
[[0 7 9 0 0 5 0 0 0]
 [0 0 8 2 0 0 6 0 3]
 [1 3 0 0 0 0 0 0 0]
 [0 0 0 0 0 0 0 0 0]
 [0 0 1 8 0 0 2 0 0]
 [0 2 0 0 5 0 3 0 0]
 [0 0 0 0 0 7 1 0 5]
 [0 0 0 5 6 0 4 2 0]
 [0 9 2 0 0 8 0 0 0]]
Solution:
[[4 5 8 6 0 9 1 7 2]
 [9 0 6 8 5 2 3 0 4]
 [1 2 0 7 4 3 9 6 5]
 [5 7 2 0 8 6 0 4 3]
 [8 0 1 5 0 4 6 2 9]
 [6 3 9 2 1 0 5 8 7]
 [2 0 4 9 6 8 7 3 1]
 [7 6 5 1 3 0 4 9 8]
 [0 9 3 4 7 0 2 5 6]]
Number of cells unfilled: 13
Accuracy: 83.9506172839506
Sample: 56728
Question:
[[2 0 0 0 3 0 1 0 4]
 [4 0 0 0 6 9 3 0 0]
 [0 0 0 0 0 0 0 9 0]
 [0 0 2 0 0 1 4 0 0]
 [1 0 0 0 0 3 0 0 0]
 [0 6 4 0 2 0 0 0 0]
 [0 0 0 5 0 0 0 0 7]
 [6 0 0 0 1 0 2 0 0]
 [0 0 8 3 0 0 0 0 0]]
Solution:
[[4 5 8 6 0 9 1 7 2]
 [9 0 6 8 0 2 3 5 4]
 [1 2 0 7 4 3 9 6 8]
 [5 7 2 0 8 6 0 4 3]
 [8 0 1 5 0 4 6 2 9]
 [6 3 4 2 1 0 5 8 7]
 [2 4 0 9 6 8 7 3 1]
 [7 6 5 1 3 0 4 9 0]
 [0 9 3 4 7 5 8 0 6]]
Number of cells unfilled: 14
Accuracy: 82.71604938271605
Sample: 56729
Question:
[[6 0 0 0 0 0 0 8 0]
 [0 3 0 7 0 0 5 0 0]
 [1 0 0 0 4 0 0 0 0]
 [0 7 9 2 0 0 1 0 0]
 [0 1 0 5 0 0 3 2 0]
 [0 0 0 0 0 0 0 0 9]
 [0 0 3 0 0 0 2 0 0]
 [0 0 1 3 0 0 0 0 5]
 [0 5 0 0 2 7 0 0 0]]
Solution:
[[4 5 8 6 0 9 1 7 2]
 [9 0 6 8 5 2 3 0 4]
 [1 2 0 7 4 3 9 6 5]
 [5 7 2 0 8 6 0 4 3]
 [8 0 1 5 0 4 6 2 9]
 [6 3 9 2 1 0 5 8 7]
 [2 0 4 9 6 8 7 3 1]
 [7 6 5 1 3 0 4 9 8]
 [0 9 3 4 7 5 2 0 6]]
Number of cells unfilled: 13
Accuracy: 83.9506172839506
Sample: 56730
Question:
[[0 0 0 0 0 3 0 7 0]
 [6 0 0 0 9 0 0 0 0]
 [0 0 3 4 0 0 5 0 0]
 [2 0 0 0 0 8 0 0 5]
 [0 9 0 0 6 0 0 0 0]
 [0 0 5 7 0 0 0 1 0]
 [0 0 0 0 2 0 1 4 0]
 [0 0 4 3 0 0 0 0 7]
 [0 8 0 0 0 0 3 0 0]]
Solution:
[[4 5 8 6 0 9 1 7 2]
 [9 0 6 8 0 2 3 5 4]
 [1 2 0 7 4 3 9 6 8]
 [5 7 2 0 8 6 0 4 3]
 [8 0 1 5 0 4 6 2 9]
 [6 3 9 2 1 0 5 8 7]
 [2 0 4 9 6 8 7 3 1]
 [7 8 5 1 3 0 4 9 0]
 [0 9 3 4 7 5 2 0 6]]
Number of cells unfilled: 14
Accuracy: 82.71604938271605
Sample: 56731
Question:
[[0 1 0 6 5 0 0 4 0]
 [0 0 4 0 0 0 0 0 0]
 [6 0 0 4 0 1 0 0 7]
 [4 0 0 1 9 0 0 6 0]
 [0 0 0 0 0 8 0 0 0]
 [0 0 0 0 7 0 2 0 0]
 [0 0 6 9 1 0 0 5 0]
 [9 0 0 0 0 0 3 0 0]
 [1 5 0 0 0 0 0 0 0]]
Solution:
[[4 5 8 6 0 9 1 7 2]
 [9 0 6 8 5 2 3 0 4]
 [1 2 0 7 4 3 9 6 5]
 [5 7 2 0 8 6 0 4 3]
 [8 0 1 5 0 4 6 2 9]
 [6 3 4 2 1 0 5 8 7]
 [2 4 0 9 6 8 7 3 1]
 [7 8 5 1 3 0 4 9 0]
 [0 9 3 4 7 0 8 5 6]]
Number of cells unfilled: 14
Accuracy: 82.71604938271605
Sample: 56732
Question:
[[0 0 8 0 7 0 6 9 0]
 [0 0 7 0 9 4 0 0 5]
 [3 1 0 0 0 5 0 0 0]
 [0 0 3 0 0 0 8 0 0]
 [0 0 0 0 0 1 0 6 7]
 [7 0 0 0 0 0 5 0 3]
 [0 0 0 2 0 7 9 0 0]
 [0 0 0 0 6 0 0 0 0]
 [8 5 2 0 0 9 0 0 0]]
Solution:
[[4 5 8 6 0 9 1 7 2]
 [9 0 6 8 5 2 3 0 4]
 [1 2 0 7 4 3 9 6 5]
 [5 7 2 0 8 6 0 4 3]
 [8 0 1 5 0 4 6 2 9]
 [6 3 4 2 1 0 5 8 7]
 [2 4 0 9 6 8 7 3 1]
 [7 6 5 1 3 0 4 9 8]
 [0 9 3 4 7 0 2 5 6]]
Number of cells unfilled: 13
Accuracy: 83.9506172839506
Sample: 56733
Question:
[[0 0 9 0 0 0 0 5 0]
 [8 1 0 0 0 0 0 0 7]
 [0 0 7 0 0 0 6 0 0]
 [0 4 0 1 2 0 0 0 0]
 [7 0 0 0 8 0 0 0 2]
 [0 0 0 0 0 3 5 0 0]
 [1 0 0 4 0 0 0 0 0]
 [0 0 0 2 0 0 0 0 8]
 [0 0 3 0 0 6 9 0 0]]
Solution:
[[4 5 8 6 0 9 1 7 2]
 [9 0 6 8 5 2 3 0 4]
 [1 2 0 7 4 3 9 6 5]
 [5 7 2 0 8 6 0 4 3]
 [8 0 1 5 0 4 6 2 9]
 [6 3 4 2 1 0 5 8 7]
 [2 4 0 9 6 8 7 3 1]
 [7 6 5 1 3 0 4 9 8]
 [0 9 3 4 7 5 2 0 6]]
Number of cells unfilled: 13
Accuracy: 83.9506172839506
Sample: 56734
Question:
[[0 2 0 0 0 0 0 7 0]
 [0 0 6 4 0 0 9 0 2]
 [9 0 0 0 8 0 1 0 0]
 [0 0 9 0 4 0 0 0 0]
 [0 0 0 0 0 0 0 3 0]
 [2 0 0 6 0 0 5 0 9]
 [5 0 0 0 6 0 7 0 0]
 [0 9 0 5 0 0 6 0 1]
 [6 0 1 0 0 4 0 0 0]]
Solution:
[[4 5 8 6 0 9 1 7 2]
 [9 0 6 8 5 2 3 0 4]
 [1 2 0 7 4 3 9 6 5]
 [5 7 2 0 8 6 0 4 3]
 [8 0 1 5 9 4 6 2 7]
 [6 3 4 2 1 7 5 8 9]
 [2 4 0 9 6 8 7 3 1]
 [7 8 5 1 3 0 4 9 0]
 [0 9 3 4 7 5 8 0 6]]
Number of cells unfilled: 12
Accuracy: 85.18518518518519
Sample: 56735
Question:
[[0 0 0 0 4 0 0 0 7]
 [8 0 7 2 0 9 0 0 4]
 [0 1 0 7 0 0 9 0 8]
 [0 0 0 0 6 0 0 0 9]
 [0 0 1 0 5 0 0 0 0]
 [0 0 0 0 0 0 1 7 0]
 [0 4 0 8 0 6 3 0 0]
 [7 0 9 3 0 0 0 8 1]
 [0 0 0 0 0 0 0 0 0]]
Solution:
[[4 5 8 6 0 9 1 7 2]
 [9 0 6 8 0 2 3 5 4]
 [1 2 0 7 4 3 9 6 8]
 [5 7 2 0 8 6 0 4 3]
 [8 0 1 5 9 4 6 2 7]
 [6 3 4 2 1 7 5 8 9]
 [2 4 0 9 6 8 7 3 1]
 [7 8 5 1 3 0 4 9 0]
 [0 9 3 4 7 5 8 0 6]]
Number of cells unfilled: 12
Accuracy: 85.18518518518519
Sample: 56736
Question:
[[0 0 6 0 7 0 4 0 0]
 [0 0 1 0 0 0 3 9 0]
 [0 0 5 6 0 9 1 0 7]
 [0 0 7 0 5 0 0 0 3]
 [0 0 0 0 6 4 0 0 0]
 [9 0 0 1 0 0 2 0 0]
 [0 0 0 0 0 0 5 0 0]
 [1 0 0 0 0 3 0 8 0]
 [5 0 8 0 0 0 0 0 1]]
Solution:
[[4 5 8 6 0 9 1 7 2]
 [9 0 6 8 5 2 3 0 4]
 [1 2 0 7 4 3 9 6 5]
 [5 7 2 0 8 6 0 4 3]
 [8 0 1 5 0 4 6 2 9]
 [6 3 9 2 1 0 5 8 7]
 [2 0 4 9 6 8 7 3 1]
 [7 6 5 1 3 0 4 9 0]
 [0 9 3 4 7 0 8 5 6]]
Number of cells unfilled: 14
Accuracy: 82.71604938271605
Sample: 56737
Question:
[[2 8 6 0 0 0 3 0 0]
 [0 0 0 0 7 0 1 0 0]
 [7 0 0 0 0 0 0 0 8]
 [0 0 0 0 0 5 6 0 4]
 [0 0 0 7 3 0 0 0 0]
 [4 0 7 6 1 0 0 5 0]
 [0 0 0 5 0 0 0 0 0]
 [0 1 0 0 0 0 4 0 2]
 [6 0 0 0 0 0 7 9 0]]
Solution:
[[4 5 8 6 0 9 1 7 2]
 [9 0 6 8 0 2 3 5 4]
 [1 2 0 7 4 3 9 6 8]
 [5 7 2 0 8 6 0 4 3]
 [8 0 1 5 0 4 6 2 9]
 [6 3 4 2 1 0 5 8 7]
 [2 4 0 9 6 8 7 3 1]
 [7 8 5 1 3 0 4 9 0]
 [0 9 3 4 7 5 2 0 6]]
Number of cells unfilled: 14
Accuracy: 82.71604938271605
Sample: 56738
Question:
[[0 0 0 7 0 9 1 0 0]
 [0 0 5 0 0 1 0 0 0]
 [0 2 4 0 0 0 0 0 0]
 [0 0 0 0 0 0 0 1 0]
 [0 0 0 0 2 0 0 9 7]
 [0 0 3 0 8 0 0 0 0]
 [0 0 0 0 6 0 3 0 0]
 [0 9 0 0 0 0 0 0 0]
 [0 4 0 0 0 0 0 0 0]]
Solution:
[[4 5 8 6 0 9 1 7 2]
 [9 0 6 8 0 2 3 5 4]
 [1 2 0 7 4 3 9 6 8]
 [5 7 2 0 8 6 0 4 3]
 [8 0 1 5 9 4 6 2 7]
 [6 3 4 2 1 7 5 8 9]
 [2 4 0 9 6 8 7 3 1]
 [7 8 5 1 3 0 4 9 0]
 [0 9 3 4 7 5 2 0 6]]
Number of cells unfilled: 12
Accuracy: 85.18518518518519
Sample: 56739
Question:
[[6 0 1 0 0 0 9 0 0]
 [0 0 0 8 0 5 0 0 0]
 [0 0 0 7 0 0 0 0 0]
 [0 0 0 0 3 4 2 0 0]
 [0 0 0 0 6 0 0 0 0]
 [7 3 0 0 0 0 0 0 0]
 [0 0 2 0 0 0 0 0 0]
 [0 0 0 5 0 0 0 0 8]
 [0 0 0 0 0 0 0 6 7]]
Solution:
[[4 5 8 6 0 9 1 7 2]
 [9 0 6 8 5 2 3 0 4]
 [1 2 0 7 4 3 9 6 8]
 [5 7 2 0 8 6 0 4 3]
 [8 0 1 5 0 4 6 2 9]
 [6 3 4 2 1 0 5 8 7]
 [2 4 0 9 6 8 7 3 1]
 [7 6 5 1 3 0 4 9 0]
 [0 9 3 4 7 5 2 0 6]]
Number of cells unfilled: 14
Accuracy: 82.71604938271605
Sample: 56740
Question:
[[0 0 6 0 0 0 0 4 1]
 [0 0 2 0 0 5 0 9 0]
 [1 5 3 0 0 4 0 0 0]
 [0 7 0 0 3 8 0 0 0]
 [0 0 0 5 0 0 0 0 0]
 [9 8 0 0 0 0 0 0 7]
 [0 1 0 4 9 3 0 0 2]
 [4 0 0 0 0 1 0 0 0]
 [0 0 9 0 6 0 0 0 0]]
Solution:
[[4 5 8 6 0 9 1 7 2]
 [9 0 6 8 5 2 3 0 4]
 [1 2 0 7 4 3 9 6 5]
 [5 7 2 0 8 6 0 4 3]
 [8 0 1 5 9 4 6 2 7]
 [6 3 4 2 1 7 5 8 9]
 [2 4 0 9 6 8 7 3 1]
 [7 6 5 1 3 0 4 9 8]
 [0 9 3 4 7 5 2 0 6]]
Number of cells unfilled: 11
Accuracy: 86.41975308641975
Sample: 56741
Question:
[[0 0 0 3 0 0 5 0 2]
 [3 0 0 8 0 0 0 0 0]
 [0 0 9 0 0 0 0 7 0]
 [8 0 0 2 4 0 0 1 0]
 [0 0 7 0 0 0 0 0 5]
 [0 3 0 0 0 8 0 0 0]
 [0 9 0 6 0 0 0 0 4]
 [0 0 0 0 0 1 0 0 0]
 [0 0 4 5 8 2 1 0 0]]
Solution:
[[4 5 8 6 0 9 1 7 2]
 [9 0 6 8 5 2 3 0 4]
 [1 2 0 7 4 3 9 6 5]
 [5 7 2 0 8 6 0 4 3]
 [8 0 1 5 0 4 6 2 9]
 [6 3 9 2 1 0 5 8 7]
 [2 0 4 9 6 8 7 3 1]
 [7 6 5 1 3 0 4 9 8]
 [0 9 3 4 7 5 2 0 6]]
Number of cells unfilled: 13
Accuracy: 83.9506172839506
Sample: 56742
Question:
[[0 3 9 0 0 6 0 0 5]
 [0 0 0 2 7 0 0 0 0]
 [0 0 2 0 0 0 6 0 0]
 [0 5 3 0 0 2 0 6 0]
 [0 0 0 0 0 0 5 0 0]
 [0 0 0 0 4 0 9 0 3]
 [0 0 0 0 2 0 0 0 0]
 [1 0 0 0 0 0 0 8 0]
 [0 2 6 0 0 8 3 0 0]]
Solution:
[[4 5 8 6 0 9 1 7 2]
 [9 0 6 8 0 2 3 5 4]
 [1 2 0 7 4 3 9 6 8]
 [5 7 2 0 8 6 0 4 3]
 [8 0 1 5 0 4 6 2 9]
 [6 3 9 2 1 0 5 8 7]
 [2 0 4 9 6 8 7 3 1]
 [7 8 5 1 3 0 4 9 0]
 [0 9 3 4 7 5 2 0 6]]
Number of cells unfilled: 14
Accuracy: 82.71604938271605
Sample: 56743
Question:
[[4 0 0 0 0 0 8 3 0]
 [0 6 8 0 3 0 0 0 2]
 [0 0 0 9 0 0 6 0 0]
 [5 0 0 0 0 0 0 0 0]
 [0 0 0 0 0 9 0 0 1]
 [0 9 1 0 2 0 3 0 0]
 [0 3 2 0 1 0 0 8 0]
 [0 4 0 0 0 0 0 0 0]
 [0 0 0 7 0 0 2 0 0]]
Solution:
[[4 5 8 6 0 9 1 7 2]
 [9 0 6 8 5 2 3 0 4]
 [1 2 0 7 4 3 9 6 5]
 [5 7 2 0 8 6 0 4 3]
 [8 0 1 5 0 4 6 2 9]
 [6 3 9 2 1 0 5 8 7]
 [2 0 4 9 6 8 7 3 1]
 [7 6 5 1 3 0 4 9 8]
 [0 9 3 4 7 5 2 0 6]]
Number of cells unfilled: 13
Accuracy: 83.9506172839506
Sample: 56744
Question:
[[0 5 6 0 0 4 7 0 0]
 [0 0 0 0 0 0 0 2 5]
 [8 0 0 5 0 0 0 0 0]
 [0 0 0 9 0 6 0 0 0]
 [0 6 7 0 5 0 9 0 0]
 [0 0 0 4 0 7 0 1 0]
 [0 9 5 6 0 0 4 0 0]
 [0 1 0 0 0 0 0 0 0]
 [0 2 0 0 0 0 0 0 3]]
Solution:
[[4 5 8 6 0 9 1 7 2]
 [9 0 6 8 0 2 3 5 4]
 [1 2 0 7 4 3 9 6 8]
 [5 7 2 0 8 6 0 4 3]
 [8 0 1 5 0 4 6 2 9]
 [6 3 4 2 1 0 5 8 7]
 [2 4 0 9 6 8 7 3 1]
 [7 6 5 1 3 0 4 9 0]
 [0 9 3 4 7 5 2 0 6]]
Number of cells unfilled: 14
Accuracy: 82.71604938271605
Sample: 56745
Question:
[[0 0 4 0 0 0 2 0 0]
 [0 6 0 0 0 0 0 7 0]
 [1 0 0 0 9 0 0 0 6]
 [8 0 0 0 0 6 0 0 1]
 [0 5 0 3 1 0 0 0 0]
 [0 0 0 9 8 0 0 3 0]
 [0 7 0 0 0 0 0 4 0]
 [3 0 0 8 0 0 0 0 9]
 [0 0 2 0 5 0 0 0 0]]
Solution:
[[4 5 8 6 0 9 1 7 2]
 [9 0 6 8 5 2 3 0 4]
 [1 2 0 7 4 3 9 6 8]
 [5 7 2 0 8 6 0 4 3]
 [8 0 1 5 0 4 6 2 9]
 [6 3 4 2 1 0 5 8 7]
 [2 4 0 9 6 8 7 3 1]
 [7 8 5 1 3 0 4 9 0]
 [0 9 3 4 7 5 8 0 6]]
Number of cells unfilled: 14
Accuracy: 82.71604938271605
Sample: 56746
Question:
[[0 4 0 0 0 5 0 0 0]
 [0 0 0 0 6 0 0 3 0]
 [0 0 6 7 0 0 8 0 0]
 [0 0 8 0 0 7 2 0 0]
 [9 0 0 0 0 0 0 0 3]
 [0 7 0 5 0 0 0 1 0]
 [0 1 0 8 0 0 0 0 2]
 [0 0 2 0 7 0 5 0 0]
 [4 0 0 2 0 0 0 9 0]]
Solution:
[[4 5 8 6 0 9 1 7 2]
 [9 0 6 8 0 2 3 5 4]
 [1 2 0 7 4 3 9 6 8]
 [5 7 2 0 8 6 0 4 3]
 [8 0 1 5 0 4 6 2 9]
 [6 3 4 2 1 0 5 8 7]
 [2 4 0 9 6 8 7 3 1]
 [7 6 5 1 3 0 4 9 0]
 [0 9 3 4 7 5 8 0 6]]
Number of cells unfilled: 14
Accuracy: 82.71604938271605
Sample: 56747
Question:
[[0 0 1 0 0 4 0 0 0]
 [7 0 0 0 8 0 0 6 0]
 [0 3 0 5 0 0 2 0 0]
 [0 0 4 0 0 1 0 0 6]
 [0 0 0 8 0 0 5 0 0]
 [9 0 0 0 5 0 0 2 0]
 [0 0 7 0 0 0 0 0 3]
 [3 0 0 0 7 8 6 0 0]
 [0 8 0 3 0 0 0 9 0]]
Solution:
[[4 5 8 6 0 9 1 7 2]
 [9 0 6 8 5 2 3 0 4]
 [1 2 0 7 4 3 9 6 5]
 [5 7 2 0 8 6 0 4 3]
 [8 0 1 5 9 4 6 2 7]
 [6 3 4 2 1 7 5 8 9]
 [2 4 0 9 6 8 7 3 1]
 [7 6 5 1 3 0 4 9 8]
 [0 9 3 4 7 5 2 0 6]]
Number of cells unfilled: 11
Accuracy: 86.41975308641975
Sample: 56748
Question:
[[0 2 0 0 1 0 0 4 0]
 [1 0 0 0 0 7 0 0 2]
 [0 0 3 2 0 0 1 0 0]
 [6 0 0 0 7 0 0 1 0]
 [0 0 0 9 0 0 8 0 0]
 [0 0 5 0 0 3 0 0 7]
 [3 0 0 0 6 0 0 0 0]
 [0 0 8 0 0 0 9 0 0]
 [0 4 0 7 0 8 0 5 0]]
Solution:
[[4 5 8 6 0 9 1 7 2]
 [9 0 6 8 5 2 3 0 4]
 [1 2 0 7 4 3 9 6 5]
 [5 7 2 0 8 6 0 4 3]
 [8 0 1 5 0 4 6 2 9]
 [6 3 9 2 1 0 5 8 7]
 [2 0 4 9 6 8 7 3 1]
 [7 6 5 1 3 0 4 9 8]
 [0 9 3 4 7 0 2 5 6]]
Number of cells unfilled: 13
Accuracy: 83.9506172839506
Sample: 56749
Question:
[[0 0 0 0 0 1 0 0 0]
 [0 0 2 4 0 0 9 0 0]
 [0 0 0 0 8 0 2 3 0]
 [0 7 0 0 3 0 0 2 0]
 [9 0 0 0 0 0 1 0 0]
 [0 3 1 6 0 0 8 0 7]
 [5 8 0 0 0 0 0 0 0]
 [6 9 0 0 1 0 3 0 5]
 [0 0 0 0 7 0 0 8 0]]
Solution:
[[4 5 8 6 0 9 1 7 2]
 [9 0 6 8 0 2 3 5 4]
 [1 2 0 7 4 3 9 6 8]
 [5 7 2 0 8 6 0 4 3]
 [8 0 1 5 0 4 6 2 9]
 [6 3 4 2 1 0 5 8 7]
 [2 4 0 9 6 8 7 3 1]
 [7 8 5 1 3 0 4 9 0]
 [0 9 3 4 7 5 2 0 6]]
Number of cells unfilled: 14
Accuracy: 82.71604938271605
Sample: 56750
Question:
[[0 0 0 0 0 0 2 0 0]
 [1 2 0 0 0 3 0 4 0]
 [0 0 4 6 0 0 0 0 3]
 [0 0 0 7 0 0 0 0 0]
 [9 0 0 0 6 0 0 7 0]
 [0 0 2 0 0 4 3 0 0]
 [0 8 0 5 0 0 0 0 0]
 [2 0 0 0 8 0 0 9 5]
 [0 0 1 0 0 6 4 0 0]]
Solution:
[[4 5 8 6 0 9 1 7 2]
 [9 0 6 8 0 2 3 5 4]
 [1 2 0 7 4 3 9 6 8]
 [5 7 2 0 8 6 0 4 3]
 [8 0 1 5 0 4 6 2 9]
 [6 3 9 2 1 0 5 8 7]
 [2 0 4 9 6 8 7 3 1]
 [7 6 5 1 3 0 4 9 0]
 [0 9 3 4 7 5 2 0 6]]
Number of cells unfilled: 14
Accuracy: 82.71604938271605
Sample: 56751
Question:
[[0 0 0 4 0 0 9 0 0]
 [6 0 0 2 0 0 0 0 0]
 [0 4 0 0 5 0 0 0 2]
 [0 0 8 0 3 0 1 0 0]
 [3 0 0 0 0 0 0 9 0]
 [0 5 0 7 0 0 0 2 3]
 [8 0 0 5 0 0 0 6 0]
 [0 7 0 0 0 4 0 0 5]
 [0 0 0 0 7 0 0 1 0]]
Solution:
[[4 5 8 6 0 9 1 7 2]
 [9 0 6 8 0 2 3 5 4]
 [1 2 0 7 4 3 9 6 8]
 [5 7 2 0 8 6 0 4 3]
 [8 0 1 5 0 4 6 2 9]
 [6 3 9 2 1 0 5 8 7]
 [2 0 4 9 6 8 7 3 1]
 [7 8 5 1 3 0 4 9 0]
 [0 9 3 4 7 5 8 0 6]]
Number of cells unfilled: 14
Accuracy: 82.71604938271605
Sample: 56752
Question:
[[0 9 0 0 0 5 0 2 0]
 [4 0 0 0 0 0 9 0 0]
 [1 0 2 0 9 0 0 0 6]
 [0 0 0 3 0 8 0 0 0]
 [0 0 0 0 0 6 0 7 8]
 [0 1 0 0 5 0 6 0 0]
 [0 4 1 0 6 0 2 0 0]
 [0 0 7 0 0 0 0 0 0]
 [3 2 0 5 0 0 0 0 4]]
Solution:
[[4 5 8 6 0 9 1 7 2]
 [9 0 6 8 0 2 3 5 4]
 [1 2 0 7 4 3 9 6 8]
 [5 7 2 0 8 6 0 4 3]
 [8 0 1 5 0 4 6 2 9]
 [6 3 4 2 1 0 5 8 7]
 [2 4 0 9 6 8 7 3 1]
 [7 6 5 1 3 0 4 9 0]
 [0 9 3 4 7 5 2 0 6]]
Number of cells unfilled: 14
Accuracy: 82.71604938271605
Sample: 56753
Question:
[[0 6 0 0 1 0 4 0 0]
 [0 0 0 9 0 0 0 0 0]
 [0 0 2 0 0 6 0 9 7]
 [0 0 0 0 5 0 0 1 0]
 [0 0 0 6 0 0 5 0 0]
 [0 5 0 0 0 1 0 4 8]
 [0 4 0 0 6 0 8 0 0]
 [0 0 3 2 0 5 0 0 0]
 [7 0 0 0 0 3 0 0 0]]
Solution:
[[4 5 8 6 0 9 1 7 2]
 [9 0 6 8 5 2 3 0 4]
 [1 2 0 7 4 3 9 6 5]
 [5 7 2 0 8 6 0 4 3]
 [8 0 1 5 9 4 6 2 7]
 [6 3 4 2 1 7 5 8 9]
 [2 4 0 9 6 8 7 3 1]
 [7 6 5 1 3 0 4 9 8]
 [0 9 3 4 7 5 2 0 6]]
Number of cells unfilled: 11
Accuracy: 86.41975308641975
Sample: 56754
Question:
[[2 0 0 0 9 0 0 7 0]
 [0 7 0 0 0 2 1 0 0]
 [0 0 8 4 0 0 0 0 0]
 [0 0 0 0 5 0 0 0 0]
 [0 2 0 0 0 3 0 1 0]
 [4 0 0 9 0 0 0 0 0]
 [8 0 0 0 1 0 7 3 0]
 [0 3 0 0 0 6 0 0 1]
 [5 0 0 0 0 0 2 6 0]]
Solution:
[[4 5 8 6 0 9 1 7 2]
 [9 0 6 8 0 2 3 5 4]
 [1 2 0 7 4 3 9 6 8]
 [5 7 2 0 8 6 0 4 3]
 [8 0 1 5 0 4 6 2 9]
 [6 3 9 2 1 0 5 8 7]
 [2 0 4 9 6 8 7 3 1]
 [7 8 5 1 3 0 4 9 0]
 [0 9 3 4 7 5 2 0 6]]
Number of cells unfilled: 14
Accuracy: 82.71604938271605
Sample: 56755
Question:
[[1 0 0 0 3 0 5 4 0]
 [0 9 5 0 0 0 0 0 0]
 [0 2 0 0 0 0 0 8 9]
 [5 0 0 0 1 0 4 0 0]
 [0 0 0 8 0 6 0 7 0]
 [0 0 6 0 0 0 0 2 0]
 [0 0 0 0 7 0 0 5 4]
 [0 0 0 3 0 1 7 0 0]
 [7 0 0 0 0 0 0 0 0]]
Solution:
[[4 5 8 6 0 9 1 7 2]
 [9 0 6 8 5 2 3 0 4]
 [1 2 0 7 4 3 9 6 5]
 [5 7 2 0 8 6 0 4 3]
 [8 0 1 5 0 4 6 2 9]
 [6 3 9 2 1 0 5 8 7]
 [2 0 4 9 6 8 7 3 1]
 [7 6 5 1 3 0 4 9 8]
 [0 9 3 4 7 5 2 0 6]]
Number of cells unfilled: 13
Accuracy: 83.9506172839506
Sample: 56756
Question:
[[9 4 0 0 0 0 0 0 0]
 [8 6 0 0 0 0 0 5 0]
 [0 0 7 0 0 4 6 0 0]
 [6 0 0 0 0 9 4 0 0]
 [0 0 0 2 0 0 0 0 5]
 [0 0 0 0 3 0 0 1 0]
 [0 9 0 0 0 7 8 0 0]
 [7 0 0 0 0 0 0 2 3]
 [0 0 0 0 1 0 0 0 0]]
Solution:
[[4 5 8 6 0 9 1 7 2]
 [9 0 6 8 5 2 3 0 4]
 [1 2 0 7 4 3 9 6 5]
 [5 7 2 0 8 6 0 4 3]
 [8 0 1 5 0 4 6 2 9]
 [6 3 9 2 1 0 5 8 7]
 [2 0 4 9 6 8 7 3 1]
 [7 6 5 1 3 0 4 9 8]
 [0 9 3 4 7 0 2 5 6]]
Number of cells unfilled: 13
Accuracy: 83.9506172839506
Sample: 56757
Question:
[[0 0 0 0 7 0 0 0 0]
 [3 0 0 9 0 1 0 8 0]
 [7 0 9 0 0 4 0 5 0]
 [1 0 0 0 0 5 8 3 0]
 [0 6 0 0 0 0 0 0 2]
 [0 7 3 0 0 0 0 0 0]
 [0 0 0 4 0 0 0 1 0]
 [4 0 0 0 1 0 3 0 8]
 [0 0 0 0 0 8 4 0 5]]
Solution:
[[4 5 8 6 0 9 1 7 2]
 [9 0 6 8 0 2 3 5 4]
 [1 2 0 7 4 3 9 6 8]
 [5 7 2 0 8 6 0 4 3]
 [8 0 1 5 0 4 6 2 9]
 [6 3 9 2 1 0 5 8 7]
 [2 0 4 9 6 8 7 3 1]
 [7 6 5 1 3 0 4 9 0]
 [0 9 3 4 7 5 8 0 6]]
Number of cells unfilled: 14
Accuracy: 82.71604938271605
Sample: 56758
Question:
[[7 0 0 0 5 9 1 0 0]
 [1 0 0 8 0 0 0 4 2]
 [0 0 2 0 4 0 0 5 0]
 [2 0 0 0 9 0 0 0 0]
 [0 4 1 0 0 2 0 8 5]
 [0 0 5 7 0 0 0 0 6]
 [5 0 8 0 3 7 0 2 9]
 [3 0 0 6 0 0 0 0 0]
 [0 7 6 0 0 0 0 1 8]]
Solution:
[[4 5 8 6 0 9 1 7 2]
 [9 0 6 8 5 2 3 0 4]
 [1 2 0 7 4 3 9 6 5]
 [5 7 2 0 8 6 0 4 3]
 [8 0 1 5 9 4 6 2 7]
 [6 3 4 2 1 7 5 8 9]
 [2 4 0 9 6 8 7 3 1]
 [7 8 5 1 3 0 4 9 0]
 [0 9 3 4 7 5 8 0 6]]
Number of cells unfilled: 12
Accuracy: 85.18518518518519
Sample: 56759
Question:
[[2 0 0 0 6 9 0 0 0]
 [0 0 0 5 2 0 4 6 0]
 [0 0 0 0 0 8 0 0 0]
 [5 0 0 0 0 0 1 0 0]
 [0 4 3 0 9 6 0 0 0]
 [0 0 7 0 0 0 0 2 0]
 [0 0 0 0 0 3 0 0 7]
 [6 0 4 0 0 0 5 0 1]
 [0 1 0 8 0 0 0 0 6]]
Solution:
[[4 5 8 6 0 9 1 7 2]
 [9 0 6 8 0 2 3 5 4]
 [1 2 0 7 4 3 9 6 8]
 [5 7 2 0 8 6 0 4 3]
 [8 0 1 5 0 4 6 2 9]
 [6 3 9 2 1 0 5 8 7]
 [2 0 4 9 6 8 7 3 1]
 [7 8 5 1 3 0 4 9 0]
 [0 9 3 4 7 5 8 0 6]]
Number of cells unfilled: 14
Accuracy: 82.71604938271605
Sample: 56760
Question:
[[0 3 1 9 0 7 0 4 0]
 [8 7 5 0 2 0 0 0 6]
 [0 0 9 5 0 8 0 0 2]
 [0 5 6 0 3 2 1 0 9]
 [3 1 0 0 0 5 0 8 0]
 [0 0 0 0 4 0 0 0 0]
 [7 8 0 0 0 0 3 0 0]
 [0 0 0 4 0 9 5 0 0]
 [0 0 2 1 7 0 4 0 0]]
Solution:
[[4 5 8 6 0 9 1 7 2]
 [9 0 6 8 0 2 3 5 4]
 [1 2 0 7 4 3 9 6 8]
 [5 7 2 0 8 6 0 4 3]
 [8 0 1 5 9 4 6 2 7]
 [6 3 4 2 1 7 5 8 9]
 [2 4 0 9 6 8 7 3 1]
 [7 8 5 1 3 0 4 9 0]
 [0 9 3 4 7 5 8 0 6]]
Number of cells unfilled: 12
Accuracy: 85.18518518518519
Sample: 56761
Question:
[[0 0 5 0 0 0 0 0 4]
 [1 0 0 4 0 0 0 3 0]
 [0 9 0 0 8 0 6 0 0]
 [0 0 7 0 0 6 2 0 0]
 [0 2 0 8 0 0 0 0 0]
 [9 0 6 0 2 0 0 0 0]
 [0 0 0 0 0 0 0 0 1]
 [0 0 0 3 0 0 0 5 0]
 [0 8 0 0 9 0 7 0 0]]
Solution:
[[4 5 8 6 0 9 1 7 2]
 [9 0 6 8 0 2 3 5 4]
 [1 2 0 7 4 3 9 6 8]
 [5 7 2 0 8 6 0 4 3]
 [8 0 1 5 0 4 6 2 9]
 [6 3 9 2 1 0 5 8 7]
 [2 0 4 9 6 8 7 3 1]
 [7 8 5 1 3 0 4 9 0]
 [0 9 3 4 7 5 2 0 6]]
Number of cells unfilled: 14
Accuracy: 82.71604938271605
Sample: 56762
Question:
[[4 0 0 0 0 5 0 0 0]
 [0 0 0 3 0 0 0 0 1]
 [0 0 0 2 7 0 0 0 8]
 [0 4 2 1 8 0 0 3 0]
 [0 0 0 0 6 0 0 0 2]
 [0 6 1 0 0 2 0 7 0]
 [0 3 0 0 0 0 9 6 0]
 [1 9 0 0 3 0 0 0 0]
 [7 8 6 0 0 0 3 0 0]]
Solution:
[[4 5 8 6 0 9 1 7 2]
 [9 0 6 8 5 2 3 0 4]
 [1 2 0 7 4 3 9 6 5]
 [5 7 2 0 8 6 0 4 3]
 [8 0 1 5 0 4 6 2 9]
 [6 3 9 2 1 0 5 8 7]
 [2 0 4 9 6 8 7 3 1]
 [7 6 5 1 3 0 4 9 8]
 [0 9 3 4 7 0 2 5 6]]
Number of cells unfilled: 13
Accuracy: 83.9506172839506
Sample: 56763
Question:
[[0 0 0 0 0 0 0 0 8]
 [0 0 5 0 0 3 1 4 0]
 [0 0 0 0 9 0 0 5 7]
 [0 0 7 0 1 0 4 9 0]
 [5 0 0 0 0 0 0 0 0]
 [0 0 0 0 0 4 0 0 6]
 [0 0 1 9 0 0 3 7 0]
 [2 0 0 0 3 1 0 0 0]
 [0 5 0 0 0 7 0 0 0]]
Solution:
[[4 5 8 6 0 9 1 7 2]
 [9 0 6 8 5 2 3 0 4]
 [1 2 0 7 4 3 9 6 5]
 [5 7 2 0 8 6 0 4 3]
 [8 0 1 5 9 4 6 2 7]
 [6 3 4 2 1 7 5 8 9]
 [2 4 0 9 6 8 7 3 1]
 [7 8 5 1 3 0 4 9 0]
 [0 9 3 4 7 5 8 0 6]]
Number of cells unfilled: 12
Accuracy: 85.18518518518519
Sample: 56764
Question:
[[0 0 7 4 3 2 0 0 5]
 [0 0 2 1 0 0 0 0 4]
 [0 0 0 0 0 6 9 0 0]
 [2 0 0 0 5 0 0 0 1]
 [0 0 5 0 0 0 0 0 0]
 [1 7 0 2 0 0 4 0 0]
 [0 3 0 0 0 0 0 0 0]
 [0 0 1 3 0 0 0 0 7]
 [8 0 0 0 0 0 0 3 0]]
Solution:
[[4 5 8 6 0 9 1 7 2]
 [9 0 6 8 5 2 3 0 4]
 [1 2 0 7 4 3 9 6 5]
 [5 7 2 0 8 6 0 4 3]
 [8 0 1 5 9 4 6 2 7]
 [6 3 4 2 1 7 5 8 9]
 [2 4 0 9 6 8 7 3 1]
 [7 6 5 1 3 0 4 9 8]
 [0 9 3 4 7 5 2 0 6]]
Number of cells unfilled: 11
Accuracy: 86.41975308641975
Sample: 56765
Question:
[[0 0 8 0 3 0 0 0 0]
 [2 0 3 5 0 0 0 0 8]
 [0 5 0 0 0 0 7 0 0]
 [0 0 0 2 0 0 6 0 0]
 [0 3 0 0 5 0 0 0 4]
 [9 0 0 0 0 4 0 0 0]
 [0 0 0 4 0 0 0 1 0]
 [0 2 1 0 7 0 0 0 5]
 [0 8 0 1 2 0 0 0 7]]
Solution:
[[4 5 8 6 0 9 1 7 2]
 [9 0 6 8 5 2 3 0 4]
 [1 2 0 7 4 3 9 6 5]
 [5 7 2 0 8 6 0 4 3]
 [8 0 1 5 0 4 6 2 9]
 [6 3 9 2 1 0 5 8 7]
 [2 0 4 9 6 8 7 3 1]
 [7 6 5 1 3 0 4 9 0]
 [0 9 3 4 7 5 8 0 6]]
Number of cells unfilled: 14
Accuracy: 82.71604938271605
Sample: 56766
Question:
[[0 0 6 0 0 8 0 0 0]
 [0 3 0 7 0 0 4 0 5]
 [7 0 0 0 0 6 0 0 3]
 [9 7 0 0 0 0 1 0 8]
 [0 0 0 0 0 0 5 0 9]
 [0 0 8 1 7 0 0 0 2]
 [0 0 5 0 0 0 2 0 0]
 [3 0 0 0 2 0 0 0 6]
 [4 9 0 0 0 0 0 0 0]]
Solution:
[[4 5 8 6 0 9 1 7 2]
 [9 0 6 8 5 2 3 0 4]
 [1 2 0 7 4 3 9 6 8]
 [5 7 2 0 8 6 0 4 3]
 [8 0 1 5 0 4 6 2 9]
 [6 3 9 2 1 0 5 8 7]
 [2 0 4 9 6 8 7 3 1]
 [7 8 5 1 3 0 4 9 0]
 [0 9 3 4 7 0 2 5 6]]
Number of cells unfilled: 14
Accuracy: 82.71604938271605
Sample: 56767
Question:
[[0 0 0 0 0 0 1 4 0]
 [0 6 0 0 7 0 0 5 0]
 [0 2 0 3 0 6 0 9 0]
 [0 5 2 0 0 0 0 0 9]
 [4 0 0 0 0 0 0 0 0]
 [9 0 0 0 0 2 0 6 1]
 [6 0 1 0 5 0 0 3 8]
 [0 0 0 1 0 8 6 0 4]
 [0 0 0 9 0 0 0 0 0]]
Solution:
[[4 5 8 6 0 9 1 7 2]
 [9 0 6 8 0 2 3 5 4]
 [1 2 0 7 4 3 9 6 8]
 [5 7 2 0 8 6 0 4 3]
 [8 0 1 5 0 4 6 2 9]
 [6 3 4 2 1 0 5 8 7]
 [2 4 0 9 6 8 7 3 1]
 [7 6 5 1 3 0 4 9 0]
 [0 9 3 4 7 5 2 0 6]]
Number of cells unfilled: 14
Accuracy: 82.71604938271605
Sample: 56768
Question:
[[0 0 0 7 0 0 0 1 0]
 [2 1 0 0 0 9 8 0 0]
 [0 5 0 0 0 0 0 0 0]
 [3 4 0 0 0 8 0 2 0]
 [0 0 5 6 0 0 0 0 0]
 [0 0 0 0 4 0 0 0 0]
 [9 8 0 0 0 3 0 0 1]
 [0 0 4 0 0 0 9 3 0]
 [5 3 0 0 0 0 2 8 0]]
Solution:
[[4 5 8 6 0 9 1 7 2]
 [9 0 6 8 5 2 3 0 4]
 [1 2 0 7 4 3 9 6 5]
 [5 7 2 0 8 6 0 4 3]
 [8 0 1 5 9 4 6 2 7]
 [6 3 4 2 1 7 5 8 9]
 [2 4 0 9 6 8 7 3 1]
 [7 6 5 1 3 0 4 9 0]
 [0 9 3 4 7 5 8 0 6]]
Number of cells unfilled: 12
Accuracy: 85.18518518518519
Sample: 56769
Question:
[[0 0 0 0 0 9 0 5 6]
 [0 5 0 0 2 1 4 0 0]
 [7 3 0 0 8 0 0 0 0]
 [0 0 4 8 0 5 0 0 3]
 [0 0 0 9 0 0 0 4 0]
 [0 0 7 0 0 0 0 0 9]
 [1 2 0 0 5 0 0 0 0]
 [0 4 0 0 3 0 2 0 8]
 [0 0 0 0 0 0 0 0 0]]
Solution:
[[4 5 8 6 0 9 1 7 2]
 [9 0 6 8 0 2 3 5 4]
 [1 2 0 7 4 3 9 6 8]
 [5 7 2 0 8 6 0 4 3]
 [8 0 1 5 9 4 6 2 7]
 [6 3 4 2 1 7 5 8 9]
 [2 4 0 9 6 8 7 3 1]
 [7 8 5 1 3 0 4 9 0]
 [0 9 3 4 7 5 2 0 6]]
Number of cells unfilled: 12
Accuracy: 85.18518518518519
Sample: 56770
Question:
[[0 2 0 0 6 8 0 0 5]
 [5 0 0 2 0 0 0 0 0]
 [0 0 8 0 0 9 0 2 0]
 [0 5 0 9 0 0 0 6 0]
 [0 0 0 0 0 0 0 0 7]
 [4 0 0 0 3 0 0 0 0]
 [0 8 0 6 0 0 1 5 0]
 [1 0 0 0 9 0 0 0 0]
 [0 6 0 8 0 1 0 9 0]]
Solution:
[[4 5 8 6 0 9 1 7 2]
 [9 0 6 8 0 2 3 5 4]
 [1 2 0 7 4 3 9 6 8]
 [5 7 2 0 8 6 0 4 3]
 [8 0 1 5 0 4 6 2 9]
 [6 3 9 2 1 0 5 8 7]
 [2 0 4 9 6 8 7 3 1]
 [7 8 5 1 3 0 4 9 0]
 [0 9 3 4 7 5 8 0 6]]
Number of cells unfilled: 14
Accuracy: 82.71604938271605
Sample: 56771
Question:
[[0 0 5 0 1 0 0 2 0]
 [0 0 0 5 0 0 6 0 0]
 [8 0 0 0 9 6 0 0 0]
 [0 0 1 0 6 0 7 0 0]
 [5 0 0 8 0 0 0 0 0]
 [4 0 0 9 0 1 0 0 0]
 [0 4 0 0 0 0 1 7 0]
 [0 5 0 0 0 9 2 3 0]
 [0 0 3 0 2 0 0 0 6]]
Solution:
[[4 5 8 6 0 9 1 7 2]
 [9 0 6 8 5 2 3 0 4]
 [1 2 0 7 4 3 9 6 8]
 [5 7 2 0 8 6 0 4 3]
 [8 0 1 5 0 4 6 2 9]
 [6 3 9 2 1 0 5 8 7]
 [2 0 4 9 6 8 7 3 1]
 [7 6 5 1 3 0 4 9 0]
 [0 9 3 4 7 5 8 0 6]]
Number of cells unfilled: 14
Accuracy: 82.71604938271605
Sample: 56772
Question:
[[0 0 1 0 0 0 0 6 0]
 [0 6 0 1 0 0 0 9 0]
 [5 0 0 0 3 0 4 0 0]
 [0 0 8 2 0 0 0 4 0]
 [0 0 0 0 0 9 0 0 8]
 [7 0 0 0 4 0 5 0 0]
 [2 0 0 0 0 0 0 0 0]
 [0 0 7 0 2 0 0 5 4]
 [0 0 0 7 0 3 2 0 0]]
Solution:
[[4 5 8 6 0 9 1 7 2]
 [9 0 6 8 5 2 3 0 4]
 [1 2 0 7 4 3 9 6 8]
 [5 7 2 0 8 6 0 4 3]
 [8 0 1 5 0 4 6 2 9]
 [6 3 4 2 1 0 5 8 7]
 [2 4 0 9 6 8 7 3 1]
 [7 8 5 1 3 0 4 9 0]
 [0 9 3 4 7 5 2 0 6]]
Number of cells unfilled: 14
Accuracy: 82.71604938271605
Sample: 56773
Question:
[[0 0 0 0 2 0 6 3 0]
 [0 0 0 0 7 0 0 2 5]
 [0 0 0 0 0 8 0 0 0]
 [8 2 5 0 0 0 1 9 0]
 [0 0 9 0 0 0 0 8 6]
 [1 4 0 0 0 0 3 0 0]
 [4 0 0 0 1 0 0 0 0]
 [0 0 1 0 0 7 0 0 0]
 [9 0 0 2 0 3 0 7 0]]
Solution:
[[4 5 8 6 0 9 1 7 2]
 [9 0 6 8 0 2 3 5 4]
 [1 2 0 7 4 3 9 6 8]
 [5 7 2 0 8 6 0 4 3]
 [8 0 1 5 0 4 6 2 9]
 [6 3 9 2 1 0 5 8 7]
 [2 0 4 9 6 8 7 3 1]
 [7 6 5 1 3 0 4 9 0]
 [0 9 3 4 7 5 8 0 6]]
Number of cells unfilled: 14
Accuracy: 82.71604938271605
Sample: 56774
Question:
[[0 0 0 0 0 7 4 0 0]
 [0 0 1 0 0 0 5 0 6]
 [3 0 0 0 0 2 0 0 0]
 [0 0 0 0 0 0 0 2 0]
 [0 9 0 6 5 0 0 0 0]
 [7 0 0 0 0 0 0 0 0]
 [0 0 0 0 0 3 0 7 0]
 [0 4 5 0 9 0 0 0 0]
 [0 0 0 0 0 0 0 0 0]]
Solution:
[[4 5 8 6 0 9 1 7 2]
 [9 0 6 8 5 2 3 0 4]
 [1 2 0 7 4 3 9 6 5]
 [5 7 2 0 8 6 0 4 3]
 [8 0 1 5 0 4 6 2 9]
 [6 3 4 2 1 0 5 8 7]
 [2 4 0 9 6 8 7 3 1]
 [7 6 5 1 3 0 4 9 0]
 [0 9 3 4 7 5 8 0 6]]
Number of cells unfilled: 14
Accuracy: 82.71604938271605
Sample: 56775
Question:
[[0 1 0 0 0 4 8 0 0]
 [0 9 8 0 5 0 0 0 0]
 [7 0 0 0 0 9 0 4 0]
 [3 2 4 9 0 5 0 1 0]
 [0 0 0 2 0 0 0 0 0]
 [0 5 0 0 0 1 9 0 0]
 [0 0 0 0 0 0 0 0 4]
 [0 6 1 4 0 0 0 0 9]
 [0 0 2 5 0 0 7 8 0]]
Solution:
[[4 5 8 6 0 9 1 7 2]
 [9 0 6 8 5 2 3 0 4]
 [1 2 0 7 4 3 9 6 5]
 [5 7 2 0 8 6 0 4 3]
 [8 0 1 5 9 4 6 2 7]
 [6 3 4 2 1 7 5 8 9]
 [2 4 0 9 6 8 7 3 1]
 [7 6 5 1 3 0 4 9 8]
 [0 9 3 4 7 5 2 0 6]]
Number of cells unfilled: 11
Accuracy: 86.41975308641975
Sample: 56776
Question:
[[0 0 9 0 0 0 0 0 5]
 [1 0 0 0 5 0 0 4 0]
 [0 3 0 8 0 0 9 0 0]
 [0 0 8 0 0 2 0 0 3]
 [7 0 0 0 4 0 0 5 0]
 [0 2 0 0 0 0 0 0 0]
 [6 0 0 1 0 7 5 0 4]
 [0 0 0 0 6 0 1 0 0]
 [0 0 0 4 0 0 0 7 0]]
Solution:
[[4 5 8 6 0 9 1 7 2]
 [9 0 6 8 5 2 3 0 4]
 [1 2 0 7 4 3 9 6 5]
 [5 7 2 0 8 6 0 4 3]
 [8 0 1 5 0 4 6 2 9]
 [6 3 4 2 1 0 5 8 7]
 [2 4 0 9 6 8 7 3 1]
 [7 6 5 1 3 0 4 9 8]
 [0 9 3 4 7 0 2 5 6]]
Number of cells unfilled: 13
Accuracy: 83.9506172839506
Sample: 56777
Question:
[[0 1 0 0 2 0 0 4 0]
 [4 0 0 6 0 0 0 0 0]
 [2 0 8 0 0 0 5 0 0]
 [8 4 0 0 0 0 7 0 0]
 [0 0 9 0 4 0 0 2 0]
 [1 0 0 3 0 0 0 0 0]
 [9 0 0 0 1 0 0 8 0]
 [0 0 0 7 0 0 0 0 5]
 [0 0 1 0 0 3 6 0 0]]
Solution:
[[4 5 8 6 0 9 1 7 2]
 [9 0 6 8 5 2 3 0 4]
 [1 2 0 7 4 3 9 6 5]
 [5 7 2 0 8 6 0 4 3]
 [8 0 1 5 0 4 6 2 9]
 [6 3 4 2 1 0 5 8 7]
 [2 4 0 9 6 8 7 3 1]
 [7 6 5 1 3 0 4 9 0]
 [0 9 3 4 7 5 8 0 6]]
Number of cells unfilled: 14
Accuracy: 82.71604938271605
Sample: 56778
Question:
[[5 0 0 0 0 9 0 2 0]
 [0 0 1 6 0 0 0 0 3]
 [0 0 0 0 3 0 0 0 0]
 [0 0 2 0 0 0 0 4 0]
 [0 4 9 0 0 8 2 0 5]
 [8 5 0 0 0 0 0 0 9]
 [0 7 0 0 1 0 6 0 0]
 [2 0 0 0 0 4 0 5 0]
 [0 0 0 7 0 0 0 0 0]]
Solution:
[[4 5 8 6 0 9 1 7 2]
 [9 0 6 8 5 2 3 0 4]
 [1 2 0 7 4 3 9 6 5]
 [5 7 2 0 8 6 0 4 3]
 [8 0 1 5 0 4 6 2 9]
 [6 3 4 2 1 0 5 8 7]
 [2 4 0 9 6 8 7 3 1]
 [7 6 5 1 3 0 4 9 8]
 [0 9 3 4 7 0 2 5 6]]
Number of cells unfilled: 13
Accuracy: 83.9506172839506
Sample: 56779
Question:
[[1 0 0 0 9 6 0 0 0]
 [0 5 3 0 0 0 0 0 0]
 [0 0 0 0 0 0 7 0 0]
 [0 0 8 7 0 0 0 0 0]
 [2 0 0 8 0 9 0 6 0]
 [0 9 1 3 0 5 0 0 0]
 [0 0 7 1 0 3 0 0 8]
 [0 0 0 0 0 7 0 1 5]
 [5 0 0 0 0 0 4 0 0]]
Solution:
[[4 5 8 6 0 9 1 7 2]
 [9 0 6 8 0 2 3 5 4]
 [1 2 0 7 4 3 9 6 8]
 [5 7 2 0 8 6 0 4 3]
 [8 0 1 5 9 4 6 2 7]
 [6 3 4 2 1 7 5 8 9]
 [2 4 0 9 6 8 7 3 1]
 [7 8 5 1 3 0 4 9 0]
 [0 9 3 4 7 5 8 0 6]]
Number of cells unfilled: 12
Accuracy: 85.18518518518519
Sample: 56780
Question:
[[5 0 0 0 0 0 0 7 3]
 [1 0 0 0 6 0 0 0 0]
 [0 2 0 3 0 1 0 0 0]
 [0 4 0 1 0 0 9 0 0]
 [9 1 8 0 0 0 7 0 0]
 [0 0 0 0 0 0 2 8 0]
 [6 0 0 0 0 4 3 0 0]
 [0 3 0 8 0 0 5 2 0]
 [0 5 4 0 0 0 0 0 0]]
Solution:
[[4 5 8 6 0 9 1 7 2]
 [9 0 6 8 0 2 3 5 4]
 [1 2 0 7 4 3 9 6 8]
 [5 7 2 0 8 6 0 4 3]
 [8 0 1 5 0 4 6 2 9]
 [6 3 9 2 1 0 5 8 7]
 [2 0 4 9 6 8 7 3 1]
 [7 8 5 1 3 0 4 9 0]
 [0 9 3 4 7 5 2 0 6]]
Number of cells unfilled: 14
Accuracy: 82.71604938271605
Sample: 56781
Question:
[[0 0 0 0 0 9 0 7 0]
 [0 0 5 1 0 0 0 0 2]
 [1 0 0 0 6 0 4 0 0]
 [0 0 1 0 7 4 0 0 8]
 [0 0 0 0 0 5 0 9 0]
 [0 5 0 2 0 0 0 0 4]
 [0 2 3 0 0 6 0 0 0]
 [5 0 0 8 0 0 0 0 3]
 [0 0 8 0 0 0 0 4 0]]
Solution:
[[4 5 8 6 0 9 1 7 2]
 [9 0 6 8 5 2 3 0 4]
 [1 2 0 7 4 3 9 6 5]
 [5 7 2 0 8 6 0 4 3]
 [8 0 1 5 9 4 6 2 7]
 [6 3 4 2 1 7 5 8 9]
 [2 4 0 9 6 8 7 3 1]
 [7 6 5 1 3 0 4 9 0]
 [0 9 3 4 7 5 8 0 6]]
Number of cells unfilled: 12
Accuracy: 85.18518518518519
Sample: 56782
Question:
[[0 0 0 0 0 0 0 8 0]
 [0 6 0 8 0 0 3 7 0]
 [7 0 0 0 3 0 1 0 6]
 [0 0 3 0 0 0 0 0 0]
 [0 0 7 2 0 0 0 0 0]
 [0 9 0 0 6 0 7 0 8]
 [9 0 0 0 0 0 0 5 0]
 [0 1 0 4 0 0 0 0 0]
 [0 0 6 0 8 0 9 0 1]]
Solution:
[[4 5 8 6 0 9 1 7 2]
 [9 0 6 8 0 2 3 5 4]
 [1 2 0 7 4 3 9 6 8]
 [5 7 2 0 8 6 0 4 3]
 [8 0 1 5 9 4 6 2 7]
 [6 3 4 2 1 7 5 8 9]
 [2 4 0 9 6 8 7 3 1]
 [7 8 5 1 3 0 4 9 0]
 [0 9 3 4 7 5 2 0 6]]
Number of cells unfilled: 12
Accuracy: 85.18518518518519
Sample: 56783
Question:
[[0 4 7 0 3 0 0 0 6]
 [3 0 0 0 0 9 0 0 0]
 [0 0 8 4 0 0 3 0 0]
 [0 0 0 2 0 5 0 0 0]
 [4 0 0 0 7 0 6 0 0]
 [0 0 0 0 0 6 0 7 2]
 [8 0 0 0 9 0 7 0 0]
 [0 0 0 0 0 0 0 1 8]
 [0 1 5 0 0 0 0 6 0]]
Solution:
[[4 5 8 6 0 9 1 7 2]
 [9 0 6 8 5 2 3 0 4]
 [1 2 0 7 4 3 9 6 5]
 [5 7 2 0 8 6 0 4 3]
 [8 0 1 5 0 4 6 2 9]
 [6 3 9 2 1 0 5 8 7]
 [2 0 4 9 6 8 7 3 1]
 [7 6 5 1 3 0 4 9 8]
 [0 9 3 4 7 5 2 0 6]]
Number of cells unfilled: 13
Accuracy: 83.9506172839506
Sample: 56784
Question:
[[0 0 0 0 0 0 8 0 9]
 [0 6 0 0 9 0 3 0 5]
 [1 0 0 0 2 0 0 0 0]
 [0 0 0 9 3 0 0 5 0]
 [0 4 0 0 6 2 0 0 0]
 [0 0 8 1 0 0 0 0 0]
 [0 7 0 0 0 3 0 6 0]
 [9 0 1 0 0 0 0 3 0]
 [0 0 4 0 0 0 7 0 0]]
Solution:
[[4 5 8 6 0 9 1 7 2]
 [9 0 6 8 0 2 3 5 4]
 [1 2 0 7 4 3 9 6 8]
 [5 7 2 0 8 6 0 4 3]
 [8 0 1 5 0 4 6 2 9]
 [6 3 9 2 1 0 5 8 7]
 [2 0 4 9 6 8 7 3 1]
 [7 6 5 1 3 0 4 9 0]
 [0 9 3 4 7 5 8 0 6]]
Number of cells unfilled: 14
Accuracy: 82.71604938271605
Sample: 56785
Question:
[[8 0 0 6 5 0 2 0 1]
 [3 7 0 0 4 0 0 6 0]
 [0 0 0 9 0 0 4 5 3]
 [0 0 9 0 1 8 0 0 7]
 [0 0 0 0 0 4 0 0 0]
 [0 4 1 2 3 9 5 0 0]
 [9 0 0 8 0 0 6 0 4]
 [0 1 0 0 0 0 0 0 0]
 [0 3 2 0 7 5 1 0 8]]
Solution:
[[4 5 8 6 0 9 1 7 2]
 [9 0 6 8 5 2 3 0 4]
 [1 2 0 7 4 3 9 6 5]
 [5 7 2 0 8 6 0 4 3]
 [8 0 1 5 0 4 6 2 9]
 [6 3 9 2 1 0 5 8 7]
 [2 0 4 9 6 8 7 3 1]
 [7 6 5 1 3 0 4 9 0]
 [0 9 3 4 7 5 8 0 6]]
Number of cells unfilled: 14
Accuracy: 82.71604938271605
Sample: 56786
Question:
[[2 0 0 6 0 0 0 0 0]
 [0 0 0 9 3 0 0 0 0]
 [0 9 0 0 0 4 3 0 6]
 [0 5 0 0 4 0 9 0 3]
 [0 0 0 3 0 0 5 1 0]
 [0 0 1 0 0 0 0 8 4]
 [0 6 0 4 0 0 1 0 5]
 [0 0 0 0 0 0 0 0 8]
 [7 0 0 0 0 5 0 0 0]]
Solution:
[[4 5 8 6 0 9 1 7 2]
 [9 0 6 8 0 2 3 5 4]
 [1 2 0 7 4 3 9 6 8]
 [5 7 2 0 8 6 0 4 3]
 [8 0 1 5 0 4 6 2 9]
 [6 3 9 2 1 0 5 8 7]
 [2 0 4 9 6 8 7 3 1]
 [7 8 5 1 3 0 4 9 0]
 [0 9 3 4 7 5 2 0 6]]
Number of cells unfilled: 14
Accuracy: 82.71604938271605
Sample: 56787
Question:
[[0 0 8 0 0 9 0 0 5]
 [0 0 0 3 0 0 0 0 6]
 [0 9 0 0 6 5 0 0 7]
 [2 0 0 0 0 0 7 0 0]
 [0 5 0 0 0 0 0 0 0]
 [0 4 0 1 2 0 8 0 0]
 [0 0 0 0 5 0 0 0 2]
 [0 0 0 2 4 8 1 6 0]
 [0 0 0 6 0 0 0 3 0]]
Solution:
[[4 5 8 6 0 9 1 7 2]
 [9 0 6 8 5 2 3 0 4]
 [1 2 0 7 4 3 9 6 8]
 [5 7 2 0 8 6 0 4 3]
 [8 0 1 5 0 4 6 2 9]
 [6 3 9 2 1 0 5 8 7]
 [2 0 4 9 6 8 7 3 1]
 [7 8 5 1 3 0 4 9 0]
 [0 9 3 4 7 5 2 0 6]]
Number of cells unfilled: 14
Accuracy: 82.71604938271605
Sample: 56788
Question:
[[0 0 0 0 0 2 0 4 0]
 [9 0 0 8 1 0 0 0 0]
 [0 0 5 0 0 0 0 0 8]
 [0 0 0 2 5 4 0 0 1]
 [0 9 0 0 0 3 7 0 0]
 [0 0 0 0 0 0 6 0 5]
 [0 4 0 0 2 5 0 0 0]
 [3 2 7 0 8 9 0 0 0]
 [0 0 0 3 0 0 0 0 0]]
Solution:
[[4 5 8 6 0 9 1 7 2]
 [9 0 6 8 0 2 3 5 4]
 [1 2 0 7 4 3 9 6 8]
 [5 7 2 0 8 6 0 4 3]
 [8 0 1 5 0 4 6 2 9]
 [6 3 9 2 1 0 5 8 7]
 [2 0 4 9 6 8 7 3 1]
 [7 8 5 1 3 0 4 9 0]
 [0 9 3 4 7 5 8 0 6]]
Number of cells unfilled: 14
Accuracy: 82.71604938271605
Sample: 56789
Question:
[[0 0 8 6 0 0 0 3 0]
 [5 0 0 0 7 0 0 0 0]
 [0 4 0 0 0 8 0 0 2]
 [0 0 1 0 0 7 0 6 0]
 [0 0 0 0 1 0 9 0 0]
 [4 0 0 3 6 0 0 0 1]
 [2 0 0 0 0 0 0 0 9]
 [0 1 0 0 0 0 0 0 5]
 [0 0 3 0 8 0 0 1 0]]
Solution:
[[4 5 8 6 0 9 1 7 2]
 [9 0 6 8 5 2 3 0 4]
 [1 2 0 7 4 3 9 6 5]
 [5 7 2 0 8 6 0 4 3]
 [8 0 1 5 0 4 6 2 9]
 [6 3 9 2 1 0 5 8 7]
 [2 0 4 9 6 8 7 3 1]
 [7 6 5 1 3 0 4 9 0]
 [0 9 3 4 7 0 8 5 6]]
Number of cells unfilled: 14
Accuracy: 82.71604938271605
Sample: 56790
Question:
[[0 3 0 0 0 0 0 9 0]
 [0 0 6 1 0 0 7 0 0]
 [0 0 0 0 5 0 0 0 8]
 [0 8 0 0 0 0 0 2 0]
 [0 4 0 0 0 0 0 0 3]
 [0 0 2 0 7 0 6 0 0]
 [0 2 0 6 1 0 0 0 9]
 [0 0 1 0 0 5 2 0 0]
 [4 0 0 7 2 0 0 0 0]]
Solution:
[[4 5 8 6 0 9 1 7 2]
 [9 0 6 8 0 2 3 5 4]
 [1 2 0 7 4 3 9 6 8]
 [5 7 2 0 8 6 0 4 3]
 [8 0 1 5 0 4 6 2 9]
 [6 3 9 2 1 0 5 8 7]
 [2 0 4 9 6 8 7 3 1]
 [7 8 5 1 3 0 4 9 0]
 [0 9 3 4 7 5 8 0 6]]
Number of cells unfilled: 14
Accuracy: 82.71604938271605
Sample: 56791
Question:
[[0 0 6 0 1 0 0 8 0]
 [0 4 0 0 8 0 0 0 9]
 [0 0 0 2 0 0 0 0 0]
 [0 7 0 0 4 0 0 9 0]
 [0 0 3 0 0 0 5 0 4]
 [4 0 0 1 0 0 0 0 0]
 [0 5 0 0 7 0 9 0 0]
 [2 0 0 0 0 1 0 0 8]
 [3 0 0 0 0 6 0 7 0]]
Solution:
[[4 5 8 6 0 9 1 7 2]
 [9 0 6 8 5 2 3 0 4]
 [1 2 0 7 4 3 9 6 5]
 [5 7 2 0 8 6 0 4 3]
 [8 0 1 5 9 4 6 2 7]
 [6 3 4 2 1 7 5 8 9]
 [2 4 0 9 6 8 7 3 1]
 [7 8 5 1 3 0 4 9 0]
 [0 9 3 4 7 5 8 0 6]]
Number of cells unfilled: 12
Accuracy: 85.18518518518519
Sample: 56792
Question:
[[0 3 0 8 0 0 0 5 0]
 [0 0 2 0 0 3 0 0 9]
 [0 0 1 0 0 0 0 0 0]
 [0 0 3 0 9 0 6 0 0]
 [0 0 0 4 0 0 0 0 1]
 [0 8 0 0 0 5 0 9 0]
 [0 4 0 0 8 0 0 7 0]
 [3 0 0 5 0 4 0 0 6]
 [2 0 0 0 0 7 0 0 0]]
Solution:
[[4 5 8 6 0 9 1 7 2]
 [9 0 6 8 5 2 3 0 4]
 [1 2 0 7 4 3 9 6 5]
 [5 7 2 0 8 6 0 4 3]
 [8 0 1 5 9 4 6 2 7]
 [6 3 4 2 1 7 5 8 9]
 [2 4 0 9 6 8 7 3 1]
 [7 8 5 1 3 0 4 9 0]
 [0 9 3 4 7 5 8 0 6]]
Number of cells unfilled: 12
Accuracy: 85.18518518518519
Sample: 56793
Question:
[[0 0 8 0 0 0 0 7 0]
 [0 7 0 5 0 0 0 0 4]
 [3 0 0 0 1 0 2 0 0]
 [6 0 0 0 0 0 9 0 5]
 [8 0 0 0 0 0 4 0 0]
 [0 5 0 4 0 0 0 2 0]
 [0 9 0 2 0 0 7 0 0]
 [1 0 0 0 6 0 0 0 2]
 [0 0 0 0 0 3 0 0 0]]
Solution:
[[4 5 8 6 0 9 1 7 2]
 [9 0 6 8 5 2 3 0 4]
 [1 2 0 7 4 3 9 6 5]
 [5 7 2 0 8 6 0 4 3]
 [8 0 1 5 0 4 6 2 9]
 [6 3 4 2 1 0 5 8 7]
 [2 4 0 9 6 8 7 3 1]
 [7 6 5 1 3 0 4 9 8]
 [0 9 3 4 7 0 2 5 6]]
Number of cells unfilled: 13
Accuracy: 83.9506172839506
Sample: 56794
Question:
[[0 2 0 0 0 1 0 0 6]
 [0 3 0 0 9 0 0 0 0]
 [0 0 5 8 0 0 1 0 0]
 [0 0 9 0 1 0 7 0 0]
 [0 4 0 0 0 0 0 3 0]
 [2 0 0 0 0 0 0 0 0]
 [0 0 0 0 8 0 0 6 0]
 [0 0 0 5 7 0 0 4 0]
 [0 0 8 0 0 9 5 0 0]]
Solution:
[[4 5 8 6 0 9 1 7 2]
 [9 0 6 8 0 2 3 5 4]
 [1 2 0 7 4 3 9 6 8]
 [5 7 2 0 8 6 0 4 3]
 [8 0 1 5 0 4 6 2 9]
 [6 3 9 2 1 0 5 8 7]
 [2 0 4 9 6 8 7 3 1]
 [7 6 5 1 3 0 4 9 0]
 [0 9 3 4 7 5 2 0 6]]
Number of cells unfilled: 14
Accuracy: 82.71604938271605
Sample: 56795
Question:
[[1 0 0 0 3 5 0 0 6]
 [0 7 9 0 0 2 0 0 5]
 [0 0 0 0 1 0 0 0 2]
 [0 0 2 0 4 0 0 8 0]
 [0 5 0 0 0 1 0 0 0]
 [4 9 0 0 2 0 3 0 0]
 [0 0 0 9 0 0 0 0 4]
 [0 0 7 0 0 0 6 0 0]
 [2 0 0 0 0 3 0 0 0]]
Solution:
[[4 5 8 6 0 9 1 7 2]
 [9 0 6 8 5 2 3 0 4]
 [1 2 0 7 4 3 9 6 5]
 [5 7 2 0 8 6 0 4 3]
 [8 0 1 5 0 4 6 2 9]
 [6 3 9 2 1 0 5 8 7]
 [2 0 4 9 6 8 7 3 1]
 [7 6 5 1 3 0 4 9 8]
 [0 9 3 4 7 0 2 5 6]]
Number of cells unfilled: 13
Accuracy: 83.9506172839506
Sample: 56796
Question:
[[2 0 0 0 0 0 0 8 0]
 [0 6 4 0 0 0 0 0 3]
 [0 0 0 0 0 0 9 0 0]
 [8 0 0 0 1 0 0 2 0]
 [0 0 6 0 0 7 0 0 4]
 [0 0 0 6 0 0 0 0 0]
 [1 0 0 0 2 0 0 0 0]
 [0 3 0 7 0 0 0 0 5]
 [0 0 7 5 0 4 0 0 0]]
Solution:
[[4 5 8 6 0 9 1 7 2]
 [9 0 6 8 5 2 3 0 4]
 [1 2 0 7 4 3 9 6 5]
 [5 7 2 0 8 6 0 4 3]
 [8 0 1 5 0 4 6 2 9]
 [6 3 9 2 1 0 5 8 7]
 [2 0 4 9 6 8 7 3 1]
 [7 6 5 1 3 0 4 9 8]
 [0 9 3 4 7 0 2 5 6]]
Number of cells unfilled: 13
Accuracy: 83.9506172839506
Sample: 56797
Question:
[[0 0 0 0 1 0 0 0 0]
 [0 0 7 6 5 0 0 0 3]
 [5 0 8 4 0 0 9 0 0]
 [0 8 4 9 0 3 0 0 0]
 [0 1 0 5 0 8 0 7 0]
 [3 0 0 0 7 0 0 8 2]
 [6 9 0 0 0 0 7 0 0]
 [4 2 3 0 0 1 5 0 0]
 [0 0 5 0 0 0 0 6 1]]
Solution:
[[4 5 8 6 0 9 1 7 2]
 [9 0 6 8 5 2 3 0 4]
 [1 2 0 7 4 3 9 6 8]
 [5 7 2 0 8 6 0 4 3]
 [8 0 1 5 0 4 6 2 9]
 [6 3 9 2 1 0 5 8 7]
 [2 0 4 9 6 8 7 3 1]
 [7 8 5 1 3 0 4 9 0]
 [0 9 3 4 7 5 2 0 6]]
Number of cells unfilled: 14
Accuracy: 82.71604938271605
Sample: 56798
Question:
[[0 4 0 9 6 0 0 0 0]
 [0 0 2 0 0 0 8 0 0]
 [0 0 0 0 0 7 0 0 3]
 [0 0 0 0 0 0 0 7 0]
 [0 0 8 1 2 0 0 0 0]
 [0 0 0 0 0 0 0 9 0]
 [0 0 0 0 0 0 0 0 0]
 [3 7 0 0 0 0 0 0 0]
 [0 9 0 5 0 0 2 0 0]]
Solution:
[[4 5 8 6 0 9 1 7 2]
 [9 0 6 8 5 2 3 0 4]
 [1 2 0 7 4 3 9 6 8]
 [5 7 2 0 8 6 0 4 3]
 [8 0 1 5 0 4 6 2 9]
 [6 3 9 2 1 0 5 8 7]
 [2 0 4 9 6 8 7 3 1]
 [7 6 5 1 3 0 4 9 0]
 [0 9 3 4 7 0 8 5 6]]
Number of cells unfilled: 14
Accuracy: 82.71604938271605
Sample: 56799
Question:
[[7 0 0 3 0 5 4 0 9]
 [0 9 0 0 7 0 0 5 0]
 [0 0 0 2 0 0 0 0 8]
 [0 0 0 0 5 0 0 4 0]
 [0 2 1 0 0 0 3 0 0]
 [0 0 0 0 0 2 0 0 7]
 [8 0 0 4 0 7 0 0 3]
 [0 3 0 0 0 6 0 0 0]
 [0 7 0 5 8 0 1 0 0]]
Solution:
[[4 5 8 6 0 9 1 7 2]
 [9 0 6 8 5 2 3 0 4]
 [1 2 0 7 4 3 9 6 5]
 [5 7 2 0 8 6 0 4 3]
 [8 0 1 5 0 4 6 2 9]
 [6 3 4 2 1 0 5 8 7]
 [2 4 0 9 6 8 7 3 1]
 [7 8 5 1 3 0 4 9 0]
 [0 9 3 4 7 5 8 0 6]]
Number of cells unfilled: 14
Accuracy: 82.71604938271605
Sample: 56800
Question:
[[4 0 0 0 0 9 0 7 2]
 [0 0 0 0 0 0 3 0 0]
 [0 2 0 0 4 0 9 6 0]
 [0 7 2 0 8 0 0 0 3]
 [0 0 1 5 0 0 6 0 0]
 [6 0 0 0 0 0 0 8 0]
 [2 0 0 0 0 8 0 3 0]
 [0 0 5 1 0 0 0 0 0]
 [0 9 0 0 7 0 0 0 6]]
Solution:
[[4 5 8 6 0 9 1 7 2]
 [9 0 6 8 5 2 3 0 4]
 [1 2 0 7 4 3 9 6 5]
 [5 7 2 0 8 6 0 4 3]
 [8 0 1 5 0 4 6 2 9]
 [6 3 9 2 1 0 5 8 7]
 [2 0 4 9 6 8 7 3 1]
 [7 6 5 1 3 0 4 9 8]
 [0 9 3 4 7 0 2 5 6]]
Number of cells unfilled: 13
Accuracy: 83.9506172839506
