2025-10-22 15:24:50.758421: I tensorflow/core/util/port.cc:153] oneDNN custom operations are on. You may see slightly different numerical results due to floating-point round-off errors from different computation orders. To turn them off, set the environment variable `TF_ENABLE_ONEDNN_OPTS=0`.
2025-10-22 15:24:50.920262: I tensorflow/core/platform/cpu_feature_guard.cc:210] This TensorFlow binary is optimized to use available CPU instructions in performance-critical operations.
To enable the following instructions: AVX2 AVX512F AVX512_VNNI FMA, in other operations, rebuild TensorFlow with the appropriate compiler flags.
2025-10-22 15:24:56.195578: I tensorflow/core/util/port.cc:153] oneDNN custom operations are on. You may see slightly different numerical results due to floating-point round-off errors from different computation orders. To turn them off, set the environment variable `TF_ENABLE_ONEDNN_OPTS=0`.
2025-10-22 15:25:03.006726: E external/local_xla/xla/stream_executor/cuda/cuda_platform.cc:51] failed call to cuInit: INTERNAL: CUDA error: Failed call to cuInit: UNKNOWN ERROR (303)
Sample: 56801
Question:
[[0 0 0 0 4 0 9 0 0]
 [4 0 8 0 0 2 0 0 0]
 [0 0 6 0 1 5 4 0 3]
 [0 0 3 0 0 0 2 0 0]
 [0 0 9 0 0 0 0 0 1]
 [1 0 0 0 5 0 0 7 8]
 [8 0 0 1 7 0 0 0 0]
 [0 9 0 0 0 0 0 1 0]
 [0 0 1 9 0 0 8 0 0]]
Solution:
[[4 2 0 6 8 5 1 0 3]
 [9 1 5 7 3 0 0 2 4]
 [3 7 8 2 4 1 9 6 5]
 [5 8 9 3 7 4 6 1 0]
 [1 3 2 5 6 9 8 4 0]
 [0 4 6 1 0 8 2 7 9]
 [7 9 3 0 1 6 4 8 2]
 [8 5 1 9 0 2 3 0 7]
 [2 6 0 4 0 3 5 9 1]]
Number of cells unfilled: 13
Accuracy: 83.9506172839506
Sample: 56802
Question:
[[0 2 0 0 0 0 3 0 6]
 [0 0 6 0 0 2 0 7 0]
 [0 0 0 0 9 0 0 0 5]
 [0 0 0 0 4 0 0 0 9]
 [0 0 0 3 0 0 5 0 0]
 [0 8 0 0 0 1 0 6 0]
 [0 1 8 4 0 0 0 0 0]
 [0 6 7 0 1 0 0 0 0]
 [2 0 0 0 0 7 0 1 0]]
Solution:
[[4 2 7 6 9 5 1 0 3]
 [9 1 5 7 3 8 0 2 4]
 [3 0 8 2 4 1 9 6 0]
 [5 8 9 3 7 4 6 1 0]
 [1 3 2 5 6 9 8 4 0]
 [0 4 6 1 8 0 2 7 5]
 [6 9 3 0 1 7 4 8 2]
 [8 5 1 9 0 2 3 0 7]
 [2 7 0 4 0 3 5 9 6]]
Number of cells unfilled: 13
Accuracy: 83.9506172839506
Sample: 56803
Question:
[[0 5 0 0 0 0 0 0 4]
 [6 0 0 4 0 0 8 0 0]
 [0 0 3 0 0 9 0 0 0]
 [1 0 0 6 0 0 0 4 0]
 [0 0 0 0 0 1 6 0 8]
 [0 0 6 0 2 0 7 0 1]
 [0 0 9 0 0 2 0 0 0]
 [0 3 0 0 5 0 0 0 0]
 [8 0 0 1 0 0 0 0 7]]
Solution:
[[4 2 7 6 9 5 1 0 3]
 [9 1 5 7 3 8 0 2 4]
 [3 0 8 2 4 1 7 6 9]
 [5 8 9 3 7 4 6 1 0]
 [1 3 2 5 6 9 8 4 0]
 [0 4 6 1 8 0 2 7 5]
 [2 9 3 0 1 6 4 8 0]
 [8 5 1 9 0 2 3 0 7]
 [7 6 0 4 0 3 5 9 1]]
Number of cells unfilled: 13
Accuracy: 83.9506172839506
Sample: 56804
Question:
[[0 8 0 0 0 0 3 0 0]
 [2 6 0 0 9 0 0 1 0]
 [0 0 5 0 0 6 0 9 0]
 [0 0 6 0 4 0 0 7 0]
 [0 3 0 0 0 0 1 0 0]
 [8 0 0 0 0 0 0 0 2]
 [0 0 0 0 7 4 0 0 1]
 [0 0 7 9 0 0 0 5 0]
 [0 0 0 0 6 5 0 0 0]]
Solution:
[[4 2 0 6 8 5 1 0 3]
 [9 1 5 7 3 0 0 2 4]
 [3 7 8 2 4 1 9 6 5]
 [5 8 9 3 7 4 6 1 0]
 [1 3 2 5 6 9 8 4 0]
 [0 4 6 1 0 8 2 7 9]
 [0 9 3 0 1 6 4 8 2]
 [8 5 1 9 0 2 3 0 7]
 [2 6 7 4 0 3 5 9 1]]
Number of cells unfilled: 13
Accuracy: 83.9506172839506
Sample: 56805
Question:
[[5 0 0 0 1 6 0 0 2]
 [8 0 0 4 0 0 0 0 7]
 [1 0 9 8 0 2 3 4 0]
 [6 0 0 7 0 0 0 2 1]
 [0 5 1 0 2 0 7 0 9]
 [0 0 3 0 4 0 0 0 0]
 [0 8 0 5 0 1 0 0 0]
 [3 7 0 0 0 0 0 9 8]
 [0 0 4 9 0 0 0 6 0]]
Solution:
[[4 2 7 6 9 5 1 0 3]
 [9 1 5 7 3 8 0 2 4]
 [3 0 8 2 4 1 9 6 5]
 [5 8 9 3 7 4 6 1 0]
 [1 3 2 5 6 9 8 4 0]
 [0 4 6 1 8 0 2 7 9]
 [7 9 3 0 1 6 4 8 2]
 [8 5 1 9 0 2 3 0 7]
 [6 0 0 4 0 3 5 9 1]]
Number of cells unfilled: 13
Accuracy: 83.9506172839506
Sample: 56806
Question:
[[0 0 0 4 0 0 6 0 0]
 [0 9 0 0 7 0 0 0 0]
 [5 0 0 0 0 3 0 7 0]
 [0 2 0 0 0 8 0 5 0]
 [0 0 0 0 0 0 0 0 1]
 [0 0 5 0 4 0 7 0 0]
 [0 0 9 0 0 2 0 3 0]
 [2 5 0 0 3 0 0 0 7]
 [3 8 0 1 0 0 5 2 0]]
Solution:
[[4 2 7 6 9 5 1 0 3]
 [9 1 5 7 3 8 0 2 4]
 [3 0 8 2 4 1 7 6 5]
 [5 8 9 3 7 4 6 1 0]
 [1 3 2 5 6 9 8 4 0]
 [0 4 6 1 8 0 2 7 9]
 [2 9 3 0 1 6 4 8 0]
 [8 5 1 9 0 2 3 0 7]
 [6 7 0 4 0 3 5 9 1]]
Number of cells unfilled: 13
Accuracy: 83.9506172839506
Sample: 56807
Question:
[[9 0 0 6 0 0 0 1 0]
 [0 3 0 0 1 0 0 0 8]
 [0 0 0 0 0 5 3 0 0]
 [0 4 0 7 0 0 0 0 0]
 [6 0 0 0 4 9 0 0 7]
 [0 0 0 0 6 1 0 4 0]
 [0 8 0 0 0 4 2 0 0]
 [0 0 5 0 8 0 0 0 0]
 [4 9 0 1 0 0 0 8 0]]
Solution:
[[4 2 0 6 9 5 1 0 3]
 [9 1 5 7 3 0 0 0 4]
 [3 7 8 2 4 1 9 6 5]
 [5 8 9 3 7 4 6 1 0]
 [1 3 2 5 6 9 8 4 0]
 [0 4 6 1 0 8 2 7 9]
 [2 9 3 0 1 6 4 8 0]
 [8 5 1 9 0 2 3 0 7]
 [0 6 7 4 8 3 5 2 1]]
Number of cells unfilled: 14
Accuracy: 82.71604938271605
Sample: 56808
Question:
[[0 0 9 0 0 0 0 2 0]
 [0 5 0 0 6 0 0 0 7]
 [1 0 0 8 0 0 0 0 0]
 [0 6 0 0 0 8 0 0 3]
 [0 0 4 3 0 0 0 0 0]
 [0 0 0 6 7 0 9 0 0]
 [4 0 0 0 0 0 2 0 0]
 [0 0 1 0 0 5 0 0 0]
 [0 3 0 7 0 0 0 0 8]]
Solution:
[[4 2 0 6 9 5 7 0 3]
 [9 1 5 7 3 8 0 2 4]
 [3 7 8 2 4 1 9 6 5]
 [5 8 9 3 7 4 6 1 0]
 [1 3 2 5 6 9 8 4 0]
 [0 4 6 1 8 0 2 7 9]
 [2 9 3 0 1 7 4 8 6]
 [8 5 1 9 0 2 3 0 7]
 [0 6 7 4 0 3 5 9 2]]
Number of cells unfilled: 12
Accuracy: 85.18518518518519
Sample: 56809
Question:
[[0 0 4 0 0 0 0 3 0]
 [5 0 0 7 0 3 4 0 0]
 [8 0 0 9 4 0 0 0 5]
 [0 0 0 0 0 0 1 6 0]
 [7 0 0 6 9 0 0 0 8]
 [0 6 0 0 0 0 0 0 0]
 [2 0 0 0 0 9 0 0 0]
 [0 8 7 2 5 0 0 0 0]
 [0 0 5 0 7 0 0 0 2]]
Solution:
[[4 2 7 6 8 5 1 9 3]
 [9 1 5 7 3 0 0 2 4]
 [3 0 8 2 4 1 7 6 5]
 [5 8 9 3 7 4 6 1 0]
 [1 3 2 5 6 9 8 4 0]
 [0 4 6 1 0 8 2 7 9]
 [2 9 3 0 1 7 4 8 6]
 [8 5 1 9 0 2 3 0 7]
 [6 7 0 4 0 3 5 0 2]]
Number of cells unfilled: 13
Accuracy: 83.9506172839506
Sample: 56810
Question:
[[0 9 0 0 2 0 7 0 0]
 [0 1 8 0 4 9 6 0 0]
 [0 0 0 5 0 0 0 0 9]
 [0 2 0 1 0 0 0 7 6]
 [0 0 0 0 0 2 1 0 0]
 [0 0 0 0 7 0 0 2 4]
 [0 0 3 0 0 0 0 0 0]
 [9 0 0 0 0 8 0 0 7]
 [0 6 0 0 1 0 4 0 0]]
Solution:
[[4 2 7 6 9 5 1 0 3]
 [9 1 5 7 3 8 0 2 4]
 [3 0 8 2 4 1 7 6 5]
 [5 8 9 3 7 4 6 1 0]
 [1 3 2 5 6 9 8 4 0]
 [0 4 6 1 8 0 2 7 9]
 [2 9 3 0 1 7 4 8 6]
 [8 5 1 9 0 2 3 0 7]
 [6 7 0 4 0 3 5 9 2]]
Number of cells unfilled: 12
Accuracy: 85.18518518518519
Sample: 56811
Question:
[[0 2 0 0 0 6 9 0 0]
 [7 0 0 3 0 0 0 0 8]
 [0 0 4 8 0 0 0 3 0]
 [2 9 0 0 4 0 0 7 0]
 [0 0 0 6 1 0 5 9 0]
 [0 1 8 0 0 2 6 0 0]
 [3 4 0 7 0 0 1 0 5]
 [9 0 1 0 0 5 3 6 0]
 [0 8 5 0 0 4 0 0 0]]
Solution:
[[4 2 7 6 9 5 1 0 3]
 [9 1 5 7 3 8 0 2 4]
 [3 0 8 2 4 1 7 6 5]
 [5 8 9 3 7 4 6 1 0]
 [1 3 2 5 6 9 8 4 0]
 [0 4 6 1 8 0 2 7 9]
 [2 9 3 0 1 7 4 8 6]
 [8 5 1 9 0 2 3 0 7]
 [7 6 0 4 0 3 5 9 2]]
Number of cells unfilled: 12
Accuracy: 85.18518518518519
Sample: 56812
Question:
[[5 6 0 0 0 0 0 3 0]
 [2 0 0 0 0 0 0 0 0]
 [0 1 3 6 0 0 8 0 0]
 [0 0 0 0 0 4 0 0 7]
 [0 8 0 3 0 0 0 5 0]
 [0 0 1 0 9 0 0 0 0]
 [0 0 0 0 0 2 4 0 0]
 [0 0 5 1 0 0 0 6 0]
 [0 0 0 0 7 0 0 0 9]]
Solution:
[[4 2 0 6 9 5 7 0 3]
 [9 1 5 7 3 0 0 2 4]
 [3 7 8 2 4 1 0 6 9]
 [5 8 9 3 7 4 6 1 0]
 [1 3 2 5 6 9 8 4 0]
 [0 4 6 1 0 8 2 7 5]
 [0 9 3 0 1 7 4 8 6]
 [8 5 1 9 0 2 3 0 7]
 [2 6 7 4 8 3 5 9 1]]
Number of cells unfilled: 13
Accuracy: 83.9506172839506
Sample: 56813
Question:
[[9 0 0 5 0 0 4 0 0]
 [5 0 0 0 0 0 0 0 7]
 [0 0 0 0 3 9 0 5 0]
 [0 4 2 0 0 0 0 0 9]
 [0 0 0 0 0 0 1 2 0]
 [7 9 0 1 0 0 8 0 4]
 [0 0 0 8 0 0 7 0 0]
 [0 0 0 3 9 0 0 0 8]
 [2 6 0 0 0 7 0 0 3]]
Solution:
[[4 2 7 6 8 5 9 0 3]
 [9 1 5 7 3 0 0 2 4]
 [3 0 8 2 4 1 7 6 5]
 [5 8 9 3 7 4 6 1 0]
 [1 3 2 5 6 9 8 4 0]
 [0 4 6 1 0 8 2 7 9]
 [7 9 3 0 1 6 4 8 2]
 [8 5 1 9 0 2 3 0 7]
 [6 0 0 4 0 3 5 9 1]]
Number of cells unfilled: 14
Accuracy: 82.71604938271605
Sample: 56814
Question:
[[0 0 0 0 1 0 0 0 8]
 [9 0 0 0 0 2 0 0 0]
 [0 0 5 0 0 0 0 0 0]
 [0 0 0 0 0 0 9 2 0]
 [4 1 0 0 8 0 0 0 0]
 [0 0 0 0 0 0 0 0 0]
 [0 8 7 0 0 0 0 0 1]
 [0 0 3 0 0 6 0 5 0]
 [0 0 0 0 0 9 0 0 0]]
Solution:
[[4 2 7 6 8 5 1 9 3]
 [9 1 5 7 3 0 0 2 4]
 [3 0 8 2 4 1 7 6 0]
 [5 8 9 3 7 4 6 1 0]
 [1 3 2 5 6 9 8 4 0]
 [0 4 6 1 0 8 2 7 5]
 [2 9 3 0 1 7 4 8 6]
 [8 5 1 9 0 2 3 0 7]
 [6 7 0 4 0 3 5 0 9]]
Number of cells unfilled: 14
Accuracy: 82.71604938271605
Sample: 56815
Question:
[[0 0 8 0 0 3 4 0 0]
 [0 0 0 0 0 0 0 0 3]
 [0 5 0 1 4 0 0 0 0]
 [0 7 0 0 0 0 6 0 9]
 [0 0 0 0 2 0 8 0 4]
 [0 0 4 0 0 9 0 3 0]
 [0 1 0 0 5 0 3 0 0]
 [7 0 0 2 0 0 0 0 0]
 [0 0 9 0 0 8 0 0 6]]
Solution:
[[4 2 7 6 8 5 1 9 3]
 [9 1 5 7 3 0 0 2 4]
 [3 0 8 2 4 1 7 6 5]
 [5 8 9 3 7 4 6 1 0]
 [1 3 2 5 6 9 8 4 0]
 [0 4 6 1 0 8 2 7 9]
 [6 9 3 0 1 7 4 8 2]
 [8 5 1 9 0 2 3 0 7]
 [2 7 0 4 0 3 5 0 6]]
Number of cells unfilled: 13
Accuracy: 83.9506172839506
Sample: 56816
Question:
[[1 0 0 0 0 0 0 0 0]
 [7 4 0 0 0 0 6 0 0]
 [0 0 2 0 9 0 0 7 0]
 [0 8 5 0 0 9 0 0 0]
 [0 0 7 0 0 8 0 3 0]
 [4 0 0 0 2 0 0 1 0]
 [0 0 4 0 1 3 0 0 0]
 [0 0 0 0 0 7 3 0 0]
 [3 0 0 8 4 0 7 2 0]]
Solution:
[[4 2 7 6 9 5 1 0 3]
 [9 1 5 7 3 8 0 2 4]
 [3 0 8 2 4 1 9 6 0]
 [5 8 9 3 7 4 6 1 0]
 [1 3 2 5 6 9 8 4 0]
 [0 4 6 1 8 0 2 7 5]
 [2 9 3 0 1 7 4 8 6]
 [8 5 1 9 0 2 3 0 7]
 [6 7 0 4 0 3 5 9 1]]
Number of cells unfilled: 13
Accuracy: 83.9506172839506
Sample: 56817
Question:
[[9 0 5 2 0 0 0 0 0]
 [3 0 0 0 0 7 0 0 6]
 [0 4 0 0 1 0 0 0 5]
 [0 0 4 0 9 0 0 0 3]
 [0 0 0 0 0 2 7 0 0]
 [0 0 0 8 0 0 6 0 0]
 [0 0 1 0 0 0 0 6 0]
 [0 5 0 0 0 0 8 0 0]
 [4 0 0 0 3 0 0 0 1]]
Solution:
[[4 2 7 6 9 5 1 0 3]
 [9 1 5 7 3 8 0 2 4]
 [3 0 8 2 4 1 7 6 5]
 [5 8 9 3 7 4 6 1 0]
 [1 3 2 5 6 9 8 4 0]
 [0 4 6 1 8 0 2 7 9]
 [6 9 3 0 1 7 4 8 2]
 [8 5 1 9 0 2 3 0 7]
 [7 0 0 4 0 3 5 9 6]]
Number of cells unfilled: 13
Accuracy: 83.9506172839506
Sample: 56818
Question:
[[0 0 0 0 0 3 0 6 0]
 [0 0 1 0 0 0 5 7 3]
 [0 7 0 1 0 0 0 0 0]
 [0 0 0 0 0 8 0 1 4]
 [4 0 0 0 0 0 0 0 0]
 [0 0 2 0 7 0 3 0 0]
 [8 0 0 0 0 4 0 0 7]
 [5 9 6 0 0 0 0 8 0]
 [0 0 7 8 0 9 0 0 0]]
Solution:
[[4 2 0 6 9 5 1 0 3]
 [9 1 5 7 3 8 0 2 4]
 [3 7 8 2 4 1 9 6 0]
 [5 8 9 3 7 4 6 1 0]
 [1 3 2 5 6 9 8 4 0]
 [0 4 6 1 8 0 2 7 5]
 [2 9 3 0 1 7 4 8 6]
 [8 5 1 9 0 2 3 0 7]
 [0 6 7 4 0 3 5 9 1]]
Number of cells unfilled: 13
Accuracy: 83.9506172839506
Sample: 56819
Question:
[[0 0 7 0 0 0 0 8 0]
 [0 0 0 0 0 2 7 6 9]
 [0 3 0 0 0 0 0 0 0]
 [0 4 0 3 0 0 0 0 5]
 [0 0 0 1 0 0 0 0 0]
 [1 6 0 0 9 8 0 0 0]
 [0 0 0 0 0 0 5 0 2]
 [3 0 4 0 8 0 0 1 0]
 [9 1 0 0 0 0 0 4 6]]
Solution:
[[4 2 0 6 8 5 1 0 3]
 [9 1 5 7 3 0 0 2 4]
 [3 7 8 2 4 1 9 6 0]
 [5 8 9 3 7 4 6 1 0]
 [1 3 2 5 6 9 8 4 0]
 [0 4 6 1 0 8 2 7 5]
 [2 9 3 0 1 6 4 8 0]
 [8 5 1 9 0 2 3 0 7]
 [0 6 7 4 0 3 5 9 2]]
Number of cells unfilled: 15
Accuracy: 81.48148148148148
Sample: 56820
Question:
[[0 2 0 0 8 0 0 4 0]
 [8 0 0 3 0 0 0 0 5]
 [0 0 0 9 0 0 0 0 6]
 [0 0 2 0 7 0 0 1 0]
 [1 0 0 0 0 6 0 0 0]
 [7 0 0 0 0 0 0 0 3]
 [0 0 4 0 0 0 5 0 0]
 [2 0 0 0 4 0 0 7 0]
 [0 0 8 0 0 9 4 0 0]]
Solution:
[[4 2 0 6 9 5 1 0 3]
 [9 1 5 7 3 0 0 2 4]
 [3 7 8 2 4 1 9 6 5]
 [5 8 9 3 7 4 6 1 0]
 [1 3 2 5 6 9 8 4 0]
 [0 4 6 1 0 8 2 7 9]
 [0 9 3 0 1 7 4 8 6]
 [8 5 1 9 0 2 3 0 7]
 [2 6 7 4 8 3 5 9 1]]
Number of cells unfilled: 12
Accuracy: 85.18518518518519
Sample: 56821
Question:
[[0 0 8 5 0 0 9 0 0]
 [0 2 0 0 0 0 0 8 0]
 [0 0 0 0 3 0 0 6 5]
 [0 0 7 0 9 5 0 4 0]
 [0 0 0 0 0 0 7 0 0]
 [8 4 0 7 0 0 0 5 0]
 [7 0 6 9 0 0 8 0 0]
 [0 0 4 6 0 0 5 0 0]
 [0 0 0 0 0 1 0 0 6]]
Solution:
[[4 2 0 6 9 5 7 0 3]
 [9 1 5 7 3 0 0 2 4]
 [3 7 8 2 4 1 9 6 5]
 [5 8 9 3 7 4 6 1 0]
 [1 3 2 5 6 9 8 4 0]
 [0 4 6 1 0 8 2 7 9]
 [2 9 3 0 1 6 4 8 0]
 [8 5 1 9 0 2 3 0 7]
 [0 6 7 4 8 3 5 9 2]]
Number of cells unfilled: 13
Accuracy: 83.9506172839506
Sample: 56822
Question:
[[0 0 0 9 0 0 0 2 0]
 [0 0 8 0 0 0 6 0 0]
 [0 0 0 7 0 5 0 4 1]
 [0 0 0 0 0 0 0 1 0]
 [6 0 7 0 2 0 5 8 0]
 [1 0 5 4 0 6 0 0 9]
 [5 0 2 8 0 0 7 0 0]
 [0 7 1 0 0 0 0 0 0]
 [4 0 0 0 0 0 0 6 0]]
Solution:
[[4 2 7 6 9 5 1 0 3]
 [9 1 5 7 3 8 0 2 4]
 [3 0 8 2 4 1 7 6 9]
 [5 8 9 3 7 4 6 1 0]
 [1 3 2 5 6 9 8 4 0]
 [0 4 6 1 8 0 2 7 5]
 [2 9 3 0 1 7 4 8 6]
 [8 5 1 9 0 2 3 0 7]
 [6 7 0 4 0 3 5 9 2]]
Number of cells unfilled: 12
Accuracy: 85.18518518518519
Sample: 56823
Question:
[[0 0 0 0 0 0 0 0 0]
 [0 0 0 0 7 1 0 0 0]
 [0 6 0 0 0 0 0 0 3]
 [5 0 7 0 0 0 0 2 0]
 [0 0 0 3 0 6 0 0 4]
 [0 0 8 0 0 0 0 0 0]
 [0 0 0 0 5 0 9 7 0]
 [0 0 1 0 0 0 0 0 0]
 [0 0 0 6 0 0 0 1 0]]
Solution:
[[4 2 7 6 8 5 1 9 3]
 [9 1 5 7 3 0 0 2 4]
 [3 0 8 2 4 1 7 6 0]
 [5 8 9 3 7 4 6 1 0]
 [1 3 2 5 6 9 8 4 0]
 [0 4 6 1 0 8 2 7 5]
 [7 9 3 0 1 6 4 8 2]
 [8 5 1 9 0 2 3 0 7]
 [6 0 0 4 0 3 5 0 9]]
Number of cells unfilled: 15
Accuracy: 81.48148148148148
Sample: 56824
Question:
[[0 0 0 0 0 4 6 0 0]
 [3 0 0 0 2 0 0 7 0]
 [0 0 0 5 0 0 0 0 1]
 [9 0 0 0 8 0 0 1 0]
 [0 6 0 1 0 9 5 0 0]
 [0 0 1 0 0 0 0 0 4]
 [7 0 0 2 0 0 0 0 0]
 [0 0 8 0 9 0 0 0 0]
 [0 3 9 0 0 7 0 2 0]]
Solution:
[[4 2 7 6 9 5 1 0 3]
 [9 1 5 7 3 8 0 2 4]
 [3 0 8 2 4 1 9 6 5]
 [5 8 9 3 7 4 6 1 0]
 [1 3 2 5 6 9 8 4 0]
 [0 4 6 1 8 0 2 7 9]
 [7 9 3 0 1 6 4 8 2]
 [8 5 1 9 0 2 3 0 7]
 [2 6 0 4 0 3 5 9 1]]
Number of cells unfilled: 12
Accuracy: 85.18518518518519
Sample: 56825
Question:
[[7 0 0 0 0 0 0 0 6]
 [0 3 0 0 0 0 2 0 0]
 [0 0 5 4 0 0 0 9 0]
 [0 0 1 0 5 8 0 0 0]
 [0 5 0 9 0 0 0 0 0]
 [9 0 0 0 4 1 0 5 0]
 [0 0 0 0 0 2 7 0 0]
 [0 2 0 0 6 0 0 0 3]
 [0 0 8 1 0 0 0 2 0]]
Solution:
[[4 2 0 6 9 5 1 0 3]
 [9 1 5 7 3 0 0 2 4]
 [3 7 8 2 4 1 9 6 5]
 [5 8 9 3 7 4 6 1 0]
 [1 3 2 5 6 9 8 4 0]
 [0 4 6 1 0 8 2 7 9]
 [0 9 3 0 1 6 4 8 2]
 [8 5 1 9 0 2 3 0 7]
 [2 6 7 4 8 3 5 9 1]]
Number of cells unfilled: 12
Accuracy: 85.18518518518519
Sample: 56826
Question:
[[0 0 3 0 0 0 5 0 0]
 [0 7 0 0 0 5 0 9 0]
 [8 0 0 0 0 0 0 0 1]
 [5 0 0 6 0 4 0 0 2]
 [0 0 8 5 0 9 0 0 4]
 [0 4 0 0 7 0 9 5 0]
 [0 6 0 9 0 0 0 4 0]
 [0 0 0 0 0 0 3 0 0]
 [0 0 2 0 0 7 0 1 0]]
Solution:
[[4 2 7 6 9 5 1 0 3]
 [9 1 5 7 3 8 0 2 4]
 [3 0 8 2 4 1 7 6 5]
 [5 8 9 3 7 4 6 1 0]
 [1 3 2 5 6 9 8 4 0]
 [0 4 6 1 8 0 2 7 9]
 [2 9 3 0 1 6 4 8 0]
 [8 5 1 9 0 2 3 0 7]
 [6 7 0 4 0 3 5 9 1]]
Number of cells unfilled: 13
Accuracy: 83.9506172839506
Sample: 56827
Question:
[[0 0 0 0 0 0 0 0 0]
 [0 0 0 8 0 7 0 0 0]
 [8 0 0 0 3 0 7 0 1]
 [0 6 0 0 2 0 0 1 0]
 [0 0 0 1 0 0 0 4 3]
 [1 0 0 0 0 3 2 0 7]
 [2 0 0 3 0 0 0 0 8]
 [0 8 1 0 0 0 0 5 0]
 [0 0 9 0 1 0 0 0 0]]
Solution:
[[4 2 7 6 9 5 1 0 3]
 [9 1 5 7 3 8 0 2 4]
 [3 0 8 2 4 1 9 6 5]
 [5 8 9 3 7 4 6 1 0]
 [1 3 2 5 6 9 8 4 0]
 [0 4 6 1 8 0 2 7 9]
 [6 9 3 0 1 7 4 8 2]
 [8 5 1 9 0 2 3 0 7]
 [7 0 0 4 0 3 5 9 6]]
Number of cells unfilled: 13
Accuracy: 83.9506172839506
Sample: 56828
Question:
[[0 0 0 0 0 0 0 5 3]
 [2 0 0 6 0 0 0 0 0]
 [0 3 0 0 0 1 2 0 9]
 [1 0 0 0 8 0 0 0 0]
 [0 0 0 7 0 0 0 4 0]
 [0 0 3 0 0 2 1 0 7]
 [0 1 0 0 0 0 0 0 0]
 [3 0 0 0 0 7 9 0 1]
 [0 9 7 0 0 0 0 0 0]]
Solution:
[[4 2 7 6 9 5 1 0 3]
 [9 1 5 7 3 8 0 2 4]
 [3 0 8 2 4 1 9 6 5]
 [5 8 9 3 7 4 6 1 0]
 [1 3 2 5 6 9 8 4 0]
 [0 4 6 1 8 0 2 7 9]
 [6 9 3 0 1 7 4 8 2]
 [8 5 1 9 0 2 3 0 7]
 [7 0 0 4 0 3 5 9 6]]
Number of cells unfilled: 13
Accuracy: 83.9506172839506
Sample: 56829
Question:
[[0 0 0 0 0 0 0 8 3]
 [0 4 0 0 0 0 7 0 0]
 [0 0 3 0 9 0 0 0 0]
 [0 1 0 0 7 0 0 3 0]
 [0 0 4 0 0 3 1 0 0]
 [0 0 2 1 0 0 0 4 0]
 [0 2 0 7 0 0 0 0 0]
 [0 3 0 2 0 1 4 0 0]
 [0 0 0 0 3 6 0 0 5]]
Solution:
[[4 2 7 6 9 5 1 0 3]
 [9 1 5 7 3 8 0 2 4]
 [3 0 8 2 4 1 9 6 0]
 [5 8 9 3 7 4 6 1 0]
 [1 3 2 5 6 9 8 4 0]
 [0 4 6 1 8 0 2 7 5]
 [6 9 3 0 1 7 4 8 2]
 [8 5 1 9 0 2 3 0 7]
 [7 0 0 4 0 3 5 9 1]]
Number of cells unfilled: 14
Accuracy: 82.71604938271605
Sample: 56830
Question:
[[0 0 0 0 0 0 1 0 4]
 [0 4 0 1 7 0 0 3 0]
 [0 0 0 0 0 0 0 0 0]
 [5 0 0 0 3 2 0 0 7]
 [6 0 0 0 0 0 0 5 0]
 [0 7 0 5 1 0 3 0 0]
 [0 5 0 7 4 0 0 0 3]
 [0 0 0 0 0 9 0 0 0]
 [0 0 8 0 0 0 4 7 0]]
Solution:
[[4 2 7 6 9 5 1 0 3]
 [9 1 5 7 3 8 0 2 4]
 [3 0 8 2 4 1 7 6 5]
 [5 8 9 3 7 4 6 1 0]
 [1 3 2 5 6 9 8 4 0]
 [0 4 6 1 8 0 2 7 9]
 [6 9 3 0 1 7 4 8 2]
 [8 5 1 9 0 2 3 0 7]
 [2 7 0 4 0 3 5 9 1]]
Number of cells unfilled: 12
Accuracy: 85.18518518518519
Sample: 56831
Question:
[[0 0 0 0 0 8 0 5 2]
 [8 0 0 0 0 0 0 0 6]
 [0 5 0 0 7 0 8 0 0]
 [0 3 0 0 0 0 0 0 0]
 [0 0 6 0 1 0 0 0 5]
 [7 0 0 0 0 5 6 0 0]
 [0 0 9 4 5 0 0 0 0]
 [6 0 0 8 0 2 0 0 0]
 [5 0 0 0 0 7 2 0 0]]
Solution:
[[4 2 7 6 9 5 1 0 3]
 [9 1 5 7 3 8 0 2 4]
 [3 0 8 2 4 1 9 6 5]
 [5 8 9 3 7 4 6 1 0]
 [1 3 2 5 6 9 8 4 0]
 [0 4 6 1 8 0 2 7 9]
 [2 9 3 0 1 6 4 8 0]
 [8 5 1 9 0 2 3 0 7]
 [6 7 0 4 0 3 5 9 1]]
Number of cells unfilled: 13
Accuracy: 83.9506172839506
Sample: 56832
Question:
[[0 0 0 0 0 9 4 7 0]
 [0 0 4 0 8 0 0 0 1]
 [0 5 0 0 0 7 0 0 0]
 [0 0 0 0 0 0 7 0 0]
 [0 0 0 0 0 0 6 0 4]
 [6 0 7 0 4 0 0 1 0]
 [0 7 0 3 0 0 0 8 0]
 [0 2 1 0 0 0 0 0 0]
 [8 0 6 0 7 0 1 0 0]]
Solution:
[[4 2 0 6 8 5 1 0 3]
 [9 1 5 7 3 0 0 2 4]
 [3 7 8 2 4 1 9 6 5]
 [5 8 9 3 7 4 6 1 0]
 [1 3 2 5 6 9 8 4 0]
 [0 4 6 1 0 8 2 7 9]
 [6 9 3 0 1 7 4 8 2]
 [8 5 1 9 0 2 3 0 7]
 [7 0 0 4 0 3 5 9 6]]
Number of cells unfilled: 14
Accuracy: 82.71604938271605
Sample: 56833
Question:
[[0 0 0 0 3 0 0 5 6]
 [0 0 6 0 0 9 3 0 0]
 [3 0 0 0 0 0 0 1 0]
 [0 0 0 0 9 0 5 0 0]
 [0 7 0 8 0 6 0 0 0]
 [1 0 0 3 5 0 6 0 0]
 [0 6 2 0 0 0 0 0 0]
 [0 1 0 0 0 4 0 0 0]
 [9 0 0 0 6 0 1 0 0]]
Solution:
[[4 2 0 6 9 5 7 0 3]
 [9 1 5 7 3 0 0 2 4]
 [3 7 8 2 4 1 9 6 5]
 [5 8 9 3 7 4 6 1 0]
 [1 3 2 5 6 9 8 4 0]
 [0 4 6 1 0 8 2 7 9]
 [2 9 3 0 1 6 4 8 0]
 [8 5 1 9 0 2 3 0 7]
 [7 6 0 4 8 3 5 9 2]]
Number of cells unfilled: 13
Accuracy: 83.9506172839506
Sample: 56834
Question:
[[0 0 0 0 4 0 0 8 0]
 [0 0 7 0 8 1 0 0 0]
 [0 6 0 2 0 3 0 0 0]
 [5 2 0 0 0 0 0 0 0]
 [0 0 4 0 2 0 0 7 0]
 [0 0 0 9 0 0 0 0 2]
 [0 0 1 0 0 0 0 0 7]
 [2 0 0 4 0 0 0 1 0]
 [7 0 0 0 1 0 2 0 8]]
Solution:
[[4 2 7 6 9 5 1 0 3]
 [9 1 5 7 3 8 0 2 4]
 [3 0 8 2 4 1 9 6 5]
 [5 8 9 3 7 4 6 1 0]
 [1 3 2 5 6 9 8 4 0]
 [0 4 6 1 8 0 2 7 9]
 [2 9 3 0 1 6 4 8 0]
 [8 5 1 9 0 2 3 0 7]
 [6 7 0 4 0 3 5 9 1]]
Number of cells unfilled: 13
Accuracy: 83.9506172839506
Sample: 56835
Question:
[[0 0 0 4 7 0 0 0 0]
 [0 0 7 0 0 5 3 0 0]
 [9 0 0 0 3 0 0 0 0]
 [0 0 1 0 0 0 0 7 2]
 [5 0 0 0 0 0 1 0 0]
 [0 7 0 0 0 1 0 0 3]
 [0 0 5 0 0 7 2 0 0]
 [0 8 0 0 6 0 0 0 0]
 [0 1 2 0 0 3 7 0 0]]
Solution:
[[4 2 0 6 8 5 1 0 3]
 [9 1 5 7 3 0 0 2 4]
 [3 7 8 2 4 1 9 6 5]
 [5 8 9 3 7 4 6 1 0]
 [1 3 2 5 6 9 8 4 0]
 [0 4 6 1 0 8 2 7 9]
 [7 9 3 0 1 6 4 8 2]
 [8 5 1 9 0 2 3 0 7]
 [2 6 0 4 0 3 5 9 1]]
Number of cells unfilled: 13
Accuracy: 83.9506172839506
Sample: 56836
Question:
[[0 0 0 9 0 0 0 0 8]
 [3 8 0 0 4 0 0 1 0]
 [1 0 2 0 0 0 4 0 0]
 [5 4 0 0 8 0 1 0 0]
 [0 0 0 0 0 7 0 0 4]
 [0 0 6 5 0 0 0 0 0]
 [0 0 0 0 0 0 0 0 0]
 [0 0 0 0 0 0 5 3 0]
 [4 3 0 0 5 0 0 0 1]]
Solution:
[[4 2 0 6 9 5 1 0 3]
 [9 1 5 7 3 0 0 0 4]
 [3 7 8 2 4 1 9 6 0]
 [5 8 9 3 7 4 6 1 0]
 [1 3 2 5 6 9 8 4 0]
 [0 4 6 1 0 8 2 7 5]
 [2 9 3 0 1 7 4 8 6]
 [8 5 1 9 0 2 3 0 7]
 [0 6 7 4 8 3 5 2 1]]
Number of cells unfilled: 14
Accuracy: 82.71604938271605
Sample: 56837
Question:
[[0 0 1 0 5 0 9 0 0]
 [8 0 0 9 0 0 0 1 0]
 [4 0 0 0 0 1 0 0 0]
 [0 0 4 0 0 5 0 0 0]
 [0 0 0 6 9 0 0 0 7]
 [0 0 9 1 0 4 0 8 0]
 [9 0 0 0 3 0 0 0 8]
 [0 0 0 0 0 0 2 0 9]
 [0 0 8 0 0 0 0 5 0]]
Solution:
[[4 2 0 6 9 5 1 0 3]
 [9 1 5 7 3 8 0 2 4]
 [3 7 8 2 4 1 9 6 5]
 [5 8 9 3 7 4 6 1 0]
 [1 3 2 5 6 9 8 4 0]
 [0 4 6 1 8 0 2 7 9]
 [2 9 3 0 1 6 4 8 0]
 [8 5 1 9 0 2 3 0 7]
 [7 6 0 4 0 3 5 9 1]]
Number of cells unfilled: 13
Accuracy: 83.9506172839506
Sample: 56838
Question:
[[0 0 4 0 0 5 1 7 0]
 [0 0 0 0 0 0 0 0 0]
 [7 0 0 4 1 0 0 0 0]
 [3 0 0 0 0 6 0 0 7]
 [0 0 0 0 5 0 6 1 0]
 [0 0 0 7 0 0 0 5 2]
 [0 0 6 5 0 0 0 4 0]
 [0 8 0 0 4 0 2 0 0]
 [0 7 0 0 0 0 0 0 9]]
Solution:
[[4 2 0 6 9 5 1 0 3]
 [9 1 5 7 3 8 0 2 4]
 [3 7 8 2 4 1 9 6 0]
 [5 8 9 3 7 4 6 1 0]
 [1 3 2 5 6 9 8 4 0]
 [0 4 6 1 8 0 2 7 5]
 [2 9 3 0 1 6 4 8 0]
 [8 5 1 9 0 2 3 0 7]
 [0 6 7 4 0 3 5 9 2]]
Number of cells unfilled: 14
Accuracy: 82.71604938271605
Sample: 56839
Question:
[[0 0 7 0 3 8 0 0 0]
 [0 3 0 5 0 0 0 0 9]
 [0 0 0 0 0 6 8 0 0]
 [0 0 0 0 0 0 0 8 0]
 [1 0 0 3 0 0 9 0 0]
 [0 0 0 0 8 0 0 1 3]
 [5 1 0 8 0 0 0 9 0]
 [0 0 8 0 2 0 5 0 0]
 [0 9 4 0 0 0 0 0 0]]
Solution:
[[4 2 0 6 9 5 7 0 3]
 [9 1 5 7 3 8 0 2 4]
 [3 7 8 2 4 1 9 6 5]
 [5 8 9 3 7 4 6 1 0]
 [1 3 2 5 6 9 8 4 0]
 [0 4 6 1 8 0 2 7 9]
 [7 9 3 0 1 6 4 8 2]
 [8 5 1 9 0 2 3 0 7]
 [2 6 0 4 0 3 5 9 1]]
Number of cells unfilled: 12
Accuracy: 85.18518518518519
Sample: 56840
Question:
[[0 0 9 0 0 8 5 0 0]
 [5 0 1 9 0 0 0 8 0]
 [0 8 0 0 0 0 0 0 4]
 [0 0 0 0 3 0 2 0 5]
 [0 1 0 0 0 5 0 4 0]
 [0 0 0 0 0 9 8 1 0]
 [0 0 5 0 0 0 0 0 6]
 [0 9 0 0 0 4 0 0 0]
 [0 0 0 7 5 0 0 0 0]]
Solution:
[[4 2 0 6 9 5 7 0 3]
 [9 1 5 7 3 8 0 2 4]
 [3 7 8 2 4 1 9 6 5]
 [5 8 9 3 7 4 6 1 0]
 [1 3 2 5 6 9 8 4 0]
 [0 4 6 1 8 0 2 7 9]
 [2 9 3 0 1 7 4 8 6]
 [8 5 1 9 0 2 3 0 7]
 [7 6 0 4 0 3 5 9 2]]
Number of cells unfilled: 12
Accuracy: 85.18518518518519
Sample: 56841
Question:
[[0 1 0 0 0 0 0 7 0]
 [0 0 0 8 0 0 0 0 0]
 [7 0 0 0 0 3 4 0 0]
 [2 0 9 0 0 4 0 0 0]
 [0 7 5 0 6 0 0 0 0]
 [3 0 0 0 0 7 2 0 0]
 [9 0 0 4 0 0 0 2 7]
 [0 0 0 0 0 9 0 4 0]
 [0 3 0 7 0 0 9 0 0]]
Solution:
[[4 2 0 6 9 5 7 0 3]
 [9 1 5 7 3 8 0 2 4]
 [3 7 8 2 4 1 9 6 0]
 [5 8 9 3 7 4 6 1 0]
 [1 3 2 5 6 9 8 4 0]
 [0 4 6 1 8 0 2 7 5]
 [0 9 3 0 1 7 4 8 6]
 [8 5 1 9 0 2 3 0 7]
 [2 6 7 4 0 3 5 9 1]]
Number of cells unfilled: 13
Accuracy: 83.9506172839506
Sample: 56842
Question:
[[0 1 5 9 0 0 0 0 0]
 [3 0 0 0 2 0 5 0 0]
 [0 0 0 1 0 0 0 0 8]
 [1 0 0 0 0 0 3 0 7]
 [0 2 0 0 0 6 0 0 1]
 [0 0 3 0 0 0 4 2 0]
 [5 0 4 0 0 1 0 0 0]
 [0 3 0 0 5 0 0 4 0]
 [0 0 1 0 0 0 0 0 0]]
Solution:
[[4 2 7 6 8 5 1 9 3]
 [9 1 5 7 3 0 0 2 4]
 [3 0 8 2 4 1 7 6 0]
 [5 8 9 3 7 4 6 1 0]
 [1 3 2 5 6 9 8 4 0]
 [0 4 6 1 0 8 2 7 5]
 [2 9 3 0 1 7 4 8 6]
 [8 5 1 9 0 2 3 0 7]
 [6 7 0 4 0 3 5 0 9]]
Number of cells unfilled: 14
Accuracy: 82.71604938271605
Sample: 56843
Question:
[[0 7 0 0 0 0 0 0 0]
 [0 0 8 0 5 0 4 0 0]
 [0 0 0 0 0 0 0 8 2]
 [0 4 0 0 9 0 0 0 8]
 [8 0 0 5 0 0 9 0 0]
 [0 0 9 3 0 0 0 0 5]
 [0 0 4 0 3 0 0 0 0]
 [9 0 3 0 8 0 5 0 0]
 [1 8 0 0 0 0 0 6 0]]
Solution:
[[4 2 0 6 9 5 7 0 3]
 [9 1 5 7 3 0 0 2 4]
 [3 7 8 2 4 1 0 6 9]
 [5 8 9 3 7 4 6 1 0]
 [1 3 2 5 6 9 8 4 0]
 [0 4 6 1 0 8 2 7 5]
 [0 9 3 0 1 7 4 8 2]
 [8 5 1 9 0 2 3 0 7]
 [2 6 7 4 8 3 5 9 1]]
Number of cells unfilled: 13
Accuracy: 83.9506172839506
Sample: 56844
Question:
[[0 7 0 0 0 9 0 5 2]
 [0 0 5 0 0 0 0 0 0]
 [9 0 2 0 0 0 0 0 0]
 [7 0 0 0 0 1 0 9 5]
 [0 5 9 0 4 0 0 0 0]
 [0 0 0 0 0 0 8 0 0]
 [0 0 0 1 0 0 3 7 0]
 [0 1 0 6 0 0 0 0 0]
 [0 0 7 0 0 5 0 2 1]]
Solution:
[[4 2 7 6 9 5 1 0 3]
 [9 1 5 7 3 0 0 2 4]
 [3 0 8 2 4 1 9 6 0]
 [5 8 9 3 7 4 6 1 0]
 [1 3 2 5 6 9 8 4 0]
 [0 4 6 1 0 8 2 7 5]
 [7 9 3 0 1 6 4 8 2]
 [8 5 1 9 0 2 3 0 7]
 [2 6 0 4 8 3 5 0 9]]
Number of cells unfilled: 14
Accuracy: 82.71604938271605
Sample: 56845
Question:
[[0 9 0 4 0 0 0 0 0]
 [4 0 0 0 0 8 0 2 0]
 [8 0 5 0 0 0 0 0 0]
 [0 8 0 7 0 0 0 0 9]
 [6 0 0 0 0 0 3 8 0]
 [0 4 0 0 0 0 1 0 7]
 [0 1 0 0 0 4 8 0 0]
 [0 0 0 0 8 7 0 0 1]
 [0 0 0 1 0 0 0 9 0]]
Solution:
[[4 2 0 6 8 5 1 0 3]
 [9 1 5 7 3 0 0 2 4]
 [3 7 8 2 4 1 9 6 5]
 [5 8 9 3 7 4 6 1 0]
 [1 3 2 5 6 9 8 4 0]
 [0 4 6 1 0 8 2 7 9]
 [2 9 3 0 1 7 4 8 6]
 [8 5 1 9 0 2 3 0 7]
 [0 6 7 4 0 3 5 9 1]]
Number of cells unfilled: 13
Accuracy: 83.9506172839506
Sample: 56846
Question:
[[1 0 0 2 0 0 0 0 7]
 [2 8 0 7 0 0 0 0 3]
 [0 5 0 0 0 0 0 6 0]
 [0 0 0 0 3 0 0 0 8]
 [0 0 1 8 0 0 7 0 0]
 [8 0 0 0 2 7 3 0 0]
 [7 0 0 3 0 0 0 0 1]
 [0 0 9 0 7 0 0 0 0]
 [0 0 0 0 0 0 4 0 0]]
Solution:
[[4 2 7 6 9 5 1 0 3]
 [9 1 5 7 3 0 0 2 4]
 [3 0 8 2 4 1 9 6 5]
 [5 8 9 3 7 4 6 1 0]
 [1 3 2 5 6 9 8 4 0]
 [0 4 6 1 0 8 2 7 9]
 [7 9 3 0 1 6 4 8 2]
 [8 5 1 9 0 2 3 0 7]
 [6 0 0 4 8 3 5 9 1]]
Number of cells unfilled: 13
Accuracy: 83.9506172839506
Sample: 56847
Question:
[[1 0 4 2 0 0 0 0 5]
 [0 0 0 0 0 3 0 1 0]
 [0 9 0 0 0 4 0 0 0]
 [5 7 0 0 0 0 0 0 4]
 [6 0 2 0 0 0 0 5 0]
 [0 4 0 0 8 0 2 0 0]
 [0 0 0 0 4 0 0 6 1]
 [4 0 6 1 0 0 5 0 0]
 [0 0 0 0 0 0 0 0 0]]
Solution:
[[4 2 0 6 8 5 1 0 3]
 [9 1 5 7 3 0 0 2 4]
 [3 7 8 2 4 1 9 6 5]
 [5 8 9 3 7 4 6 1 0]
 [1 3 2 5 6 9 8 4 0]
 [0 4 6 1 0 8 2 7 9]
 [0 9 3 0 1 6 4 8 2]
 [8 5 1 9 0 2 3 0 7]
 [2 6 7 4 0 3 5 9 1]]
Number of cells unfilled: 13
Accuracy: 83.9506172839506
Sample: 56848
Question:
[[2 0 0 0 9 3 0 0 5]
 [0 8 0 0 0 0 9 3 0]
 [0 3 0 1 0 0 0 0 0]
 [0 0 4 0 0 0 0 2 0]
 [3 0 0 0 6 2 5 0 0]
 [0 0 0 7 5 0 0 0 0]
 [0 0 0 0 0 0 3 0 0]
 [0 0 0 0 0 0 6 0 9]
 [9 0 0 0 3 6 0 5 0]]
Solution:
[[4 2 7 6 9 5 1 0 3]
 [9 1 5 7 3 8 0 2 4]
 [3 0 8 2 4 1 7 6 9]
 [5 8 9 3 7 4 6 1 0]
 [1 3 2 5 6 9 8 4 0]
 [0 4 6 1 8 0 2 7 5]
 [2 9 3 0 1 7 4 8 6]
 [8 5 1 9 0 2 3 0 7]
 [7 6 0 4 0 3 5 9 1]]
Number of cells unfilled: 12
Accuracy: 85.18518518518519
Sample: 56849
Question:
[[2 0 0 4 0 0 0 0 9]
 [0 0 0 0 0 5 7 0 0]
 [9 0 0 2 0 3 0 0 6]
 [6 0 0 9 0 0 0 0 4]
 [0 9 0 0 8 0 0 0 0]
 [0 0 0 0 0 0 0 1 0]
 [0 2 0 3 0 0 0 6 0]
 [3 0 0 0 4 0 0 0 0]
 [0 6 0 0 0 9 0 0 3]]
Solution:
[[4 2 7 6 9 5 1 0 3]
 [9 1 5 7 3 8 0 2 4]
 [3 0 8 2 4 1 9 6 5]
 [5 8 9 3 7 4 6 1 0]
 [1 3 2 5 6 9 8 4 0]
 [0 4 6 1 8 0 2 7 9]
 [6 9 3 0 1 7 4 8 2]
 [8 5 1 9 0 2 3 0 7]
 [2 7 0 4 0 3 5 9 1]]
Number of cells unfilled: 12
Accuracy: 85.18518518518519
Sample: 56850
Question:
[[2 0 0 7 0 0 0 0 4]
 [0 7 0 0 0 6 2 0 0]
 [0 0 0 0 0 0 0 3 0]
 [0 8 7 5 0 0 0 0 0]
 [5 0 0 0 0 4 0 0 0]
 [0 2 0 0 7 0 0 0 5]
 [8 0 0 4 0 0 0 0 7]
 [0 0 0 0 1 0 9 0 0]
 [7 0 0 8 5 0 0 0 2]]
Solution:
[[4 2 0 6 8 5 1 0 3]
 [9 1 5 7 3 0 0 2 4]
 [3 7 8 2 4 1 9 6 5]
 [5 8 9 3 7 4 6 1 0]
 [1 3 2 5 6 9 8 4 0]
 [0 4 6 1 0 8 2 7 9]
 [2 9 3 0 1 6 4 8 0]
 [8 5 1 9 0 2 3 0 7]
 [7 6 0 4 0 3 5 9 2]]
Number of cells unfilled: 14
Accuracy: 82.71604938271605
Sample: 56851
Question:
[[2 4 0 0 0 0 0 8 0]
 [0 0 7 0 0 5 0 0 4]
 [3 0 5 0 0 0 0 0 1]
 [0 0 4 0 0 1 0 0 7]
 [0 6 0 4 0 0 0 0 0]
 [0 0 0 0 0 0 9 0 0]
 [0 0 3 5 4 0 1 0 0]
 [4 0 0 1 0 0 0 0 3]
 [0 7 0 0 0 3 0 0 0]]
Solution:
[[4 2 7 6 9 5 1 0 3]
 [9 1 5 7 3 8 0 2 4]
 [3 0 8 2 4 1 7 6 5]
 [5 8 9 3 7 4 6 1 0]
 [1 3 2 5 6 9 8 4 0]
 [0 4 6 1 8 0 2 7 9]
 [2 9 3 0 1 7 4 8 6]
 [8 5 1 9 0 2 3 0 7]
 [6 7 0 4 0 3 5 9 1]]
Number of cells unfilled: 12
Accuracy: 85.18518518518519
Sample: 56852
Question:
[[5 0 0 0 2 1 0 0 0]
 [7 0 0 0 0 8 0 1 0]
 [0 0 3 7 6 0 0 0 0]
 [0 0 0 8 0 0 0 2 0]
 [2 0 0 0 7 0 0 0 5]
 [0 0 0 0 0 2 7 0 1]
 [8 0 0 0 0 7 0 5 0]
 [0 9 0 0 0 0 0 0 0]
 [0 0 5 4 0 0 0 0 7]]
Solution:
[[4 2 7 6 9 5 1 0 3]
 [9 1 5 7 3 8 0 2 4]
 [3 0 8 2 4 1 9 6 5]
 [5 8 9 3 7 4 6 1 0]
 [1 3 2 5 6 9 8 4 0]
 [0 4 6 1 8 0 2 7 9]
 [2 9 3 0 1 7 4 8 6]
 [8 5 1 9 0 2 3 0 7]
 [7 6 0 4 0 3 5 9 2]]
Number of cells unfilled: 12
Accuracy: 85.18518518518519
Sample: 56853
Question:
[[6 0 0 0 0 3 0 0 4]
 [0 0 9 0 6 0 3 0 0]
 [0 3 0 0 0 0 0 6 7]
 [0 0 0 6 8 0 0 0 0]
 [0 0 0 0 0 9 4 0 0]
 [0 0 2 4 0 0 0 0 6]
 [0 9 0 0 0 0 7 0 0]
 [1 0 6 5 0 0 0 0 0]
 [3 7 0 0 0 4 0 0 0]]
Solution:
[[4 2 7 6 8 5 1 9 3]
 [9 1 5 7 3 0 0 2 4]
 [3 0 8 2 4 1 7 6 0]
 [5 8 9 3 7 4 6 1 0]
 [1 3 2 5 6 9 8 4 0]
 [0 4 6 1 0 8 2 7 5]
 [2 9 3 0 1 6 4 8 0]
 [8 5 1 9 0 2 3 0 7]
 [7 6 0 4 0 3 5 0 2]]
Number of cells unfilled: 15
Accuracy: 81.48148148148148
Sample: 56854
Question:
[[6 7 0 0 3 0 0 8 0]
 [0 3 2 0 0 8 0 0 0]
 [0 0 0 6 0 0 5 0 0]
 [0 0 0 0 1 0 0 0 4]
 [8 1 0 0 0 3 0 6 0]
 [0 0 9 0 0 0 0 0 8]
 [0 0 0 0 7 1 0 0 0]
 [7 8 0 3 0 0 0 1 0]
 [0 0 0 0 0 0 0 0 0]]
Solution:
[[4 2 7 6 9 5 1 0 3]
 [9 1 5 7 3 8 0 2 4]
 [3 0 8 2 4 1 7 6 5]
 [5 8 9 3 7 4 6 1 0]
 [1 3 2 5 6 9 8 4 0]
 [0 4 6 1 8 0 2 7 9]
 [7 9 3 0 1 6 4 8 2]
 [8 5 1 9 0 2 3 0 7]
 [2 6 0 4 0 3 5 9 1]]
Number of cells unfilled: 12
Accuracy: 85.18518518518519
Sample: 56855
Question:
[[0 0 0 8 0 0 4 0 0]
 [0 8 0 0 9 0 0 0 6]
 [0 0 4 0 7 0 0 0 1]
 [0 0 3 7 0 0 0 0 5]
 [0 5 0 0 3 0 9 0 0]
 [7 0 0 6 0 0 1 0 0]
 [0 0 0 0 0 2 0 0 0]
 [0 1 0 9 0 0 5 2 0]
 [2 0 0 0 6 0 0 0 9]]
Solution:
[[4 2 7 6 9 5 1 0 3]
 [9 1 5 7 3 8 0 2 4]
 [3 0 8 2 4 1 7 6 9]
 [5 8 9 3 7 4 6 1 0]
 [1 3 2 5 6 9 8 4 0]
 [0 4 6 1 8 0 2 7 5]
 [2 9 3 0 1 6 4 8 0]
 [8 5 1 9 0 2 3 0 7]
 [6 7 0 4 0 3 5 9 1]]
Number of cells unfilled: 13
Accuracy: 83.9506172839506
Sample: 56856
Question:
[[0 1 0 0 0 2 0 7 0]
 [9 0 0 0 1 0 8 0 0]
 [0 0 5 0 0 0 0 0 0]
 [0 0 0 7 0 0 0 6 0]
 [1 0 0 0 3 6 9 0 0]
 [0 6 0 5 0 0 0 0 2]
 [0 9 8 0 0 3 4 0 0]
 [0 0 1 0 4 0 0 9 0]
 [4 0 0 0 0 0 0 0 3]]
Solution:
[[4 2 7 6 9 5 1 0 3]
 [9 1 5 7 3 8 0 2 4]
 [3 0 8 2 4 1 9 6 0]
 [5 8 9 3 7 4 6 1 0]
 [1 3 2 5 6 9 8 4 0]
 [0 4 6 1 8 0 2 7 5]
 [2 9 3 0 1 6 4 8 0]
 [8 5 1 9 0 2 3 0 7]
 [6 7 0 4 0 3 5 9 1]]
Number of cells unfilled: 14
Accuracy: 82.71604938271605
Sample: 56857
Question:
[[5 0 0 7 0 0 4 0 1]
 [1 0 0 4 2 0 7 0 0]
 [0 0 0 0 5 0 0 0 0]
 [0 0 0 0 4 0 1 0 8]
 [0 0 6 0 0 0 2 0 4]
 [4 0 0 2 0 0 0 7 0]
 [0 0 5 0 0 0 0 0 0]
 [2 0 0 8 0 0 0 0 7]
 [0 9 0 0 3 0 8 1 0]]
Solution:
[[4 2 7 6 9 5 1 0 3]
 [9 1 5 7 3 8 0 2 4]
 [3 0 8 2 4 1 9 6 5]
 [5 8 9 3 7 4 6 1 0]
 [1 3 2 5 6 9 8 4 0]
 [0 4 6 1 8 0 2 7 9]
 [7 9 3 0 1 6 4 8 2]
 [8 5 1 9 0 2 3 0 7]
 [2 6 0 4 0 3 5 9 1]]
Number of cells unfilled: 12
Accuracy: 85.18518518518519
Sample: 56858
Question:
[[0 0 0 0 7 0 0 0 0]
 [0 7 0 2 0 0 3 9 0]
 [5 0 0 0 3 9 0 0 7]
 [0 0 0 1 0 0 6 0 8]
 [0 1 0 0 2 0 7 3 0]
 [0 0 0 0 0 7 0 1 0]
 [6 0 0 0 0 0 5 0 0]
 [0 3 0 0 0 2 9 6 0]
 [0 0 4 0 6 0 0 0 0]]
Solution:
[[4 2 0 6 9 5 1 0 3]
 [9 1 5 7 3 8 0 2 4]
 [3 7 8 2 4 1 9 6 5]
 [5 8 9 3 7 4 6 1 0]
 [1 3 2 5 6 9 8 4 0]
 [0 4 6 1 8 0 2 7 9]
 [0 9 3 0 1 7 4 8 6]
 [8 5 1 9 0 2 3 0 7]
 [2 6 7 4 0 3 5 9 1]]
Number of cells unfilled: 12
Accuracy: 85.18518518518519
Sample: 56859
Question:
[[0 9 0 1 0 0 0 8 6]
 [6 0 8 0 0 9 7 0 0]
 [0 3 0 0 0 0 0 9 0]
 [0 0 1 3 0 0 0 0 0]
 [0 0 0 0 5 0 0 0 0]
 [3 0 6 0 0 8 0 0 7]
 [8 6 9 0 0 2 0 7 0]
 [0 4 0 0 0 0 2 0 0]
 [2 0 0 0 0 0 0 0 9]]
Solution:
[[4 2 0 6 9 5 7 0 3]
 [9 1 5 7 3 0 0 2 4]
 [3 7 8 2 4 1 9 6 5]
 [5 8 9 3 7 4 6 1 0]
 [1 3 2 5 6 9 8 4 0]
 [0 4 6 1 0 8 2 7 9]
 [0 9 3 0 1 7 4 8 6]
 [8 5 1 9 0 2 3 0 7]
 [2 6 7 4 8 3 5 9 1]]
Number of cells unfilled: 12
Accuracy: 85.18518518518519
Sample: 56860
Question:
[[2 0 1 5 0 0 0 9 0]
 [8 0 0 0 0 0 0 0 1]
 [0 9 0 0 0 0 4 0 0]
 [9 0 2 0 0 5 0 3 0]
 [0 1 0 0 3 0 0 0 0]
 [0 3 0 2 9 0 0 0 8]
 [0 6 0 0 0 7 0 0 0]
 [3 0 9 0 5 0 0 7 0]
 [0 0 7 3 0 0 0 0 0]]
Solution:
[[4 2 7 6 9 5 1 0 3]
 [9 1 5 7 3 0 0 2 4]
 [3 0 8 2 4 1 9 6 0]
 [5 8 9 3 7 4 6 1 0]
 [1 3 2 5 6 9 8 4 0]
 [0 4 6 1 0 8 2 7 5]
 [6 9 3 0 1 7 4 8 2]
 [8 5 1 9 0 2 3 0 7]
 [7 0 0 4 8 3 5 9 1]]
Number of cells unfilled: 14
Accuracy: 82.71604938271605
Sample: 56861
Question:
[[4 8 5 0 0 0 2 0 0]
 [0 3 2 0 0 0 0 0 0]
 [0 0 0 8 3 0 0 0 0]
 [2 4 0 7 0 8 1 3 0]
 [0 1 0 0 0 0 0 0 7]
 [0 0 0 2 1 0 8 0 0]
 [0 0 9 0 0 3 0 0 0]
 [7 5 0 0 0 0 0 0 8]
 [0 2 0 4 8 0 9 0 0]]
Solution:
[[4 2 7 6 9 5 1 0 3]
 [9 1 5 7 3 0 0 2 4]
 [3 0 8 2 4 1 7 6 5]
 [5 8 9 3 7 4 6 1 0]
 [1 3 2 5 6 9 8 4 0]
 [0 4 6 1 0 8 2 7 9]
 [6 9 3 0 1 7 4 8 2]
 [8 5 1 9 0 2 3 0 7]
 [2 7 0 4 8 3 5 9 6]]
Number of cells unfilled: 12
Accuracy: 85.18518518518519
Sample: 56862
Question:
[[0 9 0 2 0 0 0 0 4]
 [6 0 0 0 0 0 0 0 9]
 [0 0 0 0 0 6 3 0 0]
 [2 0 0 0 8 0 0 3 1]
 [4 0 0 0 5 0 0 0 0]
 [0 0 5 7 0 0 4 0 0]
 [1 0 0 0 0 0 0 8 7]
 [0 0 0 0 0 8 0 9 0]
 [7 0 9 0 0 0 2 0 0]]
Solution:
[[4 2 7 6 9 5 1 0 3]
 [9 1 5 7 3 8 0 2 4]
 [3 0 8 2 4 1 7 6 9]
 [5 8 9 3 7 4 6 1 0]
 [1 3 2 5 6 9 8 4 0]
 [0 4 6 1 8 0 2 7 5]
 [2 9 3 0 1 7 4 8 6]
 [8 5 1 9 0 2 3 0 7]
 [6 7 0 4 0 3 5 9 2]]
Number of cells unfilled: 12
Accuracy: 85.18518518518519
Sample: 56863
Question:
[[0 0 0 0 0 0 0 7 0]
 [0 4 5 0 7 0 0 0 0]
 [7 0 0 9 0 3 0 0 0]
 [4 0 0 0 3 0 0 5 0]
 [0 7 0 6 0 0 4 0 0]
 [0 0 6 0 0 4 0 0 2]
 [0 0 0 0 0 1 0 0 8]
 [0 8 0 0 0 0 1 0 0]
 [3 0 0 0 9 0 2 4 0]]
Solution:
[[4 2 0 6 8 5 1 0 3]
 [9 1 5 7 3 0 0 2 4]
 [3 7 8 2 4 1 9 6 0]
 [5 8 9 3 7 4 6 1 0]
 [1 3 2 5 6 9 8 4 0]
 [0 4 6 1 0 8 2 7 5]
 [2 9 3 0 1 7 4 8 6]
 [8 5 1 9 0 2 3 0 7]
 [7 6 0 4 0 3 5 9 2]]
Number of cells unfilled: 14
Accuracy: 82.71604938271605
Sample: 56864
Question:
[[0 0 1 0 0 4 0 0 8]
 [0 4 0 7 0 0 0 0 0]
 [0 0 0 0 6 0 0 2 0]
 [4 0 0 3 0 0 0 0 0]
 [0 0 5 0 7 0 6 0 0]
 [0 1 0 0 0 5 0 0 9]
 [1 0 0 0 0 8 0 0 5]
 [0 8 9 0 5 0 2 0 0]
 [0 5 0 0 3 0 0 0 0]]
Solution:
[[4 2 7 6 8 5 1 9 3]
 [9 1 5 7 3 0 0 2 4]
 [3 0 8 2 4 1 7 6 5]
 [5 8 9 3 7 4 6 1 0]
 [1 3 2 5 6 9 8 4 0]
 [0 4 6 1 0 8 2 7 9]
 [2 9 3 0 1 6 4 8 0]
 [8 5 1 9 0 2 3 0 7]
 [7 6 0 4 0 3 5 0 2]]
Number of cells unfilled: 14
Accuracy: 82.71604938271605
Sample: 56865
Question:
[[1 0 0 0 0 3 0 0 6]
 [0 0 5 0 2 0 0 1 0]
 [0 4 0 0 0 0 8 0 0]
 [0 5 0 0 0 0 0 0 8]
 [8 0 0 0 0 9 0 6 0]
 [0 0 2 7 0 0 0 0 0]
 [0 0 0 8 7 0 0 3 9]
 [9 0 0 0 0 1 6 0 0]
 [0 0 4 0 0 0 0 0 1]]
Solution:
[[4 2 7 6 9 5 1 0 3]
 [9 1 5 7 3 8 0 2 4]
 [3 0 8 2 4 1 7 6 9]
 [5 8 9 3 7 4 6 1 0]
 [1 3 2 5 6 9 8 4 0]
 [0 4 6 1 8 0 2 7 5]
 [6 9 3 0 1 7 4 8 2]
 [8 5 1 9 0 2 3 0 7]
 [2 7 0 4 0 3 5 9 1]]
Number of cells unfilled: 12
Accuracy: 85.18518518518519
Sample: 56866
Question:
[[7 0 0 0 2 0 0 5 0]
 [1 0 0 0 0 8 0 0 7]
 [0 5 4 1 0 0 0 0 0]
 [3 0 0 0 0 0 0 0 0]
 [0 9 8 7 0 0 0 0 3]
 [0 0 1 0 0 3 9 0 0]
 [0 0 0 6 0 0 0 2 0]
 [9 0 0 0 0 1 0 0 8]
 [0 0 0 0 4 0 6 0 0]]
Solution:
[[4 2 7 6 9 5 1 0 3]
 [9 1 5 7 3 8 0 2 4]
 [3 0 8 2 4 1 9 6 5]
 [5 8 9 3 7 4 6 1 0]
 [1 3 2 5 6 9 8 4 0]
 [0 4 6 1 8 0 2 7 9]
 [2 9 3 0 1 6 4 8 0]
 [8 5 1 9 0 2 3 0 7]
 [7 6 0 4 0 3 5 9 2]]
Number of cells unfilled: 13
Accuracy: 83.9506172839506
Sample: 56867
Question:
[[0 9 0 0 5 0 0 0 4]
 [0 0 2 0 0 3 0 0 0]
 [7 0 0 0 0 0 0 6 0]
 [0 0 0 7 0 0 3 0 0]
 [0 8 0 0 4 0 0 0 5]
 [0 0 6 0 0 2 0 4 0]
 [0 5 0 9 0 0 0 0 0]
 [0 0 9 0 1 4 8 5 0]
 [1 0 0 0 0 0 0 0 9]]
Solution:
[[4 2 0 6 9 5 7 0 3]
 [9 1 5 7 3 0 0 2 4]
 [3 7 8 2 4 1 9 6 0]
 [5 8 9 3 7 4 6 1 0]
 [1 3 2 5 6 9 8 4 0]
 [0 4 6 1 0 8 2 7 5]
 [2 9 3 0 1 6 4 8 0]
 [8 5 1 9 0 2 3 0 7]
 [0 6 7 4 8 3 5 9 2]]
Number of cells unfilled: 14
Accuracy: 82.71604938271605
Sample: 56868
Question:
[[0 0 0 0 0 0 0 9 0]
 [3 0 0 2 8 0 0 0 0]
 [5 1 0 9 7 0 0 0 3]
 [0 0 2 0 0 0 0 0 8]
 [0 0 0 0 0 0 0 5 0]
 [9 8 5 0 6 0 0 0 0]
 [0 0 0 0 0 6 0 0 0]
 [0 6 0 8 9 0 3 0 7]
 [0 0 4 1 0 0 0 0 5]]
Solution:
[[4 2 0 6 8 5 1 0 3]
 [9 1 5 7 3 0 0 2 4]
 [3 7 8 2 4 1 9 6 5]
 [5 8 9 3 7 4 6 1 0]
 [1 3 2 5 6 9 8 4 0]
 [0 4 6 1 0 8 2 7 9]
 [6 9 3 0 1 7 4 8 2]
 [8 5 1 9 0 2 3 0 7]
 [2 0 7 4 0 3 5 9 6]]
Number of cells unfilled: 13
Accuracy: 83.9506172839506
Sample: 56869
Question:
[[0 0 0 6 1 0 0 0 0]
 [0 9 0 0 7 0 0 0 0]
 [0 0 4 0 0 3 0 0 0]
 [0 0 0 0 0 2 0 8 0]
 [0 4 0 3 0 0 0 5 1]
 [0 6 8 7 0 0 0 2 0]
 [0 0 6 0 4 0 0 0 5]
 [4 0 0 0 0 0 1 0 0]
 [0 0 2 9 0 0 7 3 0]]
Solution:
[[4 2 7 6 9 5 1 0 3]
 [9 1 5 7 3 8 0 2 4]
 [3 0 8 2 4 1 7 6 9]
 [5 8 9 3 7 4 6 1 0]
 [1 3 2 5 6 9 8 4 0]
 [0 4 6 1 8 0 2 7 5]
 [2 9 3 0 1 6 4 8 0]
 [8 5 1 9 0 2 3 0 7]
 [6 7 0 4 0 3 5 9 1]]
Number of cells unfilled: 13
Accuracy: 83.9506172839506
Sample: 56870
Question:
[[0 0 0 0 0 0 8 0 9]
 [6 8 4 0 0 0 0 0 2]
 [0 0 0 0 0 2 0 1 6]
 [0 0 2 7 0 9 0 5 0]
 [0 0 0 0 0 0 0 0 0]
 [0 0 0 0 5 0 9 0 8]
 [0 7 0 5 8 0 0 0 0]
 [4 2 9 0 0 0 0 0 0]
 [5 0 0 0 0 0 6 4 3]]
Solution:
[[4 2 7 6 9 5 1 0 3]
 [9 1 5 7 3 0 0 2 4]
 [3 0 8 2 4 1 9 6 5]
 [5 8 9 3 7 4 6 1 0]
 [1 3 2 5 6 9 8 4 0]
 [0 4 6 1 0 8 2 7 9]
 [6 9 3 0 1 7 4 8 2]
 [8 5 1 9 0 2 3 0 7]
 [7 0 0 4 8 3 5 9 6]]
Number of cells unfilled: 13
Accuracy: 83.9506172839506
Sample: 56871
Question:
[[0 6 0 0 0 0 0 0 0]
 [0 0 0 3 6 2 0 0 8]
 [0 5 2 1 8 0 0 0 0]
 [0 0 0 4 0 8 0 3 0]
 [0 0 1 0 3 5 0 0 6]
 [0 0 0 0 0 0 9 0 4]
 [5 7 0 0 0 1 0 2 0]
 [0 2 4 0 0 0 0 0 1]
 [0 0 6 2 0 0 0 7 0]]
Solution:
[[4 2 7 6 9 5 1 0 3]
 [9 1 5 7 3 8 0 2 4]
 [3 0 8 2 4 1 7 6 9]
 [5 8 9 3 7 4 6 1 0]
 [1 3 2 5 6 9 8 4 0]
 [0 4 6 1 8 0 2 7 5]
 [7 9 3 0 1 6 4 8 2]
 [8 5 1 9 0 2 3 0 7]
 [2 6 0 4 0 3 5 9 1]]
Number of cells unfilled: 12
Accuracy: 85.18518518518519
Sample: 56872
Question:
[[0 0 0 0 0 0 0 7 2]
 [5 0 1 4 0 0 0 6 0]
 [3 0 0 0 0 0 4 5 0]
 [0 5 0 2 7 0 6 0 0]
 [0 0 0 6 0 0 0 0 5]
 [6 0 0 3 0 9 0 0 0]
 [0 0 5 9 0 7 0 0 0]
 [0 6 0 0 3 4 7 0 0]
 [0 8 0 0 0 0 0 0 0]]
Solution:
[[4 2 7 6 9 5 1 0 3]
 [9 1 5 7 3 0 0 2 4]
 [3 0 8 2 4 1 7 6 9]
 [5 8 9 3 7 4 6 1 0]
 [1 3 2 5 6 9 8 4 0]
 [0 4 6 1 0 8 2 7 5]
 [2 9 3 0 1 7 4 8 6]
 [8 5 1 9 0 2 3 0 7]
 [6 7 0 4 8 3 5 9 1]]
Number of cells unfilled: 12
Accuracy: 85.18518518518519
Sample: 56873
Question:
[[0 0 6 0 0 9 0 0 1]
 [0 0 0 0 2 0 7 0 0]
 [0 0 0 4 0 0 0 8 0]
 [3 0 1 0 9 0 4 0 0]
 [5 0 9 0 0 0 3 0 0]
 [0 6 0 0 0 5 0 0 9]
 [0 0 0 8 0 0 0 2 0]
 [0 0 0 0 7 0 0 0 0]
 [6 0 0 0 0 1 0 0 3]]
Solution:
[[4 2 7 6 9 5 1 0 3]
 [9 1 5 7 3 0 0 2 4]
 [3 0 8 2 4 1 9 6 5]
 [5 8 9 3 7 4 6 1 0]
 [1 3 2 5 6 9 8 4 0]
 [0 4 6 1 0 8 2 7 9]
 [2 9 3 0 1 7 4 8 6]
 [8 5 1 9 0 2 3 0 7]
 [6 7 0 4 8 3 5 9 2]]
Number of cells unfilled: 12
Accuracy: 85.18518518518519
Sample: 56874
Question:
[[0 5 0 1 0 0 0 0 0]
 [8 0 0 0 0 9 4 0 0]
 [0 0 3 0 6 0 0 0 0]
 [0 0 0 5 0 0 0 6 0]
 [0 9 1 0 3 0 0 0 0]
 [2 0 0 0 0 8 9 0 0]
 [7 0 0 0 0 0 0 2 4]
 [0 0 0 0 0 0 7 0 0]
 [0 0 0 0 2 7 0 8 9]]
Solution:
[[4 2 0 6 9 5 1 0 3]
 [9 1 5 7 3 8 0 2 4]
 [3 7 8 2 4 1 9 6 5]
 [5 8 9 3 7 4 6 1 0]
 [1 3 2 5 6 9 8 4 0]
 [0 4 6 1 8 0 2 7 9]
 [0 9 3 0 1 6 4 8 2]
 [8 5 1 9 0 2 3 0 7]
 [2 6 7 4 0 3 5 9 1]]
Number of cells unfilled: 12
Accuracy: 85.18518518518519
Sample: 56875
Question:
[[5 0 7 0 0 8 4 0 0]
 [9 3 0 0 0 0 0 5 0]
 [0 0 1 0 0 0 0 0 3]
 [0 0 0 0 0 0 0 0 8]
 [0 0 0 0 4 1 0 3 0]
 [0 0 8 5 6 2 7 0 0]
 [7 0 0 6 0 0 0 0 0]
 [0 8 0 0 3 0 5 0 0]
 [0 0 9 2 0 0 0 0 4]]
Solution:
[[4 2 7 6 8 5 1 9 3]
 [9 1 5 7 3 0 0 2 4]
 [3 0 8 2 4 1 7 6 5]
 [5 8 9 3 7 4 6 1 0]
 [1 3 2 5 6 9 8 4 0]
 [0 4 6 1 0 8 2 7 9]
 [7 9 3 0 1 6 4 8 2]
 [8 5 1 9 0 2 3 0 7]
 [6 0 0 4 0 3 5 0 1]]
Number of cells unfilled: 14
Accuracy: 82.71604938271605
Sample: 56876
Question:
[[0 4 0 0 0 5 0 0 0]
 [9 0 0 0 4 0 0 3 0]
 [0 0 6 7 0 0 0 0 4]
 [0 0 0 0 0 8 5 0 0]
 [0 0 2 0 6 0 0 7 0]
 [6 0 0 9 0 0 0 0 1]
 [0 6 0 0 0 0 2 0 0]
 [0 0 9 1 0 0 0 8 0]
 [7 0 0 0 3 0 0 0 9]]
Solution:
[[4 2 0 6 8 5 7 0 3]
 [9 1 5 7 3 0 0 2 4]
 [3 7 8 2 4 1 9 6 5]
 [5 8 9 3 7 4 6 1 0]
 [1 3 2 5 6 9 8 4 0]
 [0 4 6 1 0 8 2 7 9]
 [0 9 3 0 1 6 4 8 2]
 [8 5 1 9 0 2 3 0 7]
 [2 6 7 4 0 3 5 9 1]]
Number of cells unfilled: 13
Accuracy: 83.9506172839506
Sample: 56877
Question:
[[7 0 0 0 0 4 0 0 5]
 [0 0 0 3 0 0 0 0 0]
 [0 5 0 0 0 0 0 4 8]
 [6 0 0 1 9 0 3 7 0]
 [0 2 0 0 0 7 0 0 1]
 [0 0 0 0 2 0 0 6 0]
 [0 0 0 0 0 0 8 0 0]
 [9 0 7 0 0 6 0 0 0]
 [0 0 8 0 0 0 6 1 4]]
Solution:
[[4 2 0 6 9 5 7 0 3]
 [9 1 5 7 3 0 0 2 4]
 [3 7 8 2 4 1 9 6 5]
 [5 8 9 3 7 4 6 1 0]
 [1 3 2 5 6 9 8 4 0]
 [0 4 6 1 0 8 2 7 9]
 [2 9 3 0 1 7 4 8 6]
 [8 5 1 9 0 2 3 0 7]
 [7 6 0 4 8 3 5 9 2]]
Number of cells unfilled: 12
Accuracy: 85.18518518518519
Sample: 56878
Question:
[[9 0 0 0 0 3 0 6 0]
 [0 0 5 0 0 7 4 0 0]
 [0 2 0 1 0 0 0 0 8]
 [4 0 0 7 0 0 0 9 0]
 [0 0 6 0 0 0 5 0 0]
 [0 7 0 0 1 0 0 0 4]
 [0 3 0 0 0 1 0 0 2]
 [8 0 0 0 0 0 0 4 0]
 [0 0 0 8 3 0 0 0 0]]
Solution:
[[4 2 0 6 9 5 1 0 3]
 [9 1 5 7 3 0 0 2 4]
 [3 7 8 2 4 1 9 6 0]
 [5 8 9 3 7 4 6 1 0]
 [1 3 2 5 6 9 8 4 0]
 [0 4 6 1 0 8 2 7 5]
 [2 9 3 0 1 6 4 8 0]
 [8 5 1 9 0 2 3 0 7]
 [7 6 0 4 8 3 5 9 1]]
Number of cells unfilled: 14
Accuracy: 82.71604938271605
Sample: 56879
Question:
[[0 0 5 0 2 4 0 0 0]
 [0 4 9 0 0 8 0 0 1]
 [6 0 7 0 1 0 0 0 5]
 [0 0 1 0 0 0 0 3 0]
 [0 0 0 1 8 0 0 0 0]
 [0 0 8 0 0 6 0 9 0]
 [0 0 0 0 4 0 0 8 0]
 [0 0 0 0 0 0 9 7 0]
 [0 0 2 0 6 0 0 0 4]]
Solution:
[[4 2 7 6 9 5 1 0 3]
 [9 1 5 7 3 8 0 2 4]
 [3 0 8 2 4 1 7 6 5]
 [5 8 9 3 7 4 6 1 0]
 [1 3 2 5 6 9 8 4 0]
 [0 4 6 1 8 0 2 7 9]
 [2 9 3 0 1 7 4 8 6]
 [8 5 1 9 0 2 3 0 7]
 [6 7 0 4 0 3 5 9 2]]
Number of cells unfilled: 12
Accuracy: 85.18518518518519
Sample: 56880
Question:
[[0 9 0 0 0 0 0 0 0]
 [5 0 0 6 0 0 0 0 8]
 [0 0 0 2 0 4 3 0 0]
 [0 0 0 0 0 3 8 0 5]
 [9 1 0 4 0 0 0 0 0]
 [0 3 0 1 0 0 2 0 9]
 [0 0 2 0 0 6 5 3 0]
 [0 0 0 8 0 0 4 0 0]
 [0 7 0 0 0 0 0 0 0]]
Solution:
[[4 2 0 6 9 5 7 0 3]
 [9 1 5 7 3 0 0 2 4]
 [3 7 8 2 4 1 9 6 5]
 [5 8 9 3 7 4 6 1 0]
 [1 3 2 5 6 9 8 4 0]
 [0 4 6 1 0 8 2 7 9]
 [0 9 3 0 1 7 4 8 6]
 [8 5 1 9 0 2 3 0 7]
 [2 6 7 4 8 3 5 9 1]]
Number of cells unfilled: 12
Accuracy: 85.18518518518519
Sample: 56881
Question:
[[0 0 7 9 0 0 0 0 0]
 [0 0 0 0 0 0 1 2 0]
 [1 0 6 0 3 0 0 0 0]
 [0 0 1 2 0 9 0 5 3]
 [0 8 3 0 5 0 0 0 0]
 [5 0 0 0 4 0 2 1 0]
 [7 0 0 1 0 0 0 0 0]
 [0 0 0 0 0 3 8 4 0]
 [0 5 0 0 0 0 9 0 0]]
Solution:
[[4 2 7 6 8 5 1 9 3]
 [9 1 5 7 3 0 0 2 4]
 [3 0 8 2 4 1 7 6 5]
 [5 8 9 3 7 4 6 1 0]
 [1 3 2 5 6 9 8 4 0]
 [0 4 6 1 0 8 2 7 9]
 [2 9 3 0 1 7 4 8 6]
 [8 5 1 9 0 2 3 0 7]
 [7 6 0 4 0 3 5 0 1]]
Number of cells unfilled: 13
Accuracy: 83.9506172839506
Sample: 56882
Question:
[[4 0 7 0 0 0 0 0 5]
 [0 0 0 0 0 5 0 0 6]
 [0 0 0 4 9 8 1 0 0]
 [0 0 0 7 0 0 3 0 9]
 [3 0 0 0 0 2 0 0 0]
 [2 0 0 0 3 0 0 0 1]
 [9 0 2 0 8 0 0 0 3]
 [0 0 8 0 0 4 5 0 0]
 [0 0 4 0 2 0 0 6 0]]
Solution:
[[4 2 0 6 9 5 7 0 3]
 [9 1 5 7 3 8 0 2 4]
 [3 7 8 2 4 1 9 6 5]
 [5 8 9 3 7 4 6 1 0]
 [1 3 2 5 6 9 8 4 0]
 [0 4 6 1 8 0 2 7 9]
 [0 9 3 0 1 6 4 8 2]
 [8 5 1 9 0 2 3 0 7]
 [2 6 7 4 0 3 5 9 1]]
Number of cells unfilled: 12
Accuracy: 85.18518518518519
Sample: 56883
Question:
[[0 0 0 0 0 8 0 0 5]
 [0 0 7 0 3 0 0 6 4]
 [0 5 0 7 0 0 1 0 0]
 [5 0 0 1 9 0 0 0 0]
 [0 0 0 0 0 4 0 0 2]
 [0 4 1 0 0 0 0 0 0]
 [0 0 5 0 7 0 9 0 0]
 [4 0 0 0 0 0 0 0 0]
 [7 9 0 0 0 3 0 4 0]]
Solution:
[[4 2 0 6 9 5 1 0 3]
 [9 1 5 7 3 8 0 2 4]
 [3 7 8 2 4 1 9 6 5]
 [5 8 9 3 7 4 6 1 0]
 [1 3 2 5 6 9 8 4 0]
 [0 4 6 1 8 0 2 7 9]
 [0 9 3 0 1 7 4 8 6]
 [8 5 1 9 0 2 3 0 7]
 [2 6 7 4 0 3 5 9 1]]
Number of cells unfilled: 12
Accuracy: 85.18518518518519
Sample: 56884
Question:
[[0 3 0 2 0 0 9 7 0]
 [0 0 8 0 5 0 0 0 2]
 [9 0 0 0 0 0 0 0 0]
 [0 0 7 0 0 0 0 0 6]
 [3 0 0 7 0 0 2 8 0]
 [0 2 0 0 0 0 0 0 0]
 [0 0 0 0 3 0 0 0 4]
 [0 0 3 9 0 0 8 0 0]
 [8 0 0 0 0 1 0 6 0]]
Solution:
[[4 2 0 6 9 5 1 0 3]
 [9 1 5 7 3 0 0 0 4]
 [3 7 8 2 4 1 9 6 0]
 [5 8 9 3 7 4 6 1 0]
 [1 3 2 5 6 9 8 4 0]
 [0 4 6 1 0 8 2 7 5]
 [2 9 3 0 1 7 4 8 6]
 [8 5 1 9 0 2 3 0 7]
 [7 6 0 4 8 3 5 2 9]]
Number of cells unfilled: 14
Accuracy: 82.71604938271605
Sample: 56885
Question:
[[1 0 7 3 0 0 0 0 0]
 [4 0 0 0 0 0 0 0 0]
 [0 8 0 0 4 1 0 7 0]
 [0 1 0 0 0 3 0 0 6]
 [0 0 0 9 0 0 8 0 0]
 [0 0 8 0 1 0 0 5 0]
 [0 0 0 4 0 0 2 0 0]
 [8 0 0 0 5 7 0 4 0]
 [0 5 0 0 0 0 0 0 0]]
Solution:
[[4 2 0 6 8 5 7 0 3]
 [9 1 5 7 3 0 0 2 4]
 [3 7 8 2 4 1 9 6 5]
 [5 8 9 3 7 4 6 1 0]
 [1 3 2 5 6 9 8 4 0]
 [0 4 6 1 0 8 2 7 9]
 [2 9 3 0 1 6 4 8 0]
 [8 5 1 9 0 2 3 0 7]
 [0 6 7 4 0 3 5 9 1]]
Number of cells unfilled: 14
Accuracy: 82.71604938271605
Sample: 56886
Question:
[[2 0 0 4 0 0 8 0 0]
 [0 0 0 0 0 6 0 0 2]
 [0 0 9 0 7 0 0 0 0]
 [0 4 0 0 0 1 7 0 0]
 [0 0 0 7 0 0 0 0 8]
 [7 0 0 0 0 0 0 2 1]
 [0 0 2 0 5 0 0 0 3]
 [4 0 0 1 0 0 0 0 0]
 [8 0 0 0 0 3 1 0 0]]
Solution:
[[4 2 7 6 9 5 1 0 3]
 [9 1 5 7 3 0 0 2 4]
 [3 0 8 2 4 1 7 6 9]
 [5 8 9 3 7 4 6 1 0]
 [1 3 2 5 6 9 8 4 0]
 [0 4 6 1 0 8 2 7 5]
 [2 9 3 0 1 6 4 8 0]
 [8 5 1 9 0 2 3 0 7]
 [7 6 0 4 8 3 5 9 2]]
Number of cells unfilled: 13
Accuracy: 83.9506172839506
Sample: 56887
Question:
[[6 0 0 0 4 0 0 0 9]
 [0 5 0 9 0 0 3 0 0]
 [0 0 0 0 0 0 0 4 0]
 [2 0 0 0 0 3 0 0 0]
 [0 6 0 0 1 0 5 0 0]
 [0 0 5 8 0 0 0 0 3]
 [4 0 0 0 0 7 0 0 5]
 [0 9 8 4 0 0 0 3 0]
 [0 0 0 0 0 0 8 0 0]]
Solution:
[[4 2 7 6 9 5 1 0 3]
 [9 1 5 7 3 8 0 2 4]
 [3 0 8 2 4 1 7 6 5]
 [5 8 9 3 7 4 6 1 0]
 [1 3 2 5 6 9 8 4 0]
 [0 4 6 1 8 0 2 7 9]
 [7 9 3 0 1 6 4 8 2]
 [8 5 1 9 0 2 3 0 7]
 [2 6 0 4 0 3 5 9 1]]
Number of cells unfilled: 12
Accuracy: 85.18518518518519
Sample: 56888
Question:
[[3 0 4 0 0 0 0 0 9]
 [0 0 0 1 0 0 7 0 0]
 [0 0 0 0 4 2 0 0 0]
 [0 0 8 6 0 0 5 0 0]
 [0 0 0 0 0 9 0 2 0]
 [9 6 0 3 0 4 0 0 0]
 [0 4 0 0 0 0 0 8 1]
 [0 1 0 0 0 0 0 0 0]
 [6 0 0 7 0 3 0 0 0]]
Solution:
[[4 2 0 6 9 5 7 0 3]
 [9 1 5 7 3 8 0 0 4]
 [3 7 8 2 4 1 9 6 0]
 [5 8 9 3 7 4 6 1 0]
 [1 3 2 5 6 9 8 4 0]
 [0 4 6 1 8 0 2 7 5]
 [2 9 3 0 1 7 4 8 6]
 [8 5 1 9 0 2 3 0 7]
 [0 6 7 4 0 3 5 2 9]]
Number of cells unfilled: 14
Accuracy: 82.71604938271605
Sample: 56889
Question:
[[0 6 0 0 2 0 0 4 0]
 [0 0 0 9 0 0 0 0 5]
 [0 0 1 0 0 0 0 0 3]
 [0 0 0 7 0 0 0 0 9]
 [0 0 6 0 8 0 0 2 0]
 [8 0 0 3 0 0 0 0 0]
 [0 0 4 0 0 0 5 0 0]
 [6 0 0 0 4 0 0 1 0]
 [0 1 2 0 0 7 4 0 0]]
Solution:
[[4 2 0 6 8 5 7 0 3]
 [9 1 5 7 3 0 0 2 4]
 [3 7 8 2 4 1 9 6 5]
 [5 8 9 3 7 4 6 1 0]
 [1 3 2 5 6 9 8 4 0]
 [0 4 6 1 0 8 2 7 9]
 [0 9 3 0 1 6 4 8 2]
 [8 5 1 9 0 2 3 0 7]
 [2 6 7 4 0 3 5 9 1]]
Number of cells unfilled: 13
Accuracy: 83.9506172839506
Sample: 56890
Question:
[[0 0 7 0 1 0 0 0 0]
 [0 3 0 0 0 0 0 8 0]
 [6 0 0 0 0 2 0 0 5]
 [1 0 0 0 0 9 0 0 2]
 [0 8 0 1 0 0 0 3 0]
 [0 0 5 0 2 0 6 1 0]
 [4 0 0 0 5 0 0 0 7]
 [0 0 9 0 0 7 4 0 0]
 [0 0 0 9 0 0 0 2 0]]
Solution:
[[4 2 7 6 9 5 1 0 3]
 [9 1 5 7 3 0 0 2 4]
 [3 0 8 2 4 1 7 6 9]
 [5 8 9 3 7 4 6 1 0]
 [1 3 2 5 6 9 8 4 0]
 [0 4 6 1 0 8 2 7 5]
 [2 9 3 0 1 7 4 8 6]
 [8 5 1 9 0 2 3 0 7]
 [6 7 0 4 8 3 5 9 1]]
Number of cells unfilled: 12
Accuracy: 85.18518518518519
Sample: 56891
Question:
[[0 0 0 7 0 0 8 0 0]
 [0 0 0 0 0 0 0 1 4]
 [0 0 0 8 0 1 3 7 0]
 [0 0 4 0 0 7 0 5 0]
 [7 3 8 0 0 0 0 0 0]
 [0 5 2 4 6 0 0 0 0]
 [0 0 3 9 0 0 0 0 1]
 [0 8 0 0 0 0 0 3 9]
 [0 0 6 0 5 2 4 0 0]]
Solution:
[[4 2 0 6 9 5 1 0 3]
 [9 1 5 7 3 8 0 2 4]
 [3 7 8 2 4 1 9 6 5]
 [5 8 9 3 7 4 6 1 0]
 [1 3 2 5 6 9 8 4 0]
 [0 4 6 1 8 0 2 7 9]
 [6 9 3 0 1 7 4 8 2]
 [8 5 1 9 0 2 3 0 7]
 [2 0 7 4 0 3 5 9 6]]
Number of cells unfilled: 12
Accuracy: 85.18518518518519
Sample: 56892
Question:
[[0 0 0 6 0 0 5 8 0]
 [3 8 0 4 0 0 0 0 0]
 [0 0 7 0 0 0 0 0 0]
 [0 7 0 0 0 0 0 0 1]
 [0 0 3 0 7 0 0 5 0]
 [2 0 6 0 1 4 0 0 3]
 [0 0 0 0 0 2 0 0 8]
 [0 0 8 0 3 1 0 6 2]
 [0 0 2 0 0 6 7 3 0]]
Solution:
[[4 2 7 6 9 5 1 0 3]
 [9 1 5 7 3 8 0 2 4]
 [3 0 8 2 4 1 7 6 9]
 [5 8 9 3 7 4 6 1 0]
 [1 3 2 5 6 9 8 4 0]
 [0 4 6 1 8 0 2 7 5]
 [6 9 3 0 1 7 4 8 2]
 [8 5 1 9 0 2 3 0 7]
 [2 7 0 4 0 3 5 9 1]]
Number of cells unfilled: 12
Accuracy: 85.18518518518519
Sample: 56893
Question:
[[6 0 0 0 5 0 4 0 0]
 [0 0 0 0 0 8 0 0 0]
 [0 0 1 6 0 0 0 0 2]
 [9 0 2 0 1 0 0 3 0]
 [0 6 0 9 0 0 0 0 1]
 [1 0 7 0 0 0 0 0 0]
 [0 0 0 0 0 3 0 8 0]
 [0 0 0 0 4 0 5 0 0]
 [7 0 0 2 0 0 0 0 6]]
Solution:
[[4 2 7 6 9 5 1 0 3]
 [9 1 5 7 3 8 0 2 4]
 [3 0 8 2 4 1 7 6 9]
 [5 8 9 3 7 4 6 1 0]
 [1 3 2 5 6 9 8 4 0]
 [0 4 6 1 8 0 2 7 5]
 [7 9 3 0 1 6 4 8 2]
 [8 5 1 9 0 2 3 0 7]
 [6 0 0 4 0 3 5 9 1]]
Number of cells unfilled: 13
Accuracy: 83.9506172839506
Sample: 56894
Question:
[[0 5 0 4 0 0 6 0 0]
 [0 0 4 0 0 1 0 7 0]
 [0 0 0 0 9 8 0 0 0]
 [0 0 6 2 0 0 5 0 0]
 [5 9 0 0 1 0 0 0 0]
 [2 0 0 0 0 0 0 3 0]
 [4 0 0 9 0 0 2 0 0]
 [0 0 0 0 0 0 0 0 8]
 [0 6 0 0 3 0 0 0 7]]
Solution:
[[4 2 0 6 9 5 1 0 3]
 [9 1 5 7 3 8 0 2 4]
 [3 7 8 2 4 1 9 6 5]
 [5 8 9 3 7 4 6 1 0]
 [1 3 2 5 6 9 8 4 0]
 [0 4 6 1 8 0 2 7 9]
 [0 9 3 0 1 7 4 8 6]
 [8 5 1 9 0 2 3 0 7]
 [2 6 7 4 0 3 5 9 1]]
Number of cells unfilled: 12
Accuracy: 85.18518518518519
Sample: 56895
Question:
[[0 5 0 4 0 0 1 0 0]
 [0 0 3 0 9 0 0 0 0]
 [0 4 0 2 0 0 7 0 0]
 [0 0 0 0 0 4 5 0 0]
 [5 0 2 3 0 0 0 0 7]
 [0 7 0 0 1 0 0 0 3]
 [0 0 0 0 4 0 0 6 0]
 [0 0 8 0 0 0 0 0 1]
 [0 2 0 1 0 0 3 0 0]]
Solution:
[[4 2 7 6 9 5 1 0 3]
 [9 1 5 7 3 0 0 2 4]
 [3 0 8 2 4 1 9 6 5]
 [5 8 9 3 7 4 6 1 0]
 [1 3 2 5 6 9 8 4 0]
 [0 4 6 1 0 8 2 7 9]
 [2 9 3 0 1 7 4 8 6]
 [8 5 1 9 0 2 3 0 7]
 [7 6 0 4 8 3 5 9 2]]
Number of cells unfilled: 12
Accuracy: 85.18518518518519
Sample: 56896
Question:
[[2 0 0 0 3 0 4 6 0]
 [0 0 4 5 0 0 0 0 0]
 [0 1 0 0 0 0 3 5 7]
 [0 0 0 4 0 1 0 0 0]
 [8 0 0 0 0 0 7 0 0]
 [0 0 1 0 0 0 0 4 9]
 [0 9 0 3 0 0 0 0 6]
 [6 0 0 0 4 0 0 0 2]
 [0 0 0 0 8 0 0 7 0]]
Solution:
[[4 2 7 6 9 5 1 0 3]
 [9 1 5 7 3 0 0 2 4]
 [3 0 8 2 4 1 9 6 0]
 [5 8 9 3 7 4 6 1 0]
 [1 3 2 5 6 9 8 4 0]
 [0 4 6 1 0 8 2 7 5]
 [2 9 3 0 1 7 4 8 6]
 [8 5 1 9 0 2 3 0 7]
 [7 6 0 4 8 3 5 9 2]]
Number of cells unfilled: 13
Accuracy: 83.9506172839506
Sample: 56897
Question:
[[0 0 2 0 0 8 0 0 3]
 [0 6 0 0 3 0 0 0 8]
 [7 0 3 0 0 0 0 5 0]
 [0 0 0 2 0 1 5 9 0]
 [0 0 0 0 0 0 0 2 1]
 [0 0 0 0 4 0 7 0 0]
 [0 1 0 6 0 0 0 0 0]
 [9 0 5 3 0 0 0 0 7]
 [0 0 0 4 5 0 0 0 0]]
Solution:
[[4 2 7 6 9 5 1 0 3]
 [9 1 5 7 3 8 0 2 4]
 [3 0 8 2 4 1 9 6 0]
 [5 8 9 3 7 4 6 1 0]
 [1 3 2 5 6 9 8 4 0]
 [0 4 6 1 8 0 2 7 5]
 [2 9 3 0 1 7 4 8 6]
 [8 5 1 9 0 2 3 0 7]
 [6 7 0 4 0 3 5 9 2]]
Number of cells unfilled: 13
Accuracy: 83.9506172839506
Sample: 56898
Question:
[[0 0 9 0 0 1 0 3 0]
 [0 8 0 0 0 0 7 0 0]
 [6 0 0 0 0 0 0 0 2]
 [9 0 0 0 8 0 0 0 0]
 [0 0 2 4 0 3 0 0 0]
 [0 3 0 9 0 5 0 1 0]
 [0 0 4 2 0 0 0 9 0]
 [0 9 0 0 3 0 0 0 5]
 [7 0 0 0 0 0 6 0 0]]
Solution:
[[4 2 7 6 9 5 1 0 3]
 [9 1 5 7 3 8 0 2 4]
 [3 0 8 2 4 1 7 6 9]
 [5 8 9 3 7 4 6 1 0]
 [1 3 2 5 6 9 8 4 0]
 [0 4 6 1 8 0 2 7 5]
 [2 9 3 0 1 6 4 8 0]
 [8 5 1 9 0 2 3 0 7]
 [7 6 0 4 0 3 5 9 2]]
Number of cells unfilled: 13
Accuracy: 83.9506172839506
Sample: 56899
Question:
[[0 0 6 0 1 7 0 0 0]
 [4 5 0 2 0 0 0 1 0]
 [2 0 0 0 0 4 6 0 0]
 [0 0 0 0 7 2 1 0 0]
 [6 0 8 0 4 1 0 9 0]
 [0 0 0 0 0 0 5 7 0]
 [0 0 5 0 0 8 0 0 9]
 [0 0 0 0 0 0 0 5 0]
 [8 0 4 0 6 0 0 2 0]]
Solution:
[[4 2 7 6 9 5 1 0 3]
 [9 1 5 7 3 8 0 2 4]
 [3 0 8 2 4 1 7 6 9]
 [5 8 9 3 7 4 6 1 0]
 [1 3 2 5 6 9 8 4 0]
 [0 4 6 1 8 0 2 7 5]
 [6 9 3 0 1 7 4 8 2]
 [8 5 1 9 0 2 3 0 7]
 [2 7 0 4 0 3 5 9 6]]
Number of cells unfilled: 12
Accuracy: 85.18518518518519
Sample: 56900
Question:
[[0 0 0 0 0 5 0 0 3]
 [0 1 0 7 0 0 0 0 0]
 [0 0 8 0 4 0 0 6 0]
 [0 0 9 0 0 4 0 0 0]
 [1 0 0 0 6 0 0 4 0]
 [0 4 6 0 0 0 2 0 0]
 [0 9 0 0 1 0 0 8 0]
 [8 0 0 0 0 2 0 0 7]
 [0 0 0 0 0 3 5 0 0]]
Solution:
[[4 2 0 6 9 5 1 0 3]
 [9 1 5 7 3 0 0 2 4]
 [3 7 8 2 4 1 9 6 0]
 [5 8 9 3 7 4 6 1 0]
 [1 3 2 5 6 9 8 4 0]
 [0 4 6 1 0 8 2 7 5]
 [0 9 3 0 1 7 4 8 2]
 [8 5 1 9 0 2 3 0 7]
 [2 6 7 4 8 3 5 9 1]]
Number of cells unfilled: 13
Accuracy: 83.9506172839506
