2025-10-22 15:24:50.845318: I tensorflow/core/util/port.cc:153] oneDNN custom operations are on. You may see slightly different numerical results due to floating-point round-off errors from different computation orders. To turn them off, set the environment variable `TF_ENABLE_ONEDNN_OPTS=0`.
2025-10-22 15:24:51.233228: I tensorflow/core/platform/cpu_feature_guard.cc:210] This TensorFlow binary is optimized to use available CPU instructions in performance-critical operations.
To enable the following instructions: AVX2 AVX512F AVX512_VNNI FMA, in other operations, rebuild TensorFlow with the appropriate compiler flags.
2025-10-22 15:24:56.927513: I tensorflow/core/util/port.cc:153] oneDNN custom operations are on. You may see slightly different numerical results due to floating-point round-off errors from different computation orders. To turn them off, set the environment variable `TF_ENABLE_ONEDNN_OPTS=0`.
2025-10-22 15:25:03.235314: E external/local_xla/xla/stream_executor/cuda/cuda_platform.cc:51] failed call to cuInit: INTERNAL: CUDA error: Failed call to cuInit: UNKNOWN ERROR (303)
Sample: 57001
Question:
[[0 1 0 4 9 0 0 3 0]
 [0 0 0 0 0 6 0 0 4]
 [0 0 0 0 0 0 9 0 1]
 [0 0 0 0 0 0 0 2 0]
 [0 8 0 9 2 0 0 0 3]
 [7 0 0 0 0 0 0 9 0]
 [1 0 0 0 8 0 0 0 0]
 [8 4 0 0 0 5 0 0 0]
 [0 2 0 1 4 0 3 0 0]]
Solution:
[[0 1 8 0 0 3 2 4 5]
 [5 2 9 7 4 6 0 8 3]
 [4 3 6 2 8 0 7 1 9]
 [8 0 1 3 9 2 0 6 4]
 [2 6 5 0 7 4 1 9 8]
 [9 7 4 6 1 8 5 3 2]
 [7 4 3 8 6 0 9 2 1]
 [6 9 0 1 2 5 8 0 7]
 [1 8 2 9 3 7 4 5 6]]
Number of cells unfilled: 11
Accuracy: 86.41975308641975
Sample: 57002
Question:
[[9 7 0 0 0 0 0 0 0]
 [0 0 6 0 0 7 0 5 0]
 [0 5 0 0 0 0 4 0 0]
 [0 0 0 7 0 0 0 0 2]
 [0 9 0 2 0 5 1 0 0]
 [6 0 0 0 0 3 0 7 5]
 [0 6 0 0 0 2 0 9 3]
 [0 0 0 8 0 0 0 0 0]
 [0 0 3 0 0 0 0 0 0]]
Solution:
[[0 1 8 0 0 3 2 4 5]
 [5 2 9 7 4 6 0 8 3]
 [4 3 6 2 5 0 7 1 9]
 [8 0 1 3 9 2 0 6 4]
 [2 6 5 0 7 4 1 9 8]
 [9 7 4 6 1 8 5 3 2]
 [7 4 3 8 6 0 9 2 1]
 [6 9 0 1 2 5 8 0 7]
 [1 8 2 9 3 7 4 5 6]]
Number of cells unfilled: 11
Accuracy: 86.41975308641975
Sample: 57003
Question:
[[0 0 2 0 0 0 0 1 0]
 [0 5 0 0 0 6 2 0 0]
 [7 0 0 0 1 0 0 0 8]
 [0 0 7 4 8 0 0 0 9]
 [0 2 0 0 0 5 3 0 0]
 [4 0 0 0 0 0 0 0 0]
 [0 0 0 0 5 0 9 0 0]
 [0 0 0 0 0 9 0 6 2]
 [0 9 0 6 0 0 0 3 5]]
Solution:
[[0 1 8 0 5 3 2 4 9]
 [5 2 9 7 4 6 0 8 3]
 [4 3 6 2 8 9 7 1 5]
 [8 0 1 3 9 2 0 6 4]
 [2 6 5 0 7 4 1 9 8]
 [9 7 4 6 1 8 5 3 2]
 [7 4 3 8 6 0 9 2 1]
 [6 9 0 1 2 5 8 0 7]
 [1 8 2 9 3 7 4 5 6]]
Number of cells unfilled: 9
Accuracy: 88.88888888888889
Sample: 57004
Question:
[[8 0 0 0 0 3 0 0 1]
 [0 2 0 0 1 0 3 8 0]
 [0 0 0 8 0 0 0 6 9]
 [0 0 9 7 0 0 0 2 0]
 [0 4 0 0 3 0 1 0 0]
 [0 0 0 0 0 6 0 0 0]
 [0 5 0 3 0 0 0 0 0]
 [3 0 2 0 0 4 5 0 0]
 [4 0 1 0 5 0 0 0 0]]
Solution:
[[0 1 8 7 5 3 2 4 9]
 [5 2 9 0 4 6 0 8 3]
 [4 3 6 2 8 9 7 1 5]
 [8 0 1 3 9 2 0 6 4]
 [2 6 5 0 7 4 1 9 8]
 [9 7 4 6 1 8 5 3 2]
 [7 5 3 8 6 0 9 2 1]
 [6 9 0 1 2 5 8 0 7]
 [1 8 2 9 3 7 4 5 6]]
Number of cells unfilled: 9
Accuracy: 88.88888888888889
Sample: 57005
Question:
[[7 0 2 0 4 0 0 0 6]
 [0 0 0 0 0 0 0 5 2]
 [0 8 0 0 0 3 1 0 0]
 [8 0 0 0 0 6 0 0 0]
 [0 0 1 9 0 0 6 0 0]
 [0 6 0 3 1 0 0 0 0]
 [0 3 0 0 0 1 9 0 0]
 [0 0 0 5 0 0 0 7 0]
 [4 0 0 0 0 0 0 0 0]]
Solution:
[[0 1 8 0 0 3 2 4 5]
 [5 2 9 7 4 6 0 1 3]
 [4 3 6 2 5 1 7 8 9]
 [8 0 1 3 9 2 0 6 4]
 [2 6 5 0 7 4 1 9 8]
 [9 7 4 6 1 8 5 3 2]
 [7 4 3 8 6 0 9 2 1]
 [6 9 0 1 2 5 8 0 7]
 [1 8 2 9 3 7 4 5 6]]
Number of cells unfilled: 10
Accuracy: 87.65432098765432
Sample: 57006
Question:
[[0 0 1 8 0 0 0 5 0]
 [0 0 0 0 2 0 0 0 1]
 [0 4 0 0 0 0 0 0 8]
 [0 9 0 0 0 2 0 0 0]
 [0 3 0 0 0 0 0 7 0]
 [0 0 8 5 0 0 0 0 6]
 [0 0 7 6 0 0 1 0 0]
 [0 0 0 0 9 7 0 0 5]
 [3 0 0 0 0 4 0 6 0]]
Solution:
[[0 1 8 0 0 9 2 4 5]
 [5 2 9 7 4 6 0 1 3]
 [4 3 6 2 5 1 7 8 9]
 [8 0 1 3 9 2 0 6 4]
 [2 6 5 0 7 4 1 9 8]
 [9 7 4 6 1 8 5 3 2]
 [7 4 3 8 6 0 9 2 1]
 [6 9 0 1 2 5 8 0 7]
 [1 8 2 9 3 7 4 5 6]]
Number of cells unfilled: 10
Accuracy: 87.65432098765432
Sample: 57007
Question:
[[0 2 0 4 0 0 0 0 0]
 [3 0 0 0 0 2 0 0 1]
 [0 0 6 0 0 8 7 0 0]
 [0 0 7 6 0 0 9 0 0]
 [0 0 0 0 0 9 0 5 0]
 [0 0 0 0 4 0 0 0 0]
 [0 0 2 0 0 4 6 0 0]
 [0 8 0 2 0 0 0 7 0]
 [1 0 4 0 5 0 0 0 3]]
Solution:
[[0 1 8 0 0 3 2 4 5]
 [5 2 9 7 4 6 0 8 3]
 [4 3 6 2 5 0 7 1 9]
 [8 0 1 3 9 2 0 6 4]
 [2 6 5 0 7 4 1 9 8]
 [9 7 4 6 1 8 5 3 2]
 [7 5 3 8 6 0 9 2 1]
 [6 9 0 1 2 5 8 0 7]
 [1 8 2 9 3 7 4 5 6]]
Number of cells unfilled: 11
Accuracy: 86.41975308641975
Sample: 57008
Question:
[[8 0 0 0 0 6 0 0 5]
 [0 0 2 5 0 0 6 0 0]
 [0 5 0 0 1 0 0 4 0]
 [0 6 0 0 0 1 0 9 0]
 [9 0 0 0 2 0 0 0 0]
 [0 0 3 0 0 0 7 0 0]
 [0 8 5 0 0 9 0 6 0]
 [4 0 0 0 0 0 0 0 8]
 [0 0 7 0 0 0 3 0 0]]
Solution:
[[0 1 8 0 0 3 2 4 5]
 [5 2 9 7 4 6 0 1 3]
 [4 3 6 2 5 1 7 8 9]
 [8 0 1 3 9 2 0 6 4]
 [2 6 5 0 7 4 1 9 8]
 [9 7 4 6 1 8 5 3 2]
 [7 5 3 8 6 0 9 2 1]
 [6 9 0 1 2 5 8 0 7]
 [1 8 2 9 3 7 4 5 6]]
Number of cells unfilled: 10
Accuracy: 87.65432098765432
Sample: 57009
Question:
[[0 0 7 0 6 0 3 0 0]
 [0 0 0 0 0 0 0 2 0]
 [9 3 0 0 0 8 5 0 0]
 [1 9 0 6 0 0 8 0 0]
 [0 0 0 0 1 9 0 5 0]
 [0 0 4 0 8 3 0 0 0]
 [0 0 0 0 0 6 0 0 5]
 [3 6 0 0 9 0 1 0 0]
 [0 7 9 0 0 0 0 0 0]]
Solution:
[[0 1 8 0 5 3 2 4 9]
 [5 2 9 7 4 6 0 1 3]
 [4 3 6 2 0 1 7 8 5]
 [8 0 1 3 9 2 0 6 4]
 [2 6 5 0 7 4 1 9 8]
 [9 7 4 6 1 8 5 3 2]
 [7 5 3 8 6 0 9 2 1]
 [6 9 0 1 2 5 8 0 7]
 [1 8 2 9 3 7 4 5 6]]
Number of cells unfilled: 10
Accuracy: 87.65432098765432
Sample: 57010
Question:
[[0 1 0 0 0 0 0 0 6]
 [0 0 2 0 6 0 0 0 7]
 [0 7 0 2 0 0 4 0 0]
 [0 0 8 0 0 0 0 0 0]
 [0 2 0 0 1 8 5 0 0]
 [0 0 0 0 3 0 0 9 0]
 [9 0 3 0 0 0 8 0 0]
 [0 0 0 0 7 0 0 0 9]
 [0 6 0 0 8 2 0 4 0]]
Solution:
[[0 1 8 0 5 3 2 4 9]
 [5 2 9 7 4 6 0 8 3]
 [4 3 6 2 8 9 7 1 5]
 [8 0 1 3 9 2 0 6 4]
 [2 6 5 0 7 4 1 9 8]
 [9 7 4 6 1 8 5 3 2]
 [7 4 3 8 6 0 9 2 1]
 [6 9 0 1 2 5 8 0 7]
 [1 8 2 9 3 7 4 5 6]]
Number of cells unfilled: 9
Accuracy: 88.88888888888889
Sample: 57011
Question:
[[0 0 7 0 5 0 9 0 0]
 [8 0 0 2 0 0 0 6 0]
 [0 1 0 0 0 0 0 0 3]
 [3 0 0 0 0 0 0 0 1]
 [0 0 2 9 0 0 4 0 0]
 [0 6 0 0 0 0 0 8 0]
 [0 0 0 1 7 0 0 0 0]
 [0 0 4 0 2 6 0 0 0]
 [0 0 0 4 0 0 5 0 0]]
Solution:
[[0 1 8 0 0 3 2 4 5]
 [5 2 9 7 4 6 0 1 3]
 [4 3 6 2 5 1 7 8 9]
 [8 0 1 3 9 2 0 6 4]
 [2 6 5 0 7 4 1 9 8]
 [9 7 4 6 1 8 5 3 2]
 [7 5 3 8 6 0 9 2 1]
 [6 9 0 1 2 5 8 0 7]
 [1 8 2 9 3 7 4 5 6]]
Number of cells unfilled: 10
Accuracy: 87.65432098765432
Sample: 57012
Question:
[[1 7 0 0 9 5 0 0 2]
 [0 0 0 0 8 0 0 0 0]
 [0 0 9 0 0 3 7 4 0]
 [9 0 0 0 1 2 6 0 7]
 [0 0 0 0 0 4 0 0 0]
 [0 2 5 0 0 0 9 0 0]
 [0 0 0 0 0 0 0 0 1]
 [5 0 2 0 7 9 0 3 0]
 [4 0 0 0 0 0 5 0 9]]
Solution:
[[0 1 8 7 5 3 2 4 9]
 [5 2 9 0 4 6 0 8 3]
 [4 3 6 2 8 9 7 1 5]
 [8 0 1 3 9 2 0 6 4]
 [2 6 5 0 7 4 1 9 8]
 [9 7 4 6 1 8 5 3 2]
 [7 4 3 8 6 0 9 2 1]
 [6 9 0 1 2 5 8 0 7]
 [1 8 2 9 3 7 4 5 6]]
Number of cells unfilled: 9
Accuracy: 88.88888888888889
Sample: 57013
Question:
[[0 0 0 6 0 0 9 0 0]
 [1 0 0 0 5 0 0 2 0]
 [0 0 6 0 0 8 0 0 3]
 [0 9 0 0 0 0 2 0 0]
 [7 0 0 0 0 5 0 6 0]
 [0 0 1 0 4 0 0 0 7]
 [0 0 3 0 2 0 0 5 0]
 [8 0 0 0 0 7 0 0 2]
 [0 1 0 5 0 0 4 0 0]]
Solution:
[[0 1 8 0 0 3 2 4 5]
 [5 2 9 7 4 6 0 8 3]
 [4 3 6 5 8 0 7 1 9]
 [8 0 1 3 9 2 0 6 4]
 [2 6 5 0 7 4 1 9 8]
 [9 7 4 6 1 8 5 3 2]
 [7 4 3 8 6 0 9 2 1]
 [6 9 0 1 2 5 8 0 7]
 [1 8 2 9 3 7 4 5 6]]
Number of cells unfilled: 11
Accuracy: 86.41975308641975
Sample: 57014
Question:
[[8 0 0 0 3 0 0 0 5]
 [5 0 2 0 0 8 6 0 0]
 [0 7 0 5 6 0 0 8 0]
 [0 0 5 8 0 0 0 2 0]
 [0 0 0 0 9 0 1 0 0]
 [0 0 0 0 0 3 0 0 6]
 [0 0 7 0 0 9 0 0 0]
 [2 0 0 4 0 0 0 7 0]
 [0 4 0 0 0 0 0 0 1]]
Solution:
[[0 1 8 0 5 3 2 4 9]
 [5 2 9 7 4 6 0 1 3]
 [4 3 6 2 0 1 7 8 5]
 [8 0 1 3 9 2 0 6 4]
 [2 6 5 0 7 4 1 9 8]
 [9 7 4 6 1 8 5 3 2]
 [7 5 3 8 6 0 9 2 1]
 [6 9 0 1 2 5 8 0 7]
 [1 8 2 9 3 7 4 5 6]]
Number of cells unfilled: 10
Accuracy: 87.65432098765432
Sample: 57015
Question:
[[0 8 6 0 0 0 0 0 0]
 [9 0 1 0 0 6 0 0 3]
 [3 0 0 0 0 9 0 6 0]
 [0 4 0 1 0 0 0 0 9]
 [7 0 0 0 0 0 5 0 2]
 [0 0 0 0 0 3 0 7 0]
 [4 0 5 0 0 1 3 0 0]
 [0 0 0 3 0 4 0 0 0]
 [0 0 7 8 9 0 0 5 0]]
Solution:
[[0 1 8 0 0 3 2 4 5]
 [5 2 9 7 4 6 0 8 3]
 [4 3 6 5 8 0 7 1 9]
 [8 0 1 3 9 2 0 6 4]
 [2 6 5 0 7 4 1 9 8]
 [9 7 4 6 1 8 5 3 2]
 [7 5 3 8 6 0 9 2 1]
 [6 9 0 1 2 5 8 0 7]
 [1 8 2 9 3 7 4 5 6]]
Number of cells unfilled: 11
Accuracy: 86.41975308641975
Sample: 57016
Question:
[[0 0 0 0 0 0 0 2 0]
 [0 0 0 0 0 0 1 0 0]
 [0 0 4 6 0 1 5 0 9]
 [9 0 0 4 0 6 0 0 5]
 [0 4 7 0 0 5 0 0 0]
 [0 0 5 0 1 0 0 0 0]
 [0 0 6 0 8 0 0 0 0]
 [0 7 0 5 0 9 0 0 4]
 [0 0 9 1 0 0 3 0 0]]
Solution:
[[0 1 8 0 0 9 2 4 5]
 [5 2 9 7 4 6 0 8 3]
 [4 3 6 2 5 0 7 1 9]
 [8 0 1 3 9 2 0 6 4]
 [2 6 5 0 7 4 1 9 8]
 [9 7 4 6 1 8 5 3 2]
 [7 5 3 8 6 0 9 2 1]
 [6 9 0 1 2 5 8 0 7]
 [1 8 2 9 3 7 4 5 6]]
Number of cells unfilled: 11
Accuracy: 86.41975308641975
Sample: 57017
Question:
[[0 0 0 0 0 0 9 0 0]
 [0 0 8 9 0 2 0 7 1]
 [0 0 0 0 7 0 0 8 0]
 [0 0 0 0 0 3 0 0 5]
 [0 0 5 7 9 0 2 1 0]
 [0 0 2 0 1 0 8 3 0]
 [0 0 9 0 8 0 1 0 0]
 [4 0 0 0 0 9 0 0 0]
 [0 5 0 6 0 0 0 0 0]]
Solution:
[[0 1 8 0 0 3 2 4 5]
 [5 2 9 7 4 6 0 1 3]
 [4 3 6 2 5 1 7 8 9]
 [8 0 1 3 9 2 0 6 4]
 [2 6 5 0 7 4 1 9 8]
 [9 7 4 6 1 8 5 3 2]
 [7 4 3 8 6 0 9 2 1]
 [6 9 0 1 2 5 8 0 7]
 [1 8 2 9 3 7 4 5 6]]
Number of cells unfilled: 10
Accuracy: 87.65432098765432
Sample: 57018
Question:
[[6 0 0 2 0 0 3 0 0]
 [0 1 0 0 0 5 0 0 0]
 [0 0 0 0 8 0 0 0 9]
 [0 0 1 7 0 0 6 0 0]
 [2 0 0 0 0 9 0 0 0]
 [0 0 0 0 5 0 0 0 4]
 [0 0 6 0 0 0 0 8 0]
 [0 2 0 6 0 0 7 0 0]
 [3 0 7 0 0 0 0 4 0]]
Solution:
[[0 1 8 0 0 3 2 4 5]
 [5 2 9 7 4 6 0 1 3]
 [4 3 6 2 5 1 7 8 9]
 [8 0 1 3 9 2 0 6 4]
 [2 6 5 0 7 4 1 9 8]
 [9 7 4 6 1 8 5 3 2]
 [7 4 3 8 6 0 9 2 1]
 [6 9 0 1 2 5 8 0 7]
 [1 8 2 9 3 7 4 5 6]]
Number of cells unfilled: 10
Accuracy: 87.65432098765432
Sample: 57019
Question:
[[0 0 2 0 7 1 0 0 0]
 [5 1 0 9 0 0 0 0 7]
 [0 0 0 0 2 0 1 0 0]
 [6 0 0 0 0 0 0 3 0]
 [0 9 0 0 8 0 0 0 4]
 [0 0 4 2 0 0 9 0 0]
 [3 0 0 0 0 0 0 6 0]
 [0 0 9 4 0 0 5 0 0]
 [0 8 0 0 0 2 0 0 9]]
Solution:
[[0 1 8 5 0 3 2 4 9]
 [5 2 9 7 4 6 0 1 3]
 [4 3 6 2 0 9 7 8 5]
 [8 0 1 3 9 2 0 6 4]
 [2 6 5 0 7 4 1 9 8]
 [9 7 4 6 1 8 5 3 2]
 [7 5 3 8 6 0 9 2 1]
 [6 9 0 1 2 5 8 0 7]
 [1 8 2 9 3 7 4 5 6]]
Number of cells unfilled: 10
Accuracy: 87.65432098765432
Sample: 57020
Question:
[[0 0 0 7 0 4 0 0 8]
 [0 0 0 0 1 0 6 0 0]
 [4 0 0 0 0 8 0 1 0]
 [0 0 0 5 0 0 2 0 0]
 [0 9 0 0 0 0 0 0 0]
 [7 0 0 0 8 0 0 0 4]
 [0 4 0 1 0 0 0 3 0]
 [1 0 9 0 4 0 0 0 6]
 [6 0 0 0 7 0 0 0 0]]
Solution:
[[0 1 8 0 0 9 2 4 5]
 [5 2 9 7 4 6 0 8 3]
 [4 3 6 2 5 0 7 1 9]
 [8 0 1 3 9 2 0 6 4]
 [2 6 5 0 7 4 1 9 8]
 [9 7 4 6 1 8 5 3 2]
 [7 5 3 8 6 0 9 2 1]
 [6 9 0 1 2 5 8 0 7]
 [1 8 2 9 3 7 4 5 6]]
Number of cells unfilled: 11
Accuracy: 86.41975308641975
Sample: 57021
Question:
[[0 0 9 0 0 4 0 3 0]
 [4 0 0 0 7 3 0 0 0]
 [0 6 0 9 0 0 0 0 0]
 [0 0 0 0 0 0 8 0 0]
 [0 1 0 0 2 0 0 0 0]
 [9 0 0 3 0 0 0 6 0]
 [0 4 0 0 0 5 3 0 0]
 [6 0 0 0 0 0 0 7 0]
 [3 0 0 7 0 0 0 4 8]]
Solution:
[[0 1 8 0 0 3 2 4 5]
 [5 2 9 7 4 6 0 1 3]
 [4 3 6 2 5 1 7 8 9]
 [8 0 1 3 9 2 0 6 4]
 [2 6 5 0 7 4 1 9 8]
 [9 7 4 6 1 8 5 3 2]
 [7 4 3 8 6 0 9 2 1]
 [6 9 0 1 2 5 8 0 7]
 [1 8 2 9 3 7 4 5 6]]
Number of cells unfilled: 10
Accuracy: 87.65432098765432
Sample: 57022
Question:
[[5 0 6 1 0 0 0 0 8]
 [0 1 0 0 0 0 4 0 0]
 [4 0 0 0 0 0 0 0 0]
 [0 0 0 3 0 1 0 0 0]
 [0 0 8 0 5 0 0 0 3]
 [0 5 0 0 0 8 1 9 0]
 [6 0 0 0 0 3 0 0 1]
 [0 0 0 0 6 0 0 7 0]
 [0 2 0 5 0 0 0 0 0]]
Solution:
[[0 1 8 0 5 3 2 4 9]
 [5 2 9 7 4 6 0 1 3]
 [4 3 6 2 0 1 7 8 5]
 [8 0 1 3 9 2 0 6 4]
 [2 6 5 0 7 4 1 9 8]
 [9 7 4 6 1 8 5 3 2]
 [7 5 3 8 6 0 9 2 1]
 [6 9 0 1 2 5 8 0 7]
 [1 8 2 9 3 7 4 5 6]]
Number of cells unfilled: 10
Accuracy: 87.65432098765432
Sample: 57023
Question:
[[0 3 0 0 5 9 0 0 0]
 [0 0 0 6 0 0 1 0 5]
 [0 0 6 0 0 4 8 0 0]
 [0 0 0 0 0 3 0 9 0]
 [0 0 4 2 0 0 5 0 1]
 [0 9 8 4 0 0 0 0 2]
 [7 0 0 0 0 0 2 0 0]
 [5 0 0 0 0 0 0 0 0]
 [0 2 0 0 0 0 6 5 0]]
Solution:
[[0 1 8 7 5 3 2 4 9]
 [5 2 9 0 4 6 0 8 3]
 [4 3 6 2 8 9 7 1 5]
 [8 0 1 3 9 2 0 6 4]
 [2 6 5 0 7 4 1 9 8]
 [9 7 4 6 1 8 5 3 2]
 [7 5 3 8 6 0 9 2 1]
 [6 9 0 1 2 5 8 0 7]
 [1 8 2 9 3 7 4 5 6]]
Number of cells unfilled: 9
Accuracy: 88.88888888888889
Sample: 57024
Question:
[[0 0 0 0 0 0 0 0 2]
 [6 0 0 0 0 0 0 0 9]
 [0 0 0 0 0 1 0 5 0]
 [0 8 0 0 0 0 0 0 1]
 [0 0 3 7 5 0 0 0 0]
 [5 6 0 0 0 8 0 7 3]
 [8 0 0 6 0 5 0 0 0]
 [7 0 0 1 8 0 0 3 5]
 [0 1 0 0 7 3 6 0 0]]
Solution:
[[0 1 8 7 5 3 2 4 9]
 [5 2 9 0 4 6 0 8 3]
 [4 3 6 2 8 9 7 1 5]
 [8 0 1 3 9 2 0 6 4]
 [2 6 5 0 7 4 1 9 8]
 [9 7 4 6 1 8 5 3 2]
 [7 4 3 8 6 0 9 2 1]
 [6 9 0 1 2 5 8 0 7]
 [1 8 2 9 3 7 4 5 6]]
Number of cells unfilled: 9
Accuracy: 88.88888888888889
Sample: 57025
Question:
[[0 0 0 0 0 0 0 0 7]
 [0 0 0 6 0 0 4 0 0]
 [0 0 0 0 0 1 2 0 0]
 [0 5 9 7 0 0 0 1 0]
 [6 8 0 1 0 5 0 0 9]
 [1 0 7 0 9 8 0 0 0]
 [5 7 0 0 0 6 0 0 0]
 [0 0 0 0 8 0 6 0 0]
 [0 0 8 0 0 7 9 0 5]]
Solution:
[[0 1 8 0 0 3 2 4 5]
 [5 2 9 7 4 6 0 8 3]
 [4 3 6 5 8 0 7 1 9]
 [8 0 1 3 9 2 0 6 4]
 [2 6 5 0 7 4 1 9 8]
 [9 7 4 6 1 8 5 3 2]
 [7 5 3 8 6 0 9 2 1]
 [6 9 0 1 2 5 8 0 7]
 [1 8 2 9 3 7 4 5 6]]
Number of cells unfilled: 11
Accuracy: 86.41975308641975
Sample: 57026
Question:
[[0 0 0 0 0 0 0 5 0]
 [0 8 0 1 5 9 0 0 0]
 [0 4 0 0 7 0 0 0 0]
 [0 0 5 7 6 0 2 1 0]
 [7 0 0 9 0 1 6 0 0]
 [0 0 0 0 2 0 0 0 9]
 [0 0 6 0 0 7 1 0 2]
 [0 0 0 5 0 0 0 0 0]
 [9 1 0 6 0 2 0 0 0]]
Solution:
[[0 1 8 0 0 3 2 4 5]
 [5 2 9 7 4 6 0 8 3]
 [4 3 6 2 5 0 7 1 9]
 [8 0 1 3 9 2 0 6 4]
 [2 6 5 0 7 4 1 9 8]
 [9 7 4 6 1 8 5 3 2]
 [7 4 3 8 6 0 9 2 1]
 [6 9 0 1 2 5 8 0 7]
 [1 8 2 9 3 7 4 5 6]]
Number of cells unfilled: 11
Accuracy: 86.41975308641975
Sample: 57027
Question:
[[0 0 0 0 0 0 0 7 0]
 [0 0 6 7 0 0 5 0 0]
 [0 4 0 0 0 0 3 0 0]
 [0 0 0 0 1 8 0 0 6]
 [0 0 8 4 0 9 0 1 0]
 [0 0 9 6 7 0 0 0 0]
 [6 0 7 0 9 0 1 8 0]
 [9 0 0 0 0 0 4 0 7]
 [0 1 4 8 0 0 0 0 0]]
Solution:
[[0 1 8 0 0 3 2 4 5]
 [5 2 9 7 4 6 0 8 3]
 [4 3 6 2 5 0 7 1 9]
 [8 0 1 3 9 2 0 6 4]
 [2 6 5 0 7 4 1 9 8]
 [9 7 4 6 1 8 5 3 2]
 [7 5 3 8 6 0 9 2 1]
 [6 9 0 1 2 5 8 0 7]
 [1 8 2 9 3 7 4 5 6]]
Number of cells unfilled: 11
Accuracy: 86.41975308641975
Sample: 57028
Question:
[[0 0 0 0 0 0 3 0 0]
 [7 0 0 0 0 0 0 8 0]
 [0 0 0 0 0 9 5 0 0]
 [0 0 9 0 0 6 0 0 0]
 [2 4 0 7 8 0 0 0 9]
 [0 6 0 0 9 4 8 2 0]
 [0 0 0 6 0 0 7 0 0]
 [0 8 4 0 2 0 0 0 0]
 [6 7 0 0 0 8 2 4 0]]
Solution:
[[0 1 8 7 5 3 2 4 9]
 [5 2 9 0 4 6 0 1 3]
 [4 3 6 2 0 1 7 8 5]
 [8 0 1 3 9 2 0 6 4]
 [2 6 5 0 7 4 1 9 8]
 [9 7 4 6 1 8 5 3 2]
 [7 4 3 8 6 0 9 2 1]
 [6 9 0 1 2 5 8 0 7]
 [1 8 2 9 3 7 4 5 6]]
Number of cells unfilled: 10
Accuracy: 87.65432098765432
Sample: 57029
Question:
[[0 0 0 0 0 0 3 0 7]
 [7 0 1 0 0 3 0 5 0]
 [0 8 0 5 0 0 0 2 0]
 [0 3 0 0 0 0 0 0 8]
 [0 0 8 4 0 6 2 0 5]
 [0 0 2 0 8 0 1 0 0]
 [0 1 7 0 0 0 0 8 0]
 [3 0 5 0 0 0 0 1 0]
 [0 2 0 0 0 0 7 0 0]]
Solution:
[[0 1 8 0 0 3 2 4 5]
 [5 2 9 7 4 6 0 8 3]
 [4 3 6 2 8 0 7 1 9]
 [8 0 1 3 9 2 0 6 4]
 [2 6 5 0 7 4 1 9 8]
 [9 7 4 6 1 8 5 3 2]
 [7 5 3 8 6 0 9 2 1]
 [6 9 0 1 2 5 8 0 7]
 [1 8 2 9 3 7 4 5 6]]
Number of cells unfilled: 11
Accuracy: 86.41975308641975
Sample: 57030
Question:
[[0 0 0 0 0 0 6 0 0]
 [3 0 0 0 8 4 0 9 0]
 [9 4 0 6 0 2 0 3 0]
 [0 0 0 8 9 0 0 0 6]
 [0 0 0 0 2 6 0 0 3]
 [0 0 0 4 0 3 0 2 0]
 [0 0 8 0 0 9 0 0 2]
 [0 0 0 0 4 0 8 0 0]
 [5 1 0 0 0 0 0 0 9]]
Solution:
[[0 1 8 7 5 3 2 4 9]
 [5 2 9 0 4 6 0 8 3]
 [4 3 6 2 8 9 7 1 5]
 [8 0 1 3 9 2 0 6 4]
 [2 6 5 0 7 4 1 9 8]
 [9 7 4 6 1 8 5 3 2]
 [7 4 3 8 6 0 9 2 1]
 [6 9 0 1 2 5 8 0 7]
 [1 8 2 9 3 7 4 5 6]]
Number of cells unfilled: 9
Accuracy: 88.88888888888889
Sample: 57031
Question:
[[0 0 0 0 0 0 8 0 0]
 [0 0 0 9 3 0 0 0 6]
 [0 0 5 0 7 0 0 0 4]
 [5 0 4 6 0 0 0 7 8]
 [8 2 0 0 5 0 0 6 0]
 [0 7 0 4 0 0 5 0 2]
 [2 0 8 0 0 0 0 0 7]
 [6 0 0 0 0 0 0 0 0]
 [0 4 7 0 0 0 2 0 0]]
Solution:
[[0 1 8 5 0 3 2 4 9]
 [5 2 9 7 4 6 0 1 3]
 [4 3 6 2 0 9 7 8 5]
 [8 0 1 3 9 2 0 6 4]
 [2 6 5 0 7 4 1 9 8]
 [9 7 4 6 1 8 5 3 2]
 [7 5 3 8 6 0 9 2 1]
 [6 9 0 1 2 5 8 0 7]
 [1 8 2 9 3 7 4 5 6]]
Number of cells unfilled: 10
Accuracy: 87.65432098765432
Sample: 57032
Question:
[[0 0 0 0 0 0 8 0 0]
 [4 7 0 9 0 2 0 0 0]
 [0 0 5 6 0 0 0 9 0]
 [0 0 0 0 5 0 6 3 0]
 [0 0 0 3 0 0 9 0 5]
 [5 0 0 0 6 0 0 2 8]
 [8 0 0 5 0 0 0 6 3]
 [0 0 0 0 0 3 2 0 9]
 [0 2 0 0 0 0 0 8 0]]
Solution:
[[0 1 8 0 0 9 2 4 5]
 [5 2 9 7 4 6 0 1 3]
 [4 3 6 2 5 1 7 8 9]
 [8 0 1 3 9 2 0 6 4]
 [2 6 5 0 7 4 1 9 8]
 [9 7 4 6 1 8 5 3 2]
 [7 5 3 8 6 0 9 2 1]
 [6 9 0 1 2 5 8 0 7]
 [1 8 2 9 3 7 4 5 6]]
Number of cells unfilled: 10
Accuracy: 87.65432098765432
Sample: 57033
Question:
[[0 0 0 0 0 1 0 5 0]
 [0 0 0 0 0 0 3 0 0]
 [0 0 0 0 2 0 0 8 0]
 [7 0 3 0 9 2 0 0 0]
 [0 0 0 6 0 0 0 2 0]
 [0 6 0 1 0 3 7 9 0]
 [1 0 0 0 0 6 0 0 0]
 [0 9 7 0 3 0 0 0 1]
 [2 0 6 0 0 7 9 3 0]]
Solution:
[[0 1 8 0 5 3 2 4 9]
 [5 2 9 7 4 6 0 8 3]
 [4 3 6 2 8 9 7 1 5]
 [8 0 1 3 9 2 0 6 4]
 [2 6 5 0 7 4 1 9 8]
 [9 7 4 6 1 8 5 3 2]
 [7 4 3 8 6 0 9 2 1]
 [6 9 0 1 2 5 8 0 7]
 [1 8 2 9 3 7 4 5 6]]
Number of cells unfilled: 9
Accuracy: 88.88888888888889
Sample: 57034
Question:
[[0 0 0 0 0 2 0 0 3]
 [1 0 7 0 5 0 0 0 0]
 [0 2 0 7 0 0 1 0 5]
 [0 0 0 4 0 0 0 0 6]
 [0 0 0 0 0 0 7 0 0]
 [0 0 0 0 3 0 0 0 8]
 [3 0 2 1 4 0 5 0 7]
 [0 5 1 0 7 3 0 4 0]
 [4 0 0 2 0 0 0 0 0]]
Solution:
[[0 1 8 0 5 3 2 4 9]
 [5 2 9 7 4 6 0 8 3]
 [4 3 6 2 8 9 7 1 5]
 [8 0 1 3 9 2 0 6 4]
 [2 6 5 0 7 4 1 9 8]
 [9 7 4 6 1 8 5 3 2]
 [7 4 3 8 6 0 9 2 1]
 [6 9 0 1 2 5 8 0 7]
 [1 8 2 9 3 7 4 5 6]]
Number of cells unfilled: 9
Accuracy: 88.88888888888889
Sample: 57035
Question:
[[0 0 0 0 0 3 6 0 0]
 [0 0 5 0 0 0 0 0 0]
 [0 0 0 0 0 4 0 0 9]
 [0 9 0 0 0 0 0 0 1]
 [8 0 2 0 9 0 5 6 0]
 [1 0 0 2 0 6 0 9 8]
 [5 0 1 8 0 2 0 0 0]
 [0 0 0 0 6 5 1 0 0]
 [6 8 0 0 0 0 0 2 0]]
Solution:
[[0 1 8 0 5 3 2 4 9]
 [5 2 9 7 4 6 0 8 3]
 [4 3 6 2 8 9 7 1 5]
 [8 0 1 3 9 2 0 6 4]
 [2 6 5 0 7 4 1 9 8]
 [9 7 4 6 1 8 5 3 2]
 [7 4 3 8 6 0 9 2 1]
 [6 9 0 1 2 5 8 0 7]
 [1 8 2 9 3 7 4 5 6]]
Number of cells unfilled: 9
Accuracy: 88.88888888888889
Sample: 57036
Question:
[[0 0 0 0 0 3 7 0 5]
 [0 0 0 0 0 6 0 3 2]
 [0 0 7 2 0 0 9 6 0]
 [0 0 0 0 3 0 0 0 0]
 [6 0 0 5 0 0 0 9 0]
 [0 0 9 6 0 7 3 2 0]
 [0 0 0 0 7 0 0 0 9]
 [4 0 8 0 0 5 0 0 0]
 [0 7 0 0 0 2 0 5 0]]
Solution:
[[0 1 8 0 5 3 2 4 9]
 [5 2 9 7 4 6 0 8 3]
 [4 3 6 2 8 9 7 1 5]
 [8 0 1 3 9 2 0 6 4]
 [2 6 5 0 7 4 1 9 8]
 [9 7 4 6 1 8 5 3 2]
 [7 5 3 8 6 0 9 2 1]
 [6 9 0 1 2 5 8 0 7]
 [1 8 2 9 3 7 4 5 6]]
Number of cells unfilled: 9
Accuracy: 88.88888888888889
Sample: 57037
Question:
[[0 0 0 0 0 3 8 9 0]
 [9 3 0 8 0 0 0 0 4]
 [0 1 0 0 4 0 0 0 0]
 [3 8 0 9 0 2 4 1 0]
 [0 0 2 0 1 0 9 0 3]
 [0 0 0 4 0 0 0 2 8]
 [0 6 0 2 0 0 0 0 0]
 [8 0 0 0 0 0 0 0 0]
 [0 5 0 0 0 1 0 0 0]]
Solution:
[[0 1 8 0 0 3 2 4 5]
 [5 2 9 7 4 6 0 1 3]
 [4 3 6 2 5 1 7 8 9]
 [8 0 1 3 9 2 0 6 4]
 [2 6 5 0 7 4 1 9 8]
 [9 7 4 6 1 8 5 3 2]
 [7 5 3 8 6 0 9 2 1]
 [6 9 0 1 2 5 8 0 7]
 [1 8 2 9 3 7 4 5 6]]
Number of cells unfilled: 10
Accuracy: 87.65432098765432
Sample: 57038
Question:
[[0 0 0 0 0 4 9 0 0]
 [0 0 0 0 0 0 0 0 5]
 [7 0 0 0 0 0 0 0 6]
 [0 0 7 0 0 2 3 0 8]
 [0 8 0 9 3 0 0 0 0]
 [0 0 2 0 0 0 0 9 4]
 [0 9 4 3 0 8 0 7 0]
 [2 0 0 0 7 9 0 0 0]
 [3 0 0 2 4 0 8 0 0]]
Solution:
[[0 1 8 0 0 9 2 4 5]
 [5 2 9 7 4 6 0 8 3]
 [4 3 6 2 5 0 7 1 9]
 [8 0 1 3 9 2 0 6 4]
 [2 6 5 0 7 4 1 9 8]
 [9 7 4 6 1 8 5 3 2]
 [7 5 3 8 6 0 9 2 1]
 [6 9 0 1 2 5 8 0 7]
 [1 8 2 9 3 7 4 5 6]]
Number of cells unfilled: 11
Accuracy: 86.41975308641975
Sample: 57039
Question:
[[0 0 0 0 0 5 3 0 7]
 [0 0 0 0 0 0 6 5 0]
 [0 3 0 6 0 0 0 1 9]
 [0 0 7 9 0 0 5 0 6]
 [0 0 0 7 6 0 0 3 0]
 [0 0 0 0 0 1 0 9 0]
 [0 9 0 5 0 0 1 0 0]
 [0 0 0 0 9 0 0 7 0]
 [4 0 8 1 3 0 0 0 0]]
Solution:
[[0 1 8 0 0 9 2 4 5]
 [5 2 9 7 4 6 0 1 3]
 [4 3 6 2 5 1 7 8 9]
 [8 0 1 3 9 2 0 6 4]
 [2 6 5 0 7 4 1 9 8]
 [9 7 4 6 1 8 5 3 2]
 [7 4 3 8 6 0 9 2 1]
 [6 9 0 1 2 5 8 0 7]
 [1 8 2 9 3 7 4 5 6]]
Number of cells unfilled: 10
Accuracy: 87.65432098765432
Sample: 57040
Question:
[[0 0 0 0 0 5 4 0 0]
 [0 0 0 4 6 0 0 0 0]
 [0 0 2 7 0 0 0 0 0]
 [0 0 0 2 0 0 6 0 0]
 [9 1 0 0 0 0 0 0 7]
 [0 0 0 0 3 0 0 0 5]
 [5 0 0 0 7 0 3 0 4]
 [7 0 0 3 5 0 0 2 6]
 [2 3 0 6 0 4 0 7 0]]
Solution:
[[0 1 8 0 5 3 2 4 9]
 [5 2 9 7 4 6 0 8 3]
 [4 3 6 2 8 9 7 1 5]
 [8 0 1 3 9 2 0 6 4]
 [2 6 5 0 7 4 1 9 8]
 [9 7 4 6 1 8 5 3 2]
 [7 4 3 8 6 0 9 2 1]
 [6 9 0 1 2 5 8 0 7]
 [1 8 2 9 3 7 4 5 6]]
Number of cells unfilled: 9
Accuracy: 88.88888888888889
Sample: 57041
Question:
[[0 0 0 0 0 6 0 7 3]
 [0 0 0 3 0 0 6 0 2]
 [0 0 0 0 0 0 5 0 0]
 [0 0 0 0 0 2 0 0 0]
 [0 9 1 5 0 3 0 0 0]
 [0 3 0 7 0 0 0 0 8]
 [0 0 7 6 0 8 0 3 0]
 [0 8 0 0 5 7 2 6 0]
 [0 0 5 2 0 0 8 0 0]]
Solution:
[[0 1 8 0 0 9 2 4 5]
 [5 2 9 7 4 6 0 1 3]
 [4 3 6 2 5 1 7 8 9]
 [8 0 1 3 9 2 0 6 4]
 [2 6 5 0 7 4 1 9 8]
 [9 7 4 6 1 8 5 3 2]
 [7 4 3 8 6 0 9 2 1]
 [6 9 0 1 2 5 8 0 7]
 [1 8 2 9 3 7 4 5 6]]
Number of cells unfilled: 10
Accuracy: 87.65432098765432
Sample: 57042
Question:
[[0 0 0 0 0 7 0 0 0]
 [5 0 0 1 0 0 0 0 0]
 [0 0 0 0 0 9 6 0 0]
 [2 0 5 3 0 8 0 0 6]
 [0 0 0 0 1 5 0 0 2]
 [0 3 1 0 0 0 0 8 0]
 [8 0 3 0 6 0 0 1 5]
 [1 6 0 0 0 0 2 0 0]
 [0 0 2 8 0 0 3 0 0]]
Solution:
[[0 1 8 0 0 3 2 4 5]
 [5 2 9 7 4 6 0 1 3]
 [4 3 6 2 5 1 7 8 9]
 [8 0 1 3 9 2 0 6 4]
 [2 6 5 0 7 4 1 9 8]
 [9 7 4 6 1 8 5 3 2]
 [7 4 3 8 6 0 9 2 1]
 [6 9 0 1 2 5 8 0 7]
 [1 8 2 9 3 7 4 5 6]]
Number of cells unfilled: 10
Accuracy: 87.65432098765432
Sample: 57043
Question:
[[0 0 0 0 0 8 0 2 0]
 [7 0 0 0 6 0 0 0 0]
 [0 0 0 0 0 4 0 0 0]
 [6 0 2 0 0 0 0 1 0]
 [5 3 0 2 0 0 6 0 7]
 [0 1 0 0 5 0 2 3 0]
 [0 0 0 6 0 7 0 0 1]
 [1 7 0 0 3 5 0 0 0]
 [0 6 3 0 0 0 5 0 0]]
Solution:
[[0 1 8 0 5 3 2 4 9]
 [5 2 9 7 4 6 0 8 3]
 [4 3 6 2 8 9 7 1 5]
 [8 0 1 3 9 2 0 6 4]
 [2 6 5 0 7 4 1 9 8]
 [9 7 4 6 1 8 5 3 2]
 [7 4 3 8 6 0 9 2 1]
 [6 9 0 1 2 5 8 0 7]
 [1 8 2 9 3 7 4 5 6]]
Number of cells unfilled: 9
Accuracy: 88.88888888888889
Sample: 57044
Question:
[[0 0 0 0 0 8 5 0 0]
 [0 0 0 0 0 9 0 1 0]
 [0 0 0 7 0 0 0 0 0]
 [0 0 0 0 7 0 0 0 3]
 [3 0 1 4 0 6 7 0 0]
 [0 4 0 0 0 0 1 6 0]
 [6 0 0 0 5 0 0 7 0]
 [7 5 0 0 0 4 3 0 0]
 [0 1 3 6 0 0 4 5 0]]
Solution:
[[0 1 8 7 5 3 2 4 9]
 [5 2 9 0 4 6 0 8 3]
 [4 3 6 2 8 9 7 1 5]
 [8 0 1 3 9 2 0 6 4]
 [2 6 5 0 7 4 1 9 8]
 [9 7 4 6 1 8 5 3 2]
 [7 4 3 8 6 0 9 2 1]
 [6 9 0 1 2 5 8 0 7]
 [1 8 2 9 3 7 4 5 6]]
Number of cells unfilled: 9
Accuracy: 88.88888888888889
Sample: 57045
Question:
[[0 0 0 0 0 9 0 0 7]
 [6 0 2 0 1 8 0 0 0]
 [0 0 0 0 4 0 1 0 0]
 [0 8 0 0 3 0 0 9 1]
 [0 0 0 4 0 0 8 7 0]
 [0 0 0 0 0 0 3 0 4]
 [9 0 0 0 0 3 0 1 8]
 [0 0 0 0 0 0 7 0 0]
 [1 0 7 0 9 0 4 3 0]]
Solution:
[[0 1 8 0 5 3 2 4 9]
 [5 2 9 7 4 6 0 1 3]
 [4 3 6 2 0 9 7 8 5]
 [8 0 1 3 9 2 0 6 4]
 [2 6 5 0 7 4 1 9 8]
 [9 7 4 6 1 8 5 3 2]
 [7 4 3 8 6 0 9 2 1]
 [6 9 0 1 2 5 8 0 7]
 [1 8 2 9 3 7 4 5 6]]
Number of cells unfilled: 10
Accuracy: 87.65432098765432
Sample: 57046
Question:
[[0 0 0 0 0 9 8 6 0]
 [8 0 0 0 3 0 2 0 1]
 [0 0 0 0 0 0 0 3 9]
 [2 0 0 0 1 0 9 0 3]
 [0 1 0 0 0 0 0 8 2]
 [0 0 0 9 0 0 6 0 0]
 [0 0 0 8 0 0 0 2 0]
 [0 0 8 0 0 3 0 0 6]
 [4 5 0 1 0 6 0 0 0]]
Solution:
[[0 1 8 0 0 9 2 4 5]
 [5 2 9 7 4 6 0 8 3]
 [4 3 6 5 8 0 7 1 9]
 [8 0 1 3 9 2 0 6 4]
 [2 6 5 0 7 4 1 9 8]
 [9 7 4 6 1 8 5 3 2]
 [7 4 3 8 6 0 9 2 1]
 [6 9 0 1 2 5 8 0 7]
 [1 8 2 9 3 7 4 5 6]]
Number of cells unfilled: 11
Accuracy: 86.41975308641975
Sample: 57047
Question:
[[0 0 0 0 1 6 2 0 0]
 [0 0 0 2 0 4 0 0 0]
 [0 0 0 5 3 0 0 4 0]
 [0 0 3 4 2 0 1 5 0]
 [0 5 0 3 0 0 0 6 0]
 [0 0 0 0 0 0 0 0 2]
 [0 7 8 1 0 0 6 0 5]
 [0 0 0 0 0 3 0 0 1]
 [1 0 0 6 0 0 4 0 0]]
Solution:
[[0 1 8 5 0 3 2 4 9]
 [5 2 9 7 4 6 0 1 3]
 [4 3 6 2 0 1 7 8 5]
 [8 0 1 3 9 2 0 6 4]
 [2 6 5 0 7 4 1 9 8]
 [9 7 4 6 1 8 5 3 2]
 [7 4 3 8 6 0 9 2 1]
 [6 9 0 1 2 5 8 0 7]
 [1 8 2 9 3 7 4 5 6]]
Number of cells unfilled: 10
Accuracy: 87.65432098765432
Sample: 57048
Question:
[[0 0 0 0 3 5 0 0 6]
 [0 0 3 1 0 7 2 5 0]
 [0 7 0 6 0 0 0 0 1]
 [9 0 0 0 0 0 0 0 0]
 [0 5 0 0 0 2 0 0 0]
 [4 0 0 0 0 0 0 0 3]
 [0 0 0 5 1 0 0 7 0]
 [2 0 0 0 0 0 6 0 0]
 [7 1 0 2 0 6 3 0 5]]
Solution:
[[0 1 8 0 5 3 2 4 9]
 [5 2 9 7 4 6 0 1 3]
 [4 3 6 2 0 9 7 8 5]
 [8 0 1 3 9 2 0 6 4]
 [2 6 5 0 7 4 1 9 8]
 [9 7 4 6 1 8 5 3 2]
 [7 4 3 8 6 0 9 2 1]
 [6 9 0 1 2 5 8 0 7]
 [1 8 2 9 3 7 4 5 6]]
Number of cells unfilled: 10
Accuracy: 87.65432098765432
Sample: 57049
Question:
[[0 0 0 0 4 0 0 0 3]
 [0 9 1 6 0 3 0 0 0]
 [4 0 0 0 0 1 0 9 6]
 [0 3 4 5 0 9 0 6 1]
 [0 5 0 0 0 4 0 0 0]
 [6 0 9 1 0 0 5 0 0]
 [0 0 0 3 0 0 0 0 2]
 [0 0 0 0 0 5 0 0 8]
 [0 0 0 0 0 0 0 1 0]]
Solution:
[[0 1 8 0 0 3 2 4 5]
 [5 2 9 7 4 6 0 1 3]
 [4 3 6 2 5 1 7 8 9]
 [8 0 1 3 9 2 0 6 4]
 [2 6 5 0 7 4 1 9 8]
 [9 7 4 6 1 8 5 3 2]
 [7 5 3 8 6 0 9 2 1]
 [6 9 0 1 2 5 8 0 7]
 [1 8 2 9 3 7 4 5 6]]
Number of cells unfilled: 10
Accuracy: 87.65432098765432
Sample: 57050
Question:
[[0 0 0 0 4 1 0 3 2]
 [0 0 1 0 0 6 5 0 0]
 [0 7 0 0 0 0 0 0 0]
 [9 0 6 0 0 5 0 0 7]
 [0 4 0 0 9 0 0 0 0]
 [0 5 7 1 0 0 0 4 0]
 [5 1 0 0 0 9 0 0 0]
 [0 6 9 5 0 0 0 0 0]
 [7 0 4 6 0 0 0 0 0]]
Solution:
[[0 1 8 0 5 3 2 4 9]
 [5 2 9 7 4 6 0 1 3]
 [4 3 6 2 0 1 7 8 5]
 [8 0 1 3 9 2 0 6 4]
 [2 6 5 0 7 4 1 9 8]
 [9 7 4 6 1 8 5 3 2]
 [7 5 3 8 6 0 9 2 1]
 [6 9 0 1 2 5 8 0 7]
 [1 8 2 9 3 7 4 5 6]]
Number of cells unfilled: 10
Accuracy: 87.65432098765432
Sample: 57051
Question:
[[0 0 0 0 5 0 4 0 0]
 [0 0 0 0 0 9 0 2 0]
 [0 0 4 7 0 0 3 0 9]
 [7 0 0 3 0 0 5 0 0]
 [0 0 0 0 0 0 0 4 0]
 [0 8 1 5 0 2 7 0 0]
 [0 0 0 0 3 0 0 0 4]
 [2 0 0 9 0 0 0 5 7]
 [0 0 0 2 7 0 9 3 0]]
Solution:
[[0 1 8 0 5 3 2 4 9]
 [5 2 9 7 4 6 0 1 3]
 [4 3 6 2 0 9 7 8 5]
 [8 0 1 3 9 2 0 6 4]
 [2 6 5 0 7 4 1 9 8]
 [9 7 4 6 1 8 5 3 2]
 [7 5 3 8 6 0 9 2 1]
 [6 9 0 1 2 5 8 0 7]
 [1 8 2 9 3 7 4 5 6]]
Number of cells unfilled: 10
Accuracy: 87.65432098765432
Sample: 57052
Question:
[[0 0 0 0 6 8 0 0 5]
 [0 0 0 5 2 0 0 0 0]
 [6 0 0 3 0 9 2 0 0]
 [0 0 0 0 3 0 5 0 0]
 [0 7 1 0 0 0 3 6 0]
 [0 0 0 8 0 0 0 9 0]
 [0 0 8 0 5 2 9 0 0]
 [0 6 0 0 8 0 0 0 0]
 [0 9 0 6 0 3 0 2 0]]
Solution:
[[0 1 8 0 5 3 2 4 9]
 [5 2 9 7 4 6 0 8 3]
 [4 3 6 2 8 9 7 1 5]
 [8 0 1 3 9 2 0 6 4]
 [2 6 5 0 7 4 1 9 8]
 [9 7 4 6 1 8 5 3 2]
 [7 4 3 8 6 0 9 2 1]
 [6 9 0 1 2 5 8 0 7]
 [1 8 2 9 3 7 4 5 6]]
Number of cells unfilled: 9
Accuracy: 88.88888888888889
Sample: 57053
Question:
[[0 0 0 1 0 0 0 2 0]
 [3 0 1 9 0 0 0 0 6]
 [7 2 0 0 3 0 0 0 9]
 [6 0 0 0 0 0 7 0 0]
 [0 0 3 0 0 0 0 1 0]
 [0 0 0 5 4 0 6 9 0]
 [9 3 0 0 0 0 0 0 7]
 [0 1 6 0 0 9 2 0 0]
 [2 0 7 0 0 0 0 0 0]]
Solution:
[[0 1 8 0 0 9 2 4 5]
 [5 2 9 7 4 6 0 8 3]
 [4 3 6 5 8 0 7 1 9]
 [8 0 1 3 9 2 0 6 4]
 [2 6 5 0 7 4 1 9 8]
 [9 7 4 6 1 8 5 3 2]
 [7 5 3 8 6 0 9 2 1]
 [6 9 0 1 2 5 8 0 7]
 [1 8 2 9 3 7 4 5 6]]
Number of cells unfilled: 11
Accuracy: 86.41975308641975
Sample: 57054
Question:
[[0 0 0 1 3 0 9 0 0]
 [0 0 1 0 0 5 0 0 0]
 [0 0 0 7 0 9 0 0 0]
 [4 0 0 0 9 7 3 0 5]
 [0 5 0 0 0 4 0 7 1]
 [0 3 0 0 1 0 4 9 0]
 [1 0 0 4 0 0 0 3 0]
 [0 0 0 0 0 0 7 0 0]
 [8 2 0 0 0 0 0 5 0]]
Solution:
[[0 1 8 0 0 3 2 4 5]
 [5 2 9 7 4 6 0 8 3]
 [4 3 6 2 8 0 7 1 9]
 [8 0 1 3 9 2 0 6 4]
 [2 6 5 0 7 4 1 9 8]
 [9 7 4 6 1 8 5 3 2]
 [7 4 3 8 6 0 9 2 1]
 [6 9 0 1 2 5 8 0 7]
 [1 8 2 9 3 7 4 5 6]]
Number of cells unfilled: 11
Accuracy: 86.41975308641975
Sample: 57055
Question:
[[0 0 0 2 0 0 0 0 0]
 [0 1 0 0 0 3 0 0 0]
 [0 0 0 4 0 0 0 0 6]
 [0 3 6 0 0 0 0 0 8]
 [8 0 1 3 0 9 6 0 5]
 [5 9 0 0 6 0 0 1 0]
 [0 0 0 1 3 0 0 8 0]
 [0 0 5 0 0 0 9 0 0]
 [0 8 0 9 0 5 0 0 3]]
Solution:
[[0 1 8 5 0 3 2 4 9]
 [5 2 9 7 4 6 0 1 3]
 [4 3 6 2 0 9 7 8 5]
 [8 0 1 3 9 2 0 6 4]
 [2 6 5 0 7 4 1 9 8]
 [9 7 4 6 1 8 5 3 2]
 [7 5 3 8 6 0 9 2 1]
 [6 9 0 1 2 5 8 0 7]
 [1 8 2 9 3 7 4 5 6]]
Number of cells unfilled: 10
Accuracy: 87.65432098765432
Sample: 57056
Question:
[[0 0 0 2 0 0 0 0 0]
 [2 0 1 0 6 8 0 0 0]
 [0 3 8 0 0 0 0 6 0]
 [0 0 5 0 0 0 7 0 0]
 [0 0 4 0 0 0 1 3 0]
 [0 0 0 0 8 0 0 0 0]
 [0 0 0 7 3 0 6 1 0]
 [1 0 0 0 0 6 2 0 7]
 [0 7 0 0 1 2 0 8 3]]
Solution:
[[0 1 8 0 0 9 2 4 5]
 [5 2 9 7 4 6 0 8 3]
 [4 3 6 2 8 0 7 1 9]
 [8 0 1 3 9 2 0 6 4]
 [2 6 5 0 7 4 1 9 8]
 [9 7 4 6 1 8 5 3 2]
 [7 4 3 8 6 0 9 2 1]
 [6 9 0 1 2 5 8 0 7]
 [1 8 2 9 3 7 4 5 6]]
Number of cells unfilled: 11
Accuracy: 86.41975308641975
Sample: 57057
Question:
[[0 0 0 2 0 0 0 3 7]
 [0 1 7 0 0 3 5 2 0]
 [0 0 0 5 0 0 9 0 0]
 [0 9 0 0 2 0 0 1 0]
 [0 0 0 8 0 4 0 9 0]
 [3 0 0 0 0 0 0 0 2]
 [9 0 2 0 0 0 0 7 0]
 [1 7 0 0 0 0 0 5 0]
 [0 5 3 0 0 0 1 0 0]]
Solution:
[[0 1 8 0 0 9 2 4 5]
 [5 2 9 7 4 6 0 8 3]
 [4 3 6 5 8 0 7 1 9]
 [8 0 1 3 9 2 0 6 4]
 [2 6 5 0 7 4 1 9 8]
 [9 7 4 6 1 8 5 3 2]
 [7 5 3 8 6 0 9 2 1]
 [6 9 0 1 2 5 8 0 7]
 [1 8 2 9 3 7 4 5 6]]
Number of cells unfilled: 11
Accuracy: 86.41975308641975
Sample: 57058
Question:
[[0 0 0 3 4 0 0 0 7]
 [0 0 0 0 6 8 0 0 3]
 [0 0 0 7 0 5 4 0 0]
 [0 0 0 0 5 0 0 8 0]
 [0 9 2 0 0 0 0 0 6]
 [8 0 0 6 0 0 0 0 4]
 [0 0 0 0 0 0 0 3 0]
 [0 5 0 4 0 3 7 0 8]
 [0 0 7 5 8 0 6 0 0]]
Solution:
[[0 1 8 0 0 3 2 4 5]
 [5 2 9 7 4 6 0 8 3]
 [4 3 6 2 8 0 7 1 9]
 [8 0 1 3 9 2 0 6 4]
 [2 6 5 0 7 4 1 9 8]
 [9 7 4 6 1 8 5 3 2]
 [7 4 3 8 6 0 9 2 1]
 [6 9 0 1 2 5 8 0 7]
 [1 8 2 9 3 7 4 5 6]]
Number of cells unfilled: 11
Accuracy: 86.41975308641975
Sample: 57059
Question:
[[0 0 0 3 6 0 8 0 0]
 [0 0 0 0 7 0 0 0 0]
 [0 0 0 8 0 1 0 0 6]
 [8 0 0 9 0 0 1 0 0]
 [5 2 0 0 0 0 7 0 0]
 [0 0 0 0 0 0 0 0 3]
 [0 7 0 0 9 0 3 8 0]
 [9 0 0 0 3 6 0 7 1]
 [0 1 0 0 0 8 6 0 9]]
Solution:
[[0 1 8 0 5 3 2 4 9]
 [5 2 9 7 4 6 0 8 3]
 [4 3 6 2 8 9 7 1 5]
 [8 0 1 3 9 2 0 6 4]
 [2 6 5 0 7 4 1 9 8]
 [9 7 4 6 1 8 5 3 2]
 [7 4 3 8 6 0 9 2 1]
 [6 9 0 1 2 5 8 0 7]
 [1 8 2 9 3 7 4 5 6]]
Number of cells unfilled: 9
Accuracy: 88.88888888888889
Sample: 57060
Question:
[[0 0 0 5 0 0 0 0 3]
 [0 2 0 0 4 0 7 0 1]
 [0 0 0 0 2 0 5 4 0]
 [0 1 0 0 5 0 0 7 0]
 [6 0 9 0 7 2 0 0 0]
 [0 0 0 0 0 1 3 0 0]
 [0 0 0 0 3 4 2 0 0]
 [3 0 0 0 1 0 0 5 4]
 [0 0 0 7 0 0 1 0 0]]
Solution:
[[0 1 8 0 5 3 2 4 9]
 [5 2 9 7 4 6 0 1 3]
 [4 3 6 2 0 1 7 8 5]
 [8 0 1 3 9 2 0 6 4]
 [2 6 5 0 7 4 1 9 8]
 [9 7 4 6 1 8 5 3 2]
 [7 4 3 8 6 0 9 2 1]
 [6 9 0 1 2 5 8 0 7]
 [1 8 2 9 3 7 4 5 6]]
Number of cells unfilled: 10
Accuracy: 87.65432098765432
Sample: 57061
Question:
[[0 0 0 5 0 0 0 8 0]
 [1 0 4 0 0 0 0 2 3]
 [0 8 0 0 0 3 0 0 6]
 [0 0 0 2 3 0 0 7 5]
 [2 0 0 0 0 0 0 0 0]
 [0 0 5 0 7 6 0 0 8]
 [0 0 0 6 0 7 0 0 0]
 [0 0 8 0 5 2 6 0 0]
 [0 0 0 3 8 0 0 0 7]]
Solution:
[[0 1 8 0 0 9 2 4 5]
 [5 2 9 7 4 6 0 1 3]
 [4 3 6 2 5 1 7 8 9]
 [8 0 1 3 9 2 0 6 4]
 [2 6 5 0 7 4 1 9 8]
 [9 7 4 6 1 8 5 3 2]
 [7 5 3 8 6 0 9 2 1]
 [6 9 0 1 2 5 8 0 7]
 [1 8 2 9 3 7 4 5 6]]
Number of cells unfilled: 10
Accuracy: 87.65432098765432
Sample: 57062
Question:
[[0 0 0 5 4 0 2 0 0]
 [0 0 0 0 8 2 3 0 0]
 [0 0 0 3 0 6 0 0 8]
 [4 0 0 0 5 3 0 0 0]
 [0 5 0 8 2 0 0 0 3]
 [0 0 0 6 0 4 0 8 0]
 [0 0 0 0 0 5 0 0 0]
 [7 1 0 0 0 0 0 4 6]
 [0 0 3 0 6 0 0 0 2]]
Solution:
[[0 1 8 0 5 3 2 4 9]
 [5 2 9 7 4 6 0 1 3]
 [4 3 6 2 0 1 7 8 5]
 [8 0 1 3 9 2 0 6 4]
 [2 6 5 0 7 4 1 9 8]
 [9 7 4 6 1 8 5 3 2]
 [7 4 3 8 6 0 9 2 1]
 [6 9 0 1 2 5 8 0 7]
 [1 8 2 9 3 7 4 5 6]]
Number of cells unfilled: 10
Accuracy: 87.65432098765432
Sample: 57063
Question:
[[0 0 0 6 0 0 0 9 3]
 [0 0 0 9 0 0 2 0 8]
 [0 8 0 0 3 0 0 1 0]
 [0 0 0 0 9 0 0 0 1]
 [7 0 5 0 1 8 0 0 6]
 [0 0 0 0 0 6 0 2 0]
 [2 0 0 0 0 0 3 0 9]
 [0 0 0 1 0 0 0 6 0]
 [0 0 6 0 2 3 0 8 0]]
Solution:
[[0 1 8 0 5 3 2 4 9]
 [5 2 9 7 4 6 0 8 3]
 [4 3 6 2 8 9 7 1 5]
 [8 0 1 3 9 2 0 6 4]
 [2 6 5 0 7 4 1 9 8]
 [9 7 4 6 1 8 5 3 2]
 [7 5 3 8 6 0 9 2 1]
 [6 9 0 1 2 5 8 0 7]
 [1 8 2 9 3 7 4 5 6]]
Number of cells unfilled: 9
Accuracy: 88.88888888888889
Sample: 57064
Question:
[[0 0 0 7 0 0 9 0 5]
 [0 0 0 0 0 3 0 1 6]
 [0 0 0 0 0 0 3 7 0]
 [6 0 0 0 3 5 0 0 1]
 [9 0 0 0 0 0 0 6 0]
 [0 0 5 9 0 0 7 0 3]
 [0 0 0 0 6 0 0 5 0]
 [8 0 2 0 9 1 0 0 0]
 [0 6 0 0 0 7 1 0 0]]
Solution:
[[0 1 8 0 5 3 2 4 9]
 [5 2 9 7 4 6 0 1 3]
 [4 3 6 2 0 1 7 8 5]
 [8 0 1 3 9 2 0 6 4]
 [2 6 5 0 7 4 1 9 8]
 [9 7 4 6 1 8 5 3 2]
 [7 5 3 8 6 0 9 2 1]
 [6 9 0 1 2 5 8 0 7]
 [1 8 2 9 3 7 4 5 6]]
Number of cells unfilled: 10
Accuracy: 87.65432098765432
Sample: 57065
Question:
[[0 0 0 7 0 3 0 0 0]
 [0 0 0 0 8 9 0 7 0]
 [0 0 0 6 2 0 0 0 3]
 [0 0 2 0 0 6 0 0 7]
 [0 0 0 8 0 0 2 0 0]
 [4 5 0 0 0 0 9 0 6]
 [0 8 0 0 3 7 0 0 2]
 [9 0 0 2 0 0 0 6 0]
 [0 0 0 9 0 0 3 0 8]]
Solution:
[[0 1 8 0 0 3 2 4 5]
 [5 2 9 7 4 6 0 8 3]
 [4 3 6 2 8 0 7 1 9]
 [8 0 1 3 9 2 0 6 4]
 [2 6 5 0 7 4 1 9 8]
 [9 7 4 6 1 8 5 3 2]
 [7 4 3 8 6 0 9 2 1]
 [6 9 0 1 2 5 8 0 7]
 [1 8 2 9 3 7 4 5 6]]
Number of cells unfilled: 11
Accuracy: 86.41975308641975
Sample: 57066
Question:
[[0 0 0 7 0 3 4 0 1]
 [0 0 3 8 4 0 2 7 0]
 [0 4 0 0 0 2 0 8 3]
 [3 0 8 1 0 0 0 0 7]
 [2 1 0 0 0 7 0 0 0]
 [0 0 0 0 0 0 8 0 0]
 [0 0 1 0 0 0 0 0 0]
 [5 0 0 4 0 0 1 0 0]
 [9 0 0 0 2 0 0 0 0]]
Solution:
[[0 1 8 0 0 3 2 4 5]
 [5 2 9 7 4 6 0 8 3]
 [4 3 6 2 5 0 7 1 9]
 [8 0 1 3 9 2 0 6 4]
 [2 6 5 0 7 4 1 9 8]
 [9 7 4 6 1 8 5 3 2]
 [7 5 3 8 6 0 9 2 1]
 [6 9 0 1 2 5 8 0 7]
 [1 8 2 9 3 7 4 5 6]]
Number of cells unfilled: 11
Accuracy: 86.41975308641975
Sample: 57067
Question:
[[0 0 0 8 0 0 0 2 5]
 [0 0 0 0 0 5 8 0 7]
 [0 0 0 0 0 0 6 0 0]
 [0 3 1 0 0 6 0 0 0]
 [0 5 0 0 0 2 0 0 9]
 [0 0 0 7 0 0 0 0 0]
 [0 0 6 0 5 7 9 0 0]
 [0 0 2 9 0 8 0 5 6]
 [0 9 0 2 0 0 7 8 0]]
Solution:
[[0 1 8 0 0 9 2 4 5]
 [5 2 9 7 4 6 0 1 3]
 [4 3 6 2 5 1 7 8 9]
 [8 0 1 3 9 2 0 6 4]
 [2 6 5 0 7 4 1 9 8]
 [9 7 4 6 1 8 5 3 2]
 [7 4 3 8 6 0 9 2 1]
 [6 9 0 1 2 5 8 0 7]
 [1 8 2 9 3 7 4 5 6]]
Number of cells unfilled: 10
Accuracy: 87.65432098765432
Sample: 57068
Question:
[[0 0 0 8 0 0 0 6 0]
 [0 0 0 0 3 0 0 1 8]
 [0 3 0 0 1 0 7 0 2]
 [3 0 0 1 0 0 0 0 6]
 [0 0 0 0 0 0 0 7 0]
 [0 4 9 6 0 2 0 0 3]
 [0 0 0 7 0 8 0 2 0]
 [0 0 2 0 6 0 0 0 0]
 [0 7 0 3 0 0 8 0 1]]
Solution:
[[0 1 8 0 0 3 2 4 5]
 [5 2 9 7 4 6 0 8 3]
 [4 3 6 2 5 0 7 1 9]
 [8 0 1 3 9 2 0 6 4]
 [2 6 5 0 7 4 1 9 8]
 [9 7 4 6 1 8 5 3 2]
 [7 4 3 8 6 0 9 2 1]
 [6 9 0 1 2 5 8 0 7]
 [1 8 2 9 3 7 4 5 6]]
Number of cells unfilled: 11
Accuracy: 86.41975308641975
Sample: 57069
Question:
[[0 0 0 9 0 0 0 3 1]
 [4 0 0 8 0 0 0 0 0]
 [0 0 5 0 0 7 0 0 0]
 [0 2 7 0 9 0 0 0 4]
 [0 0 0 2 0 4 0 0 0]
 [8 0 0 0 5 0 0 9 0]
 [0 4 9 0 7 0 0 0 8]
 [5 8 0 4 0 2 0 0 0]
 [7 0 2 0 0 0 0 0 0]]
Solution:
[[0 1 8 0 5 3 2 4 9]
 [5 2 9 7 4 6 0 1 3]
 [4 3 6 2 0 9 7 8 5]
 [8 0 1 3 9 2 0 6 4]
 [2 6 5 0 7 4 1 9 8]
 [9 7 4 6 1 8 5 3 2]
 [7 4 3 8 6 0 9 2 1]
 [6 9 0 1 2 5 8 0 7]
 [1 8 2 9 3 7 4 5 6]]
Number of cells unfilled: 10
Accuracy: 87.65432098765432
Sample: 57070
Question:
[[0 0 0 9 0 0 0 8 0]
 [0 0 0 0 3 2 0 4 0]
 [3 5 0 8 0 4 2 0 0]
 [0 0 2 0 4 0 0 0 0]
 [0 9 0 0 0 5 0 0 0]
 [0 0 0 0 8 9 6 1 0]
 [2 8 0 5 0 0 0 0 0]
 [4 0 9 0 0 3 0 0 8]
 [0 3 5 0 0 0 0 0 0]]
Solution:
[[0 1 8 0 5 3 2 4 9]
 [5 2 9 7 4 6 0 8 3]
 [4 3 6 2 8 9 7 1 5]
 [8 0 1 3 9 2 0 6 4]
 [2 6 5 0 7 4 1 9 8]
 [9 7 4 6 1 8 5 3 2]
 [7 4 3 8 6 0 9 2 1]
 [6 9 0 1 2 5 8 0 7]
 [1 8 2 9 3 7 4 5 6]]
Number of cells unfilled: 9
Accuracy: 88.88888888888889
Sample: 57071
Question:
[[0 0 2 0 0 0 0 4 0]
 [5 4 0 0 0 7 6 0 0]
 [0 7 6 8 0 0 0 0 5]
 [0 8 5 0 0 0 0 0 0]
 [7 0 0 6 0 0 0 2 0]
 [2 6 0 0 5 4 0 0 0]
 [0 0 0 0 0 0 0 0 8]
 [0 0 7 0 9 0 0 0 0]
 [4 0 8 0 1 0 0 0 2]]
Solution:
[[0 1 8 0 0 3 2 4 5]
 [5 2 9 7 4 6 0 1 3]
 [4 3 6 2 5 1 7 8 9]
 [8 0 1 3 9 2 0 6 4]
 [2 6 5 0 7 4 1 9 8]
 [9 7 4 6 1 8 5 3 2]
 [7 5 3 8 6 0 9 2 1]
 [6 9 0 1 2 5 8 0 7]
 [1 8 2 9 3 7 4 5 6]]
Number of cells unfilled: 10
Accuracy: 87.65432098765432
Sample: 57072
Question:
[[0 0 2 0 0 6 9 0 0]
 [0 4 0 0 0 0 0 0 0]
 [0 0 9 7 0 2 0 8 3]
 [9 2 0 0 0 1 0 0 0]
 [4 0 7 0 6 0 0 0 0]
 [0 6 1 0 9 0 0 0 0]
 [1 0 6 0 0 9 0 0 4]
 [2 7 0 1 0 0 0 0 0]
 [0 0 4 0 0 0 0 7 0]]
Solution:
[[0 1 8 0 0 9 2 4 5]
 [5 2 9 7 4 6 0 1 3]
 [4 3 6 2 5 1 7 8 9]
 [8 0 1 3 9 2 0 6 4]
 [2 6 5 0 7 4 1 9 8]
 [9 7 4 6 1 8 5 3 2]
 [7 5 3 8 6 0 9 2 1]
 [6 9 0 1 2 5 8 0 7]
 [1 8 2 9 3 7 4 5 6]]
Number of cells unfilled: 10
Accuracy: 87.65432098765432
Sample: 57073
Question:
[[0 0 2 0 3 0 7 0 0]
 [0 0 0 0 0 0 0 0 0]
 [0 0 5 8 0 7 0 0 0]
 [0 3 0 7 0 0 0 9 4]
 [0 0 0 0 1 0 3 0 7]
 [4 0 0 0 9 0 8 1 0]
 [9 0 4 0 0 3 0 0 1]
 [0 7 8 0 0 1 0 0 0]
 [0 0 0 4 8 0 9 0 0]]
Solution:
[[0 1 8 0 0 3 2 4 5]
 [5 2 9 7 4 6 0 8 3]
 [4 3 6 5 8 0 7 1 9]
 [8 0 1 3 9 2 0 6 4]
 [2 6 5 0 7 4 1 9 8]
 [9 7 4 6 1 8 5 3 2]
 [7 5 3 8 6 0 9 2 1]
 [6 9 0 1 2 5 8 0 7]
 [1 8 2 9 3 7 4 5 6]]
Number of cells unfilled: 11
Accuracy: 86.41975308641975
Sample: 57074
Question:
[[0 0 2 0 7 0 0 0 0]
 [0 0 7 0 0 0 9 5 0]
 [4 0 0 0 0 8 0 0 0]
 [0 2 0 8 1 0 0 4 0]
 [0 0 1 0 6 2 0 0 0]
 [0 0 6 4 0 7 0 0 0]
 [0 1 4 6 2 0 0 8 0]
 [0 0 0 0 0 0 1 0 0]
 [6 0 8 7 0 0 4 0 0]]
Solution:
[[0 1 8 0 0 9 2 4 5]
 [5 2 9 7 4 6 0 8 3]
 [4 3 6 2 8 0 7 1 9]
 [8 0 1 3 9 2 0 6 4]
 [2 6 5 0 7 4 1 9 8]
 [9 7 4 6 1 8 5 3 2]
 [7 5 3 8 6 0 9 2 1]
 [6 9 0 1 2 5 8 0 7]
 [1 8 2 9 3 7 4 5 6]]
Number of cells unfilled: 11
Accuracy: 86.41975308641975
Sample: 57075
Question:
[[0 0 2 1 0 0 3 0 0]
 [0 0 0 0 2 0 0 6 0]
 [1 0 0 8 0 6 0 0 4]
 [0 0 0 0 3 4 0 0 6]
 [0 0 0 6 8 0 0 0 0]
 [0 0 0 2 0 1 8 0 0]
 [0 4 0 3 0 0 0 0 8]
 [0 0 0 0 1 0 0 4 0]
 [7 0 9 4 0 0 0 2 3]]
Solution:
[[0 1 8 0 5 3 2 4 9]
 [5 2 9 7 4 6 0 8 3]
 [4 3 6 2 8 9 7 1 5]
 [8 0 1 3 9 2 0 6 4]
 [2 6 5 0 7 4 1 9 8]
 [9 7 4 6 1 8 5 3 2]
 [7 5 3 8 6 0 9 2 1]
 [6 9 0 1 2 5 8 0 7]
 [1 8 2 9 3 7 4 5 6]]
Number of cells unfilled: 9
Accuracy: 88.88888888888889
Sample: 57076
Question:
[[0 0 2 1 0 0 8 0 0]
 [0 0 0 5 0 9 4 0 1]
 [0 0 0 0 0 0 0 0 7]
 [8 0 1 0 0 0 0 0 6]
 [0 4 0 0 0 0 0 0 0]
 [0 6 7 0 0 0 1 0 0]
 [6 7 0 2 0 0 0 0 8]
 [0 2 0 0 0 4 7 0 0]
 [1 0 4 0 0 8 6 0 2]]
Solution:
[[0 1 8 0 0 3 2 4 5]
 [5 2 9 7 4 6 0 8 3]
 [4 3 6 2 5 0 7 1 9]
 [8 0 1 3 9 2 0 6 4]
 [2 6 5 0 7 4 1 9 8]
 [9 7 4 6 1 8 5 3 2]
 [7 5 3 8 6 0 9 2 1]
 [6 9 0 1 2 5 8 0 7]
 [1 8 2 9 3 7 4 5 6]]
Number of cells unfilled: 11
Accuracy: 86.41975308641975
Sample: 57077
Question:
[[0 0 3 0 0 0 4 1 0]
 [0 0 0 0 0 0 0 0 2]
 [9 4 0 0 0 1 0 6 0]
 [0 1 0 0 0 0 0 0 9]
 [0 6 2 3 0 0 0 4 0]
 [4 0 9 0 0 0 0 3 0]
 [0 0 1 0 0 0 6 0 0]
 [6 0 0 0 5 8 3 2 0]
 [2 0 0 6 0 0 0 9 0]]
Solution:
[[0 1 8 0 5 3 2 4 9]
 [5 2 9 7 4 6 0 1 3]
 [4 3 6 2 0 9 7 8 5]
 [8 0 1 3 9 2 0 6 4]
 [2 6 5 0 7 4 1 9 8]
 [9 7 4 6 1 8 5 3 2]
 [7 5 3 8 6 0 9 2 1]
 [6 9 0 1 2 5 8 0 7]
 [1 8 2 9 3 7 4 5 6]]
Number of cells unfilled: 10
Accuracy: 87.65432098765432
Sample: 57078
Question:
[[0 0 3 0 0 6 0 0 0]
 [0 0 0 4 0 0 0 0 0]
 [0 2 0 0 0 9 0 0 0]
 [8 0 0 0 4 3 0 0 0]
 [0 3 1 0 0 0 0 0 7]
 [2 4 0 7 0 1 8 0 0]
 [0 7 0 1 0 0 0 8 3]
 [0 8 0 0 0 0 4 0 2]
 [0 0 4 0 2 0 1 7 0]]
Solution:
[[0 1 8 0 5 3 2 4 9]
 [5 2 9 7 4 6 0 8 3]
 [4 3 6 2 8 9 7 1 5]
 [8 0 1 3 9 2 0 6 4]
 [2 6 5 0 7 4 1 9 8]
 [9 7 4 6 1 8 5 3 2]
 [7 5 3 8 6 0 9 2 1]
 [6 9 0 1 2 5 8 0 7]
 [1 8 2 9 3 7 4 5 6]]
Number of cells unfilled: 9
Accuracy: 88.88888888888889
Sample: 57079
Question:
[[0 0 3 0 5 4 2 0 9]
 [0 0 0 3 9 0 5 7 0]
 [0 5 0 2 0 7 0 4 0]
 [6 0 0 0 0 0 0 0 2]
 [0 9 0 0 0 0 0 0 0]
 [8 0 0 0 0 0 0 3 0]
 [0 0 0 4 0 0 0 0 0]
 [2 0 9 0 0 0 7 0 0]
 [5 4 0 0 7 0 3 9 0]]
Solution:
[[0 1 8 0 0 9 2 4 5]
 [5 2 9 7 4 6 0 8 3]
 [4 3 6 2 5 0 7 1 9]
 [8 0 1 3 9 2 0 6 4]
 [2 6 5 0 7 4 1 9 8]
 [9 7 4 6 1 8 5 3 2]
 [7 4 3 8 6 0 9 2 1]
 [6 9 0 1 2 5 8 0 7]
 [1 8 2 9 3 7 4 5 6]]
Number of cells unfilled: 11
Accuracy: 86.41975308641975
Sample: 57080
Question:
[[0 0 4 0 0 0 0 0 0]
 [0 0 0 4 2 0 6 0 0]
 [0 0 0 0 7 0 0 8 9]
 [5 0 0 0 4 1 9 0 6]
 [0 0 0 0 0 0 8 0 0]
 [0 0 0 9 8 0 0 1 5]
 [4 1 0 6 0 0 0 0 0]
 [0 5 8 0 0 0 1 6 0]
 [9 0 0 0 0 0 5 0 4]]
Solution:
[[0 1 8 0 0 3 2 4 5]
 [5 2 9 7 4 6 0 1 3]
 [4 3 6 2 5 1 7 8 9]
 [8 0 1 3 9 2 0 6 4]
 [2 6 5 0 7 4 1 9 8]
 [9 7 4 6 1 8 5 3 2]
 [7 4 3 8 6 0 9 2 1]
 [6 9 0 1 2 5 8 0 7]
 [1 8 2 9 3 7 4 5 6]]
Number of cells unfilled: 10
Accuracy: 87.65432098765432
Sample: 57081
Question:
[[0 0 4 0 0 3 0 0 0]
 [0 0 7 0 0 2 0 0 0]
 [0 0 0 0 5 0 0 0 1]
 [1 5 0 4 0 0 0 8 7]
 [0 4 8 0 7 0 0 9 0]
 [0 0 9 0 0 0 4 0 5]
 [9 0 0 5 0 1 0 0 0]
 [0 0 0 0 8 7 0 1 9]
 [0 7 0 0 0 0 8 0 0]]
Solution:
[[0 1 8 0 5 3 2 4 9]
 [5 2 9 7 4 6 0 8 3]
 [4 3 6 2 8 9 7 1 5]
 [8 0 1 3 9 2 0 6 4]
 [2 6 5 0 7 4 1 9 8]
 [9 7 4 6 1 8 5 3 2]
 [7 4 3 8 6 0 9 2 1]
 [6 9 0 1 2 5 8 0 7]
 [1 8 2 9 3 7 4 5 6]]
Number of cells unfilled: 9
Accuracy: 88.88888888888889
Sample: 57082
Question:
[[0 0 4 0 7 1 0 8 0]
 [1 0 0 8 6 0 4 0 7]
 [0 0 0 4 0 2 0 1 6]
 [0 8 2 0 0 0 0 6 0]
 [7 1 0 0 0 6 0 0 2]
 [0 0 0 7 0 0 0 0 8]
 [0 5 0 0 0 0 0 2 0]
 [0 9 0 0 0 0 0 0 4]
 [0 0 0 0 0 8 0 0 0]]
Solution:
[[0 1 8 0 0 3 2 4 5]
 [5 2 9 7 4 6 0 1 3]
 [4 3 6 2 5 1 7 8 9]
 [8 0 1 3 9 2 0 6 4]
 [2 6 5 0 7 4 1 9 8]
 [9 7 4 6 1 8 5 3 2]
 [7 4 3 8 6 0 9 2 1]
 [6 9 0 1 2 5 8 0 7]
 [1 8 2 9 3 7 4 5 6]]
Number of cells unfilled: 10
Accuracy: 87.65432098765432
Sample: 57083
Question:
[[0 0 4 1 6 0 0 0 0]
 [0 6 0 0 0 0 0 0 9]
 [0 1 0 0 2 9 4 0 0]
 [7 9 0 0 0 2 0 4 6]
 [0 4 2 0 0 0 1 0 7]
 [0 0 0 7 0 0 2 9 0]
 [0 7 0 0 3 0 0 0 1]
 [0 0 0 0 0 0 0 0 0]
 [6 0 1 0 5 0 0 0 0]]
Solution:
[[0 1 8 0 0 3 2 4 5]
 [5 2 9 7 4 6 0 8 3]
 [4 3 6 5 8 0 7 1 9]
 [8 0 1 3 9 2 0 6 4]
 [2 6 5 0 7 4 1 9 8]
 [9 7 4 6 1 8 5 3 2]
 [7 4 3 8 6 0 9 2 1]
 [6 9 0 1 2 5 8 0 7]
 [1 8 2 9 3 7 4 5 6]]
Number of cells unfilled: 11
Accuracy: 86.41975308641975
Sample: 57084
Question:
[[0 0 5 0 0 0 0 0 0]
 [0 0 0 0 0 3 0 0 7]
 [0 0 0 0 8 0 0 0 9]
 [0 0 0 0 4 0 8 0 5]
 [0 0 4 0 0 0 0 6 1]
 [0 6 0 0 0 5 0 0 0]
 [6 0 1 8 5 0 3 0 0]
 [4 5 0 3 0 6 0 1 0]
 [0 3 8 0 1 4 0 0 0]]
Solution:
[[0 1 8 0 5 3 2 4 9]
 [5 2 9 7 4 6 0 1 3]
 [4 3 6 2 0 1 7 8 5]
 [8 0 1 3 9 2 0 6 4]
 [2 6 5 0 7 4 1 9 8]
 [9 7 4 6 1 8 5 3 2]
 [7 5 3 8 6 0 9 2 1]
 [6 9 0 1 2 5 8 0 7]
 [1 8 2 9 3 7 4 5 6]]
Number of cells unfilled: 10
Accuracy: 87.65432098765432
Sample: 57085
Question:
[[0 0 5 0 0 0 0 7 0]
 [9 0 0 0 0 0 0 0 4]
 [6 0 7 2 0 3 0 0 0]
 [0 0 0 0 0 0 0 8 5]
 [0 0 8 0 6 0 9 0 7]
 [0 5 0 0 0 0 4 6 0]
 [8 0 0 0 0 9 7 0 0]
 [0 6 0 4 0 0 8 5 0]
 [0 0 0 0 0 6 0 4 9]]
Solution:
[[0 1 8 0 0 9 2 4 5]
 [5 2 9 7 4 6 0 1 3]
 [4 3 6 2 5 1 7 8 9]
 [8 0 1 3 9 2 0 6 4]
 [2 6 5 0 7 4 1 9 8]
 [9 7 4 6 1 8 5 3 2]
 [7 5 3 8 6 0 9 2 1]
 [6 9 0 1 2 5 8 0 7]
 [1 8 2 9 3 7 4 5 6]]
Number of cells unfilled: 10
Accuracy: 87.65432098765432
Sample: 57086
Question:
[[0 0 5 0 3 7 4 9 0]
 [0 0 0 0 0 6 5 0 0]
 [3 9 0 0 0 0 0 0 7]
 [0 3 7 4 0 0 6 0 9]
 [4 0 9 0 0 0 0 5 0]
 [6 5 0 0 7 0 0 3 0]
 [0 0 6 0 9 0 0 0 0]
 [0 0 0 0 0 2 0 0 0]
 [0 0 0 0 0 1 0 4 0]]
Solution:
[[0 1 8 7 5 3 2 4 9]
 [5 2 9 0 4 6 0 1 3]
 [4 3 6 2 0 1 7 8 5]
 [8 0 1 3 9 2 0 6 4]
 [2 6 5 0 7 4 1 9 8]
 [9 7 4 6 1 8 5 3 2]
 [7 4 3 8 6 0 9 2 1]
 [6 9 0 1 2 5 8 0 7]
 [1 8 2 9 3 7 4 5 6]]
Number of cells unfilled: 10
Accuracy: 87.65432098765432
Sample: 57087
Question:
[[0 0 5 7 2 0 8 0 4]
 [8 0 0 4 0 0 1 0 0]
 [0 0 0 0 0 1 0 5 7]
 [0 3 0 0 0 0 0 0 8]
 [0 0 0 0 5 0 0 0 0]
 [0 6 0 0 0 0 2 1 5]
 [1 2 0 0 0 0 4 7 0]
 [0 5 4 0 0 7 0 8 0]
 [0 0 0 0 0 0 0 0 2]]
Solution:
[[0 1 8 0 0 3 2 4 5]
 [5 2 9 7 4 6 0 1 3]
 [4 3 6 2 5 1 7 8 9]
 [8 0 1 3 9 2 0 6 4]
 [2 6 5 0 7 4 1 9 8]
 [9 7 4 6 1 8 5 3 2]
 [7 4 3 8 6 0 9 2 1]
 [6 9 0 1 2 5 8 0 7]
 [1 8 2 9 3 7 4 5 6]]
Number of cells unfilled: 10
Accuracy: 87.65432098765432
Sample: 57088
Question:
[[0 0 6 0 0 0 0 0 0]
 [0 3 0 0 0 0 0 0 2]
 [0 1 0 0 0 0 0 9 0]
 [0 0 0 0 0 2 7 0 8]
 [2 0 0 5 7 0 9 6 0]
 [0 6 7 8 0 9 0 0 5]
 [6 9 0 0 0 0 8 0 0]
 [0 0 0 6 0 5 0 0 0]
 [0 7 5 0 8 0 2 0 0]]
Solution:
[[0 1 8 7 5 3 2 4 9]
 [5 2 9 0 4 6 0 8 3]
 [4 3 6 2 8 9 7 1 5]
 [8 0 1 3 9 2 0 6 4]
 [2 6 5 0 7 4 1 9 8]
 [9 7 4 6 1 8 5 3 2]
 [7 5 3 8 6 0 9 2 1]
 [6 9 0 1 2 5 8 0 7]
 [1 8 2 9 3 7 4 5 6]]
Number of cells unfilled: 9
Accuracy: 88.88888888888889
Sample: 57089
Question:
[[0 0 6 7 0 0 0 0 0]
 [0 0 0 0 9 0 0 7 3]
 [9 0 0 0 2 0 6 1 0]
 [0 0 0 2 0 0 0 4 0]
 [7 0 0 0 0 0 0 0 0]
 [0 0 0 0 3 7 0 8 0]
 [3 0 2 9 1 0 0 0 0]
 [0 9 7 6 0 0 1 0 0]
 [1 6 0 0 0 3 0 0 2]]
Solution:
[[0 1 8 0 5 3 2 4 9]
 [5 2 9 7 4 6 0 8 3]
 [4 3 6 2 8 9 7 1 5]
 [8 0 1 3 9 2 0 6 4]
 [2 6 5 0 7 4 1 9 8]
 [9 7 4 6 1 8 5 3 2]
 [7 4 3 8 6 0 9 2 1]
 [6 9 0 1 2 5 8 0 7]
 [1 8 2 9 3 7 4 5 6]]
Number of cells unfilled: 9
Accuracy: 88.88888888888889
Sample: 57090
Question:
[[0 0 7 0 0 0 0 9 2]
 [9 0 1 0 0 4 7 6 0]
 [2 6 0 9 0 0 1 0 4]
 [0 0 9 0 3 0 0 0 0]
 [0 2 0 0 5 0 0 0 0]
 [0 0 0 0 0 0 0 0 6]
 [0 0 0 0 4 1 0 0 7]
 [4 0 0 0 0 0 2 1 0]
 [0 7 0 2 6 0 0 0 0]]
Solution:
[[0 1 8 0 0 9 2 4 5]
 [5 2 9 7 4 6 0 1 3]
 [4 3 6 2 5 1 7 8 9]
 [8 0 1 3 9 2 0 6 4]
 [2 6 5 0 7 4 1 9 8]
 [9 7 4 6 1 8 5 3 2]
 [7 5 3 8 6 0 9 2 1]
 [6 9 0 1 2 5 8 0 7]
 [1 8 2 9 3 7 4 5 6]]
Number of cells unfilled: 10
Accuracy: 87.65432098765432
Sample: 57091
Question:
[[0 0 7 0 0 0 4 0 0]
 [0 5 0 0 0 0 0 0 9]
 [0 3 4 1 0 6 0 0 0]
 [0 0 5 0 0 9 7 2 0]
 [0 2 9 5 0 0 0 4 3]
 [0 0 0 3 0 0 0 0 0]
 [0 0 0 0 0 0 2 0 7]
 [7 0 0 0 0 0 3 9 0]
 [0 0 2 0 3 0 0 5 4]]
Solution:
[[0 1 8 0 0 3 2 4 5]
 [5 2 9 7 4 6 0 1 3]
 [4 3 6 2 5 1 7 8 9]
 [8 0 1 3 9 2 0 6 4]
 [2 6 5 0 7 4 1 9 8]
 [9 7 4 6 1 8 5 3 2]
 [7 5 3 8 6 0 9 2 1]
 [6 9 0 1 2 5 8 0 7]
 [1 8 2 9 3 7 4 5 6]]
Number of cells unfilled: 10
Accuracy: 87.65432098765432
Sample: 57092
Question:
[[0 0 7 0 0 0 6 0 0]
 [0 0 0 1 0 5 0 0 9]
 [9 1 0 6 7 0 0 0 0]
 [0 9 0 0 6 0 8 7 0]
 [6 7 0 0 0 8 5 0 1]
 [5 0 8 0 0 0 0 9 0]
 [0 0 0 4 0 0 0 8 0]
 [1 0 0 0 0 0 0 0 0]
 [0 0 0 2 0 0 0 0 5]]
Solution:
[[0 1 8 5 0 3 2 4 9]
 [5 2 9 7 4 6 0 1 3]
 [4 3 6 2 0 9 7 8 5]
 [8 0 1 3 9 2 0 6 4]
 [2 6 5 0 7 4 1 9 8]
 [9 7 4 6 1 8 5 3 2]
 [7 5 3 8 6 0 9 2 1]
 [6 9 0 1 2 5 8 0 7]
 [1 8 2 9 3 7 4 5 6]]
Number of cells unfilled: 10
Accuracy: 87.65432098765432
Sample: 57093
Question:
[[0 0 7 0 0 4 0 0 6]
 [0 0 0 8 2 0 0 0 0]
 [0 0 0 0 6 7 1 8 0]
 [0 0 0 4 0 0 0 5 0]
 [0 2 0 0 0 0 0 0 0]
 [0 7 0 0 0 1 0 9 0]
 [0 0 1 7 0 2 0 0 0]
 [6 0 0 0 1 8 4 0 0]
 [0 8 0 6 4 0 0 0 2]]
Solution:
[[0 1 8 0 0 3 2 4 5]
 [5 2 9 7 4 6 0 8 3]
 [4 3 6 2 5 0 7 1 9]
 [8 0 1 3 9 2 0 6 4]
 [2 6 5 0 7 4 1 9 8]
 [9 7 4 6 1 8 5 3 2]
 [7 5 3 8 6 0 9 2 1]
 [6 9 0 1 2 5 8 0 7]
 [1 8 2 9 3 7 4 5 6]]
Number of cells unfilled: 11
Accuracy: 86.41975308641975
Sample: 57094
Question:
[[0 0 7 4 0 0 0 0 0]
 [0 8 0 0 0 9 0 7 0]
 [0 9 2 0 0 7 6 0 5]
 [0 4 1 2 0 0 0 0 0]
 [0 7 0 0 1 8 4 0 0]
 [9 0 0 0 0 0 0 0 2]
 [8 0 0 0 4 2 0 0 0]
 [0 1 0 9 7 0 0 0 0]
 [0 0 0 8 0 1 0 0 0]]
Solution:
[[0 1 8 0 0 9 2 4 5]
 [5 2 9 7 4 6 0 1 3]
 [4 3 6 2 5 1 7 8 9]
 [8 0 1 3 9 2 0 6 4]
 [2 6 5 0 7 4 1 9 8]
 [9 7 4 6 1 8 5 3 2]
 [7 4 3 8 6 0 9 2 1]
 [6 9 0 1 2 5 8 0 7]
 [1 8 2 9 3 7 4 5 6]]
Number of cells unfilled: 10
Accuracy: 87.65432098765432
Sample: 57095
Question:
[[0 0 8 0 0 0 1 0 0]
 [0 0 0 0 4 9 5 0 7]
 [0 7 0 1 0 0 0 0 3]
 [0 0 5 0 0 0 2 0 8]
 [0 0 1 0 0 0 0 7 0]
 [2 3 0 0 8 7 0 0 0]
 [8 0 0 0 0 0 0 3 0]
 [0 2 3 0 0 0 0 0 5]
 [1 0 7 5 0 0 0 0 2]]
Solution:
[[0 1 8 0 0 3 2 4 5]
 [5 2 9 7 4 6 0 8 3]
 [4 3 6 2 5 0 7 1 9]
 [8 0 1 3 9 2 0 6 4]
 [2 6 5 0 7 4 1 9 8]
 [9 7 4 6 1 8 5 3 2]
 [7 5 3 8 6 0 9 2 1]
 [6 9 0 1 2 5 8 0 7]
 [1 8 2 9 3 7 4 5 6]]
Number of cells unfilled: 11
Accuracy: 86.41975308641975
Sample: 57096
Question:
[[0 0 8 6 0 0 0 0 0]
 [0 6 1 0 3 0 0 0 0]
 [5 9 0 0 1 0 0 0 0]
 [0 0 5 0 0 3 0 0 0]
 [0 3 0 8 0 9 4 2 0]
 [0 8 0 1 0 0 0 0 3]
 [0 0 0 0 0 6 0 0 0]
 [6 1 0 0 9 0 5 0 0]
 [0 5 3 0 8 0 0 9 0]]
Solution:
[[0 1 8 0 5 3 2 4 9]
 [5 2 9 7 4 6 0 1 3]
 [4 3 6 2 0 1 7 8 5]
 [8 0 1 3 9 2 0 6 4]
 [2 6 5 0 7 4 1 9 8]
 [9 7 4 6 1 8 5 3 2]
 [7 5 3 8 6 0 9 2 1]
 [6 9 0 1 2 5 8 0 7]
 [1 8 2 9 3 7 4 5 6]]
Number of cells unfilled: 10
Accuracy: 87.65432098765432
Sample: 57097
Question:
[[0 0 9 0 0 0 0 3 0]
 [0 0 0 3 6 0 0 0 5]
 [0 5 0 4 0 9 0 6 8]
 [0 0 0 0 0 6 0 0 0]
 [0 0 0 2 0 0 3 0 0]
 [0 0 0 1 0 0 0 8 0]
 [9 4 0 0 8 0 0 0 0]
 [0 6 8 0 0 0 0 5 4]
 [5 0 3 6 0 4 0 9 0]]
Solution:
[[0 1 8 0 0 9 2 4 5]
 [5 2 9 7 4 6 0 1 3]
 [4 3 6 2 5 1 7 8 9]
 [8 0 1 3 9 2 0 6 4]
 [2 6 5 0 7 4 1 9 8]
 [9 7 4 6 1 8 5 3 2]
 [7 5 3 8 6 0 9 2 1]
 [6 9 0 1 2 5 8 0 7]
 [1 8 2 9 3 7 4 5 6]]
Number of cells unfilled: 10
Accuracy: 87.65432098765432
Sample: 57098
Question:
[[0 0 9 0 0 0 0 4 0]
 [0 0 0 0 0 1 3 0 5]
 [3 1 0 0 5 0 0 9 7]
 [9 0 0 0 0 0 4 3 0]
 [0 7 0 0 0 0 0 5 1]
 [1 0 0 0 0 0 7 0 9]
 [0 0 3 0 0 0 5 0 0]
 [7 0 0 3 0 0 0 0 4]
 [4 0 0 0 6 2 0 0 0]]
Solution:
[[0 1 8 0 0 9 2 4 5]
 [5 2 9 7 4 6 0 1 3]
 [4 3 6 2 5 1 7 8 9]
 [8 0 1 3 9 2 0 6 4]
 [2 6 5 0 7 4 1 9 8]
 [9 7 4 6 1 8 5 3 2]
 [7 5 3 8 6 0 9 2 1]
 [6 9 0 1 2 5 8 0 7]
 [1 8 2 9 3 7 4 5 6]]
Number of cells unfilled: 10
Accuracy: 87.65432098765432
Sample: 57099
Question:
[[0 0 9 4 0 0 0 0 0]
 [7 6 0 0 5 2 0 0 4]
 [4 0 5 6 9 0 2 7 0]
 [2 0 0 5 7 0 0 0 0]
 [0 0 7 0 0 9 5 2 0]
 [0 9 0 0 0 0 0 6 0]
 [0 0 4 0 0 0 0 1 0]
 [0 0 0 0 0 0 0 8 0]
 [0 0 0 0 0 6 7 0 0]]
Solution:
[[0 1 8 0 5 3 2 4 9]
 [5 2 9 7 4 6 0 8 3]
 [4 3 6 2 8 9 7 1 5]
 [8 0 1 3 9 2 0 6 4]
 [2 6 5 0 7 4 1 9 8]
 [9 7 4 6 1 8 5 3 2]
 [7 4 3 8 6 0 9 2 1]
 [6 9 0 1 2 5 8 0 7]
 [1 8 2 9 3 7 4 5 6]]
Number of cells unfilled: 9
Accuracy: 88.88888888888889
Sample: 57100
Question:
[[0 1 0 0 0 0 2 0 0]
 [5 0 0 0 0 6 0 0 0]
 [0 3 0 0 0 0 7 0 0]
 [0 0 0 0 9 0 0 0 0]
 [0 6 5 0 0 0 0 0 8]
 [9 7 0 6 0 8 0 0 2]
 [7 0 0 8 0 0 9 0 0]
 [0 0 0 0 2 5 8 0 7]
 [0 0 2 9 0 7 0 5 6]]
Solution:
[[0 1 8 0 0 9 2 4 5]
 [5 2 9 7 4 6 0 1 3]
 [4 3 6 2 5 1 7 8 9]
 [8 0 1 3 9 2 0 6 4]
 [2 6 5 0 7 4 1 9 8]
 [9 7 4 6 1 8 5 3 2]
 [7 4 3 8 6 0 9 2 1]
 [6 9 0 1 2 5 8 0 7]
 [1 8 2 9 3 7 4 5 6]]
Number of cells unfilled: 10
Accuracy: 87.65432098765432
