2025-10-22 15:24:52.536051: I tensorflow/core/util/port.cc:153] oneDNN custom operations are on. You may see slightly different numerical results due to floating-point round-off errors from different computation orders. To turn them off, set the environment variable `TF_ENABLE_ONEDNN_OPTS=0`.
2025-10-22 15:24:53.312047: I tensorflow/core/platform/cpu_feature_guard.cc:210] This TensorFlow binary is optimized to use available CPU instructions in performance-critical operations.
To enable the following instructions: AVX2 AVX512F AVX512_VNNI FMA, in other operations, rebuild TensorFlow with the appropriate compiler flags.
2025-10-22 15:24:59.027866: I tensorflow/core/util/port.cc:153] oneDNN custom operations are on. You may see slightly different numerical results due to floating-point round-off errors from different computation orders. To turn them off, set the environment variable `TF_ENABLE_ONEDNN_OPTS=0`.
2025-10-22 15:25:05.013071: E external/local_xla/xla/stream_executor/cuda/cuda_platform.cc:51] failed call to cuInit: INTERNAL: CUDA error: Failed call to cuInit: UNKNOWN ERROR (303)
Sample: 58601
Question:
[[6 0 0 0 0 0 0 3 4]
 [0 0 0 0 0 4 0 8 0]
 [0 4 0 7 0 0 9 0 0]
 [0 5 0 0 7 9 0 0 3]
 [0 0 0 0 0 2 5 0 0]
 [3 0 0 5 0 0 0 0 0]
 [4 0 0 0 0 0 0 1 9]
 [0 0 8 0 1 0 0 0 6]
 [0 3 0 9 0 0 2 0 0]]
Solution:
[[3 0 9 4 2 7 8 6 5]
 [8 2 6 1 3 5 0 9 4]
 [5 4 1 9 0 6 3 7 2]
 [4 6 0 3 1 2 5 0 7]
 [2 9 3 5 7 0 6 4 8]
 [7 0 5 8 6 0 1 3 9]
 [6 0 4 2 8 3 7 5 1]
 [9 5 2 6 0 1 4 8 3]
 [1 7 8 0 5 4 9 2 6]]
Number of cells unfilled: 11
Accuracy: 86.41975308641975
Sample: 58602
Question:
[[0 0 3 0 4 0 9 0 0]
 [1 0 0 0 0 0 5 2 8]
 [5 0 0 0 0 1 0 0 0]
 [0 0 0 0 0 0 0 5 0]
 [0 0 0 0 7 6 2 0 0]
 [0 0 9 2 0 0 0 0 3]
 [9 3 4 0 0 0 0 0 0]
 [0 0 2 0 6 8 0 0 0]
 [0 0 6 9 0 0 0 0 2]]
Solution:
[[3 0 9 4 2 7 8 6 5]
 [8 2 6 1 3 5 0 9 4]
 [5 4 1 9 0 6 3 7 2]
 [4 6 0 3 1 2 5 0 7]
 [2 9 3 5 7 0 6 4 8]
 [7 0 5 8 6 0 1 3 9]
 [6 0 4 2 8 3 7 5 1]
 [9 5 2 6 0 1 4 8 3]
 [1 7 8 0 5 4 9 2 6]]
Number of cells unfilled: 11
Accuracy: 86.41975308641975
Sample: 58603
Question:
[[7 2 0 0 0 0 5 9 0]
 [0 0 0 0 7 0 0 0 0]
 [0 0 0 3 0 5 0 0 7]
 [6 0 0 0 0 3 8 0 4]
 [0 5 2 0 0 8 0 0 0]
 [0 7 0 0 6 0 1 0 2]
 [0 0 0 0 0 0 0 0 6]
 [5 0 3 0 0 0 4 0 0]
 [0 0 0 0 9 4 0 0 0]]
Solution:
[[3 0 9 4 2 8 0 6 5]
 [8 2 6 7 3 5 0 9 4]
 [5 4 1 9 0 6 3 7 2]
 [4 6 0 3 1 2 5 0 7]
 [2 9 3 5 7 0 6 4 8]
 [7 0 5 8 6 0 1 3 9]
 [6 0 4 2 8 3 7 5 1]
 [9 5 2 6 0 1 4 8 3]
 [1 7 8 0 5 4 9 2 6]]
Number of cells unfilled: 12
Accuracy: 85.18518518518519
Sample: 58604
Question:
[[0 0 0 0 0 0 0 0 2]
 [0 8 6 0 0 0 0 0 5]
 [0 0 0 0 9 0 3 7 0]
 [0 0 0 0 0 9 2 0 0]
 [0 5 0 6 8 0 0 4 0]
 [0 9 0 3 4 0 5 0 0]
 [8 0 0 5 0 0 0 0 3]
 [0 0 3 0 0 0 0 0 6]
 [6 7 0 0 0 0 0 2 4]]
Solution:
[[3 0 9 4 2 7 8 6 5]
 [8 2 6 1 3 5 0 9 4]
 [5 4 1 9 0 6 3 7 2]
 [4 6 0 3 1 2 5 0 7]
 [2 9 3 5 7 0 6 4 8]
 [7 0 5 8 6 0 1 3 9]
 [6 0 4 2 8 3 7 5 1]
 [9 5 2 6 0 1 4 8 3]
 [1 7 8 0 5 4 9 2 6]]
Number of cells unfilled: 11
Accuracy: 86.41975308641975
Sample: 58605
Question:
[[0 6 0 0 0 3 0 0 5]
 [0 0 0 9 0 0 1 0 0]
 [8 0 0 6 0 0 0 0 0]
 [0 8 2 0 0 0 0 4 1]
 [0 9 0 0 8 0 0 0 0]
 [3 5 0 0 0 0 0 0 0]
 [2 1 0 0 0 6 3 9 0]
 [0 0 5 0 0 0 7 0 6]
 [0 3 6 8 0 0 0 0 0]]
Solution:
[[3 0 9 4 2 8 0 6 5]
 [8 2 6 7 3 5 0 9 4]
 [5 4 1 9 0 6 3 7 2]
 [4 6 0 3 1 2 5 0 7]
 [2 9 3 5 7 0 6 4 8]
 [7 0 5 8 6 0 1 3 9]
 [6 0 4 2 8 3 7 5 1]
 [9 5 2 6 0 1 4 8 3]
 [1 7 8 0 5 4 9 2 6]]
Number of cells unfilled: 12
Accuracy: 85.18518518518519
Sample: 58606
Question:
[[0 0 0 9 0 0 0 0 7]
 [6 4 0 0 5 0 9 0 0]
 [0 0 0 0 0 4 0 5 0]
 [5 0 0 0 0 0 0 0 3]
 [3 9 0 0 0 5 6 0 0]
 [0 0 0 0 0 0 0 1 0]
 [0 0 3 0 4 0 0 0 0]
 [9 6 0 5 0 0 8 0 0]
 [0 0 2 0 6 8 0 0 0]]
Solution:
[[3 0 9 4 2 8 0 6 5]
 [8 2 6 7 3 5 0 9 4]
 [5 4 1 9 0 6 3 7 2]
 [4 6 0 3 1 2 5 0 7]
 [2 9 3 5 7 0 6 4 8]
 [7 0 5 8 6 0 1 3 9]
 [6 0 4 2 8 3 7 5 1]
 [9 5 2 6 0 1 4 8 3]
 [1 7 8 0 5 4 9 2 6]]
Number of cells unfilled: 12
Accuracy: 85.18518518518519
Sample: 58607
Question:
[[0 1 0 0 0 0 0 0 7]
 [0 0 4 0 0 0 6 0 0]
 [2 0 0 0 0 3 0 8 0]
 [6 0 0 0 3 0 9 0 0]
 [0 0 0 9 2 0 0 0 0]
 [0 0 0 0 0 6 0 0 8]
 [1 6 0 0 0 8 0 2 0]
 [8 0 0 0 0 2 0 9 0]
 [0 0 0 1 5 0 0 0 6]]
Solution:
[[3 0 9 4 2 8 0 6 5]
 [8 2 6 7 3 5 0 9 4]
 [5 4 1 9 0 6 3 7 2]
 [4 6 0 3 1 2 5 0 7]
 [2 9 3 5 7 0 6 4 8]
 [7 0 5 8 6 0 1 3 9]
 [6 0 4 2 8 3 7 5 1]
 [9 5 2 6 0 1 4 8 3]
 [1 7 8 0 5 4 9 2 6]]
Number of cells unfilled: 12
Accuracy: 85.18518518518519
Sample: 58608
Question:
[[3 0 0 0 0 1 7 0 0]
 [0 0 0 0 2 0 1 0 8]
 [0 0 0 6 0 0 0 0 0]
 [0 6 0 2 0 0 0 0 5]
 [0 0 0 0 0 4 0 9 0]
 [7 5 0 3 0 0 0 0 0]
 [0 0 0 0 0 0 0 6 0]
 [4 3 1 0 9 0 0 0 0]
 [0 0 2 5 4 0 8 0 0]]
Solution:
[[3 0 9 4 2 7 8 6 5]
 [8 2 6 1 3 5 0 9 4]
 [5 4 1 9 0 6 3 7 2]
 [4 6 0 3 1 2 5 0 7]
 [2 9 3 5 7 0 6 4 8]
 [7 0 5 8 6 0 1 3 9]
 [6 0 4 2 8 3 7 5 1]
 [9 5 2 6 0 1 4 8 3]
 [1 7 8 0 5 4 9 2 6]]
Number of cells unfilled: 11
Accuracy: 86.41975308641975
Sample: 58609
Question:
[[0 0 0 0 0 0 0 0 0]
 [5 2 0 9 0 0 3 0 0]
 [0 0 3 0 8 0 5 1 0]
 [0 0 0 0 0 3 2 8 0]
 [0 7 0 0 0 8 9 0 4]
 [0 0 0 0 0 0 0 0 0]
 [0 0 5 0 0 2 8 0 6]
 [0 3 2 0 0 0 0 0 0]
 [0 1 4 0 5 6 0 0 2]]
Solution:
[[3 0 9 4 2 8 0 6 5]
 [8 2 6 7 3 5 0 9 4]
 [5 4 1 9 0 6 3 7 2]
 [4 6 0 3 1 2 5 0 7]
 [2 9 3 5 7 0 6 4 8]
 [7 0 5 8 6 0 1 3 9]
 [6 0 4 2 8 3 7 5 1]
 [9 5 2 6 0 1 4 8 3]
 [1 7 8 0 5 4 9 2 6]]
Number of cells unfilled: 12
Accuracy: 85.18518518518519
Sample: 58610
Question:
[[0 0 2 0 8 0 1 0 0]
 [0 0 9 6 0 0 4 0 2]
 [4 0 0 0 0 0 0 0 0]
 [0 0 3 0 5 0 0 0 0]
 [0 0 0 0 2 7 0 0 0]
 [6 5 0 3 0 0 0 0 0]
 [0 2 0 4 3 0 0 1 7]
 [3 0 5 0 0 0 0 2 0]
 [0 4 0 2 9 0 3 0 0]]
Solution:
[[3 0 9 4 2 8 0 6 5]
 [8 2 6 1 3 5 0 9 4]
 [5 4 1 9 0 6 3 7 2]
 [4 6 0 3 1 2 5 0 7]
 [2 9 3 5 7 0 6 4 8]
 [7 8 5 0 6 0 1 3 9]
 [6 0 4 2 8 3 7 5 1]
 [9 5 2 6 0 1 4 8 3]
 [1 7 8 0 5 4 9 2 6]]
Number of cells unfilled: 12
Accuracy: 85.18518518518519
Sample: 58611
Question:
[[0 0 6 0 7 0 0 0 0]
 [0 9 0 0 0 4 0 0 0]
 [1 0 0 5 0 0 2 0 0]
 [0 0 7 0 9 0 0 0 0]
 [0 0 0 0 5 6 0 0 4]
 [5 0 0 1 0 0 8 0 0]
 [8 0 0 0 0 0 0 1 2]
 [0 0 0 0 0 0 3 0 0]
 [0 3 0 2 0 0 0 5 8]]
Solution:
[[3 0 9 4 2 8 0 6 5]
 [8 2 6 1 3 5 0 9 4]
 [5 4 1 9 0 6 3 7 2]
 [4 6 0 3 1 2 5 0 7]
 [2 9 3 5 7 0 6 4 8]
 [7 0 5 8 6 0 1 3 9]
 [6 0 4 2 8 3 7 5 1]
 [9 5 2 6 0 1 4 8 3]
 [1 7 8 0 5 4 9 2 6]]
Number of cells unfilled: 12
Accuracy: 85.18518518518519
Sample: 58612
Question:
[[0 0 0 0 7 0 1 8 0]
 [0 5 8 0 1 4 0 0 0]
 [7 0 0 8 0 0 0 0 0]
 [0 8 0 0 0 9 0 5 0]
 [0 0 4 0 0 0 3 0 2]
 [0 0 0 0 0 0 0 7 9]
 [0 0 7 0 8 3 0 0 0]
 [0 0 0 5 0 0 9 4 6]
 [0 4 0 6 0 0 0 0 0]]
Solution:
[[3 0 9 4 2 8 0 6 5]
 [8 2 6 7 3 5 0 9 4]
 [5 4 1 9 0 6 3 7 2]
 [4 6 0 3 1 2 5 0 7]
 [2 9 3 5 7 0 6 4 8]
 [7 0 5 8 6 0 1 3 9]
 [6 0 4 2 8 3 7 5 1]
 [9 5 2 6 0 1 4 8 3]
 [1 7 8 0 5 4 9 2 6]]
Number of cells unfilled: 12
Accuracy: 85.18518518518519
Sample: 58613
Question:
[[9 0 4 0 0 5 0 0 3]
 [0 2 0 3 6 8 0 0 0]
 [0 0 0 0 2 0 0 0 0]
 [0 0 0 0 0 0 0 0 2]
 [0 0 6 0 4 7 0 1 8]
 [0 5 0 0 0 0 9 0 0]
 [1 0 0 0 3 6 0 2 4]
 [0 7 0 0 0 0 0 0 0]
 [4 0 0 8 0 0 0 5 0]]
Solution:
[[3 0 9 4 2 8 0 6 5]
 [8 2 6 7 3 5 0 9 4]
 [5 4 1 9 0 6 3 7 2]
 [4 6 0 3 1 2 5 0 7]
 [2 9 3 5 7 0 6 4 8]
 [7 0 5 8 6 0 1 3 9]
 [6 0 4 2 8 3 7 5 1]
 [9 5 2 6 0 1 4 8 3]
 [1 7 8 0 5 4 9 2 6]]
Number of cells unfilled: 12
Accuracy: 85.18518518518519
Sample: 58614
Question:
[[8 0 7 3 0 0 0 0 9]
 [0 9 0 0 0 0 0 3 0]
 [4 0 0 0 0 9 0 0 0]
 [0 0 0 1 0 0 0 6 0]
 [0 7 0 0 0 4 0 0 3]
 [1 0 0 0 3 0 9 0 0]
 [0 4 0 6 0 8 0 0 7]
 [0 8 0 4 0 3 0 0 1]
 [0 0 5 0 2 0 0 0 0]]
Solution:
[[3 0 9 4 2 8 0 6 5]
 [8 2 6 1 3 5 0 9 4]
 [5 4 1 9 0 6 3 7 2]
 [4 6 0 3 1 2 5 0 7]
 [2 9 3 5 7 0 6 4 8]
 [7 0 5 8 6 0 1 3 9]
 [6 0 4 2 8 3 7 5 1]
 [9 5 2 6 0 1 4 8 3]
 [1 7 8 0 5 4 9 2 6]]
Number of cells unfilled: 12
Accuracy: 85.18518518518519
Sample: 58615
Question:
[[1 4 0 0 0 0 0 0 0]
 [0 0 7 4 9 0 0 0 0]
 [3 0 0 0 0 0 0 0 2]
 [0 7 0 0 6 0 0 0 4]
 [0 6 3 5 0 0 8 0 0]
 [8 0 0 3 0 0 9 0 0]
 [0 0 9 0 0 0 1 0 0]
 [0 0 2 8 0 0 0 9 0]
 [0 0 0 0 0 3 2 6 5]]
Solution:
[[3 0 9 4 2 8 0 6 5]
 [8 2 6 7 3 5 0 9 4]
 [5 4 1 9 0 6 3 7 2]
 [4 6 0 3 1 2 5 0 7]
 [2 9 3 5 7 0 6 4 8]
 [7 0 5 8 6 0 1 3 9]
 [6 0 4 2 8 3 7 5 1]
 [9 5 2 6 0 1 4 8 3]
 [1 7 8 0 5 4 9 2 6]]
Number of cells unfilled: 12
Accuracy: 85.18518518518519
Sample: 58616
Question:
[[0 0 0 1 0 0 0 7 0]
 [0 3 0 0 8 0 0 0 0]
 [0 0 7 0 0 5 6 0 0]
 [0 2 0 0 0 9 0 5 6]
 [7 0 0 0 0 0 9 0 0]
 [0 0 9 0 0 0 0 2 0]
 [0 0 5 0 0 6 2 4 0]
 [0 8 0 4 0 0 0 0 0]
 [4 0 0 0 3 0 0 0 1]]
Solution:
[[3 0 9 4 2 7 8 6 5]
 [8 2 6 1 3 5 0 9 4]
 [5 4 1 9 0 6 3 7 2]
 [4 6 0 3 1 2 5 0 7]
 [2 9 3 5 7 0 6 4 8]
 [7 0 5 8 6 0 1 3 9]
 [6 0 4 2 8 3 7 5 1]
 [9 5 2 6 0 1 4 8 3]
 [1 7 8 0 5 4 9 2 6]]
Number of cells unfilled: 11
Accuracy: 86.41975308641975
Sample: 58617
Question:
[[0 0 0 0 0 0 6 0 0]
 [0 0 0 6 0 0 3 0 8]
 [4 0 2 0 0 5 0 0 0]
 [0 0 0 3 0 6 4 0 0]
 [9 7 0 0 0 8 0 0 0]
 [0 0 0 7 0 0 0 9 0]
 [0 0 0 0 0 2 0 0 0]
 [0 0 9 0 0 0 0 6 0]
 [5 0 6 0 0 3 9 2 0]]
Solution:
[[3 0 9 4 2 8 0 6 5]
 [8 2 6 7 3 5 0 9 4]
 [5 4 1 9 0 6 3 7 2]
 [4 6 0 3 1 2 5 0 7]
 [2 9 3 5 7 0 6 4 8]
 [7 8 5 0 6 0 1 3 9]
 [6 0 4 2 8 3 7 5 1]
 [9 5 2 6 0 1 4 8 3]
 [1 7 8 0 5 4 9 2 6]]
Number of cells unfilled: 12
Accuracy: 85.18518518518519
Sample: 58618
Question:
[[0 0 0 0 0 6 0 0 0]
 [0 0 2 0 5 0 0 0 6]
 [0 0 1 0 3 0 7 0 4]
 [0 0 0 5 0 0 0 0 0]
 [0 0 8 2 0 7 0 5 0]
 [0 4 0 0 0 0 0 0 0]
 [8 0 0 4 0 0 0 0 0]
 [0 2 7 0 0 0 4 0 3]
 [3 5 0 0 8 1 6 0 0]]
Solution:
[[3 0 9 4 2 7 8 6 5]
 [8 2 6 1 3 5 0 9 4]
 [5 4 1 9 0 6 3 7 2]
 [4 6 0 3 1 2 5 0 7]
 [2 9 3 5 7 0 6 4 8]
 [7 0 5 8 6 0 1 3 9]
 [6 0 4 2 8 3 7 5 1]
 [9 5 2 6 0 1 4 8 3]
 [1 7 8 0 5 4 9 2 6]]
Number of cells unfilled: 11
Accuracy: 86.41975308641975
Sample: 58619
Question:
[[0 0 3 0 0 8 0 0 0]
 [2 0 7 3 0 0 4 0 0]
 [0 0 0 0 0 0 0 2 0]
 [0 0 8 4 0 6 0 0 0]
 [0 5 0 8 0 0 0 0 2]
 [0 0 2 5 3 0 0 0 7]
 [0 7 5 0 0 0 1 0 3]
 [6 3 0 0 0 0 0 0 0]
 [0 0 0 0 0 0 5 0 8]]
Solution:
[[3 0 9 4 2 7 8 6 5]
 [8 2 6 1 3 5 0 9 4]
 [5 4 1 9 0 6 3 7 2]
 [4 6 0 3 1 2 5 0 7]
 [2 9 3 5 7 0 6 4 8]
 [7 0 5 0 6 8 1 3 9]
 [6 0 4 2 8 3 7 5 1]
 [9 5 2 6 0 1 4 8 3]
 [1 7 8 0 5 4 9 2 6]]
Number of cells unfilled: 11
Accuracy: 86.41975308641975
Sample: 58620
Question:
[[3 0 0 0 0 9 0 1 0]
 [0 0 1 0 0 0 0 0 5]
 [0 0 0 8 0 0 0 0 4]
 [0 1 0 4 0 0 6 0 0]
 [0 2 0 0 8 0 0 0 0]
 [0 0 3 0 0 2 0 7 0]
 [0 0 9 0 6 0 0 0 7]
 [0 0 7 0 0 0 5 0 0]
 [0 3 0 0 0 7 0 9 0]]
Solution:
[[3 0 9 4 2 8 0 6 5]
 [8 2 6 7 3 5 0 9 4]
 [5 4 1 9 0 6 3 7 2]
 [4 6 0 3 1 2 5 0 7]
 [2 9 3 5 7 0 6 4 8]
 [7 0 5 8 6 0 1 3 9]
 [6 0 4 2 8 3 7 5 1]
 [9 5 2 6 0 1 4 8 3]
 [1 7 8 0 5 4 9 2 6]]
Number of cells unfilled: 12
Accuracy: 85.18518518518519
Sample: 58621
Question:
[[0 0 0 0 0 0 7 3 0]
 [0 0 3 1 8 0 6 5 0]
 [0 0 4 0 0 0 1 0 0]
 [0 9 0 2 0 0 0 0 0]
 [0 6 2 0 0 8 0 7 0]
 [0 0 8 7 4 6 0 9 0]
 [0 0 0 0 0 0 0 0 0]
 [5 0 0 0 9 4 0 0 0]
 [1 0 9 5 0 0 0 8 0]]
Solution:
[[3 0 9 4 2 8 0 6 5]
 [8 2 6 7 3 5 0 9 4]
 [5 4 1 9 0 6 3 7 2]
 [4 6 0 3 1 2 5 0 7]
 [2 9 3 5 7 0 6 4 8]
 [7 0 5 8 6 0 1 3 9]
 [6 0 4 2 8 3 7 5 1]
 [9 5 2 6 0 1 4 8 3]
 [1 7 8 0 5 4 9 2 6]]
Number of cells unfilled: 12
Accuracy: 85.18518518518519
Sample: 58622
Question:
[[6 0 0 0 0 0 0 0 0]
 [0 0 9 0 0 7 2 0 0]
 [0 4 0 0 1 0 0 0 8]
 [0 0 0 1 0 0 3 0 4]
 [0 0 0 0 0 0 5 0 2]
 [0 3 0 0 2 4 0 8 0]
 [1 0 0 0 0 6 0 0 0]
 [0 5 0 0 3 0 4 0 0]
 [0 0 7 9 0 0 0 0 5]]
Solution:
[[3 0 9 4 2 8 0 6 5]
 [8 2 6 1 3 5 0 9 4]
 [5 4 1 9 0 6 3 7 2]
 [4 6 0 3 1 2 5 0 7]
 [2 9 3 5 7 0 6 4 8]
 [7 0 5 8 6 0 1 3 9]
 [6 0 4 2 8 3 7 5 1]
 [9 5 2 6 0 1 4 8 3]
 [1 7 8 0 5 4 9 2 6]]
Number of cells unfilled: 12
Accuracy: 85.18518518518519
Sample: 58623
Question:
[[0 6 3 0 1 0 0 0 7]
 [1 0 0 0 0 0 0 0 0]
 [0 2 7 0 0 3 0 0 0]
 [3 0 6 0 8 2 0 0 5]
 [7 0 0 0 0 1 0 0 2]
 [0 0 0 3 0 0 0 9 0]
 [0 0 0 4 0 0 5 0 0]
 [6 0 0 0 0 7 0 0 3]
 [0 0 5 0 0 0 0 8 0]]
Solution:
[[3 0 9 4 2 8 0 6 5]
 [8 2 6 7 3 5 0 9 4]
 [5 4 1 9 0 6 3 7 2]
 [4 6 0 3 1 2 5 0 7]
 [2 9 3 5 7 0 6 4 8]
 [7 0 5 8 6 0 1 3 9]
 [6 0 4 2 8 3 7 5 1]
 [9 5 2 6 0 1 4 8 3]
 [1 7 8 0 5 4 9 2 6]]
Number of cells unfilled: 12
Accuracy: 85.18518518518519
Sample: 58624
Question:
[[9 4 0 0 0 0 6 0 0]
 [0 0 5 0 0 0 0 2 0]
 [0 3 0 8 7 0 0 1 0]
 [0 0 2 0 0 0 0 0 0]
 [0 0 0 0 4 2 0 0 8]
 [0 0 0 1 0 0 0 7 0]
 [4 0 0 0 8 6 0 0 0]
 [7 0 8 2 3 4 0 6 5]
 [0 2 0 0 0 0 0 0 0]]
Solution:
[[3 0 9 4 2 8 0 6 5]
 [8 2 6 7 3 5 0 9 4]
 [5 4 1 9 0 6 3 7 2]
 [4 6 0 3 1 2 5 0 7]
 [2 9 3 5 7 0 6 4 8]
 [7 0 5 8 6 0 1 3 9]
 [6 0 4 2 8 3 7 5 1]
 [9 5 2 6 0 1 4 8 3]
 [1 7 8 0 5 4 9 2 6]]
Number of cells unfilled: 12
Accuracy: 85.18518518518519
Sample: 58625
Question:
[[0 1 0 0 0 0 0 2 0]
 [8 0 5 2 0 0 7 0 0]
 [0 0 0 0 0 9 0 8 5]
 [0 3 0 0 9 0 0 0 0]
 [5 0 0 0 0 1 6 0 0]
 [6 0 1 7 0 0 0 0 8]
 [0 0 0 0 0 2 0 0 7]
 [0 0 3 0 4 0 0 0 0]
 [9 0 2 5 0 0 0 6 0]]
Solution:
[[3 0 9 4 2 8 0 6 5]
 [8 2 6 7 3 5 0 9 4]
 [5 4 1 9 0 6 3 7 2]
 [4 6 0 3 1 2 5 0 7]
 [2 9 3 5 7 0 6 4 8]
 [7 0 5 8 6 0 1 3 9]
 [6 0 4 2 8 3 7 5 1]
 [9 5 2 6 0 1 4 8 3]
 [1 7 8 0 5 4 9 2 6]]
Number of cells unfilled: 12
Accuracy: 85.18518518518519
Sample: 58626
Question:
[[0 9 0 0 0 0 0 0 0]
 [0 2 0 8 0 0 0 6 5]
 [6 0 7 0 0 0 0 9 3]
 [2 0 4 3 0 0 0 1 0]
 [0 0 0 0 0 0 8 0 0]
 [0 0 0 5 7 0 0 0 0]
 [0 0 0 0 0 1 0 0 0]
 [0 1 8 9 0 0 3 0 0]
 [0 0 0 0 3 5 0 2 0]]
Solution:
[[3 0 9 4 2 8 0 6 5]
 [8 2 6 7 3 5 0 9 4]
 [5 4 1 9 0 6 3 7 2]
 [4 6 0 3 1 2 5 0 7]
 [2 9 3 5 7 0 6 4 8]
 [7 0 5 8 6 0 1 3 9]
 [6 0 4 2 8 3 7 5 1]
 [9 5 2 6 0 1 4 8 3]
 [1 7 8 0 5 4 9 2 6]]
Number of cells unfilled: 12
Accuracy: 85.18518518518519
Sample: 58627
Question:
[[9 0 0 6 0 0 0 8 0]
 [0 0 0 0 5 0 0 0 7]
 [0 2 0 0 0 1 0 0 0]
 [0 0 0 0 0 0 1 0 0]
 [0 0 3 0 7 0 4 0 6]
 [0 6 0 3 0 0 0 2 0]
 [0 0 2 9 0 0 0 6 0]
 [6 0 0 0 0 5 0 0 0]
 [8 9 0 0 0 0 0 0 4]]
Solution:
[[3 0 9 4 2 8 0 6 5]
 [8 2 6 1 3 5 0 9 4]
 [5 4 1 9 0 6 3 7 2]
 [4 6 0 3 1 2 5 0 7]
 [2 9 3 5 7 0 6 4 8]
 [7 8 5 0 6 0 1 3 9]
 [6 0 4 2 8 3 7 5 1]
 [9 5 2 6 0 1 4 8 3]
 [1 7 8 0 5 4 9 2 6]]
Number of cells unfilled: 12
Accuracy: 85.18518518518519
Sample: 58628
Question:
[[0 0 0 4 0 0 0 0 0]
 [6 0 0 0 5 2 4 0 0]
 [0 4 0 0 6 9 0 5 0]
 [4 0 0 5 0 0 0 9 0]
 [0 0 5 0 0 7 1 0 8]
 [0 7 1 0 0 0 0 0 0]
 [0 8 0 0 3 0 0 0 0]
 [5 0 0 9 0 0 0 6 0]
 [0 0 0 0 0 5 0 0 3]]
Solution:
[[3 0 9 4 2 8 0 6 5]
 [8 2 6 1 3 5 0 9 4]
 [5 4 1 9 0 6 3 7 2]
 [4 6 0 3 1 2 5 0 7]
 [2 9 3 5 7 0 6 4 8]
 [7 0 5 8 6 0 1 3 9]
 [6 0 4 2 8 3 7 5 1]
 [9 5 2 6 0 1 4 8 3]
 [1 7 8 0 5 4 9 2 6]]
Number of cells unfilled: 12
Accuracy: 85.18518518518519
Sample: 58629
Question:
[[0 0 1 0 0 5 4 0 0]
 [4 5 0 6 0 0 0 2 0]
 [0 0 0 7 0 0 0 0 0]
 [0 3 8 0 6 0 0 0 4]
 [0 1 0 0 0 0 0 9 0]
 [5 0 0 0 0 4 3 0 0]
 [0 0 5 0 7 0 0 0 0]
 [0 0 0 0 2 0 0 0 9]
 [0 4 0 0 0 3 1 0 0]]
Solution:
[[3 0 9 4 2 8 0 6 5]
 [8 2 6 1 3 5 0 9 4]
 [5 4 1 9 0 6 3 7 2]
 [4 6 0 3 1 2 5 0 7]
 [2 9 3 5 7 0 6 4 8]
 [7 0 5 8 6 0 1 3 9]
 [6 0 4 2 8 3 7 5 1]
 [9 5 2 6 0 1 4 8 3]
 [1 7 8 0 5 4 9 2 6]]
Number of cells unfilled: 12
Accuracy: 85.18518518518519
Sample: 58630
Question:
[[0 0 7 0 9 5 0 0 0]
 [5 0 0 0 3 4 0 0 2]
 [0 3 0 1 0 0 0 5 0]
 [0 0 0 0 0 1 0 0 6]
 [7 0 0 0 0 0 0 0 8]
 [0 9 0 0 5 0 0 3 0]
 [0 5 0 0 0 9 0 1 0]
 [0 0 8 0 1 0 2 4 0]
 [0 0 0 0 0 0 6 0 0]]
Solution:
[[3 0 9 4 2 8 0 6 5]
 [8 2 6 7 3 5 0 9 4]
 [5 4 1 9 0 6 3 7 2]
 [4 6 0 3 1 2 5 0 7]
 [2 9 3 5 7 0 6 4 8]
 [7 0 5 8 6 0 1 3 9]
 [6 0 4 2 8 3 7 5 1]
 [9 5 2 6 0 1 4 8 3]
 [1 7 8 0 5 4 9 2 6]]
Number of cells unfilled: 12
Accuracy: 85.18518518518519
Sample: 58631
Question:
[[0 1 0 0 0 6 0 7 0]
 [5 0 2 0 0 0 0 0 0]
 [0 0 0 5 3 0 0 0 2]
 [9 0 0 0 8 0 0 0 0]
 [0 7 0 0 0 9 0 6 0]
 [0 0 3 0 0 0 8 0 0]
 [0 0 1 0 0 7 9 0 6]
 [0 0 0 0 0 0 0 1 0]
 [0 9 0 1 0 0 7 0 4]]
Solution:
[[3 0 9 4 2 7 8 6 5]
 [8 2 6 1 3 5 0 9 4]
 [5 4 1 9 0 6 3 7 2]
 [4 6 0 3 1 2 5 0 7]
 [2 9 3 5 7 0 6 4 8]
 [7 0 5 0 6 8 1 3 9]
 [6 0 4 2 8 3 7 5 1]
 [9 5 2 6 0 1 4 8 3]
 [1 7 8 0 5 4 9 2 6]]
Number of cells unfilled: 11
Accuracy: 86.41975308641975
Sample: 58632
Question:
[[0 7 2 9 0 0 0 0 0]
 [0 1 9 0 3 0 0 0 2]
 [3 0 0 0 0 0 0 0 0]
 [0 8 0 0 6 5 0 0 0]
 [9 0 0 7 0 0 0 0 3]
 [0 0 0 0 0 0 8 6 0]
 [0 0 4 0 0 0 5 0 0]
 [0 0 0 0 0 4 0 2 0]
 [7 0 0 2 0 0 0 4 9]]
Solution:
[[3 0 9 4 2 7 8 6 5]
 [8 2 6 1 3 5 0 9 4]
 [5 4 1 9 0 6 3 7 2]
 [4 6 0 3 1 2 5 0 7]
 [2 9 3 5 7 0 6 4 8]
 [7 0 5 8 6 0 1 3 9]
 [6 0 4 2 8 3 7 5 1]
 [9 5 2 6 0 1 4 8 3]
 [1 7 8 0 5 4 9 2 6]]
Number of cells unfilled: 11
Accuracy: 86.41975308641975
Sample: 58633
Question:
[[5 0 0 6 0 0 9 0 0]
 [0 3 0 0 0 9 0 7 0]
 [0 8 0 0 4 0 0 0 0]
 [0 0 0 0 6 0 0 0 7]
 [6 0 0 0 0 4 5 0 0]
 [0 1 0 5 2 0 0 0 0]
 [0 0 8 0 0 0 0 0 0]
 [4 0 0 0 9 0 6 0 0]
 [0 0 1 0 0 0 0 0 3]]
Solution:
[[3 0 9 4 2 8 0 6 5]
 [8 2 6 7 3 5 0 9 4]
 [5 4 1 9 0 6 3 7 2]
 [4 6 0 3 1 2 5 0 7]
 [2 9 3 5 7 0 6 4 8]
 [7 0 5 8 6 0 1 3 9]
 [6 0 4 2 8 3 7 5 1]
 [9 5 2 6 0 1 4 8 3]
 [1 7 8 0 5 4 9 2 6]]
Number of cells unfilled: 12
Accuracy: 85.18518518518519
Sample: 58634
Question:
[[0 5 0 0 0 0 7 3 0]
 [0 0 8 0 0 3 0 0 5]
 [0 0 0 5 0 0 4 0 0]
 [0 9 0 8 0 0 0 0 7]
 [0 0 2 0 0 6 0 9 0]
 [1 0 0 0 9 0 0 0 0]
 [6 0 9 0 0 2 0 0 0]
 [0 0 0 0 1 0 6 7 0]
 [0 4 0 6 0 0 0 0 3]]
Solution:
[[3 0 9 4 2 8 0 6 5]
 [8 2 6 7 3 5 0 9 4]
 [5 4 1 9 0 6 3 7 2]
 [4 6 0 3 1 2 5 0 7]
 [2 9 3 5 7 0 6 4 8]
 [7 0 5 8 6 0 1 3 9]
 [6 0 4 2 8 3 7 5 1]
 [9 5 2 6 0 1 4 8 3]
 [1 7 8 0 5 4 9 2 6]]
Number of cells unfilled: 12
Accuracy: 85.18518518518519
Sample: 58635
Question:
[[6 8 0 9 0 4 3 0 0]
 [0 1 0 6 0 2 0 7 0]
 [0 9 0 0 0 0 8 0 2]
 [7 0 0 0 0 0 0 0 0]
 [0 6 8 0 5 0 7 4 0]
 [0 0 0 0 0 0 2 8 0]
 [1 0 0 3 0 0 9 0 0]
 [0 0 0 0 0 5 0 0 0]
 [0 3 0 0 0 0 0 1 4]]
Solution:
[[3 0 9 4 2 8 0 6 5]
 [8 2 6 7 3 5 0 9 4]
 [5 4 1 9 0 6 3 7 2]
 [4 6 0 3 1 2 5 0 7]
 [2 9 3 5 7 0 6 4 8]
 [7 0 5 8 6 0 1 3 9]
 [6 0 4 2 8 3 7 5 1]
 [9 5 2 6 0 1 4 8 3]
 [1 7 8 0 5 4 9 2 6]]
Number of cells unfilled: 12
Accuracy: 85.18518518518519
Sample: 58636
Question:
[[0 6 0 7 0 0 8 3 0]
 [0 0 0 0 6 0 0 0 0]
 [0 0 9 0 0 2 0 0 1]
 [0 0 2 0 0 9 0 0 5]
 [0 0 0 0 0 0 4 7 0]
 [4 0 0 8 0 0 0 0 0]
 [9 0 0 0 0 3 1 0 0]
 [0 0 3 0 0 0 9 5 0]
 [1 2 0 0 0 0 0 0 3]]
Solution:
[[3 0 9 4 2 8 0 6 5]
 [8 2 6 1 3 5 0 9 4]
 [5 4 1 9 0 6 3 7 2]
 [4 6 0 3 1 2 5 0 7]
 [2 9 3 5 7 0 6 4 8]
 [7 0 5 8 6 0 1 3 9]
 [6 0 4 2 8 3 7 5 1]
 [9 5 2 6 0 1 4 8 3]
 [1 7 8 0 5 4 9 2 6]]
Number of cells unfilled: 12
Accuracy: 85.18518518518519
Sample: 58637
Question:
[[2 1 0 0 8 0 0 0 0]
 [0 0 4 6 0 0 0 3 0]
 [0 0 6 0 0 2 8 0 0]
 [0 0 0 0 0 0 0 0 5]
 [0 0 3 4 0 0 0 9 0]
 [0 5 0 0 1 0 0 0 0]
 [0 0 7 0 3 0 9 0 6]
 [0 0 0 0 0 0 0 7 0]
 [6 0 0 7 0 0 4 0 3]]
Solution:
[[3 0 9 4 2 8 0 6 5]
 [8 2 6 1 3 5 0 9 4]
 [5 4 1 9 0 6 3 7 2]
 [4 6 0 3 1 2 5 0 7]
 [2 9 3 5 7 0 6 4 8]
 [7 0 5 8 6 0 1 3 9]
 [6 0 4 2 8 3 7 5 1]
 [9 5 2 6 0 1 4 8 3]
 [1 7 8 0 5 4 9 2 6]]
Number of cells unfilled: 12
Accuracy: 85.18518518518519
Sample: 58638
Question:
[[3 0 9 0 0 7 6 1 0]
 [0 0 6 1 9 0 0 0 0]
 [8 0 1 0 0 0 0 0 2]
 [0 2 0 0 0 0 1 0 0]
 [9 0 0 0 0 2 0 0 4]
 [6 0 0 0 4 5 9 0 0]
 [0 0 0 0 6 0 0 3 0]
 [0 0 4 0 0 0 0 0 0]
 [1 0 0 8 5 0 0 0 0]]
Solution:
[[3 0 9 4 2 8 0 6 5]
 [8 2 6 7 3 5 0 9 4]
 [5 4 1 9 0 6 3 7 2]
 [4 6 0 3 1 2 5 0 7]
 [2 9 3 5 7 0 6 4 8]
 [7 0 5 8 6 0 1 3 9]
 [6 0 4 2 8 3 7 5 1]
 [9 5 2 6 0 1 4 8 3]
 [1 7 8 0 5 4 9 2 6]]
Number of cells unfilled: 12
Accuracy: 85.18518518518519
Sample: 58639
Question:
[[0 0 2 0 0 0 0 4 0]
 [8 4 0 5 0 0 9 0 0]
 [3 0 0 0 4 0 0 0 5]
 [9 0 0 0 8 5 3 0 0]
 [0 0 3 9 0 0 0 0 0]
 [5 8 0 0 1 0 0 9 0]
 [0 0 0 0 0 0 0 7 0]
 [2 3 0 1 0 0 8 0 0]
 [0 0 0 0 0 6 0 0 2]]
Solution:
[[3 0 9 4 2 7 8 6 5]
 [8 2 6 1 3 5 0 9 4]
 [5 4 1 9 0 6 3 7 2]
 [4 6 0 3 1 2 5 0 7]
 [2 9 3 5 7 0 6 4 8]
 [7 0 5 8 6 0 1 3 9]
 [6 0 4 2 8 3 7 5 1]
 [9 5 2 6 0 1 4 8 3]
 [1 7 8 0 5 4 9 2 6]]
Number of cells unfilled: 11
Accuracy: 86.41975308641975
Sample: 58640
Question:
[[9 5 0 6 0 0 0 0 8]
 [0 0 0 0 4 0 7 0 0]
 [0 0 6 3 8 0 0 0 0]
 [0 0 9 0 0 0 0 0 7]
 [1 0 2 5 3 0 0 9 6]
 [4 0 8 0 2 7 0 5 0]
 [0 0 5 7 9 2 0 4 0]
 [6 0 0 0 0 4 8 3 0]
 [0 0 1 0 0 0 9 0 0]]
Solution:
[[3 0 9 4 2 7 8 6 5]
 [8 2 6 1 3 5 0 9 4]
 [5 4 1 9 0 6 3 7 2]
 [4 6 0 3 1 2 5 0 7]
 [2 9 3 5 7 0 6 4 8]
 [7 0 5 8 6 0 1 3 9]
 [6 0 4 2 8 3 7 5 1]
 [9 5 2 6 0 1 4 8 3]
 [1 7 8 0 5 4 9 2 6]]
Number of cells unfilled: 11
Accuracy: 86.41975308641975
Sample: 58641
Question:
[[0 0 0 0 0 8 0 0 0]
 [0 0 3 0 0 1 0 9 0]
 [0 2 0 0 9 0 7 0 0]
 [0 7 0 8 0 0 0 0 5]
 [6 5 0 0 0 4 0 0 0]
 [3 8 0 0 1 0 0 0 2]
 [2 6 0 0 7 0 0 0 9]
 [8 0 0 0 4 6 2 0 0]
 [0 0 0 0 0 0 4 6 0]]
Solution:
[[3 0 9 4 2 8 0 6 5]
 [8 2 6 7 3 5 0 9 4]
 [5 4 1 9 0 6 3 7 2]
 [4 6 0 3 1 2 5 0 7]
 [2 9 3 5 7 0 6 4 8]
 [7 0 5 8 6 0 1 3 9]
 [6 0 4 2 8 3 7 5 1]
 [9 5 2 6 0 1 4 8 3]
 [1 7 8 0 5 4 9 2 6]]
Number of cells unfilled: 12
Accuracy: 85.18518518518519
Sample: 58642
Question:
[[0 0 0 0 9 0 0 0 0]
 [0 1 0 5 0 2 8 0 0]
 [0 0 0 0 0 0 0 5 0]
 [0 0 0 0 0 0 2 0 8]
 [0 7 0 2 0 3 0 1 0]
 [6 0 0 0 0 0 3 0 0]
 [1 0 0 0 4 7 0 0 0]
 [0 5 0 0 2 8 0 0 3]
 [0 0 7 6 0 0 1 0 0]]
Solution:
[[3 0 9 4 2 8 0 6 5]
 [8 2 6 7 3 5 0 9 4]
 [5 4 1 9 0 6 3 7 2]
 [4 6 0 3 1 2 5 0 7]
 [2 9 3 5 7 0 6 4 8]
 [7 0 5 8 6 0 1 3 9]
 [6 0 4 2 8 3 7 5 1]
 [9 5 2 6 0 1 4 8 3]
 [1 7 8 0 5 4 9 2 6]]
Number of cells unfilled: 12
Accuracy: 85.18518518518519
Sample: 58643
Question:
[[0 0 0 6 0 0 0 0 0]
 [0 1 0 0 2 5 0 0 8]
 [0 0 0 0 0 0 0 2 0]
 [0 0 0 0 0 0 8 0 5]
 [0 9 0 0 5 7 0 1 0]
 [0 0 4 0 0 0 0 0 7]
 [0 2 0 0 1 8 7 0 0]
 [0 0 1 3 0 9 0 0 0]
 [9 0 0 0 4 0 0 0 1]]
Solution:
[[3 0 9 4 2 8 0 6 5]
 [8 2 6 7 3 5 0 9 4]
 [5 4 1 9 0 6 3 7 2]
 [4 6 0 3 1 2 5 0 7]
 [2 9 3 5 7 0 6 4 8]
 [7 0 5 8 6 0 1 3 9]
 [6 0 4 2 8 3 7 5 1]
 [9 5 2 6 0 1 4 8 3]
 [1 7 8 0 5 4 9 2 6]]
Number of cells unfilled: 12
Accuracy: 85.18518518518519
Sample: 58644
Question:
[[0 0 3 0 0 0 0 0 0]
 [0 1 0 0 7 0 0 0 8]
 [9 0 0 0 0 0 1 0 0]
 [0 0 0 0 0 0 0 0 9]
 [0 7 0 0 0 8 6 0 0]
 [4 0 9 0 6 0 7 0 0]
 [0 9 0 0 4 0 0 1 6]
 [0 0 0 5 0 0 0 2 0]
 [0 4 0 6 8 0 0 0 7]]
Solution:
[[3 0 9 4 2 8 0 6 5]
 [8 2 6 7 3 5 0 9 4]
 [5 4 1 9 0 6 3 7 2]
 [4 6 0 3 1 2 5 0 7]
 [2 9 3 5 7 0 6 4 8]
 [7 8 5 0 6 0 1 3 9]
 [6 0 4 2 8 3 7 5 1]
 [9 5 2 6 0 1 4 8 3]
 [1 7 8 0 5 4 9 2 6]]
Number of cells unfilled: 12
Accuracy: 85.18518518518519
Sample: 58645
Question:
[[0 0 4 0 0 0 0 3 0]
 [8 0 0 9 0 0 0 0 0]
 [0 3 7 0 0 4 8 0 0]
 [3 0 0 0 0 7 0 4 6]
 [0 0 0 0 1 0 0 0 2]
 [7 0 0 0 0 9 5 8 0]
 [0 5 0 0 0 0 0 0 0]
 [0 0 0 0 9 0 6 0 0]
 [6 0 0 0 0 8 0 9 0]]
Solution:
[[3 0 9 4 2 7 8 6 5]
 [8 2 6 1 3 5 0 9 4]
 [5 4 1 9 0 6 3 7 2]
 [4 6 0 3 1 2 5 0 7]
 [2 9 3 5 7 0 6 4 8]
 [7 0 5 8 6 0 1 3 9]
 [6 0 4 2 8 3 7 5 1]
 [9 5 2 6 0 1 4 8 3]
 [1 7 8 0 5 4 9 2 6]]
Number of cells unfilled: 11
Accuracy: 86.41975308641975
Sample: 58646
Question:
[[0 0 5 0 0 0 7 0 3]
 [2 0 0 0 3 7 0 9 0]
 [0 7 0 1 5 0 0 0 0]
 [0 0 0 0 0 0 0 0 2]
 [7 0 0 0 8 2 3 0 0]
 [0 0 0 6 0 0 0 0 0]
 [0 0 0 0 0 5 8 0 0]
 [0 4 0 0 0 0 9 0 0]
 [5 0 0 0 9 8 0 0 7]]
Solution:
[[3 0 9 4 2 8 0 6 5]
 [8 2 6 7 3 5 0 9 4]
 [5 4 1 9 0 6 3 7 2]
 [4 6 0 3 1 2 5 0 7]
 [2 9 3 5 7 0 6 4 8]
 [7 8 5 0 6 0 1 3 9]
 [6 0 4 2 8 3 7 5 1]
 [9 5 2 6 0 1 4 8 3]
 [1 7 8 0 5 4 9 2 6]]
Number of cells unfilled: 12
Accuracy: 85.18518518518519
Sample: 58647
Question:
[[5 0 0 0 0 0 0 0 2]
 [0 6 0 0 0 0 0 0 0]
 [0 0 8 5 0 0 0 6 0]
 [1 0 0 0 4 0 0 0 0]
 [0 0 5 8 0 0 0 9 0]
 [6 0 3 9 0 0 0 7 0]
 [0 5 0 3 0 0 9 0 7]
 [0 3 0 0 0 8 0 5 0]
 [0 0 7 0 0 0 3 0 0]]
Solution:
[[3 0 9 4 2 8 0 6 5]
 [8 2 6 7 3 5 0 9 4]
 [5 4 1 9 0 6 3 7 2]
 [4 6 0 3 1 2 5 0 7]
 [2 9 3 5 7 0 6 4 8]
 [7 0 5 8 6 0 1 3 9]
 [6 0 4 2 8 3 7 5 1]
 [9 5 2 6 0 1 4 8 3]
 [1 7 8 0 5 4 9 2 6]]
Number of cells unfilled: 12
Accuracy: 85.18518518518519
Sample: 58648
Question:
[[0 0 8 4 0 0 0 0 2]
 [0 0 0 0 0 0 1 0 0]
 [0 6 0 0 8 0 0 4 0]
 [0 4 0 0 0 9 0 0 3]
 [0 9 0 8 0 0 0 5 0]
 [7 0 2 0 5 0 0 0 0]
 [0 5 0 0 0 8 0 7 0]
 [0 0 0 5 6 0 0 0 1]
 [3 0 0 7 0 0 0 0 5]]
Solution:
[[3 0 9 4 2 8 0 6 5]
 [8 2 6 1 3 5 0 9 4]
 [5 4 1 9 0 6 3 7 2]
 [4 6 0 3 1 2 5 0 7]
 [2 9 3 5 7 0 6 4 8]
 [7 0 5 8 6 0 1 3 9]
 [6 0 4 2 8 3 7 5 1]
 [9 5 2 6 0 1 4 8 3]
 [1 7 8 0 5 4 9 2 6]]
Number of cells unfilled: 12
Accuracy: 85.18518518518519
Sample: 58649
Question:
[[0 0 0 0 0 0 0 0 1]
 [0 0 6 0 5 7 0 0 2]
 [0 4 0 3 0 0 7 0 0]
 [0 5 0 0 7 0 3 0 0]
 [0 0 1 0 0 3 0 7 0]
 [0 0 0 0 0 9 0 0 8]
 [0 0 8 0 4 0 0 2 0]
 [6 0 0 0 0 0 0 0 0]
 [0 7 0 0 0 5 9 0 0]]
Solution:
[[3 0 9 4 2 8 0 6 5]
 [8 2 6 7 3 5 0 9 4]
 [5 4 1 9 0 6 3 7 2]
 [4 6 0 3 1 2 5 0 7]
 [2 9 3 5 7 0 6 4 8]
 [7 0 5 8 6 0 1 3 9]
 [6 0 4 2 8 3 7 5 1]
 [9 5 2 6 0 1 4 8 3]
 [1 7 8 0 5 4 9 2 6]]
Number of cells unfilled: 12
Accuracy: 85.18518518518519
Sample: 58650
Question:
[[0 0 0 0 0 8 0 4 0]
 [0 0 0 0 9 0 1 0 0]
 [2 0 0 4 0 0 0 0 7]
 [7 0 4 0 5 0 8 0 3]
 [0 2 0 3 0 0 0 0 4]
 [6 0 3 0 0 0 0 0 0]
 [0 0 2 7 0 0 0 0 6]
 [0 0 0 0 0 5 7 0 0]
 [0 7 0 0 1 0 0 9 0]]
Solution:
[[3 0 9 4 2 8 0 6 5]
 [8 2 6 7 3 5 0 9 4]
 [5 4 1 9 0 6 3 7 2]
 [4 6 0 3 1 2 5 0 7]
 [2 9 3 5 7 0 6 4 8]
 [7 0 5 8 6 0 1 3 9]
 [6 0 4 2 8 3 7 5 1]
 [9 5 2 6 0 1 4 8 3]
 [1 7 8 0 5 4 9 2 6]]
Number of cells unfilled: 12
Accuracy: 85.18518518518519
Sample: 58651
Question:
[[0 0 6 0 0 0 0 9 0]
 [0 0 3 5 4 0 0 0 0]
 [0 8 2 0 0 0 0 5 0]
 [1 4 0 0 5 2 0 0 0]
 [0 2 0 0 7 0 0 8 0]
 [0 0 0 0 0 6 0 0 2]
 [0 0 0 8 0 0 0 1 0]
 [8 9 0 0 0 1 0 0 7]
 [0 0 0 0 2 0 9 0 0]]
Solution:
[[3 0 9 4 2 8 0 6 5]
 [8 2 6 1 3 5 0 9 4]
 [5 4 1 9 0 6 3 7 2]
 [4 6 0 3 1 2 5 0 7]
 [2 9 3 5 7 0 6 4 8]
 [7 0 5 8 6 0 1 3 9]
 [6 0 4 2 8 3 7 5 1]
 [9 5 2 6 0 1 4 8 3]
 [1 7 8 0 5 4 9 2 6]]
Number of cells unfilled: 12
Accuracy: 85.18518518518519
Sample: 58652
Question:
[[5 3 0 0 7 1 0 8 0]
 [0 1 0 0 0 0 0 0 0]
 [0 0 6 0 3 0 0 0 0]
 [0 0 0 0 6 0 0 2 0]
 [0 8 0 1 4 0 0 0 7]
 [3 0 0 0 0 0 0 9 0]
 [8 0 0 0 9 0 0 0 0]
 [7 0 0 4 0 5 0 0 0]
 [0 2 0 6 0 0 8 0 3]]
Solution:
[[3 0 9 4 2 8 0 6 5]
 [8 2 6 7 3 5 0 9 4]
 [5 4 1 9 0 6 3 7 2]
 [4 6 0 3 1 2 5 0 7]
 [2 9 3 5 7 0 6 4 8]
 [7 0 5 8 6 0 1 3 9]
 [6 0 4 2 8 3 7 5 1]
 [9 5 2 6 0 1 4 8 3]
 [1 7 8 0 5 4 9 2 6]]
Number of cells unfilled: 12
Accuracy: 85.18518518518519
Sample: 58653
Question:
[[0 4 0 5 0 9 0 0 0]
 [8 9 6 0 4 0 0 0 0]
 [0 0 0 8 0 0 0 0 0]
 [0 2 0 0 9 0 0 3 0]
 [0 0 7 4 0 0 0 0 0]
 [0 6 0 0 2 0 9 8 0]
 [0 0 0 0 5 0 3 0 2]
 [0 7 0 0 3 0 0 0 1]
 [1 0 0 9 0 0 4 0 0]]
Solution:
[[3 0 9 4 2 8 0 6 5]
 [8 2 6 7 3 5 0 9 4]
 [5 4 1 9 0 6 3 7 2]
 [4 6 0 3 1 2 5 0 7]
 [2 9 3 5 7 0 6 4 8]
 [7 0 5 8 6 0 1 3 9]
 [6 0 4 2 8 3 7 5 1]
 [9 5 2 6 0 1 4 8 3]
 [1 7 8 0 5 4 9 2 6]]
Number of cells unfilled: 12
Accuracy: 85.18518518518519
Sample: 58654
Question:
[[0 8 3 1 7 0 4 0 0]
 [0 0 0 3 0 4 5 0 0]
 [0 0 0 8 0 0 0 0 7]
 [5 0 7 0 0 8 0 0 0]
 [0 0 0 0 0 3 0 0 0]
 [8 0 0 0 1 0 0 0 4]
 [0 7 0 0 0 9 0 5 0]
 [0 0 0 0 0 0 0 0 0]
 [0 6 9 0 0 0 0 1 2]]
Solution:
[[3 0 9 4 2 7 8 6 5]
 [8 2 6 1 3 5 0 9 4]
 [5 4 1 9 0 6 3 7 2]
 [4 6 0 3 1 2 5 0 7]
 [2 9 3 5 7 0 6 4 8]
 [7 0 5 8 6 0 1 3 9]
 [6 0 4 2 8 3 7 5 1]
 [9 5 2 6 0 1 4 8 3]
 [1 7 8 0 5 4 9 2 6]]
Number of cells unfilled: 11
Accuracy: 86.41975308641975
Sample: 58655
Question:
[[0 4 0 0 0 0 0 0 8]
 [7 0 0 9 0 0 5 0 0]
 [2 0 5 0 0 0 0 6 0]
 [0 0 0 0 1 0 0 0 3]
 [0 0 0 0 0 4 0 0 0]
 [0 0 2 7 0 0 0 9 0]
 [6 8 0 0 3 0 0 0 1]
 [0 0 9 0 0 0 0 0 0]
 [5 0 0 6 0 0 0 8 0]]
Solution:
[[3 0 9 4 2 8 0 6 5]
 [8 2 6 1 3 5 0 9 4]
 [5 4 1 9 0 6 3 7 2]
 [4 6 0 3 1 2 5 0 7]
 [2 9 3 5 7 0 6 4 8]
 [7 8 5 0 6 0 1 3 9]
 [6 0 4 2 8 3 7 5 1]
 [9 5 2 6 0 1 4 8 3]
 [1 7 8 0 5 4 9 2 6]]
Number of cells unfilled: 12
Accuracy: 85.18518518518519
Sample: 58656
Question:
[[2 0 3 0 0 0 0 7 0]
 [0 0 9 0 5 0 0 0 2]
 [0 6 0 0 0 0 4 0 0]
 [0 0 2 0 7 0 0 4 0]
 [0 4 0 1 0 0 8 0 0]
 [5 3 0 0 0 0 0 0 0]
 [3 0 0 0 9 0 0 5 0]
 [0 0 0 8 0 0 1 0 0]
 [0 0 0 0 0 6 0 0 0]]
Solution:
[[3 0 9 4 2 7 8 6 5]
 [8 2 6 1 3 5 0 9 4]
 [5 4 1 9 0 6 3 7 2]
 [4 6 0 3 1 2 5 0 7]
 [2 9 3 5 7 0 6 4 8]
 [7 0 5 0 6 8 1 3 9]
 [6 0 4 2 8 3 7 5 1]
 [9 5 2 6 0 1 4 8 3]
 [1 7 8 0 5 4 9 2 6]]
Number of cells unfilled: 11
Accuracy: 86.41975308641975
Sample: 58657
Question:
[[0 0 0 0 0 7 0 1 0]
 [0 0 7 0 3 0 2 0 0]
 [1 0 0 9 0 0 0 0 3]
 [0 8 0 0 0 0 0 0 0]
 [0 0 4 0 0 8 3 0 6]
 [3 0 0 4 7 0 0 8 0]
 [8 0 3 0 5 0 0 0 0]
 [0 7 1 0 0 4 0 0 0]
 [0 4 0 0 0 3 0 6 0]]
Solution:
[[3 0 9 4 2 7 8 6 5]
 [8 2 6 1 3 5 0 9 4]
 [5 4 1 9 0 6 3 7 2]
 [4 6 0 3 1 2 5 0 7]
 [2 9 3 5 7 0 6 4 8]
 [7 0 5 8 6 0 1 3 9]
 [6 0 4 2 8 3 7 5 1]
 [9 5 2 6 0 1 4 8 3]
 [1 7 8 0 5 4 9 2 6]]
Number of cells unfilled: 11
Accuracy: 86.41975308641975
Sample: 58658
Question:
[[0 0 0 0 9 0 7 0 0]
 [9 0 0 0 0 2 5 6 0]
 [0 0 6 8 0 0 0 0 0]
 [3 0 0 0 0 0 0 0 0]
 [0 1 0 0 0 3 9 0 5]
 [0 0 0 1 2 0 0 3 0]
 [0 0 0 0 4 0 1 0 0]
 [1 0 0 0 0 9 0 5 0]
 [2 6 0 0 0 1 0 9 0]]
Solution:
[[3 0 9 4 2 8 0 6 5]
 [8 2 6 7 3 5 0 9 4]
 [5 4 1 9 0 6 3 7 2]
 [4 6 0 3 1 2 5 0 7]
 [2 9 3 5 7 0 6 4 8]
 [7 0 5 8 6 0 1 3 9]
 [6 0 4 2 8 3 7 5 1]
 [9 5 2 6 0 1 4 8 3]
 [1 7 8 0 5 4 9 2 6]]
Number of cells unfilled: 12
Accuracy: 85.18518518518519
Sample: 58659
Question:
[[0 0 0 2 0 0 0 0 0]
 [1 0 3 0 5 0 0 6 0]
 [0 0 0 0 0 3 1 0 0]
 [0 6 0 0 0 5 0 3 0]
 [0 3 5 7 0 0 9 0 0]
 [9 0 7 0 0 0 0 0 6]
 [0 8 0 3 0 0 0 7 0]
 [0 0 9 0 7 0 6 0 0]
 [0 0 0 0 0 4 0 9 3]]
Solution:
[[3 0 9 4 2 8 0 6 5]
 [8 2 6 7 3 5 0 9 4]
 [5 4 1 9 0 6 3 7 2]
 [4 6 0 3 1 2 5 0 7]
 [2 9 3 5 7 0 6 4 8]
 [7 0 5 8 6 0 1 3 9]
 [6 0 4 2 8 3 7 5 1]
 [9 5 2 6 0 1 4 8 3]
 [1 7 8 0 5 4 9 2 6]]
Number of cells unfilled: 12
Accuracy: 85.18518518518519
Sample: 58660
Question:
[[0 0 0 2 0 0 0 9 0]
 [1 9 0 0 0 3 0 0 2]
 [0 0 2 0 0 0 6 3 0]
 [0 0 0 6 0 4 0 0 3]
 [0 0 0 0 2 9 8 0 0]
 [0 0 1 3 0 0 0 0 0]
 [0 7 0 0 0 6 9 0 0]
 [9 0 0 0 4 0 0 5 0]
 [0 0 4 9 0 0 0 0 6]]
Solution:
[[3 0 9 4 2 7 8 6 5]
 [8 2 6 1 3 5 0 9 4]
 [5 4 1 9 0 6 3 7 2]
 [4 6 0 3 1 2 5 0 7]
 [2 9 3 5 7 0 6 4 8]
 [7 0 5 8 6 0 1 3 9]
 [6 0 4 2 8 3 7 5 1]
 [9 5 2 6 0 1 4 8 3]
 [1 7 8 0 5 4 9 2 6]]
Number of cells unfilled: 11
Accuracy: 86.41975308641975
Sample: 58661
Question:
[[0 0 0 3 0 0 0 6 0]
 [0 7 0 0 9 2 4 0 0]
 [0 1 0 0 0 4 7 0 0]
 [0 0 8 0 2 0 0 0 0]
 [0 9 0 0 0 7 2 0 0]
 [7 0 0 9 0 0 0 0 5]
 [0 0 0 0 0 3 0 0 7]
 [1 0 7 0 4 0 3 0 0]
 [0 3 0 0 0 0 0 2 4]]
Solution:
[[3 0 9 4 2 7 8 6 5]
 [8 2 6 1 3 5 0 9 4]
 [5 4 1 9 0 6 3 7 2]
 [4 6 0 3 1 2 5 0 7]
 [2 9 3 5 7 0 6 4 8]
 [7 0 5 8 6 0 1 3 9]
 [6 0 4 2 8 3 7 5 1]
 [9 5 2 6 0 1 4 8 3]
 [1 7 8 0 5 4 9 2 6]]
Number of cells unfilled: 11
Accuracy: 86.41975308641975
Sample: 58662
Question:
[[0 0 6 0 0 0 0 7 0]
 [2 0 0 9 0 0 5 0 0]
 [8 4 0 5 0 0 2 0 0]
 [0 0 0 6 0 0 0 8 2]
 [6 0 0 0 0 0 0 0 0]
 [0 2 0 0 9 5 6 0 0]
 [0 8 0 0 0 1 0 5 0]
 [5 0 0 4 0 0 8 0 0]
 [0 0 4 0 0 0 0 0 3]]
Solution:
[[3 0 9 4 2 8 0 6 5]
 [8 2 6 7 3 5 0 9 4]
 [5 4 1 9 0 6 3 7 2]
 [4 6 0 3 1 2 5 0 7]
 [2 9 3 5 7 0 6 4 8]
 [7 0 5 8 6 0 1 3 9]
 [6 0 4 2 8 3 7 5 1]
 [9 5 2 6 0 1 4 8 3]
 [1 7 8 0 5 4 9 2 6]]
Number of cells unfilled: 12
Accuracy: 85.18518518518519
Sample: 58663
Question:
[[0 0 8 6 0 0 0 0 1]
 [9 0 0 0 0 0 4 0 0]
 [0 1 0 0 4 0 0 8 0]
 [0 5 0 3 0 4 0 0 0]
 [0 0 0 8 0 0 0 5 0]
 [8 0 7 0 5 0 3 0 0]
 [0 7 0 0 8 0 0 3 0]
 [0 8 0 0 3 0 1 4 0]
 [3 0 0 0 0 2 0 0 0]]
Solution:
[[3 0 9 4 2 8 0 6 5]
 [8 2 6 1 3 5 0 9 4]
 [5 4 1 9 0 6 3 7 2]
 [4 6 0 3 1 2 5 0 7]
 [2 9 3 5 7 0 6 4 8]
 [7 0 5 8 6 0 1 3 9]
 [6 0 4 2 8 3 7 5 1]
 [9 5 2 6 0 1 4 8 3]
 [1 7 8 0 5 4 9 2 6]]
Number of cells unfilled: 12
Accuracy: 85.18518518518519
Sample: 58664
Question:
[[0 1 0 0 0 0 0 8 0]
 [2 0 9 7 0 0 0 0 0]
 [0 5 4 0 1 0 0 9 0]
 [9 0 0 5 0 1 0 2 0]
 [0 0 1 0 2 0 0 0 8]
 [0 2 0 0 0 9 0 0 0]
 [4 0 0 0 0 6 0 0 0]
 [0 9 0 0 5 0 0 4 0]
 [0 0 5 9 0 0 3 0 0]]
Solution:
[[3 0 9 4 2 8 0 6 5]
 [8 2 6 7 3 5 0 9 4]
 [5 4 1 9 0 6 3 7 2]
 [4 6 0 3 1 2 5 0 7]
 [2 9 3 5 7 0 6 4 8]
 [7 0 5 8 6 0 1 3 9]
 [6 0 4 2 8 3 7 5 1]
 [9 5 2 6 0 1 4 8 3]
 [1 7 8 0 5 4 9 2 6]]
Number of cells unfilled: 12
Accuracy: 85.18518518518519
Sample: 58665
Question:
[[0 1 0 0 2 0 3 0 0]
 [0 0 3 9 0 0 0 1 0]
 [4 0 0 0 0 0 0 0 2]
 [3 0 5 0 8 0 0 0 6]
 [0 0 0 3 0 0 8 0 0]
 [0 8 0 6 0 2 0 3 0]
 [0 0 0 0 6 0 2 0 1]
 [0 0 0 0 0 7 0 8 0]
 [0 5 0 0 3 0 6 0 0]]
Solution:
[[3 0 9 4 2 7 8 6 5]
 [8 2 6 1 3 5 0 9 4]
 [5 4 1 9 0 6 3 7 2]
 [4 6 0 3 1 2 5 0 7]
 [2 9 3 5 7 0 6 4 8]
 [7 0 5 8 6 0 1 3 9]
 [6 0 4 2 8 3 7 5 1]
 [9 5 2 6 0 1 4 8 3]
 [1 7 8 0 5 4 9 2 6]]
Number of cells unfilled: 11
Accuracy: 86.41975308641975
Sample: 58666
Question:
[[0 1 0 8 0 0 0 0 0]
 [4 0 0 0 0 7 0 0 3]
 [0 0 7 0 4 0 0 8 0]
 [0 0 5 0 7 8 0 4 0]
 [2 0 0 0 0 0 0 0 5]
 [0 0 4 0 5 0 0 9 0]
 [7 5 0 0 0 0 0 6 0]
 [0 0 0 0 6 0 0 0 0]
 [0 0 6 0 0 5 9 0 4]]
Solution:
[[3 0 9 4 2 8 0 6 5]
 [8 2 6 7 3 5 0 9 4]
 [5 4 1 9 0 6 3 7 2]
 [4 6 0 3 1 2 5 0 7]
 [2 9 3 5 7 0 6 4 8]
 [7 0 5 8 6 0 1 3 9]
 [6 0 4 2 8 3 7 5 1]
 [9 5 2 6 0 1 4 8 3]
 [1 7 8 0 5 4 9 2 6]]
Number of cells unfilled: 12
Accuracy: 85.18518518518519
Sample: 58667
Question:
[[0 2 0 0 0 0 1 0 9]
 [4 0 7 0 1 0 0 2 0]
 [0 0 0 0 0 2 7 0 0]
 [0 0 3 0 0 0 0 0 0]
 [0 0 0 6 2 0 5 0 0]
 [0 6 0 0 0 7 0 9 0]
 [0 4 0 0 0 1 9 7 0]
 [0 7 0 0 6 9 0 1 0]
 [0 0 1 0 0 0 0 0 8]]
Solution:
[[3 0 9 4 2 7 8 6 5]
 [8 2 6 1 3 5 0 9 4]
 [5 4 1 9 0 6 3 7 2]
 [4 6 0 3 1 2 5 0 7]
 [2 9 3 5 7 0 6 4 8]
 [7 0 5 0 6 8 1 3 9]
 [6 0 4 2 8 3 7 5 1]
 [9 5 2 6 0 1 4 8 3]
 [1 7 8 0 5 4 9 2 6]]
Number of cells unfilled: 11
Accuracy: 86.41975308641975
Sample: 58668
Question:
[[0 4 0 0 0 0 8 0 2]
 [3 0 0 8 0 2 0 6 0]
 [0 0 2 0 1 0 3 0 0]
 [0 5 0 0 6 0 2 0 0]
 [2 0 0 3 0 8 0 0 6]
 [0 0 3 5 0 0 0 8 0]
 [0 0 0 0 0 0 0 7 0]
 [5 0 0 2 0 7 6 0 0]
 [0 0 9 0 0 0 0 0 0]]
Solution:
[[3 0 9 4 2 8 0 6 5]
 [8 2 6 7 3 5 0 9 4]
 [5 4 1 9 0 6 3 7 2]
 [4 6 0 3 1 2 5 0 7]
 [2 9 3 5 7 0 6 4 8]
 [7 0 5 8 6 0 1 3 9]
 [6 0 4 2 8 3 7 5 1]
 [9 5 2 6 0 1 4 8 3]
 [1 7 8 0 5 4 9 2 6]]
Number of cells unfilled: 12
Accuracy: 85.18518518518519
Sample: 58669
Question:
[[0 5 0 7 0 0 4 8 0]
 [0 0 7 0 0 0 0 0 9]
 [8 0 4 0 3 0 0 0 0]
 [0 6 0 0 8 0 0 0 0]
 [0 0 0 0 0 2 0 0 0]
 [0 0 5 1 0 0 8 6 0]
 [0 4 0 0 0 7 1 0 0]
 [0 0 8 0 1 0 0 0 5]
 [5 0 0 8 0 0 7 4 0]]
Solution:
[[3 0 9 4 2 7 8 6 5]
 [8 2 6 1 3 5 0 9 4]
 [5 4 1 9 0 6 3 7 2]
 [4 6 0 3 1 2 5 0 7]
 [2 9 3 5 7 0 6 4 8]
 [7 0 5 8 6 0 1 3 9]
 [6 0 4 2 8 3 7 5 1]
 [9 5 2 6 0 1 4 8 3]
 [1 7 8 0 5 4 9 2 6]]
Number of cells unfilled: 11
Accuracy: 86.41975308641975
Sample: 58670
Question:
[[0 8 0 0 0 0 0 1 5]
 [3 0 0 5 1 0 6 0 0]
 [0 0 0 0 0 4 0 3 0]
 [5 0 0 1 3 0 0 0 6]
 [0 0 0 0 7 0 1 0 0]
 [0 7 0 0 0 0 0 0 0]
 [9 0 2 0 0 1 5 0 0]
 [7 0 0 9 5 0 0 6 0]
 [0 5 0 0 0 0 9 0 0]]
Solution:
[[3 0 9 4 2 8 0 6 5]
 [8 2 6 7 3 5 0 9 4]
 [5 4 1 9 0 6 3 7 2]
 [4 6 0 3 1 2 5 0 7]
 [2 9 3 5 7 0 6 4 8]
 [7 8 5 0 6 0 1 3 9]
 [6 0 4 2 8 3 7 5 1]
 [9 5 2 6 0 1 4 8 3]
 [1 7 8 0 5 4 9 2 6]]
Number of cells unfilled: 12
Accuracy: 85.18518518518519
Sample: 58671
Question:
[[0 8 0 0 0 4 0 3 6]
 [0 0 0 6 0 0 0 1 0]
 [0 0 1 0 3 0 8 0 4]
 [1 0 0 0 6 0 5 0 3]
 [0 5 0 0 0 0 0 0 0]
 [0 3 0 0 0 2 0 0 0]
 [4 0 0 0 0 3 0 7 0]
 [0 1 0 0 4 0 0 0 8]
 [8 0 3 9 0 0 0 0 0]]
Solution:
[[3 0 9 4 2 7 8 6 5]
 [8 2 6 1 3 5 0 9 4]
 [5 4 1 9 0 6 3 7 2]
 [4 6 0 3 1 2 5 0 7]
 [2 9 3 5 7 0 6 4 8]
 [7 0 5 8 6 0 1 3 9]
 [6 0 4 2 8 3 7 5 1]
 [9 5 2 6 0 1 4 8 3]
 [1 7 8 0 5 4 9 2 6]]
Number of cells unfilled: 11
Accuracy: 86.41975308641975
Sample: 58672
Question:
[[0 9 0 0 7 1 0 0 0]
 [5 0 6 9 0 0 0 0 1]
 [0 0 0 0 0 0 9 0 0]
 [0 0 0 1 0 0 7 0 3]
 [0 0 0 0 4 0 0 9 5]
 [0 6 0 5 0 0 1 0 0]
 [0 0 5 0 0 8 0 3 0]
 [0 3 0 7 0 0 5 0 0]
 [2 0 0 0 5 0 0 0 7]]
Solution:
[[3 0 9 4 2 8 0 6 5]
 [8 2 6 7 3 5 0 9 4]
 [5 4 1 9 0 6 3 7 2]
 [4 6 0 3 1 2 5 0 7]
 [2 9 3 5 7 0 6 4 8]
 [7 0 5 8 6 0 1 3 9]
 [6 0 4 2 8 3 7 5 1]
 [9 5 2 6 0 1 4 8 3]
 [1 7 8 0 5 4 9 2 6]]
Number of cells unfilled: 12
Accuracy: 85.18518518518519
Sample: 58673
Question:
[[0 9 3 0 0 0 0 0 2]
 [5 0 0 9 0 3 0 6 0]
 [0 6 0 0 7 0 0 0 0]
 [0 0 5 6 0 9 0 3 0]
 [9 0 0 1 3 0 6 0 0]
 [0 0 0 0 5 0 0 0 1]
 [3 0 0 0 0 0 4 0 0]
 [8 0 0 0 0 0 0 0 3]
 [0 5 0 0 0 8 0 1 0]]
Solution:
[[3 0 9 4 2 8 0 6 5]
 [8 2 6 7 3 5 0 9 4]
 [5 4 1 9 0 6 3 7 2]
 [4 6 0 3 1 2 5 0 7]
 [2 9 3 5 7 0 6 4 8]
 [7 0 5 8 6 0 1 3 9]
 [6 0 4 2 8 3 7 5 1]
 [9 5 2 6 0 1 4 8 3]
 [1 7 8 0 5 4 9 2 6]]
Number of cells unfilled: 12
Accuracy: 85.18518518518519
Sample: 58674
Question:
[[1 0 0 0 0 4 0 0 0]
 [0 0 0 0 9 0 2 0 0]
 [0 0 9 7 0 0 5 0 4]
 [0 0 8 0 6 0 7 5 0]
 [7 0 0 8 0 0 0 0 0]
 [6 9 0 0 0 0 0 0 8]
 [0 0 6 9 4 0 0 0 7]
 [0 3 0 0 0 0 6 0 0]
 [0 0 7 6 0 0 0 0 5]]
Solution:
[[3 0 9 4 2 8 0 6 5]
 [8 2 6 7 3 5 0 9 4]
 [5 4 1 9 0 6 3 7 2]
 [4 6 0 3 1 2 5 0 7]
 [2 9 3 5 7 0 6 4 8]
 [7 0 5 8 6 0 1 3 9]
 [6 0 4 2 8 3 7 5 1]
 [9 5 2 6 0 1 4 8 3]
 [1 7 8 0 5 4 9 2 6]]
Number of cells unfilled: 12
Accuracy: 85.18518518518519
Sample: 58675
Question:
[[1 0 0 0 3 0 0 7 0]
 [0 3 0 0 0 0 0 0 5]
 [0 0 7 0 0 9 0 0 0]
 [8 0 0 0 1 3 0 4 0]
 [0 0 0 2 0 0 0 0 8]
 [3 7 0 0 8 0 0 1 0]
 [0 8 0 0 6 0 4 0 1]
 [0 0 0 3 0 8 0 6 0]
 [6 0 0 0 0 1 0 0 0]]
Solution:
[[3 0 9 4 2 7 8 6 5]
 [8 2 6 1 3 5 0 9 4]
 [5 4 1 9 0 6 3 7 2]
 [4 6 0 3 1 2 5 0 7]
 [2 9 3 5 7 0 6 4 8]
 [7 0 5 0 6 8 1 3 9]
 [6 0 4 2 8 3 7 5 1]
 [9 5 2 6 0 1 4 8 3]
 [1 7 8 0 5 4 9 2 6]]
Number of cells unfilled: 11
Accuracy: 86.41975308641975
Sample: 58676
Question:
[[1 0 0 7 0 6 0 0 5]
 [0 0 0 5 0 0 1 0 0]
 [0 5 4 0 1 0 0 7 0]
 [0 2 0 0 0 5 0 6 0]
 [0 0 5 8 0 0 0 0 9]
 [9 0 0 0 6 0 0 0 0]
 [0 0 0 0 7 0 6 9 0]
 [0 0 0 0 0 3 0 5 1]
 [4 0 0 0 0 0 7 0 0]]
Solution:
[[3 0 9 4 2 8 0 6 5]
 [8 2 6 7 3 5 0 9 4]
 [5 4 1 9 0 6 3 7 2]
 [4 6 0 3 1 2 5 0 7]
 [2 9 3 5 7 0 6 4 8]
 [7 0 5 8 6 0 1 3 9]
 [6 0 4 2 8 3 7 5 1]
 [9 5 2 6 0 1 4 8 3]
 [1 7 8 0 5 4 9 2 6]]
Number of cells unfilled: 12
Accuracy: 85.18518518518519
Sample: 58677
Question:
[[4 0 0 1 0 0 8 0 0]
 [0 7 0 0 0 0 0 2 0]
 [8 0 0 0 0 0 6 0 3]
 [2 0 0 0 4 1 0 0 8]
 [0 0 0 0 0 0 2 0 0]
 [0 6 8 2 0 0 0 4 0]
 [0 4 0 0 9 0 0 0 6]
 [6 0 0 3 0 0 4 0 0]
 [0 0 5 0 0 4 0 3 0]]
Solution:
[[3 0 9 4 2 8 0 6 5]
 [8 2 6 1 3 5 0 9 4]
 [5 4 1 9 0 6 3 7 2]
 [4 6 0 3 1 2 5 0 7]
 [2 9 3 5 7 0 6 4 8]
 [7 0 5 8 6 0 1 3 9]
 [6 0 4 2 8 3 7 5 1]
 [9 5 2 6 0 1 4 8 3]
 [1 7 8 0 5 4 9 2 6]]
Number of cells unfilled: 12
Accuracy: 85.18518518518519
Sample: 58678
Question:
[[5 0 0 9 0 0 0 0 0]
 [0 4 0 0 3 0 0 0 0]
 [9 0 0 4 0 0 0 8 1]
 [0 9 5 6 0 0 0 0 4]
 [0 0 0 0 0 0 0 6 0]
 [6 0 0 0 8 4 0 0 0]
 [1 5 0 8 0 0 0 9 0]
 [0 7 0 0 0 0 4 0 0]
 [0 0 0 0 0 2 1 0 0]]
Solution:
[[3 0 9 4 2 7 8 6 5]
 [8 2 6 1 3 5 0 9 4]
 [5 4 1 9 0 6 3 7 2]
 [4 6 0 3 1 2 5 0 7]
 [2 9 3 5 7 0 6 4 8]
 [7 0 5 0 6 8 1 3 9]
 [6 0 4 2 8 3 7 5 1]
 [9 5 2 6 0 1 4 8 3]
 [1 7 8 0 5 4 9 2 6]]
Number of cells unfilled: 11
Accuracy: 86.41975308641975
Sample: 58679
Question:
[[0 0 0 0 4 7 0 0 0]
 [0 7 2 6 0 0 8 0 0]
 [0 0 5 0 2 0 0 1 0]
 [0 0 4 0 0 0 0 9 8]
 [0 6 7 4 0 0 0 5 1]
 [3 0 0 0 0 0 6 0 0]
 [0 0 3 8 0 0 0 0 0]
 [5 0 0 0 7 0 0 0 4]
 [0 2 0 1 0 0 5 0 0]]
Solution:
[[3 0 9 4 2 8 0 6 5]
 [8 2 6 7 3 5 0 9 4]
 [5 4 1 9 0 6 3 7 2]
 [4 6 0 3 1 2 5 0 7]
 [2 9 3 5 7 0 6 4 8]
 [7 0 5 8 6 0 1 3 9]
 [6 0 4 2 8 3 7 5 1]
 [9 5 2 6 0 1 4 8 3]
 [1 7 8 0 5 4 9 2 6]]
Number of cells unfilled: 12
Accuracy: 85.18518518518519
Sample: 58680
Question:
[[8 0 1 2 0 0 0 0 0]
 [0 0 0 0 8 9 5 0 0]
 [0 3 0 0 0 0 0 8 0]
 [0 1 7 0 0 0 0 3 6]
 [0 0 0 0 0 8 1 2 0]
 [0 0 0 0 9 0 0 0 7]
 [0 7 4 9 0 2 0 0 0]
 [6 0 0 0 0 0 0 0 0]
 [0 0 0 0 0 0 7 0 3]]
Solution:
[[3 0 9 4 2 8 0 6 5]
 [8 2 6 7 3 5 0 9 4]
 [5 4 1 9 0 6 3 7 2]
 [4 6 0 3 1 2 5 0 7]
 [2 9 3 5 7 0 6 4 8]
 [7 0 5 8 6 0 1 3 9]
 [6 0 4 2 8 3 7 5 1]
 [9 5 2 6 0 1 4 8 3]
 [1 7 8 0 5 4 9 2 6]]
Number of cells unfilled: 12
Accuracy: 85.18518518518519
Sample: 58681
Question:
[[8 0 0 0 0 4 3 0 0]
 [0 0 0 1 8 0 0 7 0]
 [0 0 0 6 3 0 0 0 5]
 [0 9 0 4 0 0 0 0 2]
 [1 0 0 0 6 0 4 0 0]
 [0 0 4 0 0 0 0 5 0]
 [0 2 7 0 0 0 0 0 0]
 [4 0 0 8 0 0 1 0 0]
 [0 0 0 0 0 0 0 9 0]]
Solution:
[[3 0 9 4 2 8 0 6 5]
 [8 2 6 1 3 5 0 9 4]
 [5 4 1 9 0 6 3 7 2]
 [4 6 0 3 1 2 5 0 7]
 [2 9 3 5 7 0 6 4 8]
 [7 0 5 8 6 0 1 3 9]
 [6 0 4 2 8 3 7 5 1]
 [9 5 2 6 0 1 4 8 3]
 [1 7 8 0 5 4 9 2 6]]
Number of cells unfilled: 12
Accuracy: 85.18518518518519
Sample: 58682
Question:
[[0 0 0 0 6 0 0 5 0]
 [0 0 7 0 9 0 8 0 0]
 [0 5 0 4 0 0 0 0 2]
 [0 0 0 0 0 0 0 0 0]
 [0 0 8 7 1 9 0 0 0]
 [0 0 0 6 0 8 1 0 0]
 [0 3 0 9 0 0 0 4 0]
 [2 0 0 0 0 0 0 0 3]
 [0 0 6 0 7 0 9 0 0]]
Solution:
[[3 0 9 4 2 8 0 6 5]
 [8 2 6 7 3 5 0 9 4]
 [5 4 1 9 0 6 3 7 2]
 [4 6 0 3 1 2 5 0 7]
 [2 9 3 5 7 0 6 4 8]
 [7 8 5 0 6 0 1 3 9]
 [6 0 4 2 8 3 7 5 1]
 [9 5 2 6 0 1 4 8 3]
 [1 7 8 0 5 4 9 2 6]]
Number of cells unfilled: 12
Accuracy: 85.18518518518519
Sample: 58683
Question:
[[0 0 6 0 0 3 9 7 0]
 [0 0 0 8 0 0 0 0 5]
 [0 0 5 0 0 7 3 4 0]
 [0 0 0 0 0 0 0 0 0]
 [1 8 3 4 0 9 5 0 7]
 [0 4 0 2 0 0 0 0 1]
 [0 0 0 7 0 0 0 8 9]
 [0 0 0 0 0 0 6 0 0]
 [2 0 0 0 0 4 0 0 0]]
Solution:
[[3 0 9 4 2 7 8 6 5]
 [8 2 6 1 3 5 0 9 4]
 [5 4 1 9 0 6 3 7 2]
 [4 6 0 3 1 2 5 0 7]
 [2 9 3 5 7 0 6 4 8]
 [7 0 5 0 6 8 1 3 9]
 [6 0 4 2 8 3 7 5 1]
 [9 5 2 6 0 1 4 8 3]
 [1 7 8 0 5 4 9 2 6]]
Number of cells unfilled: 11
Accuracy: 86.41975308641975
Sample: 58684
Question:
[[3 0 1 0 0 5 0 0 9]
 [0 0 4 0 1 0 0 0 0]
 [0 5 0 9 0 0 0 0 0]
 [0 0 0 2 0 0 7 0 0]
 [0 3 0 0 5 0 0 0 4]
 [1 0 6 0 0 0 0 2 0]
 [0 1 0 0 4 0 0 0 3]
 [8 0 0 0 0 7 0 5 0]
 [0 0 0 0 0 8 6 0 0]]
Solution:
[[3 0 9 4 2 8 0 6 5]
 [8 2 6 7 3 5 0 9 4]
 [5 4 1 9 0 6 3 7 2]
 [4 6 0 3 1 2 5 0 7]
 [2 9 3 5 7 0 6 4 8]
 [7 0 5 8 6 0 1 3 9]
 [6 0 4 2 8 3 7 5 1]
 [9 5 2 6 0 1 4 8 3]
 [1 7 8 0 5 4 9 2 6]]
Number of cells unfilled: 12
Accuracy: 85.18518518518519
Sample: 58685
Question:
[[0 0 8 0 0 0 0 2 7]
 [3 0 2 4 0 0 8 0 0]
 [9 7 0 0 0 0 0 0 0]
 [1 5 0 0 0 0 0 4 0]
 [0 2 0 9 0 0 0 1 0]
 [0 0 0 0 0 0 0 0 6]
 [2 0 0 1 0 0 0 0 0]
 [0 0 1 8 7 0 4 5 0]
 [0 0 0 0 4 0 7 9 0]]
Solution:
[[3 0 9 4 2 8 0 6 5]
 [8 2 6 7 3 5 0 9 4]
 [5 4 1 9 0 6 3 7 2]
 [4 6 0 3 1 2 5 0 7]
 [2 9 3 5 7 0 6 4 8]
 [7 0 5 8 6 0 1 3 9]
 [6 0 4 2 8 3 7 5 1]
 [9 5 2 6 0 1 4 8 3]
 [1 7 8 0 5 4 9 2 6]]
Number of cells unfilled: 12
Accuracy: 85.18518518518519
Sample: 58686
Question:
[[0 0 0 0 0 7 0 0 6]
 [0 1 0 5 0 0 9 7 0]
 [4 0 0 0 0 0 0 5 0]
 [0 0 3 0 8 0 0 4 0]
 [6 0 0 0 0 3 0 0 0]
 [0 2 0 1 0 0 7 0 0]
 [0 0 0 0 7 9 5 0 0]
 [0 9 0 0 5 1 0 2 0]
 [0 0 0 2 0 0 0 0 0]]
Solution:
[[3 0 9 4 2 7 8 6 5]
 [8 2 6 1 3 5 0 9 4]
 [5 4 1 9 0 6 3 7 2]
 [4 6 0 3 1 2 5 0 7]
 [2 9 3 5 7 0 6 4 8]
 [7 0 5 0 6 8 1 3 9]
 [6 0 4 2 8 3 7 5 1]
 [9 5 2 6 0 1 4 8 3]
 [1 7 8 0 5 4 9 2 6]]
Number of cells unfilled: 11
Accuracy: 86.41975308641975
Sample: 58687
Question:
[[6 1 0 4 0 0 0 7 0]
 [0 0 0 0 7 0 0 0 9]
 [0 0 8 6 0 0 0 0 0]
 [1 0 0 0 0 0 0 0 0]
 [2 4 0 5 9 0 0 0 0]
 [0 0 9 2 8 0 0 0 7]
 [0 0 0 0 3 0 1 0 0]
 [8 5 0 0 0 0 0 0 0]
 [0 9 0 7 0 6 0 4 0]]
Solution:
[[3 0 9 4 2 8 0 6 5]
 [8 2 6 1 3 5 0 9 4]
 [5 4 1 9 0 6 3 7 2]
 [4 6 0 3 1 2 5 0 7]
 [2 9 3 5 7 0 6 4 8]
 [7 0 5 8 6 0 1 3 9]
 [6 0 4 2 8 3 7 5 1]
 [9 5 2 6 0 1 4 8 3]
 [1 7 8 0 5 4 9 2 6]]
Number of cells unfilled: 12
Accuracy: 85.18518518518519
Sample: 58688
Question:
[[0 0 0 6 0 4 0 5 0]
 [5 0 0 0 2 0 0 0 3]
 [0 9 0 0 0 5 2 0 0]
 [0 6 0 0 0 0 0 0 7]
 [1 0 0 0 7 0 0 3 0]
 [0 0 7 0 0 8 1 0 0]
 [2 0 0 0 4 0 3 0 0]
 [0 0 8 0 0 0 0 0 4]
 [0 4 9 0 0 3 0 2 0]]
Solution:
[[3 0 9 4 2 7 8 6 5]
 [8 2 6 1 3 5 0 9 4]
 [5 4 1 9 0 6 3 7 2]
 [4 6 0 3 1 2 5 0 7]
 [2 9 3 5 7 0 6 4 8]
 [7 0 5 0 6 8 1 3 9]
 [6 0 4 2 8 3 7 5 1]
 [9 5 2 6 0 1 4 8 3]
 [1 7 8 0 5 4 9 2 6]]
Number of cells unfilled: 11
Accuracy: 86.41975308641975
Sample: 58689
Question:
[[0 9 0 2 0 0 7 0 0]
 [0 0 6 0 0 7 0 0 5]
 [7 0 0 0 9 0 0 1 0]
 [0 3 4 0 0 0 0 5 0]
 [0 0 0 0 3 0 0 0 8]
 [9 0 0 0 0 2 1 0 0]
 [0 1 0 8 0 0 0 0 0]
 [0 7 0 6 2 0 0 4 0]
 [6 0 0 0 0 9 5 0 0]]
Solution:
[[3 0 9 4 2 8 0 6 5]
 [8 2 6 1 3 5 0 9 4]
 [5 4 1 9 0 6 3 7 2]
 [4 6 0 3 1 2 5 0 7]
 [2 9 3 5 7 0 6 4 8]
 [7 0 5 8 6 0 1 3 9]
 [6 0 4 2 8 3 7 5 1]
 [9 5 2 6 0 1 4 8 3]
 [1 7 8 0 5 4 9 2 6]]
Number of cells unfilled: 12
Accuracy: 85.18518518518519
Sample: 58690
Question:
[[7 3 0 1 0 0 6 0 0]
 [4 0 2 0 8 0 3 0 0]
 [6 0 0 0 2 7 9 0 8]
 [0 2 0 0 0 0 0 0 1]
 [0 0 0 4 5 0 8 0 0]
 [8 5 9 7 3 0 0 0 0]
 [0 0 7 6 9 0 1 0 0]
 [0 0 3 0 1 0 0 5 0]
 [5 6 0 8 0 0 0 0 4]]
Solution:
[[3 0 9 4 2 7 8 6 5]
 [8 2 6 1 3 5 0 9 4]
 [5 4 1 9 0 6 3 7 2]
 [4 6 0 3 1 2 5 0 7]
 [2 9 3 5 7 0 6 4 8]
 [7 0 5 0 6 8 1 3 9]
 [6 0 4 2 8 3 7 5 1]
 [9 5 2 6 0 1 4 8 3]
 [1 7 8 0 5 4 9 2 6]]
Number of cells unfilled: 11
Accuracy: 86.41975308641975
Sample: 58691
Question:
[[0 3 0 5 0 0 8 0 0]
 [0 7 0 0 8 0 0 0 6]
 [2 0 0 0 0 1 0 0 0]
 [7 0 0 3 0 0 0 0 0]
 [0 0 0 0 0 4 0 9 0]
 [0 4 0 0 1 0 3 0 0]
 [0 1 0 0 0 8 5 0 0]
 [0 0 7 0 0 0 0 8 2]
 [0 0 6 0 5 0 0 0 9]]
Solution:
[[3 0 9 4 2 8 0 6 5]
 [8 2 6 1 3 5 0 9 4]
 [5 4 1 9 0 6 3 7 2]
 [4 6 0 3 1 2 5 0 7]
 [2 9 3 5 7 0 6 4 8]
 [7 0 5 8 6 0 1 3 9]
 [6 0 4 2 8 3 7 5 1]
 [9 5 2 6 0 1 4 8 3]
 [1 7 8 0 5 4 9 2 6]]
Number of cells unfilled: 12
Accuracy: 85.18518518518519
Sample: 58692
Question:
[[0 9 0 4 0 0 0 0 0]
 [1 0 0 0 7 0 0 2 0]
 [0 0 8 0 0 6 0 0 0]
 [0 0 9 5 0 0 0 7 0]
 [5 0 0 0 1 0 2 0 0]
 [0 6 0 8 0 0 0 0 0]
 [0 0 0 0 0 0 3 1 0]
 [0 0 0 0 0 4 7 5 0]
 [3 0 0 0 5 0 0 0 2]]
Solution:
[[3 0 9 4 2 8 0 6 5]
 [8 2 6 7 3 5 0 9 4]
 [5 4 1 9 0 6 3 7 2]
 [4 6 0 3 1 2 5 0 7]
 [2 9 3 5 7 0 6 4 8]
 [7 0 5 8 6 0 1 3 9]
 [6 0 4 2 8 3 7 5 1]
 [9 5 2 6 0 1 4 8 3]
 [1 7 8 0 5 4 9 2 6]]
Number of cells unfilled: 12
Accuracy: 85.18518518518519
Sample: 58693
Question:
[[9 0 0 0 0 3 0 0 0]
 [0 0 4 0 5 0 0 8 0]
 [0 0 0 7 0 0 2 0 0]
 [0 4 0 0 6 0 0 5 0]
 [5 0 9 0 0 0 0 0 1]
 [8 0 6 0 0 0 4 0 0]
 [0 0 0 0 0 2 0 0 7]
 [4 0 0 0 8 0 0 9 0]
 [0 0 0 3 0 0 1 0 0]]
Solution:
[[3 0 9 4 2 8 0 6 5]
 [8 2 6 7 3 5 0 9 4]
 [5 4 1 9 0 6 3 7 2]
 [4 6 0 3 1 2 5 0 7]
 [2 9 3 5 7 0 6 4 8]
 [7 0 5 8 6 0 1 3 9]
 [6 0 4 2 8 3 7 5 1]
 [9 5 2 6 0 1 4 8 3]
 [1 7 8 0 5 4 9 2 6]]
Number of cells unfilled: 12
Accuracy: 85.18518518518519
Sample: 58694
Question:
[[5 6 0 7 0 0 0 3 1]
 [8 0 0 4 0 0 6 0 0]
 [3 0 9 0 0 8 0 7 0]
 [0 5 6 0 0 0 0 2 0]
 [7 0 0 1 2 0 0 0 8]
 [0 4 0 6 3 7 0 9 0]
 [0 0 0 8 4 0 0 0 2]
 [0 7 2 3 0 1 9 0 0]
 [9 0 1 0 0 0 5 0 0]]
Solution:
[[3 0 9 4 2 7 8 6 5]
 [8 2 6 1 3 5 0 9 4]
 [5 4 1 9 0 6 3 7 2]
 [4 6 0 3 1 2 5 0 7]
 [2 9 3 5 7 0 6 4 8]
 [7 0 5 8 6 0 1 3 9]
 [6 0 4 2 8 3 7 5 1]
 [9 5 2 6 0 1 4 8 3]
 [1 7 8 0 5 4 9 2 6]]
Number of cells unfilled: 11
Accuracy: 86.41975308641975
Sample: 58695
Question:
[[0 0 0 0 1 0 2 0 0]
 [7 0 0 0 0 0 0 0 0]
 [0 8 0 5 3 9 0 0 0]
 [4 0 0 0 0 0 0 2 8]
 [0 0 0 0 7 5 3 0 0]
 [0 9 0 0 2 0 0 7 0]
 [5 3 0 0 0 4 7 0 1]
 [6 0 4 0 0 7 0 8 0]
 [0 0 9 3 0 0 0 0 0]]
Solution:
[[3 0 9 4 2 8 0 6 5]
 [8 2 6 7 3 5 0 9 4]
 [5 4 1 9 0 6 3 7 2]
 [4 6 0 3 1 2 5 0 7]
 [2 9 3 5 7 0 6 4 8]
 [7 0 5 8 6 0 1 3 9]
 [6 0 4 2 8 3 7 5 1]
 [9 5 2 6 0 1 4 8 3]
 [1 7 8 0 5 4 9 2 6]]
Number of cells unfilled: 12
Accuracy: 85.18518518518519
Sample: 58696
Question:
[[0 0 1 0 5 0 0 0 7]
 [0 9 0 6 0 0 0 0 0]
 [7 0 0 0 0 1 2 0 0]
 [0 0 0 0 0 0 0 2 0]
 [0 0 8 0 2 0 5 4 0]
 [4 0 0 0 0 8 0 0 3]
 [5 0 0 0 0 4 1 0 0]
 [0 6 0 9 0 0 0 3 0]
 [0 0 0 0 3 0 0 0 2]]
Solution:
[[3 0 9 4 2 8 0 6 5]
 [8 2 6 7 3 5 0 9 4]
 [5 4 1 9 0 6 3 7 2]
 [4 6 0 3 1 2 5 0 7]
 [2 9 3 5 7 0 6 4 8]
 [7 0 5 8 6 0 1 3 9]
 [6 0 4 2 8 3 7 5 1]
 [9 5 2 6 0 1 4 8 3]
 [1 7 8 0 5 4 9 2 6]]
Number of cells unfilled: 12
Accuracy: 85.18518518518519
Sample: 58697
Question:
[[0 1 0 9 0 0 0 0 4]
 [5 0 0 0 0 3 1 0 0]
 [0 0 8 0 2 0 0 6 0]
 [0 6 0 5 0 0 0 4 0]
 [0 4 7 0 0 0 0 0 5]
 [2 0 0 0 0 0 0 0 0]
 [0 0 0 0 0 7 0 0 8]
 [0 0 0 0 3 0 0 9 6]
 [0 8 0 6 0 0 4 0 0]]
Solution:
[[3 0 9 4 2 8 0 6 5]
 [8 2 6 7 3 5 0 9 4]
 [5 4 1 9 0 6 3 7 2]
 [4 6 0 3 1 2 5 0 7]
 [2 9 3 5 7 0 6 4 8]
 [7 0 5 8 6 0 1 3 9]
 [6 0 4 2 8 3 7 5 1]
 [9 5 2 6 0 1 4 8 3]
 [1 7 8 0 5 4 9 2 6]]
Number of cells unfilled: 12
Accuracy: 85.18518518518519
Sample: 58698
Question:
[[0 3 0 0 0 0 9 6 0]
 [0 0 0 0 9 0 8 3 0]
 [0 0 9 0 0 0 0 0 2]
 [0 0 5 1 0 0 0 4 0]
 [0 4 0 0 2 0 0 0 8]
 [7 0 0 0 0 4 6 0 0]
 [0 9 0 0 3 0 0 0 6]
 [0 0 4 0 0 0 0 0 0]
 [0 0 1 5 0 7 0 0 0]]
Solution:
[[3 0 9 4 2 8 0 6 5]
 [8 2 6 7 3 5 0 9 4]
 [5 4 1 9 0 6 3 7 2]
 [4 6 0 3 1 2 5 0 7]
 [2 9 3 5 7 0 6 4 8]
 [7 0 5 8 6 0 1 3 9]
 [6 0 4 2 8 3 7 5 1]
 [9 5 2 6 0 1 4 8 3]
 [1 7 8 0 5 4 9 2 6]]
Number of cells unfilled: 12
Accuracy: 85.18518518518519
Sample: 58699
Question:
[[0 0 5 0 2 0 3 0 0]
 [0 0 0 6 0 7 0 0 0]
 [0 2 0 0 1 0 0 0 8]
 [0 0 0 0 0 6 4 0 0]
 [9 0 0 0 7 1 0 3 0]
 [0 8 0 2 0 0 0 0 1]
 [4 0 0 0 0 0 0 9 0]
 [0 0 3 0 0 0 5 0 0]
 [0 7 0 0 0 2 0 0 3]]
Solution:
[[3 0 9 4 2 7 8 6 5]
 [8 2 6 1 3 5 0 9 4]
 [5 4 1 9 0 6 3 7 2]
 [4 6 0 3 1 2 5 0 7]
 [2 9 3 5 7 0 6 4 8]
 [7 0 5 0 6 8 1 3 9]
 [6 0 4 2 8 3 7 5 1]
 [9 5 2 6 0 1 4 8 3]
 [1 7 8 0 5 4 9 2 6]]
Number of cells unfilled: 11
Accuracy: 86.41975308641975
Sample: 58700
Question:
[[0 0 9 0 2 0 0 0 0]
 [8 0 0 0 0 5 0 9 0]
 [5 4 0 9 0 0 3 0 0]
 [0 0 0 0 0 2 0 0 7]
 [0 0 3 5 0 0 0 4 0]
 [0 0 0 0 6 0 1 0 0]
 [0 0 4 2 0 0 0 5 0]
 [9 0 0 0 0 1 0 0 0]
 [0 7 0 0 0 4 0 0 6]]
Solution:
[[3 0 9 4 2 8 0 6 5]
 [8 2 6 7 3 5 0 9 4]
 [5 4 1 9 0 6 3 7 2]
 [4 6 0 3 1 2 5 0 7]
 [2 9 3 5 7 0 6 4 8]
 [7 0 5 8 6 0 1 3 9]
 [6 0 4 2 8 3 7 5 1]
 [9 5 2 6 0 1 4 8 3]
 [1 7 8 0 5 4 9 2 6]]
Number of cells unfilled: 12
Accuracy: 85.18518518518519
