2025-10-22 15:51:18.011642: I tensorflow/core/util/port.cc:153] oneDNN custom operations are on. You may see slightly different numerical results due to floating-point round-off errors from different computation orders. To turn them off, set the environment variable `TF_ENABLE_ONEDNN_OPTS=0`.
2025-10-22 15:51:18.460493: I tensorflow/core/platform/cpu_feature_guard.cc:210] This TensorFlow binary is optimized to use available CPU instructions in performance-critical operations.
To enable the following instructions: AVX2 AVX512F AVX512_VNNI FMA, in other operations, rebuild TensorFlow with the appropriate compiler flags.
2025-10-22 15:51:24.835289: I tensorflow/core/util/port.cc:153] oneDNN custom operations are on. You may see slightly different numerical results due to floating-point round-off errors from different computation orders. To turn them off, set the environment variable `TF_ENABLE_ONEDNN_OPTS=0`.
2025-10-22 15:51:31.796677: E external/local_xla/xla/stream_executor/cuda/cuda_platform.cc:51] failed call to cuInit: INTERNAL: CUDA error: Failed call to cuInit: UNKNOWN ERROR (303)
Sample: 61801
Question:
[[0 0 0 0 0 0 8 0 5]
 [0 2 0 0 9 0 0 1 0]
 [6 8 0 1 5 0 9 2 0]
 [0 6 0 8 0 9 0 0 0]
 [0 0 9 0 3 0 0 0 0]
 [0 0 0 0 7 0 0 0 0]
 [0 1 8 0 0 6 5 9 0]
 [5 0 6 9 0 0 1 0 2]
 [2 0 0 0 0 0 0 0 0]]
Solution:
[[1 2 3 7 5 0 6 4 0]
 [5 6 9 8 4 2 0 1 7]
 [8 0 0 0 1 0 3 9 2]
 [6 5 7 3 9 1 4 2 8]
 [2 9 1 5 0 8 7 0 6]
 [0 8 4 6 2 7 1 5 9]
 [9 4 2 0 7 5 8 3 1]
 [0 7 5 1 3 9 2 6 4]
 [3 1 8 4 0 6 9 7 5]]
Number of cells unfilled: 13
Accuracy: 83.9506172839506
Sample: 61802
Question:
[[0 0 0 0 0 0 9 0 0]
 [6 1 0 0 0 4 0 3 8]
 [3 0 9 1 8 0 6 0 4]
 [0 0 0 8 0 0 0 4 0]
 [0 0 0 0 7 0 0 0 1]
 [0 0 0 0 5 0 0 0 0]
 [1 9 0 3 6 0 0 0 0]
 [0 0 4 0 0 8 0 9 0]
 [8 0 6 0 0 0 1 0 3]]
Solution:
[[1 2 3 7 5 9 6 4 8]
 [5 6 9 8 4 2 0 1 7]
 [8 0 0 0 1 0 3 9 2]
 [6 5 7 3 0 1 4 2 9]
 [2 9 1 5 0 8 7 0 6]
 [0 8 4 6 2 7 1 5 3]
 [9 4 2 0 7 5 8 3 1]
 [0 7 5 1 3 0 2 6 4]
 [3 1 8 4 0 6 9 7 5]]
Number of cells unfilled: 13
Accuracy: 83.9506172839506
Sample: 61803
Question:
[[0 0 0 0 0 0 9 6 0]
 [0 0 8 0 0 0 0 4 0]
 [9 0 0 0 0 0 0 0 0]
 [0 1 0 0 0 0 0 0 0]
 [0 5 9 0 3 1 8 7 0]
 [3 0 7 8 5 0 0 0 9]
 [0 0 3 0 7 5 0 0 0]
 [0 0 0 1 8 0 3 5 0]
 [1 0 0 0 0 9 0 8 7]]
Solution:
[[1 2 3 7 5 0 6 4 0]
 [5 6 9 8 4 2 0 1 7]
 [8 0 0 9 1 0 3 0 2]
 [6 5 7 3 9 1 4 2 8]
 [2 9 1 5 0 8 7 0 6]
 [0 8 4 6 2 7 1 5 9]
 [9 4 2 0 7 5 8 3 1]
 [0 7 5 1 3 9 2 6 4]
 [3 1 8 4 0 6 9 7 5]]
Number of cells unfilled: 13
Accuracy: 83.9506172839506
Sample: 61804
Question:
[[0 0 0 0 0 1 2 0 0]
 [0 9 0 2 0 0 0 0 8]
 [2 0 0 0 0 3 0 0 0]
 [0 0 0 0 0 9 0 5 0]
 [0 0 9 0 6 0 0 0 4]
 [8 4 0 5 0 0 0 0 6]
 [9 0 8 0 2 5 4 0 0]
 [5 6 0 9 0 0 0 8 0]
 [0 2 4 0 0 6 0 0 0]]
Solution:
[[1 2 3 7 5 0 6 4 0]
 [5 6 9 8 4 2 0 1 7]
 [8 0 0 9 1 0 3 0 2]
 [6 5 7 3 9 1 4 2 8]
 [2 9 1 5 0 8 7 0 6]
 [0 8 4 6 2 7 1 5 9]
 [9 4 2 0 7 5 8 3 1]
 [0 7 5 1 3 9 2 6 4]
 [3 1 8 4 0 6 9 7 5]]
Number of cells unfilled: 13
Accuracy: 83.9506172839506
Sample: 61805
Question:
[[0 0 0 0 0 1 3 0 0]
 [0 6 0 4 0 0 1 0 0]
 [0 0 0 0 0 6 0 8 4]
 [6 0 0 0 0 5 0 0 0]
 [3 0 0 0 0 0 0 0 8]
 [0 7 9 0 8 0 0 6 1]
 [5 0 0 0 6 8 0 4 3]
 [0 0 0 5 0 3 8 0 0]
 [0 0 0 1 4 0 0 0 5]]
Solution:
[[1 2 3 7 5 9 6 4 8]
 [5 6 9 8 4 2 0 1 7]
 [8 0 0 0 1 0 3 9 2]
 [6 5 7 3 0 1 4 2 9]
 [2 9 1 5 0 8 7 0 6]
 [0 8 4 6 2 7 1 5 3]
 [9 4 2 0 7 5 8 3 1]
 [0 7 5 1 3 0 2 6 4]
 [3 1 8 4 0 6 9 7 5]]
Number of cells unfilled: 13
Accuracy: 83.9506172839506
Sample: 61806
Question:
[[0 0 0 0 0 1 9 0 2]
 [0 0 0 5 0 0 3 1 0]
 [0 0 0 2 0 3 0 5 8]
 [0 0 8 0 0 5 0 3 0]
 [0 0 0 9 0 0 0 0 0]
 [6 4 0 0 0 8 5 2 0]
 [0 2 0 3 0 0 1 8 0]
 [0 0 0 0 1 2 0 0 0]
 [5 0 0 8 0 9 0 0 0]]
Solution:
[[1 2 3 7 5 0 6 4 9]
 [5 6 9 8 4 2 0 1 7]
 [8 0 0 9 1 0 3 0 2]
 [6 5 7 3 9 1 4 2 8]
 [2 9 1 5 0 8 7 0 6]
 [0 8 4 6 2 7 1 5 3]
 [9 4 2 0 7 5 8 3 1]
 [0 7 5 1 3 9 2 6 4]
 [3 1 8 4 0 6 9 7 5]]
Number of cells unfilled: 12
Accuracy: 85.18518518518519
Sample: 61807
Question:
[[0 0 0 0 0 2 0 0 6]
 [0 4 3 0 6 0 1 0 7]
 [0 0 0 0 7 0 8 0 0]
 [0 0 7 0 2 6 0 0 1]
 [0 0 0 9 1 0 2 0 0]
 [2 0 0 7 0 8 0 0 9]
 [0 7 0 0 9 0 0 0 0]
 [0 0 0 0 8 1 0 6 0]
 [1 0 0 0 0 0 9 0 8]]
Solution:
[[1 2 3 7 5 0 6 4 0]
 [5 6 9 8 4 2 0 1 7]
 [8 0 0 0 1 0 3 9 2]
 [6 5 7 3 9 1 4 2 8]
 [2 9 1 5 0 8 7 0 6]
 [0 8 4 6 2 7 1 5 9]
 [9 4 2 0 7 5 8 3 1]
 [0 7 5 1 3 9 2 6 4]
 [3 1 8 4 0 6 9 7 5]]
Number of cells unfilled: 13
Accuracy: 83.9506172839506
Sample: 61808
Question:
[[0 0 0 0 0 2 0 4 0]
 [0 0 5 0 9 0 0 0 0]
 [0 0 1 0 0 0 9 0 0]
 [0 0 0 0 0 0 0 0 7]
 [7 0 9 0 4 6 0 8 0]
 [0 8 4 2 0 0 0 6 0]
 [2 0 0 0 7 8 0 9 4]
 [0 9 0 4 2 0 6 0 8]
 [0 0 0 6 0 0 7 0 0]]
Solution:
[[1 2 3 7 5 9 6 4 0]
 [5 6 9 8 4 2 0 1 7]
 [8 0 0 0 1 0 3 9 2]
 [6 5 7 3 9 1 4 2 8]
 [2 9 1 5 0 8 7 0 6]
 [0 8 4 6 2 7 1 5 9]
 [9 4 2 0 7 5 8 3 1]
 [0 7 5 1 3 0 2 6 4]
 [3 1 8 4 0 6 9 7 5]]
Number of cells unfilled: 13
Accuracy: 83.9506172839506
Sample: 61809
Question:
[[0 0 0 0 0 2 4 0 0]
 [9 0 0 0 1 0 0 0 0]
 [0 2 0 0 0 0 7 0 0]
 [0 0 9 0 5 0 0 0 6]
 [0 0 0 3 0 1 0 0 0]
 [5 0 0 0 6 0 2 3 0]
 [0 9 1 0 0 5 0 0 2]
 [2 0 5 0 0 3 6 0 0]
 [6 3 0 1 0 0 0 9 0]]
Solution:
[[1 2 3 7 5 9 6 4 0]
 [5 6 9 8 4 2 0 1 7]
 [8 0 0 0 1 0 3 9 2]
 [6 5 7 3 9 1 4 2 8]
 [2 9 1 5 0 8 7 0 6]
 [0 8 4 6 2 7 1 5 9]
 [9 4 2 0 7 5 8 3 1]
 [0 7 5 1 3 0 2 6 4]
 [3 1 8 4 0 6 9 7 5]]
Number of cells unfilled: 13
Accuracy: 83.9506172839506
Sample: 61810
Question:
[[0 0 0 0 0 3 0 0 0]
 [0 0 1 7 0 0 4 0 0]
 [7 0 6 0 1 0 0 8 5]
 [0 4 7 1 0 6 0 0 0]
 [3 6 0 9 0 0 0 0 0]
 [0 0 9 0 0 7 0 0 0]
 [9 0 4 0 0 1 0 0 6]
 [6 1 0 3 0 4 0 7 0]
 [0 0 0 0 9 0 0 0 0]]
Solution:
[[1 2 3 7 5 0 6 4 0]
 [5 6 9 8 4 2 0 1 7]
 [8 0 0 9 1 0 3 0 2]
 [6 5 7 3 9 1 4 2 8]
 [2 9 1 5 0 8 7 0 6]
 [0 8 4 6 2 7 1 5 9]
 [9 4 2 0 7 5 8 3 1]
 [0 7 5 1 3 9 2 6 4]
 [3 1 8 4 0 6 9 7 5]]
Number of cells unfilled: 13
Accuracy: 83.9506172839506
Sample: 61811
Question:
[[0 0 0 0 0 3 0 0 2]
 [0 3 0 0 0 0 0 0 6]
 [0 0 7 5 0 0 0 0 0]
 [5 7 0 0 1 4 0 3 0]
 [4 0 3 0 0 9 0 0 0]
 [0 9 1 0 5 0 7 0 0]
 [0 0 4 1 0 0 9 0 3]
 [0 0 0 0 9 5 0 0 0]
 [7 0 0 4 0 0 0 1 5]]
Solution:
[[1 2 3 7 5 0 6 4 9]
 [5 6 9 8 4 2 0 1 7]
 [8 0 0 9 1 0 3 0 2]
 [6 5 7 3 9 1 4 2 8]
 [2 9 1 5 0 8 7 0 6]
 [0 8 4 6 2 7 1 5 3]
 [9 4 2 0 7 5 8 3 1]
 [0 7 5 1 3 9 2 6 4]
 [3 1 8 4 0 6 9 7 5]]
Number of cells unfilled: 12
Accuracy: 85.18518518518519
Sample: 61812
Question:
[[0 0 0 0 0 3 0 5 4]
 [0 0 0 9 5 0 8 0 7]
 [0 8 0 4 0 7 0 3 0]
 [0 0 0 0 0 4 0 0 3]
 [0 0 0 8 0 0 0 9 0]
 [6 1 0 3 0 0 0 0 0]
 [3 0 0 5 0 0 0 8 9]
 [0 0 0 0 0 0 7 0 5]
 [0 0 9 7 0 0 0 4 0]]
Solution:
[[1 2 3 7 5 0 6 4 9]
 [5 6 9 8 4 2 0 1 7]
 [8 0 0 9 1 0 3 0 2]
 [6 5 7 3 9 1 4 2 8]
 [2 9 1 5 0 8 7 0 6]
 [0 8 4 6 2 7 1 5 3]
 [9 4 2 0 7 5 8 3 1]
 [0 7 5 1 3 9 2 6 4]
 [3 1 8 4 0 6 9 7 5]]
Number of cells unfilled: 12
Accuracy: 85.18518518518519
Sample: 61813
Question:
[[0 0 0 0 0 4 0 0 0]
 [3 0 0 9 1 0 0 0 0]
 [0 0 0 0 0 6 0 9 0]
 [0 9 0 0 0 0 0 8 1]
 [1 3 0 0 2 8 7 0 0]
 [7 0 0 0 0 9 2 0 0]
 [0 8 3 0 0 0 0 7 2]
 [9 7 0 0 0 0 0 0 0]
 [2 0 1 3 0 0 9 0 8]]
Solution:
[[1 2 3 7 5 9 6 4 8]
 [5 6 9 8 4 2 0 1 7]
 [8 0 0 0 1 0 3 9 2]
 [6 5 7 3 0 1 4 2 9]
 [2 9 1 5 0 8 7 0 6]
 [0 8 4 6 2 7 1 5 3]
 [9 4 2 0 7 5 8 3 1]
 [0 7 5 1 3 0 2 6 4]
 [3 1 8 4 0 6 9 7 5]]
Number of cells unfilled: 13
Accuracy: 83.9506172839506
Sample: 61814
Question:
[[0 0 0 0 0 4 0 7 0]
 [0 0 0 0 8 1 2 4 0]
 [0 0 0 2 7 0 1 0 6]
 [0 6 0 0 0 8 0 2 7]
 [0 0 0 7 1 0 0 0 0]
 [0 0 4 0 6 2 8 0 1]
 [0 0 0 0 0 6 0 0 0]
 [3 0 5 0 0 0 0 0 4]
 [0 2 0 0 4 0 0 8 0]]
Solution:
[[1 2 3 7 5 0 6 4 0]
 [5 6 9 8 4 2 0 1 7]
 [8 0 0 9 1 0 3 0 2]
 [6 5 7 3 9 1 4 2 8]
 [2 9 1 5 0 8 7 0 6]
 [0 8 4 6 2 7 1 5 9]
 [9 4 2 0 7 5 8 3 1]
 [0 7 5 1 3 9 2 6 4]
 [3 1 8 4 0 6 9 7 5]]
Number of cells unfilled: 13
Accuracy: 83.9506172839506
Sample: 61815
Question:
[[0 0 0 0 0 4 0 9 0]
 [0 0 0 2 8 0 4 0 6]
 [0 0 0 0 6 9 7 8 0]
 [9 0 0 0 7 0 2 6 0]
 [0 0 0 0 0 0 8 0 4]
 [0 0 0 4 0 6 0 7 0]
 [0 0 0 0 0 0 0 2 0]
 [0 2 6 0 0 7 9 0 0]
 [3 5 0 9 0 8 0 0 0]]
Solution:
[[1 2 3 7 5 0 6 4 0]
 [5 6 9 8 4 2 0 1 7]
 [8 0 0 9 1 0 3 0 2]
 [6 5 7 3 9 1 4 2 8]
 [2 9 1 5 0 8 7 0 6]
 [0 8 4 6 2 7 1 5 9]
 [9 4 2 0 7 5 8 3 1]
 [0 7 5 1 3 9 2 6 4]
 [3 1 8 4 0 6 9 7 5]]
Number of cells unfilled: 13
Accuracy: 83.9506172839506
Sample: 61816
Question:
[[0 0 0 0 0 4 3 0 0]
 [7 3 0 6 0 0 0 0 4]
 [0 0 2 0 0 0 0 0 6]
 [0 6 0 0 8 1 2 7 0]
 [0 7 0 0 0 0 0 0 0]
 [2 0 0 4 0 0 0 0 5]
 [6 0 0 0 0 0 5 0 2]
 [3 0 0 5 0 0 0 4 7]
 [0 5 4 0 0 0 6 3 0]]
Solution:
[[1 2 3 7 5 0 6 4 0]
 [5 6 9 8 4 2 0 1 7]
 [8 0 0 0 1 0 3 9 2]
 [6 5 7 3 9 1 4 2 8]
 [2 9 1 5 0 8 7 0 6]
 [0 8 4 6 2 7 1 5 9]
 [9 4 2 0 7 5 8 3 1]
 [0 7 5 1 3 9 2 6 4]
 [3 1 8 4 0 6 9 7 5]]
Number of cells unfilled: 13
Accuracy: 83.9506172839506
Sample: 61817
Question:
[[0 0 0 0 0 4 6 9 0]
 [0 8 0 0 2 0 0 0 7]
 [4 0 0 0 0 0 0 0 8]
 [0 3 0 2 8 0 0 7 0]
 [0 1 0 0 4 7 0 0 2]
 [2 0 7 3 0 1 0 0 0]
 [1 4 0 0 7 0 0 0 3]
 [7 0 8 0 3 0 0 0 0]
 [0 0 0 1 0 0 0 0 0]]
Solution:
[[1 2 3 7 5 9 6 4 8]
 [5 6 9 8 4 2 0 1 7]
 [8 0 0 0 1 0 3 9 2]
 [6 5 7 3 0 1 4 2 9]
 [2 9 1 5 0 8 7 0 6]
 [0 8 4 6 2 7 1 5 3]
 [9 4 2 0 7 5 8 3 1]
 [0 7 5 1 3 0 2 6 4]
 [3 1 8 4 0 6 9 7 5]]
Number of cells unfilled: 13
Accuracy: 83.9506172839506
Sample: 61818
Question:
[[0 0 0 0 0 5 0 0 8]
 [0 0 0 0 6 0 5 3 0]
 [0 0 0 0 8 0 6 0 1]
 [7 0 0 0 3 0 1 5 0]
 [0 0 6 0 1 7 0 0 0]
 [0 0 0 5 0 8 7 0 0]
 [1 0 0 0 0 6 3 0 0]
 [0 2 9 3 0 0 8 0 7]
 [6 0 0 0 7 0 0 0 0]]
Solution:
[[1 2 3 7 5 9 6 4 0]
 [5 6 9 8 4 2 0 1 7]
 [8 0 0 0 1 0 3 9 2]
 [6 5 7 3 9 1 4 2 8]
 [2 9 1 5 0 8 7 0 6]
 [0 8 4 6 2 7 1 5 9]
 [9 4 2 0 7 5 8 3 1]
 [0 7 5 1 3 0 2 6 4]
 [3 1 8 4 0 6 9 7 5]]
Number of cells unfilled: 13
Accuracy: 83.9506172839506
Sample: 61819
Question:
[[0 0 0 0 0 5 0 7 3]
 [0 8 7 0 4 0 9 5 0]
 [3 0 0 0 0 0 4 0 8]
 [0 0 0 0 0 6 0 0 0]
 [0 0 0 0 0 1 0 0 9]
 [0 0 8 9 7 0 0 4 0]
 [0 0 5 0 9 0 8 3 0]
 [0 7 3 5 0 0 0 0 4]
 [0 9 0 0 0 0 0 0 7]]
Solution:
[[1 2 3 7 5 9 6 4 8]
 [5 6 9 8 4 2 0 1 7]
 [8 0 0 0 1 0 3 9 2]
 [6 5 7 3 0 1 4 2 9]
 [2 9 1 5 0 8 7 0 6]
 [0 8 4 6 2 7 1 5 3]
 [9 4 2 0 7 5 8 3 1]
 [0 7 5 1 3 0 2 6 4]
 [3 1 8 4 0 6 9 7 5]]
Number of cells unfilled: 13
Accuracy: 83.9506172839506
Sample: 61820
Question:
[[0 0 0 0 0 5 3 0 4]
 [6 0 0 0 3 0 5 2 0]
 [0 0 5 0 4 0 0 8 0]
 [0 0 3 0 8 4 0 6 0]
 [0 0 0 2 0 0 8 3 0]
 [0 6 0 0 0 0 4 0 0]
 [0 0 0 0 2 0 0 5 0]
 [0 0 0 0 0 8 6 0 0]
 [1 7 0 0 6 3 2 0 0]]
Solution:
[[1 2 3 7 5 0 6 4 0]
 [5 6 9 8 4 2 0 1 7]
 [8 0 0 0 1 0 3 9 2]
 [6 5 7 3 9 1 4 2 8]
 [2 9 1 5 0 8 7 0 6]
 [0 8 4 6 2 7 1 5 9]
 [9 4 2 0 7 5 8 3 1]
 [0 7 5 1 3 9 2 6 4]
 [3 1 8 4 0 6 9 7 5]]
Number of cells unfilled: 13
Accuracy: 83.9506172839506
Sample: 61821
Question:
[[0 0 0 0 0 6 0 0 0]
 [0 5 0 0 0 4 0 0 0]
 [9 0 0 5 8 0 0 1 0]
 [2 1 0 8 0 0 0 7 0]
 [0 0 9 0 7 0 0 2 5]
 [0 0 5 0 0 0 0 0 8]
 [0 0 2 0 0 0 0 0 0]
 [7 8 0 9 0 0 0 5 1]
 [0 9 1 0 5 0 2 0 7]]
Solution:
[[1 2 3 7 5 0 6 4 0]
 [5 6 9 8 4 2 0 1 7]
 [8 0 0 9 1 0 3 0 2]
 [6 5 7 3 9 1 4 2 8]
 [2 9 1 5 0 8 7 0 6]
 [0 8 4 6 2 7 1 5 9]
 [9 4 2 0 7 5 8 3 1]
 [0 7 5 1 3 9 2 6 4]
 [3 1 8 4 0 6 9 7 5]]
Number of cells unfilled: 13
Accuracy: 83.9506172839506
Sample: 61822
Question:
[[0 0 0 0 0 6 0 0 0]
 [2 3 0 7 0 4 0 0 0]
 [0 6 4 3 0 0 0 7 0]
 [0 4 0 0 0 3 0 2 0]
 [0 0 2 5 0 0 0 3 0]
 [5 0 0 0 0 0 1 0 9]
 [0 5 0 0 6 7 0 0 0]
 [0 0 6 4 0 0 0 5 0]
 [0 0 7 2 0 5 0 0 3]]
Solution:
[[1 2 3 7 5 9 6 4 8]
 [5 6 9 8 4 2 0 1 7]
 [8 0 0 0 1 0 3 9 2]
 [6 5 7 3 0 1 4 2 9]
 [2 9 1 5 0 8 7 0 6]
 [0 8 4 6 2 7 1 5 3]
 [9 4 2 0 7 5 8 3 1]
 [0 7 5 1 3 0 2 6 4]
 [3 1 8 4 0 6 9 7 5]]
Number of cells unfilled: 13
Accuracy: 83.9506172839506
Sample: 61823
Question:
[[0 0 0 0 0 6 0 0 4]
 [4 0 0 1 0 2 0 7 9]
 [0 9 1 0 7 0 6 2 0]
 [0 0 0 0 0 5 0 1 0]
 [0 0 9 0 0 0 7 0 0]
 [0 0 0 0 0 3 0 0 0]
 [0 0 6 0 2 0 4 9 0]
 [0 1 4 6 0 0 0 0 7]
 [0 2 0 0 0 0 0 0 1]]
Solution:
[[1 2 3 7 5 0 6 4 9]
 [5 6 9 8 4 2 0 1 7]
 [8 0 0 9 1 0 3 0 2]
 [6 5 7 3 9 1 4 2 8]
 [2 9 1 5 0 8 7 0 6]
 [0 8 4 6 2 7 1 5 3]
 [9 4 2 0 7 5 8 3 1]
 [0 7 5 1 3 9 2 6 4]
 [3 1 8 4 0 6 9 7 5]]
Number of cells unfilled: 12
Accuracy: 85.18518518518519
Sample: 61824
Question:
[[0 0 0 0 0 6 4 0 0]
 [4 0 0 0 2 0 3 1 0]
 [0 2 3 1 0 0 0 7 6]
 [0 0 0 0 0 8 0 0 0]
 [0 0 0 0 0 9 0 2 0]
 [0 3 0 0 7 0 0 0 1]
 [0 0 7 0 0 0 0 0 0]
 [0 4 2 0 6 0 1 0 0]
 [0 6 0 7 0 2 0 3 4]]
Solution:
[[1 2 3 7 5 9 6 4 0]
 [5 6 9 8 4 2 0 1 7]
 [8 0 0 0 1 0 3 9 2]
 [6 5 7 3 9 1 4 2 8]
 [2 9 1 5 0 8 7 0 6]
 [0 8 4 6 2 7 1 5 9]
 [9 4 2 0 7 5 8 3 1]
 [0 7 5 1 3 0 2 6 4]
 [3 1 8 4 0 6 9 7 5]]
Number of cells unfilled: 13
Accuracy: 83.9506172839506
Sample: 61825
Question:
[[0 0 0 0 0 7 0 0 9]
 [0 0 4 8 0 0 0 0 0]
 [0 0 5 0 0 0 0 8 0]
 [0 0 0 0 0 0 2 9 0]
 [0 2 8 9 0 6 0 0 1]
 [1 0 0 0 7 0 0 0 6]
 [0 7 0 2 0 1 9 0 8]
 [8 0 0 7 9 0 1 6 0]
 [0 0 0 0 6 0 0 2 0]]
Solution:
[[1 2 3 7 5 9 6 4 0]
 [5 6 9 8 4 2 0 1 7]
 [8 0 0 0 1 0 3 9 2]
 [6 5 7 3 9 1 4 2 8]
 [2 9 1 5 0 8 7 0 6]
 [0 8 4 6 2 7 1 5 9]
 [9 4 2 0 7 5 8 3 1]
 [0 7 5 1 3 0 2 6 4]
 [3 1 8 4 0 6 9 7 5]]
Number of cells unfilled: 13
Accuracy: 83.9506172839506
Sample: 61826
Question:
[[0 0 0 0 0 7 0 4 0]
 [2 3 0 4 5 0 0 0 0]
 [0 0 0 9 0 0 5 0 0]
 [0 0 0 5 0 1 9 0 4]
 [0 0 1 0 0 9 8 0 0]
 [0 0 0 8 0 0 0 7 0]
 [0 0 0 1 8 0 0 0 9]
 [0 9 0 7 0 4 0 0 5]
 [0 0 7 0 0 5 0 8 0]]
Solution:
[[1 2 3 7 5 9 6 4 8]
 [5 6 9 8 4 2 0 1 7]
 [8 0 0 0 1 0 3 9 2]
 [6 5 7 3 0 1 4 2 9]
 [2 9 1 5 0 8 7 0 6]
 [0 8 4 6 2 7 1 5 3]
 [9 4 2 0 7 5 8 3 1]
 [0 7 5 1 3 0 2 6 4]
 [3 1 8 4 0 6 9 7 5]]
Number of cells unfilled: 13
Accuracy: 83.9506172839506
Sample: 61827
Question:
[[0 0 0 0 0 7 2 0 3]
 [0 0 7 0 3 0 0 1 8]
 [0 8 0 0 2 0 0 4 0]
 [0 0 0 0 8 3 1 0 2]
 [0 0 0 2 4 0 0 7 0]
 [0 0 0 7 0 1 0 3 4]
 [0 0 0 0 1 0 0 8 0]
 [0 1 0 4 0 0 0 0 7]
 [5 0 6 0 0 0 0 0 0]]
Solution:
[[1 2 3 7 5 0 6 4 0]
 [5 6 9 8 4 2 0 1 7]
 [8 0 0 9 1 0 3 0 2]
 [6 5 7 3 9 1 4 2 8]
 [2 9 1 5 0 8 7 0 6]
 [0 8 4 6 2 7 1 5 9]
 [9 4 2 0 7 5 8 3 1]
 [0 7 5 1 3 9 2 6 4]
 [3 1 8 4 0 6 9 7 5]]
Number of cells unfilled: 13
Accuracy: 83.9506172839506
Sample: 61828
Question:
[[0 0 0 0 0 7 6 0 0]
 [0 0 0 0 9 0 0 0 1]
 [2 4 0 0 0 5 0 0 0]
 [0 0 0 6 0 1 5 3 0]
 [6 0 0 0 5 0 1 0 9]
 [0 0 1 0 3 0 0 0 7]
 [0 6 0 0 0 0 3 9 0]
 [0 0 0 9 0 6 7 0 5]
 [0 0 5 0 7 3 0 0 0]]
Solution:
[[1 2 3 7 5 0 6 4 9]
 [5 6 9 8 4 2 0 1 7]
 [8 0 0 9 1 0 3 0 2]
 [6 5 7 3 9 1 4 2 8]
 [2 9 1 5 0 8 7 0 6]
 [0 8 4 6 2 7 1 5 3]
 [9 4 2 0 7 5 8 3 1]
 [0 7 5 1 3 9 2 6 4]
 [3 1 8 4 0 6 9 7 5]]
Number of cells unfilled: 12
Accuracy: 85.18518518518519
Sample: 61829
Question:
[[0 0 0 0 0 8 0 0 1]
 [0 0 0 0 9 0 6 0 0]
 [0 0 0 0 0 0 0 0 4]
 [7 0 8 0 6 0 3 0 0]
 [3 9 0 0 7 2 0 0 8]
 [0 2 6 0 0 0 0 0 0]
 [8 0 2 0 3 6 0 9 0]
 [0 7 3 2 0 9 8 0 0]
 [0 6 0 7 0 0 0 0 0]]
Solution:
[[1 2 3 7 5 0 6 4 0]
 [5 6 9 8 4 2 0 1 7]
 [8 0 0 9 1 0 3 0 2]
 [6 5 7 3 9 1 4 2 8]
 [2 9 1 5 0 8 7 0 6]
 [0 8 4 6 2 7 1 5 9]
 [9 4 2 0 7 5 8 3 1]
 [0 7 5 1 3 9 2 6 4]
 [3 1 8 4 0 6 9 7 5]]
Number of cells unfilled: 13
Accuracy: 83.9506172839506
Sample: 61830
Question:
[[0 0 0 0 0 8 0 5 0]
 [0 0 0 0 4 3 0 0 0]
 [0 0 0 0 2 0 0 0 0]
 [0 2 7 0 0 4 0 0 0]
 [9 5 0 0 6 7 2 0 0]
 [6 0 4 0 0 5 9 0 0]
 [5 7 0 0 0 0 6 2 0]
 [0 0 2 0 0 0 5 0 9]
 [0 6 9 0 0 0 0 4 7]]
Solution:
[[1 2 3 7 5 9 6 4 8]
 [5 6 9 8 4 2 0 1 7]
 [8 0 0 0 1 0 3 9 2]
 [6 5 7 3 0 1 4 2 9]
 [2 9 1 5 0 8 7 0 6]
 [0 8 4 6 2 7 1 5 3]
 [9 4 2 0 7 5 8 3 1]
 [0 7 5 1 3 0 2 6 4]
 [3 1 8 4 0 6 9 7 5]]
Number of cells unfilled: 13
Accuracy: 83.9506172839506
Sample: 61831
Question:
[[0 0 0 0 0 8 0 6 0]
 [6 8 0 2 0 5 0 4 1]
 [5 0 1 4 6 0 2 0 0]
 [0 2 0 0 8 0 4 1 0]
 [1 0 8 0 0 0 0 0 6]
 [4 0 0 6 0 0 0 0 0]
 [0 0 5 0 2 0 0 0 0]
 [0 0 0 0 0 0 0 3 0]
 [0 0 0 1 0 0 0 9 0]]
Solution:
[[1 2 3 7 5 0 6 4 0]
 [5 6 9 8 4 2 0 1 7]
 [8 0 0 0 1 0 3 9 2]
 [6 5 7 3 9 1 4 2 8]
 [2 9 1 5 0 8 7 0 6]
 [0 8 4 6 2 7 1 5 9]
 [9 4 2 0 7 5 8 3 1]
 [0 7 5 1 3 9 2 6 4]
 [3 1 8 4 0 6 9 7 5]]
Number of cells unfilled: 13
Accuracy: 83.9506172839506
Sample: 61832
Question:
[[0 0 0 0 0 8 2 0 0]
 [0 1 5 0 2 0 0 0 3]
 [8 2 0 0 0 0 9 5 0]
 [0 0 1 0 0 0 0 0 2]
 [0 3 0 0 1 0 8 0 0]
 [0 9 0 4 0 7 0 0 0]
 [9 0 0 0 0 0 5 1 0]
 [0 8 0 0 0 0 3 0 9]
 [0 5 3 1 0 0 0 0 8]]
Solution:
[[1 2 3 7 5 0 6 4 9]
 [5 6 9 8 4 2 0 1 7]
 [8 0 0 9 1 0 3 0 2]
 [6 5 7 3 9 1 4 2 8]
 [2 9 1 5 0 8 7 0 6]
 [0 8 4 6 2 7 1 5 3]
 [9 4 2 0 7 5 8 3 1]
 [0 7 5 1 3 9 2 6 4]
 [3 1 8 4 0 6 9 7 5]]
Number of cells unfilled: 12
Accuracy: 85.18518518518519
Sample: 61833
Question:
[[0 0 0 0 0 9 0 0 0]
 [6 0 0 0 3 0 8 0 0]
 [4 0 1 6 2 0 9 0 0]
 [0 0 0 0 7 3 0 8 0]
 [0 0 0 9 8 0 3 2 0]
 [0 0 0 2 0 6 7 0 0]
 [0 0 8 0 0 0 6 9 0]
 [0 6 0 0 0 7 0 3 0]
 [0 0 0 8 0 0 2 0 7]]
Solution:
[[1 2 3 7 5 0 6 4 0]
 [5 6 9 8 4 2 0 1 7]
 [8 0 0 9 1 0 3 0 2]
 [6 5 7 3 9 1 4 2 8]
 [2 9 1 5 0 8 7 0 6]
 [0 8 4 6 2 7 1 5 9]
 [9 4 2 0 7 5 8 3 1]
 [0 7 5 1 3 9 2 6 4]
 [3 1 8 4 0 6 9 7 5]]
Number of cells unfilled: 13
Accuracy: 83.9506172839506
Sample: 61834
Question:
[[0 0 0 0 0 9 0 0 0]
 [8 0 0 0 7 0 0 6 0]
 [0 0 0 0 0 4 0 0 7]
 [2 0 5 0 8 0 6 0 0]
 [7 1 0 0 0 2 0 0 0]
 [0 6 8 7 0 5 0 0 1]
 [1 0 6 0 5 0 0 2 0]
 [0 8 0 2 0 6 0 1 0]
 [0 7 0 0 0 0 5 0 0]]
Solution:
[[1 2 3 7 5 0 6 4 9]
 [5 6 9 8 4 2 0 1 7]
 [8 0 0 9 1 0 3 0 2]
 [6 5 7 3 9 1 4 2 8]
 [2 9 1 5 0 8 7 0 6]
 [0 8 4 6 2 7 1 5 3]
 [9 4 2 0 7 5 8 3 1]
 [0 7 5 1 3 9 2 6 4]
 [3 1 8 4 0 6 9 7 5]]
Number of cells unfilled: 12
Accuracy: 85.18518518518519
Sample: 61835
Question:
[[0 0 0 0 0 9 0 0 7]
 [4 0 0 0 0 0 0 0 3]
 [1 7 0 0 0 0 8 6 0]
 [3 2 0 7 0 4 0 0 9]
 [0 0 4 0 9 3 0 0 0]
 [9 0 0 2 1 0 0 0 0]
 [0 0 1 0 2 0 0 7 0]
 [2 4 0 0 0 7 0 0 0]
 [0 0 3 0 4 1 0 0 0]]
Solution:
[[1 2 3 7 5 0 6 4 0]
 [5 6 9 8 4 2 0 1 7]
 [8 0 0 9 1 0 3 0 2]
 [6 5 7 3 9 1 4 2 8]
 [2 9 1 5 0 8 7 0 6]
 [0 8 4 6 2 7 1 5 9]
 [9 4 2 0 7 5 8 3 1]
 [0 7 5 1 3 9 2 6 4]
 [3 1 8 4 0 6 9 7 5]]
Number of cells unfilled: 13
Accuracy: 83.9506172839506
Sample: 61836
Question:
[[0 0 0 0 0 9 3 0 1]
 [0 0 3 8 0 0 0 0 0]
 [9 0 1 0 0 0 0 4 0]
 [4 0 2 0 0 0 0 1 9]
 [1 8 0 0 0 2 0 0 3]
 [0 3 9 0 0 0 2 0 0]
 [0 0 8 0 0 4 1 0 0]
 [2 0 0 0 0 8 0 0 4]
 [0 0 0 6 7 0 0 0 8]]
Solution:
[[1 2 3 7 5 0 6 4 0]
 [5 6 9 8 4 2 0 1 7]
 [8 0 0 0 1 0 3 9 2]
 [6 5 7 3 9 1 4 2 8]
 [2 9 1 5 0 8 7 0 6]
 [0 8 4 6 2 7 1 5 9]
 [9 4 2 0 7 5 8 3 1]
 [0 7 5 1 3 9 2 6 4]
 [3 1 8 4 0 6 9 7 5]]
Number of cells unfilled: 13
Accuracy: 83.9506172839506
Sample: 61837
Question:
[[0 0 0 0 0 9 4 8 0]
 [0 0 7 5 0 0 0 9 6]
 [0 0 0 0 4 0 0 0 5]
 [0 0 0 0 9 0 0 4 0]
 [8 0 0 0 0 4 0 0 7]
 [0 0 0 6 0 7 0 5 8]
 [0 0 0 0 6 0 0 0 9]
 [6 0 0 0 0 5 0 7 0]
 [0 3 2 0 7 8 5 0 0]]
Solution:
[[1 2 3 7 5 9 6 4 0]
 [5 6 9 8 4 2 0 1 7]
 [8 0 0 0 1 0 3 9 2]
 [6 5 7 3 9 1 4 2 8]
 [2 9 1 5 0 8 7 0 6]
 [0 8 4 6 2 7 1 5 9]
 [9 4 2 0 7 5 8 3 1]
 [0 7 5 1 3 0 2 6 4]
 [3 1 8 4 0 6 9 7 5]]
Number of cells unfilled: 13
Accuracy: 83.9506172839506
Sample: 61838
Question:
[[0 0 0 0 1 0 0 0 0]
 [0 0 8 7 0 0 0 3 0]
 [0 0 0 0 0 0 0 6 0]
 [0 0 0 0 0 5 0 0 0]
 [2 0 0 9 7 0 0 8 5]
 [0 9 0 0 2 8 7 1 0]
 [0 1 9 2 0 7 8 0 0]
 [0 2 0 5 0 0 0 0 0]
 [7 0 5 0 8 1 0 0 9]]
Solution:
[[1 2 3 7 5 9 6 4 8]
 [5 6 9 8 4 2 0 1 7]
 [8 0 0 0 1 0 3 9 2]
 [6 5 7 3 0 1 4 2 9]
 [2 9 1 5 0 8 7 0 6]
 [0 8 4 6 2 7 1 5 3]
 [9 4 2 0 7 5 8 3 1]
 [0 7 5 1 3 0 2 6 4]
 [3 1 8 4 0 6 9 7 5]]
Number of cells unfilled: 13
Accuracy: 83.9506172839506
Sample: 61839
Question:
[[0 0 0 0 1 0 0 0 7]
 [0 0 0 0 5 0 0 6 0]
 [0 0 0 8 0 0 0 0 0]
 [0 8 7 0 0 0 0 3 0]
 [9 6 0 3 7 0 0 0 8]
 [0 0 4 0 6 0 0 7 9]
 [0 0 0 0 0 0 9 0 0]
 [6 7 0 0 0 4 0 8 3]
 [0 3 9 6 8 0 0 4 0]]
Solution:
[[1 2 3 7 5 9 6 4 0]
 [5 6 9 8 4 2 0 1 7]
 [8 0 0 0 1 0 3 9 2]
 [6 5 7 3 9 1 4 2 8]
 [2 9 1 5 0 8 7 0 6]
 [0 8 4 6 2 7 1 5 9]
 [9 4 2 0 7 5 8 3 1]
 [0 7 5 1 3 0 2 6 4]
 [3 1 8 4 0 6 9 7 5]]
Number of cells unfilled: 13
Accuracy: 83.9506172839506
Sample: 61840
Question:
[[0 0 0 0 1 0 0 7 0]
 [0 0 0 3 0 0 9 0 0]
 [2 0 4 0 0 0 0 0 3]
 [0 5 0 6 3 0 0 0 0]
 [0 0 0 9 0 1 0 5 0]
 [9 0 0 0 0 0 6 0 1]
 [0 0 9 0 5 0 7 1 0]
 [0 0 0 7 0 9 5 0 6]
 [0 7 0 0 6 0 0 3 0]]
Solution:
[[1 2 3 7 5 0 6 4 0]
 [5 6 9 8 4 2 0 1 7]
 [8 0 0 9 1 0 3 0 2]
 [6 5 7 3 9 1 4 2 8]
 [2 9 1 5 0 8 7 0 6]
 [0 8 4 6 2 7 1 5 9]
 [9 4 2 0 7 5 8 3 1]
 [0 7 5 1 3 9 2 6 4]
 [3 1 8 4 0 6 9 7 5]]
Number of cells unfilled: 13
Accuracy: 83.9506172839506
Sample: 61841
Question:
[[0 0 0 0 1 0 3 5 0]
 [0 0 3 0 0 4 0 0 0]
 [0 1 0 0 0 0 4 0 7]
 [0 5 0 0 9 0 0 3 0]
 [3 0 1 0 0 0 9 0 4]
 [0 7 9 4 0 0 0 1 0]
 [0 0 4 0 7 0 5 0 0]
 [0 9 0 0 0 0 0 7 0]
 [5 0 0 6 0 8 0 0 0]]
Solution:
[[1 2 3 7 5 9 6 4 8]
 [5 6 9 8 4 2 0 1 7]
 [8 0 0 0 1 0 3 9 2]
 [6 5 7 3 0 1 4 2 9]
 [2 9 1 5 0 8 7 0 6]
 [0 8 4 6 2 7 1 5 3]
 [9 4 2 0 7 5 8 3 1]
 [0 7 5 1 3 0 2 6 4]
 [3 1 8 4 0 6 9 7 5]]
Number of cells unfilled: 13
Accuracy: 83.9506172839506
Sample: 61842
Question:
[[0 0 0 0 1 6 0 0 5]
 [8 0 0 0 5 0 6 0 9]
 [0 0 0 0 0 9 3 1 0]
 [0 5 0 0 8 3 1 0 0]
 [0 0 3 0 6 0 9 0 8]
 [0 0 0 9 0 1 0 0 0]
 [0 0 0 0 0 5 0 0 6]
 [0 0 0 0 3 0 8 0 0]
 [4 7 0 0 0 0 5 0 0]]
Solution:
[[1 2 3 7 5 9 6 4 8]
 [5 6 9 8 4 2 0 1 7]
 [8 0 0 0 1 0 3 9 2]
 [6 5 7 3 0 1 4 2 9]
 [2 9 1 5 0 8 7 0 6]
 [0 8 4 6 2 7 1 5 3]
 [9 4 2 0 7 5 8 3 1]
 [0 7 5 1 3 0 2 6 4]
 [3 1 8 4 0 6 9 7 5]]
Number of cells unfilled: 13
Accuracy: 83.9506172839506
Sample: 61843
Question:
[[0 0 0 0 2 8 4 0 0]
 [0 0 3 5 0 0 0 2 0]
 [4 0 0 6 0 3 0 0 0]
 [0 0 0 3 0 0 0 6 0]
 [7 1 0 0 0 0 0 0 8]
 [0 0 6 0 0 4 0 0 5]
 [0 0 0 4 0 0 0 5 2]
 [0 0 0 8 0 5 6 0 4]
 [0 0 0 0 6 2 8 3 0]]
Solution:
[[1 2 3 7 5 0 6 4 9]
 [5 6 9 8 4 2 0 1 7]
 [8 0 0 9 1 0 3 0 2]
 [6 5 7 3 9 1 4 2 8]
 [2 9 1 5 0 8 7 0 6]
 [0 8 4 6 2 7 1 5 3]
 [9 4 2 0 7 5 8 3 1]
 [0 7 5 1 3 9 2 6 4]
 [3 1 8 4 0 6 9 7 5]]
Number of cells unfilled: 12
Accuracy: 85.18518518518519
Sample: 61844
Question:
[[0 0 0 0 3 1 8 0 9]
 [0 0 0 0 2 0 3 4 0]
 [0 0 9 4 0 8 0 1 2]
 [9 5 0 0 0 0 0 0 0]
 [0 6 0 0 0 0 0 0 4]
 [2 0 0 0 0 0 0 0 0]
 [1 8 0 3 0 4 0 2 0]
 [0 4 0 1 9 0 0 3 0]
 [0 0 0 0 8 2 0 0 0]]
Solution:
[[1 2 3 7 5 0 6 4 9]
 [5 6 9 8 4 2 0 1 7]
 [8 0 0 9 1 0 3 0 2]
 [6 5 7 3 9 1 4 2 8]
 [2 9 1 5 0 8 7 0 6]
 [0 8 4 6 2 7 1 5 3]
 [9 4 2 0 7 5 8 3 1]
 [0 7 5 1 3 9 2 6 4]
 [3 1 8 4 0 6 9 7 5]]
Number of cells unfilled: 12
Accuracy: 85.18518518518519
Sample: 61845
Question:
[[0 0 0 0 4 0 0 0 0]
 [0 0 0 0 9 0 1 0 0]
 [8 0 0 0 0 0 0 0 3]
 [5 1 0 0 8 2 0 0 0]
 [0 0 3 6 1 0 0 0 5]
 [0 6 0 0 0 0 2 0 0]
 [0 0 0 0 0 0 0 5 0]
 [0 2 5 0 6 1 3 8 0]
 [1 8 0 3 0 0 6 0 2]]
Solution:
[[1 2 3 7 5 9 6 4 8]
 [5 6 9 8 4 2 0 1 7]
 [8 0 0 0 1 0 3 9 2]
 [6 5 7 3 0 1 4 2 9]
 [2 9 1 5 0 8 7 0 6]
 [0 8 4 6 2 7 1 5 3]
 [9 4 2 0 7 5 8 3 1]
 [0 7 5 1 3 0 2 6 4]
 [3 1 8 4 0 6 9 7 5]]
Number of cells unfilled: 13
Accuracy: 83.9506172839506
Sample: 61846
Question:
[[0 0 0 0 4 0 0 0 0]
 [0 3 0 5 2 0 1 4 0]
 [0 0 5 7 0 1 2 0 3]
 [8 0 0 3 0 0 0 0 0]
 [0 7 3 0 0 5 0 0 0]
 [6 0 0 0 0 0 0 3 0]
 [5 0 0 0 0 0 7 2 0]
 [2 1 0 0 5 7 0 0 4]
 [0 0 0 0 0 4 0 0 1]]
Solution:
[[1 2 3 7 5 0 6 4 0]
 [5 6 9 8 4 2 0 1 7]
 [8 0 0 9 1 0 3 0 2]
 [6 5 7 3 9 1 4 2 8]
 [2 9 1 5 0 8 7 0 6]
 [0 8 4 6 2 7 1 5 9]
 [9 4 2 0 7 5 8 3 1]
 [0 7 5 1 3 9 2 6 4]
 [3 1 8 4 0 6 9 7 5]]
Number of cells unfilled: 13
Accuracy: 83.9506172839506
Sample: 61847
Question:
[[0 0 0 0 4 0 0 0 0]
 [0 5 0 0 1 0 0 0 0]
 [0 0 0 5 0 9 2 0 0]
 [6 7 0 0 0 5 0 2 8]
 [0 0 0 0 0 0 5 0 7]
 [8 0 0 2 0 0 6 9 0]
 [0 0 6 9 0 0 7 0 0]
 [0 0 7 0 8 6 0 0 2]
 [9 8 0 0 2 0 0 6 0]]
Solution:
[[1 2 3 7 5 0 6 4 9]
 [5 6 9 8 4 2 0 1 7]
 [8 0 0 9 1 0 3 0 2]
 [6 5 7 3 9 1 4 2 8]
 [2 9 1 5 0 8 7 0 6]
 [0 8 4 6 2 7 1 5 3]
 [9 4 2 0 7 5 8 3 1]
 [0 7 5 1 3 9 2 6 4]
 [3 1 8 4 0 6 9 7 5]]
Number of cells unfilled: 12
Accuracy: 85.18518518518519
Sample: 61848
Question:
[[0 0 0 0 4 0 0 0 8]
 [0 0 0 5 0 0 0 1 0]
 [0 5 0 0 0 0 0 7 0]
 [0 3 9 4 0 2 0 0 5]
 [0 0 2 8 9 0 4 0 0]
 [0 0 0 0 0 3 0 0 0]
 [0 2 8 0 0 5 0 0 0]
 [3 0 0 0 8 4 0 2 9]
 [9 0 0 0 3 0 0 5 0]]
Solution:
[[1 2 3 7 5 9 6 4 8]
 [5 6 9 8 4 2 0 1 7]
 [8 0 0 0 1 0 3 9 2]
 [6 5 7 3 0 1 4 2 9]
 [2 9 1 5 0 8 7 0 6]
 [0 8 4 6 2 7 1 5 3]
 [9 4 2 0 7 5 8 3 1]
 [0 7 5 1 3 0 2 6 4]
 [3 1 8 4 0 6 9 7 5]]
Number of cells unfilled: 13
Accuracy: 83.9506172839506
Sample: 61849
Question:
[[0 0 0 0 4 0 0 1 7]
 [0 0 5 0 0 1 4 0 8]
 [1 4 0 0 0 0 5 6 0]
 [0 0 7 0 0 4 0 0 1]
 [8 0 0 0 0 7 0 0 0]
 [0 0 0 9 2 0 8 0 0]
 [5 0 8 0 0 6 0 0 4]
 [0 6 0 0 0 0 0 5 0]
 [4 7 0 0 0 0 0 0 6]]
Solution:
[[1 2 3 7 5 0 6 4 9]
 [5 6 9 8 4 2 0 1 7]
 [8 0 0 9 1 0 3 0 2]
 [6 5 7 3 9 1 4 2 8]
 [2 9 1 5 0 8 7 0 6]
 [0 8 4 6 2 7 1 5 3]
 [9 4 2 0 7 5 8 3 1]
 [0 7 5 1 3 9 2 6 4]
 [3 1 8 4 0 6 9 7 5]]
Number of cells unfilled: 12
Accuracy: 85.18518518518519
Sample: 61850
Question:
[[0 0 0 0 4 0 0 9 0]
 [0 0 0 0 0 0 0 1 0]
 [6 0 0 0 0 7 3 0 0]
 [0 0 0 0 5 3 0 8 0]
 [3 0 6 4 0 8 7 0 0]
 [0 5 0 7 6 0 0 4 0]
 [8 0 0 6 0 5 4 0 0]
 [5 0 3 0 7 0 0 0 8]
 [0 0 4 0 3 0 0 0 0]]
Solution:
[[1 2 3 7 5 0 6 4 0]
 [5 6 9 8 4 2 0 1 7]
 [8 0 0 9 1 0 3 0 2]
 [6 5 7 3 9 1 4 2 8]
 [2 9 1 5 0 8 7 0 6]
 [0 8 4 6 2 7 1 5 9]
 [9 4 2 0 7 5 8 3 1]
 [0 7 5 1 3 9 2 6 4]
 [3 1 8 4 0 6 9 7 5]]
Number of cells unfilled: 13
Accuracy: 83.9506172839506
Sample: 61851
Question:
[[0 0 0 0 5 1 0 4 0]
 [0 0 6 8 4 0 0 0 0]
 [4 0 0 3 0 0 1 0 0]
 [0 0 0 5 3 0 0 6 8]
 [0 0 0 0 1 0 0 0 5]
 [5 0 0 6 0 0 3 1 0]
 [0 0 0 4 0 0 8 0 0]
 [0 0 0 0 6 0 0 3 0]
 [0 9 2 0 8 0 6 5 0]]
Solution:
[[1 2 3 7 5 0 6 4 0]
 [5 6 9 8 4 2 0 1 7]
 [8 0 0 9 1 0 3 0 2]
 [6 5 7 3 9 1 4 2 8]
 [2 9 1 5 0 8 7 0 6]
 [0 8 4 6 2 7 1 5 9]
 [9 4 2 0 7 5 8 3 1]
 [0 7 5 1 3 9 2 6 4]
 [3 1 8 4 0 6 9 7 5]]
Number of cells unfilled: 13
Accuracy: 83.9506172839506
Sample: 61852
Question:
[[0 0 0 0 5 4 7 9 0]
 [0 0 0 3 0 7 0 0 4]
 [0 0 7 2 9 0 0 0 5]
 [0 0 4 9 0 0 5 0 2]
 [0 0 0 4 0 2 0 3 0]
 [9 0 0 0 0 5 0 0 0]
 [0 0 9 7 0 0 0 0 3]
 [1 6 0 0 0 0 4 0 0]
 [0 0 3 0 0 0 2 0 0]]
Solution:
[[1 2 3 7 5 0 6 4 0]
 [5 6 9 8 4 2 0 1 7]
 [8 0 0 9 1 0 3 0 2]
 [6 5 7 3 9 1 4 2 8]
 [2 9 1 5 0 8 7 0 6]
 [0 8 4 6 2 7 1 5 9]
 [9 4 2 0 7 5 8 3 1]
 [0 7 5 1 3 9 2 6 4]
 [3 1 8 4 0 6 9 7 5]]
Number of cells unfilled: 13
Accuracy: 83.9506172839506
Sample: 61853
Question:
[[0 0 0 0 6 3 0 4 0]
 [0 0 6 0 0 0 0 0 7]
 [4 0 0 2 7 0 0 0 0]
 [0 9 5 0 0 0 2 0 0]
 [3 0 0 0 2 0 0 0 6]
 [6 0 0 0 0 0 0 1 0]
 [0 0 0 4 0 0 0 3 1]
 [0 0 0 0 1 6 7 0 4]
 [1 0 0 7 3 0 6 2 0]]
Solution:
[[1 2 3 7 5 0 6 4 0]
 [5 6 9 8 4 2 0 1 7]
 [8 0 0 0 1 0 3 9 2]
 [6 5 7 3 9 1 4 2 8]
 [2 9 1 5 0 8 7 0 6]
 [0 8 4 6 2 7 1 5 9]
 [9 4 2 0 7 5 8 3 1]
 [0 7 5 1 3 9 2 6 4]
 [3 1 8 4 0 6 9 7 5]]
Number of cells unfilled: 13
Accuracy: 83.9506172839506
Sample: 61854
Question:
[[0 0 0 0 6 7 1 0 5]
 [7 0 0 0 0 0 6 3 0]
 [0 0 6 5 0 0 0 4 0]
 [0 7 0 0 0 1 5 0 0]
 [0 0 0 4 5 0 0 0 0]
 [0 0 0 0 7 3 4 1 0]
 [8 9 0 0 1 0 0 0 0]
 [0 0 3 0 4 0 7 0 0]
 [0 0 0 3 0 0 0 6 0]]
Solution:
[[1 2 3 7 5 9 6 4 8]
 [5 6 9 8 4 2 0 1 7]
 [8 0 0 0 1 0 3 9 2]
 [6 5 7 3 0 1 4 2 9]
 [2 9 1 5 0 8 7 0 6]
 [0 8 4 6 2 7 1 5 3]
 [9 4 2 0 7 5 8 3 1]
 [0 7 5 1 3 0 2 6 4]
 [3 1 8 4 0 6 9 7 5]]
Number of cells unfilled: 13
Accuracy: 83.9506172839506
Sample: 61855
Question:
[[0 0 0 0 7 0 0 0 2]
 [0 0 0 0 3 0 0 0 0]
 [0 5 0 6 0 2 8 0 0]
 [0 9 6 0 0 5 2 8 0]
 [4 2 0 0 9 0 0 0 0]
 [8 0 5 0 0 0 0 0 4]
 [5 0 0 9 0 0 4 0 0]
 [2 0 0 0 0 0 0 6 8]
 [0 4 0 0 2 6 9 0 0]]
Solution:
[[1 2 3 7 5 9 6 4 8]
 [5 6 9 8 4 2 0 1 7]
 [8 0 0 0 1 0 3 9 2]
 [6 5 7 3 0 1 4 2 9]
 [2 9 1 5 0 8 7 0 6]
 [0 8 4 6 2 7 1 5 3]
 [9 4 2 0 7 5 8 3 1]
 [0 7 5 1 3 0 2 6 4]
 [3 1 8 4 0 6 9 7 5]]
Number of cells unfilled: 13
Accuracy: 83.9506172839506
Sample: 61856
Question:
[[0 0 0 0 7 0 5 8 0]
 [0 0 7 8 4 0 0 0 3]
 [0 2 0 0 0 0 7 0 4]
 [0 0 0 0 0 5 8 0 0]
 [0 0 0 0 2 4 0 0 5]
 [0 0 5 3 8 0 0 0 2]
 [0 0 2 0 0 0 0 0 7]
 [9 1 0 0 0 7 0 3 0]
 [0 0 4 0 3 0 2 0 0]]
Solution:
[[1 2 3 7 5 9 6 4 8]
 [5 6 9 8 4 2 0 1 7]
 [8 0 0 0 1 0 3 9 2]
 [6 5 7 3 0 1 4 2 9]
 [2 9 1 5 0 8 7 0 6]
 [0 8 4 6 2 7 1 5 3]
 [9 4 2 0 7 5 8 3 1]
 [0 7 5 1 3 0 2 6 4]
 [3 1 8 4 0 6 9 7 5]]
Number of cells unfilled: 13
Accuracy: 83.9506172839506
Sample: 61857
Question:
[[0 0 0 0 8 0 0 4 1]
 [0 0 0 0 9 4 5 0 0]
 [0 8 0 0 0 1 9 0 0]
 [5 0 0 0 0 0 0 0 4]
 [0 0 0 0 3 0 0 0 0]
 [0 2 7 0 0 0 0 8 9]
 [0 0 0 1 0 9 0 0 3]
 [0 0 8 0 5 3 0 0 0]
 [3 0 0 8 4 0 0 1 5]]
Solution:
[[1 2 3 7 5 0 6 4 0]
 [5 6 9 8 4 2 0 1 7]
 [8 0 0 9 1 0 3 0 2]
 [6 5 7 3 9 1 4 2 8]
 [2 9 1 5 0 8 7 0 6]
 [0 8 4 6 2 7 1 5 9]
 [9 4 2 0 7 5 8 3 1]
 [0 7 5 1 3 9 2 6 4]
 [3 1 8 4 0 6 9 7 5]]
Number of cells unfilled: 13
Accuracy: 83.9506172839506
Sample: 61858
Question:
[[0 0 0 0 8 0 7 0 0]
 [0 0 0 4 0 0 0 1 6]
 [0 0 4 6 0 0 3 0 8]
 [0 0 0 3 0 0 8 0 0]
 [0 0 0 0 4 8 0 0 7]
 [0 6 0 1 7 0 0 0 0]
 [5 2 0 0 0 3 6 7 0]
 [0 0 1 0 6 0 0 0 3]
 [0 0 0 7 0 0 1 0 0]]
Solution:
[[1 2 3 7 5 9 6 4 8]
 [5 6 9 8 4 2 0 1 7]
 [8 0 0 0 1 0 3 9 2]
 [6 5 7 3 0 1 4 2 9]
 [2 9 1 5 0 8 7 0 6]
 [0 8 4 6 2 7 1 5 3]
 [9 4 2 0 7 5 8 3 1]
 [0 7 5 1 3 0 2 6 4]
 [3 1 8 4 0 6 9 7 5]]
Number of cells unfilled: 13
Accuracy: 83.9506172839506
Sample: 61859
Question:
[[0 0 0 0 8 5 2 1 0]
 [0 0 0 0 0 7 0 8 3]
 [0 0 0 0 2 0 7 0 0]
 [0 0 0 0 3 0 0 0 0]
 [0 1 0 0 0 2 5 0 0]
 [9 0 6 0 0 1 8 0 2]
 [8 0 0 0 5 0 1 0 7]
 [0 0 0 7 0 8 0 0 0]
 [0 0 2 0 1 3 0 5 0]]
Solution:
[[1 2 3 7 5 0 6 4 9]
 [5 6 9 8 4 2 0 1 7]
 [8 0 0 9 1 0 3 0 2]
 [6 5 7 3 9 1 4 2 8]
 [2 9 1 5 0 8 7 0 6]
 [0 8 4 6 2 7 1 5 3]
 [9 4 2 0 7 5 8 3 1]
 [0 7 5 1 3 9 2 6 4]
 [3 1 8 4 0 6 9 7 5]]
Number of cells unfilled: 12
Accuracy: 85.18518518518519
Sample: 61860
Question:
[[0 0 0 0 8 6 7 0 0]
 [3 0 0 4 7 0 0 0 8]
 [0 0 7 1 0 0 0 0 6]
 [0 3 0 0 6 0 0 0 0]
 [0 0 8 3 0 0 6 0 1]
 [0 0 0 8 0 0 0 4 0]
 [9 5 0 0 4 1 0 7 0]
 [0 0 0 0 3 0 1 0 0]
 [0 0 3 7 0 0 0 0 4]]
Solution:
[[1 2 3 7 5 9 6 4 8]
 [5 6 9 8 4 2 0 1 7]
 [8 0 0 0 1 0 3 9 2]
 [6 5 7 3 0 1 4 2 9]
 [2 9 1 5 0 8 7 0 6]
 [0 8 4 6 2 7 1 5 3]
 [9 4 2 0 7 5 8 3 1]
 [0 7 5 1 3 0 2 6 4]
 [3 1 8 4 0 6 9 7 5]]
Number of cells unfilled: 13
Accuracy: 83.9506172839506
Sample: 61861
Question:
[[0 0 0 0 8 9 7 0 2]
 [0 0 2 1 0 0 0 8 3]
 [7 0 0 3 0 2 0 0 0]
 [6 4 0 0 0 0 0 0 9]
 [0 0 3 0 0 7 0 0 1]
 [0 0 7 2 0 0 0 0 0]
 [0 7 0 0 0 8 9 0 0]
 [0 0 0 9 0 1 3 0 0]
 [0 0 0 0 0 0 0 1 8]]
Solution:
[[1 2 3 7 5 9 6 4 8]
 [5 6 9 8 4 2 0 1 7]
 [8 0 0 0 1 0 3 9 2]
 [6 5 7 3 0 1 4 2 9]
 [2 9 1 5 0 8 7 0 6]
 [0 8 4 6 2 7 1 5 3]
 [9 4 2 0 7 5 8 3 1]
 [0 7 5 1 3 0 2 6 4]
 [3 1 8 4 0 6 9 7 5]]
Number of cells unfilled: 13
Accuracy: 83.9506172839506
Sample: 61862
Question:
[[0 0 0 0 9 0 0 0 0]
 [0 1 6 0 4 8 3 0 9]
 [8 0 0 3 0 6 4 1 0]
 [0 0 5 0 0 0 0 0 0]
 [0 0 2 0 0 1 0 0 0]
 [0 6 0 8 0 0 0 0 0]
 [0 0 0 9 0 0 0 3 8]
 [0 0 0 0 1 0 6 0 4]
 [0 3 4 6 0 0 1 9 0]]
Solution:
[[1 2 3 7 5 0 6 4 9]
 [5 6 9 8 4 2 0 1 7]
 [8 0 0 9 1 0 3 0 2]
 [6 5 7 3 9 1 4 2 8]
 [2 9 1 5 0 8 7 0 6]
 [0 8 4 6 2 7 1 5 3]
 [9 4 2 0 7 5 8 3 1]
 [0 7 5 1 3 9 2 6 4]
 [3 1 8 4 0 6 9 7 5]]
Number of cells unfilled: 12
Accuracy: 85.18518518518519
Sample: 61863
Question:
[[0 0 0 0 9 0 0 2 1]
 [0 0 0 0 0 6 7 0 0]
 [1 0 7 0 8 0 6 9 0]
 [0 9 2 0 0 8 0 0 0]
 [3 0 0 0 0 0 0 0 0]
 [5 0 0 0 2 0 0 0 0]
 [0 8 0 2 0 7 9 1 0]
 [2 0 0 8 1 0 0 7 6]
 [0 0 0 0 6 9 0 0 0]]
Solution:
[[1 2 3 7 5 9 6 4 8]
 [5 6 9 8 4 2 0 1 7]
 [8 0 0 0 1 0 3 9 2]
 [6 5 7 3 0 1 4 2 9]
 [2 9 1 5 0 8 7 0 6]
 [0 8 4 6 2 7 1 5 3]
 [9 4 2 0 7 5 8 3 1]
 [0 7 5 1 3 0 2 6 4]
 [3 1 8 4 0 6 9 7 5]]
Number of cells unfilled: 13
Accuracy: 83.9506172839506
Sample: 61864
Question:
[[0 0 0 0 9 3 0 0 0]
 [0 6 9 4 0 0 0 0 7]
 [3 0 8 6 0 0 4 0 0]
 [0 0 1 0 8 0 0 0 0]
 [0 0 5 0 0 0 0 8 0]
 [0 3 0 0 0 0 7 0 0]
 [7 0 0 0 0 9 6 3 0]
 [0 0 6 0 0 0 8 0 4]
 [0 8 0 0 4 0 0 7 9]]
Solution:
[[1 2 3 7 5 9 6 4 8]
 [5 6 9 8 4 2 0 1 7]
 [8 0 0 0 1 0 3 9 2]
 [6 5 7 3 0 1 4 2 9]
 [2 9 1 5 0 8 7 0 6]
 [0 8 4 6 2 7 1 5 3]
 [9 4 2 0 7 5 8 3 1]
 [0 7 5 1 3 0 2 6 4]
 [3 1 8 4 0 6 9 7 5]]
Number of cells unfilled: 13
Accuracy: 83.9506172839506
Sample: 61865
Question:
[[0 0 0 1 0 0 6 5 0]
 [0 0 6 0 0 4 0 2 1]
 [0 0 0 0 0 6 8 0 4]
 [7 3 0 0 2 0 0 4 0]
 [0 0 0 0 0 5 0 0 0]
 [0 0 8 4 0 0 0 0 2]
 [4 0 0 5 0 8 0 0 0]
 [0 0 0 0 0 2 0 1 8]
 [0 0 0 6 1 0 0 0 0]]
Solution:
[[1 2 3 7 5 9 6 4 8]
 [5 6 9 8 4 2 0 1 7]
 [8 0 0 0 1 0 3 9 2]
 [6 5 7 3 0 1 4 2 9]
 [2 9 1 5 0 8 7 0 6]
 [0 8 4 6 2 7 1 5 3]
 [9 4 2 0 7 5 8 3 1]
 [0 7 5 1 3 0 2 6 4]
 [3 1 8 4 0 6 9 7 5]]
Number of cells unfilled: 13
Accuracy: 83.9506172839506
Sample: 61866
Question:
[[0 0 0 1 0 2 6 0 0]
 [0 0 0 0 0 0 4 0 0]
 [0 0 0 0 8 0 0 2 0]
 [2 7 0 0 0 0 0 0 0]
 [1 0 5 0 2 8 7 3 0]
 [0 0 3 0 5 0 1 0 0]
 [3 5 0 8 0 7 0 1 0]
 [0 2 0 0 0 5 0 0 0]
 [7 0 1 0 3 0 0 0 8]]
Solution:
[[1 2 3 7 5 0 6 4 9]
 [5 6 9 8 4 2 0 1 7]
 [8 0 0 9 1 0 3 0 2]
 [6 5 7 3 9 1 4 2 8]
 [2 9 1 5 0 8 7 0 6]
 [0 8 4 6 2 7 1 5 3]
 [9 4 2 0 7 5 8 3 1]
 [0 7 5 1 3 9 2 6 4]
 [3 1 8 4 0 6 9 7 5]]
Number of cells unfilled: 12
Accuracy: 85.18518518518519
Sample: 61867
Question:
[[0 0 0 1 7 0 0 2 0]
 [1 5 0 2 0 6 4 0 0]
 [0 0 7 0 5 4 0 6 0]
 [5 0 0 4 0 0 1 0 0]
 [0 0 1 0 0 0 0 9 0]
 [0 0 0 0 0 0 0 3 0]
 [0 6 0 0 1 0 0 0 0]
 [2 0 0 7 0 5 6 0 0]
 [7 1 0 0 4 0 0 0 2]]
Solution:
[[1 2 3 7 5 0 6 4 0]
 [5 6 9 8 4 2 0 1 7]
 [8 0 0 0 1 0 3 9 2]
 [6 5 7 3 9 1 4 2 8]
 [2 9 1 5 0 8 7 0 6]
 [0 8 4 6 2 7 1 5 9]
 [9 4 2 0 7 5 8 3 1]
 [0 7 5 1 3 9 2 6 4]
 [3 1 8 4 0 6 9 7 5]]
Number of cells unfilled: 13
Accuracy: 83.9506172839506
Sample: 61868
Question:
[[0 0 0 2 0 0 8 0 0]
 [0 0 9 0 0 5 0 0 0]
 [0 0 7 0 0 0 0 0 5]
 [4 0 5 6 0 0 3 0 0]
 [0 0 0 0 0 0 0 4 8]
 [0 3 8 0 2 0 6 0 0]
 [0 0 0 5 6 0 0 0 0]
 [2 0 0 3 0 4 0 8 0]
 [0 5 4 0 8 2 0 3 6]]
Solution:
[[1 2 3 7 5 0 6 4 0]
 [5 6 9 8 4 2 0 1 7]
 [8 0 0 0 1 0 3 9 2]
 [6 5 7 3 9 1 4 2 8]
 [2 9 1 5 0 8 7 0 6]
 [0 8 4 6 2 7 1 5 9]
 [9 4 2 0 7 5 8 3 1]
 [0 7 5 1 3 9 2 6 4]
 [3 1 8 4 0 6 9 7 5]]
Number of cells unfilled: 13
Accuracy: 83.9506172839506
Sample: 61869
Question:
[[0 0 0 2 0 0 8 0 3]
 [0 2 0 0 0 0 0 1 0]
 [8 0 0 0 4 0 0 0 0]
 [5 1 0 0 0 4 0 0 2]
 [0 3 0 5 0 0 0 0 8]
 [2 0 8 0 0 0 5 4 0]
 [0 5 0 4 0 0 0 0 1]
 [4 0 0 0 0 0 3 0 0]
 [1 0 3 0 7 9 0 5 0]]
Solution:
[[1 2 3 7 5 9 6 4 0]
 [5 6 9 8 4 2 0 1 7]
 [8 0 0 0 1 0 3 9 2]
 [6 5 7 3 9 1 4 2 8]
 [2 9 1 5 0 8 7 0 6]
 [0 8 4 6 2 7 1 5 9]
 [9 4 2 0 7 5 8 3 1]
 [0 7 5 1 3 0 2 6 4]
 [3 1 8 4 0 6 9 7 5]]
Number of cells unfilled: 13
Accuracy: 83.9506172839506
Sample: 61870
Question:
[[0 0 0 2 0 0 9 6 0]
 [0 0 0 0 0 5 0 7 2]
 [0 9 0 0 7 6 0 0 5]
 [0 0 0 0 9 0 0 0 3]
 [0 1 8 0 0 2 0 9 0]
 [0 0 0 0 0 7 0 5 0]
 [0 0 9 5 0 3 6 2 0]
 [0 0 5 0 0 0 0 3 0]
 [3 0 0 0 6 0 0 0 7]]
Solution:
[[1 2 3 7 5 0 6 4 0]
 [5 6 9 8 4 2 0 1 7]
 [8 0 0 0 1 0 3 9 2]
 [6 5 7 3 9 1 4 2 8]
 [2 9 1 5 0 8 7 0 6]
 [0 8 4 6 2 7 1 5 9]
 [9 4 2 0 7 5 8 3 1]
 [0 7 5 1 3 9 2 6 4]
 [3 1 8 4 0 6 9 7 5]]
Number of cells unfilled: 13
Accuracy: 83.9506172839506
Sample: 61871
Question:
[[0 0 0 2 0 7 0 0 5]
 [0 0 7 0 4 3 1 2 0]
 [4 0 0 5 1 0 0 0 0]
 [0 3 0 0 7 0 2 0 0]
 [8 0 0 0 0 0 0 0 1]
 [6 0 0 0 0 1 0 0 0]
 [0 4 0 7 3 0 5 0 0]
 [1 0 0 0 5 2 4 0 0]
 [0 0 0 0 0 0 0 3 0]]
Solution:
[[1 2 3 7 5 0 6 4 9]
 [5 6 9 8 4 2 0 1 7]
 [8 0 0 9 1 0 3 0 2]
 [6 5 7 3 9 1 4 2 8]
 [2 9 1 5 0 8 7 0 6]
 [0 8 4 6 2 7 1 5 3]
 [9 4 2 0 7 5 8 3 1]
 [0 7 5 1 3 9 2 6 4]
 [3 1 8 4 0 6 9 7 5]]
Number of cells unfilled: 12
Accuracy: 85.18518518518519
Sample: 61872
Question:
[[0 0 0 2 4 0 0 9 3]
 [0 0 0 0 1 0 0 0 0]
 [0 2 0 3 0 0 4 0 1]
 [0 0 0 0 2 1 0 0 7]
 [0 0 3 9 7 0 2 0 0]
 [0 7 0 4 0 0 1 0 0]
 [0 0 0 0 3 0 0 0 4]
 [0 0 0 7 0 0 9 0 0]
 [8 0 5 0 9 0 3 0 2]]
Solution:
[[1 2 3 7 5 0 6 4 0]
 [5 6 9 8 4 2 0 1 7]
 [8 0 0 9 1 0 3 0 2]
 [6 5 7 3 9 1 4 2 8]
 [2 9 1 5 0 8 7 0 6]
 [0 8 4 6 2 7 1 5 9]
 [9 4 2 0 7 5 8 3 1]
 [0 7 5 1 3 9 2 6 4]
 [3 1 8 4 0 6 9 7 5]]
Number of cells unfilled: 13
Accuracy: 83.9506172839506
Sample: 61873
Question:
[[0 0 0 3 0 0 0 0 7]
 [0 1 0 0 0 5 0 2 0]
 [3 0 0 0 0 0 0 0 6]
 [0 0 0 5 2 0 0 0 0]
 [0 8 0 0 0 4 0 0 3]
 [0 2 1 0 0 8 0 4 0]
 [0 3 8 0 0 0 0 0 4]
 [2 4 0 0 5 3 1 0 0]
 [1 0 5 8 0 0 0 0 0]]
Solution:
[[1 2 3 7 5 9 6 4 8]
 [5 6 9 8 4 2 0 1 7]
 [8 0 0 0 1 0 3 9 2]
 [6 5 7 3 0 1 4 2 9]
 [2 9 1 5 0 8 7 0 6]
 [0 8 4 6 2 7 1 5 3]
 [9 4 2 0 7 5 8 3 1]
 [0 7 5 1 3 0 2 6 4]
 [3 1 8 4 0 6 9 7 5]]
Number of cells unfilled: 13
Accuracy: 83.9506172839506
Sample: 61874
Question:
[[0 0 0 3 0 2 5 0 4]
 [0 0 0 0 0 0 3 6 0]
 [0 0 3 0 4 0 0 7 2]
 [1 8 0 5 0 0 6 0 7]
 [0 0 2 0 6 0 0 3 0]
 [0 0 0 7 0 0 0 0 0]
 [0 0 5 4 7 0 0 2 0]
 [0 0 0 0 0 6 0 5 0]
 [0 2 0 0 0 5 4 0 0]]
Solution:
[[1 2 3 7 5 9 6 4 8]
 [5 6 9 8 4 2 0 1 7]
 [8 0 0 0 1 0 3 9 2]
 [6 5 7 3 0 1 4 2 9]
 [2 9 1 5 0 8 7 0 6]
 [0 8 4 6 2 7 1 5 3]
 [9 4 2 0 7 5 8 3 1]
 [0 7 5 1 3 0 2 6 4]
 [3 1 8 4 0 6 9 7 5]]
Number of cells unfilled: 13
Accuracy: 83.9506172839506
Sample: 61875
Question:
[[0 0 0 3 0 5 0 0 1]
 [1 0 0 4 9 0 7 0 5]
 [0 0 9 0 7 0 0 3 0]
 [5 1 0 0 0 9 0 0 0]
 [0 3 7 5 4 0 0 1 0]
 [9 0 4 0 0 0 0 0 7]
 [0 4 0 0 0 0 0 0 8]
 [0 0 1 0 0 0 3 4 0]
 [0 0 0 0 0 0 0 0 6]]
Solution:
[[1 2 3 7 5 9 6 4 8]
 [5 6 9 8 4 2 0 1 7]
 [8 0 0 0 1 0 3 9 2]
 [6 5 7 3 0 1 4 2 9]
 [2 9 1 5 0 8 7 0 6]
 [0 8 4 6 2 7 1 5 3]
 [9 4 2 0 7 5 8 3 1]
 [0 7 5 1 3 0 2 6 4]
 [3 1 8 4 0 6 9 7 5]]
Number of cells unfilled: 13
Accuracy: 83.9506172839506
Sample: 61876
Question:
[[0 0 0 3 0 5 0 7 0]
 [7 5 0 0 2 1 0 0 0]
 [0 0 2 9 0 0 5 0 0]
 [1 0 0 0 3 2 0 0 0]
 [0 2 9 7 0 0 0 0 3]
 [0 7 0 1 0 9 0 0 0]
 [0 9 0 0 0 7 3 0 0]
 [0 0 3 5 0 0 0 0 0]
 [0 1 0 0 0 0 0 8 4]]
Solution:
[[1 2 3 7 5 0 6 4 0]
 [5 6 9 8 4 2 0 1 7]
 [8 0 0 9 1 0 3 0 2]
 [6 5 7 3 9 1 4 2 8]
 [2 9 1 5 0 8 7 0 6]
 [0 8 4 6 2 7 1 5 9]
 [9 4 2 0 7 5 8 3 1]
 [0 7 5 1 3 9 2 6 4]
 [3 1 8 4 0 6 9 7 5]]
Number of cells unfilled: 13
Accuracy: 83.9506172839506
Sample: 61877
Question:
[[0 0 0 3 0 8 0 0 7]
 [0 0 8 0 9 1 3 0 0]
 [0 1 0 7 4 0 0 9 0]
 [0 0 0 9 0 0 4 3 0]
 [0 0 0 0 0 0 0 0 5]
 [0 0 3 0 0 0 0 0 2]
 [0 4 1 0 7 0 0 0 0]
 [7 0 0 8 0 0 0 0 3]
 [8 0 0 4 0 9 7 0 1]]
Solution:
[[1 2 3 7 5 0 6 4 0]
 [5 6 9 8 4 2 0 1 7]
 [8 0 0 9 1 0 3 0 2]
 [6 5 7 3 9 1 4 2 8]
 [2 9 1 5 0 8 7 0 6]
 [0 8 4 6 2 7 1 5 9]
 [9 4 2 0 7 5 8 3 1]
 [0 7 5 1 3 9 2 6 4]
 [3 1 8 4 0 6 9 7 5]]
Number of cells unfilled: 13
Accuracy: 83.9506172839506
Sample: 61878
Question:
[[0 0 0 4 0 0 0 7 9]
 [7 4 0 9 0 0 6 2 0]
 [0 0 6 0 0 7 0 0 5]
 [0 2 0 0 0 0 0 6 0]
 [6 0 5 0 9 0 0 0 4]
 [4 9 0 0 0 0 0 5 2]
 [5 0 0 0 0 0 0 4 0]
 [0 0 9 0 0 0 0 0 7]
 [2 0 0 3 1 0 0 0 0]]
Solution:
[[1 2 3 7 5 9 6 4 8]
 [5 6 9 8 4 2 0 1 7]
 [8 0 0 0 1 0 3 9 2]
 [6 5 7 3 0 1 4 2 9]
 [2 9 1 5 0 8 7 0 6]
 [0 8 4 6 2 7 1 5 3]
 [9 4 2 0 7 5 8 3 1]
 [0 7 5 1 3 0 2 6 4]
 [3 1 8 4 0 6 9 7 5]]
Number of cells unfilled: 13
Accuracy: 83.9506172839506
Sample: 61879
Question:
[[0 0 0 4 0 1 7 6 0]
 [0 0 9 0 0 3 0 0 0]
 [1 0 0 8 0 0 0 0 3]
 [0 0 8 0 0 2 0 0 9]
 [9 0 3 0 0 0 1 0 0]
 [4 2 0 9 0 0 0 0 0]
 [8 0 4 1 3 0 0 0 0]
 [0 0 1 2 0 8 0 3 0]
 [2 0 0 0 4 0 0 0 0]]
Solution:
[[1 2 3 7 5 0 6 4 0]
 [5 6 9 8 4 2 0 1 7]
 [8 0 0 9 1 0 3 0 2]
 [6 5 7 3 9 1 4 2 8]
 [2 9 1 5 0 8 7 0 6]
 [0 8 4 6 2 7 1 5 9]
 [9 4 2 0 7 5 8 3 1]
 [0 7 5 1 3 9 2 6 4]
 [3 1 8 4 0 6 9 7 5]]
Number of cells unfilled: 13
Accuracy: 83.9506172839506
Sample: 61880
Question:
[[0 0 0 4 0 8 3 0 0]
 [0 0 4 0 3 0 0 6 0]
 [3 0 0 0 9 0 0 0 0]
 [8 6 0 9 0 4 5 0 0]
 [0 4 3 5 6 0 0 0 0]
 [9 0 5 0 0 0 0 0 0]
 [0 0 6 8 0 0 9 0 0]
 [0 8 0 0 0 6 0 2 1]
 [5 0 0 0 0 0 6 0 0]]
Solution:
[[1 2 3 7 5 9 6 4 8]
 [5 6 9 8 4 2 0 1 7]
 [8 0 0 0 1 0 3 9 2]
 [6 5 7 3 0 1 4 2 9]
 [2 9 1 5 0 8 7 0 6]
 [0 8 4 6 2 7 1 5 3]
 [9 4 2 0 7 5 8 3 1]
 [0 7 5 1 3 0 2 6 4]
 [3 1 8 4 0 6 9 7 5]]
Number of cells unfilled: 13
Accuracy: 83.9506172839506
Sample: 61881
Question:
[[0 0 0 4 3 0 0 0 5]
 [0 0 3 0 6 1 0 0 0]
 [1 0 0 2 0 5 3 0 0]
 [0 4 0 6 0 0 0 0 0]
 [2 0 1 0 0 0 6 0 0]
 [0 6 0 0 1 0 0 5 0]
 [0 0 2 0 5 0 0 0 0]
 [5 0 0 0 4 2 0 7 9]
 [4 0 0 3 0 0 0 0 0]]
Solution:
[[1 2 3 7 5 9 6 4 8]
 [5 6 9 8 4 2 0 1 7]
 [8 0 0 0 1 0 3 9 2]
 [6 5 7 3 0 1 4 2 9]
 [2 9 1 5 0 8 7 0 6]
 [0 8 4 6 2 7 1 5 3]
 [9 4 2 0 7 5 8 3 1]
 [0 7 5 1 3 0 2 6 4]
 [3 1 8 4 0 6 9 7 5]]
Number of cells unfilled: 13
Accuracy: 83.9506172839506
Sample: 61882
Question:
[[0 0 0 5 0 0 0 1 0]
 [0 0 0 0 2 0 9 0 0]
 [0 0 0 0 3 0 0 0 0]
 [6 4 0 9 0 0 1 0 7]
 [7 0 9 0 0 1 5 6 0]
 [0 5 0 0 0 0 0 0 4]
 [0 1 0 0 9 0 0 4 0]
 [5 7 0 0 0 0 6 0 0]
 [9 0 4 6 7 0 0 5 0]]
Solution:
[[1 2 3 7 5 0 6 4 9]
 [5 6 9 8 4 2 0 1 7]
 [8 0 0 9 1 0 3 0 2]
 [6 5 7 3 9 1 4 2 8]
 [2 9 1 5 0 8 7 0 6]
 [0 8 4 6 2 7 1 5 3]
 [9 4 2 0 7 5 8 3 1]
 [0 7 5 1 3 9 2 6 4]
 [3 1 8 4 0 6 9 7 5]]
Number of cells unfilled: 12
Accuracy: 85.18518518518519
Sample: 61883
Question:
[[0 0 0 5 0 0 0 2 0]
 [0 7 8 0 0 3 9 0 5]
 [2 0 0 0 8 0 3 7 0]
 [0 0 7 0 9 0 0 0 0]
 [0 0 0 4 0 0 0 0 0]
 [5 0 0 1 0 0 8 0 0]
 [0 9 0 0 0 0 0 8 0]
 [3 0 5 0 0 9 0 0 2]
 [0 8 2 7 5 0 0 0 0]]
Solution:
[[1 2 3 7 5 9 6 4 8]
 [5 6 9 8 4 2 0 1 7]
 [8 0 0 0 1 0 3 9 2]
 [6 5 7 3 0 1 4 2 9]
 [2 9 1 5 0 8 7 0 6]
 [0 8 4 6 2 7 1 5 3]
 [9 4 2 0 7 5 8 3 1]
 [0 7 5 1 3 0 2 6 4]
 [3 1 8 4 0 6 9 7 5]]
Number of cells unfilled: 13
Accuracy: 83.9506172839506
Sample: 61884
Question:
[[0 0 0 5 0 2 0 0 0]
 [9 0 0 0 3 0 0 8 0]
 [0 0 7 0 9 8 0 5 3]
 [0 0 9 2 0 0 0 0 0]
 [3 2 0 0 8 5 7 0 0]
 [0 7 5 9 0 3 0 0 8]
 [7 0 0 0 0 0 0 0 2]
 [0 0 0 0 0 0 0 1 0]
 [0 8 2 0 0 0 0 4 0]]
Solution:
[[1 2 3 7 5 0 6 4 0]
 [5 6 9 8 4 2 0 1 7]
 [8 0 0 0 1 0 3 9 2]
 [6 5 7 3 9 1 4 2 8]
 [2 9 1 5 0 8 7 0 6]
 [0 8 4 6 2 7 1 5 9]
 [9 4 2 0 7 5 8 3 1]
 [0 7 5 1 3 9 2 6 4]
 [3 1 8 4 0 6 9 7 5]]
Number of cells unfilled: 13
Accuracy: 83.9506172839506
Sample: 61885
Question:
[[0 0 0 6 0 0 0 0 0]
 [0 4 0 0 7 9 2 0 3]
 [9 0 3 2 0 4 7 6 0]
 [2 0 7 0 9 0 3 0 6]
 [0 0 0 0 0 7 9 0 0]
 [3 0 0 0 6 0 0 4 0]
 [8 0 0 0 0 0 0 0 0]
 [0 0 9 0 0 0 0 0 2]
 [5 0 0 0 0 3 0 0 0]]
Solution:
[[1 2 3 7 5 0 6 4 0]
 [5 6 9 8 4 2 0 1 7]
 [8 0 0 9 1 0 3 0 2]
 [6 5 7 3 9 1 4 2 8]
 [2 9 1 5 0 8 7 0 6]
 [0 8 4 6 2 7 1 5 9]
 [9 4 2 0 7 5 8 3 1]
 [0 7 5 1 3 9 2 6 4]
 [3 1 8 4 0 6 9 7 5]]
Number of cells unfilled: 13
Accuracy: 83.9506172839506
Sample: 61886
Question:
[[0 0 0 6 0 0 0 0 5]
 [0 0 6 0 8 5 0 7 0]
 [0 0 0 2 0 7 0 6 0]
 [1 4 0 0 7 0 8 0 0]
 [0 0 2 0 0 8 0 0 7]
 [0 0 0 0 0 0 0 9 0]
 [0 2 0 0 0 9 5 0 6]
 [0 7 0 0 0 0 0 2 9]
 [0 0 9 0 5 0 0 8 0]]
Solution:
[[1 2 3 7 5 9 6 4 8]
 [5 6 9 8 4 2 0 1 7]
 [8 0 0 0 1 0 3 9 2]
 [6 5 7 3 0 1 4 2 9]
 [2 9 1 5 0 8 7 0 6]
 [0 8 4 6 2 7 1 5 3]
 [9 4 2 0 7 5 8 3 1]
 [0 7 5 1 3 0 2 6 4]
 [3 1 8 4 0 6 9 7 5]]
Number of cells unfilled: 13
Accuracy: 83.9506172839506
Sample: 61887
Question:
[[0 0 0 6 0 0 0 1 0]
 [0 4 0 0 0 8 0 0 0]
 [0 0 0 0 0 0 0 7 0]
 [9 0 0 0 5 0 0 2 0]
 [0 6 4 9 0 2 0 0 8]
 [5 0 0 8 4 0 6 0 0]
 [0 0 9 0 6 0 0 0 0]
 [0 5 6 0 8 0 2 0 0]
 [0 2 0 4 0 5 0 0 9]]
Solution:
[[1 2 3 7 5 9 6 4 0]
 [5 6 9 8 4 2 0 1 7]
 [8 0 0 0 1 0 3 9 2]
 [6 5 7 3 9 1 4 2 8]
 [2 9 1 5 0 8 7 0 6]
 [0 8 4 6 2 7 1 5 9]
 [9 4 2 0 7 5 8 3 1]
 [0 7 5 1 3 0 2 6 4]
 [3 1 8 4 0 6 9 7 5]]
Number of cells unfilled: 13
Accuracy: 83.9506172839506
Sample: 61888
Question:
[[0 0 0 6 0 0 0 3 8]
 [0 0 0 7 0 0 9 6 0]
 [8 0 0 0 0 3 7 0 1]
 [0 9 0 0 0 6 0 8 0]
 [2 0 4 0 8 0 0 7 0]
 [0 0 0 1 0 0 0 0 9]
 [0 0 0 0 3 7 6 0 0]
 [6 0 0 9 0 1 0 0 0]
 [0 0 7 8 0 0 0 0 3]]
Solution:
[[1 2 3 7 5 9 6 4 8]
 [5 6 9 8 4 2 0 1 7]
 [8 0 0 0 1 0 3 9 2]
 [6 5 7 3 0 1 4 2 9]
 [2 9 1 5 0 8 7 0 6]
 [0 8 4 6 2 7 1 5 3]
 [9 4 2 0 7 5 8 3 1]
 [0 7 5 1 3 0 2 6 4]
 [3 1 8 4 0 6 9 7 5]]
Number of cells unfilled: 13
Accuracy: 83.9506172839506
Sample: 61889
Question:
[[0 0 0 6 0 0 1 4 0]
 [5 0 0 4 2 0 0 0 6]
 [0 0 0 0 9 1 0 0 0]
 [7 8 0 0 0 0 5 9 0]
 [0 0 0 0 5 0 0 6 0]
 [0 0 0 2 0 0 4 0 0]
 [6 0 0 0 1 4 2 0 0]
 [0 0 0 9 6 0 0 5 4]
 [0 0 9 5 0 0 0 1 0]]
Solution:
[[1 2 3 7 5 9 6 4 8]
 [5 6 9 8 4 2 0 1 7]
 [8 0 0 0 1 0 3 9 2]
 [6 5 7 3 0 1 4 2 9]
 [2 9 1 5 0 8 7 0 6]
 [0 8 4 6 2 7 1 5 3]
 [9 4 2 0 7 5 8 3 1]
 [0 7 5 1 3 0 2 6 4]
 [3 1 8 4 0 6 9 7 5]]
Number of cells unfilled: 13
Accuracy: 83.9506172839506
Sample: 61890
Question:
[[0 0 0 6 0 0 4 2 0]
 [5 0 4 0 8 0 6 0 9]
 [0 2 0 0 0 0 0 5 8]
 [9 5 0 0 0 0 0 4 0]
 [4 0 2 0 0 6 0 8 0]
 [0 0 6 4 0 0 2 0 0]
 [0 0 5 0 4 9 8 0 0]
 [0 0 0 1 0 0 0 0 0]
 [0 0 0 3 0 0 0 9 0]]
Solution:
[[1 2 3 7 5 9 6 4 8]
 [5 6 9 8 4 2 0 1 7]
 [8 0 0 0 1 0 3 9 2]
 [6 5 7 3 0 1 4 2 9]
 [2 9 1 5 0 8 7 0 6]
 [0 8 4 6 2 7 1 5 3]
 [9 4 2 0 7 5 8 3 1]
 [0 7 5 1 3 0 2 6 4]
 [3 1 8 4 0 6 9 7 5]]
Number of cells unfilled: 13
Accuracy: 83.9506172839506
Sample: 61891
Question:
[[0 0 0 6 0 5 0 8 9]
 [0 0 0 0 0 9 5 2 0]
 [0 9 0 2 8 0 0 0 6]
 [0 0 0 8 0 0 0 6 0]
 [1 0 3 9 0 0 0 0 0]
 [0 0 0 0 5 0 0 0 7]
 [0 0 0 7 0 6 2 9 0]
 [0 0 6 0 0 0 0 7 5]
 [0 7 0 0 2 0 0 0 8]]
Solution:
[[1 2 3 7 5 0 6 4 0]
 [5 6 9 8 4 2 0 1 7]
 [8 0 0 9 1 0 3 0 2]
 [6 5 7 3 9 1 4 2 8]
 [2 9 1 5 0 8 7 0 6]
 [0 8 4 6 2 7 1 5 9]
 [9 4 2 0 7 5 8 3 1]
 [0 7 5 1 3 9 2 6 4]
 [3 1 8 4 0 6 9 7 5]]
Number of cells unfilled: 13
Accuracy: 83.9506172839506
Sample: 61892
Question:
[[0 0 0 6 0 7 0 0 5]
 [0 0 0 3 2 0 0 0 6]
 [0 0 0 0 0 5 0 3 0]
 [0 0 6 0 0 0 0 0 8]
 [4 9 0 5 0 0 2 0 0]
 [0 0 7 2 0 0 0 6 0]
 [0 0 0 8 0 6 3 5 0]
 [0 0 8 7 3 0 0 0 2]
 [0 6 0 0 0 0 0 8 7]]
Solution:
[[1 2 3 7 5 9 6 4 8]
 [5 6 9 8 4 2 0 1 7]
 [8 0 0 0 1 0 3 9 2]
 [6 5 7 3 0 1 4 2 9]
 [2 9 1 5 0 8 7 0 6]
 [0 8 4 6 2 7 1 5 3]
 [9 4 2 0 7 5 8 3 1]
 [0 7 5 1 3 0 2 6 4]
 [3 1 8 4 0 6 9 7 5]]
Number of cells unfilled: 13
Accuracy: 83.9506172839506
Sample: 61893
Question:
[[0 0 0 6 0 7 5 0 0]
 [0 0 0 0 0 5 0 0 9]
 [0 0 5 9 8 0 6 0 0]
 [0 0 0 0 0 0 7 0 4]
 [0 0 4 0 9 0 8 6 0]
 [0 7 0 4 0 6 0 9 5]
 [0 0 7 8 0 0 0 0 0]
 [0 0 6 0 7 0 4 0 0]
 [1 2 0 0 0 0 0 8 0]]
Solution:
[[1 2 3 7 5 9 6 4 8]
 [5 6 9 8 4 2 0 1 7]
 [8 0 0 0 1 0 3 9 2]
 [6 5 7 3 0 1 4 2 9]
 [2 9 1 5 0 8 7 0 6]
 [0 8 4 6 2 7 1 5 3]
 [9 4 2 0 7 5 8 3 1]
 [0 7 5 1 3 0 2 6 4]
 [3 1 8 4 0 6 9 7 5]]
Number of cells unfilled: 13
Accuracy: 83.9506172839506
Sample: 61894
Question:
[[0 0 0 6 0 8 0 0 3]
 [0 6 0 4 1 0 2 8 0]
 [0 0 1 0 2 3 0 0 0]
 [0 0 0 0 0 0 0 4 0]
 [0 4 2 8 3 0 1 0 0]
 [1 0 0 0 0 6 3 0 0]
 [0 0 7 2 0 0 0 0 0]
 [0 0 5 0 0 0 0 0 2]
 [4 0 0 0 6 0 8 0 0]]
Solution:
[[1 2 3 7 5 0 6 4 9]
 [5 6 9 8 4 2 0 1 7]
 [8 0 0 9 1 0 3 0 2]
 [6 5 7 3 9 1 4 2 8]
 [2 9 1 5 0 8 7 0 6]
 [0 8 4 6 2 7 1 5 3]
 [9 4 2 0 7 5 8 3 1]
 [0 7 5 1 3 9 2 6 4]
 [3 1 8 4 0 6 9 7 5]]
Number of cells unfilled: 12
Accuracy: 85.18518518518519
Sample: 61895
Question:
[[0 0 0 6 0 8 3 0 7]
 [3 0 0 0 4 0 0 0 9]
 [0 1 0 0 0 0 4 0 0]
 [0 0 0 0 0 0 9 0 2]
 [2 0 0 3 0 0 0 7 0]
 [9 7 0 0 0 0 0 4 0]
 [0 9 3 0 1 0 2 0 0]
 [7 0 2 0 0 0 0 0 1]
 [1 4 0 0 0 3 0 0 0]]
Solution:
[[1 2 3 7 5 9 6 4 8]
 [5 6 9 8 4 2 0 1 7]
 [8 0 0 0 1 0 3 9 2]
 [6 5 7 3 0 1 4 2 9]
 [2 9 1 5 0 8 7 0 6]
 [0 8 4 6 2 7 1 5 3]
 [9 4 2 0 7 5 8 3 1]
 [0 7 5 1 3 0 2 6 4]
 [3 1 8 4 0 6 9 7 5]]
Number of cells unfilled: 13
Accuracy: 83.9506172839506
Sample: 61896
Question:
[[0 0 0 7 0 0 0 0 9]
 [0 0 0 0 0 8 5 7 0]
 [0 2 0 0 0 0 8 0 4]
 [0 0 0 0 4 2 0 0 5]
 [0 0 0 8 0 0 7 0 0]
 [0 0 5 9 0 7 0 0 2]
 [0 0 0 4 0 0 0 0 8]
 [6 1 0 2 0 5 0 9 0]
 [0 0 4 0 0 9 2 0 0]]
Solution:
[[1 2 3 7 5 0 6 4 0]
 [5 6 9 8 4 2 0 1 7]
 [8 0 0 9 1 0 3 0 2]
 [6 5 7 3 9 1 4 2 8]
 [2 9 1 5 0 8 7 0 6]
 [0 8 4 6 2 7 1 5 9]
 [9 4 2 0 7 5 8 3 1]
 [0 7 5 1 3 9 2 6 4]
 [3 1 8 4 0 6 9 7 5]]
Number of cells unfilled: 13
Accuracy: 83.9506172839506
Sample: 61897
Question:
[[0 0 0 7 0 0 3 0 0]
 [0 5 1 0 2 3 0 0 4]
 [7 0 0 5 4 0 0 1 0]
 [0 2 0 1 0 0 0 0 0]
 [0 1 7 4 0 0 0 3 0]
 [0 0 3 0 5 7 0 0 2]
 [0 0 0 0 1 0 6 0 0]
 [0 0 0 0 0 0 9 0 0]
 [0 0 5 0 0 4 0 2 0]]
Solution:
[[1 2 3 7 5 0 6 4 9]
 [5 6 9 8 4 2 0 1 7]
 [8 0 0 9 1 0 3 0 2]
 [6 5 7 3 9 1 4 2 8]
 [2 9 1 5 0 8 7 0 6]
 [0 8 4 6 2 7 1 5 3]
 [9 4 2 0 7 5 8 3 1]
 [0 7 5 1 3 9 2 6 4]
 [3 1 8 4 0 6 9 7 5]]
Number of cells unfilled: 12
Accuracy: 85.18518518518519
Sample: 61898
Question:
[[0 0 0 7 1 0 0 3 0]
 [0 1 2 0 0 5 0 8 0]
 [7 0 0 0 0 2 0 0 5]
 [0 6 0 0 0 0 0 0 0]
 [0 9 0 0 3 0 0 0 0]
 [3 0 0 0 0 1 0 0 8]
 [0 0 0 0 0 0 0 5 3]
 [0 7 3 2 5 0 8 1 0]
 [8 0 0 1 0 0 7 0 2]]
Solution:
[[1 2 3 7 5 0 6 4 9]
 [5 6 9 8 4 2 0 1 7]
 [8 0 0 9 1 0 3 0 2]
 [6 5 7 3 9 1 4 2 8]
 [2 9 1 5 0 8 7 0 6]
 [0 8 4 6 2 7 1 5 3]
 [9 4 2 0 7 5 8 3 1]
 [0 7 5 1 3 9 2 6 4]
 [3 1 8 4 0 6 9 7 5]]
Number of cells unfilled: 12
Accuracy: 85.18518518518519
Sample: 61899
Question:
[[0 0 0 7 1 0 9 0 0]
 [0 7 0 5 0 2 6 0 0]
 [5 0 1 0 9 6 0 0 2]
 [0 0 0 0 0 0 3 0 0]
 [0 0 5 0 2 0 0 0 1]
 [0 1 0 0 0 0 8 0 0]
 [6 5 0 1 0 0 0 0 0]
 [0 0 9 0 7 5 0 0 6]
 [0 0 7 2 0 0 0 9 0]]
Solution:
[[1 2 3 7 5 9 6 4 0]
 [5 6 9 8 4 2 0 1 7]
 [8 0 0 0 1 0 3 9 2]
 [6 5 7 3 9 1 4 2 8]
 [2 9 1 5 0 8 7 0 6]
 [0 8 4 6 2 7 1 5 9]
 [9 4 2 0 7 5 8 3 1]
 [0 7 5 1 3 0 2 6 4]
 [3 1 8 4 0 6 9 7 5]]
Number of cells unfilled: 13
Accuracy: 83.9506172839506
Sample: 61900
Question:
[[0 0 0 7 5 0 6 0 0]
 [5 6 0 8 0 2 0 0 7]
 [8 0 0 0 1 0 0 0 2]
 [6 0 0 0 0 0 0 2 0]
 [0 0 1 5 0 8 7 0 6]
 [0 8 0 6 2 0 1 5 0]
 [9 0 0 0 0 0 8 0 0]
 [0 7 0 0 0 0 0 0 0]
 [3 0 0 0 0 0 0 0 5]]
Solution:
[[1 2 3 7 5 0 6 4 0]
 [5 6 9 8 4 2 0 1 7]
 [8 0 0 9 1 0 3 0 2]
 [6 5 7 3 9 1 4 2 8]
 [2 9 1 5 0 8 7 0 6]
 [0 8 4 6 2 7 1 5 9]
 [9 4 2 0 7 5 8 3 1]
 [0 7 5 1 3 9 2 6 4]
 [3 1 8 4 0 6 9 7 5]]
Number of cells unfilled: 13
Accuracy: 83.9506172839506
