2025-10-22 15:51:18.651611: I tensorflow/core/util/port.cc:153] oneDNN custom operations are on. You may see slightly different numerical results due to floating-point round-off errors from different computation orders. To turn them off, set the environment variable `TF_ENABLE_ONEDNN_OPTS=0`.
2025-10-22 15:51:19.107150: I tensorflow/core/platform/cpu_feature_guard.cc:210] This TensorFlow binary is optimized to use available CPU instructions in performance-critical operations.
To enable the following instructions: AVX2 AVX512F AVX512_VNNI FMA, in other operations, rebuild TensorFlow with the appropriate compiler flags.
2025-10-22 15:51:24.149275: I tensorflow/core/util/port.cc:153] oneDNN custom operations are on. You may see slightly different numerical results due to floating-point round-off errors from different computation orders. To turn them off, set the environment variable `TF_ENABLE_ONEDNN_OPTS=0`.
2025-10-22 15:51:31.439793: E external/local_xla/xla/stream_executor/cuda/cuda_platform.cc:51] failed call to cuInit: INTERNAL: CUDA error: Failed call to cuInit: UNKNOWN ERROR (303)
Sample: 62501
Question:
[[2 0 9 0 0 3 0 0 1]
 [0 0 0 0 0 4 0 0 2]
 [0 0 6 0 0 0 0 0 0]
 [0 0 3 0 2 0 0 4 0]
 [0 8 4 0 0 0 0 0 0]
 [0 0 0 0 8 0 1 0 0]
 [0 5 0 0 0 7 8 9 0]
 [0 0 0 8 0 0 6 0 0]
 [4 7 0 0 9 2 0 0 0]]
Solution:
[[8 5 3 9 2 1 0 6 7]
 [9 0 7 8 4 5 2 1 3]
 [6 2 1 7 0 3 9 8 4]
 [5 7 6 3 0 8 4 9 2]
 [0 9 2 1 7 4 8 3 6]
 [3 8 4 2 6 9 5 7 1]
 [2 3 5 4 8 7 6 0 9]
 [4 6 9 0 1 0 7 2 5]
 [7 1 8 6 5 2 3 4 0]]
Number of cells unfilled: 9
Accuracy: 88.88888888888889
Sample: 62502
Question:
[[0 0 3 0 0 0 9 0 0]
 [0 0 0 0 0 0 7 5 0]
 [2 0 8 0 0 0 0 0 0]
 [0 0 0 0 0 7 0 0 0]
 [0 4 0 0 0 5 0 0 0]
 [0 0 1 0 0 0 0 0 8]
 [0 0 0 0 3 0 0 0 9]
 [0 7 0 0 0 0 4 0 0]
 [0 6 0 0 8 0 0 0 0]]
Solution:
[[8 5 3 9 2 0 1 6 7]
 [9 0 7 1 4 5 2 8 3]
 [6 2 1 7 0 3 9 5 4]
 [5 7 6 3 0 8 4 9 2]
 [1 9 2 5 7 4 8 3 6]
 [3 8 4 2 6 9 5 7 1]
 [2 3 5 4 8 7 6 1 9]
 [4 6 9 0 1 0 7 2 8]
 [7 1 8 6 9 2 3 4 5]]
Number of cells unfilled: 6
Accuracy: 92.5925925925926
Sample: 62503
Question:
[[0 7 0 0 9 0 0 4 0]
 [0 0 0 0 0 0 0 0 0]
 [2 0 8 0 0 0 1 0 0]
 [8 0 0 0 0 0 5 9 6]
 [7 0 6 0 0 0 0 0 4]
 [0 3 0 0 0 0 7 0 0]
 [0 0 4 7 0 8 0 0 0]
 [0 0 0 0 4 6 0 1 5]
 [0 0 0 0 3 9 0 2 0]]
Solution:
[[8 5 3 9 2 0 1 6 7]
 [9 0 7 1 4 5 2 8 3]
 [6 2 1 7 0 3 0 9 4]
 [5 7 6 3 9 8 4 1 2]
 [1 9 2 5 7 4 8 3 6]
 [3 8 4 2 6 1 5 7 0]
 [2 3 5 4 8 7 6 0 9]
 [4 6 9 0 1 0 7 5 8]
 [7 1 8 6 5 2 3 4 0]]
Number of cells unfilled: 9
Accuracy: 88.88888888888889
Sample: 62504
Question:
[[0 0 0 4 7 9 0 0 0]
 [4 0 0 0 6 0 0 3 0]
 [0 2 9 0 0 0 0 0 0]
 [0 7 0 0 0 0 5 2 1]
 [1 8 5 6 0 0 0 4 0]
 [0 0 4 0 9 0 0 0 0]
 [0 0 8 0 0 5 0 0 0]
 [7 0 0 0 0 0 0 0 8]
 [0 9 0 0 3 0 6 0 0]]
Solution:
[[8 5 3 9 2 0 7 6 1]
 [9 0 7 1 4 5 2 8 3]
 [6 2 1 7 0 3 0 9 4]
 [5 7 6 3 9 8 4 1 2]
 [1 9 2 5 7 4 8 3 6]
 [3 8 4 2 6 1 5 7 0]
 [2 3 5 4 8 7 6 0 9]
 [4 6 9 0 1 0 0 5 8]
 [7 1 8 6 5 2 3 4 0]]
Number of cells unfilled: 10
Accuracy: 87.65432098765432
Sample: 62505
Question:
[[0 0 0 0 0 0 0 0 4]
 [8 0 7 0 4 0 0 2 0]
 [0 0 0 0 0 3 8 0 0]
 [0 0 0 0 0 0 0 9 2]
 [0 0 2 0 0 6 0 5 0]
 [9 0 5 0 2 0 4 0 0]
 [0 1 0 7 0 0 0 0 0]
 [2 0 9 0 8 0 0 0 5]
 [7 0 0 0 0 9 0 0 0]]
Solution:
[[8 5 3 9 2 0 1 6 7]
 [9 0 7 1 4 5 2 8 3]
 [6 2 1 7 0 3 9 5 4]
 [5 7 6 3 0 8 4 9 2]
 [1 9 2 5 7 4 8 3 6]
 [3 8 4 2 6 9 5 7 1]
 [2 3 5 4 8 7 6 1 9]
 [4 6 9 0 1 0 7 2 5]
 [7 1 8 6 5 2 3 4 0]]
Number of cells unfilled: 7
Accuracy: 91.35802469135803
Sample: 62506
Question:
[[0 0 7 0 0 4 1 0 0]
 [8 0 0 0 0 0 0 0 0]
 [0 6 0 0 5 0 0 9 0]
 [0 0 6 0 0 2 8 1 0]
 [0 8 4 0 0 6 7 0 0]
 [3 0 0 0 0 0 0 0 0]
 [0 0 0 6 2 0 4 0 0]
 [0 0 2 4 0 0 0 0 1]
 [0 0 0 0 0 1 0 7 0]]
Solution:
[[8 5 3 9 2 1 7 6 0]
 [9 0 7 8 4 5 2 1 3]
 [6 2 1 7 0 3 9 5 4]
 [5 7 6 3 0 8 4 9 2]
 [0 9 2 1 7 4 8 3 6]
 [3 8 4 2 6 9 5 7 1]
 [2 3 5 4 8 7 6 0 9]
 [4 6 9 0 1 0 0 2 7]
 [7 1 8 6 5 2 3 4 0]]
Number of cells unfilled: 10
Accuracy: 87.65432098765432
Sample: 62507
Question:
[[8 0 0 9 6 0 5 0 0]
 [0 9 0 0 0 0 0 0 2]
 [0 6 5 0 0 0 0 0 0]
 [0 0 0 0 7 0 0 0 6]
 [0 0 9 6 5 0 1 0 0]
 [0 0 0 0 0 4 0 7 0]
 [0 5 0 7 1 0 8 0 0]
 [0 0 8 0 0 0 0 1 0]
 [1 0 0 0 0 0 0 0 3]]
Solution:
[[8 5 3 9 2 1 0 6 7]
 [9 0 7 8 4 5 2 1 3]
 [6 2 1 7 0 3 9 8 4]
 [5 7 6 3 0 8 4 9 2]
 [1 9 2 5 7 4 8 3 6]
 [3 8 4 2 6 9 5 7 1]
 [2 3 5 4 8 7 6 0 9]
 [4 6 9 0 1 0 7 2 8]
 [7 1 8 6 5 2 3 4 0]]
Number of cells unfilled: 8
Accuracy: 90.12345679012346
Sample: 62508
Question:
[[0 0 3 0 0 8 0 0 0]
 [0 0 1 0 0 3 0 0 9]
 [8 0 0 0 4 2 1 0 3]
 [0 0 0 0 0 0 5 9 0]
 [0 0 0 0 0 0 0 2 6]
 [0 0 8 3 0 5 0 0 0]
 [6 0 0 4 0 0 0 0 0]
 [0 5 0 0 8 0 7 0 0]
 [0 0 7 9 0 1 8 0 0]]
Solution:
[[8 5 3 9 2 1 0 6 7]
 [9 0 7 8 4 5 2 1 3]
 [6 2 1 7 0 3 9 8 4]
 [5 7 6 3 0 8 4 9 2]
 [1 9 2 5 7 4 8 3 6]
 [3 8 4 2 6 9 5 7 1]
 [2 3 5 4 8 7 1 0 9]
 [4 6 9 0 1 0 7 5 8]
 [7 1 8 6 5 2 3 4 0]]
Number of cells unfilled: 8
Accuracy: 90.12345679012346
Sample: 62509
Question:
[[0 4 0 0 3 0 0 0 7]
 [6 0 0 0 0 9 0 0 0]
 [0 0 2 5 0 0 0 0 0]
 [0 0 0 0 0 0 0 0 1]
 [0 1 0 0 0 0 3 7 0]
 [0 0 0 0 1 0 4 8 0]
 [0 0 7 0 0 2 0 9 0]
 [0 3 0 0 8 0 0 0 4]
 [5 0 0 6 0 0 0 0 8]]
Solution:
[[8 5 3 9 2 0 7 6 0]
 [9 0 7 8 4 5 2 1 3]
 [6 2 1 7 0 3 9 5 4]
 [5 7 6 3 9 8 4 2 1]
 [1 9 2 5 7 4 8 3 6]
 [3 8 4 2 6 1 5 7 0]
 [2 3 5 4 8 7 1 0 9]
 [4 6 9 0 1 0 0 8 2]
 [7 1 8 6 5 2 3 4 0]]
Number of cells unfilled: 10
Accuracy: 87.65432098765432
Sample: 62510
Question:
[[0 5 0 7 0 0 0 0 0]
 [6 4 0 0 0 0 8 0 0]
 [0 0 3 0 4 0 0 0 5]
 [0 0 1 9 0 0 0 7 0]
 [5 0 0 0 1 0 0 0 6]
 [0 3 0 0 0 0 0 2 0]
 [0 1 0 0 6 0 0 0 4]
 [0 0 0 0 0 9 0 0 0]
 [0 0 0 8 0 0 2 0 0]]
Solution:
[[8 5 3 9 2 0 1 6 7]
 [9 0 7 1 4 5 2 8 3]
 [6 2 1 7 0 3 9 5 4]
 [5 7 6 3 9 8 4 1 2]
 [1 9 2 5 7 4 8 3 6]
 [3 8 4 2 6 1 5 7 0]
 [2 3 5 4 8 7 6 0 9]
 [4 6 9 0 1 0 7 2 8]
 [7 1 8 6 5 2 3 4 0]]
Number of cells unfilled: 8
Accuracy: 90.12345679012346
Sample: 62511
Question:
[[0 0 0 0 0 0 5 0 0]
 [4 0 5 0 7 8 0 0 0]
 [9 0 0 5 0 0 6 8 0]
 [0 0 0 0 0 0 0 0 0]
 [7 6 0 0 0 2 0 0 8]
 [0 0 0 9 0 0 0 0 3]
 [0 4 1 0 9 0 2 0 0]
 [0 2 0 4 0 0 0 0 0]
 [8 0 9 0 2 7 0 6 0]]
Solution:
[[8 5 3 9 2 1 7 6 0]
 [9 0 7 8 4 5 2 1 3]
 [6 2 1 7 0 3 9 5 4]
 [5 7 6 3 0 8 4 2 0]
 [0 9 2 1 7 4 8 3 6]
 [3 8 4 2 6 9 5 7 1]
 [2 3 5 4 8 7 6 0 9]
 [4 6 9 0 1 0 0 8 2]
 [7 1 8 6 5 2 3 4 0]]
Number of cells unfilled: 11
Accuracy: 86.41975308641975
Sample: 62512
Question:
[[0 0 0 0 0 1 5 0 0]
 [8 0 9 0 0 5 0 0 0]
 [0 0 0 2 0 0 4 0 8]
 [4 0 0 0 0 0 0 0 2]
 [0 0 0 0 0 8 6 0 0]
 [2 0 0 0 0 0 3 8 7]
 [0 0 6 9 0 0 1 0 3]
 [0 0 0 8 0 0 2 0 0]
 [0 1 0 7 0 0 0 6 0]]
Solution:
[[8 5 3 9 2 0 1 6 7]
 [9 0 7 8 4 5 2 0 3]
 [6 2 1 7 0 3 9 5 4]
 [5 7 6 3 9 8 4 1 2]
 [1 9 2 5 7 4 8 3 6]
 [3 8 4 2 6 1 5 7 0]
 [2 3 5 4 8 7 6 0 9]
 [4 6 9 0 1 0 7 2 8]
 [7 1 8 6 5 2 3 4 0]]
Number of cells unfilled: 9
Accuracy: 88.88888888888889
Sample: 62513
Question:
[[5 0 3 0 0 0 9 0 0]
 [0 0 0 0 0 0 4 5 0]
 [0 8 0 0 3 1 0 0 0]
 [0 4 0 0 0 0 0 0 7]
 [1 0 0 3 0 0 0 2 0]
 [6 9 2 0 0 7 0 0 0]
 [0 0 0 0 7 9 0 3 4]
 [2 0 4 0 0 8 0 0 0]
 [0 7 0 0 0 0 0 6 0]]
Solution:
[[8 5 3 9 2 1 7 6 0]
 [9 0 7 8 4 5 2 1 3]
 [6 2 1 7 0 3 9 8 4]
 [5 7 6 3 0 8 4 9 2]
 [0 9 2 1 7 4 8 3 6]
 [3 8 4 2 6 9 5 7 1]
 [2 3 5 4 8 7 1 0 9]
 [4 6 9 5 1 0 0 2 8]
 [7 1 8 6 9 2 3 4 5]]
Number of cells unfilled: 8
Accuracy: 90.12345679012346
Sample: 62514
Question:
[[6 0 0 0 0 4 0 0 9]
 [0 2 0 0 0 0 0 0 0]
 [0 0 1 0 7 0 6 0 0]
 [0 1 0 5 0 0 3 0 4]
 [0 8 0 0 0 0 5 0 6]
 [5 0 0 0 0 3 0 9 0]
 [2 6 0 0 0 9 4 0 5]
 [1 0 0 0 0 5 9 0 0]
 [0 0 0 2 0 0 0 0 0]]
Solution:
[[8 5 3 9 2 0 1 6 7]
 [9 0 7 1 4 5 2 8 3]
 [6 2 1 7 0 3 9 5 4]
 [5 7 6 3 9 8 4 2 1]
 [1 9 2 5 7 4 8 3 6]
 [3 8 4 2 6 1 5 7 0]
 [2 3 5 4 8 7 6 1 9]
 [4 6 9 0 1 0 7 0 8]
 [7 1 8 6 5 2 3 4 0]]
Number of cells unfilled: 8
Accuracy: 90.12345679012346
Sample: 62515
Question:
[[3 0 0 8 0 0 7 0 0]
 [0 8 6 0 0 0 0 5 0]
 [0 0 7 0 0 4 0 0 0]
 [0 3 0 7 0 0 6 0 0]
 [0 0 2 0 0 1 0 0 0]
 [0 0 0 0 9 0 0 0 4]
 [0 6 0 0 0 5 0 0 0]
 [2 0 0 0 1 0 0 9 0]
 [0 0 3 2 0 0 8 0 0]]
Solution:
[[8 5 3 9 2 0 7 6 0]
 [9 0 7 8 4 5 2 1 3]
 [6 2 1 7 0 3 9 8 4]
 [5 7 6 3 9 8 4 2 1]
 [1 9 2 5 7 4 8 3 6]
 [3 8 4 2 6 1 5 7 0]
 [2 3 5 4 8 7 1 0 9]
 [4 6 9 0 1 0 0 5 2]
 [7 1 8 6 5 2 3 4 0]]
Number of cells unfilled: 10
Accuracy: 87.65432098765432
Sample: 62516
Question:
[[0 0 0 0 0 0 2 0 0]
 [0 0 1 3 0 0 0 0 0]
 [4 0 0 0 9 0 0 6 3]
 [0 7 0 8 0 0 0 0 2]
 [0 0 8 6 7 0 5 0 0]
 [3 0 0 0 0 9 0 8 0]
 [0 0 0 0 6 0 0 2 0]
 [0 6 0 0 8 4 0 0 0]
 [8 0 0 9 0 0 0 4 6]]
Solution:
[[8 5 3 9 2 0 7 6 1]
 [9 0 7 8 4 5 2 0 3]
 [6 2 1 7 0 3 0 9 4]
 [5 7 6 3 9 8 4 1 2]
 [1 9 2 5 7 4 8 3 6]
 [3 8 4 2 6 1 5 7 0]
 [2 3 5 4 8 7 1 0 9]
 [4 6 9 0 1 0 0 2 7]
 [7 1 8 6 5 2 3 4 0]]
Number of cells unfilled: 11
Accuracy: 86.41975308641975
Sample: 62517
Question:
[[4 0 0 0 0 5 0 0 9]
 [0 7 5 0 0 0 0 3 0]
 [0 9 3 0 6 0 0 0 0]
 [0 4 0 0 0 0 0 1 0]
 [0 0 7 0 0 4 0 0 5]
 [0 0 0 8 0 0 2 0 0]
 [0 3 0 0 0 9 0 0 7]
 [0 0 0 0 8 0 0 6 0]
 [0 0 0 2 0 0 1 0 0]]
Solution:
[[8 5 3 9 2 0 1 6 7]
 [9 0 7 8 4 5 2 0 3]
 [6 2 1 7 0 3 9 5 4]
 [5 7 6 3 0 8 4 1 2]
 [1 9 2 5 7 4 8 3 6]
 [3 8 4 2 6 1 5 7 0]
 [2 3 5 4 8 7 6 0 9]
 [4 6 9 0 1 0 7 2 8]
 [7 1 8 6 9 2 3 4 5]]
Number of cells unfilled: 9
Accuracy: 88.88888888888889
Sample: 62518
Question:
[[0 0 0 0 0 6 3 0 0]
 [4 0 9 0 5 0 7 1 8]
 [0 5 3 0 8 1 0 2 0]
 [0 0 0 0 9 0 0 0 0]
 [0 2 0 4 0 5 1 7 9]
 [0 3 0 1 7 0 5 0 0]
 [0 0 8 3 2 0 0 0 6]
 [6 0 0 0 0 0 0 0 0]
 [0 0 7 0 6 4 2 5 0]]
Solution:
[[8 5 3 9 2 1 7 6 0]
 [9 0 7 8 4 5 2 1 3]
 [6 2 1 7 0 3 9 8 4]
 [5 7 6 3 0 8 4 9 2]
 [0 9 2 1 7 4 8 3 6]
 [3 8 4 2 6 9 5 7 1]
 [2 3 5 4 8 7 6 0 9]
 [4 6 9 0 1 0 0 2 5]
 [7 1 8 6 5 2 3 4 0]]
Number of cells unfilled: 10
Accuracy: 87.65432098765432
Sample: 62519
Question:
[[0 0 0 5 9 0 0 0 0]
 [2 0 5 4 0 7 0 1 0]
 [0 1 0 0 0 0 0 0 0]
 [9 0 0 0 0 0 0 6 0]
 [0 0 6 3 0 4 2 0 0]
 [0 0 1 0 0 0 5 4 0]
 [4 9 7 0 1 0 0 0 0]
 [0 0 0 0 3 0 0 0 8]
 [0 0 0 0 0 5 0 0 0]]
Solution:
[[8 5 3 9 2 0 1 6 7]
 [9 0 7 8 4 5 2 0 3]
 [6 2 1 7 0 3 9 8 4]
 [5 7 6 3 9 8 4 1 2]
 [1 9 2 5 7 4 8 3 6]
 [3 8 4 2 6 1 5 7 0]
 [2 3 5 4 8 7 6 0 9]
 [4 6 9 0 1 0 7 2 8]
 [7 1 8 6 5 2 3 4 0]]
Number of cells unfilled: 9
Accuracy: 88.88888888888889
Sample: 62520
Question:
[[0 6 0 7 0 0 1 0 0]
 [8 0 7 0 0 0 0 0 4]
 [0 0 1 0 9 0 0 0 0]
 [6 0 0 2 0 0 7 0 0]
 [0 0 2 0 0 5 0 4 0]
 [0 8 0 0 7 3 0 0 0]
 [0 0 0 0 0 0 0 3 0]
 [0 2 0 3 5 0 0 0 9]
 [0 0 6 8 0 0 2 0 0]]
Solution:
[[8 5 3 9 2 0 7 6 1]
 [9 0 7 1 4 5 2 0 3]
 [6 2 1 7 0 3 9 8 4]
 [5 7 6 3 0 8 4 1 2]
 [1 9 2 5 7 4 8 3 6]
 [3 8 4 2 6 1 5 7 0]
 [2 3 5 4 8 7 1 0 9]
 [4 6 9 0 1 0 0 2 7]
 [7 1 8 6 9 2 3 4 5]]
Number of cells unfilled: 10
Accuracy: 87.65432098765432
Sample: 62521
Question:
[[0 0 0 5 8 0 0 0 0]
 [0 9 3 6 0 0 0 0 8]
 [4 0 0 3 0 7 2 6 0]
 [6 2 9 0 7 0 0 0 4]
 [1 0 0 0 0 0 5 0 0]
 [8 4 0 2 3 0 1 0 0]
 [2 0 0 8 6 0 3 0 7]
 [0 1 0 0 0 9 4 0 2]
 [0 7 0 4 0 0 0 5 1]]
Solution:
[[8 5 3 9 2 0 7 6 1]
 [9 0 7 1 4 5 2 8 3]
 [6 2 1 7 0 3 9 5 4]
 [5 7 6 3 9 8 4 1 2]
 [1 9 2 5 7 4 8 3 6]
 [3 8 4 2 6 1 5 7 0]
 [2 3 5 4 8 7 1 0 9]
 [4 6 9 0 1 0 0 2 5]
 [7 1 8 6 5 2 3 4 0]]
Number of cells unfilled: 9
Accuracy: 88.88888888888889
Sample: 62522
Question:
[[0 8 0 0 0 3 0 0 5]
 [3 0 9 1 0 0 0 7 0]
 [0 0 0 0 9 0 0 0 0]
 [0 7 0 0 4 0 0 0 0]
 [8 0 0 6 0 0 0 0 7]
 [6 0 3 0 0 7 5 0 0]
 [0 3 0 0 0 6 0 0 4]
 [2 0 0 0 0 0 0 0 6]
 [0 0 0 0 5 0 2 1 0]]
Solution:
[[8 5 3 9 2 0 1 6 7]
 [9 0 7 1 4 5 2 8 3]
 [6 2 1 7 0 3 0 9 4]
 [5 7 6 3 9 8 4 2 1]
 [1 9 2 5 7 4 8 3 6]
 [3 8 4 2 6 1 5 7 0]
 [2 3 5 4 8 7 6 1 9]
 [4 6 9 0 1 0 7 5 8]
 [7 1 8 6 5 2 3 4 0]]
Number of cells unfilled: 8
Accuracy: 90.12345679012346
Sample: 62523
Question:
[[0 0 0 0 0 1 9 3 0]
 [0 0 0 0 8 0 0 7 0]
 [0 5 0 0 0 2 0 0 0]
 [0 0 0 2 0 0 6 0 0]
 [7 0 0 0 1 0 0 0 0]
 [3 0 0 4 0 9 0 5 7]
 [5 0 1 8 0 0 3 0 0]
 [0 6 0 5 0 0 0 0 9]
 [2 9 0 0 0 0 0 8 0]]
Solution:
[[8 5 3 9 2 0 7 6 0]
 [9 0 7 1 4 5 2 8 3]
 [6 2 1 7 0 3 9 5 4]
 [5 7 6 3 9 8 4 2 1]
 [1 9 2 5 7 4 8 3 6]
 [3 8 4 2 6 1 5 7 0]
 [2 3 5 4 8 7 6 1 9]
 [4 6 9 0 1 0 0 0 5]
 [7 1 8 6 5 2 3 4 0]]
Number of cells unfilled: 10
Accuracy: 87.65432098765432
Sample: 62524
Question:
[[0 4 0 0 1 0 0 0 0]
 [0 0 3 0 0 0 0 0 9]
 [0 0 0 0 0 0 0 0 0]
 [0 0 0 3 0 0 0 8 7]
 [1 0 0 0 0 0 4 0 0]
 [0 2 0 9 0 0 0 0 0]
 [0 0 0 0 0 0 2 0 0]
 [0 0 7 0 0 0 0 0 0]
 [9 0 6 5 0 8 0 0 0]]
Solution:
[[8 5 3 9 2 0 1 6 7]
 [9 0 7 1 4 5 2 8 3]
 [6 2 1 7 0 3 9 5 4]
 [5 7 6 3 0 8 4 9 2]
 [1 9 2 5 7 4 8 3 6]
 [3 8 4 2 6 9 5 7 1]
 [2 3 5 4 8 7 6 1 9]
 [4 6 9 0 1 0 7 2 5]
 [7 1 8 6 5 2 3 4 0]]
Number of cells unfilled: 7
Accuracy: 91.35802469135803
Sample: 62525
Question:
[[0 0 0 2 3 0 5 9 0]
 [0 2 0 9 6 0 0 0 4]
 [9 0 0 0 0 1 6 0 0]
 [0 0 0 0 0 0 0 7 0]
 [0 5 4 0 0 0 0 0 0]
 [6 0 0 3 0 0 2 0 5]
 [0 0 0 1 0 0 0 5 0]
 [0 7 0 0 0 3 0 8 0]
 [1 0 0 0 9 0 3 0 0]]
Solution:
[[8 5 3 9 2 0 1 6 7]
 [9 0 7 1 4 5 2 8 3]
 [6 2 1 7 0 3 9 5 4]
 [5 7 6 3 9 8 4 2 1]
 [1 9 2 5 7 4 8 3 6]
 [3 8 4 2 6 1 5 7 0]
 [2 3 5 4 8 7 6 1 9]
 [4 6 9 0 1 0 7 0 5]
 [7 1 8 6 5 2 3 4 0]]
Number of cells unfilled: 8
Accuracy: 90.12345679012346
Sample: 62526
Question:
[[0 3 0 0 7 0 0 0 8]
 [0 0 0 3 0 0 0 5 0]
 [2 0 0 0 0 4 7 0 0]
 [6 0 0 0 9 7 1 0 0]
 [0 0 9 5 0 1 0 0 0]
 [0 0 0 0 8 0 0 9 0]
 [1 0 0 0 0 0 0 0 0]
 [0 6 7 0 0 2 0 0 1]
 [0 4 2 0 0 0 6 0 0]]
Solution:
[[8 5 3 9 2 0 0 6 7]
 [9 0 7 8 4 5 2 1 3]
 [6 2 1 7 0 3 0 9 4]
 [5 7 6 3 9 8 4 2 1]
 [1 9 2 5 7 4 8 3 6]
 [3 8 4 2 6 1 5 7 0]
 [2 3 5 4 8 7 6 0 9]
 [4 6 9 0 1 0 7 8 5]
 [7 1 8 6 5 2 3 4 0]]
Number of cells unfilled: 10
Accuracy: 87.65432098765432
Sample: 62527
Question:
[[0 0 0 0 2 8 0 0 3]
 [5 0 6 1 0 0 0 0 0]
 [0 0 0 5 6 0 8 0 0]
 [0 0 0 0 5 7 0 4 0]
 [6 0 0 0 0 0 0 0 0]
 [0 4 0 6 9 0 3 0 0]
 [8 6 0 0 3 0 0 0 7]
 [0 0 9 8 0 0 0 0 0]
 [3 0 0 0 0 2 0 5 0]]
Solution:
[[8 5 3 9 2 0 1 6 7]
 [9 0 7 1 4 5 2 8 3]
 [6 2 1 7 0 3 0 9 4]
 [5 7 6 3 0 8 4 2 1]
 [1 9 2 5 7 4 8 3 6]
 [3 8 4 2 6 1 5 7 0]
 [2 3 5 4 8 7 6 1 9]
 [4 6 9 0 1 0 7 0 2]
 [7 1 8 6 9 2 3 4 5]]
Number of cells unfilled: 9
Accuracy: 88.88888888888889
Sample: 62528
Question:
[[0 0 0 0 5 0 0 0 3]
 [0 0 7 0 0 9 0 2 0]
 [0 4 0 8 0 0 9 0 0]
 [0 1 0 0 0 2 0 8 9]
 [4 0 0 0 8 0 6 0 0]
 [0 0 8 9 0 0 0 0 0]
 [3 0 0 0 0 0 0 0 5]
 [0 2 0 6 0 0 0 7 0]
 [0 0 1 0 0 4 2 0 0]]
Solution:
[[8 5 3 9 2 1 0 6 7]
 [9 0 7 8 4 5 2 1 3]
 [6 2 1 7 0 3 9 5 4]
 [5 7 6 3 0 8 4 9 2]
 [0 9 2 1 7 4 8 3 6]
 [3 8 4 2 6 9 5 7 1]
 [2 3 5 4 8 7 1 0 9]
 [4 6 9 0 1 0 7 2 8]
 [7 1 8 6 5 2 3 4 0]]
Number of cells unfilled: 9
Accuracy: 88.88888888888889
Sample: 62529
Question:
[[0 0 0 0 4 0 0 0 0]
 [0 0 0 2 0 0 0 0 5]
 [0 0 3 0 0 6 0 9 0]
 [0 5 0 0 0 0 8 0 0]
 [6 0 1 0 9 0 0 0 0]
 [4 0 0 0 0 3 0 1 0]
 [0 0 0 0 0 0 7 0 0]
 [0 0 6 0 1 0 0 4 0]
 [0 7 0 8 0 0 0 0 2]]
Solution:
[[8 5 3 9 2 1 0 6 7]
 [9 0 7 8 4 5 2 1 3]
 [6 2 1 7 0 3 9 8 4]
 [5 7 6 3 0 8 4 9 2]
 [1 9 2 5 7 4 8 3 6]
 [3 8 4 2 6 9 5 7 1]
 [2 3 5 4 8 7 1 0 9]
 [4 6 9 0 1 0 7 2 8]
 [7 1 8 6 5 2 3 4 0]]
Number of cells unfilled: 8
Accuracy: 90.12345679012346
Sample: 62530
Question:
[[0 0 5 0 0 0 6 0 0]
 [2 0 0 0 5 0 0 3 1]
 [0 0 8 9 0 1 0 0 0]
 [8 2 0 0 0 0 0 0 0]
 [0 0 0 0 7 2 0 0 0]
 [0 0 7 4 0 3 0 5 0]
 [3 9 0 0 1 7 0 6 0]
 [0 5 0 0 0 6 2 9 0]
 [0 0 0 0 0 0 0 0 0]]
Solution:
[[8 5 3 9 2 0 7 6 1]
 [9 0 7 1 4 5 2 8 3]
 [6 2 1 7 0 3 0 9 4]
 [5 7 6 3 9 8 4 1 2]
 [1 9 2 5 7 4 8 3 6]
 [3 8 4 2 6 1 5 7 0]
 [2 3 5 4 8 7 1 0 9]
 [4 6 9 0 1 0 0 2 8]
 [7 1 8 6 5 2 3 4 0]]
Number of cells unfilled: 10
Accuracy: 87.65432098765432
Sample: 62531
Question:
[[0 0 4 9 0 0 0 0 0]
 [0 5 0 0 7 0 0 0 3]
 [0 0 0 0 0 0 0 0 2]
 [0 0 7 0 0 5 4 0 0]
 [2 0 0 0 3 0 0 0 0]
 [0 0 0 0 0 0 0 9 0]
 [1 0 0 8 0 0 0 0 0]
 [6 3 0 0 0 0 0 0 0]
 [0 0 0 4 0 0 0 0 0]]
Solution:
[[8 5 3 9 2 0 7 6 0]
 [9 0 7 8 4 5 2 1 3]
 [6 2 1 7 0 3 9 8 4]
 [5 7 6 3 9 8 4 2 1]
 [1 9 2 5 7 4 8 3 6]
 [3 8 4 2 6 1 5 7 0]
 [2 3 5 4 8 7 6 0 9]
 [4 6 9 0 1 0 0 5 2]
 [7 1 8 6 5 2 3 4 0]]
Number of cells unfilled: 10
Accuracy: 87.65432098765432
Sample: 62532
Question:
[[0 0 0 0 0 0 0 3 0]
 [0 0 0 2 0 0 5 0 6]
 [0 0 0 3 5 1 0 2 8]
 [5 8 0 0 7 0 0 0 3]
 [3 0 0 0 0 0 0 0 0]
 [0 9 2 0 0 8 0 7 0]
 [0 6 4 7 0 0 0 0 0]
 [0 0 0 0 0 3 0 6 1]
 [0 0 3 0 1 0 0 0 9]]
Solution:
[[8 5 3 9 2 0 1 6 7]
 [9 0 7 1 4 5 2 8 3]
 [6 2 1 7 0 3 9 5 4]
 [5 7 6 3 0 8 4 9 2]
 [1 9 2 5 7 4 8 3 6]
 [3 8 4 2 6 9 5 7 1]
 [2 3 5 4 8 7 6 1 9]
 [4 6 9 0 1 0 7 2 8]
 [7 1 8 6 5 2 3 4 0]]
Number of cells unfilled: 7
Accuracy: 91.35802469135803
Sample: 62533
Question:
[[0 8 0 0 0 0 0 0 0]
 [5 0 0 0 0 7 0 1 0]
 [0 0 2 0 0 0 3 0 0]
 [0 0 6 0 0 0 0 0 2]
 [0 3 0 0 0 0 8 0 0]
 [1 0 0 0 9 0 0 4 0]
 [0 0 0 0 4 5 7 0 0]
 [7 0 0 1 0 0 0 9 0]
 [0 6 0 0 7 9 0 0 5]]
Solution:
[[8 5 3 9 2 0 1 6 7]
 [9 0 7 1 4 5 2 8 3]
 [6 2 1 7 0 3 9 5 4]
 [5 7 6 3 0 8 4 9 2]
 [1 9 2 5 7 4 8 3 6]
 [3 8 4 2 6 9 5 7 1]
 [2 3 5 4 8 7 6 1 9]
 [4 6 9 0 1 0 7 2 8]
 [7 1 8 6 5 2 3 4 0]]
Number of cells unfilled: 7
Accuracy: 91.35802469135803
Sample: 62534
Question:
[[0 0 0 0 0 0 0 0 0]
 [0 0 0 0 0 6 0 0 7]
 [9 0 7 4 0 0 1 0 0]
 [0 8 0 0 5 0 0 0 0]
 [5 0 0 0 0 7 9 0 0]
 [7 0 9 1 0 0 0 2 0]
 [4 0 5 2 0 0 0 0 9]
 [0 0 2 0 0 3 4 1 0]
 [0 0 0 0 0 0 2 0 0]]
Solution:
[[8 5 3 9 2 0 1 6 7]
 [9 0 7 1 4 5 2 8 3]
 [6 2 1 7 0 3 9 5 4]
 [5 7 6 3 9 8 4 2 1]
 [1 9 2 5 7 4 8 3 6]
 [3 8 4 2 6 1 5 7 0]
 [2 3 5 4 8 7 6 1 9]
 [4 6 9 0 1 0 7 0 5]
 [7 1 8 6 5 2 3 4 0]]
Number of cells unfilled: 8
Accuracy: 90.12345679012346
Sample: 62535
Question:
[[0 1 0 0 0 0 7 0 2]
 [6 0 0 0 0 0 0 9 0]
 [0 0 9 2 0 0 0 0 1]
 [0 7 0 9 0 0 0 2 0]
 [5 0 4 0 0 0 0 0 0]
 [0 0 0 0 0 5 3 0 0]
 [0 6 0 7 0 0 0 1 0]
 [0 0 0 0 3 0 0 0 8]
 [0 0 0 0 8 4 9 0 0]]
Solution:
[[8 5 3 9 2 0 7 6 0]
 [9 0 7 8 4 5 2 1 3]
 [6 2 1 7 0 3 9 8 4]
 [5 7 6 3 9 8 4 2 1]
 [1 9 2 5 7 4 8 3 6]
 [3 8 4 2 6 1 5 7 0]
 [2 3 5 4 8 7 1 0 9]
 [4 6 9 0 1 0 0 5 8]
 [7 1 8 6 5 2 3 4 0]]
Number of cells unfilled: 10
Accuracy: 87.65432098765432
Sample: 62536
Question:
[[8 0 0 7 0 0 0 0 0]
 [5 0 0 0 0 9 0 0 0]
 [0 0 3 0 6 0 9 0 0]
 [0 0 7 1 0 0 3 0 0]
 [0 0 0 0 0 0 0 4 2]
 [0 5 0 0 0 0 0 8 0]
 [0 0 1 0 0 7 6 0 0]
 [0 2 0 0 3 0 0 0 0]
 [7 0 0 6 1 0 0 0 4]]
Solution:
[[8 5 3 9 2 1 0 6 7]
 [9 0 7 8 4 5 2 1 3]
 [6 2 1 7 0 3 9 8 4]
 [5 7 6 3 0 8 4 9 2]
 [1 9 2 5 7 4 8 3 6]
 [3 8 4 2 6 9 5 7 1]
 [2 3 5 4 8 7 1 0 9]
 [4 6 9 0 1 0 7 2 8]
 [7 1 8 6 5 2 3 4 0]]
Number of cells unfilled: 8
Accuracy: 90.12345679012346
Sample: 62537
Question:
[[9 0 0 5 0 4 0 0 6]
 [0 0 0 0 6 0 0 0 0]
 [0 0 6 7 0 9 0 5 0]
 [0 1 3 0 9 0 0 0 0]
 [7 0 0 0 5 0 0 9 0]
 [0 0 0 1 0 2 0 0 0]
 [0 0 8 0 0 0 3 0 0]
 [0 2 0 0 0 0 0 6 8]
 [6 0 0 0 4 0 0 7 0]]
Solution:
[[8 5 3 9 2 1 0 6 7]
 [9 0 7 8 4 5 2 0 3]
 [6 2 1 7 0 3 9 5 4]
 [5 7 6 3 0 8 4 9 2]
 [0 9 2 1 7 4 8 3 6]
 [3 8 4 2 6 9 5 7 1]
 [2 3 5 4 8 7 6 1 9]
 [4 6 9 5 1 0 7 2 8]
 [7 1 8 6 9 2 3 4 5]]
Number of cells unfilled: 7
Accuracy: 91.35802469135803
Sample: 62538
Question:
[[0 4 7 0 0 0 6 0 8]
 [0 0 0 0 1 0 0 9 0]
 [3 0 0 0 0 0 0 4 0]
 [0 5 0 1 9 0 0 7 4]
 [7 0 0 2 0 0 3 0 0]
 [0 0 0 0 0 4 0 0 0]
 [0 0 1 0 0 0 8 0 9]
 [0 0 0 0 6 0 0 0 0]
 [0 8 0 7 0 0 0 1 0]]
Solution:
[[8 5 3 9 2 1 0 6 7]
 [9 0 7 8 4 5 2 1 3]
 [6 2 1 7 0 3 9 8 4]
 [5 7 6 3 0 8 4 9 2]
 [0 9 2 1 7 4 8 3 6]
 [3 8 4 2 6 9 5 7 1]
 [2 3 5 4 8 7 6 0 9]
 [4 6 9 0 1 0 7 5 8]
 [7 1 8 6 5 2 3 4 0]]
Number of cells unfilled: 9
Accuracy: 88.88888888888889
Sample: 62539
Question:
[[9 0 0 0 6 7 0 0 0]
 [0 8 0 5 0 0 0 0 6]
 [0 0 0 0 0 9 0 1 0]
 [0 4 0 0 0 0 5 0 0]
 [0 0 0 3 0 0 6 0 8]
 [0 0 0 0 2 0 0 7 0]
 [2 0 0 0 0 0 0 0 0]
 [0 3 0 6 0 0 0 0 0]
 [0 5 6 0 0 0 4 0 3]]
Solution:
[[8 5 3 9 2 1 0 6 7]
 [9 0 7 8 4 5 2 1 3]
 [6 2 1 7 0 3 9 5 4]
 [5 7 6 3 0 8 4 9 2]
 [1 9 2 5 7 4 8 3 6]
 [3 8 4 2 6 9 5 7 1]
 [2 3 5 4 8 7 1 0 9]
 [4 6 9 0 1 0 7 2 8]
 [7 1 8 6 9 2 3 4 5]]
Number of cells unfilled: 7
Accuracy: 91.35802469135803
Sample: 62540
Question:
[[4 0 0 0 8 0 5 0 9]
 [8 9 0 0 0 0 0 3 0]
 [0 5 0 0 0 2 0 0 0]
 [6 0 8 0 0 4 0 0 0]
 [0 4 0 0 2 0 6 0 8]
 [0 0 0 0 0 0 0 1 0]
 [5 0 0 0 0 7 0 0 3]
 [0 6 0 2 0 0 0 0 0]
 [0 0 4 0 5 0 9 0 6]]
Solution:
[[8 5 3 9 2 1 0 6 7]
 [9 0 7 8 4 5 2 1 3]
 [6 2 1 7 0 3 9 5 4]
 [5 7 6 3 0 8 4 9 2]
 [0 9 2 1 7 4 8 3 6]
 [3 8 4 2 6 9 5 7 1]
 [2 3 5 4 8 7 6 0 9]
 [4 6 9 0 1 0 7 2 5]
 [7 1 8 6 5 2 3 4 0]]
Number of cells unfilled: 9
Accuracy: 88.88888888888889
Sample: 62541
Question:
[[8 0 0 0 0 0 4 0 0]
 [0 4 0 3 0 0 0 6 0]
 [0 0 2 0 0 9 7 0 3]
 [0 0 8 0 0 0 0 0 0]
 [0 5 0 6 0 0 0 0 7]
 [2 0 0 0 1 0 3 5 0]
 [1 0 0 0 0 2 0 0 4]
 [0 0 5 0 9 0 0 0 0]
 [0 2 0 7 0 0 5 0 0]]
Solution:
[[8 5 3 9 2 1 0 6 7]
 [9 0 7 8 4 5 2 1 3]
 [6 2 1 7 0 3 9 8 4]
 [5 7 6 3 0 8 4 9 2]
 [0 9 2 1 7 4 8 3 6]
 [3 8 4 2 6 9 5 7 1]
 [2 3 5 4 8 7 6 0 9]
 [4 6 9 0 1 0 7 2 5]
 [7 1 8 6 5 2 3 4 0]]
Number of cells unfilled: 9
Accuracy: 88.88888888888889
Sample: 62542
Question:
[[0 4 0 0 0 0 7 0 3]
 [0 0 2 0 3 0 8 0 0]
 [8 0 0 5 0 0 0 6 0]
 [4 0 0 6 0 0 0 8 0]
 [0 0 9 0 0 7 0 0 0]
 [0 0 0 0 0 0 2 0 9]
 [1 0 0 0 8 5 0 0 0]
 [0 0 4 1 0 0 0 0 0]
 [0 5 0 0 6 0 0 1 0]]
Solution:
[[8 5 3 9 2 1 0 6 7]
 [9 0 7 8 4 5 2 1 3]
 [6 2 1 7 0 3 9 5 4]
 [5 7 6 3 0 8 4 9 2]
 [1 9 2 5 7 4 8 3 6]
 [3 8 4 2 6 9 5 7 1]
 [2 3 5 4 8 7 1 0 9]
 [4 6 9 0 1 0 7 2 8]
 [7 1 8 6 9 2 3 4 5]]
Number of cells unfilled: 7
Accuracy: 91.35802469135803
Sample: 62543
Question:
[[0 0 9 0 7 0 0 0 0]
 [7 0 0 6 0 0 4 3 0]
 [3 0 8 0 0 0 0 1 0]
 [0 0 0 0 0 0 0 6 8]
 [0 9 0 5 0 0 0 0 7]
 [1 0 3 0 8 0 9 0 0]
 [0 0 0 0 0 1 0 0 0]
 [2 0 0 0 0 0 0 0 0]
 [0 5 0 0 0 6 0 2 1]]
Solution:
[[8 5 3 9 2 0 1 6 7]
 [9 0 7 1 4 5 2 8 3]
 [6 2 1 7 0 3 9 5 4]
 [5 7 6 3 9 8 4 2 1]
 [1 9 2 5 7 4 8 3 6]
 [3 8 4 2 6 1 5 7 0]
 [2 3 5 4 8 7 6 1 9]
 [4 6 9 0 1 0 7 0 8]
 [7 1 8 6 5 2 3 4 0]]
Number of cells unfilled: 8
Accuracy: 90.12345679012346
Sample: 62544
Question:
[[0 2 0 0 7 0 5 6 0]
 [0 0 0 0 0 0 8 3 0]
 [0 0 0 6 5 0 0 9 0]
 [0 6 0 0 0 0 0 0 0]
 [4 0 1 0 9 0 0 0 0]
 [5 0 0 3 0 0 4 2 8]
 [0 3 9 0 0 0 6 0 0]
 [0 0 0 1 0 0 0 8 0]
 [0 0 0 4 0 0 7 0 9]]
Solution:
[[8 5 3 9 2 1 0 6 7]
 [9 0 7 8 4 5 2 1 3]
 [6 2 1 7 0 3 9 8 4]
 [5 7 6 3 0 8 4 9 2]
 [0 9 2 1 7 4 8 3 6]
 [3 8 4 2 6 9 5 7 1]
 [2 3 5 4 8 7 6 0 9]
 [4 6 9 5 1 0 7 2 8]
 [7 1 8 6 9 2 3 4 5]]
Number of cells unfilled: 7
Accuracy: 91.35802469135803
Sample: 62545
Question:
[[0 0 9 0 4 0 0 0 0]
 [7 0 0 0 0 2 0 0 0]
 [0 1 0 0 3 0 0 5 0]
 [0 8 0 0 1 0 5 3 0]
 [0 0 0 0 0 0 0 0 2]
 [0 0 5 9 0 0 8 0 0]
 [8 0 0 4 0 0 0 6 0]
 [0 0 4 0 6 0 3 0 0]
 [0 6 0 0 0 1 0 0 5]]
Solution:
[[8 5 3 9 2 1 0 6 7]
 [9 0 7 8 4 5 2 1 3]
 [6 2 1 7 0 3 9 5 4]
 [5 7 6 3 0 8 4 9 2]
 [1 9 2 5 7 4 8 3 6]
 [3 8 4 2 6 9 5 7 1]
 [2 3 5 4 8 7 6 0 9]
 [4 6 9 0 1 0 7 2 8]
 [7 1 8 6 9 2 3 4 5]]
Number of cells unfilled: 7
Accuracy: 91.35802469135803
Sample: 62546
Question:
[[0 0 0 0 0 0 0 0 1]
 [0 0 0 0 5 0 7 0 0]
 [0 9 0 6 0 0 0 3 0]
 [0 0 2 0 0 8 0 0 0]
 [0 6 4 0 3 0 1 0 0]
 [9 0 0 4 0 0 0 2 0]
 [3 0 0 0 0 0 5 0 8]
 [0 2 0 0 0 7 0 1 0]
 [0 0 9 3 0 0 0 4 0]]
Solution:
[[8 5 3 9 2 0 1 6 7]
 [9 0 7 1 4 5 2 8 3]
 [6 2 1 7 0 3 0 9 4]
 [5 7 6 3 9 8 4 2 1]
 [1 9 2 5 7 4 8 3 6]
 [3 8 4 2 6 1 5 7 0]
 [2 3 5 4 8 7 6 1 9]
 [4 6 9 0 1 0 7 5 8]
 [7 1 8 6 5 2 3 4 0]]
Number of cells unfilled: 8
Accuracy: 90.12345679012346
Sample: 62547
Question:
[[0 0 3 0 7 0 8 0 0]
 [0 7 0 0 0 0 1 6 0]
 [6 0 0 0 0 4 0 7 9]
 [2 0 0 0 0 9 0 0 6]
 [0 0 8 0 0 0 0 0 0]
 [0 0 0 1 0 0 0 3 0]
 [0 0 0 0 0 5 6 0 0]
 [0 0 0 4 9 0 0 0 5]
 [5 0 0 0 2 0 0 4 0]]
Solution:
[[8 5 3 9 2 1 0 6 7]
 [9 0 7 8 4 5 2 1 3]
 [6 2 1 7 0 3 9 8 4]
 [5 7 6 3 0 8 4 9 2]
 [0 9 2 1 7 4 8 3 6]
 [3 8 4 2 6 9 5 7 1]
 [2 3 5 4 8 7 1 0 9]
 [4 6 9 0 1 0 7 2 5]
 [7 1 8 6 5 2 3 4 0]]
Number of cells unfilled: 9
Accuracy: 88.88888888888889
Sample: 62548
Question:
[[1 0 0 2 0 0 9 0 0]
 [0 0 4 0 0 9 0 0 7]
 [0 0 0 0 0 0 0 3 0]
 [6 4 0 0 0 5 0 0 0]
 [0 0 5 0 9 0 0 0 0]
 [0 7 0 6 0 0 0 0 5]
 [0 8 0 0 3 0 0 2 0]
 [0 0 0 0 1 0 8 0 0]
 [0 0 6 8 0 4 0 0 9]]
Solution:
[[8 5 3 9 2 0 7 6 1]
 [9 0 7 8 4 5 2 0 3]
 [6 2 1 7 0 3 9 8 4]
 [5 7 6 3 0 8 4 9 2]
 [1 9 2 5 7 4 8 3 6]
 [3 8 4 2 6 1 5 7 0]
 [2 3 5 4 8 7 1 0 9]
 [4 6 9 0 1 0 0 2 7]
 [7 1 8 6 9 2 3 4 5]]
Number of cells unfilled: 10
Accuracy: 87.65432098765432
Sample: 62549
Question:
[[2 0 0 0 0 0 0 0 0]
 [0 5 6 0 0 0 0 0 1]
 [0 0 8 7 0 0 6 0 0]
 [0 0 4 0 0 7 3 0 0]
 [0 0 0 8 4 0 0 9 0]
 [0 2 0 6 3 0 0 0 0]
 [0 4 3 0 7 0 8 0 0]
 [9 1 0 0 0 8 0 0 0]
 [0 0 0 0 0 0 0 5 0]]
Solution:
[[8 5 3 9 2 0 7 6 0]
 [9 0 7 8 4 5 2 1 3]
 [6 2 1 7 0 3 9 5 4]
 [5 7 6 3 9 8 4 2 1]
 [1 9 2 5 7 4 8 3 6]
 [3 8 4 2 6 1 5 7 0]
 [2 3 5 4 8 7 1 0 9]
 [4 6 9 0 1 0 0 8 2]
 [7 1 8 6 5 2 3 4 0]]
Number of cells unfilled: 10
Accuracy: 87.65432098765432
Sample: 62550
Question:
[[4 0 0 8 0 0 3 0 0]
 [0 0 9 0 0 0 0 0 0]
 [0 6 0 0 0 0 0 2 0]
 [5 0 0 0 0 8 7 0 0]
 [0 9 8 3 7 0 0 0 0]
 [0 0 0 0 5 0 0 0 1]
 [7 0 0 0 8 0 4 0 0]
 [9 0 0 5 0 0 0 0 6]
 [0 2 1 0 0 4 0 0 0]]
Solution:
[[8 5 3 9 2 1 0 6 7]
 [9 0 7 8 4 5 2 1 3]
 [6 2 1 7 0 3 9 5 4]
 [5 7 6 3 0 8 4 9 2]
 [0 9 2 1 7 4 8 3 6]
 [3 8 4 2 6 9 5 7 1]
 [2 3 5 4 8 7 1 0 9]
 [4 6 9 5 1 0 7 2 8]
 [7 1 8 6 9 2 3 4 5]]
Number of cells unfilled: 7
Accuracy: 91.35802469135803
Sample: 62551
Question:
[[5 8 0 0 0 9 0 3 0]
 [0 0 7 1 0 0 0 0 0]
 [2 0 0 4 0 3 7 0 0]
 [0 5 0 0 0 8 0 9 0]
 [4 0 0 0 0 0 0 0 0]
 [0 0 0 0 2 0 0 0 1]
 [0 0 0 8 0 0 0 6 0]
 [0 6 0 0 0 0 5 0 0]
 [8 0 0 0 0 6 9 0 3]]
Solution:
[[8 5 3 9 2 1 0 6 7]
 [9 0 7 8 4 5 2 1 3]
 [6 2 1 7 0 3 9 8 4]
 [5 7 6 3 0 8 4 9 2]
 [0 9 2 1 7 4 8 3 6]
 [3 8 4 2 6 9 5 7 1]
 [2 3 5 4 8 7 6 0 9]
 [4 6 9 5 1 0 7 2 8]
 [7 1 8 6 9 2 3 4 5]]
Number of cells unfilled: 7
Accuracy: 91.35802469135803
Sample: 62552
Question:
[[3 0 0 0 7 0 0 0 0]
 [0 0 9 5 0 0 1 0 0]
 [0 7 0 0 6 9 0 3 5]
 [0 0 0 0 0 0 0 1 8]
 [0 0 0 0 0 8 0 0 0]
 [0 0 2 4 0 0 5 0 0]
 [4 0 0 0 0 2 6 0 0]
 [0 9 0 6 0 0 0 5 4]
 [0 0 6 0 0 0 0 0 1]]
Solution:
[[8 5 3 9 2 0 1 6 7]
 [9 0 7 1 4 5 2 8 3]
 [6 2 1 7 0 3 0 9 4]
 [5 7 6 3 9 8 4 2 1]
 [1 9 2 5 7 4 8 3 6]
 [3 8 4 2 6 1 5 7 0]
 [2 3 5 4 8 7 6 1 9]
 [4 6 9 0 1 0 7 5 8]
 [7 1 8 6 5 2 3 4 0]]
Number of cells unfilled: 8
Accuracy: 90.12345679012346
Sample: 62553
Question:
[[0 0 2 0 0 8 0 0 0]
 [9 0 0 0 5 0 0 0 0]
 [4 5 0 2 0 0 8 0 0]
 [6 0 4 0 8 0 5 0 0]
 [7 0 0 0 0 0 0 6 0]
 [0 0 5 0 9 0 7 4 0]
 [8 0 0 0 0 0 0 0 7]
 [0 0 9 0 2 0 4 0 0]
 [0 0 0 0 0 1 0 0 3]]
Solution:
[[8 5 3 9 2 1 0 6 7]
 [9 0 7 8 4 5 2 1 3]
 [6 2 1 7 0 3 9 5 4]
 [5 7 6 3 0 8 4 9 2]
 [1 9 2 5 7 4 8 3 6]
 [3 8 4 2 6 9 5 7 1]
 [2 3 5 4 8 7 6 0 9]
 [4 6 9 0 1 0 7 2 8]
 [7 1 8 6 9 2 3 4 5]]
Number of cells unfilled: 7
Accuracy: 91.35802469135803
Sample: 62554
Question:
[[0 6 0 0 1 0 0 0 0]
 [0 0 1 0 0 0 0 8 6]
 [9 7 0 0 0 0 1 0 0]
 [4 3 0 0 0 0 0 0 0]
 [0 0 0 3 0 0 0 0 2]
 [0 0 6 0 8 0 9 0 0]
 [0 0 9 0 7 0 6 0 0]
 [0 0 0 0 0 2 0 5 4]
 [0 0 0 5 0 0 0 0 0]]
Solution:
[[8 5 3 9 2 1 0 6 7]
 [9 0 7 8 4 5 2 1 3]
 [6 2 1 7 0 3 9 8 4]
 [5 7 6 3 0 8 4 9 2]
 [1 9 2 5 7 4 8 3 6]
 [3 8 4 2 6 9 5 7 1]
 [2 3 5 4 8 7 6 0 9]
 [4 6 9 0 1 0 7 5 8]
 [7 1 8 6 5 2 3 4 0]]
Number of cells unfilled: 8
Accuracy: 90.12345679012346
Sample: 62555
Question:
[[4 0 0 0 0 0 0 0 3]
 [0 3 0 0 7 0 0 0 0]
 [0 0 5 0 0 1 0 2 0]
 [0 0 8 0 0 2 6 9 0]
 [0 0 0 0 6 0 0 0 0]
 [7 6 0 4 0 0 0 5 0]
 [0 5 0 1 2 0 0 8 0]
 [0 0 0 0 0 5 9 0 0]
 [0 0 1 0 0 0 0 0 0]]
Solution:
[[8 5 3 9 2 0 7 6 0]
 [9 0 7 1 4 5 2 8 3]
 [6 2 1 7 0 3 9 5 4]
 [5 7 6 3 0 8 4 9 2]
 [1 9 2 5 7 4 8 3 6]
 [3 8 4 2 6 9 5 7 1]
 [2 3 5 4 8 7 6 1 9]
 [4 6 9 0 1 0 0 2 5]
 [7 1 8 6 5 2 3 4 0]]
Number of cells unfilled: 9
Accuracy: 88.88888888888889
Sample: 62556
Question:
[[0 0 0 6 0 0 1 0 0]
 [4 0 0 0 0 0 0 0 2]
 [0 0 9 5 0 0 6 0 7]
 [0 8 7 0 4 0 0 0 0]
 [0 1 6 8 0 2 0 4 0]
 [0 0 0 0 0 6 7 0 0]
 [0 0 0 0 8 0 2 0 6]
 [0 9 0 7 0 5 0 1 0]
 [0 0 0 0 0 0 0 0 0]]
Solution:
[[8 5 3 9 2 0 1 6 7]
 [9 0 7 1 4 5 2 8 3]
 [6 2 1 7 0 3 9 5 4]
 [5 7 6 3 9 8 4 1 2]
 [1 9 2 5 7 4 8 3 6]
 [3 8 4 2 6 1 5 7 0]
 [2 3 5 4 8 7 6 0 9]
 [4 6 9 0 1 0 7 2 5]
 [7 1 8 6 5 2 3 4 0]]
Number of cells unfilled: 8
Accuracy: 90.12345679012346
Sample: 62557
Question:
[[0 0 0 0 9 0 3 7 0]
 [3 0 0 6 0 0 0 0 8]
 [0 0 0 0 0 0 6 5 0]
 [0 1 0 0 4 8 0 0 0]
 [0 0 2 0 0 0 0 8 0]
 [8 0 0 7 0 0 5 0 0]
 [0 2 0 0 0 9 0 0 0]
 [0 4 0 0 1 0 0 0 0]
 [6 0 0 5 0 0 0 3 0]]
Solution:
[[8 5 3 9 2 0 7 6 1]
 [9 0 7 8 4 5 2 0 3]
 [6 2 1 7 0 3 9 8 4]
 [5 7 6 3 9 8 4 1 2]
 [1 9 2 5 7 4 8 3 6]
 [3 8 4 2 6 1 5 7 0]
 [2 3 5 4 8 7 1 0 9]
 [4 6 9 0 1 0 0 2 7]
 [7 1 8 6 5 2 3 4 0]]
Number of cells unfilled: 10
Accuracy: 87.65432098765432
Sample: 62558
Question:
[[0 0 0 2 0 5 0 0 9]
 [0 1 0 0 0 6 2 0 0]
 [0 0 0 0 8 0 6 0 0]
 [6 0 7 0 0 0 0 9 0]
 [0 2 0 0 0 0 0 0 8]
 [0 0 5 9 0 0 0 1 0]
 [0 6 0 8 0 0 0 0 4]
 [2 0 0 7 4 9 0 3 0]
 [1 0 0 0 0 0 0 0 0]]
Solution:
[[8 5 3 9 2 0 7 6 0]
 [9 0 7 8 4 5 2 1 3]
 [6 2 1 7 0 3 0 9 4]
 [5 7 6 3 9 8 4 2 1]
 [1 9 2 5 7 4 8 3 6]
 [3 8 4 2 6 1 5 7 0]
 [2 3 5 4 8 7 6 0 9]
 [4 6 9 0 1 0 0 5 7]
 [7 1 8 6 5 2 3 4 0]]
Number of cells unfilled: 11
Accuracy: 86.41975308641975
Sample: 62559
Question:
[[0 0 0 0 0 6 8 0 0]
 [0 0 0 0 1 0 0 0 3]
 [9 0 0 5 0 0 0 2 0]
 [0 7 0 4 0 9 0 5 0]
 [0 0 0 0 8 0 0 0 0]
 [0 0 0 0 0 1 6 0 0]
 [7 2 0 0 0 0 0 0 0]
 [0 9 0 7 0 0 0 4 0]
 [4 5 0 0 0 3 0 0 0]]
Solution:
[[8 5 3 9 2 0 7 6 0]
 [9 0 7 1 4 5 2 8 3]
 [6 2 1 7 0 3 9 5 4]
 [5 7 6 3 0 8 4 9 2]
 [1 9 2 5 7 4 8 3 6]
 [3 8 4 2 6 9 5 7 1]
 [2 3 5 4 8 7 1 0 9]
 [4 6 9 0 1 0 0 2 8]
 [7 1 8 6 5 2 3 4 0]]
Number of cells unfilled: 10
Accuracy: 87.65432098765432
Sample: 62560
Question:
[[3 0 0 0 0 7 5 0 0]
 [0 9 0 0 6 0 0 0 0]
 [0 0 2 9 0 0 0 8 0]
 [0 8 0 0 0 0 0 0 0]
 [0 0 6 2 0 0 0 0 0]
 [4 0 0 0 0 3 7 0 0]
 [0 0 0 0 0 5 0 3 4]
 [1 0 0 0 0 0 0 7 5]
 [0 0 0 0 1 0 0 0 0]]
Solution:
[[8 5 3 9 2 0 7 6 1]
 [9 0 7 1 4 5 2 8 3]
 [6 2 1 7 0 3 9 5 4]
 [5 7 6 3 0 8 4 1 2]
 [1 9 2 5 7 4 8 3 6]
 [3 8 4 2 6 1 5 7 0]
 [2 3 5 4 8 7 1 0 9]
 [4 6 9 0 1 0 0 2 7]
 [7 1 8 6 9 2 3 4 5]]
Number of cells unfilled: 9
Accuracy: 88.88888888888889
Sample: 62561
Question:
[[0 0 0 0 0 0 0 0 0]
 [5 0 1 0 0 2 7 0 4]
 [0 0 9 0 0 6 0 0 0]
 [0 0 0 0 2 0 0 0 8]
 [4 3 0 0 0 0 0 7 0]
 [0 0 0 0 7 4 9 6 0]
 [0 0 0 0 6 0 0 0 0]
 [0 0 2 0 1 0 4 3 0]
 [6 0 0 0 9 8 1 0 5]]
Solution:
[[8 5 3 9 2 1 0 6 7]
 [9 0 7 8 4 5 2 1 3]
 [6 2 1 7 0 3 9 5 4]
 [5 7 6 3 0 8 4 9 2]
 [1 9 2 5 7 4 8 3 6]
 [3 8 4 2 6 9 5 7 1]
 [2 3 5 4 8 7 1 0 9]
 [4 6 9 0 1 0 7 8 5]
 [7 1 8 6 5 2 3 4 0]]
Number of cells unfilled: 8
Accuracy: 90.12345679012346
Sample: 62562
Question:
[[0 7 0 0 0 0 0 0 4]
 [0 0 2 4 0 0 9 0 0]
 [0 6 0 0 8 5 0 0 0]
 [7 0 0 0 0 0 2 1 0]
 [0 0 0 0 0 3 8 0 0]
 [0 0 8 1 0 0 0 0 9]
 [6 0 0 0 0 0 0 0 0]
 [0 0 1 2 0 0 0 9 0]
 [3 2 0 0 5 0 1 0 0]]
Solution:
[[8 5 3 9 2 0 1 6 7]
 [9 0 7 1 4 5 2 8 3]
 [6 2 1 7 0 3 9 5 4]
 [5 7 6 3 0 8 4 9 2]
 [1 9 2 5 7 4 8 3 6]
 [3 8 4 2 6 9 5 7 1]
 [2 3 5 4 8 7 6 1 9]
 [4 6 9 0 1 0 7 2 8]
 [7 1 8 6 5 2 3 4 0]]
Number of cells unfilled: 7
Accuracy: 91.35802469135803
Sample: 62563
Question:
[[0 0 0 0 0 7 3 1 4]
 [5 0 0 0 4 0 0 9 0]
 [0 0 0 0 0 1 0 0 0]
 [0 2 0 0 0 4 0 0 0]
 [0 0 5 7 0 8 0 0 0]
 [0 0 6 2 0 0 5 0 9]
 [0 5 9 0 0 0 0 0 8]
 [1 0 0 0 0 0 2 6 0]
 [3 0 0 8 0 0 0 0 0]]
Solution:
[[8 5 3 9 2 1 0 6 7]
 [9 0 7 8 4 5 2 1 3]
 [6 2 1 7 0 3 9 5 4]
 [5 7 6 3 0 8 4 9 2]
 [0 9 2 1 7 4 8 3 6]
 [3 8 4 2 6 9 5 7 1]
 [2 3 5 4 8 7 6 0 9]
 [4 6 9 0 1 0 7 2 8]
 [7 1 8 6 5 2 3 4 0]]
Number of cells unfilled: 9
Accuracy: 88.88888888888889
Sample: 62564
Question:
[[0 8 0 3 0 0 0 0 6]
 [5 0 0 0 0 2 0 7 0]
 [0 0 1 0 0 0 0 0 0]
 [0 9 0 8 0 0 0 0 0]
 [0 0 0 0 4 0 0 0 3]
 [1 0 0 0 0 5 6 0 0]
 [0 0 2 0 0 0 1 0 0]
 [7 0 0 0 0 6 0 5 0]
 [0 0 0 0 9 0 0 0 4]]
Solution:
[[8 5 3 9 2 0 1 6 7]
 [9 0 7 1 4 5 2 8 3]
 [6 2 1 7 0 3 9 5 4]
 [5 7 6 3 0 8 4 9 2]
 [1 9 2 5 7 4 8 3 6]
 [3 8 4 2 6 9 5 7 1]
 [2 3 5 4 8 7 6 1 9]
 [4 6 9 0 1 0 7 2 8]
 [7 1 8 6 9 2 3 4 5]]
Number of cells unfilled: 6
Accuracy: 92.5925925925926
Sample: 62565
Question:
[[0 0 0 0 0 0 0 9 0]
 [7 0 0 3 0 0 0 0 8]
 [0 2 9 0 5 0 0 0 0]
 [0 0 0 0 1 0 0 0 6]
 [0 3 0 6 0 0 8 7 0]
 [6 0 0 0 0 0 0 3 0]
 [3 0 0 1 0 0 0 0 7]
 [0 0 4 0 0 0 0 0 0]
 [0 5 0 0 0 2 4 0 0]]
Solution:
[[8 5 3 9 2 0 1 6 7]
 [9 0 7 1 4 5 2 8 3]
 [6 2 1 7 0 3 9 5 4]
 [5 7 6 3 0 8 4 9 2]
 [1 9 2 5 7 4 8 3 6]
 [3 8 4 2 6 9 5 7 1]
 [2 3 5 4 8 7 6 1 9]
 [4 6 9 0 1 0 7 2 5]
 [7 1 8 6 5 2 3 4 0]]
Number of cells unfilled: 7
Accuracy: 91.35802469135803
Sample: 62566
Question:
[[0 0 0 0 0 5 0 4 0]
 [5 0 0 3 0 0 6 0 0]
 [0 0 1 0 0 6 0 0 0]
 [0 2 0 0 0 0 0 9 0]
 [6 0 0 0 3 0 7 0 0]
 [0 1 7 0 0 0 0 0 4]
 [0 0 0 7 0 0 0 2 0]
 [0 9 0 8 6 0 0 0 7]
 [7 0 0 0 0 3 8 0 0]]
Solution:
[[8 5 3 9 2 1 0 6 7]
 [9 0 7 8 4 5 2 1 3]
 [6 2 1 7 0 3 9 5 4]
 [5 7 6 3 0 8 4 9 2]
 [0 9 2 1 7 4 8 3 6]
 [3 8 4 2 6 9 5 7 1]
 [2 3 5 4 8 7 1 0 9]
 [4 6 9 0 1 0 7 8 5]
 [7 1 8 6 5 2 3 4 0]]
Number of cells unfilled: 9
Accuracy: 88.88888888888889
Sample: 62567
Question:
[[0 0 2 3 0 0 0 0 9]
 [0 9 0 0 0 1 0 3 0]
 [0 0 0 9 0 0 5 0 0]
 [0 0 6 0 0 8 0 0 4]
 [0 8 0 1 0 0 0 6 0]
 [9 0 7 0 0 6 0 0 0]
 [7 0 0 0 0 0 4 0 0]
 [0 0 5 0 0 0 2 0 0]
 [0 3 0 0 1 0 0 8 0]]
Solution:
[[8 5 3 9 2 1 0 6 7]
 [9 0 7 8 4 5 2 0 3]
 [6 2 1 7 0 3 9 5 4]
 [5 7 6 3 0 8 4 9 2]
 [0 9 2 1 7 4 8 3 6]
 [3 8 4 2 6 9 5 7 1]
 [2 3 5 4 8 7 6 1 9]
 [4 6 9 5 1 0 7 2 8]
 [7 1 8 6 9 2 3 4 5]]
Number of cells unfilled: 7
Accuracy: 91.35802469135803
Sample: 62568
Question:
[[0 0 4 6 3 0 0 9 0]
 [3 0 0 9 0 0 7 0 0]
 [0 0 0 0 0 5 0 3 0]
 [9 0 0 2 0 0 0 0 7]
 [0 0 5 0 0 4 0 0 0]
 [0 8 0 0 0 6 0 0 0]
 [0 0 8 0 0 0 1 0 0]
 [2 0 0 1 0 0 0 7 0]
 [0 0 1 0 6 0 2 0 0]]
Solution:
[[8 5 3 9 2 0 1 6 7]
 [9 0 7 1 4 5 2 8 3]
 [6 2 1 7 0 3 9 5 4]
 [5 7 6 3 0 8 4 9 2]
 [1 9 2 5 7 4 8 3 6]
 [3 8 4 2 6 9 5 7 1]
 [2 3 5 4 8 7 6 1 9]
 [4 6 9 0 1 0 7 2 8]
 [7 1 8 6 9 2 3 4 5]]
Number of cells unfilled: 6
Accuracy: 92.5925925925926
Sample: 62569
Question:
[[0 0 8 0 5 0 7 0 0]
 [1 0 0 0 0 0 0 0 5]
 [7 0 0 0 0 3 0 0 8]
 [0 0 0 0 0 4 9 0 0]
 [0 0 9 0 2 0 0 0 7]
 [0 6 0 7 0 0 2 0 0]
 [3 0 0 0 0 1 0 0 0]
 [6 0 0 4 0 0 0 0 0]
 [0 0 2 0 8 0 0 7 0]]
Solution:
[[8 5 3 9 2 1 0 6 7]
 [9 0 7 8 4 5 2 1 3]
 [6 2 1 7 0 3 9 8 4]
 [5 7 6 3 0 8 4 9 2]
 [0 9 2 1 7 4 8 3 6]
 [3 8 4 2 6 9 5 7 1]
 [2 3 5 4 8 7 1 0 9]
 [4 6 9 5 1 0 7 2 8]
 [7 1 8 6 9 2 3 4 5]]
Number of cells unfilled: 7
Accuracy: 91.35802469135803
Sample: 62570
Question:
[[0 3 0 0 2 0 0 0 0]
 [1 0 0 5 8 0 0 2 0]
 [0 0 4 0 0 3 8 0 0]
 [4 0 0 0 0 0 0 0 6]
 [0 0 3 0 0 8 9 0 0]
 [0 5 0 1 6 0 0 0 0]
 [3 4 0 0 0 0 7 0 0]
 [0 0 0 0 0 7 0 0 0]
 [0 0 7 0 0 0 0 9 8]]
Solution:
[[8 5 3 9 2 0 7 6 0]
 [9 0 7 8 4 5 2 1 3]
 [6 2 1 7 0 3 9 5 4]
 [5 7 6 3 9 8 4 2 1]
 [1 9 2 5 7 4 8 3 6]
 [3 8 4 2 6 1 5 7 0]
 [2 3 5 4 8 7 6 0 9]
 [4 6 9 0 1 0 0 8 2]
 [7 1 8 6 5 2 3 4 0]]
Number of cells unfilled: 10
Accuracy: 87.65432098765432
Sample: 62571
Question:
[[1 0 0 0 0 0 9 0 0]
 [2 0 0 7 0 0 0 0 0]
 [0 0 4 0 0 1 0 0 2]
 [0 0 3 5 0 0 0 0 0]
 [4 0 0 0 0 6 0 0 3]
 [0 2 6 0 0 0 0 8 0]
 [0 4 0 0 0 2 0 0 6]
 [0 0 0 9 0 0 7 0 0]
 [0 0 0 0 5 0 8 2 0]]
Solution:
[[8 5 3 9 2 0 7 6 1]
 [9 0 7 8 4 5 2 0 3]
 [6 2 1 7 0 3 9 8 4]
 [5 7 6 3 9 8 4 1 2]
 [1 9 2 5 7 4 8 3 6]
 [3 8 4 2 6 1 5 7 0]
 [2 3 5 4 8 7 1 0 9]
 [4 6 9 0 1 0 0 2 5]
 [7 1 8 6 5 2 3 4 0]]
Number of cells unfilled: 10
Accuracy: 87.65432098765432
Sample: 62572
Question:
[[9 0 0 0 0 0 0 6 1]
 [0 0 3 8 0 0 2 0 0]
 [0 7 0 0 6 0 0 0 0]
 [0 0 0 0 3 0 5 0 0]
 [7 3 0 5 0 0 0 0 0]
 [0 0 5 0 2 8 0 0 0]
 [0 1 0 0 0 4 0 0 9]
 [0 0 7 2 0 0 3 0 0]
 [0 0 0 0 0 0 0 4 0]]
Solution:
[[8 5 3 9 2 0 1 6 7]
 [9 0 7 1 4 5 2 8 3]
 [6 2 1 7 0 3 9 5 4]
 [5 7 6 3 9 8 4 1 2]
 [1 9 2 5 7 4 8 3 6]
 [3 8 4 2 6 1 5 7 0]
 [2 3 5 4 8 7 6 0 9]
 [4 6 9 0 1 0 7 2 8]
 [7 1 8 6 5 2 3 4 0]]
Number of cells unfilled: 8
Accuracy: 90.12345679012346
Sample: 62573
Question:
[[0 0 0 4 0 0 0 9 0]
 [0 3 0 0 0 1 0 0 6]
 [0 0 0 0 0 0 1 5 0]
 [3 0 0 0 0 7 0 0 1]
 [0 7 0 0 0 0 0 4 0]
 [0 0 1 9 2 0 0 0 0]
 [8 6 0 0 0 0 5 0 0]
 [7 0 0 2 6 0 0 0 0]
 [0 0 3 0 0 8 0 0 7]]
Solution:
[[8 5 3 9 2 0 7 6 0]
 [9 0 7 8 4 5 2 1 3]
 [6 2 1 7 0 3 9 5 4]
 [5 7 6 3 9 8 4 2 1]
 [1 9 2 5 7 4 8 3 6]
 [3 8 4 2 6 1 5 7 0]
 [2 3 5 4 8 7 1 0 9]
 [4 6 9 0 1 0 0 8 5]
 [7 1 8 6 5 2 3 4 0]]
Number of cells unfilled: 10
Accuracy: 87.65432098765432
Sample: 62574
Question:
[[0 0 3 9 0 0 4 0 0]
 [0 0 4 0 0 0 0 0 0]
 [6 0 0 0 0 8 0 0 7]
 [8 0 0 0 0 2 0 0 6]
 [0 9 0 3 1 0 0 0 0]
 [0 0 0 0 8 0 7 1 0]
 [0 6 0 0 0 5 0 2 0]
 [0 0 8 0 0 0 0 0 5]
 [5 0 0 0 0 0 6 7 0]]
Solution:
[[8 5 3 9 2 1 0 6 7]
 [9 0 7 8 4 5 2 1 3]
 [6 2 1 7 0 3 9 5 4]
 [5 7 6 3 0 8 4 9 2]
 [1 9 2 5 7 4 8 3 6]
 [3 8 4 2 6 9 5 7 1]
 [2 3 5 4 8 7 6 0 9]
 [4 6 9 0 1 0 7 8 5]
 [7 1 8 6 5 2 3 4 0]]
Number of cells unfilled: 8
Accuracy: 90.12345679012346
Sample: 62575
Question:
[[7 0 0 0 0 3 0 0 0]
 [0 0 3 0 0 0 0 8 2]
 [0 2 0 5 8 0 0 7 0]
 [5 0 0 0 0 0 0 0 0]
 [1 3 0 0 0 0 0 6 8]
 [0 0 0 0 5 9 0 0 0]
 [0 6 5 0 0 0 4 0 3]
 [0 0 4 1 0 0 0 9 0]
 [0 0 0 0 6 4 8 0 0]]
Solution:
[[8 5 3 9 2 0 7 6 0]
 [9 0 7 8 4 5 2 1 3]
 [6 2 1 7 0 3 9 8 4]
 [5 7 6 3 9 8 4 2 1]
 [1 9 2 5 7 4 8 3 6]
 [3 8 4 2 6 1 5 7 0]
 [2 3 5 4 8 7 6 0 9]
 [4 6 9 0 1 0 0 5 2]
 [7 1 8 6 5 2 3 4 0]]
Number of cells unfilled: 10
Accuracy: 87.65432098765432
Sample: 62576
Question:
[[0 0 0 0 0 8 6 0 5]
 [0 0 0 5 0 0 0 0 7]
 [0 0 3 1 4 0 0 2 0]
 [9 0 6 0 0 1 7 0 0]
 [0 0 0 0 0 0 0 0 0]
 [8 2 0 9 0 4 5 0 0]
 [1 9 0 8 5 0 0 0 0]
 [0 0 0 0 0 9 0 0 0]
 [0 0 0 0 0 2 8 0 4]]
Solution:
[[8 5 3 9 2 0 1 6 7]
 [9 0 7 1 4 5 2 8 3]
 [6 2 1 7 0 3 0 9 4]
 [5 7 6 3 9 8 4 1 2]
 [1 9 2 5 7 4 8 3 6]
 [3 8 4 2 6 1 5 7 0]
 [2 3 5 4 8 7 6 0 9]
 [4 6 9 0 1 0 7 5 8]
 [7 1 8 6 5 2 3 4 0]]
Number of cells unfilled: 9
Accuracy: 88.88888888888889
Sample: 62577
Question:
[[0 9 0 0 3 0 7 0 0]
 [0 0 5 0 7 0 3 0 2]
 [0 8 0 0 5 0 0 9 4]
 [0 0 0 8 0 0 0 0 0]
 [5 0 8 6 0 7 0 0 3]
 [4 0 0 0 0 0 0 2 0]
 [0 5 0 0 0 9 0 4 0]
 [9 0 0 0 0 4 1 0 0]
 [0 1 0 0 6 0 0 0 0]]
Solution:
[[8 5 3 9 2 0 7 6 1]
 [9 0 7 8 4 5 2 0 3]
 [6 2 1 7 0 3 9 8 4]
 [5 7 6 3 9 8 4 1 2]
 [1 9 2 5 7 4 8 3 6]
 [3 8 4 2 6 1 5 7 0]
 [2 3 5 4 8 7 6 0 9]
 [4 6 9 0 1 0 0 5 7]
 [7 1 8 6 5 2 3 4 0]]
Number of cells unfilled: 10
Accuracy: 87.65432098765432
Sample: 62578
Question:
[[0 9 4 0 0 3 2 0 0]
 [0 7 0 0 0 0 0 8 0]
 [0 8 5 4 0 2 0 0 9]
 [0 0 0 9 0 0 0 0 0]
 [0 0 0 5 0 0 0 0 8]
 [0 3 0 0 0 7 0 9 0]
 [0 0 0 0 0 0 0 0 0]
 [0 0 9 3 6 0 1 0 5]
 [0 0 6 0 5 0 0 4 7]]
Solution:
[[8 5 3 9 2 0 1 6 7]
 [9 0 7 8 4 5 2 0 3]
 [6 2 1 7 0 3 9 8 4]
 [5 7 6 3 9 8 4 1 2]
 [1 9 2 5 7 4 8 3 6]
 [3 8 4 2 6 1 5 7 0]
 [2 3 5 4 8 7 6 0 9]
 [4 6 9 0 1 0 7 2 5]
 [7 1 8 6 5 2 3 4 0]]
Number of cells unfilled: 9
Accuracy: 88.88888888888889
Sample: 62579
Question:
[[0 0 9 0 2 0 0 0 0]
 [0 6 2 8 0 7 0 0 4]
 [7 0 0 4 0 0 0 0 0]
 [0 3 0 0 0 0 0 5 0]
 [2 0 0 0 7 0 0 0 8]
 [0 0 5 9 0 0 4 0 0]
 [0 0 0 3 0 0 1 0 0]
 [6 0 0 0 8 0 0 0 2]
 [0 0 0 0 0 1 8 0 0]]
Solution:
[[8 5 3 9 2 0 7 6 0]
 [9 0 7 8 4 5 2 1 3]
 [6 2 1 7 0 3 9 5 4]
 [5 7 6 3 9 8 4 2 1]
 [1 9 2 5 7 4 8 3 6]
 [3 8 4 2 6 1 5 7 0]
 [2 3 5 4 8 7 6 0 9]
 [4 6 9 0 1 0 0 8 5]
 [7 1 8 6 5 2 3 4 0]]
Number of cells unfilled: 10
Accuracy: 87.65432098765432
Sample: 62580
Question:
[[0 1 0 0 5 2 6 0 0]
 [0 8 0 0 0 0 0 0 0]
 [4 0 0 9 0 6 0 0 0]
 [0 0 0 1 0 0 3 7 0]
 [2 3 0 0 4 0 1 0 0]
 [0 0 0 0 0 5 0 0 0]
 [0 9 0 0 6 0 2 0 0]
 [0 0 0 0 0 0 0 3 0]
 [7 0 6 2 0 1 0 4 0]]
Solution:
[[8 5 3 9 2 0 1 6 7]
 [9 0 7 1 4 5 2 8 3]
 [6 2 1 7 0 3 9 5 4]
 [5 7 6 3 0 8 4 9 2]
 [1 9 2 5 7 4 8 3 6]
 [3 8 4 2 6 9 5 7 1]
 [2 3 5 4 8 7 6 1 9]
 [4 6 9 0 1 0 7 2 8]
 [7 1 8 6 9 2 3 4 5]]
Number of cells unfilled: 6
Accuracy: 92.5925925925926
Sample: 62581
Question:
[[0 3 0 0 0 0 7 0 9]
 [7 0 0 0 0 9 0 5 0]
 [0 0 6 0 7 0 0 0 0]
 [0 0 0 0 0 2 9 0 5]
 [5 0 0 0 4 0 0 0 8]
 [0 2 0 0 0 0 0 4 0]
 [2 0 0 0 9 4 0 8 0]
 [0 0 0 1 3 0 0 0 0]
 [4 0 3 0 0 8 0 9 0]]
Solution:
[[8 5 3 9 2 0 1 6 7]
 [9 0 7 1 4 5 2 8 3]
 [6 2 1 7 0 3 9 5 4]
 [5 7 6 3 0 8 4 9 2]
 [1 9 2 5 7 4 8 3 6]
 [3 8 4 2 6 9 5 7 1]
 [2 3 5 4 8 7 6 1 9]
 [4 6 9 0 1 0 7 2 8]
 [7 1 8 6 9 2 3 4 5]]
Number of cells unfilled: 6
Accuracy: 92.5925925925926
Sample: 62582
Question:
[[0 0 6 0 0 2 0 0 0]
 [0 8 0 0 0 0 5 0 1]
 [0 9 0 8 0 4 0 2 0]
 [0 0 0 9 0 8 7 0 0]
 [0 0 0 0 3 0 8 0 5]
 [0 0 0 7 1 0 0 0 0]
 [1 0 0 0 0 0 0 0 9]
 [2 4 0 0 0 0 0 0 7]
 [0 3 9 4 2 0 0 0 8]]
Solution:
[[8 5 3 9 2 0 7 6 1]
 [9 0 7 1 4 5 2 8 3]
 [6 2 1 7 0 3 9 5 4]
 [5 7 6 3 0 8 4 9 2]
 [1 9 2 5 7 4 8 3 6]
 [3 8 4 2 6 1 5 7 0]
 [2 3 5 4 8 7 6 1 9]
 [4 6 9 0 1 0 0 2 8]
 [7 1 8 6 9 2 3 4 5]]
Number of cells unfilled: 8
Accuracy: 90.12345679012346
Sample: 62583
Question:
[[0 2 3 0 1 0 0 0 4]
 [6 7 0 5 0 0 0 0 0]
 [8 0 0 0 0 0 0 0 0]
 [0 5 0 0 0 8 4 0 0]
 [0 0 0 7 0 0 0 0 0]
 [0 0 2 0 3 0 0 0 9]
 [0 0 6 0 0 0 3 9 0]
 [0 0 0 0 0 1 0 0 6]
 [0 0 0 9 6 0 2 4 0]]
Solution:
[[8 5 3 9 2 0 7 6 1]
 [9 0 7 1 4 5 2 8 3]
 [6 2 1 7 0 3 9 5 4]
 [5 7 6 3 0 8 4 1 2]
 [1 9 2 5 7 4 8 3 6]
 [3 8 4 2 6 1 5 7 0]
 [2 3 5 4 8 7 6 0 9]
 [4 6 9 0 1 0 0 2 8]
 [7 1 8 6 9 2 3 4 5]]
Number of cells unfilled: 9
Accuracy: 88.88888888888889
Sample: 62584
Question:
[[4 0 0 9 0 2 8 0 0]
 [0 8 0 0 0 0 5 0 3]
 [0 1 0 5 0 0 0 4 0]
 [0 7 9 0 2 0 0 0 0]
 [0 0 0 3 0 1 0 0 2]
 [1 6 0 0 0 5 0 0 0]
 [0 0 0 0 0 0 0 3 0]
 [0 0 0 0 0 3 0 0 6]
 [0 5 0 0 6 0 9 0 0]]
Solution:
[[8 5 3 9 2 0 1 6 7]
 [9 0 7 8 4 5 2 0 3]
 [6 2 1 7 0 3 9 5 4]
 [5 7 6 3 9 8 4 1 2]
 [1 9 2 5 7 4 8 3 6]
 [3 8 4 2 6 1 5 7 0]
 [2 3 5 4 8 7 6 0 9]
 [4 6 9 0 1 0 7 2 5]
 [7 1 8 6 5 2 3 4 0]]
Number of cells unfilled: 9
Accuracy: 88.88888888888889
Sample: 62585
Question:
[[0 0 0 4 0 0 9 0 0]
 [0 7 0 9 0 0 6 0 1]
 [0 0 0 0 0 5 0 8 0]
 [0 6 0 1 0 0 0 0 4]
 [2 0 0 0 0 0 0 3 0]
 [0 0 0 0 0 0 7 0 6]
 [0 0 5 0 0 0 0 0 0]
 [0 1 0 7 4 0 0 0 0]
 [3 0 0 0 0 2 0 0 0]]
Solution:
[[8 5 3 9 2 0 7 6 1]
 [9 0 7 1 4 5 2 8 3]
 [6 2 1 7 0 3 9 5 4]
 [5 7 6 3 9 8 4 1 2]
 [1 9 2 5 7 4 8 3 6]
 [3 8 4 2 6 1 5 7 0]
 [2 3 5 4 8 7 1 0 9]
 [4 6 9 0 1 0 0 2 5]
 [7 1 8 6 5 2 3 4 0]]
Number of cells unfilled: 9
Accuracy: 88.88888888888889
Sample: 62586
Question:
[[2 8 0 4 0 3 0 0 1]
 [0 0 1 7 0 0 0 3 0]
 [3 0 0 0 0 1 5 6 8]
 [0 1 9 0 0 0 6 0 0]
 [0 3 0 0 0 0 8 7 4]
 [0 0 4 6 0 2 0 0 0]
 [0 7 0 0 4 5 0 8 0]
 [5 0 0 3 9 0 0 4 0]
 [0 0 6 1 0 7 2 0 0]]
Solution:
[[8 5 3 9 2 0 7 6 1]
 [9 0 7 1 4 5 2 8 3]
 [6 2 1 7 0 3 0 9 4]
 [5 7 6 3 0 8 4 2 0]
 [1 9 2 5 7 4 8 3 6]
 [3 8 4 2 6 1 5 7 0]
 [2 3 5 4 8 7 6 1 9]
 [4 6 9 0 1 0 0 0 8]
 [7 1 8 6 9 2 3 4 5]]
Number of cells unfilled: 11
Accuracy: 86.41975308641975
Sample: 62587
Question:
[[0 2 9 0 0 0 0 0 0]
 [0 0 3 6 0 2 8 0 0]
 [8 0 1 0 0 0 0 6 0]
 [0 0 0 0 9 0 0 0 0]
 [1 9 4 0 0 6 0 7 0]
 [0 0 0 3 8 4 1 0 0]
 [0 0 0 0 0 0 0 0 1]
 [0 0 7 8 3 1 2 0 6]
 [0 0 0 0 0 9 0 8 7]]
Solution:
[[8 5 3 9 2 0 7 6 0]
 [9 0 7 8 4 5 2 1 3]
 [6 2 1 7 0 3 9 8 4]
 [5 7 6 3 0 8 4 9 1]
 [1 9 2 5 7 4 8 3 6]
 [3 8 4 2 6 1 5 7 0]
 [2 3 5 4 8 7 6 0 9]
 [4 6 9 0 1 0 0 2 7]
 [7 1 8 6 9 2 3 4 5]]
Number of cells unfilled: 10
Accuracy: 87.65432098765432
Sample: 62588
Question:
[[0 0 1 0 0 0 2 0 0]
 [3 0 0 0 1 0 0 6 0]
 [0 5 0 0 0 9 0 3 0]
 [6 0 0 4 0 0 0 1 0]
 [0 0 7 0 2 3 0 0 0]
 [0 9 0 0 0 0 0 0 3]
 [0 0 8 0 6 0 0 7 0]
 [0 0 0 0 0 5 8 0 0]
 [4 0 0 8 0 0 0 0 6]]
Solution:
[[8 5 3 9 2 1 0 6 7]
 [9 0 7 8 4 5 2 1 3]
 [6 2 1 7 0 3 9 5 4]
 [5 7 6 3 0 8 4 9 2]
 [1 9 2 5 7 4 8 3 6]
 [3 8 4 2 6 9 5 7 1]
 [2 3 5 4 8 7 6 0 9]
 [4 6 9 0 1 0 7 2 8]
 [7 1 8 6 9 2 3 4 5]]
Number of cells unfilled: 7
Accuracy: 91.35802469135803
Sample: 62589
Question:
[[2 0 4 0 5 0 3 0 0]
 [0 0 0 8 2 0 0 0 0]
 [7 9 0 0 3 4 0 0 5]
 [0 0 0 7 0 0 0 0 0]
 [0 0 0 0 0 8 0 0 2]
 [9 0 6 0 0 0 0 0 0]
 [0 0 7 4 0 3 9 6 0]
 [6 0 0 0 0 2 0 0 0]
 [4 1 0 0 0 9 2 0 0]]
Solution:
[[8 5 3 9 2 1 7 6 0]
 [9 0 7 8 4 5 2 1 3]
 [6 2 1 7 0 3 9 8 4]
 [5 7 6 3 0 8 4 9 2]
 [0 9 2 1 7 4 8 3 6]
 [3 8 4 2 6 9 5 7 1]
 [2 3 5 4 8 7 1 0 9]
 [4 6 9 5 1 0 0 2 7]
 [7 1 8 6 9 2 3 4 5]]
Number of cells unfilled: 8
Accuracy: 90.12345679012346
Sample: 62590
Question:
[[0 3 0 0 0 0 0 5 4]
 [0 0 8 0 0 0 3 0 0]
 [5 0 0 3 0 0 0 7 0]
 [0 0 0 0 0 2 0 6 0]
 [0 0 1 0 6 0 0 0 7]
 [6 5 0 7 0 0 4 0 0]
 [0 0 9 0 0 7 0 0 0]
 [0 8 5 4 0 0 0 0 0]
 [2 0 0 0 1 0 0 0 9]]
Solution:
[[8 5 3 9 2 1 7 6 0]
 [9 0 7 8 4 5 2 1 3]
 [6 2 1 7 0 3 9 5 4]
 [5 7 6 3 0 8 4 9 2]
 [0 9 2 1 7 4 8 3 6]
 [3 8 4 2 6 9 5 7 1]
 [2 3 5 4 8 7 1 0 9]
 [4 6 9 5 1 0 0 8 7]
 [7 1 8 6 9 2 3 4 5]]
Number of cells unfilled: 8
Accuracy: 90.12345679012346
Sample: 62591
Question:
[[0 8 0 0 0 0 0 0 9]
 [0 0 0 0 7 8 3 0 0]
 [0 0 3 9 0 0 0 0 5]
 [3 9 0 8 0 0 7 0 0]
 [6 0 0 0 5 0 0 0 0]
 [0 5 1 7 0 0 9 0 0]
 [0 3 0 1 0 0 5 0 0]
 [0 0 0 0 0 4 0 0 0]
 [1 0 0 0 9 0 0 2 0]]
Solution:
[[8 5 3 9 2 1 7 6 0]
 [9 0 7 8 4 5 2 1 3]
 [6 2 1 7 0 3 9 8 4]
 [5 7 6 3 0 8 4 9 2]
 [0 9 2 1 7 4 8 3 6]
 [3 8 4 2 6 9 5 7 1]
 [2 3 5 4 8 7 1 0 9]
 [4 6 9 5 1 0 0 2 8]
 [7 1 8 6 9 2 3 4 5]]
Number of cells unfilled: 8
Accuracy: 90.12345679012346
Sample: 62592
Question:
[[0 0 0 6 0 0 0 0 0]
 [0 0 7 8 0 0 9 0 4]
 [0 1 0 9 0 0 3 0 0]
 [0 0 6 0 0 5 2 0 0]
 [0 0 0 3 0 0 0 6 0]
 [0 9 0 0 0 4 0 1 0]
 [0 4 0 0 0 0 7 9 0]
 [0 6 3 2 0 9 1 0 0]
 [0 7 0 0 0 0 0 0 0]]
Solution:
[[8 5 3 9 2 1 0 6 7]
 [9 0 7 8 4 5 2 1 3]
 [6 2 1 7 0 3 9 5 4]
 [5 7 6 3 0 8 4 9 2]
 [0 9 2 1 7 4 8 3 6]
 [3 8 4 2 6 9 5 7 1]
 [2 3 5 4 8 7 1 0 9]
 [4 6 9 5 1 0 7 2 8]
 [7 1 8 6 9 2 3 4 5]]
Number of cells unfilled: 7
Accuracy: 91.35802469135803
Sample: 62593
Question:
[[0 0 9 0 0 4 0 0 8]
 [0 0 0 0 5 0 0 0 0]
 [0 0 4 0 0 3 6 2 0]
 [0 0 0 0 7 0 0 8 6]
 [5 0 0 4 0 0 1 9 0]
 [0 0 2 1 3 0 0 0 7]
 [0 4 5 9 6 0 0 0 0]
 [9 0 0 0 0 0 0 0 0]
 [0 6 1 0 0 0 0 0 5]]
Solution:
[[8 5 3 9 2 1 0 6 7]
 [9 0 7 8 4 5 2 1 3]
 [6 2 1 7 0 3 9 5 4]
 [5 7 6 3 0 8 4 9 2]
 [0 9 2 1 7 4 8 3 6]
 [3 8 4 2 6 9 5 7 1]
 [2 3 5 4 8 7 1 0 9]
 [4 6 9 0 1 0 7 2 5]
 [7 1 8 6 5 2 3 4 0]]
Number of cells unfilled: 9
Accuracy: 88.88888888888889
Sample: 62594
Question:
[[0 6 1 0 4 0 0 0 0]
 [0 8 0 2 6 0 0 0 0]
 [0 0 4 0 0 5 8 0 0]
 [2 0 0 0 0 7 0 9 0]
 [0 9 0 0 5 0 0 0 0]
 [7 0 0 3 0 0 0 0 6]
 [0 0 0 0 7 0 0 0 0]
 [4 0 2 5 0 0 1 0 8]
 [0 0 0 0 0 1 9 4 0]]
Solution:
[[8 5 3 9 2 0 7 6 0]
 [9 0 7 1 4 5 2 8 3]
 [6 2 1 7 0 3 9 5 4]
 [5 7 6 3 9 8 4 2 1]
 [1 9 2 5 7 4 8 3 6]
 [3 8 4 2 6 1 5 7 0]
 [2 3 5 4 8 7 6 1 9]
 [4 6 9 0 1 0 0 0 2]
 [7 1 8 6 5 2 3 4 0]]
Number of cells unfilled: 10
Accuracy: 87.65432098765432
Sample: 62595
Question:
[[6 0 0 8 0 0 0 0 3]
 [3 9 2 0 0 0 0 0 0]
 [0 0 0 0 0 0 0 5 6]
 [0 7 0 0 0 5 2 0 0]
 [0 0 0 0 0 8 0 0 9]
 [2 5 3 0 0 0 0 4 0]
 [0 0 7 0 9 6 0 0 0]
 [0 0 9 0 0 0 0 7 0]
 [0 0 0 7 1 0 0 0 4]]
Solution:
[[8 5 3 9 2 0 7 6 1]
 [9 0 7 8 4 5 2 0 3]
 [6 2 1 7 0 3 9 5 4]
 [5 7 6 3 9 8 4 1 2]
 [1 9 2 5 7 4 8 3 6]
 [3 8 4 2 6 1 5 7 0]
 [2 3 5 4 8 7 1 0 9]
 [4 6 9 0 1 0 0 8 5]
 [7 1 8 6 5 2 3 4 0]]
Number of cells unfilled: 10
Accuracy: 87.65432098765432
Sample: 62596
Question:
[[0 4 9 1 7 0 0 0 0]
 [0 0 0 0 0 0 0 3 4]
 [6 0 0 0 5 0 0 0 2]
 [0 0 0 0 9 0 0 0 0]
 [0 7 2 0 0 0 0 6 0]
 [0 0 0 6 1 0 0 8 9]
 [0 3 4 0 0 0 0 0 8]
 [5 0 0 0 6 0 7 0 0]
 [0 0 0 0 0 0 0 0 0]]
Solution:
[[8 5 3 9 2 1 7 6 0]
 [9 0 7 8 4 5 2 1 3]
 [6 2 1 7 0 3 9 8 4]
 [5 7 6 3 0 8 4 2 0]
 [0 9 2 1 7 4 8 3 6]
 [3 8 4 2 6 9 5 7 1]
 [2 3 5 4 8 7 6 0 9]
 [4 6 9 0 1 0 0 5 7]
 [7 1 8 6 5 2 3 4 0]]
Number of cells unfilled: 11
Accuracy: 86.41975308641975
Sample: 62597
Question:
[[4 0 0 0 0 5 0 0 0]
 [0 0 1 0 3 0 0 0 8]
 [7 5 0 0 0 0 6 0 0]
 [3 4 0 9 0 0 0 0 1]
 [0 0 9 0 0 0 0 0 0]
 [8 1 0 0 4 0 0 0 0]
 [0 8 0 2 0 0 7 0 0]
 [0 0 0 0 0 6 0 2 0]
 [0 0 4 0 1 0 0 0 9]]
Solution:
[[8 5 3 9 2 0 1 6 7]
 [9 0 7 1 4 5 2 8 3]
 [6 2 1 7 0 3 9 5 4]
 [5 7 6 3 9 8 4 1 2]
 [1 9 2 5 7 4 8 3 6]
 [3 8 4 2 6 1 5 7 0]
 [2 3 5 4 8 7 6 0 9]
 [4 6 9 0 1 0 7 2 5]
 [7 1 8 6 5 2 3 4 0]]
Number of cells unfilled: 8
Accuracy: 90.12345679012346
Sample: 62598
Question:
[[1 0 0 9 0 0 3 6 0]
 [0 0 5 0 4 0 7 0 2]
 [0 2 6 0 0 0 8 0 0]
 [6 0 0 0 5 9 0 0 0]
 [0 0 2 0 0 0 6 7 0]
 [0 0 8 0 0 0 5 0 9]
 [0 0 0 1 0 3 0 0 0]
 [8 7 1 0 9 0 0 0 0]
 [0 0 0 0 0 5 0 0 0]]
Solution:
[[8 5 3 9 2 0 7 6 0]
 [9 0 7 8 4 5 2 1 3]
 [6 2 1 7 0 3 9 5 4]
 [5 7 6 3 9 8 4 2 1]
 [1 9 2 5 7 4 8 3 6]
 [3 8 4 2 6 1 5 7 0]
 [2 3 5 4 8 7 6 0 9]
 [4 6 9 0 1 0 0 8 5]
 [7 1 8 6 5 2 3 4 0]]
Number of cells unfilled: 10
Accuracy: 87.65432098765432
Sample: 62599
Question:
[[9 0 7 2 0 0 6 0 0]
 [0 0 0 4 9 0 0 0 0]
 [0 8 6 0 1 0 0 2 0]
 [0 2 0 6 0 0 0 0 0]
 [0 0 0 0 5 8 0 1 0]
 [0 0 0 0 0 0 0 9 0]
 [0 0 0 0 0 0 0 4 8]
 [0 0 8 5 0 3 0 0 0]
 [0 4 2 0 0 0 9 0 3]]
Solution:
[[8 5 3 9 2 0 7 6 1]
 [9 0 7 1 4 5 2 8 3]
 [6 2 1 7 0 3 9 5 4]
 [5 7 6 3 0 8 4 9 2]
 [1 9 2 5 7 4 8 3 6]
 [3 8 4 2 6 1 5 7 0]
 [2 3 5 4 8 7 1 0 9]
 [4 6 9 0 1 0 0 2 7]
 [7 1 8 6 9 2 3 4 5]]
Number of cells unfilled: 9
Accuracy: 88.88888888888889
Sample: 62600
Question:
[[0 0 0 9 0 0 0 6 0]
 [0 0 7 0 0 5 2 0 0]
 [0 0 0 0 0 0 0 0 4]
 [5 7 0 0 0 8 0 0 0]
 [0 0 2 0 0 0 0 0 0]
 [3 8 0 2 0 0 5 0 0]
 [2 0 5 4 0 7 0 0 9]
 [0 6 0 0 1 0 0 0 0]
 [0 0 8 0 0 2 3 0 0]]
Solution:
[[8 5 3 9 2 0 7 6 1]
 [9 0 7 8 4 5 2 0 3]
 [6 2 1 7 0 3 9 5 4]
 [5 7 6 3 9 8 4 1 2]
 [1 9 2 5 7 4 8 3 6]
 [3 8 4 2 6 1 5 7 0]
 [2 3 5 4 8 7 1 0 9]
 [4 6 9 0 1 0 0 2 7]
 [7 1 8 6 5 2 3 4 0]]
Number of cells unfilled: 10
Accuracy: 87.65432098765432
