2025-10-22 15:51:17.993469: I tensorflow/core/util/port.cc:153] oneDNN custom operations are on. You may see slightly different numerical results due to floating-point round-off errors from different computation orders. To turn them off, set the environment variable `TF_ENABLE_ONEDNN_OPTS=0`.
2025-10-22 15:51:18.377764: I tensorflow/core/platform/cpu_feature_guard.cc:210] This TensorFlow binary is optimized to use available CPU instructions in performance-critical operations.
To enable the following instructions: AVX2 AVX512F AVX512_VNNI FMA, in other operations, rebuild TensorFlow with the appropriate compiler flags.
2025-10-22 15:51:24.838466: I tensorflow/core/util/port.cc:153] oneDNN custom operations are on. You may see slightly different numerical results due to floating-point round-off errors from different computation orders. To turn them off, set the environment variable `TF_ENABLE_ONEDNN_OPTS=0`.
2025-10-22 15:51:32.004699: E external/local_xla/xla/stream_executor/cuda/cuda_platform.cc:51] failed call to cuInit: INTERNAL: CUDA error: Failed call to cuInit: UNKNOWN ERROR (303)
Sample: 62901
Question:
[[0 3 0 0 1 4 0 0 0]
 [0 0 0 0 0 9 0 6 8]
 [9 7 5 0 3 0 0 0 1]
 [8 0 0 6 4 0 0 0 7]
 [2 0 4 0 5 8 9 1 0]
 [0 5 0 9 0 0 0 0 0]
 [4 0 0 0 0 0 5 0 0]
 [5 0 9 0 6 0 8 0 2]
 [0 2 0 3 0 0 0 4 0]]
Solution:
[[0 3 6 5 0 1 9 4 7]
 [9 4 5 7 3 2 8 1 6]
 [8 7 1 4 9 6 3 5 0]
 [5 1 4 3 6 9 7 0 8]
 [2 9 3 8 7 4 1 6 0]
 [0 6 7 0 1 0 5 9 2]
 [7 5 2 6 8 0 0 3 9]
 [3 0 9 1 5 7 2 8 4]
 [4 0 8 9 2 3 6 7 1]]
Number of cells unfilled: 12
Accuracy: 85.18518518518519
Sample: 62902
Question:
[[0 8 0 3 1 0 0 0 2]
 [3 0 0 0 0 4 7 0 0]
 [0 0 0 7 6 0 0 0 0]
 [1 0 0 6 0 0 3 0 0]
 [0 9 0 0 0 0 0 0 5]
 [0 0 8 0 0 0 0 2 0]
 [0 5 0 0 0 6 0 0 0]
 [4 0 0 0 7 0 1 0 6]
 [0 0 0 4 0 0 0 9 0]]
Solution:
[[0 3 6 5 0 8 9 4 7]
 [9 4 5 7 3 2 1 8 6]
 [8 7 1 4 9 6 3 5 0]
 [5 1 4 3 6 9 7 0 8]
 [2 9 3 8 7 4 0 6 0]
 [0 6 7 0 1 0 5 9 2]
 [1 5 2 6 8 0 0 3 9]
 [3 0 9 1 5 7 8 2 4]
 [4 0 8 9 2 3 6 7 1]]
Number of cells unfilled: 13
Accuracy: 83.9506172839506
Sample: 62903
Question:
[[8 0 0 0 0 0 1 0 0]
 [0 0 9 0 0 0 0 0 7]
 [0 4 0 0 0 6 0 9 0]
 [0 2 0 5 0 0 0 3 0]
 [0 0 0 0 3 0 9 0 0]
 [0 0 0 0 0 4 0 0 8]
 [0 6 0 0 5 0 0 2 0]
 [1 0 7 2 0 0 0 0 0]
 [0 0 2 6 0 0 0 0 9]]
Solution:
[[7 3 6 5 0 1 9 4 0]
 [9 4 5 7 3 2 8 1 6]
 [8 2 1 4 9 6 3 5 7]
 [5 1 4 3 6 9 7 8 0]
 [2 9 3 8 7 4 1 6 0]
 [0 6 7 0 1 0 5 9 2]
 [1 5 2 6 8 0 0 3 9]
 [3 0 9 1 5 7 2 0 4]
 [4 7 8 9 2 3 6 0 1]]
Number of cells unfilled: 12
Accuracy: 85.18518518518519
Sample: 62904
Question:
[[0 2 0 0 7 8 0 0 0]
 [6 0 0 0 0 2 5 7 0]
 [0 0 0 0 0 0 4 0 3]
 [0 0 0 0 1 3 8 0 0]
 [0 8 0 0 0 0 0 3 6]
 [0 5 0 0 0 0 0 1 4]
 [0 0 0 3 0 1 0 0 0]
 [0 0 1 0 0 0 0 0 5]
 [0 0 8 7 4 0 2 0 0]]
Solution:
[[0 3 6 5 0 1 9 4 7]
 [9 4 5 7 3 2 1 8 6]
 [8 7 1 4 9 6 3 5 0]
 [5 1 4 3 6 9 7 0 8]
 [2 9 3 8 7 4 0 6 0]
 [0 6 7 0 1 0 5 9 2]
 [1 5 2 6 8 0 0 3 9]
 [3 0 9 1 5 7 8 2 4]
 [4 0 8 9 2 3 6 7 1]]
Number of cells unfilled: 13
Accuracy: 83.9506172839506
Sample: 62905
Question:
[[0 4 0 0 8 0 0 1 0]
 [0 0 5 0 0 1 0 0 8]
 [8 0 0 3 0 0 4 0 0]
 [4 0 0 0 1 0 8 0 0]
 [0 6 0 5 0 0 0 9 0]
 [0 0 7 0 0 0 0 0 2]
 [5 0 0 0 3 0 6 0 0]
 [0 9 0 2 0 0 0 0 0]
 [0 0 3 0 0 4 0 0 7]]
Solution:
[[7 3 6 5 0 8 9 4 0]
 [9 4 5 7 3 2 8 1 6]
 [8 2 1 4 9 6 3 5 7]
 [5 1 4 3 6 9 7 0 8]
 [2 9 3 8 7 4 1 6 0]
 [0 6 7 0 1 0 5 9 2]
 [1 5 2 6 8 0 0 3 9]
 [3 0 9 1 5 7 2 8 4]
 [4 7 8 9 2 3 6 0 1]]
Number of cells unfilled: 11
Accuracy: 86.41975308641975
Sample: 62906
Question:
[[0 0 0 0 4 0 0 0 0]
 [0 2 0 9 0 0 0 0 1]
 [0 0 3 0 0 2 6 0 0]
 [0 8 2 0 0 0 0 6 5]
 [3 0 0 0 0 8 7 0 0]
 [0 7 6 4 2 0 0 0 8]
 [0 0 0 0 1 0 0 5 0]
 [0 0 0 0 0 0 0 7 9]
 [0 3 0 0 0 7 2 0 0]]
Solution:
[[7 3 6 5 0 8 9 4 0]
 [9 4 5 7 3 2 1 8 6]
 [8 2 1 4 9 6 3 5 7]
 [5 1 4 3 6 9 7 0 8]
 [2 9 3 8 7 4 0 6 0]
 [0 6 7 0 1 0 5 9 2]
 [1 5 2 6 8 0 0 3 9]
 [3 0 9 1 5 7 2 0 4]
 [4 7 8 9 2 3 6 0 1]]
Number of cells unfilled: 13
Accuracy: 83.9506172839506
Sample: 62907
Question:
[[0 6 0 0 2 0 0 9 0]
 [7 2 0 0 0 8 0 0 5]
 [0 3 0 7 0 0 0 8 0]
 [8 5 0 0 0 0 0 6 0]
 [0 0 2 0 0 9 0 0 0]
 [3 4 6 2 0 0 5 0 0]
 [0 0 0 8 3 0 4 0 0]
 [5 0 0 0 0 0 0 0 0]
 [0 8 0 0 0 0 3 5 0]]
Solution:
[[7 3 6 5 0 1 9 4 0]
 [9 4 5 7 3 2 1 8 6]
 [8 2 1 4 9 6 3 5 7]
 [5 1 4 3 6 9 7 0 8]
 [2 9 3 8 7 4 0 6 0]
 [0 6 7 0 1 0 5 9 2]
 [1 5 2 6 8 0 0 3 9]
 [3 0 9 1 5 7 8 2 4]
 [4 7 8 9 2 3 6 0 1]]
Number of cells unfilled: 12
Accuracy: 85.18518518518519
Sample: 62908
Question:
[[0 0 2 0 0 0 6 0 7]
 [0 6 0 0 0 1 0 3 0]
 [8 0 0 0 0 0 9 0 0]
 [0 4 0 1 0 0 0 5 0]
 [2 0 0 0 5 0 0 0 0]
 [0 0 9 0 0 4 0 0 8]
 [0 0 0 4 0 0 0 0 0]
 [0 3 0 0 1 0 0 6 0]
 [0 0 7 3 0 6 0 0 0]]
Solution:
[[0 3 6 5 0 1 9 4 7]
 [9 4 5 7 3 2 8 1 6]
 [8 7 1 4 9 6 3 5 0]
 [5 1 4 3 6 9 7 0 8]
 [2 9 3 8 7 4 1 6 0]
 [0 6 7 0 1 0 5 9 2]
 [1 5 2 6 8 0 0 3 9]
 [3 0 9 1 5 7 2 8 4]
 [4 0 8 9 2 3 6 7 1]]
Number of cells unfilled: 12
Accuracy: 85.18518518518519
Sample: 62909
Question:
[[0 0 8 0 0 7 0 3 0]
 [0 2 0 0 4 0 0 0 0]
 [5 0 0 2 0 0 9 0 0]
 [9 0 0 3 0 0 0 0 0]
 [0 0 2 0 0 4 6 0 0]
 [0 4 0 0 8 0 0 1 0]
 [0 3 0 0 0 6 0 7 0]
 [0 0 7 1 0 0 0 0 5]
 [0 0 0 0 0 0 1 0 0]]
Solution:
[[7 3 6 5 0 1 9 4 0]
 [9 4 5 7 3 2 8 1 6]
 [8 2 1 4 9 6 3 5 7]
 [5 1 4 3 6 9 7 0 8]
 [2 9 3 8 7 4 1 6 0]
 [0 6 7 0 1 0 5 9 2]
 [1 5 2 6 8 0 0 3 9]
 [3 0 9 1 5 7 2 8 4]
 [4 7 8 9 2 3 6 0 1]]
Number of cells unfilled: 11
Accuracy: 86.41975308641975
Sample: 62910
Question:
[[0 3 8 0 0 0 0 0 4]
 [0 1 0 0 0 3 8 0 0]
 [0 4 6 0 0 0 0 2 1]
 [0 0 0 0 9 0 0 4 2]
 [9 0 0 6 8 4 0 0 0]
 [0 0 0 0 0 1 0 0 0]
 [0 7 0 3 0 0 0 0 8]
 [0 0 0 0 5 0 0 0 0]
 [0 0 1 7 0 0 0 0 9]]
Solution:
[[7 3 6 5 0 8 9 4 0]
 [9 4 5 7 3 2 1 8 6]
 [8 2 1 4 9 6 3 5 7]
 [5 1 4 3 6 9 7 0 8]
 [2 9 3 8 7 4 0 6 0]
 [0 6 7 0 1 0 5 9 2]
 [1 5 2 6 8 0 0 3 9]
 [3 0 9 1 5 7 2 0 4]
 [4 7 8 9 2 3 6 0 1]]
Number of cells unfilled: 13
Accuracy: 83.9506172839506
Sample: 62911
Question:
[[0 3 0 0 0 0 0 0 0]
 [0 0 0 0 8 0 0 0 7]
 [0 0 8 0 7 9 4 0 5]
 [0 0 0 0 2 0 0 9 3]
 [0 0 0 0 0 0 0 0 0]
 [4 0 0 9 0 0 0 7 0]
 [7 0 0 0 0 2 5 0 8]
 [2 1 0 0 5 6 0 0 0]
 [0 0 6 7 0 0 0 0 2]]
Solution:
[[0 3 6 5 0 1 9 4 7]
 [9 4 5 7 3 2 1 8 6]
 [8 7 1 4 9 6 3 5 0]
 [5 1 4 3 6 9 7 0 8]
 [2 9 3 8 7 4 0 6 0]
 [0 6 7 0 1 0 5 9 2]
 [1 5 2 6 8 0 0 3 9]
 [3 0 9 1 5 7 8 2 4]
 [7 0 8 9 2 3 6 0 1]]
Number of cells unfilled: 14
Accuracy: 82.71604938271605
Sample: 62912
Question:
[[0 0 0 0 0 0 2 5 0]
 [5 0 8 0 0 0 9 4 0]
 [0 0 0 9 8 0 0 0 0]
 [0 5 0 3 1 0 6 0 0]
 [3 0 0 0 7 0 0 0 0]
 [6 0 7 0 0 0 5 0 0]
 [0 0 0 8 0 9 3 0 0]
 [0 4 2 0 6 0 0 0 0]
 [0 9 0 0 0 0 8 0 6]]
Solution:
[[0 3 6 5 0 8 9 4 7]
 [9 4 5 7 3 2 1 8 6]
 [8 7 1 4 9 6 3 5 0]
 [5 1 4 3 6 9 7 0 8]
 [2 9 3 8 7 4 0 6 0]
 [0 6 7 0 1 0 5 9 2]
 [7 5 2 6 8 0 0 3 9]
 [3 0 9 1 5 7 8 2 4]
 [4 0 8 9 2 3 6 7 1]]
Number of cells unfilled: 13
Accuracy: 83.9506172839506
Sample: 62913
Question:
[[0 0 1 9 0 7 0 8 0]
 [0 0 0 0 0 1 0 0 7]
 [0 6 0 0 8 0 0 0 0]
 [0 0 0 5 0 0 0 0 0]
 [4 0 0 1 0 0 0 5 0]
 [0 0 5 0 7 0 0 0 6]
 [0 0 8 0 9 2 0 0 1]
 [0 0 6 0 0 0 0 0 8]
 [1 3 0 0 0 0 2 0 0]]
Solution:
[[0 3 6 5 0 8 9 4 7]
 [9 4 5 7 3 2 1 8 6]
 [8 7 1 4 9 6 3 5 0]
 [5 1 4 3 6 9 7 0 8]
 [2 9 3 8 7 4 0 6 0]
 [0 6 7 0 1 0 5 9 2]
 [1 5 2 6 8 0 0 3 9]
 [3 0 9 1 5 7 8 2 4]
 [4 0 8 9 2 3 6 7 1]]
Number of cells unfilled: 13
Accuracy: 83.9506172839506
Sample: 62914
Question:
[[0 0 3 0 1 0 0 9 5]
 [0 0 7 0 3 0 0 1 0]
 [0 2 0 0 0 5 0 0 0]
 [0 0 4 0 7 0 0 8 0]
 [6 0 0 4 0 0 1 0 0]
 [0 0 0 0 0 0 4 0 0]
 [0 0 0 0 8 0 0 0 1]
 [0 0 1 3 0 0 9 0 8]
 [0 7 0 0 0 0 0 3 0]]
Solution:
[[7 3 6 5 0 1 9 4 8]
 [9 4 5 7 3 2 1 0 6]
 [8 2 1 4 9 6 3 5 7]
 [5 1 4 3 6 9 7 8 0]
 [2 9 3 8 7 4 0 6 0]
 [0 6 7 0 1 0 5 9 2]
 [1 5 2 6 8 0 0 3 9]
 [3 0 9 1 5 7 8 2 4]
 [4 7 8 9 2 3 6 0 1]]
Number of cells unfilled: 12
Accuracy: 85.18518518518519
Sample: 62915
Question:
[[0 9 0 3 0 0 0 0 0]
 [0 0 6 0 0 0 0 0 0]
 [2 0 8 0 7 0 0 4 0]
 [0 0 0 1 0 0 0 2 0]
 [4 0 1 0 2 0 0 0 8]
 [9 0 0 0 0 6 0 0 0]
 [8 0 7 0 1 0 2 0 0]
 [0 0 0 0 0 0 0 8 4]
 [6 0 0 0 0 5 0 7 1]]
Solution:
[[0 3 6 5 0 8 9 4 7]
 [9 4 5 7 3 2 8 1 6]
 [8 7 1 4 9 6 3 5 0]
 [5 1 4 3 6 9 7 8 0]
 [2 9 3 8 7 4 1 6 0]
 [0 6 7 0 1 0 5 9 2]
 [1 5 2 6 8 0 0 3 9]
 [3 0 9 1 5 7 0 2 4]
 [4 0 8 9 2 3 6 7 1]]
Number of cells unfilled: 13
Accuracy: 83.9506172839506
Sample: 62916
Question:
[[1 0 0 0 0 0 0 5 0]
 [0 0 0 2 0 0 0 0 6]
 [0 5 0 0 9 0 4 0 0]
 [0 6 0 0 3 0 0 4 0]
 [9 0 0 0 0 7 0 0 8]
 [0 0 1 9 0 0 0 0 5]
 [0 3 0 0 8 0 0 0 4]
 [0 0 2 0 0 0 5 0 0]
 [6 0 0 7 0 0 0 3 0]]
Solution:
[[0 3 6 5 0 8 9 4 7]
 [9 4 5 7 3 2 8 1 6]
 [8 7 1 4 9 6 3 5 0]
 [5 1 4 3 6 9 7 8 0]
 [2 9 3 8 7 4 1 6 0]
 [0 6 7 0 1 0 5 9 2]
 [7 5 2 6 8 0 0 3 9]
 [3 0 9 1 5 7 2 0 4]
 [4 0 8 9 2 3 6 7 1]]
Number of cells unfilled: 13
Accuracy: 83.9506172839506
Sample: 62917
Question:
[[0 0 7 0 0 0 6 0 0]
 [0 0 5 0 9 3 0 0 1]
 [0 0 0 0 0 7 4 3 2]
 [0 0 0 0 0 0 0 0 5]
 [0 1 9 0 0 0 0 0 0]
 [0 5 0 7 0 9 3 0 0]
 [1 0 0 0 3 0 0 2 8]
 [3 0 2 0 0 0 5 1 0]
 [0 0 6 0 0 0 7 0 0]]
Solution:
[[0 3 6 5 0 8 9 4 7]
 [9 4 5 7 3 2 8 1 6]
 [8 7 1 4 9 6 3 5 0]
 [5 1 4 3 6 9 7 8 0]
 [2 9 3 8 7 4 1 6 0]
 [0 6 7 0 1 0 5 9 2]
 [7 5 2 6 8 0 0 3 9]
 [3 0 9 1 5 7 2 0 4]
 [4 0 8 9 2 3 6 7 1]]
Number of cells unfilled: 13
Accuracy: 83.9506172839506
Sample: 62918
Question:
[[7 0 0 0 5 0 4 0 0]
 [0 0 0 0 0 0 0 3 0]
 [0 5 0 2 0 0 0 0 0]
 [6 0 0 9 0 0 0 0 3]
 [0 0 0 7 0 6 9 0 0]
 [0 0 0 0 3 0 0 0 4]
 [9 0 0 0 7 0 3 0 0]
 [4 0 5 0 9 0 6 0 0]
 [0 1 0 0 0 8 0 0 9]]
Solution:
[[7 3 6 5 0 8 9 4 0]
 [9 4 5 7 3 2 8 1 6]
 [8 2 1 4 9 6 3 5 7]
 [5 1 4 3 6 9 7 0 8]
 [2 9 3 8 7 4 1 6 0]
 [0 6 7 0 1 0 5 9 2]
 [1 5 2 6 8 0 0 3 9]
 [3 0 9 1 5 7 2 8 4]
 [4 7 8 9 2 3 6 0 1]]
Number of cells unfilled: 11
Accuracy: 86.41975308641975
Sample: 62919
Question:
[[0 8 3 0 0 7 0 0 0]
 [0 7 0 0 0 0 4 6 0]
 [0 0 0 0 1 2 7 0 8]
 [9 4 0 0 0 0 6 0 7]
 [8 0 0 0 0 0 0 0 1]
 [0 0 2 0 7 8 5 0 9]
 [0 0 0 0 0 0 0 0 0]
 [0 0 6 3 2 0 0 9 0]
 [0 0 0 0 0 4 0 5 0]]
Solution:
[[0 3 6 5 0 8 9 4 7]
 [9 4 5 7 3 2 8 1 6]
 [8 7 1 4 9 6 3 5 0]
 [5 1 4 3 6 9 7 8 0]
 [2 9 3 8 7 4 1 6 0]
 [0 6 7 0 1 0 5 9 2]
 [7 5 2 6 8 0 0 3 9]
 [3 0 9 1 5 7 2 0 4]
 [4 0 8 9 2 3 6 7 1]]
Number of cells unfilled: 13
Accuracy: 83.9506172839506
Sample: 62920
Question:
[[0 1 0 0 5 0 0 3 0]
 [0 0 8 1 0 0 0 0 9]
 [6 0 0 0 2 0 4 0 1]
 [0 0 0 0 4 0 0 0 0]
 [0 0 0 0 0 7 2 0 0]
 [8 0 0 6 0 0 0 0 7]
 [1 0 9 0 0 0 3 0 0]
 [7 0 6 0 0 5 0 0 0]
 [0 8 0 9 0 0 0 0 6]]
Solution:
[[0 3 6 5 0 8 9 4 7]
 [9 4 5 7 3 2 1 8 6]
 [8 7 1 4 9 6 3 5 0]
 [5 1 4 3 6 9 7 0 8]
 [2 9 3 8 7 4 0 6 0]
 [0 6 7 0 1 0 5 9 2]
 [4 5 2 6 8 0 0 3 9]
 [3 0 9 1 5 7 8 2 4]
 [7 0 8 9 2 3 6 0 1]]
Number of cells unfilled: 14
Accuracy: 82.71604938271605
Sample: 62921
Question:
[[0 6 0 0 0 0 0 0 7]
 [5 0 9 0 7 0 0 0 0]
 [0 0 2 0 0 5 9 0 0]
 [0 2 0 0 5 0 6 0 0]
 [0 0 0 0 0 8 0 3 0]
 [0 0 0 4 0 0 0 0 1]
 [0 0 4 1 0 0 0 0 0]
 [0 9 0 0 2 0 7 0 0]
 [0 0 0 0 0 3 0 0 8]]
Solution:
[[0 3 6 5 0 8 9 4 7]
 [9 4 5 7 3 2 1 8 6]
 [8 7 1 4 9 6 3 5 0]
 [5 1 4 3 6 9 7 0 8]
 [2 9 3 8 7 4 0 6 0]
 [0 6 7 0 1 0 5 9 2]
 [7 5 2 6 8 0 0 3 9]
 [3 0 9 1 5 7 8 2 4]
 [4 0 8 9 2 3 6 7 1]]
Number of cells unfilled: 13
Accuracy: 83.9506172839506
Sample: 62922
Question:
[[3 0 0 2 0 0 0 0 0]
 [0 0 0 0 9 1 0 0 0]
 [2 9 0 0 4 0 8 0 0]
 [8 0 6 0 2 0 0 3 0]
 [7 0 0 1 0 0 6 0 4]
 [0 0 0 0 7 0 0 8 5]
 [0 0 0 0 0 0 5 0 3]
 [5 0 0 0 8 7 0 0 0]
 [6 0 7 0 0 2 0 0 0]]
Solution:
[[7 3 6 5 0 1 9 4 0]
 [9 4 5 7 3 2 8 1 6]
 [8 2 1 4 9 6 3 5 7]
 [5 1 4 3 6 9 7 8 0]
 [2 9 3 8 7 4 1 6 0]
 [0 6 7 0 1 0 5 9 2]
 [1 5 2 6 8 0 0 3 9]
 [3 0 9 1 5 7 0 2 4]
 [4 7 8 9 2 3 6 0 1]]
Number of cells unfilled: 12
Accuracy: 85.18518518518519
Sample: 62923
Question:
[[0 0 0 0 3 2 1 0 0]
 [2 3 0 0 0 6 0 0 7]
 [5 0 0 0 8 0 0 3 0]
 [0 4 0 0 0 0 6 0 0]
 [7 0 5 0 0 0 0 0 0]
 [1 0 0 0 0 9 0 7 0]
 [0 0 0 0 0 0 4 0 0]
 [0 0 8 0 6 3 0 2 0]
 [4 2 0 0 1 5 0 8 0]]
Solution:
[[7 3 6 5 0 1 9 4 0]
 [9 4 5 7 3 2 8 1 6]
 [8 2 1 4 9 6 3 5 7]
 [5 1 4 3 6 9 7 0 8]
 [2 9 3 8 7 4 1 6 0]
 [0 6 7 0 1 0 5 9 2]
 [1 5 2 6 8 0 0 3 9]
 [3 0 9 1 5 7 2 8 4]
 [4 7 8 9 2 3 6 0 1]]
Number of cells unfilled: 11
Accuracy: 86.41975308641975
Sample: 62924
Question:
[[4 9 0 0 0 0 0 8 0]
 [0 0 2 8 0 0 0 0 0]
 [0 1 0 0 4 0 7 0 2]
 [0 0 0 0 0 6 0 0 3]
 [0 0 4 0 9 0 0 2 0]
 [0 0 0 4 0 0 6 0 0]
 [0 0 1 0 8 0 0 7 0]
 [0 0 0 5 0 1 0 0 9]
 [5 3 0 0 7 0 0 0 0]]
Solution:
[[0 3 6 5 0 1 9 4 7]
 [9 4 5 7 3 2 1 8 6]
 [8 7 1 4 9 6 3 5 0]
 [5 1 4 3 6 9 7 0 8]
 [2 9 3 8 7 4 0 6 0]
 [0 6 7 0 1 0 5 9 2]
 [1 5 2 6 8 0 0 3 9]
 [3 0 9 1 5 7 8 2 4]
 [4 0 8 9 2 3 6 7 1]]
Number of cells unfilled: 13
Accuracy: 83.9506172839506
Sample: 62925
Question:
[[0 5 3 0 0 0 0 0 0]
 [0 0 0 0 0 3 0 0 0]
 [1 0 0 0 9 0 0 5 0]
 [0 4 0 2 0 0 0 0 6]
 [9 0 0 0 8 0 0 1 0]
 [0 0 6 0 0 4 2 0 0]
 [0 0 0 0 1 0 5 0 7]
 [7 0 0 8 0 0 1 0 9]
 [0 0 0 0 0 0 0 8 0]]
Solution:
[[7 3 6 5 0 8 9 4 0]
 [9 4 5 7 3 2 8 1 6]
 [8 2 1 4 9 6 3 5 7]
 [5 1 4 3 6 9 7 8 0]
 [2 9 3 8 7 4 1 6 0]
 [0 6 7 0 1 0 5 9 2]
 [1 5 2 6 8 0 0 3 9]
 [3 0 9 1 5 7 2 0 4]
 [4 7 8 9 2 3 6 0 1]]
Number of cells unfilled: 12
Accuracy: 85.18518518518519
Sample: 62926
Question:
[[0 0 0 0 0 8 5 3 0]
 [0 3 0 0 0 2 0 7 0]
 [0 0 8 0 0 9 0 4 0]
 [0 0 0 1 0 0 2 8 0]
 [6 0 0 0 2 4 0 0 0]
 [0 0 4 7 0 0 0 0 0]
 [7 0 0 0 0 1 0 0 0]
 [1 9 5 0 0 0 0 0 6]
 [3 0 0 0 4 0 0 0 0]]
Solution:
[[0 3 6 5 0 8 9 4 7]
 [9 4 5 7 3 2 1 8 6]
 [8 7 1 4 9 6 3 5 0]
 [5 1 4 3 6 9 7 0 8]
 [2 9 3 8 7 4 0 6 0]
 [0 6 7 0 1 0 5 9 2]
 [1 5 2 6 8 0 0 3 9]
 [3 0 9 1 5 7 8 2 4]
 [7 0 8 9 2 3 6 0 1]]
Number of cells unfilled: 14
Accuracy: 82.71604938271605
Sample: 62927
Question:
[[0 3 8 0 0 0 0 0 0]
 [0 0 0 7 0 0 0 0 0]
 [0 0 0 6 8 5 7 1 0]
 [0 0 0 5 0 0 0 0 0]
 [0 0 7 1 0 2 0 0 4]
 [0 8 2 0 0 0 0 5 0]
 [6 4 0 0 0 7 2 8 0]
 [0 2 0 0 0 0 0 6 0]
 [0 0 3 0 0 0 4 0 0]]
Solution:
[[0 3 6 5 0 8 9 4 7]
 [9 4 5 7 3 2 8 1 6]
 [8 7 1 4 9 6 3 5 0]
 [5 1 4 3 6 9 7 8 0]
 [2 9 3 8 7 4 1 6 0]
 [0 6 7 0 1 0 5 9 2]
 [1 5 2 6 8 0 0 3 9]
 [3 0 9 1 5 7 0 2 4]
 [4 0 8 9 2 3 6 7 1]]
Number of cells unfilled: 13
Accuracy: 83.9506172839506
Sample: 62928
Question:
[[0 0 0 0 0 0 0 6 0]
 [2 0 0 9 0 0 5 0 0]
 [0 0 5 2 7 0 0 4 9]
 [0 0 0 0 6 0 0 9 0]
 [0 1 0 4 0 0 0 7 6]
 [0 0 6 7 0 9 4 0 0]
 [0 3 0 0 0 5 0 0 0]
 [0 0 1 0 9 0 0 5 4]
 [0 0 0 8 0 0 0 0 0]]
Solution:
[[0 3 6 5 0 1 9 4 7]
 [9 4 5 7 3 2 8 1 6]
 [8 7 1 4 9 6 3 5 0]
 [5 1 4 3 6 9 7 8 0]
 [2 9 3 8 7 4 1 6 0]
 [0 6 7 0 1 0 5 9 2]
 [1 5 2 6 8 0 0 3 9]
 [3 0 9 1 5 7 0 2 4]
 [4 0 8 9 2 3 6 7 1]]
Number of cells unfilled: 13
Accuracy: 83.9506172839506
Sample: 62929
Question:
[[0 0 8 0 3 4 0 1 0]
 [0 0 1 0 0 6 2 3 0]
 [0 0 0 1 0 0 0 0 8]
 [0 8 0 3 0 0 1 0 0]
 [0 0 3 0 6 0 0 4 0]
 [7 0 0 4 0 0 0 2 0]
 [0 0 0 0 1 0 0 0 2]
 [0 0 9 6 0 0 0 8 0]
 [0 5 0 0 0 9 0 0 0]]
Solution:
[[7 3 6 5 0 8 9 4 0]
 [9 4 5 7 3 2 8 1 6]
 [8 2 1 4 9 6 3 5 7]
 [5 1 4 3 6 9 7 0 8]
 [2 9 3 8 7 4 1 6 0]
 [0 6 7 0 1 0 5 9 2]
 [1 5 2 6 8 0 0 3 9]
 [3 0 9 1 5 7 2 8 4]
 [4 7 8 9 2 3 6 0 1]]
Number of cells unfilled: 11
Accuracy: 86.41975308641975
Sample: 62930
Question:
[[0 0 1 2 0 8 0 0 4]
 [2 0 0 0 0 0 0 0 0]
 [0 8 0 0 7 0 2 5 0]
 [5 0 0 0 3 0 0 0 7]
 [0 3 0 0 0 9 0 0 0]
 [0 0 0 8 0 0 0 3 0]
 [6 0 0 4 0 0 5 0 0]
 [0 0 4 0 0 6 1 0 0]
 [0 9 0 0 8 0 0 4 0]]
Solution:
[[0 3 6 5 0 1 9 4 7]
 [9 4 5 7 3 2 1 8 6]
 [8 7 1 4 9 6 3 5 0]
 [5 1 4 3 6 9 7 0 8]
 [2 9 3 8 7 4 0 6 0]
 [0 6 7 0 1 0 5 9 2]
 [1 5 2 6 8 0 0 3 9]
 [3 0 9 1 5 7 2 0 4]
 [4 0 8 9 2 3 6 7 1]]
Number of cells unfilled: 14
Accuracy: 82.71604938271605
Sample: 62931
Question:
[[0 0 6 0 1 4 0 8 0]
 [0 8 0 0 2 0 0 0 0]
 [1 0 0 8 0 0 9 0 0]
 [0 0 7 0 0 5 1 2 0]
 [4 2 0 1 0 0 0 6 0]
 [0 1 0 0 0 0 3 0 9]
 [3 0 0 0 0 0 6 0 0]
 [0 6 0 4 0 0 0 9 0]
 [0 0 0 0 0 0 0 0 7]]
Solution:
[[7 3 6 5 0 8 9 4 0]
 [9 4 5 7 3 2 1 8 6]
 [8 2 1 4 9 6 3 5 7]
 [5 1 4 3 6 9 7 0 8]
 [2 9 3 8 7 4 0 6 0]
 [0 6 7 0 1 0 5 9 2]
 [1 5 2 6 8 0 0 3 9]
 [3 0 9 1 5 7 8 2 4]
 [4 7 8 9 2 3 6 0 1]]
Number of cells unfilled: 12
Accuracy: 85.18518518518519
Sample: 62932
Question:
[[8 0 0 6 0 0 0 0 1]
 [0 1 0 0 5 0 0 0 0]
 [0 6 3 0 0 0 0 7 0]
 [0 0 8 3 0 6 0 0 7]
 [6 0 0 1 0 0 2 0 0]
 [0 7 0 0 4 0 0 0 0]
 [0 0 0 0 0 9 0 4 0]
 [9 0 0 0 6 2 7 0 0]
 [0 8 0 7 0 0 0 0 9]]
Solution:
[[7 3 6 5 0 8 9 4 0]
 [9 4 5 7 3 2 1 8 6]
 [8 2 1 4 9 6 3 5 7]
 [5 1 4 3 6 9 7 0 8]
 [2 9 3 8 7 4 0 6 0]
 [0 6 7 0 1 0 5 9 2]
 [1 5 2 6 8 0 0 3 9]
 [3 0 9 1 5 7 2 0 4]
 [4 7 8 9 2 3 6 0 1]]
Number of cells unfilled: 13
Accuracy: 83.9506172839506
Sample: 62933
Question:
[[1 0 0 5 0 0 0 0 7]
 [0 6 0 0 0 0 3 0 0]
 [0 0 4 0 0 0 0 9 0]
 [0 0 9 0 0 6 0 0 0]
 [8 0 0 2 5 0 0 0 0]
 [0 0 0 0 1 0 0 0 5]
 [0 0 1 0 0 3 0 4 0]
 [0 0 0 0 0 0 6 0 0]
 [2 0 0 0 8 0 0 0 1]]
Solution:
[[0 3 6 5 0 8 9 4 7]
 [9 4 5 7 3 2 1 8 6]
 [8 7 1 4 9 6 3 5 0]
 [5 1 4 3 6 9 7 0 8]
 [2 9 3 8 7 4 0 6 0]
 [0 6 7 0 1 0 5 9 2]
 [7 5 2 6 8 0 0 3 9]
 [3 0 9 1 5 7 2 0 4]
 [4 0 8 9 2 3 6 7 1]]
Number of cells unfilled: 14
Accuracy: 82.71604938271605
Sample: 62934
Question:
[[0 0 0 0 1 0 0 8 7]
 [0 0 0 0 0 5 0 9 0]
 [0 0 1 8 0 0 3 0 0]
 [0 0 9 7 0 0 0 0 8]
 [0 2 0 0 0 0 0 3 0]
 [6 0 0 0 4 0 0 1 0]
 [5 0 0 0 6 0 0 0 0]
 [0 0 3 1 0 0 0 7 0]
 [0 4 0 0 0 2 0 0 0]]
Solution:
[[7 3 6 5 0 1 9 4 0]
 [9 4 5 7 3 2 1 8 6]
 [8 2 1 4 9 6 3 5 7]
 [5 1 4 3 6 9 7 0 8]
 [2 9 3 8 7 4 0 6 0]
 [0 6 7 0 1 0 5 9 2]
 [1 5 2 6 8 0 0 3 9]
 [3 0 9 1 5 7 8 2 4]
 [4 7 8 9 2 3 6 0 1]]
Number of cells unfilled: 12
Accuracy: 85.18518518518519
Sample: 62935
Question:
[[1 0 0 6 0 0 0 3 5]
 [0 0 0 0 5 0 8 0 0]
 [0 5 0 0 3 2 4 0 0]
 [0 4 0 0 0 0 0 2 0]
 [0 0 0 4 0 0 0 0 9]
 [7 8 6 0 2 0 0 4 0]
 [0 1 0 0 0 0 6 5 0]
 [0 0 0 5 4 0 0 0 0]
 [0 0 3 7 6 0 2 0 0]]
Solution:
[[7 3 6 5 0 8 9 4 0]
 [9 4 5 7 3 2 8 1 6]
 [8 2 1 4 9 6 3 5 7]
 [5 1 4 3 6 9 7 0 8]
 [2 9 3 8 7 4 1 6 0]
 [0 6 7 0 1 0 5 9 2]
 [1 5 2 6 8 0 0 3 9]
 [3 0 9 1 5 7 2 8 4]
 [4 7 8 9 2 3 6 0 1]]
Number of cells unfilled: 11
Accuracy: 86.41975308641975
Sample: 62936
Question:
[[0 8 0 4 0 0 0 0 5]
 [0 0 2 0 0 9 7 0 0]
 [0 7 0 0 8 0 0 0 0]
 [0 1 0 0 0 3 0 0 0]
 [0 0 3 6 9 0 0 0 7]
 [6 0 0 0 2 0 3 0 0]
 [0 0 0 0 0 0 0 4 0]
 [0 0 1 0 0 6 9 0 0]
 [5 0 0 9 0 0 0 0 1]]
Solution:
[[0 3 6 5 0 8 9 4 7]
 [9 4 5 7 3 2 8 1 6]
 [8 7 1 4 9 6 3 5 0]
 [5 1 4 3 6 9 7 0 8]
 [2 9 3 8 7 4 1 6 0]
 [0 6 7 0 1 0 5 9 2]
 [1 5 2 6 8 0 0 3 9]
 [3 0 9 1 5 7 2 8 4]
 [4 0 8 9 2 3 6 7 1]]
Number of cells unfilled: 12
Accuracy: 85.18518518518519
Sample: 62937
Question:
[[0 0 0 0 0 0 0 4 0]
 [0 0 5 3 0 7 9 1 0]
 [8 0 0 0 9 2 6 0 0]
 [0 6 3 8 0 0 1 9 4]
 [0 0 2 9 6 0 0 5 0]
 [0 0 4 0 3 1 8 0 0]
 [4 0 9 5 0 0 2 0 0]
 [0 7 0 4 0 0 0 6 0]
 [0 1 6 0 8 0 0 0 3]]
Solution:
[[0 3 6 5 0 1 9 4 7]
 [9 4 5 7 3 2 8 1 6]
 [8 7 1 4 9 6 3 5 0]
 [5 1 4 3 6 9 7 8 0]
 [2 9 3 8 7 4 1 6 0]
 [0 6 7 0 1 0 5 9 2]
 [1 5 2 6 8 0 0 3 9]
 [3 0 9 1 5 7 2 0 4]
 [4 0 8 9 2 3 6 7 1]]
Number of cells unfilled: 13
Accuracy: 83.9506172839506
Sample: 62938
Question:
[[5 0 0 0 0 0 7 0 4]
 [7 0 2 0 0 4 0 9 0]
 [0 6 0 0 0 0 0 0 2]
 [3 0 7 0 0 9 4 0 0]
 [0 0 0 1 5 0 0 0 0]
 [8 0 0 0 0 0 0 0 9]
 [0 0 0 8 0 0 0 3 0]
 [0 0 0 0 0 0 0 0 0]
 [9 0 3 0 0 2 0 0 7]]
Solution:
[[0 3 6 5 0 1 9 4 7]
 [9 4 5 7 3 2 8 1 6]
 [8 7 1 4 9 6 3 5 0]
 [5 1 4 3 6 9 7 8 0]
 [2 9 3 8 7 4 1 6 0]
 [0 6 7 0 1 0 5 9 2]
 [1 5 2 6 8 0 0 3 9]
 [3 0 9 1 5 7 0 2 4]
 [4 0 8 9 2 3 6 7 1]]
Number of cells unfilled: 13
Accuracy: 83.9506172839506
Sample: 62939
Question:
[[1 0 0 0 0 0 0 0 0]
 [0 0 5 8 0 0 3 0 0]
 [0 8 0 0 9 0 0 0 4]
 [0 5 0 0 0 9 0 0 2]
 [7 0 0 0 5 0 0 3 0]
 [0 0 6 0 0 0 0 1 0]
 [0 4 0 9 0 0 0 0 5]
 [0 0 0 0 4 0 0 6 0]
 [0 0 7 0 2 5 0 0 0]]
Solution:
[[0 3 6 5 0 1 9 4 7]
 [9 4 5 7 3 2 1 8 6]
 [8 7 1 4 9 6 3 5 0]
 [5 1 4 3 6 9 7 0 8]
 [2 9 3 8 7 4 0 6 0]
 [0 6 7 0 1 0 5 9 2]
 [1 5 2 6 8 0 0 3 9]
 [3 0 9 1 5 7 2 0 4]
 [4 0 8 9 2 3 6 7 1]]
Number of cells unfilled: 14
Accuracy: 82.71604938271605
Sample: 62940
Question:
[[0 9 0 5 0 0 1 0 0]
 [0 0 4 0 0 0 0 5 6]
 [0 0 0 0 3 6 0 8 9]
 [0 0 7 0 0 5 0 1 0]
 [0 0 2 0 0 3 0 0 0]
 [0 8 0 6 0 0 0 0 5]
 [0 1 0 9 0 0 0 6 0]
 [4 0 0 0 0 2 0 0 0]
 [7 0 9 0 6 0 0 0 0]]
Solution:
[[0 3 6 5 0 8 9 4 7]
 [9 4 5 7 3 2 1 8 6]
 [8 7 1 4 9 6 3 5 0]
 [5 1 4 3 6 9 7 0 8]
 [2 9 3 8 7 4 0 6 0]
 [0 6 7 0 1 0 5 9 2]
 [1 5 2 6 8 0 0 3 9]
 [3 0 9 1 5 7 8 2 4]
 [4 0 8 9 2 3 6 7 1]]
Number of cells unfilled: 13
Accuracy: 83.9506172839506
Sample: 62941
Question:
[[9 0 5 4 0 0 0 0 8]
 [7 0 4 0 0 0 0 5 0]
 [0 8 0 0 0 0 0 0 0]
 [6 0 0 0 0 4 0 0 0]
 [0 5 0 7 0 0 0 4 0]
 [4 0 7 0 1 0 6 0 0]
 [0 0 2 0 0 7 1 0 3]
 [0 0 0 0 2 3 0 0 0]
 [0 7 0 8 0 0 0 9 0]]
Solution:
[[7 3 6 5 0 1 9 4 0]
 [9 4 5 7 3 2 8 1 6]
 [8 2 1 4 9 6 3 5 7]
 [5 1 4 3 6 9 7 0 8]
 [2 9 3 8 7 4 1 6 0]
 [0 6 7 0 1 0 5 9 2]
 [1 5 2 6 8 0 0 3 9]
 [3 0 9 1 5 7 2 8 4]
 [4 7 8 9 2 3 6 0 1]]
Number of cells unfilled: 11
Accuracy: 86.41975308641975
Sample: 62942
Question:
[[0 0 4 6 0 0 0 8 0]
 [0 9 0 0 0 8 4 0 0]
 [0 5 0 0 4 0 0 0 6]
 [0 0 0 0 2 0 1 7 0]
 [0 7 0 0 0 0 0 0 0]
 [0 0 5 0 0 9 8 0 4]
 [0 0 0 3 0 0 0 0 0]
 [0 0 9 0 0 4 0 0 8]
 [3 0 0 0 1 0 2 0 0]]
Solution:
[[0 3 6 5 0 8 9 4 7]
 [9 4 5 7 3 2 8 1 6]
 [8 7 1 4 9 6 3 5 0]
 [5 1 4 3 6 9 7 0 8]
 [2 9 3 8 7 4 1 6 0]
 [0 6 7 0 1 0 5 9 2]
 [7 5 2 6 8 0 0 3 9]
 [3 0 9 1 5 7 2 8 4]
 [4 0 8 9 2 3 6 7 1]]
Number of cells unfilled: 12
Accuracy: 85.18518518518519
Sample: 62943
Question:
[[0 1 0 0 3 0 0 0 5]
 [0 0 2 0 0 5 4 0 0]
 [0 0 0 9 0 0 0 7 0]
 [8 0 0 0 0 0 2 0 6]
 [0 0 0 0 9 0 7 0 0]
 [0 0 6 0 0 2 0 5 0]
 [0 0 5 0 0 4 0 0 7]
 [0 8 0 0 0 0 0 4 0]
 [0 3 0 0 1 0 5 0 0]]
Solution:
[[7 3 6 5 0 1 9 4 0]
 [9 4 5 7 3 2 1 8 6]
 [8 2 1 4 9 6 3 5 7]
 [5 1 4 3 6 9 7 0 8]
 [2 9 3 8 7 4 0 6 0]
 [0 6 7 0 1 0 5 9 2]
 [1 5 2 6 8 0 0 3 9]
 [3 0 9 1 5 7 8 2 4]
 [4 7 8 9 2 3 6 0 1]]
Number of cells unfilled: 12
Accuracy: 85.18518518518519
Sample: 62944
Question:
[[7 0 0 6 0 0 0 0 0]
 [9 0 0 0 0 4 0 5 0]
 [0 0 4 0 2 0 0 0 6]
 [5 0 0 0 4 0 0 9 0]
 [0 0 1 0 0 6 0 0 4]
 [0 0 0 2 0 0 8 0 0]
 [0 0 3 4 0 0 0 0 1]
 [0 0 0 0 6 0 0 8 0]
 [0 7 0 0 3 1 0 0 0]]
Solution:
[[7 3 6 5 0 1 9 4 0]
 [9 4 5 7 3 2 8 1 6]
 [8 2 1 4 9 6 3 5 7]
 [5 1 4 3 6 9 7 0 8]
 [2 9 3 8 7 4 1 6 0]
 [0 6 7 0 1 0 5 9 2]
 [1 5 2 6 8 0 0 3 9]
 [3 0 9 1 5 7 2 8 4]
 [4 7 8 9 2 3 6 0 1]]
Number of cells unfilled: 11
Accuracy: 86.41975308641975
Sample: 62945
Question:
[[5 0 0 0 9 0 8 0 0]
 [0 0 4 0 0 0 0 0 7]
 [0 2 0 1 0 0 0 5 0]
 [4 0 0 8 0 0 0 6 0]
 [0 8 0 0 4 0 2 0 0]
 [0 0 7 0 0 9 0 0 0]
 [0 1 0 0 0 3 0 0 6]
 [0 0 0 0 8 0 0 3 2]
 [3 0 0 6 0 0 5 0 0]]
Solution:
[[7 3 6 5 0 1 9 4 0]
 [9 4 5 7 3 2 8 1 6]
 [8 2 1 4 9 6 3 5 7]
 [5 1 4 3 6 9 7 0 8]
 [2 9 3 8 7 4 1 6 0]
 [0 6 7 0 1 0 5 9 2]
 [1 5 2 6 8 0 0 3 9]
 [3 0 9 1 5 7 2 8 4]
 [4 7 8 9 2 3 6 0 1]]
Number of cells unfilled: 11
Accuracy: 86.41975308641975
Sample: 62946
Question:
[[0 0 0 0 2 1 0 0 0]
 [0 5 0 9 0 0 3 0 0]
 [0 9 8 7 0 3 6 0 0]
 [0 0 0 8 0 0 7 2 0]
 [3 8 0 1 0 0 0 6 0]
 [0 0 0 0 0 7 0 0 0]
 [0 0 3 0 0 0 0 0 0]
 [0 0 0 0 5 0 0 4 0]
 [1 4 0 0 0 0 9 0 0]]
Solution:
[[0 3 6 5 0 1 9 4 7]
 [9 4 5 7 3 2 1 8 6]
 [8 7 1 4 9 6 3 5 0]
 [5 1 4 3 6 9 7 0 8]
 [2 9 3 8 7 4 0 6 0]
 [0 6 7 0 1 0 5 9 2]
 [1 5 2 6 8 0 0 3 9]
 [3 0 9 1 5 7 8 2 4]
 [7 0 8 9 2 3 6 0 1]]
Number of cells unfilled: 14
Accuracy: 82.71604938271605
Sample: 62947
Question:
[[0 0 3 0 0 0 0 6 0]
 [0 9 0 2 7 0 3 0 0]
 [0 0 0 0 0 0 0 0 2]
 [0 0 0 0 1 0 0 0 0]
 [0 8 0 7 9 0 5 0 0]
 [0 0 4 0 0 2 0 1 0]
 [3 0 9 5 0 0 8 0 0]
 [0 5 0 0 0 0 0 0 0]
 [8 0 7 9 3 0 0 5 0]]
Solution:
[[0 3 6 5 0 1 9 4 7]
 [9 4 5 7 3 2 8 1 6]
 [8 7 1 4 9 6 3 5 0]
 [5 1 4 3 6 9 7 8 0]
 [2 9 3 8 7 4 1 6 0]
 [0 6 7 0 1 0 5 9 2]
 [1 5 2 6 8 0 0 3 9]
 [3 0 9 1 5 7 2 0 4]
 [4 0 8 9 2 3 6 7 1]]
Number of cells unfilled: 13
Accuracy: 83.9506172839506
Sample: 62948
Question:
[[0 8 0 0 0 0 0 0 0]
 [9 0 1 2 0 0 8 0 0]
 [3 0 2 0 8 0 9 1 0]
 [0 2 0 8 0 0 3 9 0]
 [4 0 0 0 5 0 0 0 6]
 [0 0 0 0 0 0 0 5 0]
 [0 9 0 1 0 0 6 3 0]
 [0 0 0 0 7 0 0 0 0]
 [2 0 0 0 0 6 0 0 0]]
Solution:
[[0 3 6 5 0 8 9 4 7]
 [9 4 5 7 3 2 8 1 6]
 [8 7 1 4 9 6 3 5 0]
 [5 1 4 3 6 9 7 0 8]
 [2 9 3 8 7 4 1 6 0]
 [0 6 7 0 1 0 5 9 2]
 [7 5 2 6 8 0 0 3 9]
 [3 0 9 1 5 7 2 8 4]
 [4 0 8 9 2 3 6 7 1]]
Number of cells unfilled: 12
Accuracy: 85.18518518518519
Sample: 62949
Question:
[[4 0 6 0 7 0 0 2 0]
 [0 0 0 0 0 0 0 0 7]
 [0 0 1 0 2 0 9 6 0]
 [0 0 0 7 0 0 0 0 0]
 [5 0 0 0 1 0 0 4 0]
 [0 0 4 0 0 8 0 0 9]
 [1 0 5 0 0 0 0 0 0]
 [0 4 0 0 6 0 0 5 1]
 [6 0 2 0 0 0 0 0 3]]
Solution:
[[0 3 6 5 0 8 9 4 7]
 [9 4 5 7 3 2 1 8 6]
 [8 7 1 4 9 6 3 5 0]
 [5 1 4 3 6 9 7 0 8]
 [2 9 3 8 7 4 0 6 0]
 [0 6 7 0 1 0 5 9 2]
 [1 5 2 6 8 0 0 3 9]
 [3 0 9 1 5 7 2 0 4]
 [7 0 8 9 2 3 6 0 1]]
Number of cells unfilled: 15
Accuracy: 81.48148148148148
Sample: 62950
Question:
[[0 0 0 3 0 0 6 0 0]
 [8 7 0 0 0 4 0 0 5]
 [0 1 0 0 0 8 0 4 0]
 [0 0 0 0 0 0 0 0 9]
 [0 4 0 7 0 0 0 6 1]
 [0 9 0 0 8 5 0 0 3]
 [0 0 0 0 7 0 0 0 0]
 [0 0 0 0 0 0 3 8 0]
 [3 0 5 0 6 1 0 7 0]]
Solution:
[[7 3 6 5 0 8 9 4 0]
 [9 4 5 7 3 2 1 8 6]
 [8 2 1 4 9 6 3 5 7]
 [5 1 4 3 6 9 7 0 8]
 [2 9 3 8 7 4 0 6 0]
 [0 6 7 0 1 0 5 9 2]
 [1 5 2 6 8 0 0 3 9]
 [3 0 9 1 5 7 8 2 4]
 [4 7 8 9 2 3 6 0 1]]
Number of cells unfilled: 12
Accuracy: 85.18518518518519
Sample: 62951
Question:
[[5 0 0 0 0 3 0 2 7]
 [4 0 8 0 0 9 0 0 1]
 [1 0 0 4 2 0 0 0 8]
 [7 9 0 0 0 1 0 0 0]
 [0 0 1 9 0 5 3 0 4]
 [0 0 0 6 8 2 1 0 0]
 [0 0 4 0 0 0 8 0 3]
 [8 3 0 0 6 0 5 9 0]
 [0 0 2 5 0 0 0 0 0]]
Solution:
[[7 3 6 5 0 1 9 4 0]
 [9 4 5 7 3 2 1 8 6]
 [8 2 1 4 9 6 3 5 7]
 [5 1 4 3 6 9 7 0 8]
 [2 9 3 8 7 4 0 6 0]
 [0 6 7 0 1 0 5 9 2]
 [1 5 2 6 8 0 0 3 9]
 [3 0 9 1 5 7 2 0 4]
 [4 7 8 9 2 3 6 0 1]]
Number of cells unfilled: 13
Accuracy: 83.9506172839506
Sample: 62952
Question:
[[0 0 5 3 0 0 4 0 0]
 [2 0 0 0 0 0 0 0 8]
 [0 6 0 0 8 0 0 5 0]
 [0 0 0 9 0 0 0 0 5]
 [5 0 0 0 4 3 9 0 0]
 [0 0 9 0 0 7 0 3 0]
 [0 0 0 0 0 1 0 0 2]
 [0 0 4 7 0 0 5 0 0]
 [0 0 0 0 6 0 0 1 0]]
Solution:
[[7 3 6 5 0 1 9 4 0]
 [9 4 5 7 3 2 8 1 6]
 [8 2 1 4 9 6 3 5 7]
 [5 1 4 3 6 9 7 0 8]
 [2 9 3 8 7 4 1 6 0]
 [0 6 7 0 1 0 5 9 2]
 [1 5 2 6 8 0 0 3 9]
 [3 0 9 1 5 7 2 8 4]
 [4 7 8 9 2 3 6 0 1]]
Number of cells unfilled: 11
Accuracy: 86.41975308641975
Sample: 62953
Question:
[[0 0 0 5 0 1 0 4 9]
 [5 0 0 7 0 0 3 0 8]
 [0 6 0 0 0 0 0 0 0]
 [0 5 0 0 0 4 0 0 0]
 [0 8 1 6 2 5 0 3 0]
 [0 0 0 3 8 0 0 0 0]
 [0 4 0 0 0 7 0 1 0]
 [0 0 0 0 0 0 0 0 7]
 [6 7 0 0 0 0 8 0 0]]
Solution:
[[7 3 6 5 0 1 9 4 0]
 [9 4 5 7 3 2 8 1 6]
 [8 2 1 4 9 6 3 5 7]
 [5 1 4 3 6 9 7 8 0]
 [2 9 3 8 7 4 1 6 0]
 [0 6 7 0 1 0 5 9 2]
 [1 5 2 6 8 0 0 3 9]
 [3 0 9 1 5 7 2 0 4]
 [4 7 8 9 2 3 6 0 1]]
Number of cells unfilled: 12
Accuracy: 85.18518518518519
Sample: 62954
Question:
[[0 0 0 6 0 0 2 0 3]
 [8 0 0 0 0 0 0 6 0]
 [0 0 0 0 0 4 0 7 8]
 [0 0 2 0 0 9 0 0 0]
 [0 1 0 0 7 0 0 0 0]
 [5 0 0 8 0 0 0 0 6]
 [0 0 9 0 2 0 0 0 0]
 [4 0 0 3 0 0 0 5 0]
 [0 7 0 0 0 1 0 0 0]]
Solution:
[[0 3 6 5 0 1 9 4 7]
 [9 4 5 7 3 2 1 8 6]
 [8 7 1 4 9 6 3 5 0]
 [5 1 4 3 6 9 7 0 8]
 [2 9 3 8 7 4 0 6 0]
 [0 6 7 0 1 0 5 9 2]
 [7 5 2 6 8 0 0 3 9]
 [3 0 9 1 5 7 8 2 4]
 [4 0 8 9 2 3 6 7 1]]
Number of cells unfilled: 13
Accuracy: 83.9506172839506
Sample: 62955
Question:
[[0 0 0 0 0 6 0 4 1]
 [4 0 7 0 3 0 0 0 0]
 [0 6 0 0 0 5 3 0 7]
 [6 0 0 5 0 1 0 0 0]
 [3 0 5 7 0 0 1 0 0]
 [0 0 0 0 4 3 0 6 0]
 [0 7 0 0 0 4 0 0 2]
 [0 0 0 0 0 0 0 0 0]
 [0 0 1 0 0 0 0 3 9]]
Solution:
[[7 3 6 5 0 1 9 4 0]
 [9 4 5 7 3 2 8 1 6]
 [8 2 1 4 9 6 3 5 7]
 [5 1 4 3 6 9 7 0 8]
 [2 9 3 8 7 4 1 6 0]
 [0 6 7 0 1 0 5 9 2]
 [1 5 2 6 8 0 0 3 9]
 [3 0 9 1 5 7 2 8 4]
 [4 7 8 9 2 3 6 0 1]]
Number of cells unfilled: 11
Accuracy: 86.41975308641975
Sample: 62956
Question:
[[0 0 0 0 7 0 3 0 2]
 [3 0 0 9 0 0 0 0 0]
 [0 0 7 0 4 0 0 9 5]
 [7 0 0 0 2 4 0 0 0]
 [0 0 0 3 9 0 7 0 0]
 [9 4 0 0 0 5 0 2 0]
 [0 0 5 0 0 0 0 0 6]
 [0 0 0 0 0 0 0 0 0]
 [0 2 0 0 5 7 9 0 1]]
Solution:
[[7 3 6 5 0 8 9 4 0]
 [9 4 5 7 3 2 8 1 6]
 [8 2 1 4 9 6 3 5 7]
 [5 1 4 3 6 9 7 0 8]
 [2 9 3 8 7 4 1 6 0]
 [0 6 7 0 1 0 5 9 2]
 [1 5 2 6 8 0 0 3 9]
 [3 0 9 1 5 7 2 8 4]
 [4 7 8 9 2 3 6 0 1]]
Number of cells unfilled: 11
Accuracy: 86.41975308641975
Sample: 62957
Question:
[[0 0 0 0 9 6 0 2 4]
 [0 8 0 0 0 3 0 5 0]
 [6 0 0 0 5 0 0 0 0]
 [9 0 1 0 0 0 0 0 0]
 [0 5 6 0 1 8 0 0 3]
 [0 3 0 5 0 9 0 0 0]
 [5 0 8 3 0 0 0 0 0]
 [1 0 0 0 0 0 0 6 0]
 [0 0 0 0 8 0 0 0 9]]
Solution:
[[7 3 6 5 0 1 9 4 0]
 [9 4 5 7 3 2 8 1 6]
 [8 2 1 4 9 6 3 5 7]
 [5 1 4 3 6 9 7 0 8]
 [2 9 3 8 7 4 1 6 0]
 [0 6 7 0 1 0 5 9 2]
 [1 5 2 6 8 0 0 3 9]
 [3 0 9 1 5 7 2 8 4]
 [4 7 8 9 2 3 6 0 1]]
Number of cells unfilled: 11
Accuracy: 86.41975308641975
Sample: 62958
Question:
[[0 0 0 3 0 0 0 0 0]
 [0 3 2 5 0 0 0 0 8]
 [8 0 5 0 7 2 9 0 0]
 [9 0 8 0 0 3 0 5 2]
 [0 0 7 0 2 0 0 0 0]
 [0 0 0 0 0 9 7 8 0]
 [0 0 0 9 0 5 2 1 0]
 [5 0 0 0 0 0 0 6 0]
 [0 0 0 0 8 0 0 0 0]]
Solution:
[[7 3 6 5 0 1 9 4 0]
 [9 4 5 7 3 2 8 1 6]
 [8 2 1 4 9 6 3 5 7]
 [5 1 4 3 6 9 7 0 8]
 [2 9 3 8 7 4 1 6 0]
 [0 6 7 0 1 0 5 9 2]
 [1 5 2 6 8 0 0 3 9]
 [3 0 9 1 5 7 2 8 4]
 [4 7 8 9 2 3 6 0 1]]
Number of cells unfilled: 11
Accuracy: 86.41975308641975
Sample: 62959
Question:
[[0 0 0 8 0 0 0 0 3]
 [0 6 0 0 0 0 0 2 0]
 [0 0 7 5 0 2 0 0 0]
 [3 2 0 0 0 0 0 9 1]
 [7 0 0 0 0 6 0 0 5]
 [0 5 0 3 0 0 0 0 0]
 [0 0 0 2 8 0 0 0 6]
 [6 8 0 0 3 5 0 0 2]
 [0 0 5 0 0 7 0 0 0]]
Solution:
[[7 3 6 5 0 1 9 4 0]
 [9 4 5 7 3 2 8 1 6]
 [8 2 1 4 9 6 3 5 7]
 [5 1 4 3 6 9 7 0 8]
 [2 9 3 8 7 4 1 6 0]
 [0 6 7 0 1 0 5 9 2]
 [1 5 2 6 8 0 0 3 9]
 [3 0 9 1 5 7 2 8 4]
 [4 7 8 9 2 3 6 0 1]]
Number of cells unfilled: 11
Accuracy: 86.41975308641975
Sample: 62960
Question:
[[0 0 3 0 2 0 0 0 0]
 [0 0 0 6 0 0 0 1 0]
 [7 0 0 0 4 0 3 5 0]
 [5 2 0 0 0 0 0 0 7]
 [0 0 0 0 0 0 1 2 0]
 [0 3 1 0 0 0 6 0 5]
 [0 6 2 4 8 0 0 7 0]
 [0 7 0 0 0 0 0 0 3]
 [0 0 5 0 0 0 0 6 0]]
Solution:
[[0 3 6 5 0 8 9 4 7]
 [9 4 5 7 3 2 1 8 6]
 [8 7 1 4 9 6 3 5 0]
 [5 1 4 3 6 9 7 0 8]
 [2 9 3 8 7 4 0 6 0]
 [0 6 7 0 1 0 5 9 2]
 [7 5 2 6 8 0 0 3 9]
 [3 0 9 1 5 7 2 0 4]
 [4 0 8 9 2 3 6 7 1]]
Number of cells unfilled: 14
Accuracy: 82.71604938271605
Sample: 62961
Question:
[[0 0 7 3 0 4 0 0 0]
 [0 0 1 0 2 0 0 0 0]
 [0 0 0 0 0 0 0 0 0]
 [0 4 9 6 0 8 0 0 2]
 [0 0 0 5 0 0 4 0 8]
 [5 0 0 0 0 0 6 9 0]
 [0 6 2 0 5 0 8 0 0]
 [0 0 0 9 0 0 0 6 0]
 [9 0 4 0 0 0 5 2 0]]
Solution:
[[0 3 6 5 0 8 9 4 7]
 [9 4 5 7 3 2 8 1 6]
 [8 7 1 4 9 6 3 5 0]
 [5 1 4 3 6 9 7 8 0]
 [2 9 3 8 7 4 1 6 0]
 [0 6 7 0 1 0 5 9 2]
 [7 5 2 6 8 0 0 3 9]
 [3 0 9 1 5 7 0 2 4]
 [4 0 8 9 2 3 6 7 1]]
Number of cells unfilled: 13
Accuracy: 83.9506172839506
Sample: 62962
Question:
[[0 5 0 0 0 7 0 0 0]
 [7 2 0 0 0 1 4 9 0]
 [1 0 0 0 3 0 0 0 0]
 [0 0 2 0 0 6 7 0 0]
 [0 3 0 0 0 0 0 2 0]
 [0 0 1 0 2 5 0 4 0]
 [0 0 5 0 1 0 0 0 0]
 [3 6 0 7 5 0 0 0 0]
 [0 0 0 6 0 2 0 0 0]]
Solution:
[[0 3 6 5 0 1 9 4 7]
 [9 4 5 7 3 2 1 8 6]
 [8 7 1 4 9 6 3 5 0]
 [5 1 4 3 6 9 7 0 8]
 [2 9 3 8 7 4 0 6 0]
 [0 6 7 0 1 0 5 9 2]
 [7 5 2 6 8 0 0 3 9]
 [3 0 9 1 5 7 8 2 4]
 [4 0 8 9 2 3 6 7 1]]
Number of cells unfilled: 13
Accuracy: 83.9506172839506
Sample: 62963
Question:
[[0 6 0 0 2 1 0 0 0]
 [0 0 0 0 0 9 0 0 5]
 [4 0 0 0 5 0 2 0 0]
 [9 0 4 0 1 0 0 0 2]
 [0 0 0 9 0 2 0 0 4]
 [0 1 0 0 6 0 0 5 0]
 [1 0 0 0 0 5 0 0 0]
 [2 0 5 0 0 0 8 0 7]
 [0 0 6 0 4 0 0 0 1]]
Solution:
[[7 3 6 5 0 8 9 4 0]
 [9 4 5 7 3 2 8 1 6]
 [8 2 1 4 9 6 3 5 7]
 [5 1 4 3 6 9 7 8 0]
 [2 9 3 8 7 4 1 6 0]
 [0 6 7 0 1 0 5 9 2]
 [1 5 2 6 8 0 0 3 9]
 [3 0 9 1 5 7 0 2 4]
 [4 7 8 9 2 3 6 0 1]]
Number of cells unfilled: 12
Accuracy: 85.18518518518519
Sample: 62964
Question:
[[0 7 6 0 4 8 0 0 0]
 [0 0 9 6 0 5 0 0 0]
 [0 4 0 0 9 0 0 8 0]
 [4 0 0 0 0 0 0 7 0]
 [6 0 5 9 0 0 0 0 0]
 [0 0 0 0 8 0 5 0 0]
 [7 0 0 0 6 0 0 9 0]
 [0 0 0 0 5 7 2 3 0]
 [0 0 8 0 0 0 0 6 0]]
Solution:
[[0 3 6 5 0 1 9 4 7]
 [9 4 5 7 3 2 1 8 6]
 [8 7 1 4 9 6 3 5 0]
 [5 1 4 3 6 9 7 0 8]
 [2 9 3 8 7 4 0 6 0]
 [0 6 7 0 1 0 5 9 2]
 [1 5 2 6 8 0 0 3 9]
 [3 0 9 1 5 7 2 0 4]
 [7 0 8 9 2 3 6 0 1]]
Number of cells unfilled: 15
Accuracy: 81.48148148148148
Sample: 62965
Question:
[[0 9 3 0 1 0 0 2 0]
 [4 0 0 0 3 0 0 0 9]
 [2 0 1 0 0 4 0 7 0]
 [0 1 0 6 8 0 0 0 0]
 [0 0 7 0 2 0 0 3 0]
 [0 2 0 0 0 0 4 0 0]
 [0 0 0 0 0 0 9 0 0]
 [0 3 0 1 0 0 0 4 0]
 [7 4 0 0 0 0 2 1 0]]
Solution:
[[0 3 6 5 0 1 9 4 7]
 [9 4 5 7 3 2 1 8 6]
 [8 7 1 4 9 6 3 5 0]
 [5 1 4 3 6 9 7 0 8]
 [2 9 3 8 7 4 0 6 0]
 [0 6 7 0 1 0 5 9 2]
 [7 5 2 6 8 0 0 3 9]
 [3 0 9 1 5 7 8 2 4]
 [4 0 8 9 2 3 6 7 1]]
Number of cells unfilled: 13
Accuracy: 83.9506172839506
Sample: 62966
Question:
[[2 7 0 0 0 5 3 6 0]
 [4 0 0 6 0 0 0 0 0]
 [0 0 0 0 0 0 0 0 0]
 [5 8 0 0 0 0 0 3 6]
 [6 0 7 3 0 0 0 1 0]
 [0 0 0 0 8 0 0 0 7]
 [0 3 0 0 0 0 0 7 8]
 [0 0 0 0 3 0 1 5 0]
 [0 0 5 0 7 1 0 0 0]]
Solution:
[[0 3 6 5 0 1 9 4 7]
 [9 4 5 7 3 2 8 1 6]
 [8 7 1 4 9 6 3 5 0]
 [5 1 4 3 6 9 7 8 0]
 [2 9 3 8 7 4 1 6 0]
 [0 6 7 0 1 0 5 9 2]
 [1 5 2 6 8 0 0 3 9]
 [3 0 9 1 5 7 2 0 4]
 [4 0 8 9 2 3 6 7 1]]
Number of cells unfilled: 13
Accuracy: 83.9506172839506
Sample: 62967
Question:
[[3 0 0 0 0 0 0 0 0]
 [0 0 0 0 6 0 5 0 0]
 [0 6 9 3 0 0 7 2 0]
 [2 0 0 0 0 1 0 0 0]
 [6 9 0 0 0 0 3 1 0]
 [0 4 0 0 9 0 6 0 2]
 [1 2 0 0 3 6 0 9 0]
 [0 0 0 4 0 2 0 0 3]
 [0 0 4 0 0 0 0 0 0]]
Solution:
[[7 3 6 5 0 8 9 4 0]
 [9 4 5 7 3 2 8 1 6]
 [8 2 1 4 9 6 3 5 7]
 [5 1 4 3 6 9 7 8 0]
 [2 9 3 8 7 4 1 6 0]
 [0 6 7 0 1 0 5 9 2]
 [1 5 2 6 8 0 0 3 9]
 [3 0 9 1 5 7 2 0 4]
 [4 7 8 9 2 3 6 0 1]]
Number of cells unfilled: 12
Accuracy: 85.18518518518519
Sample: 62968
Question:
[[3 0 9 0 0 0 0 1 0]
 [0 0 0 0 0 6 0 8 0]
 [8 0 0 0 4 0 0 0 2]
 [0 0 1 0 6 0 0 4 0]
 [0 0 0 0 1 8 2 6 0]
 [0 0 0 0 0 5 0 0 0]
 [4 0 0 5 0 1 6 0 0]
 [0 6 0 0 2 0 8 0 0]
 [1 0 0 0 8 0 0 5 4]]
Solution:
[[7 3 6 5 0 8 9 4 0]
 [9 4 5 7 3 2 1 8 6]
 [8 2 1 4 9 6 3 5 7]
 [5 1 4 3 6 9 7 0 8]
 [2 9 3 8 7 4 0 6 0]
 [0 6 7 0 1 0 5 9 2]
 [1 5 2 6 8 0 0 3 9]
 [3 0 9 1 5 7 8 2 4]
 [4 7 8 9 2 3 6 0 1]]
Number of cells unfilled: 12
Accuracy: 85.18518518518519
Sample: 62969
Question:
[[4 8 0 0 0 0 0 0 0]
 [0 0 3 0 0 0 1 0 4]
 [0 5 1 0 0 0 0 8 6]
 [8 0 0 0 0 5 0 0 0]
 [1 0 4 9 0 0 3 0 0]
 [0 0 0 4 0 0 0 6 0]
 [5 0 0 0 0 0 0 1 0]
 [0 0 6 0 0 0 0 0 3]
 [3 0 0 2 0 9 0 4 5]]
Solution:
[[0 3 6 5 0 8 9 4 7]
 [9 4 5 7 3 2 8 1 6]
 [8 7 1 4 9 6 3 5 0]
 [5 1 4 3 6 9 7 0 8]
 [2 9 3 8 7 4 1 6 0]
 [0 6 7 0 1 0 5 9 2]
 [7 5 2 6 8 0 0 3 9]
 [3 0 9 1 5 7 2 8 4]
 [4 0 8 9 2 3 6 7 1]]
Number of cells unfilled: 12
Accuracy: 85.18518518518519
Sample: 62970
Question:
[[5 0 3 9 0 2 6 0 0]
 [0 0 0 0 0 0 0 0 0]
 [7 0 0 0 0 0 0 2 0]
 [0 6 0 0 0 0 4 0 3]
 [0 0 0 4 0 6 0 0 0]
 [0 0 9 0 1 3 0 0 2]
 [0 0 0 0 3 0 0 0 1]
 [6 0 1 0 2 9 0 0 0]
 [2 3 0 0 0 4 0 9 0]]
Solution:
[[7 3 6 5 0 8 9 4 0]
 [9 4 5 7 3 2 1 8 6]
 [8 2 1 4 9 6 3 5 7]
 [5 1 4 3 6 9 7 0 8]
 [2 9 3 8 7 4 0 6 0]
 [0 6 7 0 1 0 5 9 2]
 [1 5 2 6 8 0 0 3 9]
 [3 0 9 1 5 7 2 0 4]
 [4 7 8 9 2 3 6 0 1]]
Number of cells unfilled: 13
Accuracy: 83.9506172839506
Sample: 62971
Question:
[[6 7 0 0 5 0 0 0 0]
 [1 0 4 3 7 0 0 0 0]
 [0 0 0 4 0 0 0 1 0]
 [5 0 0 0 1 0 0 7 0]
 [0 0 7 0 0 3 0 5 0]
 [3 0 6 0 0 0 8 2 0]
 [0 0 0 0 0 4 0 3 0]
 [0 5 0 0 6 7 0 0 0]
 [0 0 1 0 0 0 6 0 0]]
Solution:
[[7 3 6 5 0 1 9 4 8]
 [9 4 5 7 3 2 1 0 6]
 [8 2 1 4 9 6 3 5 7]
 [5 1 4 3 6 9 7 8 0]
 [2 9 3 8 7 4 0 6 0]
 [0 6 7 0 1 0 5 9 2]
 [1 5 2 6 8 0 0 3 9]
 [3 0 9 1 5 7 8 2 4]
 [4 7 8 9 2 3 6 0 1]]
Number of cells unfilled: 12
Accuracy: 85.18518518518519
Sample: 62972
Question:
[[8 0 9 7 3 0 0 1 0]
 [0 0 0 0 4 0 0 7 8]
 [0 4 0 0 0 0 9 0 3]
 [0 0 6 8 0 0 0 0 0]
 [0 0 5 0 6 1 0 0 0]
 [0 0 0 0 0 0 0 0 0]
 [0 0 0 1 9 0 3 0 0]
 [3 0 1 0 0 4 0 0 7]
 [0 9 8 0 0 0 0 0 4]]
Solution:
[[0 3 6 5 0 1 9 4 7]
 [9 4 5 7 3 2 1 8 6]
 [8 7 1 4 9 6 3 5 0]
 [5 1 4 3 6 9 7 0 8]
 [2 9 3 8 7 4 0 6 0]
 [0 6 7 0 1 0 5 9 2]
 [1 5 2 6 8 0 0 3 9]
 [3 0 9 1 5 7 8 2 4]
 [7 0 8 9 2 3 6 0 1]]
Number of cells unfilled: 14
Accuracy: 82.71604938271605
Sample: 62973
Question:
[[9 0 4 0 0 0 0 0 0]
 [0 1 2 0 0 0 4 0 3]
 [0 7 0 0 0 0 0 1 0]
 [0 0 0 0 0 9 3 0 0]
 [4 0 0 2 0 0 0 9 0]
 [1 0 3 5 0 0 0 7 0]
 [0 3 0 0 0 0 0 0 7]
 [7 0 0 8 0 6 9 0 2]
 [2 0 0 0 0 0 1 0 0]]
Solution:
[[7 3 6 5 0 1 9 4 0]
 [9 4 5 7 3 2 1 8 6]
 [8 2 1 4 9 6 3 5 7]
 [5 1 4 3 6 9 7 0 8]
 [2 9 3 8 7 4 0 6 0]
 [0 6 7 0 1 0 5 9 2]
 [1 5 2 6 8 0 0 3 9]
 [3 0 9 1 5 7 2 0 4]
 [4 7 8 9 2 3 6 0 1]]
Number of cells unfilled: 13
Accuracy: 83.9506172839506
Sample: 62974
Question:
[[0 0 5 0 0 0 0 0 0]
 [7 0 0 0 0 2 0 1 0]
 [0 9 0 6 0 0 3 0 0]
 [5 0 0 7 0 1 0 6 0]
 [0 0 0 0 0 0 7 0 5]
 [8 0 0 2 0 0 0 3 0]
 [0 0 0 8 0 6 0 0 3]
 [6 0 0 0 2 0 0 7 0]
 [0 0 4 1 0 7 6 0 0]]
Solution:
[[7 3 6 5 0 8 9 4 0]
 [9 4 5 7 3 2 8 1 6]
 [8 2 1 4 9 6 3 5 7]
 [5 1 4 3 6 9 7 8 0]
 [2 9 3 8 7 4 1 6 0]
 [0 6 7 0 1 0 5 9 2]
 [1 5 2 6 8 0 0 3 9]
 [3 0 9 1 5 7 2 0 4]
 [4 7 8 9 2 3 6 0 1]]
Number of cells unfilled: 12
Accuracy: 85.18518518518519
Sample: 62975
Question:
[[6 2 0 1 0 0 8 0 0]
 [0 0 1 0 0 0 0 0 0]
 [9 8 0 0 0 6 2 1 0]
 [0 0 0 0 1 5 0 0 2]
 [0 0 2 8 0 0 6 5 0]
 [5 0 0 0 0 0 0 0 3]
 [0 7 0 0 3 0 0 0 0]
 [0 0 6 2 0 0 3 9 0]
 [0 0 0 0 0 4 0 0 0]]
Solution:
[[0 3 6 5 0 1 9 4 7]
 [9 4 5 7 3 2 8 1 6]
 [8 7 1 4 9 6 3 5 0]
 [5 1 4 3 6 9 7 8 0]
 [2 9 3 8 7 4 1 6 0]
 [0 6 7 0 1 0 5 9 2]
 [7 5 2 6 8 0 0 3 9]
 [3 0 9 1 5 7 0 2 4]
 [4 0 8 9 2 3 6 7 1]]
Number of cells unfilled: 13
Accuracy: 83.9506172839506
Sample: 62976
Question:
[[4 1 0 7 0 0 5 6 0]
 [0 0 0 3 0 0 0 0 0]
 [0 2 9 0 1 5 0 0 7]
 [2 5 0 0 0 0 0 4 0]
 [0 0 0 6 0 0 0 0 0]
 [0 0 0 0 0 0 0 5 1]
 [0 4 0 0 0 0 8 2 0]
 [9 8 0 0 3 0 0 1 0]
 [1 0 0 9 0 0 0 0 0]]
Solution:
[[7 3 6 5 0 8 9 4 0]
 [9 4 5 7 3 2 8 1 6]
 [8 2 1 4 9 6 3 5 7]
 [5 1 4 3 6 9 7 8 0]
 [2 9 3 8 7 4 1 6 0]
 [0 6 7 0 1 0 5 9 2]
 [1 5 2 6 8 0 0 3 9]
 [3 0 9 1 5 7 2 0 4]
 [4 7 8 9 2 3 6 0 1]]
Number of cells unfilled: 12
Accuracy: 85.18518518518519
Sample: 62977
Question:
[[0 0 0 0 4 0 0 0 7]
 [3 0 0 0 0 0 0 1 0]
 [0 0 5 0 0 0 9 0 0]
 [0 8 0 7 0 0 0 0 6]
 [9 0 0 0 6 2 0 0 0]
 [0 0 7 0 8 4 0 0 0]
 [0 0 9 0 0 0 0 5 0]
 [1 0 0 0 0 7 3 0 0]
 [0 2 0 0 0 8 0 0 4]]
Solution:
[[7 3 6 5 0 1 9 4 0]
 [9 4 5 7 3 2 8 1 6]
 [8 2 1 4 9 6 3 5 7]
 [5 1 4 3 6 9 7 0 8]
 [2 9 3 8 7 4 1 6 0]
 [0 6 7 0 1 0 5 9 2]
 [1 5 2 6 8 0 0 3 9]
 [3 0 9 1 5 7 2 8 4]
 [4 7 8 9 2 3 6 0 1]]
Number of cells unfilled: 11
Accuracy: 86.41975308641975
Sample: 62978
Question:
[[0 0 3 1 0 0 0 0 0]
 [0 8 0 0 0 0 0 0 2]
 [6 0 0 0 0 0 0 9 0]
 [7 0 0 0 0 6 0 2 0]
 [0 0 1 3 0 0 6 0 0]
 [0 0 0 0 8 0 0 0 4]
 [4 0 0 0 0 9 5 0 7]
 [0 0 7 4 0 0 0 0 0]
 [0 5 9 6 7 0 0 4 0]]
Solution:
[[0 3 6 5 0 8 9 4 7]
 [9 4 5 7 3 2 8 1 6]
 [8 7 1 4 9 6 3 5 0]
 [5 1 4 3 6 9 7 0 8]
 [2 9 3 8 7 4 1 6 0]
 [0 6 7 0 1 0 5 9 2]
 [7 5 2 6 8 0 0 3 9]
 [3 0 9 1 5 7 2 8 4]
 [4 0 8 9 2 3 6 7 1]]
Number of cells unfilled: 12
Accuracy: 85.18518518518519
Sample: 62979
Question:
[[2 0 0 0 5 0 9 0 0]
 [0 0 6 0 0 0 1 0 0]
 [0 4 0 0 0 7 0 0 3]
 [3 7 0 2 0 0 0 1 0]
 [0 2 0 0 8 0 0 3 0]
 [0 0 4 0 0 3 0 0 2]
 [0 0 0 0 9 0 5 0 0]
 [0 0 0 8 0 0 0 0 0]
 [4 0 0 0 0 6 0 0 7]]
Solution:
[[7 3 6 5 0 1 9 4 0]
 [9 4 5 7 3 2 1 8 6]
 [8 2 1 4 9 6 3 5 7]
 [5 1 4 3 6 9 7 0 8]
 [2 9 3 8 7 4 0 6 0]
 [0 6 7 0 1 0 5 9 2]
 [1 5 2 6 8 0 0 3 9]
 [3 0 9 1 5 7 2 0 4]
 [4 7 8 9 2 3 6 0 1]]
Number of cells unfilled: 13
Accuracy: 83.9506172839506
Sample: 62980
Question:
[[0 1 0 0 0 0 0 0 4]
 [6 0 0 0 3 0 9 0 0]
 [0 0 0 5 0 0 0 7 0]
 [3 0 0 0 9 0 6 0 0]
 [0 0 5 0 0 7 0 0 0]
 [0 4 0 0 0 0 0 1 0]
 [0 0 8 0 6 0 0 3 2]
 [2 0 0 0 0 0 0 0 0]
 [0 3 0 9 0 2 8 0 0]]
Solution:
[[0 3 6 5 0 1 9 4 7]
 [9 4 5 7 3 2 1 8 6]
 [8 7 1 4 9 6 3 5 0]
 [5 1 4 3 6 9 7 0 8]
 [2 9 3 8 7 4 0 6 0]
 [0 6 7 0 1 0 5 9 2]
 [1 5 2 6 8 0 0 3 9]
 [3 0 9 1 5 7 8 2 4]
 [4 0 8 9 2 3 6 7 1]]
Number of cells unfilled: 13
Accuracy: 83.9506172839506
Sample: 62981
Question:
[[0 9 0 0 0 0 6 0 5]
 [0 0 8 6 0 0 4 0 0]
 [4 0 0 0 0 5 0 2 0]
 [8 0 0 2 5 0 0 4 0]
 [2 0 0 7 0 0 0 0 0]
 [0 4 0 0 0 9 0 0 0]
 [0 0 1 0 3 0 0 0 0]
 [9 0 0 0 0 7 0 5 0]
 [0 3 0 0 0 0 1 0 8]]
Solution:
[[7 3 6 5 0 8 9 4 0]
 [9 4 5 7 3 2 1 8 6]
 [8 2 1 4 9 6 3 5 7]
 [5 1 4 3 6 9 7 0 8]
 [2 9 3 8 7 4 0 6 0]
 [0 6 7 0 1 0 5 9 2]
 [1 5 2 6 8 0 0 3 9]
 [3 0 9 1 5 7 8 2 4]
 [4 7 8 9 2 3 6 0 1]]
Number of cells unfilled: 12
Accuracy: 85.18518518518519
Sample: 62982
Question:
[[3 0 0 5 0 0 0 6 0]
 [0 0 0 0 0 0 4 0 0]
 [0 7 0 0 0 0 0 0 0]
 [0 0 0 0 7 0 0 3 0]
 [2 0 0 0 0 0 0 5 0]
 [0 0 9 0 4 0 0 0 0]
 [0 0 0 0 2 0 0 0 0]
 [0 0 0 1 0 3 0 0 0]
 [0 0 5 0 0 0 7 0 8]]
Solution:
[[0 3 6 5 0 1 9 4 7]
 [9 4 5 7 3 2 8 1 6]
 [8 7 1 4 9 6 3 5 0]
 [5 1 4 3 6 9 7 0 8]
 [2 9 3 8 7 4 1 6 0]
 [0 6 7 0 1 0 5 9 2]
 [7 5 2 6 8 0 0 3 9]
 [3 0 9 1 5 7 2 8 4]
 [4 0 8 9 2 3 6 7 1]]
Number of cells unfilled: 12
Accuracy: 85.18518518518519
Sample: 62983
Question:
[[4 0 0 0 0 0 0 0 0]
 [0 3 5 0 0 2 0 0 0]
 [0 9 2 0 0 0 0 3 0]
 [0 0 7 0 1 0 8 0 0]
 [0 6 0 2 0 0 0 0 7]
 [5 0 0 0 0 3 0 4 0]
 [0 0 0 8 0 0 4 0 0]
 [9 0 0 0 0 5 0 2 0]
 [0 0 0 6 0 0 0 0 1]]
Solution:
[[0 3 6 5 0 1 9 4 7]
 [9 4 5 7 3 2 1 8 6]
 [8 7 1 4 9 6 3 5 0]
 [5 1 4 3 6 9 7 0 8]
 [2 9 3 8 7 4 0 6 0]
 [0 6 7 0 1 0 5 9 2]
 [1 5 2 6 8 0 0 3 9]
 [3 0 9 1 5 7 8 2 4]
 [4 0 8 9 2 3 6 7 1]]
Number of cells unfilled: 13
Accuracy: 83.9506172839506
Sample: 62984
Question:
[[0 8 0 0 2 0 9 7 0]
 [0 0 6 0 0 4 0 0 0]
 [0 0 0 8 0 9 5 0 3]
 [1 0 5 0 0 0 0 9 0]
 [4 0 0 0 5 0 8 0 7]
 [2 0 0 0 3 1 6 0 4]
 [0 2 3 0 0 5 0 8 1]
 [0 0 1 6 4 0 7 0 0]
 [9 0 7 3 0 8 2 0 0]]
Solution:
[[7 3 6 5 0 8 9 4 0]
 [9 4 5 7 3 2 1 8 6]
 [8 2 1 4 9 6 3 5 7]
 [5 1 4 3 6 9 7 0 8]
 [2 9 3 8 7 4 0 6 0]
 [0 6 7 0 1 0 5 9 2]
 [1 5 2 6 8 0 0 3 9]
 [3 0 9 1 5 7 2 0 4]
 [4 7 8 9 2 3 6 0 1]]
Number of cells unfilled: 13
Accuracy: 83.9506172839506
Sample: 62985
Question:
[[0 0 0 0 0 0 3 0 0]
 [1 0 0 7 0 0 0 0 4]
 [0 0 4 0 9 2 0 7 0]
 [0 0 0 0 6 0 9 0 0]
 [0 1 0 0 2 0 0 0 0]
 [0 0 5 4 0 0 0 0 8]
 [7 0 1 0 0 0 0 6 0]
 [5 0 8 0 0 0 4 3 0]
 [0 4 0 5 0 0 0 0 7]]
Solution:
[[7 3 6 5 0 8 9 4 0]
 [9 4 5 7 3 2 8 1 6]
 [8 2 1 4 9 6 3 5 7]
 [5 1 4 3 6 9 7 0 8]
 [2 9 3 8 7 4 1 6 0]
 [0 6 7 0 1 0 5 9 2]
 [1 5 2 6 8 0 0 3 9]
 [3 0 9 1 5 7 2 8 4]
 [4 7 8 9 2 3 6 0 1]]
Number of cells unfilled: 11
Accuracy: 86.41975308641975
Sample: 62986
Question:
[[7 0 0 1 3 0 0 8 4]
 [0 0 2 0 0 6 0 0 0]
 [8 0 0 0 0 9 0 7 0]
 [0 0 0 0 0 0 5 0 0]
 [0 0 0 6 0 0 0 9 3]
 [3 0 8 7 0 0 0 0 0]
 [2 8 0 0 0 0 0 1 0]
 [0 4 1 0 2 0 0 6 0]
 [0 0 7 0 0 0 0 0 5]]
Solution:
[[7 3 6 5 0 8 9 4 0]
 [9 4 5 7 3 2 1 8 6]
 [8 2 1 4 9 6 3 5 7]
 [5 1 4 3 6 9 7 0 8]
 [2 9 3 8 7 4 0 6 0]
 [0 6 7 0 1 0 5 9 2]
 [1 5 2 6 8 0 0 3 9]
 [3 0 9 1 5 7 2 0 4]
 [4 7 8 9 2 3 6 0 1]]
Number of cells unfilled: 13
Accuracy: 83.9506172839506
Sample: 62987
Question:
[[0 0 7 0 8 0 0 0 0]
 [0 6 0 9 0 4 0 0 0]
 [8 0 0 6 0 0 0 9 0]
 [0 0 8 0 0 0 5 0 0]
 [1 0 0 5 0 0 0 0 3]
 [0 7 0 0 4 0 0 6 0]
 [0 8 0 0 9 0 0 4 0]
 [0 0 0 0 0 0 2 0 0]
 [0 0 2 0 0 3 0 0 1]]
Solution:
[[7 3 6 5 0 8 9 4 0]
 [9 4 5 7 3 2 8 1 6]
 [8 2 1 4 9 6 3 5 7]
 [5 1 4 3 6 9 7 8 0]
 [2 9 3 8 7 4 1 6 0]
 [0 6 7 0 1 0 5 9 2]
 [1 5 2 6 8 0 0 3 9]
 [3 0 9 1 5 7 2 0 4]
 [4 7 8 9 2 3 6 0 1]]
Number of cells unfilled: 12
Accuracy: 85.18518518518519
Sample: 62988
Question:
[[8 0 0 0 0 9 0 7 0]
 [7 0 5 0 0 0 0 0 3]
 [0 6 0 0 7 0 8 0 0]
 [0 0 0 2 0 0 0 3 0]
 [0 0 7 0 8 0 5 0 0]
 [0 0 0 0 0 4 0 0 9]
 [0 1 0 0 0 2 0 0 0]
 [0 0 6 0 0 0 0 0 4]
 [5 0 0 0 6 0 1 0 0]]
Solution:
[[7 3 6 5 0 8 9 4 0]
 [9 4 5 7 3 2 1 8 6]
 [8 2 1 4 9 6 3 5 7]
 [5 1 4 3 6 9 7 0 8]
 [2 9 3 8 7 4 0 6 0]
 [0 6 7 0 1 0 5 9 2]
 [1 5 2 6 8 0 0 3 9]
 [3 0 9 1 5 7 2 0 4]
 [4 7 8 9 2 3 6 0 1]]
Number of cells unfilled: 13
Accuracy: 83.9506172839506
Sample: 62989
Question:
[[9 0 0 0 0 0 0 4 0]
 [5 0 6 8 0 0 0 0 0]
 [0 8 0 0 0 0 0 3 2]
 [8 0 1 0 3 0 0 0 0]
 [0 4 0 1 0 6 0 0 0]
 [0 0 0 0 2 7 0 0 0]
 [0 0 8 0 0 0 2 0 0]
 [0 7 9 0 0 8 1 0 0]
 [0 0 0 9 0 0 7 6 0]]
Solution:
[[0 3 6 5 0 8 9 4 7]
 [9 4 5 7 3 2 8 1 6]
 [8 7 1 4 9 6 3 5 0]
 [5 1 4 3 6 9 7 8 0]
 [2 9 3 8 7 4 1 6 0]
 [0 6 7 0 1 0 5 9 2]
 [1 5 2 6 8 0 0 3 9]
 [3 0 9 1 5 7 2 0 4]
 [4 0 8 9 2 3 6 7 1]]
Number of cells unfilled: 13
Accuracy: 83.9506172839506
Sample: 62990
Question:
[[5 0 0 9 0 0 0 8 0]
 [0 0 0 0 5 0 6 0 0]
 [0 0 3 0 0 1 0 0 7]
 [7 3 0 0 0 0 0 0 6]
 [0 0 2 0 0 0 1 0 0]
 [6 1 0 0 0 2 0 3 0]
 [0 0 0 0 4 0 9 0 0]
 [0 0 6 0 0 7 0 0 2]
 [0 4 0 8 0 0 0 6 0]]
Solution:
[[7 3 6 5 0 1 9 4 0]
 [9 4 5 7 3 2 8 1 6]
 [8 2 1 4 9 6 3 5 7]
 [5 1 4 3 6 9 7 0 8]
 [2 9 3 8 7 4 1 6 0]
 [0 6 7 0 1 0 5 9 2]
 [1 5 2 6 8 0 0 3 9]
 [3 0 9 1 5 7 2 8 4]
 [4 7 8 9 2 3 6 0 1]]
Number of cells unfilled: 11
Accuracy: 86.41975308641975
Sample: 62991
Question:
[[3 0 0 0 0 9 0 0 0]
 [0 2 0 0 6 0 8 0 0]
 [0 0 0 7 0 0 0 1 3]
 [8 5 0 1 0 0 0 0 6]
 [0 0 2 0 3 0 5 0 0]
 [4 0 0 0 0 0 0 7 0]
 [0 4 0 0 0 8 0 0 0]
 [0 0 6 0 0 0 0 0 9]
 [2 0 0 0 5 0 4 0 0]]
Solution:
[[0 3 6 5 0 8 9 4 7]
 [9 4 5 7 3 2 8 1 6]
 [8 7 1 4 9 6 3 5 0]
 [5 1 4 3 6 9 7 0 8]
 [2 9 3 8 7 4 1 6 0]
 [0 6 7 0 1 0 5 9 2]
 [1 5 2 6 8 0 0 3 9]
 [3 0 9 1 5 7 2 8 4]
 [4 0 8 9 2 3 6 7 1]]
Number of cells unfilled: 12
Accuracy: 85.18518518518519
Sample: 62992
Question:
[[0 0 0 1 2 7 0 0 0]
 [3 0 4 8 0 0 0 0 0]
 [0 0 0 0 5 0 0 0 9]
 [7 0 0 0 0 0 0 2 0]
 [0 0 0 0 0 5 0 0 0]
 [0 0 0 2 7 0 4 9 0]
 [0 0 0 0 8 4 0 0 0]
 [0 2 9 0 0 0 0 6 0]
 [0 1 8 6 0 0 0 0 3]]
Solution:
[[7 3 6 5 0 8 9 4 0]
 [9 4 5 7 3 2 1 8 6]
 [8 2 1 4 9 6 3 5 7]
 [5 1 4 3 6 9 7 0 8]
 [2 9 3 8 7 4 0 6 0]
 [0 6 7 0 1 0 5 9 2]
 [1 5 2 6 8 0 0 3 9]
 [3 0 9 1 5 7 2 0 4]
 [4 7 8 9 2 3 6 0 1]]
Number of cells unfilled: 13
Accuracy: 83.9506172839506
Sample: 62993
Question:
[[0 7 0 0 0 6 3 0 0]
 [0 0 5 0 4 1 0 0 0]
 [6 4 0 9 0 0 0 0 1]
 [0 0 0 0 6 0 0 0 9]
 [0 5 0 2 0 0 4 0 0]
 [0 0 7 1 0 0 0 8 0]
 [0 8 0 0 0 0 7 0 0]
 [7 0 0 0 0 2 0 0 6]
 [0 0 4 0 0 0 0 3 0]]
Solution:
[[7 3 6 5 0 1 9 4 0]
 [9 4 5 7 3 2 1 8 6]
 [8 2 1 4 9 6 3 5 7]
 [5 1 4 3 6 9 7 0 8]
 [2 9 3 8 7 4 0 6 0]
 [0 6 7 0 1 0 5 9 2]
 [1 5 2 6 8 0 0 3 9]
 [3 0 9 1 5 7 8 2 4]
 [4 7 8 9 2 3 6 0 1]]
Number of cells unfilled: 12
Accuracy: 85.18518518518519
Sample: 62994
Question:
[[6 0 8 4 0 0 0 0 0]
 [0 9 0 0 0 3 0 8 6]
 [7 0 3 0 0 0 5 0 0]
 [0 0 0 2 0 0 0 0 0]
 [0 0 7 0 0 8 0 5 3]
 [0 0 0 0 5 7 0 0 0]
 [0 0 0 0 0 0 1 0 0]
 [0 0 9 0 0 0 6 0 0]
 [3 0 0 0 0 6 0 7 9]]
Solution:
[[7 3 6 5 0 8 9 4 0]
 [9 4 5 7 3 2 8 1 6]
 [8 2 1 4 9 6 3 5 7]
 [5 1 4 3 6 9 7 8 0]
 [2 9 3 8 7 4 1 6 0]
 [0 6 7 0 1 0 5 9 2]
 [1 5 2 6 8 0 0 3 9]
 [3 0 9 1 5 7 2 0 4]
 [4 7 8 9 2 3 6 0 1]]
Number of cells unfilled: 12
Accuracy: 85.18518518518519
Sample: 62995
Question:
[[0 1 6 0 0 7 0 0 0]
 [5 3 0 6 0 9 0 0 0]
 [0 0 4 0 3 0 0 0 0]
 [0 0 0 9 0 0 1 0 6]
 [0 0 0 0 0 0 0 5 2]
 [0 0 0 0 1 0 0 3 0]
 [0 0 2 3 6 0 4 8 0]
 [8 0 0 0 0 0 0 1 0]
 [0 0 0 8 5 0 0 0 0]]
Solution:
[[7 3 6 5 0 1 9 4 0]
 [9 4 5 7 3 2 1 8 6]
 [8 2 1 4 9 6 3 5 7]
 [5 1 4 3 6 9 7 0 8]
 [2 9 3 8 7 4 0 6 0]
 [0 6 7 0 1 0 5 9 2]
 [1 5 2 6 8 0 0 3 9]
 [3 0 9 1 5 7 8 2 4]
 [4 7 8 9 2 3 6 0 1]]
Number of cells unfilled: 12
Accuracy: 85.18518518518519
Sample: 62996
Question:
[[0 0 5 0 0 0 0 0 0]
 [1 0 0 0 4 0 5 6 0]
 [0 0 0 0 0 2 0 0 7]
 [0 1 0 2 0 0 0 0 0]
 [0 0 4 0 1 0 2 9 0]
 [0 9 0 0 0 3 0 0 0]
 [4 0 6 0 0 0 0 0 8]
 [0 5 0 0 6 0 4 1 0]
 [0 0 0 0 0 0 0 0 0]]
Solution:
[[0 3 6 5 0 8 9 4 7]
 [9 4 5 7 3 2 1 8 6]
 [8 7 1 4 9 6 3 5 0]
 [5 1 4 3 6 9 7 0 8]
 [2 9 3 8 7 4 0 6 0]
 [0 6 7 0 1 0 5 9 2]
 [1 5 2 6 8 0 0 3 9]
 [3 0 9 1 5 7 8 2 4]
 [4 0 8 9 2 3 6 7 1]]
Number of cells unfilled: 13
Accuracy: 83.9506172839506
Sample: 62997
Question:
[[0 0 1 0 9 0 0 0 0]
 [0 2 0 7 0 0 9 8 0]
 [9 7 0 2 0 0 0 5 1]
 [0 4 0 0 5 2 0 0 8]
 [0 0 0 4 0 0 5 0 0]
 [0 6 0 0 8 7 0 4 0]
 [0 5 0 8 0 0 0 7 0]
 [0 0 6 0 0 0 0 0 0]
 [0 0 0 0 0 3 0 0 0]]
Solution:
[[7 3 6 5 0 8 9 4 0]
 [9 4 5 7 3 2 8 1 6]
 [8 2 1 4 9 6 3 5 7]
 [5 1 4 3 6 9 7 8 0]
 [2 9 3 8 7 4 1 6 0]
 [0 6 7 0 1 0 5 9 2]
 [1 5 2 6 8 0 0 3 9]
 [3 0 9 1 5 7 2 0 4]
 [4 7 8 9 2 3 6 0 1]]
Number of cells unfilled: 12
Accuracy: 85.18518518518519
Sample: 62998
Question:
[[4 0 0 0 9 0 0 0 0]
 [0 6 2 0 0 4 0 0 5]
 [0 1 9 2 0 0 0 0 4]
 [0 8 0 0 0 0 0 0 0]
 [2 0 0 0 0 6 0 0 9]
 [0 0 6 0 0 0 5 0 0]
 [0 0 7 0 0 0 3 0 0]
 [1 0 0 3 0 9 0 7 6]
 [6 0 0 0 0 2 0 0 1]]
Solution:
[[7 3 6 5 0 1 9 4 0]
 [9 4 5 7 3 2 8 1 6]
 [8 2 1 4 9 6 3 5 7]
 [5 1 4 3 6 9 7 8 0]
 [2 9 3 8 7 4 1 6 0]
 [0 6 7 0 1 0 5 9 2]
 [1 5 2 6 8 0 0 3 9]
 [3 0 9 1 5 7 2 0 4]
 [4 7 8 9 2 3 6 0 1]]
Number of cells unfilled: 12
Accuracy: 85.18518518518519
Sample: 62999
Question:
[[8 0 0 0 2 1 0 0 0]
 [0 5 0 3 0 0 2 1 0]
 [0 0 0 0 5 0 0 0 7]
 [0 0 6 0 0 0 0 0 4]
 [0 9 0 0 0 3 1 2 0]
 [0 3 0 0 0 0 0 7 0]
 [0 2 0 0 3 0 5 9 0]
 [0 0 0 0 0 5 0 4 0]
 [0 0 0 9 0 0 7 0 0]]
Solution:
[[7 3 6 5 0 8 9 4 0]
 [9 4 5 7 3 2 1 8 6]
 [8 2 1 4 9 6 3 5 7]
 [5 1 4 3 6 9 7 0 8]
 [2 9 3 8 7 4 0 6 0]
 [0 6 7 0 1 0 5 9 2]
 [1 5 2 6 8 0 0 3 9]
 [3 0 9 1 5 7 2 0 4]
 [4 7 8 9 2 3 6 0 1]]
Number of cells unfilled: 13
Accuracy: 83.9506172839506
Sample: 63000
Question:
[[0 0 6 0 0 0 9 0 0]
 [0 4 5 0 0 0 0 0 6]
 [8 0 0 4 0 0 0 5 0]
 [0 0 0 0 0 9 7 0 0]
 [0 0 3 8 0 0 0 6 0]
 [0 0 0 0 1 0 0 0 2]
 [0 5 0 6 0 0 0 3 0]
 [3 0 0 0 0 7 0 0 0]
 [0 0 0 0 2 0 0 0 1]]
Solution:
[[7 3 6 5 0 1 9 4 8]
 [9 4 5 7 3 2 1 0 6]
 [8 2 1 4 9 6 3 5 7]
 [5 1 4 3 6 9 7 8 0]
 [2 9 3 8 7 4 0 6 0]
 [0 6 7 0 1 0 5 9 2]
 [1 5 2 6 8 0 0 3 9]
 [3 0 9 1 5 7 8 2 4]
 [4 7 8 9 2 3 6 0 1]]
Number of cells unfilled: 12
Accuracy: 85.18518518518519
