2025-10-22 15:51:19.386338: I tensorflow/core/util/port.cc:153] oneDNN custom operations are on. You may see slightly different numerical results due to floating-point round-off errors from different computation orders. To turn them off, set the environment variable `TF_ENABLE_ONEDNN_OPTS=0`.
2025-10-22 15:51:20.183549: I tensorflow/core/platform/cpu_feature_guard.cc:210] This TensorFlow binary is optimized to use available CPU instructions in performance-critical operations.
To enable the following instructions: AVX2 AVX512F AVX512_VNNI FMA, in other operations, rebuild TensorFlow with the appropriate compiler flags.
2025-10-22 15:51:25.003610: I tensorflow/core/util/port.cc:153] oneDNN custom operations are on. You may see slightly different numerical results due to floating-point round-off errors from different computation orders. To turn them off, set the environment variable `TF_ENABLE_ONEDNN_OPTS=0`.
2025-10-22 15:51:31.407442: E external/local_xla/xla/stream_executor/cuda/cuda_platform.cc:51] failed call to cuInit: INTERNAL: CUDA error: Failed call to cuInit: UNKNOWN ERROR (303)
Sample: 63801
Question:
[[0 0 0 0 6 0 1 0 0]
 [0 0 8 5 3 0 0 0 0]
 [2 0 4 0 0 0 0 0 0]
 [3 0 0 7 0 0 0 4 0]
 [0 0 0 0 0 0 9 1 5]
 [0 0 6 4 0 9 3 0 7]
 [0 0 0 0 9 0 0 0 0]
 [0 0 3 1 0 0 5 6 0]
 [0 8 0 6 0 0 7 0 4]]
Solution:
[[0 7 5 8 0 2 3 4 6]
 [9 2 3 4 6 5 7 1 8]
 [4 8 1 7 9 3 5 0 2]
 [0 0 6 3 1 7 8 0 4]
 [3 5 2 0 8 4 6 0 9]
 [8 4 0 2 0 9 1 7 5]
 [6 3 4 0 5 1 9 2 7]
 [2 9 7 0 4 8 0 6 3]
 [5 1 8 9 7 6 4 0 0]]
Number of cells unfilled: 15
Accuracy: 81.48148148148148
Sample: 63802
Question:
[[0 0 0 0 0 0 0 6 2]
 [0 0 8 0 0 2 9 0 0]
 [0 0 0 0 3 0 0 0 8]
 [0 3 0 0 4 0 7 0 0]
 [5 0 0 1 0 0 0 0 0]
 [0 0 7 0 0 0 0 0 6]
 [0 4 0 0 5 0 0 0 0]
 [1 0 0 3 0 0 0 0 0]
 [0 0 2 0 0 7 0 8 0]]
Solution:
[[7 0 5 8 0 2 3 4 6]
 [9 2 3 1 6 5 7 0 8]
 [4 8 1 7 9 3 5 0 2]
 [0 0 6 3 1 7 8 0 4]
 [3 5 2 0 8 4 6 0 9]
 [8 4 0 2 0 9 1 7 5]
 [6 3 4 0 5 1 9 2 7]
 [2 9 7 0 4 8 0 5 3]
 [5 1 8 9 2 6 4 0 0]]
Number of cells unfilled: 16
Accuracy: 80.24691358024691
Sample: 63803
Question:
[[0 0 8 0 9 5 0 0 0]
 [9 0 5 0 0 0 0 2 7]
 [4 7 0 0 0 0 0 0 8]
 [0 5 0 0 0 0 1 0 3]
 [0 0 0 0 0 6 0 8 2]
 [3 0 9 1 0 0 0 0 0]
 [0 0 0 0 6 0 0 5 0]
 [0 0 0 8 0 9 0 0 0]
 [7 6 3 0 0 0 0 0 0]]
Solution:
[[7 0 5 8 0 2 3 4 6]
 [9 2 3 1 6 5 7 0 8]
 [4 8 1 7 9 3 5 0 2]
 [0 0 6 3 1 7 8 0 4]
 [3 5 2 0 8 4 6 0 9]
 [8 4 0 2 0 9 1 7 5]
 [6 3 4 0 5 1 9 2 7]
 [2 9 7 0 4 8 0 1 3]
 [5 1 8 9 7 6 4 0 0]]
Number of cells unfilled: 16
Accuracy: 80.24691358024691
Sample: 63804
Question:
[[0 8 0 5 0 3 4 0 0]
 [0 4 0 2 0 6 7 9 0]
 [0 0 0 0 0 0 0 0 0]
 [0 0 3 0 9 0 0 8 0]
 [0 0 6 0 7 0 0 4 3]
 [0 0 0 0 0 1 9 0 6]
 [0 0 0 3 0 0 0 0 0]
 [5 0 1 0 0 7 0 0 0]
 [0 0 4 0 0 0 0 5 9]]
Solution:
[[0 7 5 8 0 2 3 4 6]
 [9 2 3 1 6 5 7 0 8]
 [4 8 1 7 9 3 5 0 2]
 [0 0 6 3 1 7 8 0 4]
 [3 5 2 0 8 4 6 0 9]
 [8 4 0 2 0 9 1 7 5]
 [6 3 4 0 5 1 9 2 7]
 [2 9 7 0 4 8 0 1 3]
 [5 1 8 9 3 6 4 0 0]]
Number of cells unfilled: 16
Accuracy: 80.24691358024691
Sample: 63805
Question:
[[0 6 0 0 3 0 0 5 0]
 [0 0 0 2 0 0 4 0 0]
 [0 0 8 0 0 7 0 0 6]
 [0 7 0 0 0 1 0 0 9]
 [9 0 1 0 5 0 0 0 0]
 [8 0 6 0 0 0 0 0 0]
 [6 0 0 0 0 8 0 0 7]
 [0 0 0 0 0 0 0 3 0]
 [0 0 7 4 0 0 2 0 0]]
Solution:
[[0 7 5 8 0 2 3 4 6]
 [9 2 3 1 6 5 7 0 8]
 [4 8 1 7 9 3 5 0 2]
 [0 0 6 3 1 7 8 0 4]
 [3 5 2 0 8 4 6 0 9]
 [8 4 0 2 0 9 1 7 5]
 [0 6 4 0 5 1 9 2 7]
 [2 9 7 0 4 8 0 1 3]
 [5 1 8 9 2 6 4 0 0]]
Number of cells unfilled: 17
Accuracy: 79.01234567901234
Sample: 63806
Question:
[[0 3 0 0 6 0 0 0 0]
 [0 0 0 0 0 9 0 0 8]
 [0 0 0 0 0 0 0 0 0]
 [0 0 0 0 3 0 0 1 0]
 [0 4 8 0 0 0 0 0 0]
 [0 0 9 0 0 1 0 0 0]
 [0 0 0 4 0 0 3 0 7]
 [9 0 0 0 0 0 0 6 0]
 [0 0 2 0 0 8 0 0 0]]
Solution:
[[7 0 5 8 0 2 3 4 6]
 [9 2 3 4 6 5 7 1 8]
 [4 8 1 7 9 3 5 0 2]
 [0 0 6 3 1 7 8 0 4]
 [3 5 2 0 8 4 6 0 9]
 [8 4 0 2 0 9 1 7 5]
 [6 3 4 0 5 1 9 2 7]
 [2 9 7 0 4 8 0 6 3]
 [5 1 8 9 7 6 4 0 0]]
Number of cells unfilled: 15
Accuracy: 81.48148148148148
Sample: 63807
Question:
[[0 0 0 4 0 0 0 0 5]
 [6 0 0 0 1 0 0 0 0]
 [0 0 0 0 8 0 0 7 4]
 [5 0 0 8 0 6 0 0 0]
 [1 7 9 0 0 2 0 0 0]
 [0 0 0 0 0 1 0 0 0]
 [0 0 0 0 0 8 0 0 2]
 [0 0 4 0 0 0 3 5 0]
 [0 6 5 3 0 0 8 0 1]]
Solution:
[[7 0 5 8 0 2 3 4 6]
 [9 2 3 4 6 5 7 8 1]
 [4 8 1 7 9 3 5 0 2]
 [0 0 6 3 1 7 8 0 4]
 [3 5 2 0 8 4 6 0 9]
 [8 4 0 2 0 9 1 7 5]
 [6 3 4 0 5 1 9 2 7]
 [2 9 7 0 4 8 0 6 3]
 [5 1 8 9 2 6 4 0 0]]
Number of cells unfilled: 15
Accuracy: 81.48148148148148
Sample: 63808
Question:
[[0 0 9 0 0 2 0 0 0]
 [3 6 5 0 8 0 0 1 0]
 [0 0 0 0 9 0 0 4 5]
 [0 0 0 3 0 1 0 0 0]
 [0 4 0 0 2 6 0 8 0]
 [0 0 1 0 0 9 0 3 6]
 [8 0 0 0 0 0 1 0 0]
 [0 0 0 2 0 0 8 7 0]
 [1 0 0 0 0 0 0 0 4]]
Solution:
[[0 7 5 8 0 2 3 4 6]
 [9 2 3 4 6 5 7 1 8]
 [4 8 1 7 9 3 5 0 2]
 [0 0 6 3 1 7 8 0 4]
 [3 5 2 0 8 4 6 0 9]
 [8 4 0 2 0 9 1 7 5]
 [0 6 4 0 5 1 9 2 7]
 [2 9 7 0 4 8 0 6 3]
 [5 1 8 9 7 6 4 0 0]]
Number of cells unfilled: 16
Accuracy: 80.24691358024691
Sample: 63809
Question:
[[0 4 0 8 0 0 5 0 0]
 [0 0 0 0 0 0 0 4 0]
 [0 0 0 0 6 0 8 9 7]
 [0 0 0 0 3 0 0 5 9]
 [2 5 0 0 0 9 0 7 0]
 [6 0 9 0 2 0 0 0 0]
 [5 0 0 3 7 0 0 0 0]
 [9 8 0 0 5 0 0 0 4]
 [0 3 7 0 0 0 0 0 0]]
Solution:
[[0 7 5 8 0 2 3 4 6]
 [9 2 3 1 6 5 7 0 8]
 [4 8 1 7 9 3 5 0 2]
 [0 0 6 3 1 7 8 0 4]
 [3 5 2 0 8 4 6 0 9]
 [8 4 0 2 0 9 1 7 5]
 [0 6 4 0 5 1 9 2 7]
 [2 9 7 0 4 8 0 5 3]
 [5 1 8 9 7 6 4 0 0]]
Number of cells unfilled: 17
Accuracy: 79.01234567901234
Sample: 63810
Question:
[[0 0 0 0 0 2 0 0 6]
 [0 0 2 0 0 0 4 8 5]
 [0 1 0 0 0 5 0 0 0]
 [1 2 6 0 0 0 7 0 0]
 [7 0 0 0 0 4 0 1 9]
 [0 0 0 0 2 0 0 0 0]
 [9 0 0 0 7 0 0 0 0]
 [0 0 0 0 5 6 9 0 0]
 [3 7 0 0 4 9 0 5 0]]
Solution:
[[0 7 5 8 0 2 3 4 6]
 [9 2 3 4 6 5 7 1 8]
 [4 8 1 7 9 3 5 0 2]
 [0 0 6 3 1 7 8 0 4]
 [3 5 2 0 8 4 6 0 9]
 [8 4 0 2 0 9 1 7 5]
 [6 3 4 0 5 1 9 2 7]
 [2 9 7 0 4 8 0 6 3]
 [5 1 8 9 2 6 4 0 0]]
Number of cells unfilled: 15
Accuracy: 81.48148148148148
Sample: 63811
Question:
[[0 5 0 0 0 0 4 0 0]
 [0 0 0 0 0 0 8 0 0]
 [0 0 4 0 0 2 0 9 0]
 [0 0 0 3 1 0 0 0 0]
 [1 6 3 0 0 0 0 0 0]
 [9 0 0 0 2 0 0 0 8]
 [0 0 1 0 0 6 9 8 0]
 [7 4 0 8 0 0 0 0 6]
 [0 0 9 0 0 7 0 0 1]]
Solution:
[[7 0 5 8 0 2 3 4 6]
 [9 2 3 4 6 5 7 1 8]
 [4 8 1 7 9 3 5 0 2]
 [0 0 6 3 1 7 8 0 4]
 [3 5 2 0 8 4 6 0 9]
 [8 4 0 2 0 9 1 7 5]
 [6 3 4 0 5 1 9 2 7]
 [2 9 7 0 4 8 0 6 3]
 [5 1 8 9 7 6 4 0 0]]
Number of cells unfilled: 15
Accuracy: 81.48148148148148
Sample: 63812
Question:
[[0 0 0 0 0 0 0 0 4]
 [7 0 0 0 0 3 0 0 0]
 [0 3 0 0 8 0 5 0 0]
 [0 1 0 9 0 5 0 0 0]
 [0 0 5 2 0 0 9 0 8]
 [0 0 0 0 0 0 0 0 1]
 [1 0 3 0 5 0 0 8 2]
 [0 0 0 0 2 0 0 0 0]
 [0 9 0 8 0 1 3 0 5]]
Solution:
[[0 7 5 8 0 2 3 4 6]
 [9 2 3 1 6 5 7 0 8]
 [4 8 1 7 9 3 5 0 2]
 [0 0 6 3 1 7 8 0 4]
 [3 5 2 0 8 4 6 0 9]
 [8 4 0 2 0 9 1 7 5]
 [0 6 4 0 5 1 9 2 7]
 [2 9 7 0 4 8 0 6 3]
 [5 1 8 9 3 6 4 0 0]]
Number of cells unfilled: 17
Accuracy: 79.01234567901234
Sample: 63813
Question:
[[0 0 0 0 0 0 3 1 0]
 [1 0 0 0 6 0 0 0 0]
 [0 0 8 1 0 0 0 0 4]
 [0 9 0 0 0 4 8 0 7]
 [8 0 0 0 0 0 2 4 0]
 [0 7 0 2 0 0 0 0 0]
 [0 0 4 0 2 1 9 8 0]
 [2 0 0 7 0 0 4 0 0]
 [0 1 9 0 0 0 0 0 0]]
Solution:
[[0 7 5 8 0 2 3 4 6]
 [9 2 3 4 6 5 7 8 1]
 [4 8 1 7 9 3 5 0 2]
 [0 0 6 3 1 7 8 0 4]
 [3 5 2 0 8 4 6 0 9]
 [8 4 0 2 0 9 1 7 5]
 [6 3 4 0 5 1 9 2 7]
 [2 9 7 0 4 8 0 5 3]
 [5 1 8 9 3 6 4 0 0]]
Number of cells unfilled: 15
Accuracy: 81.48148148148148
Sample: 63814
Question:
[[0 0 0 0 0 0 8 0 1]
 [0 0 0 0 0 4 0 0 0]
 [0 0 5 1 0 0 0 3 0]
 [3 9 0 6 0 0 0 0 0]
 [5 0 1 0 0 0 6 0 0]
 [0 2 0 0 3 0 5 9 0]
 [6 0 0 9 0 0 3 1 0]
 [0 0 3 0 0 6 2 0 5]
 [0 1 2 0 0 0 0 0 0]]
Solution:
[[7 0 5 8 0 2 3 4 6]
 [9 2 3 4 6 5 7 1 8]
 [4 8 1 7 9 3 5 0 2]
 [0 0 6 3 1 7 8 0 4]
 [3 5 2 0 8 4 6 0 9]
 [8 4 0 2 0 9 1 7 5]
 [6 3 4 0 5 1 9 2 7]
 [2 9 7 0 4 8 0 6 3]
 [5 1 8 9 7 6 4 0 0]]
Number of cells unfilled: 15
Accuracy: 81.48148148148148
Sample: 63815
Question:
[[0 0 0 0 0 0 8 2 0]
 [0 6 0 2 0 0 1 0 7]
 [0 7 0 0 0 8 0 0 0]
 [6 4 0 0 0 0 0 0 0]
 [2 0 0 0 8 0 6 1 0]
 [0 1 8 0 0 7 2 0 4]
 [1 0 0 0 0 4 0 0 2]
 [0 0 0 0 0 0 3 0 0]
 [0 0 4 0 9 0 0 0 0]]
Solution:
[[7 0 5 8 0 2 3 4 6]
 [9 2 3 1 6 5 7 0 8]
 [4 8 1 7 9 3 5 0 2]
 [0 0 6 3 1 7 8 0 4]
 [3 5 2 0 8 4 6 0 9]
 [8 4 0 2 0 9 1 7 5]
 [6 3 4 0 5 1 9 2 7]
 [2 9 7 0 4 8 0 6 3]
 [5 1 8 9 7 6 4 0 0]]
Number of cells unfilled: 16
Accuracy: 80.24691358024691
Sample: 63816
Question:
[[0 0 0 0 0 4 0 0 0]
 [0 0 0 0 0 0 9 1 0]
 [0 8 0 9 6 0 0 0 0]
 [9 3 0 0 0 6 4 7 0]
 [0 0 0 0 9 7 0 0 0]
 [0 0 5 3 4 0 0 6 0]
 [6 9 0 0 7 0 0 4 5]
 [0 0 3 0 5 0 0 0 0]
 [0 0 0 0 0 0 6 3 0]]
Solution:
[[7 0 5 8 0 2 3 4 6]
 [9 2 3 1 6 5 7 0 8]
 [4 8 1 7 9 3 5 0 2]
 [0 0 6 3 1 7 8 0 4]
 [3 5 2 0 8 4 6 0 9]
 [8 4 0 2 0 9 1 7 5]
 [6 3 4 0 5 1 9 2 7]
 [2 9 7 0 4 8 0 6 3]
 [5 1 8 9 2 6 4 0 0]]
Number of cells unfilled: 16
Accuracy: 80.24691358024691
Sample: 63817
Question:
[[0 0 0 0 0 4 0 8 0]
 [0 4 7 0 3 0 0 5 6]
 [0 0 5 0 2 0 0 0 0]
 [0 0 6 9 0 0 0 0 0]
 [0 8 0 0 0 2 6 0 0]
 [0 0 2 0 0 0 0 4 0]
 [7 0 4 0 0 5 0 0 2]
 [2 5 0 0 0 0 8 7 0]
 [0 6 0 0 0 0 4 0 0]]
Solution:
[[0 7 5 8 0 2 3 4 6]
 [9 2 3 1 6 5 7 0 8]
 [4 8 1 7 9 3 5 0 2]
 [0 0 6 3 1 7 8 0 4]
 [3 5 2 0 8 4 6 0 9]
 [8 4 0 2 0 9 1 7 5]
 [6 3 4 0 5 1 9 2 7]
 [2 9 7 0 4 8 0 5 3]
 [5 1 8 9 3 6 4 0 0]]
Number of cells unfilled: 16
Accuracy: 80.24691358024691
Sample: 63818
Question:
[[0 0 0 0 0 6 4 0 0]
 [0 0 0 3 0 0 0 8 0]
 [0 0 9 4 0 5 1 6 0]
 [3 0 0 1 0 0 6 0 0]
 [4 0 0 0 3 0 0 5 8]
 [0 6 0 0 5 4 0 0 0]
 [7 0 0 0 0 1 0 0 0]
 [0 3 0 8 0 0 0 0 1]
 [0 0 0 0 0 0 0 4 0]]
Solution:
[[7 0 5 8 0 2 3 4 6]
 [9 2 3 1 6 5 7 0 8]
 [4 8 1 7 9 3 5 0 2]
 [0 0 6 3 1 7 8 0 4]
 [3 5 2 0 8 4 6 0 9]
 [8 4 0 2 0 9 1 7 5]
 [6 3 4 0 5 1 9 2 7]
 [2 9 7 0 4 8 0 5 3]
 [5 1 8 9 2 6 4 0 0]]
Number of cells unfilled: 16
Accuracy: 80.24691358024691
Sample: 63819
Question:
[[0 0 0 0 2 9 0 0 0]
 [0 3 0 5 1 0 2 0 7]
 [0 0 5 0 0 7 0 1 9]
 [0 5 0 0 3 0 0 0 0]
 [0 0 0 0 0 0 0 7 5]
 [7 0 0 0 9 0 3 0 1]
 [0 0 4 2 7 0 0 0 0]
 [0 2 0 0 0 1 0 0 0]
 [0 0 0 0 0 0 0 0 8]]
Solution:
[[0 7 5 8 0 2 3 4 6]
 [9 2 3 4 6 5 7 1 8]
 [4 8 1 7 9 3 5 0 2]
 [0 0 6 3 1 7 8 0 4]
 [3 5 2 0 8 4 6 0 9]
 [8 4 0 2 0 9 1 7 5]
 [0 6 4 0 5 1 9 2 7]
 [2 9 7 0 4 8 0 6 3]
 [5 1 8 9 2 6 4 0 0]]
Number of cells unfilled: 16
Accuracy: 80.24691358024691
Sample: 63820
Question:
[[0 0 0 0 4 0 0 0 8]
 [4 6 0 0 0 0 3 0 0]
 [7 0 8 0 0 6 0 0 2]
 [6 0 0 0 8 0 0 4 7]
 [0 0 0 0 0 0 2 0 0]
 [2 7 0 4 0 3 6 0 0]
 [9 3 0 0 0 0 0 0 0]
 [0 0 6 0 3 0 7 0 0]
 [0 0 0 1 0 0 0 3 0]]
Solution:
[[0 7 5 8 0 2 3 4 6]
 [9 2 3 1 6 5 7 0 8]
 [4 8 1 7 9 3 5 0 2]
 [0 0 6 3 1 7 8 0 4]
 [3 5 2 0 8 4 6 0 9]
 [8 4 0 2 0 9 1 7 5]
 [0 6 4 0 5 1 9 2 7]
 [2 9 7 0 4 8 0 6 3]
 [5 1 8 9 7 6 4 0 0]]
Number of cells unfilled: 17
Accuracy: 79.01234567901234
Sample: 63821
Question:
[[0 0 0 0 4 3 0 0 0]
 [0 0 7 2 8 0 9 4 0]
 [2 0 0 0 0 0 3 0 8]
 [1 0 0 0 9 0 0 0 0]
 [0 0 4 0 0 8 0 0 0]
 [0 0 0 0 0 0 6 0 4]
 [0 0 2 9 7 0 0 0 0]
 [4 9 0 0 3 0 8 7 0]
 [0 0 0 0 0 0 2 0 9]]
Solution:
[[0 7 5 8 0 2 3 4 6]
 [9 2 3 4 6 5 7 8 1]
 [4 8 1 7 9 3 5 0 2]
 [0 0 6 3 1 7 8 0 4]
 [3 5 2 0 8 4 6 0 9]
 [8 4 0 2 0 9 1 7 5]
 [0 6 4 0 5 1 9 2 7]
 [2 9 7 0 4 8 0 1 3]
 [5 1 8 9 3 6 4 0 0]]
Number of cells unfilled: 16
Accuracy: 80.24691358024691
Sample: 63822
Question:
[[0 0 0 0 6 0 0 1 0]
 [0 0 4 0 0 0 3 0 0]
 [1 0 5 9 4 0 7 0 0]
 [4 3 0 0 5 6 0 0 0]
 [0 5 1 0 0 0 0 4 0]
 [9 0 0 0 0 1 0 0 0]
 [0 0 9 0 3 0 0 0 8]
 [6 0 0 0 0 9 0 3 0]
 [0 0 3 0 1 0 0 0 0]]
Solution:
[[0 7 5 8 0 2 3 4 6]
 [9 2 3 4 6 5 7 8 1]
 [4 8 1 7 9 3 5 0 2]
 [0 0 6 3 1 7 8 0 4]
 [3 5 2 0 8 4 6 0 9]
 [8 4 0 2 0 9 1 7 5]
 [0 6 4 0 5 1 9 2 7]
 [2 9 7 0 4 8 0 6 3]
 [5 1 8 9 3 6 4 0 0]]
Number of cells unfilled: 16
Accuracy: 80.24691358024691
Sample: 63823
Question:
[[0 0 0 0 9 0 0 5 0]
 [3 0 9 0 0 0 0 0 0]
 [0 0 0 2 0 0 1 0 9]
 [0 0 0 0 4 0 8 0 0]
 [5 8 0 0 0 1 6 0 0]
 [4 0 1 0 0 0 0 0 0]
 [0 0 0 0 0 0 9 6 0]
 [6 0 5 4 0 9 0 1 0]
 [1 0 0 0 8 0 5 0 4]]
Solution:
[[0 7 5 8 0 2 3 4 6]
 [9 2 3 1 6 5 7 0 8]
 [4 8 1 7 9 3 5 0 2]
 [0 0 6 3 1 7 8 0 4]
 [3 5 2 0 8 4 6 0 9]
 [8 4 0 2 0 9 1 7 5]
 [0 6 4 0 5 1 9 2 7]
 [2 9 7 0 4 8 0 1 3]
 [5 1 8 9 2 6 4 0 0]]
Number of cells unfilled: 17
Accuracy: 79.01234567901234
Sample: 63824
Question:
[[0 0 0 0 9 0 1 0 4]
 [0 3 4 0 0 1 0 0 7]
 [0 9 0 0 0 0 3 2 0]
 [0 1 0 0 4 0 9 0 0]
 [0 0 0 0 0 0 0 7 2]
 [3 7 0 9 0 2 0 1 0]
 [0 0 1 0 2 0 0 3 0]
 [2 5 0 0 0 0 0 0 0]
 [0 0 0 8 0 0 0 0 0]]
Solution:
[[7 0 5 8 0 2 3 4 6]
 [9 2 3 4 6 5 7 1 8]
 [4 8 1 7 9 3 5 0 2]
 [0 0 6 3 1 7 8 0 4]
 [3 5 2 0 8 4 6 0 9]
 [8 4 0 2 0 9 1 7 5]
 [6 3 4 0 5 1 9 2 7]
 [2 9 7 0 4 8 0 6 3]
 [5 1 8 9 3 6 4 0 0]]
Number of cells unfilled: 15
Accuracy: 81.48148148148148
Sample: 63825
Question:
[[0 0 0 0 9 3 0 0 0]
 [0 0 3 0 0 0 6 0 0]
 [7 0 0 2 0 0 0 3 0]
 [3 0 0 0 8 0 0 0 0]
 [0 4 2 0 0 0 0 8 0]
 [0 1 0 4 7 0 0 0 2]
 [0 7 8 0 2 0 0 4 0]
 [2 0 0 0 1 7 8 0 3]
 [1 0 0 0 0 0 0 0 0]]
Solution:
[[0 7 5 8 0 2 3 4 6]
 [9 2 3 1 6 5 7 0 8]
 [4 8 1 7 9 3 5 0 2]
 [0 0 6 3 1 7 8 0 4]
 [3 5 2 0 8 4 6 0 9]
 [8 4 0 2 0 9 1 7 5]
 [0 6 4 0 5 1 9 2 7]
 [2 9 7 0 4 8 0 1 3]
 [5 1 8 9 2 6 4 0 0]]
Number of cells unfilled: 17
Accuracy: 79.01234567901234
Sample: 63826
Question:
[[0 0 0 4 0 0 0 0 0]
 [0 1 0 0 0 0 0 0 2]
 [8 0 0 0 0 6 0 1 0]
 [0 6 9 0 0 0 0 5 0]
 [0 8 0 5 0 0 0 0 0]
 [0 0 3 8 0 9 6 0 0]
 [3 0 1 0 0 0 0 0 0]
 [6 0 0 3 8 0 0 0 5]
 [0 5 0 6 0 1 0 9 0]]
Solution:
[[0 7 5 8 0 2 3 4 6]
 [9 2 3 4 6 5 7 8 1]
 [4 8 1 7 9 3 5 0 2]
 [0 0 6 3 1 7 8 0 4]
 [3 5 2 0 8 4 6 0 9]
 [8 4 0 2 0 9 1 7 5]
 [0 6 4 0 5 1 9 2 7]
 [2 9 7 0 4 8 0 5 3]
 [5 1 8 9 7 6 4 0 0]]
Number of cells unfilled: 16
Accuracy: 80.24691358024691
Sample: 63827
Question:
[[0 0 0 5 0 0 0 0 0]
 [0 9 0 2 0 1 0 4 7]
 [0 0 1 0 0 4 6 0 0]
 [1 0 0 0 4 0 2 6 0]
 [0 0 0 0 0 7 0 0 5]
 [0 0 5 1 2 0 0 0 0]
 [0 0 4 0 0 6 0 7 0]
 [0 0 0 0 0 0 1 0 0]
 [3 0 0 7 0 0 4 5 0]]
Solution:
[[0 7 5 8 0 2 3 4 6]
 [9 2 3 1 6 5 7 0 8]
 [4 8 1 7 9 3 5 0 2]
 [0 0 6 3 1 7 8 0 4]
 [3 5 2 0 8 4 6 0 9]
 [8 4 0 2 0 9 1 7 5]
 [6 3 4 0 5 1 9 2 7]
 [2 9 7 0 4 8 0 5 3]
 [5 1 8 9 2 6 4 0 0]]
Number of cells unfilled: 16
Accuracy: 80.24691358024691
Sample: 63828
Question:
[[0 0 0 5 0 0 7 0 0]
 [0 0 0 0 1 0 0 0 6]
 [0 1 9 0 0 0 0 0 0]
 [1 0 7 0 8 0 0 3 0]
 [0 0 0 0 0 0 1 0 4]
 [0 6 4 3 0 0 0 0 7]
 [8 0 6 1 0 7 4 0 0]
 [0 0 0 0 3 0 8 0 0]
 [0 7 3 0 0 0 0 6 0]]
Solution:
[[0 7 5 8 0 2 3 4 6]
 [9 2 3 1 6 5 7 0 8]
 [4 8 1 7 9 3 5 0 2]
 [0 0 6 3 1 7 8 0 4]
 [3 5 2 0 8 4 6 0 9]
 [8 4 0 2 0 9 1 7 5]
 [0 6 4 0 5 1 9 2 7]
 [2 9 7 0 4 8 0 5 3]
 [5 1 8 9 3 6 4 0 0]]
Number of cells unfilled: 17
Accuracy: 79.01234567901234
Sample: 63829
Question:
[[0 0 0 5 1 0 4 0 0]
 [0 4 0 0 0 2 0 6 0]
 [0 0 2 0 0 0 5 0 9]
 [7 0 0 2 0 6 0 9 5]
 [0 0 9 1 0 0 0 4 0]
 [0 0 0 0 0 9 0 0 2]
 [0 0 4 0 6 0 0 1 0]
 [0 8 0 0 0 0 0 0 6]
 [0 0 0 9 0 0 0 0 0]]
Solution:
[[0 7 5 8 0 2 3 4 6]
 [9 2 3 1 6 5 7 0 8]
 [4 8 1 7 9 3 5 0 2]
 [0 0 6 3 1 7 8 0 4]
 [3 5 2 0 8 4 6 0 9]
 [8 4 0 2 0 9 1 7 5]
 [0 6 4 0 5 1 9 2 7]
 [2 9 7 0 4 8 0 1 3]
 [5 1 8 9 3 6 4 0 0]]
Number of cells unfilled: 17
Accuracy: 79.01234567901234
Sample: 63830
Question:
[[0 0 0 7 0 0 0 0 0]
 [6 0 1 4 9 0 0 0 0]
 [0 9 0 0 6 5 4 0 0]
 [5 0 0 0 0 9 0 0 0]
 [0 0 0 0 0 7 0 0 2]
 [0 0 7 1 0 0 9 0 0]
 [1 0 0 0 0 0 5 0 0]
 [0 5 0 0 0 4 0 9 0]
 [4 7 0 5 0 6 0 8 0]]
Solution:
[[0 7 5 8 0 2 3 4 6]
 [9 2 3 1 6 5 7 0 8]
 [4 8 1 7 9 3 5 0 2]
 [0 0 6 3 1 7 8 0 4]
 [3 5 2 0 8 4 6 0 9]
 [8 4 0 2 0 9 1 7 5]
 [0 6 4 0 5 1 9 2 7]
 [2 9 7 0 4 8 0 5 3]
 [5 1 8 9 7 6 4 0 0]]
Number of cells unfilled: 17
Accuracy: 79.01234567901234
Sample: 63831
Question:
[[0 0 0 7 0 2 0 0 0]
 [0 0 1 0 0 0 0 0 5]
 [0 8 0 0 0 0 2 0 0]
 [0 9 0 0 0 0 0 0 0]
 [0 1 0 9 0 8 0 2 4]
 [4 0 8 1 0 0 6 0 0]
 [0 0 9 8 6 0 0 1 0]
 [0 2 0 4 0 1 0 0 0]
 [0 0 6 0 0 0 4 0 0]]
Solution:
[[7 0 5 8 0 2 3 4 6]
 [9 2 3 1 6 5 7 0 8]
 [4 8 1 7 9 3 5 0 2]
 [0 0 6 3 1 7 8 0 4]
 [3 5 2 0 8 4 6 0 9]
 [8 4 0 2 0 9 1 7 5]
 [6 3 4 0 5 1 9 2 7]
 [2 9 7 0 4 8 0 6 3]
 [5 1 8 9 7 6 4 0 0]]
Number of cells unfilled: 16
Accuracy: 80.24691358024691
Sample: 63832
Question:
[[0 0 0 9 0 7 0 0 0]
 [0 5 7 0 3 0 0 2 0]
 [6 9 0 5 0 0 0 0 3]
 [7 1 0 0 0 0 0 0 0]
 [0 0 5 6 0 0 0 7 0]
 [0 0 0 0 0 0 0 0 4]
 [0 0 0 0 0 2 0 3 0]
 [5 3 0 0 6 0 0 0 2]
 [0 6 2 0 0 9 5 0 0]]
Solution:
[[0 7 5 8 0 2 3 4 6]
 [9 2 3 4 6 5 7 1 8]
 [4 8 1 7 9 3 5 0 2]
 [0 0 6 3 1 7 8 0 4]
 [3 5 2 0 8 4 6 0 9]
 [8 4 0 2 0 9 1 7 5]
 [0 6 4 0 5 1 9 2 7]
 [2 9 7 0 4 8 0 6 3]
 [5 1 8 9 7 6 4 0 0]]
Number of cells unfilled: 16
Accuracy: 80.24691358024691
Sample: 63833
Question:
[[0 0 2 0 0 0 0 0 0]
 [0 0 6 4 2 0 1 0 7]
 [0 1 0 0 6 7 0 9 0]
 [0 0 0 0 8 0 0 0 0]
 [0 7 0 0 0 0 3 0 0]
 [0 0 4 0 0 6 0 7 0]
 [9 0 0 0 0 0 0 1 0]
 [2 0 0 0 4 9 0 0 6]
 [0 4 0 6 1 0 0 0 0]]
Solution:
[[0 7 5 8 0 2 3 4 6]
 [9 2 3 1 6 5 7 0 8]
 [4 8 1 7 9 3 5 0 2]
 [0 0 6 3 1 7 8 0 4]
 [3 5 2 0 8 4 6 0 9]
 [8 4 0 2 0 9 1 7 5]
 [6 3 4 0 5 1 9 2 7]
 [2 9 7 0 4 8 0 5 3]
 [5 1 8 9 2 6 4 0 0]]
Number of cells unfilled: 16
Accuracy: 80.24691358024691
Sample: 63834
Question:
[[0 0 3 0 8 0 6 0 0]
 [0 8 0 2 4 0 0 3 5]
 [5 4 0 0 0 0 0 0 0]
 [0 0 2 8 3 0 0 0 0]
 [6 0 0 0 0 0 3 0 0]
 [4 0 0 0 2 6 0 5 8]
 [0 2 0 0 0 0 5 0 0]
 [8 0 0 0 0 0 0 9 0]
 [0 0 0 5 1 0 0 0 0]]
Solution:
[[7 0 5 8 0 2 3 4 6]
 [9 2 3 4 6 5 7 8 1]
 [4 8 1 7 9 3 5 0 2]
 [0 0 6 3 1 7 8 0 4]
 [3 5 2 0 8 4 6 0 9]
 [8 4 0 2 0 9 1 7 5]
 [6 3 4 0 5 1 9 2 7]
 [2 9 7 0 4 8 0 1 3]
 [5 1 8 9 7 6 4 0 0]]
Number of cells unfilled: 15
Accuracy: 81.48148148148148
Sample: 63835
Question:
[[0 0 3 0 8 6 0 5 9]
 [0 0 2 0 0 0 0 0 6]
 [0 5 0 0 0 4 0 0 0]
 [1 0 0 0 0 2 0 0 8]
 [0 2 0 8 0 0 0 4 0]
 [0 0 0 0 0 5 0 0 2]
 [0 6 0 0 0 0 9 0 5]
 [0 0 0 4 0 9 2 0 0]
 [0 0 0 5 6 0 0 8 0]]
Solution:
[[7 0 5 8 0 2 3 4 6]
 [9 2 3 1 6 5 7 0 8]
 [4 8 1 7 9 3 5 0 2]
 [0 0 6 3 1 7 8 0 4]
 [3 5 2 0 8 4 6 0 9]
 [8 4 0 2 0 9 1 7 5]
 [6 3 4 0 5 1 9 2 7]
 [2 9 7 0 4 8 0 6 3]
 [5 1 8 9 7 6 4 0 0]]
Number of cells unfilled: 16
Accuracy: 80.24691358024691
Sample: 63836
Question:
[[0 0 4 0 0 0 7 0 0]
 [1 0 0 0 0 0 0 0 6]
 [6 0 0 0 3 0 0 0 4]
 [2 4 0 9 0 0 1 0 8]
 [0 1 0 6 0 0 0 0 2]
 [7 0 0 0 0 1 0 0 0]
 [8 0 7 0 0 0 2 6 0]
 [0 0 0 0 6 0 4 0 0]
 [0 0 0 0 0 2 0 8 1]]
Solution:
[[0 7 5 8 0 2 3 4 6]
 [9 2 3 4 6 5 7 1 8]
 [4 8 1 7 9 3 5 0 2]
 [0 0 6 3 1 7 8 0 4]
 [3 5 2 0 8 4 6 0 9]
 [8 4 0 2 0 9 1 7 5]
 [6 3 4 0 5 1 9 2 7]
 [2 9 7 0 4 8 0 5 3]
 [5 1 8 9 7 6 4 0 0]]
Number of cells unfilled: 15
Accuracy: 81.48148148148148
Sample: 63837
Question:
[[0 0 4 0 0 7 0 0 9]
 [0 0 8 9 0 3 0 7 6]
 [9 0 0 4 0 0 0 2 0]
 [0 0 0 0 0 0 0 9 0]
 [4 0 0 2 0 0 6 0 0]
 [0 1 0 0 0 6 0 0 0]
 [7 0 0 0 3 9 0 0 4]
 [0 0 0 6 0 0 0 0 0]
 [0 0 0 7 4 0 2 3 0]]
Solution:
[[0 7 5 8 0 2 3 4 6]
 [9 2 3 1 6 5 7 0 8]
 [4 8 1 7 9 3 5 0 2]
 [0 0 6 3 1 7 8 0 4]
 [3 5 2 0 8 4 6 0 9]
 [8 4 0 2 0 9 1 7 5]
 [6 3 4 0 5 1 9 2 7]
 [2 9 7 0 4 8 0 6 3]
 [5 1 8 9 7 6 4 0 0]]
Number of cells unfilled: 16
Accuracy: 80.24691358024691
Sample: 63838
Question:
[[0 0 6 0 9 1 0 2 3]
 [2 0 0 0 4 0 0 0 0]
 [0 0 5 0 0 0 0 0 9]
 [5 0 0 1 0 0 0 4 0]
 [0 0 0 0 2 0 0 0 5]
 [0 7 0 0 0 0 0 0 1]
 [0 0 0 4 3 0 5 0 0]
 [9 0 0 0 0 0 3 0 2]
 [0 5 0 2 0 9 0 1 0]]
Solution:
[[7 0 5 8 0 2 3 4 6]
 [9 2 3 1 6 5 7 0 8]
 [4 8 1 7 9 3 5 0 2]
 [0 0 6 3 1 7 8 0 4]
 [3 5 2 0 8 4 6 0 9]
 [8 4 0 2 0 9 1 7 5]
 [6 3 4 0 5 1 9 2 7]
 [2 9 7 0 4 8 0 6 3]
 [5 1 8 9 7 6 4 0 0]]
Number of cells unfilled: 16
Accuracy: 80.24691358024691
Sample: 63839
Question:
[[0 0 6 7 8 0 0 0 0]
 [2 0 0 0 0 0 0 7 0]
 [5 0 0 0 4 2 8 0 0]
 [0 2 8 6 0 7 0 0 9]
 [0 7 0 8 0 0 0 0 5]
 [0 0 5 0 0 4 0 0 0]
 [0 0 0 0 0 8 0 0 0]
 [0 6 0 0 0 5 1 0 0]
 [0 0 4 0 6 0 0 5 0]]
Solution:
[[0 7 5 8 0 2 3 4 6]
 [9 2 3 1 6 5 7 0 8]
 [4 8 1 7 9 3 5 0 2]
 [0 0 6 3 1 7 8 0 4]
 [3 5 2 0 8 4 6 0 9]
 [8 4 0 2 0 9 1 7 5]
 [0 6 4 0 5 1 9 2 7]
 [2 9 7 0 4 8 0 1 3]
 [5 1 8 9 7 6 4 0 0]]
Number of cells unfilled: 17
Accuracy: 79.01234567901234
Sample: 63840
Question:
[[0 0 6 8 7 0 0 3 0]
 [0 1 0 0 0 0 6 8 0]
 [0 0 3 0 0 1 0 0 9]
 [0 3 0 0 9 0 0 0 7]
 [0 0 4 0 0 0 9 0 0]
 [0 0 0 6 0 0 3 0 0]
 [3 0 0 0 0 6 1 0 0]
 [2 0 0 1 0 9 8 0 6]
 [0 0 0 7 0 0 0 0 0]]
Solution:
[[0 7 5 8 0 2 3 4 6]
 [9 2 3 4 6 5 7 8 1]
 [4 8 1 7 9 3 5 0 2]
 [0 0 6 3 1 7 8 0 4]
 [3 5 2 0 8 4 6 0 9]
 [8 4 0 2 0 9 1 7 5]
 [0 6 4 0 5 1 9 2 7]
 [2 9 7 0 4 8 0 6 3]
 [5 1 8 9 3 6 4 0 0]]
Number of cells unfilled: 16
Accuracy: 80.24691358024691
Sample: 63841
Question:
[[0 0 7 0 1 0 0 0 8]
 [0 0 0 0 0 0 0 5 0]
 [0 3 0 0 0 8 0 0 0]
 [4 0 0 0 5 9 8 2 0]
 [7 0 0 0 0 2 5 0 0]
 [0 0 0 0 7 0 0 1 0]
 [0 0 2 9 0 0 7 0 0]
 [0 0 0 0 8 0 0 0 5]
 [0 5 0 7 2 0 0 9 1]]
Solution:
[[0 7 5 8 0 2 3 4 6]
 [9 2 3 4 6 5 7 1 8]
 [4 8 1 7 9 3 5 0 2]
 [0 0 6 3 1 7 8 0 4]
 [3 5 2 0 8 4 6 0 9]
 [8 4 0 2 0 9 1 7 5]
 [6 3 4 0 5 1 9 2 7]
 [2 9 7 0 4 8 0 6 3]
 [5 1 8 9 7 6 4 0 0]]
Number of cells unfilled: 15
Accuracy: 81.48148148148148
Sample: 63842
Question:
[[0 0 9 1 0 0 0 2 4]
 [0 0 0 0 0 0 6 0 0]
 [4 0 6 0 3 2 0 0 0]
 [0 0 0 2 0 0 0 9 1]
 [0 1 4 0 9 0 0 0 6]
 [9 0 2 0 0 0 3 0 0]
 [0 0 0 0 0 7 0 0 9]
 [0 0 0 3 0 0 4 0 0]
 [3 0 8 0 0 0 0 0 0]]
Solution:
[[7 0 5 8 0 2 3 4 6]
 [9 2 3 4 6 5 7 1 8]
 [4 8 1 7 9 3 5 0 2]
 [0 0 6 3 1 7 8 0 4]
 [3 5 2 0 8 4 6 0 9]
 [8 4 0 2 0 9 1 7 5]
 [6 3 4 0 5 1 9 2 7]
 [2 9 7 0 4 8 0 6 3]
 [5 1 8 9 2 6 4 0 0]]
Number of cells unfilled: 15
Accuracy: 81.48148148148148
Sample: 63843
Question:
[[0 1 0 0 8 0 0 3 0]
 [0 0 8 0 0 0 6 0 0]
 [0 0 3 0 0 2 0 0 1]
 [0 3 0 0 0 0 0 6 4]
 [8 0 0 0 0 0 7 1 0]
 [7 0 6 0 4 0 0 0 0]
 [0 0 0 0 6 0 1 0 0]
 [0 0 4 8 0 0 0 0 0]
 [0 6 7 5 0 0 4 0 3]]
Solution:
[[0 7 5 8 0 2 3 4 6]
 [9 2 3 4 6 5 7 8 1]
 [4 8 1 7 9 3 5 0 2]
 [0 0 6 3 1 7 8 0 4]
 [3 5 2 0 8 4 6 0 9]
 [8 4 0 2 0 9 1 7 5]
 [6 3 4 0 5 1 9 2 7]
 [2 9 7 0 4 8 0 1 3]
 [5 1 8 9 7 6 4 0 0]]
Number of cells unfilled: 15
Accuracy: 81.48148148148148
Sample: 63844
Question:
[[0 3 0 7 0 0 0 0 2]
 [0 0 0 0 1 0 0 0 0]
 [0 0 7 0 2 0 0 9 0]
 [0 0 5 0 0 1 2 0 0]
 [0 1 6 0 5 7 8 0 0]
 [0 2 0 0 3 0 0 0 1]
 [2 5 0 3 6 0 0 0 0]
 [0 7 0 0 0 0 0 0 0]
 [6 0 1 0 0 0 0 0 5]]
Solution:
[[0 7 5 8 0 2 3 4 6]
 [9 2 3 1 6 5 7 0 8]
 [4 8 1 7 9 3 5 0 2]
 [0 0 6 3 1 7 8 0 4]
 [3 5 2 0 8 4 6 0 9]
 [8 4 0 2 0 9 1 7 5]
 [6 3 4 0 5 1 9 2 7]
 [2 9 7 0 4 8 0 1 3]
 [5 1 8 9 3 6 4 0 0]]
Number of cells unfilled: 16
Accuracy: 80.24691358024691
Sample: 63845
Question:
[[0 4 0 0 0 1 0 9 0]
 [0 0 6 9 0 0 0 0 0]
 [0 7 1 4 0 5 0 8 0]
 [0 0 0 0 0 7 3 0 0]
 [0 0 4 0 0 9 0 0 0]
 [7 0 0 6 0 0 0 0 9]
 [0 1 0 7 0 0 0 0 0]
 [6 0 5 0 0 0 4 0 0]
 [0 9 0 0 5 4 0 0 1]]
Solution:
[[7 0 5 8 0 2 3 4 6]
 [9 2 3 1 6 5 7 0 8]
 [4 8 1 7 9 3 5 0 2]
 [0 0 6 3 1 7 8 0 4]
 [3 5 2 0 8 4 6 0 9]
 [8 4 0 2 0 9 1 7 5]
 [6 3 4 0 5 1 9 2 7]
 [2 9 7 0 4 8 0 6 3]
 [5 1 8 9 2 6 4 0 0]]
Number of cells unfilled: 16
Accuracy: 80.24691358024691
Sample: 63846
Question:
[[0 4 0 3 0 0 0 0 5]
 [3 8 0 7 0 4 0 0 2]
 [6 0 0 0 0 0 4 0 0]
 [0 5 0 4 7 0 3 0 0]
 [7 0 6 0 5 0 0 0 0]
 [0 3 0 0 0 8 0 0 0]
 [0 0 0 8 0 0 0 1 0]
 [0 0 8 0 0 6 5 0 0]
 [4 0 0 5 0 0 0 0 0]]
Solution:
[[0 7 5 8 0 2 3 4 6]
 [9 2 3 1 6 5 7 0 8]
 [4 8 1 7 9 3 5 0 2]
 [0 0 6 3 1 7 8 0 4]
 [3 5 2 0 8 4 6 0 9]
 [8 4 0 2 0 9 1 7 5]
 [0 6 4 0 5 1 9 2 7]
 [2 9 7 0 4 8 0 1 3]
 [5 1 8 9 3 6 4 0 0]]
Number of cells unfilled: 17
Accuracy: 79.01234567901234
Sample: 63847
Question:
[[0 4 7 0 2 0 0 0 0]
 [0 0 0 8 4 0 6 0 0]
 [6 0 0 0 0 5 0 0 0]
 [0 7 0 0 0 2 8 0 0]
 [8 0 0 6 0 0 0 2 0]
 [5 6 0 4 0 8 0 1 0]
 [0 8 0 0 0 0 0 0 0]
 [0 0 5 0 0 7 2 0 0]
 [0 2 0 5 0 0 0 0 3]]
Solution:
[[0 7 5 8 0 2 3 4 6]
 [9 2 3 4 6 5 7 1 8]
 [4 8 1 7 9 3 5 0 2]
 [0 0 6 3 1 7 8 0 4]
 [3 5 2 0 8 4 6 0 9]
 [8 4 0 2 0 9 1 7 5]
 [0 6 4 0 5 1 9 2 7]
 [2 9 7 0 4 8 0 5 3]
 [5 1 8 9 7 6 4 0 0]]
Number of cells unfilled: 16
Accuracy: 80.24691358024691
Sample: 63848
Question:
[[0 5 0 0 0 3 2 8 0]
 [0 0 7 0 5 0 0 0 6]
 [0 0 0 6 0 2 0 0 0]
 [3 6 0 2 0 0 0 0 7]
 [0 0 0 0 8 0 5 0 0]
 [0 8 5 7 0 0 6 0 0]
 [0 0 6 0 0 8 0 0 3]
 [0 1 0 3 0 0 0 0 0]
 [0 0 0 0 0 0 4 0 8]]
Solution:
[[0 7 5 8 0 2 3 4 6]
 [9 2 3 1 6 5 7 0 8]
 [4 8 1 7 9 3 5 0 2]
 [0 0 6 3 1 7 8 0 4]
 [3 5 2 0 8 4 6 0 9]
 [8 4 0 2 0 9 1 7 5]
 [6 3 4 0 5 1 9 2 7]
 [2 9 7 0 4 8 0 6 3]
 [5 1 8 9 3 6 4 0 0]]
Number of cells unfilled: 16
Accuracy: 80.24691358024691
Sample: 63849
Question:
[[0 6 0 0 0 7 0 2 0]
 [0 0 0 0 0 0 5 0 0]
 [0 4 2 0 0 3 6 8 0]
 [0 7 0 0 0 0 2 0 0]
 [0 8 0 1 0 0 0 0 0]
 [0 0 5 0 7 0 0 0 8]
 [7 0 0 2 0 0 4 0 5]
 [0 0 8 0 0 0 0 6 0]
 [4 2 0 0 6 0 0 7 0]]
Solution:
[[0 7 5 8 0 2 3 4 6]
 [9 2 3 1 6 5 7 0 8]
 [4 8 1 7 9 3 5 0 2]
 [0 0 6 3 1 7 8 0 4]
 [3 5 2 0 8 4 6 0 9]
 [8 4 0 2 0 9 1 7 5]
 [6 3 4 0 5 1 9 2 7]
 [2 9 7 0 4 8 0 5 3]
 [5 1 8 9 7 6 4 0 0]]
Number of cells unfilled: 16
Accuracy: 80.24691358024691
Sample: 63850
Question:
[[0 7 0 0 0 0 0 0 6]
 [0 0 0 0 0 4 0 0 3]
 [3 0 0 6 0 0 0 2 0]
 [0 0 0 0 0 2 0 3 0]
 [0 0 5 0 6 8 0 4 9]
 [0 0 0 0 4 0 0 0 8]
 [0 3 0 0 8 0 0 6 0]
 [8 0 0 0 0 0 9 0 4]
 [0 4 0 2 0 9 0 0 0]]
Solution:
[[0 7 5 8 0 2 3 4 6]
 [9 2 3 4 6 5 7 8 1]
 [4 8 1 7 9 3 5 0 2]
 [0 0 6 3 1 7 8 0 4]
 [3 5 2 0 8 4 6 0 9]
 [8 4 0 2 0 9 1 7 5]
 [0 6 4 0 5 1 9 2 7]
 [2 9 7 0 4 8 0 1 3]
 [5 1 8 9 7 6 4 0 0]]
Number of cells unfilled: 16
Accuracy: 80.24691358024691
Sample: 63851
Question:
[[0 7 0 0 0 0 3 0 0]
 [0 4 8 3 1 0 0 6 0]
 [0 0 3 0 4 0 0 9 0]
 [0 0 0 8 0 0 0 0 0]
 [7 1 0 4 0 9 0 0 0]
 [0 0 0 0 3 1 4 0 0]
 [0 3 0 0 9 0 0 0 0]
 [0 0 7 0 8 0 0 0 5]
 [8 0 0 7 0 0 9 0 0]]
Solution:
[[0 7 5 8 0 2 3 4 6]
 [9 2 3 4 6 5 7 8 1]
 [4 8 1 7 9 3 5 0 2]
 [0 0 6 3 1 7 8 0 4]
 [3 5 2 0 8 4 6 0 9]
 [8 4 0 2 0 9 1 7 5]
 [6 3 4 0 5 1 9 2 7]
 [2 9 7 0 4 8 0 6 3]
 [5 1 8 9 7 6 4 0 0]]
Number of cells unfilled: 15
Accuracy: 81.48148148148148
Sample: 63852
Question:
[[0 7 0 2 0 0 0 0 1]
 [2 0 0 0 0 1 0 6 0]
 [0 0 0 5 0 0 0 0 2]
 [0 0 2 0 5 0 0 0 9]
 [0 0 0 6 0 0 0 0 0]
 [0 0 8 9 1 0 0 5 3]
 [0 0 0 0 0 5 0 1 0]
 [9 0 0 0 0 0 3 0 0]
 [0 5 0 3 0 6 2 9 0]]
Solution:
[[0 7 5 8 0 2 3 4 6]
 [9 2 3 1 6 5 7 0 8]
 [4 8 1 7 9 3 5 0 2]
 [0 0 6 3 1 7 8 0 4]
 [3 5 2 0 8 4 6 0 9]
 [8 4 0 2 0 9 1 7 5]
 [0 6 4 0 5 1 9 2 7]
 [2 9 7 0 4 8 0 5 3]
 [5 1 8 9 3 6 4 0 0]]
Number of cells unfilled: 17
Accuracy: 79.01234567901234
Sample: 63853
Question:
[[0 7 0 4 0 5 0 0 0]
 [0 0 0 0 8 0 5 0 0]
 [0 0 0 3 7 0 6 4 0]
 [0 3 0 0 6 0 8 0 0]
 [0 0 0 0 0 3 0 5 0]
 [9 0 0 0 0 8 0 0 6]
 [0 0 3 0 0 7 0 0 0]
 [0 0 2 0 5 4 0 7 8]
 [0 5 0 0 0 0 0 6 0]]
Solution:
[[0 7 5 8 0 2 3 4 6]
 [9 2 3 1 6 5 7 0 8]
 [4 8 1 7 9 3 5 0 2]
 [0 0 6 3 1 7 8 0 4]
 [3 5 2 0 8 4 6 0 9]
 [8 4 0 2 0 9 1 7 5]
 [0 6 4 0 5 1 9 2 7]
 [2 9 7 0 4 8 0 5 3]
 [5 1 8 9 7 6 4 0 0]]
Number of cells unfilled: 17
Accuracy: 79.01234567901234
Sample: 63854
Question:
[[0 7 5 0 0 0 0 0 0]
 [0 3 0 7 9 0 0 5 8]
 [8 0 9 3 0 0 6 0 0]
 [0 0 0 8 3 0 0 0 0]
 [0 0 6 0 0 0 8 0 0]
 [0 0 7 9 0 6 0 3 5]
 [0 0 0 2 5 0 0 0 0]
 [0 0 3 0 0 0 0 0 1]
 [0 9 0 0 0 0 5 0 0]]
Solution:
[[0 7 5 8 0 2 3 4 6]
 [9 2 3 1 6 5 7 0 8]
 [4 8 1 7 9 3 5 0 2]
 [0 0 6 3 1 7 8 0 4]
 [3 5 2 0 8 4 6 0 9]
 [8 4 0 2 0 9 1 7 5]
 [0 6 4 0 5 1 9 2 7]
 [2 9 7 0 4 8 0 1 3]
 [5 1 8 9 7 6 4 0 0]]
Number of cells unfilled: 17
Accuracy: 79.01234567901234
Sample: 63855
Question:
[[0 8 0 0 7 0 9 0 0]
 [7 2 0 8 4 0 1 0 0]
 [0 0 0 6 0 0 0 0 7]
 [0 7 2 0 0 0 0 0 8]
 [0 0 9 2 0 6 0 0 0]
 [4 0 0 0 8 0 0 9 0]
 [0 4 0 9 0 0 0 3 0]
 [6 0 0 0 0 4 0 0 0]
 [0 9 0 7 0 0 0 0 0]]
Solution:
[[0 7 5 8 0 2 3 4 6]
 [9 2 3 1 6 5 7 0 8]
 [4 8 1 7 9 3 5 0 2]
 [0 0 6 3 1 7 8 0 4]
 [3 5 2 0 8 4 6 0 9]
 [8 4 0 2 0 9 1 7 5]
 [6 3 4 0 5 1 9 2 7]
 [2 9 7 0 4 8 0 1 3]
 [5 1 8 9 7 6 4 0 0]]
Number of cells unfilled: 16
Accuracy: 80.24691358024691
Sample: 63856
Question:
[[0 8 0 0 9 0 0 0 0]
 [0 5 0 0 0 3 0 8 6]
 [0 0 2 0 0 5 9 0 3]
 [2 0 0 0 0 4 0 0 0]
 [0 0 6 0 5 0 0 0 2]
 [0 0 0 0 0 0 0 3 0]
 [8 0 3 7 0 0 2 9 0]
 [9 0 0 0 0 0 3 0 0]
 [0 0 5 0 0 0 0 6 0]]
Solution:
[[0 7 5 8 0 2 3 4 6]
 [9 2 3 4 6 5 7 8 1]
 [4 8 1 7 9 3 5 0 2]
 [0 0 6 3 1 7 8 0 4]
 [3 5 2 0 8 4 6 0 9]
 [8 4 0 2 0 9 1 7 5]
 [0 6 4 0 5 1 9 2 7]
 [2 9 7 0 4 8 0 6 3]
 [5 1 8 9 3 6 4 0 0]]
Number of cells unfilled: 16
Accuracy: 80.24691358024691
Sample: 63857
Question:
[[0 8 0 9 0 3 0 5 0]
 [0 0 0 7 8 0 0 0 0]
 [7 0 0 0 0 0 0 3 0]
 [4 0 0 0 0 8 9 0 0]
 [0 0 2 0 0 0 0 0 4]
 [0 0 0 1 4 0 0 0 0]
 [0 4 7 5 9 0 8 0 0]
 [3 0 0 8 0 0 0 9 7]
 [0 0 0 0 0 0 5 4 0]]
Solution:
[[0 7 5 8 0 2 3 4 6]
 [9 2 3 1 6 5 7 0 8]
 [4 8 1 7 9 3 5 0 2]
 [0 0 6 3 1 7 8 0 4]
 [3 5 2 0 8 4 6 0 9]
 [8 4 0 2 0 9 1 7 5]
 [6 3 4 0 5 1 9 2 7]
 [2 9 7 0 4 8 0 5 3]
 [5 1 8 9 2 6 4 0 0]]
Number of cells unfilled: 16
Accuracy: 80.24691358024691
Sample: 63858
Question:
[[0 8 1 0 0 0 0 0 0]
 [7 0 0 0 3 0 0 4 0]
 [0 4 0 1 0 7 9 8 0]
 [0 0 8 4 0 0 0 9 3]
 [9 0 0 0 0 3 4 7 0]
 [0 0 3 0 7 0 0 0 0]
 [0 0 0 0 0 6 0 0 0]
 [0 9 0 0 1 0 0 0 4]
 [0 0 0 0 0 0 1 2 0]]
Solution:
[[0 7 5 8 0 2 3 4 6]
 [9 2 3 4 6 5 7 8 1]
 [4 8 1 7 9 3 5 0 2]
 [0 0 6 3 1 7 8 0 4]
 [3 5 2 0 8 4 6 0 9]
 [8 4 0 2 0 9 1 7 5]
 [6 3 4 0 5 1 9 2 7]
 [2 9 7 0 4 8 0 5 3]
 [5 1 8 9 7 6 4 0 0]]
Number of cells unfilled: 15
Accuracy: 81.48148148148148
Sample: 63859
Question:
[[0 8 4 0 0 0 0 0 0]
 [0 0 9 4 2 0 8 1 0]
 [1 2 0 9 0 0 0 0 7]
 [0 4 0 2 0 7 9 8 0]
 [9 7 0 0 0 0 0 0 1]
 [0 0 0 1 0 0 0 0 0]
 [8 0 0 0 0 0 0 5 0]
 [0 0 2 0 0 9 0 0 0]
 [0 0 0 3 8 0 0 0 0]]
Solution:
[[0 7 5 8 0 2 3 4 6]
 [9 2 3 1 6 5 7 0 8]
 [4 8 1 7 9 3 5 0 2]
 [0 0 6 3 1 7 8 0 4]
 [3 5 2 0 8 4 6 0 9]
 [8 4 0 2 0 9 1 7 5]
 [6 3 4 0 5 1 9 2 7]
 [2 9 7 0 4 8 0 6 3]
 [5 1 8 9 7 6 4 0 0]]
Number of cells unfilled: 16
Accuracy: 80.24691358024691
Sample: 63860
Question:
[[0 8 5 0 1 9 0 0 7]
 [0 0 0 5 2 0 8 9 0]
 [2 0 0 0 0 0 0 0 0]
 [0 9 1 0 0 0 3 0 0]
 [0 0 0 0 6 0 0 0 0]
 [5 0 0 0 0 0 0 0 9]
 [0 0 0 1 8 0 0 0 0]
 [0 0 2 0 5 7 0 1 0]
 [0 1 7 0 0 0 0 0 8]]
Solution:
[[0 7 5 8 0 2 3 4 6]
 [9 2 3 1 6 5 7 0 8]
 [4 8 1 7 9 3 5 0 2]
 [0 0 6 3 1 7 8 0 4]
 [3 5 2 0 8 4 6 0 9]
 [8 4 0 2 0 9 1 7 5]
 [0 6 4 0 5 1 9 2 7]
 [2 9 7 0 4 8 0 6 3]
 [5 1 8 9 7 6 4 0 0]]
Number of cells unfilled: 17
Accuracy: 79.01234567901234
Sample: 63861
Question:
[[0 9 1 0 0 6 4 0 0]
 [4 0 5 0 0 0 0 0 0]
 [0 0 0 4 0 9 0 0 5]
 [0 0 4 5 0 1 0 0 9]
 [0 0 0 0 6 8 0 0 0]
 [1 0 6 0 0 0 8 5 0]
 [0 0 0 0 1 0 0 0 8]
 [0 0 0 8 0 4 0 2 0]
 [8 0 7 0 0 0 0 0 0]]
Solution:
[[0 7 5 8 0 2 3 4 6]
 [9 2 3 1 6 5 7 0 8]
 [4 8 1 7 9 3 5 0 2]
 [0 0 6 3 1 7 8 0 4]
 [3 5 2 0 8 4 6 0 9]
 [8 4 0 2 0 9 1 7 5]
 [0 6 4 0 5 1 9 2 7]
 [2 9 7 0 4 8 0 5 3]
 [5 1 8 9 2 6 4 0 0]]
Number of cells unfilled: 17
Accuracy: 79.01234567901234
Sample: 63862
Question:
[[1 0 0 9 0 0 2 0 0]
 [0 7 0 1 0 4 6 0 3]
 [0 9 0 0 0 6 0 0 0]
 [0 0 0 3 0 0 0 1 6]
 [0 0 0 0 9 0 4 2 0]
 [6 0 0 0 4 1 0 0 0]
 [0 0 8 0 0 3 9 0 0]
 [9 0 0 2 0 0 0 3 0]
 [0 0 0 0 0 0 1 0 0]]
Solution:
[[0 7 5 8 0 2 3 4 6]
 [9 2 3 4 6 5 7 1 8]
 [4 8 1 7 9 3 5 0 2]
 [0 0 6 3 1 7 8 0 4]
 [3 5 2 0 8 4 6 0 9]
 [8 4 0 2 0 9 1 7 5]
 [6 3 4 0 5 1 9 2 7]
 [2 9 7 0 4 8 0 6 3]
 [5 1 8 9 7 6 4 0 0]]
Number of cells unfilled: 15
Accuracy: 81.48148148148148
Sample: 63863
Question:
[[2 0 0 0 0 7 0 0 4]
 [0 0 0 0 0 0 1 0 0]
 [0 0 5 0 4 0 2 0 0]
 [0 2 0 0 6 0 0 0 0]
 [0 3 0 0 9 1 6 4 0]
 [1 0 0 0 0 2 7 0 0]
 [0 0 0 2 0 6 9 0 7]
 [6 0 0 9 1 0 0 0 0]
 [0 0 0 0 0 4 0 0 1]]
Solution:
[[0 7 5 8 0 2 3 4 6]
 [9 2 3 1 6 5 7 0 8]
 [4 8 1 7 9 3 5 0 2]
 [0 0 6 3 1 7 8 0 4]
 [3 5 2 0 8 4 6 0 9]
 [8 4 0 2 0 9 1 7 5]
 [6 3 4 0 5 1 9 2 7]
 [2 9 7 0 4 8 0 1 3]
 [5 1 8 9 7 6 4 0 0]]
Number of cells unfilled: 16
Accuracy: 80.24691358024691
Sample: 63864
Question:
[[2 1 0 0 0 0 0 8 0]
 [0 0 0 0 7 2 0 0 0]
 [5 0 7 8 0 0 6 0 0]
 [0 0 0 0 5 0 0 9 0]
 [3 7 0 0 0 0 0 0 0]
 [0 0 0 0 0 1 7 0 0]
 [0 0 0 5 6 0 8 0 0]
 [1 0 6 0 2 0 0 0 5]
 [8 5 0 1 0 7 0 0 0]]
Solution:
[[0 7 5 8 0 2 3 4 6]
 [9 2 3 4 6 5 7 8 1]
 [4 8 1 7 9 3 5 0 2]
 [0 0 6 3 1 7 8 0 4]
 [3 5 2 0 8 4 6 0 9]
 [8 4 0 2 0 9 1 7 5]
 [6 3 4 0 5 1 9 2 7]
 [2 9 7 0 4 8 0 1 3]
 [5 1 8 9 2 6 4 0 0]]
Number of cells unfilled: 15
Accuracy: 81.48148148148148
Sample: 63865
Question:
[[2 6 0 0 0 0 0 0 0]
 [0 0 5 0 0 6 0 3 0]
 [0 0 0 9 0 0 0 0 0]
 [1 0 0 4 0 0 0 0 0]
 [3 0 4 0 5 0 0 0 8]
 [0 0 0 0 0 1 5 0 4]
 [5 0 6 0 0 4 1 0 3]
 [8 3 0 1 0 0 0 5 0]
 [0 0 0 0 0 0 0 8 6]]
Solution:
[[0 7 5 8 0 2 3 4 6]
 [9 2 3 1 6 5 7 0 8]
 [4 8 1 7 9 3 5 0 2]
 [0 0 6 3 1 7 8 0 4]
 [3 5 2 0 8 4 6 0 9]
 [8 4 0 2 0 9 1 7 5]
 [6 3 4 0 5 1 9 2 7]
 [2 9 7 0 4 8 0 1 3]
 [5 1 8 9 7 6 4 0 0]]
Number of cells unfilled: 16
Accuracy: 80.24691358024691
Sample: 63866
Question:
[[3 0 0 0 0 4 0 0 0]
 [0 0 0 0 1 0 0 0 9]
 [0 0 0 0 0 0 4 7 0]
 [0 0 2 5 0 0 0 0 0]
 [4 9 0 8 0 0 0 1 5]
 [0 0 0 0 4 0 9 2 0]
 [2 4 0 0 9 0 1 8 0]
 [0 0 5 1 0 2 0 9 0]
 [0 0 0 0 8 0 0 0 0]]
Solution:
[[7 0 5 8 0 2 3 4 6]
 [9 2 3 1 6 5 7 0 8]
 [4 8 1 7 9 3 5 0 2]
 [0 0 6 3 1 7 8 0 4]
 [3 5 2 0 8 4 6 0 9]
 [8 4 0 2 0 9 1 7 5]
 [6 3 4 0 5 1 9 2 7]
 [2 9 7 0 4 8 0 6 3]
 [5 1 8 9 3 6 4 0 0]]
Number of cells unfilled: 16
Accuracy: 80.24691358024691
Sample: 63867
Question:
[[3 0 0 0 8 0 6 0 0]
 [8 9 0 4 0 0 2 0 7]
 [0 2 0 0 0 0 0 0 0]
 [7 0 0 0 0 3 0 8 2]
 [0 8 9 0 2 0 0 0 0]
 [0 0 0 0 0 0 9 6 0]
 [6 0 0 0 3 0 0 7 0]
 [0 3 0 0 0 0 8 0 0]
 [0 7 0 0 0 5 0 0 0]]
Solution:
[[0 7 5 8 0 2 3 4 6]
 [9 2 3 1 6 5 7 0 8]
 [4 8 1 7 9 3 5 0 2]
 [0 0 6 3 1 7 8 0 4]
 [3 5 2 0 8 4 6 0 9]
 [8 4 0 2 0 9 1 7 5]
 [0 6 4 0 5 1 9 2 7]
 [2 9 7 0 4 8 0 5 3]
 [5 1 8 9 3 6 4 0 0]]
Number of cells unfilled: 17
Accuracy: 79.01234567901234
Sample: 63868
Question:
[[3 0 0 6 0 0 0 0 7]
 [1 6 0 5 0 3 0 0 8]
 [0 9 0 0 0 7 0 3 0]
 [0 7 0 1 0 0 2 0 0]
 [0 3 0 7 0 0 0 0 0]
 [0 0 1 0 0 9 0 0 0]
 [0 0 0 0 0 1 7 0 0]
 [0 5 9 0 0 6 0 0 0]
 [0 0 0 3 5 0 0 6 0]]
Solution:
[[0 7 5 8 0 2 3 4 6]
 [9 2 3 4 6 5 7 1 8]
 [4 8 1 7 9 3 5 0 2]
 [0 0 6 3 1 7 8 0 4]
 [3 5 2 0 8 4 6 0 9]
 [8 4 0 2 0 9 1 7 5]
 [0 6 4 0 5 1 9 2 7]
 [2 9 7 0 4 8 0 5 3]
 [5 1 8 9 2 6 4 0 0]]
Number of cells unfilled: 16
Accuracy: 80.24691358024691
Sample: 63869
Question:
[[4 0 0 0 9 0 0 0 1]
 [5 0 0 0 6 1 0 9 3]
 [0 0 0 0 0 4 0 2 0]
 [0 4 0 0 0 2 3 0 0]
 [0 0 0 0 0 0 0 1 0]
 [0 0 7 0 3 0 0 4 0]
 [0 0 1 4 0 9 2 6 0]
 [0 0 0 0 0 3 0 0 0]
 [0 9 0 6 1 0 0 0 0]]
Solution:
[[0 7 5 8 0 2 3 4 6]
 [9 2 3 4 6 5 7 8 1]
 [4 8 1 7 9 3 5 0 2]
 [0 0 6 3 1 7 8 0 4]
 [3 5 2 0 8 4 6 0 9]
 [8 4 0 2 0 9 1 7 5]
 [0 6 4 0 5 1 9 2 7]
 [2 9 7 0 4 8 0 5 3]
 [5 1 8 9 3 6 4 0 0]]
Number of cells unfilled: 16
Accuracy: 80.24691358024691
Sample: 63870
Question:
[[4 0 0 5 0 0 9 0 0]
 [0 0 0 0 4 0 0 0 3]
 [0 0 2 0 9 0 0 0 0]
 [0 6 0 3 1 0 0 9 8]
 [0 0 0 4 0 0 0 0 5]
 [0 0 0 0 8 0 0 3 0]
 [8 0 0 0 3 1 0 0 0]
 [0 0 3 8 0 0 5 0 1]
 [0 0 4 9 0 0 0 0 0]]
Solution:
[[0 7 5 8 0 2 3 4 6]
 [9 2 3 4 6 5 7 8 1]
 [4 8 1 7 9 3 5 0 2]
 [0 0 6 3 1 7 8 0 4]
 [3 5 2 0 8 4 6 0 9]
 [8 4 0 2 0 9 1 7 5]
 [0 6 4 0 5 1 9 2 7]
 [2 9 7 0 4 8 0 6 3]
 [5 1 8 9 3 6 4 0 0]]
Number of cells unfilled: 16
Accuracy: 80.24691358024691
Sample: 63871
Question:
[[4 0 9 0 0 0 0 0 0]
 [0 7 0 0 0 4 0 8 0]
 [0 0 0 0 1 0 0 0 0]
 [0 0 0 0 0 2 7 0 5]
 [0 5 8 7 0 0 0 0 6]
 [0 0 2 0 0 0 0 4 0]
 [0 4 7 0 0 5 2 0 8]
 [8 0 6 0 2 0 0 7 0]
 [0 0 0 0 0 0 0 6 4]]
Solution:
[[0 7 5 8 0 2 3 4 6]
 [9 2 3 4 6 5 7 8 1]
 [4 8 1 7 9 3 5 0 2]
 [0 0 6 3 1 7 8 0 4]
 [3 5 2 0 8 4 6 0 9]
 [8 4 0 2 0 9 1 7 5]
 [6 3 4 0 5 1 9 2 7]
 [2 9 7 0 4 8 0 1 3]
 [5 1 8 9 3 6 4 0 0]]
Number of cells unfilled: 15
Accuracy: 81.48148148148148
Sample: 63872
Question:
[[5 0 0 0 3 0 2 0 0]
 [3 0 0 0 0 6 0 0 7]
 [0 0 8 0 0 0 0 0 0]
 [0 7 0 1 8 0 0 0 5]
 [0 5 0 0 0 3 0 0 0]
 [6 0 1 7 0 0 8 0 0]
 [7 3 0 0 1 0 0 9 0]
 [0 0 0 0 5 0 0 0 0]
 [0 0 6 0 0 7 0 5 8]]
Solution:
[[0 7 5 8 0 2 3 4 6]
 [9 2 3 4 6 5 7 1 8]
 [4 8 1 7 9 3 5 0 2]
 [0 0 6 3 1 7 8 0 4]
 [3 5 2 0 8 4 6 0 9]
 [8 4 0 2 0 9 1 7 5]
 [0 6 4 0 5 1 9 2 7]
 [2 9 7 0 4 8 0 6 3]
 [5 1 8 9 7 6 4 0 0]]
Number of cells unfilled: 16
Accuracy: 80.24691358024691
Sample: 63873
Question:
[[5 0 0 0 6 0 0 1 0]
 [0 0 4 0 0 5 6 0 0]
 [6 0 2 0 0 3 7 4 0]
 [7 0 0 0 0 0 0 0 0]
 [4 5 0 0 0 0 0 2 1]
 [0 2 6 0 4 0 0 0 0]
 [1 0 0 0 5 0 0 0 7]
 [0 0 0 0 0 0 0 6 0]
 [0 0 7 8 0 0 1 0 0]]
Solution:
[[0 7 5 8 0 2 3 4 6]
 [9 2 3 4 6 5 7 8 1]
 [4 8 1 7 9 3 5 0 2]
 [0 0 6 3 1 7 8 0 4]
 [3 5 2 0 8 4 6 0 9]
 [8 4 0 2 0 9 1 7 5]
 [0 6 4 0 5 1 9 2 7]
 [2 9 7 0 4 8 0 6 3]
 [5 1 8 9 3 6 4 0 0]]
Number of cells unfilled: 16
Accuracy: 80.24691358024691
Sample: 63874
Question:
[[5 0 0 9 0 1 0 0 7]
 [0 0 0 0 0 0 1 3 0]
 [0 0 7 3 4 0 0 9 0]
 [7 0 0 0 0 0 5 0 0]
 [0 0 0 7 9 0 0 1 4]
 [0 9 0 4 0 5 3 0 0]
 [0 0 0 6 1 0 0 0 0]
 [0 0 8 0 0 0 9 0 0]
 [1 0 0 0 0 0 0 4 0]]
Solution:
[[0 7 5 8 0 2 3 4 6]
 [9 2 3 4 6 5 7 1 8]
 [4 8 1 7 9 3 5 0 2]
 [0 0 6 3 1 7 8 0 4]
 [3 5 2 0 8 4 6 0 9]
 [8 4 0 2 0 9 1 7 5]
 [6 3 4 0 5 1 9 2 7]
 [2 9 7 0 4 8 0 6 3]
 [5 1 8 9 2 6 4 0 0]]
Number of cells unfilled: 15
Accuracy: 81.48148148148148
Sample: 63875
Question:
[[5 0 4 0 0 6 0 0 0]
 [0 0 0 0 0 0 0 6 0]
 [7 0 0 0 4 0 5 1 0]
 [0 0 2 3 0 0 0 0 0]
 [0 0 0 0 0 0 0 8 0]
 [0 1 0 0 0 2 4 0 0]
 [2 7 0 0 0 0 0 0 0]
 [1 0 6 0 0 5 2 4 0]
 [0 4 0 6 0 0 0 7 1]]
Solution:
[[0 7 5 8 0 2 3 4 6]
 [9 2 3 1 6 5 7 0 8]
 [4 8 1 7 9 3 5 0 2]
 [0 0 6 3 1 7 8 0 4]
 [3 5 2 0 8 4 6 0 9]
 [8 4 0 2 0 9 1 7 5]
 [6 3 4 0 5 1 9 2 7]
 [2 9 7 0 4 8 0 5 3]
 [5 1 8 9 3 6 4 0 0]]
Number of cells unfilled: 16
Accuracy: 80.24691358024691
Sample: 63876
Question:
[[5 0 7 0 0 0 0 0 0]
 [0 8 0 0 7 0 1 0 0]
 [0 0 0 0 0 4 0 0 0]
 [8 7 0 0 3 0 0 0 9]
 [0 0 0 0 0 0 6 7 0]
 [6 0 1 0 0 9 8 0 0]
 [1 3 0 8 0 0 0 6 0]
 [9 0 8 0 0 0 7 0 1]
 [0 0 0 0 9 0 0 3 0]]
Solution:
[[0 7 5 8 0 2 3 4 6]
 [9 2 3 4 6 5 7 1 8]
 [4 8 1 7 9 3 5 0 2]
 [0 0 6 3 1 7 8 0 4]
 [3 5 2 0 8 4 6 0 9]
 [8 4 0 2 0 9 1 7 5]
 [6 3 4 0 5 1 9 2 7]
 [2 9 7 0 4 8 0 5 3]
 [5 1 8 9 2 6 4 0 0]]
Number of cells unfilled: 15
Accuracy: 81.48148148148148
Sample: 63877
Question:
[[5 6 0 0 7 8 0 0 3]
 [7 0 0 0 0 0 6 0 0]
 [0 1 0 0 0 3 0 0 5]
 [0 3 7 1 6 0 0 4 0]
 [0 0 6 3 0 0 0 0 0]
 [0 5 0 0 8 0 0 0 0]
 [0 0 1 0 0 0 0 0 2]
 [0 8 0 0 0 1 5 0 0]
 [0 0 0 0 3 0 0 0 0]]
Solution:
[[0 7 5 8 0 2 3 4 6]
 [9 2 3 1 6 5 7 0 8]
 [4 8 1 7 9 3 5 0 2]
 [0 0 6 3 1 7 8 0 4]
 [3 5 2 0 8 4 6 0 9]
 [8 4 0 2 0 9 1 7 5]
 [0 6 4 0 5 1 9 2 7]
 [2 9 7 0 4 8 0 6 3]
 [5 1 8 9 3 6 4 0 0]]
Number of cells unfilled: 17
Accuracy: 79.01234567901234
Sample: 63878
Question:
[[6 0 0 0 0 0 0 0 0]
 [0 0 0 7 2 0 0 0 0]
 [0 2 0 0 0 9 0 4 0]
 [0 0 0 0 0 0 2 5 0]
 [0 1 0 9 0 0 0 0 3]
 [3 0 2 5 4 0 0 9 0]
 [0 3 0 0 0 0 1 0 0]
 [2 0 9 4 0 1 5 0 0]
 [0 0 0 3 9 0 0 0 4]]
Solution:
[[0 7 5 8 0 2 3 4 6]
 [9 2 3 1 6 5 7 0 8]
 [4 8 1 7 9 3 5 0 2]
 [0 0 6 3 1 7 8 0 4]
 [3 5 2 0 8 4 6 0 9]
 [8 4 0 2 0 9 1 7 5]
 [0 6 4 0 5 1 9 2 7]
 [2 9 7 0 4 8 0 1 3]
 [5 1 8 9 3 6 4 0 0]]
Number of cells unfilled: 17
Accuracy: 79.01234567901234
Sample: 63879
Question:
[[6 0 0 0 0 0 4 0 0]
 [0 0 4 0 0 8 0 0 9]
 [0 0 0 2 4 0 0 0 0]
 [0 0 0 7 0 0 0 0 0]
 [0 8 0 9 0 1 0 5 0]
 [0 0 7 0 0 0 8 1 0]
 [0 0 1 8 0 0 7 9 0]
 [0 0 0 0 0 0 0 4 5]
 [7 4 0 5 9 0 0 0 8]]
Solution:
[[0 7 5 8 0 2 3 4 6]
 [9 2 3 1 6 5 7 0 8]
 [4 8 1 7 9 3 5 0 2]
 [0 0 6 3 1 7 8 0 4]
 [3 5 2 0 8 4 6 0 9]
 [8 4 0 2 0 9 1 7 5]
 [0 6 4 0 5 1 9 2 7]
 [2 9 7 0 4 8 0 6 3]
 [5 1 8 9 2 6 4 0 0]]
Number of cells unfilled: 17
Accuracy: 79.01234567901234
Sample: 63880
Question:
[[6 0 0 0 0 3 9 8 0]
 [9 0 3 0 2 0 0 0 0]
 [0 0 8 0 0 0 0 2 3]
 [3 0 1 5 0 0 0 0 0]
 [0 0 0 0 0 0 0 7 0]
 [0 8 0 0 1 0 0 0 0]
 [0 0 0 2 0 1 0 6 8]
 [0 6 0 0 0 0 0 0 0]
 [0 0 2 0 9 0 1 3 0]]
Solution:
[[0 7 5 8 0 2 3 4 6]
 [9 2 3 4 6 5 7 8 1]
 [4 8 1 7 9 3 5 0 2]
 [0 0 6 3 1 7 8 0 4]
 [3 5 2 0 8 4 6 0 9]
 [8 4 0 2 0 9 1 7 5]
 [0 6 4 0 5 1 9 2 7]
 [2 9 7 0 4 8 0 5 3]
 [5 1 8 9 7 6 4 0 0]]
Number of cells unfilled: 16
Accuracy: 80.24691358024691
Sample: 63881
Question:
[[7 0 0 1 0 8 0 0 6]
 [0 0 5 0 0 0 0 0 8]
 [0 0 0 5 7 0 0 0 0]
 [0 0 0 0 0 0 6 0 0]
 [2 5 0 6 1 0 7 0 0]
 [0 0 8 7 0 2 0 5 1]
 [0 9 0 0 0 0 0 2 0]
 [0 0 0 4 0 0 0 0 0]
 [0 0 2 0 0 7 1 0 0]]
Solution:
[[0 7 5 8 0 2 3 4 6]
 [9 2 3 4 6 5 7 1 8]
 [4 8 1 7 9 3 5 0 2]
 [0 0 6 3 1 7 8 0 4]
 [3 5 2 0 8 4 6 0 9]
 [8 4 0 2 0 9 1 7 5]
 [0 6 4 0 5 1 9 2 7]
 [2 9 7 0 4 8 0 6 3]
 [5 1 8 9 3 6 4 0 0]]
Number of cells unfilled: 16
Accuracy: 80.24691358024691
Sample: 63882
Question:
[[8 0 0 0 0 9 7 0 0]
 [0 0 0 7 6 0 0 0 0]
 [0 0 0 0 0 0 0 5 0]
 [0 8 2 0 9 0 3 0 0]
 [9 0 0 8 4 0 0 2 7]
 [4 7 0 0 0 0 0 0 0]
 [0 4 0 0 8 3 0 7 9]
 [0 3 0 0 0 0 2 0 0]
 [0 0 0 9 2 0 0 0 0]]
Solution:
[[0 7 5 8 0 2 3 4 6]
 [9 2 3 4 6 5 7 8 1]
 [4 8 1 7 9 3 5 0 2]
 [0 0 6 3 1 7 8 0 4]
 [3 5 2 0 8 4 6 0 9]
 [8 4 0 2 0 9 1 7 5]
 [6 3 4 0 5 1 9 2 7]
 [2 9 7 0 4 8 0 5 3]
 [5 1 8 9 7 6 4 0 0]]
Number of cells unfilled: 15
Accuracy: 81.48148148148148
Sample: 63883
Question:
[[8 0 3 0 0 0 0 6 0]
 [9 6 0 0 8 7 0 0 3]
 [0 5 0 0 0 0 0 0 0]
 [0 0 0 0 3 0 0 0 0]
 [0 7 0 0 0 5 0 9 0]
 [0 0 5 0 9 6 0 0 4]
 [0 9 0 0 7 0 6 3 0]
 [0 0 6 0 0 0 0 0 0]
 [0 0 8 5 0 9 1 0 0]]
Solution:
[[0 7 5 8 0 2 3 4 6]
 [9 2 3 1 6 5 7 0 8]
 [4 8 1 7 9 3 5 0 2]
 [0 0 6 3 1 7 8 0 4]
 [3 5 2 0 8 4 6 0 9]
 [8 4 0 2 0 9 1 7 5]
 [0 6 4 0 5 1 9 2 7]
 [2 9 7 0 4 8 0 1 3]
 [5 1 8 9 7 6 4 0 0]]
Number of cells unfilled: 17
Accuracy: 79.01234567901234
Sample: 63884
Question:
[[8 7 0 0 0 0 0 0 0]
 [0 0 0 8 0 0 0 0 3]
 [0 0 0 0 0 2 1 0 0]
 [0 3 5 0 1 0 6 0 0]
 [1 9 0 0 0 0 0 0 8]
 [0 0 0 9 0 0 5 0 0]
 [0 0 0 0 0 0 8 0 6]
 [3 6 0 0 0 9 0 0 1]
 [0 1 8 5 0 0 3 9 0]]
Solution:
[[0 7 5 8 0 2 3 4 6]
 [9 2 3 1 6 5 7 0 8]
 [4 8 1 7 9 3 5 0 2]
 [0 0 6 3 1 7 8 0 4]
 [3 5 2 0 8 4 6 0 9]
 [8 4 0 2 0 9 1 7 5]
 [0 6 4 0 5 1 9 2 7]
 [2 9 7 0 4 8 0 6 3]
 [5 1 8 9 2 6 4 0 0]]
Number of cells unfilled: 17
Accuracy: 79.01234567901234
Sample: 63885
Question:
[[9 0 0 0 0 0 0 0 0]
 [0 0 0 0 3 7 0 0 0]
 [0 0 3 2 0 0 0 4 0]
 [0 0 0 0 0 0 0 5 3]
 [0 0 8 3 0 2 6 0 0]
 [6 0 0 0 4 5 0 2 0]
 [0 2 0 8 0 4 0 0 5]
 [0 0 6 0 0 0 2 0 8]
 [8 0 0 0 0 6 4 0 0]]
Solution:
[[7 0 5 8 0 2 3 4 6]
 [9 2 3 4 6 5 7 8 1]
 [4 8 1 7 9 3 5 0 2]
 [0 0 6 3 1 7 8 0 4]
 [3 5 2 0 8 4 6 0 9]
 [8 4 0 2 0 9 1 7 5]
 [6 3 4 0 5 1 9 2 7]
 [2 9 7 0 4 8 0 1 3]
 [5 1 8 9 7 6 4 0 0]]
Number of cells unfilled: 15
Accuracy: 81.48148148148148
Sample: 63886
Question:
[[7 0 0 0 5 0 4 0 6]
 [0 5 0 0 0 0 0 0 0]
 [0 0 6 0 0 7 0 5 1]
 [3 0 0 0 0 5 0 6 7]
 [0 0 0 0 0 0 8 0 2]
 [0 6 0 0 2 0 0 0 0]
 [0 0 1 0 0 0 0 0 0]
 [0 0 3 9 0 0 6 0 0]
 [0 7 0 0 0 2 0 1 3]]
Solution:
[[7 0 5 8 0 2 3 4 6]
 [9 2 3 4 6 5 7 8 1]
 [4 8 1 7 9 3 5 0 2]
 [0 0 6 3 1 7 8 0 4]
 [3 5 2 0 8 4 6 0 9]
 [8 4 0 2 0 9 1 7 5]
 [6 3 4 0 5 1 9 2 7]
 [2 9 7 0 4 8 0 6 3]
 [5 1 8 9 3 6 4 0 0]]
Number of cells unfilled: 15
Accuracy: 81.48148148148148
Sample: 63887
Question:
[[0 0 0 8 0 2 0 1 0]
 [6 0 8 0 5 0 0 7 0]
 [1 2 0 0 0 0 0 0 5]
 [0 7 0 0 0 0 0 0 0]
 [0 0 0 0 0 3 7 2 0]
 [0 0 0 0 0 9 0 0 0]
 [7 0 6 1 0 0 2 0 0]
 [0 0 5 0 0 0 0 8 6]
 [2 0 0 0 6 5 1 0 0]]
Solution:
[[7 0 5 8 0 2 3 4 6]
 [9 2 3 1 6 5 7 0 8]
 [4 8 1 7 9 3 5 0 2]
 [0 0 6 3 1 7 8 0 4]
 [3 5 2 0 8 4 6 0 9]
 [8 4 0 2 0 9 1 7 5]
 [6 3 4 0 5 1 9 2 7]
 [2 9 7 0 4 8 0 1 3]
 [5 1 8 9 2 6 4 0 0]]
Number of cells unfilled: 16
Accuracy: 80.24691358024691
Sample: 63888
Question:
[[0 0 7 0 0 0 2 5 0]
 [0 8 0 0 7 5 0 0 0]
 [0 3 5 9 0 0 0 0 8]
 [0 0 0 2 8 0 9 0 0]
 [0 5 2 0 0 7 3 0 0]
 [8 9 0 0 0 0 0 7 0]
 [0 0 0 0 1 0 0 0 0]
 [0 0 0 0 4 0 0 0 3]
 [3 0 9 0 0 0 0 0 0]]
Solution:
[[0 7 5 8 0 2 3 4 6]
 [9 2 3 1 6 5 7 0 8]
 [4 8 1 7 9 3 5 0 2]
 [0 0 6 3 1 7 8 0 4]
 [3 5 2 0 8 4 6 0 9]
 [8 4 0 2 0 9 1 7 5]
 [0 6 4 0 5 1 9 2 7]
 [2 9 7 0 4 8 0 5 3]
 [5 1 8 9 3 6 4 0 0]]
Number of cells unfilled: 17
Accuracy: 79.01234567901234
Sample: 63889
Question:
[[0 9 0 1 0 0 0 0 0]
 [0 0 0 8 0 5 0 0 0]
 [0 0 0 0 4 9 0 0 5]
 [6 0 0 0 0 0 0 1 0]
 [0 0 2 5 0 0 3 0 0]
 [0 4 0 0 7 0 0 0 8]
 [1 0 0 0 0 0 2 0 0]
 [0 7 0 0 0 8 0 0 4]
 [0 0 3 0 0 0 0 6 0]]
Solution:
[[0 7 5 8 0 2 3 4 6]
 [9 2 3 1 6 5 7 0 8]
 [4 8 1 7 9 3 5 0 2]
 [0 0 6 3 1 7 8 0 4]
 [3 5 2 0 8 4 6 0 9]
 [8 4 0 2 0 9 1 7 5]
 [6 3 4 0 5 1 9 2 7]
 [2 9 7 0 4 8 0 1 3]
 [5 1 8 9 2 6 4 0 0]]
Number of cells unfilled: 16
Accuracy: 80.24691358024691
Sample: 63890
Question:
[[0 0 0 0 0 0 0 0 0]
 [0 7 9 0 1 5 0 0 0]
 [2 0 0 0 8 0 9 6 0]
 [0 0 6 0 4 2 3 0 0]
 [0 0 0 0 9 0 7 0 6]
 [0 0 0 0 0 0 1 5 0]
 [0 0 7 0 2 1 0 0 0]
 [8 5 0 7 0 0 0 0 0]
 [1 2 0 0 0 8 4 0 0]]
Solution:
[[7 0 5 8 0 2 3 4 6]
 [9 2 3 4 6 5 7 1 8]
 [4 8 1 7 9 3 5 0 2]
 [0 0 6 3 1 7 8 0 4]
 [3 5 2 0 8 4 6 0 9]
 [8 4 0 2 0 9 1 7 5]
 [6 3 4 0 5 1 9 2 7]
 [2 9 7 0 4 8 0 6 3]
 [5 1 8 9 2 6 4 0 0]]
Number of cells unfilled: 15
Accuracy: 81.48148148148148
Sample: 63891
Question:
[[0 2 0 9 0 0 7 0 0]
 [7 0 0 0 0 8 0 2 0]
 [0 0 6 0 0 0 0 0 1]
 [4 0 0 0 0 9 0 7 5]
 [0 7 0 3 0 0 8 0 0]
 [0 0 1 0 0 0 0 0 6]
 [0 5 8 0 0 7 4 0 0]
 [3 0 0 0 4 0 0 5 0]
 [0 0 0 0 9 0 0 0 0]]
Solution:
[[7 0 5 8 0 2 3 4 6]
 [9 2 3 4 6 5 7 1 8]
 [4 8 1 7 9 3 5 0 2]
 [0 0 6 3 1 7 8 0 4]
 [3 5 2 0 8 4 6 0 9]
 [8 4 0 2 0 9 1 7 5]
 [6 3 4 0 5 1 9 2 7]
 [2 9 7 0 4 8 0 6 3]
 [5 1 8 9 3 6 4 0 0]]
Number of cells unfilled: 15
Accuracy: 81.48148148148148
Sample: 63892
Question:
[[2 7 0 0 5 0 0 0 0]
 [0 0 0 2 0 0 0 3 4]
 [5 0 0 3 6 0 0 0 8]
 [0 0 0 0 0 1 0 9 0]
 [3 0 8 0 0 0 0 0 0]
 [4 0 0 0 0 0 0 5 0]
 [0 0 0 0 4 0 3 8 0]
 [0 0 0 0 0 5 0 0 6]
 [7 0 0 0 3 0 2 4 9]]
Solution:
[[0 7 5 8 0 2 3 4 6]
 [9 2 3 4 6 5 7 8 1]
 [4 8 1 7 9 3 5 0 2]
 [0 0 6 3 1 7 8 0 4]
 [3 5 2 0 8 4 6 0 9]
 [8 4 0 2 0 9 1 7 5]
 [6 3 4 0 5 1 9 2 7]
 [2 9 7 0 4 8 0 1 3]
 [5 1 8 9 7 6 4 0 0]]
Number of cells unfilled: 15
Accuracy: 81.48148148148148
Sample: 63893
Question:
[[0 0 0 0 0 0 0 7 0]
 [0 0 0 5 0 0 0 2 0]
 [0 0 6 0 4 0 0 0 0]
 [0 0 0 7 0 3 0 0 0]
 [0 0 0 8 0 0 4 0 0]
 [0 0 9 2 0 0 5 0 0]
 [7 0 0 0 0 0 0 0 0]
 [8 2 0 0 0 0 0 0 0]
 [0 0 0 0 1 0 6 0 0]]
Solution:
[[7 0 5 8 0 2 3 4 6]
 [9 2 3 4 6 5 7 8 1]
 [4 8 1 7 9 3 5 0 2]
 [0 0 6 3 1 7 8 0 4]
 [3 5 2 0 8 4 6 0 9]
 [8 4 0 2 0 9 1 7 5]
 [6 3 4 0 5 1 9 2 7]
 [2 9 7 0 4 8 0 6 3]
 [5 1 8 9 3 6 4 0 0]]
Number of cells unfilled: 15
Accuracy: 81.48148148148148
Sample: 63894
Question:
[[0 3 0 0 0 5 4 0 0]
 [8 0 0 0 1 0 0 0 0]
 [0 0 5 6 0 0 0 8 0]
 [5 0 0 0 0 0 0 0 4]
 [0 9 0 0 0 8 0 3 0]
 [0 0 2 7 0 0 6 0 0]
 [0 5 0 0 7 0 0 0 9]
 [0 0 7 0 0 3 0 4 0]
 [1 0 0 2 0 0 7 0 0]]
Solution:
[[7 0 5 8 0 2 3 4 6]
 [9 2 3 4 6 5 7 8 1]
 [4 8 1 7 9 3 5 0 2]
 [0 0 6 3 1 7 8 0 4]
 [3 5 2 0 8 4 6 0 9]
 [8 4 0 2 0 9 1 7 5]
 [6 3 4 0 5 1 9 2 7]
 [2 9 7 0 4 8 0 5 3]
 [5 1 8 9 7 6 4 0 0]]
Number of cells unfilled: 15
Accuracy: 81.48148148148148
Sample: 63895
Question:
[[2 0 1 0 3 6 0 0 0]
 [0 0 0 0 0 7 0 0 1]
 [0 0 8 0 0 0 0 0 0]
 [0 1 0 0 0 8 3 6 0]
 [0 0 0 7 0 0 0 0 8]
 [0 0 0 0 4 0 1 5 2]
 [0 9 0 0 0 0 0 2 4]
 [0 0 7 0 2 0 0 0 0]
 [4 0 0 3 6 0 0 0 0]]
Solution:
[[7 0 5 8 0 2 3 4 6]
 [9 2 3 1 6 5 7 0 8]
 [4 8 1 7 9 3 5 0 2]
 [0 0 6 3 1 7 8 0 4]
 [3 5 2 0 8 4 6 0 9]
 [8 4 0 2 0 9 1 7 5]
 [6 3 4 0 5 1 9 2 7]
 [2 9 7 0 4 8 0 5 3]
 [5 1 8 9 3 6 4 0 0]]
Number of cells unfilled: 16
Accuracy: 80.24691358024691
Sample: 63896
Question:
[[5 0 0 0 8 7 0 3 0]
 [3 9 0 0 0 0 4 8 0]
 [6 0 0 2 0 0 0 0 5]
 [0 0 1 0 0 0 0 6 0]
 [2 0 0 1 0 0 0 0 3]
 [0 6 0 0 9 4 0 0 0]
 [0 0 4 0 6 0 0 0 1]
 [0 0 0 0 7 2 0 0 0]
 [0 0 0 8 0 0 0 0 0]]
Solution:
[[0 7 5 8 0 2 3 4 6]
 [9 2 3 1 6 5 7 0 8]
 [4 8 1 7 9 3 5 0 2]
 [0 0 6 3 1 7 8 0 4]
 [3 5 2 0 8 4 6 0 9]
 [8 4 0 2 0 9 1 7 5]
 [6 3 4 0 5 1 9 2 7]
 [2 9 7 0 4 8 0 5 3]
 [5 1 8 9 3 6 4 0 0]]
Number of cells unfilled: 16
Accuracy: 80.24691358024691
Sample: 63897
Question:
[[0 0 0 0 0 9 0 6 0]
 [0 0 6 1 0 3 0 0 7]
 [0 0 0 0 8 0 3 0 0]
 [8 2 0 0 0 1 0 0 0]
 [0 0 0 0 0 0 2 9 0]
 [0 0 4 7 0 0 0 0 5]
 [0 0 3 0 0 7 4 0 0]
 [5 0 0 3 0 0 0 7 0]
 [0 6 0 0 1 0 0 0 3]]
Solution:
[[0 7 5 8 0 2 3 4 6]
 [9 2 3 4 6 5 7 1 8]
 [4 8 1 7 9 3 5 0 2]
 [0 0 6 3 1 7 8 0 4]
 [3 5 2 0 8 4 6 0 9]
 [8 4 0 2 0 9 1 7 5]
 [0 6 4 0 5 1 9 2 7]
 [2 9 7 0 4 8 0 5 3]
 [5 1 8 9 3 6 4 0 0]]
Number of cells unfilled: 16
Accuracy: 80.24691358024691
Sample: 63898
Question:
[[0 0 0 9 0 7 0 5 0]
 [0 0 7 2 1 0 0 8 0]
 [9 0 8 0 0 0 3 0 0]
 [4 0 0 0 0 0 0 6 7]
 [2 0 0 0 0 0 0 0 0]
 [5 8 0 4 0 2 0 3 0]
 [7 0 2 0 0 8 0 0 0]
 [0 0 1 5 0 0 0 0 0]
 [0 0 0 0 0 4 0 0 0]]
Solution:
[[0 7 5 8 0 2 3 4 6]
 [9 2 3 1 6 5 7 0 8]
 [4 8 1 7 9 3 5 0 2]
 [0 0 6 3 1 7 8 0 4]
 [3 5 2 0 8 4 6 0 9]
 [8 4 0 2 0 9 1 7 5]
 [0 6 4 0 5 1 9 2 7]
 [2 9 7 0 4 8 0 6 3]
 [5 1 8 9 7 6 4 0 0]]
Number of cells unfilled: 17
Accuracy: 79.01234567901234
Sample: 63899
Question:
[[7 0 0 0 0 0 9 4 0]
 [0 0 0 0 2 4 0 0 0]
 [0 0 1 0 6 0 7 2 3]
 [0 0 3 0 0 0 0 0 0]
 [0 0 0 6 8 5 0 0 0]
 [8 0 4 0 0 0 0 9 6]
 [0 0 8 0 0 0 0 3 1]
 [0 0 0 4 0 0 0 0 0]
 [0 0 0 0 7 2 0 8 0]]
Solution:
[[0 7 5 8 0 2 3 4 6]
 [9 2 3 1 6 5 7 0 8]
 [4 8 1 7 9 3 5 0 2]
 [0 0 6 3 1 7 8 0 4]
 [3 5 2 0 8 4 6 0 9]
 [8 4 0 2 0 9 1 7 5]
 [6 3 4 0 5 1 9 2 7]
 [2 9 7 0 4 8 0 5 3]
 [5 1 8 9 7 6 4 0 0]]
Number of cells unfilled: 16
Accuracy: 80.24691358024691
Sample: 63900
Question:
[[0 0 0 8 0 0 0 0 6]
 [0 0 3 0 0 5 0 0 0]
 [0 8 0 0 9 0 5 0 0]
 [0 0 6 0 0 0 0 0 4]
 [3 5 0 0 8 4 6 0 0]
 [0 4 0 0 0 9 1 0 0]
 [0 0 4 0 5 1 0 0 7]
 [2 0 0 0 4 0 0 0 0]
 [0 1 0 9 0 0 4 0 0]]
Solution:
[[0 7 5 8 0 2 3 4 6]
 [9 2 3 4 6 5 7 1 8]
 [4 8 1 7 9 3 5 0 2]
 [0 0 6 3 1 7 8 0 4]
 [3 5 2 0 8 4 6 0 9]
 [8 4 0 2 0 9 1 7 5]
 [6 3 4 0 5 1 9 2 7]
 [2 9 7 0 4 8 0 5 3]
 [5 1 8 9 2 6 4 0 0]]
Number of cells unfilled: 15
Accuracy: 81.48148148148148
