2025-10-22 15:51:18.032066: I tensorflow/core/util/port.cc:153] oneDNN custom operations are on. You may see slightly different numerical results due to floating-point round-off errors from different computation orders. To turn them off, set the environment variable `TF_ENABLE_ONEDNN_OPTS=0`.
2025-10-22 15:51:18.371617: I tensorflow/core/platform/cpu_feature_guard.cc:210] This TensorFlow binary is optimized to use available CPU instructions in performance-critical operations.
To enable the following instructions: AVX2 AVX512F AVX512_VNNI FMA, in other operations, rebuild TensorFlow with the appropriate compiler flags.
2025-10-22 15:51:23.853291: I tensorflow/core/util/port.cc:153] oneDNN custom operations are on. You may see slightly different numerical results due to floating-point round-off errors from different computation orders. To turn them off, set the environment variable `TF_ENABLE_ONEDNN_OPTS=0`.
2025-10-22 15:51:30.362081: E external/local_xla/xla/stream_executor/cuda/cuda_platform.cc:51] failed call to cuInit: INTERNAL: CUDA error: Failed call to cuInit: UNKNOWN ERROR (303)
Sample: 64601
Question:
[[5 0 4 0 0 1 0 3 0]
 [3 0 0 0 0 0 7 0 5]
 [0 6 0 0 0 0 0 1 0]
 [0 4 1 7 0 0 0 6 3]
 [6 3 0 0 0 0 0 0 0]
 [7 0 5 0 0 0 1 4 0]
 [0 0 0 0 0 0 0 0 1]
 [0 7 0 0 0 3 6 0 0]
 [0 0 0 0 9 8 0 0 4]]
Solution:
[[8 2 6 4 5 1 0 7 9]
 [1 0 0 9 0 2 6 8 3]
 [5 9 3 7 6 8 4 2 1]
 [2 6 7 8 1 5 0 4 0]
 [0 3 4 0 7 6 8 1 2]
 [0 5 9 2 4 0 7 3 6]
 [0 4 2 5 8 7 3 6 0]
 [9 8 5 1 0 3 2 0 4]
 [3 7 1 6 2 4 9 5 8]]
Number of cells unfilled: 14
Accuracy: 82.71604938271605
Sample: 64602
Question:
[[5 0 7 0 0 0 0 0 9]
 [0 9 3 0 0 0 6 0 0]
 [8 6 0 0 3 0 0 0 0]
 [0 5 0 0 0 6 0 8 0]
 [0 0 0 0 1 2 9 0 0]
 [0 0 0 0 0 0 3 0 0]
 [7 0 9 0 0 0 8 0 6]
 [0 8 0 0 0 0 0 0 0]
 [6 3 0 0 0 0 7 5 0]]
Solution:
[[8 2 6 4 5 1 0 7 9]
 [1 0 0 9 0 2 6 8 3]
 [5 9 3 7 6 8 4 2 1]
 [2 6 7 8 1 5 0 4 0]
 [0 3 4 0 7 6 8 9 5]
 [0 5 9 2 4 0 7 3 6]
 [0 4 2 5 8 7 3 6 0]
 [9 8 5 1 0 3 2 0 4]
 [3 7 1 6 2 4 9 5 8]]
Number of cells unfilled: 14
Accuracy: 82.71604938271605
Sample: 64603
Question:
[[5 2 0 0 0 0 8 0 3]
 [0 9 6 0 0 0 0 2 5]
 [0 0 0 0 0 0 9 6 0]
 [0 6 0 5 0 8 3 0 2]
 [8 0 3 0 0 0 6 0 0]
 [0 5 0 0 0 0 0 9 0]
 [0 0 2 1 0 4 0 0 0]
 [0 0 5 0 0 0 0 0 0]
 [9 0 0 6 0 0 0 8 0]]
Solution:
[[8 2 6 4 5 1 0 7 9]
 [1 0 0 9 0 2 6 8 3]
 [5 9 3 7 6 8 4 2 1]
 [2 6 7 8 1 5 0 4 0]
 [0 3 4 0 7 6 8 9 2]
 [0 5 9 2 4 0 7 3 6]
 [0 4 2 5 8 7 3 6 0]
 [9 8 5 1 0 3 2 0 4]
 [3 7 1 6 2 4 9 5 8]]
Number of cells unfilled: 14
Accuracy: 82.71604938271605
Sample: 64604
Question:
[[7 0 0 6 0 3 1 0 0]
 [0 4 3 0 0 7 0 0 0]
 [1 6 0 8 4 0 0 0 0]
 [0 0 0 1 0 0 0 0 0]
 [0 8 0 0 0 0 3 5 0]
 [3 0 0 0 0 0 0 9 0]
 [0 0 1 0 8 0 7 0 0]
 [0 7 4 0 0 0 0 6 8]
 [8 3 0 0 6 0 0 0 0]]
Solution:
[[8 2 6 4 5 1 0 7 9]
 [1 0 0 9 0 2 6 8 3]
 [5 9 3 7 6 8 4 2 1]
 [2 6 7 8 1 5 0 4 0]
 [0 3 4 0 7 6 8 1 2]
 [0 5 9 2 4 0 7 3 6]
 [0 4 2 5 8 9 3 6 7]
 [9 8 5 1 0 3 2 0 4]
 [3 7 1 6 2 4 9 5 8]]
Number of cells unfilled: 13
Accuracy: 83.9506172839506
Sample: 64605
Question:
[[7 0 1 4 0 5 0 6 9]
 [4 9 0 1 6 0 0 0 0]
 [0 0 0 0 7 0 0 0 0]
 [0 6 5 9 0 4 1 0 0]
 [0 0 0 0 5 6 0 0 0]
 [0 0 0 7 1 0 0 0 0]
 [5 0 0 0 0 0 0 8 2]
 [0 7 0 0 9 0 0 1 0]
 [6 0 0 0 0 0 0 0 0]]
Solution:
[[8 2 6 4 5 1 0 7 9]
 [1 0 0 9 0 2 6 8 3]
 [5 9 3 7 6 8 4 2 1]
 [2 6 7 8 1 5 0 4 0]
 [0 3 4 0 7 6 8 9 2]
 [0 5 8 2 4 9 7 3 6]
 [0 4 2 5 8 7 3 6 0]
 [9 8 5 1 0 3 2 0 4]
 [3 7 1 6 2 4 9 5 8]]
Number of cells unfilled: 13
Accuracy: 83.9506172839506
Sample: 64606
Question:
[[7 0 2 0 1 0 0 0 0]
 [0 1 5 9 2 0 0 0 8]
 [0 8 0 0 0 5 0 1 0]
 [0 0 0 8 0 9 7 0 0]
 [8 9 0 2 0 0 0 0 0]
 [0 0 7 0 5 1 0 0 0]
 [5 0 0 0 0 7 0 0 1]
 [0 0 8 0 0 0 0 0 0]
 [0 0 9 0 0 0 0 4 3]]
Solution:
[[8 2 6 4 5 1 0 7 9]
 [1 0 0 9 0 2 6 8 3]
 [5 9 3 7 6 8 4 2 1]
 [2 6 7 8 1 5 0 4 0]
 [0 3 4 0 7 6 8 1 2]
 [0 5 8 2 4 9 7 3 6]
 [0 4 2 5 8 7 3 6 0]
 [9 8 5 1 0 3 2 0 4]
 [3 7 1 6 2 4 9 5 8]]
Number of cells unfilled: 13
Accuracy: 83.9506172839506
Sample: 64607
Question:
[[7 0 9 0 2 0 0 0 1]
 [1 0 0 0 0 0 5 7 0]
 [0 6 5 1 0 0 0 0 2]
 [0 0 7 0 0 0 2 0 9]
 [6 1 0 0 0 0 0 0 0]
 [0 9 2 0 0 5 0 0 6]
 [0 0 0 3 8 0 0 9 0]
 [0 0 0 0 0 0 0 2 0]
 [0 5 0 0 1 0 6 0 0]]
Solution:
[[8 2 6 4 5 1 0 7 9]
 [1 0 0 9 0 2 6 8 3]
 [5 9 3 7 6 8 4 2 1]
 [2 6 7 8 1 5 0 4 0]
 [0 3 4 0 7 6 8 9 5]
 [0 5 9 2 4 0 7 3 6]
 [0 4 2 5 8 9 3 6 7]
 [9 8 5 1 0 3 2 0 4]
 [3 7 1 6 2 4 9 5 8]]
Number of cells unfilled: 13
Accuracy: 83.9506172839506
Sample: 64608
Question:
[[8 0 0 0 0 0 0 0 7]
 [6 0 0 0 0 0 2 0 3]
 [0 0 0 0 0 2 0 0 0]
 [9 1 0 0 0 0 0 6 4]
 [2 0 6 0 0 4 0 0 0]
 [0 8 0 0 0 6 9 0 0]
 [1 2 0 0 9 8 0 0 0]
 [4 0 0 6 0 1 0 0 0]
 [0 0 9 4 2 0 8 0 0]]
Solution:
[[8 2 6 4 5 1 0 7 9]
 [1 0 0 9 0 2 6 8 3]
 [5 9 3 7 6 8 4 2 1]
 [2 6 7 8 1 5 0 4 0]
 [0 3 4 0 7 6 8 9 2]
 [0 5 9 2 4 0 7 3 6]
 [0 4 2 5 8 9 3 6 7]
 [9 8 5 1 0 3 2 0 4]
 [3 7 1 6 2 4 9 5 8]]
Number of cells unfilled: 13
Accuracy: 83.9506172839506
Sample: 64609
Question:
[[8 9 0 0 5 0 0 0 4]
 [0 0 2 0 0 0 5 6 0]
 [0 0 0 0 2 0 8 0 9]
 [9 0 0 0 0 0 6 0 0]
 [5 0 6 0 0 9 0 4 8]
 [0 2 4 0 0 0 0 5 0]
 [0 6 0 0 0 5 2 0 0]
 [0 0 8 7 0 3 0 0 0]
 [0 0 9 0 0 0 0 0 0]]
Solution:
[[8 2 6 4 5 1 0 7 9]
 [1 0 0 9 0 2 6 8 3]
 [5 9 3 7 6 8 4 2 1]
 [2 6 7 8 1 5 0 4 0]
 [0 3 4 0 7 6 8 9 2]
 [0 5 8 2 4 9 7 3 6]
 [0 4 2 5 8 7 3 6 0]
 [9 8 5 1 0 3 2 0 4]
 [3 7 1 6 2 4 9 5 8]]
Number of cells unfilled: 13
Accuracy: 83.9506172839506
Sample: 64610
Question:
[[9 0 0 0 0 0 7 8 0]
 [0 0 0 7 0 9 0 2 4]
 [7 0 0 0 2 0 0 0 3]
 [0 0 2 0 0 0 0 4 8]
 [0 9 8 0 3 0 2 0 0]
 [4 7 0 0 0 0 3 9 0]
 [0 0 0 0 8 6 0 7 0]
 [8 3 0 0 0 0 0 0 0]
 [0 0 0 0 0 1 0 0 0]]
Solution:
[[8 2 6 4 5 1 0 7 9]
 [1 0 0 9 0 2 6 8 3]
 [5 9 3 7 6 8 4 2 1]
 [2 6 7 8 1 5 0 4 0]
 [0 3 4 0 7 6 8 1 5]
 [0 5 9 2 4 0 7 3 6]
 [0 4 2 5 8 9 3 6 7]
 [9 8 5 1 0 3 2 0 4]
 [3 7 1 6 2 4 9 5 8]]
Number of cells unfilled: 13
Accuracy: 83.9506172839506
Sample: 64611
Question:
[[9 0 1 0 3 0 0 0 8]
 [8 3 0 0 0 0 9 7 0]
 [0 7 0 0 0 0 0 1 0]
 [0 0 0 0 4 0 0 0 0]
 [0 0 0 0 9 2 0 4 0]
 [4 0 0 0 0 5 0 0 0]
 [0 4 0 0 8 0 3 0 0]
 [0 1 8 0 0 0 0 9 4]
 [0 0 9 0 0 1 7 0 0]]
Solution:
[[8 2 6 4 5 1 0 7 9]
 [1 0 0 9 0 2 6 8 3]
 [5 9 3 7 6 8 4 2 1]
 [2 6 7 8 1 5 0 4 0]
 [0 3 4 0 7 6 8 9 2]
 [0 5 8 2 4 9 7 3 6]
 [0 4 2 5 8 7 3 6 0]
 [9 8 5 1 0 3 2 0 4]
 [3 7 1 6 2 4 9 5 8]]
Number of cells unfilled: 13
Accuracy: 83.9506172839506
Sample: 64612
Question:
[[0 0 0 6 0 0 0 4 0]
 [0 0 0 0 0 0 0 7 8]
 [0 2 0 0 8 0 9 0 0]
 [0 5 0 0 0 7 0 0 6]
 [0 0 9 0 2 0 5 0 0]
 [0 0 0 0 0 3 0 0 9]
 [0 9 1 0 0 0 0 0 4]
 [5 0 0 0 1 0 8 0 0]
 [0 8 2 3 0 0 0 0 0]]
Solution:
[[8 2 6 4 5 1 0 7 9]
 [1 0 0 9 0 2 6 8 3]
 [5 9 3 7 6 8 4 2 1]
 [2 6 7 8 1 5 0 4 0]
 [0 3 4 0 7 6 8 1 5]
 [0 5 8 2 4 9 7 3 6]
 [0 4 2 5 8 7 3 6 0]
 [9 8 5 1 0 3 2 0 4]
 [3 7 1 6 2 4 9 5 8]]
Number of cells unfilled: 13
Accuracy: 83.9506172839506
Sample: 64613
Question:
[[0 0 7 0 9 0 0 0 6]
 [3 0 0 0 0 0 0 0 0]
 [8 0 0 5 0 0 9 0 0]
 [0 5 0 0 0 4 0 0 0]
 [0 0 1 0 6 0 7 0 0]
 [7 0 3 1 0 8 0 0 0]
 [0 0 0 4 0 0 6 0 2]
 [0 3 0 0 0 0 1 0 7]
 [0 0 2 0 1 0 0 9 0]]
Solution:
[[8 2 6 4 5 1 0 7 9]
 [1 0 0 9 0 2 6 8 3]
 [5 9 3 7 6 8 4 2 1]
 [2 6 7 8 1 5 0 4 0]
 [0 3 4 0 7 6 8 1 2]
 [0 5 9 2 4 0 7 3 6]
 [0 4 2 5 8 7 3 6 0]
 [9 8 5 1 0 3 2 0 4]
 [3 7 1 6 2 4 9 5 8]]
Number of cells unfilled: 14
Accuracy: 82.71604938271605
Sample: 64614
Question:
[[0 2 0 0 0 0 5 0 0]
 [0 0 1 8 0 5 0 0 0]
 [4 0 0 0 1 0 0 9 0]
 [0 6 8 0 0 0 0 0 0]
 [0 0 4 2 0 0 9 0 6]
 [3 0 0 0 7 0 0 4 0]
 [0 0 0 0 3 0 0 0 9]
 [1 0 0 7 0 0 4 0 3]
 [0 0 0 1 0 0 0 7 0]]
Solution:
[[8 2 6 4 5 1 0 7 9]
 [1 0 0 9 0 2 6 8 3]
 [5 9 3 7 6 8 4 2 1]
 [2 6 7 8 1 5 0 4 0]
 [0 3 4 0 7 6 8 9 2]
 [0 5 9 2 4 0 7 3 6]
 [0 4 2 5 8 7 3 6 0]
 [9 8 5 1 0 3 2 0 4]
 [3 7 1 6 2 4 9 5 8]]
Number of cells unfilled: 14
Accuracy: 82.71604938271605
Sample: 64615
Question:
[[0 0 1 0 0 0 0 0 0]
 [3 0 0 9 0 0 8 0 0]
 [0 0 0 0 0 2 0 5 0]
 [0 0 0 0 0 0 6 0 0]
 [6 0 0 0 4 0 0 9 3]
 [0 0 9 6 0 0 0 4 8]
 [9 0 6 8 7 0 4 0 0]
 [8 0 0 4 0 1 9 0 0]
 [0 0 0 0 9 0 0 0 7]]
Solution:
[[8 2 6 4 5 1 0 7 9]
 [1 0 0 9 0 2 6 8 3]
 [5 9 3 7 6 8 4 2 1]
 [2 6 7 8 1 5 0 4 0]
 [0 3 4 0 7 6 8 1 2]
 [0 5 9 2 4 0 7 3 6]
 [0 4 2 5 8 9 3 6 7]
 [9 8 5 1 0 3 2 0 4]
 [3 7 1 6 2 4 9 5 8]]
Number of cells unfilled: 13
Accuracy: 83.9506172839506
Sample: 64616
Question:
[[0 2 0 0 0 9 0 0 0]
 [7 0 0 2 6 0 9 1 0]
 [1 0 0 0 7 8 0 6 0]
 [0 3 1 7 0 0 0 9 0]
 [9 0 0 0 0 0 0 0 0]
 [0 6 7 0 9 0 1 0 0]
 [0 0 0 0 0 0 8 0 0]
 [6 0 0 0 1 0 0 3 0]
 [0 0 4 0 0 5 0 0 0]]
Solution:
[[8 2 6 4 5 1 0 7 9]
 [1 0 0 9 0 2 6 8 3]
 [5 9 3 7 6 8 4 2 1]
 [2 6 7 8 1 5 0 4 0]
 [0 3 4 0 7 6 8 1 2]
 [0 5 8 2 4 9 7 3 6]
 [0 4 2 5 8 7 3 6 0]
 [9 8 5 1 0 3 2 0 4]
 [3 7 1 6 2 4 9 5 8]]
Number of cells unfilled: 13
Accuracy: 83.9506172839506
Sample: 64617
Question:
[[3 0 0 9 6 0 1 5 0]
 [0 9 1 0 4 0 0 0 6]
 [0 0 0 0 0 0 0 0 8]
 [2 0 0 4 0 5 0 0 0]
 [0 7 0 0 0 0 6 0 0]
 [5 0 0 7 8 0 0 0 0]
 [0 0 0 0 9 0 0 1 2]
 [0 0 0 8 0 7 0 0 0]
 [0 0 0 0 1 0 7 0 4]]
Solution:
[[8 2 6 4 5 1 0 7 9]
 [1 0 0 9 0 2 6 8 3]
 [5 9 3 7 6 8 4 2 1]
 [2 6 7 8 1 5 0 4 0]
 [0 3 4 0 7 6 8 9 5]
 [0 5 8 2 4 9 7 3 6]
 [0 4 2 5 8 7 3 6 0]
 [9 8 5 1 0 3 2 0 4]
 [3 7 1 6 2 4 9 5 8]]
Number of cells unfilled: 13
Accuracy: 83.9506172839506
Sample: 64618
Question:
[[0 0 5 6 2 0 4 0 0]
 [0 6 0 0 0 4 0 8 2]
 [0 0 0 9 8 0 0 0 0]
 [0 0 3 0 0 0 0 0 5]
 [7 0 0 0 0 0 1 0 0]
 [0 4 0 8 0 0 0 9 0]
 [0 0 0 4 0 0 7 0 0]
 [0 0 0 0 0 0 0 0 3]
 [0 2 0 0 9 0 0 6 0]]
Solution:
[[8 2 6 4 5 1 0 7 9]
 [1 0 0 9 0 2 6 8 3]
 [5 9 3 7 6 8 4 2 1]
 [2 6 7 8 1 5 0 4 0]
 [0 3 4 0 7 6 8 1 2]
 [0 5 9 2 4 0 7 3 6]
 [0 4 2 5 8 9 3 6 7]
 [9 8 5 1 0 3 2 0 4]
 [3 7 1 6 2 4 9 5 8]]
Number of cells unfilled: 13
Accuracy: 83.9506172839506
Sample: 64619
Question:
[[2 7 0 0 1 0 0 0 0]
 [0 0 9 2 0 8 7 0 0]
 [0 8 0 0 6 0 0 0 0]
 [0 0 0 0 0 0 0 6 0]
 [9 0 8 0 0 6 5 0 0]
 [7 0 0 0 0 3 9 0 0]
 [5 0 2 0 0 0 0 0 4]
 [0 0 0 0 3 0 2 0 9]
 [0 9 0 0 0 2 6 0 0]]
Solution:
[[8 2 6 4 5 1 0 7 9]
 [1 0 0 9 0 2 6 8 3]
 [5 9 3 7 6 8 4 2 1]
 [2 6 7 8 1 5 0 4 0]
 [0 3 4 0 7 6 8 9 5]
 [0 5 8 2 4 9 7 3 6]
 [0 4 2 5 8 7 3 6 0]
 [9 8 5 1 0 3 2 0 4]
 [3 7 1 6 2 4 9 5 8]]
Number of cells unfilled: 13
Accuracy: 83.9506172839506
Sample: 64620
Question:
[[0 0 1 0 0 0 0 0 0]
 [2 0 5 7 0 1 8 0 0]
 [0 9 0 0 8 2 1 0 0]
 [8 0 0 0 9 0 7 2 0]
 [0 5 0 0 0 0 0 0 0]
 [9 0 6 0 0 0 0 0 3]
 [0 7 0 0 0 6 0 0 5]
 [0 0 0 0 4 7 9 0 0]
 [0 3 0 1 0 0 0 0 0]]
Solution:
[[8 2 6 4 5 1 0 7 9]
 [1 0 0 9 0 2 6 8 3]
 [5 9 3 7 6 8 4 2 1]
 [2 6 7 8 1 5 0 4 0]
 [0 3 4 0 7 6 8 1 2]
 [0 5 9 2 4 0 7 3 6]
 [0 4 2 5 8 7 3 6 0]
 [9 8 5 1 0 3 2 0 4]
 [3 7 1 6 2 4 9 5 8]]
Number of cells unfilled: 14
Accuracy: 82.71604938271605
Sample: 64621
Question:
[[0 6 0 3 0 0 2 0 7]
 [1 0 0 8 0 0 0 0 0]
 [0 0 0 0 0 7 0 6 0]
 [7 8 0 0 0 0 0 4 0]
 [0 1 0 0 0 0 0 0 3]
 [0 0 0 0 7 4 1 0 6]
 [0 3 6 0 5 8 4 0 0]
 [0 0 0 0 0 0 0 0 0]
 [0 7 0 0 1 0 3 9 8]]
Solution:
[[8 2 6 4 5 1 0 7 9]
 [1 0 0 9 0 2 6 8 3]
 [5 9 3 7 6 8 4 2 1]
 [2 6 7 8 1 5 0 4 0]
 [0 3 4 0 7 6 8 9 5]
 [0 5 8 2 4 9 7 3 6]
 [0 4 2 5 8 7 3 6 0]
 [9 8 5 1 0 3 2 0 4]
 [3 7 1 6 2 4 9 5 8]]
Number of cells unfilled: 13
Accuracy: 83.9506172839506
Sample: 64622
Question:
[[4 0 1 3 0 0 0 2 0]
 [5 2 0 0 0 0 0 3 0]
 [0 9 0 0 0 1 5 0 0]
 [2 0 0 7 0 0 4 1 0]
 [0 5 7 0 0 0 0 0 8]
 [0 0 0 0 0 2 0 7 0]
 [3 0 0 0 0 7 0 6 0]
 [0 0 0 8 0 0 0 4 0]
 [0 6 8 0 2 0 0 0 0]]
Solution:
[[8 2 6 4 5 1 0 7 9]
 [1 0 0 9 0 2 6 8 3]
 [5 9 3 7 6 8 4 2 1]
 [2 6 7 8 1 5 0 4 0]
 [0 3 4 0 7 6 8 9 2]
 [0 5 8 2 4 9 7 3 6]
 [0 4 2 5 8 7 3 6 0]
 [9 8 5 1 0 3 2 0 4]
 [3 7 1 6 2 4 9 5 8]]
Number of cells unfilled: 13
Accuracy: 83.9506172839506
Sample: 64623
Question:
[[2 0 8 9 5 0 0 0 0]
 [0 0 0 8 4 0 5 0 0]
 [0 0 0 0 0 1 0 2 0]
 [0 3 2 0 7 0 0 0 0]
 [6 0 0 0 0 0 7 0 3]
 [8 0 4 0 0 0 0 0 1]
 [0 0 0 6 0 0 0 1 0]
 [0 0 9 1 8 5 0 0 0]
 [0 0 0 0 0 4 0 0 2]]
Solution:
[[8 2 6 4 5 1 0 7 9]
 [1 0 0 9 0 2 6 8 3]
 [5 9 3 7 6 8 4 2 1]
 [2 6 7 8 1 5 0 4 0]
 [0 3 4 0 7 6 8 1 2]
 [0 5 8 2 4 9 7 3 6]
 [0 4 2 5 8 7 3 6 0]
 [9 8 5 1 0 3 2 0 4]
 [3 7 1 6 2 4 9 5 8]]
Number of cells unfilled: 13
Accuracy: 83.9506172839506
Sample: 64624
Question:
[[0 4 0 0 9 0 1 5 0]
 [0 0 5 0 0 6 9 0 0]
 [0 0 9 0 0 0 0 0 3]
 [0 2 0 7 0 0 0 9 0]
 [0 0 1 0 4 0 5 2 0]
 [0 0 0 0 0 0 3 0 0]
 [0 1 0 0 0 0 0 0 0]
 [9 0 0 0 2 0 4 1 0]
 [0 0 4 0 0 8 0 0 0]]
Solution:
[[8 2 6 4 5 1 0 7 9]
 [1 0 0 9 0 2 6 8 3]
 [5 9 3 7 6 8 4 2 1]
 [2 6 7 8 1 5 0 4 0]
 [0 3 4 0 7 6 8 1 2]
 [0 5 8 2 4 9 7 3 6]
 [0 4 2 5 8 7 3 6 0]
 [9 8 5 1 0 3 2 0 4]
 [3 7 1 6 2 4 9 5 8]]
Number of cells unfilled: 13
Accuracy: 83.9506172839506
Sample: 64625
Question:
[[0 5 3 7 0 0 0 0 0]
 [0 0 0 0 0 1 0 0 5]
 [1 0 0 0 2 0 0 7 0]
 [5 0 0 1 0 0 0 0 2]
 [0 0 6 0 0 0 4 0 0]
 [0 0 0 0 9 0 0 0 0]
 [0 8 0 0 0 0 0 0 0]
 [3 0 0 2 0 0 0 0 7]
 [7 0 5 3 0 8 2 0 1]]
Solution:
[[8 2 6 4 5 1 0 7 9]
 [1 0 0 9 0 2 6 8 3]
 [5 9 3 7 6 8 4 2 1]
 [2 6 7 8 1 5 0 4 0]
 [0 3 4 0 7 6 8 1 5]
 [0 5 8 2 4 9 7 3 6]
 [0 4 2 5 8 7 3 6 0]
 [9 8 5 1 0 3 2 0 4]
 [3 7 1 6 2 4 9 5 8]]
Number of cells unfilled: 13
Accuracy: 83.9506172839506
Sample: 64626
Question:
[[0 8 0 0 9 0 0 0 0]
 [3 0 0 0 0 0 0 7 0]
 [0 0 6 0 2 3 8 0 0]
 [0 0 1 9 0 0 0 0 0]
 [0 6 2 0 1 0 0 0 4]
 [8 0 0 0 6 2 1 0 0]
 [0 0 0 0 0 0 0 0 5]
 [0 0 0 0 0 0 0 1 0]
 [0 1 0 0 8 6 3 0 0]]
Solution:
[[8 2 6 4 5 1 0 7 9]
 [1 0 0 9 0 2 6 8 3]
 [5 9 3 7 6 8 4 2 1]
 [2 6 7 8 1 5 0 4 0]
 [0 3 4 0 7 6 8 1 2]
 [0 5 9 2 4 0 7 3 6]
 [0 4 2 5 8 9 3 6 7]
 [9 8 5 1 0 3 2 0 4]
 [3 7 1 6 2 4 9 5 8]]
Number of cells unfilled: 13
Accuracy: 83.9506172839506
Sample: 64627
Question:
[[7 0 0 8 0 0 0 3 0]
 [0 6 0 0 0 0 0 0 8]
 [0 0 0 0 5 0 2 0 0]
 [0 3 0 7 0 0 0 0 9]
 [0 0 7 0 0 0 0 8 0]
 [9 0 0 0 4 8 0 0 0]
 [4 0 1 9 8 0 0 7 0]
 [3 0 0 4 0 0 0 9 0]
 [0 0 0 0 0 1 0 0 0]]
Solution:
[[8 2 6 4 5 1 0 7 9]
 [1 0 0 9 0 2 6 8 3]
 [5 9 3 7 6 8 4 2 1]
 [2 6 7 8 1 5 0 4 0]
 [0 3 4 0 7 6 8 9 2]
 [0 5 8 2 4 9 7 3 6]
 [0 4 2 5 8 7 3 6 0]
 [9 8 5 1 0 3 2 0 4]
 [3 7 1 6 2 4 9 5 8]]
Number of cells unfilled: 13
Accuracy: 83.9506172839506
Sample: 64628
Question:
[[0 0 0 3 0 0 5 8 0]
 [0 2 0 0 0 8 0 0 3]
 [0 0 3 0 7 0 0 9 0]
 [0 0 2 0 0 4 0 0 0]
 [6 0 1 0 0 0 0 0 4]
 [0 4 0 0 8 0 0 0 0]
 [2 0 0 8 9 0 7 0 0]
 [0 1 0 0 0 2 0 0 0]
 [0 0 8 5 0 0 0 3 0]]
Solution:
[[8 2 6 4 5 1 0 7 9]
 [1 0 0 9 0 2 6 8 3]
 [5 9 3 7 6 8 4 2 1]
 [2 6 7 8 1 5 0 4 0]
 [0 3 4 0 7 6 8 9 5]
 [0 5 9 2 4 0 7 3 6]
 [0 4 2 5 8 9 3 6 7]
 [9 8 5 1 0 3 2 0 4]
 [3 7 1 6 2 4 9 5 8]]
Number of cells unfilled: 13
Accuracy: 83.9506172839506
Sample: 64629
Question:
[[6 0 0 0 0 0 7 9 0]
 [0 0 1 0 7 0 5 0 0]
 [0 0 8 0 0 0 0 3 0]
 [0 0 0 5 0 2 0 0 0]
 [3 0 4 0 0 7 0 0 0]
 [0 5 0 9 0 0 0 0 0]
 [0 2 0 0 6 0 0 0 0]
 [0 9 0 0 5 8 4 0 1]
 [1 0 0 2 0 0 3 0 0]]
Solution:
[[8 2 6 4 5 1 0 7 9]
 [1 0 0 9 0 2 6 8 3]
 [5 9 3 7 6 8 4 2 1]
 [2 6 7 8 1 5 0 4 0]
 [0 3 4 0 7 6 8 1 5]
 [0 5 9 2 4 0 7 3 6]
 [0 4 2 5 8 9 3 6 7]
 [9 8 5 1 0 3 2 0 4]
 [3 7 1 6 2 4 9 5 8]]
Number of cells unfilled: 13
Accuracy: 83.9506172839506
Sample: 64630
Question:
[[0 1 0 8 0 0 0 0 9]
 [0 0 0 0 6 7 0 0 8]
 [0 0 5 0 0 0 2 1 0]
 [2 0 0 0 4 0 0 0 0]
 [0 3 6 5 0 0 4 0 0]
 [4 0 0 0 0 0 0 0 0]
 [0 0 8 3 0 2 0 6 0]
 [0 0 0 0 7 0 8 5 0]
 [0 7 2 0 0 0 0 9 0]]
Solution:
[[8 2 6 4 5 1 0 7 9]
 [1 0 0 9 0 2 6 8 3]
 [5 9 3 7 6 8 4 2 1]
 [2 6 7 8 1 5 0 4 0]
 [0 3 4 0 7 6 8 1 5]
 [0 5 8 2 4 9 7 3 6]
 [0 4 2 5 8 7 3 6 0]
 [9 8 5 1 0 3 2 0 4]
 [3 7 1 6 2 4 9 5 8]]
Number of cells unfilled: 13
Accuracy: 83.9506172839506
Sample: 64631
Question:
[[0 0 0 0 0 7 0 0 3]
 [6 0 0 5 0 0 0 0 0]
 [0 7 0 0 2 0 4 0 0]
 [0 0 5 6 0 0 0 0 0]
 [0 9 0 0 4 0 0 0 2]
 [1 0 0 0 0 8 0 0 0]
 [0 0 0 0 3 0 0 1 4]
 [0 4 0 0 0 0 3 0 7]
 [0 0 1 0 0 0 0 8 0]]
Solution:
[[8 2 6 4 5 1 0 7 9]
 [1 0 0 9 0 2 6 8 3]
 [5 9 3 7 6 8 4 2 1]
 [2 6 7 8 1 5 0 4 0]
 [0 3 4 0 7 6 8 9 2]
 [0 5 8 2 4 9 7 3 6]
 [0 4 2 5 8 7 3 6 0]
 [9 8 5 1 0 3 2 0 4]
 [3 7 1 6 2 4 9 5 8]]
Number of cells unfilled: 13
Accuracy: 83.9506172839506
Sample: 64632
Question:
[[0 0 0 0 3 0 4 0 0]
 [0 5 0 0 0 6 0 0 0]
 [6 0 0 4 9 0 0 0 5]
 [0 0 7 1 0 0 0 0 0]
 [0 1 0 0 4 0 0 8 7]
 [5 0 0 0 0 3 9 0 0]
 [9 0 0 0 0 4 3 0 0]
 [0 0 8 3 2 0 0 0 0]
 [0 0 0 0 0 0 0 2 0]]
Solution:
[[8 2 6 4 5 1 0 7 9]
 [1 0 0 9 0 2 6 8 3]
 [5 9 3 7 6 8 4 2 1]
 [2 6 7 8 1 5 0 4 0]
 [0 3 4 0 7 6 8 9 5]
 [0 5 9 2 4 0 7 3 6]
 [0 4 2 5 8 7 3 6 0]
 [9 8 5 1 0 3 2 0 4]
 [3 7 1 6 2 4 9 5 8]]
Number of cells unfilled: 14
Accuracy: 82.71604938271605
Sample: 64633
Question:
[[7 0 0 0 0 0 0 0 8]
 [0 6 0 0 0 2 0 5 0]
 [0 0 4 0 0 0 1 0 0]
 [8 0 0 0 2 0 0 0 4]
 [0 0 1 7 0 0 0 0 0]
 [0 5 0 0 0 3 0 9 0]
 [0 0 0 0 0 6 9 0 5]
 [0 9 0 2 5 0 0 0 0]
 [0 0 0 3 0 0 0 2 0]]
Solution:
[[8 2 6 4 5 1 0 7 9]
 [1 0 0 9 0 2 6 8 3]
 [5 9 3 7 6 8 4 2 1]
 [2 6 7 8 1 5 0 4 0]
 [0 3 4 0 7 6 8 1 2]
 [0 5 9 2 4 0 7 3 6]
 [0 4 2 5 8 9 3 6 7]
 [9 8 5 1 0 3 2 0 4]
 [3 7 1 6 2 4 9 5 8]]
Number of cells unfilled: 13
Accuracy: 83.9506172839506
Sample: 64634
Question:
[[0 0 9 0 0 0 4 0 0]
 [0 7 0 0 2 0 0 8 0]
 [0 0 0 0 0 0 0 0 1]
 [6 0 0 0 0 0 0 0 9]
 [4 0 8 0 5 0 0 0 0]
 [0 3 0 0 0 8 0 5 0]
 [0 0 6 0 7 2 0 0 0]
 [0 0 2 0 8 3 1 0 0]
 [0 8 0 5 0 0 0 2 0]]
Solution:
[[8 2 6 4 5 1 0 7 9]
 [1 0 0 9 0 2 6 8 3]
 [5 9 3 7 6 8 4 2 1]
 [2 6 7 8 1 5 0 4 0]
 [0 3 4 0 7 6 8 1 5]
 [0 5 8 2 4 9 7 3 6]
 [0 4 2 5 8 7 3 6 0]
 [9 8 5 1 0 3 2 0 4]
 [3 7 1 6 2 4 9 5 8]]
Number of cells unfilled: 13
Accuracy: 83.9506172839506
Sample: 64635
Question:
[[0 3 6 0 0 0 9 0 0]
 [0 9 4 6 0 0 0 8 0]
 [8 0 0 0 0 0 0 0 0]
 [0 6 2 0 0 1 0 0 0]
 [0 0 0 0 0 0 0 7 2]
 [9 0 0 4 0 0 3 0 0]
 [0 5 0 0 0 7 0 0 9]
 [0 0 0 0 5 0 0 0 1]
 [6 0 0 9 0 0 8 0 0]]
Solution:
[[8 2 6 4 5 1 0 7 9]
 [1 0 0 9 0 2 6 8 3]
 [5 9 3 7 6 8 4 2 1]
 [2 6 7 8 1 5 0 4 0]
 [0 3 4 0 7 6 8 9 5]
 [0 5 8 2 4 9 7 3 6]
 [0 4 2 5 8 7 3 6 0]
 [9 8 5 1 0 3 2 0 4]
 [3 7 1 6 2 4 9 5 8]]
Number of cells unfilled: 13
Accuracy: 83.9506172839506
Sample: 64636
Question:
[[1 0 0 0 0 8 0 0 0]
 [0 3 0 7 0 0 5 0 0]
 [0 0 7 0 6 0 0 4 0]
 [0 1 0 0 0 6 0 0 0]
 [0 0 3 2 0 0 1 0 0]
 [5 2 0 0 0 0 0 9 0]
 [3 0 0 5 0 0 7 0 0]
 [0 0 0 0 4 3 0 0 9]
 [0 0 0 0 0 0 0 0 8]]
Solution:
[[8 2 6 4 5 1 0 7 9]
 [1 0 0 9 0 2 6 8 3]
 [5 9 3 7 6 8 4 2 1]
 [2 6 7 8 1 5 0 4 0]
 [0 3 4 0 7 6 8 1 2]
 [0 5 8 2 4 9 7 3 6]
 [0 4 2 5 8 7 3 6 0]
 [9 8 5 1 0 3 2 0 4]
 [3 7 1 6 2 4 9 5 8]]
Number of cells unfilled: 13
Accuracy: 83.9506172839506
Sample: 64637
Question:
[[0 6 0 2 0 0 7 0 1]
 [0 0 0 0 0 0 0 0 4]
 [0 0 4 0 0 7 0 6 0]
 [5 0 0 0 0 0 0 0 0]
 [0 0 0 1 0 3 0 9 0]
 [0 3 0 0 7 0 1 0 2]
 [0 0 8 0 6 0 0 0 0]
 [6 0 0 0 2 0 0 1 0]
 [0 2 0 0 0 1 0 0 7]]
Solution:
[[8 2 6 4 5 1 0 7 9]
 [1 0 0 9 0 2 6 8 3]
 [5 9 3 7 6 8 4 2 1]
 [2 6 7 8 1 5 0 4 0]
 [0 3 4 0 7 6 8 1 2]
 [0 5 9 2 4 0 7 3 6]
 [0 4 2 5 8 9 3 6 7]
 [9 8 5 1 0 3 2 0 4]
 [3 7 1 6 2 4 9 5 8]]
Number of cells unfilled: 13
Accuracy: 83.9506172839506
Sample: 64638
Question:
[[4 6 0 8 0 0 2 0 0]
 [0 0 8 0 9 0 0 0 4]
 [0 9 0 0 0 0 0 0 0]
 [6 2 0 3 0 0 0 4 0]
 [0 0 5 0 0 0 6 0 3]
 [0 0 0 0 0 1 0 0 2]
 [0 4 0 2 0 0 0 0 6]
 [0 0 0 0 7 0 0 8 0]
 [0 0 6 0 0 8 0 0 0]]
Solution:
[[8 2 6 4 5 1 0 7 9]
 [1 0 0 9 0 2 6 8 3]
 [5 9 3 7 6 8 4 2 1]
 [2 6 7 8 1 5 0 4 0]
 [0 3 4 0 7 6 8 1 2]
 [0 5 9 2 4 0 7 3 6]
 [0 4 2 5 8 9 3 6 7]
 [9 8 5 1 0 3 2 0 4]
 [3 7 1 6 2 4 9 5 8]]
Number of cells unfilled: 13
Accuracy: 83.9506172839506
Sample: 64639
Question:
[[7 0 0 0 5 8 0 0 6]
 [5 0 0 0 0 0 1 7 0]
 [0 2 0 7 0 0 0 8 9]
 [0 0 0 0 0 0 0 0 0]
 [0 0 0 0 9 0 0 5 0]
 [0 0 0 1 0 4 6 0 0]
 [0 0 0 4 0 1 0 0 0]
 [0 3 6 8 0 0 0 0 0]
 [0 1 0 0 0 3 2 9 0]]
Solution:
[[8 2 6 4 5 1 0 7 9]
 [1 0 0 9 0 2 6 8 3]
 [5 9 3 7 6 8 4 2 1]
 [2 6 7 8 1 5 0 4 0]
 [0 3 4 0 7 6 8 9 5]
 [0 5 9 2 4 0 7 3 6]
 [0 4 2 5 8 9 3 6 7]
 [9 8 5 1 0 3 2 0 4]
 [3 7 1 6 2 4 9 5 8]]
Number of cells unfilled: 13
Accuracy: 83.9506172839506
Sample: 64640
Question:
[[3 0 1 0 0 0 2 0 0]
 [0 5 0 2 0 3 1 8 0]
 [0 0 0 0 0 1 0 5 0]
 [1 0 2 5 0 0 9 0 8]
 [0 0 0 0 0 0 0 7 0]
 [0 0 0 0 0 9 5 0 0]
 [2 0 3 0 0 5 4 0 0]
 [0 0 0 3 0 0 0 0 0]
 [0 6 9 0 4 0 0 0 0]]
Solution:
[[8 2 6 4 5 1 0 7 9]
 [1 0 0 9 0 2 6 8 3]
 [5 9 3 7 6 8 4 2 1]
 [2 6 7 8 1 5 0 4 0]
 [0 3 4 0 7 6 8 9 2]
 [0 5 9 2 4 0 7 3 6]
 [0 4 2 5 8 9 3 6 7]
 [9 8 5 1 0 3 2 0 4]
 [3 7 1 6 2 4 9 5 8]]
Number of cells unfilled: 13
Accuracy: 83.9506172839506
Sample: 64641
Question:
[[0 0 3 0 1 0 6 0 0]
 [0 5 0 0 0 3 0 9 0]
 [0 0 0 7 0 0 0 0 4]
 [0 0 5 0 0 8 0 6 0]
 [6 0 0 0 7 0 0 0 0]
 [0 9 0 6 0 1 2 0 0]
 [0 0 2 0 0 0 4 0 0]
 [5 0 0 3 0 2 0 8 0]
 [0 8 9 1 0 0 0 0 0]]
Solution:
[[8 2 6 4 5 1 0 7 9]
 [1 0 0 9 0 2 6 8 3]
 [5 9 3 7 6 8 4 2 1]
 [2 6 7 8 1 5 0 4 0]
 [0 3 4 0 7 6 8 1 5]
 [0 5 8 2 4 9 7 3 6]
 [0 4 2 5 8 7 3 6 0]
 [9 8 5 1 0 3 2 0 4]
 [3 7 1 6 2 4 9 5 8]]
Number of cells unfilled: 13
Accuracy: 83.9506172839506
Sample: 64642
Question:
[[0 0 0 0 0 3 9 0 0]
 [0 0 3 0 0 0 0 2 0]
 [0 6 0 1 0 0 0 0 4]
 [0 0 0 0 0 2 5 0 0]
 [0 0 5 0 9 0 0 0 0]
 [0 8 0 7 0 0 0 0 1]
 [0 0 1 6 0 0 4 0 0]
 [0 4 0 0 0 7 0 0 0]
 [8 0 6 0 4 0 0 0 7]]
Solution:
[[8 2 6 4 5 1 0 7 9]
 [1 0 0 9 0 2 6 8 3]
 [5 9 3 7 6 8 4 2 1]
 [2 6 7 8 1 5 0 4 0]
 [0 3 4 0 7 6 8 9 5]
 [0 5 9 2 4 0 7 3 6]
 [0 4 2 5 8 7 3 6 0]
 [9 8 5 1 0 3 2 0 4]
 [3 7 1 6 2 4 9 5 8]]
Number of cells unfilled: 14
Accuracy: 82.71604938271605
Sample: 64643
Question:
[[3 0 0 0 0 9 0 5 0]
 [0 0 4 8 0 0 9 0 0]
 [0 2 0 0 0 0 8 0 0]
 [0 0 0 6 0 0 0 0 2]
 [0 6 0 0 0 0 4 0 0]
 [5 0 0 0 0 1 0 7 0]
 [1 0 0 5 0 0 0 0 0]
 [0 0 7 1 9 0 0 3 0]
 [0 3 0 0 0 7 0 0 0]]
Solution:
[[8 2 6 4 5 1 0 7 9]
 [1 0 0 9 0 2 6 8 3]
 [5 9 3 7 6 8 4 2 1]
 [2 6 7 8 1 5 0 4 0]
 [0 3 4 0 7 6 8 9 2]
 [0 5 8 2 4 9 7 3 6]
 [0 4 2 5 8 7 3 6 0]
 [9 8 5 1 0 3 2 0 4]
 [3 7 1 6 2 4 9 5 8]]
Number of cells unfilled: 13
Accuracy: 83.9506172839506
Sample: 64644
Question:
[[0 0 3 0 0 8 5 0 0]
 [0 7 0 0 4 0 0 0 0]
 [9 0 0 0 0 0 0 0 0]
 [0 0 6 8 0 0 0 1 5]
 [0 0 0 0 0 1 0 0 3]
 [0 0 0 0 6 0 8 0 0]
 [0 3 0 0 2 0 0 0 7]
 [2 0 1 0 0 6 0 5 0]
 [0 0 7 0 0 3 1 2 0]]
Solution:
[[8 2 6 4 5 1 0 7 9]
 [1 0 0 9 0 2 6 8 3]
 [5 9 3 7 6 8 4 2 1]
 [2 6 7 8 1 5 0 4 0]
 [0 3 4 0 7 6 8 9 5]
 [0 5 8 2 4 9 7 3 6]
 [0 4 2 5 8 7 3 6 0]
 [9 8 5 1 0 3 2 0 4]
 [3 7 1 6 2 4 9 5 8]]
Number of cells unfilled: 13
Accuracy: 83.9506172839506
Sample: 64645
Question:
[[0 0 9 0 0 5 8 0 0]
 [0 5 0 0 3 0 0 0 0]
 [1 0 0 6 0 0 0 0 5]
 [0 0 1 4 0 0 0 0 7]
 [0 6 0 0 7 0 0 4 0]
 [4 0 0 0 0 3 2 0 0]
 [0 0 4 0 2 0 0 0 0]
 [7 0 0 0 0 6 0 8 0]
 [0 1 0 7 0 0 0 0 9]]
Solution:
[[8 2 6 4 5 1 0 7 9]
 [1 0 0 9 0 2 6 8 3]
 [5 9 3 7 6 8 4 2 1]
 [2 6 7 8 1 5 0 4 0]
 [0 3 4 0 7 6 8 1 5]
 [0 5 9 2 4 0 7 3 6]
 [0 4 2 5 8 7 3 6 0]
 [9 8 5 1 0 3 2 0 4]
 [3 7 1 6 2 4 9 5 8]]
Number of cells unfilled: 14
Accuracy: 82.71604938271605
Sample: 64646
Question:
[[4 8 0 0 9 0 0 1 0]
 [0 3 0 0 0 0 0 0 0]
 [7 0 0 0 0 2 0 0 4]
 [0 1 0 0 7 9 0 0 0]
 [5 0 0 2 0 0 0 0 9]
 [0 0 0 0 5 4 6 0 0]
 [0 7 0 0 0 5 3 0 0]
 [9 0 0 0 2 0 0 0 7]
 [0 0 8 0 0 0 0 6 0]]
Solution:
[[8 2 6 4 5 1 0 7 9]
 [1 0 0 9 0 2 6 8 3]
 [5 9 3 7 6 8 4 2 1]
 [2 6 7 8 1 5 0 4 0]
 [0 3 4 0 7 6 8 9 5]
 [0 5 9 2 4 0 7 3 6]
 [0 4 2 5 8 7 3 6 0]
 [9 8 5 1 0 3 2 0 4]
 [3 7 1 6 2 4 9 5 8]]
Number of cells unfilled: 14
Accuracy: 82.71604938271605
Sample: 64647
Question:
[[0 0 0 0 0 8 0 0 0]
 [0 0 7 0 3 0 6 0 0]
 [8 9 0 0 0 0 0 0 1]
 [2 0 0 0 0 0 0 5 0]
 [0 4 0 5 0 0 0 0 2]
 [0 0 9 0 6 0 4 1 0]
 [0 0 0 0 7 0 0 0 4]
 [0 7 0 0 0 6 3 0 0]
 [0 0 4 3 0 9 0 7 0]]
Solution:
[[8 2 6 4 5 1 0 7 9]
 [1 0 0 9 0 2 6 8 3]
 [5 9 3 7 6 8 4 2 1]
 [2 6 7 8 1 5 0 4 0]
 [0 3 4 0 7 6 8 1 5]
 [0 5 8 2 4 9 7 3 6]
 [0 4 2 5 8 7 3 6 0]
 [9 8 5 1 0 3 2 0 4]
 [3 7 1 6 2 4 9 5 8]]
Number of cells unfilled: 13
Accuracy: 83.9506172839506
Sample: 64648
Question:
[[4 6 0 0 8 2 0 0 0]
 [9 7 0 0 1 0 0 0 0]
 [0 0 0 7 0 0 0 0 6]
 [7 0 0 0 0 6 9 0 0]
 [0 0 8 0 0 0 0 0 3]
 [0 9 0 4 5 0 0 0 0]
 [8 0 0 0 0 3 0 0 9]
 [0 0 0 0 0 0 0 3 0]
 [0 0 5 0 0 8 4 0 1]]
Solution:
[[8 2 6 4 5 1 0 7 9]
 [1 0 0 9 0 2 6 8 3]
 [5 9 3 7 6 8 4 2 1]
 [2 6 7 8 1 5 0 4 0]
 [0 3 4 0 7 6 8 9 2]
 [0 5 8 2 4 9 7 3 6]
 [0 4 2 5 8 7 3 6 0]
 [9 8 5 1 0 3 2 0 4]
 [3 7 1 6 2 4 9 5 8]]
Number of cells unfilled: 13
Accuracy: 83.9506172839506
Sample: 64649
Question:
[[0 3 0 1 0 0 5 0 9]
 [0 0 1 0 9 0 0 2 0]
 [0 0 0 0 0 4 1 0 7]
 [0 0 0 8 0 5 0 0 0]
 [0 6 0 4 0 0 0 0 0]
 [0 0 2 0 1 0 0 0 5]
 [0 0 9 0 5 8 7 0 0]
 [8 0 0 6 0 0 0 0 2]
 [3 0 0 0 0 0 0 0 0]]
Solution:
[[8 2 6 4 5 1 0 7 9]
 [1 0 0 9 0 2 6 8 3]
 [5 9 3 7 6 8 4 2 1]
 [2 6 7 8 1 5 0 4 0]
 [0 3 4 0 7 6 8 1 5]
 [0 5 8 2 4 9 7 3 6]
 [0 4 2 5 8 7 3 6 0]
 [9 8 5 1 0 3 2 0 4]
 [3 7 1 6 2 4 9 5 8]]
Number of cells unfilled: 13
Accuracy: 83.9506172839506
Sample: 64650
Question:
[[0 4 0 0 0 7 3 2 0]
 [0 1 0 0 0 0 0 0 0]
 [6 0 0 4 3 0 0 0 8]
 [0 0 1 0 0 0 0 6 3]
 [9 0 0 0 6 0 2 0 0]
 [0 0 0 5 0 0 0 8 9]
 [0 0 0 3 0 4 0 0 0]
 [2 0 0 0 9 0 0 3 0]
 [0 0 7 0 0 5 0 0 0]]
Solution:
[[8 2 6 4 5 1 0 7 9]
 [1 0 0 9 0 2 6 8 3]
 [5 9 3 7 6 8 4 2 1]
 [2 6 7 8 1 5 0 4 0]
 [0 3 4 0 7 6 8 1 5]
 [0 5 9 2 4 0 7 3 6]
 [0 4 2 5 8 7 3 6 0]
 [9 8 5 1 0 3 2 0 4]
 [3 7 1 6 2 4 9 5 8]]
Number of cells unfilled: 14
Accuracy: 82.71604938271605
Sample: 64651
Question:
[[0 0 7 0 5 0 6 0 0]
 [6 1 0 0 0 0 0 9 0]
 [8 0 0 0 0 0 0 0 3]
 [0 0 9 6 0 0 0 7 0]
 [5 7 0 0 4 0 0 0 6]
 [0 0 0 0 0 0 2 0 0]
 [0 2 0 0 8 4 0 0 0]
 [0 0 0 0 0 3 1 0 0]
 [3 0 0 5 0 0 0 0 8]]
Solution:
[[8 2 6 4 5 1 0 7 9]
 [1 0 0 9 0 2 6 8 3]
 [5 9 3 7 6 8 4 2 1]
 [2 6 7 8 1 5 0 4 0]
 [0 3 4 0 7 6 8 1 5]
 [0 5 9 2 4 0 7 3 6]
 [0 4 2 5 8 9 3 6 7]
 [9 8 5 1 0 3 2 0 4]
 [3 7 1 6 2 4 9 5 8]]
Number of cells unfilled: 13
Accuracy: 83.9506172839506
Sample: 64652
Question:
[[0 0 0 9 0 0 0 0 0]
 [9 0 0 0 5 3 2 0 0]
 [0 3 0 0 2 6 0 0 0]
 [0 2 0 3 0 0 5 0 4]
 [8 0 0 0 0 0 0 0 7]
 [0 0 4 0 7 0 0 8 0]
 [0 0 0 0 0 0 0 0 1]
 [1 0 0 0 0 2 0 4 0]
 [0 5 0 6 0 0 9 0 0]]
Solution:
[[8 2 6 4 5 1 0 7 9]
 [1 0 0 9 0 2 6 8 3]
 [5 9 3 7 6 8 4 2 1]
 [2 6 7 8 1 5 0 4 0]
 [0 3 4 0 7 6 8 1 2]
 [0 5 8 2 4 9 7 3 6]
 [0 4 2 5 8 7 3 6 0]
 [9 8 5 1 0 3 2 0 4]
 [3 7 1 6 2 4 9 5 8]]
Number of cells unfilled: 13
Accuracy: 83.9506172839506
Sample: 64653
Question:
[[0 6 0 0 0 0 7 0 0]
 [0 0 0 0 0 0 5 0 0]
 [0 0 9 0 1 0 0 8 0]
 [9 0 0 0 4 0 0 0 0]
 [4 3 6 0 8 7 0 0 0]
 [0 0 5 0 0 0 3 0 0]
 [1 7 0 0 3 8 0 0 5]
 [0 0 0 1 0 0 0 0 0]
 [3 0 0 9 2 0 6 1 0]]
Solution:
[[8 2 6 4 5 1 0 7 9]
 [1 0 0 9 0 2 6 8 3]
 [5 9 3 7 6 8 4 2 1]
 [2 6 7 8 1 5 0 4 0]
 [0 3 4 0 7 6 8 9 5]
 [0 5 9 2 4 0 7 3 6]
 [0 4 2 5 8 7 3 6 0]
 [9 8 5 1 0 3 2 0 4]
 [3 7 1 6 2 4 9 5 8]]
Number of cells unfilled: 14
Accuracy: 82.71604938271605
Sample: 64654
Question:
[[0 7 5 0 0 0 9 0 1]
 [0 0 0 0 3 1 4 0 0]
 [1 0 0 0 7 0 0 3 5]
 [7 0 0 0 4 0 0 2 0]
 [0 5 0 0 0 3 6 0 0]
 [0 0 8 9 0 0 0 0 4]
 [0 0 6 0 0 0 0 0 0]
 [0 3 0 0 0 2 0 4 9]
 [0 0 0 0 0 0 0 0 2]]
Solution:
[[8 2 6 4 5 1 0 7 9]
 [1 0 0 9 0 2 6 8 3]
 [5 9 3 7 6 8 4 2 1]
 [2 6 7 8 1 5 0 4 0]
 [0 3 4 0 7 6 8 9 5]
 [0 5 8 2 4 9 7 3 6]
 [0 4 2 5 8 7 3 6 0]
 [9 8 5 1 0 3 2 0 4]
 [3 7 1 6 2 4 9 5 8]]
Number of cells unfilled: 13
Accuracy: 83.9506172839506
Sample: 64655
Question:
[[0 2 0 0 6 9 0 0 0]
 [5 0 0 4 8 0 0 0 6]
 [0 4 6 0 3 0 0 0 0]
 [0 5 0 2 0 0 0 0 1]
 [0 0 4 0 0 0 0 7 0]
 [1 0 0 0 0 0 9 0 8]
 [0 0 5 8 0 0 0 0 4]
 [0 8 0 0 0 3 7 0 0]
 [0 0 0 0 0 0 0 0 0]]
Solution:
[[8 2 6 4 5 1 0 7 9]
 [1 0 0 9 0 2 6 8 3]
 [5 9 3 7 6 8 4 2 1]
 [2 6 7 8 1 5 0 4 0]
 [0 3 4 0 7 6 8 1 5]
 [0 5 8 2 4 9 7 3 6]
 [0 4 2 5 8 7 3 6 0]
 [9 8 5 1 0 3 2 0 4]
 [3 7 1 6 2 4 9 5 8]]
Number of cells unfilled: 13
Accuracy: 83.9506172839506
Sample: 64656
Question:
[[0 0 0 0 0 0 8 0 0]
 [4 0 0 0 8 6 3 0 9]
 [0 0 8 9 0 0 0 6 0]
 [0 0 0 0 2 0 0 9 0]
 [0 1 0 5 0 0 0 0 0]
 [9 0 0 0 0 4 5 0 3]
 [7 0 0 0 0 0 0 3 0]
 [0 6 0 0 3 0 7 0 4]
 [0 4 0 0 0 7 0 0 5]]
Solution:
[[8 2 6 4 5 1 0 7 9]
 [1 0 0 9 0 2 6 8 3]
 [5 9 3 7 6 8 4 2 1]
 [2 6 7 8 1 5 0 4 0]
 [0 3 4 0 7 6 8 1 2]
 [0 5 8 2 4 9 7 3 6]
 [0 4 2 5 8 7 3 6 0]
 [9 8 5 1 0 3 2 0 4]
 [3 7 1 6 2 4 9 5 8]]
Number of cells unfilled: 13
Accuracy: 83.9506172839506
Sample: 64657
Question:
[[4 8 0 0 5 0 0 0 0]
 [5 0 0 7 8 0 0 0 0]
 [0 7 2 3 0 4 0 0 0]
 [0 0 0 4 0 0 0 7 9]
 [0 0 0 1 0 7 8 4 0]
 [0 0 0 0 3 0 0 0 1]
 [0 0 0 9 0 0 2 0 6]
 [1 0 0 2 0 0 3 0 0]
 [0 2 0 8 4 0 0 0 0]]
Solution:
[[8 2 6 4 5 1 0 7 9]
 [1 0 0 9 0 2 6 8 3]
 [5 9 3 7 6 8 4 2 1]
 [2 6 7 8 1 5 0 4 0]
 [0 3 4 0 7 6 8 1 5]
 [0 5 9 2 4 0 7 3 6]
 [0 4 2 5 8 7 3 6 0]
 [9 8 5 1 0 3 2 0 4]
 [3 7 1 6 2 4 9 5 8]]
Number of cells unfilled: 14
Accuracy: 82.71604938271605
Sample: 64658
Question:
[[0 1 0 0 0 0 0 0 0]
 [9 0 0 0 0 0 0 0 7]
 [2 0 0 0 4 9 1 0 3]
 [4 0 9 2 7 0 6 0 0]
 [0 0 0 0 1 0 0 0 0]
 [0 0 1 8 0 0 0 7 0]
 [0 0 8 3 5 0 0 4 0]
 [0 2 0 0 8 0 7 0 0]
 [0 0 3 0 0 0 0 6 0]]
Solution:
[[8 2 6 4 5 1 0 7 9]
 [1 0 0 9 0 2 6 8 3]
 [5 9 3 7 6 8 4 2 1]
 [2 6 7 8 1 5 0 4 0]
 [0 3 4 0 7 6 8 1 2]
 [0 5 8 2 4 9 7 3 6]
 [0 4 2 5 8 7 3 6 0]
 [9 8 5 1 0 3 2 0 4]
 [3 7 1 6 2 4 9 5 8]]
Number of cells unfilled: 13
Accuracy: 83.9506172839506
Sample: 64659
Question:
[[4 0 5 0 2 0 1 0 0]
 [0 8 0 0 0 0 0 0 2]
 [7 0 0 0 0 0 4 3 0]
 [0 0 0 7 0 0 0 1 5]
 [0 0 7 0 5 4 6 0 0]
 [3 0 0 0 0 2 0 0 0]
 [2 0 0 1 6 0 0 8 0]
 [0 9 1 0 0 0 0 0 4]
 [0 0 0 2 0 0 0 0 0]]
Solution:
[[8 2 6 4 5 1 0 7 9]
 [1 0 0 9 0 2 6 8 3]
 [5 9 3 7 6 8 4 2 1]
 [2 6 7 8 1 5 0 4 0]
 [0 3 4 0 7 6 8 1 2]
 [0 5 8 2 4 9 7 3 6]
 [0 4 2 5 8 7 3 6 0]
 [9 8 5 1 0 3 2 0 4]
 [3 7 1 6 2 4 9 5 8]]
Number of cells unfilled: 13
Accuracy: 83.9506172839506
Sample: 64660
Question:
[[1 0 0 0 5 0 0 0 2]
 [0 7 0 0 0 0 4 0 0]
 [0 0 3 9 0 0 0 0 0]
 [0 0 5 0 1 0 0 0 9]
 [9 0 0 3 0 0 0 0 0]
 [0 4 0 0 0 0 2 0 0]
 [0 0 0 7 0 0 6 0 0]
 [0 6 0 0 0 8 0 2 4]
 [0 0 0 0 0 4 0 0 8]]
Solution:
[[8 2 6 4 5 1 0 7 9]
 [1 0 0 9 0 2 6 8 3]
 [5 9 3 7 6 8 4 2 1]
 [2 6 7 8 1 5 0 4 0]
 [0 3 4 0 7 6 8 1 5]
 [0 5 8 2 4 9 7 3 6]
 [0 4 2 5 8 7 3 6 0]
 [9 8 5 1 0 3 2 0 4]
 [3 7 1 6 2 4 9 5 8]]
Number of cells unfilled: 13
Accuracy: 83.9506172839506
Sample: 64661
Question:
[[0 0 0 0 0 7 2 0 0]
 [0 7 0 0 0 0 0 0 0]
 [0 0 1 0 9 0 0 0 5]
 [0 0 4 9 0 0 0 0 0]
 [1 0 0 0 0 0 0 0 4]
 [8 5 0 0 4 0 1 0 0]
 [0 0 8 0 5 0 0 6 7]
 [0 0 5 0 8 0 3 0 1]
 [0 0 0 3 0 6 0 5 0]]
Solution:
[[8 2 6 4 5 1 0 7 9]
 [1 0 0 9 0 2 6 8 3]
 [5 9 3 7 6 8 4 2 1]
 [2 6 7 8 1 5 0 4 0]
 [0 3 4 0 7 6 8 9 2]
 [0 5 9 2 4 0 7 3 6]
 [0 4 2 5 8 7 3 6 0]
 [9 8 5 1 0 3 2 0 4]
 [3 7 1 6 2 4 9 5 8]]
Number of cells unfilled: 14
Accuracy: 82.71604938271605
Sample: 64662
Question:
[[5 0 0 2 0 0 0 3 0]
 [0 9 0 0 7 0 0 0 0]
 [0 0 2 0 0 9 0 0 6]
 [2 0 0 3 0 0 0 1 0]
 [0 6 8 0 0 0 5 0 0]
 [0 0 0 0 2 8 7 0 0]
 [4 0 0 0 0 0 0 0 1]
 [0 3 5 0 0 2 0 4 0]
 [0 0 0 4 0 0 3 0 0]]
Solution:
[[8 2 6 4 5 1 0 7 9]
 [1 0 0 9 0 2 6 8 3]
 [5 9 3 7 6 8 4 2 1]
 [2 6 7 8 1 5 0 4 0]
 [0 3 4 0 7 6 8 9 2]
 [0 5 8 2 4 9 7 3 6]
 [0 4 2 5 8 7 3 6 0]
 [9 8 5 1 0 3 2 0 4]
 [3 7 1 6 2 4 9 5 8]]
Number of cells unfilled: 13
Accuracy: 83.9506172839506
Sample: 64663
Question:
[[0 0 0 0 8 0 0 3 0]
 [3 5 0 0 0 4 9 0 0]
 [0 0 0 3 0 0 0 0 2]
 [0 0 0 2 6 0 0 8 0]
 [0 0 6 4 0 0 0 0 0]
 [0 1 0 0 0 5 4 0 0]
 [7 0 5 0 0 0 1 0 0]
 [0 9 0 0 0 0 0 0 0]
 [1 0 4 0 0 7 0 0 9]]
Solution:
[[8 2 6 4 5 1 0 7 9]
 [1 0 0 9 0 2 6 8 3]
 [5 9 3 7 6 8 4 2 1]
 [2 6 7 8 1 5 0 4 0]
 [0 3 4 0 7 6 8 9 5]
 [0 5 8 2 4 9 7 3 6]
 [0 4 2 5 8 7 3 6 0]
 [9 8 5 1 0 3 2 0 4]
 [3 7 1 6 2 4 9 5 8]]
Number of cells unfilled: 13
Accuracy: 83.9506172839506
Sample: 64664
Question:
[[0 8 0 9 4 0 0 0 0]
 [7 0 0 0 2 0 0 0 4]
 [0 2 4 0 0 3 0 0 0]
 [1 0 0 0 0 0 9 0 0]
 [0 0 8 0 7 0 0 0 2]
 [0 7 0 4 0 0 0 6 0]
 [0 1 0 0 8 0 0 0 5]
 [0 0 7 2 0 0 6 0 0]
 [0 0 5 0 0 0 0 3 0]]
Solution:
[[8 2 6 4 5 1 0 7 9]
 [1 0 0 9 0 2 6 8 3]
 [5 9 3 7 6 8 4 2 1]
 [2 6 7 8 1 5 0 4 0]
 [0 3 4 0 7 6 8 1 2]
 [0 5 9 2 4 0 7 3 6]
 [0 4 2 5 8 9 3 6 7]
 [9 8 5 1 0 3 2 0 4]
 [3 7 1 6 2 4 9 5 8]]
Number of cells unfilled: 13
Accuracy: 83.9506172839506
Sample: 64665
Question:
[[0 0 0 1 8 2 0 0 0]
 [8 0 0 0 0 0 0 0 0]
 [0 2 0 5 0 6 0 0 7]
 [0 0 0 3 4 1 0 0 0]
 [0 0 5 8 0 0 0 0 0]
 [9 4 0 0 0 0 0 8 1]
 [0 0 7 0 0 0 0 5 0]
 [0 9 2 0 0 0 0 1 0]
 [0 5 0 2 0 0 7 0 9]]
Solution:
[[8 2 6 4 5 1 0 7 9]
 [1 0 0 9 0 2 6 8 3]
 [5 9 3 7 6 8 4 2 1]
 [2 6 7 8 1 5 0 4 0]
 [0 3 4 0 7 6 8 9 2]
 [0 5 8 2 4 9 7 3 6]
 [0 4 2 5 8 7 3 6 0]
 [9 8 5 1 0 3 2 0 4]
 [3 7 1 6 2 4 9 5 8]]
Number of cells unfilled: 13
Accuracy: 83.9506172839506
Sample: 64666
Question:
[[0 1 2 5 0 0 0 0 0]
 [7 0 0 0 0 0 0 0 1]
 [0 5 0 2 0 0 0 0 4]
 [0 9 0 0 0 0 0 0 8]
 [0 0 0 0 0 1 9 3 5]
 [6 0 3 0 0 0 0 0 0]
 [0 0 8 4 0 0 0 0 0]
 [9 0 7 0 0 0 0 0 0]
 [0 0 5 3 6 0 8 2 9]]
Solution:
[[8 2 6 4 5 1 0 7 9]
 [1 0 0 9 0 2 6 8 3]
 [5 9 3 7 6 8 4 2 1]
 [2 6 7 8 1 5 0 4 0]
 [0 3 4 0 7 6 8 1 2]
 [0 5 9 2 4 0 7 3 6]
 [0 4 2 5 8 7 3 6 0]
 [9 8 5 1 0 3 2 0 4]
 [3 7 1 6 2 4 9 5 8]]
Number of cells unfilled: 14
Accuracy: 82.71604938271605
Sample: 64667
Question:
[[0 7 0 0 0 0 0 4 0]
 [8 0 0 0 0 0 0 0 0]
 [0 0 0 0 1 2 0 3 0]
 [0 0 0 0 0 0 5 0 8]
 [0 4 0 0 0 6 0 0 0]
 [0 0 0 0 0 0 0 0 7]
 [0 0 0 8 5 0 0 0 0]
 [0 0 2 1 0 0 0 0 0]
 [0 6 0 0 0 0 0 9 0]]
Solution:
[[8 2 6 4 5 1 0 7 9]
 [1 0 0 9 0 2 6 8 3]
 [5 9 3 7 6 8 4 2 1]
 [2 6 7 8 1 5 0 4 0]
 [0 3 4 0 7 6 8 1 5]
 [0 5 8 2 4 9 7 3 6]
 [0 4 2 5 8 7 3 6 0]
 [9 8 5 1 0 3 2 0 4]
 [3 7 1 6 2 4 9 5 8]]
Number of cells unfilled: 13
Accuracy: 83.9506172839506
Sample: 64668
Question:
[[8 0 0 0 4 0 0 0 6]
 [0 0 3 0 0 0 1 0 0]
 [0 2 0 0 8 0 0 7 0]
 [0 0 0 0 0 0 0 2 0]
 [6 0 0 8 0 0 0 0 5]
 [0 7 0 0 0 5 3 0 0]
 [0 0 0 9 0 0 0 0 0]
 [9 0 0 0 0 8 0 0 4]
 [0 0 1 4 6 0 0 0 0]]
Solution:
[[8 2 6 4 5 1 0 7 9]
 [1 0 0 9 0 2 6 8 3]
 [5 9 3 7 6 8 4 2 1]
 [2 6 7 8 1 5 0 4 0]
 [0 3 4 0 7 6 8 1 2]
 [0 5 8 2 4 9 7 3 6]
 [0 4 2 5 8 7 3 6 0]
 [9 8 5 1 0 3 2 0 4]
 [3 7 1 6 2 4 9 5 8]]
Number of cells unfilled: 13
Accuracy: 83.9506172839506
Sample: 64669
Question:
[[0 8 6 0 5 0 2 3 0]
 [0 3 0 4 0 0 0 0 5]
 [0 5 7 9 0 3 6 0 0]
 [0 0 0 0 4 0 0 8 7]
 [2 0 0 0 0 0 3 0 0]
 [0 7 5 1 0 9 0 6 0]
 [0 1 0 2 0 0 9 0 0]
 [6 2 0 0 0 8 1 0 4]
 [0 0 9 3 0 7 0 0 0]]
Solution:
[[8 2 6 4 5 1 0 7 9]
 [1 0 0 9 0 2 6 8 3]
 [5 9 3 7 6 8 4 2 1]
 [2 6 7 8 1 5 0 4 0]
 [0 3 4 0 7 6 8 9 2]
 [0 5 8 2 4 9 7 3 6]
 [0 4 2 5 8 7 3 6 0]
 [9 8 5 1 0 3 2 0 4]
 [3 7 1 6 2 4 9 5 8]]
Number of cells unfilled: 13
Accuracy: 83.9506172839506
Sample: 64670
Question:
[[0 7 0 3 0 0 0 0 0]
 [6 0 0 0 2 4 0 5 3]
 [0 2 0 0 5 0 6 0 8]
 [0 1 0 0 0 0 3 9 2]
 [0 9 0 0 0 0 8 0 0]
 [0 0 0 8 6 0 0 0 0]
 [5 0 7 0 0 3 0 0 0]
 [9 0 1 0 0 0 0 0 0]
 [0 0 0 0 0 0 0 0 4]]
Solution:
[[8 2 6 4 5 1 0 7 9]
 [1 0 0 9 0 2 6 8 3]
 [5 9 3 7 6 8 4 2 1]
 [2 6 7 8 1 5 0 4 0]
 [0 3 4 0 7 6 8 9 5]
 [0 5 9 2 4 0 7 3 6]
 [0 4 2 5 8 9 3 6 7]
 [9 8 5 1 0 3 2 0 4]
 [3 7 1 6 2 4 9 5 8]]
Number of cells unfilled: 13
Accuracy: 83.9506172839506
Sample: 64671
Question:
[[2 0 0 6 0 0 0 0 0]
 [0 3 0 0 9 0 0 0 7]
 [0 0 0 0 0 1 0 4 0]
 [6 0 0 2 0 0 0 0 0]
 [0 5 0 0 7 0 0 0 1]
 [0 0 3 0 0 5 9 0 0]
 [3 0 0 0 8 0 0 1 0]
 [0 0 1 9 0 4 0 0 3]
 [0 7 0 0 0 0 8 0 0]]
Solution:
[[8 2 6 4 5 1 0 7 9]
 [1 0 0 9 0 2 6 8 3]
 [5 9 3 7 6 8 4 2 1]
 [2 6 7 8 1 5 0 4 0]
 [0 3 4 0 7 6 8 1 2]
 [0 5 8 2 4 9 7 3 6]
 [0 4 2 5 8 7 3 6 0]
 [9 8 5 1 0 3 2 0 4]
 [3 7 1 6 2 4 9 5 8]]
Number of cells unfilled: 13
Accuracy: 83.9506172839506
Sample: 64672
Question:
[[0 0 8 2 0 0 0 5 0]
 [3 9 0 0 7 5 0 0 0]
 [2 5 0 0 0 4 0 0 0]
 [0 0 0 0 4 0 1 0 0]
 [5 0 0 3 0 0 0 9 0]
 [0 0 0 0 0 6 0 0 7]
 [0 0 0 0 0 0 0 0 1]
 [0 3 0 9 0 2 0 8 0]
 [8 0 0 0 6 0 9 0 0]]
Solution:
[[8 2 6 4 5 1 0 7 9]
 [1 0 0 9 0 2 6 8 3]
 [5 9 3 7 6 8 4 2 1]
 [2 6 7 8 1 5 0 4 0]
 [0 3 4 0 7 6 8 1 2]
 [0 5 9 2 4 0 7 3 6]
 [0 4 2 5 8 9 3 6 7]
 [9 8 5 1 0 3 2 0 4]
 [3 7 1 6 2 4 9 5 8]]
Number of cells unfilled: 13
Accuracy: 83.9506172839506
Sample: 64673
Question:
[[0 0 0 0 5 0 0 0 9]
 [5 0 0 1 0 0 2 0 0]
 [0 0 1 2 6 0 0 8 3]
 [0 5 0 3 4 0 0 0 0]
 [0 0 0 0 2 0 0 6 7]
 [0 0 3 0 0 1 8 0 5]
 [7 8 0 0 3 0 1 0 0]
 [0 1 9 0 0 0 7 0 0]
 [3 0 0 0 0 0 0 0 0]]
Solution:
[[8 2 6 4 5 1 0 7 9]
 [1 0 0 9 0 2 6 8 3]
 [5 9 3 7 6 8 4 2 1]
 [2 6 7 8 1 5 0 4 0]
 [0 3 4 0 7 6 8 1 5]
 [0 5 8 2 4 9 7 3 6]
 [0 4 2 5 8 7 3 6 0]
 [9 8 5 1 0 3 2 0 4]
 [3 7 1 6 2 4 9 5 8]]
Number of cells unfilled: 13
Accuracy: 83.9506172839506
Sample: 64674
Question:
[[4 3 0 0 0 6 9 0 0]
 [0 0 8 0 2 0 0 3 0]
 [0 0 0 3 0 0 7 0 0]
 [0 0 6 0 0 2 0 1 0]
 [1 0 0 0 0 0 5 0 0]
 [0 9 0 0 0 0 0 0 4]
 [0 0 0 0 6 1 0 0 7]
 [0 0 1 2 0 0 0 8 0]
 [0 5 0 0 8 0 0 0 0]]
Solution:
[[8 2 6 4 5 1 0 7 9]
 [1 0 0 9 0 2 6 8 3]
 [5 9 3 7 6 8 4 2 1]
 [2 6 7 8 1 5 0 4 0]
 [0 3 4 0 7 6 8 1 5]
 [0 5 9 2 4 0 7 3 6]
 [0 4 2 5 8 9 3 6 7]
 [9 8 5 1 0 3 2 0 4]
 [3 7 1 6 2 4 9 5 8]]
Number of cells unfilled: 13
Accuracy: 83.9506172839506
Sample: 64675
Question:
[[0 6 0 5 8 0 0 0 0]
 [0 9 7 0 0 4 0 0 0]
 [0 0 0 3 0 0 0 6 9]
 [0 0 0 6 0 3 0 0 4]
 [0 0 0 0 0 0 0 5 3]
 [0 0 0 1 5 0 0 7 0]
 [9 0 6 0 3 0 0 0 0]
 [0 3 0 8 0 0 5 0 0]
 [0 5 8 0 0 0 7 0 2]]
Solution:
[[8 2 6 4 5 1 0 7 9]
 [1 0 0 9 0 2 6 8 3]
 [5 9 3 7 6 8 4 2 1]
 [2 6 7 8 1 5 0 4 0]
 [0 3 4 0 7 6 8 1 5]
 [0 5 9 2 4 0 7 3 6]
 [0 4 2 5 8 9 3 6 7]
 [9 8 5 1 0 3 2 0 4]
 [3 7 1 6 2 4 9 5 8]]
Number of cells unfilled: 13
Accuracy: 83.9506172839506
Sample: 64676
Question:
[[3 0 0 0 0 0 1 6 0]
 [0 0 9 8 0 0 0 2 0]
 [0 1 0 0 0 3 0 4 0]
 [0 8 0 0 0 0 4 0 0]
 [6 4 0 0 0 7 3 0 0]
 [7 0 0 0 0 5 0 0 0]
 [0 0 0 1 0 0 0 0 5]
 [0 0 3 0 2 0 6 0 0]
 [0 7 6 0 0 0 0 1 0]]
Solution:
[[8 2 6 4 5 1 0 7 9]
 [1 0 0 9 0 2 6 8 3]
 [5 9 3 7 6 8 4 2 1]
 [2 6 7 8 1 5 0 4 0]
 [0 3 4 0 7 6 8 1 2]
 [0 5 9 2 4 0 7 3 6]
 [0 4 2 5 8 7 3 6 0]
 [9 8 5 1 0 3 2 0 4]
 [3 7 1 6 2 4 9 5 8]]
Number of cells unfilled: 14
Accuracy: 82.71604938271605
Sample: 64677
Question:
[[0 2 0 0 1 0 0 9 0]
 [0 0 0 7 0 0 3 0 0]
 [8 0 0 0 0 6 0 0 4]
 [0 0 2 0 0 8 0 0 5]
 [5 8 0 0 0 0 1 0 0]
 [6 0 0 0 7 0 0 0 0]
 [0 0 0 3 0 0 0 0 0]
 [0 5 0 0 0 4 0 0 2]
 [2 0 4 0 0 0 9 0 0]]
Solution:
[[8 2 6 4 5 1 0 7 9]
 [1 0 0 9 0 2 6 8 3]
 [5 9 3 7 6 8 4 2 1]
 [2 6 7 8 1 5 0 4 0]
 [0 3 4 0 7 6 8 1 5]
 [0 5 8 2 4 9 7 3 6]
 [0 4 2 5 8 7 3 6 0]
 [9 8 5 1 0 3 2 0 4]
 [3 7 1 6 2 4 9 5 8]]
Number of cells unfilled: 13
Accuracy: 83.9506172839506
Sample: 64678
Question:
[[0 9 1 8 0 0 0 4 0]
 [4 0 0 0 0 0 0 0 0]
 [0 6 8 0 0 4 1 0 0]
 [0 0 6 0 2 0 3 0 0]
 [0 2 0 0 5 0 0 0 0]
 [1 0 0 0 0 8 0 6 0]
 [0 1 0 3 0 0 0 0 7]
 [6 0 0 0 0 9 0 1 0]
 [0 0 7 0 0 0 5 0 0]]
Solution:
[[8 2 6 4 5 1 0 7 9]
 [1 0 0 9 0 2 6 8 3]
 [5 9 3 7 6 8 4 2 1]
 [2 6 7 8 1 5 0 4 0]
 [0 3 4 0 7 6 8 1 5]
 [0 5 8 2 4 9 7 3 6]
 [0 4 2 5 8 7 3 6 0]
 [9 8 5 1 0 3 2 0 4]
 [3 7 1 6 2 4 9 5 8]]
Number of cells unfilled: 13
Accuracy: 83.9506172839506
Sample: 64679
Question:
[[3 0 0 0 0 0 0 0 0]
 [0 8 0 0 0 6 0 0 0]
 [0 0 0 0 8 1 9 3 4]
 [0 2 0 6 3 0 0 0 0]
 [0 0 0 0 1 0 4 0 0]
 [0 0 4 5 0 0 0 8 0]
 [0 9 7 0 0 0 6 0 2]
 [1 0 0 0 0 5 0 0 3]
 [0 0 0 0 0 0 0 7 0]]
Solution:
[[8 2 6 4 5 1 0 7 9]
 [1 0 0 9 0 2 6 8 3]
 [5 9 3 7 6 8 4 2 1]
 [2 6 7 8 1 5 0 4 0]
 [0 3 4 0 7 6 8 1 5]
 [0 5 9 2 4 0 7 3 6]
 [0 4 2 5 8 7 3 6 0]
 [9 8 5 1 0 3 2 0 4]
 [3 7 1 6 2 4 9 5 8]]
Number of cells unfilled: 14
Accuracy: 82.71604938271605
Sample: 64680
Question:
[[4 5 0 3 0 0 0 0 0]
 [9 7 0 0 6 0 0 0 0]
 [0 0 0 0 0 0 0 3 0]
 [8 0 0 0 7 0 0 1 5]
 [5 0 0 4 0 0 0 7 9]
 [0 0 0 1 0 0 3 0 0]
 [6 0 0 0 0 4 0 8 0]
 [0 2 0 0 0 3 4 0 0]
 [0 0 8 0 0 6 7 0 2]]
Solution:
[[8 2 6 4 5 1 0 7 9]
 [1 0 0 9 0 2 6 8 3]
 [5 9 3 7 6 8 4 2 1]
 [2 6 7 8 1 5 0 4 0]
 [0 3 4 0 7 6 8 1 5]
 [0 5 8 2 4 9 7 3 6]
 [0 4 2 5 8 7 3 6 0]
 [9 8 5 1 0 3 2 0 4]
 [3 7 1 6 2 4 9 5 8]]
Number of cells unfilled: 13
Accuracy: 83.9506172839506
Sample: 64681
Question:
[[0 0 4 0 0 0 7 0 0]
 [9 0 0 7 0 0 0 0 5]
 [0 0 0 0 0 1 9 0 0]
 [0 0 0 0 6 0 0 9 8]
 [8 0 0 2 0 0 5 0 0]
 [0 4 0 0 0 0 0 0 2]
 [2 0 0 8 0 7 0 5 0]
 [0 3 0 0 2 6 0 0 0]
 [0 0 8 3 1 0 0 0 0]]
Solution:
[[8 2 6 4 5 1 0 7 9]
 [1 0 0 9 0 2 6 8 3]
 [5 9 3 7 6 8 4 2 1]
 [2 6 7 8 1 5 0 4 0]
 [0 3 4 0 7 6 8 9 2]
 [0 5 8 2 4 9 7 3 6]
 [0 4 2 5 8 7 3 6 0]
 [9 8 5 1 0 3 2 0 4]
 [3 7 1 6 2 4 9 5 8]]
Number of cells unfilled: 13
Accuracy: 83.9506172839506
Sample: 64682
Question:
[[0 0 0 0 2 0 5 8 3]
 [0 3 0 0 8 0 9 0 4]
 [0 0 0 0 0 1 0 0 0]
 [9 0 7 0 0 0 0 2 0]
 [0 0 0 7 6 0 0 0 1]
 [0 0 0 0 0 0 0 0 0]
 [0 0 2 0 0 8 0 0 7]
 [0 0 3 0 7 0 0 6 0]
 [5 0 1 4 0 0 0 3 0]]
Solution:
[[8 2 6 4 5 1 0 7 9]
 [1 0 0 9 0 2 6 8 3]
 [5 9 3 7 6 8 4 2 1]
 [2 6 7 8 1 5 0 4 0]
 [0 3 4 0 7 6 8 9 2]
 [0 5 8 2 4 9 7 3 6]
 [0 4 2 5 8 7 3 6 0]
 [9 8 5 1 0 3 2 0 4]
 [3 7 1 6 2 4 9 5 8]]
Number of cells unfilled: 13
Accuracy: 83.9506172839506
Sample: 64683
Question:
[[0 0 7 0 9 0 0 0 5]
 [0 9 0 0 0 0 3 0 0]
 [0 0 0 0 0 4 0 8 0]
 [0 7 0 0 5 0 0 0 1]
 [1 0 0 3 0 0 2 0 0]
 [0 0 6 0 0 1 0 0 0]
 [0 6 0 4 0 0 5 0 0]
 [0 5 0 0 0 8 0 2 0]
 [7 0 0 0 1 0 0 0 6]]
Solution:
[[8 2 6 4 5 1 0 7 9]
 [1 0 0 9 0 2 6 8 3]
 [5 9 3 7 6 8 4 2 1]
 [2 6 7 8 1 5 0 4 0]
 [0 3 4 0 7 6 8 9 5]
 [0 5 8 2 4 9 7 3 6]
 [0 4 2 5 8 7 3 6 0]
 [9 8 5 1 0 3 2 0 4]
 [3 7 1 6 2 4 9 5 8]]
Number of cells unfilled: 13
Accuracy: 83.9506172839506
Sample: 64684
Question:
[[0 8 0 0 0 0 9 0 0]
 [0 0 6 0 8 0 0 0 1]
 [5 0 0 2 0 0 0 8 0]
 [0 0 8 0 9 0 0 1 0]
 [7 0 0 0 0 0 0 0 9]
 [0 3 0 0 0 2 0 0 6]
 [0 0 4 0 6 0 1 0 0]
 [0 0 0 5 0 0 0 0 4]
 [0 7 0 0 0 3 0 0 8]]
Solution:
[[8 2 6 4 5 1 0 7 9]
 [1 0 0 9 0 2 6 8 3]
 [5 9 3 7 6 8 4 2 1]
 [2 6 7 8 1 5 0 4 0]
 [0 3 4 0 7 6 8 1 2]
 [0 5 8 2 4 9 7 3 6]
 [0 4 2 5 8 7 3 6 0]
 [9 8 5 1 0 3 2 0 4]
 [3 7 1 6 2 4 9 5 8]]
Number of cells unfilled: 13
Accuracy: 83.9506172839506
Sample: 64685
Question:
[[1 0 0 0 6 0 0 0 3]
 [0 3 0 0 0 8 0 0 5]
 [0 0 7 3 0 0 9 0 0]
 [0 5 0 0 1 0 0 9 0]
 [3 0 0 6 0 0 0 0 8]
 [0 0 4 0 0 0 0 0 0]
 [2 0 0 0 0 6 0 0 1]
 [0 4 0 0 3 0 0 5 0]
 [0 0 0 0 2 0 7 0 0]]
Solution:
[[8 2 6 4 5 1 0 7 9]
 [1 0 0 9 0 2 6 8 3]
 [5 9 3 7 6 8 4 2 1]
 [2 6 7 8 1 5 0 4 0]
 [0 3 4 0 7 6 8 9 2]
 [0 5 9 2 4 0 7 3 6]
 [0 4 2 5 8 9 3 6 7]
 [9 8 5 1 0 3 2 0 4]
 [3 7 1 6 2 4 9 5 8]]
Number of cells unfilled: 13
Accuracy: 83.9506172839506
Sample: 64686
Question:
[[0 0 0 8 7 0 5 0 6]
 [0 0 8 0 0 5 0 1 0]
 [9 0 0 1 0 0 0 0 0]
 [0 0 0 0 0 0 0 0 3]
 [0 0 1 7 0 0 0 8 0]
 [0 4 0 0 0 0 9 0 0]
 [0 0 2 0 1 0 0 5 0]
 [0 3 0 5 0 0 0 0 4]
 [0 0 0 0 0 2 6 0 0]]
Solution:
[[8 2 6 4 5 1 0 7 9]
 [1 0 0 9 0 2 6 8 3]
 [5 9 3 7 6 8 4 2 1]
 [2 6 7 8 1 5 0 4 0]
 [0 3 4 0 7 6 8 1 5]
 [0 5 9 2 4 0 7 3 6]
 [0 4 2 5 8 7 3 6 0]
 [9 8 5 1 0 3 2 0 4]
 [3 7 1 6 2 4 9 5 8]]
Number of cells unfilled: 14
Accuracy: 82.71604938271605
Sample: 64687
Question:
[[7 0 0 0 0 0 0 2 0]
 [0 1 0 0 0 2 0 0 3]
 [0 0 9 0 8 0 1 0 0]
 [0 3 0 0 0 6 0 1 0]
 [0 0 0 5 0 0 3 0 0]
 [0 0 7 0 0 0 6 0 4]
 [0 6 1 0 0 3 4 0 0]
 [0 0 8 0 0 0 0 0 0]
 [5 0 0 0 9 0 0 0 0]]
Solution:
[[8 2 6 4 5 1 0 7 9]
 [1 0 0 9 0 2 6 8 3]
 [5 9 3 7 6 8 4 2 1]
 [2 6 7 8 1 5 0 4 0]
 [0 3 4 0 7 6 8 1 5]
 [0 5 8 2 4 9 7 3 6]
 [0 4 2 5 8 7 3 6 0]
 [9 8 5 1 0 3 2 0 4]
 [3 7 1 6 2 4 9 5 8]]
Number of cells unfilled: 13
Accuracy: 83.9506172839506
Sample: 64688
Question:
[[0 0 4 0 0 3 0 0 6]
 [0 0 6 0 7 0 2 0 0]
 [0 0 1 8 0 5 0 3 4]
 [8 7 0 0 0 0 0 9 0]
 [1 2 0 3 5 0 8 0 0]
 [0 0 3 9 0 0 5 0 0]
 [9 0 0 0 2 0 0 0 0]
 [0 0 7 6 9 4 0 8 0]
 [6 0 0 5 0 8 1 0 0]]
Solution:
[[8 2 6 4 5 1 0 7 9]
 [1 0 0 9 0 2 6 8 3]
 [5 9 3 7 6 8 4 2 1]
 [2 6 7 8 1 5 0 4 0]
 [0 3 4 0 7 6 8 9 2]
 [0 5 9 2 4 0 7 3 6]
 [0 4 2 5 8 7 3 6 0]
 [9 8 5 1 0 3 2 0 4]
 [3 7 1 6 2 4 9 5 8]]
Number of cells unfilled: 14
Accuracy: 82.71604938271605
Sample: 64689
Question:
[[0 9 5 0 0 0 0 0 0]
 [4 0 0 0 8 0 0 7 0]
 [0 0 0 0 0 0 0 0 2]
 [8 0 0 0 3 0 2 0 0]
 [0 5 0 0 0 8 0 4 3]
 [0 1 0 6 0 0 0 8 0]
 [0 0 0 9 0 0 7 0 0]
 [0 0 1 0 0 6 0 0 0]
 [7 0 0 0 2 0 0 0 4]]
Solution:
[[8 2 6 4 5 1 0 7 9]
 [1 0 0 9 0 2 6 8 3]
 [5 9 3 7 6 8 4 2 1]
 [2 6 7 8 1 5 0 4 0]
 [0 3 4 0 7 6 8 9 5]
 [0 5 9 2 4 0 7 3 6]
 [0 4 2 5 8 7 3 6 0]
 [9 8 5 1 0 3 2 0 4]
 [3 7 1 6 2 4 9 5 8]]
Number of cells unfilled: 14
Accuracy: 82.71604938271605
Sample: 64690
Question:
[[0 0 7 0 0 9 0 0 0]
 [3 0 0 4 0 0 9 0 0]
 [9 1 0 0 2 0 0 4 0]
 [0 0 0 0 0 8 6 0 0]
 [5 0 0 0 4 0 0 0 3]
 [0 9 0 1 0 0 0 2 0]
 [0 0 0 0 6 0 0 0 8]
 [2 0 0 3 0 0 0 1 0]
 [0 3 0 0 0 0 7 0 0]]
Solution:
[[8 2 6 4 5 1 0 7 9]
 [1 0 0 9 0 2 6 8 3]
 [5 9 3 7 6 8 4 2 1]
 [2 6 7 8 1 5 0 4 0]
 [0 3 4 0 7 6 8 9 2]
 [0 5 9 2 4 0 7 3 6]
 [0 4 2 5 8 7 3 6 0]
 [9 8 5 1 0 3 2 0 4]
 [3 7 1 6 2 4 9 5 8]]
Number of cells unfilled: 14
Accuracy: 82.71604938271605
Sample: 64691
Question:
[[0 8 0 0 4 0 0 0 2]
 [0 4 9 6 0 0 7 0 3]
 [0 0 0 0 0 0 0 1 0]
 [5 0 6 0 0 0 8 0 9]
 [2 0 0 0 0 0 0 0 7]
 [0 0 0 0 7 0 0 5 1]
 [0 0 0 0 3 2 0 0 0]
 [8 0 0 4 0 0 0 6 0]
 [9 0 0 0 0 6 0 0 0]]
Solution:
[[8 2 6 4 5 1 0 7 9]
 [1 0 0 9 0 2 6 8 3]
 [5 9 3 7 6 8 4 2 1]
 [2 6 7 8 1 5 0 4 0]
 [0 3 4 0 7 6 8 1 2]
 [0 5 9 2 4 0 7 3 6]
 [0 4 2 5 8 7 3 6 0]
 [9 8 5 1 0 3 2 0 4]
 [3 7 1 6 2 4 9 5 8]]
Number of cells unfilled: 14
Accuracy: 82.71604938271605
Sample: 64692
Question:
[[0 0 0 6 3 9 0 4 0]
 [0 0 0 0 0 2 8 7 0]
 [1 6 0 0 0 4 0 0 0]
 [0 9 2 0 0 0 1 0 0]
 [0 0 0 8 0 0 0 0 0]
 [8 0 0 0 6 0 4 0 0]
 [0 2 0 0 0 0 0 0 5]
 [6 0 0 0 0 3 0 0 0]
 [0 0 0 5 0 0 7 9 0]]
Solution:
[[8 2 6 4 5 1 0 7 9]
 [1 0 0 9 0 2 6 8 3]
 [5 9 3 7 6 8 4 2 1]
 [2 6 7 8 1 5 0 4 0]
 [0 3 4 0 7 6 8 9 5]
 [0 5 8 2 4 9 7 3 6]
 [0 4 2 5 8 7 3 6 0]
 [9 8 5 1 0 3 2 0 4]
 [3 7 1 6 2 4 9 5 8]]
Number of cells unfilled: 13
Accuracy: 83.9506172839506
Sample: 64693
Question:
[[5 0 0 1 0 0 0 6 0]
 [0 8 4 0 5 0 0 0 9]
 [0 1 0 0 7 0 0 0 5]
 [0 0 0 0 4 0 0 0 0]
 [0 7 0 5 0 8 0 4 0]
 [0 0 0 9 0 7 0 0 8]
 [0 5 0 0 9 0 0 0 4]
 [1 0 3 0 0 0 0 0 0]
 [0 0 0 7 0 0 2 0 0]]
Solution:
[[8 2 6 4 5 1 0 7 9]
 [1 0 0 9 0 2 6 8 3]
 [5 9 3 7 6 8 4 2 1]
 [2 6 7 8 1 5 0 4 0]
 [0 3 4 0 7 6 8 1 2]
 [0 5 8 2 4 9 7 3 6]
 [0 4 2 5 8 7 3 6 0]
 [9 8 5 1 0 3 2 0 4]
 [3 7 1 6 2 4 9 5 8]]
Number of cells unfilled: 13
Accuracy: 83.9506172839506
Sample: 64694
Question:
[[0 0 0 0 0 0 8 3 6]
 [0 0 0 0 2 1 0 0 0]
 [8 7 0 0 0 0 0 0 0]
 [0 0 0 0 0 0 1 0 9]
 [0 6 0 7 1 0 2 8 5]
 [0 0 0 0 4 0 0 6 0]
 [4 0 0 0 6 0 9 0 2]
 [7 2 0 0 0 0 0 0 0]
 [0 0 5 0 8 4 0 0 0]]
Solution:
[[8 2 6 4 5 1 0 7 9]
 [1 0 0 9 0 2 6 8 3]
 [5 9 3 7 6 8 4 2 1]
 [2 6 7 8 1 5 0 4 0]
 [0 3 4 0 7 6 8 9 5]
 [0 5 8 2 4 9 7 3 6]
 [0 4 2 5 8 7 3 6 0]
 [9 8 5 1 0 3 2 0 4]
 [3 7 1 6 2 4 9 5 8]]
Number of cells unfilled: 13
Accuracy: 83.9506172839506
Sample: 64695
Question:
[[3 0 0 4 0 0 0 0 0]
 [0 0 7 0 0 0 2 0 5]
 [0 2 8 0 0 0 0 0 1]
 [0 0 0 0 6 0 0 0 0]
 [0 0 0 3 0 4 1 0 7]
 [0 3 5 0 0 9 0 8 0]
 [7 6 0 0 0 1 0 0 0]
 [0 0 0 0 0 3 0 0 0]
 [0 0 0 7 0 8 0 4 0]]
Solution:
[[8 2 6 4 5 1 0 7 9]
 [1 0 0 9 0 2 6 8 3]
 [5 9 3 7 6 8 4 2 1]
 [2 6 7 8 1 5 0 4 0]
 [0 3 4 0 7 6 8 1 5]
 [0 5 9 2 4 0 7 3 6]
 [0 4 2 5 8 9 3 6 7]
 [9 8 5 1 0 3 2 0 4]
 [3 7 1 6 2 4 9 5 8]]
Number of cells unfilled: 13
Accuracy: 83.9506172839506
Sample: 64696
Question:
[[0 0 0 4 2 0 7 0 0]
 [0 0 8 9 0 5 0 0 2]
 [0 1 0 0 0 0 5 3 0]
 [0 0 0 7 8 0 0 0 0]
 [0 7 0 1 0 0 0 0 0]
 [4 0 0 0 0 0 6 0 0]
 [0 5 0 0 1 2 4 0 0]
 [6 0 0 0 4 0 2 8 0]
 [0 0 4 8 0 0 0 0 0]]
Solution:
[[8 2 6 4 5 1 0 7 9]
 [1 0 0 9 0 2 6 8 3]
 [5 9 3 7 6 8 4 2 1]
 [2 6 7 8 1 5 0 4 0]
 [0 3 4 0 7 6 8 9 5]
 [0 5 8 2 4 9 7 3 6]
 [0 4 2 5 8 7 3 6 0]
 [9 8 5 1 0 3 2 0 4]
 [3 7 1 6 2 4 9 5 8]]
Number of cells unfilled: 13
Accuracy: 83.9506172839506
Sample: 64697
Question:
[[4 0 0 0 0 0 0 9 0]
 [1 0 2 0 6 4 0 3 0]
 [0 3 0 0 1 7 0 0 0]
 [7 0 0 0 0 0 9 0 1]
 [0 0 4 0 0 0 0 0 0]
 [0 2 0 1 4 0 8 0 0]
 [0 5 0 0 0 0 3 1 0]
 [0 4 0 7 0 0 0 2 6]
 [6 0 3 0 0 0 0 0 9]]
Solution:
[[8 2 6 4 5 1 0 7 9]
 [1 0 0 9 0 2 6 8 3]
 [5 9 3 7 6 8 4 2 1]
 [2 6 7 8 1 5 0 4 0]
 [0 3 4 0 7 6 8 1 5]
 [0 5 9 2 4 0 7 3 6]
 [0 4 2 5 8 7 3 6 0]
 [9 8 5 1 0 3 2 0 4]
 [3 7 1 6 2 4 9 5 8]]
Number of cells unfilled: 14
Accuracy: 82.71604938271605
Sample: 64698
Question:
[[6 0 0 0 0 4 0 7 8]
 [5 0 0 0 1 8 0 0 6]
 [0 0 0 2 0 0 9 0 0]
 [7 9 0 0 8 0 6 0 3]
 [0 0 6 0 0 0 0 5 7]
 [0 1 8 0 0 6 0 0 0]
 [0 0 2 0 0 1 0 0 0]
 [9 0 0 0 0 0 0 0 0]
 [1 0 0 6 0 0 0 2 0]]
Solution:
[[8 2 6 4 5 1 0 7 9]
 [1 0 0 9 0 2 6 8 3]
 [5 9 3 7 6 8 4 2 1]
 [2 6 7 8 1 5 0 4 0]
 [0 3 4 0 7 6 8 9 2]
 [0 5 9 2 4 0 7 3 6]
 [0 4 2 5 8 7 3 6 0]
 [9 8 5 1 0 3 2 0 4]
 [3 7 1 6 2 4 9 5 8]]
Number of cells unfilled: 14
Accuracy: 82.71604938271605
Sample: 64699
Question:
[[7 0 0 0 0 1 0 0 9]
 [0 0 9 0 0 0 0 0 0]
 [2 0 8 0 7 0 6 0 4]
 [6 3 0 0 1 0 7 0 0]
 [0 0 0 3 0 0 0 0 0]
 [5 7 1 0 0 0 0 0 0]
 [0 0 0 0 0 5 0 8 0]
 [0 0 0 7 0 0 2 0 0]
 [0 6 7 0 0 2 9 1 0]]
Solution:
[[8 2 6 4 5 1 0 7 9]
 [1 0 0 9 0 2 6 8 3]
 [5 9 3 7 6 8 4 2 1]
 [2 6 7 8 1 5 0 4 0]
 [0 3 4 0 7 6 8 9 5]
 [0 5 9 2 4 0 7 3 6]
 [0 4 2 5 8 7 3 6 0]
 [9 8 5 1 0 3 2 0 4]
 [3 7 1 6 2 4 9 5 8]]
Number of cells unfilled: 14
Accuracy: 82.71604938271605
Sample: 64700
Question:
[[0 0 6 0 5 0 0 7 0]
 [1 0 0 9 0 0 6 0 0]
 [0 9 0 0 0 0 0 0 1]
 [2 0 0 8 0 5 0 4 0]
 [0 0 4 0 0 6 0 0 0]
 [0 5 0 0 4 0 7 0 0]
 [0 0 2 0 8 0 0 6 0]
 [0 8 0 0 0 3 2 0 0]
 [3 0 0 0 0 0 0 0 8]]
Solution:
[[8 2 6 4 5 1 0 7 9]
 [1 0 0 9 0 2 6 8 3]
 [5 9 3 7 6 8 4 2 1]
 [2 6 7 8 1 5 0 4 0]
 [0 3 4 0 7 6 8 9 2]
 [0 5 9 2 4 0 7 3 6]
 [0 4 2 5 8 9 3 6 7]
 [9 8 5 1 0 3 2 0 4]
 [3 7 1 6 2 4 9 5 8]]
Number of cells unfilled: 13
Accuracy: 83.9506172839506
