2025-10-22 15:51:18.836714: I tensorflow/core/util/port.cc:153] oneDNN custom operations are on. You may see slightly different numerical results due to floating-point round-off errors from different computation orders. To turn them off, set the environment variable `TF_ENABLE_ONEDNN_OPTS=0`.
2025-10-22 15:51:19.394164: I tensorflow/core/platform/cpu_feature_guard.cc:210] This TensorFlow binary is optimized to use available CPU instructions in performance-critical operations.
To enable the following instructions: AVX2 AVX512F AVX512_VNNI FMA, in other operations, rebuild TensorFlow with the appropriate compiler flags.
2025-10-22 15:51:25.549300: I tensorflow/core/util/port.cc:153] oneDNN custom operations are on. You may see slightly different numerical results due to floating-point round-off errors from different computation orders. To turn them off, set the environment variable `TF_ENABLE_ONEDNN_OPTS=0`.
2025-10-22 15:51:31.807948: E external/local_xla/xla/stream_executor/cuda/cuda_platform.cc:51] failed call to cuInit: INTERNAL: CUDA error: Failed call to cuInit: UNKNOWN ERROR (303)
Sample: 66601
Question:
[[0 6 0 0 0 5 3 0 0]
 [0 0 5 8 3 0 0 0 1]
 [3 0 0 0 7 0 0 0 0]
 [0 5 4 7 0 0 0 0 0]
 [6 0 0 0 0 1 5 0 0]
 [0 1 0 0 0 0 0 0 9]
 [0 2 0 0 0 0 4 9 0]
 [0 0 0 0 2 0 0 0 8]
 [0 0 6 0 0 4 2 0 0]]
Solution:
[[5 4 8 2 0 9 0 6 7]
 [9 2 1 6 3 8 4 0 5]
 [0 0 6 7 5 0 3 8 1]
 [8 3 2 9 1 5 6 4 0]
 [0 9 0 0 2 4 7 5 8]
 [1 6 5 3 7 0 0 9 2]
 [6 7 4 5 8 2 9 1 3]
 [3 5 0 0 4 1 8 2 6]
 [2 8 9 0 6 3 5 7 4]]
Number of cells unfilled: 15
Accuracy: 81.48148148148148
Sample: 66602
Question:
[[0 8 0 7 0 0 0 0 0]
 [2 0 0 9 3 0 8 0 0]
 [9 0 0 0 0 8 0 5 0]
 [0 0 6 0 1 0 0 0 3]
 [1 0 0 0 0 0 0 0 0]
 [7 2 0 0 0 9 5 0 0]
 [0 0 2 0 0 0 0 4 5]
 [0 0 0 4 0 0 0 0 6]
 [0 7 0 0 0 3 9 0 0]]
Solution:
[[5 4 8 1 0 9 0 6 7]
 [9 2 7 6 3 0 4 8 5]
 [0 0 6 7 5 2 3 9 1]
 [8 3 2 9 1 5 6 4 0]
 [0 9 0 0 2 4 7 3 8]
 [1 6 5 3 7 8 0 2 9]
 [2 7 4 5 8 0 9 1 3]
 [3 5 0 2 4 1 8 7 6]
 [0 8 9 0 6 3 2 5 4]]
Number of cells unfilled: 14
Accuracy: 82.71604938271605
Sample: 66603
Question:
[[9 3 0 0 0 0 8 7 0]
 [0 0 2 5 0 0 6 0 1]
 [0 0 0 0 0 0 0 0 0]
 [0 4 0 0 0 9 0 0 8]
 [3 0 0 7 0 0 0 6 5]
 [0 0 0 0 3 2 0 0 0]
 [4 8 0 0 0 0 9 0 0]
 [0 0 0 0 0 0 0 0 6]
 [0 0 6 9 1 0 7 0 0]]
Solution:
[[5 4 8 1 0 9 0 6 2]
 [9 2 1 6 3 8 4 7 5]
 [0 0 6 7 2 0 3 9 1]
 [8 3 2 9 1 5 6 4 0]
 [0 9 0 2 0 4 7 3 8]
 [1 6 5 3 7 0 2 0 9]
 [6 7 4 5 8 2 9 1 3]
 [3 5 0 0 4 1 8 2 6]
 [2 8 9 0 6 3 5 0 4]]
Number of cells unfilled: 15
Accuracy: 81.48148148148148
Sample: 66604
Question:
[[0 0 0 7 0 0 0 0 3]
 [0 4 0 0 5 0 0 1 0]
 [8 0 0 0 0 9 5 0 0]
 [4 0 0 0 8 0 0 2 0]
 [0 2 0 0 0 3 6 0 0]
 [0 0 5 0 0 0 0 0 7]
 [0 1 0 0 0 0 9 0 0]
 [0 0 4 0 2 0 0 6 0]
 [6 0 0 1 0 0 0 0 2]]
Solution:
[[5 4 8 1 0 9 2 6 7]
 [9 2 7 6 3 0 4 8 5]
 [0 0 6 7 5 2 3 9 1]
 [8 3 2 9 1 5 6 4 0]
 [0 9 0 0 2 4 7 5 8]
 [1 6 5 3 7 8 0 0 2]
 [2 7 4 5 8 0 9 1 3]
 [3 5 0 2 4 1 8 7 6]
 [0 8 9 0 6 3 5 2 4]]
Number of cells unfilled: 14
Accuracy: 82.71604938271605
Sample: 66605
Question:
[[0 0 0 0 0 1 0 0 0]
 [0 0 0 0 9 0 0 0 0]
 [8 0 6 2 0 0 4 0 1]
 [0 0 0 0 5 0 0 1 7]
 [9 6 0 0 3 0 0 5 0]
 [0 2 0 0 0 7 0 6 0]
 [7 0 0 0 0 0 0 0 0]
 [0 0 5 0 0 3 8 2 6]
 [0 0 0 0 0 0 0 3 0]]
Solution:
[[5 4 8 1 0 9 2 6 7]
 [9 2 7 6 3 0 4 8 5]
 [0 0 6 7 5 2 3 9 1]
 [8 3 2 9 1 5 6 4 0]
 [0 9 0 0 2 4 7 3 8]
 [1 6 5 3 7 8 0 0 2]
 [2 7 4 5 8 0 9 1 3]
 [3 5 0 0 4 1 8 2 6]
 [0 8 9 2 6 3 5 7 4]]
Number of cells unfilled: 14
Accuracy: 82.71604938271605
Sample: 66606
Question:
[[0 4 0 0 2 0 0 0 0]
 [0 0 0 0 0 4 6 0 0]
 [7 0 0 6 0 0 0 0 1]
 [8 0 0 0 0 0 0 0 0]
 [0 0 0 7 8 0 3 0 0]
 [0 0 3 0 0 6 0 0 0]
 [0 0 8 0 7 5 0 2 0]
 [6 0 0 4 0 0 9 0 3]
 [0 7 0 9 0 0 1 5 0]]
Solution:
[[5 4 8 1 0 9 2 6 7]
 [9 2 7 6 3 8 4 0 5]
 [0 0 6 7 5 0 3 8 1]
 [8 3 2 9 1 5 6 4 0]
 [0 9 0 0 2 4 7 3 8]
 [1 6 5 3 7 0 0 9 2]
 [6 7 4 5 8 2 9 1 3]
 [3 5 0 0 4 1 8 2 6]
 [2 8 9 0 6 3 5 7 4]]
Number of cells unfilled: 14
Accuracy: 82.71604938271605
Sample: 66607
Question:
[[0 0 3 8 0 0 0 0 0]
 [0 0 0 0 1 0 0 0 7]
 [1 0 0 0 0 4 0 8 9]
 [0 1 0 0 0 6 0 0 3]
 [0 0 8 0 2 0 5 0 0]
 [2 0 0 4 0 0 0 6 0]
 [0 0 0 9 0 0 0 0 0]
 [0 7 0 0 0 2 0 0 5]
 [9 0 0 0 4 0 0 1 0]]
Solution:
[[5 4 8 1 2 9 0 6 7]
 [9 2 7 6 3 8 4 0 5]
 [0 0 6 7 5 0 3 8 1]
 [8 3 2 9 1 5 6 4 0]
 [0 9 0 2 0 4 7 3 8]
 [1 6 5 3 7 0 2 0 9]
 [6 7 4 5 8 2 9 1 3]
 [3 5 0 0 4 1 8 2 6]
 [2 8 9 0 6 3 5 7 4]]
Number of cells unfilled: 14
Accuracy: 82.71604938271605
Sample: 66608
Question:
[[1 0 2 7 0 0 0 0 0]
 [0 0 6 0 0 0 1 8 0]
 [0 0 5 0 0 3 0 0 7]
 [0 0 0 0 0 6 0 2 0]
 [0 8 0 0 0 0 0 7 0]
 [7 0 1 0 2 0 8 0 9]
 [4 2 0 1 0 8 9 0 0]
 [0 0 0 2 3 0 0 0 0]
 [0 0 0 5 0 0 4 0 0]]
Solution:
[[5 4 8 1 0 9 0 6 2]
 [9 2 1 6 3 8 4 7 5]
 [0 0 6 7 5 0 3 9 1]
 [8 3 2 9 1 5 6 4 0]
 [0 9 0 0 2 4 7 3 8]
 [1 6 5 3 7 0 0 2 9]
 [6 7 4 5 8 2 9 1 3]
 [3 5 0 0 4 1 2 8 6]
 [2 8 9 0 6 3 5 0 4]]
Number of cells unfilled: 15
Accuracy: 81.48148148148148
Sample: 66609
Question:
[[8 0 0 0 1 0 0 0 0]
 [0 9 0 8 0 0 2 0 0]
 [0 0 2 0 0 5 0 4 0]
 [1 0 0 0 0 0 0 0 6]
 [0 2 8 9 0 0 0 0 0]
 [0 0 7 0 0 3 0 2 0]
 [0 0 0 0 0 4 5 0 2]
 [0 0 0 0 0 0 0 3 0]
 [0 0 5 0 3 0 7 0 4]]
Solution:
[[5 4 8 1 0 9 2 6 7]
 [9 2 7 6 3 8 4 0 5]
 [0 0 6 7 2 0 3 8 1]
 [8 3 2 9 1 5 6 4 0]
 [0 9 0 2 0 4 7 3 8]
 [1 6 5 3 7 0 0 0 9]
 [6 7 4 5 8 2 9 1 3]
 [3 5 0 0 4 1 8 2 6]
 [2 8 9 0 6 3 5 7 4]]
Number of cells unfilled: 15
Accuracy: 81.48148148148148
Sample: 66610
Question:
[[0 4 6 2 0 0 0 0 8]
 [9 0 0 0 7 0 0 3 0]
 [0 0 0 0 0 8 0 0 0]
 [0 0 5 0 1 0 0 8 0]
 [0 1 9 8 0 0 0 0 5]
 [0 0 0 0 0 9 1 0 0]
 [0 0 0 0 4 2 0 0 6]
 [0 6 2 0 0 0 0 5 0]
 [0 0 4 6 0 0 8 0 0]]
Solution:
[[5 4 8 1 0 9 0 6 2]
 [9 2 7 6 3 0 4 8 5]
 [0 0 6 7 5 2 3 9 1]
 [8 3 2 9 1 5 6 4 0]
 [0 9 0 0 2 4 7 3 8]
 [1 6 5 3 7 8 2 0 9]
 [2 7 4 5 8 0 9 1 3]
 [3 5 0 0 4 1 8 2 6]
 [0 8 9 2 6 3 5 7 4]]
Number of cells unfilled: 14
Accuracy: 82.71604938271605
Sample: 66611
Question:
[[0 1 0 7 0 0 0 3 0]
 [0 4 7 0 0 0 9 0 0]
 [0 0 0 0 0 2 0 0 0]
 [8 0 3 0 1 0 6 0 0]
 [0 0 6 0 0 0 0 0 8]
 [9 0 0 0 0 6 4 0 5]
 [0 0 0 8 0 0 7 0 0]
 [7 9 0 0 6 0 0 0 0]
 [0 0 0 0 0 9 1 5 0]]
Solution:
[[5 4 8 1 0 9 0 6 2]
 [9 2 1 6 3 8 4 7 5]
 [0 0 6 7 5 0 3 8 1]
 [8 3 2 9 1 5 6 4 0]
 [0 9 0 0 0 4 7 5 8]
 [1 6 5 3 7 2 0 0 9]
 [2 7 4 5 8 0 9 1 3]
 [3 5 0 0 4 1 8 2 6]
 [0 8 9 2 6 3 5 0 4]]
Number of cells unfilled: 17
Accuracy: 79.01234567901234
Sample: 66612
Question:
[[0 0 6 0 0 4 0 8 0]
 [0 7 0 0 5 0 9 0 0]
 [0 0 0 0 0 0 0 5 6]
 [0 2 0 0 9 0 5 0 0]
 [0 0 0 0 0 1 0 4 3]
 [3 0 0 8 0 0 0 0 9]
 [7 0 2 0 1 0 0 0 0]
 [0 0 5 7 0 0 1 0 0]
 [0 1 0 0 0 9 0 0 0]]
Solution:
[[5 4 8 1 0 9 0 6 2]
 [9 2 7 6 3 8 4 0 5]
 [0 0 6 7 5 0 3 9 1]
 [8 3 2 9 1 5 6 4 0]
 [0 9 0 0 2 4 7 3 8]
 [1 6 5 3 7 0 0 2 9]
 [6 7 4 5 8 2 9 1 3]
 [3 5 0 0 4 1 2 8 6]
 [2 8 9 0 6 3 5 7 4]]
Number of cells unfilled: 15
Accuracy: 81.48148148148148
Sample: 66613
Question:
[[9 0 6 0 0 7 0 2 0]
 [0 3 0 0 0 0 5 0 0]
 [0 0 0 0 0 0 9 0 6]
 [4 0 0 8 7 0 0 0 0]
 [0 0 7 9 0 0 0 4 0]
 [0 2 0 0 0 4 0 0 0]
 [0 0 5 0 1 0 0 0 2]
 [2 0 0 0 0 8 0 9 0]
 [0 4 0 0 0 0 3 0 1]]
Solution:
[[5 4 8 1 0 9 2 6 7]
 [9 2 7 6 3 0 4 8 5]
 [0 0 6 7 5 2 3 9 1]
 [8 3 2 9 1 5 6 4 0]
 [0 9 0 0 2 4 7 5 8]
 [1 6 5 3 7 8 0 0 9]
 [2 7 4 5 8 0 9 1 3]
 [3 5 0 2 4 1 8 7 6]
 [0 8 9 0 6 3 5 2 4]]
Number of cells unfilled: 14
Accuracy: 82.71604938271605
Sample: 66614
Question:
[[0 7 0 3 0 0 0 0 0]
 [0 0 0 7 9 8 3 0 0]
 [0 0 0 0 4 0 0 6 0]
 [1 0 0 0 0 7 0 0 6]
 [0 2 0 8 0 0 0 5 0]
 [3 0 0 0 1 0 0 0 0]
 [0 5 9 0 0 4 6 2 0]
 [2 0 0 0 0 0 0 9 4]
 [0 6 0 0 0 0 0 0 3]]
Solution:
[[5 4 8 1 0 9 2 6 7]
 [9 2 7 6 3 0 4 8 5]
 [0 0 6 7 5 2 3 0 1]
 [8 3 2 9 1 5 6 4 0]
 [0 9 0 0 2 4 7 3 8]
 [1 6 5 3 7 8 0 9 2]
 [2 7 4 5 8 0 9 1 3]
 [3 5 0 0 4 1 8 2 6]
 [0 8 9 2 6 3 5 7 4]]
Number of cells unfilled: 14
Accuracy: 82.71604938271605
Sample: 66615
Question:
[[2 0 0 0 0 0 0 0 0]
 [0 3 0 8 7 0 5 0 9]
 [0 8 0 5 9 0 0 6 3]
 [9 1 0 0 0 0 0 0 0]
 [0 0 8 0 6 0 0 1 7]
 [0 0 0 0 0 0 0 0 0]
 [0 0 0 7 0 4 0 0 0]
 [7 0 4 1 0 0 0 3 2]
 [0 0 0 0 0 5 4 0 0]]
Solution:
[[5 4 8 1 0 9 0 6 2]
 [9 2 1 6 3 8 4 7 5]
 [0 0 6 7 5 0 3 9 1]
 [8 3 2 9 1 5 6 4 0]
 [0 9 0 0 2 4 7 3 8]
 [1 6 5 3 7 0 0 2 9]
 [6 7 4 5 8 2 9 1 3]
 [3 5 0 0 4 1 2 8 6]
 [2 8 9 0 6 3 5 0 4]]
Number of cells unfilled: 15
Accuracy: 81.48148148148148
Sample: 66616
Question:
[[0 1 0 0 0 6 5 0 0]
 [8 0 6 0 5 0 0 0 0]
 [0 0 0 3 0 0 0 9 0]
 [0 0 0 0 0 9 1 0 4]
 [0 9 0 0 7 4 0 5 2]
 [0 0 0 1 0 3 0 0 0]
 [0 4 0 8 0 0 7 0 0]
 [2 0 0 0 9 0 0 0 0]
 [0 0 9 4 0 0 0 8 0]]
Solution:
[[5 4 8 1 0 9 2 6 7]
 [9 2 1 6 3 8 4 0 5]
 [0 0 6 7 2 0 3 9 1]
 [8 3 2 9 1 5 6 4 0]
 [0 9 0 2 0 4 7 3 8]
 [1 6 5 3 7 0 0 0 2]
 [6 7 4 5 8 2 9 1 3]
 [3 5 0 0 4 1 8 2 6]
 [2 8 9 0 6 3 5 7 4]]
Number of cells unfilled: 15
Accuracy: 81.48148148148148
Sample: 66617
Question:
[[0 0 0 0 1 0 9 0 0]
 [8 0 0 0 0 0 0 5 0]
 [0 0 6 3 0 0 0 0 7]
 [5 0 0 0 3 0 8 0 0]
 [0 0 7 4 0 0 0 0 2]
 [0 9 0 0 0 1 0 0 0]
 [7 4 0 0 0 0 6 0 0]
 [0 0 0 2 4 0 7 0 0]
 [0 0 3 0 6 0 0 0 4]]
Solution:
[[5 4 8 1 0 9 2 6 7]
 [9 2 1 6 3 0 4 8 5]
 [0 0 6 7 2 8 3 9 1]
 [8 3 2 9 1 5 6 4 0]
 [0 9 0 0 0 4 7 3 8]
 [1 6 5 3 7 2 0 0 9]
 [2 7 4 5 8 0 9 1 3]
 [3 5 0 0 4 1 8 2 6]
 [0 8 9 2 6 3 5 7 4]]
Number of cells unfilled: 15
Accuracy: 81.48148148148148
Sample: 66618
Question:
[[0 0 1 0 0 0 0 0 8]
 [0 5 0 0 0 2 6 0 0]
 [0 0 6 0 4 0 0 7 0]
 [0 1 0 0 0 6 9 0 0]
 [0 0 0 0 7 0 0 0 0]
 [6 0 2 8 0 0 0 4 0]
 [0 0 0 0 0 0 0 0 3]
 [1 2 0 3 0 0 0 0 0]
 [9 0 3 0 0 5 1 0 0]]
Solution:
[[5 4 8 1 0 9 0 6 2]
 [9 2 7 6 3 0 4 0 5]
 [0 0 6 7 5 2 3 9 1]
 [8 3 2 9 1 5 6 4 0]
 [0 9 0 0 2 4 7 3 8]
 [1 6 5 3 7 8 0 2 9]
 [2 7 4 5 8 0 9 1 3]
 [3 5 0 0 4 1 2 8 6]
 [0 8 9 2 6 3 5 7 4]]
Number of cells unfilled: 15
Accuracy: 81.48148148148148
Sample: 66619
Question:
[[0 0 0 0 0 0 3 0 0]
 [5 7 0 0 0 9 0 6 0]
 [0 0 0 0 4 6 0 9 0]
 [0 3 0 0 0 0 0 8 9]
 [6 5 0 0 9 0 0 1 0]
 [0 0 1 0 0 0 5 0 7]
 [0 0 0 0 6 0 0 0 0]
 [1 0 0 0 5 7 0 0 8]
 [0 0 2 9 0 1 0 0 0]]
Solution:
[[5 4 8 1 2 9 0 6 7]
 [9 2 7 6 3 8 4 0 5]
 [0 0 6 7 5 0 3 2 1]
 [8 3 2 9 1 5 6 4 0]
 [0 9 0 0 0 4 7 3 8]
 [1 6 5 3 7 2 0 0 9]
 [2 7 4 5 8 0 9 1 3]
 [3 5 0 2 4 1 8 7 6]
 [0 8 9 0 6 3 2 5 4]]
Number of cells unfilled: 16
Accuracy: 80.24691358024691
Sample: 66620
Question:
[[0 0 0 0 0 0 0 0 0]
 [1 0 0 0 8 0 0 0 2]
 [0 0 0 0 5 0 0 8 9]
 [6 0 0 5 0 0 2 0 4]
 [7 9 0 0 0 8 0 0 0]
 [0 1 0 0 2 0 0 9 0]
 [0 5 3 7 4 0 0 0 1]
 [2 0 0 0 0 0 0 0 3]
 [0 0 0 0 0 6 8 0 0]]
Solution:
[[5 4 8 1 2 9 0 6 7]
 [9 2 7 6 3 8 4 0 5]
 [0 0 6 7 5 0 3 9 1]
 [8 3 2 9 1 5 6 4 0]
 [0 9 0 0 0 4 7 2 8]
 [1 6 5 3 7 2 0 0 9]
 [2 7 4 5 8 0 9 1 3]
 [3 5 0 2 4 1 8 7 6]
 [0 8 9 0 6 3 2 5 4]]
Number of cells unfilled: 16
Accuracy: 80.24691358024691
Sample: 66621
Question:
[[0 0 2 0 0 8 6 0 0]
 [6 0 9 5 0 4 0 2 0]
 [1 0 0 0 0 0 0 0 8]
 [0 0 0 6 0 0 0 0 0]
 [3 0 6 0 0 7 1 0 9]
 [0 0 8 0 4 0 0 5 0]
 [4 2 0 0 9 0 0 0 3]
 [0 0 0 0 0 0 0 0 0]
 [0 0 0 7 0 3 0 6 0]]
Solution:
[[5 4 8 1 0 9 0 6 2]
 [9 2 1 6 3 0 4 7 5]
 [0 0 6 7 5 0 3 9 1]
 [8 3 2 9 1 5 6 4 0]
 [0 9 0 0 2 4 7 3 8]
 [1 6 5 3 7 8 0 2 9]
 [6 7 4 5 8 2 9 1 3]
 [3 5 0 0 4 1 8 0 6]
 [2 8 9 0 6 3 5 0 4]]
Number of cells unfilled: 16
Accuracy: 80.24691358024691
Sample: 66622
Question:
[[0 5 4 3 0 0 0 9 0]
 [7 0 9 0 0 0 0 8 0]
 [0 1 0 0 2 8 0 0 0]
 [4 9 0 0 5 0 6 0 0]
 [0 0 3 0 0 0 5 0 2]
 [0 0 0 2 1 0 3 7 0]
 [0 0 7 0 6 0 0 0 1]
 [0 6 8 1 0 7 9 0 4]
 [2 3 0 4 0 0 0 0 5]]
Solution:
[[5 4 8 1 0 9 2 6 7]
 [9 2 1 6 3 8 4 0 5]
 [0 0 6 7 5 0 3 8 1]
 [8 3 2 9 1 5 6 4 0]
 [0 9 0 0 0 4 7 5 8]
 [1 6 5 3 7 2 0 0 9]
 [2 7 4 5 8 0 9 1 3]
 [3 5 0 0 4 1 8 2 6]
 [0 8 9 2 6 3 5 7 4]]
Number of cells unfilled: 16
Accuracy: 80.24691358024691
Sample: 66623
Question:
[[0 1 0 0 0 0 2 0 0]
 [6 0 0 0 1 0 0 0 8]
 [0 0 8 0 0 6 0 4 0]
 [0 0 0 5 0 0 0 9 0]
 [0 8 0 0 0 4 0 0 2]
 [0 6 0 0 7 1 0 0 4]
 [7 0 1 6 0 0 4 0 0]
 [0 0 0 0 3 0 7 0 0]
 [0 2 0 0 0 7 0 0 6]]
Solution:
[[5 4 8 1 2 9 0 6 7]
 [9 2 1 6 3 8 4 0 5]
 [0 0 6 7 5 0 3 8 1]
 [8 3 2 9 1 5 6 4 0]
 [0 9 0 2 0 4 7 5 8]
 [1 6 5 3 7 0 2 0 9]
 [6 7 4 5 8 2 9 1 3]
 [3 5 0 0 4 1 8 2 6]
 [2 8 9 0 6 3 5 7 4]]
Number of cells unfilled: 14
Accuracy: 82.71604938271605
Sample: 66624
Question:
[[0 9 5 0 8 0 4 0 2]
 [7 0 0 4 0 0 0 0 0]
 [0 0 4 0 5 0 0 0 9]
 [0 0 0 0 6 0 0 0 0]
 [0 0 6 2 0 5 8 0 0]
 [2 0 0 9 0 8 0 0 6]
 [0 0 0 0 0 3 0 0 0]
 [4 1 0 0 0 0 9 0 0]
 [0 0 2 0 9 0 0 0 8]]
Solution:
[[5 4 8 1 0 9 0 6 2]
 [9 2 1 6 3 8 4 0 5]
 [0 0 6 7 2 0 3 9 1]
 [8 3 2 9 1 5 6 4 0]
 [0 9 0 2 0 4 7 5 8]
 [1 6 5 3 7 0 0 2 9]
 [6 7 4 5 8 2 9 1 3]
 [3 5 0 0 4 1 2 8 6]
 [2 8 9 0 6 3 5 7 4]]
Number of cells unfilled: 15
Accuracy: 81.48148148148148
Sample: 66625
Question:
[[0 0 0 0 0 0 5 0 0]
 [9 0 0 0 0 8 0 0 4]
 [0 7 0 6 5 0 0 0 0]
 [4 0 0 0 0 0 1 8 0]
 [0 0 3 0 0 1 0 4 0]
 [0 9 0 0 0 0 0 0 3]
 [8 0 0 0 0 3 0 0 1]
 [0 0 0 0 2 0 0 0 0]
 [0 0 2 7 0 0 0 6 0]]
Solution:
[[5 4 8 1 0 9 2 6 7]
 [9 2 7 6 3 0 4 8 5]
 [0 0 6 7 2 8 3 9 1]
 [8 3 2 9 1 5 6 4 0]
 [0 9 0 0 0 4 7 5 8]
 [1 6 5 3 7 0 0 0 2]
 [2 7 4 5 8 0 9 1 3]
 [3 5 0 2 4 1 8 7 6]
 [0 8 9 0 6 3 5 2 4]]
Number of cells unfilled: 16
Accuracy: 80.24691358024691
Sample: 66626
Question:
[[0 0 7 5 3 0 8 0 0]
 [0 2 0 0 0 6 0 3 0]
 [0 0 3 0 2 0 0 0 9]
 [0 0 0 0 0 5 0 0 8]
 [0 0 1 4 0 0 0 0 0]
 [0 9 0 0 6 0 0 4 0]
 [0 3 0 6 0 0 0 8 0]
 [1 5 0 3 0 2 0 0 7]
 [0 0 9 0 0 0 0 0 0]]
Solution:
[[5 4 8 1 0 9 2 6 7]
 [9 2 7 6 3 0 4 8 5]
 [0 0 6 7 5 0 3 9 1]
 [8 3 2 9 1 5 6 4 0]
 [0 9 0 0 2 4 7 5 8]
 [1 6 5 3 7 8 0 0 9]
 [6 7 4 5 8 2 9 1 3]
 [3 5 0 0 4 1 8 2 6]
 [2 8 9 0 6 3 5 7 4]]
Number of cells unfilled: 14
Accuracy: 82.71604938271605
Sample: 66627
Question:
[[0 0 0 0 0 0 0 0 1]
 [0 9 0 0 0 4 5 3 7]
 [3 6 0 7 0 0 0 4 0]
 [7 0 0 9 8 0 4 0 0]
 [8 0 0 5 0 6 0 0 0]
 [0 3 0 0 0 0 0 5 0]
 [0 0 0 0 2 0 0 0 0]
 [0 0 9 0 1 0 0 0 0]
 [2 0 0 6 0 0 7 0 9]]
Solution:
[[5 4 8 1 2 9 0 6 7]
 [9 2 7 6 3 8 4 0 5]
 [0 0 6 7 5 0 3 8 1]
 [8 3 2 9 1 5 6 4 0]
 [0 9 0 0 0 4 7 3 8]
 [1 6 5 3 7 2 0 0 9]
 [2 7 4 5 8 0 9 1 3]
 [3 5 0 0 4 1 8 2 6]
 [0 8 9 2 6 3 5 7 4]]
Number of cells unfilled: 16
Accuracy: 80.24691358024691
Sample: 66628
Question:
[[0 8 0 0 0 0 0 0 7]
 [1 0 2 8 7 0 0 0 3]
 [0 0 3 0 2 5 0 0 0]
 [5 9 0 4 0 0 1 6 0]
 [0 0 4 0 0 0 0 0 9]
 [0 0 0 0 0 0 0 0 0]
 [0 0 0 0 0 8 9 3 0]
 [0 0 1 2 0 0 0 0 0]
 [2 3 0 0 0 9 0 0 4]]
Solution:
[[5 4 8 1 0 9 2 6 7]
 [9 2 1 6 3 0 4 8 5]
 [0 0 6 7 5 0 3 9 1]
 [8 3 2 9 1 5 6 4 0]
 [0 9 0 0 2 4 7 3 8]
 [1 6 5 3 7 8 0 0 2]
 [6 7 4 5 8 2 9 1 3]
 [3 5 0 0 4 1 8 2 6]
 [2 8 9 0 6 3 5 7 4]]
Number of cells unfilled: 14
Accuracy: 82.71604938271605
Sample: 66629
Question:
[[0 0 0 0 2 0 0 0 9]
 [0 0 9 3 0 0 7 0 8]
 [3 7 0 8 0 0 0 4 0]
 [0 0 0 0 0 0 0 0 0]
 [0 6 0 0 0 0 4 0 2]
 [0 1 0 0 0 4 0 0 0]
 [0 0 7 0 8 0 3 0 0]
 [8 0 0 0 9 0 0 2 0]
 [0 4 0 7 0 3 0 9 0]]
Solution:
[[5 4 8 1 0 9 2 6 7]
 [9 2 7 6 3 0 4 8 5]
 [0 0 6 7 5 2 3 9 1]
 [8 3 2 9 1 5 6 4 0]
 [0 9 0 0 2 4 7 3 8]
 [1 6 5 3 7 8 0 0 2]
 [2 7 4 5 8 0 9 1 3]
 [3 5 0 2 4 1 8 7 6]
 [0 8 9 0 6 3 5 2 4]]
Number of cells unfilled: 14
Accuracy: 82.71604938271605
Sample: 66630
Question:
[[0 0 0 0 8 0 5 9 0]
 [0 0 2 0 5 0 0 0 8]
 [0 0 0 9 0 7 0 0 6]
 [0 0 0 0 7 6 0 2 0]
 [2 0 0 5 0 0 8 0 0]
 [6 0 0 0 0 0 9 0 7]
 [0 0 0 0 0 9 0 5 0]
 [0 0 0 8 0 0 7 0 0]
 [4 0 1 0 2 0 0 0 0]]
Solution:
[[5 4 8 1 0 9 0 6 2]
 [9 2 1 6 3 8 4 0 5]
 [0 0 6 7 5 0 3 9 1]
 [8 3 2 9 1 5 6 4 0]
 [0 9 0 0 0 4 7 2 8]
 [1 6 5 3 7 2 0 0 9]
 [2 7 4 5 8 0 9 1 3]
 [3 5 0 0 4 1 2 8 6]
 [0 8 9 2 6 3 5 7 4]]
Number of cells unfilled: 17
Accuracy: 79.01234567901234
Sample: 66631
Question:
[[6 0 8 2 0 0 0 0 0]
 [0 5 0 0 0 3 0 8 0]
 [2 0 0 0 0 0 0 0 5]
 [0 6 0 8 0 0 0 0 3]
 [0 0 0 0 0 7 0 4 0]
 [0 0 0 0 9 0 1 0 0]
 [0 0 6 0 0 0 0 7 0]
 [0 2 0 5 0 0 0 0 4]
 [4 0 0 0 1 0 9 0 0]]
Solution:
[[5 4 8 1 0 9 0 6 2]
 [9 2 1 6 3 0 4 8 5]
 [0 0 6 7 5 2 3 9 1]
 [8 3 2 9 1 5 6 4 0]
 [0 9 0 0 2 4 7 5 8]
 [1 6 5 3 7 8 0 2 9]
 [2 7 4 5 8 0 9 1 3]
 [3 5 0 0 4 1 2 0 6]
 [0 8 9 2 6 3 5 7 4]]
Number of cells unfilled: 15
Accuracy: 81.48148148148148
Sample: 66632
Question:
[[0 3 0 0 5 0 0 0 1]
 [5 0 0 9 0 0 3 0 0]
 [0 0 2 0 0 0 6 5 0]
 [0 0 7 4 0 0 0 0 0]
 [2 0 0 0 0 9 0 0 0]
 [0 6 0 0 8 0 0 1 0]
 [0 8 0 6 3 0 1 0 0]
 [0 0 4 0 0 8 0 3 0]
 [0 0 0 7 0 0 0 0 8]]
Solution:
[[5 4 8 1 0 9 2 6 7]
 [9 2 7 6 3 0 4 8 5]
 [0 0 6 7 5 2 3 9 1]
 [8 3 2 9 1 5 6 4 0]
 [0 9 0 0 2 4 7 3 8]
 [1 6 5 3 7 8 0 0 2]
 [2 7 4 5 8 0 9 1 3]
 [3 5 0 2 4 1 8 7 6]
 [0 8 9 0 6 3 5 2 4]]
Number of cells unfilled: 14
Accuracy: 82.71604938271605
Sample: 66633
Question:
[[0 3 0 0 1 0 0 0 8]
 [0 0 8 0 0 0 0 6 0]
 [7 0 0 4 0 8 3 0 0]
 [0 7 0 8 0 0 4 0 0]
 [4 0 3 0 2 0 0 0 0]
 [8 0 9 0 0 0 0 0 5]
 [0 0 7 2 0 0 9 0 0]
 [0 0 0 0 0 5 0 1 0]
 [3 0 0 0 0 6 0 0 2]]
Solution:
[[5 4 8 1 0 9 0 6 2]
 [9 2 7 6 3 0 4 8 5]
 [0 0 6 7 5 2 3 9 1]
 [8 3 2 9 1 5 6 4 0]
 [0 9 0 0 2 4 7 3 8]
 [1 6 5 3 7 8 0 2 9]
 [2 7 4 5 8 0 9 1 3]
 [3 5 0 0 4 1 8 0 6]
 [0 8 9 2 6 3 5 7 4]]
Number of cells unfilled: 15
Accuracy: 81.48148148148148
Sample: 66634
Question:
[[1 2 0 4 0 0 0 9 6]
 [3 9 5 0 0 0 0 0 0]
 [0 0 0 0 0 0 0 0 0]
 [0 0 0 0 0 9 0 0 0]
 [0 7 0 5 6 1 0 0 0]
 [0 1 0 0 0 0 5 0 8]
 [0 0 0 0 5 0 0 0 1]
 [7 6 2 3 0 0 0 0 0]
 [4 0 0 6 0 0 3 2 0]]
Solution:
[[5 4 8 1 0 9 0 6 2]
 [9 2 7 6 3 0 4 8 5]
 [0 0 6 7 5 0 3 9 1]
 [8 3 2 9 1 5 6 4 0]
 [0 9 0 0 2 4 7 3 8]
 [1 6 5 3 7 8 0 2 9]
 [6 7 4 5 8 2 9 1 3]
 [3 5 0 0 4 1 8 7 6]
 [2 8 9 0 6 3 0 5 4]]
Number of cells unfilled: 15
Accuracy: 81.48148148148148
Sample: 66635
Question:
[[1 0 0 6 0 0 0 5 4]
 [6 0 0 0 7 0 0 0 0]
 [0 4 2 0 0 0 0 0 0]
 [0 1 3 0 4 0 0 8 0]
 [0 0 0 0 1 7 0 0 0]
 [0 0 0 3 5 9 0 0 0]
 [0 0 0 0 9 3 0 0 5]
 [4 0 7 0 0 1 0 0 0]
 [0 0 8 0 0 0 0 1 7]]
Solution:
[[5 4 8 1 2 9 0 6 7]
 [9 2 7 6 3 8 4 0 5]
 [0 0 6 7 5 0 3 9 1]
 [8 3 2 9 1 5 6 4 0]
 [0 9 0 2 0 4 7 3 8]
 [1 6 5 3 7 0 0 2 9]
 [6 7 4 5 8 2 9 1 3]
 [3 5 0 0 4 1 2 8 6]
 [2 8 9 0 6 3 5 7 4]]
Number of cells unfilled: 14
Accuracy: 82.71604938271605
Sample: 66636
Question:
[[0 0 3 4 0 8 5 0 0]
 [0 8 0 0 6 0 0 0 4]
 [0 0 0 0 0 2 0 8 0]
 [0 4 0 0 0 5 0 0 1]
 [7 0 0 0 0 0 9 0 0]
 [0 0 1 3 2 0 0 0 0]
 [0 1 0 0 0 0 0 0 5]
 [0 0 6 0 5 0 0 1 0]
 [9 0 0 0 0 1 7 0 6]]
Solution:
[[5 4 8 1 0 9 2 6 7]
 [9 2 1 6 3 0 4 8 5]
 [0 0 6 7 5 0 3 9 1]
 [8 3 2 9 1 5 6 4 0]
 [0 9 0 0 2 4 7 5 8]
 [1 6 5 3 7 8 0 0 2]
 [6 7 4 5 8 2 9 1 3]
 [3 5 0 0 4 1 8 2 6]
 [2 8 9 0 6 3 5 7 4]]
Number of cells unfilled: 14
Accuracy: 82.71604938271605
Sample: 66637
Question:
[[0 0 6 0 0 0 1 0 0]
 [7 0 0 0 0 0 0 0 5]
 [0 8 0 6 0 0 0 0 0]
 [0 4 0 0 0 0 3 0 0]
 [2 6 0 0 0 0 0 8 0]
 [8 0 5 0 9 4 0 0 0]
 [5 0 8 2 0 0 0 0 7]
 [0 7 2 0 0 3 0 0 4]
 [1 0 0 9 0 0 0 0 0]]
Solution:
[[5 4 8 1 0 9 0 6 2]
 [9 2 1 6 3 8 4 7 5]
 [0 0 6 7 2 0 3 9 1]
 [8 3 2 9 1 5 6 4 0]
 [0 9 0 0 0 4 7 2 8]
 [1 6 5 3 7 2 0 0 9]
 [2 7 4 5 8 0 9 1 3]
 [3 5 0 2 4 1 8 0 6]
 [0 8 9 0 6 3 2 5 4]]
Number of cells unfilled: 17
Accuracy: 79.01234567901234
Sample: 66638
Question:
[[0 0 0 0 0 4 5 8 0]
 [8 0 5 0 0 0 9 2 0]
 [0 2 0 9 0 0 0 0 1]
 [0 0 0 5 2 0 0 1 0]
 [7 0 0 0 0 8 0 0 0]
 [0 0 0 6 0 0 8 0 0]
 [0 9 0 0 5 0 1 0 0]
 [0 0 8 0 1 6 0 9 0]
 [0 0 3 0 0 0 0 0 8]]
Solution:
[[5 4 8 1 0 9 2 6 7]
 [9 2 7 6 3 0 4 8 5]
 [0 0 6 7 5 0 3 9 1]
 [8 3 2 9 1 5 6 4 0]
 [0 9 0 0 2 4 7 5 8]
 [1 6 5 3 7 8 0 0 9]
 [6 7 4 5 8 2 9 1 3]
 [3 5 0 0 4 1 8 2 6]
 [2 8 9 0 6 3 5 7 4]]
Number of cells unfilled: 14
Accuracy: 82.71604938271605
Sample: 66639
Question:
[[0 0 0 0 4 0 6 0 3]
 [0 0 7 6 0 0 0 9 0]
 [0 2 0 0 0 9 0 0 4]
 [2 0 0 4 0 0 0 0 0]
 [0 4 0 0 0 0 1 0 0]
 [7 0 5 0 0 6 0 0 0]
 [0 8 0 7 0 0 0 0 0]
 [9 7 4 0 6 0 0 5 0]
 [0 0 0 9 0 5 4 0 0]]
Solution:
[[5 4 8 1 0 9 0 6 2]
 [9 2 7 6 3 0 4 8 5]
 [0 0 6 7 5 2 3 9 1]
 [8 3 2 9 1 5 6 4 0]
 [0 9 0 0 2 4 7 3 8]
 [1 6 5 3 7 8 2 0 9]
 [2 7 4 5 8 0 9 1 3]
 [3 5 0 0 4 1 8 2 6]
 [0 8 9 2 6 3 5 7 4]]
Number of cells unfilled: 14
Accuracy: 82.71604938271605
Sample: 66640
Question:
[[0 0 0 0 5 0 0 0 0]
 [0 0 0 0 0 6 7 0 0]
 [0 1 0 4 8 0 0 0 6]
 [0 0 1 0 9 0 0 0 4]
 [9 4 0 0 0 0 6 8 0]
 [8 6 0 0 0 2 0 0 0]
 [0 9 0 1 0 5 0 0 0]
 [0 0 6 0 0 0 0 3 0]
 [1 0 0 8 6 0 0 0 9]]
Solution:
[[5 4 8 1 0 9 0 6 2]
 [9 2 1 6 3 8 4 7 5]
 [0 0 6 7 5 0 3 9 1]
 [8 3 2 9 1 5 6 4 0]
 [0 9 0 0 2 4 7 3 8]
 [1 6 5 3 7 0 0 2 9]
 [6 7 4 5 8 2 9 1 3]
 [3 5 0 0 4 1 2 8 6]
 [2 8 9 0 6 3 5 0 4]]
Number of cells unfilled: 15
Accuracy: 81.48148148148148
Sample: 66641
Question:
[[0 0 0 0 6 0 0 0 5]
 [7 0 5 0 0 0 0 0 9]
 [0 8 0 0 0 0 0 4 0]
 [0 2 0 5 0 0 9 0 8]
 [0 0 0 0 0 0 0 2 0]
 [0 0 8 0 0 2 5 0 4]
 [0 9 2 0 0 4 0 0 0]
 [0 0 3 0 5 0 1 0 0]
 [0 5 0 3 0 9 0 8 0]]
Solution:
[[5 4 8 1 0 9 2 6 7]
 [9 2 7 6 3 0 4 8 5]
 [0 0 6 7 5 2 3 9 1]
 [8 3 2 9 1 5 6 4 0]
 [0 9 0 0 2 4 7 5 8]
 [1 6 5 3 7 8 0 0 2]
 [2 7 4 5 8 0 9 1 3]
 [3 5 0 0 4 1 8 2 6]
 [0 8 9 2 6 3 5 7 4]]
Number of cells unfilled: 14
Accuracy: 82.71604938271605
Sample: 66642
Question:
[[0 0 0 1 0 2 0 0 6]
 [7 0 0 6 0 5 0 0 0]
 [5 0 2 0 3 0 0 1 0]
 [0 0 4 0 0 6 0 0 0]
 [6 0 0 0 0 0 0 0 8]
 [0 1 5 3 0 0 0 0 0]
 [4 0 0 2 0 0 6 0 0]
 [0 0 0 0 0 0 9 0 3]
 [0 5 6 0 0 3 0 2 0]]
Solution:
[[5 4 8 1 0 9 2 6 7]
 [9 2 1 6 3 0 4 8 5]
 [0 0 6 7 5 0 3 0 1]
 [8 3 2 9 1 5 6 4 0]
 [0 9 0 0 2 4 7 5 8]
 [1 6 5 3 7 8 0 9 2]
 [6 7 4 5 8 2 9 1 3]
 [3 5 0 0 4 1 8 2 6]
 [2 8 9 0 6 3 5 7 4]]
Number of cells unfilled: 14
Accuracy: 82.71604938271605
Sample: 66643
Question:
[[0 0 0 1 0 4 6 0 0]
 [4 0 0 7 0 3 0 0 0]
 [0 3 0 0 9 0 1 7 0]
 [0 7 0 9 0 0 0 0 1]
 [9 0 5 0 4 0 0 0 0]
 [0 0 4 0 0 7 2 0 0]
 [0 0 0 0 0 9 0 1 3]
 [8 0 0 0 0 0 4 0 0]
 [0 0 0 4 0 0 0 2 0]]
Solution:
[[5 4 8 1 0 9 0 6 2]
 [9 2 7 6 3 8 4 0 5]
 [0 0 6 7 2 0 3 9 1]
 [8 3 2 9 1 5 6 4 0]
 [0 9 0 0 0 4 7 5 8]
 [1 6 5 3 7 2 0 0 9]
 [2 7 4 5 8 0 9 1 3]
 [3 5 0 2 4 1 8 7 6]
 [0 8 9 0 6 3 5 2 4]]
Number of cells unfilled: 17
Accuracy: 79.01234567901234
Sample: 66644
Question:
[[0 0 0 7 0 0 0 0 0]
 [0 0 0 1 0 0 4 0 0]
 [0 0 5 0 2 0 0 9 0]
 [2 6 0 0 1 0 0 0 0]
 [0 0 1 9 0 0 0 0 0]
 [5 0 0 0 0 2 0 1 0]
 [0 3 6 0 0 8 9 0 0]
 [0 0 9 2 6 0 0 5 0]
 [0 0 0 0 9 0 0 6 8]]
Solution:
[[5 4 8 1 2 9 0 6 7]
 [9 2 7 6 3 8 4 0 5]
 [0 0 6 7 5 0 3 9 1]
 [8 3 2 9 1 5 6 4 0]
 [0 9 0 2 0 4 7 3 8]
 [1 6 5 3 7 0 0 0 2]
 [6 7 4 5 8 2 9 1 3]
 [3 5 0 0 4 1 2 8 6]
 [2 8 9 0 6 3 5 7 4]]
Number of cells unfilled: 15
Accuracy: 81.48148148148148
Sample: 66645
Question:
[[0 0 0 8 0 0 0 0 7]
 [0 0 1 0 0 2 3 0 0]
 [9 0 3 7 0 0 0 2 0]
 [6 0 0 0 0 0 1 7 0]
 [0 0 0 1 7 0 2 5 0]
 [0 2 0 0 0 5 0 0 3]
 [7 0 0 0 4 0 0 0 0]
 [0 9 0 0 0 0 0 0 0]
 [0 1 5 0 0 7 0 3 0]]
Solution:
[[5 4 8 1 0 9 2 6 7]
 [9 2 1 6 3 8 4 0 5]
 [0 0 6 7 2 0 3 8 1]
 [8 3 2 9 1 5 6 4 0]
 [0 9 0 2 0 4 7 3 8]
 [1 6 5 3 7 0 0 9 2]
 [6 7 4 5 8 2 9 1 3]
 [3 5 0 0 4 1 8 2 6]
 [2 8 9 0 6 3 5 7 4]]
Number of cells unfilled: 14
Accuracy: 82.71604938271605
Sample: 66646
Question:
[[0 0 1 0 2 7 0 0 5]
 [0 5 0 9 0 0 0 2 0]
 [2 0 0 0 0 0 1 4 0]
 [1 0 0 7 5 2 0 0 3]
 [0 3 5 0 0 0 0 0 0]
 [0 0 7 8 0 0 0 0 0]
 [0 1 0 0 7 3 0 0 2]
 [0 0 2 0 9 0 0 0 0]
 [0 0 0 0 0 0 6 0 0]]
Solution:
[[5 4 8 1 0 9 2 6 7]
 [9 2 1 6 3 0 4 8 5]
 [0 0 6 7 5 0 3 9 1]
 [8 3 2 9 1 5 6 4 0]
 [0 9 0 0 2 4 7 5 8]
 [1 6 5 3 7 8 0 0 2]
 [6 7 4 5 8 2 9 1 3]
 [3 5 0 0 4 1 8 2 6]
 [2 8 9 0 6 3 5 7 4]]
Number of cells unfilled: 14
Accuracy: 82.71604938271605
Sample: 66647
Question:
[[0 0 7 3 0 6 0 9 0]
 [0 0 0 0 7 0 0 0 0]
 [3 0 0 1 0 9 0 0 7]
 [0 5 0 0 0 0 0 0 0]
 [0 7 0 0 0 0 8 0 0]
 [0 0 3 0 1 0 0 0 9]
 [0 0 9 0 3 0 0 2 6]
 [2 0 0 0 0 4 0 0 0]
 [0 3 6 0 9 0 0 0 1]]
Solution:
[[5 4 8 1 0 9 0 6 2]
 [9 2 1 6 3 0 4 7 5]
 [0 0 6 7 5 0 3 9 1]
 [8 3 2 9 1 5 6 4 0]
 [0 9 0 0 2 4 7 5 8]
 [1 6 5 3 7 8 0 2 9]
 [6 7 4 5 8 2 9 1 3]
 [3 5 0 0 4 1 8 0 6]
 [2 8 9 0 6 3 5 0 4]]
Number of cells unfilled: 16
Accuracy: 80.24691358024691
Sample: 66648
Question:
[[0 0 9 0 3 0 0 0 6]
 [0 0 0 0 8 0 0 0 0]
 [0 4 0 5 0 0 9 0 0]
 [0 3 0 0 9 0 0 0 0]
 [0 0 4 0 0 5 3 0 0]
 [2 0 5 3 0 0 0 9 0]
 [7 2 0 0 0 1 0 0 0]
 [0 9 0 2 0 0 4 0 0]
 [0 5 0 9 0 0 2 1 0]]
Solution:
[[5 4 8 1 0 9 0 6 2]
 [9 2 7 6 3 0 4 0 5]
 [0 0 6 7 5 2 3 9 1]
 [8 3 2 9 1 5 6 4 0]
 [0 9 0 0 2 4 7 5 8]
 [1 6 5 3 7 8 0 2 9]
 [2 7 4 5 8 0 9 1 3]
 [3 5 0 0 4 1 2 8 6]
 [0 8 9 2 6 3 5 7 4]]
Number of cells unfilled: 15
Accuracy: 81.48148148148148
Sample: 66649
Question:
[[0 4 0 0 0 0 0 0 0]
 [0 0 2 0 6 1 0 9 0]
 [0 0 0 0 0 5 0 0 2]
 [0 0 0 0 0 0 0 6 7]
 [0 0 6 0 2 7 9 0 0]
 [0 0 0 3 0 0 0 0 1]
 [0 0 7 0 1 2 0 0 9]
 [8 9 0 0 7 0 2 0 0]
 [0 0 0 5 0 0 0 7 0]]
Solution:
[[5 4 8 1 0 9 2 6 7]
 [9 2 7 6 3 0 4 8 5]
 [0 0 6 7 5 2 3 9 1]
 [8 3 2 9 1 5 6 4 0]
 [0 9 0 0 2 4 7 3 8]
 [1 6 5 3 7 8 0 0 9]
 [2 7 4 5 8 0 9 1 3]
 [3 5 0 0 4 1 8 2 6]
 [0 8 9 2 6 3 5 7 4]]
Number of cells unfilled: 14
Accuracy: 82.71604938271605
Sample: 66650
Question:
[[0 4 0 0 5 0 6 8 0]
 [0 0 5 0 0 0 0 0 1]
 [8 0 0 4 0 2 0 0 0]
 [0 0 4 0 8 0 3 6 0]
 [0 0 0 9 0 0 0 0 8]
 [0 0 0 0 0 0 0 1 0]
 [0 6 8 0 0 0 0 0 7]
 [4 0 0 0 3 0 0 5 6]
 [0 5 3 8 0 0 0 0 0]]
Solution:
[[5 4 8 1 0 9 0 6 2]
 [9 2 1 6 3 0 4 8 5]
 [0 0 6 7 5 2 3 9 1]
 [8 3 2 9 1 5 6 4 0]
 [0 9 0 0 2 4 7 3 8]
 [1 6 5 3 7 8 0 2 9]
 [2 7 4 5 8 0 9 1 3]
 [3 5 0 2 4 1 8 7 6]
 [0 8 9 0 6 3 2 5 4]]
Number of cells unfilled: 14
Accuracy: 82.71604938271605
Sample: 66651
Question:
[[0 4 0 3 8 0 0 0 6]
 [0 0 0 0 0 7 0 4 0]
 [6 0 1 0 0 0 8 0 0]
 [0 0 0 0 0 2 0 0 3]
 [0 5 0 8 4 3 6 0 0]
 [8 0 0 0 0 0 0 5 4]
 [0 0 0 0 7 0 0 0 0]
 [9 0 0 0 0 8 0 0 0]
 [0 8 0 5 3 0 0 6 0]]
Solution:
[[5 4 8 1 0 9 0 6 2]
 [9 2 7 6 3 8 4 0 5]
 [0 0 6 7 5 0 3 9 1]
 [8 3 2 9 1 5 6 4 0]
 [0 9 0 0 2 4 7 3 8]
 [1 6 5 3 7 0 0 2 9]
 [6 7 4 5 8 2 9 1 3]
 [3 5 0 0 4 1 2 8 6]
 [2 8 9 0 6 3 5 7 4]]
Number of cells unfilled: 15
Accuracy: 81.48148148148148
Sample: 66652
Question:
[[0 8 0 0 0 0 0 0 3]
 [0 0 0 0 0 0 0 0 1]
 [9 0 0 6 0 0 0 7 0]
 [0 9 0 0 5 0 4 0 0]
 [6 0 0 9 0 0 0 2 7]
 [2 0 4 7 0 0 0 9 0]
 [0 0 0 3 0 0 0 0 9]
 [0 0 0 0 2 7 0 3 0]
 [3 0 0 0 0 6 7 0 0]]
Solution:
[[5 4 8 1 0 9 2 6 7]
 [9 2 7 6 3 0 4 8 5]
 [0 0 6 7 5 2 3 9 1]
 [8 3 2 9 1 5 6 4 0]
 [0 9 0 0 2 4 7 3 8]
 [1 6 5 3 7 8 0 0 9]
 [2 7 4 5 8 0 9 1 3]
 [3 5 0 2 4 1 8 7 6]
 [0 8 9 0 6 3 5 2 4]]
Number of cells unfilled: 14
Accuracy: 82.71604938271605
Sample: 66653
Question:
[[0 9 0 5 0 2 0 0 3]
 [7 0 0 0 0 0 9 2 0]
 [0 0 0 8 0 0 7 5 0]
 [0 2 0 0 5 0 0 3 0]
 [0 0 7 1 0 0 2 0 0]
 [3 0 4 0 0 0 0 0 7]
 [0 7 0 0 9 5 3 0 0]
 [0 0 0 0 0 1 0 0 0]
 [6 0 0 7 0 0 0 0 0]]
Solution:
[[5 4 8 1 2 9 0 6 7]
 [9 2 1 6 3 8 4 0 5]
 [0 0 6 7 5 0 3 9 1]
 [8 3 2 9 1 5 6 4 0]
 [0 9 0 2 0 4 7 5 8]
 [1 6 5 3 7 0 0 2 9]
 [6 7 4 5 8 2 9 1 3]
 [3 5 0 0 4 1 2 8 6]
 [2 8 9 0 6 3 5 7 4]]
Number of cells unfilled: 14
Accuracy: 82.71604938271605
Sample: 66654
Question:
[[0 9 0 7 0 0 0 4 1]
 [0 0 8 0 0 0 0 0 0]
 [0 0 0 0 9 0 0 0 2]
 [0 0 0 0 1 0 5 0 0]
 [0 0 0 4 3 0 0 0 0]
 [0 4 0 0 0 7 1 9 0]
 [0 0 0 3 0 0 2 0 0]
 [6 0 7 0 0 9 0 3 0]
 [0 3 0 0 7 0 0 1 9]]
Solution:
[[5 4 8 1 0 9 0 6 7]
 [9 2 1 6 3 8 4 0 5]
 [0 0 6 7 5 0 3 2 1]
 [8 3 2 9 1 5 6 4 0]
 [0 9 0 0 2 4 7 3 8]
 [1 6 5 3 7 0 0 9 2]
 [6 7 4 5 8 2 9 1 3]
 [3 5 0 0 4 1 2 8 6]
 [2 8 9 0 6 3 5 7 4]]
Number of cells unfilled: 15
Accuracy: 81.48148148148148
Sample: 66655
Question:
[[1 0 9 0 0 0 0 0 0]
 [2 0 0 5 0 0 0 4 0]
 [0 5 0 0 0 9 8 0 2]
 [0 2 0 9 0 0 6 0 8]
 [0 0 7 0 0 0 0 0 0]
 [0 0 0 0 0 2 0 0 4]
 [0 6 0 0 9 0 2 8 5]
 [0 0 0 6 0 5 0 0 0]
 [0 0 0 2 0 8 0 3 0]]
Solution:
[[5 4 8 1 0 9 2 6 7]
 [9 2 7 6 3 0 4 8 5]
 [0 0 6 7 2 8 3 9 1]
 [8 3 2 9 1 5 6 4 0]
 [0 9 0 0 0 4 7 3 8]
 [1 6 5 3 7 2 0 0 9]
 [2 7 4 5 8 0 9 1 3]
 [3 5 0 2 4 1 8 7 6]
 [0 8 9 0 6 3 5 2 4]]
Number of cells unfilled: 15
Accuracy: 81.48148148148148
Sample: 66656
Question:
[[4 0 2 3 0 0 0 6 0]
 [0 0 0 0 4 7 3 0 2]
 [0 5 0 0 0 0 0 0 7]
 [0 4 0 0 8 0 0 0 0]
 [0 0 1 0 0 0 0 0 4]
 [3 0 7 0 0 0 6 0 0]
 [7 0 0 2 0 0 0 0 6]
 [6 1 0 0 0 4 2 0 0]
 [0 0 0 0 0 9 0 4 0]]
Solution:
[[5 4 8 1 0 9 0 6 2]
 [9 2 1 6 3 8 4 7 5]
 [0 0 6 7 5 0 3 8 1]
 [8 3 2 9 1 5 6 4 0]
 [0 9 0 0 2 4 7 3 8]
 [1 6 5 3 7 0 2 0 9]
 [6 7 4 5 8 2 9 1 3]
 [3 5 0 0 4 1 8 2 6]
 [2 8 9 0 6 3 5 0 4]]
Number of cells unfilled: 15
Accuracy: 81.48148148148148
Sample: 66657
Question:
[[9 0 8 0 0 4 0 0 0]
 [3 0 6 0 0 0 0 0 0]
 [0 5 0 9 0 8 3 0 0]
 [0 0 9 0 2 0 0 0 0]
 [5 0 0 3 8 0 9 0 0]
 [0 0 0 0 0 0 0 7 0]
 [0 0 5 8 9 0 6 0 0]
 [6 0 0 0 0 2 0 0 0]
 [0 0 0 6 0 0 0 5 1]]
Solution:
[[5 4 8 1 0 9 2 6 7]
 [9 2 1 6 3 0 4 8 5]
 [0 0 6 7 5 2 3 9 1]
 [8 3 2 9 1 5 6 4 0]
 [0 9 0 0 2 4 7 3 8]
 [1 6 5 3 7 8 0 0 2]
 [2 7 4 5 8 0 9 1 3]
 [3 5 0 0 4 1 8 2 6]
 [0 8 9 2 6 3 5 7 4]]
Number of cells unfilled: 14
Accuracy: 82.71604938271605
Sample: 66658
Question:
[[0 0 6 4 0 0 2 0 0]
 [0 0 0 0 0 9 0 6 0]
 [0 0 0 0 6 0 5 0 4]
 [8 7 0 0 0 4 0 0 0]
 [9 0 4 0 5 0 0 2 8]
 [0 0 2 0 9 0 7 0 0]
 [3 0 0 0 0 0 0 0 0]
 [0 0 9 0 4 0 0 5 0]
 [0 4 0 0 0 2 0 0 1]]
Solution:
[[5 4 8 1 0 9 2 6 7]
 [9 2 1 6 3 0 4 8 5]
 [0 0 6 7 2 8 3 9 1]
 [8 3 2 9 1 5 6 4 0]
 [0 9 0 0 0 4 7 5 8]
 [1 6 5 3 7 2 0 0 9]
 [2 7 4 5 8 0 9 1 3]
 [3 5 0 0 4 1 8 2 6]
 [0 8 9 2 6 3 5 7 4]]
Number of cells unfilled: 15
Accuracy: 81.48148148148148
Sample: 66659
Question:
[[6 0 0 0 0 1 0 0 0]
 [0 5 0 2 0 0 0 1 0]
 [0 0 1 7 5 0 0 0 9]
 [0 0 0 0 3 0 0 0 0]
 [3 8 0 5 0 0 0 0 2]
 [9 0 5 0 0 2 0 6 0]
 [0 0 7 0 0 5 0 9 0]
 [5 0 0 4 0 0 8 0 0]
 [0 0 0 0 0 0 0 0 4]]
Solution:
[[5 4 8 1 0 9 2 6 7]
 [9 2 1 6 3 0 4 8 5]
 [0 0 6 7 5 2 3 9 1]
 [8 3 2 9 1 5 6 4 0]
 [0 9 0 0 2 4 7 3 8]
 [1 6 5 3 7 8 0 0 9]
 [2 7 4 5 8 0 9 1 3]
 [3 5 0 2 4 1 8 7 6]
 [0 8 9 0 6 3 5 2 4]]
Number of cells unfilled: 14
Accuracy: 82.71604938271605
Sample: 66660
Question:
[[7 0 0 0 0 3 0 0 0]
 [0 8 0 0 5 0 0 0 1]
 [0 0 9 6 0 0 0 2 0]
 [0 0 3 0 0 0 5 0 0]
 [0 1 0 0 2 0 0 8 0]
 [0 0 0 0 0 6 1 0 0]
 [0 0 0 0 0 9 0 4 0]
 [0 4 0 0 8 0 2 0 0]
 [0 0 7 0 0 0 0 0 8]]
Solution:
[[5 4 8 1 0 9 0 6 2]
 [9 2 1 6 3 0 4 8 5]
 [0 0 6 7 5 2 3 9 1]
 [8 3 2 9 1 5 6 4 0]
 [0 9 0 0 2 4 7 3 8]
 [1 6 5 3 7 8 0 2 9]
 [2 7 4 5 8 0 9 1 3]
 [3 5 0 2 4 1 8 7 6]
 [0 8 9 0 6 3 2 5 4]]
Number of cells unfilled: 14
Accuracy: 82.71604938271605
Sample: 66661
Question:
[[9 0 0 0 0 2 0 3 0]
 [0 0 0 0 3 5 0 4 6]
 [8 0 0 0 1 0 5 0 0]
 [5 9 0 0 7 0 0 0 0]
 [0 0 0 0 0 0 0 1 0]
 [7 0 1 0 0 0 3 0 4]
 [4 0 5 0 0 7 0 0 0]
 [0 0 0 0 0 1 0 0 8]
 [0 2 0 0 0 9 0 0 0]]
Solution:
[[5 4 8 1 0 9 0 6 2]
 [9 2 1 6 3 0 4 7 5]
 [0 0 6 7 5 2 3 8 1]
 [8 3 2 9 1 5 6 4 0]
 [0 9 0 0 2 4 7 3 8]
 [1 6 5 3 7 8 2 0 9]
 [2 7 4 5 8 0 9 1 3]
 [3 5 0 2 4 1 8 0 6]
 [0 8 9 0 6 3 5 2 4]]
Number of cells unfilled: 15
Accuracy: 81.48148148148148
Sample: 66662
Question:
[[0 7 0 2 0 0 0 3 0]
 [0 0 0 0 0 4 5 0 0]
 [5 0 1 0 0 0 9 0 0]
 [0 8 0 0 0 0 0 0 3]
 [0 0 2 8 0 0 0 0 9]
 [7 0 0 0 0 2 0 8 0]
 [0 3 0 7 0 0 0 9 0]
 [0 0 0 0 6 1 0 0 0]
 [4 0 0 0 0 0 0 0 6]]
Solution:
[[5 4 8 1 0 9 0 6 2]
 [9 2 7 6 3 0 4 8 5]
 [0 0 6 7 5 2 3 9 1]
 [8 3 2 9 1 5 6 4 0]
 [0 9 0 0 2 4 7 3 8]
 [1 6 5 3 7 8 0 2 9]
 [2 7 4 5 8 0 9 1 3]
 [3 5 0 0 4 1 8 7 6]
 [0 8 9 2 6 3 0 5 4]]
Number of cells unfilled: 15
Accuracy: 81.48148148148148
Sample: 66663
Question:
[[0 6 0 0 0 1 0 0 0]
 [0 8 0 0 9 0 0 0 4]
 [9 0 0 7 0 0 0 5 0]
 [0 0 0 5 7 0 0 0 6]
 [0 4 0 2 0 0 0 0 0]
 [5 0 0 0 0 9 0 2 0]
 [0 5 0 0 0 0 0 0 3]
 [1 0 0 0 2 0 0 7 0]
 [0 0 8 0 0 0 9 0 0]]
Solution:
[[5 4 8 1 0 9 2 6 7]
 [9 2 7 6 3 0 4 8 5]
 [0 0 6 7 5 0 3 9 1]
 [8 3 2 9 1 5 6 4 0]
 [0 9 0 0 2 4 7 5 8]
 [1 6 5 3 7 8 0 0 9]
 [6 7 4 5 8 2 9 1 3]
 [3 5 0 0 4 1 8 2 6]
 [2 8 9 0 6 3 5 7 4]]
Number of cells unfilled: 14
Accuracy: 82.71604938271605
Sample: 66664
Question:
[[0 1 0 0 0 0 3 0 8]
 [0 0 0 7 2 0 1 0 4]
 [5 0 0 4 0 0 0 9 0]
 [8 0 0 9 5 0 0 0 7]
 [0 0 0 0 8 0 0 0 0]
 [0 4 0 0 0 0 0 0 0]
 [0 0 6 0 0 9 0 0 1]
 [9 0 0 0 0 0 0 0 0]
 [0 0 3 2 1 0 6 0 0]]
Solution:
[[5 4 8 1 0 9 2 6 7]
 [9 2 7 6 3 8 4 0 5]
 [0 0 6 7 2 0 3 9 1]
 [8 3 2 9 1 5 6 4 0]
 [0 9 0 2 0 4 7 3 8]
 [1 6 5 3 7 0 0 0 2]
 [6 7 4 5 8 2 9 1 3]
 [3 5 0 0 4 1 8 2 6]
 [2 8 9 0 6 3 5 7 4]]
Number of cells unfilled: 15
Accuracy: 81.48148148148148
Sample: 66665
Question:
[[5 3 2 0 0 0 7 0 0]
 [9 0 0 0 2 0 0 0 4]
 [0 6 0 1 0 9 0 0 3]
 [0 2 0 0 9 0 0 0 0]
 [0 8 0 0 0 1 5 0 0]
 [7 0 0 2 0 8 9 0 0]
 [3 0 0 4 0 0 0 0 0]
 [0 0 4 0 3 0 1 7 0]
 [0 0 0 5 0 0 0 0 0]]
Solution:
[[5 4 8 1 0 9 2 6 7]
 [9 2 7 6 3 0 4 8 5]
 [0 0 6 7 5 2 3 9 1]
 [8 3 2 9 1 5 6 4 0]
 [0 9 0 0 2 4 7 3 8]
 [1 6 5 3 7 8 0 0 2]
 [2 7 4 5 8 0 9 1 3]
 [3 5 0 0 4 1 8 2 6]
 [0 8 9 2 6 3 5 7 4]]
Number of cells unfilled: 14
Accuracy: 82.71604938271605
Sample: 66666
Question:
[[0 0 5 0 0 6 4 0 0]
 [0 6 0 5 0 0 0 3 0]
 [1 0 0 0 7 0 0 0 0]
 [9 0 0 0 0 0 2 0 3]
 [0 0 8 0 0 9 0 6 0]
 [0 4 0 0 0 0 9 0 0]
 [0 8 0 6 0 0 0 2 0]
 [0 0 2 0 0 4 0 0 5]
 [7 0 0 2 1 0 0 0 0]]
Solution:
[[5 4 8 1 0 9 0 6 2]
 [9 2 1 6 3 0 4 7 5]
 [0 0 6 7 5 2 3 9 1]
 [8 3 2 9 1 5 6 4 0]
 [0 9 0 0 2 4 7 3 8]
 [1 6 5 3 7 8 0 2 9]
 [2 7 4 5 8 0 9 1 3]
 [3 5 0 2 4 1 0 8 6]
 [0 8 9 0 6 3 2 5 4]]
Number of cells unfilled: 15
Accuracy: 81.48148148148148
Sample: 66667
Question:
[[0 0 8 0 0 6 0 4 1]
 [0 5 0 0 9 0 0 0 0]
 [0 1 0 8 2 0 9 0 0]
 [3 0 0 0 0 0 0 0 0]
 [0 0 0 0 0 5 0 0 9]
 [9 0 0 3 4 0 0 0 0]
 [1 0 6 2 0 9 4 0 8]
 [0 2 0 0 0 0 0 0 0]
 [0 3 0 0 0 0 0 5 6]]
Solution:
[[5 4 8 1 2 9 0 6 7]
 [9 2 1 6 3 8 4 0 5]
 [0 0 6 7 5 0 3 9 1]
 [8 3 2 9 1 5 6 4 0]
 [0 9 0 2 0 4 7 5 8]
 [1 6 5 3 7 0 2 0 9]
 [6 7 4 5 8 2 9 1 3]
 [3 5 0 0 4 1 8 2 6]
 [2 8 9 0 6 3 5 7 4]]
Number of cells unfilled: 14
Accuracy: 82.71604938271605
Sample: 66668
Question:
[[0 0 4 7 0 0 0 0 0]
 [0 2 0 0 1 0 0 0 0]
 [5 0 0 0 0 8 3 0 0]
 [8 0 0 0 0 3 0 9 0]
 [0 0 7 0 5 0 0 0 0]
 [0 1 0 2 0 0 0 0 0]
 [0 0 0 0 0 0 6 5 0]
 [0 0 0 0 4 0 9 3 0]
 [6 0 0 0 0 9 0 8 0]]
Solution:
[[5 4 8 1 2 9 0 6 7]
 [9 2 7 6 3 8 4 0 5]
 [0 0 6 7 5 0 3 9 1]
 [8 3 2 9 1 5 6 4 0]
 [0 9 0 2 0 4 7 5 8]
 [1 6 5 3 7 0 0 0 2]
 [6 7 4 5 8 2 9 1 3]
 [3 5 0 0 4 1 8 2 6]
 [2 8 9 0 6 3 5 7 4]]
Number of cells unfilled: 15
Accuracy: 81.48148148148148
Sample: 66669
Question:
[[0 3 9 0 7 0 0 0 0]
 [8 5 1 0 0 3 0 0 0]
 [0 0 0 9 0 0 0 0 0]
 [3 0 7 0 0 5 0 0 0]
 [1 0 0 0 4 7 3 0 0]
 [5 0 0 0 0 8 0 0 6]
 [2 0 0 0 0 0 0 9 5]
 [0 8 0 0 0 0 6 0 0]
 [0 0 0 2 0 0 8 4 0]]
Solution:
[[5 4 8 1 0 9 2 6 7]
 [9 2 1 6 3 0 4 8 5]
 [0 0 6 7 5 0 3 9 1]
 [8 3 2 9 1 5 6 4 0]
 [0 9 0 0 2 4 7 3 8]
 [1 6 5 3 7 8 0 0 9]
 [6 7 4 5 8 2 9 1 3]
 [3 5 0 0 4 1 8 2 6]
 [2 8 9 0 6 3 5 7 4]]
Number of cells unfilled: 14
Accuracy: 82.71604938271605
Sample: 66670
Question:
[[0 0 0 0 6 0 0 0 1]
 [0 0 0 1 0 0 0 3 0]
 [5 0 0 0 0 2 9 0 0]
 [8 0 0 0 0 9 5 0 0]
 [0 0 0 0 0 0 0 7 0]
 [0 0 6 7 3 0 0 0 4]
 [0 9 5 0 0 4 0 0 2]
 [4 0 0 2 0 0 0 0 0]
 [0 8 0 0 0 0 4 0 0]]
Solution:
[[5 4 8 1 0 9 2 6 7]
 [9 2 1 6 3 0 4 8 5]
 [0 0 6 7 5 0 3 9 1]
 [8 3 2 9 1 5 6 4 0]
 [0 9 0 0 2 4 7 5 8]
 [1 6 5 3 7 8 0 0 9]
 [6 7 4 5 8 2 9 1 3]
 [3 5 0 0 4 1 8 2 6]
 [2 8 9 0 6 3 5 7 4]]
Number of cells unfilled: 14
Accuracy: 82.71604938271605
Sample: 66671
Question:
[[0 0 0 2 8 0 0 0 0]
 [0 4 0 0 0 9 0 8 2]
 [0 0 0 0 0 0 6 9 0]
 [0 0 0 0 7 0 3 0 0]
 [0 0 4 0 0 5 0 0 7]
 [0 7 0 9 0 0 0 2 5]
 [7 0 0 5 0 0 0 0 0]
 [4 0 1 0 0 7 0 0 0]
 [0 5 0 0 9 0 0 7 8]]
Solution:
[[5 4 8 1 0 9 2 6 7]
 [9 2 7 6 3 0 4 8 5]
 [0 0 6 7 5 8 3 9 1]
 [8 3 2 9 1 5 6 4 0]
 [0 9 0 0 0 4 7 3 8]
 [1 6 5 3 7 2 0 0 9]
 [2 7 4 5 8 0 9 1 3]
 [3 5 0 2 4 1 8 7 6]
 [0 8 9 0 6 3 5 2 4]]
Number of cells unfilled: 15
Accuracy: 81.48148148148148
Sample: 66672
Question:
[[0 0 1 0 0 0 0 2 0]
 [6 7 0 3 0 0 0 0 5]
 [5 2 0 7 0 0 0 0 3]
 [0 6 0 0 7 0 0 0 8]
 [0 0 7 8 0 0 3 0 0]
 [8 0 0 0 0 6 5 0 0]
 [7 0 0 6 0 0 0 0 4]
 [0 0 6 0 4 0 0 0 0]
 [0 4 0 0 9 0 0 0 0]]
Solution:
[[5 4 8 1 0 9 2 6 7]
 [9 2 1 6 3 0 4 8 5]
 [0 0 6 7 5 0 3 9 1]
 [8 3 2 9 1 5 6 4 0]
 [0 9 0 0 2 4 7 5 8]
 [1 6 5 3 7 8 0 0 9]
 [6 7 4 5 8 2 9 1 3]
 [3 5 0 0 4 1 8 2 6]
 [2 8 9 0 6 3 5 7 4]]
Number of cells unfilled: 14
Accuracy: 82.71604938271605
Sample: 66673
Question:
[[0 8 0 3 0 9 0 1 0]
 [7 0 0 0 0 2 0 0 0]
 [0 0 1 8 0 0 2 3 0]
 [1 0 0 0 3 0 0 9 0]
 [0 9 0 0 8 0 6 0 0]
 [0 0 6 9 0 0 0 0 1]
 [0 1 0 5 0 0 0 6 0]
 [0 0 5 0 0 0 0 0 4]
 [6 0 0 0 0 0 0 0 5]]
Solution:
[[5 4 8 1 0 9 2 6 7]
 [9 2 1 6 3 0 4 8 5]
 [0 0 6 7 2 8 3 9 1]
 [8 3 2 9 1 5 6 4 0]
 [0 9 0 0 0 4 7 5 8]
 [1 6 5 3 7 2 0 0 9]
 [2 7 4 5 8 0 9 1 3]
 [3 5 0 0 4 1 8 2 6]
 [0 8 9 2 6 3 5 7 4]]
Number of cells unfilled: 15
Accuracy: 81.48148148148148
Sample: 66674
Question:
[[3 0 0 0 0 5 4 0 0]
 [0 8 0 0 4 0 0 0 3]
 [0 1 0 3 0 0 0 5 0]
 [0 0 0 0 0 2 9 0 0]
 [2 0 0 4 0 0 0 0 5]
 [0 0 0 0 5 0 2 0 0]
 [8 0 3 1 0 0 0 0 4]
 [1 0 0 5 0 4 0 0 8]
 [0 0 6 0 7 0 0 0 0]]
Solution:
[[5 4 8 1 0 9 2 6 7]
 [9 2 7 6 3 0 4 8 5]
 [0 0 6 7 5 2 3 9 1]
 [8 3 2 9 1 5 6 4 0]
 [0 9 0 0 2 4 7 3 8]
 [1 6 5 3 7 8 0 0 2]
 [2 7 4 5 8 0 9 1 3]
 [3 5 0 2 4 1 8 7 6]
 [0 8 9 0 6 3 5 2 4]]
Number of cells unfilled: 14
Accuracy: 82.71604938271605
Sample: 66675
Question:
[[8 0 0 0 0 0 0 0 5]
 [5 3 0 0 0 0 0 0 0]
 [0 0 2 5 0 0 0 3 0]
 [0 0 6 4 0 0 0 2 3]
 [0 0 3 6 0 0 0 4 7]
 [0 0 0 0 7 0 9 0 0]
 [0 2 0 0 0 4 0 1 0]
 [3 0 0 1 0 0 0 0 2]
 [0 0 1 0 0 6 3 0 0]]
Solution:
[[5 4 8 1 2 9 0 6 7]
 [9 2 7 6 3 0 4 8 5]
 [0 0 6 7 5 8 3 9 1]
 [8 3 2 9 1 5 6 4 0]
 [0 9 0 0 0 4 7 2 8]
 [1 6 5 3 7 2 0 0 9]
 [2 7 4 5 8 0 9 1 3]
 [3 5 0 2 4 1 8 7 6]
 [0 8 9 0 6 3 2 5 4]]
Number of cells unfilled: 15
Accuracy: 81.48148148148148
Sample: 66676
Question:
[[0 0 6 0 0 0 0 0 0]
 [0 5 0 9 0 0 0 4 0]
 [1 0 0 0 3 0 0 0 7]
 [0 8 0 4 0 0 2 0 0]
 [0 0 7 0 0 9 0 0 5]
 [2 0 0 0 1 0 0 7 0]
 [5 0 0 0 4 0 7 0 0]
 [0 0 8 0 0 0 0 1 0]
 [0 0 0 6 0 0 0 5 3]]
Solution:
[[5 4 8 1 0 9 0 6 2]
 [9 2 1 6 3 0 4 7 5]
 [0 0 6 7 5 0 3 9 1]
 [8 3 2 9 1 5 6 4 0]
 [0 9 0 0 2 4 7 3 8]
 [1 6 5 3 7 8 0 2 9]
 [6 7 4 5 8 2 9 1 3]
 [3 5 0 0 4 1 2 8 6]
 [2 8 9 0 6 3 5 0 4]]
Number of cells unfilled: 15
Accuracy: 81.48148148148148
Sample: 66677
Question:
[[0 0 0 1 0 2 0 6 0]
 [0 4 0 0 0 0 0 0 0]
 [1 0 0 0 7 0 3 0 0]
 [0 9 0 0 0 0 0 8 0]
 [8 0 0 0 1 0 7 0 0]
 [0 0 2 6 0 0 0 0 9]
 [0 8 0 0 0 1 5 0 0]
 [5 0 0 8 0 4 0 7 0]
 [0 0 3 0 5 0 0 0 0]]
Solution:
[[5 4 8 1 0 9 0 6 2]
 [9 2 1 6 3 0 4 8 5]
 [0 0 6 7 2 8 3 9 1]
 [8 3 2 9 1 5 6 4 0]
 [0 9 0 0 0 4 7 5 8]
 [1 6 5 3 7 2 0 0 9]
 [2 7 4 5 8 0 9 1 3]
 [3 5 0 0 4 1 8 2 6]
 [0 8 9 2 6 3 5 7 4]]
Number of cells unfilled: 16
Accuracy: 80.24691358024691
Sample: 66678
Question:
[[0 0 5 0 0 1 0 0 2]
 [0 7 0 0 0 0 9 0 0]
 [2 0 0 0 4 0 0 8 0]
 [0 0 0 7 0 0 0 1 4]
 [4 0 0 0 6 0 8 0 0]
 [0 3 0 4 0 0 0 0 0]
 [0 0 2 3 0 0 0 6 0]
 [6 0 0 0 9 0 0 0 8]
 [0 5 0 0 0 0 2 0 0]]
Solution:
[[5 4 8 1 0 9 2 6 7]
 [9 2 7 6 3 0 4 8 5]
 [0 0 6 7 2 5 3 9 1]
 [8 3 2 9 1 0 6 4 0]
 [0 9 0 0 0 4 7 5 8]
 [1 6 5 3 7 8 0 0 9]
 [2 7 4 5 8 0 9 1 3]
 [3 5 0 2 4 1 8 7 6]
 [0 8 9 0 6 3 5 2 4]]
Number of cells unfilled: 16
Accuracy: 80.24691358024691
Sample: 66679
Question:
[[4 0 0 9 7 0 0 5 8]
 [0 8 0 0 0 1 9 0 0]
 [0 0 0 0 0 0 3 0 0]
 [0 6 8 0 0 7 0 0 0]
 [3 0 0 0 0 0 0 0 0]
 [0 2 0 0 5 0 0 8 0]
 [8 0 0 0 4 0 0 7 0]
 [1 4 0 0 0 0 0 0 0]
 [0 9 0 5 3 0 1 4 0]]
Solution:
[[5 4 8 1 0 9 0 6 2]
 [9 2 7 6 3 0 4 8 5]
 [0 0 6 7 2 5 3 9 1]
 [8 3 2 9 1 0 6 4 0]
 [0 9 0 0 5 4 7 3 8]
 [1 6 5 3 7 8 0 2 9]
 [2 7 4 5 8 0 9 1 3]
 [3 5 0 2 4 1 8 7 6]
 [0 8 9 0 6 3 2 5 4]]
Number of cells unfilled: 15
Accuracy: 81.48148148148148
Sample: 66680
Question:
[[0 2 0 0 0 4 8 0 0]
 [5 0 0 0 9 0 3 0 1]
 [3 0 0 8 7 1 0 9 0]
 [7 0 0 0 0 2 9 0 0]
 [0 0 2 0 3 0 0 1 4]
 [0 0 6 9 0 0 0 7 5]
 [0 5 0 0 6 7 4 0 3]
 [1 0 0 5 0 0 0 0 6]
 [0 8 0 4 0 0 0 0 0]]
Solution:
[[5 4 8 1 0 9 0 6 2]
 [9 2 1 6 3 8 4 0 5]
 [0 0 6 7 2 0 3 9 1]
 [8 3 2 9 1 5 6 4 0]
 [0 9 0 0 0 4 7 5 8]
 [1 6 5 3 7 2 0 0 9]
 [2 7 4 5 8 0 9 1 3]
 [3 5 0 0 4 1 2 8 6]
 [0 8 9 2 6 3 5 7 4]]
Number of cells unfilled: 17
Accuracy: 79.01234567901234
Sample: 66681
Question:
[[0 0 0 0 2 5 7 6 0]
 [0 0 0 0 0 0 0 2 9]
 [0 0 0 0 0 7 0 0 0]
 [7 0 0 8 0 0 0 0 0]
 [0 4 0 0 5 3 1 0 0]
 [0 0 3 0 1 4 0 8 0]
 [9 0 7 0 4 1 0 0 0]
 [2 0 0 3 0 0 9 0 0]
 [8 3 0 0 0 0 2 0 1]]
Solution:
[[5 4 8 1 0 9 2 6 7]
 [9 2 1 6 3 8 4 0 5]
 [0 0 6 7 5 0 3 8 1]
 [8 3 2 9 1 5 6 4 0]
 [0 9 0 0 2 4 7 3 8]
 [1 6 5 3 7 0 0 9 2]
 [6 7 4 5 8 2 9 1 3]
 [3 5 0 0 4 1 8 2 6]
 [2 8 9 0 6 3 5 7 4]]
Number of cells unfilled: 14
Accuracy: 82.71604938271605
Sample: 66682
Question:
[[5 0 0 0 2 0 4 0 0]
 [0 0 8 0 0 0 0 2 0]
 [0 3 0 6 0 0 0 0 7]
 [6 0 0 0 5 0 0 0 0]
 [0 0 7 2 0 0 0 0 3]
 [0 8 0 0 0 9 0 6 0]
 [0 9 0 0 0 1 0 0 4]
 [8 0 0 0 3 0 1 0 0]
 [0 0 1 7 0 0 0 8 0]]
Solution:
[[5 4 8 2 0 9 0 6 7]
 [9 2 1 6 3 0 4 0 5]
 [0 0 6 7 5 0 3 2 1]
 [8 3 2 9 1 5 6 4 0]
 [0 9 0 0 2 4 7 3 8]
 [1 6 5 3 7 8 0 9 2]
 [6 7 4 5 8 2 9 1 3]
 [3 5 0 0 4 1 2 8 6]
 [2 8 9 0 6 3 5 7 4]]
Number of cells unfilled: 15
Accuracy: 81.48148148148148
Sample: 66683
Question:
[[0 0 0 0 0 0 0 0 0]
 [0 0 0 4 3 5 7 0 9]
 [3 0 0 9 0 0 0 0 0]
 [0 3 0 0 9 0 0 0 5]
 [0 0 7 5 0 0 0 1 0]
 [6 0 0 2 0 4 0 0 0]
 [8 5 0 0 0 0 1 0 0]
 [0 0 0 0 6 0 9 0 0]
 [0 0 3 8 0 9 0 0 4]]
Solution:
[[5 4 8 1 0 9 2 6 7]
 [9 2 1 6 3 0 4 8 5]
 [0 0 6 7 5 0 3 9 1]
 [8 3 2 9 1 5 6 4 0]
 [0 9 0 0 2 4 7 5 8]
 [1 6 5 3 7 8 0 0 2]
 [6 7 4 5 8 2 9 1 3]
 [3 5 0 0 4 1 8 2 6]
 [2 8 9 0 6 3 5 7 4]]
Number of cells unfilled: 14
Accuracy: 82.71604938271605
Sample: 66684
Question:
[[0 0 0 0 8 0 1 0 0]
 [0 0 6 0 0 0 0 4 0]
 [1 3 0 4 0 9 0 6 0]
 [0 5 0 0 1 0 0 0 0]
 [0 6 0 0 0 0 7 0 3]
 [0 0 0 0 0 6 0 8 1]
 [0 0 2 0 0 0 0 0 8]
 [9 0 0 5 3 0 4 0 0]
 [0 0 0 7 9 0 0 0 0]]
Solution:
[[5 4 8 1 0 9 0 6 2]
 [9 2 1 6 3 0 4 8 5]
 [0 0 6 7 5 0 3 9 1]
 [8 3 2 9 1 5 6 4 0]
 [0 9 0 0 2 4 7 5 8]
 [1 6 5 3 7 8 2 0 9]
 [6 7 4 5 8 2 9 1 3]
 [3 5 0 0 4 1 8 2 6]
 [2 8 9 0 6 3 5 7 4]]
Number of cells unfilled: 14
Accuracy: 82.71604938271605
Sample: 66685
Question:
[[0 0 0 0 0 4 2 5 0]
 [0 0 8 0 0 0 0 6 0]
 [2 0 0 5 6 0 0 0 3]
 [6 0 0 9 2 0 3 0 0]
 [0 0 0 0 4 0 0 9 0]
 [0 3 0 0 0 0 0 0 0]
 [7 0 0 0 5 0 0 3 0]
 [0 0 0 7 0 1 5 0 0]
 [0 0 5 4 0 0 6 0 7]]
Solution:
[[5 4 8 1 2 9 0 6 7]
 [9 2 1 6 3 8 4 0 5]
 [0 0 6 7 5 0 3 8 1]
 [8 3 2 9 1 5 6 4 0]
 [0 9 0 2 0 4 7 5 8]
 [1 6 5 3 7 0 2 0 9]
 [6 7 4 5 8 2 9 1 3]
 [3 5 0 0 4 1 8 2 6]
 [2 8 9 0 6 3 5 7 4]]
Number of cells unfilled: 14
Accuracy: 82.71604938271605
Sample: 66686
Question:
[[0 0 0 0 0 0 0 0 2]
 [0 6 0 0 5 0 9 0 7]
 [0 0 3 0 0 7 8 0 0]
 [0 7 0 5 0 0 4 0 6]
 [0 0 0 0 4 0 0 0 0]
 [8 0 0 0 0 0 0 2 0]
 [6 0 0 4 9 0 0 0 0]
 [0 9 0 0 0 5 6 0 4]
 [0 0 1 0 6 0 0 0 0]]
Solution:
[[5 4 8 1 0 9 0 6 2]
 [9 2 7 6 3 0 4 8 5]
 [0 0 6 7 5 2 3 9 1]
 [8 3 2 9 1 5 6 4 0]
 [0 9 0 0 2 4 7 3 8]
 [1 6 5 3 7 8 0 2 9]
 [2 7 4 5 8 0 9 1 3]
 [3 5 0 2 4 1 8 7 6]
 [0 8 9 0 6 3 2 5 4]]
Number of cells unfilled: 14
Accuracy: 82.71604938271605
Sample: 66687
Question:
[[1 8 0 0 2 0 0 5 0]
 [0 7 0 0 0 1 0 0 3]
 [0 0 0 0 0 0 0 0 0]
 [0 0 0 0 5 0 0 0 4]
 [3 0 0 9 8 0 5 0 0]
 [9 5 0 0 0 2 0 8 0]
 [0 0 6 0 0 0 7 0 0]
 [0 0 0 0 9 0 0 0 0]
 [5 9 0 2 0 0 0 1 0]]
Solution:
[[5 4 8 1 2 9 0 6 7]
 [9 2 7 6 3 8 4 0 5]
 [0 0 6 7 5 0 3 9 1]
 [8 3 2 9 1 5 6 4 0]
 [0 9 0 2 0 4 7 3 8]
 [1 6 5 3 7 0 0 0 2]
 [6 7 4 5 8 2 9 1 3]
 [3 5 0 0 4 1 8 2 6]
 [2 8 9 0 6 3 5 7 4]]
Number of cells unfilled: 15
Accuracy: 81.48148148148148
Sample: 66688
Question:
[[0 0 7 1 0 0 3 0 0]
 [2 0 0 0 0 7 0 0 9]
 [0 6 0 0 5 0 0 7 0]
 [9 0 0 3 0 0 0 0 0]
 [0 1 0 7 0 0 0 4 0]
 [0 0 2 0 0 8 0 0 1]
 [0 2 0 0 0 6 0 0 7]
 [0 0 8 0 0 0 5 0 0]
 [0 0 0 4 0 0 0 1 0]]
Solution:
[[5 4 8 1 2 9 0 6 7]
 [9 2 7 6 3 8 4 0 5]
 [0 0 6 7 5 0 3 9 1]
 [8 3 2 9 1 5 6 4 0]
 [0 9 0 2 0 4 7 3 8]
 [1 6 5 3 7 0 2 0 9]
 [6 7 4 5 8 2 9 1 3]
 [3 5 0 0 4 1 8 2 6]
 [2 8 9 0 6 3 5 7 4]]
Number of cells unfilled: 14
Accuracy: 82.71604938271605
Sample: 66689
Question:
[[0 1 0 0 2 0 0 0 5]
 [5 0 3 0 0 0 1 7 0]
 [0 0 0 0 0 0 2 0 0]
 [0 0 0 0 5 0 0 0 0]
 [0 0 4 6 0 0 0 5 0]
 [0 0 0 9 0 1 0 6 3]
 [9 3 2 0 8 0 0 1 0]
 [0 0 0 0 0 6 8 0 0]
 [6 0 0 0 0 0 0 2 0]]
Solution:
[[5 4 8 1 0 9 2 6 7]
 [9 2 1 6 3 0 4 8 5]
 [0 0 6 7 5 0 3 9 1]
 [8 3 2 9 1 5 6 4 0]
 [0 9 0 0 2 4 7 3 8]
 [1 6 5 3 7 8 0 0 9]
 [6 7 4 5 8 2 9 1 3]
 [3 5 0 0 4 1 8 2 6]
 [2 8 9 0 6 3 5 7 4]]
Number of cells unfilled: 14
Accuracy: 82.71604938271605
Sample: 66690
Question:
[[0 0 7 0 0 2 0 0 4]
 [0 0 0 1 0 0 2 9 0]
 [0 0 0 0 5 0 0 0 8]
 [7 0 2 0 1 0 0 0 0]
 [0 3 0 0 0 6 0 0 2]
 [4 0 6 0 0 0 8 0 0]
 [6 0 0 0 0 7 0 0 3]
 [0 0 4 0 3 0 5 0 0]
 [0 0 0 9 0 0 0 8 0]]
Solution:
[[5 4 8 1 0 9 2 6 7]
 [9 2 1 6 3 0 4 8 5]
 [0 0 6 7 2 8 3 9 1]
 [8 3 2 9 1 5 6 4 0]
 [0 9 0 0 0 4 7 5 8]
 [1 6 5 3 7 2 0 0 9]
 [2 7 4 5 8 0 9 1 3]
 [3 5 0 0 4 1 8 2 6]
 [0 8 9 2 6 3 5 7 4]]
Number of cells unfilled: 15
Accuracy: 81.48148148148148
Sample: 66691
Question:
[[0 0 0 9 5 8 3 0 0]
 [0 3 0 2 0 0 5 0 0]
 [0 0 0 0 0 6 0 7 0]
 [0 0 3 5 0 0 0 8 9]
 [5 4 0 0 8 0 0 3 0]
 [9 0 0 0 0 0 4 0 0]
 [0 7 0 1 9 0 0 5 0]
 [0 0 0 0 0 2 7 0 0]
 [0 1 0 0 0 0 8 0 2]]
Solution:
[[5 4 8 1 0 9 2 6 7]
 [9 2 7 6 3 8 4 0 5]
 [0 0 6 7 5 0 3 8 1]
 [8 3 2 9 1 5 6 4 0]
 [0 9 0 0 2 4 7 5 8]
 [1 6 5 3 7 0 0 9 2]
 [6 7 4 5 8 2 9 1 3]
 [3 5 0 0 4 1 8 2 6]
 [2 8 9 0 6 3 5 7 4]]
Number of cells unfilled: 14
Accuracy: 82.71604938271605
Sample: 66692
Question:
[[0 0 0 0 0 9 6 0 0]
 [2 0 0 0 0 0 0 0 0]
 [0 0 0 0 0 0 4 8 0]
 [8 5 0 3 0 1 0 0 0]
 [3 0 9 0 6 8 0 0 0]
 [0 1 0 0 0 0 0 7 0]
 [0 0 0 0 9 3 1 0 6]
 [0 0 2 0 8 6 0 3 0]
 [0 0 1 0 0 2 0 0 8]]
Solution:
[[5 4 8 1 2 9 0 6 7]
 [9 2 7 6 3 8 4 0 5]
 [0 0 6 7 5 0 3 8 1]
 [8 3 2 9 1 5 6 4 0]
 [0 9 0 0 0 4 7 5 8]
 [1 6 5 3 7 2 0 0 9]
 [2 7 4 5 8 0 9 1 3]
 [3 5 0 2 4 1 8 7 6]
 [0 8 9 0 6 3 5 2 4]]
Number of cells unfilled: 16
Accuracy: 80.24691358024691
Sample: 66693
Question:
[[0 2 0 0 0 0 6 0 1]
 [0 9 0 0 0 0 0 0 0]
 [0 0 4 0 0 6 9 7 5]
 [0 0 7 6 3 0 2 0 0]
 [0 0 2 0 0 0 0 0 7]
 [3 4 0 7 0 0 0 0 8]
 [0 6 0 0 4 0 0 0 0]
 [0 0 3 9 0 0 0 2 0]
 [0 0 1 0 8 0 0 0 0]]
Solution:
[[5 4 8 1 2 9 0 6 7]
 [9 2 7 6 3 8 4 0 5]
 [0 0 6 7 5 0 3 8 1]
 [8 3 2 9 1 5 6 4 0]
 [0 9 0 2 0 4 7 5 8]
 [1 6 5 3 7 0 2 0 9]
 [6 7 4 5 8 2 9 1 3]
 [3 5 0 0 4 1 8 2 6]
 [2 8 9 0 6 3 5 7 4]]
Number of cells unfilled: 14
Accuracy: 82.71604938271605
Sample: 66694
Question:
[[0 7 0 8 0 0 0 0 2]
 [0 0 4 0 2 0 3 0 0]
 [0 0 0 0 5 0 0 1 0]
 [0 0 6 7 0 0 0 4 0]
 [0 2 0 0 0 5 9 0 7]
 [7 0 0 0 9 0 1 0 0]
 [0 8 0 0 7 0 0 0 9]
 [6 0 0 5 0 0 0 0 0]
 [0 0 0 0 0 8 0 3 0]]
Solution:
[[5 4 8 1 0 9 0 6 2]
 [9 2 7 6 3 0 4 8 5]
 [0 0 6 7 5 0 3 9 1]
 [8 3 2 9 1 5 6 4 0]
 [0 9 0 0 2 4 7 3 8]
 [1 6 5 3 7 8 0 2 9]
 [6 7 4 5 8 2 9 1 3]
 [3 5 0 0 4 1 2 0 6]
 [2 8 9 0 6 3 5 7 4]]
Number of cells unfilled: 15
Accuracy: 81.48148148148148
Sample: 66695
Question:
[[8 2 0 0 5 0 6 0 0]
 [0 1 0 9 0 0 2 0 0]
 [3 0 0 0 0 4 0 0 0]
 [0 0 5 0 2 0 0 3 9]
 [4 0 0 0 0 0 5 0 0]
 [1 0 8 0 0 0 0 0 6]
 [9 0 0 0 4 8 0 0 0]
 [0 0 0 3 0 0 0 6 8]
 [0 0 0 1 0 0 0 0 4]]
Solution:
[[5 4 8 1 0 9 2 6 7]
 [9 2 1 6 3 0 4 8 5]
 [0 0 6 7 5 2 3 9 1]
 [8 3 2 9 1 5 6 4 0]
 [0 9 0 0 2 4 7 3 8]
 [1 6 5 3 7 8 0 0 2]
 [2 7 4 5 8 0 9 1 3]
 [3 5 0 0 4 1 8 2 6]
 [0 8 9 2 6 3 5 7 4]]
Number of cells unfilled: 14
Accuracy: 82.71604938271605
Sample: 66696
Question:
[[0 0 0 0 0 4 8 0 0]
 [0 0 0 0 9 0 0 1 0]
 [0 4 0 8 0 0 0 2 9]
 [0 0 0 0 0 5 0 6 0]
 [0 6 0 0 4 0 1 0 2]
 [0 2 0 0 8 0 9 0 5]
 [0 0 7 3 0 0 0 0 1]
 [0 8 0 0 1 0 2 0 0]
 [6 0 0 0 0 0 0 0 0]]
Solution:
[[5 4 8 1 0 9 2 6 7]
 [9 2 1 6 3 0 4 8 5]
 [0 0 6 7 2 8 3 9 1]
 [8 3 2 9 1 0 6 4 0]
 [0 9 0 0 5 4 7 3 8]
 [1 6 5 3 7 2 0 0 9]
 [2 7 4 5 8 0 9 1 3]
 [3 5 0 2 4 1 8 7 6]
 [0 8 9 0 6 3 5 2 4]]
Number of cells unfilled: 15
Accuracy: 81.48148148148148
Sample: 66697
Question:
[[0 0 0 1 0 0 5 0 0]
 [6 0 0 0 0 4 0 2 3]
 [0 0 0 0 2 0 0 0 0]
 [0 4 0 0 0 3 0 8 5]
 [5 0 0 0 0 0 0 0 7]
 [3 0 8 0 0 0 2 0 0]
 [0 6 0 0 0 0 7 0 0]
 [0 0 5 0 0 8 0 6 4]
 [4 0 0 9 0 0 0 0 0]]
Solution:
[[5 4 8 1 0 9 0 6 2]
 [9 2 7 6 3 8 4 0 5]
 [0 0 6 7 2 0 3 8 1]
 [8 3 2 9 1 5 6 4 0]
 [0 9 0 0 0 4 7 3 8]
 [1 6 5 3 7 2 0 0 9]
 [2 7 4 5 8 0 9 1 3]
 [3 5 0 2 4 1 8 7 6]
 [0 8 9 0 6 3 2 5 4]]
Number of cells unfilled: 17
Accuracy: 79.01234567901234
Sample: 66698
Question:
[[5 0 0 1 0 0 4 0 0]
 [9 0 1 0 4 0 0 0 5]
 [0 4 0 3 0 0 0 0 0]
 [0 5 0 0 1 0 9 4 0]
 [0 1 0 0 3 0 5 0 2]
 [8 0 0 0 0 0 0 6 0]
 [0 9 0 0 2 0 3 0 0]
 [0 0 0 0 0 0 0 0 0]
 [0 0 7 0 0 0 0 2 0]]
Solution:
[[5 4 8 2 0 9 0 6 7]
 [9 2 7 6 3 8 4 0 5]
 [0 0 6 7 5 0 3 8 1]
 [8 3 2 9 1 5 6 4 0]
 [0 9 0 0 2 4 7 5 8]
 [1 6 5 3 7 0 2 0 9]
 [6 7 4 5 8 2 9 1 3]
 [3 5 0 0 4 1 8 2 6]
 [2 8 9 0 6 3 5 7 4]]
Number of cells unfilled: 15
Accuracy: 81.48148148148148
Sample: 66699
Question:
[[0 0 9 6 0 2 0 4 0]
 [0 4 0 0 0 0 0 0 0]
 [3 2 0 0 0 0 0 0 6]
 [0 0 3 8 0 7 0 0 4]
 [0 0 0 0 5 0 3 9 0]
 [0 0 0 0 1 0 0 8 0]
 [0 0 8 7 0 9 4 0 0]
 [2 0 0 0 0 0 0 0 0]
 [0 0 0 0 0 0 0 7 8]]
Solution:
[[5 4 8 1 0 9 2 6 7]
 [9 2 1 6 3 0 4 8 5]
 [0 0 6 7 5 2 3 9 1]
 [8 3 2 9 1 5 6 4 0]
 [0 9 0 0 2 4 7 3 8]
 [1 6 5 3 7 8 0 0 2]
 [2 7 4 5 8 0 9 1 3]
 [3 5 0 0 4 1 8 2 6]
 [0 8 9 2 6 3 5 7 4]]
Number of cells unfilled: 14
Accuracy: 82.71604938271605
Sample: 66700
Question:
[[0 4 0 0 0 9 0 6 0]
 [0 2 0 6 0 0 4 0 5]
 [0 0 6 0 0 0 0 0 1]
 [0 0 2 9 0 0 0 4 0]
 [0 0 0 0 0 0 7 0 8]
 [0 0 5 3 0 0 0 0 0]
 [0 0 4 5 0 0 0 1 0]
 [3 0 0 0 0 1 0 0 0]
 [0 0 0 0 6 3 0 0 4]]
Solution:
[[5 4 8 1 0 9 2 6 7]
 [9 2 1 6 3 0 4 8 5]
 [0 0 6 7 5 0 3 9 1]
 [8 3 2 9 1 5 6 4 0]
 [0 9 0 0 2 4 7 3 8]
 [1 6 5 3 7 8 0 0 9]
 [6 7 4 5 8 2 9 1 3]
 [3 5 0 0 4 1 8 2 6]
 [2 8 9 0 6 3 5 7 4]]
Number of cells unfilled: 14
Accuracy: 82.71604938271605
