2025-10-22 15:51:19.298831: I tensorflow/core/util/port.cc:153] oneDNN custom operations are on. You may see slightly different numerical results due to floating-point round-off errors from different computation orders. To turn them off, set the environment variable `TF_ENABLE_ONEDNN_OPTS=0`.
2025-10-22 15:51:20.062018: I tensorflow/core/platform/cpu_feature_guard.cc:210] This TensorFlow binary is optimized to use available CPU instructions in performance-critical operations.
To enable the following instructions: AVX2 AVX512F AVX512_VNNI FMA, in other operations, rebuild TensorFlow with the appropriate compiler flags.
2025-10-22 15:51:25.979033: I tensorflow/core/util/port.cc:153] oneDNN custom operations are on. You may see slightly different numerical results due to floating-point round-off errors from different computation orders. To turn them off, set the environment variable `TF_ENABLE_ONEDNN_OPTS=0`.
2025-10-22 15:51:32.716294: E external/local_xla/xla/stream_executor/cuda/cuda_platform.cc:51] failed call to cuInit: INTERNAL: CUDA error: Failed call to cuInit: UNKNOWN ERROR (303)
Sample: 67001
Question:
[[4 1 0 6 0 0 0 0 0]
 [0 3 0 1 0 4 0 0 0]
 [0 0 6 0 0 0 0 0 2]
 [0 4 5 0 6 1 2 0 0]
 [6 0 3 0 0 2 0 0 5]
 [0 0 0 5 3 0 0 0 0]
 [0 0 0 3 0 0 8 0 9]
 [0 0 1 2 0 0 0 4 0]
 [0 5 0 0 4 0 0 0 0]]
Solution:
[[9 5 8 6 1 3 0 7 4]
 [0 7 3 5 4 2 1 0 8]
 [6 4 1 7 8 9 3 5 2]
 [8 3 0 2 9 1 4 6 5]
 [2 9 6 0 5 4 8 1 3]
 [7 1 0 3 6 8 0 2 9]
 [3 6 2 8 7 5 0 9 1]
 [0 0 4 1 3 0 2 8 6]
 [1 8 5 4 2 6 0 3 7]]
Number of cells unfilled: 12
Accuracy: 85.18518518518519
Sample: 67002
Question:
[[4 6 0 0 0 0 0 0 0]
 [0 7 2 5 0 0 0 0 0]
 [0 0 9 0 4 2 7 0 6]
 [0 0 0 0 5 0 0 0 0]
 [0 0 0 0 0 3 0 5 0]
 [9 0 0 0 0 8 0 4 0]
 [2 9 0 0 6 0 0 7 0]
 [7 0 0 0 0 0 5 0 0]
 [0 5 4 9 0 0 6 0 2]]
Solution:
[[9 5 8 6 1 3 2 7 4]
 [0 7 3 5 4 2 9 0 8]
 [6 2 1 7 9 8 3 5 0]
 [8 3 0 2 0 1 4 6 5]
 [2 9 6 0 5 4 8 1 3]
 [7 1 0 3 6 0 0 2 9]
 [3 6 2 8 7 5 0 9 1]
 [0 0 4 1 3 9 5 8 6]
 [1 8 5 4 2 6 0 3 7]]
Number of cells unfilled: 13
Accuracy: 83.9506172839506
Sample: 67003
Question:
[[5 0 1 0 0 0 0 7 0]
 [0 0 9 0 0 5 0 8 0]
 [0 0 0 0 0 1 0 0 2]
 [0 1 3 0 2 0 0 0 0]
 [9 0 4 0 0 3 0 0 1]
 [2 0 0 4 0 0 9 0 0]
 [0 9 0 1 3 0 0 4 5]
 [3 0 0 0 0 0 2 0 0]
 [0 0 5 0 0 4 0 0 0]]
Solution:
[[9 5 8 6 1 3 0 7 2]
 [0 7 3 5 4 2 6 0 8]
 [6 2 1 7 8 9 3 5 4]
 [8 3 0 2 9 1 4 6 5]
 [2 9 6 0 5 4 8 1 3]
 [7 1 0 3 6 8 0 2 9]
 [3 6 2 8 7 5 0 9 1]
 [0 0 4 1 3 0 5 8 6]
 [1 8 5 4 2 6 0 3 7]]
Number of cells unfilled: 12
Accuracy: 85.18518518518519
Sample: 67004
Question:
[[5 2 0 4 0 7 9 0 8]
 [0 0 9 8 0 0 0 0 0]
 [0 0 0 0 2 0 0 4 0]
 [0 0 0 5 8 0 6 0 0]
 [0 0 0 0 0 0 0 0 0]
 [0 0 8 7 0 4 3 0 0]
 [9 5 0 0 0 0 0 7 0]
 [0 0 2 9 7 0 0 0 5]
 [0 4 0 2 0 5 0 0 0]]
Solution:
[[9 5 8 6 1 3 2 7 4]
 [0 7 3 5 4 2 6 0 8]
 [6 2 1 7 8 9 3 5 0]
 [8 3 0 2 9 7 4 6 5]
 [2 9 6 0 5 4 8 1 3]
 [7 1 0 3 6 8 0 2 9]
 [3 6 2 8 7 5 0 9 1]
 [0 0 4 1 3 0 5 8 6]
 [1 8 5 4 2 6 0 3 7]]
Number of cells unfilled: 12
Accuracy: 85.18518518518519
Sample: 67005
Question:
[[5 3 0 1 0 0 0 0 0]
 [0 6 0 3 0 0 0 0 0]
 [0 0 1 0 0 6 2 0 0]
 [1 0 6 5 0 2 7 0 0]
 [0 0 7 0 0 3 0 0 0]
 [0 0 0 7 0 0 0 0 1]
 [2 0 5 6 0 0 9 0 4]
 [0 0 3 2 0 0 0 5 0]
 [0 7 0 0 5 0 0 0 0]]
Solution:
[[9 5 8 6 1 3 0 7 2]
 [0 7 3 5 4 2 1 0 8]
 [6 2 1 7 8 9 3 5 4]
 [8 3 0 2 9 7 4 6 5]
 [2 9 6 0 5 4 8 1 3]
 [7 1 0 3 6 8 0 2 9]
 [3 6 2 8 7 5 0 9 1]
 [0 0 4 1 3 0 2 8 6]
 [1 8 5 4 2 6 0 3 7]]
Number of cells unfilled: 12
Accuracy: 85.18518518518519
Sample: 67006
Question:
[[5 8 0 1 0 0 0 3 0]
 [0 0 0 0 0 9 1 0 0]
 [0 0 0 0 3 0 0 9 0]
 [9 0 0 5 0 0 8 0 0]
 [0 0 0 0 6 0 0 0 0]
 [0 2 4 0 0 0 3 0 0]
 [0 0 8 6 9 0 0 5 1]
 [0 0 0 0 0 0 6 0 0]
 [0 6 0 3 0 1 9 8 0]]
Solution:
[[9 5 8 6 1 3 2 7 4]
 [0 7 3 5 4 2 6 0 8]
 [6 4 1 7 8 0 3 5 9]
 [8 3 0 2 9 7 4 6 5]
 [2 9 6 0 5 4 8 1 3]
 [7 1 0 3 6 8 9 0 2]
 [3 6 2 8 7 5 0 9 1]
 [0 0 4 1 3 9 5 8 6]
 [1 8 5 4 2 6 0 3 7]]
Number of cells unfilled: 11
Accuracy: 86.41975308641975
Sample: 67007
Question:
[[5 9 0 1 0 0 0 0 0]
 [0 0 4 0 5 3 0 9 1]
 [0 0 0 0 0 0 0 4 0]
 [0 0 2 0 0 6 0 1 0]
 [0 0 3 0 0 7 0 0 2]
 [0 0 0 0 3 0 0 0 0]
 [4 5 0 0 2 9 1 3 0]
 [0 0 0 0 0 0 9 0 4]
 [0 3 0 0 0 0 0 2 5]]
Solution:
[[9 5 8 6 1 3 2 7 4]
 [0 7 3 5 4 2 6 0 8]
 [6 2 1 7 9 8 3 5 0]
 [8 3 0 2 0 7 4 6 5]
 [2 9 6 0 5 4 8 1 3]
 [7 1 0 3 6 0 9 0 2]
 [3 6 2 8 7 5 0 9 1]
 [0 0 4 1 3 9 5 8 6]
 [1 8 5 4 2 6 0 3 7]]
Number of cells unfilled: 13
Accuracy: 83.9506172839506
Sample: 67008
Question:
[[6 0 0 0 0 0 2 5 0]
 [0 0 0 0 0 8 4 0 0]
 [0 4 2 5 6 0 0 0 3]
 [8 0 0 0 1 0 0 0 0]
 [5 0 0 0 7 0 0 3 0]
 [0 0 0 8 0 0 0 0 0]
 [0 2 6 0 0 3 8 0 5]
 [0 8 0 0 0 0 0 4 0]
 [4 0 0 2 0 0 3 6 0]]
Solution:
[[9 5 8 6 1 3 0 7 4]
 [0 7 3 5 4 2 6 0 8]
 [6 4 1 7 8 9 3 5 2]
 [8 3 0 2 0 1 4 6 5]
 [2 9 6 0 5 4 8 1 3]
 [7 1 0 3 6 8 0 2 9]
 [3 6 2 8 7 5 0 9 1]
 [0 0 4 1 3 0 5 8 6]
 [1 8 5 4 9 6 2 3 7]]
Number of cells unfilled: 12
Accuracy: 85.18518518518519
Sample: 67009
Question:
[[6 0 0 0 0 1 8 9 0]
 [0 0 9 0 0 0 0 0 7]
 [0 1 0 0 9 0 0 2 6]
 [0 8 0 0 0 0 2 0 0]
 [0 0 6 0 0 0 0 0 8]
 [0 2 0 7 1 0 0 6 0]
 [7 0 2 0 4 5 0 0 0]
 [0 0 1 8 0 0 0 7 0]
 [8 0 0 0 0 0 9 0 0]]
Solution:
[[9 5 8 6 1 3 2 7 4]
 [0 7 3 5 4 2 9 0 8]
 [6 4 1 7 8 9 3 5 0]
 [8 3 0 2 0 1 4 6 5]
 [2 9 6 0 5 4 8 1 3]
 [7 1 0 3 6 8 0 2 9]
 [3 6 2 8 7 5 0 9 1]
 [0 0 4 1 3 0 5 8 6]
 [1 8 5 4 9 6 7 3 2]]
Number of cells unfilled: 12
Accuracy: 85.18518518518519
Sample: 67010
Question:
[[6 5 0 0 0 0 0 0 1]
 [0 0 2 1 0 5 3 6 0]
 [3 0 0 0 9 0 0 0 0]
 [5 0 0 7 0 0 0 0 0]
 [0 0 0 0 0 9 0 0 0]
 [0 2 9 4 0 0 0 0 5]
 [2 1 0 0 0 6 0 0 3]
 [9 0 0 0 2 0 6 1 0]
 [0 3 0 0 0 0 9 0 0]]
Solution:
[[9 5 8 6 1 3 0 7 2]
 [0 7 3 5 4 2 6 0 8]
 [6 2 1 7 8 9 3 5 4]
 [8 3 0 2 0 1 4 6 5]
 [2 9 6 0 5 4 8 1 3]
 [7 1 0 3 6 8 0 2 9]
 [3 6 2 8 7 5 0 9 1]
 [0 0 4 1 3 0 5 8 6]
 [1 8 5 4 9 6 2 3 7]]
Number of cells unfilled: 12
Accuracy: 85.18518518518519
Sample: 67011
Question:
[[6 8 0 0 0 4 0 0 0]
 [0 0 7 0 0 5 0 0 2]
 [0 0 0 0 7 0 1 0 0]
 [0 0 0 0 0 3 0 7 0]
 [0 0 0 0 0 0 4 0 0]
 [5 0 2 4 0 0 0 0 3]
 [0 0 0 2 3 0 7 0 1]
 [0 0 0 0 0 1 5 0 0]
 [1 0 0 5 0 0 0 3 4]]
Solution:
[[9 5 8 6 1 3 2 7 4]
 [0 7 3 5 4 2 9 0 8]
 [6 4 1 7 8 9 3 5 0]
 [8 3 0 2 0 7 4 6 5]
 [2 9 6 0 5 4 8 1 3]
 [7 1 0 3 6 8 0 2 9]
 [3 6 2 8 7 5 0 9 1]
 [0 0 4 1 3 0 5 8 6]
 [1 8 5 4 9 6 7 3 2]]
Number of cells unfilled: 12
Accuracy: 85.18518518518519
Sample: 67012
Question:
[[6 9 3 8 0 0 5 0 0]
 [0 0 0 0 0 5 0 0 6]
 [0 0 0 0 0 0 0 0 0]
 [0 0 0 1 0 0 0 9 0]
 [0 0 0 5 3 0 8 6 0]
 [0 8 0 0 0 0 1 0 5]
 [4 2 0 0 0 1 0 0 0]
 [0 0 0 6 0 0 0 8 0]
 [0 0 6 0 0 9 3 0 0]]
Solution:
[[9 5 8 6 1 3 2 7 4]
 [0 7 3 5 4 2 1 0 8]
 [6 2 1 7 8 0 3 5 0]
 [8 3 0 2 9 1 4 6 5]
 [2 9 6 0 5 4 8 1 3]
 [7 1 0 3 6 8 0 2 9]
 [3 6 2 8 7 5 0 9 1]
 [0 0 4 1 3 9 5 8 6]
 [1 8 5 4 2 6 0 3 7]]
Number of cells unfilled: 12
Accuracy: 85.18518518518519
Sample: 67013
Question:
[[7 0 0 0 0 0 0 0 0]
 [0 0 0 0 0 0 0 2 0]
 [4 0 0 9 0 5 0 3 0]
 [8 3 0 5 0 0 0 0 1]
 [0 0 0 0 2 3 0 8 0]
 [0 0 9 0 1 0 0 0 0]
 [0 2 0 0 5 8 0 1 0]
 [0 0 5 0 9 0 8 0 0]
 [3 0 0 0 0 1 0 0 9]]
Solution:
[[9 5 8 6 1 3 2 7 4]
 [0 7 3 5 4 2 1 0 8]
 [6 2 1 7 9 8 3 5 0]
 [8 3 0 2 0 7 4 6 5]
 [2 9 6 0 5 4 8 1 3]
 [7 1 0 3 6 0 0 2 9]
 [3 6 2 8 7 5 0 9 1]
 [0 0 4 1 3 9 5 8 6]
 [1 8 5 4 2 6 0 3 7]]
Number of cells unfilled: 13
Accuracy: 83.9506172839506
Sample: 67014
Question:
[[7 0 0 0 3 5 0 6 9]
 [0 0 0 0 0 6 8 0 0]
 [0 0 5 8 0 0 3 7 0]
 [0 0 6 0 0 0 0 0 0]
 [0 4 0 0 0 0 5 0 8]
 [0 1 0 9 0 0 7 0 0]
 [0 0 0 3 0 0 9 5 0]
 [0 3 9 0 5 8 0 0 7]
 [6 0 0 0 0 0 0 0 0]]
Solution:
[[9 5 8 6 1 3 2 7 4]
 [0 7 3 5 4 2 1 0 8]
 [6 2 1 7 9 8 3 5 0]
 [8 3 0 2 0 7 4 6 5]
 [2 9 6 0 5 4 8 1 3]
 [7 1 0 3 6 0 0 2 9]
 [3 6 2 8 7 5 0 9 1]
 [0 0 4 1 3 9 5 8 6]
 [1 8 5 4 2 6 0 3 7]]
Number of cells unfilled: 13
Accuracy: 83.9506172839506
Sample: 67015
Question:
[[7 0 0 0 6 2 4 0 0]
 [0 0 2 5 0 0 7 6 0]
 [0 0 0 0 0 4 0 5 0]
 [0 3 0 8 0 0 0 7 0]
 [0 0 4 0 0 0 0 0 0]
 [0 9 0 0 0 0 8 2 0]
 [4 0 0 0 0 0 5 0 0]
 [0 0 0 6 0 0 2 8 0]
 [0 6 8 0 2 5 0 0 7]]
Solution:
[[9 5 8 6 1 3 2 7 4]
 [0 7 3 5 4 2 6 0 8]
 [6 4 1 7 8 9 3 5 0]
 [8 3 0 2 0 7 4 6 5]
 [2 9 6 0 5 4 8 1 3]
 [7 1 0 3 6 8 0 2 9]
 [3 6 2 8 7 5 0 9 1]
 [0 0 4 1 3 0 5 8 6]
 [1 8 5 4 9 6 7 3 2]]
Number of cells unfilled: 12
Accuracy: 85.18518518518519
Sample: 67016
Question:
[[7 0 0 5 0 0 9 0 0]
 [0 3 1 4 0 0 0 0 0]
 [0 0 0 0 0 0 0 2 0]
 [0 0 0 0 9 6 2 0 0]
 [0 7 0 2 0 0 0 5 0]
 [0 2 0 7 5 0 4 0 6]
 [0 0 0 9 7 0 0 4 0]
 [0 5 0 0 4 0 6 0 0]
 [0 0 0 6 0 0 0 9 7]]
Solution:
[[9 5 8 6 1 3 0 7 2]
 [0 7 3 5 4 2 9 0 8]
 [6 2 1 7 8 9 3 5 4]
 [8 3 0 2 9 7 4 6 5]
 [2 9 6 0 5 4 8 1 3]
 [7 1 0 3 6 8 0 2 9]
 [3 6 2 8 7 5 0 9 1]
 [0 0 4 1 3 0 5 8 6]
 [1 8 5 4 2 6 0 3 7]]
Number of cells unfilled: 12
Accuracy: 85.18518518518519
Sample: 67017
Question:
[[7 2 0 0 9 0 3 6 0]
 [3 0 4 2 6 0 0 0 0]
 [0 0 0 0 0 3 4 0 0]
 [0 0 7 0 0 6 0 0 0]
 [2 0 0 0 7 0 9 0 0]
 [0 4 6 0 0 2 0 0 0]
 [0 0 3 4 0 0 0 0 0]
 [6 0 0 0 0 9 0 0 0]
 [0 9 0 0 0 7 5 1 0]]
Solution:
[[9 5 8 6 1 3 0 7 4]
 [0 7 3 5 4 2 9 0 8]
 [6 4 1 7 8 9 3 5 2]
 [8 3 0 2 0 1 4 6 5]
 [2 9 6 0 5 4 8 1 3]
 [7 1 0 3 6 8 0 2 9]
 [3 6 2 8 7 5 0 9 1]
 [0 0 4 1 3 0 5 8 6]
 [1 8 5 4 9 6 2 3 7]]
Number of cells unfilled: 12
Accuracy: 85.18518518518519
Sample: 67018
Question:
[[8 0 0 0 0 0 0 0 2]
 [0 0 4 0 0 8 0 0 1]
 [0 0 0 0 0 6 0 9 0]
 [0 0 0 0 5 0 4 0 0]
 [4 0 5 0 0 7 0 6 9]
 [0 0 7 9 0 0 0 0 0]
 [6 0 8 0 9 0 0 0 0]
 [7 5 0 0 0 0 0 0 0]
 [0 4 9 7 0 0 0 8 5]]
Solution:
[[9 5 8 6 1 3 0 7 2]
 [0 7 3 5 4 2 1 0 8]
 [6 4 1 7 8 9 3 5 0]
 [8 3 0 2 9 1 4 6 5]
 [2 9 6 0 5 4 8 1 3]
 [7 1 0 3 6 8 0 2 9]
 [3 6 2 8 7 5 0 9 1]
 [0 0 4 1 3 0 2 8 6]
 [1 8 5 4 2 6 0 3 7]]
Number of cells unfilled: 13
Accuracy: 83.9506172839506
Sample: 67019
Question:
[[8 0 0 5 0 0 2 1 0]
 [0 0 5 6 0 0 0 0 8]
 [4 1 0 0 0 0 5 0 6]
 [0 0 8 0 0 0 4 0 0]
 [0 0 2 3 0 7 0 0 0]
 [0 6 0 0 0 0 0 0 5]
 [0 0 1 0 0 0 0 6 0]
 [2 0 0 8 4 0 1 0 0]
 [0 0 0 0 0 0 0 0 2]]
Solution:
[[9 5 8 6 1 3 0 7 4]
 [0 7 3 5 4 2 1 0 8]
 [6 4 1 7 8 9 3 2 0]
 [8 3 0 2 9 7 4 6 5]
 [2 9 6 0 5 4 8 1 3]
 [7 1 0 3 6 8 9 0 2]
 [3 6 2 8 7 5 0 9 1]
 [0 0 4 1 3 0 2 5 6]
 [1 8 5 4 2 6 0 3 7]]
Number of cells unfilled: 13
Accuracy: 83.9506172839506
Sample: 67020
Question:
[[8 0 1 5 9 0 4 0 7]
 [0 4 0 0 7 8 0 0 0]
 [0 0 0 0 0 0 0 9 0]
 [4 0 8 7 0 9 0 5 0]
 [0 0 9 0 1 0 0 0 0]
 [0 1 0 0 4 5 0 0 8]
 [0 7 0 0 5 0 2 0 0]
 [0 0 0 1 0 0 6 0 0]
 [0 0 0 0 0 0 0 0 9]]
Solution:
[[9 5 8 6 1 3 0 7 2]
 [0 7 3 5 4 2 1 0 8]
 [6 4 1 7 9 8 3 5 0]
 [8 3 0 2 0 7 4 6 5]
 [2 9 6 0 5 4 8 1 3]
 [7 1 0 3 6 0 0 2 9]
 [3 6 2 8 7 5 0 9 1]
 [0 0 4 1 3 9 2 8 6]
 [1 8 5 4 2 6 0 3 7]]
Number of cells unfilled: 14
Accuracy: 82.71604938271605
Sample: 67021
Question:
[[8 2 0 0 5 0 0 0 0]
 [0 0 0 0 7 0 3 0 0]
 [0 0 0 0 0 6 0 1 0]
 [6 0 0 0 1 0 0 7 0]
 [1 3 0 7 6 0 5 0 4]
 [0 0 0 3 0 4 1 0 0]
 [0 0 0 0 3 0 0 5 0]
 [0 0 0 0 4 0 0 3 6]
 [7 0 0 5 0 0 4 0 0]]
Solution:
[[9 5 8 6 1 3 2 7 4]
 [0 7 3 5 4 2 6 0 8]
 [6 4 1 7 8 9 3 5 0]
 [8 3 0 2 0 7 4 6 5]
 [2 9 6 0 5 4 8 1 3]
 [7 1 0 3 6 8 0 2 9]
 [3 6 2 8 7 5 0 9 1]
 [0 0 4 1 3 0 5 8 6]
 [1 8 5 4 9 6 7 3 2]]
Number of cells unfilled: 12
Accuracy: 85.18518518518519
Sample: 67022
Question:
[[8 6 0 2 0 3 0 0 9]
 [0 3 1 0 0 8 0 0 0]
 [9 0 2 0 1 0 3 0 0]
 [0 0 0 0 0 0 8 0 0]
 [0 0 9 0 6 0 0 4 0]
 [0 0 3 0 0 0 0 7 0]
 [0 9 0 3 0 1 6 2 0]
 [0 0 6 0 2 0 0 0 0]
 [1 0 0 0 0 0 0 0 8]]
Solution:
[[9 5 8 6 1 3 2 7 4]
 [0 7 3 5 4 2 1 0 8]
 [6 2 1 7 8 9 3 5 0]
 [8 3 0 2 9 7 4 6 5]
 [2 9 6 0 5 4 8 1 3]
 [7 1 0 3 6 8 9 0 2]
 [3 6 2 8 7 5 0 9 1]
 [0 0 4 1 3 0 5 8 6]
 [1 8 5 4 2 6 0 3 7]]
Number of cells unfilled: 12
Accuracy: 85.18518518518519
Sample: 67023
Question:
[[9 0 0 0 0 0 0 2 0]
 [0 4 3 0 2 8 0 0 5]
 [0 0 0 4 0 0 3 0 0]
 [0 0 0 2 0 0 4 5 0]
 [0 0 0 0 9 0 2 0 8]
 [5 0 0 0 8 4 0 9 0]
 [0 0 9 0 0 0 0 0 0]
 [8 1 0 3 0 0 5 0 0]
 [0 7 0 0 0 0 8 3 0]]
Solution:
[[9 5 8 6 1 3 0 7 2]
 [0 7 3 5 4 2 9 0 8]
 [6 4 1 7 9 8 3 5 0]
 [8 3 0 2 0 1 4 6 5]
 [2 9 6 0 5 4 8 1 3]
 [7 1 0 3 6 0 0 2 9]
 [3 6 2 8 7 5 0 9 1]
 [0 0 4 1 3 9 2 8 6]
 [1 8 5 4 2 6 0 3 7]]
Number of cells unfilled: 14
Accuracy: 82.71604938271605
Sample: 67024
Question:
[[9 0 0 0 0 0 0 6 0]
 [5 0 0 2 0 0 7 0 0]
 [0 0 1 0 0 0 0 0 0]
 [0 0 8 6 0 0 4 0 7]
 [0 7 0 0 8 4 0 2 1]
 [0 0 0 0 1 0 6 0 0]
 [4 0 2 0 6 8 0 7 0]
 [0 0 0 4 0 1 2 0 8]
 [0 1 0 0 0 0 0 0 0]]
Solution:
[[9 5 8 6 1 3 0 7 4]
 [0 7 3 5 4 2 6 0 8]
 [6 4 1 7 8 9 3 2 0]
 [8 3 0 2 9 1 4 6 5]
 [2 9 6 0 5 4 8 1 3]
 [7 1 0 3 6 8 9 0 2]
 [3 6 2 8 7 5 0 9 1]
 [0 0 4 1 3 0 2 5 6]
 [1 8 5 4 2 6 0 3 7]]
Number of cells unfilled: 13
Accuracy: 83.9506172839506
Sample: 67025
Question:
[[9 0 0 0 0 6 0 1 4]
 [0 5 0 0 0 0 0 0 9]
 [0 6 4 1 0 0 0 5 0]
 [0 0 0 5 0 0 0 9 0]
 [0 9 6 0 4 8 1 0 0]
 [4 0 0 0 0 0 0 6 8]
 [0 0 0 0 7 0 0 8 6]
 [8 0 0 0 2 0 5 0 1]
 [0 0 0 0 0 0 0 0 0]]
Solution:
[[9 5 8 6 1 3 0 7 2]
 [0 7 3 5 4 2 6 0 8]
 [6 4 1 7 9 8 3 5 0]
 [8 3 0 2 0 1 4 6 5]
 [2 9 6 0 5 4 8 1 3]
 [7 1 0 3 6 0 0 2 9]
 [3 6 2 8 7 5 0 9 1]
 [0 0 4 1 3 9 5 8 6]
 [1 8 5 4 2 6 0 3 7]]
Number of cells unfilled: 14
Accuracy: 82.71604938271605
Sample: 67026
Question:
[[9 0 4 0 6 0 0 0 5]
 [0 0 0 0 0 0 9 0 0]
 [7 0 0 0 0 0 0 0 2]
 [4 0 0 3 0 7 6 0 1]
 [0 3 6 0 1 0 0 0 0]
 [0 0 0 0 0 0 0 9 0]
 [6 9 0 1 0 3 0 4 0]
 [0 0 7 0 0 9 0 0 0]
 [0 4 1 0 7 0 3 0 0]]
Solution:
[[9 5 8 6 1 3 0 7 2]
 [0 7 3 5 4 2 6 0 8]
 [6 2 1 7 8 9 3 5 4]
 [8 3 0 2 9 1 4 6 5]
 [2 9 6 0 5 4 8 1 3]
 [7 1 0 3 6 8 0 2 9]
 [3 6 2 8 7 5 0 9 1]
 [0 0 4 1 3 0 5 8 6]
 [1 8 5 4 2 6 0 3 7]]
Number of cells unfilled: 12
Accuracy: 85.18518518518519
Sample: 67027
Question:
[[0 0 0 0 0 0 0 9 0]
 [1 0 0 0 0 0 0 0 7]
 [0 9 0 0 5 0 8 0 2]
 [6 0 0 5 2 0 0 0 0]
 [0 8 0 0 0 9 2 0 5]
 [2 0 0 3 8 0 0 7 0]
 [0 0 0 0 0 0 0 8 0]
 [0 3 0 2 0 0 5 0 9]
 [0 0 4 0 9 0 0 0 3]]
Solution:
[[9 5 8 6 1 3 0 7 4]
 [0 7 3 5 4 2 6 0 8]
 [6 4 1 7 8 9 3 5 2]
 [8 3 0 2 9 7 4 6 5]
 [2 9 6 0 5 4 8 1 3]
 [7 1 0 3 6 8 0 2 9]
 [3 6 2 8 7 5 0 9 1]
 [0 0 4 1 3 0 2 8 6]
 [1 8 5 4 2 6 0 3 7]]
Number of cells unfilled: 12
Accuracy: 85.18518518518519
Sample: 67028
Question:
[[0 0 0 0 3 0 0 0 0]
 [0 9 0 0 0 8 5 4 0]
 [0 0 8 6 0 0 0 0 1]
 [0 0 7 0 8 0 4 1 0]
 [0 0 0 0 0 0 0 0 8]
 [0 0 0 4 0 0 7 6 0]
 [0 0 1 7 0 0 0 0 0]
 [0 2 4 0 6 0 0 0 7]
 [8 0 0 0 4 1 0 2 0]]
Solution:
[[9 5 8 6 1 3 0 7 4]
 [0 7 3 5 4 2 1 0 8]
 [6 4 1 7 9 8 3 5 2]
 [8 3 0 2 0 7 4 6 5]
 [2 9 6 0 5 4 8 1 3]
 [7 1 0 3 6 0 0 2 9]
 [3 6 2 8 7 5 0 9 1]
 [0 0 4 1 3 9 2 8 6]
 [1 8 5 4 2 6 0 3 7]]
Number of cells unfilled: 13
Accuracy: 83.9506172839506
Sample: 67029
Question:
[[0 0 0 0 6 1 0 0 0]
 [0 8 0 3 0 0 0 0 2]
 [7 0 0 0 8 0 6 4 0]
 [0 0 0 0 2 0 9 0 0]
 [0 2 0 5 0 0 0 0 6]
 [0 6 0 8 0 3 0 0 5]
 [8 0 0 6 0 0 3 5 0]
 [0 5 0 0 0 0 2 6 0]
 [0 0 0 0 0 0 0 0 8]]
Solution:
[[9 5 8 6 1 3 0 7 2]
 [0 7 3 5 4 2 9 0 8]
 [6 2 1 7 8 9 3 5 4]
 [8 3 0 2 0 7 4 6 5]
 [2 9 6 0 5 4 8 1 3]
 [7 1 0 3 6 8 0 2 9]
 [3 6 2 8 7 5 0 9 1]
 [0 0 4 1 3 0 5 8 6]
 [1 8 5 4 9 6 2 3 7]]
Number of cells unfilled: 12
Accuracy: 85.18518518518519
Sample: 67030
Question:
[[0 0 0 3 4 0 0 1 0]
 [9 4 0 0 0 0 0 0 0]
 [0 0 7 0 0 6 8 0 0]
 [4 6 0 0 2 0 0 0 0]
 [7 0 8 0 0 5 4 0 0]
 [0 0 5 0 0 0 6 0 0]
 [0 0 0 0 0 8 0 0 0]
 [8 0 0 4 6 0 5 0 0]
 [0 0 4 5 7 0 0 0 0]]
Solution:
[[9 5 8 6 1 3 2 7 4]
 [0 7 3 5 4 2 1 0 8]
 [6 4 1 7 8 9 3 5 0]
 [8 3 0 2 0 1 4 6 5]
 [2 9 6 0 5 4 8 1 3]
 [7 1 0 3 6 8 0 2 9]
 [3 6 2 8 7 5 0 9 1]
 [0 0 4 1 3 0 5 8 6]
 [1 8 5 4 9 6 7 3 2]]
Number of cells unfilled: 12
Accuracy: 85.18518518518519
Sample: 67031
Question:
[[0 0 6 2 0 0 0 0 1]
 [0 0 0 0 0 8 6 4 0]
 [0 5 0 0 4 0 2 9 0]
 [9 0 0 0 3 0 1 0 0]
 [1 0 4 9 0 0 0 6 0]
 [0 2 0 0 0 0 0 0 0]
 [0 1 0 0 0 0 0 0 0]
 [6 0 2 1 0 0 4 0 0]
 [5 4 0 0 0 7 0 0 0]]
Solution:
[[9 5 8 6 1 3 0 7 2]
 [0 7 3 5 4 2 9 0 8]
 [6 2 1 7 9 8 3 5 4]
 [8 3 0 2 0 7 4 6 5]
 [2 9 6 0 5 4 8 1 3]
 [7 1 0 3 6 0 0 2 9]
 [3 6 2 8 7 5 0 9 1]
 [0 0 4 1 3 9 5 8 6]
 [1 8 5 4 2 6 0 3 7]]
Number of cells unfilled: 13
Accuracy: 83.9506172839506
Sample: 67032
Question:
[[0 0 9 2 0 0 0 6 0]
 [0 6 0 8 1 0 5 0 0]
 [0 0 0 0 0 0 0 0 0]
 [8 0 0 0 0 1 0 0 0]
 [3 0 0 7 0 0 6 0 0]
 [0 7 0 6 5 0 0 8 0]
 [0 0 4 0 0 0 8 5 0]
 [0 0 0 0 0 2 1 7 0]
 [0 1 0 5 8 0 0 0 6]]
Solution:
[[9 5 8 6 1 3 0 7 2]
 [0 7 3 5 4 2 9 0 8]
 [6 2 1 7 8 9 3 5 4]
 [8 3 0 2 0 1 4 6 5]
 [2 9 6 0 5 4 8 1 3]
 [7 1 0 3 6 8 0 2 9]
 [3 6 2 8 7 5 0 9 1]
 [0 0 4 1 3 0 5 8 6]
 [1 8 5 4 9 6 2 3 7]]
Number of cells unfilled: 12
Accuracy: 85.18518518518519
Sample: 67033
Question:
[[0 1 0 0 0 0 0 0 0]
 [0 8 5 0 4 0 0 0 2]
 [9 0 2 5 0 0 8 0 0]
 [0 7 0 0 0 8 5 0 1]
 [0 0 9 1 0 0 0 2 0]
 [0 0 0 0 0 6 9 0 8]
 [0 0 7 0 0 3 0 0 0]
 [1 0 8 2 0 0 0 0 9]
 [0 2 0 0 0 0 0 0 0]]
Solution:
[[9 5 8 6 1 3 0 7 2]
 [0 7 3 5 4 2 1 0 8]
 [6 2 1 7 9 8 3 5 4]
 [8 3 0 2 0 1 4 6 5]
 [2 9 6 0 5 4 8 1 3]
 [7 1 0 3 6 0 0 2 9]
 [3 6 2 8 7 5 0 9 1]
 [0 0 4 1 3 9 2 8 6]
 [1 8 5 4 2 6 0 3 7]]
Number of cells unfilled: 13
Accuracy: 83.9506172839506
Sample: 67034
Question:
[[0 5 0 4 0 0 0 0 0]
 [2 0 0 0 7 5 6 0 0]
 [0 0 3 0 0 2 0 0 0]
 [0 8 0 0 0 0 7 6 0]
 [0 6 0 9 0 0 2 4 0]
 [4 0 0 0 6 7 0 0 5]
 [5 0 0 0 4 6 0 7 0]
 [0 1 0 0 0 9 5 0 0]
 [0 0 0 0 0 0 0 0 0]]
Solution:
[[9 5 8 6 1 3 0 7 2]
 [0 7 3 5 4 2 9 0 8]
 [6 2 1 7 8 9 3 5 4]
 [8 3 0 2 0 7 4 6 5]
 [2 9 6 0 5 4 8 1 3]
 [7 1 0 3 6 8 0 2 9]
 [3 6 2 8 7 5 0 9 1]
 [0 0 4 1 3 0 5 8 6]
 [1 8 5 4 9 6 2 3 7]]
Number of cells unfilled: 12
Accuracy: 85.18518518518519
Sample: 67035
Question:
[[0 5 4 0 0 1 7 0 0]
 [0 2 0 0 8 0 0 1 0]
 [0 0 0 0 0 0 0 0 0]
 [0 1 7 0 0 9 0 5 0]
 [5 9 0 6 0 0 0 0 0]
 [4 0 0 0 1 0 0 0 0]
 [2 0 0 0 5 0 4 9 0]
 [0 0 0 0 3 0 5 7 0]
 [0 7 0 0 0 4 0 0 1]]
Solution:
[[9 5 8 6 1 3 0 7 4]
 [0 7 3 5 4 2 6 0 8]
 [6 4 1 7 9 8 3 2 0]
 [8 3 0 2 0 7 4 6 5]
 [2 9 6 0 5 4 8 1 3]
 [7 1 0 3 6 0 9 0 2]
 [3 6 2 8 7 5 0 9 1]
 [0 0 4 1 3 9 5 8 6]
 [1 8 5 4 2 6 0 3 7]]
Number of cells unfilled: 14
Accuracy: 82.71604938271605
Sample: 67036
Question:
[[0 8 5 0 4 0 0 6 0]
 [6 0 0 0 0 0 0 0 0]
 [0 1 4 0 0 6 5 0 0]
 [0 9 0 0 0 0 0 0 8]
 [4 0 0 0 5 9 6 1 0]
 [5 0 0 0 8 0 4 0 0]
 [0 0 2 0 0 7 0 0 0]
 [0 4 0 0 0 0 0 3 0]
 [8 0 0 0 6 0 1 0 0]]
Solution:
[[9 5 8 6 1 3 0 7 4]
 [0 7 3 5 4 2 6 0 8]
 [6 2 1 7 8 9 3 5 0]
 [8 3 0 2 0 7 4 6 5]
 [2 9 6 0 5 4 8 1 3]
 [7 1 0 3 6 8 9 0 2]
 [3 6 2 8 7 5 0 9 1]
 [0 0 4 1 3 0 5 8 6]
 [1 8 5 4 9 6 2 3 7]]
Number of cells unfilled: 13
Accuracy: 83.9506172839506
Sample: 67037
Question:
[[2 0 0 6 0 7 5 4 0]
 [7 0 0 0 0 8 0 2 0]
 [0 0 6 0 0 0 0 0 8]
 [0 7 8 0 0 2 0 0 0]
 [4 0 0 0 0 0 0 0 0]
 [0 2 5 4 0 0 0 7 0]
 [8 0 0 0 0 4 0 5 0]
 [0 0 0 0 0 0 3 0 7]
 [0 9 0 1 0 0 0 0 4]]
Solution:
[[9 5 8 6 1 3 2 7 4]
 [0 7 3 5 4 2 1 0 8]
 [6 4 1 7 8 9 3 5 0]
 [8 3 0 2 0 7 4 6 5]
 [2 9 6 0 5 4 8 1 3]
 [7 1 0 3 6 8 0 2 9]
 [3 6 2 8 7 5 0 9 1]
 [0 0 4 1 3 0 5 8 6]
 [1 8 5 4 9 6 7 3 2]]
Number of cells unfilled: 12
Accuracy: 85.18518518518519
Sample: 67038
Question:
[[4 0 0 0 0 2 9 0 0]
 [2 0 7 0 0 9 1 3 0]
 [0 0 0 0 7 0 0 0 4]
 [9 0 0 2 4 0 0 1 0]
 [0 0 0 0 0 1 0 0 0]
 [0 0 1 9 3 0 2 0 0]
 [0 0 0 0 0 0 0 8 0]
 [0 0 5 6 2 0 0 0 0]
 [1 0 0 0 0 4 3 0 0]]
Solution:
[[9 5 8 6 1 3 0 7 2]
 [0 7 3 5 4 2 6 0 8]
 [6 2 1 7 9 8 3 5 4]
 [8 3 0 2 0 1 4 6 5]
 [2 9 6 0 5 4 8 1 3]
 [7 1 0 3 6 0 0 2 9]
 [3 6 2 8 7 5 0 9 1]
 [0 0 4 1 3 9 5 8 6]
 [1 8 5 4 2 6 0 3 7]]
Number of cells unfilled: 13
Accuracy: 83.9506172839506
Sample: 67039
Question:
[[4 0 0 0 0 9 0 5 0]
 [0 0 0 0 7 4 8 0 3]
 [0 7 0 0 5 0 0 0 9]
 [5 0 7 0 9 0 3 0 0]
 [8 0 9 0 0 3 0 0 7]
 [0 3 0 0 0 0 0 0 0]
 [0 0 6 0 0 1 0 0 0]
 [9 0 0 0 0 0 2 0 0]
 [0 5 0 0 3 0 0 0 8]]
Solution:
[[9 5 8 6 1 3 0 7 2]
 [0 7 3 5 4 2 6 0 8]
 [6 4 1 7 8 0 3 5 0]
 [8 3 0 2 9 1 4 6 5]
 [2 9 6 0 5 4 8 1 3]
 [7 1 0 3 6 8 0 2 9]
 [3 6 2 8 7 5 0 9 1]
 [0 0 4 1 3 9 2 8 6]
 [1 8 5 4 2 6 0 3 7]]
Number of cells unfilled: 13
Accuracy: 83.9506172839506
Sample: 67040
Question:
[[4 8 0 0 0 5 2 0 0]
 [0 0 6 0 9 0 0 0 0]
 [5 0 0 0 0 2 6 0 0]
 [8 0 0 0 0 6 4 0 0]
 [0 0 0 3 2 0 0 1 0]
 [0 7 2 0 0 0 0 0 0]
 [2 0 0 5 8 0 0 0 0]
 [0 0 0 0 0 4 0 0 0]
 [0 4 0 2 6 0 5 0 0]]
Solution:
[[9 5 8 6 1 3 0 7 4]
 [0 7 3 5 4 2 6 0 8]
 [6 4 1 7 8 9 3 5 2]
 [8 3 0 2 0 7 4 6 5]
 [2 9 6 0 5 4 8 1 3]
 [7 1 0 3 6 8 0 2 9]
 [3 6 2 8 7 5 0 9 1]
 [0 0 4 1 3 0 5 8 6]
 [1 8 5 4 9 6 2 3 7]]
Number of cells unfilled: 12
Accuracy: 85.18518518518519
Sample: 67041
Question:
[[5 0 0 0 0 4 0 8 0]
 [0 1 0 6 0 0 4 0 0]
 [8 0 0 0 1 5 0 0 9]
 [0 9 8 0 0 0 0 5 0]
 [0 4 5 0 0 8 0 0 6]
 [6 0 0 0 0 0 0 0 0]
 [0 5 3 0 2 0 6 0 0]
 [0 0 0 0 0 0 0 0 7]
 [4 0 0 0 0 6 0 9 0]]
Solution:
[[9 5 8 6 1 3 2 7 4]
 [0 7 3 5 4 2 6 0 8]
 [6 2 1 7 8 9 3 5 0]
 [8 3 0 2 9 7 4 6 5]
 [2 9 6 0 5 4 8 1 3]
 [7 1 0 3 6 8 0 2 9]
 [3 6 2 8 7 5 0 9 1]
 [0 0 4 1 3 0 5 8 6]
 [1 8 5 4 2 6 0 3 7]]
Number of cells unfilled: 12
Accuracy: 85.18518518518519
Sample: 67042
Question:
[[5 0 7 3 0 0 0 0 0]
 [6 0 0 5 4 0 0 0 0]
 [0 4 0 0 7 8 5 0 0]
 [0 7 0 0 5 3 0 8 0]
 [0 0 2 0 0 0 7 0 0]
 [0 0 0 0 0 0 0 0 0]
 [0 0 9 0 0 0 8 5 0]
 [0 0 5 1 0 0 4 3 0]
 [0 3 0 0 8 0 0 0 7]]
Solution:
[[9 5 8 6 1 3 0 7 2]
 [0 7 3 5 4 2 1 0 8]
 [6 4 1 7 9 8 3 5 0]
 [8 3 0 2 0 7 4 6 5]
 [2 9 6 0 5 4 8 1 3]
 [7 1 0 3 6 0 0 2 9]
 [3 6 2 8 7 5 0 9 1]
 [0 0 4 1 3 9 2 8 6]
 [1 8 5 4 2 6 0 3 7]]
Number of cells unfilled: 14
Accuracy: 82.71604938271605
Sample: 67043
Question:
[[0 8 0 0 0 3 0 0 0]
 [0 0 7 9 0 0 0 3 0]
 [9 0 0 7 2 0 0 0 4]
 [7 0 0 0 0 2 0 8 0]
 [0 4 0 0 0 0 5 0 6]
 [0 0 0 5 0 0 0 7 0]
 [8 0 0 0 0 9 0 4 0]
 [0 0 6 0 1 0 0 0 8]
 [0 1 0 0 0 0 0 0 0]]
Solution:
[[9 5 8 6 1 3 0 7 4]
 [0 7 3 5 4 2 6 0 8]
 [6 2 1 7 8 9 3 5 0]
 [8 3 0 2 0 1 4 6 5]
 [2 9 6 0 5 4 8 1 3]
 [7 1 0 3 6 8 0 2 9]
 [3 6 2 8 7 5 0 9 1]
 [0 0 4 1 3 0 5 8 6]
 [1 8 5 4 9 6 2 3 7]]
Number of cells unfilled: 13
Accuracy: 83.9506172839506
Sample: 67044
Question:
[[3 5 0 8 0 0 0 7 0]
 [0 0 0 0 4 5 0 0 3]
 [0 0 2 0 0 0 5 0 0]
 [2 9 0 7 0 0 0 1 0]
 [0 0 3 0 0 1 6 0 2]
 [0 0 0 0 0 0 0 0 0]
 [0 0 7 2 0 0 0 0 0]
 [9 0 0 0 1 8 7 0 0]
 [1 0 0 0 0 9 0 2 0]]
Solution:
[[9 5 8 6 1 3 2 7 4]
 [0 7 3 5 4 2 9 0 8]
 [6 4 1 7 8 9 3 5 0]
 [8 3 0 2 0 1 4 6 5]
 [2 9 6 0 5 4 8 1 3]
 [7 1 0 3 6 8 0 2 9]
 [3 6 2 8 7 5 0 9 1]
 [0 0 4 1 3 0 5 8 6]
 [1 8 5 4 9 6 7 3 2]]
Number of cells unfilled: 12
Accuracy: 85.18518518518519
Sample: 67045
Question:
[[0 0 0 3 0 0 0 1 0]
 [0 0 0 0 0 1 6 0 0]
 [0 8 3 0 0 5 0 9 0]
 [0 0 0 0 0 2 9 0 0]
 [2 0 0 0 0 6 0 0 8]
 [0 6 0 0 0 0 7 0 0]
 [7 0 0 0 1 0 0 5 0]
 [0 2 0 0 0 0 8 0 1]
 [0 0 6 7 0 0 3 0 0]]
Solution:
[[9 5 8 6 1 3 0 7 4]
 [0 7 3 5 4 2 6 0 8]
 [6 4 1 7 8 9 3 5 0]
 [8 3 0 2 0 7 4 6 5]
 [2 9 6 0 5 4 8 1 3]
 [7 1 0 3 6 8 9 0 2]
 [3 6 2 8 7 5 0 9 1]
 [0 0 4 1 3 0 5 8 6]
 [1 8 5 4 9 6 2 3 7]]
Number of cells unfilled: 13
Accuracy: 83.9506172839506
Sample: 67046
Question:
[[1 0 0 0 0 0 0 0 0]
 [0 9 0 0 0 5 0 8 1]
 [8 0 0 0 2 0 7 9 0]
 [0 7 0 4 6 0 0 0 0]
 [0 0 9 0 0 7 0 0 0]
 [6 0 0 0 0 9 0 5 0]
 [0 0 1 0 0 6 0 7 8]
 [0 0 0 5 0 0 0 0 0]
 [9 6 0 0 0 0 3 0 5]]
Solution:
[[9 5 8 6 1 3 0 7 2]
 [0 7 3 5 4 2 6 0 8]
 [6 4 1 7 8 9 3 5 0]
 [8 3 0 2 0 7 4 6 5]
 [2 9 6 0 5 4 8 1 3]
 [7 1 0 3 6 8 0 2 9]
 [3 6 2 8 7 5 0 9 1]
 [0 0 4 1 3 0 5 8 6]
 [1 8 5 4 9 6 2 3 7]]
Number of cells unfilled: 13
Accuracy: 83.9506172839506
Sample: 67047
Question:
[[0 6 0 8 0 0 0 7 0]
 [4 0 0 5 0 0 0 0 0]
 [0 0 9 0 3 0 1 0 0]
 [0 0 2 0 1 0 0 0 0]
 [0 0 0 0 0 5 2 0 3]
 [0 0 0 2 0 0 9 0 1]
 [0 0 3 0 0 0 0 0 7]
 [0 5 0 0 0 6 0 0 0]
 [8 0 0 4 0 0 0 0 0]]
Solution:
[[9 5 8 6 1 3 2 7 0]
 [0 7 3 5 4 2 6 0 8]
 [6 2 1 7 8 9 3 5 4]
 [8 3 0 2 9 7 4 6 5]
 [2 9 6 0 5 4 8 1 3]
 [7 1 0 3 6 8 9 0 2]
 [3 6 2 8 7 5 0 9 1]
 [0 0 4 1 3 0 5 8 6]
 [1 8 5 4 2 6 0 3 7]]
Number of cells unfilled: 12
Accuracy: 85.18518518518519
Sample: 67048
Question:
[[0 0 0 0 7 0 0 0 0]
 [8 5 0 0 0 2 0 7 0]
 [4 0 0 0 0 5 6 3 0]
 [0 3 0 0 0 4 0 8 7]
 [0 0 4 2 5 7 0 0 0]
 [0 0 0 9 0 0 0 0 0]
 [1 0 0 7 0 0 0 6 0]
 [0 2 0 0 0 0 9 0 1]
 [0 0 0 3 0 0 0 0 0]]
Solution:
[[9 5 8 6 1 3 0 7 2]
 [0 7 3 5 4 2 1 0 8]
 [6 2 1 7 8 9 3 5 4]
 [8 3 0 2 0 1 4 6 5]
 [2 9 6 0 5 4 8 1 3]
 [7 1 0 3 6 8 0 2 9]
 [3 6 2 8 7 5 0 9 1]
 [0 0 4 1 3 0 5 8 6]
 [1 8 5 4 9 6 2 3 7]]
Number of cells unfilled: 12
Accuracy: 85.18518518518519
Sample: 67049
Question:
[[0 0 0 0 0 0 0 0 7]
 [1 0 7 0 4 8 0 0 0]
 [0 6 0 0 0 9 8 0 0]
 [0 8 0 0 0 5 6 0 0]
 [0 0 3 1 0 0 0 0 0]
 [4 0 0 0 0 0 0 3 0]
 [9 0 0 0 0 6 0 5 2]
 [0 0 0 0 0 0 9 0 0]
 [0 2 0 0 9 0 0 8 6]]
Solution:
[[9 5 8 6 1 3 0 7 2]
 [0 7 3 5 4 2 6 0 8]
 [6 2 1 7 8 0 3 5 4]
 [8 3 0 2 9 7 4 6 5]
 [2 9 6 0 5 4 8 1 3]
 [7 1 0 3 6 8 0 2 9]
 [3 6 2 8 7 5 0 9 1]
 [0 0 4 1 3 9 2 8 6]
 [1 8 5 4 2 6 0 3 7]]
Number of cells unfilled: 12
Accuracy: 85.18518518518519
Sample: 67050
Question:
[[3 0 0 0 0 0 0 0 7]
 [0 0 1 9 0 7 0 8 0]
 [0 0 0 0 4 0 0 0 1]
 [0 0 0 0 9 8 0 0 0]
 [0 9 0 7 2 0 0 1 0]
 [0 0 7 6 0 1 8 0 0]
 [9 0 0 0 8 0 0 6 0]
 [0 0 0 0 0 0 0 5 0]
 [0 0 6 5 0 9 0 0 8]]
Solution:
[[9 5 8 6 1 3 0 7 4]
 [0 7 3 5 4 2 6 0 8]
 [6 4 1 7 8 0 3 2 9]
 [8 3 0 2 9 7 4 6 5]
 [2 9 6 0 5 4 8 1 3]
 [7 1 0 3 6 8 9 0 2]
 [3 6 2 8 7 5 0 9 1]
 [0 0 4 1 3 9 2 5 6]
 [1 8 5 4 2 6 0 3 7]]
Number of cells unfilled: 12
Accuracy: 85.18518518518519
Sample: 67051
Question:
[[0 4 0 0 5 1 6 0 0]
 [0 0 1 2 0 0 0 4 0]
 [0 0 0 0 4 9 0 0 0]
 [7 0 0 0 0 0 0 0 6]
 [0 0 8 0 0 2 0 1 0]
 [0 3 0 0 0 0 0 0 9]
 [0 5 0 0 0 8 0 0 3]
 [0 0 0 9 0 0 7 0 0]
 [0 0 9 0 2 0 0 8 4]]
Solution:
[[9 5 8 6 1 3 0 7 4]
 [0 7 3 5 4 2 6 0 8]
 [6 4 1 7 8 9 3 5 2]
 [8 3 0 2 0 1 4 6 5]
 [2 9 6 0 5 4 8 1 3]
 [7 1 0 3 6 8 0 2 9]
 [3 6 2 8 7 5 0 9 1]
 [0 0 4 1 3 0 5 8 6]
 [1 8 5 4 9 6 2 3 7]]
Number of cells unfilled: 12
Accuracy: 85.18518518518519
Sample: 67052
Question:
[[1 0 7 0 4 0 9 0 0]
 [0 4 0 6 0 0 0 0 0]
 [9 0 0 0 0 1 0 4 0]
 [0 9 0 0 7 0 0 6 0]
 [0 0 0 0 0 3 2 0 0]
 [0 0 8 0 0 0 0 0 0]
 [0 7 0 0 1 0 0 9 0]
 [0 1 9 0 6 0 0 7 5]
 [5 0 0 0 0 0 0 0 0]]
Solution:
[[9 5 8 6 1 3 0 7 4]
 [0 7 3 5 4 2 1 0 8]
 [6 4 1 7 8 9 3 5 2]
 [8 3 0 2 0 1 4 6 5]
 [2 9 6 0 5 4 8 1 3]
 [7 1 0 3 6 8 0 2 9]
 [3 6 2 8 7 5 0 9 1]
 [0 0 4 1 3 0 5 8 6]
 [1 8 5 4 9 6 2 3 7]]
Number of cells unfilled: 12
Accuracy: 85.18518518518519
Sample: 67053
Question:
[[7 0 0 9 1 5 0 0 0]
 [0 0 3 0 8 0 0 0 0]
 [9 0 0 6 0 0 5 0 0]
 [0 0 5 0 0 0 0 0 9]
 [0 7 0 0 6 0 0 0 4]
 [0 0 0 0 0 0 1 2 3]
 [0 0 0 0 0 2 0 0 0]
 [0 9 0 7 3 0 2 0 1]
 [0 0 0 8 0 0 0 3 6]]
Solution:
[[9 5 8 6 1 3 0 7 4]
 [0 7 3 5 4 2 6 0 8]
 [6 4 1 7 9 8 3 5 2]
 [8 3 0 2 0 1 4 6 5]
 [2 9 6 0 5 4 8 1 3]
 [7 1 0 3 6 0 0 2 9]
 [3 6 2 8 7 5 0 9 1]
 [0 0 4 1 3 9 5 8 6]
 [1 8 5 4 2 6 0 3 7]]
Number of cells unfilled: 13
Accuracy: 83.9506172839506
Sample: 67054
Question:
[[0 0 0 0 0 0 8 0 0]
 [0 1 7 9 0 0 0 0 0]
 [0 0 0 0 0 0 3 0 0]
 [0 0 0 0 0 8 2 0 0]
 [0 9 0 4 0 0 0 0 0]
 [0 7 5 0 0 0 0 0 0]
 [0 4 0 0 0 0 0 7 0]
 [0 0 0 0 2 0 0 0 0]
 [0 0 0 0 8 3 0 5 0]]
Solution:
[[9 5 8 6 1 3 0 7 2]
 [0 7 3 5 4 2 1 0 8]
 [6 2 1 7 9 8 3 5 4]
 [8 3 0 2 0 7 4 6 5]
 [2 9 6 0 5 4 8 1 3]
 [7 1 0 3 6 0 0 2 9]
 [3 6 2 8 7 5 0 9 1]
 [0 0 4 1 3 9 2 8 6]
 [1 8 5 4 2 6 0 3 7]]
Number of cells unfilled: 13
Accuracy: 83.9506172839506
Sample: 67055
Question:
[[0 5 0 3 0 0 0 0 2]
 [4 3 0 0 0 2 0 9 0]
 [0 0 2 0 8 0 0 3 0]
 [6 0 0 1 0 0 0 7 0]
 [0 7 0 0 6 0 0 0 0]
 [0 0 5 0 0 3 0 0 8]
 [0 0 0 8 0 0 0 0 0]
 [0 2 0 0 9 0 1 0 0]
 [0 0 4 0 0 5 0 0 9]]
Solution:
[[9 5 8 6 1 3 0 7 2]
 [0 7 3 5 4 2 1 0 8]
 [6 2 1 7 8 9 3 5 4]
 [8 3 0 2 0 7 4 6 5]
 [2 9 6 0 5 4 8 1 3]
 [7 1 0 3 6 8 0 2 9]
 [3 6 2 8 7 5 0 9 1]
 [0 0 4 1 3 0 5 8 6]
 [1 8 5 4 9 6 2 3 7]]
Number of cells unfilled: 12
Accuracy: 85.18518518518519
Sample: 67056
Question:
[[0 0 0 0 2 0 4 9 0]
 [0 0 7 1 0 0 0 8 6]
 [0 0 0 0 0 0 0 0 0]
 [0 0 0 3 5 0 0 0 1]
 [3 0 0 0 0 2 0 0 0]
 [8 0 0 6 9 1 2 0 0]
 [1 0 2 9 3 0 0 0 0]
 [7 0 0 0 0 0 6 2 5]
 [6 0 0 0 0 0 1 0 0]]
Solution:
[[9 5 8 6 1 3 0 7 4]
 [0 7 3 5 4 2 1 0 8]
 [6 4 1 7 8 9 3 5 2]
 [8 3 0 2 9 1 4 6 5]
 [2 9 6 0 5 4 8 1 3]
 [7 1 0 3 6 8 0 2 9]
 [3 6 2 8 7 5 0 9 1]
 [0 0 4 1 3 0 5 8 6]
 [1 8 5 4 2 6 0 3 7]]
Number of cells unfilled: 12
Accuracy: 85.18518518518519
Sample: 67057
Question:
[[0 6 0 8 0 0 0 0 4]
 [0 0 3 0 9 0 5 0 0]
 [0 0 0 0 0 0 6 7 0]
 [0 0 0 0 0 5 0 4 9]
 [0 0 0 0 0 0 0 0 0]
 [4 0 9 0 0 7 0 2 0]
 [0 0 5 0 7 0 0 0 0]
 [7 0 2 0 1 0 0 8 0]
 [0 0 0 6 0 0 0 0 3]]
Solution:
[[9 5 8 6 1 3 0 7 4]
 [0 7 3 5 4 2 9 0 8]
 [6 4 1 7 8 9 3 5 2]
 [8 3 0 2 0 1 4 6 5]
 [2 9 6 0 5 4 8 1 3]
 [7 1 0 3 6 8 0 2 9]
 [3 6 2 8 7 5 0 9 1]
 [0 0 4 1 3 0 5 8 6]
 [1 8 5 4 9 6 2 3 7]]
Number of cells unfilled: 12
Accuracy: 85.18518518518519
Sample: 67058
Question:
[[0 0 0 0 0 0 6 0 7]
 [0 5 0 0 0 0 1 0 8]
 [6 0 7 1 0 0 0 3 0]
 [1 0 6 8 0 0 3 0 0]
 [0 0 0 0 0 1 0 0 6]
 [0 9 0 0 0 2 0 0 0]
 [7 0 0 2 0 4 0 0 0]
 [0 0 0 3 0 0 7 0 0]
 [5 0 8 7 0 0 0 0 3]]
Solution:
[[9 5 8 6 1 3 2 7 4]
 [0 7 3 5 4 2 1 0 8]
 [6 4 1 7 8 9 3 5 0]
 [8 3 0 2 0 1 4 6 5]
 [2 9 6 0 5 4 8 1 3]
 [7 1 0 3 6 8 0 2 9]
 [3 6 2 8 7 5 0 9 1]
 [0 0 4 1 3 0 5 8 6]
 [1 8 5 4 9 6 7 3 2]]
Number of cells unfilled: 12
Accuracy: 85.18518518518519
Sample: 67059
Question:
[[4 0 0 0 0 0 2 8 0]
 [3 0 9 5 0 0 4 0 0]
 [0 6 0 0 0 4 5 0 0]
 [0 0 0 6 0 0 0 0 0]
 [0 7 0 0 0 0 0 2 0]
 [1 0 6 0 0 5 9 0 0]
 [0 0 0 4 0 6 0 0 0]
 [6 0 4 0 5 0 1 0 0]
 [0 3 0 9 0 1 0 0 0]]
Solution:
[[9 5 8 6 1 3 2 7 0]
 [0 7 3 5 4 2 1 0 8]
 [6 2 1 7 8 9 3 5 4]
 [8 3 0 2 0 7 4 6 5]
 [2 9 6 0 5 4 8 1 3]
 [7 1 0 3 6 8 0 2 9]
 [3 6 2 8 7 5 0 9 1]
 [0 0 4 1 3 0 5 8 6]
 [1 8 5 4 9 6 7 3 2]]
Number of cells unfilled: 12
Accuracy: 85.18518518518519
Sample: 67060
Question:
[[0 0 2 0 1 3 0 0 0]
 [0 0 0 0 0 5 4 0 1]
 [0 0 0 8 6 0 0 0 0]
 [0 8 0 0 0 0 0 3 0]
 [0 0 9 3 0 7 0 0 6]
 [5 6 0 0 2 0 0 0 0]
 [0 0 4 0 3 0 9 0 8]
 [0 1 0 7 0 0 0 0 2]
 [9 0 0 0 0 4 0 0 7]]
Solution:
[[9 5 8 6 1 3 0 7 2]
 [0 7 3 5 4 2 9 0 8]
 [6 2 1 7 9 8 3 5 4]
 [8 3 0 2 0 7 4 6 5]
 [2 9 6 0 5 4 8 1 3]
 [7 1 0 3 6 0 0 2 9]
 [3 6 2 8 7 5 0 9 1]
 [0 0 4 1 3 9 2 8 6]
 [1 8 5 4 2 6 0 3 7]]
Number of cells unfilled: 13
Accuracy: 83.9506172839506
Sample: 67061
Question:
[[0 2 0 0 0 0 9 0 7]
 [1 7 0 0 5 0 0 8 0]
 [0 0 8 0 7 0 0 0 2]
 [0 0 0 0 0 0 0 0 0]
 [0 9 6 0 0 0 0 0 1]
 [0 0 0 9 4 0 3 6 0]
 [4 0 0 8 0 0 7 1 0]
 [6 0 1 5 0 0 0 0 0]
 [0 0 0 0 0 2 0 0 0]]
Solution:
[[9 5 8 6 1 3 0 7 2]
 [0 7 3 5 4 2 6 0 8]
 [6 2 1 7 9 8 3 5 4]
 [8 3 0 2 0 7 4 6 5]
 [2 9 6 0 5 4 8 1 3]
 [7 1 0 3 6 0 0 2 9]
 [3 6 2 8 7 5 0 9 1]
 [0 0 4 1 3 9 5 8 6]
 [1 8 5 4 2 6 0 3 7]]
Number of cells unfilled: 13
Accuracy: 83.9506172839506
Sample: 67062
Question:
[[0 0 0 0 8 0 0 0 0]
 [0 0 0 0 5 1 0 0 0]
 [0 7 0 3 0 0 0 0 0]
 [0 2 0 0 0 6 9 7 1]
 [0 0 0 0 0 8 5 3 0]
 [0 1 0 0 0 0 0 6 2]
 [0 0 0 0 7 0 0 0 9]
 [8 0 0 0 0 2 6 0 0]
 [2 0 0 0 3 5 7 1 0]]
Solution:
[[9 5 8 6 1 3 0 7 2]
 [0 7 3 5 4 2 1 0 8]
 [6 2 1 7 8 9 3 5 4]
 [8 3 0 2 9 7 4 6 5]
 [2 9 6 0 5 4 8 1 3]
 [7 1 0 3 6 8 0 2 9]
 [3 6 2 8 7 5 0 9 1]
 [0 0 4 1 3 0 5 8 6]
 [1 8 5 4 2 6 0 3 7]]
Number of cells unfilled: 12
Accuracy: 85.18518518518519
Sample: 67063
Question:
[[0 0 4 9 0 0 0 1 0]
 [9 8 0 0 0 4 0 0 6]
 [0 1 0 0 0 3 9 0 4]
 [0 5 0 8 3 0 0 6 0]
 [0 0 0 0 0 6 0 0 0]
 [0 0 0 5 4 0 0 0 8]
 [0 0 0 0 2 0 7 0 0]
 [0 3 0 0 0 8 0 0 5]
 [1 0 0 0 0 0 0 0 0]]
Solution:
[[9 5 8 6 1 3 0 7 2]
 [0 7 3 5 4 2 6 0 8]
 [6 2 1 7 8 9 3 5 4]
 [8 3 0 2 0 1 4 6 5]
 [2 9 6 0 5 4 8 1 3]
 [7 1 0 3 6 8 0 2 9]
 [3 6 2 8 7 5 0 9 1]
 [0 0 4 1 3 0 5 8 6]
 [1 8 5 4 9 6 2 3 7]]
Number of cells unfilled: 12
Accuracy: 85.18518518518519
Sample: 67064
Question:
[[0 0 0 0 6 0 1 0 3]
 [0 5 0 0 0 0 0 9 7]
 [8 0 6 0 0 0 0 0 0]
 [6 4 0 0 0 7 0 0 0]
 [7 0 0 6 1 0 0 0 0]
 [0 0 0 2 4 0 0 0 0]
 [0 6 0 0 2 0 0 7 8]
 [3 0 2 0 0 0 0 0 5]
 [0 0 8 5 7 0 0 3 0]]
Solution:
[[9 5 8 6 1 3 0 7 2]
 [0 7 3 5 4 2 9 0 8]
 [6 2 1 7 9 8 3 5 4]
 [8 3 0 2 0 7 4 6 5]
 [2 9 6 0 5 4 8 1 3]
 [7 1 0 3 6 0 0 2 9]
 [3 6 2 8 7 5 0 9 1]
 [0 0 4 1 3 9 5 8 6]
 [1 8 5 4 2 6 0 3 7]]
Number of cells unfilled: 13
Accuracy: 83.9506172839506
Sample: 67065
Question:
[[4 0 0 0 6 0 0 0 0]
 [0 0 7 0 0 0 0 9 0]
 [0 0 0 1 0 3 0 0 7]
 [0 0 0 8 0 0 0 0 0]
 [0 5 4 0 0 0 0 3 0]
 [2 6 0 0 0 5 0 1 0]
 [5 0 0 7 0 1 0 0 0]
 [7 0 9 0 5 0 2 4 0]
 [8 0 0 2 0 0 0 0 0]]
Solution:
[[9 5 8 6 1 3 2 7 4]
 [0 7 3 5 4 2 1 0 8]
 [6 2 1 7 8 9 3 5 0]
 [8 3 0 2 9 7 4 6 5]
 [2 9 6 0 5 4 8 1 3]
 [7 1 0 3 6 8 9 0 2]
 [3 6 2 8 7 5 0 9 1]
 [0 0 4 1 3 0 5 2 6]
 [1 8 5 4 2 6 0 3 7]]
Number of cells unfilled: 12
Accuracy: 85.18518518518519
Sample: 67066
Question:
[[0 0 0 1 0 0 2 0 4]
 [5 0 0 0 0 0 0 0 6]
 [0 2 0 0 4 0 0 8 0]
 [0 0 0 7 0 0 4 0 0]
 [0 8 0 0 9 0 0 0 2]
 [0 0 5 0 0 3 0 9 0]
 [0 9 0 0 6 0 8 0 0]
 [0 0 0 0 0 1 0 0 0]
 [3 0 2 0 0 7 0 0 0]]
Solution:
[[9 5 8 6 1 3 0 7 2]
 [0 7 3 5 4 2 1 0 8]
 [6 2 1 7 9 8 3 5 4]
 [8 3 0 2 0 7 4 6 5]
 [2 9 6 0 5 4 8 1 3]
 [7 1 0 3 6 0 0 2 9]
 [3 6 2 8 7 5 0 9 1]
 [0 0 4 1 3 9 5 8 6]
 [1 8 5 4 2 6 0 3 7]]
Number of cells unfilled: 13
Accuracy: 83.9506172839506
Sample: 67067
Question:
[[4 0 8 0 0 0 0 7 0]
 [0 0 0 0 0 0 0 3 0]
 [6 9 0 0 0 5 0 0 4]
 [0 0 0 0 2 0 9 8 0]
 [0 2 6 5 0 0 7 0 0]
 [0 0 0 0 0 9 0 0 0]
 [0 0 0 2 0 0 0 0 8]
 [0 3 1 0 8 0 0 0 5]
 [0 8 0 9 0 0 3 0 0]]
Solution:
[[9 5 8 6 1 3 2 7 4]
 [0 7 3 5 4 2 1 0 8]
 [6 2 1 7 8 9 3 5 0]
 [8 3 0 2 9 7 4 6 5]
 [2 9 6 0 5 4 8 1 3]
 [7 1 0 3 6 8 9 0 2]
 [3 6 2 8 7 5 0 9 1]
 [0 0 4 1 3 0 5 8 6]
 [1 8 5 4 2 6 0 3 7]]
Number of cells unfilled: 12
Accuracy: 85.18518518518519
Sample: 67068
Question:
[[3 0 0 0 0 2 5 0 0]
 [8 0 6 0 0 1 0 3 0]
 [0 0 9 0 4 0 8 0 7]
 [0 5 0 9 0 8 0 0 2]
 [4 7 0 3 0 0 1 0 0]
 [0 0 2 4 0 0 6 0 0]
 [0 0 0 0 0 5 3 1 9]
 [0 8 0 0 0 0 7 4 0]
 [9 0 1 0 6 0 0 5 0]]
Solution:
[[9 5 8 6 1 3 2 7 4]
 [0 7 3 5 4 2 6 0 8]
 [6 4 1 7 8 9 3 5 0]
 [8 3 0 2 0 1 4 6 5]
 [2 9 6 0 5 4 8 1 3]
 [7 1 0 3 6 8 0 2 9]
 [3 6 2 8 7 5 0 9 1]
 [0 0 4 1 3 0 5 8 6]
 [1 8 5 4 9 6 7 3 2]]
Number of cells unfilled: 12
Accuracy: 85.18518518518519
Sample: 67069
Question:
[[0 0 0 0 0 6 2 1 0]
 [1 0 0 0 0 0 3 9 0]
 [0 2 0 0 9 0 0 0 8]
 [6 0 0 0 2 0 0 0 0]
 [0 0 5 0 0 4 0 0 0]
 [0 1 0 9 6 0 0 3 0]
 [0 0 0 0 0 1 0 8 0]
 [0 8 0 2 3 0 1 0 0]
 [7 0 0 0 0 0 0 0 0]]
Solution:
[[9 5 8 6 1 3 2 7 4]
 [0 7 3 5 4 2 9 0 8]
 [6 2 1 7 8 9 3 5 0]
 [8 3 0 2 0 7 4 6 5]
 [2 9 6 0 5 4 8 1 3]
 [7 1 0 3 6 8 0 2 9]
 [3 6 2 8 7 5 0 9 1]
 [0 0 4 1 3 0 5 8 6]
 [1 8 5 4 9 6 7 3 2]]
Number of cells unfilled: 12
Accuracy: 85.18518518518519
Sample: 67070
Question:
[[0 0 0 0 2 6 8 9 0]
 [0 0 0 0 0 9 0 1 0]
 [9 0 0 3 0 0 7 0 2]
 [3 0 0 0 0 7 9 0 6]
 [0 0 4 0 0 0 0 0 0]
 [0 9 0 0 3 0 0 0 0]
 [0 0 1 7 0 0 0 0 0]
 [7 0 0 0 6 0 2 0 1]
 [0 5 0 0 0 0 0 8 0]]
Solution:
[[9 5 8 6 1 3 0 7 4]
 [0 7 3 5 4 2 6 0 8]
 [6 4 1 7 8 9 3 5 0]
 [8 3 0 2 0 7 4 6 5]
 [2 9 6 0 5 4 8 1 3]
 [7 1 0 3 6 8 9 0 2]
 [3 6 2 8 7 5 0 9 1]
 [0 0 4 1 3 0 5 8 6]
 [1 8 5 4 9 6 2 3 7]]
Number of cells unfilled: 13
Accuracy: 83.9506172839506
Sample: 67071
Question:
[[0 0 0 0 5 0 0 0 0]
 [0 5 0 7 0 1 9 0 0]
 [0 0 7 4 0 9 0 0 0]
 [0 0 9 0 1 0 2 0 7]
 [0 7 0 2 0 4 0 0 6]
 [0 0 4 0 0 0 1 0 0]
 [0 0 0 0 0 0 0 0 3]
 [8 0 0 0 0 7 0 2 0]
 [0 0 5 0 4 0 7 0 0]]
Solution:
[[9 5 8 6 1 3 0 7 2]
 [0 7 3 5 4 2 9 0 8]
 [6 4 1 7 8 9 3 5 0]
 [8 3 0 2 9 1 4 6 5]
 [2 9 6 0 5 4 8 1 3]
 [7 1 0 3 6 8 0 2 9]
 [3 6 2 8 7 5 0 9 1]
 [0 0 4 1 3 0 5 8 6]
 [1 8 5 4 2 6 0 3 7]]
Number of cells unfilled: 13
Accuracy: 83.9506172839506
Sample: 67072
Question:
[[0 0 0 0 8 0 0 0 0]
 [2 0 5 9 0 0 0 0 8]
 [0 0 0 0 0 0 9 3 0]
 [9 0 7 0 0 8 0 0 2]
 [0 0 0 5 7 0 0 0 0]
 [0 6 0 2 9 0 0 0 0]
 [0 0 2 0 0 0 0 6 0]
 [7 0 6 0 5 0 0 0 9]
 [0 4 9 0 0 0 1 0 0]]
Solution:
[[9 5 8 6 1 3 2 7 4]
 [0 7 3 5 4 2 1 0 8]
 [6 2 1 7 8 9 3 5 0]
 [8 3 0 2 0 7 4 6 5]
 [2 9 6 0 5 4 8 1 3]
 [7 1 0 3 6 8 0 2 9]
 [3 6 2 8 7 5 0 9 1]
 [0 0 4 1 3 0 5 8 6]
 [1 8 5 4 9 6 0 3 7]]
Number of cells unfilled: 13
Accuracy: 83.9506172839506
Sample: 67073
Question:
[[0 0 0 2 0 5 7 0 0]
 [2 0 0 6 0 0 0 1 0]
 [0 7 0 0 1 0 0 0 0]
 [0 0 9 0 0 0 0 0 7]
 [7 0 0 0 5 0 1 0 0]
 [0 3 0 0 0 0 0 0 4]
 [0 0 8 5 0 3 0 0 0]
 [6 0 0 0 7 0 5 0 0]
 [3 0 0 0 6 0 2 0 0]]
Solution:
[[9 5 8 6 1 3 2 7 4]
 [0 7 3 5 4 2 1 0 8]
 [6 2 1 7 8 9 3 5 0]
 [8 3 0 2 9 1 4 6 5]
 [2 9 6 0 5 4 8 1 3]
 [7 1 0 3 6 8 9 0 2]
 [3 6 2 8 7 5 0 9 1]
 [0 0 4 1 3 0 5 8 6]
 [1 8 5 4 2 6 0 3 7]]
Number of cells unfilled: 12
Accuracy: 85.18518518518519
Sample: 67074
Question:
[[0 0 0 9 0 0 2 5 0]
 [0 0 5 0 0 0 4 3 0]
 [0 2 0 0 3 0 0 0 8]
 [0 0 0 0 9 3 0 4 0]
 [0 0 9 0 2 0 0 0 5]
 [1 0 0 6 0 0 0 0 0]
 [0 0 0 5 0 0 0 8 0]
 [0 8 0 0 4 2 0 0 0]
 [5 0 7 0 0 0 0 0 0]]
Solution:
[[9 5 8 6 1 3 0 7 2]
 [0 7 3 5 4 2 1 0 8]
 [6 4 1 7 8 9 3 5 0]
 [8 3 0 2 0 1 4 6 5]
 [2 9 6 0 5 4 8 1 3]
 [7 1 0 3 6 8 0 2 9]
 [3 6 2 8 7 5 0 9 1]
 [0 0 4 1 3 0 5 8 6]
 [1 8 5 4 9 6 2 3 7]]
Number of cells unfilled: 13
Accuracy: 83.9506172839506
Sample: 67075
Question:
[[0 0 1 0 0 0 0 8 0]
 [0 0 0 1 5 0 0 0 2]
 [3 0 0 0 0 9 0 0 0]
 [0 6 0 2 4 0 0 0 0]
 [0 0 0 0 0 8 0 0 6]
 [8 0 7 0 0 0 0 0 0]
 [0 0 0 0 0 1 4 0 0]
 [0 0 8 0 0 4 2 0 5]
 [0 4 0 5 8 0 0 6 0]]
Solution:
[[9 5 8 6 1 3 2 7 4]
 [0 7 3 5 4 2 6 0 8]
 [6 4 1 7 8 9 3 5 0]
 [8 3 0 2 0 7 4 6 5]
 [2 9 6 0 5 4 8 1 3]
 [7 1 0 3 6 8 0 2 9]
 [3 6 2 8 7 5 0 9 1]
 [0 0 4 1 3 0 5 8 6]
 [1 8 5 4 9 6 7 3 2]]
Number of cells unfilled: 12
Accuracy: 85.18518518518519
Sample: 67076
Question:
[[0 0 1 9 6 0 0 3 0]
 [0 6 3 0 0 4 5 0 0]
 [0 4 0 0 0 3 9 0 0]
 [0 0 0 0 0 2 0 0 0]
 [0 0 0 5 9 0 3 0 0]
 [0 5 0 4 3 0 0 2 0]
 [6 0 0 0 0 0 0 0 7]
 [0 0 8 0 0 0 0 0 0]
 [0 3 0 0 0 9 2 0 0]]
Solution:
[[9 5 8 6 1 3 2 7 4]
 [0 7 3 5 4 2 1 0 8]
 [6 2 1 7 8 0 3 5 9]
 [8 3 0 2 9 1 4 6 5]
 [2 9 6 0 5 4 8 1 3]
 [7 1 0 3 6 8 9 0 2]
 [3 6 2 8 7 5 0 9 1]
 [0 0 4 1 3 9 5 2 6]
 [1 8 5 4 2 6 0 3 7]]
Number of cells unfilled: 11
Accuracy: 86.41975308641975
Sample: 67077
Question:
[[0 0 2 0 0 0 0 0 3]
 [0 0 7 0 2 0 0 0 4]
 [9 0 0 7 0 3 8 0 0]
 [0 0 0 3 0 4 0 0 0]
 [0 8 0 0 5 0 0 0 0]
 [0 0 4 8 0 2 5 0 0]
 [6 0 0 0 0 0 0 8 0]
 [0 0 0 0 3 0 0 0 5]
 [0 7 0 0 0 8 0 1 0]]
Solution:
[[9 5 8 6 1 3 0 7 2]
 [0 7 3 5 4 2 1 0 8]
 [6 4 1 7 8 9 3 5 0]
 [8 3 0 2 0 7 4 6 5]
 [2 9 6 0 5 4 8 1 3]
 [7 1 0 3 6 8 0 2 9]
 [3 6 2 8 7 5 0 9 1]
 [0 0 4 1 3 0 5 8 6]
 [1 8 5 4 9 6 2 3 7]]
Number of cells unfilled: 13
Accuracy: 83.9506172839506
Sample: 67078
Question:
[[0 0 5 3 0 0 4 0 0]
 [0 7 0 0 0 0 0 3 2]
 [0 4 2 8 0 0 5 0 0]
 [0 0 0 4 0 0 0 8 3]
 [0 0 0 0 0 0 1 0 0]
 [0 0 8 0 0 1 0 5 4]
 [2 0 0 0 6 0 0 0 0]
 [0 9 0 0 4 0 0 0 0]
 [0 0 4 1 0 0 3 0 0]]
Solution:
[[9 5 8 6 1 3 0 7 2]
 [0 7 3 5 4 2 6 0 8]
 [6 4 1 7 8 9 3 5 0]
 [8 3 0 2 9 1 4 6 5]
 [2 9 6 0 5 4 8 1 3]
 [7 1 0 3 6 8 0 2 9]
 [3 6 2 8 7 5 0 9 1]
 [0 0 4 1 3 0 2 8 6]
 [1 8 5 4 2 6 0 3 7]]
Number of cells unfilled: 13
Accuracy: 83.9506172839506
Sample: 67079
Question:
[[0 0 8 0 0 1 0 0 2]
 [0 6 0 0 0 0 0 0 0]
 [2 0 0 4 0 0 0 7 0]
 [8 0 0 5 0 0 0 3 0]
 [3 0 0 7 0 0 0 0 0]
 [0 9 0 0 2 0 8 0 7]
 [5 0 0 0 4 0 2 0 3]
 [0 0 2 0 0 0 0 4 0]
 [0 0 0 2 0 0 7 0 5]]
Solution:
[[9 5 8 6 1 3 2 7 0]
 [0 7 3 5 4 2 1 0 8]
 [6 2 1 7 8 9 3 5 4]
 [8 3 0 2 0 7 4 6 5]
 [2 9 6 0 5 4 8 1 3]
 [7 1 0 3 6 8 0 2 9]
 [3 6 2 8 7 5 0 9 1]
 [0 0 4 1 3 0 5 8 6]
 [1 8 5 4 9 6 7 3 2]]
Number of cells unfilled: 12
Accuracy: 85.18518518518519
Sample: 67080
Question:
[[0 2 0 0 0 3 0 0 0]
 [0 0 0 0 5 0 0 9 0]
 [7 0 5 9 0 0 0 0 6]
 [8 0 6 1 0 0 0 0 0]
 [0 9 0 0 0 0 0 0 1]
 [0 0 0 0 4 9 0 0 0]
 [0 8 0 0 0 0 6 0 7]
 [9 0 7 8 0 0 0 1 0]
 [0 5 0 0 0 0 8 0 0]]
Solution:
[[9 5 8 6 1 3 2 7 4]
 [0 7 3 5 4 2 6 0 8]
 [6 4 1 7 8 9 3 5 0]
 [8 3 0 2 0 1 4 6 5]
 [2 9 6 0 5 4 8 1 3]
 [7 1 0 3 6 8 0 2 9]
 [3 6 2 8 7 5 0 9 1]
 [0 0 4 1 3 0 5 8 6]
 [1 8 5 4 9 6 7 3 2]]
Number of cells unfilled: 12
Accuracy: 85.18518518518519
Sample: 67081
Question:
[[0 3 0 0 0 2 0 1 4]
 [0 0 2 0 1 0 0 0 0]
 [0 0 0 5 0 0 0 0 0]
 [2 0 0 0 0 1 0 3 6]
 [0 1 3 0 0 0 7 0 0]
 [0 4 6 0 0 0 0 9 0]
 [0 0 4 0 0 3 0 6 7]
 [0 0 0 0 8 0 9 0 3]
 [0 0 0 7 0 0 0 0 1]]
Solution:
[[9 5 8 6 1 3 0 7 4]
 [0 7 3 5 4 2 9 0 8]
 [6 4 1 7 8 9 3 5 2]
 [8 3 0 2 9 1 4 6 5]
 [2 9 6 0 5 4 8 1 3]
 [7 1 0 3 6 8 0 2 9]
 [3 6 2 8 7 5 0 9 1]
 [0 0 4 1 3 0 2 8 6]
 [1 8 5 4 2 6 0 3 7]]
Number of cells unfilled: 12
Accuracy: 85.18518518518519
Sample: 67082
Question:
[[0 3 0 0 9 0 0 0 0]
 [0 0 6 8 0 0 0 0 7]
 [0 8 0 0 0 5 0 0 0]
 [6 0 0 2 0 0 0 1 0]
 [0 0 8 0 0 0 7 2 0]
 [0 0 0 0 8 0 0 0 6]
 [0 0 2 9 7 0 0 0 1]
 [0 0 0 0 0 4 9 0 0]
 [0 0 7 1 0 0 0 0 8]]
Solution:
[[9 5 8 6 1 3 0 7 4]
 [0 7 3 5 4 2 1 0 8]
 [6 4 1 7 8 9 3 5 2]
 [8 3 0 2 0 1 4 6 5]
 [2 9 6 0 5 4 8 1 3]
 [7 1 0 3 6 8 0 2 9]
 [3 6 2 8 7 5 0 9 1]
 [0 0 4 1 3 0 5 8 6]
 [1 8 5 4 9 6 2 3 7]]
Number of cells unfilled: 12
Accuracy: 85.18518518518519
Sample: 67083
Question:
[[0 6 0 1 0 0 0 2 0]
 [0 0 0 0 8 0 5 0 0]
 [0 0 4 2 0 3 0 0 6]
 [4 0 3 0 0 0 0 0 0]
 [0 7 0 3 0 6 0 0 1]
 [1 0 0 0 2 0 0 0 0]
 [0 0 7 0 6 0 0 0 0]
 [0 0 0 0 0 0 0 9 0]
 [6 0 0 4 0 1 0 0 7]]
Solution:
[[9 5 8 6 1 3 0 7 0]
 [0 7 3 5 4 2 6 0 8]
 [6 2 1 7 8 9 3 5 4]
 [8 3 0 2 0 7 4 6 5]
 [2 9 6 0 5 4 8 1 3]
 [7 1 0 3 6 8 9 0 2]
 [3 6 2 8 7 5 0 9 1]
 [0 0 4 1 3 0 5 8 6]
 [1 8 5 4 9 6 2 3 7]]
Number of cells unfilled: 13
Accuracy: 83.9506172839506
Sample: 67084
Question:
[[0 6 0 8 0 7 0 0 0]
 [0 0 0 0 5 0 0 0 0]
 [0 0 5 6 0 2 7 0 0]
 [0 5 0 0 8 0 6 0 0]
 [9 0 0 0 0 0 0 0 1]
 [0 0 8 0 0 0 0 4 0]
 [0 0 0 1 0 8 0 3 0]
 [0 8 0 0 6 3 2 0 0]
 [0 7 0 0 2 0 1 6 0]]
Solution:
[[9 5 8 6 1 3 2 7 4]
 [0 7 3 5 4 2 1 0 8]
 [6 4 1 7 8 9 3 5 0]
 [8 3 0 2 9 7 4 6 5]
 [2 9 6 0 5 4 8 1 3]
 [7 1 0 3 6 8 9 0 2]
 [3 6 2 8 7 5 0 9 1]
 [0 0 4 1 3 0 5 2 6]
 [1 8 5 4 2 6 0 3 7]]
Number of cells unfilled: 12
Accuracy: 85.18518518518519
Sample: 67085
Question:
[[0 7 0 0 0 4 0 9 0]
 [4 0 3 0 8 0 0 0 6]
 [8 0 0 0 9 0 0 0 3]
 [0 0 4 9 0 0 5 0 0]
 [0 1 0 0 0 0 9 0 0]
 [0 0 0 0 3 0 0 0 2]
 [0 0 0 6 0 3 0 0 0]
 [0 0 9 0 2 0 0 0 0]
 [6 0 0 8 0 0 0 2 0]]
Solution:
[[9 5 8 6 1 3 2 7 4]
 [0 7 3 5 4 2 6 0 8]
 [6 4 1 7 8 9 3 5 0]
 [8 3 0 2 0 7 4 6 5]
 [2 9 6 0 5 4 8 1 3]
 [7 1 0 3 6 8 0 2 9]
 [3 6 2 8 7 5 0 9 1]
 [0 0 4 1 3 0 5 8 6]
 [1 8 5 4 9 6 7 3 2]]
Number of cells unfilled: 12
Accuracy: 85.18518518518519
Sample: 67086
Question:
[[0 8 2 7 0 0 0 0 9]
 [0 5 0 0 9 0 8 0 0]
 [6 0 0 0 0 0 0 3 0]
 [0 7 5 0 0 0 0 0 4]
 [0 0 0 0 0 0 1 9 0]
 [9 0 0 4 0 0 0 0 0]
 [8 0 0 0 0 5 0 0 0]
 [0 0 0 2 0 7 0 0 0]
 [0 2 9 0 4 0 0 0 5]]
Solution:
[[9 5 8 6 1 3 2 7 4]
 [0 7 3 5 4 2 9 0 8]
 [6 2 1 7 9 8 3 5 0]
 [8 3 0 2 0 7 4 6 5]
 [2 9 6 0 5 4 8 1 3]
 [7 1 0 3 6 0 0 0 2]
 [3 6 2 8 7 5 0 9 1]
 [0 0 4 1 3 9 5 8 6]
 [1 8 5 4 2 6 0 3 7]]
Number of cells unfilled: 14
Accuracy: 82.71604938271605
Sample: 67087
Question:
[[5 0 0 0 0 0 0 0 4]
 [0 0 3 0 2 0 1 9 0]
 [0 1 0 0 0 0 7 0 0]
 [0 0 0 0 3 7 0 0 1]
 [0 0 0 0 9 2 0 0 0]
 [0 0 7 6 0 0 9 3 0]
 [0 8 0 0 0 0 0 0 0]
 [0 0 0 0 6 0 0 0 3]
 [0 0 6 0 0 3 2 7 0]]
Solution:
[[9 5 8 6 1 3 2 7 4]
 [0 7 3 5 4 2 1 0 8]
 [6 4 1 7 8 9 3 5 0]
 [8 3 0 2 0 7 4 6 5]
 [2 9 6 0 5 4 8 1 3]
 [7 1 0 3 6 8 0 2 9]
 [3 6 2 8 7 5 0 9 1]
 [0 0 4 1 3 0 5 8 6]
 [1 8 5 4 9 6 7 3 2]]
Number of cells unfilled: 12
Accuracy: 85.18518518518519
Sample: 67088
Question:
[[5 0 0 0 0 2 0 0 4]
 [0 0 6 0 1 0 0 0 0]
 [0 9 0 4 0 0 0 0 0]
 [8 0 0 2 0 0 0 7 0]
 [0 0 5 0 0 0 0 0 2]
 [0 0 0 0 0 5 4 8 0]
 [0 3 0 0 0 0 6 0 0]
 [6 0 4 0 0 8 0 0 7]
 [7 0 0 0 0 4 0 3 5]]
Solution:
[[9 5 8 6 1 3 2 7 4]
 [0 7 3 5 4 2 9 0 8]
 [6 2 1 7 8 9 3 5 0]
 [8 3 0 2 0 1 4 6 5]
 [2 9 6 0 5 4 8 1 3]
 [7 1 0 3 6 8 0 2 9]
 [3 6 2 8 7 5 0 9 1]
 [0 0 4 1 3 0 5 8 6]
 [1 8 5 4 9 6 0 3 7]]
Number of cells unfilled: 13
Accuracy: 83.9506172839506
Sample: 67089
Question:
[[5 0 0 0 0 8 0 1 0]
 [3 0 0 0 0 5 0 7 0]
 [0 4 0 1 3 0 0 0 8]
 [0 0 3 0 0 0 2 0 0]
 [0 6 0 0 0 0 0 0 0]
 [8 0 0 0 0 1 0 9 0]
 [0 0 8 0 0 9 0 0 0]
 [0 0 0 7 1 0 0 8 0]
 [7 0 0 5 0 0 0 0 9]]
Solution:
[[9 5 8 6 1 3 0 7 4]
 [0 7 3 5 4 2 6 0 8]
 [6 4 1 7 8 9 3 5 2]
 [8 3 0 2 9 1 4 6 5]
 [2 9 6 0 5 4 8 1 3]
 [7 1 0 3 6 8 0 2 9]
 [3 6 2 8 7 5 0 9 1]
 [0 0 4 1 3 0 5 8 6]
 [1 8 5 4 2 6 0 3 7]]
Number of cells unfilled: 12
Accuracy: 85.18518518518519
Sample: 67090
Question:
[[0 0 0 3 0 0 0 0 0]
 [4 0 0 0 0 6 3 0 8]
 [0 0 1 0 4 0 0 6 0]
 [0 0 0 0 0 0 0 0 3]
 [0 0 0 0 5 0 0 0 7]
 [8 0 0 1 0 0 0 4 0]
 [0 0 9 0 2 0 0 0 0]
 [5 2 0 4 0 0 0 8 0]
 [1 0 0 6 0 5 0 3 0]]
Solution:
[[9 5 8 6 1 3 0 7 2]
 [0 7 3 5 4 2 6 0 8]
 [6 2 1 7 8 9 3 5 4]
 [8 3 0 2 0 7 4 6 5]
 [2 9 6 0 5 4 8 1 3]
 [7 1 0 3 6 8 0 2 9]
 [3 6 2 8 7 5 0 9 1]
 [0 0 4 1 3 0 5 8 6]
 [1 8 5 4 9 6 2 3 7]]
Number of cells unfilled: 12
Accuracy: 85.18518518518519
Sample: 67091
Question:
[[0 9 0 0 0 8 0 2 0]
 [2 1 0 0 0 7 9 3 0]
 [0 0 4 0 0 0 0 0 6]
 [0 0 2 0 5 0 0 0 0]
 [0 3 0 0 0 9 0 8 0]
 [0 0 0 0 0 0 3 0 0]
 [0 0 9 0 0 1 0 0 3]
 [0 7 0 0 0 0 0 0 0]
 [1 0 0 7 8 0 0 9 0]]
Solution:
[[9 5 8 6 1 3 2 7 4]
 [0 7 3 5 4 2 1 0 8]
 [6 4 1 7 8 9 3 5 0]
 [8 3 0 2 9 1 4 6 5]
 [2 9 6 0 5 4 8 1 3]
 [7 1 0 3 6 8 9 0 2]
 [3 6 2 8 7 5 0 9 1]
 [0 0 4 1 3 0 5 8 6]
 [1 8 5 4 2 6 0 3 7]]
Number of cells unfilled: 12
Accuracy: 85.18518518518519
Sample: 67092
Question:
[[6 0 0 0 0 5 7 0 1]
 [0 1 0 0 0 0 0 2 0]
 [4 0 7 0 0 8 9 0 0]
 [8 0 0 0 0 0 0 0 0]
 [0 0 4 8 5 0 6 0 0]
 [0 6 0 0 0 4 0 9 0]
 [0 7 0 0 3 0 0 0 0]
 [9 0 0 0 0 6 5 0 0]
 [0 0 0 0 0 0 0 0 9]]
Solution:
[[9 5 8 6 1 3 0 7 4]
 [0 7 3 5 4 2 1 0 8]
 [6 4 1 7 8 9 3 2 0]
 [8 3 0 2 0 7 4 6 5]
 [2 9 6 0 5 4 8 1 3]
 [7 1 0 3 6 8 9 0 2]
 [3 6 2 8 7 5 0 9 1]
 [0 0 4 1 3 0 5 8 6]
 [1 8 5 4 9 6 2 3 7]]
Number of cells unfilled: 13
Accuracy: 83.9506172839506
Sample: 67093
Question:
[[9 0 0 0 3 4 5 0 0]
 [0 6 0 8 0 0 0 0 0]
 [0 0 0 0 0 0 0 4 0]
 [0 0 0 3 0 0 0 5 0]
 [3 0 0 0 2 5 0 0 4]
 [0 7 0 0 0 0 3 2 0]
 [2 0 0 0 6 9 0 3 0]
 [0 0 6 1 0 0 0 0 9]
 [0 0 0 0 0 0 0 0 0]]
Solution:
[[9 5 8 6 1 3 2 7 4]
 [0 7 3 5 4 2 1 0 8]
 [6 4 1 7 8 9 3 5 0]
 [8 3 0 2 0 7 4 6 5]
 [2 9 6 0 5 4 8 1 3]
 [7 1 0 3 6 8 0 2 9]
 [3 6 2 8 7 5 0 9 1]
 [0 0 4 1 3 0 5 8 6]
 [1 8 5 4 9 6 7 3 2]]
Number of cells unfilled: 12
Accuracy: 85.18518518518519
Sample: 67094
Question:
[[0 0 3 0 0 0 1 9 0]
 [0 0 0 0 0 0 0 0 4]
 [0 0 8 0 0 3 0 7 0]
 [0 0 0 7 4 0 0 0 9]
 [9 0 0 0 0 0 6 0 0]
 [0 0 1 8 0 6 2 0 0]
 [1 0 0 2 0 0 0 0 0]
 [0 0 0 9 0 7 0 0 0]
 [0 3 2 0 6 0 0 0 1]]
Solution:
[[9 5 8 6 1 3 0 7 0]
 [0 7 3 5 4 2 6 0 8]
 [6 2 1 7 8 9 3 5 4]
 [8 3 0 2 0 1 4 6 5]
 [2 9 6 0 5 4 8 1 3]
 [7 1 0 3 6 8 9 0 2]
 [3 6 2 8 7 5 0 9 1]
 [0 0 4 1 3 0 5 8 6]
 [1 8 5 4 9 6 2 3 7]]
Number of cells unfilled: 13
Accuracy: 83.9506172839506
Sample: 67095
Question:
[[0 0 0 1 0 0 0 4 0]
 [0 0 0 0 5 0 0 0 0]
 [0 0 2 4 7 0 0 0 0]
 [0 0 0 0 6 0 0 3 0]
 [0 0 1 8 0 5 0 6 4]
 [0 0 0 0 0 0 0 8 2]
 [1 0 6 2 0 0 3 0 0]
 [2 0 3 9 0 0 0 1 0]
 [0 4 8 0 1 0 9 0 0]]
Solution:
[[9 5 8 6 1 3 0 7 2]
 [0 7 3 5 4 2 1 0 8]
 [6 2 1 7 8 9 3 5 4]
 [8 3 0 2 9 7 4 6 5]
 [2 9 6 0 5 4 8 1 3]
 [7 1 0 3 6 8 0 2 9]
 [3 6 2 8 7 5 0 9 1]
 [0 0 4 1 3 0 5 8 6]
 [1 8 5 4 2 6 0 3 7]]
Number of cells unfilled: 12
Accuracy: 85.18518518518519
Sample: 67096
Question:
[[0 6 0 3 0 0 0 0 2]
 [0 0 7 0 2 0 0 9 0]
 [0 0 0 0 0 6 3 0 0]
 [0 0 5 0 3 0 0 0 7]
 [1 0 0 4 0 0 5 0 0]
 [0 9 0 0 0 5 0 2 0]
 [0 8 0 0 5 0 0 1 0]
 [0 0 9 1 0 0 0 0 8]
 [4 0 0 0 0 3 0 0 0]]
Solution:
[[9 5 8 6 1 3 0 7 2]
 [0 7 3 5 4 2 9 0 8]
 [6 2 1 7 8 9 3 5 4]
 [8 3 0 2 9 1 4 6 5]
 [2 9 6 0 5 4 8 1 3]
 [7 1 0 3 6 8 0 2 9]
 [3 6 2 8 7 5 0 9 1]
 [0 0 4 1 3 0 5 8 6]
 [1 8 5 4 2 6 0 3 7]]
Number of cells unfilled: 12
Accuracy: 85.18518518518519
Sample: 67097
Question:
[[0 0 0 5 0 0 0 0 8]
 [0 0 0 0 6 0 4 5 0]
 [0 0 1 0 0 4 0 0 0]
 [0 8 4 0 0 9 0 0 0]
 [0 6 0 0 2 0 0 0 0]
 [0 9 0 0 7 0 3 0 0]
 [0 0 0 0 0 2 0 0 0]
 [0 0 3 6 0 0 0 8 7]
 [0 4 5 0 3 0 2 0 1]]
Solution:
[[9 5 8 6 1 3 0 7 2]
 [0 7 3 5 4 2 6 1 8]
 [6 4 1 7 8 0 3 5 9]
 [8 3 0 2 9 1 4 6 5]
 [2 9 6 0 5 4 8 0 3]
 [7 1 0 3 6 8 9 2 0]
 [3 6 2 8 7 5 0 9 1]
 [0 0 4 1 3 9 2 8 6]
 [1 8 5 4 2 6 0 3 7]]
Number of cells unfilled: 12
Accuracy: 85.18518518518519
Sample: 67098
Question:
[[0 2 0 1 6 0 0 4 0]
 [6 0 0 0 9 0 0 0 0]
 [0 0 9 0 0 2 6 0 0]
 [2 8 0 9 0 0 7 0 0]
 [0 0 0 0 0 7 0 0 0]
 [0 0 7 2 0 0 0 1 0]
 [0 0 2 0 0 1 8 0 0]
 [0 3 0 0 0 0 0 9 5]
 [5 0 8 0 0 0 1 0 0]]
Solution:
[[9 5 8 6 1 3 0 7 4]
 [0 7 3 5 4 2 6 0 8]
 [6 4 1 7 8 9 3 5 2]
 [8 3 0 2 0 1 4 6 5]
 [2 9 6 0 5 4 8 1 3]
 [7 1 0 3 6 8 0 2 9]
 [3 6 2 8 7 5 0 9 1]
 [0 0 4 1 3 0 5 8 6]
 [1 8 5 4 9 6 2 3 7]]
Number of cells unfilled: 12
Accuracy: 85.18518518518519
Sample: 67099
Question:
[[6 0 0 0 0 4 9 0 0]
 [8 0 0 2 0 9 6 0 0]
 [0 0 0 0 1 0 0 2 8]
 [0 5 6 0 4 0 0 0 7]
 [4 0 0 0 0 8 5 0 0]
 [0 0 0 5 0 0 0 0 0]
 [3 0 0 0 0 0 0 0 0]
 [0 0 8 4 9 0 3 0 0]
 [0 0 4 0 0 3 0 0 6]]
Solution:
[[9 5 8 6 1 3 0 7 4]
 [0 7 3 5 4 2 9 0 8]
 [6 4 1 7 8 9 3 5 2]
 [8 3 0 2 0 7 4 6 5]
 [2 9 6 0 5 4 8 1 3]
 [7 1 0 3 6 8 0 2 9]
 [3 6 2 8 7 5 0 9 1]
 [0 0 4 1 3 0 5 8 6]
 [1 8 5 4 9 6 2 3 7]]
Number of cells unfilled: 12
Accuracy: 85.18518518518519
Sample: 67100
Question:
[[9 0 0 0 1 0 0 7 0]
 [0 0 0 5 0 0 0 0 8]
 [6 0 0 0 0 0 0 0 0]
 [0 0 0 2 0 0 4 0 5]
 [0 0 0 0 0 0 8 0 0]
 [7 1 0 0 6 0 0 0 0]
 [0 0 0 0 7 0 0 9 0]
 [0 0 4 0 0 0 0 0 0]
 [0 0 5 0 0 0 0 0 0]]
Solution:
[[9 5 8 6 1 3 2 7 0]
 [0 7 3 5 4 2 1 0 8]
 [6 2 1 7 9 8 3 5 4]
 [8 3 0 2 0 1 4 6 5]
 [2 9 6 0 5 4 8 1 3]
 [7 1 0 3 6 0 9 0 2]
 [3 6 2 8 7 5 0 9 1]
 [0 0 4 1 3 9 5 2 6]
 [1 8 5 4 2 6 0 3 7]]
Number of cells unfilled: 13
Accuracy: 83.9506172839506
