2025-10-22 15:51:18.011937: I tensorflow/core/util/port.cc:153] oneDNN custom operations are on. You may see slightly different numerical results due to floating-point round-off errors from different computation orders. To turn them off, set the environment variable `TF_ENABLE_ONEDNN_OPTS=0`.
2025-10-22 15:51:18.422025: I tensorflow/core/platform/cpu_feature_guard.cc:210] This TensorFlow binary is optimized to use available CPU instructions in performance-critical operations.
To enable the following instructions: AVX2 AVX512F AVX512_VNNI FMA, in other operations, rebuild TensorFlow with the appropriate compiler flags.
2025-10-22 15:51:24.198391: I tensorflow/core/util/port.cc:153] oneDNN custom operations are on. You may see slightly different numerical results due to floating-point round-off errors from different computation orders. To turn them off, set the environment variable `TF_ENABLE_ONEDNN_OPTS=0`.
2025-10-22 15:51:31.796442: E external/local_xla/xla/stream_executor/cuda/cuda_platform.cc:51] failed call to cuInit: INTERNAL: CUDA error: Failed call to cuInit: UNKNOWN ERROR (303)
Sample: 68901
Question:
[[0 9 0 0 0 3 2 0 4]
 [3 0 0 0 0 0 0 0 0]
 [6 0 0 0 0 4 0 0 1]
 [0 0 0 3 4 0 0 6 0]
 [0 0 3 0 6 2 0 1 0]
 [0 0 0 9 0 0 0 0 0]
 [8 7 0 0 1 0 3 0 6]
 [0 1 0 0 0 0 0 0 9]
 [0 0 0 2 0 0 0 0 0]]
Solution:
[[7 6 3 9 1 0 5 4 8]
 [9 0 8 7 4 2 0 1 3]
 [4 5 1 8 0 3 9 6 2]
 [0 8 9 3 2 1 6 0 5]
 [5 3 2 6 9 4 8 7 0]
 [1 0 6 5 7 0 4 3 9]
 [3 1 5 2 6 8 7 9 0]
 [2 9 7 1 3 5 0 8 4]
 [8 0 0 4 0 9 3 5 1]]
Number of cells unfilled: 14
Accuracy: 82.71604938271605
Sample: 68902
Question:
[[0 9 0 4 0 0 5 0 8]
 [0 0 4 0 0 0 2 3 0]
 [3 0 0 0 2 8 0 0 0]
 [0 0 0 0 9 5 3 0 0]
 [0 0 8 0 0 4 0 0 0]
 [0 0 0 8 0 0 4 0 5]
 [0 5 0 2 0 1 9 0 0]
 [0 0 0 0 0 6 0 5 0]
 [0 0 2 0 0 0 0 0 0]]
Solution:
[[7 6 3 9 1 0 5 4 8]
 [9 0 8 5 4 2 0 1 3]
 [4 5 1 8 0 3 2 6 7]
 [0 8 9 3 2 1 6 5 0]
 [5 3 2 6 9 4 8 7 0]
 [1 0 6 0 7 0 4 3 9]
 [3 1 5 2 6 8 7 9 0]
 [2 9 7 1 3 5 0 8 4]
 [8 0 0 4 0 9 3 2 1]]
Number of cells unfilled: 15
Accuracy: 81.48148148148148
Sample: 68903
Question:
[[0 9 0 6 0 0 7 0 0]
 [0 6 4 1 7 0 0 0 2]
 [0 0 7 0 0 0 0 0 0]
 [0 2 0 0 0 0 0 0 0]
 [4 7 0 0 0 9 5 0 8]
 [0 0 9 0 4 0 0 0 1]
 [9 0 0 4 0 0 0 1 0]
 [0 4 0 0 0 6 0 0 0]
 [0 0 0 0 2 0 0 0 7]]
Solution:
[[7 6 3 5 1 0 9 4 8]
 [9 0 8 7 4 2 5 1 3]
 [4 5 1 8 0 3 2 6 7]
 [0 8 9 3 2 1 6 0 5]
 [5 3 2 6 9 4 8 7 0]
 [1 0 6 0 7 0 4 3 9]
 [3 4 5 2 6 8 7 9 0]
 [2 9 7 1 3 5 0 8 4]
 [8 0 0 4 0 9 3 5 1]]
Number of cells unfilled: 14
Accuracy: 82.71604938271605
Sample: 68904
Question:
[[0 9 5 2 0 1 0 0 0]
 [2 8 0 7 0 0 0 1 0]
 [0 0 7 0 5 0 9 0 0]
 [0 0 0 9 0 0 0 0 4]
 [0 0 0 8 1 5 0 0 6]
 [0 1 0 0 0 0 0 0 0]
 [8 0 0 1 7 0 0 0 0]
 [0 0 0 0 0 9 5 0 0]
 [0 0 0 0 0 2 0 7 8]]
Solution:
[[7 6 3 5 1 0 2 4 8]
 [9 0 8 7 4 2 5 1 3]
 [4 5 1 8 0 3 9 6 7]
 [0 8 9 3 2 1 6 0 5]
 [5 3 2 6 9 4 8 7 0]
 [1 0 6 0 7 0 4 3 2]
 [3 1 5 2 6 8 7 9 0]
 [2 9 7 1 3 5 0 8 4]
 [8 0 0 4 0 9 3 5 1]]
Number of cells unfilled: 14
Accuracy: 82.71604938271605
Sample: 68905
Question:
[[0 9 6 0 2 0 0 0 0]
 [3 0 0 0 1 0 0 2 0]
 [1 0 0 0 5 0 9 0 3]
 [0 0 0 0 0 1 6 0 5]
 [5 0 0 0 0 0 0 1 9]
 [0 0 0 0 0 0 0 3 0]
 [0 0 2 0 0 0 0 6 0]
 [0 3 0 2 0 0 0 0 1]
 [0 5 0 4 7 0 3 0 0]]
Solution:
[[7 6 3 9 1 0 5 4 8]
 [9 0 8 7 4 2 0 1 3]
 [4 5 1 8 0 3 2 6 9]
 [0 8 9 3 2 1 6 5 0]
 [5 3 2 6 9 4 8 7 0]
 [1 0 6 5 7 0 4 3 2]
 [3 1 5 2 6 8 7 9 0]
 [2 9 7 1 3 5 0 8 4]
 [8 0 0 4 0 9 3 2 1]]
Number of cells unfilled: 14
Accuracy: 82.71604938271605
Sample: 68906
Question:
[[1 0 0 0 0 0 0 0 0]
 [0 0 3 0 0 4 0 0 0]
 [0 2 4 0 0 5 6 0 0]
 [0 0 0 0 0 1 0 0 0]
 [0 3 1 5 0 6 0 0 4]
 [0 6 0 3 2 0 0 0 5]
 [0 0 5 4 0 0 0 7 8]
 [0 0 6 1 0 0 0 5 0]
 [2 0 0 0 0 0 0 6 0]]
Solution:
[[7 6 3 9 1 0 5 4 8]
 [9 0 8 7 4 2 0 1 3]
 [4 5 1 8 0 3 2 6 9]
 [0 8 9 3 2 1 6 5 0]
 [5 3 2 6 9 4 8 7 0]
 [1 0 6 5 7 0 4 3 2]
 [3 1 5 2 6 8 7 9 0]
 [2 9 7 1 3 5 0 8 4]
 [8 0 0 4 0 9 3 2 1]]
Number of cells unfilled: 14
Accuracy: 82.71604938271605
Sample: 68907
Question:
[[1 0 0 0 0 0 2 3 0]
 [0 0 0 0 0 3 0 0 0]
 [4 9 0 2 0 0 0 0 5]
 [9 0 0 0 7 2 0 0 0]
 [0 0 0 0 0 8 7 0 3]
 [0 0 8 5 3 0 0 0 0]
 [0 0 0 0 0 0 0 2 8]
 [0 0 0 0 0 9 3 0 0]
 [2 5 0 0 0 0 9 0 7]]
Solution:
[[7 6 3 9 1 0 5 4 8]
 [9 0 8 7 4 2 0 1 3]
 [4 5 1 8 0 3 2 6 9]
 [0 8 9 3 2 1 6 0 5]
 [5 3 2 6 9 4 8 7 0]
 [1 0 6 5 7 0 4 3 2]
 [3 1 5 2 6 8 7 9 0]
 [2 9 7 1 3 5 0 8 4]
 [8 0 0 4 0 9 3 5 1]]
Number of cells unfilled: 14
Accuracy: 82.71604938271605
Sample: 68908
Question:
[[1 0 0 2 0 0 9 0 0]
 [0 2 0 0 0 0 0 7 0]
 [5 0 0 6 0 4 2 0 0]
 [0 0 0 0 9 0 5 0 7]
 [0 0 0 0 0 0 0 1 0]
 [0 0 5 0 0 0 8 9 0]
 [0 0 9 0 0 5 1 0 8]
 [8 7 0 0 0 2 0 0 0]
 [0 0 1 0 0 9 0 2 0]]
Solution:
[[7 6 3 9 1 0 2 4 8]
 [9 0 8 7 4 2 5 1 3]
 [4 5 1 8 0 3 9 6 7]
 [0 8 9 3 2 1 6 0 5]
 [5 3 2 6 9 4 8 7 0]
 [1 0 6 5 7 0 4 3 2]
 [3 1 5 2 6 8 7 9 0]
 [2 9 7 1 3 5 0 8 4]
 [8 0 0 4 0 9 3 5 1]]
Number of cells unfilled: 13
Accuracy: 83.9506172839506
Sample: 68909
Question:
[[1 0 2 3 0 5 0 0 7]
 [0 7 0 0 0 0 2 0 0]
 [9 0 0 0 0 0 0 0 8]
 [0 0 0 0 0 1 9 0 0]
 [0 0 7 0 8 0 0 2 0]
 [0 0 0 0 0 0 0 0 6]
 [6 2 0 0 0 9 1 8 0]
 [7 0 0 1 0 0 0 6 0]
 [0 1 0 8 0 0 0 0 0]]
Solution:
[[7 6 3 5 1 0 2 4 8]
 [9 0 8 7 4 2 5 1 3]
 [4 5 1 8 0 3 9 6 7]
 [0 8 9 3 2 1 6 5 0]
 [5 3 2 6 9 4 8 7 0]
 [1 0 6 0 7 0 4 3 2]
 [3 1 5 2 6 8 7 9 0]
 [2 9 7 1 3 5 0 8 4]
 [8 0 0 4 0 9 3 2 1]]
Number of cells unfilled: 14
Accuracy: 82.71604938271605
Sample: 68910
Question:
[[1 0 3 0 0 0 0 0 0]
 [0 6 0 0 0 0 0 0 7]
 [0 4 0 0 0 0 8 1 0]
 [0 7 8 0 0 0 9 0 0]
 [0 0 0 0 0 8 2 7 3]
 [0 0 0 3 0 0 0 0 0]
 [0 0 4 6 0 0 0 0 0]
 [7 8 0 0 0 1 0 0 6]
 [0 0 1 0 4 0 7 3 0]]
Solution:
[[7 6 3 9 1 0 2 4 8]
 [9 0 8 7 4 2 5 1 3]
 [4 5 1 8 0 3 9 6 7]
 [0 8 9 3 2 1 6 0 5]
 [5 3 2 6 9 4 8 7 0]
 [1 0 6 5 7 0 4 3 9]
 [3 4 5 2 6 8 7 9 0]
 [2 9 7 1 3 5 0 8 4]
 [8 0 0 4 0 9 3 5 1]]
Number of cells unfilled: 13
Accuracy: 83.9506172839506
Sample: 68911
Question:
[[1 0 6 8 0 0 0 0 0]
 [0 0 0 0 0 0 0 0 6]
 [0 5 0 3 0 0 1 0 0]
 [6 0 0 0 0 0 0 0 0]
 [0 2 1 0 0 7 0 0 0]
 [7 9 0 1 5 0 0 0 0]
 [0 0 0 0 6 0 0 9 1]
 [0 0 7 0 0 2 5 0 0]
 [9 6 0 0 0 0 7 0 2]]
Solution:
[[7 6 3 9 1 0 2 4 8]
 [9 0 8 7 4 2 5 1 3]
 [4 5 1 8 0 3 9 6 7]
 [0 8 9 3 2 1 6 5 0]
 [5 3 2 6 9 4 8 7 0]
 [1 0 6 5 7 0 4 3 9]
 [3 4 5 2 6 8 7 9 0]
 [2 9 7 1 3 5 0 8 4]
 [8 0 0 4 0 9 3 2 1]]
Number of cells unfilled: 13
Accuracy: 83.9506172839506
Sample: 68912
Question:
[[1 0 9 3 0 0 0 5 4]
 [0 3 0 0 9 5 8 0 0]
 [0 0 8 1 0 0 0 0 0]
 [0 0 0 0 1 0 0 9 3]
 [0 0 0 0 8 0 5 0 0]
 [9 0 0 4 0 3 0 0 0]
 [0 0 0 9 5 4 0 7 0]
 [0 0 0 0 0 0 0 6 5]
 [0 0 4 0 0 0 0 0 0]]
Solution:
[[7 6 3 5 1 0 9 4 8]
 [9 0 8 7 4 2 5 1 3]
 [4 5 1 8 0 3 2 6 7]
 [0 8 9 3 2 1 6 5 0]
 [5 3 2 6 9 4 8 7 0]
 [1 0 6 0 7 0 4 3 9]
 [3 4 5 2 6 8 7 9 0]
 [2 9 7 1 3 5 0 8 4]
 [8 0 0 4 0 9 3 2 1]]
Number of cells unfilled: 14
Accuracy: 82.71604938271605
Sample: 68913
Question:
[[1 7 0 3 0 8 6 0 0]
 [0 0 0 0 0 5 0 7 8]
 [0 0 5 0 6 0 0 0 0]
 [0 0 0 0 7 1 0 6 0]
 [5 0 0 0 0 0 0 1 3]
 [6 0 0 0 0 0 7 0 0]
 [0 0 0 0 8 0 0 0 0]
 [0 8 1 0 0 0 0 9 0]
 [3 0 0 1 0 0 0 2 0]]
Solution:
[[7 6 3 5 1 0 2 4 8]
 [9 0 8 7 4 2 1 5 3]
 [4 5 1 8 0 3 9 6 7]
 [0 8 9 3 2 0 6 1 5]
 [5 3 2 6 9 4 8 7 0]
 [1 0 6 0 7 0 4 3 9]
 [3 1 5 2 6 8 7 9 0]
 [2 9 7 1 3 5 0 8 4]
 [8 0 0 4 0 9 3 2 1]]
Number of cells unfilled: 14
Accuracy: 82.71604938271605
Sample: 68914
Question:
[[1 8 0 0 0 0 7 3 0]
 [0 0 0 0 0 0 0 4 0]
 [7 0 0 0 6 0 2 0 0]
 [3 0 0 2 4 0 0 7 0]
 [0 0 0 6 0 3 0 0 0]
 [0 0 0 0 7 5 0 0 0]
 [0 0 0 0 2 0 0 0 4]
 [0 2 0 7 3 0 6 5 0]
 [0 3 0 5 0 4 0 0 0]]
Solution:
[[7 6 3 9 1 0 5 4 8]
 [9 0 8 5 4 2 0 1 3]
 [4 5 1 8 0 3 9 6 2]
 [0 8 9 3 2 1 6 5 0]
 [5 3 2 6 9 4 8 7 0]
 [1 0 6 0 7 0 4 3 9]
 [3 1 5 2 6 8 7 9 0]
 [2 9 7 1 3 5 0 8 4]
 [8 0 0 4 0 9 3 2 1]]
Number of cells unfilled: 15
Accuracy: 81.48148148148148
Sample: 68915
Question:
[[2 0 0 0 0 0 0 0 1]
 [0 8 0 2 5 0 0 0 0]
 [0 0 6 0 4 0 0 8 0]
 [0 1 0 0 0 0 0 0 8]
 [0 0 5 1 2 0 6 0 4]
 [0 0 0 0 8 4 0 1 0]
 [0 0 4 0 6 0 0 5 7]
 [0 5 0 0 0 0 0 0 0]
 [0 0 0 4 0 0 0 0 3]]
Solution:
[[7 6 3 9 1 0 2 4 8]
 [9 0 8 7 4 2 5 1 3]
 [4 5 1 8 0 3 9 6 7]
 [0 8 9 3 2 1 6 5 0]
 [5 3 2 6 9 4 8 7 0]
 [1 0 6 5 7 0 4 3 2]
 [3 1 5 2 6 8 7 9 0]
 [2 9 7 1 3 5 0 8 4]
 [8 0 0 4 0 9 3 2 1]]
Number of cells unfilled: 13
Accuracy: 83.9506172839506
Sample: 68916
Question:
[[2 0 0 0 0 8 0 0 0]
 [7 0 0 0 0 3 6 0 9]
 [0 1 0 7 0 0 0 0 0]
 [0 0 4 0 2 7 3 0 0]
 [0 0 0 3 0 0 2 0 0]
 [0 0 0 1 0 4 0 0 8]
 [3 0 1 0 0 0 0 2 0]
 [4 2 0 0 0 0 0 0 0]
 [0 8 7 0 0 0 0 0 3]]
Solution:
[[7 6 3 9 1 0 5 4 8]
 [9 0 8 7 4 2 0 1 3]
 [4 5 1 8 0 3 9 6 2]
 [0 8 9 3 2 1 6 5 0]
 [5 3 2 6 9 4 8 7 0]
 [1 0 6 5 7 0 4 3 9]
 [3 1 5 2 6 8 7 9 0]
 [2 9 7 1 3 5 0 8 4]
 [8 0 0 4 0 9 3 2 1]]
Number of cells unfilled: 14
Accuracy: 82.71604938271605
Sample: 68917
Question:
[[2 0 0 0 7 0 0 0 0]
 [4 6 0 0 0 1 0 0 0]
 [0 0 8 0 0 0 0 0 0]
 [8 0 6 1 0 0 0 0 7]
 [0 1 0 4 0 0 8 2 0]
 [0 4 0 0 0 0 0 0 6]
 [0 0 0 5 0 9 1 0 0]
 [0 0 7 0 0 0 6 0 0]
 [0 2 0 0 0 7 0 4 0]]
Solution:
[[7 6 3 9 1 0 2 4 8]
 [9 0 8 7 4 2 5 1 3]
 [4 5 1 8 0 3 9 6 7]
 [0 8 9 3 2 1 6 0 5]
 [5 3 2 6 9 4 8 7 0]
 [1 0 6 5 7 0 4 3 9]
 [3 1 5 2 6 8 7 9 0]
 [2 9 7 1 3 5 0 8 4]
 [8 0 0 4 0 9 3 5 1]]
Number of cells unfilled: 13
Accuracy: 83.9506172839506
Sample: 68918
Question:
[[2 0 0 5 0 0 0 1 0]
 [0 3 0 8 0 4 2 0 0]
 [0 7 0 0 0 0 5 0 0]
 [1 6 0 0 0 2 0 3 0]
 [0 2 5 0 0 3 7 0 6]
 [0 0 7 0 0 0 0 0 0]
 [0 0 0 0 0 0 6 0 0]
 [0 0 0 3 0 0 0 7 0]
 [0 0 2 0 5 0 0 0 1]]
Solution:
[[7 6 3 5 1 0 9 4 8]
 [9 0 8 7 4 2 5 1 3]
 [4 5 1 8 0 3 2 6 7]
 [0 8 9 3 2 1 6 0 5]
 [5 3 2 6 9 4 8 7 0]
 [1 0 6 0 7 0 4 3 9]
 [3 4 5 2 6 8 7 9 0]
 [2 9 7 1 3 5 0 8 4]
 [8 0 0 4 0 9 3 5 1]]
Number of cells unfilled: 14
Accuracy: 82.71604938271605
Sample: 68919
Question:
[[2 0 0 7 0 0 3 1 0]
 [0 8 0 0 0 0 0 0 0]
 [1 0 7 0 0 0 5 0 8]
 [0 3 0 0 0 0 0 0 0]
 [5 0 0 0 2 3 8 0 1]
 [0 0 0 1 0 5 7 0 0]
 [0 0 5 0 0 0 0 0 0]
 [3 0 0 5 0 6 2 0 0]
 [0 0 0 0 0 9 0 0 3]]
Solution:
[[7 6 3 9 1 0 5 4 8]
 [9 0 8 7 4 2 0 1 3]
 [4 5 1 8 0 3 9 6 7]
 [0 8 9 3 2 1 6 5 0]
 [5 3 2 6 9 4 8 7 0]
 [1 0 6 5 7 0 4 3 2]
 [3 1 5 2 6 8 7 9 0]
 [2 9 7 1 3 5 0 8 4]
 [8 0 0 4 0 9 3 2 1]]
Number of cells unfilled: 14
Accuracy: 82.71604938271605
Sample: 68920
Question:
[[2 0 5 0 0 0 0 0 1]
 [0 3 0 0 1 5 0 0 0]
 [0 9 0 8 0 0 0 0 0]
 [5 0 0 0 0 2 0 1 3]
 [3 0 0 0 0 0 8 9 0]
 [0 1 8 9 0 0 5 0 0]
 [1 8 0 0 4 0 0 0 0]
 [0 0 0 0 0 0 0 2 0]
 [9 0 0 2 6 0 0 0 0]]
Solution:
[[7 6 3 9 1 0 2 4 8]
 [9 0 8 7 4 2 5 1 3]
 [4 5 1 8 0 3 9 6 7]
 [0 8 9 3 2 1 6 0 5]
 [5 3 2 6 9 4 8 7 0]
 [1 0 6 5 7 0 4 3 2]
 [3 4 5 2 6 8 7 9 0]
 [2 9 7 1 3 5 0 8 4]
 [8 0 0 4 0 9 3 5 1]]
Number of cells unfilled: 13
Accuracy: 83.9506172839506
Sample: 68921
Question:
[[2 0 5 8 0 0 0 3 1]
 [0 0 0 0 0 4 0 8 0]
 [0 0 0 3 0 0 0 0 7]
 [0 0 0 6 0 3 0 0 0]
 [0 3 0 0 4 0 8 0 0]
 [0 0 1 0 0 7 0 0 0]
 [1 0 0 0 6 0 0 0 8]
 [0 0 7 0 0 1 0 4 6]
 [3 0 0 0 0 0 0 1 0]]
Solution:
[[7 6 3 9 1 0 2 4 8]
 [9 0 8 7 4 2 5 1 3]
 [4 5 1 8 0 3 9 6 7]
 [0 8 9 3 2 1 6 5 0]
 [5 3 2 6 9 4 8 7 0]
 [1 0 6 5 7 0 4 3 9]
 [3 1 5 2 6 8 7 9 0]
 [2 9 7 1 3 5 0 8 4]
 [8 0 0 4 0 9 3 2 1]]
Number of cells unfilled: 13
Accuracy: 83.9506172839506
Sample: 68922
Question:
[[2 0 6 9 0 8 0 0 0]
 [5 0 0 0 0 4 0 0 0]
 [0 0 0 0 0 0 6 8 0]
 [0 0 0 0 5 0 0 4 9]
 [4 0 2 0 0 0 5 0 0]
 [0 0 0 0 0 6 8 2 0]
 [0 0 0 0 0 0 4 0 0]
 [0 0 8 0 0 1 0 0 0]
 [9 0 0 6 4 3 0 0 0]]
Solution:
[[7 6 3 9 1 0 2 4 8]
 [9 0 8 7 4 2 5 1 3]
 [4 5 1 8 0 3 9 6 7]
 [0 8 9 3 2 1 6 5 0]
 [5 3 2 6 9 4 8 7 0]
 [1 0 6 5 7 0 4 3 2]
 [3 1 5 2 6 8 7 9 0]
 [2 9 7 1 3 5 0 8 4]
 [8 0 0 4 0 9 3 2 1]]
Number of cells unfilled: 13
Accuracy: 83.9506172839506
Sample: 68923
Question:
[[2 3 0 0 0 0 0 7 0]
 [0 0 5 2 0 0 0 1 0]
 [0 1 0 0 4 3 0 0 0]
 [0 0 0 0 0 2 0 0 5]
 [0 0 0 0 1 7 0 6 9]
 [0 0 4 0 5 0 0 0 0]
 [7 4 0 5 0 0 1 0 0]
 [0 5 2 0 0 1 0 0 0]
 [3 0 0 7 0 0 0 0 0]]
Solution:
[[7 6 3 5 1 0 2 4 8]
 [9 0 8 7 4 2 5 1 3]
 [4 5 1 8 0 3 9 6 7]
 [0 8 9 3 2 1 6 5 0]
 [5 3 2 6 9 4 8 7 0]
 [1 0 6 0 7 0 4 3 9]
 [3 1 5 2 6 8 7 9 0]
 [2 9 7 1 3 5 0 8 4]
 [8 0 0 4 0 9 3 2 1]]
Number of cells unfilled: 14
Accuracy: 82.71604938271605
Sample: 68924
Question:
[[2 6 0 0 0 8 0 7 0]
 [0 0 0 1 0 0 0 9 0]
 [0 0 1 7 0 0 0 0 6]
 [9 0 0 0 0 0 0 2 0]
 [0 8 0 0 0 0 1 0 0]
 [0 7 0 4 0 5 9 0 0]
 [0 0 0 0 0 7 0 8 0]
 [0 0 7 0 0 0 6 0 0]
 [0 0 9 0 1 0 0 0 2]]
Solution:
[[7 6 3 9 1 0 2 4 8]
 [9 0 8 5 4 2 1 0 3]
 [4 5 1 8 0 3 9 6 7]
 [0 8 9 3 2 0 6 1 5]
 [5 3 2 6 9 4 8 7 0]
 [1 0 6 0 7 0 4 3 9]
 [3 1 5 2 6 8 7 9 0]
 [2 9 7 1 3 5 0 8 4]
 [8 0 0 4 0 9 3 5 1]]
Number of cells unfilled: 15
Accuracy: 81.48148148148148
Sample: 68925
Question:
[[2 9 3 0 8 0 0 0 0]
 [0 0 0 0 5 0 3 0 0]
 [0 0 0 0 0 0 0 2 0]
 [0 6 0 0 3 1 0 0 0]
 [1 0 2 0 0 0 0 0 0]
 [3 4 0 9 0 0 0 0 0]
 [0 0 6 0 0 0 9 4 0]
 [0 0 1 0 0 2 0 3 6]
 [9 0 0 4 0 0 1 0 2]]
Solution:
[[7 6 3 9 1 0 2 4 8]
 [9 0 8 7 4 2 5 1 3]
 [4 5 1 8 0 3 9 6 7]
 [0 8 9 3 2 1 6 5 0]
 [5 3 2 6 9 4 8 7 0]
 [1 0 6 5 7 0 4 3 2]
 [3 4 5 2 6 8 7 9 0]
 [2 9 7 1 3 5 0 8 4]
 [8 0 0 4 0 9 3 2 1]]
Number of cells unfilled: 13
Accuracy: 83.9506172839506
Sample: 68926
Question:
[[3 0 0 0 4 0 0 2 0]
 [0 0 0 9 0 7 0 0 3]
 [6 0 0 0 3 0 4 0 9]
 [5 1 0 6 0 0 0 0 0]
 [0 2 0 4 0 0 0 0 0]
 [0 0 0 0 0 2 0 7 0]
 [0 0 0 0 0 0 0 4 2]
 [0 0 3 0 2 0 6 0 7]
 [0 0 0 7 6 0 9 0 0]]
Solution:
[[7 6 3 5 1 0 9 4 8]
 [9 0 8 7 4 2 5 1 3]
 [4 5 1 8 0 3 2 6 7]
 [0 8 9 3 2 1 6 0 5]
 [5 3 2 6 9 4 8 7 0]
 [1 0 6 0 7 0 4 3 2]
 [3 4 5 2 6 8 7 9 0]
 [2 9 7 1 3 5 0 8 4]
 [8 0 0 4 0 9 3 5 1]]
Number of cells unfilled: 14
Accuracy: 82.71604938271605
Sample: 68927
Question:
[[3 0 2 7 0 0 8 0 0]
 [0 0 7 5 0 0 4 0 0]
 [0 0 5 0 0 9 0 0 0]
 [0 5 0 8 9 0 0 0 7]
 [0 0 0 0 0 4 0 0 0]
 [0 0 0 6 0 0 0 0 8]
 [8 0 0 4 6 0 7 0 5]
 [7 0 0 0 0 8 6 9 0]
 [0 0 0 0 0 0 0 0 4]]
Solution:
[[7 6 3 9 1 0 5 4 8]
 [9 0 8 5 4 2 1 0 3]
 [4 5 1 8 0 3 9 6 2]
 [0 8 9 3 2 0 6 1 5]
 [5 3 2 6 9 4 8 7 0]
 [1 0 6 0 7 0 4 3 9]
 [3 4 5 2 6 8 7 9 0]
 [2 9 7 1 3 5 0 8 4]
 [8 0 0 4 0 9 3 2 1]]
Number of cells unfilled: 15
Accuracy: 81.48148148148148
Sample: 68928
Question:
[[3 7 0 4 0 5 0 0 0]
 [0 0 1 0 2 0 0 0 0]
 [0 2 0 0 0 0 0 4 3]
 [0 4 0 0 0 0 0 0 0]
 [0 0 7 0 0 6 0 1 0]
 [0 0 0 0 0 8 4 0 7]
 [7 5 0 0 0 0 0 0 4]
 [0 0 0 0 5 0 0 2 0]
 [0 0 0 1 0 7 0 3 5]]
Solution:
[[7 6 3 9 1 0 5 4 8]
 [9 0 8 7 4 2 0 1 3]
 [4 5 1 8 0 3 2 6 9]
 [0 8 9 3 2 1 6 0 5]
 [5 3 2 6 9 4 8 7 0]
 [1 0 6 5 7 0 4 3 2]
 [3 1 5 2 6 8 7 9 0]
 [2 9 7 1 3 5 0 8 4]
 [8 0 0 4 0 9 3 5 1]]
Number of cells unfilled: 14
Accuracy: 82.71604938271605
Sample: 68929
Question:
[[3 7 0 8 0 5 0 1 0]
 [2 0 0 0 0 1 5 0 7]
 [0 0 0 0 2 0 0 8 0]
 [0 1 0 0 7 0 0 0 2]
 [0 0 0 0 0 0 8 0 0]
 [4 9 0 0 0 0 3 0 0]
 [0 0 0 5 1 0 0 3 0]
 [0 0 0 0 8 2 1 0 0]
 [0 0 0 3 0 7 0 0 0]]
Solution:
[[7 6 3 9 1 0 2 4 8]
 [9 0 8 7 4 2 5 1 3]
 [4 5 1 8 0 3 9 6 7]
 [0 8 9 3 2 1 6 0 5]
 [5 3 2 6 9 4 8 7 0]
 [1 0 6 5 7 0 4 3 2]
 [3 4 5 2 6 8 7 9 0]
 [2 9 7 1 3 5 0 8 4]
 [8 0 0 4 0 9 3 5 1]]
Number of cells unfilled: 13
Accuracy: 83.9506172839506
Sample: 68930
Question:
[[4 0 0 0 0 0 0 0 0]
 [9 5 0 0 3 0 1 0 0]
 [0 0 2 0 0 0 0 0 9]
 [0 0 5 0 0 3 0 0 1]
 [1 0 0 2 0 0 0 0 0]
 [3 0 0 9 0 0 0 6 8]
 [0 1 0 4 0 5 0 0 2]
 [0 4 0 3 1 0 0 9 0]
 [0 0 0 0 0 9 0 0 0]]
Solution:
[[7 6 3 9 1 0 2 4 8]
 [9 0 8 7 4 2 5 1 3]
 [4 5 1 8 0 3 9 6 7]
 [0 8 9 3 2 1 6 0 5]
 [5 3 2 6 9 4 8 7 0]
 [1 0 6 5 7 0 4 3 9]
 [3 1 5 2 6 8 7 9 0]
 [2 9 7 1 3 5 0 8 4]
 [8 0 0 4 0 9 3 5 1]]
Number of cells unfilled: 13
Accuracy: 83.9506172839506
Sample: 68931
Question:
[[4 0 0 0 0 0 0 0 8]
 [0 0 6 0 0 0 2 0 1]
 [0 0 0 6 0 0 0 5 0]
 [0 0 0 0 0 2 0 4 0]
 [0 0 0 0 1 0 8 0 0]
 [0 7 9 0 0 6 0 0 0]
 [0 4 0 0 6 0 1 0 0]
 [0 0 2 0 8 5 6 0 0]
 [0 0 8 4 0 1 0 0 5]]
Solution:
[[7 6 3 9 1 0 2 4 8]
 [9 0 8 7 4 2 5 1 3]
 [4 5 1 8 0 3 9 6 7]
 [0 8 9 3 2 1 6 0 5]
 [5 3 2 6 9 4 8 7 0]
 [1 0 6 5 7 0 4 3 9]
 [3 1 5 2 6 8 7 9 0]
 [2 9 7 1 3 5 0 8 4]
 [8 0 0 4 0 9 3 5 1]]
Number of cells unfilled: 13
Accuracy: 83.9506172839506
Sample: 68932
Question:
[[4 0 0 0 0 0 3 2 0]
 [0 1 0 4 0 0 0 5 0]
 [0 0 3 0 6 2 0 0 0]
 [2 0 0 0 0 0 0 0 0]
 [0 5 0 0 8 6 0 1 0]
 [0 0 0 0 9 0 5 0 2]
 [0 0 0 0 2 0 0 4 0]
 [0 0 0 0 5 1 6 3 0]
 [6 0 5 0 0 0 0 0 0]]
Solution:
[[7 6 3 9 1 0 5 4 8]
 [9 0 8 5 4 2 0 1 3]
 [4 5 1 8 0 3 2 6 7]
 [0 8 9 3 2 1 6 0 5]
 [5 3 2 6 9 4 8 7 0]
 [1 0 6 0 7 0 4 3 9]
 [3 1 5 2 6 8 7 9 0]
 [2 9 7 1 3 5 0 8 4]
 [8 0 0 4 0 9 3 5 1]]
Number of cells unfilled: 15
Accuracy: 81.48148148148148
Sample: 68933
Question:
[[4 0 0 0 5 2 1 0 3]
 [2 0 0 0 9 0 4 0 0]
 [0 7 0 0 0 0 0 0 0]
 [0 0 8 0 4 0 0 0 5]
 [0 5 0 0 8 7 9 0 0]
 [0 0 0 0 0 5 0 0 2]
 [0 9 0 0 0 0 5 0 0]
 [0 0 7 4 0 0 0 2 0]
 [8 2 0 0 0 0 0 0 0]]
Solution:
[[7 6 3 9 1 0 2 4 8]
 [9 0 8 7 4 2 1 5 3]
 [4 5 1 8 0 3 9 6 7]
 [0 8 9 3 2 0 6 1 5]
 [5 3 2 6 9 4 8 7 0]
 [1 0 6 5 7 0 4 3 9]
 [3 1 5 2 6 8 7 9 0]
 [2 9 7 1 3 5 0 8 4]
 [8 0 0 4 0 9 3 2 1]]
Number of cells unfilled: 13
Accuracy: 83.9506172839506
Sample: 68934
Question:
[[4 0 0 1 0 6 0 0 5]
 [0 0 0 0 8 5 0 0 0]
 [0 0 0 3 0 0 6 0 1]
 [0 0 0 0 6 0 0 0 0]
 [0 7 2 5 0 0 1 4 0]
 [0 0 5 0 0 0 8 0 0]
 [0 4 0 0 0 0 0 0 8]
 [0 0 0 0 0 4 3 6 0]
 [0 1 0 8 0 3 5 0 0]]
Solution:
[[7 6 3 9 1 0 2 4 8]
 [9 0 8 7 4 2 5 1 3]
 [4 5 1 8 0 3 9 6 7]
 [0 8 9 3 2 1 6 5 0]
 [5 3 2 6 9 4 8 7 0]
 [1 0 6 5 7 0 4 3 9]
 [3 1 5 2 6 8 7 9 0]
 [2 9 7 1 3 5 0 8 4]
 [8 0 0 4 0 9 3 2 1]]
Number of cells unfilled: 13
Accuracy: 83.9506172839506
Sample: 68935
Question:
[[4 0 0 3 0 7 0 0 0]
 [9 0 8 0 5 0 0 0 0]
 [0 0 0 0 0 0 0 7 0]
 [0 0 0 6 7 0 0 1 0]
 [0 1 0 0 0 0 5 0 0]
 [8 0 0 0 0 0 0 3 6]
 [0 0 0 0 1 0 0 0 0]
 [0 0 0 7 0 0 0 8 3]
 [3 0 5 8 6 0 7 0 0]]
Solution:
[[7 6 3 9 1 0 2 4 8]
 [9 0 8 7 4 2 5 1 3]
 [4 5 1 8 0 3 9 6 7]
 [0 8 9 3 2 1 6 5 0]
 [5 3 2 6 9 4 8 7 0]
 [1 0 6 5 7 0 4 3 9]
 [3 4 5 2 6 8 7 9 0]
 [2 9 7 1 3 5 0 8 4]
 [8 0 0 4 0 9 3 2 1]]
Number of cells unfilled: 13
Accuracy: 83.9506172839506
Sample: 68936
Question:
[[4 0 0 6 0 0 0 0 0]
 [6 0 0 0 5 4 8 0 0]
 [0 0 7 1 8 0 4 6 0]
 [0 4 0 0 0 5 1 0 0]
 [0 0 6 0 0 0 0 7 0]
 [0 0 0 0 1 0 0 0 8]
 [0 0 0 0 0 0 0 1 0]
 [2 0 3 0 6 0 0 0 5]
 [0 0 5 0 7 0 0 0 0]]
Solution:
[[7 6 3 5 1 0 2 4 8]
 [9 0 8 7 4 2 1 0 3]
 [4 5 1 8 0 3 9 6 7]
 [0 8 9 3 2 0 6 1 5]
 [5 3 2 6 9 4 8 7 0]
 [1 0 6 0 7 0 4 3 2]
 [3 1 5 2 6 8 7 9 0]
 [2 9 7 1 3 5 0 8 4]
 [8 0 0 4 0 9 3 5 1]]
Number of cells unfilled: 15
Accuracy: 81.48148148148148
Sample: 68937
Question:
[[4 0 3 0 0 0 1 2 0]
 [0 1 0 0 0 0 0 6 3]
 [0 0 6 0 0 1 0 0 0]
 [0 0 5 0 0 0 3 0 0]
 [0 9 7 3 0 0 0 4 0]
 [0 0 0 0 0 9 0 0 0]
 [9 0 1 0 2 0 0 0 0]
 [0 0 0 0 0 6 2 9 0]
 [0 6 0 4 0 0 0 3 0]]
Solution:
[[7 6 3 9 1 0 5 4 8]
 [9 0 8 7 4 2 0 1 3]
 [4 5 1 8 0 3 9 6 7]
 [0 8 9 3 2 1 6 5 0]
 [5 3 2 6 9 4 8 7 0]
 [1 0 6 5 7 0 4 3 2]
 [3 1 5 2 6 8 7 9 0]
 [2 9 7 1 3 5 0 8 4]
 [8 0 0 4 0 9 3 2 1]]
Number of cells unfilled: 14
Accuracy: 82.71604938271605
Sample: 68938
Question:
[[4 0 5 0 2 0 0 1 7]
 [0 2 7 0 0 0 6 0 0]
 [6 1 0 4 0 0 0 0 0]
 [0 0 0 5 0 1 0 6 0]
 [1 7 0 0 0 0 0 0 0]
 [0 0 0 0 7 4 0 2 1]
 [0 0 0 0 0 3 0 0 4]
 [0 4 0 0 0 0 0 0 0]
 [0 0 0 0 0 9 2 5 0]]
Solution:
[[7 6 3 9 1 0 2 4 8]
 [9 0 8 7 4 2 5 1 3]
 [4 5 1 8 0 3 9 6 7]
 [0 8 9 3 2 1 6 5 0]
 [5 3 2 6 9 4 8 7 0]
 [1 0 6 5 7 0 4 3 2]
 [3 1 5 2 6 8 7 9 0]
 [2 9 7 1 3 5 0 8 4]
 [8 0 0 4 0 9 3 2 1]]
Number of cells unfilled: 13
Accuracy: 83.9506172839506
Sample: 68939
Question:
[[4 1 0 0 0 0 5 9 0]
 [0 5 3 0 0 0 0 7 4]
 [0 0 0 0 4 0 0 0 0]
 [0 0 0 0 1 0 0 0 0]
 [0 2 0 0 0 5 0 3 9]
 [0 8 0 0 0 0 1 0 0]
 [9 0 0 0 0 3 0 5 0]
 [0 4 1 7 0 0 0 0 0]
 [0 0 0 0 9 4 0 1 7]]
Solution:
[[7 6 3 5 1 0 2 4 8]
 [9 0 8 7 4 2 5 1 3]
 [4 5 1 8 0 3 9 6 7]
 [0 8 9 3 2 1 6 0 5]
 [5 3 2 6 9 4 8 7 0]
 [1 0 6 0 7 0 4 3 2]
 [3 4 5 2 6 8 7 9 0]
 [2 9 7 1 3 5 0 8 4]
 [8 0 0 4 0 9 3 5 1]]
Number of cells unfilled: 14
Accuracy: 82.71604938271605
Sample: 68940
Question:
[[4 2 9 0 0 0 0 0 0]
 [0 0 0 4 0 0 0 0 0]
 [0 6 0 0 0 0 0 9 3]
 [0 0 0 5 0 0 0 4 8]
 [0 9 0 3 8 0 0 0 1]
 [5 0 0 0 0 1 0 0 0]
 [0 3 1 0 0 4 0 8 9]
 [0 0 0 0 0 0 0 5 0]
 [0 0 0 9 3 0 1 0 4]]
Solution:
[[7 6 3 9 1 0 5 4 8]
 [9 0 8 7 4 2 0 1 3]
 [4 5 1 8 0 3 9 6 7]
 [0 8 9 3 2 1 6 5 0]
 [5 3 2 6 9 4 8 7 0]
 [1 0 6 5 7 0 4 3 2]
 [3 1 5 2 6 8 7 9 0]
 [2 9 7 1 3 5 0 8 4]
 [8 0 0 4 0 9 3 2 1]]
Number of cells unfilled: 14
Accuracy: 82.71604938271605
Sample: 68941
Question:
[[4 3 0 0 0 0 0 0 0]
 [0 5 8 0 0 0 0 4 2]
 [0 0 6 8 0 0 0 0 0]
 [0 2 0 0 0 4 6 9 0]
 [0 0 0 6 0 0 0 0 0]
 [0 8 4 0 0 0 0 7 0]
 [0 0 0 0 6 2 3 0 0]
 [0 0 0 4 5 0 0 8 6]
 [0 0 5 3 0 0 0 0 0]]
Solution:
[[7 6 3 9 1 0 5 4 8]
 [9 0 8 7 4 2 0 1 3]
 [4 5 1 8 0 3 9 6 2]
 [0 8 9 3 2 1 6 5 0]
 [5 3 2 6 9 4 8 7 0]
 [1 0 6 5 7 0 4 3 9]
 [3 4 5 2 6 8 7 9 0]
 [2 9 7 1 3 5 0 8 4]
 [8 0 0 4 0 9 3 2 1]]
Number of cells unfilled: 14
Accuracy: 82.71604938271605
Sample: 68942
Question:
[[4 3 0 8 0 5 0 0 7]
 [0 6 0 0 0 0 0 0 1]
 [0 0 7 0 0 0 0 4 0]
 [3 0 0 0 0 0 0 0 2]
 [7 0 0 0 1 0 4 0 0]
 [0 0 0 3 0 0 0 6 0]
 [0 0 0 0 0 1 0 0 0]
 [0 2 4 6 0 0 1 3 0]
 [0 7 0 0 0 3 2 0 0]]
Solution:
[[7 6 3 5 1 0 9 4 8]
 [9 0 8 7 4 2 5 1 3]
 [4 5 1 8 0 3 2 6 7]
 [0 8 9 3 2 1 6 5 0]
 [5 3 2 6 9 4 8 7 0]
 [1 0 6 0 7 0 4 3 9]
 [3 4 5 2 6 8 7 9 0]
 [2 9 7 1 3 5 0 8 4]
 [8 0 0 4 0 9 3 2 1]]
Number of cells unfilled: 14
Accuracy: 82.71604938271605
Sample: 68943
Question:
[[4 6 0 0 0 0 0 0 2]
 [2 0 5 0 1 0 0 8 0]
 [0 8 1 4 0 0 0 0 0]
 [6 1 0 0 0 0 0 0 0]
 [0 0 0 0 0 4 6 0 5]
 [0 0 0 0 0 8 2 1 0]
 [0 0 0 6 2 0 7 0 0]
 [0 2 0 0 0 0 0 0 0]
 [0 0 6 0 0 5 9 0 0]]
Solution:
[[7 6 3 9 1 0 2 4 8]
 [9 0 8 7 4 2 5 1 3]
 [4 5 1 8 0 3 9 6 7]
 [0 8 9 3 2 1 6 5 0]
 [5 3 2 6 9 4 8 7 0]
 [1 0 6 5 7 0 4 3 2]
 [3 4 5 2 6 8 7 9 0]
 [2 9 7 1 3 5 0 8 4]
 [8 0 0 4 0 9 3 2 1]]
Number of cells unfilled: 13
Accuracy: 83.9506172839506
Sample: 68944
Question:
[[4 8 0 3 0 0 1 0 0]
 [5 0 0 0 0 0 0 0 0]
 [0 0 7 0 0 0 0 4 0]
 [0 0 8 0 0 0 0 0 0]
 [3 0 0 0 1 4 0 9 2]
 [1 0 0 0 0 7 0 0 0]
 [0 5 0 0 0 3 0 0 4]
 [0 1 0 0 8 5 0 7 3]
 [0 0 0 0 4 0 0 0 1]]
Solution:
[[7 6 3 5 1 0 9 4 8]
 [9 0 8 7 4 2 5 1 3]
 [4 5 1 8 0 3 2 6 7]
 [0 8 9 3 2 1 6 5 0]
 [5 3 2 6 9 4 8 7 0]
 [1 0 6 0 7 0 4 3 9]
 [3 1 5 2 6 8 7 9 0]
 [2 9 7 1 3 5 0 8 4]
 [8 0 0 4 0 9 3 2 1]]
Number of cells unfilled: 14
Accuracy: 82.71604938271605
Sample: 68945
Question:
[[4 9 0 0 6 0 0 0 0]
 [0 7 0 3 2 0 0 0 4]
 [0 0 0 0 0 0 3 0 0]
 [5 3 0 0 0 0 1 0 0]
 [0 0 0 0 9 3 4 5 0]
 [0 0 0 1 0 0 0 0 7]
 [0 1 4 0 3 0 0 0 0]
 [0 0 0 0 0 0 9 0 0]
 [9 5 0 0 4 7 0 0 0]]
Solution:
[[7 6 3 9 1 0 5 4 8]
 [9 0 8 5 4 2 0 1 3]
 [4 5 1 8 0 3 2 6 7]
 [0 8 9 3 2 1 6 5 0]
 [5 3 2 6 9 4 8 7 0]
 [1 0 6 0 7 0 4 3 9]
 [3 4 5 2 6 8 7 9 0]
 [2 9 7 1 3 5 0 8 4]
 [8 0 0 4 0 9 3 2 1]]
Number of cells unfilled: 15
Accuracy: 81.48148148148148
Sample: 68946
Question:
[[4 9 0 0 6 3 0 1 0]
 [3 0 0 0 0 0 0 0 2]
 [1 0 0 0 5 0 0 0 0]
 [0 6 0 0 1 0 8 0 0]
 [0 0 0 5 0 0 0 0 0]
 [5 0 0 0 8 2 3 0 6]
 [0 0 0 0 0 0 0 8 3]
 [6 0 0 0 0 0 0 0 5]
 [0 0 3 1 0 0 2 0 0]]
Solution:
[[7 6 3 9 1 0 5 4 8]
 [9 0 8 7 4 2 0 1 3]
 [4 5 1 8 0 3 9 6 2]
 [0 8 9 3 2 1 6 0 5]
 [5 3 2 6 9 4 8 7 0]
 [1 0 6 5 7 0 4 3 9]
 [3 1 5 2 6 8 7 9 0]
 [2 9 7 1 3 5 0 8 4]
 [8 0 0 4 0 9 3 5 1]]
Number of cells unfilled: 14
Accuracy: 82.71604938271605
Sample: 68947
Question:
[[5 0 0 0 0 0 0 1 8]
 [0 9 1 0 0 0 6 4 0]
 [0 0 0 0 0 4 5 0 0]
 [0 3 0 0 8 0 0 0 6]
 [0 2 0 1 0 6 0 0 0]
 [0 0 0 0 0 0 1 0 0]
 [9 0 0 6 5 0 0 0 0]
 [0 6 8 0 4 9 0 0 0]
 [0 0 0 0 0 1 9 0 0]]
Solution:
[[7 6 3 9 1 0 2 4 8]
 [9 0 8 7 4 2 5 1 3]
 [4 5 1 8 0 3 9 6 7]
 [0 8 9 3 2 1 6 5 0]
 [5 3 2 6 9 4 8 7 0]
 [1 0 6 5 7 0 4 3 2]
 [3 1 5 2 6 8 7 9 0]
 [2 9 7 1 3 5 0 8 4]
 [8 0 0 4 0 9 3 2 1]]
Number of cells unfilled: 13
Accuracy: 83.9506172839506
Sample: 68948
Question:
[[5 0 0 0 0 2 0 0 0]
 [3 0 0 0 4 0 5 9 0]
 [0 0 8 0 0 0 0 2 0]
 [9 2 0 3 0 0 0 0 8]
 [0 5 0 0 0 0 0 0 0]
 [8 0 4 0 2 0 3 0 0]
 [0 0 9 0 3 0 0 8 0]
 [0 0 0 0 0 0 4 0 0]
 [0 0 0 0 1 6 2 3 0]]
Solution:
[[7 6 3 9 1 0 5 4 8]
 [9 0 8 7 4 2 0 1 3]
 [4 5 1 8 0 3 9 6 2]
 [0 8 9 3 2 1 6 5 0]
 [5 3 2 6 9 4 8 7 0]
 [1 0 6 5 7 0 4 3 9]
 [3 4 5 2 6 8 7 9 0]
 [2 9 7 1 3 5 0 8 4]
 [8 0 0 4 0 9 3 2 1]]
Number of cells unfilled: 14
Accuracy: 82.71604938271605
Sample: 68949
Question:
[[5 0 0 0 3 0 0 8 0]
 [0 0 6 0 9 0 3 5 0]
 [0 0 0 1 0 0 6 0 0]
 [0 1 0 0 0 0 0 9 0]
 [0 8 0 2 7 0 1 6 0]
 [0 0 3 0 0 0 8 0 0]
 [8 0 9 0 6 0 0 0 0]
 [0 5 1 0 0 0 0 0 0]
 [3 0 0 0 0 1 0 0 8]]
Solution:
[[7 6 3 9 1 0 5 4 8]
 [9 0 8 7 4 2 0 1 3]
 [4 5 1 8 0 3 2 6 7]
 [0 8 9 3 2 1 6 0 5]
 [5 3 2 6 9 4 8 7 0]
 [1 0 6 5 7 0 4 3 2]
 [3 4 5 2 6 8 7 9 0]
 [2 9 7 1 3 5 0 8 4]
 [8 0 0 4 0 9 3 5 1]]
Number of cells unfilled: 14
Accuracy: 82.71604938271605
Sample: 68950
Question:
[[5 0 0 0 7 8 0 3 4]
 [0 0 6 0 0 0 0 0 0]
 [0 0 0 0 2 0 0 0 5]
 [0 8 7 0 9 6 0 0 2]
 [0 9 0 0 5 0 0 7 0]
 [0 0 0 2 0 0 0 8 0]
 [0 6 0 5 0 0 8 0 0]
 [9 0 8 0 0 0 0 0 0]
 [0 0 2 0 0 0 0 0 7]]
Solution:
[[7 6 3 5 1 0 2 4 8]
 [9 0 8 7 4 2 1 5 3]
 [4 5 1 8 0 3 9 6 7]
 [0 8 9 3 2 0 6 1 5]
 [5 3 2 6 9 4 8 7 0]
 [1 0 6 0 7 0 4 3 9]
 [3 1 5 2 6 8 7 9 0]
 [2 9 7 1 3 5 0 8 4]
 [8 0 0 4 0 9 3 2 1]]
Number of cells unfilled: 14
Accuracy: 82.71604938271605
Sample: 68951
Question:
[[5 0 0 4 0 0 0 0 0]
 [0 0 0 0 6 0 0 2 0]
 [7 0 6 8 0 2 0 0 0]
 [9 0 0 0 0 7 0 0 0]
 [3 5 2 6 0 0 7 0 0]
 [0 0 0 0 0 0 0 5 0]
 [2 0 5 0 0 0 0 0 8]
 [0 0 0 5 0 8 0 4 0]
 [0 4 0 7 0 0 6 0 0]]
Solution:
[[7 6 3 9 1 0 2 4 8]
 [9 0 8 5 4 2 0 1 3]
 [4 5 1 8 0 3 9 6 7]
 [0 8 9 3 2 1 6 5 0]
 [5 3 2 6 9 4 8 7 0]
 [1 0 6 0 7 0 4 3 9]
 [3 4 5 2 6 8 7 9 0]
 [2 9 7 1 3 5 0 8 4]
 [8 0 0 4 0 9 3 2 1]]
Number of cells unfilled: 15
Accuracy: 81.48148148148148
Sample: 68952
Question:
[[5 0 0 6 0 0 0 7 0]
 [0 0 0 0 8 0 0 0 5]
 [2 1 0 0 0 0 0 4 0]
 [0 0 0 3 0 0 4 0 0]
 [0 0 0 0 7 5 0 0 0]
 [0 0 6 4 0 8 5 0 0]
 [0 4 0 7 0 3 6 0 0]
 [0 6 0 0 5 0 7 0 0]
 [0 0 0 0 0 6 0 3 8]]
Solution:
[[7 6 3 9 1 0 2 4 8]
 [9 0 8 7 4 2 5 1 3]
 [4 5 1 8 0 3 9 6 7]
 [0 8 9 3 2 1 6 0 5]
 [5 3 2 6 9 4 8 7 0]
 [1 0 6 5 7 0 4 3 2]
 [3 4 5 2 6 8 7 9 0]
 [2 9 7 1 3 5 0 8 4]
 [8 0 0 4 0 9 3 5 1]]
Number of cells unfilled: 13
Accuracy: 83.9506172839506
Sample: 68953
Question:
[[5 0 0 9 0 1 0 0 0]
 [0 0 0 0 7 0 9 0 0]
 [7 0 0 0 0 4 0 1 2]
 [3 0 6 0 0 9 0 5 4]
 [0 0 7 0 0 0 0 9 0]
 [0 0 4 0 2 0 0 0 7]
 [0 0 0 1 0 0 5 0 0]
 [0 0 0 0 9 0 0 4 0]
 [0 4 0 5 0 2 0 0 0]]
Solution:
[[7 6 3 9 1 0 5 4 8]
 [9 0 8 7 4 2 0 1 3]
 [4 5 1 8 0 3 2 6 7]
 [0 8 9 3 2 1 6 5 0]
 [5 3 2 6 9 4 8 7 0]
 [1 0 6 5 7 0 4 3 2]
 [3 1 5 2 6 8 7 9 0]
 [2 9 7 1 3 5 0 8 4]
 [8 0 0 4 0 9 3 2 1]]
Number of cells unfilled: 14
Accuracy: 82.71604938271605
Sample: 68954
Question:
[[5 0 3 0 0 7 0 0 6]
 [0 4 0 0 3 0 0 0 0]
 [0 0 9 0 0 0 0 0 0]
 [0 0 7 0 0 0 0 4 0]
 [0 0 6 2 1 0 7 3 0]
 [0 5 0 0 0 0 6 0 0]
 [7 0 0 0 4 0 5 9 0]
 [0 0 0 7 0 0 3 0 0]
 [9 0 0 3 0 0 0 6 0]]
Solution:
[[7 6 3 9 1 0 5 4 8]
 [9 0 8 7 4 2 0 1 3]
 [4 5 1 8 0 3 9 6 2]
 [0 8 9 3 2 1 6 5 0]
 [5 3 2 6 9 4 8 7 0]
 [1 0 6 5 7 0 4 3 9]
 [3 1 5 2 6 8 7 9 0]
 [2 9 7 1 3 5 0 8 4]
 [8 0 0 4 0 9 3 2 1]]
Number of cells unfilled: 14
Accuracy: 82.71604938271605
Sample: 68955
Question:
[[5 0 4 0 0 2 6 1 0]
 [0 0 0 4 0 0 0 0 0]
 [3 6 0 0 0 0 2 0 0]
 [2 0 5 3 0 0 0 0 0]
 [6 0 0 0 0 1 0 0 3]
 [0 0 0 0 5 0 4 0 0]
 [1 0 0 0 0 6 9 4 0]
 [0 2 6 0 0 0 8 0 0]
 [0 0 0 2 0 0 0 0 0]]
Solution:
[[7 6 3 9 1 0 2 4 8]
 [9 0 8 7 4 2 5 1 3]
 [4 5 1 8 0 3 9 6 7]
 [0 8 9 3 2 1 6 5 0]
 [5 3 2 6 9 4 8 7 0]
 [1 0 6 5 7 0 4 3 2]
 [3 1 5 2 6 8 7 9 0]
 [2 9 7 1 3 5 0 8 4]
 [8 0 0 4 0 9 3 2 1]]
Number of cells unfilled: 13
Accuracy: 83.9506172839506
Sample: 68956
Question:
[[5 0 8 0 0 0 4 9 0]
 [0 0 0 8 0 0 0 0 5]
 [0 9 6 0 4 0 0 7 0]
 [0 0 0 0 0 0 8 0 0]
 [0 0 7 0 8 1 0 6 0]
 [6 0 0 0 0 3 0 0 0]
 [0 0 5 7 0 6 0 0 0]
 [0 0 4 0 9 8 0 0 0]
 [0 0 0 0 0 0 9 0 6]]
Solution:
[[7 6 3 5 1 0 2 4 8]
 [9 0 8 7 4 2 5 1 3]
 [4 5 1 8 0 3 9 6 7]
 [0 8 9 3 2 1 6 5 0]
 [5 3 2 6 9 4 8 7 0]
 [1 0 6 0 7 0 4 3 2]
 [3 1 5 2 6 8 7 9 0]
 [2 9 7 1 3 5 0 8 4]
 [8 0 0 4 0 9 3 2 1]]
Number of cells unfilled: 14
Accuracy: 82.71604938271605
Sample: 68957
Question:
[[5 0 8 0 0 0 9 7 0]
 [0 0 0 0 0 0 0 0 0]
 [0 7 1 0 0 0 0 6 5]
 [1 0 9 0 7 0 0 4 0]
 [0 0 0 6 0 0 0 0 0]
 [0 6 0 0 0 0 0 3 0]
 [0 5 7 0 9 0 0 0 1]
 [0 0 0 7 0 8 6 0 0]
 [8 0 6 1 5 0 0 0 0]]
Solution:
[[7 6 3 9 1 0 2 4 8]
 [9 0 8 7 4 2 5 1 3]
 [4 5 1 8 0 3 9 6 7]
 [0 8 9 3 2 1 6 0 5]
 [5 3 2 6 9 4 8 7 0]
 [1 0 6 5 7 0 4 3 9]
 [3 4 5 2 6 8 7 9 0]
 [2 9 7 1 3 5 0 8 4]
 [8 0 0 4 0 9 3 5 1]]
Number of cells unfilled: 13
Accuracy: 83.9506172839506
Sample: 68958
Question:
[[5 6 0 0 0 0 0 0 0]
 [7 0 1 0 6 0 0 0 4]
 [0 3 0 0 0 7 0 0 0]
 [6 0 0 0 0 0 0 3 0]
 [0 1 0 0 0 0 4 0 0]
 [4 0 0 8 0 9 0 7 1]
 [0 0 0 6 0 0 7 0 0]
 [0 0 0 0 0 3 1 5 0]
 [0 0 5 7 0 0 0 4 0]]
Solution:
[[7 6 3 9 1 0 2 4 8]
 [9 0 8 7 4 2 5 1 3]
 [4 5 1 8 0 3 9 6 7]
 [0 8 9 3 2 1 6 5 0]
 [5 3 2 6 9 4 8 7 0]
 [1 0 6 5 7 0 4 3 9]
 [3 4 5 2 6 8 7 9 0]
 [2 9 7 1 3 5 0 8 4]
 [8 0 0 4 0 9 3 2 1]]
Number of cells unfilled: 13
Accuracy: 83.9506172839506
Sample: 68959
Question:
[[5 6 0 0 0 0 0 7 4]
 [0 0 0 0 0 7 5 2 0]
 [0 0 0 0 0 0 0 0 8]
 [0 0 0 0 0 8 0 4 0]
 [0 0 8 5 0 0 0 0 6]
 [2 7 0 0 4 0 0 5 0]
 [7 1 2 6 0 0 0 0 0]
 [0 3 0 0 0 0 0 6 7]
 [0 0 0 0 0 2 0 0 0]]
Solution:
[[7 6 3 9 1 0 2 4 8]
 [9 0 8 7 4 2 5 1 3]
 [4 5 1 8 0 3 9 6 7]
 [0 8 9 3 2 1 6 5 0]
 [5 3 2 6 9 4 8 7 0]
 [1 0 6 5 7 0 4 3 2]
 [3 1 5 2 6 8 7 9 0]
 [2 9 7 1 3 5 0 8 4]
 [8 0 0 4 0 9 3 2 1]]
Number of cells unfilled: 13
Accuracy: 83.9506172839506
Sample: 68960
Question:
[[6 0 0 0 0 0 0 0 5]
 [7 5 0 0 3 9 0 0 0]
 [0 9 4 6 0 0 3 0 0]
 [0 0 0 0 7 4 0 5 0]
 [0 0 0 3 0 0 7 6 0]
 [3 0 0 0 6 0 0 0 0]
 [0 0 0 0 8 0 9 0 7]
 [9 0 0 0 0 0 0 0 0]
 [0 0 7 0 1 0 0 4 0]]
Solution:
[[7 6 3 9 1 0 2 4 8]
 [9 0 8 7 4 2 5 1 3]
 [4 5 1 8 0 3 9 6 7]
 [0 8 9 3 2 1 6 0 5]
 [5 3 2 6 9 4 8 7 0]
 [1 0 6 5 7 0 4 3 2]
 [3 1 5 2 6 8 7 9 0]
 [2 9 7 1 3 5 0 8 4]
 [8 0 0 4 0 9 3 5 1]]
Number of cells unfilled: 13
Accuracy: 83.9506172839506
Sample: 68961
Question:
[[6 0 0 9 0 0 0 0 5]
 [0 0 0 0 0 4 6 0 0]
 [8 3 0 0 0 2 0 0 0]
 [0 9 0 5 0 7 0 6 0]
 [5 2 0 0 6 0 4 7 0]
 [0 0 0 0 4 0 0 0 9]
 [0 0 0 0 0 0 0 9 4]
 [0 0 6 0 0 0 2 5 0]
 [0 0 0 0 2 0 7 0 0]]
Solution:
[[7 6 3 9 1 0 5 4 8]
 [9 0 8 7 4 2 0 1 3]
 [4 5 1 8 0 3 2 6 7]
 [0 8 9 3 2 1 6 5 0]
 [5 3 2 6 9 4 8 7 0]
 [1 0 6 5 7 0 4 3 2]
 [3 4 5 2 6 8 7 9 0]
 [2 9 7 1 3 5 0 8 4]
 [8 0 0 4 0 9 3 2 1]]
Number of cells unfilled: 14
Accuracy: 82.71604938271605
Sample: 68962
Question:
[[6 0 1 0 0 0 0 0 7]
 [0 0 0 6 0 0 0 0 0]
 [0 0 0 0 0 0 3 0 8]
 [0 9 0 0 0 0 4 0 1]
 [0 2 0 0 0 0 0 3 6]
 [4 0 0 3 0 1 0 0 0]
 [3 0 0 0 4 6 0 2 0]
 [0 6 9 2 3 0 0 0 0]
 [0 0 4 1 0 9 0 0 0]]
Solution:
[[7 6 3 9 1 0 2 4 8]
 [9 0 8 7 4 2 5 1 3]
 [4 5 1 8 0 3 9 6 7]
 [0 8 9 3 2 1 6 5 0]
 [5 3 2 6 9 4 8 7 0]
 [1 0 6 5 7 0 4 3 2]
 [3 1 5 2 6 8 7 9 0]
 [2 9 7 1 3 5 0 8 4]
 [8 0 0 4 0 9 3 2 1]]
Number of cells unfilled: 13
Accuracy: 83.9506172839506
Sample: 68963
Question:
[[7 0 0 5 0 0 0 0 0]
 [0 3 0 0 1 0 7 0 0]
 [0 0 0 2 7 0 6 0 4]
 [0 5 1 0 0 0 2 0 0]
 [2 0 3 0 0 1 0 7 0]
 [8 0 0 0 0 0 0 0 0]
 [0 1 0 0 2 0 0 0 0]
 [0 0 8 0 0 0 0 0 2]
 [0 0 7 8 3 0 5 0 0]]
Solution:
[[7 6 3 9 1 0 2 4 8]
 [9 0 8 7 4 2 5 1 3]
 [4 5 1 8 0 3 9 6 7]
 [0 8 9 3 2 1 6 5 0]
 [5 3 2 6 9 4 8 7 0]
 [1 0 6 5 7 0 4 3 9]
 [3 4 5 2 6 8 7 9 0]
 [2 9 7 1 3 5 0 8 4]
 [8 0 0 4 0 9 3 2 1]]
Number of cells unfilled: 13
Accuracy: 83.9506172839506
Sample: 68964
Question:
[[7 0 0 9 0 0 3 0 0]
 [0 0 0 1 6 0 0 0 8]
 [0 0 6 0 7 0 9 0 0]
 [3 6 0 0 0 0 0 0 0]
 [0 9 1 0 0 0 0 3 0]
 [8 0 7 0 0 0 0 0 9]
 [0 3 0 0 8 0 0 0 0]
 [0 0 0 3 9 0 4 0 2]
 [1 0 0 7 0 0 0 0 0]]
Solution:
[[7 6 3 9 1 0 5 4 8]
 [9 0 8 7 4 2 0 1 3]
 [4 5 1 8 0 3 9 6 2]
 [0 8 9 3 2 1 6 5 0]
 [5 3 2 6 9 4 8 7 0]
 [1 0 6 5 7 0 4 3 9]
 [3 1 5 2 6 8 7 9 0]
 [2 9 7 1 3 5 0 8 4]
 [8 0 0 4 0 9 3 2 1]]
Number of cells unfilled: 14
Accuracy: 82.71604938271605
Sample: 68965
Question:
[[7 0 4 0 0 5 0 0 2]
 [8 2 0 0 0 7 0 0 0]
 [0 9 0 0 0 0 0 0 0]
 [0 0 2 8 4 0 0 9 0]
 [0 0 8 5 0 2 7 0 0]
 [0 0 0 0 0 0 2 0 0]
 [0 0 0 9 0 0 0 5 0]
 [5 0 0 7 0 0 3 1 0]
 [0 4 0 0 0 0 0 0 0]]
Solution:
[[7 6 3 5 1 0 9 4 8]
 [9 0 8 7 4 2 5 0 3]
 [4 5 1 8 0 3 2 6 7]
 [0 8 9 3 2 0 6 1 5]
 [5 3 2 6 9 4 8 7 0]
 [1 0 6 0 7 0 4 3 2]
 [3 4 5 2 6 8 7 9 0]
 [2 9 7 1 3 5 0 8 4]
 [8 0 0 4 0 9 3 5 1]]
Number of cells unfilled: 15
Accuracy: 81.48148148148148
Sample: 68966
Question:
[[7 1 0 0 4 0 0 3 0]
 [0 0 6 0 0 0 0 0 7]
 [2 0 0 0 0 0 0 0 0]
 [0 3 0 1 0 2 0 0 6]
 [0 0 0 7 0 0 3 0 0]
 [0 2 0 0 0 4 7 0 0]
 [0 0 1 0 0 0 0 0 0]
 [3 0 0 0 0 6 0 0 4]
 [4 0 0 3 0 7 5 0 9]]
Solution:
[[7 6 3 9 1 0 2 4 8]
 [9 0 8 7 4 2 5 1 3]
 [4 5 1 8 0 3 9 6 7]
 [0 8 9 3 2 1 6 0 5]
 [5 3 2 6 9 4 8 7 0]
 [1 0 6 5 7 0 4 3 9]
 [3 1 5 2 6 8 7 9 0]
 [2 9 7 1 3 5 0 8 4]
 [8 0 0 4 0 9 3 5 1]]
Number of cells unfilled: 13
Accuracy: 83.9506172839506
Sample: 68967
Question:
[[7 8 0 5 2 0 0 0 0]
 [1 0 0 0 0 0 0 0 8]
 [0 6 0 0 8 0 3 0 0]
 [6 0 0 7 0 0 0 4 0]
 [4 3 0 0 1 0 7 8 0]
 [0 0 0 0 0 0 6 0 0]
 [0 0 7 0 0 0 0 0 4]
 [0 0 0 0 0 8 0 3 0]
 [0 0 0 0 7 0 1 6 0]]
Solution:
[[7 6 3 9 1 0 5 4 8]
 [9 0 8 7 4 2 0 1 3]
 [4 5 1 8 0 3 2 6 7]
 [0 8 9 3 2 1 6 5 0]
 [5 3 2 6 9 4 8 7 0]
 [1 0 6 5 7 0 4 3 9]
 [3 4 5 2 6 8 7 9 0]
 [2 9 7 1 3 5 0 8 4]
 [8 0 0 4 0 9 3 2 1]]
Number of cells unfilled: 14
Accuracy: 82.71604938271605
Sample: 68968
Question:
[[7 9 0 0 0 0 8 1 0]
 [8 0 4 0 0 0 0 0 2]
 [0 2 0 7 0 0 0 0 0]
 [0 8 0 0 0 0 0 0 0]
 [0 0 0 9 8 1 0 6 0]
 [0 0 9 0 0 4 0 5 0]
 [0 0 0 1 0 7 4 9 0]
 [0 1 0 8 0 0 0 0 0]
 [0 0 0 0 9 2 0 0 0]]
Solution:
[[7 6 3 9 1 0 2 4 8]
 [9 0 8 7 4 2 5 1 3]
 [4 5 1 8 0 3 9 6 7]
 [0 8 9 3 2 1 6 0 5]
 [5 3 2 6 9 4 8 7 0]
 [1 0 6 5 7 0 4 3 9]
 [3 4 5 2 6 8 7 9 0]
 [2 9 7 1 3 5 0 8 4]
 [8 0 0 4 0 9 3 5 1]]
Number of cells unfilled: 13
Accuracy: 83.9506172839506
Sample: 68969
Question:
[[8 0 0 0 0 0 5 0 9]
 [9 0 4 2 5 0 0 0 0]
 [0 0 7 0 0 9 0 0 0]
 [0 0 0 0 0 7 8 2 0]
 [0 0 0 8 9 0 4 0 5]
 [4 0 0 0 0 0 0 0 7]
 [7 0 2 0 1 0 0 0 0]
 [0 0 0 0 0 0 0 0 8]
 [5 8 0 0 6 0 0 0 0]]
Solution:
[[7 6 3 5 1 0 9 4 8]
 [9 0 8 7 4 2 5 1 3]
 [4 5 1 8 0 3 2 6 7]
 [0 8 9 3 2 1 6 5 0]
 [5 3 2 6 9 4 8 7 0]
 [1 0 6 0 7 0 4 3 2]
 [3 4 5 2 6 8 7 9 0]
 [2 9 7 1 3 5 0 8 4]
 [8 0 0 4 0 9 3 2 1]]
Number of cells unfilled: 14
Accuracy: 82.71604938271605
Sample: 68970
Question:
[[8 0 0 0 0 4 0 7 0]
 [0 0 0 0 0 0 0 0 2]
 [1 3 0 0 0 9 0 8 0]
 [0 0 0 0 0 0 0 5 7]
 [0 0 7 0 8 0 2 9 0]
 [9 0 0 0 0 0 0 0 4]
 [4 0 0 2 0 5 0 0 0]
 [0 7 0 9 0 0 0 0 0]
 [0 9 0 0 7 8 5 0 0]]
Solution:
[[7 6 3 9 1 0 5 4 8]
 [9 0 8 7 4 2 0 1 3]
 [4 5 1 8 0 3 9 6 7]
 [0 8 9 3 2 1 6 0 5]
 [5 3 2 6 9 4 8 7 0]
 [1 0 6 5 7 0 4 3 2]
 [3 4 5 2 6 8 7 9 0]
 [2 9 7 1 3 5 0 8 4]
 [8 0 0 4 0 9 3 5 1]]
Number of cells unfilled: 14
Accuracy: 82.71604938271605
Sample: 68971
Question:
[[8 0 0 0 0 6 1 0 0]
 [0 0 0 0 0 0 0 2 0]
 [0 1 2 0 0 3 0 0 0]
 [0 0 8 0 0 7 0 9 0]
 [5 9 0 8 0 1 0 0 0]
 [7 0 0 0 9 0 0 0 0]
 [2 5 0 0 0 0 0 7 0]
 [0 0 0 2 0 9 0 0 5]
 [1 0 0 0 7 0 8 0 0]]
Solution:
[[7 6 3 9 1 0 5 4 8]
 [9 0 8 7 4 2 0 1 3]
 [4 5 1 8 0 3 9 6 7]
 [0 8 9 3 2 1 6 0 5]
 [5 3 2 6 9 4 8 7 0]
 [1 0 6 5 7 0 4 3 2]
 [3 1 5 2 6 8 7 9 0]
 [2 9 7 1 3 5 0 8 4]
 [8 0 0 4 0 9 3 5 1]]
Number of cells unfilled: 14
Accuracy: 82.71604938271605
Sample: 68972
Question:
[[8 0 0 0 5 4 0 0 0]
 [3 5 0 2 0 1 0 0 0]
 [0 0 2 0 0 0 0 5 0]
 [0 0 0 4 0 5 3 0 0]
 [4 3 0 0 0 0 0 8 0]
 [1 0 0 0 8 0 0 0 2]
 [0 1 4 0 0 9 0 0 0]
 [0 0 0 0 0 0 0 4 0]
 [2 0 0 0 0 7 0 0 1]]
Solution:
[[7 6 3 9 1 0 5 4 8]
 [9 0 8 7 4 2 0 1 3]
 [4 5 1 8 0 3 9 6 2]
 [0 8 9 3 2 1 6 5 0]
 [5 3 2 6 9 4 8 7 0]
 [1 0 6 5 7 0 4 3 9]
 [3 4 5 2 6 8 7 9 0]
 [2 9 7 1 3 5 0 8 4]
 [8 0 0 4 0 9 3 2 1]]
Number of cells unfilled: 14
Accuracy: 82.71604938271605
Sample: 68973
Question:
[[8 0 0 2 0 0 4 0 0]
 [0 0 2 0 0 4 0 5 9]
 [0 0 0 0 3 9 0 8 0]
 [0 4 5 0 9 0 0 0 8]
 [0 0 0 4 0 3 0 0 5]
 [2 0 0 0 8 0 0 0 0]
 [0 0 7 0 2 5 0 0 0]
 [0 0 0 0 0 0 0 3 0]
 [3 2 6 0 0 0 0 0 0]]
Solution:
[[7 6 3 9 1 0 5 4 8]
 [9 0 8 7 4 2 0 1 3]
 [4 5 1 8 0 3 2 6 9]
 [0 8 9 3 2 1 6 0 5]
 [5 3 2 6 9 4 8 7 0]
 [1 0 6 5 7 0 4 3 2]
 [3 1 5 2 6 8 7 9 0]
 [2 9 7 1 3 5 0 8 4]
 [8 0 0 4 0 9 3 5 1]]
Number of cells unfilled: 14
Accuracy: 82.71604938271605
Sample: 68974
Question:
[[8 0 1 9 0 0 0 0 0]
 [0 9 3 2 0 0 4 0 0]
 [2 4 0 0 8 0 0 1 0]
 [0 0 0 0 0 1 0 8 4]
 [0 3 8 0 2 0 0 0 0]
 [0 0 0 0 0 9 2 0 3]
 [0 0 0 3 4 0 0 0 7]
 [0 0 4 0 0 0 0 0 0]
 [0 0 0 0 0 0 8 0 5]]
Solution:
[[7 6 3 9 1 0 5 4 8]
 [9 0 8 7 4 2 0 1 3]
 [4 5 1 8 0 3 2 6 7]
 [0 8 9 3 2 1 6 0 5]
 [5 3 2 6 9 4 8 7 0]
 [1 0 6 5 7 0 4 3 2]
 [3 4 5 2 6 8 7 9 0]
 [2 9 7 1 3 5 0 8 4]
 [8 0 0 4 0 9 3 5 1]]
Number of cells unfilled: 14
Accuracy: 82.71604938271605
Sample: 68975
Question:
[[8 6 0 7 0 0 0 0 0]
 [5 0 0 4 0 8 3 0 0]
 [0 0 3 0 5 0 0 0 7]
 [0 0 5 0 0 4 0 0 0]
 [0 8 0 0 6 0 4 5 0]
 [0 7 0 0 0 0 6 0 3]
 [0 0 0 6 0 0 0 0 0]
 [0 0 0 0 0 0 1 3 6]
 [4 3 0 0 0 0 2 0 0]]
Solution:
[[7 6 3 9 1 0 2 4 8]
 [9 0 8 7 4 2 5 1 3]
 [4 5 1 8 0 3 9 6 7]
 [0 8 9 3 2 1 6 5 0]
 [5 3 2 6 9 4 8 7 0]
 [1 0 6 5 7 0 4 3 2]
 [3 4 5 2 6 8 7 9 0]
 [2 9 7 1 3 5 0 8 4]
 [8 0 0 4 0 9 3 2 1]]
Number of cells unfilled: 13
Accuracy: 83.9506172839506
Sample: 68976
Question:
[[9 0 0 0 0 0 0 6 0]
 [0 7 0 6 0 1 9 8 0]
 [0 0 0 0 7 0 3 0 0]
 [0 0 0 7 0 0 0 0 8]
 [0 8 0 0 0 3 1 0 0]
 [5 4 0 9 0 8 0 0 0]
 [0 0 8 0 3 0 0 1 0]
 [0 9 0 0 0 0 7 3 0]
 [0 0 0 0 0 0 0 0 6]]
Solution:
[[7 6 3 9 1 0 2 4 8]
 [9 0 8 7 4 2 1 5 3]
 [4 5 1 8 0 3 9 6 7]
 [0 8 9 3 2 0 6 1 5]
 [5 3 2 6 9 4 8 7 0]
 [1 0 6 5 7 0 4 3 2]
 [3 4 5 2 6 8 7 9 0]
 [2 9 7 1 3 5 0 8 4]
 [8 0 0 4 0 9 3 2 1]]
Number of cells unfilled: 13
Accuracy: 83.9506172839506
Sample: 68977
Question:
[[9 0 0 0 0 1 7 0 0]
 [0 2 0 0 0 0 0 5 0]
 [0 0 4 0 0 0 0 0 0]
 [0 5 0 4 9 0 0 2 0]
 [4 0 0 1 0 7 0 0 5]
 [0 0 0 0 0 2 0 0 7]
 [0 0 7 2 0 0 0 0 0]
 [0 9 0 0 1 0 0 0 0]
 [0 0 1 5 0 0 0 8 3]]
Solution:
[[7 6 3 5 1 0 2 4 8]
 [9 0 8 7 4 2 1 5 3]
 [4 5 1 8 0 3 9 6 7]
 [0 8 9 3 2 0 6 1 5]
 [5 3 2 6 9 4 8 7 0]
 [1 0 6 0 7 0 4 3 9]
 [3 4 5 2 6 8 7 9 0]
 [2 9 7 1 3 5 0 8 4]
 [8 0 0 4 0 9 3 2 1]]
Number of cells unfilled: 14
Accuracy: 82.71604938271605
Sample: 68978
Question:
[[9 0 0 0 7 3 0 0 0]
 [0 2 7 0 0 0 0 3 0]
 [1 0 0 6 0 0 0 0 0]
 [0 7 0 0 0 6 3 9 0]
 [0 0 6 1 0 0 0 2 7]
 [2 9 0 0 0 0 1 0 0]
 [0 0 0 0 0 0 2 0 0]
 [0 0 0 2 6 8 0 0 0]
 [6 3 0 0 0 4 0 0 0]]
Solution:
[[7 6 3 9 1 0 2 4 8]
 [9 0 8 7 4 2 5 1 3]
 [4 5 1 8 0 3 9 6 7]
 [0 8 9 3 2 1 6 0 5]
 [5 3 2 6 9 4 8 7 0]
 [1 0 6 5 7 0 4 3 2]
 [3 1 5 2 6 8 7 9 0]
 [2 9 7 1 3 5 0 8 4]
 [8 0 0 4 0 9 3 5 1]]
Number of cells unfilled: 13
Accuracy: 83.9506172839506
Sample: 68979
Question:
[[9 0 0 3 0 0 0 0 4]
 [4 6 0 0 7 0 0 3 1]
 [0 0 0 1 0 0 0 9 0]
 [0 9 0 0 0 0 0 6 0]
 [7 0 0 0 0 0 1 0 0]
 [3 1 0 2 8 0 0 0 0]
 [0 0 0 0 0 1 0 0 6]
 [0 0 3 0 0 0 4 0 0]
 [0 0 0 0 3 0 0 7 9]]
Solution:
[[7 6 3 5 1 0 9 4 8]
 [9 0 8 7 4 2 5 1 3]
 [4 5 1 8 0 3 2 6 7]
 [0 8 9 3 2 1 6 0 5]
 [5 3 2 6 9 4 8 7 0]
 [1 0 6 0 7 0 4 3 9]
 [3 4 5 2 6 8 7 9 0]
 [2 9 7 1 3 5 0 8 4]
 [8 0 0 4 0 9 3 5 1]]
Number of cells unfilled: 14
Accuracy: 82.71604938271605
Sample: 68980
Question:
[[9 0 0 8 4 0 2 3 0]
 [0 0 4 3 0 0 0 7 0]
 [0 0 8 0 0 0 4 0 0]
 [7 0 0 0 0 0 0 9 0]
 [0 0 0 0 2 0 0 0 0]
 [1 0 5 0 0 7 8 4 0]
 [0 8 0 2 0 0 0 0 7]
 [0 0 0 0 0 3 0 2 0]
 [4 0 0 0 9 0 0 0 0]]
Solution:
[[7 6 3 9 1 0 2 4 8]
 [9 0 8 7 4 2 5 1 3]
 [4 5 1 8 0 3 9 6 7]
 [0 8 9 3 2 1 6 0 5]
 [5 3 2 6 9 4 8 7 0]
 [1 0 6 5 7 0 4 3 2]
 [3 1 5 2 6 8 7 9 0]
 [2 9 7 1 3 5 0 8 4]
 [8 0 0 4 0 9 3 5 1]]
Number of cells unfilled: 13
Accuracy: 83.9506172839506
Sample: 68981
Question:
[[9 0 4 0 0 0 0 6 0]
 [0 0 0 6 0 0 0 0 3]
 [0 3 0 0 0 7 8 0 0]
 [0 0 0 0 0 0 0 0 9]
 [0 0 2 7 0 4 0 0 0]
 [0 9 5 0 0 8 7 0 0]
 [8 0 7 4 0 6 0 0 0]
 [0 0 0 0 0 3 0 0 0]
 [0 0 0 9 8 0 0 0 4]]
Solution:
[[7 6 3 9 1 0 2 4 8]
 [9 0 8 7 4 2 5 1 3]
 [4 5 1 8 0 3 9 6 7]
 [0 8 9 3 2 1 6 0 5]
 [5 3 2 6 9 4 8 7 0]
 [1 0 6 5 7 0 4 3 2]
 [3 1 5 2 6 8 7 9 0]
 [2 9 7 1 3 5 0 8 4]
 [8 0 0 4 0 9 3 5 1]]
Number of cells unfilled: 13
Accuracy: 83.9506172839506
Sample: 68982
Question:
[[9 6 0 8 0 5 0 0 0]
 [4 0 0 0 0 0 8 0 9]
 [0 7 0 0 0 0 0 0 0]
 [0 0 0 9 0 4 6 0 0]
 [0 8 0 0 7 0 0 5 0]
 [6 0 0 0 0 0 0 0 7]
 [0 0 0 0 0 0 0 0 4]
 [0 5 0 3 0 9 0 8 0]
 [8 0 4 2 0 0 0 0 0]]
Solution:
[[7 6 3 5 1 0 2 4 8]
 [9 0 8 7 4 2 5 1 3]
 [4 5 1 8 0 3 9 6 7]
 [0 8 9 3 2 1 6 0 5]
 [5 3 2 6 9 4 8 7 0]
 [1 0 6 0 7 0 4 3 9]
 [3 4 5 2 6 8 7 9 0]
 [2 9 7 1 3 5 0 8 4]
 [8 0 0 4 0 9 3 5 1]]
Number of cells unfilled: 14
Accuracy: 82.71604938271605
Sample: 68983
Question:
[[9 7 0 0 0 0 0 0 0]
 [0 6 0 0 0 0 1 2 9]
 [0 0 0 0 1 0 0 0 0]
 [0 0 0 0 0 0 0 0 4]
 [5 2 0 0 0 0 0 9 8]
 [0 0 0 0 9 2 5 1 0]
 [1 9 0 0 2 8 0 5 0]
 [0 0 0 0 4 0 0 8 0]
 [0 0 4 5 0 0 0 0 2]]
Solution:
[[7 6 3 5 1 0 9 4 8]
 [9 0 8 7 4 2 5 1 3]
 [4 5 1 8 0 3 2 6 7]
 [0 8 9 3 2 1 6 5 0]
 [5 3 2 6 9 4 8 7 0]
 [1 0 6 0 7 0 4 3 2]
 [3 4 5 2 6 8 7 9 0]
 [2 9 7 1 3 5 0 8 4]
 [8 0 0 4 0 9 3 2 1]]
Number of cells unfilled: 14
Accuracy: 82.71604938271605
Sample: 68984
Question:
[[0 0 1 0 8 3 0 0 7]
 [0 9 0 0 0 2 0 4 5]
 [6 3 0 7 0 0 1 0 0]
 [0 0 2 6 0 0 0 3 4]
 [0 7 0 9 2 0 8 0 0]
 [5 1 0 0 0 4 0 0 0]
 [0 0 8 0 0 6 0 0 3]
 [0 0 0 0 5 0 2 7 0]
 [1 0 4 0 0 8 9 0 0]]
Solution:
[[7 6 3 9 1 0 5 4 8]
 [9 0 8 7 4 2 0 1 3]
 [4 5 1 8 0 3 9 6 2]
 [0 8 9 3 2 1 6 0 5]
 [5 3 2 6 9 4 8 7 0]
 [1 0 6 5 7 0 4 3 9]
 [3 4 5 2 6 8 7 9 0]
 [2 9 7 1 3 5 0 8 4]
 [8 0 0 4 0 9 3 5 1]]
Number of cells unfilled: 14
Accuracy: 82.71604938271605
Sample: 68985
Question:
[[0 0 0 4 0 1 7 0 0]
 [0 1 0 0 6 0 0 4 0]
 [4 0 9 2 0 0 0 0 0]
 [0 8 0 0 0 6 0 2 0]
 [1 0 0 8 0 0 3 0 0]
 [0 0 5 0 0 0 0 0 8]
 [0 3 0 6 0 0 0 1 0]
 [6 0 0 0 3 0 0 0 7]
 [5 0 0 0 0 2 9 0 0]]
Solution:
[[7 6 3 9 1 0 2 4 8]
 [9 0 8 7 4 2 5 1 3]
 [4 5 1 8 0 3 9 6 7]
 [0 8 9 3 2 1 6 5 0]
 [5 3 2 6 9 4 8 7 0]
 [1 0 6 5 7 0 4 3 2]
 [3 4 5 2 6 8 7 9 0]
 [2 9 7 1 3 5 0 8 4]
 [8 0 0 4 0 9 3 2 1]]
Number of cells unfilled: 13
Accuracy: 83.9506172839506
Sample: 68986
Question:
[[5 0 0 3 0 0 0 0 0]
 [0 0 9 5 8 0 0 0 4]
 [0 0 0 0 0 9 5 7 0]
 [0 9 0 7 0 0 0 0 2]
 [3 2 0 6 0 0 7 0 0]
 [0 0 7 0 2 0 0 4 0]
 [0 0 0 0 0 6 0 1 0]
 [0 0 1 0 5 0 4 0 0]
 [9 0 0 0 0 0 0 0 8]]
Solution:
[[7 6 3 9 1 0 5 4 8]
 [9 0 8 7 4 2 0 1 3]
 [4 5 1 8 0 3 2 6 7]
 [0 8 9 3 2 1 6 5 0]
 [5 3 2 6 9 4 8 7 0]
 [1 0 6 5 7 0 4 3 9]
 [3 1 5 2 6 8 7 9 0]
 [2 9 7 1 3 5 0 8 4]
 [8 0 0 4 0 9 3 2 1]]
Number of cells unfilled: 14
Accuracy: 82.71604938271605
Sample: 68987
Question:
[[0 0 3 0 0 0 0 1 0]
 [9 0 0 0 1 0 0 0 2]
 [0 7 0 5 0 0 6 0 0]
 [2 3 0 6 0 0 7 0 0]
 [0 0 0 0 0 4 0 2 0]
 [0 0 4 0 0 0 0 0 6]
 [0 0 9 8 0 0 0 0 0]
 [0 8 0 0 3 7 0 0 5]
 [3 0 0 0 6 0 8 0 0]]
Solution:
[[7 6 3 9 1 0 5 4 8]
 [9 0 8 7 4 2 0 1 3]
 [4 5 1 8 0 3 9 6 7]
 [0 8 9 3 2 1 6 5 0]
 [5 3 2 6 9 4 8 7 0]
 [1 0 6 5 7 0 4 3 2]
 [3 4 5 2 6 8 7 9 0]
 [2 9 7 1 3 5 0 8 4]
 [8 0 0 4 0 9 3 2 1]]
Number of cells unfilled: 14
Accuracy: 82.71604938271605
Sample: 68988
Question:
[[0 4 0 0 0 0 0 0 0]
 [2 0 0 0 6 0 0 0 0]
 [0 0 1 5 0 0 9 0 0]
 [6 0 0 0 0 7 0 0 0]
 [0 2 0 0 3 0 1 0 0]
 [0 0 3 8 0 0 0 0 9]
 [1 0 8 3 0 0 0 9 0]
 [0 0 0 0 7 0 5 0 1]
 [4 0 0 0 0 1 8 0 3]]
Solution:
[[7 6 3 5 1 0 9 4 8]
 [9 0 8 7 4 2 5 1 3]
 [4 5 1 8 0 3 2 6 7]
 [0 8 9 3 2 1 6 5 0]
 [5 3 2 6 9 4 8 7 0]
 [1 0 6 0 7 0 4 3 9]
 [3 4 5 2 6 8 7 9 0]
 [2 9 7 1 3 5 0 8 4]
 [8 0 0 4 0 9 3 2 1]]
Number of cells unfilled: 14
Accuracy: 82.71604938271605
Sample: 68989
Question:
[[8 0 0 0 2 0 0 0 9]
 [0 0 3 0 0 7 0 0 0]
 [0 7 0 8 0 0 5 0 0]
 [0 0 6 0 0 5 1 0 0]
 [0 0 0 1 3 0 0 6 0]
 [2 0 0 0 8 0 0 0 3]
 [0 9 2 3 0 0 0 0 4]
 [0 3 8 0 4 0 0 0 0]
 [4 0 0 0 0 0 0 0 0]]
Solution:
[[7 6 3 9 1 0 5 4 8]
 [9 0 8 7 4 2 0 1 3]
 [4 5 1 8 0 3 2 6 7]
 [0 8 9 3 2 1 6 5 0]
 [5 3 2 6 9 4 8 7 0]
 [1 0 6 5 7 0 4 3 2]
 [3 1 5 2 6 8 7 9 0]
 [2 9 7 1 3 5 0 8 4]
 [8 0 0 4 0 9 3 2 1]]
Number of cells unfilled: 14
Accuracy: 82.71604938271605
Sample: 68990
Question:
[[0 1 0 5 0 2 0 0 0]
 [0 0 9 0 0 3 0 0 0]
 [0 0 5 0 4 0 0 0 0]
 [0 0 0 0 0 0 1 0 0]
 [0 0 2 8 0 4 0 7 0]
 [7 0 0 1 0 0 8 0 4]
 [8 7 0 0 0 0 3 0 0]
 [0 2 0 0 0 0 7 0 9]
 [0 0 4 6 0 0 0 5 0]]
Solution:
[[7 6 3 9 1 0 2 4 8]
 [9 0 8 7 4 2 5 1 3]
 [4 5 1 8 0 3 9 6 7]
 [0 8 9 3 2 1 6 0 5]
 [5 3 2 6 9 4 8 7 0]
 [1 0 6 5 7 0 4 3 2]
 [3 4 5 2 6 8 7 9 0]
 [2 9 7 1 3 5 0 8 4]
 [8 0 0 4 0 9 3 5 1]]
Number of cells unfilled: 13
Accuracy: 83.9506172839506
Sample: 68991
Question:
[[0 7 0 6 0 0 5 4 0]
 [0 0 0 0 4 0 3 0 0]
 [0 0 0 0 0 9 7 0 0]
 [8 5 0 0 0 2 0 0 0]
 [6 4 0 0 0 0 0 0 0]
 [0 0 7 4 0 0 6 8 0]
 [7 0 0 5 0 0 8 6 0]
 [0 0 5 0 0 0 0 0 3]
 [0 6 0 0 1 0 0 5 0]]
Solution:
[[7 6 3 5 1 0 9 4 8]
 [9 0 8 7 4 2 1 0 3]
 [4 5 1 8 0 3 2 6 7]
 [0 8 9 3 2 0 6 1 5]
 [5 3 2 6 9 4 8 7 0]
 [1 0 6 0 7 0 4 3 9]
 [3 1 5 2 6 8 7 9 0]
 [2 9 7 1 3 5 0 8 4]
 [8 0 0 4 0 9 3 5 1]]
Number of cells unfilled: 15
Accuracy: 81.48148148148148
Sample: 68992
Question:
[[7 0 1 0 0 5 0 9 0]
 [0 9 0 1 0 0 0 0 0]
 [5 0 2 0 9 0 0 0 0]
 [0 7 0 0 1 0 0 5 0]
 [0 0 8 0 0 0 0 0 6]
 [0 0 5 0 0 4 7 0 0]
 [0 0 0 0 2 0 3 1 9]
 [0 0 0 3 0 0 0 0 0]
 [0 2 0 0 5 1 0 7 0]]
Solution:
[[7 6 3 9 1 0 5 4 8]
 [9 0 8 7 4 2 0 1 3]
 [4 5 1 8 0 3 9 6 7]
 [0 8 9 3 2 1 6 0 5]
 [5 3 2 6 9 4 8 7 0]
 [1 0 6 5 7 0 4 3 2]
 [3 4 5 2 6 8 7 9 0]
 [2 9 7 1 3 5 0 8 4]
 [8 0 0 4 0 9 3 5 1]]
Number of cells unfilled: 14
Accuracy: 82.71604938271605
Sample: 68993
Question:
[[0 6 0 0 0 0 7 0 0]
 [0 0 2 0 0 1 0 0 8]
 [9 0 0 5 0 0 0 0 0]
 [1 0 0 0 0 3 0 9 0]
 [0 0 4 2 0 0 0 0 1]
 [0 0 0 0 0 5 4 0 0]
 [2 0 0 8 0 0 0 3 0]
 [0 0 5 0 0 2 0 0 4]
 [0 7 0 0 0 0 6 0 0]]
Solution:
[[7 6 3 9 1 0 2 4 8]
 [9 0 8 7 4 2 5 1 3]
 [4 5 1 8 0 3 9 6 7]
 [0 8 9 3 2 1 6 5 0]
 [5 3 2 6 9 4 8 7 0]
 [1 0 6 5 7 0 4 3 9]
 [3 4 5 2 6 8 7 9 0]
 [2 9 7 1 3 5 0 8 4]
 [8 0 0 4 0 9 3 2 1]]
Number of cells unfilled: 13
Accuracy: 83.9506172839506
Sample: 68994
Question:
[[6 5 0 0 0 0 1 0 0]
 [0 0 0 0 0 2 0 3 0]
 [9 0 0 0 0 0 0 0 6]
 [0 0 0 0 0 0 0 0 8]
 [0 0 0 0 7 0 4 0 0]
 [0 8 0 0 5 9 0 0 0]
 [0 3 0 0 0 0 2 0 4]
 [0 2 0 8 0 7 9 0 0]
 [1 7 0 9 0 0 0 0 0]]
Solution:
[[7 6 3 5 1 0 9 4 8]
 [9 0 8 7 4 2 5 1 3]
 [4 5 1 8 0 3 2 6 7]
 [0 8 9 3 2 1 6 5 0]
 [5 3 2 6 9 4 8 7 0]
 [1 0 6 0 7 0 4 3 2]
 [3 1 5 2 6 8 7 9 0]
 [2 9 7 1 3 5 0 8 4]
 [8 0 0 4 0 9 3 2 1]]
Number of cells unfilled: 14
Accuracy: 82.71604938271605
Sample: 68995
Question:
[[0 0 7 9 0 0 8 0 0]
 [0 1 0 0 0 0 0 0 3]
 [2 0 0 0 0 0 0 4 0]
 [0 0 0 5 0 0 0 0 4]
 [0 3 0 0 0 0 0 2 8]
 [0 0 6 0 8 0 5 0 0]
 [1 0 0 7 9 0 0 0 0]
 [0 0 0 8 6 0 0 0 0]
 [0 0 9 0 0 5 7 0 0]]
Solution:
[[7 6 3 9 1 0 5 4 8]
 [9 0 8 5 4 2 1 0 3]
 [4 5 1 8 0 3 2 6 9]
 [0 8 9 3 2 0 6 1 5]
 [5 3 2 6 9 4 8 7 0]
 [1 0 6 0 7 0 4 3 2]
 [3 1 5 2 6 8 7 9 0]
 [2 9 7 1 3 5 0 8 4]
 [8 0 0 4 0 9 3 5 1]]
Number of cells unfilled: 15
Accuracy: 81.48148148148148
Sample: 68996
Question:
[[6 0 0 0 2 0 0 1 9]
 [1 0 0 4 0 0 0 0 0]
 [4 0 9 0 0 0 2 0 8]
 [7 0 2 0 0 6 0 5 0]
 [3 0 1 0 4 5 0 0 2]
 [9 0 0 0 0 0 0 0 0]
 [0 0 0 5 0 0 0 9 6]
 [0 0 0 0 8 1 0 0 0]
 [0 0 0 0 7 0 1 0 0]]
Solution:
[[7 6 3 9 1 0 2 4 8]
 [9 0 8 7 4 2 5 1 3]
 [4 5 1 8 0 3 9 6 7]
 [0 8 9 3 2 1 6 0 5]
 [5 3 2 6 9 4 8 7 0]
 [1 0 6 5 7 0 4 3 9]
 [3 4 5 2 6 8 7 9 0]
 [2 9 7 1 3 5 0 8 4]
 [8 0 0 4 0 9 3 5 1]]
Number of cells unfilled: 13
Accuracy: 83.9506172839506
Sample: 68997
Question:
[[0 4 0 0 7 0 1 0 0]
 [0 0 2 1 0 0 0 0 9]
 [0 0 0 0 0 3 0 5 0]
 [0 5 0 0 0 8 0 0 4]
 [8 0 0 0 0 0 7 0 0]
 [0 0 6 3 0 0 0 0 1]
 [2 0 0 6 0 0 9 1 0]
 [0 6 0 0 0 0 0 0 2]
 [0 0 1 0 3 2 0 4 0]]
Solution:
[[7 6 3 9 1 0 2 4 8]
 [9 0 8 7 4 2 5 1 3]
 [4 5 1 8 0 3 9 6 7]
 [0 8 9 3 2 1 6 5 0]
 [5 3 2 6 9 4 8 7 0]
 [1 0 6 5 7 0 4 3 9]
 [3 1 5 2 6 8 7 9 0]
 [2 9 7 1 3 5 0 8 4]
 [8 0 0 4 0 9 3 2 1]]
Number of cells unfilled: 13
Accuracy: 83.9506172839506
Sample: 68998
Question:
[[0 0 0 3 0 0 0 6 0]
 [3 0 0 0 5 0 0 0 8]
 [0 1 0 0 7 8 3 0 0]
 [0 5 4 0 0 0 0 2 0]
 [0 0 0 0 2 0 0 0 0]
 [1 0 0 7 0 0 6 0 0]
 [0 0 0 0 0 0 0 0 9]
 [7 0 0 8 0 0 5 1 0]
 [0 9 0 5 0 0 0 4 0]]
Solution:
[[7 6 3 5 1 0 9 4 8]
 [9 0 8 7 4 2 5 1 3]
 [4 5 1 8 0 3 2 6 7]
 [0 8 9 3 2 1 6 5 0]
 [5 3 2 6 9 4 8 7 0]
 [1 0 6 0 7 0 4 3 9]
 [3 4 5 2 6 8 7 9 0]
 [2 9 7 1 3 5 0 8 4]
 [8 0 0 4 0 9 3 2 1]]
Number of cells unfilled: 14
Accuracy: 82.71604938271605
Sample: 68999
Question:
[[0 6 0 0 0 8 0 0 7]
 [0 0 0 0 0 0 0 5 0]
 [1 0 0 9 0 0 0 0 0]
 [0 8 0 6 0 0 4 0 0]
 [0 0 0 7 8 0 0 0 3]
 [3 0 0 0 0 4 0 0 0]
 [0 3 0 0 0 6 0 0 8]
 [0 0 9 0 5 0 2 3 0]
 [0 0 2 0 0 0 0 1 0]]
Solution:
[[7 6 3 9 1 0 2 4 8]
 [9 0 8 7 4 2 5 1 3]
 [4 5 1 8 0 3 9 6 7]
 [0 8 9 3 2 1 6 5 0]
 [5 3 2 6 9 4 8 7 0]
 [1 0 6 5 7 0 4 3 2]
 [3 1 5 2 6 8 7 9 0]
 [2 9 7 1 3 5 0 8 4]
 [8 0 0 4 0 9 3 2 1]]
Number of cells unfilled: 13
Accuracy: 83.9506172839506
Sample: 69000
Question:
[[7 0 0 0 1 0 0 0 8]
 [0 0 0 0 0 2 0 0 3]
 [0 5 0 8 0 0 0 6 0]
 [0 0 9 0 2 0 0 0 0]
 [5 0 0 6 0 0 0 7 0]
 [0 0 6 0 0 0 4 0 0]
 [0 0 5 2 0 8 0 9 0]
 [0 9 7 1 0 0 0 8 0]
 [8 0 0 0 0 9 0 0 1]]
Solution:
[[7 6 3 5 1 0 2 4 8]
 [9 0 8 7 4 2 1 5 3]
 [4 5 1 8 0 3 9 6 7]
 [0 8 9 3 2 0 6 1 5]
 [5 3 2 6 9 4 8 7 0]
 [1 0 6 0 7 0 4 3 9]
 [3 1 5 2 6 8 7 9 0]
 [2 9 7 1 3 5 0 8 4]
 [8 0 0 4 0 9 3 2 1]]
Number of cells unfilled: 14
Accuracy: 82.71604938271605
