2025-10-22 15:51:19.127243: I tensorflow/core/util/port.cc:153] oneDNN custom operations are on. You may see slightly different numerical results due to floating-point round-off errors from different computation orders. To turn them off, set the environment variable `TF_ENABLE_ONEDNN_OPTS=0`.
2025-10-22 15:51:19.870551: I tensorflow/core/platform/cpu_feature_guard.cc:210] This TensorFlow binary is optimized to use available CPU instructions in performance-critical operations.
To enable the following instructions: AVX2 AVX512F AVX512_VNNI FMA, in other operations, rebuild TensorFlow with the appropriate compiler flags.
2025-10-22 15:51:24.790551: I tensorflow/core/util/port.cc:153] oneDNN custom operations are on. You may see slightly different numerical results due to floating-point round-off errors from different computation orders. To turn them off, set the environment variable `TF_ENABLE_ONEDNN_OPTS=0`.
2025-10-22 15:51:31.137313: E external/local_xla/xla/stream_executor/cuda/cuda_platform.cc:51] failed call to cuInit: INTERNAL: CUDA error: Failed call to cuInit: UNKNOWN ERROR (303)
Sample: 70001
Question:
[[0 5 0 3 0 0 0 0 2]
 [1 0 0 0 0 9 6 0 0]
 [0 0 0 0 5 0 0 1 0]
 [9 0 0 0 0 8 2 0 0]
 [7 0 0 4 0 0 0 3 0]
 [0 1 0 0 2 0 0 0 4]
 [8 0 0 0 0 0 0 0 0]
 [0 9 1 0 0 7 0 0 8]
 [0 7 6 0 0 0 1 0 0]]
Solution:
[[0 5 0 8 0 2 6 4 9]
 [2 8 6 4 3 0 7 5 1]
 [4 0 1 7 9 6 8 3 2]
 [5 0 7 9 2 8 1 6 4]
 [8 2 9 0 5 4 0 7 3]
 [0 4 3 6 1 7 2 9 5]
 [7 1 4 5 8 9 3 2 6]
 [3 0 5 1 6 0 9 8 7]
 [6 9 8 3 7 0 4 1 0]]
Number of cells unfilled: 13
Accuracy: 83.9506172839506
Sample: 70002
Question:
[[0 3 1 0 8 0 9 0 0]
 [0 2 0 7 0 0 0 3 1]
 [0 0 4 0 0 0 0 0 0]
 [0 8 3 0 1 0 0 5 0]
 [4 0 0 0 0 0 0 0 9]
 [2 0 0 0 0 0 3 0 8]
 [3 0 0 4 0 0 5 0 0]
 [0 0 0 0 0 6 0 0 0]
 [0 4 8 0 5 0 0 0 3]]
Solution:
[[0 5 0 8 0 2 6 4 9]
 [2 8 6 4 3 0 7 5 1]
 [4 0 1 7 9 6 8 3 2]
 [5 4 7 9 0 3 1 6 8]
 [8 2 9 0 5 4 0 7 3]
 [0 0 3 6 1 8 2 9 5]
 [7 1 4 5 8 9 3 2 6]
 [3 0 5 1 6 0 9 8 7]
 [6 9 8 3 2 7 4 1 0]]
Number of cells unfilled: 13
Accuracy: 83.9506172839506
Sample: 70003
Question:
[[9 0 0 8 0 0 0 7 0]
 [0 0 0 0 0 0 4 0 0]
 [0 3 8 0 0 0 0 0 5]
 [2 0 0 0 0 6 0 0 7]
 [0 6 0 7 0 0 0 0 0]
 [0 8 0 0 2 9 0 6 0]
 [8 0 5 6 0 0 0 9 0]
 [6 1 0 9 0 0 0 5 0]
 [0 0 0 0 5 1 0 0 0]]
Solution:
[[0 5 0 8 0 2 6 4 9]
 [2 8 6 4 3 0 7 5 1]
 [4 0 1 7 9 6 8 3 2]
 [5 4 7 9 2 3 1 6 8]
 [8 2 9 0 5 4 0 7 3]
 [0 0 3 6 1 7 2 9 5]
 [7 1 4 5 8 9 3 2 6]
 [3 0 5 1 6 0 9 8 7]
 [6 9 8 3 7 0 4 1 0]]
Number of cells unfilled: 13
Accuracy: 83.9506172839506
Sample: 70004
Question:
[[0 2 0 3 0 0 0 6 0]
 [0 0 6 0 0 4 0 0 7]
 [0 0 5 0 8 0 3 0 0]
 [0 1 0 0 0 0 7 0 0]
 [6 0 0 0 0 3 0 0 9]
 [0 0 3 1 0 0 0 5 0]
 [0 8 0 7 0 0 6 0 0]
 [0 0 0 0 0 9 0 0 4]
 [0 0 2 0 5 0 0 7 0]]
Solution:
[[0 5 0 8 0 2 6 4 9]
 [2 8 6 4 3 0 7 5 1]
 [4 0 1 7 9 6 8 3 2]
 [5 0 7 2 0 8 1 6 4]
 [8 2 9 0 5 4 0 7 3]
 [0 4 3 6 1 7 2 9 5]
 [7 1 4 5 8 9 3 2 6]
 [3 0 5 1 6 0 9 8 7]
 [6 9 8 3 7 0 4 1 0]]
Number of cells unfilled: 14
Accuracy: 82.71604938271605
Sample: 70005
Question:
[[0 0 0 7 0 0 0 0 0]
 [0 0 7 0 6 9 0 0 4]
 [8 0 0 0 0 0 0 7 0]
 [6 0 0 0 5 0 2 0 0]
 [0 0 9 0 0 0 0 4 3]
 [0 0 3 0 0 4 0 8 6]
 [3 0 0 6 9 0 0 0 1]
 [0 0 0 0 0 1 0 0 0]
 [0 0 1 4 3 0 0 6 0]]
Solution:
[[0 5 0 8 0 2 6 4 9]
 [2 8 6 4 3 0 7 5 1]
 [4 0 1 7 9 6 8 3 2]
 [5 0 7 9 2 8 1 6 4]
 [8 2 9 0 5 4 0 7 3]
 [0 4 3 6 1 7 2 9 5]
 [7 1 4 5 8 9 3 2 6]
 [3 0 5 1 6 0 9 8 7]
 [6 9 8 3 7 0 4 1 0]]
Number of cells unfilled: 13
Accuracy: 83.9506172839506
Sample: 70006
Question:
[[0 0 0 2 0 0 0 0 8]
 [9 0 0 0 6 4 0 0 0]
 [0 6 3 7 8 0 0 0 1]
 [0 0 7 0 0 1 6 0 2]
 [8 0 0 0 7 0 0 3 0]
 [0 5 0 0 0 0 4 0 0]
 [0 0 0 0 0 3 1 0 0]
 [6 0 0 0 0 0 0 0 0]
 [0 0 0 8 1 0 0 2 0]]
Solution:
[[0 5 0 8 0 2 6 4 9]
 [2 8 6 4 3 0 7 5 1]
 [4 0 1 7 9 6 8 3 2]
 [5 4 7 2 0 3 1 6 8]
 [8 2 9 0 5 4 0 7 3]
 [0 0 3 6 1 8 2 9 5]
 [7 1 4 5 8 9 3 2 6]
 [3 0 5 1 6 0 9 8 7]
 [6 9 8 3 7 0 4 1 0]]
Number of cells unfilled: 14
Accuracy: 82.71604938271605
Sample: 70007
Question:
[[0 0 6 1 0 0 0 0 0]
 [9 0 0 0 8 0 7 0 0]
 [0 8 0 0 0 4 0 2 0]
 [0 3 0 0 0 0 2 0 0]
 [0 0 8 0 3 0 4 7 0]
 [7 0 0 0 0 5 0 0 3]
 [8 0 0 0 0 0 9 0 0]
 [0 4 0 0 0 8 0 5 2]
 [0 0 1 6 0 0 0 0 0]]
Solution:
[[9 5 0 8 0 2 6 4 0]
 [2 8 6 9 3 0 7 5 1]
 [4 3 1 7 0 6 8 9 2]
 [5 0 7 2 0 8 1 6 9]
 [8 2 9 0 5 4 0 7 3]
 [0 4 3 6 1 7 2 0 5]
 [7 1 4 5 8 9 3 2 6]
 [3 0 5 1 6 0 9 8 7]
 [6 9 8 3 7 0 4 1 0]]
Number of cells unfilled: 15
Accuracy: 81.48148148148148
Sample: 70008
Question:
[[0 0 6 0 9 5 0 2 0]
 [0 3 0 0 0 2 0 0 5]
 [2 0 5 4 0 0 0 0 0]
 [7 0 0 9 0 0 0 0 0]
 [0 0 1 0 0 6 0 0 7]
 [3 6 0 0 0 0 8 0 0]
 [0 0 0 0 2 0 0 8 0]
 [0 1 0 0 0 0 4 0 0]
 [6 0 0 0 0 1 0 0 3]]
Solution:
[[9 5 0 8 0 2 6 4 0]
 [2 8 6 4 3 0 7 5 1]
 [4 3 1 7 0 6 8 9 2]
 [5 4 7 9 0 3 1 6 8]
 [8 2 9 0 5 4 0 7 3]
 [0 0 3 6 1 8 2 0 5]
 [7 1 4 5 8 9 3 2 6]
 [3 0 5 1 6 0 9 8 7]
 [6 9 8 3 2 7 4 1 0]]
Number of cells unfilled: 14
Accuracy: 82.71604938271605
Sample: 70009
Question:
[[0 9 0 8 0 0 4 0 1]
 [6 0 0 0 0 4 8 0 0]
 [0 4 8 0 0 0 0 3 0]
 [0 0 5 0 0 0 0 1 0]
 [0 0 0 0 2 0 0 0 0]
 [0 7 0 0 0 5 9 0 0]
 [0 0 9 0 0 6 7 0 0]
 [0 6 0 2 0 7 0 0 8]
 [7 0 0 0 3 0 0 0 0]]
Solution:
[[0 5 0 8 0 2 6 4 9]
 [2 8 6 4 3 0 7 5 1]
 [4 0 1 7 9 6 8 3 2]
 [5 4 7 9 0 3 1 6 8]
 [8 2 9 0 5 4 0 7 3]
 [0 0 3 6 1 8 2 9 5]
 [7 1 4 5 8 9 3 2 6]
 [3 0 5 1 6 0 9 8 7]
 [6 9 8 3 2 7 4 1 0]]
Number of cells unfilled: 13
Accuracy: 83.9506172839506
Sample: 70010
Question:
[[0 4 0 7 0 0 0 6 0]
 [2 0 0 0 0 0 8 0 0]
 [0 0 9 0 5 0 0 0 0]
 [5 0 0 0 2 0 0 0 0]
 [0 7 0 3 0 0 0 1 0]
 [0 0 8 0 0 9 0 0 0]
 [0 0 0 0 3 0 0 7 0]
 [0 3 0 0 0 7 1 0 4]
 [0 0 0 4 0 0 0 0 6]]
Solution:
[[9 5 0 8 0 2 6 4 0]
 [2 8 6 9 3 0 7 5 1]
 [4 3 1 7 0 6 8 9 2]
 [5 0 7 2 9 3 1 6 8]
 [8 2 9 0 5 4 0 7 3]
 [0 4 3 6 1 7 2 0 5]
 [7 1 4 5 8 9 3 2 6]
 [3 0 5 1 6 0 9 8 7]
 [6 9 8 3 7 0 4 1 0]]
Number of cells unfilled: 14
Accuracy: 82.71604938271605
Sample: 70011
Question:
[[0 0 0 8 0 0 1 0 0]
 [0 1 0 0 0 5 0 6 0]
 [5 0 8 0 1 0 0 0 2]
 [0 0 4 3 0 0 0 0 0]
 [0 8 0 0 0 9 0 0 6]
 [2 0 0 0 8 0 0 7 0]
 [0 0 0 0 0 8 6 0 9]
 [8 0 0 0 7 0 0 2 0]
 [0 0 3 4 0 0 0 0 7]]
Solution:
[[0 5 0 8 0 2 6 4 9]
 [2 8 6 9 3 0 7 5 1]
 [4 0 1 7 0 6 8 3 2]
 [5 4 7 2 9 3 1 6 8]
 [8 2 9 0 5 4 0 7 3]
 [0 0 3 6 1 7 2 9 5]
 [7 1 4 5 8 9 3 2 6]
 [3 0 5 1 6 0 9 8 7]
 [6 9 8 3 7 0 4 1 0]]
Number of cells unfilled: 14
Accuracy: 82.71604938271605
Sample: 70012
Question:
[[0 0 3 0 0 0 0 1 0]
 [0 8 0 0 3 0 4 0 0]
 [9 0 0 7 0 0 0 0 8]
 [0 0 5 9 0 0 1 0 0]
 [0 9 0 0 4 0 0 7 0]
 [2 0 7 0 0 6 0 0 0]
 [0 7 0 0 9 0 0 4 0]
 [0 0 9 0 0 0 5 0 1]
 [6 0 0 0 0 2 7 0 0]]
Solution:
[[9 5 0 8 0 2 6 4 0]
 [2 8 6 4 3 0 7 5 1]
 [4 0 1 7 9 6 8 3 2]
 [5 4 7 2 0 3 1 6 8]
 [8 2 9 0 5 4 0 7 3]
 [0 0 3 6 1 8 2 9 5]
 [7 1 4 5 8 9 3 2 6]
 [3 0 5 1 6 0 9 8 7]
 [6 9 8 3 2 7 4 1 0]]
Number of cells unfilled: 13
Accuracy: 83.9506172839506
Sample: 70013
Question:
[[0 0 5 6 0 0 9 8 0]
 [0 0 0 0 5 0 2 0 0]
 [8 0 0 0 0 7 0 0 1]
 [0 0 3 0 0 0 0 5 0]
 [7 8 0 0 0 5 0 0 3]
 [0 0 1 9 0 8 0 0 0]
 [6 0 9 0 7 0 0 0 0]
 [0 1 0 0 0 9 0 0 0]
 [5 3 0 0 8 0 0 1 0]]
Solution:
[[9 5 0 8 0 2 6 4 0]
 [2 7 6 9 3 0 0 5 1]
 [4 3 1 7 0 6 8 9 2]
 [5 0 7 2 9 3 1 6 8]
 [8 2 9 0 5 4 0 7 3]
 [0 4 3 6 1 8 2 0 5]
 [7 1 4 5 8 9 3 2 6]
 [3 0 5 1 6 0 9 8 7]
 [6 9 8 3 2 7 4 1 0]]
Number of cells unfilled: 14
Accuracy: 82.71604938271605
Sample: 70014
Question:
[[0 8 0 0 5 0 7 0 0]
 [0 0 0 0 0 3 0 2 0]
 [3 7 0 0 0 4 8 0 0]
 [7 0 0 0 0 0 0 0 1]
 [4 1 5 8 0 0 3 0 0]
 [0 0 3 5 0 0 6 0 0]
 [9 5 0 0 0 0 1 0 0]
 [1 4 0 0 0 7 0 0 0]
 [0 0 0 4 0 0 0 6 0]]
Solution:
[[0 5 0 8 0 2 6 4 9]
 [2 8 6 4 3 0 7 5 1]
 [4 0 1 7 9 6 8 3 2]
 [5 4 7 9 2 3 1 6 8]
 [8 2 9 0 5 4 0 7 3]
 [0 0 3 6 1 8 2 9 5]
 [7 1 4 5 8 9 3 2 6]
 [3 0 5 1 6 0 9 8 7]
 [6 9 8 3 7 0 4 1 0]]
Number of cells unfilled: 13
Accuracy: 83.9506172839506
Sample: 70015
Question:
[[0 0 1 0 0 2 0 0 7]
 [8 0 0 7 0 0 3 0 0]
 [0 7 0 0 4 0 6 0 0]
 [0 0 5 0 2 0 0 9 0]
 [1 0 0 0 0 0 0 0 3]
 [9 0 0 0 0 8 0 6 0]
 [0 9 0 0 1 5 0 0 0]
 [0 0 4 2 0 0 0 0 5]
 [0 0 0 0 0 4 0 3 0]]
Solution:
[[0 5 0 8 0 2 6 4 9]
 [2 8 6 4 3 0 7 5 1]
 [4 0 1 7 9 6 8 3 2]
 [5 4 7 2 0 3 1 6 8]
 [8 2 9 0 5 4 0 7 3]
 [0 0 3 6 1 8 2 9 5]
 [7 1 4 5 8 9 3 2 6]
 [3 0 5 1 6 0 9 8 7]
 [6 9 8 3 2 7 4 1 0]]
Number of cells unfilled: 13
Accuracy: 83.9506172839506
Sample: 70016
Question:
[[2 0 0 0 0 0 0 0 7]
 [0 0 6 0 2 0 0 1 0]
 [0 5 0 3 0 0 0 0 4]
 [3 0 0 0 0 0 8 0 0]
 [0 0 2 0 0 9 4 0 0]
 [0 6 0 0 3 0 0 5 0]
 [0 2 1 0 9 8 0 0 0]
 [0 9 0 7 0 0 0 0 0]
 [6 0 0 0 1 0 0 9 0]]
Solution:
[[0 5 0 8 0 2 6 4 9]
 [2 8 6 4 3 0 7 5 1]
 [4 0 1 7 9 6 8 3 2]
 [5 0 7 2 0 3 1 6 4]
 [8 2 9 0 5 4 0 7 3]
 [0 4 3 6 1 8 2 9 5]
 [7 1 4 5 8 9 3 2 6]
 [3 0 5 1 6 0 9 8 7]
 [6 9 8 3 7 0 4 1 0]]
Number of cells unfilled: 14
Accuracy: 82.71604938271605
Sample: 70017
Question:
[[0 0 0 0 0 8 0 2 0]
 [5 0 0 0 7 0 0 0 8]
 [0 0 0 5 0 0 4 0 0]
 [0 3 0 0 6 0 0 4 0]
 [0 0 9 3 0 0 0 8 0]
 [6 0 0 0 0 7 0 0 1]
 [8 0 0 7 0 0 0 0 3]
 [0 9 0 0 0 1 0 5 0]
 [0 2 0 0 3 0 0 0 0]]
Solution:
[[0 5 0 8 0 2 6 4 9]
 [2 8 6 4 3 0 7 5 1]
 [4 0 1 7 9 6 8 3 2]
 [5 4 7 9 2 3 1 6 8]
 [8 2 9 0 5 4 0 7 3]
 [0 0 3 6 1 8 2 9 5]
 [7 1 4 5 8 9 3 2 6]
 [3 0 5 1 6 0 9 8 7]
 [6 9 8 3 7 0 4 1 0]]
Number of cells unfilled: 13
Accuracy: 83.9506172839506
Sample: 70018
Question:
[[4 0 0 0 9 0 0 7 0]
 [0 0 0 0 0 0 0 0 1]
 [0 0 5 1 0 7 6 0 0]
 [0 0 0 0 0 2 0 0 0]
 [7 0 4 0 8 0 0 5 0]
 [0 6 2 0 0 0 0 0 7]
 [0 0 9 0 3 0 7 0 0]
 [0 4 0 8 0 0 0 3 0]
 [3 0 0 0 0 4 0 0 5]]
Solution:
[[0 5 0 8 0 2 6 4 9]
 [2 8 6 4 3 0 7 5 1]
 [4 0 1 7 9 6 8 3 2]
 [5 4 7 9 2 3 1 6 8]
 [8 2 9 0 5 4 0 7 3]
 [0 0 3 6 1 7 2 9 5]
 [7 1 4 5 8 9 3 2 6]
 [3 0 5 1 6 0 9 8 7]
 [6 9 8 3 7 0 4 1 0]]
Number of cells unfilled: 13
Accuracy: 83.9506172839506
Sample: 70019
Question:
[[0 0 0 9 8 4 0 7 0]
 [8 0 2 0 5 0 0 0 0]
 [7 0 0 0 0 0 0 0 9]
 [0 0 0 8 0 0 0 5 0]
 [0 0 0 0 9 0 0 1 4]
 [6 1 0 3 0 0 0 0 0]
 [0 0 9 0 0 0 2 0 7]
 [0 0 0 0 0 0 0 3 0]
 [0 0 8 0 3 1 0 0 0]]
Solution:
[[0 5 0 8 0 2 6 4 9]
 [2 8 6 4 3 0 7 5 1]
 [4 0 1 7 9 6 8 3 2]
 [5 0 7 9 0 8 1 6 4]
 [8 2 9 0 5 4 0 7 3]
 [0 4 3 6 1 0 2 9 5]
 [7 1 4 5 8 9 3 2 6]
 [3 0 5 1 6 0 9 8 7]
 [6 9 8 3 2 7 4 1 0]]
Number of cells unfilled: 14
Accuracy: 82.71604938271605
Sample: 70020
Question:
[[0 0 0 0 0 0 5 6 0]
 [0 0 6 0 0 3 0 1 0]
 [0 0 3 0 4 0 8 0 0]
 [0 8 0 0 0 4 0 0 6]
 [0 0 0 8 3 0 0 2 1]
 [9 0 2 0 0 0 3 0 0]
 [0 6 8 0 5 0 0 0 0]
 [0 0 0 0 0 0 7 5 0]
 [2 0 0 7 0 0 0 0 0]]
Solution:
[[0 5 0 8 0 2 6 4 9]
 [2 8 6 4 3 0 7 5 1]
 [4 0 1 7 9 6 8 3 2]
 [5 0 7 9 0 8 1 6 4]
 [8 2 9 0 5 4 0 7 3]
 [0 4 3 6 1 0 2 9 5]
 [7 1 4 5 8 9 3 2 6]
 [3 0 5 1 6 0 9 8 7]
 [6 9 8 3 2 7 4 1 0]]
Number of cells unfilled: 14
Accuracy: 82.71604938271605
Sample: 70021
Question:
[[0 0 9 3 6 0 0 0 8]
 [0 0 0 0 0 0 0 0 0]
 [4 3 0 0 0 9 0 0 5]
 [0 0 0 5 7 0 0 6 3]
 [0 0 0 0 3 0 4 0 0]
 [1 0 0 4 0 0 0 0 0]
 [3 0 0 0 5 0 0 0 0]
 [7 0 0 8 0 0 1 0 2]
 [0 9 4 0 0 0 0 5 6]]
Solution:
[[0 5 0 8 0 2 6 4 9]
 [2 8 6 4 3 0 7 5 1]
 [4 0 1 7 9 6 8 3 2]
 [5 4 7 9 0 3 1 6 8]
 [8 2 9 0 5 4 0 7 3]
 [0 0 3 6 1 8 2 9 5]
 [7 1 4 5 8 9 3 2 6]
 [3 0 5 1 6 0 9 8 7]
 [6 9 8 3 2 7 4 1 0]]
Number of cells unfilled: 13
Accuracy: 83.9506172839506
Sample: 70022
Question:
[[0 0 1 8 0 0 5 0 0]
 [0 4 0 0 0 0 0 9 0]
 [7 0 0 0 0 4 0 0 2]
 [0 6 5 0 3 0 0 8 0]
 [0 0 7 0 0 0 0 0 5]
 [2 0 0 0 0 5 4 0 0]
 [0 3 0 0 6 0 0 0 0]
 [0 0 0 9 0 0 0 0 8]
 [0 0 4 0 0 2 1 0 0]]
Solution:
[[9 5 0 8 0 2 6 4 0]
 [2 8 6 4 3 0 7 5 1]
 [4 0 1 7 9 6 8 3 2]
 [5 0 7 9 0 3 1 6 4]
 [8 2 9 0 5 4 0 7 3]
 [0 4 3 6 1 8 2 9 5]
 [7 1 4 5 8 9 3 2 6]
 [3 0 5 1 6 0 9 8 7]
 [6 9 8 3 2 7 4 1 0]]
Number of cells unfilled: 13
Accuracy: 83.9506172839506
Sample: 70023
Question:
[[0 0 0 9 0 0 1 0 0]
 [0 3 0 0 5 0 0 0 7]
 [0 0 1 0 0 2 0 8 0]
 [0 0 4 0 0 8 7 0 0]
 [0 0 0 0 9 0 0 2 8]
 [0 0 0 6 0 0 0 0 0]
 [5 0 0 0 0 0 0 0 0]
 [0 6 0 0 3 0 4 0 0]
 [0 0 2 0 0 7 0 0 1]]
Solution:
[[0 5 0 8 0 2 6 4 9]
 [2 8 6 4 3 0 7 5 1]
 [4 0 1 7 9 6 8 3 2]
 [5 0 7 2 0 8 1 6 4]
 [8 2 9 0 5 4 0 7 3]
 [0 4 3 6 1 0 2 9 5]
 [7 1 4 5 8 9 3 2 6]
 [3 0 5 1 6 0 9 8 7]
 [6 9 8 3 2 7 4 1 0]]
Number of cells unfilled: 14
Accuracy: 82.71604938271605
Sample: 70024
Question:
[[0 0 0 1 0 0 0 7 0]
 [4 0 0 0 6 0 0 0 2]
 [0 0 8 0 0 3 4 0 0]
 [0 0 0 0 0 8 0 0 9]
 [0 9 0 0 0 5 0 6 7]
 [3 0 0 0 7 0 2 0 0]
 [6 0 0 0 9 0 0 2 0]
 [0 1 0 0 0 6 0 0 3]
 [0 0 0 5 0 0 0 0 0]]
Solution:
[[9 5 0 8 0 2 6 4 0]
 [2 8 6 4 3 0 7 5 1]
 [4 0 1 7 9 6 8 3 2]
 [5 0 7 2 0 8 1 6 4]
 [8 2 9 0 5 4 0 7 3]
 [0 4 3 6 1 0 2 9 5]
 [7 1 4 5 8 9 3 2 6]
 [3 0 5 1 6 0 9 8 7]
 [6 9 8 3 2 7 4 1 0]]
Number of cells unfilled: 14
Accuracy: 82.71604938271605
Sample: 70025
Question:
[[0 0 7 9 0 0 1 0 0]
 [8 0 0 0 6 0 0 0 9]
 [0 9 0 0 0 0 0 0 3]
 [0 7 0 8 0 0 0 0 0]
 [0 0 1 0 0 4 0 0 0]
 [9 8 0 0 1 0 4 0 0]
 [0 0 0 1 0 5 9 0 0]
 [0 0 0 4 0 0 8 0 0]
 [5 1 0 0 8 9 0 2 0]]
Solution:
[[0 5 0 8 9 2 6 4 0]
 [2 8 6 4 3 0 7 5 1]
 [4 3 1 7 0 6 8 9 2]
 [5 0 7 2 0 3 1 6 8]
 [8 2 9 0 5 4 0 7 3]
 [0 4 3 6 1 8 2 0 5]
 [7 1 4 5 8 9 3 2 6]
 [3 0 5 1 6 0 9 8 7]
 [6 9 8 3 2 7 4 1 0]]
Number of cells unfilled: 14
Accuracy: 82.71604938271605
Sample: 70026
Question:
[[1 0 0 0 0 4 0 0 0]
 [0 0 4 7 0 0 0 0 0]
 [0 5 7 0 3 0 4 9 0]
 [0 9 0 1 0 0 7 5 0]
 [0 0 1 0 0 0 0 0 9]
 [5 0 0 0 0 0 0 2 0]
 [0 0 0 0 0 8 0 7 0]
 [7 0 0 9 0 0 0 0 2]
 [0 6 9 0 0 7 5 0 0]]
Solution:
[[9 5 0 8 0 2 6 4 0]
 [2 8 6 9 3 0 7 5 1]
 [4 3 1 7 0 6 8 9 2]
 [5 4 7 2 9 3 1 6 8]
 [8 2 9 0 5 4 0 7 3]
 [0 0 3 6 1 7 2 0 5]
 [7 1 4 5 8 9 3 2 6]
 [3 0 5 1 6 0 9 8 7]
 [6 9 8 3 7 0 4 1 0]]
Number of cells unfilled: 14
Accuracy: 82.71604938271605
Sample: 70027
Question:
[[3 0 0 0 1 9 7 0 0]
 [0 0 0 7 0 0 0 0 3]
 [0 0 0 0 0 2 0 9 0]
 [0 0 4 0 0 0 0 3 0]
 [0 6 0 0 4 7 9 0 1]
 [1 0 0 0 0 0 0 7 4]
 [0 0 1 0 9 0 8 0 0]
 [0 0 5 0 0 1 0 0 0]
 [7 0 0 2 0 0 0 1 0]]
Solution:
[[9 5 0 8 0 2 6 4 0]
 [2 8 6 9 3 0 7 5 1]
 [4 3 1 7 0 6 8 9 2]
 [5 0 7 2 0 3 1 6 9]
 [8 2 9 0 5 4 0 7 3]
 [0 4 3 6 1 8 2 0 5]
 [7 1 4 5 8 9 3 2 6]
 [3 0 5 1 6 0 9 8 7]
 [6 9 8 3 2 7 4 1 0]]
Number of cells unfilled: 14
Accuracy: 82.71604938271605
Sample: 70028
Question:
[[4 0 0 0 0 0 0 1 0]
 [0 0 9 0 0 0 0 0 3]
 [0 3 0 9 0 0 7 4 0]
 [0 4 7 0 0 8 2 3 0]
 [0 0 2 7 0 0 0 0 0]
 [9 0 0 0 2 3 0 0 0]
 [0 0 0 0 6 0 0 7 0]
 [0 5 0 0 7 0 4 0 0]
 [7 0 0 3 0 0 0 0 1]]
Solution:
[[0 5 0 8 0 2 6 4 9]
 [2 8 6 4 3 0 7 5 1]
 [4 0 1 7 9 6 8 3 2]
 [5 0 7 9 2 8 1 6 4]
 [8 2 9 0 5 4 0 7 3]
 [0 4 3 6 1 7 2 9 5]
 [7 1 4 5 8 9 3 2 6]
 [3 0 5 1 6 0 9 8 7]
 [6 9 8 3 7 0 4 1 0]]
Number of cells unfilled: 13
Accuracy: 83.9506172839506
Sample: 70029
Question:
[[9 0 0 0 2 0 0 0 8]
 [0 0 2 1 0 9 4 0 0]
 [0 1 0 0 4 6 0 0 0]
 [0 9 0 0 0 0 7 0 0]
 [2 0 7 0 0 0 0 4 0]
 [4 0 0 0 6 0 0 0 2]
 [0 0 0 9 5 0 0 0 0]
 [1 0 0 0 0 4 9 0 0]
 [0 0 0 6 0 0 0 3 4]]
Solution:
[[0 5 0 8 0 2 6 4 9]
 [2 8 6 4 3 0 7 5 1]
 [4 0 1 7 9 6 8 3 2]
 [5 0 7 2 0 8 1 6 4]
 [8 2 9 0 5 4 0 7 3]
 [0 4 3 6 1 0 2 9 5]
 [7 1 4 5 8 9 3 2 6]
 [3 0 5 1 6 0 9 8 7]
 [6 9 8 3 2 7 4 1 0]]
Number of cells unfilled: 14
Accuracy: 82.71604938271605
Sample: 70030
Question:
[[0 0 0 0 0 7 0 0 4]
 [0 7 1 0 0 0 0 6 5]
 [5 0 3 6 0 0 2 0 7]
 [0 0 0 5 0 0 0 0 8]
 [0 0 0 0 0 2 0 4 0]
 [0 9 0 0 3 0 6 0 0]
 [0 0 0 0 0 0 0 0 6]
 [0 5 0 9 4 0 7 2 0]
 [0 6 2 0 0 0 0 1 0]]
Solution:
[[9 5 0 8 0 2 6 4 0]
 [2 8 6 9 3 0 7 5 1]
 [4 3 1 7 0 6 8 9 2]
 [5 0 7 2 0 3 1 6 9]
 [8 2 9 0 5 4 0 7 3]
 [0 4 3 6 1 8 2 0 5]
 [7 1 4 5 8 9 3 2 6]
 [3 0 5 1 6 0 9 8 7]
 [6 9 8 3 2 7 4 1 0]]
Number of cells unfilled: 14
Accuracy: 82.71604938271605
Sample: 70031
Question:
[[0 0 0 0 8 0 0 0 0]
 [0 0 0 0 3 2 0 0 7]
 [3 0 0 6 0 0 5 0 0]
 [8 7 0 0 0 0 3 0 6]
 [0 0 1 3 0 0 0 0 4]
 [0 2 0 0 6 0 0 0 5]
 [1 6 0 9 0 0 0 0 0]
 [0 9 0 4 0 0 0 0 0]
 [0 0 0 0 7 0 1 0 2]]
Solution:
[[0 5 0 8 0 2 6 4 9]
 [2 8 6 4 3 0 7 5 1]
 [4 0 1 7 9 6 8 3 2]
 [5 0 7 9 0 8 1 6 4]
 [8 2 9 0 5 4 0 7 3]
 [0 4 3 6 1 0 2 9 5]
 [7 1 4 5 8 9 3 2 6]
 [3 0 5 1 6 0 9 8 7]
 [6 9 8 3 2 7 4 1 0]]
Number of cells unfilled: 14
Accuracy: 82.71604938271605
Sample: 70032
Question:
[[4 0 0 0 0 0 0 0 0]
 [0 0 0 8 0 0 3 0 7]
 [6 5 0 2 0 0 0 0 0]
 [0 0 0 0 4 0 0 5 0]
 [8 0 1 0 0 0 0 0 0]
 [0 0 0 0 0 3 0 0 0]
 [0 0 0 0 5 0 6 0 0]
 [0 0 0 0 0 0 4 0 0]
 [0 0 7 1 0 0 0 0 0]]
Solution:
[[0 5 0 8 0 2 6 4 9]
 [2 8 6 4 3 0 7 5 1]
 [4 0 1 7 9 6 8 3 2]
 [5 4 7 9 2 3 1 6 8]
 [8 2 9 0 5 4 0 7 3]
 [0 0 3 6 1 8 2 9 5]
 [7 1 4 5 8 9 3 2 6]
 [3 0 5 1 6 0 9 8 7]
 [6 9 8 3 7 0 4 1 0]]
Number of cells unfilled: 13
Accuracy: 83.9506172839506
Sample: 70033
Question:
[[0 0 0 1 0 0 0 0 7]
 [0 0 0 0 0 0 0 3 2]
 [0 0 3 0 0 2 4 0 0]
 [0 6 0 0 9 0 0 0 0]
 [0 0 8 0 0 5 0 7 0]
 [5 0 0 4 0 0 8 0 0]
 [9 0 0 0 5 0 0 0 0]
 [0 0 2 0 0 4 0 0 8]
 [0 1 0 6 0 0 0 4 0]]
Solution:
[[9 5 0 8 0 2 6 4 0]
 [2 8 6 9 3 0 7 5 1]
 [4 0 1 7 0 6 8 3 9]
 [5 0 7 0 9 3 1 6 2]
 [8 2 9 0 5 4 0 7 3]
 [0 4 3 6 1 8 0 9 5]
 [7 1 4 5 8 9 3 2 6]
 [3 0 5 1 6 0 9 8 7]
 [6 9 8 3 7 0 4 1 0]]
Number of cells unfilled: 16
Accuracy: 80.24691358024691
Sample: 70034
Question:
[[0 0 0 0 9 8 5 0 0]
 [8 9 0 4 0 0 0 0 3]
 [0 0 6 0 0 0 0 0 0]
 [3 6 0 0 0 9 0 0 7]
 [0 0 0 0 3 0 0 6 0]
 [0 0 1 0 0 0 0 0 0]
 [0 0 0 0 0 4 0 0 0]
 [0 0 8 9 0 7 2 0 0]
 [7 4 0 0 8 0 0 0 9]]
Solution:
[[9 5 0 8 0 2 6 4 0]
 [2 8 6 4 3 0 7 5 1]
 [4 0 1 7 9 6 8 3 2]
 [5 0 7 9 0 3 1 6 8]
 [8 2 9 0 5 4 0 7 3]
 [0 4 3 6 1 8 2 9 5]
 [7 1 4 5 8 9 3 2 6]
 [3 0 5 1 6 0 9 8 7]
 [6 9 8 3 2 7 4 1 0]]
Number of cells unfilled: 13
Accuracy: 83.9506172839506
Sample: 70035
Question:
[[0 0 0 0 0 8 0 0 7]
 [2 0 0 0 7 0 0 0 0]
 [0 5 0 3 0 0 0 4 0]
 [0 3 0 4 0 0 7 0 0]
 [0 0 0 0 6 7 0 3 9]
 [1 0 0 8 3 0 0 5 4]
 [0 0 2 0 8 0 0 0 0]
 [0 0 1 0 0 6 0 0 0]
 [0 9 0 7 0 0 0 0 5]]
Solution:
[[0 5 0 8 0 2 6 4 9]
 [2 8 6 4 3 0 7 5 1]
 [4 0 1 7 9 6 8 3 2]
 [5 0 7 2 0 3 1 6 4]
 [8 2 9 0 5 4 0 7 3]
 [0 4 3 6 1 8 2 9 5]
 [7 1 4 5 8 9 3 2 6]
 [3 0 5 1 6 0 9 8 7]
 [6 9 8 3 2 7 4 1 0]]
Number of cells unfilled: 13
Accuracy: 83.9506172839506
Sample: 70036
Question:
[[3 0 6 0 0 0 2 0 0]
 [0 1 0 6 0 0 0 0 9]
 [8 0 0 0 0 0 0 4 0]
 [0 6 0 0 0 7 0 0 5]
 [5 0 0 9 0 0 0 2 0]
 [0 0 3 0 0 0 9 0 0]
 [0 0 8 7 0 6 0 0 0]
 [0 5 0 0 9 0 0 0 7]
 [0 3 0 1 0 5 4 0 0]]
Solution:
[[9 5 0 8 0 2 6 4 0]
 [2 8 6 9 3 0 7 5 1]
 [4 3 1 7 0 6 8 9 2]
 [5 0 7 2 9 3 1 6 8]
 [8 2 9 0 5 4 0 7 3]
 [0 4 3 6 1 7 2 0 5]
 [7 1 4 5 8 9 3 2 6]
 [3 0 5 1 6 0 9 8 7]
 [6 9 8 3 7 0 4 1 0]]
Number of cells unfilled: 14
Accuracy: 82.71604938271605
Sample: 70037
Question:
[[8 0 6 3 0 1 0 0 0]
 [0 0 0 0 6 5 0 0 0]
 [3 0 5 0 0 8 0 0 0]
 [0 0 7 0 0 2 6 3 0]
 [5 0 4 0 0 0 9 0 2]
 [6 0 0 0 0 0 0 0 5]
 [0 0 0 0 4 0 0 0 0]
 [7 0 1 0 8 0 0 0 6]
 [0 8 0 0 0 0 0 1 0]]
Solution:
[[0 5 0 8 0 2 6 4 9]
 [2 8 6 4 3 0 7 5 1]
 [4 0 1 7 9 6 8 3 2]
 [5 0 7 9 2 3 1 6 4]
 [8 2 9 0 5 4 0 7 3]
 [0 4 3 6 1 8 2 9 5]
 [7 1 4 5 8 9 3 2 6]
 [3 0 5 1 6 0 9 8 7]
 [6 9 8 3 7 0 4 1 0]]
Number of cells unfilled: 13
Accuracy: 83.9506172839506
Sample: 70038
Question:
[[0 6 0 0 7 0 0 9 0]
 [0 0 0 1 0 0 5 0 0]
 [0 0 0 0 0 2 0 0 3]
 [8 0 0 3 0 0 0 0 0]
 [0 0 6 0 4 0 0 8 0]
 [4 7 0 0 0 5 0 0 0]
 [0 0 5 0 0 0 9 0 2]
 [0 4 0 0 9 0 1 0 0]
 [6 0 0 0 0 0 0 4 0]]
Solution:
[[0 5 0 8 0 2 6 4 9]
 [2 8 6 4 3 0 7 5 1]
 [4 0 1 7 9 6 8 3 2]
 [5 0 7 2 0 3 1 6 4]
 [8 2 9 0 5 4 0 7 3]
 [0 4 3 6 1 8 2 9 5]
 [7 1 4 5 8 9 3 2 6]
 [3 0 5 1 6 0 9 8 7]
 [6 9 8 3 7 0 4 1 0]]
Number of cells unfilled: 14
Accuracy: 82.71604938271605
Sample: 70039
Question:
[[1 0 0 0 6 9 0 0 0]
 [4 0 0 0 2 3 0 0 0]
 [0 0 9 7 0 0 0 2 0]
 [0 0 7 0 3 0 0 6 0]
 [8 0 0 0 0 7 0 0 0]
 [0 5 0 0 0 0 4 0 0]
 [0 0 3 0 0 6 0 9 0]
 [0 0 0 0 7 0 8 0 0]
 [0 1 0 0 0 0 0 0 5]]
Solution:
[[0 5 0 8 0 2 6 4 9]
 [2 8 6 4 3 0 7 5 1]
 [4 0 1 7 9 6 8 3 2]
 [5 0 7 2 0 8 1 6 4]
 [8 2 9 0 5 4 0 7 3]
 [0 4 3 6 1 7 2 9 5]
 [7 1 4 5 8 9 3 2 6]
 [3 0 5 1 6 0 9 8 7]
 [6 9 8 3 7 0 4 1 0]]
Number of cells unfilled: 14
Accuracy: 82.71604938271605
Sample: 70040
Question:
[[0 0 0 7 0 0 1 0 0]
 [0 0 1 0 6 0 0 0 4]
 [9 7 0 0 0 0 0 6 0]
 [0 0 9 6 0 0 0 4 0]
 [3 0 0 0 0 0 0 0 1]
 [0 8 0 0 0 3 0 0 0]
 [0 0 3 4 0 0 0 1 0]
 [0 0 7 1 0 0 0 9 0]
 [0 0 0 0 2 0 0 0 5]]
Solution:
[[0 5 0 8 0 2 6 4 9]
 [2 8 6 4 3 0 7 5 1]
 [4 0 1 7 9 6 8 3 2]
 [5 0 7 2 0 8 1 6 4]
 [8 2 9 0 5 4 0 7 3]
 [0 4 3 6 1 0 2 9 5]
 [7 1 4 5 8 9 3 2 6]
 [3 0 5 1 6 0 9 8 7]
 [6 9 8 3 2 7 4 1 0]]
Number of cells unfilled: 14
Accuracy: 82.71604938271605
Sample: 70041
Question:
[[0 1 0 6 0 0 0 0 0]
 [0 0 4 0 0 3 0 8 0]
 [0 0 9 0 0 4 0 7 0]
 [0 0 2 0 0 0 9 0 7]
 [4 0 0 0 0 7 0 0 0]
 [0 3 0 2 0 0 0 4 0]
 [0 0 0 0 0 0 8 0 0]
 [0 0 0 3 8 0 0 0 5]
 [0 0 3 0 0 2 0 9 0]]
Solution:
[[9 5 0 8 0 2 7 4 0]
 [2 7 6 9 3 0 0 5 1]
 [4 3 1 7 0 6 8 9 2]
 [5 4 7 2 9 3 1 6 8]
 [8 2 9 0 5 4 0 7 3]
 [0 0 3 6 1 8 2 0 5]
 [7 1 4 5 8 9 3 2 6]
 [3 0 5 1 6 0 9 8 7]
 [6 9 8 3 7 0 4 1 0]]
Number of cells unfilled: 15
Accuracy: 81.48148148148148
Sample: 70042
Question:
[[0 0 0 4 0 0 8 5 0]
 [0 0 3 0 9 0 6 0 4]
 [0 0 0 0 0 0 0 0 3]
 [0 2 0 0 0 6 0 0 0]
 [0 0 0 1 8 0 4 0 9]
 [1 3 0 5 0 0 0 0 0]
 [0 0 0 7 0 0 0 0 8]
 [2 9 0 0 0 0 0 6 0]
 [5 7 0 0 0 0 0 0 0]]
Solution:
[[0 5 0 8 0 2 6 4 9]
 [2 8 6 4 3 0 7 5 1]
 [4 0 1 7 9 6 8 3 2]
 [5 4 7 9 2 3 1 6 8]
 [8 2 9 0 5 4 0 7 3]
 [0 0 3 6 1 7 2 9 5]
 [7 1 4 5 8 9 3 2 6]
 [3 0 5 1 6 0 9 8 7]
 [6 9 8 3 7 0 4 1 0]]
Number of cells unfilled: 13
Accuracy: 83.9506172839506
Sample: 70043
Question:
[[0 0 0 0 0 8 0 2 4]
 [0 7 0 0 0 0 0 0 0]
 [0 0 8 0 9 0 5 7 0]
 [0 0 7 0 6 2 0 1 0]
 [5 0 0 0 0 4 0 0 0]
 [8 0 4 5 1 0 0 0 0]
 [0 0 2 6 0 0 7 0 3]
 [0 0 0 0 0 0 0 8 0]
 [9 0 0 2 0 0 0 5 1]]
Solution:
[[0 5 0 8 0 2 6 4 9]
 [2 8 6 4 3 0 7 5 1]
 [4 0 1 7 9 6 8 3 2]
 [5 4 7 2 0 3 1 6 8]
 [8 2 9 0 5 4 0 7 3]
 [0 0 3 6 1 8 2 9 5]
 [7 1 4 5 8 9 3 2 6]
 [3 0 5 1 6 0 9 8 7]
 [6 9 8 3 2 7 4 1 0]]
Number of cells unfilled: 13
Accuracy: 83.9506172839506
Sample: 70044
Question:
[[0 7 0 0 0 9 0 8 6]
 [0 0 8 0 0 0 0 0 5]
 [9 0 0 1 4 0 0 0 0]
 [0 0 1 0 0 0 2 0 0]
 [2 8 0 0 0 0 5 9 4]
 [0 0 0 0 0 0 0 0 0]
 [0 9 0 0 0 6 0 0 1]
 [0 2 0 0 0 0 4 0 7]
 [0 6 4 0 5 0 0 0 0]]
Solution:
[[9 5 0 8 0 2 6 4 0]
 [2 8 6 4 3 0 7 5 1]
 [4 3 1 7 0 6 8 9 2]
 [5 4 7 9 2 3 1 6 8]
 [8 2 9 0 5 4 0 7 3]
 [0 0 3 6 1 8 2 0 5]
 [7 1 4 5 8 9 3 2 6]
 [3 0 5 1 6 0 9 8 7]
 [6 9 8 3 7 0 4 1 0]]
Number of cells unfilled: 14
Accuracy: 82.71604938271605
Sample: 70045
Question:
[[0 0 0 8 7 9 0 5 0]
 [4 0 0 6 0 3 0 1 0]
 [6 7 8 0 0 4 0 0 2]
 [1 0 4 0 0 0 9 0 0]
 [0 3 0 2 0 0 0 0 0]
 [0 2 7 1 0 5 0 0 6]
 [3 0 0 0 0 0 7 0 0]
 [5 0 1 0 0 7 0 4 0]
 [0 6 0 0 5 2 0 8 3]]
Solution:
[[9 5 0 8 0 2 6 4 0]
 [2 8 6 9 3 0 7 5 1]
 [4 0 1 7 0 6 8 3 9]
 [5 0 7 2 9 3 1 6 8]
 [8 2 9 0 5 4 0 7 3]
 [0 4 3 6 1 8 2 9 5]
 [7 1 4 5 8 9 3 2 6]
 [3 0 5 1 6 0 9 8 7]
 [6 9 8 3 2 7 4 1 0]]
Number of cells unfilled: 13
Accuracy: 83.9506172839506
Sample: 70046
Question:
[[0 0 0 0 0 0 0 0 3]
 [0 0 0 5 0 1 0 9 0]
 [0 5 0 8 0 0 1 0 0]
 [3 0 0 0 0 0 0 0 9]
 [0 1 0 0 0 4 6 0 0]
 [7 0 0 0 0 0 0 2 0]
 [2 0 0 6 0 8 0 0 0]
 [0 6 0 0 1 0 8 0 0]
 [0 0 7 4 0 5 0 0 0]]
Solution:
[[0 5 0 8 0 2 6 4 9]
 [2 8 6 4 3 0 7 5 1]
 [4 0 1 7 9 6 8 3 2]
 [5 4 7 9 2 3 1 6 8]
 [8 2 9 0 5 4 0 7 3]
 [0 0 3 6 1 8 2 9 5]
 [7 1 4 5 8 9 3 2 6]
 [3 0 5 1 6 0 9 8 7]
 [6 9 8 3 7 0 4 1 0]]
Number of cells unfilled: 13
Accuracy: 83.9506172839506
Sample: 70047
Question:
[[0 1 0 0 5 2 0 0 0]
 [0 0 0 0 0 4 0 5 0]
 [0 0 0 9 6 0 0 0 2]
 [0 0 3 0 0 0 6 0 0]
 [0 5 0 0 7 0 0 0 9]
 [8 0 0 0 0 0 0 4 0]
 [0 7 0 2 0 0 0 0 1]
 [0 0 4 0 0 0 0 8 0]
 [6 0 0 0 0 0 3 0 0]]
Solution:
[[0 5 0 8 0 2 6 4 9]
 [2 8 6 4 3 0 7 5 1]
 [4 0 1 7 9 6 8 3 2]
 [5 0 7 9 2 8 1 6 4]
 [8 2 9 0 5 4 0 7 3]
 [0 4 3 6 1 7 2 9 5]
 [7 1 4 5 8 9 3 2 6]
 [3 0 5 1 6 0 9 8 7]
 [6 9 8 3 7 0 4 1 0]]
Number of cells unfilled: 13
Accuracy: 83.9506172839506
Sample: 70048
Question:
[[0 5 1 0 0 7 0 0 9]
 [8 0 0 0 0 3 0 0 4]
 [0 0 4 0 9 0 8 0 0]
 [0 1 0 0 2 6 3 0 0]
 [0 0 0 0 0 0 0 6 0]
 [0 4 0 0 0 0 0 0 0]
 [0 0 9 0 0 0 1 0 0]
 [5 0 0 0 3 0 0 9 0]
 [0 6 3 5 0 0 4 2 0]]
Solution:
[[0 5 0 8 0 2 6 4 9]
 [2 8 6 4 3 0 7 5 1]
 [4 0 1 7 9 6 8 3 2]
 [5 0 7 9 2 8 1 6 4]
 [8 2 9 0 5 4 0 7 3]
 [0 4 3 6 1 7 2 9 5]
 [7 1 4 5 8 9 3 2 6]
 [3 0 5 1 6 0 9 8 7]
 [6 9 8 3 7 0 4 1 0]]
Number of cells unfilled: 13
Accuracy: 83.9506172839506
Sample: 70049
Question:
[[0 0 0 0 0 5 0 0 4]
 [0 0 0 9 0 0 0 3 0]
 [8 0 0 0 7 0 9 0 0]
 [0 8 0 0 2 0 1 0 0]
 [6 0 2 0 0 0 0 9 0]
 [7 0 1 0 0 0 0 0 0]
 [0 0 0 0 0 4 0 0 9]
 [0 6 0 3 0 0 0 1 5]
 [0 0 8 0 1 0 7 0 0]]
Solution:
[[0 5 0 8 0 2 6 4 9]
 [2 8 6 4 3 0 7 5 1]
 [4 0 1 7 9 6 8 3 2]
 [5 0 7 2 0 8 1 6 4]
 [8 2 9 0 5 4 0 7 3]
 [0 4 3 6 1 0 2 9 5]
 [7 1 4 5 8 9 3 2 6]
 [3 0 5 1 6 0 9 8 7]
 [6 9 8 3 2 7 4 1 0]]
Number of cells unfilled: 14
Accuracy: 82.71604938271605
Sample: 70050
Question:
[[3 0 0 5 0 0 0 2 6]
 [0 0 0 0 9 0 1 0 8]
 [6 1 9 0 0 3 5 0 0]
 [8 7 0 3 0 0 0 0 1]
 [2 9 5 4 0 1 0 8 0]
 [0 0 0 0 2 6 0 0 0]
 [5 0 8 0 0 2 4 0 7]
 [0 0 1 7 0 0 0 0 5]
 [0 0 7 9 6 0 0 0 0]]
Solution:
[[0 5 0 8 0 2 6 4 9]
 [2 8 6 4 3 0 7 5 1]
 [4 0 1 7 9 6 8 3 2]
 [5 0 7 2 0 8 1 6 4]
 [8 2 9 0 5 4 0 7 3]
 [0 4 3 6 1 7 2 9 5]
 [7 1 4 5 8 9 3 2 6]
 [3 0 5 1 6 0 9 8 7]
 [6 9 8 3 7 0 4 1 0]]
Number of cells unfilled: 14
Accuracy: 82.71604938271605
Sample: 70051
Question:
[[0 0 0 0 0 0 0 4 0]
 [0 0 1 0 7 5 2 0 0]
 [2 0 0 8 0 0 0 0 0]
 [0 1 0 0 5 7 6 0 0]
 [7 0 5 0 0 0 0 0 9]
 [6 0 0 1 0 0 0 0 0]
 [1 0 0 0 6 2 5 0 0]
 [0 0 6 7 0 8 0 0 0]
 [0 2 0 0 1 0 0 0 3]]
Solution:
[[0 5 0 8 0 2 6 4 9]
 [2 8 6 4 3 0 7 5 1]
 [4 0 1 7 9 6 8 3 2]
 [5 4 7 9 2 3 1 6 8]
 [8 2 9 0 5 4 0 7 3]
 [0 0 3 6 1 8 2 9 5]
 [7 1 4 5 8 9 3 2 6]
 [3 0 5 1 6 0 9 8 7]
 [6 9 8 3 7 0 4 1 0]]
Number of cells unfilled: 13
Accuracy: 83.9506172839506
Sample: 70052
Question:
[[0 0 0 0 7 0 0 0 8]
 [0 8 0 1 0 0 5 0 3]
 [1 0 0 0 0 0 0 2 0]
 [5 3 0 0 0 6 0 0 0]
 [0 0 8 4 0 0 3 0 5]
 [4 0 0 0 0 0 0 8 0]
 [0 4 0 0 0 0 0 5 2]
 [8 0 0 3 0 0 4 0 1]
 [0 0 1 0 0 9 0 0 0]]
Solution:
[[9 5 0 8 0 2 6 4 0]
 [2 8 6 4 3 0 7 5 1]
 [4 0 1 7 9 6 8 3 2]
 [5 0 7 2 0 3 1 6 4]
 [8 2 9 0 5 4 0 7 3]
 [0 4 3 6 1 8 2 9 5]
 [7 1 4 5 8 9 3 2 6]
 [3 0 5 1 6 0 9 8 7]
 [6 9 8 3 2 7 4 1 0]]
Number of cells unfilled: 13
Accuracy: 83.9506172839506
Sample: 70053
Question:
[[0 0 5 6 7 0 0 9 0]
 [0 0 0 0 0 5 0 0 4]
 [9 0 7 3 0 4 0 0 5]
 [0 0 6 0 0 3 0 4 0]
 [3 0 0 0 0 0 6 5 0]
 [0 9 0 0 0 0 0 0 3]
 [0 6 0 2 0 0 0 0 0]
 [0 1 0 0 0 0 0 8 0]
 [4 0 0 0 0 9 0 0 6]]
Solution:
[[0 5 0 8 0 2 6 4 9]
 [2 8 6 9 3 0 7 5 1]
 [4 0 1 7 0 6 8 3 2]
 [5 0 7 2 9 3 1 6 4]
 [8 2 9 0 5 4 0 7 3]
 [0 4 3 6 1 8 2 9 5]
 [7 1 4 5 8 9 3 2 6]
 [3 0 5 1 6 0 9 8 7]
 [6 9 8 3 7 0 4 1 0]]
Number of cells unfilled: 14
Accuracy: 82.71604938271605
Sample: 70054
Question:
[[0 0 6 0 0 0 0 3 0]
 [3 0 0 0 0 0 8 0 9]
 [0 8 0 0 3 0 0 0 7]
 [7 0 0 0 6 0 0 8 0]
 [0 0 1 0 0 0 0 0 2]
 [0 0 0 4 0 0 0 0 0]
 [0 9 0 0 0 5 3 0 0]
 [6 5 0 0 7 0 0 9 0]
 [8 0 3 6 9 0 0 7 0]]
Solution:
[[9 5 0 8 0 2 6 4 0]
 [2 8 6 4 3 0 7 5 1]
 [4 3 1 7 0 6 8 9 2]
 [5 4 7 2 9 3 1 6 8]
 [8 2 9 0 5 4 0 7 3]
 [0 0 3 6 1 8 2 0 5]
 [7 1 4 5 8 9 3 2 6]
 [3 0 5 1 6 0 9 8 7]
 [6 9 8 3 7 0 4 1 0]]
Number of cells unfilled: 14
Accuracy: 82.71604938271605
Sample: 70055
Question:
[[0 0 7 0 3 0 0 5 0]
 [0 5 0 0 9 7 0 0 0]
 [8 0 0 5 0 0 0 0 0]
 [0 0 0 0 0 0 0 0 1]
 [2 0 0 0 6 0 0 0 0]
 [0 3 0 7 0 0 0 8 0]
 [0 0 9 0 0 5 4 0 7]
 [0 7 0 3 0 0 0 9 0]
 [0 8 4 9 0 0 0 3 5]]
Solution:
[[0 5 0 8 9 2 6 4 0]
 [2 8 6 4 3 0 7 5 1]
 [4 3 1 7 0 6 8 9 2]
 [5 4 7 2 0 3 1 6 9]
 [8 2 9 0 5 4 0 7 3]
 [0 0 3 6 1 8 2 0 5]
 [7 1 4 5 8 9 3 2 6]
 [3 0 5 1 6 0 9 8 7]
 [6 9 8 3 7 0 4 1 0]]
Number of cells unfilled: 15
Accuracy: 81.48148148148148
Sample: 70056
Question:
[[0 4 0 0 2 6 5 7 0]
 [0 5 0 3 7 0 4 0 0]
 [6 0 0 5 0 0 0 0 3]
 [0 0 1 0 0 9 0 0 0]
 [0 0 0 0 0 0 0 8 0]
 [0 2 0 0 4 0 7 0 0]
 [0 0 5 0 6 0 0 0 0]
 [0 6 0 0 0 7 0 0 2]
 [0 0 4 2 0 0 6 0 0]]
Solution:
[[9 5 0 8 0 2 6 4 0]
 [2 8 6 9 3 0 7 5 1]
 [4 3 1 7 0 6 8 9 2]
 [5 0 7 2 9 8 1 6 4]
 [8 2 9 0 5 4 0 7 3]
 [0 4 3 6 1 0 2 0 5]
 [7 1 4 5 8 9 3 2 6]
 [3 0 5 1 6 0 9 8 7]
 [6 9 8 3 2 7 4 1 0]]
Number of cells unfilled: 14
Accuracy: 82.71604938271605
Sample: 70057
Question:
[[0 5 0 0 0 0 1 0 0]
 [0 0 0 0 0 2 0 0 0]
 [0 0 8 0 9 0 0 0 6]
 [8 3 0 0 0 0 0 0 4]
 [0 0 4 0 0 0 9 0 0]
 [9 6 0 0 4 0 0 8 0]
 [0 0 0 7 0 0 0 3 0]
 [0 0 3 0 6 0 0 7 9]
 [0 0 6 0 3 9 4 0 8]]
Solution:
[[0 5 0 8 0 2 6 4 9]
 [2 8 6 4 3 0 7 5 1]
 [4 0 1 7 9 6 8 3 2]
 [5 0 7 2 0 3 1 6 4]
 [8 2 9 0 5 4 0 7 3]
 [0 4 3 6 1 8 2 9 5]
 [7 1 4 5 8 9 3 2 6]
 [3 0 5 1 6 0 9 8 7]
 [6 9 8 3 2 7 4 1 0]]
Number of cells unfilled: 13
Accuracy: 83.9506172839506
Sample: 70058
Question:
[[0 9 3 6 7 0 2 0 8]
 [0 6 0 0 0 2 0 9 0]
 [0 0 7 8 0 0 0 0 6]
 [0 7 0 0 8 0 0 0 2]
 [0 0 2 0 6 7 0 0 0]
 [3 0 0 2 0 0 0 0 0]
 [0 0 8 7 0 0 0 0 3]
 [0 0 0 0 0 0 4 0 0]
 [5 0 0 0 1 0 0 0 0]]
Solution:
[[0 5 0 8 0 2 6 4 9]
 [2 8 6 4 3 0 7 5 1]
 [4 0 1 7 9 6 8 3 2]
 [5 0 7 2 0 3 1 6 4]
 [8 2 9 0 5 4 0 7 3]
 [0 4 3 6 1 8 2 9 5]
 [7 1 4 5 8 9 3 2 6]
 [3 0 5 1 6 0 9 8 7]
 [6 9 8 3 7 0 4 1 0]]
Number of cells unfilled: 14
Accuracy: 82.71604938271605
Sample: 70059
Question:
[[8 0 0 0 0 1 9 0 0]
 [0 0 0 0 9 4 0 0 8]
 [0 0 0 8 0 0 0 5 0]
 [5 0 0 9 0 0 0 0 1]
 [0 0 0 0 0 2 0 6 0]
 [0 3 0 0 0 0 0 9 0]
 [0 9 7 0 8 0 4 0 0]
 [1 8 0 4 0 0 7 0 5]
 [4 0 0 1 0 0 0 0 0]]
Solution:
[[0 5 0 8 0 2 6 4 9]
 [2 8 6 4 3 0 7 5 1]
 [4 0 1 7 9 6 8 3 2]
 [5 0 7 2 0 3 1 6 4]
 [8 2 9 0 5 4 0 7 3]
 [0 4 3 6 1 8 2 9 5]
 [7 1 4 5 8 9 3 2 6]
 [3 0 5 1 6 0 9 8 7]
 [6 9 8 3 2 7 4 1 0]]
Number of cells unfilled: 13
Accuracy: 83.9506172839506
Sample: 70060
Question:
[[0 0 0 0 5 0 0 0 0]
 [9 0 3 2 0 0 0 0 0]
 [8 0 0 3 6 1 0 0 0]
 [3 2 0 0 0 0 0 0 4]
 [0 0 4 7 0 3 8 0 1]
 [0 0 1 0 0 0 0 0 0]
 [0 0 0 0 0 0 9 0 0]
 [0 0 9 0 0 8 7 0 0]
 [2 6 0 1 0 5 3 0 0]]
Solution:
[[0 5 0 8 0 2 6 4 9]
 [2 8 6 4 3 0 7 5 1]
 [4 0 1 7 9 6 8 3 2]
 [5 0 7 9 2 3 1 6 4]
 [8 2 9 0 5 4 0 7 3]
 [0 4 3 6 1 8 2 9 5]
 [7 1 4 5 8 9 3 2 6]
 [3 0 5 1 6 0 9 8 7]
 [6 9 8 3 7 0 4 1 0]]
Number of cells unfilled: 13
Accuracy: 83.9506172839506
Sample: 70061
Question:
[[0 9 0 5 0 1 0 3 0]
 [0 0 7 3 0 0 1 0 0]
 [2 0 0 0 4 0 0 0 7]
 [0 0 0 0 5 4 7 0 0]
 [8 0 0 0 0 0 9 6 0]
 [3 5 0 0 6 9 4 1 0]
 [0 0 1 0 0 0 0 5 0]
 [0 4 5 0 0 6 0 8 9]
 [0 0 8 4 2 0 6 0 0]]
Solution:
[[0 5 0 8 0 2 6 4 9]
 [2 8 6 4 3 0 7 5 1]
 [4 0 1 7 9 6 8 3 2]
 [5 4 7 2 0 3 1 6 8]
 [8 2 9 0 5 4 0 7 3]
 [0 0 3 6 1 8 2 9 5]
 [7 1 4 5 8 9 3 2 6]
 [3 0 5 1 6 0 9 8 7]
 [6 9 8 3 2 7 4 1 0]]
Number of cells unfilled: 13
Accuracy: 83.9506172839506
Sample: 70062
Question:
[[4 0 0 0 0 0 0 2 0]
 [0 0 5 0 8 0 0 0 3]
 [0 1 0 0 0 0 9 0 0]
 [0 0 0 5 0 0 0 0 6]
 [0 0 0 0 6 9 0 0 0]
 [0 6 3 8 7 0 0 0 0]
 [0 0 7 3 0 0 0 0 8]
 [0 9 0 0 0 0 0 1 0]
 [2 0 0 0 0 0 4 0 0]]
Solution:
[[9 5 0 8 0 2 6 4 0]
 [2 7 6 9 3 0 0 5 1]
 [4 3 1 7 0 6 8 9 2]
 [5 0 7 2 9 8 1 6 4]
 [8 2 9 0 5 4 0 7 3]
 [0 4 3 6 1 0 2 0 5]
 [7 1 4 5 8 9 3 2 6]
 [3 0 5 1 6 0 9 8 7]
 [6 9 8 3 2 7 4 1 0]]
Number of cells unfilled: 15
Accuracy: 81.48148148148148
Sample: 70063
Question:
[[2 8 0 0 0 4 0 0 1]
 [0 0 0 0 0 2 0 4 0]
 [5 6 0 0 1 0 2 0 0]
 [4 0 0 0 0 7 0 0 6]
 [0 0 0 4 0 5 0 0 0]
 [0 1 0 0 6 0 0 3 0]
 [0 0 0 9 0 0 0 2 3]
 [0 0 0 7 0 0 0 0 5]
 [3 0 8 0 4 0 9 0 0]]
Solution:
[[9 5 0 8 0 2 6 4 0]
 [2 8 6 9 3 0 7 5 1]
 [4 3 1 7 0 6 8 9 2]
 [5 4 7 2 9 3 1 6 8]
 [8 2 9 0 5 4 0 7 3]
 [0 0 3 6 1 8 2 0 5]
 [7 1 4 5 8 9 3 2 6]
 [3 0 5 1 6 0 9 8 7]
 [6 9 8 3 7 0 4 1 0]]
Number of cells unfilled: 14
Accuracy: 82.71604938271605
Sample: 70064
Question:
[[0 0 8 0 9 0 0 7 0]
 [0 0 0 0 0 8 0 2 0]
 [0 9 0 3 0 0 8 0 0]
 [0 0 9 0 7 0 3 0 0]
 [4 0 0 0 0 0 0 5 0]
 [0 1 0 6 0 0 0 0 2]
 [6 0 0 4 0 0 0 0 0]
 [0 0 7 0 3 0 2 0 0]
 [0 5 0 0 0 1 0 0 0]]
Solution:
[[0 5 0 8 0 2 6 4 9]
 [2 8 6 4 3 0 7 5 1]
 [4 0 1 7 9 6 8 3 2]
 [5 4 7 9 0 3 1 6 8]
 [8 2 9 0 5 4 0 7 3]
 [0 0 3 6 1 8 2 9 5]
 [7 1 4 5 8 9 3 2 6]
 [3 0 5 1 6 0 9 8 7]
 [6 9 8 3 2 7 4 1 0]]
Number of cells unfilled: 13
Accuracy: 83.9506172839506
Sample: 70065
Question:
[[7 5 0 0 9 0 0 8 0]
 [0 0 0 6 0 0 0 0 5]
 [6 0 0 0 7 0 0 9 0]
 [3 0 0 0 8 0 0 2 0]
 [0 0 6 0 0 0 1 0 0]
 [0 0 2 0 0 4 0 0 0]
 [8 0 0 3 0 7 0 0 2]
 [0 0 0 8 0 9 0 3 0]
 [0 0 0 0 2 0 0 0 0]]
Solution:
[[0 5 0 8 0 2 6 4 9]
 [2 8 6 4 3 0 7 5 1]
 [4 0 1 7 9 6 8 3 2]
 [5 0 7 9 0 3 1 6 4]
 [8 2 9 0 5 4 0 7 3]
 [0 4 3 6 1 8 2 9 5]
 [7 1 4 5 8 9 3 2 6]
 [3 0 5 1 6 0 9 8 7]
 [6 9 8 3 2 7 4 1 0]]
Number of cells unfilled: 13
Accuracy: 83.9506172839506
Sample: 70066
Question:
[[0 0 1 0 8 0 0 0 4]
 [5 0 0 0 0 9 0 1 0]
 [0 9 0 0 0 0 2 5 0]
 [0 0 6 8 0 4 0 7 0]
 [0 0 0 1 0 7 0 0 6]
 [0 0 0 0 6 0 0 0 0]
 [0 0 4 0 7 0 0 0 1]
 [0 1 0 0 0 0 3 0 0]
 [3 2 0 0 0 0 0 0 0]]
Solution:
[[9 5 0 8 0 2 6 4 0]
 [2 8 6 9 3 0 7 5 1]
 [4 3 1 7 0 6 8 9 2]
 [5 4 7 2 0 8 1 6 9]
 [8 2 9 0 5 4 0 7 3]
 [0 0 3 6 1 7 2 0 5]
 [7 1 4 5 8 9 3 2 6]
 [3 0 5 1 6 0 9 8 7]
 [6 9 8 3 7 0 4 1 0]]
Number of cells unfilled: 15
Accuracy: 81.48148148148148
Sample: 70067
Question:
[[0 0 0 0 1 0 5 0 3]
 [1 0 0 0 0 0 0 0 6]
 [0 0 0 6 0 7 0 1 0]
 [0 4 0 0 0 0 0 0 5]
 [0 0 9 8 0 0 0 0 0]
 [6 0 0 0 4 0 0 3 0]
 [9 8 0 0 0 2 3 0 0]
 [5 0 2 0 0 0 0 0 9]
 [0 0 4 0 6 0 0 5 0]]
Solution:
[[0 5 0 8 0 2 6 4 9]
 [2 8 6 4 3 0 7 5 1]
 [4 0 1 7 9 6 8 3 2]
 [5 0 7 2 0 3 1 6 4]
 [8 2 9 0 5 4 0 7 3]
 [0 4 3 6 1 8 2 9 5]
 [7 1 4 5 8 9 3 2 6]
 [3 0 5 1 6 0 9 8 7]
 [6 9 8 3 7 0 4 1 0]]
Number of cells unfilled: 14
Accuracy: 82.71604938271605
Sample: 70068
Question:
[[0 0 3 0 0 6 9 0 0]
 [0 9 0 0 0 7 0 2 8]
 [5 0 0 4 0 0 0 0 0]
 [9 0 0 0 0 4 5 0 0]
 [0 4 0 7 0 0 0 0 0]
 [0 0 0 0 0 0 8 0 0]
 [0 0 0 0 4 9 1 5 0]
 [3 0 0 0 0 5 6 4 0]
 [1 0 0 0 0 0 0 0 0]]
Solution:
[[9 5 0 8 0 2 6 4 0]
 [2 7 6 9 3 0 0 5 1]
 [4 3 1 7 0 6 8 9 2]
 [5 4 7 2 9 3 1 6 8]
 [8 2 9 0 5 4 0 7 3]
 [0 0 3 6 1 8 2 0 5]
 [7 1 4 5 8 9 3 2 6]
 [3 0 5 1 6 0 9 8 7]
 [6 9 8 3 2 7 4 1 0]]
Number of cells unfilled: 14
Accuracy: 82.71604938271605
Sample: 70069
Question:
[[2 0 3 0 1 0 0 0 6]
 [0 0 0 6 0 0 0 0 8]
 [0 9 0 0 0 5 0 1 4]
 [0 0 5 1 9 6 0 0 0]
 [6 0 0 8 0 0 0 0 0]
 [0 2 0 3 0 0 0 0 0]
 [5 0 0 0 0 0 9 0 0]
 [0 0 2 0 0 0 8 0 0]
 [0 0 0 4 3 9 5 0 0]]
Solution:
[[9 5 0 8 0 2 6 4 0]
 [2 8 6 9 3 0 7 5 1]
 [4 0 1 7 0 6 8 3 2]
 [5 0 7 2 9 8 1 6 4]
 [8 2 9 0 5 4 0 7 3]
 [0 4 3 6 1 0 2 9 5]
 [7 1 4 5 8 9 3 2 6]
 [3 0 5 1 6 0 9 8 7]
 [6 9 8 3 2 7 4 1 0]]
Number of cells unfilled: 14
Accuracy: 82.71604938271605
Sample: 70070
Question:
[[0 4 0 0 0 0 7 5 0]
 [0 3 5 0 0 4 0 0 2]
 [6 0 1 0 0 0 0 0 3]
 [0 0 0 0 0 5 3 4 0]
 [0 9 0 0 1 0 0 0 0]
 [0 0 0 0 6 9 0 7 0]
 [1 0 0 0 2 0 0 0 7]
 [9 0 0 0 0 0 5 0 0]
 [0 7 0 0 0 0 8 0 4]]
Solution:
[[0 5 0 8 0 2 6 4 9]
 [2 8 6 4 3 0 7 5 1]
 [4 0 1 7 9 6 8 3 2]
 [5 0 7 2 0 8 1 6 4]
 [8 2 9 0 5 4 0 7 3]
 [0 4 3 6 1 7 2 9 5]
 [7 1 4 5 8 9 3 2 6]
 [3 0 5 1 6 0 9 8 7]
 [6 9 8 3 7 0 4 1 0]]
Number of cells unfilled: 14
Accuracy: 82.71604938271605
Sample: 70071
Question:
[[0 0 0 0 5 0 0 0 0]
 [0 0 3 0 0 0 1 0 0]
 [0 9 0 0 0 0 0 0 0]
 [0 0 0 0 1 0 6 0 4]
 [1 4 0 0 8 6 0 7 5]
 [0 0 0 5 7 0 0 0 0]
 [0 6 7 0 3 0 2 0 0]
 [0 0 9 0 0 7 0 0 1]
 [4 0 0 0 6 5 8 0 0]]
Solution:
[[9 5 0 8 0 2 7 4 0]
 [2 7 6 9 3 0 0 5 1]
 [4 3 1 7 0 6 8 9 2]
 [5 0 7 2 9 3 1 6 8]
 [8 2 9 0 5 4 0 7 3]
 [0 4 3 6 1 8 2 0 5]
 [7 1 4 5 8 9 3 2 6]
 [3 0 5 1 6 0 9 8 7]
 [6 9 8 3 7 0 4 1 0]]
Number of cells unfilled: 15
Accuracy: 81.48148148148148
Sample: 70072
Question:
[[1 0 0 0 0 9 0 0 0]
 [0 0 9 0 3 0 2 0 0]
 [8 3 0 0 0 0 0 0 9]
 [0 0 1 0 0 2 0 0 8]
 [0 0 0 7 0 0 0 0 0]
 [7 0 0 0 4 0 6 0 0]
 [0 5 0 0 6 0 0 0 0]
 [0 0 3 0 0 1 5 0 2]
 [0 0 0 5 0 0 0 4 0]]
Solution:
[[0 5 0 8 0 2 6 4 9]
 [2 8 6 4 3 0 7 5 1]
 [4 0 1 7 9 6 8 3 2]
 [5 0 7 9 2 3 1 6 4]
 [8 2 9 0 5 4 0 7 3]
 [0 4 3 6 1 7 2 9 5]
 [7 1 4 5 8 9 3 2 6]
 [3 0 5 1 6 0 9 8 7]
 [6 9 8 3 7 0 4 1 0]]
Number of cells unfilled: 13
Accuracy: 83.9506172839506
Sample: 70073
Question:
[[0 0 8 0 0 0 2 4 0]
 [0 0 2 0 0 7 0 1 0]
 [1 0 0 2 0 0 0 0 9]
 [0 0 6 0 0 3 0 9 0]
 [2 0 0 5 0 0 1 0 0]
 [0 0 0 0 7 0 0 0 5]
 [9 0 0 4 0 0 0 5 0]
 [0 0 3 7 0 0 0 0 0]
 [0 6 0 0 0 8 0 0 0]]
Solution:
[[9 5 0 8 0 2 7 4 0]
 [2 7 6 9 3 0 0 5 1]
 [4 0 1 7 0 6 8 3 9]
 [5 0 7 2 9 3 1 6 8]
 [8 2 9 0 5 4 0 7 3]
 [0 4 3 6 1 8 2 9 5]
 [7 1 4 5 8 9 3 2 6]
 [3 0 5 1 6 0 9 8 7]
 [6 9 8 3 7 0 4 1 0]]
Number of cells unfilled: 15
Accuracy: 81.48148148148148
Sample: 70074
Question:
[[5 0 4 1 0 9 0 2 0]
 [0 9 0 8 6 0 0 5 4]
 [0 0 0 0 0 0 0 6 0]
 [1 0 0 0 0 0 0 0 0]
 [6 0 0 9 0 0 0 0 0]
 [0 8 0 6 0 7 4 0 0]
 [8 0 3 4 0 0 0 7 0]
 [0 0 0 2 0 1 8 3 0]
 [0 0 0 0 0 0 6 0 2]]
Solution:
[[0 5 0 8 0 2 6 4 9]
 [2 8 6 4 3 0 7 5 1]
 [4 0 1 7 9 6 8 3 2]
 [5 0 7 9 2 8 1 6 4]
 [8 2 9 0 5 4 0 7 3]
 [0 4 3 6 1 7 2 9 5]
 [7 1 4 5 8 9 3 2 6]
 [3 0 5 1 6 0 9 8 7]
 [6 9 8 3 7 0 4 1 0]]
Number of cells unfilled: 13
Accuracy: 83.9506172839506
Sample: 70075
Question:
[[0 0 8 0 0 5 0 7 0]
 [0 1 0 0 4 0 0 0 0]
 [2 0 0 8 0 0 0 0 0]
 [0 4 0 0 1 0 0 0 0]
 [0 0 3 0 0 2 0 5 0]
 [8 0 0 5 0 0 0 0 6]
 [0 8 0 0 0 0 0 0 7]
 [7 0 0 9 0 0 2 6 0]
 [0 0 6 0 0 3 9 0 0]]
Solution:
[[9 5 0 8 0 2 6 4 0]
 [2 8 6 9 3 0 7 5 1]
 [4 0 1 7 0 6 8 3 9]
 [5 0 7 2 9 3 1 6 4]
 [8 2 9 0 5 4 0 7 3]
 [0 4 3 6 1 8 2 9 5]
 [7 1 4 5 8 9 3 2 6]
 [3 0 5 1 6 0 9 8 7]
 [6 9 8 3 2 7 4 1 0]]
Number of cells unfilled: 13
Accuracy: 83.9506172839506
Sample: 70076
Question:
[[0 0 0 0 7 0 3 0 0]
 [0 8 0 1 0 3 0 0 4]
 [0 0 2 8 0 0 0 1 0]
 [0 0 0 7 0 0 0 4 0]
 [4 0 0 0 9 0 0 5 8]
 [0 5 0 0 0 8 1 0 0]
 [6 0 0 0 0 0 0 0 0]
 [0 1 0 5 0 4 0 3 0]
 [0 0 0 0 0 0 4 0 0]]
Solution:
[[0 5 0 8 0 2 6 4 9]
 [2 8 6 4 3 0 7 5 1]
 [4 0 1 7 9 6 8 3 2]
 [5 0 7 9 0 8 1 6 4]
 [8 2 9 0 5 4 0 7 3]
 [0 4 3 6 1 0 2 9 5]
 [7 1 4 5 8 9 3 2 6]
 [3 0 5 1 6 0 9 8 7]
 [6 9 8 3 2 7 4 1 0]]
Number of cells unfilled: 14
Accuracy: 82.71604938271605
Sample: 70077
Question:
[[0 5 0 0 0 0 0 7 0]
 [0 0 7 0 0 9 3 8 0]
 [0 0 0 0 3 0 0 0 2]
 [9 0 0 4 0 7 0 0 1]
 [0 0 0 9 0 0 0 2 0]
 [0 0 4 0 8 0 7 0 0]
 [6 0 0 0 0 0 0 0 0]
 [0 0 0 0 9 8 0 0 0]
 [0 0 8 3 0 0 9 4 0]]
Solution:
[[0 5 0 8 0 2 6 4 9]
 [2 8 6 4 3 0 7 5 1]
 [4 0 1 7 9 6 8 3 2]
 [5 4 7 2 0 3 1 6 8]
 [8 2 9 0 5 4 0 7 3]
 [0 0 3 6 1 8 2 9 5]
 [7 1 4 5 8 9 3 2 6]
 [3 0 5 1 6 0 9 8 7]
 [6 9 8 3 2 7 4 1 0]]
Number of cells unfilled: 13
Accuracy: 83.9506172839506
Sample: 70078
Question:
[[5 0 0 0 6 0 4 9 0]
 [0 0 0 0 0 8 0 0 6]
 [3 0 0 4 0 0 0 1 0]
 [0 0 0 9 0 0 0 0 1]
 [1 0 0 0 3 5 9 0 0]
 [0 0 0 0 0 4 0 3 0]
 [0 2 0 0 0 3 0 0 0]
 [9 0 0 5 0 0 0 4 0]
 [0 3 0 0 0 0 7 0 0]]
Solution:
[[9 5 0 8 0 2 6 4 0]
 [2 8 6 9 3 0 7 5 1]
 [4 3 1 7 0 6 8 9 2]
 [5 0 7 2 9 3 1 6 4]
 [8 2 9 0 5 4 0 7 3]
 [0 4 3 6 1 8 2 0 5]
 [7 1 4 5 8 9 3 2 6]
 [3 0 5 1 6 0 9 8 7]
 [6 9 8 3 7 0 4 1 0]]
Number of cells unfilled: 14
Accuracy: 82.71604938271605
Sample: 70079
Question:
[[0 0 3 1 0 0 0 0 0]
 [0 8 0 0 6 0 0 1 0]
 [0 0 0 0 0 0 7 0 0]
 [0 0 0 0 0 4 0 0 0]
 [8 1 0 0 9 0 0 2 0]
 [0 6 0 0 8 1 0 5 0]
 [0 0 8 0 0 0 0 9 0]
 [0 2 0 0 0 9 6 0 5]
 [0 0 0 0 5 0 2 0 0]]
Solution:
[[0 5 0 8 0 2 6 4 9]
 [2 8 6 4 3 0 7 5 1]
 [4 0 1 7 9 6 8 3 2]
 [5 0 7 2 0 3 1 6 4]
 [8 2 9 0 5 4 0 7 3]
 [0 4 3 6 1 8 2 9 5]
 [7 1 4 5 8 9 3 2 6]
 [3 0 5 1 6 0 9 8 7]
 [6 9 8 3 2 7 4 1 0]]
Number of cells unfilled: 13
Accuracy: 83.9506172839506
Sample: 70080
Question:
[[0 1 0 0 2 0 3 5 0]
 [0 0 0 0 0 3 0 1 0]
 [9 0 0 0 0 0 0 0 2]
 [7 0 0 4 0 0 0 0 0]
 [0 0 0 0 0 0 0 6 0]
 [0 9 0 0 0 5 0 0 4]
 [3 0 0 0 8 0 0 0 0]
 [0 5 0 0 4 9 0 2 3]
 [0 4 0 0 0 2 0 0 1]]
Solution:
[[0 5 0 8 0 2 6 4 9]
 [2 8 6 4 3 0 7 5 1]
 [4 0 1 7 9 6 8 3 2]
 [5 4 7 9 2 3 1 6 8]
 [8 2 9 0 5 4 0 7 3]
 [0 0 3 6 1 7 2 9 5]
 [7 1 4 5 8 9 3 2 6]
 [3 0 5 1 6 0 9 8 7]
 [6 9 8 3 7 0 4 1 0]]
Number of cells unfilled: 13
Accuracy: 83.9506172839506
Sample: 70081
Question:
[[0 5 0 9 0 0 0 4 0]
 [0 7 4 6 0 5 0 8 0]
 [0 0 1 0 0 0 0 0 0]
 [0 8 0 4 0 0 0 7 0]
 [4 0 0 0 0 0 0 0 2]
 [0 0 7 0 0 3 0 0 0]
 [0 0 0 5 0 0 0 0 7]
 [0 6 0 0 0 9 0 0 0]
 [0 0 5 0 6 8 0 9 0]]
Solution:
[[0 5 0 8 0 2 6 4 9]
 [2 8 6 4 3 0 7 5 1]
 [4 0 1 7 9 6 8 3 2]
 [5 0 7 2 0 8 1 6 4]
 [8 2 9 0 5 4 0 7 3]
 [0 4 3 6 1 0 2 9 5]
 [7 1 4 5 8 9 3 2 6]
 [3 0 5 1 6 0 9 8 7]
 [6 9 8 3 2 7 4 1 0]]
Number of cells unfilled: 14
Accuracy: 82.71604938271605
Sample: 70082
Question:
[[8 0 6 0 5 0 7 0 0]
 [9 2 0 0 0 0 0 6 0]
 [0 0 0 9 0 0 0 0 0]
 [5 0 9 0 8 0 0 1 0]
 [0 0 0 0 0 0 0 0 0]
 [0 7 0 3 0 0 0 0 8]
 [0 0 0 6 0 0 0 7 0]
 [7 0 1 0 9 0 0 0 6]
 [0 0 0 0 0 4 1 5 0]]
Solution:
[[0 5 0 8 0 2 6 4 9]
 [2 8 6 4 3 0 7 5 1]
 [4 0 1 7 9 6 8 3 2]
 [5 0 7 9 2 8 1 6 4]
 [8 2 9 0 5 4 0 7 3]
 [0 4 3 6 1 7 2 9 5]
 [7 1 4 5 8 9 3 2 6]
 [3 0 5 1 6 0 9 8 7]
 [6 9 8 3 7 0 4 1 0]]
Number of cells unfilled: 13
Accuracy: 83.9506172839506
Sample: 70083
Question:
[[0 0 2 0 0 4 0 0 0]
 [0 4 9 0 5 0 0 0 2]
 [5 0 0 0 2 0 7 0 0]
 [0 0 8 0 0 0 0 0 0]
 [4 0 0 0 7 5 0 0 9]
 [0 0 0 0 0 0 6 0 0]
 [9 0 0 0 0 2 0 1 7]
 [2 0 0 0 0 0 0 0 6]
 [0 6 0 3 1 0 0 0 0]]
Solution:
[[0 5 0 8 0 2 6 4 9]
 [2 8 6 4 3 0 7 5 1]
 [4 0 1 7 9 6 8 3 2]
 [5 4 7 9 2 3 1 6 8]
 [8 2 9 0 5 4 0 7 3]
 [0 0 3 6 1 8 2 9 5]
 [7 1 4 5 8 9 3 2 6]
 [3 0 5 1 6 0 9 8 7]
 [6 9 8 3 7 0 4 1 0]]
Number of cells unfilled: 13
Accuracy: 83.9506172839506
Sample: 70084
Question:
[[0 0 2 0 0 0 0 9 3]
 [0 6 0 0 0 9 7 0 0]
 [0 0 0 8 0 0 0 4 6]
 [1 0 0 5 0 0 0 0 0]
 [0 0 0 0 9 0 0 7 0]
 [0 4 0 0 0 6 0 0 9]
 [0 7 0 0 0 4 0 3 0]
 [0 0 5 0 1 0 0 0 0]
 [2 0 4 0 8 0 0 0 0]]
Solution:
[[0 5 0 8 0 2 6 4 9]
 [2 8 6 4 3 0 7 5 1]
 [4 0 1 7 9 6 8 3 2]
 [5 4 7 9 2 3 1 6 8]
 [8 2 9 0 5 4 0 7 3]
 [0 0 3 6 1 8 2 9 5]
 [7 1 4 5 8 9 3 2 6]
 [3 0 5 1 6 0 9 8 7]
 [6 9 8 3 7 0 4 1 0]]
Number of cells unfilled: 13
Accuracy: 83.9506172839506
Sample: 70085
Question:
[[0 0 8 0 3 0 5 0 0]
 [6 0 0 0 0 5 0 9 0]
 [0 3 0 0 0 0 0 0 1]
 [0 0 0 5 4 0 0 7 0]
 [4 0 0 9 7 0 6 0 0]
 [0 0 0 0 0 6 0 0 0]
 [9 0 0 0 0 7 0 5 0]
 [0 0 0 2 0 0 0 0 8]
 [0 2 1 0 0 0 7 0 0]]
Solution:
[[9 5 0 8 0 2 6 4 0]
 [2 8 6 9 3 0 7 5 1]
 [4 0 1 7 0 6 8 3 9]
 [5 4 7 0 9 8 1 6 2]
 [8 2 9 0 5 4 0 7 3]
 [0 0 3 6 1 7 0 9 5]
 [7 1 4 5 8 9 3 2 6]
 [3 0 5 1 6 0 9 8 7]
 [6 9 8 3 7 0 4 1 0]]
Number of cells unfilled: 16
Accuracy: 80.24691358024691
Sample: 70086
Question:
[[0 0 0 3 0 0 0 6 0]
 [0 6 2 0 5 0 9 0 0]
 [0 0 8 0 0 0 0 7 5]
 [2 0 0 4 0 0 0 9 0]
 [0 9 5 0 2 0 0 0 7]
 [6 0 0 0 0 0 2 0 0]
 [8 0 0 0 0 0 0 0 0]
 [0 0 6 0 0 1 0 0 9]
 [0 7 9 0 6 0 0 2 0]]
Solution:
[[9 5 0 8 0 2 6 4 0]
 [2 8 6 4 3 0 7 5 1]
 [4 3 1 7 0 6 8 9 2]
 [5 0 7 2 9 8 1 6 4]
 [8 2 9 0 5 4 0 7 3]
 [0 4 3 6 1 0 2 0 5]
 [7 1 4 5 8 9 3 2 6]
 [3 0 5 1 6 0 9 8 7]
 [6 9 8 3 2 7 4 1 0]]
Number of cells unfilled: 14
Accuracy: 82.71604938271605
Sample: 70087
Question:
[[6 0 0 7 0 1 3 0 0]
 [0 4 0 0 6 0 0 7 0]
 [0 0 0 0 5 0 0 0 0]
 [0 8 0 0 0 0 6 5 0]
 [1 0 0 5 0 6 0 0 7]
 [0 0 0 0 0 9 1 3 0]
 [5 0 0 3 0 7 0 6 0]
 [0 0 2 0 0 5 7 0 0]
 [0 0 0 0 9 0 0 0 0]]
Solution:
[[0 5 0 8 0 2 6 4 9]
 [2 8 6 4 3 0 7 5 1]
 [4 0 1 7 9 6 8 3 2]
 [5 4 7 9 2 3 1 6 8]
 [8 2 9 0 5 4 0 7 3]
 [0 0 3 6 1 7 2 9 5]
 [7 1 4 5 8 9 3 2 6]
 [3 0 5 1 6 0 9 8 7]
 [6 9 8 3 7 0 4 1 0]]
Number of cells unfilled: 13
Accuracy: 83.9506172839506
Sample: 70088
Question:
[[5 0 2 8 0 0 1 0 0]
 [0 0 0 0 6 0 0 0 4]
 [0 0 0 0 0 0 0 0 0]
 [0 0 0 0 0 0 0 0 6]
 [0 0 0 0 7 0 0 0 0]
 [8 0 1 5 0 0 0 0 0]
 [0 0 0 0 0 0 0 0 0]
 [0 4 6 0 9 0 0 0 0]
 [0 0 0 1 0 0 2 5 0]]
Solution:
[[9 5 0 8 0 2 6 4 0]
 [2 8 6 9 3 0 7 5 1]
 [4 3 1 7 0 6 8 9 2]
 [5 0 7 2 9 3 1 6 8]
 [8 2 9 0 5 4 0 7 3]
 [0 4 3 6 1 7 2 0 5]
 [7 1 4 5 8 9 3 2 6]
 [3 0 5 1 6 0 9 8 7]
 [6 9 8 3 7 0 4 1 0]]
Number of cells unfilled: 14
Accuracy: 82.71604938271605
Sample: 70089
Question:
[[0 0 1 0 0 5 0 0 0]
 [0 4 0 0 0 7 0 0 9]
 [2 0 0 6 0 0 7 0 0]
 [0 0 3 0 0 0 0 0 4]
 [7 0 0 5 0 0 8 0 0]
 [0 9 0 0 0 0 0 1 0]
 [0 0 0 0 8 0 0 3 0]
 [0 0 0 2 5 0 0 0 0]
 [8 0 0 0 0 6 2 0 0]]
Solution:
[[9 5 0 8 0 2 7 4 0]
 [2 7 6 9 3 0 0 5 1]
 [4 3 1 7 0 6 8 9 2]
 [5 4 7 2 0 8 1 6 9]
 [8 2 9 0 5 4 0 7 3]
 [0 0 3 6 1 7 2 0 5]
 [7 1 4 5 8 9 3 2 6]
 [3 0 5 1 6 0 9 8 7]
 [6 9 8 3 7 0 4 1 0]]
Number of cells unfilled: 16
Accuracy: 80.24691358024691
Sample: 70090
Question:
[[0 0 4 6 0 0 0 0 2]
 [0 3 0 0 0 0 0 1 0]
 [2 0 0 0 9 0 8 0 0]
 [7 0 6 0 0 5 0 0 0]
 [3 0 2 0 0 0 0 0 0]
 [0 4 0 2 0 0 0 0 7]
 [0 0 0 0 8 0 0 5 0]
 [0 0 3 7 0 0 0 0 6]
 [0 0 0 0 0 1 9 0 0]]
Solution:
[[9 5 0 8 0 2 6 4 0]
 [2 7 6 9 3 0 0 5 1]
 [4 0 1 7 0 6 8 3 9]
 [5 0 7 2 9 8 1 6 4]
 [8 2 9 0 5 4 0 7 3]
 [0 4 3 6 1 0 2 9 5]
 [7 1 4 5 8 9 3 2 6]
 [3 0 5 1 6 0 9 8 7]
 [6 9 8 3 2 7 4 1 0]]
Number of cells unfilled: 15
Accuracy: 81.48148148148148
Sample: 70091
Question:
[[0 4 0 0 1 0 0 0 0]
 [0 0 6 0 0 9 0 0 0]
 [0 0 2 0 0 0 3 5 0]
 [3 0 0 0 0 0 5 0 0]
 [2 0 0 8 4 0 0 0 7]
 [0 0 0 0 9 0 0 1 8]
 [0 3 0 0 0 8 0 6 0]
 [0 0 7 0 3 0 0 0 9]
 [9 0 0 6 0 0 7 0 0]]
Solution:
[[0 5 0 8 0 2 6 4 9]
 [2 8 6 4 3 0 7 5 1]
 [4 0 1 7 9 6 8 3 2]
 [5 0 7 2 0 3 1 6 4]
 [8 2 9 0 5 4 0 7 3]
 [0 4 3 6 1 7 2 9 5]
 [7 1 4 5 8 9 3 2 6]
 [3 0 5 1 6 0 9 8 7]
 [6 9 8 3 7 0 4 1 0]]
Number of cells unfilled: 14
Accuracy: 82.71604938271605
Sample: 70092
Question:
[[0 0 0 1 5 0 0 0 0]
 [0 8 0 3 0 0 0 0 0]
 [7 0 0 0 6 0 0 3 0]
 [0 0 9 0 1 3 2 6 0]
 [6 0 0 9 0 0 7 0 0]
 [0 0 0 5 0 0 3 0 0]
 [0 0 0 0 0 0 0 0 0]
 [0 3 7 8 4 0 0 0 6]
 [0 9 0 0 0 0 0 1 2]]
Solution:
[[0 5 0 8 0 2 6 4 9]
 [2 8 6 4 3 0 7 5 1]
 [4 0 1 7 9 6 8 3 2]
 [5 4 7 2 0 3 1 6 8]
 [8 2 9 0 5 4 0 7 3]
 [0 0 3 6 1 8 2 9 5]
 [7 1 4 5 8 9 3 2 6]
 [3 0 5 1 6 0 9 8 7]
 [6 9 8 3 2 7 4 1 0]]
Number of cells unfilled: 13
Accuracy: 83.9506172839506
Sample: 70093
Question:
[[0 0 0 0 3 0 7 0 0]
 [0 2 0 0 0 0 8 0 0]
 [0 0 9 0 0 5 0 4 6]
 [1 0 0 7 0 0 0 0 0]
 [0 0 8 0 0 6 0 1 7]
 [0 0 0 0 1 0 5 0 0]
 [0 0 4 0 0 0 6 0 0]
 [8 0 0 0 0 4 0 0 5]
 [9 5 0 0 6 0 0 8 4]]
Solution:
[[9 5 0 8 0 2 6 4 0]
 [2 8 6 9 3 0 7 5 1]
 [4 3 1 7 0 6 8 9 2]
 [5 4 7 2 9 3 1 6 8]
 [8 2 9 0 5 4 0 7 3]
 [0 0 3 6 1 8 2 0 5]
 [7 1 4 5 8 9 3 2 6]
 [3 0 5 1 6 0 9 8 7]
 [6 9 8 3 2 7 4 1 0]]
Number of cells unfilled: 13
Accuracy: 83.9506172839506
Sample: 70094
Question:
[[0 0 1 0 0 7 2 0 0]
 [0 4 0 0 0 0 0 0 0]
 [2 0 0 0 6 0 0 0 8]
 [1 0 0 0 8 0 9 0 0]
 [4 0 0 0 2 0 8 0 6]
 [0 0 6 0 0 4 0 2 0]
 [0 1 0 0 0 0 3 0 9]
 [9 0 0 0 3 0 0 8 0]
 [3 0 0 5 0 0 6 0 0]]
Solution:
[[9 5 0 8 0 2 6 4 0]
 [2 8 6 9 3 0 7 5 1]
 [4 3 1 7 0 6 8 9 2]
 [5 0 7 2 0 8 1 6 9]
 [8 2 9 0 5 4 0 7 3]
 [0 4 3 6 1 7 2 0 5]
 [7 1 4 5 8 9 3 2 6]
 [3 0 5 1 6 0 9 8 7]
 [6 9 8 3 7 0 4 1 0]]
Number of cells unfilled: 15
Accuracy: 81.48148148148148
Sample: 70095
Question:
[[0 0 5 0 8 0 0 0 7]
 [1 0 0 0 0 6 0 8 0]
 [0 7 0 0 0 0 9 6 0]
 [0 0 0 0 0 7 0 0 6]
 [3 0 0 0 0 0 4 0 0]
 [0 0 2 4 1 0 0 0 0]
 [0 5 0 0 0 8 0 0 9]
 [4 0 0 3 0 0 0 0 0]
 [0 0 1 0 2 0 0 0 0]]
Solution:
[[0 5 0 8 0 2 6 4 9]
 [2 8 6 4 3 0 7 5 1]
 [4 0 1 7 9 6 8 3 2]
 [5 0 7 2 0 3 1 6 4]
 [8 2 9 0 5 4 0 7 3]
 [0 4 3 6 1 8 2 9 5]
 [7 1 4 5 8 9 3 2 6]
 [3 0 5 1 6 0 9 8 7]
 [6 9 8 3 2 7 4 1 0]]
Number of cells unfilled: 13
Accuracy: 83.9506172839506
Sample: 70096
Question:
[[1 0 0 0 5 0 0 9 0]
 [0 0 0 0 0 2 0 8 0]
 [0 2 3 0 0 0 6 0 0]
 [0 4 0 0 1 0 9 0 0]
 [0 0 0 5 0 4 0 0 1]
 [5 0 0 7 0 0 0 0 0]
 [0 8 0 0 0 0 0 2 0]
 [0 0 6 0 0 0 3 0 0]
 [7 0 0 0 4 0 0 0 9]]
Solution:
[[0 5 0 8 0 2 6 4 9]
 [2 8 6 4 3 0 7 5 1]
 [4 0 1 7 9 6 8 3 2]
 [5 4 7 2 0 3 1 6 8]
 [8 2 9 0 5 4 0 7 3]
 [0 0 3 6 1 7 2 9 5]
 [7 1 4 5 8 9 3 2 6]
 [3 0 5 1 6 0 9 8 7]
 [6 9 8 3 7 0 4 1 0]]
Number of cells unfilled: 14
Accuracy: 82.71604938271605
Sample: 70097
Question:
[[1 0 0 7 5 0 0 0 0]
 [0 0 4 0 0 2 0 0 7]
 [0 7 0 0 0 0 3 0 0]
 [8 0 0 4 0 0 0 1 0]
 [0 0 2 0 0 5 4 0 0]
 [0 4 0 0 6 0 0 0 9]
 [0 0 6 0 3 0 0 0 4]
 [0 9 0 0 0 8 7 0 0]
 [0 0 0 5 0 0 0 9 0]]
Solution:
[[9 5 0 8 0 2 7 4 0]
 [2 7 6 9 3 0 0 5 1]
 [4 0 1 7 0 6 8 3 2]
 [5 0 7 2 9 8 1 6 4]
 [8 2 9 0 5 4 0 7 3]
 [0 4 3 6 1 7 2 9 5]
 [7 1 4 5 8 9 3 2 6]
 [3 0 5 1 6 0 9 8 7]
 [6 9 8 3 7 0 4 1 0]]
Number of cells unfilled: 15
Accuracy: 81.48148148148148
Sample: 70098
Question:
[[5 0 0 0 8 0 0 0 0]
 [0 0 7 0 0 6 5 0 8]
 [0 9 0 7 0 0 0 0 0]
 [3 0 0 1 0 0 9 5 0]
 [2 0 0 0 0 0 0 0 0]
 [0 0 0 0 5 3 0 0 1]
 [1 0 0 0 0 0 0 0 0]
 [0 8 0 0 0 0 4 3 2]
 [9 5 2 0 0 0 0 7 0]]
Solution:
[[0 5 0 8 0 2 6 4 9]
 [2 8 6 4 3 0 7 5 1]
 [4 0 1 7 9 6 8 3 2]
 [5 4 7 2 0 3 1 6 8]
 [8 2 9 0 5 4 0 7 3]
 [0 0 3 6 1 8 2 9 5]
 [7 1 4 5 8 9 3 2 6]
 [3 0 5 1 6 0 9 8 7]
 [6 9 8 3 2 7 4 1 0]]
Number of cells unfilled: 13
Accuracy: 83.9506172839506
Sample: 70099
Question:
[[0 8 0 0 9 0 7 0 0]
 [4 0 0 0 0 0 0 0 2]
 [0 0 7 0 0 2 0 5 0]
 [0 0 0 3 0 0 0 0 5]
 [0 2 0 0 0 7 0 3 0]
 [0 0 3 0 1 0 8 0 0]
 [0 9 0 0 0 6 5 0 0]
 [0 0 1 0 8 0 0 6 0]
 [6 0 0 4 0 0 0 0 9]]
Solution:
[[0 5 0 8 0 2 6 4 9]
 [2 8 6 4 3 0 7 5 1]
 [4 0 1 7 9 6 8 3 2]
 [5 0 7 9 2 3 1 6 4]
 [8 2 9 0 5 4 0 7 3]
 [0 4 3 6 1 7 2 9 5]
 [7 1 4 5 8 9 3 2 6]
 [3 0 5 1 6 0 9 8 7]
 [6 9 8 3 7 0 4 1 0]]
Number of cells unfilled: 13
Accuracy: 83.9506172839506
Sample: 70100
Question:
[[0 0 0 8 0 2 0 4 0]
 [2 0 0 0 3 0 0 5 1]
 [0 0 0 0 0 0 8 0 0]
 [5 0 0 0 0 0 1 6 0]
 [0 2 0 0 5 0 0 7 0]
 [0 0 3 6 0 0 0 0 5]
 [7 0 4 0 0 9 0 0 0]
 [3 0 0 0 6 0 0 0 7]
 [0 9 0 3 0 0 0 1 0]]
Solution:
[[0 5 0 8 0 2 6 4 9]
 [2 8 6 4 3 0 7 5 1]
 [4 0 1 7 9 6 8 3 2]
 [5 0 7 2 0 8 1 6 4]
 [8 2 9 0 5 4 0 7 3]
 [0 4 3 6 1 0 2 9 5]
 [7 1 4 5 8 9 3 2 6]
 [3 0 5 1 6 0 9 8 7]
 [6 9 8 3 2 7 4 1 0]]
Number of cells unfilled: 14
Accuracy: 82.71604938271605
