2025-10-22 15:51:19.487645: I tensorflow/core/util/port.cc:153] oneDNN custom operations are on. You may see slightly different numerical results due to floating-point round-off errors from different computation orders. To turn them off, set the environment variable `TF_ENABLE_ONEDNN_OPTS=0`.
2025-10-22 15:51:20.283479: I tensorflow/core/platform/cpu_feature_guard.cc:210] This TensorFlow binary is optimized to use available CPU instructions in performance-critical operations.
To enable the following instructions: AVX2 AVX512F AVX512_VNNI FMA, in other operations, rebuild TensorFlow with the appropriate compiler flags.
2025-10-22 15:51:24.977395: I tensorflow/core/util/port.cc:153] oneDNN custom operations are on. You may see slightly different numerical results due to floating-point round-off errors from different computation orders. To turn them off, set the environment variable `TF_ENABLE_ONEDNN_OPTS=0`.
2025-10-22 15:51:32.462762: E external/local_xla/xla/stream_executor/cuda/cuda_platform.cc:51] failed call to cuInit: INTERNAL: CUDA error: Failed call to cuInit: UNKNOWN ERROR (303)
Sample: 70901
Question:
[[0 0 0 0 0 0 0 8 0]
 [0 0 0 0 5 0 0 1 0]
 [9 0 1 8 0 0 3 0 0]
 [0 2 0 0 9 0 0 0 3]
 [6 0 3 7 0 0 0 0 0]
 [0 1 0 0 0 4 6 0 0]
 [3 0 6 9 0 0 0 0 1]
 [0 9 0 0 7 3 0 0 0]
 [0 7 2 0 0 0 9 0 0]]
Solution:
[[3 5 8 6 1 4 0 2 0]
 [4 0 6 8 5 2 9 7 3]
 [9 2 1 7 0 3 6 8 5]
 [8 1 3 4 6 0 5 0 9]
 [6 4 0 0 7 5 8 3 2]
 [5 9 7 2 8 0 4 1 6]
 [0 6 2 1 3 0 7 9 8]
 [0 7 5 9 4 8 3 6 1]
 [1 8 9 5 0 6 2 4 0]]
Number of cells unfilled: 14
Accuracy: 82.71604938271605
Sample: 70902
Question:
[[0 0 0 0 8 2 0 4 0]
 [0 0 0 0 0 0 2 0 0]
 [0 3 0 4 0 0 0 7 0]
 [3 0 0 7 0 0 4 0 0]
 [4 0 0 2 0 0 3 1 0]
 [0 2 1 0 0 0 0 5 7]
 [0 9 0 0 0 0 0 0 4]
 [0 0 7 0 0 6 0 0 5]
 [5 0 0 8 0 0 7 0 0]]
Solution:
[[3 5 8 6 9 4 1 2 0]
 [4 0 6 8 5 2 9 7 3]
 [9 2 1 7 0 3 6 8 5]
 [8 1 3 4 6 0 5 0 9]
 [6 4 0 3 7 5 8 0 2]
 [5 9 7 2 8 0 4 1 6]
 [0 6 2 1 3 0 7 9 8]
 [7 0 5 9 4 8 3 6 1]
 [1 8 9 5 0 6 2 4 0]]
Number of cells unfilled: 13
Accuracy: 83.9506172839506
Sample: 70903
Question:
[[0 1 0 0 0 3 0 0 9]
 [0 3 0 2 0 1 0 0 5]
 [5 0 2 4 0 0 0 0 0]
 [0 9 0 3 0 0 6 5 0]
 [1 0 0 9 0 0 0 0 3]
 [0 0 0 0 0 5 0 0 0]
 [0 4 0 0 0 9 0 0 6]
 [0 0 9 0 4 0 0 7 0]
 [8 0 0 0 3 0 0 0 0]]
Solution:
[[3 5 8 6 9 4 1 2 0]
 [4 0 6 8 1 2 9 7 3]
 [9 2 1 7 0 3 6 8 5]
 [8 1 3 4 6 0 5 0 9]
 [6 4 0 3 7 1 8 0 2]
 [5 9 7 2 8 0 4 1 6]
 [0 6 2 1 3 0 7 9 8]
 [7 0 5 9 4 8 3 6 1]
 [1 8 9 5 0 6 2 4 0]]
Number of cells unfilled: 13
Accuracy: 83.9506172839506
Sample: 70904
Question:
[[0 3 7 0 0 0 0 0 0]
 [0 0 0 0 0 4 0 7 8]
 [4 0 0 6 0 0 3 0 9]
 [0 0 4 3 0 0 0 8 0]
 [0 5 0 0 0 9 0 6 0]
 [7 0 0 0 4 0 9 0 3]
 [1 0 0 0 0 3 4 0 6]
 [0 0 2 0 6 0 0 0 0]
 [0 0 0 0 1 0 0 0 0]]
Solution:
[[3 5 8 6 9 4 1 2 0]
 [4 0 6 8 1 2 9 7 3]
 [9 2 1 7 0 3 6 8 5]
 [8 1 3 4 6 0 5 0 9]
 [6 4 0 3 7 5 8 0 2]
 [5 9 7 2 8 0 4 1 6]
 [0 6 2 1 3 0 7 9 8]
 [0 7 5 9 4 8 3 6 1]
 [1 8 9 5 0 6 2 4 0]]
Number of cells unfilled: 13
Accuracy: 83.9506172839506
Sample: 70905
Question:
[[0 6 0 0 0 0 3 7 0]
 [0 0 0 8 0 3 0 0 0]
 [0 0 4 0 6 0 0 1 8]
 [4 0 0 0 0 9 0 0 0]
 [0 8 0 0 2 0 0 4 6]
 [2 0 0 0 0 0 0 0 0]
 [0 0 0 0 3 0 0 8 1]
 [0 1 0 5 0 0 4 6 0]
 [0 0 8 0 0 6 7 0 0]]
Solution:
[[3 5 8 6 9 4 1 2 0]
 [4 0 6 8 5 2 9 7 3]
 [9 2 1 7 0 3 6 8 5]
 [8 1 3 4 6 0 5 0 9]
 [6 4 0 0 7 5 8 3 2]
 [5 9 0 2 8 0 4 1 7]
 [0 6 2 1 3 0 7 9 8]
 [7 0 5 9 4 8 3 6 1]
 [1 8 9 5 0 6 2 4 0]]
Number of cells unfilled: 14
Accuracy: 82.71604938271605
Sample: 70906
Question:
[[6 0 0 0 3 0 7 0 0]
 [0 0 7 0 0 4 0 0 6]
 [8 0 0 0 0 0 0 5 0]
 [0 7 0 0 0 8 0 1 0]
 [0 8 0 4 9 0 0 0 0]
 [0 0 9 0 0 0 0 0 0]
 [0 2 1 0 0 9 0 7 8]
 [0 0 8 0 0 7 0 0 1]
 [0 6 0 0 0 0 2 9 0]]
Solution:
[[3 5 8 6 9 4 1 2 0]
 [4 0 6 8 1 2 9 7 3]
 [9 2 1 7 0 3 6 8 5]
 [8 1 3 4 6 0 5 0 9]
 [6 4 0 3 7 9 8 0 2]
 [5 9 7 2 8 0 4 1 6]
 [0 6 2 1 3 0 7 9 8]
 [7 0 5 9 4 8 3 6 1]
 [1 8 9 5 0 6 2 4 0]]
Number of cells unfilled: 13
Accuracy: 83.9506172839506
Sample: 70907
Question:
[[0 0 0 0 9 0 0 5 0]
 [2 0 9 7 5 0 3 0 6]
 [8 0 0 6 0 2 0 0 0]
 [0 5 6 0 3 9 1 0 4]
 [0 0 0 5 0 0 7 0 0]
 [1 0 0 8 0 0 0 2 5]
 [0 0 4 3 0 0 8 7 0]
 [0 8 0 0 4 0 9 6 0]
 [3 1 0 0 0 6 0 0 2]]
Solution:
[[3 5 8 6 9 4 1 2 0]
 [4 0 6 8 5 2 9 7 3]
 [9 2 1 7 0 3 6 8 5]
 [8 1 3 4 6 0 5 0 9]
 [6 4 0 0 7 1 8 3 2]
 [5 9 0 2 8 0 4 1 7]
 [0 6 2 1 3 0 7 9 8]
 [0 7 5 9 4 8 3 6 1]
 [1 8 9 5 0 6 2 4 0]]
Number of cells unfilled: 14
Accuracy: 82.71604938271605
Sample: 70908
Question:
[[6 0 2 0 0 9 0 0 0]
 [4 0 0 0 5 0 2 0 0]
 [0 5 0 0 0 0 0 9 0]
 [7 0 0 8 0 0 0 3 0]
 [0 0 0 0 1 0 7 0 0]
 [0 6 8 0 0 7 5 0 0]
 [0 0 6 0 0 0 0 7 0]
 [0 0 0 5 3 0 0 0 1]
 [0 4 0 0 0 6 9 0 0]]
Solution:
[[3 5 8 6 9 4 1 2 0]
 [4 0 6 8 1 2 9 7 3]
 [9 2 1 7 0 3 6 8 5]
 [8 1 3 4 6 0 5 0 9]
 [6 4 0 0 7 9 8 3 2]
 [5 9 7 2 8 0 4 1 6]
 [0 6 2 1 3 0 7 9 8]
 [7 0 5 9 4 8 3 6 1]
 [1 8 9 5 0 6 2 4 0]]
Number of cells unfilled: 13
Accuracy: 83.9506172839506
Sample: 70909
Question:
[[1 0 0 0 3 0 0 0 8]
 [0 0 8 0 0 0 5 0 0]
 [0 4 0 0 0 0 0 6 0]
 [0 2 0 0 1 0 0 9 0]
 [0 0 5 2 0 0 7 0 0]
 [8 0 0 0 0 4 0 0 2]
 [9 0 0 0 0 3 0 0 0]
 [0 8 0 0 2 0 0 0 1]
 [0 0 7 6 0 0 0 0 0]]
Solution:
[[3 5 8 6 9 4 1 2 0]
 [4 0 6 8 5 2 9 7 3]
 [9 2 1 7 0 3 6 8 5]
 [8 1 3 4 6 0 5 0 9]
 [6 4 0 0 7 5 8 3 2]
 [5 9 7 2 8 0 4 1 6]
 [0 6 2 1 3 0 7 9 8]
 [7 0 5 9 4 8 3 6 1]
 [1 8 9 5 0 6 2 4 0]]
Number of cells unfilled: 13
Accuracy: 83.9506172839506
Sample: 70910
Question:
[[7 5 0 0 0 0 0 0 8]
 [6 9 8 0 0 4 0 0 0]
 [0 3 0 0 0 0 0 0 0]
 [0 2 0 0 0 7 8 0 4]
 [0 0 0 3 0 0 5 0 0]
 [0 0 7 0 0 2 0 1 0]
 [0 0 2 5 0 0 3 0 1]
 [0 0 0 0 7 8 0 0 0]
 [0 4 0 0 6 0 2 0 0]]
Solution:
[[3 5 8 6 9 4 1 2 0]
 [4 0 6 8 5 2 9 7 3]
 [9 2 1 7 0 3 6 8 5]
 [8 1 3 4 6 0 5 0 9]
 [6 4 0 0 7 9 8 3 2]
 [5 9 7 2 8 0 4 1 6]
 [0 6 2 1 3 0 7 9 8]
 [7 0 5 9 4 8 3 6 1]
 [1 8 9 5 0 6 2 4 0]]
Number of cells unfilled: 13
Accuracy: 83.9506172839506
Sample: 70911
Question:
[[0 8 0 0 9 0 0 7 0]
 [9 0 0 0 0 1 3 0 0]
 [0 0 6 2 0 0 0 0 0]
 [7 0 0 0 0 5 1 0 0]
 [0 5 0 0 7 0 0 9 0]
 [0 0 2 6 0 0 0 0 0]
 [0 0 0 0 4 0 0 1 5]
 [5 0 0 0 0 8 0 3 0]
 [0 3 0 0 0 0 4 0 0]]
Solution:
[[3 5 8 6 9 4 1 2 0]
 [4 0 6 8 1 2 9 7 3]
 [9 2 1 7 0 3 6 8 5]
 [8 1 3 4 6 0 5 0 9]
 [6 4 0 3 7 9 8 0 2]
 [5 9 7 2 8 0 4 1 6]
 [0 6 2 1 3 0 7 9 8]
 [7 0 5 9 4 8 3 6 1]
 [1 8 9 5 0 6 2 4 0]]
Number of cells unfilled: 13
Accuracy: 83.9506172839506
Sample: 70912
Question:
[[0 0 6 9 0 0 0 0 0]
 [0 8 0 0 1 0 0 0 2]
 [3 0 0 0 0 0 0 4 0]
 [0 0 4 6 0 0 0 0 0]
 [9 0 0 0 0 3 2 0 0]
 [0 1 0 0 2 0 0 0 7]
 [0 0 0 0 8 0 0 2 0]
 [8 0 0 0 0 5 0 0 1]
 [0 5 0 0 0 0 7 0 0]]
Solution:
[[3 5 8 6 9 4 1 2 0]
 [4 0 6 8 1 2 9 7 3]
 [9 2 1 7 0 3 6 8 5]
 [8 1 3 4 6 0 5 0 9]
 [6 4 0 0 7 9 8 3 2]
 [5 9 0 2 8 0 4 1 7]
 [0 6 2 1 3 0 7 9 8]
 [7 0 5 9 4 8 3 6 1]
 [1 8 9 5 0 6 2 4 0]]
Number of cells unfilled: 14
Accuracy: 82.71604938271605
Sample: 70913
Question:
[[0 3 0 6 0 0 0 4 0]
 [0 0 0 0 8 0 0 0 7]
 [0 0 0 0 0 9 5 0 0]
 [2 0 3 0 0 4 0 1 0]
 [0 4 0 0 1 0 0 0 0]
 [6 0 1 2 0 0 0 0 0]
 [0 6 0 4 0 0 0 2 0]
 [5 0 0 0 0 0 0 0 8]
 [0 0 0 0 0 7 9 0 0]]
Solution:
[[3 5 8 6 9 4 1 2 0]
 [4 0 6 8 5 2 9 7 3]
 [9 2 1 7 0 3 6 8 5]
 [8 1 3 4 6 0 5 0 9]
 [6 4 0 0 7 1 8 3 2]
 [5 9 7 2 8 0 4 1 6]
 [0 6 2 1 3 0 7 9 8]
 [7 0 5 9 4 8 3 6 1]
 [1 8 9 5 0 6 2 4 0]]
Number of cells unfilled: 13
Accuracy: 83.9506172839506
Sample: 70914
Question:
[[5 0 0 0 2 0 0 0 0]
 [4 2 0 0 3 0 0 0 0]
 [0 0 7 0 0 4 0 5 2]
 [8 0 0 0 0 3 0 7 4]
 [0 0 0 9 4 0 0 6 0]
 [0 0 0 0 0 0 1 0 0]
 [0 5 0 0 0 2 0 8 7]
 [7 0 0 3 0 0 0 0 1]
 [0 0 8 0 0 0 6 0 0]]
Solution:
[[3 5 8 6 1 4 0 2 0]
 [4 0 6 8 5 2 9 7 3]
 [9 2 1 7 0 3 6 8 5]
 [8 1 3 4 6 0 5 0 9]
 [6 4 0 0 7 5 8 3 2]
 [5 9 0 2 8 0 4 1 7]
 [0 6 2 1 3 0 7 9 8]
 [7 0 5 9 4 8 3 6 1]
 [1 8 9 5 0 6 2 4 0]]
Number of cells unfilled: 15
Accuracy: 81.48148148148148
Sample: 70915
Question:
[[9 0 0 0 0 4 0 3 0]
 [0 0 4 3 9 0 0 0 0]
 [0 0 1 0 0 0 9 0 0]
 [2 0 0 6 4 0 7 0 0]
 [0 0 0 0 0 7 0 0 2]
 [0 0 0 0 3 0 0 6 0]
 [0 5 0 0 0 0 0 0 8]
 [7 0 8 0 5 6 0 2 0]
 [4 0 0 0 0 3 0 7 0]]
Solution:
[[3 5 8 6 9 4 1 2 0]
 [4 0 6 8 1 2 9 7 3]
 [9 2 1 7 0 3 6 8 5]
 [8 1 3 4 6 0 5 0 9]
 [6 4 0 0 7 1 8 3 2]
 [5 9 7 2 8 0 4 1 6]
 [0 6 2 1 3 0 7 9 8]
 [7 0 5 9 4 8 3 6 1]
 [1 8 9 5 0 6 2 4 0]]
Number of cells unfilled: 13
Accuracy: 83.9506172839506
Sample: 70916
Question:
[[8 1 0 0 0 9 0 0 6]
 [0 5 0 7 0 0 0 0 0]
 [0 0 6 0 0 0 0 7 0]
 [0 0 0 0 0 0 0 0 0]
 [0 0 0 6 0 4 1 0 0]
 [9 0 1 2 0 0 0 8 0]
 [0 4 0 1 6 8 0 5 0]
 [0 0 5 0 3 0 0 4 7]
 [0 0 0 0 0 0 0 3 0]]
Solution:
[[3 5 8 6 9 4 1 2 0]
 [4 0 6 8 1 2 9 7 3]
 [9 2 1 7 0 3 6 8 5]
 [8 1 3 4 6 0 5 0 9]
 [6 4 0 0 7 5 8 3 2]
 [5 9 0 2 8 0 4 1 7]
 [0 6 2 1 3 0 7 9 8]
 [7 0 5 9 4 8 3 6 1]
 [1 8 9 5 0 6 2 4 0]]
Number of cells unfilled: 14
Accuracy: 82.71604938271605
Sample: 70917
Question:
[[6 0 0 0 0 0 0 1 0]
 [0 9 0 0 0 8 4 0 0]
 [0 0 0 0 0 0 0 0 2]
 [2 0 8 7 0 0 0 0 0]
 [0 3 9 0 0 4 0 0 0]
 [0 5 0 0 9 0 8 0 0]
 [0 0 5 0 0 9 3 0 0]
 [0 0 0 0 3 0 0 0 7]
 [0 0 0 1 0 0 0 6 0]]
Solution:
[[3 5 8 6 9 4 1 2 0]
 [4 0 6 8 1 2 9 7 3]
 [9 2 1 7 0 3 6 8 5]
 [8 1 3 4 6 0 5 0 9]
 [6 4 0 3 7 9 8 0 2]
 [5 9 7 2 8 0 4 1 6]
 [0 6 2 1 3 0 7 9 8]
 [0 7 5 9 4 8 3 6 1]
 [1 8 9 5 0 6 2 4 0]]
Number of cells unfilled: 13
Accuracy: 83.9506172839506
Sample: 70918
Question:
[[0 0 0 0 0 0 4 0 0]
 [0 0 1 5 0 7 0 0 0]
 [0 0 3 0 0 0 0 2 0]
 [0 0 0 0 0 1 0 7 0]
 [0 0 0 0 0 0 0 0 8]
 [5 0 0 4 0 0 0 0 0]
 [0 0 9 0 0 2 0 0 0]
 [0 0 7 0 0 0 0 0 0]
 [0 0 0 8 0 0 6 0 5]]
Solution:
[[3 5 8 6 9 4 1 2 0]
 [4 0 6 8 1 2 9 7 3]
 [9 2 1 7 0 3 6 8 5]
 [8 1 3 4 6 0 5 0 9]
 [6 4 0 0 7 1 8 3 2]
 [5 9 0 2 8 0 4 1 7]
 [0 6 2 1 3 0 7 9 8]
 [0 7 5 9 4 8 3 6 1]
 [1 8 9 5 0 6 2 4 0]]
Number of cells unfilled: 14
Accuracy: 82.71604938271605
Sample: 70919
Question:
[[0 0 0 4 6 0 0 3 9]
 [0 0 0 0 5 0 4 0 0]
 [0 0 0 9 7 0 1 2 6]
 [9 0 7 0 0 5 0 0 0]
 [0 1 0 0 0 0 0 0 2]
 [0 8 0 0 0 0 9 6 0]
 [8 4 0 0 0 0 0 0 0]
 [0 0 0 0 9 0 3 0 7]
 [3 0 0 0 0 0 6 4 0]]
Solution:
[[3 5 8 6 9 4 1 2 0]
 [4 0 6 8 1 2 9 7 3]
 [9 2 1 7 0 3 6 8 5]
 [8 1 3 4 6 0 5 0 9]
 [6 4 0 3 7 9 8 0 2]
 [5 9 7 2 8 0 4 1 6]
 [0 6 2 1 3 0 7 9 8]
 [7 0 5 9 4 8 3 6 1]
 [1 8 9 5 0 6 2 4 0]]
Number of cells unfilled: 13
Accuracy: 83.9506172839506
Sample: 70920
Question:
[[0 0 0 0 0 7 5 0 0]
 [0 0 0 0 0 0 0 4 0]
 [0 5 0 9 4 0 2 0 7]
 [0 2 0 0 0 4 0 7 0]
 [6 0 0 0 0 0 8 0 0]
 [0 0 9 0 6 0 0 0 0]
 [0 0 3 0 1 0 0 0 0]
 [0 9 0 0 0 5 0 2 0]
 [0 0 8 0 0 0 3 0 1]]
Solution:
[[3 5 8 6 9 4 1 2 0]
 [4 0 6 8 5 2 9 7 3]
 [9 2 1 7 0 3 6 8 5]
 [8 1 3 4 6 0 5 0 9]
 [6 4 0 3 7 1 8 0 2]
 [5 9 7 2 8 0 4 1 6]
 [0 6 2 1 3 0 7 9 8]
 [7 0 5 9 4 8 3 6 1]
 [1 8 9 5 0 6 2 4 0]]
Number of cells unfilled: 13
Accuracy: 83.9506172839506
Sample: 70921
Question:
[[0 0 3 0 6 0 0 5 0]
 [9 6 0 0 0 0 0 0 7]
 [0 8 0 7 0 0 2 0 0]
 [0 5 0 1 0 0 3 0 9]
 [0 9 0 0 0 0 0 1 0]
 [0 0 1 0 0 0 4 2 0]
 [0 0 8 5 7 6 1 0 0]
 [0 0 0 0 0 0 0 0 0]
 [1 0 0 0 8 4 0 0 0]]
Solution:
[[3 5 8 6 9 4 1 2 0]
 [4 0 6 8 5 2 9 7 3]
 [9 2 1 7 0 3 6 8 5]
 [8 1 3 4 6 0 5 0 9]
 [6 4 0 0 7 1 8 3 2]
 [5 9 0 2 8 0 4 1 7]
 [0 6 2 1 3 0 7 9 8]
 [7 0 5 9 4 8 3 6 1]
 [1 8 9 5 0 6 2 4 0]]
Number of cells unfilled: 14
Accuracy: 82.71604938271605
Sample: 70922
Question:
[[0 0 0 8 0 0 0 0 0]
 [3 0 0 0 0 6 2 0 0]
 [0 5 0 0 0 0 0 0 9]
 [0 0 0 3 0 0 0 9 7]
 [2 0 3 0 6 9 1 0 0]
 [9 0 0 0 0 1 3 0 2]
 [0 0 0 0 1 0 4 0 0]
 [4 0 0 6 0 0 0 0 1]
 [0 2 0 0 0 4 0 0 3]]
Solution:
[[3 5 8 6 9 4 1 2 0]
 [4 0 6 8 1 2 9 7 3]
 [9 2 1 7 0 3 6 8 5]
 [8 1 3 4 6 0 5 0 9]
 [6 4 0 0 7 1 8 3 2]
 [5 9 7 2 8 0 4 1 6]
 [0 6 2 1 3 0 7 9 8]
 [7 0 5 9 4 8 3 6 1]
 [1 8 9 5 0 6 2 4 0]]
Number of cells unfilled: 13
Accuracy: 83.9506172839506
Sample: 70923
Question:
[[0 9 0 8 0 0 0 0 0]
 [3 0 0 5 9 0 0 8 0]
 [0 0 8 0 0 2 6 0 0]
 [0 0 3 7 5 0 0 2 0]
 [7 0 0 0 0 9 0 0 4]
 [0 0 0 0 0 0 0 0 0]
 [0 0 0 0 0 5 0 0 0]
 [0 3 0 9 2 0 0 7 0]
 [2 0 9 0 7 1 0 0 5]]
Solution:
[[3 5 8 6 9 4 1 2 0]
 [4 0 6 8 1 2 9 7 3]
 [9 2 1 7 0 3 6 8 5]
 [8 1 3 4 6 0 5 0 9]
 [6 4 0 3 7 1 8 0 2]
 [5 9 7 2 8 0 4 1 6]
 [0 6 2 1 3 0 7 9 8]
 [7 0 5 9 4 8 3 6 1]
 [1 8 9 5 0 6 2 4 0]]
Number of cells unfilled: 13
Accuracy: 83.9506172839506
Sample: 70924
Question:
[[0 0 6 9 2 0 0 0 0]
 [2 0 0 5 0 0 0 8 0]
 [0 1 0 0 0 6 0 0 2]
 [0 4 0 1 9 0 0 0 0]
 [0 0 3 0 0 0 0 0 4]
 [6 0 0 0 0 4 0 2 0]
 [0 0 7 8 0 0 0 0 0]
 [4 0 0 0 7 0 5 0 0]
 [0 6 0 0 0 9 0 7 3]]
Solution:
[[3 5 8 6 9 4 1 2 0]
 [4 0 6 8 1 2 9 7 3]
 [9 2 1 7 0 3 6 8 5]
 [8 1 3 4 6 0 5 0 9]
 [6 4 0 0 7 1 8 3 2]
 [5 9 0 2 8 0 4 1 7]
 [0 6 2 1 3 0 7 9 8]
 [0 7 5 9 4 8 3 6 1]
 [1 8 9 5 0 6 2 4 0]]
Number of cells unfilled: 14
Accuracy: 82.71604938271605
Sample: 70925
Question:
[[0 0 0 0 8 0 0 0 0]
 [1 0 0 0 7 6 0 0 0]
 [0 0 9 0 0 3 0 1 6]
 [0 0 0 0 3 5 0 0 7]
 [9 6 0 7 0 0 0 0 3]
 [0 3 0 0 4 0 0 0 5]
 [0 0 1 0 0 0 5 0 0]
 [0 0 0 0 6 0 7 0 0]
 [0 0 8 0 0 1 4 0 0]]
Solution:
[[3 5 8 6 9 4 1 2 0]
 [4 0 6 8 1 2 9 7 3]
 [9 2 1 7 0 3 6 8 5]
 [8 1 3 4 6 0 5 0 9]
 [6 4 0 3 7 9 8 0 2]
 [5 9 7 2 8 0 4 1 6]
 [0 6 2 1 3 0 7 9 8]
 [7 0 5 9 4 8 3 6 1]
 [1 8 9 5 0 6 2 4 0]]
Number of cells unfilled: 13
Accuracy: 83.9506172839506
Sample: 70926
Question:
[[6 0 0 5 0 0 0 8 0]
 [5 0 4 1 0 0 0 9 6]
 [0 0 0 0 0 2 4 0 0]
 [7 0 0 0 0 0 0 0 0]
 [0 5 9 7 0 0 6 0 8]
 [0 0 8 0 0 5 0 7 0]
 [0 0 0 0 3 0 0 0 1]
 [8 0 0 9 0 0 0 6 0]
 [0 1 0 0 0 0 8 0 0]]
Solution:
[[3 5 8 6 9 4 1 2 0]
 [4 0 6 8 5 2 9 7 3]
 [9 2 1 7 0 3 6 8 5]
 [8 1 3 4 6 0 5 0 9]
 [6 4 0 3 7 1 8 0 2]
 [5 9 7 2 8 0 4 1 6]
 [0 6 2 1 3 0 7 9 8]
 [7 0 5 9 4 8 3 6 1]
 [1 8 9 5 0 6 2 4 0]]
Number of cells unfilled: 13
Accuracy: 83.9506172839506
Sample: 70927
Question:
[[0 0 0 0 5 0 0 8 0]
 [0 0 8 6 0 0 4 0 0]
 [0 1 0 0 0 3 0 6 0]
 [0 0 7 2 0 0 0 4 0]
 [1 0 0 0 0 5 7 0 6]
 [0 9 0 0 0 0 2 0 0]
 [0 7 0 0 3 0 0 0 0]
 [0 0 6 7 0 0 0 0 4]
 [0 0 0 0 0 9 0 7 0]]
Solution:
[[3 5 8 6 9 4 1 2 0]
 [4 0 6 8 1 2 9 7 3]
 [9 2 1 7 0 3 6 8 5]
 [8 1 3 4 6 0 5 0 9]
 [6 4 0 0 7 1 8 3 2]
 [5 9 7 2 8 0 4 1 6]
 [0 6 2 1 3 0 7 9 8]
 [7 0 5 9 4 8 3 6 1]
 [1 8 9 5 0 6 2 4 0]]
Number of cells unfilled: 13
Accuracy: 83.9506172839506
Sample: 70928
Question:
[[4 0 0 0 2 0 1 0 0]
 [0 0 2 3 0 0 0 5 0]
 [0 1 0 0 0 0 0 0 0]
 [9 2 0 0 0 0 0 8 0]
 [0 0 0 8 0 0 0 0 0]
 [0 0 8 0 0 2 3 0 5]
 [0 0 9 2 0 0 0 3 0]
 [0 0 0 0 7 3 0 0 6]
 [0 6 0 0 0 4 7 0 0]]
Solution:
[[3 5 8 6 9 4 1 2 0]
 [4 0 6 8 1 2 9 7 3]
 [9 2 1 7 0 3 6 8 5]
 [8 1 3 4 6 0 5 0 9]
 [6 4 0 0 7 9 8 3 2]
 [5 9 7 2 8 0 4 1 6]
 [0 6 2 1 3 0 7 9 8]
 [0 7 5 9 4 8 3 6 1]
 [1 8 9 5 0 6 2 4 0]]
Number of cells unfilled: 13
Accuracy: 83.9506172839506
Sample: 70929
Question:
[[6 0 0 0 2 3 0 7 0]
 [0 7 0 0 0 9 0 0 5]
 [0 0 2 7 0 0 0 0 0]
 [9 0 0 0 8 4 0 0 0]
 [0 0 0 0 3 0 0 0 8]
 [0 3 0 9 0 2 0 6 0]
 [0 0 4 0 0 0 1 0 6]
 [0 6 0 2 0 1 0 5 0]
 [1 0 0 0 0 0 0 0 0]]
Solution:
[[3 5 8 6 9 4 1 2 0]
 [4 0 6 8 1 2 9 7 3]
 [9 2 1 7 0 3 6 8 5]
 [8 1 3 4 6 0 5 0 9]
 [6 4 0 3 7 9 8 0 2]
 [5 9 7 2 8 0 4 1 6]
 [0 6 2 1 3 0 7 9 8]
 [7 0 5 9 4 8 3 6 1]
 [1 8 9 5 0 6 2 4 0]]
Number of cells unfilled: 13
Accuracy: 83.9506172839506
Sample: 70930
Question:
[[0 0 0 0 0 0 0 0 0]
 [7 0 5 4 0 0 0 0 0]
 [6 0 0 0 8 2 3 4 0]
 [0 0 0 9 2 0 0 0 0]
 [4 0 7 3 0 0 0 5 8]
 [0 0 0 0 0 0 1 0 3]
 [0 0 3 0 0 6 2 1 0]
 [0 7 0 1 0 9 0 0 0]
 [0 0 4 0 0 0 0 3 0]]
Solution:
[[3 5 8 6 9 4 1 2 0]
 [4 0 6 8 5 2 9 7 3]
 [9 2 1 7 0 3 6 8 5]
 [8 1 3 4 6 0 5 0 9]
 [6 4 0 3 7 9 8 0 2]
 [5 9 7 2 8 0 4 1 6]
 [0 6 2 1 3 0 7 9 8]
 [7 0 5 9 4 8 3 6 1]
 [1 8 9 5 0 6 2 4 0]]
Number of cells unfilled: 13
Accuracy: 83.9506172839506
Sample: 70931
Question:
[[3 0 0 0 4 0 0 9 2]
 [0 0 0 9 1 0 0 0 0]
 [0 0 0 5 0 8 1 0 0]
 [0 0 1 6 0 0 0 0 5]
 [4 0 7 0 0 0 0 0 0]
 [9 0 0 0 0 0 0 6 0]
 [1 9 0 8 0 0 4 0 0]
 [0 0 6 0 7 0 0 2 0]
 [0 2 0 0 0 0 0 3 0]]
Solution:
[[3 5 8 6 9 4 1 2 0]
 [4 0 6 8 5 2 9 7 3]
 [9 2 1 7 0 3 6 8 5]
 [8 1 3 4 6 0 5 0 9]
 [6 4 0 0 7 5 8 3 2]
 [5 9 7 2 8 0 4 1 6]
 [0 6 2 1 3 0 7 9 8]
 [7 0 5 9 4 8 3 6 1]
 [1 8 9 5 0 6 2 4 0]]
Number of cells unfilled: 13
Accuracy: 83.9506172839506
Sample: 70932
Question:
[[0 0 0 0 9 0 0 0 3]
 [0 1 0 0 7 0 0 0 0]
 [4 0 0 0 0 6 0 7 0]
 [6 0 0 0 0 0 0 0 0]
 [0 8 2 0 0 4 0 0 0]
 [0 4 7 6 0 0 0 8 0]
 [8 0 0 0 4 2 0 6 0]
 [2 0 0 5 0 7 8 4 0]
 [0 0 0 0 0 0 5 0 2]]
Solution:
[[3 5 8 6 9 4 1 2 0]
 [4 0 6 8 1 2 9 7 3]
 [9 2 1 7 0 3 6 8 5]
 [8 1 3 4 6 0 5 0 9]
 [6 4 0 0 7 9 8 3 2]
 [5 9 0 2 8 0 4 1 7]
 [0 6 2 1 3 0 7 9 8]
 [7 0 5 9 4 8 3 6 1]
 [1 8 9 5 0 6 2 4 0]]
Number of cells unfilled: 14
Accuracy: 82.71604938271605
Sample: 70933
Question:
[[0 0 4 8 1 0 0 0 0]
 [0 0 0 0 0 2 0 0 0]
 [0 2 0 4 9 0 0 8 0]
 [0 0 2 0 0 4 0 9 0]
 [9 0 0 5 0 0 0 0 0]
 [6 0 0 0 0 0 3 0 0]
 [0 0 1 0 0 8 0 2 0]
 [0 7 9 0 0 1 0 4 8]
 [0 0 0 0 4 0 1 0 7]]
Solution:
[[3 5 8 6 9 4 1 2 0]
 [4 0 6 8 1 2 9 7 3]
 [9 2 1 7 0 3 6 8 5]
 [8 1 3 4 6 0 5 0 9]
 [6 4 0 0 7 5 8 3 2]
 [5 9 0 2 8 0 4 1 7]
 [0 6 2 1 3 0 7 9 8]
 [7 0 5 9 4 8 3 6 1]
 [1 8 9 5 0 6 2 4 0]]
Number of cells unfilled: 14
Accuracy: 82.71604938271605
Sample: 70934
Question:
[[9 6 0 0 0 4 5 0 0]
 [0 4 0 0 0 7 6 0 2]
 [7 0 0 0 0 0 0 4 0]
 [3 0 0 0 0 0 8 0 0]
 [0 7 0 0 5 8 0 6 0]
 [0 0 0 9 0 0 0 0 0]
 [0 5 0 0 0 2 0 0 6]
 [6 0 0 0 1 0 4 2 0]
 [0 0 0 7 0 0 0 5 0]]
Solution:
[[3 5 8 6 9 4 1 2 0]
 [4 0 6 8 5 2 9 7 3]
 [9 2 1 7 0 3 6 8 5]
 [8 1 3 4 6 0 5 0 9]
 [6 4 0 3 7 1 8 0 2]
 [5 9 7 2 8 0 4 1 6]
 [0 6 2 1 3 0 7 9 8]
 [7 0 5 9 4 8 3 6 1]
 [1 8 9 5 0 6 2 4 0]]
Number of cells unfilled: 13
Accuracy: 83.9506172839506
Sample: 70935
Question:
[[0 0 0 6 0 0 0 0 7]
 [8 7 0 0 0 5 0 0 0]
 [4 0 5 0 0 3 0 0 2]
 [2 0 0 3 4 9 0 0 6]
 [0 3 0 0 0 0 0 4 0]
 [0 0 0 0 0 0 8 0 0]
 [0 0 0 0 0 0 0 0 0]
 [0 4 0 5 6 0 0 7 9]
 [0 0 0 1 9 4 0 0 0]]
Solution:
[[3 5 8 6 9 4 1 2 0]
 [4 0 6 8 5 2 9 7 3]
 [9 2 1 7 0 3 6 8 5]
 [8 1 3 4 6 0 5 0 9]
 [6 4 0 0 7 9 8 3 2]
 [5 9 0 2 8 0 4 1 7]
 [0 6 2 1 3 0 7 9 8]
 [7 0 5 9 4 8 3 6 1]
 [1 8 9 5 0 6 2 4 0]]
Number of cells unfilled: 14
Accuracy: 82.71604938271605
Sample: 70936
Question:
[[0 0 4 0 6 0 0 2 0]
 [0 0 0 0 0 7 0 0 4]
 [0 7 0 0 0 0 6 8 0]
 [0 0 9 0 0 1 3 0 0]
 [1 0 0 3 0 0 0 0 0]
 [0 6 0 0 4 0 0 0 2]
 [5 0 0 0 0 8 0 0 0]
 [0 0 0 5 0 0 0 9 0]
 [0 2 0 0 7 0 0 0 8]]
Solution:
[[3 5 8 6 9 4 1 2 0]
 [4 0 6 8 1 2 9 7 3]
 [9 2 1 7 0 3 6 8 5]
 [8 1 3 4 6 0 5 0 9]
 [6 4 0 3 7 5 8 0 2]
 [5 9 7 2 8 0 4 1 6]
 [0 6 2 1 3 0 7 9 8]
 [7 0 5 9 4 8 3 6 1]
 [1 8 9 5 0 6 2 4 0]]
Number of cells unfilled: 13
Accuracy: 83.9506172839506
Sample: 70937
Question:
[[0 0 0 0 0 0 0 0 2]
 [0 0 0 0 0 9 4 3 0]
 [0 2 0 3 0 0 9 6 7]
 [7 5 0 0 8 0 0 9 0]
 [0 0 6 0 0 0 0 0 0]
 [0 1 0 2 7 0 0 8 0]
 [0 0 0 4 0 0 0 0 5]
 [0 8 0 0 3 6 0 0 0]
 [1 0 0 0 0 0 8 0 0]]
Solution:
[[3 5 8 6 9 4 1 2 0]
 [4 0 6 8 1 2 9 7 3]
 [9 2 1 7 0 3 6 8 5]
 [8 1 3 4 6 0 5 0 9]
 [6 4 0 0 7 1 8 3 2]
 [5 9 7 2 8 0 4 1 6]
 [0 6 2 1 3 0 7 9 8]
 [7 0 5 9 4 8 3 6 1]
 [1 8 9 5 0 6 2 4 0]]
Number of cells unfilled: 13
Accuracy: 83.9506172839506
Sample: 70938
Question:
[[0 0 0 0 0 0 0 0 0]
 [1 0 0 0 0 3 0 7 8]
 [0 7 0 0 5 1 0 0 0]
 [0 0 0 0 8 0 9 0 0]
 [0 0 6 0 0 7 0 3 2]
 [2 0 0 0 0 0 8 0 7]
 [0 2 0 0 0 6 0 8 1]
 [3 0 0 1 0 0 0 0 0]
 [6 0 1 0 4 0 0 0 0]]
Solution:
[[3 5 8 6 9 4 1 2 0]
 [4 0 6 8 5 2 9 7 3]
 [9 2 1 7 0 3 6 8 5]
 [8 1 3 4 6 0 5 0 9]
 [6 4 0 0 7 1 8 3 2]
 [5 9 0 2 8 0 4 1 7]
 [0 6 2 1 3 0 7 9 8]
 [7 0 5 9 4 8 3 6 1]
 [1 8 9 5 0 6 2 4 0]]
Number of cells unfilled: 14
Accuracy: 82.71604938271605
Sample: 70939
Question:
[[0 0 4 0 0 0 0 0 1]
 [0 1 8 0 0 0 0 2 0]
 [7 0 0 5 1 0 8 0 0]
 [0 8 0 4 7 0 6 0 0]
 [0 0 7 0 0 5 0 0 0]
 [0 0 0 0 8 9 0 5 0]
 [0 0 1 6 5 0 4 0 0]
 [0 0 0 0 0 0 0 0 0]
 [6 0 0 0 0 0 0 3 0]]
Solution:
[[3 5 8 6 9 4 1 2 0]
 [4 0 6 8 1 2 9 7 3]
 [9 2 1 7 0 3 6 8 5]
 [8 1 3 4 6 0 5 0 9]
 [6 4 0 0 7 1 8 3 2]
 [5 9 7 2 8 0 4 1 6]
 [0 6 2 1 3 0 7 9 8]
 [7 0 5 9 4 8 3 6 1]
 [1 8 9 5 0 6 2 4 0]]
Number of cells unfilled: 13
Accuracy: 83.9506172839506
Sample: 70940
Question:
[[0 0 4 9 0 0 2 0 0]
 [0 8 0 0 0 0 9 6 5]
 [0 0 2 0 8 0 0 3 0]
 [0 1 0 0 4 0 6 0 0]
 [4 5 0 8 0 0 1 0 0]
 [7 0 9 0 0 0 0 0 0]
 [0 0 0 0 3 6 0 1 2]
 [0 0 0 0 0 0 0 0 0]
 [6 0 0 0 0 0 5 9 4]]
Solution:
[[3 5 8 6 1 4 0 2 0]
 [4 0 6 8 5 2 9 7 3]
 [9 2 1 7 0 3 6 8 5]
 [8 1 3 4 6 0 5 0 9]
 [6 4 0 3 7 5 8 0 2]
 [5 9 7 2 8 0 4 1 6]
 [0 6 2 1 3 0 7 9 8]
 [0 7 5 9 4 8 3 6 1]
 [1 8 9 5 0 6 2 4 0]]
Number of cells unfilled: 14
Accuracy: 82.71604938271605
Sample: 70941
Question:
[[0 0 0 0 0 0 1 0 0]
 [0 0 4 0 8 3 0 5 0]
 [2 0 0 7 0 0 0 0 4]
 [0 0 0 0 0 2 4 0 0]
 [5 4 0 0 9 0 0 6 0]
 [0 0 3 6 0 0 0 0 9]
 [0 0 9 0 3 0 0 4 0]
 [0 5 0 0 0 0 0 0 8]
 [0 0 0 0 0 1 7 0 0]]
Solution:
[[3 5 8 6 9 4 1 2 0]
 [4 0 6 8 1 2 9 7 3]
 [9 2 1 7 0 3 6 8 5]
 [8 1 3 4 6 0 5 0 9]
 [6 4 0 0 7 5 8 3 2]
 [5 9 7 2 8 0 4 1 6]
 [0 6 2 1 3 0 7 9 8]
 [7 0 5 9 4 8 3 6 1]
 [1 8 9 5 0 6 2 4 0]]
Number of cells unfilled: 13
Accuracy: 83.9506172839506
Sample: 70942
Question:
[[1 0 0 4 3 0 5 0 8]
 [8 2 0 0 0 0 0 0 0]
 [0 0 0 0 0 6 1 0 0]
 [0 0 0 0 0 9 0 3 0]
 [0 0 0 0 0 7 8 0 0]
 [0 5 3 0 6 0 0 0 9]
 [0 0 7 0 0 0 4 0 0]
 [0 1 0 6 0 0 3 0 0]
 [0 0 0 8 1 0 0 0 2]]
Solution:
[[3 5 8 6 9 4 1 2 0]
 [4 0 6 8 5 2 9 7 3]
 [9 2 1 7 0 3 6 8 5]
 [8 1 3 4 6 0 5 0 9]
 [6 4 0 3 7 9 8 0 2]
 [5 9 7 2 8 0 4 1 6]
 [0 6 2 1 3 0 7 9 8]
 [7 0 5 9 4 8 3 6 1]
 [1 8 9 5 0 6 2 4 0]]
Number of cells unfilled: 13
Accuracy: 83.9506172839506
Sample: 70943
Question:
[[0 0 0 0 0 0 4 0 0]
 [0 5 0 0 0 0 0 1 0]
 [4 2 0 0 0 0 0 0 0]
 [9 0 0 3 1 0 0 7 0]
 [0 0 0 0 0 9 8 3 0]
 [0 0 4 0 7 8 1 0 9]
 [0 0 0 7 9 0 0 0 0]
 [1 7 0 0 8 3 9 0 0]
 [0 0 8 0 0 4 0 0 3]]
Solution:
[[3 5 8 6 9 4 1 2 0]
 [4 0 6 8 1 2 9 7 3]
 [9 2 1 7 0 3 6 8 5]
 [8 1 3 4 6 0 5 0 9]
 [6 4 0 3 7 5 8 0 2]
 [5 9 7 2 8 0 4 1 6]
 [0 6 2 1 3 0 7 9 8]
 [7 0 5 9 4 8 3 6 1]
 [1 8 9 5 0 6 2 4 0]]
Number of cells unfilled: 13
Accuracy: 83.9506172839506
Sample: 70944
Question:
[[0 0 0 0 0 1 6 0 0]
 [0 0 0 4 6 0 0 9 7]
 [0 0 0 0 7 0 8 0 1]
 [0 8 0 0 0 0 1 6 0]
 [0 0 0 0 9 0 0 7 8]
 [0 0 0 6 0 0 4 0 9]
 [4 0 0 0 8 0 0 0 0]
 [0 9 0 7 0 0 0 0 4]
 [3 5 0 0 1 0 7 0 0]]
Solution:
[[3 5 8 6 9 4 1 2 0]
 [4 0 6 8 1 2 9 7 3]
 [9 2 1 7 0 3 6 8 5]
 [8 1 3 4 6 0 5 0 9]
 [6 4 0 0 7 1 8 3 2]
 [5 9 7 2 8 0 4 1 6]
 [0 6 2 1 3 0 7 9 8]
 [7 0 5 9 4 8 3 6 1]
 [1 8 9 5 0 6 2 4 0]]
Number of cells unfilled: 13
Accuracy: 83.9506172839506
Sample: 70945
Question:
[[0 0 0 0 9 4 6 0 8]
 [0 0 0 1 0 0 4 2 0]
 [0 8 0 2 6 0 0 9 1]
 [1 2 0 8 0 0 0 0 4]
 [0 0 0 0 0 6 0 0 0]
 [6 0 9 4 2 0 0 1 0]
 [7 0 8 0 0 0 0 0 0]
 [5 1 0 0 0 0 9 0 0]
 [0 0 0 0 0 0 0 0 0]]
Solution:
[[3 5 8 6 9 4 1 2 0]
 [4 0 6 8 1 2 9 7 3]
 [9 2 1 7 0 3 6 8 5]
 [8 1 3 4 6 0 5 0 9]
 [6 4 0 0 7 5 8 3 2]
 [5 9 0 2 8 0 4 1 7]
 [0 6 2 1 3 0 7 9 8]
 [0 7 5 9 4 8 3 6 1]
 [1 8 9 5 0 6 2 4 0]]
Number of cells unfilled: 14
Accuracy: 82.71604938271605
Sample: 70946
Question:
[[0 0 0 3 9 0 1 6 0]
 [9 0 0 0 0 0 0 8 3]
 [0 0 0 0 0 1 0 0 5]
 [0 0 0 6 0 3 5 0 1]
 [0 0 0 0 8 0 0 3 0]
 [0 0 0 0 0 5 8 9 0]
 [4 2 0 1 0 8 0 0 0]
 [1 0 0 5 0 0 6 0 0]
 [0 6 0 0 0 9 0 0 0]]
Solution:
[[3 5 8 6 9 4 1 2 0]
 [4 0 6 8 5 2 9 7 3]
 [9 2 1 7 0 3 6 8 5]
 [8 1 3 4 6 0 5 0 9]
 [6 4 0 0 7 5 8 3 2]
 [5 9 7 2 8 0 4 1 6]
 [0 6 2 1 3 0 7 9 8]
 [7 0 5 9 4 8 3 6 1]
 [1 8 9 5 0 6 2 4 0]]
Number of cells unfilled: 13
Accuracy: 83.9506172839506
Sample: 70947
Question:
[[0 0 7 0 0 2 0 0 0]
 [2 8 0 1 6 0 0 0 0]
 [1 0 6 7 0 9 0 0 0]
 [7 6 0 0 0 0 5 0 3]
 [9 0 0 0 0 6 8 0 0]
 [0 1 0 8 0 0 0 0 0]
 [0 0 0 9 1 0 0 8 0]
 [0 2 0 6 0 0 0 0 0]
 [0 0 0 0 2 7 0 0 9]]
Solution:
[[3 5 8 6 9 4 1 2 0]
 [4 0 6 8 1 2 9 7 3]
 [9 2 1 7 0 3 6 8 5]
 [8 1 3 4 6 0 5 0 9]
 [6 4 0 3 7 9 8 0 2]
 [5 9 7 2 8 0 4 1 6]
 [0 6 2 1 3 0 7 9 8]
 [7 0 5 9 4 8 3 6 1]
 [1 8 9 5 0 6 2 4 0]]
Number of cells unfilled: 13
Accuracy: 83.9506172839506
Sample: 70948
Question:
[[0 2 9 6 1 0 0 0 0]
 [0 0 5 7 0 0 1 0 0]
 [0 0 0 0 3 0 0 5 0]
 [0 7 0 0 0 0 6 0 4]
 [0 0 0 0 4 0 0 1 0]
 [5 0 0 1 0 0 0 7 3]
 [0 0 0 0 0 6 4 0 0]
 [0 0 0 4 5 0 0 3 1]
 [0 0 0 3 0 0 7 6 0]]
Solution:
[[3 5 8 6 9 4 1 2 0]
 [4 0 6 8 5 2 9 7 3]
 [9 2 1 7 0 3 6 8 5]
 [8 1 3 4 6 0 5 0 9]
 [6 4 0 3 7 5 8 0 2]
 [5 9 7 2 8 0 4 1 6]
 [0 6 2 1 3 0 7 9 8]
 [0 7 5 9 4 8 3 6 1]
 [1 8 9 5 0 6 2 4 0]]
Number of cells unfilled: 13
Accuracy: 83.9506172839506
Sample: 70949
Question:
[[0 3 0 0 0 6 4 0 0]
 [0 0 0 0 2 7 0 1 0]
 [0 0 6 0 3 0 0 5 0]
 [9 0 1 0 0 5 0 0 0]
 [4 0 0 0 0 0 0 6 0]
 [0 6 3 0 0 0 9 0 5]
 [0 1 5 0 0 0 0 4 0]
 [6 4 0 0 0 0 3 9 0]
 [0 0 9 0 0 0 0 0 1]]
Solution:
[[3 5 8 6 9 4 1 2 0]
 [4 0 6 8 1 2 9 7 3]
 [9 2 1 7 0 3 6 8 5]
 [8 1 3 4 6 0 5 0 9]
 [6 4 0 3 7 5 8 0 2]
 [5 9 7 2 8 0 4 1 6]
 [0 6 2 1 3 0 7 9 8]
 [7 0 5 9 4 8 3 6 1]
 [1 8 9 5 0 6 2 4 0]]
Number of cells unfilled: 13
Accuracy: 83.9506172839506
Sample: 70950
Question:
[[2 5 0 0 0 0 4 0 0]
 [0 0 0 0 0 0 0 0 0]
 [8 0 9 0 0 0 0 0 0]
 [0 0 0 0 0 1 0 0 0]
 [0 6 0 9 0 0 0 3 0]
 [1 0 4 3 6 0 0 0 5]
 [0 0 0 5 0 0 3 0 6]
 [0 0 5 0 4 3 1 9 0]
 [0 9 0 6 1 0 0 5 4]]
Solution:
[[3 5 8 6 9 4 1 2 0]
 [4 0 6 8 5 2 9 7 3]
 [9 2 1 7 0 3 6 8 5]
 [8 1 3 4 6 0 5 0 9]
 [6 4 0 0 7 9 8 3 2]
 [5 9 7 2 8 0 4 1 6]
 [0 6 2 1 3 0 7 9 8]
 [0 7 5 9 4 8 3 6 1]
 [1 8 9 5 0 6 2 4 0]]
Number of cells unfilled: 13
Accuracy: 83.9506172839506
Sample: 70951
Question:
[[4 9 0 3 0 7 0 0 0]
 [3 0 0 8 5 0 0 0 0]
 [0 0 8 0 4 0 0 0 0]
 [8 0 0 0 3 0 0 2 1]
 [0 3 0 9 0 0 0 0 7]
 [5 0 0 0 0 0 0 9 0]
 [0 4 5 7 9 0 0 0 0]
 [7 0 0 0 0 3 0 0 0]
 [0 0 0 0 8 4 0 0 5]]
Solution:
[[3 5 8 6 1 4 0 2 0]
 [4 0 6 8 5 2 9 7 3]
 [9 2 1 7 0 3 6 8 5]
 [8 1 3 4 6 0 5 0 9]
 [6 4 0 0 7 1 8 3 2]
 [5 9 7 2 8 0 4 1 6]
 [0 6 2 1 3 0 7 9 8]
 [7 0 5 9 4 8 3 6 1]
 [1 8 9 5 0 6 2 4 0]]
Number of cells unfilled: 14
Accuracy: 82.71604938271605
Sample: 70952
Question:
[[0 5 2 6 0 0 0 0 0]
 [0 0 4 0 0 9 2 8 6]
 [0 8 0 0 0 3 0 9 5]
 [0 0 6 7 0 0 0 5 9]
 [0 0 0 0 4 0 8 1 0]
 [5 0 7 9 3 0 0 0 2]
 [0 0 0 0 9 0 0 0 1]
 [3 7 0 4 2 0 0 0 0]
 [1 0 0 8 0 0 7 3 0]]
Solution:
[[3 5 8 6 9 4 1 2 0]
 [4 0 6 8 1 2 9 7 3]
 [9 2 1 7 0 3 6 8 5]
 [8 1 3 4 6 0 5 0 9]
 [6 4 0 0 7 1 8 3 2]
 [5 9 0 2 8 0 4 1 7]
 [0 6 2 1 3 0 7 9 8]
 [7 0 5 9 4 8 3 6 1]
 [1 8 9 5 0 6 2 4 0]]
Number of cells unfilled: 14
Accuracy: 82.71604938271605
Sample: 70953
Question:
[[0 0 0 1 0 5 3 0 0]
 [9 0 0 2 0 0 0 0 7]
 [0 0 0 0 0 0 0 1 0]
 [2 0 0 9 0 0 7 0 0]
 [0 1 0 0 0 0 4 6 0]
 [0 0 0 0 3 0 0 0 8]
 [0 0 7 0 6 0 0 0 0]
 [0 0 4 0 0 3 2 0 6]
 [0 0 9 8 0 0 0 0 0]]
Solution:
[[3 5 8 6 1 4 0 2 0]
 [4 0 6 8 5 2 9 7 3]
 [9 2 1 7 0 3 6 8 5]
 [8 1 3 4 6 0 5 0 9]
 [6 4 0 3 7 1 8 0 2]
 [5 9 7 2 8 0 4 1 6]
 [0 6 2 1 3 0 7 9 8]
 [0 7 5 9 4 8 3 6 1]
 [1 8 9 5 0 6 2 4 0]]
Number of cells unfilled: 14
Accuracy: 82.71604938271605
Sample: 70954
Question:
[[1 0 0 6 0 5 7 9 0]
 [0 3 4 0 0 0 2 0 0]
 [6 9 0 0 0 3 4 0 0]
 [5 0 0 2 0 8 0 7 0]
 [0 4 9 1 0 7 0 0 5]
 [0 0 0 0 6 0 3 2 9]
 [3 0 6 0 0 0 0 0 0]
 [0 2 0 0 8 0 0 4 1]
 [0 0 0 9 7 1 0 0 0]]
Solution:
[[3 5 8 6 9 4 1 2 0]
 [4 0 6 8 1 2 9 7 3]
 [9 2 1 7 0 3 6 8 5]
 [8 1 3 4 6 0 5 0 9]
 [6 4 0 3 7 5 8 0 2]
 [5 9 7 2 8 0 4 1 6]
 [0 6 2 1 3 0 7 9 8]
 [7 0 5 9 4 8 3 6 1]
 [1 8 9 5 0 6 2 4 0]]
Number of cells unfilled: 13
Accuracy: 83.9506172839506
Sample: 70955
Question:
[[0 0 0 0 7 6 0 1 0]
 [0 6 0 0 1 0 4 0 0]
 [0 9 0 0 5 0 0 2 0]
 [0 2 8 0 0 0 0 0 0]
 [0 1 7 2 6 0 9 5 0]
 [3 0 0 4 9 0 0 0 8]
 [0 8 0 0 0 3 6 0 7]
 [1 0 4 0 0 7 0 9 0]
 [0 0 2 5 4 0 8 0 0]]
Solution:
[[3 5 8 6 9 4 1 2 0]
 [4 0 6 8 1 2 9 7 3]
 [9 2 1 7 0 3 6 8 5]
 [8 1 3 4 6 0 5 0 9]
 [6 4 0 3 7 5 8 0 2]
 [5 9 7 2 8 0 4 1 6]
 [0 6 2 1 3 0 7 9 8]
 [7 0 5 9 4 8 3 6 1]
 [1 8 9 5 0 6 2 4 0]]
Number of cells unfilled: 13
Accuracy: 83.9506172839506
Sample: 70956
Question:
[[0 0 0 0 5 0 1 0 0]
 [1 0 2 0 0 7 0 0 8]
 [7 4 0 8 0 0 0 0 0]
 [0 3 0 4 0 0 0 2 0]
 [5 0 0 0 9 0 6 0 0]
 [0 0 7 0 0 0 0 0 0]
 [0 0 3 0 6 0 0 9 5]
 [9 0 0 0 0 0 0 1 6]
 [0 0 0 0 0 0 3 0 0]]
Solution:
[[3 5 8 6 9 4 1 2 0]
 [4 0 6 8 1 2 9 7 3]
 [9 2 1 7 0 3 6 8 5]
 [8 1 3 4 6 0 5 0 9]
 [6 4 0 0 7 5 8 3 2]
 [5 9 7 2 8 0 4 1 6]
 [0 6 2 1 3 0 7 9 8]
 [7 0 5 9 4 8 3 6 1]
 [1 8 9 5 0 6 2 4 0]]
Number of cells unfilled: 13
Accuracy: 83.9506172839506
Sample: 70957
Question:
[[5 0 0 0 8 0 0 0 2]
 [0 3 0 0 0 6 8 0 7]
 [0 0 8 0 0 0 0 9 0]
 [0 0 0 0 3 4 0 0 1]
 [0 0 2 0 6 7 0 0 0]
 [0 4 0 8 0 0 7 0 0]
 [0 0 9 0 0 0 0 1 0]
 [0 0 0 0 0 0 0 0 5]
 [0 6 0 0 4 0 3 0 0]]
Solution:
[[3 5 8 6 9 4 1 2 0]
 [4 0 6 8 1 2 9 7 3]
 [9 2 1 7 0 3 6 8 5]
 [8 1 3 4 6 0 5 0 9]
 [6 4 0 0 7 9 8 3 2]
 [5 9 7 2 8 0 4 1 6]
 [0 6 2 1 3 0 7 9 8]
 [7 0 5 9 4 8 3 6 1]
 [1 8 9 5 0 6 2 4 0]]
Number of cells unfilled: 13
Accuracy: 83.9506172839506
Sample: 70958
Question:
[[0 0 6 8 9 0 1 7 0]
 [0 0 7 0 3 0 0 6 2]
 [1 0 0 0 0 0 0 0 5]
 [3 0 0 0 2 0 0 0 9]
 [0 0 2 0 0 0 6 0 0]
 [0 7 0 3 0 0 0 2 0]
 [0 0 3 0 7 0 0 9 0]
 [0 8 0 0 0 0 0 0 0]
 [7 0 0 4 0 0 0 0 6]]
Solution:
[[3 5 8 6 9 4 1 2 0]
 [4 0 6 8 1 2 9 7 3]
 [9 2 1 7 0 3 6 8 5]
 [8 1 3 4 6 0 5 0 9]
 [6 4 0 0 7 9 8 3 2]
 [5 9 0 2 8 0 4 1 7]
 [0 6 2 1 3 0 7 9 8]
 [7 0 5 9 4 8 3 6 1]
 [1 8 9 5 0 6 2 4 0]]
Number of cells unfilled: 14
Accuracy: 82.71604938271605
Sample: 70959
Question:
[[0 2 0 0 0 8 7 0 0]
 [9 0 0 0 5 0 0 6 0]
 [0 0 4 1 0 0 0 0 0]
 [0 0 0 0 0 0 2 7 0]
 [8 0 0 0 0 9 0 0 0]
 [0 0 1 6 0 0 0 8 9]
 [0 3 0 0 2 0 0 5 0]
 [4 0 0 0 0 3 8 0 0]
 [0 0 0 9 0 0 0 0 7]]
Solution:
[[3 5 8 6 9 4 1 2 0]
 [4 0 6 8 5 2 9 7 3]
 [9 2 1 7 0 3 6 8 5]
 [8 1 3 4 6 0 5 0 9]
 [6 4 0 0 7 9 8 3 2]
 [5 9 0 2 8 0 4 1 7]
 [0 6 2 1 3 0 7 9 8]
 [7 0 5 9 4 8 3 6 1]
 [1 8 9 5 0 6 2 4 0]]
Number of cells unfilled: 14
Accuracy: 82.71604938271605
Sample: 70960
Question:
[[0 0 6 0 0 2 8 0 0]
 [0 2 0 6 0 0 0 1 0]
 [1 0 0 0 7 0 0 2 6]
 [0 0 9 0 0 1 0 8 0]
 [3 0 0 0 4 0 9 0 0]
 [0 0 0 5 0 0 0 0 1]
 [5 0 0 4 0 0 0 0 0]
 [0 7 0 0 0 0 0 3 0]
 [0 0 2 0 0 3 0 0 8]]
Solution:
[[3 5 8 6 9 4 1 2 0]
 [4 0 6 8 1 2 9 7 3]
 [9 2 1 7 0 3 6 8 5]
 [8 1 3 4 6 0 5 0 9]
 [6 4 0 0 7 1 8 3 2]
 [5 9 7 2 8 0 4 1 6]
 [0 6 2 1 3 0 7 9 8]
 [0 7 5 9 4 8 3 6 1]
 [1 8 9 5 0 6 2 4 0]]
Number of cells unfilled: 13
Accuracy: 83.9506172839506
Sample: 70961
Question:
[[0 4 0 0 8 0 3 2 9]
 [0 0 0 2 0 0 0 0 0]
 [0 0 6 0 0 0 4 7 0]
 [8 0 0 4 5 0 2 0 3]
 [0 0 0 0 0 0 0 0 0]
 [7 0 0 0 3 2 8 4 0]
 [0 0 0 9 0 0 0 0 0]
 [9 3 0 1 7 0 0 0 6]
 [0 1 0 0 0 0 0 0 0]]
Solution:
[[3 5 8 6 1 4 0 2 0]
 [4 0 6 8 5 2 9 7 3]
 [9 2 1 7 0 3 6 8 5]
 [8 1 3 4 6 0 5 0 9]
 [6 4 0 0 7 1 8 3 2]
 [5 9 7 2 8 0 4 1 6]
 [0 6 2 1 3 0 7 9 8]
 [7 0 5 9 4 8 3 6 1]
 [1 8 9 5 0 6 2 4 0]]
Number of cells unfilled: 14
Accuracy: 82.71604938271605
Sample: 70962
Question:
[[0 0 3 0 0 4 7 5 0]
 [0 0 0 9 7 0 8 0 0]
 [0 4 0 0 0 0 0 0 0]
 [6 9 0 2 0 0 0 0 0]
 [0 0 0 0 6 0 3 0 0]
 [0 0 0 4 1 0 0 0 6]
 [0 8 0 0 9 0 2 0 3]
 [0 0 0 3 0 0 0 7 0]
 [3 0 7 0 0 2 0 0 9]]
Solution:
[[3 5 8 6 9 4 1 2 0]
 [4 0 6 8 1 2 9 7 3]
 [9 2 1 7 0 3 6 8 5]
 [8 1 3 4 6 0 5 0 9]
 [6 4 0 0 7 9 8 3 2]
 [5 9 0 2 8 0 4 1 7]
 [0 6 2 1 3 0 7 9 8]
 [7 0 5 9 4 8 3 6 1]
 [1 8 9 5 0 6 2 4 0]]
Number of cells unfilled: 14
Accuracy: 82.71604938271605
Sample: 70963
Question:
[[4 0 0 0 6 0 0 7 0]
 [0 0 3 5 0 0 0 0 9]
 [0 6 0 0 0 0 3 0 0]
 [0 5 0 2 0 0 0 0 1]
 [6 0 0 4 9 0 0 8 0]
 [0 0 4 0 0 1 0 0 0]
 [0 4 8 0 0 9 0 2 0]
 [0 0 6 0 2 0 8 0 0]
 [2 0 0 0 0 0 0 0 7]]
Solution:
[[3 5 8 6 9 4 1 2 0]
 [4 0 6 8 1 2 9 7 3]
 [9 2 1 7 0 3 6 8 5]
 [8 1 3 4 6 0 5 0 9]
 [6 4 0 3 7 9 8 0 2]
 [5 9 7 2 8 0 4 1 6]
 [0 6 2 1 3 0 7 9 8]
 [7 0 5 9 4 8 3 6 1]
 [1 8 9 5 0 6 2 4 0]]
Number of cells unfilled: 13
Accuracy: 83.9506172839506
Sample: 70964
Question:
[[0 0 0 6 0 0 0 0 0]
 [0 0 3 0 9 0 8 0 0]
 [6 0 4 0 0 5 0 9 2]
 [9 0 0 8 0 0 0 0 4]
 [0 0 0 7 0 0 0 0 0]
 [0 0 0 5 6 2 0 8 0]
 [0 0 0 0 7 1 2 0 0]
 [1 6 0 0 2 0 0 4 0]
 [2 0 0 0 0 0 0 0 1]]
Solution:
[[3 5 8 6 9 4 1 2 0]
 [4 0 6 8 1 2 9 7 3]
 [9 2 1 7 0 3 6 8 5]
 [8 1 3 4 6 0 5 0 9]
 [6 4 0 0 7 9 8 3 2]
 [5 9 7 2 8 0 4 1 6]
 [0 6 2 1 3 0 7 9 8]
 [7 0 5 9 4 8 3 6 1]
 [1 8 9 5 0 6 2 4 0]]
Number of cells unfilled: 13
Accuracy: 83.9506172839506
Sample: 70965
Question:
[[0 1 0 6 0 0 0 0 0]
 [5 0 0 0 0 3 2 0 0]
 [0 0 8 0 1 0 0 0 6]
 [9 0 0 0 3 0 0 0 5]
 [0 0 0 4 0 0 9 0 0]
 [0 0 0 0 0 9 0 2 3]
 [0 0 0 7 0 0 0 8 0]
 [0 0 7 0 2 0 0 0 0]
 [2 0 0 0 0 4 5 0 0]]
Solution:
[[3 5 8 6 9 4 1 2 0]
 [4 0 6 8 1 2 9 7 3]
 [9 2 1 7 0 3 6 8 5]
 [8 1 3 4 6 0 5 0 9]
 [6 4 0 0 7 5 8 3 2]
 [5 9 0 2 8 0 4 1 7]
 [0 6 2 1 3 0 7 9 8]
 [7 0 5 9 4 8 3 6 1]
 [1 8 9 5 0 6 2 4 0]]
Number of cells unfilled: 14
Accuracy: 82.71604938271605
Sample: 70966
Question:
[[0 0 0 2 0 0 0 9 0]
 [9 0 0 0 3 0 0 0 1]
 [0 5 0 0 0 7 8 0 0]
 [4 0 0 0 0 0 1 8 0]
 [0 0 6 0 0 0 0 4 0]
 [0 1 0 0 0 9 0 0 3]
 [0 8 0 0 1 0 0 0 5]
 [0 0 2 6 0 0 0 1 0]
 [0 0 0 0 0 3 4 0 0]]
Solution:
[[3 5 8 6 9 4 1 2 0]
 [4 0 6 8 1 2 9 7 3]
 [9 2 1 7 0 3 6 8 5]
 [8 1 3 4 6 0 5 0 9]
 [6 4 0 3 7 1 8 0 2]
 [5 9 7 2 8 0 4 1 6]
 [0 6 2 1 3 0 7 9 8]
 [7 0 5 9 4 8 3 6 1]
 [1 8 9 5 0 6 2 4 0]]
Number of cells unfilled: 13
Accuracy: 83.9506172839506
Sample: 70967
Question:
[[0 1 0 8 0 0 9 0 0]
 [2 0 0 0 1 0 0 0 8]
 [0 0 8 5 0 9 0 0 0]
 [6 0 0 0 0 0 0 0 3]
 [0 0 4 0 5 0 1 0 0]
 [0 0 1 7 0 3 0 4 0]
 [0 7 0 0 0 0 0 6 0]
 [0 0 2 0 9 0 8 0 0]
 [0 0 0 0 0 0 0 0 4]]
Solution:
[[3 5 8 6 9 4 1 2 0]
 [4 0 6 8 5 2 9 7 3]
 [9 2 1 7 0 3 6 8 5]
 [8 1 3 4 6 0 5 0 9]
 [6 4 0 0 7 5 8 3 2]
 [5 9 0 2 8 0 4 1 7]
 [0 6 2 1 3 0 7 9 8]
 [7 0 5 9 4 8 3 6 1]
 [1 8 9 5 0 6 2 4 0]]
Number of cells unfilled: 14
Accuracy: 82.71604938271605
Sample: 70968
Question:
[[0 5 7 0 0 0 8 0 0]
 [1 0 0 0 5 0 0 0 2]
 [6 3 0 0 0 0 0 0 5]
 [0 1 0 0 6 0 0 4 0]
 [4 0 9 0 0 0 0 1 0]
 [0 7 0 0 0 1 0 0 9]
 [0 2 4 8 0 0 3 0 0]
 [7 0 0 2 4 0 0 0 0]
 [0 0 0 3 0 0 0 0 0]]
Solution:
[[3 5 8 6 9 4 1 2 0]
 [4 0 6 8 1 2 9 7 3]
 [9 2 1 7 0 3 6 8 5]
 [8 1 3 4 6 0 5 0 9]
 [6 4 0 0 7 1 8 3 2]
 [5 9 0 2 8 0 4 1 7]
 [0 6 2 1 3 0 7 9 8]
 [0 7 5 9 4 8 3 6 1]
 [1 8 9 5 0 6 2 4 0]]
Number of cells unfilled: 14
Accuracy: 82.71604938271605
Sample: 70969
Question:
[[0 0 0 0 0 4 1 7 0]
 [7 0 0 0 3 0 0 2 6]
 [0 0 1 0 6 0 3 0 4]
 [8 0 9 0 0 0 0 0 1]
 [0 0 0 0 0 0 0 0 7]
 [0 0 3 0 0 2 0 4 0]
 [0 0 2 0 4 7 0 0 0]
 [0 0 0 1 0 0 0 0 2]
 [0 3 0 6 0 0 0 0 0]]
Solution:
[[3 5 8 6 9 4 1 2 0]
 [4 0 6 8 5 2 9 7 3]
 [9 2 1 7 0 3 6 8 5]
 [8 1 3 4 6 0 5 0 9]
 [6 4 0 3 7 5 8 0 2]
 [5 9 7 2 8 0 4 1 6]
 [0 6 2 1 3 0 7 9 8]
 [0 7 5 9 4 8 3 6 1]
 [1 8 9 5 0 6 2 4 0]]
Number of cells unfilled: 13
Accuracy: 83.9506172839506
Sample: 70970
Question:
[[0 0 8 0 0 0 0 0 0]
 [0 1 3 4 0 0 0 0 0]
 [9 2 0 0 1 0 0 0 0]
 [2 0 0 0 0 0 8 0 0]
 [0 4 0 0 0 9 0 3 1]
 [0 3 9 0 8 0 4 2 0]
 [0 0 0 0 0 0 0 9 0]
 [0 0 0 0 6 7 0 8 0]
 [1 0 0 0 4 0 0 0 2]]
Solution:
[[3 5 8 6 9 4 1 2 0]
 [4 0 6 8 1 2 9 7 3]
 [9 2 1 7 0 3 6 8 5]
 [8 1 3 4 6 0 5 0 9]
 [6 4 0 3 7 5 8 0 2]
 [5 9 7 2 8 0 4 1 6]
 [0 6 2 1 3 0 7 9 8]
 [7 0 5 9 4 8 3 6 1]
 [1 8 9 5 0 6 2 4 0]]
Number of cells unfilled: 13
Accuracy: 83.9506172839506
Sample: 70971
Question:
[[0 2 0 8 4 0 0 5 0]
 [0 0 0 0 0 0 8 0 0]
 [0 0 3 0 6 0 0 0 0]
 [2 8 0 0 0 0 0 0 0]
 [3 0 5 9 0 0 0 0 0]
 [0 9 1 0 2 3 0 0 0]
 [0 1 8 0 0 0 5 9 0]
 [0 0 0 0 0 0 1 0 2]
 [9 0 0 5 0 0 0 3 0]]
Solution:
[[3 5 8 6 9 4 1 2 0]
 [4 0 6 8 5 2 9 7 3]
 [9 2 1 7 0 3 6 8 5]
 [8 1 3 4 6 0 5 0 9]
 [6 4 0 0 7 1 8 3 2]
 [5 9 0 2 8 0 4 1 7]
 [0 6 2 1 3 0 7 9 8]
 [7 0 5 9 4 8 3 6 1]
 [1 8 9 5 0 6 2 4 0]]
Number of cells unfilled: 14
Accuracy: 82.71604938271605
Sample: 70972
Question:
[[5 0 0 0 3 0 0 0 1]
 [0 6 0 0 0 0 0 9 4]
 [0 7 0 0 0 0 0 0 0]
 [0 5 1 7 0 2 0 0 6]
 [3 2 0 0 0 1 0 7 0]
 [0 0 6 0 5 0 0 0 0]
 [0 3 0 6 0 0 0 0 0]
 [0 0 0 2 0 0 1 0 0]
 [0 0 0 0 7 5 0 0 3]]
Solution:
[[3 5 8 6 9 4 1 2 0]
 [4 0 6 8 1 2 9 7 3]
 [9 2 1 7 0 3 6 8 5]
 [8 1 3 4 6 0 5 0 9]
 [6 4 0 3 7 1 8 0 2]
 [5 9 7 2 8 0 4 1 6]
 [0 6 2 1 3 0 7 9 8]
 [7 0 5 9 4 8 3 6 1]
 [1 8 9 5 0 6 2 4 0]]
Number of cells unfilled: 13
Accuracy: 83.9506172839506
Sample: 70973
Question:
[[6 0 2 0 0 4 0 9 0]
 [0 7 0 2 0 0 0 0 0]
 [0 8 4 9 0 6 0 0 7]
 [0 0 7 0 0 0 0 0 0]
 [0 2 0 8 0 0 0 6 0]
 [0 0 9 0 0 0 0 5 3]
 [0 0 0 7 0 2 0 8 0]
 [0 0 0 0 4 8 6 0 0]
 [0 0 0 0 9 0 0 0 0]]
Solution:
[[3 5 8 6 9 4 1 2 0]
 [4 0 6 8 1 2 9 7 3]
 [9 2 1 7 0 3 6 8 5]
 [8 1 3 4 6 0 5 0 9]
 [6 4 0 0 7 5 8 3 2]
 [5 9 7 2 8 0 4 1 6]
 [0 6 2 1 3 0 7 9 8]
 [7 0 5 9 4 8 3 6 1]
 [1 8 9 5 0 6 2 4 0]]
Number of cells unfilled: 13
Accuracy: 83.9506172839506
Sample: 70974
Question:
[[7 0 9 0 0 5 0 2 0]
 [6 0 0 0 0 0 0 0 4]
 [0 0 0 9 0 0 0 0 0]
 [0 0 3 0 0 0 4 0 5]
 [0 0 0 0 0 0 0 9 0]
 [2 4 0 0 5 0 0 3 8]
 [0 0 5 0 0 4 3 0 2]
 [0 0 0 8 2 0 0 0 0]
 [0 0 0 0 0 3 0 8 9]]
Solution:
[[3 5 8 6 9 4 1 2 0]
 [4 0 6 8 5 2 9 7 3]
 [9 2 1 7 0 3 6 8 5]
 [8 1 3 4 6 0 5 0 9]
 [6 4 0 3 7 1 8 0 2]
 [5 9 7 2 8 0 4 1 6]
 [0 6 2 1 3 0 7 9 8]
 [7 0 5 9 4 8 3 6 1]
 [1 8 9 5 0 6 2 4 0]]
Number of cells unfilled: 13
Accuracy: 83.9506172839506
Sample: 70975
Question:
[[0 0 3 0 0 0 0 0 7]
 [0 0 0 0 0 3 2 4 0]
 [2 0 0 7 0 0 5 0 0]
 [0 0 0 9 0 0 8 0 0]
 [5 0 0 0 0 2 0 0 4]
 [0 1 0 0 7 0 0 0 0]
 [3 0 0 0 0 4 0 0 5]
 [0 0 8 0 6 0 4 0 0]
 [0 0 0 1 0 0 0 6 0]]
Solution:
[[3 5 8 6 9 4 1 2 0]
 [4 0 6 8 5 2 9 7 3]
 [9 2 1 7 0 3 6 8 5]
 [8 1 3 4 6 0 5 0 9]
 [6 4 0 0 7 9 8 3 2]
 [5 9 0 2 8 0 4 1 7]
 [0 6 2 1 3 0 7 9 8]
 [7 0 5 9 4 8 3 6 1]
 [1 8 9 5 0 6 2 4 0]]
Number of cells unfilled: 14
Accuracy: 82.71604938271605
Sample: 70976
Question:
[[0 0 2 6 0 0 5 0 0]
 [0 0 0 0 8 0 2 0 3]
 [0 1 0 0 0 3 0 6 0]
 [0 0 0 0 7 0 0 0 9]
 [7 0 0 9 0 0 0 0 0]
 [0 4 0 0 0 6 0 3 0]
 [0 0 4 0 0 8 0 0 6]
 [0 8 0 0 6 0 3 0 0]
 [1 0 0 5 0 0 0 8 0]]
Solution:
[[3 5 8 6 9 4 1 2 0]
 [4 0 6 8 1 2 9 7 3]
 [9 2 1 7 0 3 6 8 5]
 [8 1 3 4 6 0 5 0 9]
 [6 4 0 0 7 9 8 3 2]
 [5 9 7 2 8 0 4 1 6]
 [0 6 2 1 3 0 7 9 8]
 [7 0 5 9 4 8 3 6 1]
 [1 8 9 5 0 6 2 4 0]]
Number of cells unfilled: 13
Accuracy: 83.9506172839506
Sample: 70977
Question:
[[1 0 0 0 0 0 0 0 3]
 [9 0 0 2 0 0 0 0 0]
 [0 4 0 0 1 0 9 6 0]
 [0 0 9 0 5 0 1 8 0]
 [0 0 0 6 0 0 0 0 0]
 [4 5 0 0 0 1 7 0 6]
 [0 0 4 0 0 8 0 0 7]
 [0 8 0 0 0 0 0 0 0]
 [5 0 0 0 6 0 8 4 0]]
Solution:
[[3 5 8 6 9 4 1 2 0]
 [4 0 6 8 5 2 9 7 3]
 [9 2 1 7 0 3 6 8 5]
 [8 1 3 4 6 0 5 0 9]
 [6 4 0 0 7 5 8 3 2]
 [5 9 7 2 8 0 4 1 6]
 [0 6 2 1 3 0 7 9 8]
 [7 0 5 9 4 8 3 6 1]
 [1 8 9 5 0 6 2 4 0]]
Number of cells unfilled: 13
Accuracy: 83.9506172839506
Sample: 70978
Question:
[[0 6 0 0 0 0 0 1 0]
 [9 3 8 0 0 0 0 4 0]
 [0 0 0 0 0 0 0 0 8]
 [0 0 4 0 7 0 0 9 0]
 [0 0 0 5 0 1 0 0 4]
 [6 0 0 2 0 0 7 0 0]
 [0 2 0 0 0 8 3 0 0]
 [0 0 0 0 4 0 0 0 9]
 [0 8 0 0 0 3 0 0 7]]
Solution:
[[3 5 8 6 9 4 1 2 0]
 [4 0 6 8 1 2 9 7 3]
 [9 2 1 7 0 3 6 8 5]
 [8 1 3 4 6 0 5 0 9]
 [6 4 0 0 7 9 8 3 2]
 [5 9 7 2 8 0 4 1 6]
 [0 6 2 1 3 0 7 9 8]
 [0 7 5 9 4 8 3 6 1]
 [1 8 9 5 0 6 2 4 0]]
Number of cells unfilled: 13
Accuracy: 83.9506172839506
Sample: 70979
Question:
[[0 0 0 0 1 0 0 0 2]
 [0 0 0 4 0 0 7 0 0]
 [6 0 0 0 0 8 0 5 0]
 [0 0 0 0 9 0 4 0 0]
 [8 0 0 0 0 2 0 6 0]
 [0 0 5 7 0 0 0 0 1]
 [5 0 3 0 0 0 0 0 0]
 [0 2 6 0 0 9 0 3 0]
 [9 8 0 0 0 0 2 0 0]]
Solution:
[[3 5 8 6 9 4 1 2 0]
 [4 0 6 8 1 2 9 7 3]
 [9 2 1 7 0 3 6 8 5]
 [8 1 3 4 6 0 5 0 9]
 [6 4 0 3 7 1 8 0 2]
 [5 9 7 2 8 0 4 1 6]
 [0 6 2 1 3 0 7 9 8]
 [7 0 5 9 4 8 3 6 1]
 [1 8 9 5 0 6 2 4 0]]
Number of cells unfilled: 13
Accuracy: 83.9506172839506
Sample: 70980
Question:
[[0 0 0 0 6 0 0 0 8]
 [0 6 4 0 0 0 0 1 0]
 [7 0 0 1 0 0 3 0 0]
 [0 0 0 0 0 0 0 4 2]
 [0 0 8 0 0 2 0 0 0]
 [9 0 0 3 0 0 1 0 0]
 [0 9 0 5 0 0 0 0 0]
 [5 0 0 0 7 1 0 9 0]
 [0 0 1 0 3 0 5 0 0]]
Solution:
[[3 5 8 6 1 4 0 2 0]
 [4 0 6 8 5 2 9 7 3]
 [9 2 1 7 0 3 6 8 5]
 [8 1 3 4 6 0 5 0 9]
 [6 4 0 3 7 5 8 0 2]
 [5 9 7 2 8 0 4 1 6]
 [0 6 2 1 3 0 7 9 8]
 [7 0 5 9 4 8 3 6 1]
 [1 8 9 5 0 6 2 4 0]]
Number of cells unfilled: 14
Accuracy: 82.71604938271605
Sample: 70981
Question:
[[0 0 9 0 7 0 0 6 0]
 [7 0 0 0 0 1 0 5 0]
 [0 1 0 9 0 0 7 0 0]
 [0 2 3 0 0 0 0 0 0]
 [0 0 0 0 0 8 0 0 2]
 [1 0 0 0 9 0 5 0 0]
 [0 0 0 4 0 3 0 0 0]
 [5 0 0 0 6 0 1 0 0]
 [0 8 0 0 0 0 0 4 0]]
Solution:
[[3 5 8 6 1 4 0 2 0]
 [4 0 6 8 5 2 9 7 3]
 [9 2 1 7 0 3 6 8 5]
 [8 1 3 4 6 0 5 0 9]
 [6 4 0 3 7 1 8 0 2]
 [5 9 7 2 8 0 4 1 6]
 [0 6 2 1 3 0 7 9 8]
 [7 0 5 9 4 8 3 6 1]
 [1 8 9 5 0 6 2 4 0]]
Number of cells unfilled: 14
Accuracy: 82.71604938271605
Sample: 70982
Question:
[[0 1 0 0 0 0 9 5 2]
 [0 0 5 0 9 0 7 0 8]
 [0 0 0 0 0 0 0 0 0]
 [9 3 0 0 7 0 0 4 1]
 [0 8 0 1 0 0 0 0 0]
 [0 4 0 0 2 9 5 0 0]
 [0 0 0 0 0 1 6 3 0]
 [1 0 0 0 0 4 0 0 0]
 [0 6 0 0 0 8 0 7 0]]
Solution:
[[3 5 8 6 9 4 1 2 0]
 [4 0 6 8 5 2 9 7 3]
 [9 2 1 7 0 3 6 8 5]
 [8 1 3 4 6 0 5 0 9]
 [6 4 0 3 7 9 8 0 2]
 [5 9 7 2 8 0 4 1 6]
 [0 6 2 1 3 0 7 9 8]
 [7 0 5 9 4 8 3 6 1]
 [1 8 9 5 0 6 2 4 0]]
Number of cells unfilled: 13
Accuracy: 83.9506172839506
Sample: 70983
Question:
[[0 0 0 0 0 6 0 2 0]
 [0 1 0 0 4 0 5 0 0]
 [0 0 4 3 0 0 0 9 0]
 [0 0 0 9 0 0 0 0 0]
 [5 0 0 0 8 0 1 3 0]
 [0 0 0 0 3 2 0 0 6]
 [8 0 0 0 0 3 0 0 0]
 [1 7 0 0 0 0 0 0 0]
 [0 0 5 0 7 0 8 0 0]]
Solution:
[[3 5 8 6 9 4 1 2 0]
 [4 0 6 8 1 2 9 7 3]
 [9 2 1 7 0 3 6 8 5]
 [8 1 3 4 6 0 5 0 9]
 [6 4 0 0 7 9 8 3 2]
 [5 9 7 2 8 0 4 1 6]
 [0 6 2 1 3 0 7 9 8]
 [7 0 5 9 4 8 3 6 1]
 [1 8 9 5 0 6 2 4 0]]
Number of cells unfilled: 13
Accuracy: 83.9506172839506
Sample: 70984
Question:
[[0 0 7 4 0 0 0 1 0]
 [0 0 0 0 7 0 3 0 0]
 [0 0 0 0 8 1 0 0 0]
 [5 0 0 2 0 0 0 0 3]
 [0 0 4 0 0 8 0 2 0]
 [9 0 0 0 0 0 6 0 0]
 [3 0 8 0 4 0 0 7 0]
 [7 0 0 0 0 0 0 0 5]
 [0 6 0 0 0 0 9 0 0]]
Solution:
[[3 5 8 6 9 4 1 2 0]
 [4 0 6 8 1 2 9 7 3]
 [9 2 1 7 0 3 6 8 5]
 [8 1 3 4 6 0 5 0 9]
 [6 4 0 0 7 5 8 3 2]
 [5 9 7 2 8 0 4 1 6]
 [0 6 2 1 3 0 7 9 8]
 [7 0 5 9 4 8 3 6 1]
 [1 8 9 5 0 6 2 4 0]]
Number of cells unfilled: 13
Accuracy: 83.9506172839506
Sample: 70985
Question:
[[0 2 0 5 9 0 0 0 0]
 [0 0 0 0 0 7 0 0 5]
 [6 0 7 3 0 4 8 0 0]
 [0 0 3 0 5 0 2 9 0]
 [2 0 0 0 0 0 7 0 0]
 [0 7 0 0 3 0 0 6 0]
 [0 0 9 1 0 0 0 0 0]
 [0 0 0 9 7 0 3 5 0]
 [7 0 6 0 0 0 0 8 0]]
Solution:
[[3 5 8 6 9 4 1 2 0]
 [4 0 6 8 1 2 9 7 3]
 [9 2 1 7 0 3 6 8 5]
 [8 1 3 4 6 0 5 0 9]
 [6 4 0 3 7 1 8 0 2]
 [5 9 7 2 8 0 4 1 6]
 [0 6 2 1 3 0 7 9 8]
 [7 0 5 9 4 8 3 6 1]
 [1 8 9 5 0 6 2 4 0]]
Number of cells unfilled: 13
Accuracy: 83.9506172839506
Sample: 70986
Question:
[[0 1 0 0 5 0 0 2 0]
 [0 4 0 6 0 3 0 0 5]
 [0 0 9 2 0 0 0 4 0]
 [0 6 7 5 0 0 0 8 0]
 [0 0 0 0 7 0 0 0 0]
 [8 0 0 9 0 0 0 0 0]
 [0 3 0 0 2 6 0 5 0]
 [0 0 0 0 0 0 1 0 0]
 [0 2 5 0 1 0 0 0 0]]
Solution:
[[3 5 8 6 9 4 1 2 0]
 [4 0 6 8 1 2 9 7 3]
 [9 2 1 7 0 3 6 8 5]
 [8 1 3 4 6 0 5 0 9]
 [6 4 0 3 7 1 8 0 2]
 [5 9 7 2 8 0 4 1 6]
 [0 6 2 1 3 0 7 9 8]
 [0 7 5 9 4 8 3 6 1]
 [1 8 9 5 0 6 2 4 0]]
Number of cells unfilled: 13
Accuracy: 83.9506172839506
Sample: 70987
Question:
[[4 7 2 0 0 5 0 0 0]
 [1 0 0 0 0 0 0 0 5]
 [0 0 5 1 9 0 0 0 0]
 [0 0 0 9 7 2 4 3 0]
 [0 0 0 0 0 8 9 0 6]
 [0 2 0 0 0 0 0 0 0]
 [6 0 0 0 0 7 0 0 0]
 [0 4 0 6 0 0 8 1 0]
 [0 0 0 4 0 9 0 0 0]]
Solution:
[[3 5 8 6 9 4 1 2 0]
 [4 0 6 8 1 2 9 7 3]
 [9 2 1 7 0 3 6 8 5]
 [8 1 3 4 6 0 5 0 9]
 [6 4 0 0 7 5 8 3 2]
 [5 9 7 2 8 0 4 1 6]
 [0 6 2 1 3 0 7 9 8]
 [7 0 5 9 4 8 3 6 1]
 [1 8 9 5 0 6 2 4 0]]
Number of cells unfilled: 13
Accuracy: 83.9506172839506
Sample: 70988
Question:
[[2 0 0 0 0 0 0 7 0]
 [7 0 0 3 4 0 0 0 0]
 [8 5 0 0 0 0 0 3 0]
 [6 0 5 0 0 0 3 0 0]
 [0 0 7 0 0 3 0 9 1]
 [0 0 9 8 0 5 0 6 0]
 [0 0 0 2 0 0 9 0 6]
 [0 0 0 9 0 0 0 0 0]
 [0 0 0 7 6 0 0 0 8]]
Solution:
[[3 5 8 6 9 4 1 2 0]
 [4 0 6 8 5 2 9 7 3]
 [9 2 1 7 0 3 6 8 5]
 [8 1 3 4 6 0 5 0 9]
 [6 4 0 3 7 9 8 0 2]
 [5 9 7 2 8 0 4 1 6]
 [0 6 2 1 3 0 7 9 8]
 [7 0 5 9 4 8 3 6 1]
 [1 8 9 5 0 6 2 4 0]]
Number of cells unfilled: 13
Accuracy: 83.9506172839506
Sample: 70989
Question:
[[0 2 8 0 0 0 3 0 0]
 [0 6 0 0 0 0 0 0 4]
 [4 0 0 6 0 0 0 0 1]
 [0 0 3 0 0 0 0 0 6]
 [6 0 0 0 2 9 0 8 0]
 [0 9 2 0 0 6 0 0 3]
 [0 0 0 0 9 0 0 4 7]
 [0 0 0 7 8 1 9 0 0]
 [0 0 0 0 0 0 0 0 0]]
Solution:
[[3 5 8 6 1 4 0 2 0]
 [4 0 6 8 5 2 9 7 3]
 [9 2 1 7 0 3 6 8 5]
 [8 1 3 4 6 0 5 0 9]
 [6 4 0 3 7 9 8 0 2]
 [5 9 7 2 8 0 4 1 6]
 [0 6 2 1 3 0 7 9 8]
 [0 7 5 9 4 8 3 6 1]
 [1 8 9 5 0 6 2 4 0]]
Number of cells unfilled: 14
Accuracy: 82.71604938271605
Sample: 70990
Question:
[[0 0 0 0 0 8 0 0 0]
 [0 8 0 0 0 0 6 0 4]
 [7 0 9 4 0 0 0 5 0]
 [0 0 8 0 0 0 0 6 0]
 [0 4 0 0 1 0 0 0 9]
 [9 0 6 8 0 0 4 0 0]
 [8 0 7 5 0 0 0 0 6]
 [0 0 0 0 0 2 7 0 0]
 [0 3 0 7 0 0 5 0 0]]
Solution:
[[3 5 8 6 9 4 1 2 0]
 [4 0 6 8 5 2 9 7 3]
 [9 2 1 7 0 3 6 8 5]
 [8 1 3 4 6 0 5 0 9]
 [6 4 0 0 7 1 8 3 2]
 [5 9 7 2 8 0 4 1 6]
 [0 6 2 1 3 0 7 9 8]
 [7 0 5 9 4 8 3 6 1]
 [1 8 9 5 0 6 2 4 0]]
Number of cells unfilled: 13
Accuracy: 83.9506172839506
Sample: 70991
Question:
[[0 0 5 3 0 0 2 0 0]
 [0 3 0 0 0 0 0 0 8]
 [0 0 6 2 0 9 3 0 0]
 [0 1 0 0 0 7 0 0 0]
 [0 0 4 5 0 0 6 0 0]
 [0 0 0 0 0 0 0 0 9]
 [0 0 0 0 0 0 4 0 0]
 [0 0 3 0 2 0 0 0 6]
 [4 5 0 6 0 0 0 3 0]]
Solution:
[[3 5 8 6 9 4 1 2 0]
 [4 0 6 8 1 2 9 7 3]
 [9 2 1 7 0 3 6 8 5]
 [8 1 3 4 6 0 5 0 9]
 [6 4 0 3 7 9 8 0 2]
 [5 9 7 2 8 0 4 1 6]
 [0 6 2 1 3 0 7 9 8]
 [7 0 5 9 4 8 3 6 1]
 [1 8 9 5 0 6 2 4 0]]
Number of cells unfilled: 13
Accuracy: 83.9506172839506
Sample: 70992
Question:
[[5 0 0 0 0 2 0 4 0]
 [0 0 0 0 1 0 0 0 0]
 [0 8 1 7 0 0 2 0 0]
 [0 1 8 0 2 0 9 0 0]
 [0 0 0 0 0 8 0 0 0]
 [0 0 4 0 0 0 8 0 6]
 [0 9 2 0 0 1 7 0 0]
 [0 0 0 0 7 0 0 0 0]
 [0 0 0 0 9 0 0 0 3]]
Solution:
[[3 5 8 6 9 4 1 2 0]
 [4 0 6 8 5 2 9 7 3]
 [9 2 1 7 0 3 6 8 5]
 [8 1 3 4 6 0 5 0 9]
 [6 4 0 0 7 5 8 3 2]
 [5 9 0 2 8 0 4 1 7]
 [0 6 2 1 3 0 7 9 8]
 [7 0 5 9 4 8 3 6 1]
 [1 8 9 5 0 6 2 4 0]]
Number of cells unfilled: 14
Accuracy: 82.71604938271605
Sample: 70993
Question:
[[0 9 0 0 1 0 4 0 8]
 [0 0 0 9 0 4 2 0 0]
 [0 6 2 8 0 0 3 0 0]
 [0 7 4 0 8 6 0 2 0]
 [0 0 0 0 3 0 0 0 0]
 [0 0 0 0 0 0 0 0 0]
 [0 0 3 1 0 0 0 7 0]
 [9 4 0 0 2 0 5 0 0]
 [0 8 0 0 4 0 0 3 0]]
Solution:
[[3 5 8 6 9 4 1 2 0]
 [4 0 6 8 1 2 9 7 3]
 [9 2 1 7 0 3 6 8 5]
 [8 1 3 4 6 0 5 0 9]
 [6 4 0 0 7 9 8 3 2]
 [5 9 7 2 8 0 4 1 6]
 [0 6 2 1 3 0 7 9 8]
 [7 0 5 9 4 8 3 6 1]
 [1 8 9 5 0 6 2 4 0]]
Number of cells unfilled: 13
Accuracy: 83.9506172839506
Sample: 70994
Question:
[[0 2 0 0 9 0 0 0 0]
 [0 0 7 0 0 2 9 0 5]
 [0 0 0 3 0 0 0 0 0]
 [7 4 0 0 0 5 2 0 0]
 [0 0 2 0 0 0 0 0 0]
 [6 5 0 0 0 0 4 0 7]
 [0 0 0 1 0 0 0 9 8]
 [0 0 5 0 0 4 6 0 2]
 [8 0 0 0 2 0 0 0 0]]
Solution:
[[3 5 8 6 9 4 1 2 0]
 [4 0 6 8 5 2 9 7 3]
 [9 2 1 7 0 3 6 8 5]
 [8 1 3 4 6 0 5 0 9]
 [6 4 0 0 7 9 8 3 2]
 [5 9 7 2 8 0 4 1 6]
 [0 6 2 1 3 0 7 9 8]
 [7 0 5 9 4 8 3 6 1]
 [1 8 9 5 0 6 2 4 0]]
Number of cells unfilled: 13
Accuracy: 83.9506172839506
Sample: 70995
Question:
[[0 4 2 0 0 0 3 0 8]
 [0 0 0 0 4 0 5 0 1]
 [5 0 0 8 0 0 0 0 0]
 [0 0 0 0 7 0 0 0 0]
 [0 6 0 0 0 9 4 0 0]
 [1 0 0 4 0 0 0 0 5]
 [4 2 0 5 0 0 8 0 0]
 [3 0 0 7 0 0 1 0 4]
 [0 7 0 0 0 0 0 0 0]]
Solution:
[[3 5 8 6 9 4 1 2 0]
 [4 0 6 8 5 2 9 7 3]
 [9 2 1 7 0 3 6 8 5]
 [8 1 3 4 6 0 5 0 9]
 [6 4 0 0 7 1 8 3 2]
 [5 9 7 2 8 0 4 1 6]
 [0 6 2 1 3 0 7 9 8]
 [0 7 5 9 4 8 3 6 1]
 [1 8 9 5 0 6 2 4 0]]
Number of cells unfilled: 13
Accuracy: 83.9506172839506
Sample: 70996
Question:
[[0 9 3 0 0 7 8 0 0]
 [0 0 4 0 5 9 2 0 0]
 [0 0 0 0 8 0 0 0 0]
 [0 3 2 0 0 0 0 0 9]
 [0 4 7 5 0 0 0 0 0]
 [9 0 0 0 0 2 4 0 0]
 [0 0 9 0 1 0 0 6 0]
 [0 2 0 0 0 3 9 0 0]
 [0 0 0 0 0 0 0 0 8]]
Solution:
[[3 5 8 6 9 4 1 2 0]
 [4 0 6 8 1 2 9 7 3]
 [9 2 1 7 0 3 6 8 5]
 [8 1 3 4 6 0 5 0 9]
 [6 4 0 0 7 1 8 3 2]
 [5 9 7 2 8 0 4 1 6]
 [0 6 2 1 3 0 7 9 8]
 [7 0 5 9 4 8 3 6 1]
 [1 8 9 5 0 6 2 4 0]]
Number of cells unfilled: 13
Accuracy: 83.9506172839506
Sample: 70997
Question:
[[4 0 0 0 0 3 2 0 8]
 [2 0 0 0 0 6 0 0 7]
 [0 3 0 0 0 0 0 0 0]
 [0 5 0 9 0 0 0 0 2]
 [0 0 0 0 3 0 0 0 0]
 [8 0 0 0 5 2 6 0 0]
 [6 0 0 0 0 7 0 2 0]
 [0 0 1 0 0 0 7 0 4]
 [0 0 0 0 0 0 8 0 6]]
Solution:
[[3 5 8 6 1 4 0 2 0]
 [4 0 6 8 5 2 9 7 3]
 [9 2 1 7 0 3 6 8 5]
 [8 1 3 4 6 0 5 0 9]
 [6 4 0 0 7 9 8 3 2]
 [5 9 7 2 8 0 4 1 6]
 [0 6 2 1 3 0 7 9 8]
 [7 0 5 9 4 8 3 6 1]
 [1 8 9 5 0 6 2 4 0]]
Number of cells unfilled: 14
Accuracy: 82.71604938271605
Sample: 70998
Question:
[[5 2 0 0 0 0 0 0 0]
 [0 0 8 5 0 0 0 1 0]
 [6 1 0 0 0 7 0 0 0]
 [0 5 0 2 0 0 0 8 4]
 [0 0 0 0 0 8 0 0 3]
 [0 0 0 0 4 0 9 0 0]
 [1 0 0 8 0 0 0 5 0]
 [2 8 0 6 0 0 0 3 0]
 [0 0 0 0 3 0 0 0 0]]
Solution:
[[3 5 8 6 1 4 0 2 0]
 [4 0 6 8 5 2 9 7 3]
 [9 2 1 7 0 3 6 8 5]
 [8 1 3 4 6 0 5 0 9]
 [6 4 0 0 7 1 8 3 2]
 [5 9 7 2 8 0 4 1 6]
 [0 6 2 1 3 0 7 9 8]
 [7 0 5 9 4 8 3 6 1]
 [1 8 9 5 0 6 2 4 0]]
Number of cells unfilled: 14
Accuracy: 82.71604938271605
Sample: 70999
Question:
[[0 0 5 6 0 0 9 0 0]
 [0 0 7 0 5 0 0 0 2]
 [0 0 0 1 0 0 0 3 0]
 [0 0 0 3 0 0 6 0 0]
 [2 0 0 0 1 0 0 0 5]
 [0 0 0 0 0 9 0 1 0]
 [5 0 4 0 0 1 0 0 0]
 [7 0 2 0 0 0 0 0 0]
 [0 8 0 0 7 0 0 0 4]]
Solution:
[[3 5 8 6 9 4 1 2 0]
 [4 0 6 8 1 2 9 7 3]
 [9 2 1 7 0 3 6 8 5]
 [8 1 3 4 6 0 5 0 9]
 [6 4 0 0 7 1 8 3 2]
 [5 9 0 2 8 0 4 1 7]
 [0 6 2 1 3 0 7 9 8]
 [7 0 5 9 4 8 3 6 1]
 [1 8 9 5 0 6 2 4 0]]
Number of cells unfilled: 14
Accuracy: 82.71604938271605
Sample: 71000
Question:
[[0 0 8 0 0 4 0 0 0]
 [0 0 0 0 0 0 9 7 0]
 [9 0 0 7 0 0 0 0 5]
 [0 0 3 0 6 0 0 0 9]
 [0 4 0 0 0 0 0 0 2]
 [5 0 0 2 0 0 0 1 0]
 [0 6 0 0 3 0 0 9 0]
 [0 0 0 0 0 8 0 0 1]
 [1 0 0 5 0 0 2 0 0]]
Solution:
[[3 5 8 6 9 4 1 2 0]
 [4 0 6 8 1 2 9 7 3]
 [9 2 1 7 0 3 6 8 5]
 [8 1 3 4 6 0 5 0 9]
 [6 4 0 0 7 9 8 3 2]
 [5 9 0 2 8 0 4 1 7]
 [0 6 2 1 3 0 7 9 8]
 [0 7 5 9 4 8 3 6 1]
 [1 8 9 5 0 6 2 4 0]]
Number of cells unfilled: 14
Accuracy: 82.71604938271605
