2025-10-22 16:14:26.703731: I tensorflow/core/util/port.cc:153] oneDNN custom operations are on. You may see slightly different numerical results due to floating-point round-off errors from different computation orders. To turn them off, set the environment variable `TF_ENABLE_ONEDNN_OPTS=0`.
2025-10-22 16:14:26.805079: I tensorflow/core/platform/cpu_feature_guard.cc:210] This TensorFlow binary is optimized to use available CPU instructions in performance-critical operations.
To enable the following instructions: AVX2 AVX512F AVX512_VNNI FMA, in other operations, rebuild TensorFlow with the appropriate compiler flags.
2025-10-22 16:14:32.315757: I tensorflow/core/util/port.cc:153] oneDNN custom operations are on. You may see slightly different numerical results due to floating-point round-off errors from different computation orders. To turn them off, set the environment variable `TF_ENABLE_ONEDNN_OPTS=0`.
2025-10-22 16:14:38.044412: E external/local_xla/xla/stream_executor/cuda/cuda_platform.cc:51] failed call to cuInit: INTERNAL: CUDA error: Failed call to cuInit: UNKNOWN ERROR (303)
Sample: 73101
Question:
[[0 6 2 0 0 0 0 3 0]
 [5 0 0 0 4 0 0 0 2]
 [0 0 9 0 0 0 0 8 0]
 [0 0 1 5 0 0 0 9 3]
 [7 0 0 0 0 4 0 0 5]
 [0 0 0 0 1 0 8 0 0]
 [2 0 0 4 0 0 0 0 1]
 [0 0 6 0 0 1 0 0 0]
 [0 0 0 0 2 7 3 0 0]]
Solution:
[[3 5 4 7 2 0 9 1 0]
 [9 0 6 8 4 1 2 0 3]
 [7 2 1 0 6 3 4 5 8]
 [5 8 7 1 0 9 3 6 2]
 [4 9 2 3 7 8 1 0 5]
 [0 1 0 6 5 2 7 8 4]
 [1 4 3 9 8 5 0 7 6]
 [2 7 5 0 3 6 8 4 1]
 [6 0 8 4 1 7 5 2 9]]
Number of cells unfilled: 12
Accuracy: 85.18518518518519
Sample: 73102
Question:
[[0 7 0 0 4 0 0 0 2]
 [8 0 2 0 0 3 4 0 0]
 [4 0 5 0 0 0 0 6 0]
 [0 0 0 9 0 0 0 1 0]
 [0 0 0 3 0 0 6 2 0]
 [0 0 7 0 2 0 0 0 5]
 [0 5 0 1 0 0 0 4 0]
 [7 0 0 0 5 0 0 0 8]
 [0 0 4 0 0 9 0 0 0]]
Solution:
[[3 5 4 7 2 9 6 1 8]
 [9 7 6 8 4 1 2 0 3]
 [8 2 1 0 6 3 4 5 7]
 [5 8 7 1 9 4 3 6 2]
 [4 9 2 3 7 8 1 0 5]
 [0 1 0 6 5 2 7 8 4]
 [1 4 3 9 8 5 0 7 6]
 [2 0 5 0 3 6 8 4 1]
 [6 0 8 4 1 7 5 2 9]]
Number of cells unfilled: 9
Accuracy: 88.88888888888889
Sample: 73103
Question:
[[6 0 0 0 1 5 0 0 0]
 [0 8 0 0 0 0 0 0 4]
 [4 0 2 0 0 0 0 5 0]
 [0 0 7 0 0 0 4 6 0]
 [1 6 5 0 0 0 0 9 2]
 [0 0 0 0 0 0 3 0 0]
 [0 0 0 8 9 0 0 0 0]
 [0 0 3 0 7 0 0 0 0]
 [9 0 0 0 2 0 1 0 0]]
Solution:
[[3 5 4 7 2 9 6 1 0]
 [9 0 6 8 4 1 2 0 3]
 [7 2 1 0 6 3 4 5 8]
 [5 8 7 1 9 4 3 6 2]
 [4 9 2 3 7 8 1 0 5]
 [0 1 0 6 5 2 7 8 4]
 [1 4 3 9 8 5 0 7 6]
 [2 7 5 0 3 6 8 4 1]
 [6 0 8 4 1 7 5 2 9]]
Number of cells unfilled: 10
Accuracy: 87.65432098765432
Sample: 73104
Question:
[[6 0 9 0 0 2 0 8 0]
 [0 4 0 0 5 0 0 0 2]
 [7 0 0 0 0 8 0 0 1]
 [1 8 0 0 0 0 9 0 5]
 [0 7 0 0 0 0 0 0 0]
 [5 0 0 4 0 0 1 2 0]
 [0 3 7 0 0 5 0 0 0]
 [0 9 0 0 2 0 0 0 0]
 [0 0 0 9 0 0 0 0 8]]
Solution:
[[3 5 4 7 9 0 6 1 8]
 [9 7 6 8 4 1 2 0 3]
 [8 2 1 0 6 3 4 5 7]
 [5 8 7 1 0 9 3 6 2]
 [4 9 2 3 7 8 1 0 5]
 [0 1 0 6 5 2 7 8 4]
 [1 4 3 9 8 5 0 7 6]
 [2 0 5 0 3 6 8 4 1]
 [6 0 8 4 1 7 5 2 9]]
Number of cells unfilled: 11
Accuracy: 86.41975308641975
Sample: 73105
Question:
[[1 0 0 0 4 0 0 0 0]
 [0 0 9 0 0 7 3 0 0]
 [0 4 0 9 0 5 0 0 1]
 [6 0 0 0 0 0 0 5 0]
 [0 0 4 0 5 0 0 0 3]
 [0 7 0 0 0 6 0 0 0]
 [0 8 0 0 0 0 0 2 0]
 [0 0 0 2 0 1 8 0 0]
 [0 0 1 0 7 0 0 0 9]]
Solution:
[[3 5 4 7 2 0 6 1 0]
 [9 0 6 8 4 1 2 0 3]
 [7 2 1 0 6 3 4 5 8]
 [5 8 7 1 0 9 3 6 2]
 [4 9 2 3 7 8 1 0 5]
 [0 1 0 6 5 2 7 8 4]
 [1 4 3 9 8 5 0 7 6]
 [2 7 5 0 3 6 8 4 1]
 [6 0 8 4 1 7 5 2 9]]
Number of cells unfilled: 12
Accuracy: 85.18518518518519
Sample: 73106
Question:
[[0 8 0 0 0 5 6 0 4]
 [0 1 0 2 0 6 0 5 0]
 [0 0 0 0 9 0 0 2 7]
 [6 0 1 0 0 3 0 0 0]
 [0 0 0 0 0 0 7 0 0]
 [8 0 0 4 0 0 2 0 5]
 [0 0 0 9 0 0 0 0 0]
 [0 4 0 0 3 0 0 8 0]
 [0 3 7 1 0 0 0 0 0]]
Solution:
[[3 5 4 7 2 9 6 1 0]
 [9 0 6 8 4 1 2 0 3]
 [7 2 1 0 6 3 4 5 8]
 [5 8 7 1 9 4 3 6 2]
 [4 9 2 3 7 8 1 0 5]
 [0 1 0 6 5 2 7 8 4]
 [1 4 3 9 8 5 0 7 6]
 [2 7 5 0 3 6 8 4 1]
 [6 0 8 4 1 7 5 2 9]]
Number of cells unfilled: 10
Accuracy: 87.65432098765432
Sample: 73107
Question:
[[0 0 6 0 0 0 2 0 0]
 [0 4 0 2 0 8 0 0 0]
 [7 0 0 0 1 0 0 0 4]
 [4 0 0 7 0 1 9 0 0]
 [0 0 0 3 0 0 0 0 7]
 [0 0 0 0 9 0 0 4 0]
 [0 0 5 0 0 0 6 0 0]
 [0 8 0 0 0 7 0 5 0]
 [1 0 0 0 3 0 0 0 9]]
Solution:
[[3 5 4 7 9 0 6 1 8]
 [9 7 6 8 4 1 2 0 3]
 [8 2 1 0 6 3 4 5 7]
 [5 8 7 1 0 9 3 6 2]
 [4 9 2 3 7 8 1 0 5]
 [0 1 0 6 5 2 7 8 4]
 [1 4 3 9 8 5 0 7 6]
 [2 0 5 0 3 6 8 4 1]
 [6 0 8 4 1 7 5 2 9]]
Number of cells unfilled: 11
Accuracy: 86.41975308641975
Sample: 73108
Question:
[[9 0 0 0 0 6 1 0 0]
 [0 0 2 0 0 0 0 0 5]
 [0 5 0 0 0 0 0 8 0]
 [0 0 0 8 4 0 0 7 0]
 [0 0 4 0 0 0 0 0 2]
 [7 0 0 0 0 1 3 0 0]
 [3 0 0 0 6 0 0 0 0]
 [0 0 9 1 0 0 7 0 0]
 [0 7 0 0 0 9 0 0 3]]
Solution:
[[3 5 4 7 9 0 6 1 8]
 [9 7 6 8 4 1 2 0 3]
 [8 2 1 0 6 3 4 5 7]
 [5 8 7 1 0 9 3 6 2]
 [4 9 2 3 7 8 1 0 5]
 [0 1 0 6 5 2 7 8 4]
 [1 4 3 9 8 5 0 7 6]
 [2 0 5 0 3 6 8 4 1]
 [6 0 8 4 1 7 5 2 9]]
Number of cells unfilled: 11
Accuracy: 86.41975308641975
Sample: 73109
Question:
[[0 0 0 0 0 5 0 3 0]
 [7 3 5 2 0 0 0 0 0]
 [0 0 1 6 0 0 7 0 0]
 [0 0 0 7 0 2 9 5 0]
 [5 0 0 0 4 0 3 0 2]
 [0 0 0 0 0 0 0 0 0]
 [0 4 9 0 3 0 2 0 8]
 [0 0 8 0 0 1 0 0 0]
 [3 0 0 0 0 8 0 0 0]]
Solution:
[[3 5 4 7 2 9 6 1 8]
 [9 7 6 8 4 1 2 0 3]
 [8 2 1 0 6 3 4 5 7]
 [5 8 7 1 9 4 3 6 2]
 [4 9 2 3 7 8 1 0 5]
 [0 1 0 6 5 2 7 8 4]
 [1 4 3 9 8 5 0 7 6]
 [2 0 5 0 3 6 8 4 1]
 [6 0 8 4 1 7 5 2 9]]
Number of cells unfilled: 9
Accuracy: 88.88888888888889
Sample: 73110
Question:
[[3 0 2 7 0 0 0 0 0]
 [0 6 7 0 0 1 0 0 0]
 [4 1 0 0 0 5 0 0 3]
 [0 0 0 0 0 0 0 0 0]
 [7 0 0 1 0 0 0 2 4]
 [0 0 0 0 0 0 7 0 1]
 [0 5 0 9 0 0 0 0 0]
 [0 0 0 2 0 8 0 3 0]
 [9 0 0 0 5 6 0 0 8]]
Solution:
[[3 5 4 7 9 0 6 1 0]
 [9 0 6 8 4 1 2 0 3]
 [7 2 1 0 6 3 4 5 8]
 [5 8 7 1 0 9 3 6 2]
 [4 9 2 3 7 8 1 0 5]
 [0 1 0 6 5 2 7 8 4]
 [1 4 3 9 8 5 0 7 6]
 [2 7 5 0 3 6 8 4 1]
 [6 0 8 4 1 7 5 2 9]]
Number of cells unfilled: 12
Accuracy: 85.18518518518519
Sample: 73111
Question:
[[6 0 0 0 0 0 3 0 0]
 [5 0 3 1 0 0 0 6 0]
 [8 0 0 0 0 0 0 7 0]
 [2 0 0 0 0 0 9 0 0]
 [0 3 0 7 4 0 0 0 0]
 [0 6 1 0 0 2 0 0 0]
 [0 0 0 0 8 1 0 5 0]
 [0 0 0 2 0 5 7 4 0]
 [0 0 8 0 7 0 0 2 0]]
Solution:
[[3 5 4 7 2 9 6 1 0]
 [9 0 6 8 4 1 2 0 3]
 [7 2 1 0 6 3 4 5 8]
 [5 8 7 1 9 4 3 6 2]
 [4 9 2 3 7 8 1 0 5]
 [0 1 0 6 5 2 7 8 9]
 [1 4 3 9 8 5 0 7 6]
 [2 7 5 0 3 6 8 4 1]
 [6 0 8 4 1 7 5 2 0]]
Number of cells unfilled: 11
Accuracy: 86.41975308641975
Sample: 73112
Question:
[[0 0 3 0 0 1 6 0 0]
 [0 0 0 0 6 0 0 0 0]
 [0 4 0 8 0 0 0 0 2]
 [0 8 0 7 0 0 0 0 4]
 [1 0 0 0 3 0 0 5 0]
 [0 0 5 0 8 0 0 0 0]
 [0 0 2 9 0 0 4 8 0]
 [0 9 0 0 0 0 0 2 0]
 [0 0 0 0 7 0 0 0 9]]
Solution:
[[3 5 4 7 2 9 6 1 8]
 [9 7 6 8 4 1 2 0 3]
 [8 2 1 0 6 3 4 5 7]
 [5 8 7 1 9 4 3 6 2]
 [4 9 2 3 7 8 1 0 5]
 [0 1 0 6 5 2 7 8 9]
 [1 4 3 9 8 5 0 7 6]
 [2 0 5 0 3 6 8 4 1]
 [6 0 8 4 1 7 5 2 0]]
Number of cells unfilled: 10
Accuracy: 87.65432098765432
Sample: 73113
Question:
[[0 6 0 8 0 0 0 0 7]
 [3 0 0 0 0 0 0 2 0]
 [0 0 5 0 0 0 1 0 0]
 [5 0 0 6 9 0 0 0 0]
 [4 9 0 0 0 7 0 0 8]
 [0 3 0 4 8 0 0 0 0]
 [8 4 0 0 6 0 0 0 9]
 [0 0 0 7 0 0 0 0 0]
 [0 0 1 0 0 0 0 3 0]]
Solution:
[[3 5 4 7 9 0 6 1 8]
 [9 7 6 8 4 1 2 0 3]
 [8 2 1 0 6 3 4 5 7]
 [5 8 7 1 0 9 3 6 2]
 [4 9 2 3 7 8 1 0 5]
 [0 1 0 6 5 2 7 8 4]
 [1 4 3 9 8 5 0 7 6]
 [2 0 5 0 3 6 8 4 1]
 [6 0 8 4 1 7 5 2 9]]
Number of cells unfilled: 11
Accuracy: 86.41975308641975
Sample: 73114
Question:
[[5 0 0 0 0 7 0 3 0]
 [0 4 0 0 0 0 0 0 9]
 [9 0 7 0 0 0 5 0 0]
 [0 6 0 4 0 1 0 0 0]
 [0 0 1 0 0 5 0 4 0]
 [0 0 0 0 0 0 0 8 2]
 [0 9 5 7 0 0 0 0 0]
 [0 0 3 0 9 0 0 0 1]
 [7 0 0 0 0 3 8 0 0]]
Solution:
[[3 5 4 7 2 1 9 0 0]
 [9 0 6 8 4 0 2 1 3]
 [7 2 1 0 6 3 4 5 8]
 [5 8 7 1 9 4 3 6 2]
 [4 9 2 3 7 8 1 0 5]
 [0 1 0 6 5 2 7 8 4]
 [1 4 3 9 8 5 0 7 6]
 [2 7 5 0 3 6 8 4 1]
 [6 0 8 4 1 7 5 2 9]]
Number of cells unfilled: 11
Accuracy: 86.41975308641975
Sample: 73115
Question:
[[0 4 0 0 2 0 6 0 0]
 [0 8 9 0 0 0 0 1 0]
 [2 0 0 1 0 0 5 0 0]
 [0 0 0 0 0 3 0 0 4]
 [7 0 0 0 0 0 9 0 0]
 [0 0 0 4 0 1 0 7 0]
 [0 1 0 9 8 2 0 3 0]
 [0 0 7 0 0 0 0 0 2]
 [0 0 0 0 0 5 1 0 0]]
Solution:
[[3 5 4 7 9 0 6 1 8]
 [9 7 6 8 4 1 2 0 3]
 [8 2 1 0 6 3 4 5 7]
 [5 8 7 1 0 9 3 6 2]
 [4 9 2 3 7 8 1 0 5]
 [0 1 0 6 5 2 7 8 4]
 [1 4 3 9 8 5 0 7 6]
 [2 0 5 0 3 6 8 4 1]
 [6 0 8 4 1 7 5 2 9]]
Number of cells unfilled: 11
Accuracy: 86.41975308641975
Sample: 73116
Question:
[[8 0 0 0 6 0 2 0 0]
 [0 0 0 8 0 7 0 4 0]
 [0 0 1 0 0 2 0 0 8]
 [0 5 0 0 3 0 0 0 0]
 [0 0 9 0 0 0 0 0 4]
 [2 0 6 7 0 0 8 0 0]
 [6 0 0 0 0 3 7 0 0]
 [0 0 5 0 0 0 0 0 6]
 [0 1 0 6 0 0 0 9 0]]
Solution:
[[3 5 4 7 2 9 6 1 0]
 [9 0 6 8 4 1 2 0 3]
 [7 2 1 0 6 3 4 5 8]
 [5 8 7 1 9 4 3 6 2]
 [4 9 2 3 7 8 1 0 5]
 [0 1 0 6 5 2 7 8 9]
 [1 4 3 9 8 5 0 7 6]
 [2 7 5 0 3 6 8 9 1]
 [6 0 8 4 1 7 5 2 0]]
Number of cells unfilled: 11
Accuracy: 86.41975308641975
Sample: 73117
Question:
[[0 9 0 0 0 1 6 0 0]
 [0 0 5 0 0 3 8 0 0]
 [0 4 0 0 0 2 0 3 0]
 [0 0 2 8 0 0 4 0 0]
 [0 0 9 0 5 0 0 0 0]
 [6 0 0 0 3 0 0 0 2]
 [0 0 3 0 0 0 0 0 0]
 [0 0 6 0 9 0 5 0 0]
 [0 8 0 6 0 0 0 4 0]]
Solution:
[[3 5 4 7 9 0 6 1 8]
 [9 7 6 8 4 1 2 0 3]
 [8 2 1 0 6 3 4 5 7]
 [5 8 7 1 0 9 3 6 2]
 [4 9 2 3 7 8 1 0 5]
 [0 1 0 6 5 2 7 8 4]
 [1 4 3 9 8 5 0 7 6]
 [2 0 5 0 3 6 8 4 1]
 [6 0 8 4 1 7 5 2 9]]
Number of cells unfilled: 11
Accuracy: 86.41975308641975
Sample: 73118
Question:
[[5 0 0 0 0 7 0 2 0]
 [0 0 0 0 0 9 0 0 4]
 [0 0 8 0 0 6 0 5 0]
 [0 0 0 0 0 8 0 4 5]
 [7 1 0 0 0 0 3 6 0]
 [4 0 0 0 0 0 0 0 0]
 [0 3 0 0 6 0 7 0 0]
 [0 4 0 0 0 3 0 0 0]
 [0 0 9 0 8 0 0 0 3]]
Solution:
[[3 5 4 7 2 9 6 1 8]
 [9 7 6 8 4 1 2 0 3]
 [8 2 1 0 6 3 4 5 7]
 [5 8 7 1 9 4 3 6 2]
 [4 9 2 3 7 8 1 0 5]
 [0 1 0 6 5 2 7 8 9]
 [1 4 3 9 8 5 0 7 6]
 [2 0 5 0 3 6 8 4 1]
 [6 0 8 4 1 7 5 2 0]]
Number of cells unfilled: 10
Accuracy: 87.65432098765432
Sample: 73119
Question:
[[0 0 0 0 0 0 0 0 7]
 [0 3 0 0 0 1 9 4 0]
 [0 0 0 0 2 0 1 0 0]
 [0 4 0 5 0 0 0 0 0]
 [9 0 0 0 0 3 6 1 0]
 [0 1 6 0 0 0 0 0 0]
 [0 0 1 0 0 4 3 0 0]
 [3 0 0 0 0 0 0 7 8]
 [0 9 0 0 0 0 0 0 0]]
Solution:
[[3 5 4 7 2 9 6 1 0]
 [9 0 6 8 4 1 2 0 3]
 [7 2 1 0 6 3 4 5 8]
 [5 8 7 1 9 4 3 6 2]
 [4 9 2 3 7 8 1 0 5]
 [0 1 0 6 5 2 7 8 9]
 [1 4 3 9 8 5 0 7 6]
 [2 7 5 0 3 6 8 4 1]
 [6 0 8 4 1 7 5 2 0]]
Number of cells unfilled: 11
Accuracy: 86.41975308641975
Sample: 73120
Question:
[[0 0 0 0 0 7 5 0 2]
 [3 0 0 0 9 0 0 7 0]
 [0 0 0 1 0 0 0 0 9]
 [7 0 0 0 0 1 0 8 0]
 [0 0 0 9 8 0 0 0 0]
 [0 9 6 3 0 0 0 0 0]
 [0 0 0 0 0 0 0 0 5]
 [0 4 0 0 0 0 0 9 0]
 [9 0 0 7 0 0 3 1 0]]
Solution:
[[3 5 4 7 9 0 6 1 0]
 [9 0 6 8 4 1 2 0 3]
 [7 2 1 0 6 3 4 5 8]
 [5 8 7 1 0 9 3 6 2]
 [4 9 2 3 7 8 1 0 5]
 [0 1 0 6 5 2 7 8 4]
 [1 4 3 9 8 5 0 7 6]
 [2 7 5 0 3 6 8 4 1]
 [6 0 8 4 1 7 5 2 9]]
Number of cells unfilled: 12
Accuracy: 85.18518518518519
Sample: 73121
Question:
[[0 0 0 0 0 8 5 0 0]
 [0 0 0 0 0 0 0 9 6]
 [0 5 0 9 0 0 0 2 8]
 [0 0 8 0 0 0 0 4 0]
 [0 0 0 0 1 0 0 8 0]
 [2 0 0 0 0 0 9 0 0]
 [0 8 3 0 0 7 0 0 0]
 [9 0 0 5 0 0 6 0 0]
 [0 0 7 2 0 0 0 0 0]]
Solution:
[[3 5 4 7 2 9 6 1 8]
 [9 7 6 8 4 1 2 0 3]
 [8 2 1 0 6 3 4 5 7]
 [5 8 7 1 9 4 3 6 2]
 [4 9 2 3 7 8 1 0 5]
 [0 1 0 6 5 2 7 8 4]
 [1 4 3 9 8 5 0 7 6]
 [2 0 5 0 3 6 8 4 1]
 [6 0 8 4 1 7 5 2 9]]
Number of cells unfilled: 9
Accuracy: 88.88888888888889
Sample: 73122
Question:
[[0 0 0 0 3 2 0 7 0]
 [0 0 9 0 0 4 0 0 0]
 [0 0 0 1 0 0 4 0 0]
 [0 0 0 0 0 0 0 0 8]
 [0 7 0 0 4 8 2 0 0]
 [6 8 0 0 0 0 0 3 0]
 [4 0 0 5 1 0 7 0 0]
 [0 0 0 0 0 0 0 2 0]
 [0 3 0 0 0 7 0 0 4]]
Solution:
[[3 5 4 7 2 1 6 9 0]
 [9 0 6 8 4 0 2 1 3]
 [7 2 1 0 6 3 4 5 8]
 [5 8 7 1 9 4 3 6 2]
 [4 9 2 3 7 8 1 0 5]
 [0 1 0 6 5 2 7 8 9]
 [1 4 3 9 8 5 0 7 6]
 [2 7 5 0 3 6 8 4 1]
 [6 0 8 4 1 7 5 2 0]]
Number of cells unfilled: 11
Accuracy: 86.41975308641975
Sample: 73123
Question:
[[0 0 0 0 4 2 3 0 0]
 [9 0 0 5 0 0 0 8 0]
 [0 0 0 0 0 3 0 6 0]
 [8 0 0 0 0 0 4 0 0]
 [0 6 4 0 8 0 0 5 0]
 [0 5 9 4 0 0 0 0 0]
 [5 0 0 6 0 0 0 4 0]
 [0 7 0 0 0 0 0 0 0]
 [0 4 0 0 0 0 0 0 1]]
Solution:
[[3 5 4 7 2 9 6 1 8]
 [9 7 6 8 4 1 2 0 3]
 [8 2 1 0 6 3 4 5 7]
 [5 8 7 1 9 4 3 6 2]
 [4 9 2 3 7 8 1 0 5]
 [0 1 0 6 5 2 7 8 4]
 [1 4 3 9 8 5 0 7 6]
 [2 0 5 0 3 6 8 4 1]
 [6 0 8 4 1 7 5 2 9]]
Number of cells unfilled: 9
Accuracy: 88.88888888888889
Sample: 73124
Question:
[[0 0 0 0 8 0 0 7 0]
 [0 0 4 0 0 0 0 0 0]
 [0 0 0 0 0 9 1 0 2]
 [0 1 0 0 0 0 0 0 9]
 [8 0 0 0 0 0 7 6 0]
 [0 0 0 0 0 2 0 8 0]
 [3 0 8 9 0 1 0 0 0]
 [0 0 0 5 0 0 0 0 0]
 [0 9 0 0 2 0 8 0 5]]
Solution:
[[3 5 4 7 2 0 6 1 8]
 [9 0 6 8 4 1 2 0 3]
 [7 2 1 0 6 3 4 5 9]
 [5 8 7 1 0 9 3 6 2]
 [4 9 2 3 7 8 1 0 5]
 [0 1 0 6 5 2 7 8 4]
 [1 4 3 9 8 5 0 7 6]
 [2 7 5 0 3 6 8 9 1]
 [6 0 8 4 1 7 5 2 0]]
Number of cells unfilled: 12
Accuracy: 85.18518518518519
Sample: 73125
Question:
[[0 0 0 1 0 0 0 0 5]
 [0 0 9 0 0 0 1 0 0]
 [1 0 0 0 0 4 6 8 0]
 [0 0 0 0 2 0 0 0 0]
 [0 7 0 0 4 8 0 0 0]
 [4 0 0 6 0 0 2 1 0]
 [0 0 0 0 0 0 0 5 3]
 [0 0 0 0 0 6 0 0 0]
 [8 0 0 0 1 0 4 0 0]]
Solution:
[[3 5 4 7 2 9 6 1 0]
 [9 0 6 8 4 1 2 0 3]
 [7 2 1 0 6 3 4 5 8]
 [5 8 7 1 9 4 3 6 2]
 [4 9 2 3 7 8 1 0 5]
 [0 1 0 6 5 2 7 8 4]
 [1 4 3 9 8 5 0 7 6]
 [2 7 5 0 3 6 8 4 1]
 [6 0 8 4 1 7 5 2 9]]
Number of cells unfilled: 10
Accuracy: 87.65432098765432
Sample: 73126
Question:
[[0 0 0 5 0 4 0 0 0]
 [0 3 0 0 7 0 5 0 4]
 [0 0 1 3 0 2 0 0 0]
 [0 0 0 0 0 7 0 0 0]
 [0 0 0 0 0 0 0 6 8]
 [0 2 0 4 0 0 3 0 0]
 [9 0 0 0 0 0 4 0 0]
 [0 4 0 0 0 3 7 0 2]
 [0 0 0 0 0 0 0 8 0]]
Solution:
[[3 5 4 7 2 9 6 1 0]
 [9 0 6 8 4 1 2 0 3]
 [7 2 1 0 6 3 4 5 8]
 [5 8 7 1 9 4 3 6 2]
 [4 9 2 3 7 8 1 0 5]
 [0 1 0 6 5 2 7 8 4]
 [1 4 3 9 8 5 0 7 6]
 [2 7 5 0 3 6 8 4 1]
 [6 0 8 4 1 7 5 2 9]]
Number of cells unfilled: 10
Accuracy: 87.65432098765432
Sample: 73127
Question:
[[0 0 0 9 0 0 0 4 0]
 [0 5 0 0 1 0 0 0 0]
 [0 0 0 0 6 0 1 0 0]
 [0 0 0 0 0 2 0 1 0]
 [1 0 0 3 0 0 9 0 0]
 [0 0 9 0 4 0 0 0 3]
 [0 1 3 2 0 0 0 9 0]
 [8 0 0 0 0 0 7 0 0]
 [0 0 4 1 0 0 8 0 0]]
Solution:
[[3 5 4 7 2 0 6 1 8]
 [9 7 6 8 4 1 2 0 3]
 [8 2 1 0 6 3 4 5 7]
 [5 8 7 1 0 9 3 6 2]
 [4 9 2 3 7 8 1 0 5]
 [0 1 0 6 5 2 7 8 4]
 [1 4 3 9 8 5 0 7 6]
 [2 0 5 0 3 6 8 4 1]
 [6 0 8 4 1 7 5 2 9]]
Number of cells unfilled: 11
Accuracy: 86.41975308641975
Sample: 73128
Question:
[[0 0 5 0 7 0 0 0 0]
 [0 7 0 2 0 0 6 0 0]
 [0 0 0 0 4 1 0 0 0]
 [5 0 0 9 0 0 2 0 0]
 [0 2 6 0 0 0 0 3 7]
 [0 9 7 0 0 0 0 0 0]
 [0 0 2 5 0 6 7 0 0]
 [0 0 0 7 0 0 0 0 8]
 [0 0 0 0 1 0 0 0 0]]
Solution:
[[3 5 4 7 2 9 6 1 8]
 [9 7 6 8 4 1 2 0 3]
 [8 2 1 0 6 3 4 5 7]
 [5 8 7 1 9 4 3 6 2]
 [4 9 2 3 7 8 1 0 5]
 [0 1 0 6 5 2 7 8 9]
 [1 4 3 9 8 5 0 7 6]
 [2 0 5 0 3 6 8 9 1]
 [6 0 8 4 1 7 5 2 0]]
Number of cells unfilled: 10
Accuracy: 87.65432098765432
Sample: 73129
Question:
[[0 0 8 0 9 0 2 0 0]
 [3 7 0 0 0 5 0 0 0]
 [0 0 0 2 0 7 0 0 0]
 [7 0 0 0 8 0 0 6 4]
 [0 0 5 0 0 0 8 0 0]
 [0 0 0 0 0 9 0 0 7]
 [0 0 0 0 0 8 9 5 0]
 [0 1 0 0 0 0 0 0 0]
 [0 0 0 0 7 0 0 0 6]]
Solution:
[[3 5 4 7 9 0 6 1 0]
 [9 0 6 8 4 1 2 0 3]
 [7 2 1 0 6 3 4 5 8]
 [5 8 7 1 0 9 3 6 2]
 [4 9 2 3 7 8 1 0 5]
 [0 1 0 6 5 2 7 8 4]
 [1 4 3 9 8 5 0 7 6]
 [2 7 5 0 3 6 8 4 1]
 [6 0 8 4 1 7 5 2 9]]
Number of cells unfilled: 12
Accuracy: 85.18518518518519
Sample: 73130
Question:
[[0 0 9 2 0 3 0 0 8]
 [0 6 0 0 0 0 0 1 0]
 [0 0 0 0 0 0 3 0 0]
 [5 0 0 0 0 2 0 0 0]
 [0 0 0 0 4 0 0 0 2]
 [0 0 2 1 0 8 0 9 0]
 [0 0 1 0 0 9 2 0 0]
 [0 0 0 0 0 0 0 8 0]
 [0 0 0 4 7 0 0 0 9]]
Solution:
[[3 5 4 7 2 9 6 1 0]
 [9 0 6 8 4 1 2 0 3]
 [7 2 1 0 6 3 4 5 8]
 [5 8 7 1 9 4 3 6 2]
 [4 9 2 3 7 8 1 0 5]
 [0 1 0 6 5 2 7 8 4]
 [1 4 3 9 8 5 0 7 6]
 [2 7 5 0 3 6 8 4 1]
 [6 0 8 4 1 7 5 2 9]]
Number of cells unfilled: 10
Accuracy: 87.65432098765432
Sample: 73131
Question:
[[0 1 0 0 0 0 0 0 2]
 [0 0 0 0 9 0 0 0 0]
 [0 0 7 0 0 2 0 6 0]
 [0 0 8 2 0 0 0 0 0]
 [3 7 0 0 0 0 0 0 0]
 [0 6 0 0 0 7 8 0 0]
 [0 0 2 0 0 6 0 0 4]
 [0 0 3 0 0 8 0 7 0]
 [0 0 0 4 0 0 2 0 5]]
Solution:
[[3 5 4 7 2 0 9 1 0]
 [9 0 6 8 4 1 2 0 3]
 [7 2 1 0 6 3 4 5 8]
 [5 8 7 1 0 9 3 6 2]
 [4 9 2 3 7 8 1 0 5]
 [0 1 0 6 5 2 7 8 4]
 [1 4 3 9 8 5 0 7 6]
 [2 7 5 0 3 6 8 4 1]
 [6 0 8 4 1 7 5 2 9]]
Number of cells unfilled: 12
Accuracy: 85.18518518518519
Sample: 73132
Question:
[[0 1 0 0 0 0 2 8 0]
 [4 0 0 0 0 3 0 0 5]
 [9 0 0 0 0 8 1 0 0]
 [8 0 0 0 0 5 0 0 9]
 [0 0 6 0 0 0 0 0 0]
 [0 0 0 7 0 0 0 0 0]
 [0 0 0 0 3 0 0 0 8]
 [5 0 0 9 0 0 0 4 0]
 [0 8 0 0 0 4 5 0 0]]
Solution:
[[3 5 4 7 2 0 6 9 0]
 [9 0 6 8 4 1 2 0 3]
 [7 2 1 0 6 3 4 5 8]
 [5 8 7 1 0 9 3 6 2]
 [4 9 2 3 7 8 1 0 5]
 [0 1 0 6 5 2 7 8 4]
 [1 4 3 9 8 5 0 7 6]
 [2 7 5 0 3 6 8 4 1]
 [6 0 8 4 1 7 5 2 9]]
Number of cells unfilled: 12
Accuracy: 85.18518518518519
Sample: 73133
Question:
[[0 5 0 0 0 2 0 0 9]
 [0 0 0 0 0 0 6 0 0]
 [0 0 2 0 9 0 0 3 0]
 [4 0 0 0 0 0 0 0 0]
 [0 0 0 0 0 5 0 7 0]
 [0 0 5 3 0 0 0 0 2]
 [0 8 0 0 5 1 0 0 0]
 [0 0 9 2 0 0 0 0 6]
 [0 0 3 0 0 8 0 0 5]]
Solution:
[[3 5 4 7 2 0 9 1 8]
 [9 7 6 8 4 1 2 0 3]
 [8 2 1 0 6 3 4 5 7]
 [5 8 7 1 0 9 3 6 2]
 [4 9 2 3 7 8 1 0 5]
 [0 1 0 6 5 2 7 8 9]
 [1 4 3 9 8 5 0 7 6]
 [2 0 5 0 3 6 8 9 1]
 [6 0 8 4 1 7 5 2 0]]
Number of cells unfilled: 12
Accuracy: 85.18518518518519
Sample: 73134
Question:
[[1 0 0 0 0 0 0 0 0]
 [0 7 0 0 0 5 9 1 0]
 [0 0 8 9 3 0 0 0 0]
 [0 0 0 2 0 0 0 0 0]
 [0 9 0 0 0 0 0 0 6]
 [0 0 5 0 0 0 8 7 0]
 [0 5 0 0 9 0 6 0 4]
 [0 0 0 0 0 8 0 5 0]
 [0 0 7 0 0 0 0 0 9]]
Solution:
[[3 5 4 7 2 9 6 1 8]
 [9 7 6 8 4 1 2 0 3]
 [8 2 1 0 6 3 4 5 7]
 [5 8 7 1 9 4 3 6 2]
 [4 9 2 3 7 8 1 0 5]
 [0 1 0 6 5 2 7 8 4]
 [1 4 3 9 8 5 0 7 6]
 [2 0 5 0 3 6 8 4 1]
 [6 0 8 4 1 7 5 2 9]]
Number of cells unfilled: 9
Accuracy: 88.88888888888889
Sample: 73135
Question:
[[3 0 0 0 9 0 8 0 0]
 [0 0 4 0 0 8 0 0 3]
 [0 0 0 7 0 0 0 0 0]
 [8 0 0 0 0 7 0 3 0]
 [0 0 1 0 0 0 4 0 5]
 [9 0 0 0 0 4 0 0 1]
 [0 0 0 0 6 0 0 0 4]
 [0 2 0 0 0 0 0 0 0]
 [0 0 0 0 7 3 0 9 0]]
Solution:
[[3 5 4 7 2 9 6 1 0]
 [9 0 6 8 4 1 2 0 3]
 [7 2 1 0 6 3 4 5 8]
 [5 8 7 1 9 4 3 6 2]
 [4 9 2 3 7 8 1 0 5]
 [0 1 0 6 5 2 7 8 9]
 [1 4 3 9 8 5 0 7 6]
 [2 7 5 0 3 6 8 9 1]
 [6 0 8 4 1 7 5 2 0]]
Number of cells unfilled: 11
Accuracy: 86.41975308641975
Sample: 73136
Question:
[[4 0 0 0 0 7 0 0 3]
 [0 0 1 0 0 0 0 0 0]
 [0 0 0 2 0 0 0 0 0]
 [3 0 0 0 0 4 9 0 0]
 [0 9 0 0 0 0 6 4 0]
 [8 0 0 0 0 5 0 0 7]
 [7 0 0 3 0 0 0 8 0]
 [0 4 0 0 0 8 0 0 0]
 [0 0 0 7 5 0 0 0 4]]
Solution:
[[3 5 4 7 2 9 6 1 0]
 [9 0 6 8 4 1 2 0 3]
 [7 2 1 0 6 3 4 5 8]
 [5 8 7 1 9 4 3 6 2]
 [4 9 2 3 7 8 1 0 5]
 [0 1 0 6 5 2 7 8 4]
 [1 4 3 9 8 5 0 7 6]
 [2 7 5 0 3 6 8 4 1]
 [6 0 8 4 1 7 5 2 9]]
Number of cells unfilled: 10
Accuracy: 87.65432098765432
Sample: 73137
Question:
[[4 0 0 0 3 0 6 9 0]
 [0 0 3 0 0 6 0 0 4]
 [0 6 0 0 0 0 1 0 0]
 [0 0 0 7 0 0 0 6 0]
 [0 9 0 0 6 0 0 0 3]
 [0 0 0 0 0 0 0 5 0]
 [0 3 0 0 4 0 0 0 1]
 [0 0 8 0 9 0 0 0 0]
 [6 0 2 0 0 8 0 0 0]]
Solution:
[[3 5 4 7 2 0 9 1 0]
 [9 0 6 8 4 1 2 0 3]
 [7 2 1 0 6 3 4 5 8]
 [5 8 7 1 0 9 3 6 2]
 [4 9 2 3 7 8 1 0 5]
 [0 1 0 6 5 2 7 8 9]
 [1 4 3 9 8 5 0 7 6]
 [2 7 5 0 3 6 8 9 1]
 [6 0 8 4 1 7 5 2 0]]
Number of cells unfilled: 13
Accuracy: 83.9506172839506
Sample: 73138
Question:
[[5 0 0 0 0 0 0 0 3]
 [2 0 0 0 5 0 0 0 0]
 [0 0 1 0 0 4 0 0 0]
 [0 0 8 0 0 1 0 6 5]
 [0 0 5 0 7 0 0 4 0]
 [0 0 0 0 9 0 7 0 0]
 [1 8 0 0 0 5 0 0 0]
 [0 0 6 0 0 0 5 0 0]
 [4 0 0 6 0 0 0 1 0]]
Solution:
[[3 5 4 7 2 9 6 1 0]
 [9 0 6 8 4 1 2 0 3]
 [7 2 1 0 6 3 4 5 8]
 [5 8 7 1 9 4 3 6 2]
 [4 9 2 3 7 8 1 0 5]
 [0 1 0 6 5 2 7 8 4]
 [1 4 3 9 8 5 0 7 6]
 [2 7 5 0 3 6 8 4 1]
 [6 0 8 4 1 7 5 2 9]]
Number of cells unfilled: 10
Accuracy: 87.65432098765432
Sample: 73139
Question:
[[5 0 0 0 1 9 0 7 0]
 [9 4 0 0 0 0 5 0 8]
 [0 0 0 0 0 0 9 0 0]
 [8 0 0 0 0 5 0 0 0]
 [0 1 0 6 3 0 0 0 0]
 [0 0 0 1 0 0 0 0 7]
 [0 0 2 0 0 0 0 0 0]
 [0 0 0 3 0 0 0 1 0]
 [0 0 0 0 8 7 0 0 5]]
Solution:
[[3 5 4 7 2 9 6 1 0]
 [9 0 6 8 4 1 2 0 3]
 [7 2 1 0 6 3 4 5 8]
 [5 8 7 1 9 4 3 6 2]
 [4 9 2 3 7 8 1 0 5]
 [0 1 0 6 5 2 7 8 9]
 [1 4 3 9 8 5 0 7 6]
 [2 7 5 0 3 6 8 9 1]
 [6 0 8 4 1 7 5 2 0]]
Number of cells unfilled: 11
Accuracy: 86.41975308641975
Sample: 73140
Question:
[[7 0 0 8 0 0 0 0 0]
 [3 5 0 0 0 6 0 0 0]
 [0 0 0 0 0 0 4 0 0]
 [0 3 0 0 0 5 8 1 0]
 [0 0 0 9 0 0 0 0 2]
 [0 8 0 2 0 0 0 6 0]
 [5 0 3 0 0 8 0 0 0]
 [6 0 0 0 1 0 0 5 0]
 [0 1 0 0 0 0 0 0 8]]
Solution:
[[3 5 4 7 2 9 6 1 0]
 [9 0 6 8 4 1 2 0 3]
 [7 2 1 0 6 3 4 5 8]
 [5 8 7 1 9 4 3 6 2]
 [4 9 2 3 7 8 1 0 5]
 [0 1 0 6 5 2 7 8 9]
 [1 4 3 9 8 5 0 7 6]
 [2 7 5 0 3 6 8 4 1]
 [6 0 8 4 1 7 5 2 0]]
Number of cells unfilled: 11
Accuracy: 86.41975308641975
Sample: 73141
Question:
[[0 0 0 0 0 2 1 6 0]
 [1 0 0 3 0 0 0 0 8]
 [0 0 9 0 0 0 0 3 0]
 [4 0 0 1 0 0 6 0 0]
 [0 0 2 0 0 0 0 8 0]
 [0 5 0 0 7 0 0 0 4]
 [5 0 0 0 0 9 0 0 0]
 [3 0 0 6 0 0 0 4 0]
 [0 7 0 0 0 0 0 0 6]]
Solution:
[[3 5 4 7 2 9 6 1 8]
 [9 7 6 8 4 1 2 0 3]
 [8 2 1 0 6 3 4 5 7]
 [5 8 7 1 9 4 3 6 2]
 [4 9 2 3 7 8 1 0 5]
 [0 1 0 6 5 2 7 8 4]
 [1 4 3 9 8 5 0 7 6]
 [2 0 5 0 3 6 8 4 1]
 [6 0 8 4 1 7 5 2 9]]
Number of cells unfilled: 9
Accuracy: 88.88888888888889
Sample: 73142
Question:
[[0 0 8 4 3 0 0 5 0]
 [0 0 5 6 0 0 1 8 0]
 [6 0 0 0 0 0 0 0 0]
 [0 0 6 8 0 0 0 0 5]
 [5 0 0 0 0 4 8 7 0]
 [0 0 0 0 0 3 2 0 0]
 [9 0 0 0 4 0 0 2 0]
 [0 0 0 0 0 6 0 0 1]
 [0 0 2 7 0 0 5 0 0]]
Solution:
[[3 5 4 7 2 9 6 1 8]
 [9 7 6 8 4 1 2 0 3]
 [8 2 1 0 6 3 4 5 7]
 [5 8 7 1 9 4 3 6 2]
 [4 9 2 3 7 8 1 0 5]
 [0 1 0 6 5 2 7 8 4]
 [1 4 3 9 8 5 0 7 6]
 [2 0 5 0 3 6 8 4 1]
 [6 0 8 4 1 7 5 2 9]]
Number of cells unfilled: 9
Accuracy: 88.88888888888889
Sample: 73143
Question:
[[6 0 0 0 0 0 0 0 0]
 [0 1 0 0 5 4 0 0 0]
 [0 0 7 3 0 0 0 0 2]
 [0 0 0 0 1 0 8 4 0]
 [0 0 5 7 0 0 0 0 9]
 [0 8 0 0 0 6 0 0 0]
 [0 0 9 0 3 0 2 7 0]
 [0 0 0 0 0 0 0 0 3]
 [0 0 0 2 0 0 5 9 0]]
Solution:
[[3 5 4 7 2 9 6 1 0]
 [9 0 6 8 4 1 2 0 3]
 [7 2 1 0 6 3 4 5 8]
 [5 8 7 1 9 4 3 6 2]
 [4 9 2 3 7 8 1 0 5]
 [0 1 0 6 5 2 7 8 4]
 [1 4 3 9 8 5 0 7 6]
 [2 7 5 0 3 6 8 4 1]
 [6 0 8 4 1 7 5 2 9]]
Number of cells unfilled: 10
Accuracy: 87.65432098765432
Sample: 73144
Question:
[[0 6 0 0 0 8 0 0 0]
 [0 0 5 0 7 0 0 3 6]
 [7 9 0 0 5 0 2 0 0]
 [0 0 6 0 0 0 4 0 2]
 [0 3 0 8 0 0 6 0 0]
 [5 0 0 0 6 0 0 9 3]
 [0 0 0 1 0 0 0 0 4]
 [0 0 0 0 0 0 0 0 0]
 [0 5 0 0 8 0 0 7 9]]
Solution:
[[3 5 4 7 2 9 6 1 0]
 [9 0 6 8 4 1 2 0 3]
 [7 2 1 0 6 3 4 5 8]
 [5 8 7 1 9 4 3 6 2]
 [4 9 2 3 7 8 1 0 5]
 [0 1 0 6 5 2 7 8 4]
 [1 4 3 9 8 5 0 7 6]
 [2 7 5 0 3 6 8 4 1]
 [6 0 8 4 1 7 5 2 9]]
Number of cells unfilled: 10
Accuracy: 87.65432098765432
Sample: 73145
Question:
[[0 2 0 0 8 0 0 0 0]
 [0 0 7 0 6 1 0 2 5]
 [1 0 0 0 0 0 0 0 0]
 [0 0 0 0 0 0 0 6 0]
 [0 9 0 0 5 8 0 3 0]
 [5 0 0 7 0 0 8 0 0]
 [0 5 0 0 4 0 6 0 2]
 [0 0 8 0 0 0 0 5 9]
 [0 0 0 0 2 6 0 0 0]]
Solution:
[[3 5 4 7 2 9 6 1 8]
 [9 7 6 8 4 1 2 0 3]
 [8 2 1 0 6 3 4 5 7]
 [5 8 7 1 9 4 3 6 2]
 [4 9 2 3 7 8 1 0 5]
 [0 1 0 6 5 2 7 8 9]
 [1 4 3 9 8 5 0 7 6]
 [2 0 5 0 3 6 8 4 1]
 [6 0 8 4 1 7 5 2 0]]
Number of cells unfilled: 10
Accuracy: 87.65432098765432
Sample: 73146
Question:
[[0 0 0 0 9 0 0 0 0]
 [0 0 0 0 0 1 0 3 8]
 [0 6 0 5 2 0 1 0 0]
 [0 0 6 0 3 0 0 0 0]
 [0 2 0 7 0 0 9 4 0]
 [9 0 0 0 0 6 0 8 5]
 [0 0 0 4 0 8 5 9 0]
 [0 5 4 0 6 0 0 0 0]
 [0 0 0 3 0 0 0 0 0]]
Solution:
[[3 5 4 7 2 0 6 1 8]
 [9 7 6 8 4 1 2 0 3]
 [8 2 1 0 6 3 4 5 7]
 [5 8 7 1 0 9 3 6 2]
 [4 9 2 3 7 8 1 0 5]
 [0 1 0 6 5 2 7 8 4]
 [1 4 3 9 8 5 0 7 6]
 [2 0 5 0 3 6 8 4 1]
 [6 0 8 4 1 7 5 2 9]]
Number of cells unfilled: 11
Accuracy: 86.41975308641975
Sample: 73147
Question:
[[5 8 0 7 0 0 0 0 0]
 [0 0 1 0 0 9 0 2 7]
 [0 0 2 5 0 0 0 8 0]
 [2 0 9 0 0 0 4 7 0]
 [0 0 0 0 0 1 0 5 0]
 [1 0 0 0 0 0 0 0 6]
 [0 0 3 0 0 2 0 0 0]
 [9 0 0 8 0 4 6 0 0]
 [0 0 0 0 0 5 0 3 0]]
Solution:
[[3 5 4 7 9 0 6 1 0]
 [9 0 6 8 4 1 2 0 3]
 [7 2 1 0 6 3 4 5 8]
 [5 8 7 1 0 9 3 6 2]
 [4 9 2 3 7 8 1 0 5]
 [0 1 0 6 5 2 7 8 4]
 [1 4 3 9 8 5 0 7 6]
 [2 7 5 0 3 6 8 4 1]
 [6 0 8 4 1 7 5 2 9]]
Number of cells unfilled: 12
Accuracy: 85.18518518518519
Sample: 73148
Question:
[[0 0 6 0 3 0 0 1 0]
 [0 2 0 0 0 5 3 0 0]
 [0 0 0 8 0 0 0 0 9]
 [5 0 0 9 0 0 0 0 8]
 [0 0 2 0 6 0 0 3 0]
 [0 1 0 0 0 0 7 0 0]
 [2 0 0 0 0 0 0 0 0]
 [0 0 1 0 0 7 4 0 0]
 [0 7 0 1 4 0 0 5 0]]
Solution:
[[3 5 4 7 2 9 6 1 8]
 [9 7 6 8 4 1 2 0 3]
 [8 2 1 0 6 3 4 5 7]
 [5 8 7 1 9 4 3 6 2]
 [4 9 2 3 7 8 1 0 5]
 [0 1 0 6 5 2 7 8 9]
 [1 4 3 9 8 5 0 7 6]
 [2 0 5 0 3 6 8 9 1]
 [6 0 8 4 1 7 5 2 0]]
Number of cells unfilled: 10
Accuracy: 87.65432098765432
Sample: 73149
Question:
[[6 0 0 4 0 0 0 1 0]
 [0 3 0 0 0 7 0 0 5]
 [0 0 0 0 9 0 8 0 0]
 [0 5 0 0 0 3 0 0 9]
 [1 0 0 0 0 0 0 6 0]
 [0 0 4 0 7 0 0 0 0]
 [0 0 8 0 0 9 2 0 0]
 [5 0 0 7 0 0 0 0 0]
 [9 2 0 0 8 0 0 0 4]]
Solution:
[[3 5 4 7 2 9 6 1 0]
 [9 0 6 8 4 1 2 0 3]
 [7 2 1 0 6 3 4 5 8]
 [5 8 7 1 9 4 3 6 2]
 [4 9 2 3 7 8 1 0 5]
 [0 1 0 6 5 2 7 8 4]
 [1 4 3 9 8 5 0 7 6]
 [2 7 5 0 3 6 8 4 1]
 [6 0 8 4 1 7 5 2 9]]
Number of cells unfilled: 10
Accuracy: 87.65432098765432
Sample: 73150
Question:
[[2 0 0 0 8 0 3 6 0]
 [8 0 0 0 0 0 0 9 0]
 [0 0 6 0 0 0 8 0 0]
 [0 7 0 0 2 0 0 0 5]
 [0 2 0 0 5 0 0 3 0]
 [0 0 0 3 0 4 0 0 0]
 [0 0 8 0 0 0 9 2 0]
 [0 0 0 5 7 0 1 0 0]
 [0 0 4 0 0 9 0 0 3]]
Solution:
[[3 5 4 7 2 9 6 1 0]
 [9 0 6 8 4 1 2 0 3]
 [7 2 1 0 6 3 4 5 8]
 [5 8 7 1 9 4 3 6 2]
 [4 9 2 3 7 8 1 0 5]
 [0 1 0 6 5 2 7 8 4]
 [1 4 3 9 8 5 0 7 6]
 [2 7 5 0 3 6 8 4 1]
 [6 0 8 4 1 7 5 2 9]]
Number of cells unfilled: 10
Accuracy: 87.65432098765432
Sample: 73151
Question:
[[6 0 0 8 0 0 0 0 0]
 [0 0 5 0 0 1 0 0 0]
 [8 4 0 6 0 0 0 0 3]
 [0 0 0 0 0 0 1 0 9]
 [3 0 0 0 0 0 0 6 0]
 [0 2 0 0 6 0 0 3 4]
 [0 0 7 0 0 5 0 0 0]
 [0 0 0 0 7 0 9 0 0]
 [0 8 0 4 0 0 0 2 0]]
Solution:
[[3 5 4 7 2 9 6 1 8]
 [9 7 6 8 4 1 2 0 3]
 [8 2 1 0 6 3 4 5 7]
 [5 8 7 1 9 4 3 6 2]
 [4 9 2 3 7 8 1 0 5]
 [0 1 0 6 5 2 7 8 4]
 [1 4 3 9 8 5 0 7 6]
 [2 0 5 0 3 6 8 4 1]
 [6 0 8 4 1 7 5 2 9]]
Number of cells unfilled: 9
Accuracy: 88.88888888888889
Sample: 73152
Question:
[[6 3 1 0 0 5 0 0 2]
 [0 4 2 0 0 0 0 0 0]
 [0 0 0 0 0 0 7 0 0]
 [5 0 0 0 0 3 9 0 1]
 [1 0 0 7 0 6 0 0 0]
 [0 0 9 0 0 0 2 6 0]
 [0 0 0 0 0 7 1 0 0]
 [0 0 0 0 8 0 0 7 9]
 [0 0 6 3 0 0 5 0 0]]
Solution:
[[3 5 4 7 2 9 6 1 8]
 [9 7 6 8 4 1 2 0 3]
 [8 2 1 0 6 3 4 5 7]
 [5 8 7 1 9 4 3 6 2]
 [4 9 2 3 7 8 1 0 5]
 [0 1 0 6 5 2 7 8 4]
 [1 4 3 9 8 5 0 7 6]
 [2 0 5 0 3 6 8 4 1]
 [6 0 8 4 1 7 5 2 9]]
Number of cells unfilled: 9
Accuracy: 88.88888888888889
Sample: 73153
Question:
[[0 0 0 0 0 0 9 0 0]
 [8 0 0 0 0 0 5 0 0]
 [0 4 0 0 1 0 0 7 0]
 [0 0 9 7 2 0 0 0 8]
 [0 7 0 0 6 0 0 2 0]
 [1 0 0 5 0 0 0 0 0]
 [7 0 0 0 0 2 0 3 0]
 [0 0 4 0 3 0 0 0 0]
 [0 3 0 1 0 7 0 0 6]]
Solution:
[[3 5 4 7 2 9 6 1 8]
 [9 7 6 8 4 1 2 0 3]
 [8 2 1 0 6 3 4 5 7]
 [5 8 7 1 9 4 3 6 2]
 [4 9 2 3 7 8 1 0 5]
 [0 1 0 6 5 2 7 8 4]
 [1 4 3 9 8 5 0 7 6]
 [2 0 5 0 3 6 8 4 1]
 [6 0 8 4 1 7 5 2 9]]
Number of cells unfilled: 9
Accuracy: 88.88888888888889
Sample: 73154
Question:
[[0 1 0 0 0 7 9 0 0]
 [0 0 4 0 0 0 0 0 0]
 [0 0 0 2 0 0 0 4 6]
 [0 0 0 5 8 0 0 0 0]
 [0 9 0 0 0 3 8 0 0]
 [5 0 0 0 6 0 0 0 2]
 [1 0 9 0 0 8 0 7 0]
 [8 0 3 0 7 0 1 0 0]
 [0 7 0 0 0 0 0 8 0]]
Solution:
[[3 5 4 7 2 9 6 1 8]
 [9 7 6 8 4 1 2 0 3]
 [8 2 1 0 6 3 4 5 7]
 [5 8 7 1 9 4 3 6 2]
 [4 9 2 3 7 8 1 0 5]
 [0 1 0 6 5 2 7 8 4]
 [1 4 3 9 8 5 0 7 6]
 [2 0 5 0 3 6 8 4 1]
 [6 0 8 4 1 7 5 2 9]]
Number of cells unfilled: 9
Accuracy: 88.88888888888889
Sample: 73155
Question:
[[0 0 2 0 0 0 0 9 7]
 [7 0 3 0 0 0 0 0 0]
 [1 0 0 0 0 0 6 2 0]
 [0 0 0 8 5 0 0 0 0]
 [0 0 0 0 0 0 2 0 3]
 [0 0 4 7 0 3 9 0 0]
 [4 0 9 3 0 0 0 0 0]
 [0 0 7 0 0 4 5 0 0]
 [6 0 0 9 0 1 7 0 0]]
Solution:
[[3 5 4 7 9 0 6 1 8]
 [9 7 6 8 4 1 2 0 3]
 [8 2 1 0 6 3 4 5 7]
 [5 8 7 1 0 9 3 6 2]
 [4 9 2 3 7 8 1 0 5]
 [0 1 0 6 5 2 7 8 4]
 [1 4 3 9 8 5 0 7 6]
 [2 0 5 0 3 6 8 4 1]
 [6 0 8 4 1 7 5 2 9]]
Number of cells unfilled: 11
Accuracy: 86.41975308641975
Sample: 73156
Question:
[[0 0 1 0 0 2 7 4 0]
 [0 9 0 0 0 0 0 5 0]
 [4 0 0 0 0 0 0 0 0]
 [2 8 0 6 0 1 0 0 0]
 [0 0 0 2 0 7 0 0 0]
 [0 0 7 0 5 0 2 1 0]
 [0 0 0 0 0 0 0 0 3]
 [0 0 6 1 0 0 5 2 0]
 [0 0 0 0 0 5 0 6 4]]
Solution:
[[3 5 4 7 9 0 6 1 8]
 [9 7 6 8 4 1 2 0 3]
 [8 2 1 0 6 3 4 5 7]
 [5 8 7 1 0 9 3 6 2]
 [4 9 2 3 7 8 1 0 5]
 [0 1 0 6 5 2 7 8 4]
 [1 4 3 9 8 5 0 7 6]
 [2 0 5 0 3 6 8 4 1]
 [6 0 8 4 1 7 5 2 9]]
Number of cells unfilled: 11
Accuracy: 86.41975308641975
Sample: 73157
Question:
[[0 1 0 4 0 0 0 0 9]
 [0 5 9 6 0 0 0 3 4]
 [0 0 0 0 0 0 7 5 0]
 [5 0 0 0 0 0 9 0 0]
 [0 6 0 1 0 0 0 0 3]
 [0 0 2 0 8 0 0 0 0]
 [0 0 0 9 0 0 0 0 0]
 [0 4 0 0 6 1 0 9 0]
 [0 0 0 0 3 4 0 0 6]]
Solution:
[[3 5 4 7 2 9 6 1 8]
 [9 7 6 8 4 1 2 0 3]
 [8 2 1 0 6 3 4 5 7]
 [5 8 7 1 9 4 3 6 2]
 [4 9 2 3 7 8 1 0 5]
 [0 1 0 6 5 2 7 8 4]
 [1 4 3 9 8 5 0 7 6]
 [2 0 5 0 3 6 8 4 1]
 [6 0 8 4 1 7 5 2 9]]
Number of cells unfilled: 9
Accuracy: 88.88888888888889
Sample: 73158
Question:
[[7 0 9 0 6 0 0 0 8]
 [6 0 2 0 0 0 0 0 1]
 [0 0 0 0 0 3 0 6 7]
 [0 5 4 0 9 8 0 0 0]
 [8 0 0 0 0 0 1 0 3]
 [0 0 0 0 0 0 0 0 0]
 [0 0 6 1 0 0 7 0 0]
 [0 0 0 5 0 0 4 0 0]
 [9 0 1 0 0 7 0 0 0]]
Solution:
[[3 5 4 7 2 9 6 1 8]
 [9 7 6 8 4 1 2 0 3]
 [8 2 1 0 6 3 4 5 7]
 [5 8 7 1 9 4 3 6 2]
 [4 9 2 3 7 8 1 0 5]
 [0 1 0 6 5 2 7 8 9]
 [1 4 3 9 8 5 0 7 6]
 [2 0 5 0 3 6 8 9 1]
 [6 0 8 4 1 7 5 2 0]]
Number of cells unfilled: 10
Accuracy: 87.65432098765432
Sample: 73159
Question:
[[9 0 6 8 0 0 0 0 0]
 [2 3 0 0 0 0 0 0 0]
 [0 0 1 0 2 6 0 5 0]
 [4 0 0 7 1 0 0 0 0]
 [3 0 5 0 0 0 0 0 0]
 [0 6 0 4 0 5 0 0 0]
 [0 0 0 0 5 0 0 9 2]
 [0 0 4 0 8 0 0 7 0]
 [1 0 3 0 0 9 5 0 0]]
Solution:
[[3 5 4 7 2 9 6 1 0]
 [9 0 6 8 4 1 2 0 3]
 [7 2 1 0 6 3 4 5 8]
 [5 8 7 1 9 4 3 6 2]
 [4 9 2 3 7 8 1 0 5]
 [0 1 0 6 5 2 7 8 4]
 [1 4 3 9 8 5 0 7 6]
 [2 7 5 0 3 6 8 4 1]
 [6 0 8 4 1 7 5 2 9]]
Number of cells unfilled: 10
Accuracy: 87.65432098765432
Sample: 73160
Question:
[[0 0 0 0 0 9 0 4 0]
 [0 0 0 3 0 0 0 1 6]
 [0 2 9 0 6 0 5 0 0]
 [0 4 0 0 0 0 0 0 3]
 [0 0 8 0 0 0 4 7 0]
 [2 0 0 0 0 0 0 5 8]
 [0 0 0 0 0 0 0 3 0]
 [7 0 6 0 8 4 0 2 0]
 [5 0 0 0 3 0 0 0 0]]
Solution:
[[3 5 4 7 2 9 6 1 8]
 [9 7 6 8 4 1 2 0 3]
 [8 2 1 0 6 3 4 5 7]
 [5 8 7 1 9 4 3 6 2]
 [4 9 2 3 7 8 1 0 5]
 [0 1 0 6 5 2 7 8 4]
 [1 4 3 9 8 5 0 7 6]
 [2 0 5 0 3 6 8 4 1]
 [6 0 8 4 1 7 5 2 9]]
Number of cells unfilled: 9
Accuracy: 88.88888888888889
Sample: 73161
Question:
[[0 0 7 8 0 0 0 0 0]
 [0 5 0 0 0 0 0 0 3]
 [0 1 0 0 2 0 6 0 0]
 [1 0 0 0 9 0 0 0 2]
 [5 0 4 0 0 0 1 0 0]
 [0 2 0 0 0 0 0 6 0]
 [9 0 0 5 0 0 0 7 0]
 [0 4 0 9 1 0 2 0 0]
 [0 0 0 0 0 3 0 0 0]]
Solution:
[[3 5 4 7 2 1 6 9 0]
 [9 0 6 8 4 0 2 1 3]
 [7 2 1 0 6 3 4 5 8]
 [5 8 7 1 9 4 3 6 2]
 [4 9 2 3 7 8 1 0 5]
 [0 1 0 6 5 2 7 8 4]
 [1 4 3 9 8 5 0 7 6]
 [2 7 5 0 3 6 8 4 1]
 [6 0 8 4 1 7 5 2 9]]
Number of cells unfilled: 10
Accuracy: 87.65432098765432
Sample: 73162
Question:
[[0 0 0 4 0 0 8 0 0]
 [0 7 0 0 9 0 0 6 4]
 [4 9 0 0 6 0 0 0 0]
 [0 0 0 0 5 0 3 0 0]
 [7 0 0 1 0 6 0 5 0]
 [0 5 0 0 0 9 1 0 6]
 [0 0 1 0 0 2 0 0 0]
 [0 6 0 0 1 0 0 3 0]
 [9 0 0 0 0 0 0 0 1]]
Solution:
[[3 5 4 7 2 9 6 1 0]
 [9 0 6 8 4 1 2 0 3]
 [7 2 1 0 6 3 4 5 8]
 [5 8 7 1 9 4 3 6 2]
 [4 9 2 3 7 8 1 0 5]
 [0 1 0 6 5 2 7 8 4]
 [1 4 3 9 8 5 0 7 6]
 [2 7 5 0 3 6 8 4 1]
 [6 0 8 4 1 7 5 2 9]]
Number of cells unfilled: 10
Accuracy: 87.65432098765432
Sample: 73163
Question:
[[0 0 6 7 0 2 9 5 0]
 [0 0 0 1 0 5 0 0 0]
 [0 0 0 0 0 0 0 6 0]
 [0 9 4 0 0 0 0 0 7]
 [0 0 2 8 9 0 0 0 0]
 [1 8 5 0 0 0 0 2 0]
 [0 4 0 0 0 0 6 0 0]
 [0 0 9 0 5 0 0 0 0]
 [0 0 8 0 7 0 0 0 5]]
Solution:
[[3 5 4 7 2 0 6 1 0]
 [9 0 6 8 4 1 2 0 3]
 [7 2 1 0 6 3 4 5 8]
 [5 8 7 1 0 9 3 6 2]
 [4 9 2 3 7 8 1 0 5]
 [0 1 0 6 5 2 7 8 4]
 [1 4 3 9 8 5 0 7 6]
 [2 7 5 0 3 6 8 4 1]
 [6 0 8 4 1 7 5 2 9]]
Number of cells unfilled: 12
Accuracy: 85.18518518518519
Sample: 73164
Question:
[[7 0 0 0 5 0 0 0 9]
 [0 6 0 0 0 8 0 0 0]
 [0 0 5 0 0 0 0 2 0]
 [0 0 9 4 0 0 0 1 0]
 [4 5 0 0 3 0 0 0 7]
 [0 8 0 0 0 6 0 0 0]
 [5 0 0 0 1 0 3 7 0]
 [0 0 4 7 0 0 0 0 2]
 [0 0 0 0 0 0 9 0 0]]
Solution:
[[3 5 4 7 2 9 6 1 8]
 [9 7 6 8 4 1 2 0 3]
 [8 2 1 0 6 3 4 5 7]
 [5 8 7 1 9 4 3 6 2]
 [4 9 2 3 7 8 1 0 5]
 [0 1 0 6 5 2 7 8 9]
 [1 4 3 9 8 5 0 7 6]
 [2 0 5 0 3 6 8 9 1]
 [6 0 8 4 1 7 5 2 0]]
Number of cells unfilled: 10
Accuracy: 87.65432098765432
Sample: 73165
Question:
[[3 0 0 0 0 0 0 0 8]
 [0 0 4 0 0 0 5 0 0]
 [0 7 0 1 0 0 0 6 0]
 [0 0 5 0 0 0 0 0 4]
 [8 0 0 0 0 0 3 0 0]
 [0 6 0 0 9 0 0 1 0]
 [0 2 0 0 1 0 0 9 0]
 [0 0 0 9 0 8 0 0 0]
 [0 0 0 7 2 0 0 0 0]]
Solution:
[[3 5 4 7 2 9 6 1 8]
 [9 7 6 8 4 1 2 0 3]
 [8 2 1 0 6 3 4 5 7]
 [5 8 7 1 9 4 3 6 2]
 [4 9 2 3 7 8 1 0 5]
 [0 1 0 6 5 2 7 8 4]
 [1 4 3 9 8 5 0 7 6]
 [2 0 5 0 3 6 8 4 1]
 [6 0 8 4 1 7 5 2 9]]
Number of cells unfilled: 9
Accuracy: 88.88888888888889
Sample: 73166
Question:
[[9 0 0 6 0 0 2 0 5]
 [0 0 6 0 2 0 9 0 3]
 [0 0 0 0 0 0 0 6 0]
 [0 1 0 8 0 4 0 0 0]
 [0 0 0 0 0 0 8 0 0]
 [5 0 0 0 6 0 0 3 0]
 [0 7 0 0 0 0 0 0 0]
 [2 0 0 0 5 0 0 9 0]
 [0 0 4 0 0 1 0 0 7]]
Solution:
[[3 5 4 7 2 9 6 1 0]
 [9 0 6 8 4 1 2 0 3]
 [7 2 1 0 6 3 4 5 8]
 [5 8 7 1 9 4 3 6 2]
 [4 9 2 3 7 8 1 0 5]
 [0 1 0 6 5 2 7 8 9]
 [1 4 3 9 8 5 0 7 6]
 [2 7 5 0 3 6 8 9 1]
 [6 0 8 4 1 7 5 2 0]]
Number of cells unfilled: 11
Accuracy: 86.41975308641975
Sample: 73167
Question:
[[6 0 0 0 1 0 0 0 9]
 [0 0 0 0 0 0 0 0 0]
 [0 9 0 4 0 2 5 0 0]
 [0 0 2 0 0 5 0 0 3]
 [0 0 0 7 9 0 1 5 0]
 [0 0 0 0 0 8 0 7 0]
 [0 3 0 0 0 0 9 0 1]
 [2 7 0 0 0 0 0 0 0]
 [5 0 0 0 0 6 0 0 4]]
Solution:
[[3 5 4 7 9 0 6 1 8]
 [9 0 6 8 4 1 2 0 3]
 [7 2 1 0 6 3 4 5 9]
 [5 8 7 1 0 9 3 6 2]
 [4 9 2 3 7 8 1 0 5]
 [0 1 0 6 5 2 7 8 4]
 [1 4 3 9 8 5 0 7 6]
 [2 7 5 0 3 6 8 9 1]
 [6 0 8 4 1 7 5 2 0]]
Number of cells unfilled: 12
Accuracy: 85.18518518518519
Sample: 73168
Question:
[[0 0 0 0 0 3 0 0 0]
 [9 0 0 6 0 0 1 0 0]
 [6 0 7 8 0 0 3 0 9]
 [0 9 0 4 0 0 6 8 0]
 [7 0 6 0 0 0 0 0 5]
 [4 0 8 0 0 0 0 0 0]
 [0 0 0 0 0 0 0 3 0]
 [8 0 0 0 0 2 0 9 1]
 [0 0 9 7 0 0 8 0 0]]
Solution:
[[3 5 4 7 2 9 6 1 8]
 [9 7 6 8 4 1 2 0 3]
 [8 2 1 0 6 3 4 5 7]
 [5 8 7 1 9 4 3 6 2]
 [4 9 2 3 7 8 1 0 5]
 [0 1 0 6 5 2 7 8 9]
 [1 4 3 9 8 5 0 7 6]
 [2 0 5 0 3 6 8 9 1]
 [6 0 8 4 1 7 5 2 0]]
Number of cells unfilled: 10
Accuracy: 87.65432098765432
Sample: 73169
Question:
[[0 8 0 4 7 0 0 6 1]
 [1 0 0 6 8 0 0 4 0]
 [0 0 0 0 0 1 0 0 0]
 [4 0 0 0 0 7 0 8 6]
 [0 0 0 0 0 0 0 0 0]
 [0 2 0 0 6 0 9 0 0]
 [8 0 0 0 0 6 0 9 5]
 [0 5 0 3 0 0 0 0 0]
 [0 1 9 0 0 8 0 0 0]]
Solution:
[[3 5 4 7 2 9 6 1 0]
 [9 0 6 8 4 1 2 0 3]
 [7 2 1 0 6 3 4 5 8]
 [5 8 7 1 9 4 3 6 2]
 [4 9 2 3 7 8 1 0 5]
 [0 1 0 6 5 2 7 8 4]
 [1 4 3 9 8 5 0 7 6]
 [2 7 5 0 3 6 8 4 1]
 [6 0 8 4 1 7 5 2 9]]
Number of cells unfilled: 10
Accuracy: 87.65432098765432
Sample: 73170
Question:
[[4 0 0 7 0 0 0 0 0]
 [6 1 0 0 0 8 0 0 0]
 [0 9 2 0 0 6 0 0 0]
 [5 0 0 0 4 7 3 0 9]
 [0 0 7 0 3 0 6 8 0]
 [0 6 0 0 0 0 0 0 0]
 [0 3 5 1 0 9 0 6 0]
 [0 0 0 0 0 0 0 0 5]
 [0 0 0 0 6 0 0 9 0]]
Solution:
[[3 5 4 7 2 9 6 1 8]
 [9 7 6 8 4 1 2 0 3]
 [8 2 1 0 6 3 4 5 7]
 [5 8 7 1 9 4 3 6 2]
 [4 9 2 3 7 8 1 0 5]
 [0 1 0 6 5 2 7 8 4]
 [1 4 3 9 8 5 0 7 6]
 [2 0 5 0 3 6 8 4 1]
 [6 0 8 4 1 7 5 2 9]]
Number of cells unfilled: 9
Accuracy: 88.88888888888889
Sample: 73171
Question:
[[7 0 0 0 2 0 0 0 1]
 [0 6 0 0 0 0 2 0 0]
 [4 0 0 1 0 0 0 8 0]
 [0 0 3 0 8 0 5 0 0]
 [8 1 0 5 4 0 6 0 0]
 [6 0 5 0 0 0 0 0 7]
 [0 8 0 3 0 0 0 0 0]
 [0 2 0 4 9 0 0 0 0]
 [0 0 0 0 0 0 0 3 6]]
Solution:
[[3 5 4 7 2 0 6 1 8]
 [9 0 6 8 4 1 2 0 3]
 [7 2 1 0 6 3 4 5 9]
 [5 8 7 1 0 9 3 6 2]
 [4 9 2 3 7 8 1 0 5]
 [0 1 0 6 5 2 7 8 4]
 [1 4 3 9 8 5 0 7 6]
 [2 7 5 0 3 6 8 9 1]
 [6 0 8 4 1 7 5 2 0]]
Number of cells unfilled: 12
Accuracy: 85.18518518518519
Sample: 73172
Question:
[[0 0 1 0 4 9 0 0 0]
 [0 9 0 0 8 0 0 3 0]
 [0 0 0 0 5 0 8 6 0]
 [5 1 9 7 6 0 0 0 0]
 [4 0 0 0 0 0 0 0 0]
 [0 0 3 9 0 0 0 0 1]
 [0 0 7 0 9 0 2 0 0]
 [1 0 0 6 0 3 5 0 0]
 [0 0 0 0 0 0 0 0 0]]
Solution:
[[3 5 4 7 2 9 6 1 8]
 [9 0 6 8 4 1 2 0 3]
 [8 2 1 0 6 3 4 5 7]
 [5 8 7 1 9 4 3 6 2]
 [4 9 2 3 7 8 1 0 5]
 [0 1 0 6 5 2 7 8 4]
 [1 4 3 9 8 5 0 7 6]
 [2 7 5 0 3 6 8 4 1]
 [6 0 8 4 1 7 5 2 9]]
Number of cells unfilled: 9
Accuracy: 88.88888888888889
Sample: 73173
Question:
[[0 0 5 0 8 0 0 1 0]
 [0 0 8 3 2 0 0 0 5]
 [0 0 0 5 0 6 0 0 0]
 [5 0 0 0 0 0 0 7 6]
 [2 0 1 0 0 0 0 5 0]
 [4 0 0 8 9 0 0 0 0]
 [0 0 0 0 0 0 6 8 1]
 [0 0 7 9 0 0 0 3 2]
 [0 0 0 6 1 0 0 0 0]]
Solution:
[[3 5 4 7 9 0 6 1 0]
 [9 0 6 8 4 1 2 0 3]
 [7 2 1 0 6 3 4 5 8]
 [5 8 7 1 0 9 3 6 2]
 [4 9 2 3 7 8 1 0 5]
 [0 1 0 6 5 2 7 8 9]
 [1 4 3 9 8 5 0 7 6]
 [2 7 5 0 3 6 8 9 1]
 [6 0 8 4 1 7 5 2 0]]
Number of cells unfilled: 13
Accuracy: 83.9506172839506
Sample: 73174
Question:
[[0 1 0 0 0 2 0 4 6]
 [7 0 9 0 0 4 5 3 0]
 [0 0 2 0 0 0 0 0 7]
 [3 0 0 2 0 0 7 0 0]
 [0 0 0 5 0 0 0 0 0]
 [0 0 0 0 0 9 0 0 5]
 [0 0 0 0 8 0 0 0 9]
 [0 4 0 0 0 0 6 0 0]
 [0 7 0 6 0 5 8 0 0]]
Solution:
[[3 5 4 7 2 0 6 9 8]
 [9 7 6 8 4 1 2 0 3]
 [8 2 1 0 6 3 4 5 7]
 [5 8 7 1 0 9 3 6 2]
 [4 9 2 3 7 8 1 0 5]
 [0 1 0 6 5 2 7 8 4]
 [1 4 3 9 8 5 0 7 6]
 [2 0 5 0 3 6 8 4 1]
 [6 0 8 4 1 7 5 2 9]]
Number of cells unfilled: 11
Accuracy: 86.41975308641975
Sample: 73175
Question:
[[0 0 0 0 3 0 0 0 0]
 [0 7 0 0 0 8 4 0 0]
 [5 0 0 0 1 7 0 8 0]
 [0 8 0 0 0 9 0 0 4]
 [9 0 0 0 5 0 0 0 0]
 [0 0 3 2 0 0 0 0 0]
 [0 9 0 0 0 6 0 4 0]
 [0 0 6 1 0 0 9 0 0]
 [0 0 2 0 0 0 7 0 6]]
Solution:
[[3 5 4 7 2 0 6 1 8]
 [9 7 6 8 4 1 2 0 3]
 [8 2 1 0 6 3 4 5 7]
 [5 8 7 1 0 9 3 6 2]
 [4 9 2 3 7 8 1 0 5]
 [0 1 0 6 5 2 7 8 4]
 [1 4 3 9 8 5 0 7 6]
 [2 0 5 0 3 6 8 4 1]
 [6 0 8 4 1 7 5 2 9]]
Number of cells unfilled: 11
Accuracy: 86.41975308641975
Sample: 73176
Question:
[[0 0 3 7 0 0 0 4 0]
 [0 2 0 0 0 0 0 0 3]
 [5 0 0 0 0 0 1 0 0]
 [0 0 4 0 7 0 0 9 0]
 [0 1 0 3 0 0 4 0 0]
 [0 6 0 0 0 4 0 0 2]
 [6 0 0 4 3 0 0 0 0]
 [0 0 8 0 0 7 0 3 0]
 [0 0 0 8 9 0 5 0 0]]
Solution:
[[3 5 4 7 2 0 9 1 0]
 [9 0 6 8 4 1 2 0 3]
 [7 2 1 0 6 3 4 5 8]
 [5 8 7 1 0 9 3 6 2]
 [4 9 2 3 7 8 1 0 5]
 [0 1 0 6 5 2 7 8 9]
 [1 4 3 9 8 5 0 7 6]
 [2 7 5 0 3 6 8 9 1]
 [6 0 8 4 1 7 5 2 0]]
Number of cells unfilled: 13
Accuracy: 83.9506172839506
Sample: 73177
Question:
[[0 0 6 0 0 0 0 5 0]
 [0 0 8 5 0 0 0 0 3]
 [5 0 0 0 0 4 2 0 0]
 [0 0 3 0 0 0 0 0 9]
 [9 0 0 0 4 0 5 0 0]
 [0 7 0 9 0 0 0 6 0]
 [1 0 0 4 0 0 9 0 0]
 [0 8 0 0 0 9 0 1 0]
 [0 0 0 0 1 2 0 7 0]]
Solution:
[[3 5 4 7 2 9 6 1 0]
 [9 0 6 8 4 1 2 0 3]
 [7 2 1 0 6 3 4 5 8]
 [5 8 7 1 9 4 3 6 2]
 [4 9 2 3 7 8 1 0 5]
 [0 1 0 6 5 2 7 8 4]
 [1 4 3 9 8 5 0 7 6]
 [2 7 5 0 3 6 8 4 1]
 [6 0 8 4 1 7 5 2 9]]
Number of cells unfilled: 10
Accuracy: 87.65432098765432
Sample: 73178
Question:
[[0 0 6 1 0 0 7 0 8]
 [0 0 0 0 6 0 3 0 0]
 [0 1 0 0 0 8 0 6 0]
 [0 0 1 0 8 0 0 7 0]
 [5 0 0 4 0 9 0 0 0]
 [0 2 0 0 0 0 0 0 9]
 [0 4 0 8 0 0 2 0 0]
 [0 0 8 0 3 0 0 1 0]
 [0 0 0 0 0 5 0 0 0]]
Solution:
[[3 5 4 7 9 0 6 1 0]
 [9 0 6 8 4 1 2 0 3]
 [7 2 1 0 6 3 4 5 8]
 [5 8 7 1 0 9 3 6 2]
 [4 9 2 3 7 8 1 0 5]
 [0 1 0 6 5 2 7 8 4]
 [1 4 3 9 8 5 0 7 6]
 [2 7 5 0 3 6 8 4 1]
 [6 0 8 4 1 7 5 2 9]]
Number of cells unfilled: 12
Accuracy: 85.18518518518519
Sample: 73179
Question:
[[0 0 4 0 1 0 5 0 0]
 [0 0 0 0 0 2 0 4 0]
 [0 9 0 4 0 0 0 0 6]
 [0 0 3 1 0 0 2 0 0]
 [4 0 0 0 2 0 0 0 9]
 [2 7 0 0 0 8 0 0 0]
 [0 0 0 5 0 0 0 7 0]
 [0 0 5 0 0 1 8 0 0]
 [6 0 0 0 3 0 0 0 5]]
Solution:
[[3 5 4 7 2 9 6 1 0]
 [9 0 6 8 4 1 2 0 3]
 [7 2 1 0 6 3 4 5 8]
 [5 8 7 1 9 4 3 6 2]
 [4 9 2 3 7 8 1 0 5]
 [0 1 0 6 5 2 7 8 4]
 [1 4 3 9 8 5 0 7 6]
 [2 7 5 0 3 6 8 4 1]
 [6 0 8 4 1 7 5 2 9]]
Number of cells unfilled: 10
Accuracy: 87.65432098765432
Sample: 73180
Question:
[[0 0 0 7 0 0 0 5 0]
 [1 0 0 0 0 4 0 0 0]
 [0 9 0 0 2 0 4 0 0]
 [0 0 1 9 0 0 0 0 5]
 [0 4 0 0 0 3 7 0 0]
 [6 0 0 2 0 0 0 8 0]
 [0 0 6 0 0 0 0 7 0]
 [0 0 0 0 3 0 0 0 8]
 [0 2 0 4 0 0 9 0 0]]
Solution:
[[3 5 4 7 2 9 6 1 8]
 [9 7 6 8 4 1 2 0 3]
 [8 2 1 0 6 3 4 5 7]
 [5 8 7 1 9 4 3 6 2]
 [4 9 2 3 7 8 1 0 5]
 [0 1 0 6 5 2 7 8 9]
 [1 4 3 9 8 5 0 7 6]
 [2 0 5 0 3 6 8 9 1]
 [6 0 8 4 1 7 5 2 0]]
Number of cells unfilled: 10
Accuracy: 87.65432098765432
Sample: 73181
Question:
[[0 0 0 1 0 3 0 0 5]
 [0 0 0 0 5 0 0 0 0]
 [0 0 0 0 9 4 3 2 0]
 [0 0 3 8 0 7 6 0 0]
 [5 0 0 0 0 0 2 0 7]
 [0 7 0 0 0 0 0 8 0]
 [0 0 1 0 8 0 5 4 0]
 [8 0 2 0 0 0 0 0 0]
 [0 0 0 3 6 0 1 0 0]]
Solution:
[[3 5 4 7 2 0 6 9 8]
 [9 7 6 8 4 1 2 0 3]
 [8 2 1 0 6 3 4 5 7]
 [5 8 7 1 0 9 3 6 2]
 [4 9 2 3 7 8 1 0 5]
 [0 1 0 6 5 2 7 8 4]
 [1 4 3 9 8 5 0 7 6]
 [2 0 5 0 3 6 8 4 1]
 [6 0 8 4 1 7 5 2 9]]
Number of cells unfilled: 11
Accuracy: 86.41975308641975
Sample: 73182
Question:
[[0 0 2 0 0 0 6 0 0]
 [0 1 0 0 4 0 0 9 0]
 [0 0 0 0 0 6 0 0 7]
 [7 0 1 8 0 0 0 0 2]
 [0 3 5 0 9 0 0 1 0]
 [8 0 0 0 0 0 0 0 0]
 [1 0 0 0 5 0 0 0 0]
 [0 0 4 0 0 9 0 5 0]
 [0 5 0 3 0 4 0 0 0]]
Solution:
[[3 5 4 7 2 0 6 9 0]
 [9 0 6 8 4 1 2 0 3]
 [7 2 1 0 6 3 4 5 8]
 [5 8 7 1 0 9 3 6 2]
 [4 9 2 3 7 8 1 0 5]
 [0 1 0 6 5 2 7 8 4]
 [1 4 3 9 8 5 0 7 6]
 [2 7 5 0 3 6 8 4 1]
 [6 0 8 4 1 7 5 2 9]]
Number of cells unfilled: 12
Accuracy: 85.18518518518519
Sample: 73183
Question:
[[0 0 4 0 0 0 7 0 0]
 [6 7 0 0 0 0 0 0 0]
 [0 5 0 4 0 0 1 0 9]
 [0 1 0 0 0 0 0 8 0]
 [0 0 6 0 0 3 0 4 0]
 [0 0 0 7 0 5 0 1 0]
 [0 0 0 0 0 1 6 0 0]
 [7 0 5 0 3 0 0 0 0]
 [3 0 0 0 2 8 4 0 0]]
Solution:
[[3 5 4 7 2 0 6 1 0]
 [9 0 6 8 4 1 2 0 3]
 [7 2 1 0 6 3 4 5 8]
 [5 8 7 1 0 9 3 6 2]
 [4 9 2 3 7 8 1 0 5]
 [0 1 0 6 5 2 7 8 9]
 [1 4 3 9 8 5 0 7 6]
 [2 7 5 0 3 6 8 9 1]
 [6 0 8 4 1 7 5 2 0]]
Number of cells unfilled: 13
Accuracy: 83.9506172839506
Sample: 73184
Question:
[[0 0 5 0 6 0 0 0 0]
 [0 0 0 0 0 5 0 2 0]
 [2 0 0 0 0 0 1 0 8]
 [0 1 0 0 7 0 0 0 0]
 [0 7 9 0 0 6 0 0 0]
 [0 0 4 8 9 3 0 0 0]
 [0 0 0 0 0 0 0 0 7]
 [5 0 0 3 0 0 0 8 9]
 [0 8 1 0 0 0 0 0 0]]
Solution:
[[3 5 4 7 2 9 6 1 8]
 [9 7 6 8 4 1 2 0 3]
 [8 2 1 0 6 3 4 5 7]
 [5 8 7 1 9 4 3 6 2]
 [4 9 2 3 7 8 1 0 5]
 [0 1 0 6 5 2 7 8 9]
 [1 4 3 9 8 5 0 7 6]
 [2 0 5 0 3 6 8 9 1]
 [6 0 8 4 1 7 5 2 0]]
Number of cells unfilled: 10
Accuracy: 87.65432098765432
Sample: 73185
Question:
[[0 0 9 7 0 0 0 3 0]
 [0 0 0 0 4 0 0 0 0]
 [0 0 0 0 0 8 0 0 1]
 [0 0 6 0 0 7 4 0 0]
 [0 9 0 5 0 0 0 7 0]
 [7 0 0 0 8 0 0 0 5]
 [0 3 5 0 0 0 2 0 0]
 [0 6 7 0 0 1 0 5 0]
 [9 0 0 3 0 0 0 6 0]]
Solution:
[[3 5 4 7 2 9 6 1 0]
 [9 0 6 8 4 1 2 0 3]
 [7 2 1 0 6 3 4 5 8]
 [5 8 7 1 9 4 3 6 2]
 [4 9 2 3 7 8 1 0 5]
 [0 1 0 6 5 2 7 8 4]
 [1 4 3 9 8 5 0 7 6]
 [2 7 5 0 3 6 8 4 1]
 [6 0 8 4 1 7 5 2 9]]
Number of cells unfilled: 10
Accuracy: 87.65432098765432
Sample: 73186
Question:
[[0 6 0 0 0 8 5 9 0]
 [0 0 9 0 3 0 0 0 0]
 [0 0 0 6 0 0 2 0 3]
 [0 4 6 0 0 0 0 0 1]
 [9 0 0 0 0 6 4 5 0]
 [0 0 5 0 2 0 0 6 0]
 [0 0 0 0 0 0 0 0 0]
 [8 0 0 7 0 0 0 0 0]
 [0 0 4 0 0 5 8 3 0]]
Solution:
[[3 5 4 7 2 0 6 1 8]
 [9 7 6 8 4 1 2 0 3]
 [8 2 1 0 6 3 4 5 7]
 [5 8 7 1 0 9 3 6 2]
 [4 9 2 3 7 8 1 0 5]
 [0 1 0 6 5 2 7 8 4]
 [1 4 3 9 8 5 0 7 6]
 [2 0 5 0 3 6 8 4 1]
 [6 0 8 4 1 7 5 2 9]]
Number of cells unfilled: 11
Accuracy: 86.41975308641975
Sample: 73187
Question:
[[0 4 7 0 1 3 0 0 9]
 [0 8 0 4 0 6 0 0 1]
 [6 0 0 0 0 0 0 0 0]
 [0 0 5 0 0 0 6 0 0]
 [0 0 0 0 0 9 0 4 0]
 [2 0 1 5 0 0 0 8 0]
 [0 0 0 7 0 0 2 1 0]
 [0 0 0 0 0 5 0 0 6]
 [0 0 0 0 9 0 0 5 8]]
Solution:
[[3 5 4 7 2 9 6 1 8]
 [9 7 6 8 4 1 2 0 3]
 [8 2 1 0 6 3 4 5 7]
 [5 8 7 1 9 4 3 6 2]
 [4 9 2 3 7 8 1 0 5]
 [0 1 0 6 5 2 7 8 9]
 [1 4 3 9 8 5 0 7 6]
 [2 0 5 0 3 6 8 9 1]
 [6 0 8 4 1 7 5 2 0]]
Number of cells unfilled: 10
Accuracy: 87.65432098765432
Sample: 73188
Question:
[[3 9 0 0 4 6 0 1 0]
 [6 8 0 0 0 0 0 0 0]
 [0 0 0 2 0 0 7 0 6]
 [7 0 0 0 0 0 0 0 0]
 [1 0 0 3 0 7 0 2 5]
 [0 0 0 0 0 4 3 0 8]
 [0 0 4 8 0 0 9 3 0]
 [0 0 0 1 0 0 0 0 0]
 [0 5 0 0 0 0 0 0 0]]
Solution:
[[3 5 4 7 2 9 6 1 8]
 [9 7 6 8 4 1 2 0 3]
 [8 2 1 0 6 3 4 5 7]
 [5 8 7 1 9 4 3 6 2]
 [4 9 2 3 7 8 1 0 5]
 [0 1 0 6 5 2 7 8 4]
 [1 4 3 9 8 5 0 7 6]
 [2 0 5 0 3 6 8 4 1]
 [6 0 8 4 1 7 5 2 9]]
Number of cells unfilled: 9
Accuracy: 88.88888888888889
Sample: 73189
Question:
[[0 0 0 0 0 5 0 0 3]
 [8 0 0 7 0 0 0 2 0]
 [0 0 6 0 1 0 0 0 0]
 [1 0 0 2 0 9 0 7 0]
 [0 0 9 0 6 0 0 0 0]
 [0 3 0 4 0 0 9 0 0]
 [2 0 0 0 0 8 4 0 1]
 [0 0 1 0 0 0 0 8 0]
 [0 0 0 1 0 0 2 0 7]]
Solution:
[[3 5 4 7 2 1 6 9 0]
 [9 0 6 8 4 0 2 1 3]
 [7 2 1 0 6 3 4 5 8]
 [5 8 7 1 9 4 3 6 2]
 [4 9 2 3 7 8 1 0 5]
 [0 1 0 6 5 2 7 8 4]
 [1 4 3 9 8 5 0 7 6]
 [2 7 5 0 3 6 8 4 1]
 [6 0 8 4 1 7 5 2 9]]
Number of cells unfilled: 10
Accuracy: 87.65432098765432
Sample: 73190
Question:
[[0 3 5 9 0 0 0 0 2]
 [0 0 0 0 0 0 0 0 0]
 [0 4 0 0 0 1 8 0 5]
 [0 2 0 0 0 0 5 0 1]
 [0 0 6 0 0 0 3 0 0]
 [0 0 0 6 8 2 0 9 0]
 [0 0 0 0 0 0 0 0 0]
 [8 6 0 2 0 9 0 0 0]
 [0 0 0 5 1 3 7 0 0]]
Solution:
[[3 5 4 7 2 1 9 0 0]
 [9 0 6 8 4 0 2 1 3]
 [7 2 1 0 6 3 4 5 8]
 [5 8 7 1 9 4 3 6 2]
 [4 9 2 3 7 8 1 0 5]
 [0 1 0 6 5 2 7 8 4]
 [1 4 3 9 8 5 0 7 6]
 [2 7 5 0 3 6 8 4 1]
 [6 0 8 4 1 7 5 2 9]]
Number of cells unfilled: 11
Accuracy: 86.41975308641975
Sample: 73191
Question:
[[0 5 3 0 0 0 0 0 9]
 [0 0 0 7 0 0 0 6 1]
 [6 0 0 0 0 9 2 0 0]
 [0 0 4 0 9 0 0 2 0]
 [9 0 0 0 0 1 0 0 8]
 [0 3 0 0 7 0 0 0 0]
 [0 0 5 0 1 0 8 0 0]
 [0 4 0 0 0 0 0 0 0]
 [8 0 0 0 0 2 0 1 0]]
Solution:
[[3 5 4 7 9 0 6 1 8]
 [9 7 6 8 4 1 2 0 3]
 [8 2 1 0 6 3 4 5 7]
 [5 8 7 1 0 9 3 6 2]
 [4 9 2 3 7 8 1 0 5]
 [0 1 0 6 5 2 7 8 4]
 [1 4 3 9 8 5 0 7 6]
 [2 0 5 0 3 6 8 4 1]
 [6 0 8 4 1 7 5 2 9]]
Number of cells unfilled: 11
Accuracy: 86.41975308641975
Sample: 73192
Question:
[[3 0 8 0 9 6 4 5 0]
 [0 7 0 2 0 0 9 0 0]
 [0 6 0 4 0 0 0 0 1]
 [2 3 0 0 0 0 0 7 0]
 [0 9 0 0 0 5 0 0 0]
 [6 0 1 0 0 0 0 3 9]
 [0 0 0 0 8 0 0 4 0]
 [0 0 0 6 0 2 0 1 0]
 [0 0 0 5 0 0 6 0 0]]
Solution:
[[3 5 4 7 9 0 6 1 8]
 [9 7 6 8 4 1 2 0 3]
 [8 2 1 0 6 3 4 5 7]
 [5 8 7 1 0 9 3 6 2]
 [4 9 2 3 7 8 1 0 5]
 [0 1 0 6 5 2 7 8 9]
 [1 4 3 9 8 5 0 7 6]
 [2 0 5 0 3 6 8 9 1]
 [6 0 8 4 1 7 5 2 0]]
Number of cells unfilled: 12
Accuracy: 85.18518518518519
Sample: 73193
Question:
[[0 0 0 0 0 0 1 3 0]
 [4 5 9 0 0 0 0 0 8]
 [0 0 7 0 2 8 6 0 0]
 [0 4 0 7 0 1 2 0 0]
 [0 8 0 0 5 0 9 4 0]
 [7 6 0 0 0 3 0 0 5]
 [0 0 0 0 0 9 3 8 0]
 [0 0 6 1 0 5 0 0 2]
 [2 0 1 0 4 7 0 9 0]]
Solution:
[[3 5 4 7 9 0 6 1 8]
 [9 0 6 8 4 1 2 0 3]
 [7 2 1 0 6 3 4 5 9]
 [5 8 7 1 0 9 3 6 2]
 [4 9 2 3 7 8 1 0 5]
 [0 1 0 6 5 2 7 8 4]
 [1 4 3 9 8 5 0 7 6]
 [2 7 5 0 3 6 8 9 1]
 [6 0 8 4 1 7 5 2 0]]
Number of cells unfilled: 12
Accuracy: 85.18518518518519
Sample: 73194
Question:
[[0 0 0 0 0 8 0 0 0]
 [9 0 0 0 0 0 0 7 0]
 [0 0 1 9 4 0 6 0 0]
 [1 0 2 0 0 0 0 0 0]
 [0 9 0 4 2 0 1 0 0]
 [4 0 0 1 0 3 0 0 5]
 [0 0 0 0 0 4 0 0 0]
 [0 6 0 0 0 0 0 0 3]
 [2 0 0 3 6 0 9 0 0]]
Solution:
[[3 5 4 7 9 0 6 1 8]
 [9 7 6 8 4 1 2 0 3]
 [8 2 1 0 6 3 4 5 7]
 [5 8 7 1 0 9 3 6 2]
 [4 9 2 3 7 8 1 0 5]
 [0 1 0 6 5 2 7 8 4]
 [1 4 3 9 8 5 0 7 6]
 [2 0 5 0 3 6 8 4 1]
 [6 0 8 4 1 7 5 2 9]]
Number of cells unfilled: 11
Accuracy: 86.41975308641975
Sample: 73195
Question:
[[0 0 0 3 0 0 0 0 0]
 [7 0 0 0 8 0 6 0 1]
 [2 6 0 7 0 0 5 0 8]
 [0 1 0 8 0 7 0 0 0]
 [8 0 0 5 2 9 0 1 6]
 [0 0 0 0 0 1 9 0 0]
 [0 0 0 0 0 0 0 0 5]
 [0 0 0 2 0 3 0 0 9]
 [0 4 0 0 0 0 3 6 0]]
Solution:
[[3 5 4 7 2 9 6 1 8]
 [9 7 6 8 4 1 2 0 3]
 [8 2 1 0 6 3 4 5 7]
 [5 8 7 1 9 4 3 6 2]
 [4 9 2 3 7 8 1 0 5]
 [0 1 0 6 5 2 7 8 4]
 [1 4 3 9 8 5 0 7 6]
 [2 0 5 0 3 6 8 4 1]
 [6 0 8 4 1 7 5 2 9]]
Number of cells unfilled: 9
Accuracy: 88.88888888888889
Sample: 73196
Question:
[[0 0 0 0 0 0 6 0 2]
 [3 0 0 0 0 2 9 0 0]
 [0 0 4 8 0 9 0 0 0]
 [7 0 0 0 1 0 0 0 0]
 [0 5 0 0 0 3 0 0 0]
 [0 6 0 0 4 0 1 2 0]
 [0 0 0 0 8 0 0 5 0]
 [0 8 7 0 0 5 0 0 0]
 [0 0 2 0 3 0 4 7 0]]
Solution:
[[3 5 4 7 2 9 6 1 0]
 [9 0 6 8 4 1 2 0 3]
 [7 2 1 0 6 3 4 5 8]
 [5 8 7 1 9 4 3 6 2]
 [4 9 2 3 7 8 1 0 5]
 [0 1 0 6 5 2 7 8 9]
 [1 4 3 9 8 5 0 7 6]
 [2 7 5 0 3 6 8 9 1]
 [6 0 8 4 1 7 5 2 0]]
Number of cells unfilled: 11
Accuracy: 86.41975308641975
Sample: 73197
Question:
[[0 0 5 0 1 0 3 7 0]
 [0 0 0 0 0 9 6 8 0]
 [0 0 2 4 0 0 0 0 0]
 [7 0 0 0 2 0 0 0 9]
 [0 0 1 0 8 0 0 0 6]
 [0 0 3 0 0 0 8 0 1]
 [0 0 0 2 9 0 0 0 0]
 [0 6 0 0 0 7 4 0 0]
 [0 0 0 0 0 0 0 0 8]]
Solution:
[[3 5 4 7 9 0 6 1 8]
 [9 7 6 8 4 1 2 0 3]
 [8 2 1 0 6 3 4 5 7]
 [5 8 7 1 0 9 3 6 2]
 [4 9 2 3 7 8 1 0 5]
 [0 1 0 6 5 2 7 8 4]
 [1 4 3 9 8 5 0 7 6]
 [2 0 5 0 3 6 8 4 1]
 [6 0 8 4 1 7 5 2 9]]
Number of cells unfilled: 11
Accuracy: 86.41975308641975
Sample: 73198
Question:
[[0 0 2 0 3 0 0 0 0]
 [0 0 4 0 0 0 0 0 3]
 [3 0 0 6 0 8 0 0 0]
 [0 5 0 0 0 1 0 9 0]
 [0 0 0 0 0 7 5 0 0]
 [8 0 0 0 2 0 0 0 6]
 [0 0 8 0 0 0 1 0 0]
 [6 0 0 0 8 3 0 0 4]
 [0 7 0 9 0 0 0 0 0]]
Solution:
[[3 5 4 7 2 9 6 1 0]
 [9 0 6 8 4 1 2 0 3]
 [7 2 1 0 6 3 4 5 8]
 [5 8 7 1 9 4 3 6 2]
 [4 9 2 3 7 8 1 0 5]
 [0 1 0 6 5 2 7 8 4]
 [1 4 3 9 8 5 0 7 6]
 [2 7 5 0 3 6 8 4 1]
 [6 0 8 4 1 7 5 2 9]]
Number of cells unfilled: 10
Accuracy: 87.65432098765432
Sample: 73199
Question:
[[0 0 0 6 0 8 0 0 5]
 [0 0 8 0 9 7 0 4 0]
 [0 0 0 5 4 0 0 0 0]
 [8 0 0 0 0 0 0 3 0]
 [0 6 0 0 0 9 7 0 0]
 [4 0 0 0 0 0 0 0 1]
 [5 0 0 7 0 6 0 0 0]
 [6 0 7 0 8 4 5 0 0]
 [0 0 4 9 5 0 0 0 0]]
Solution:
[[3 5 4 7 2 9 6 1 8]
 [9 7 6 8 4 1 2 0 3]
 [8 2 1 0 6 3 4 5 7]
 [5 8 7 1 9 4 3 6 2]
 [4 9 2 3 7 8 1 0 5]
 [0 1 0 6 5 2 7 8 4]
 [1 4 3 9 8 5 0 7 6]
 [2 0 5 0 3 6 8 4 1]
 [6 0 8 4 1 7 5 2 9]]
Number of cells unfilled: 9
Accuracy: 88.88888888888889
Sample: 73200
Question:
[[0 0 4 7 0 0 0 0 0]
 [9 0 0 8 0 0 0 0 0]
 [0 2 0 0 6 0 0 5 0]
 [0 0 0 1 0 0 0 6 2]
 [0 0 0 0 0 8 1 0 5]
 [0 1 0 6 0 2 7 8 0]
 [1 0 0 0 0 0 0 7 6]
 [0 0 0 0 0 0 8 0 1]
 [6 0 0 0 0 7 5 2 0]]
Solution:
[[3 5 4 7 2 9 6 1 8]
 [9 7 6 8 4 1 2 0 3]
 [8 2 1 0 6 3 4 5 7]
 [5 8 7 1 9 4 3 6 2]
 [4 9 2 3 7 8 1 0 5]
 [0 1 0 6 5 2 7 8 9]
 [1 4 3 9 8 5 0 7 6]
 [2 0 5 0 3 6 8 9 1]
 [6 0 8 4 1 7 5 2 0]]
Number of cells unfilled: 10
Accuracy: 87.65432098765432
