2025-10-22 16:14:27.154388: I tensorflow/core/util/port.cc:153] oneDNN custom operations are on. You may see slightly different numerical results due to floating-point round-off errors from different computation orders. To turn them off, set the environment variable `TF_ENABLE_ONEDNN_OPTS=0`.
2025-10-22 16:14:27.662130: I tensorflow/core/platform/cpu_feature_guard.cc:210] This TensorFlow binary is optimized to use available CPU instructions in performance-critical operations.
To enable the following instructions: AVX2 AVX512F AVX512_VNNI FMA, in other operations, rebuild TensorFlow with the appropriate compiler flags.
2025-10-22 16:14:32.758184: I tensorflow/core/util/port.cc:153] oneDNN custom operations are on. You may see slightly different numerical results due to floating-point round-off errors from different computation orders. To turn them off, set the environment variable `TF_ENABLE_ONEDNN_OPTS=0`.
2025-10-22 16:14:38.563213: E external/local_xla/xla/stream_executor/cuda/cuda_platform.cc:51] failed call to cuInit: INTERNAL: CUDA error: Failed call to cuInit: UNKNOWN ERROR (303)
Sample: 73401
Question:
[[0 2 7 0 9 0 1 0 0]
 [0 0 0 5 0 2 0 0 0]
 [0 0 0 0 3 0 6 4 0]
 [0 0 6 7 0 0 0 0 0]
 [3 0 0 0 0 0 0 1 0]
 [0 4 0 0 0 0 7 2 0]
 [7 0 8 0 0 5 0 0 0]
 [0 0 0 0 8 6 0 0 0]
 [1 0 0 0 0 0 2 0 3]]
Solution:
[[2 0 8 6 9 0 3 5 1]
 [5 7 9 0 4 3 2 8 6]
 [1 4 3 7 0 8 9 0 0]
 [7 6 0 1 2 0 8 3 9]
 [8 9 1 5 7 0 6 2 4]
 [4 3 2 8 6 9 7 1 5]
 [3 1 5 9 8 6 4 7 2]
 [9 2 7 3 1 4 5 6 8]
 [0 8 6 2 5 7 1 9 3]]
Number of cells unfilled: 10
Accuracy: 87.65432098765432
Sample: 73402
Question:
[[0 4 0 0 0 7 0 0 0]
 [0 0 8 9 0 0 0 2 0]
 [0 2 0 0 1 0 5 0 0]
 [0 9 0 0 0 1 0 6 0]
 [0 0 3 5 0 0 2 0 0]
 [7 0 0 0 0 0 0 0 3]
 [0 0 0 0 0 4 6 0 0]
 [0 0 0 1 0 0 9 8 0]
 [0 0 6 8 0 0 0 0 2]]
Solution:
[[0 2 8 6 9 1 3 5 7]
 [5 7 9 0 4 3 2 8 6]
 [1 4 3 7 5 8 9 0 0]
 [7 6 0 1 2 0 8 3 9]
 [8 9 1 5 7 0 6 2 4]
 [4 3 2 8 6 9 7 1 5]
 [2 1 5 9 8 6 4 7 0]
 [9 0 7 3 1 4 5 6 8]
 [0 8 6 2 0 5 1 9 3]]
Number of cells unfilled: 11
Accuracy: 86.41975308641975
Sample: 73403
Question:
[[0 0 1 0 0 4 0 0 9]
 [6 0 0 0 0 0 0 4 0]
 [0 2 0 9 0 0 0 0 3]
 [0 0 0 0 0 9 0 0 8]
 [0 8 0 0 5 2 0 0 0]
 [0 0 3 8 0 0 0 5 0]
 [0 0 5 0 1 0 0 7 0]
 [0 1 0 2 0 0 0 0 5]
 [7 0 0 0 0 5 1 0 0]]
Solution:
[[2 0 8 6 9 1 3 5 7]
 [5 7 9 0 4 3 2 8 6]
 [1 4 3 7 5 8 9 0 0]
 [7 6 0 1 2 0 8 3 9]
 [8 9 1 5 7 0 6 2 4]
 [4 3 2 8 6 9 7 1 5]
 [3 1 5 9 8 6 4 7 2]
 [9 2 7 3 1 4 5 6 8]
 [0 8 6 2 0 7 1 9 3]]
Number of cells unfilled: 9
Accuracy: 88.88888888888889
Sample: 73404
Question:
[[3 0 0 0 6 0 2 0 0]
 [0 5 0 0 0 0 0 9 0]
 [0 0 7 4 0 0 0 0 8]
 [1 0 0 0 4 0 6 0 0]
 [0 0 9 0 0 0 0 5 0]
 [0 0 0 0 0 8 0 0 7]
 [0 0 3 6 0 4 1 0 0]
 [4 0 0 1 0 2 0 0 0]
 [0 0 0 0 3 0 0 0 0]]
Solution:
[[2 0 8 6 9 0 3 5 1]
 [5 7 9 0 4 3 2 8 6]
 [1 4 3 7 0 8 9 0 0]
 [7 6 0 1 2 0 8 3 9]
 [8 9 1 5 7 0 6 2 4]
 [4 3 2 8 6 9 7 1 5]
 [3 1 5 9 8 6 4 7 2]
 [9 2 7 3 1 4 5 6 8]
 [0 8 6 2 5 7 1 9 3]]
Number of cells unfilled: 10
Accuracy: 87.65432098765432
Sample: 73405
Question:
[[0 0 9 0 2 1 0 0 0]
 [1 0 0 4 0 0 5 0 0]
 [0 6 0 0 0 0 0 1 0]
 [0 0 2 0 0 8 0 0 0]
 [5 0 0 3 0 0 7 0 0]
 [0 1 0 0 6 0 0 4 0]
 [0 0 0 9 0 0 0 0 4]
 [0 0 0 0 0 3 6 0 0]
 [3 0 0 0 5 0 0 7 9]]
Solution:
[[0 2 8 6 9 1 3 5 7]
 [5 7 9 0 4 3 2 8 6]
 [1 4 3 7 0 8 9 0 0]
 [7 6 0 1 2 0 8 3 9]
 [8 9 1 5 7 0 6 2 4]
 [4 3 2 8 6 9 7 1 5]
 [2 1 5 9 8 6 4 7 0]
 [9 0 7 3 1 4 5 6 2]
 [0 8 6 2 5 7 1 9 3]]
Number of cells unfilled: 11
Accuracy: 86.41975308641975
Sample: 73406
Question:
[[0 0 4 0 0 0 6 0 0]
 [0 6 0 9 0 0 0 3 0]
 [0 3 9 6 0 4 0 5 2]
 [6 0 8 3 0 0 5 0 0]
 [0 5 0 0 9 0 3 0 0]
 [0 0 0 0 0 0 0 8 0]
 [0 0 0 0 1 0 0 0 0]
 [7 0 0 0 0 0 2 0 3]
 [0 8 0 2 0 0 0 6 0]]
Solution:
[[2 0 8 6 9 1 3 5 7]
 [5 7 9 0 4 3 2 0 6]
 [1 4 3 7 0 8 9 0 0]
 [7 6 0 1 2 0 8 3 9]
 [8 9 1 5 7 0 6 2 4]
 [4 3 2 8 6 9 7 1 5]
 [3 1 5 9 8 6 4 7 2]
 [9 2 7 3 1 4 5 8 0]
 [0 8 6 2 5 7 1 9 3]]
Number of cells unfilled: 11
Accuracy: 86.41975308641975
Sample: 73407
Question:
[[3 0 0 0 0 6 0 4 0]
 [0 0 0 0 3 0 0 9 0]
 [0 0 7 0 0 8 1 0 2]
 [0 0 0 0 0 0 2 0 0]
 [1 0 0 6 7 0 0 0 0]
 [2 0 4 8 0 0 0 0 0]
 [4 0 8 5 0 0 0 0 7]
 [0 0 2 3 0 4 0 0 0]
 [5 0 9 0 0 0 3 0 0]]
Solution:
[[0 2 8 6 9 0 3 5 1]
 [5 7 9 0 4 3 2 8 6]
 [1 4 3 7 0 8 9 0 0]
 [7 6 0 1 2 0 8 3 9]
 [8 9 1 5 7 0 6 2 4]
 [4 3 2 8 6 9 7 1 5]
 [2 1 5 9 8 6 4 7 0]
 [9 0 7 3 1 4 5 6 8]
 [0 8 6 2 5 7 1 9 3]]
Number of cells unfilled: 12
Accuracy: 85.18518518518519
Sample: 73408
Question:
[[0 1 5 7 0 0 0 4 0]
 [0 6 8 0 0 4 0 0 0]
 [4 0 0 0 1 0 0 0 0]
 [8 0 0 1 0 0 0 6 0]
 [0 2 0 9 0 0 0 0 7]
 [0 0 6 0 3 0 5 0 0]
 [6 0 0 0 0 1 0 5 0]
 [0 0 0 0 7 0 0 0 3]
 [0 0 0 2 0 0 9 0 0]]
Solution:
[[0 2 8 6 9 1 3 5 7]
 [5 7 9 0 4 3 2 0 6]
 [1 4 3 7 0 8 9 0 0]
 [7 6 0 1 2 0 8 3 9]
 [8 9 1 5 7 0 6 2 4]
 [4 3 2 8 6 9 7 1 5]
 [3 1 5 9 8 6 4 7 2]
 [9 0 7 3 1 4 5 8 0]
 [0 8 6 2 5 7 1 9 3]]
Number of cells unfilled: 12
Accuracy: 85.18518518518519
Sample: 73409
Question:
[[0 0 7 4 9 0 0 0 2]
 [0 0 0 2 0 0 0 0 8]
 [0 4 0 7 0 3 0 0 0]
 [0 2 0 6 0 0 0 0 0]
 [5 0 0 8 3 0 0 9 6]
 [0 9 0 0 0 0 0 0 0]
 [0 6 2 0 0 7 0 0 3]
 [0 0 0 0 0 0 2 0 0]
 [0 3 5 0 0 0 8 1 0]]
Solution:
[[0 2 8 6 9 1 3 5 7]
 [5 7 9 0 4 3 2 8 6]
 [1 4 3 7 5 8 9 0 0]
 [7 6 0 1 2 0 8 3 9]
 [8 9 1 5 7 0 6 2 4]
 [4 3 2 8 6 9 7 1 5]
 [2 1 5 9 8 6 4 7 0]
 [9 0 7 3 1 4 5 6 8]
 [0 8 6 2 0 5 1 9 3]]
Number of cells unfilled: 11
Accuracy: 86.41975308641975
Sample: 73410
Question:
[[0 5 0 0 0 7 0 9 0]
 [2 0 7 0 0 0 8 0 0]
 [0 0 6 0 4 0 0 0 7]
 [0 6 0 0 9 0 0 5 0]
 [0 0 4 0 0 5 0 0 0]
 [0 0 0 8 0 0 1 0 0]
 [0 0 9 0 0 6 0 3 0]
 [0 3 0 1 0 0 9 0 0]
 [0 0 0 0 3 0 0 0 2]]
Solution:
[[0 2 8 6 9 1 3 5 7]
 [5 7 9 0 4 3 2 0 6]
 [1 4 3 7 0 8 9 0 0]
 [7 6 0 1 2 0 8 3 9]
 [8 9 1 5 7 0 6 2 4]
 [4 3 2 8 6 9 7 1 5]
 [2 1 5 9 8 6 4 7 0]
 [9 0 7 3 1 4 5 8 2]
 [0 8 6 2 5 7 1 9 3]]
Number of cells unfilled: 12
Accuracy: 85.18518518518519
Sample: 73411
Question:
[[0 0 0 0 0 7 0 3 0]
 [0 5 0 0 9 0 0 0 4]
 [0 0 0 1 0 0 2 0 0]
 [6 8 0 0 0 0 0 9 0]
 [9 0 7 0 6 0 0 0 8]
 [0 4 0 0 0 0 0 0 0]
 [5 0 0 0 8 0 0 0 6]
 [0 0 0 3 0 0 1 0 0]
 [0 0 0 0 0 2 0 7 0]]
Solution:
[[0 2 8 6 9 1 3 5 7]
 [5 7 9 0 4 3 2 8 6]
 [1 4 3 7 5 8 9 0 0]
 [7 6 0 1 2 0 8 3 9]
 [8 9 1 5 7 0 6 2 4]
 [4 3 2 8 6 9 7 1 5]
 [2 1 5 9 8 6 4 7 0]
 [9 0 7 3 1 4 5 6 8]
 [0 8 6 2 0 5 1 9 3]]
Number of cells unfilled: 11
Accuracy: 86.41975308641975
Sample: 73412
Question:
[[0 0 1 4 0 0 0 0 2]
 [0 7 0 0 0 6 0 0 0]
 [5 0 0 0 8 0 0 0 0]
 [0 0 0 9 0 0 0 1 0]
 [3 0 0 0 4 0 0 0 9]
 [0 0 4 0 0 0 0 2 0]
 [0 6 0 0 0 5 2 0 0]
 [8 0 0 0 0 0 7 0 0]
 [0 0 9 3 0 0 0 0 1]]
Solution:
[[2 0 8 6 9 1 3 5 7]
 [5 7 9 0 4 3 2 8 6]
 [1 4 3 7 0 8 9 0 0]
 [7 6 0 1 2 0 8 3 9]
 [8 9 1 5 7 0 6 2 4]
 [4 3 2 8 6 9 7 1 5]
 [3 1 5 9 8 6 4 7 2]
 [9 2 7 3 1 4 5 6 8]
 [0 8 6 2 5 7 1 9 3]]
Number of cells unfilled: 9
Accuracy: 88.88888888888889
Sample: 73413
Question:
[[0 0 8 0 0 0 0 4 6]
 [0 0 0 6 8 0 9 0 0]
 [0 9 0 0 4 0 5 0 0]
 [0 7 0 0 0 3 2 0 0]
 [0 0 0 0 9 0 0 0 0]
 [0 0 3 8 0 0 0 6 9]
 [0 1 0 0 0 0 0 0 7]
 [5 0 0 0 0 0 0 0 0]
 [0 0 4 0 3 0 0 9 5]]
Solution:
[[2 0 8 6 9 1 3 5 7]
 [5 7 9 0 4 3 2 8 6]
 [1 4 3 7 5 8 9 0 0]
 [7 6 0 1 2 0 8 3 9]
 [8 9 1 5 7 0 6 2 4]
 [4 3 2 8 6 9 7 1 5]
 [3 1 5 9 8 6 4 7 2]
 [9 2 7 3 1 4 5 6 8]
 [0 8 6 2 0 7 1 9 3]]
Number of cells unfilled: 9
Accuracy: 88.88888888888889
Sample: 73414
Question:
[[9 5 0 0 0 0 8 0 0]
 [0 1 0 0 0 7 0 0 0]
 [0 0 3 5 9 0 0 0 1]
 [0 9 0 2 0 4 0 6 0]
 [0 0 0 7 0 0 0 0 0]
 [3 0 0 0 5 0 0 0 2]
 [0 0 2 0 0 0 0 0 0]
 [1 0 0 6 0 0 0 0 0]
 [0 3 0 1 2 0 0 0 5]]
Solution:
[[0 2 8 6 9 1 3 5 7]
 [5 7 9 0 4 3 2 8 6]
 [1 4 3 7 5 8 9 0 0]
 [7 6 0 1 2 0 8 3 9]
 [8 9 1 5 7 0 6 2 4]
 [4 3 2 8 6 9 7 1 5]
 [2 1 5 9 8 6 4 7 0]
 [9 0 7 3 1 4 5 6 2]
 [0 8 6 2 0 5 1 9 3]]
Number of cells unfilled: 11
Accuracy: 86.41975308641975
Sample: 73415
Question:
[[0 0 0 0 0 2 0 0 9]
 [8 0 0 0 4 0 7 0 0]
 [0 0 9 5 0 0 0 3 0]
 [4 0 0 0 1 0 0 0 0]
 [0 0 7 6 0 0 0 2 0]
 [0 9 0 0 0 8 0 0 0]
 [7 0 0 0 0 3 6 0 0]
 [0 0 6 7 0 0 0 0 3]
 [0 5 0 0 0 0 1 7 0]]
Solution:
[[0 2 8 6 9 1 3 5 7]
 [5 7 9 0 4 3 2 8 6]
 [1 4 3 7 0 8 9 0 0]
 [7 6 0 1 2 0 8 3 9]
 [8 9 1 5 7 0 6 2 4]
 [4 3 2 8 6 9 7 1 5]
 [2 1 5 9 8 6 4 7 0]
 [9 0 7 3 1 4 5 6 2]
 [0 8 6 2 5 7 1 9 3]]
Number of cells unfilled: 11
Accuracy: 86.41975308641975
Sample: 73416
Question:
[[8 0 0 0 0 0 0 7 0]
 [0 2 0 4 0 0 0 0 0]
 [0 0 6 0 0 5 0 0 2]
 [0 0 5 0 0 6 0 0 4]
 [0 7 0 0 3 0 1 0 0]
 [9 0 0 0 0 0 0 8 0]
 [0 0 0 0 0 3 2 0 0]
 [0 0 1 6 2 0 0 0 3]
 [0 0 0 9 5 0 0 6 0]]
Solution:
[[0 2 8 6 9 1 3 5 7]
 [5 7 9 0 4 3 2 0 6]
 [1 4 3 7 0 8 9 0 0]
 [7 6 0 1 2 0 8 3 9]
 [8 9 1 5 7 0 6 2 4]
 [4 3 2 8 6 9 7 1 5]
 [2 1 5 9 8 6 4 7 0]
 [9 0 7 3 1 4 5 8 2]
 [0 8 6 2 5 7 1 9 3]]
Number of cells unfilled: 12
Accuracy: 85.18518518518519
Sample: 73417
Question:
[[5 0 0 3 0 0 0 0 0]
 [0 1 0 0 0 0 3 8 0]
 [0 0 4 0 0 1 0 0 5]
 [0 5 0 4 0 0 0 0 1]
 [0 0 0 0 0 9 0 0 0]
 [0 0 7 0 0 0 6 0 0]
 [0 0 3 0 9 0 0 2 0]
 [0 4 0 8 0 0 0 0 3]
 [2 9 0 1 0 0 0 0 8]]
Solution:
[[2 0 8 6 9 0 3 5 1]
 [5 7 9 0 4 3 2 8 6]
 [1 4 3 7 0 8 9 0 0]
 [7 6 0 1 2 0 8 3 9]
 [8 9 1 5 7 0 6 2 4]
 [4 3 2 8 6 9 7 1 5]
 [3 1 5 9 8 6 4 7 2]
 [9 2 7 3 1 4 5 6 8]
 [0 8 6 2 5 7 1 9 3]]
Number of cells unfilled: 10
Accuracy: 87.65432098765432
Sample: 73418
Question:
[[0 0 0 3 0 0 0 0 1]
 [3 9 0 0 4 0 2 7 0]
 [0 7 0 0 2 0 8 0 0]
 [0 5 0 2 8 0 4 0 0]
 [0 0 6 0 0 9 0 0 0]
 [0 0 0 0 0 0 0 0 9]
 [0 2 0 7 0 4 0 5 0]
 [0 0 0 0 5 0 0 0 0]
 [5 0 0 8 0 2 7 0 0]]
Solution:
[[0 2 8 6 9 1 3 5 7]
 [5 7 9 0 4 3 2 8 6]
 [1 4 3 7 5 8 9 0 0]
 [7 6 0 1 2 0 8 3 9]
 [8 9 1 5 7 0 6 2 4]
 [4 3 2 8 6 9 7 1 5]
 [2 1 5 9 8 6 4 7 0]
 [9 0 7 3 1 4 5 6 8]
 [0 8 6 2 0 5 1 9 3]]
Number of cells unfilled: 11
Accuracy: 86.41975308641975
Sample: 73419
Question:
[[1 0 5 6 0 0 0 4 0]
 [0 0 0 0 0 5 9 0 0]
 [8 0 0 0 4 0 0 0 0]
 [7 0 6 0 0 4 0 2 0]
 [0 0 0 7 6 0 1 0 0]
 [0 8 0 0 2 0 0 6 0]
 [5 0 0 4 0 0 0 0 0]
 [0 3 0 0 0 0 0 0 1]
 [6 0 2 0 5 0 0 7 0]]
Solution:
[[0 2 8 6 9 1 3 5 7]
 [5 7 9 0 4 3 2 8 6]
 [1 4 3 7 5 8 9 0 0]
 [7 6 0 1 2 0 8 3 9]
 [8 9 1 5 7 0 6 2 4]
 [4 3 2 8 6 9 7 1 5]
 [2 1 5 9 8 6 4 7 0]
 [9 0 7 3 1 4 5 6 2]
 [0 8 6 2 0 7 1 9 3]]
Number of cells unfilled: 11
Accuracy: 86.41975308641975
Sample: 73420
Question:
[[0 0 0 0 0 4 0 0 0]
 [0 3 0 0 1 0 0 8 2]
 [0 0 1 6 0 0 9 0 0]
 [0 0 0 0 0 9 0 0 4]
 [0 0 7 0 8 0 0 3 0]
 [0 0 0 7 0 0 5 0 0]
 [0 2 3 0 0 0 0 0 0]
 [1 0 0 0 7 0 0 2 0]
 [0 7 8 0 0 6 0 0 5]]
Solution:
[[0 2 8 6 9 1 3 5 7]
 [5 7 9 0 4 3 2 0 6]
 [1 4 3 7 0 8 9 0 0]
 [7 6 0 1 2 0 8 3 9]
 [8 9 1 5 7 0 6 2 4]
 [4 3 2 8 6 9 7 1 5]
 [2 1 5 9 8 6 4 7 0]
 [9 0 7 3 1 4 5 8 2]
 [0 8 6 2 5 7 1 9 3]]
Number of cells unfilled: 12
Accuracy: 85.18518518518519
Sample: 73421
Question:
[[0 0 0 1 0 3 0 9 0]
 [0 0 9 0 2 0 0 0 0]
 [1 0 0 5 0 9 2 0 0]
 [0 6 0 4 0 0 0 0 0]
 [0 0 4 0 0 0 7 0 0]
 [9 0 0 0 3 0 0 5 0]
 [0 0 1 0 0 0 8 0 0]
 [5 0 0 0 1 0 0 2 0]
 [0 7 0 8 0 0 0 0 6]]
Solution:
[[0 2 8 6 9 0 3 5 1]
 [5 7 9 0 4 3 2 8 6]
 [1 4 3 7 0 8 9 0 0]
 [7 6 0 1 2 0 8 3 9]
 [8 9 1 5 7 0 6 2 4]
 [4 3 2 8 6 9 7 1 5]
 [2 1 5 9 8 6 4 7 0]
 [9 0 7 3 1 4 5 6 2]
 [0 8 6 2 5 7 1 9 3]]
Number of cells unfilled: 12
Accuracy: 85.18518518518519
Sample: 73422
Question:
[[0 3 0 0 4 0 6 0 0]
 [6 0 8 0 0 0 0 4 0]
 [5 0 0 0 0 0 0 0 2]
 [0 0 2 0 7 0 0 9 0]
 [0 0 0 0 0 0 0 0 5]
 [0 6 0 0 0 3 7 0 0]
 [0 1 0 7 0 0 4 0 0]
 [0 0 0 0 3 1 0 0 0]
 [8 0 0 0 6 4 0 0 9]]
Solution:
[[0 2 8 6 9 1 3 5 7]
 [5 7 9 0 4 3 2 8 6]
 [1 4 3 7 5 8 9 0 0]
 [7 6 0 1 2 0 8 3 9]
 [8 9 1 5 7 0 6 2 4]
 [4 3 2 8 6 9 7 1 5]
 [2 1 5 9 8 6 4 7 0]
 [9 0 7 3 1 4 5 6 8]
 [0 8 6 2 0 7 1 9 3]]
Number of cells unfilled: 11
Accuracy: 86.41975308641975
Sample: 73423
Question:
[[0 4 0 0 1 0 9 0 0]
 [9 0 0 0 0 7 0 0 0]
 [0 0 5 2 0 0 0 7 0]
 [1 5 0 0 0 3 0 0 0]
 [0 0 0 0 4 0 3 0 0]
 [0 0 2 8 0 0 0 6 0]
 [0 0 0 0 0 0 0 5 0]
 [0 0 8 0 0 0 7 0 6]
 [5 0 0 7 0 0 2 0 8]]
Solution:
[[0 2 8 6 9 1 3 5 7]
 [5 7 9 0 4 3 2 8 6]
 [1 4 3 7 5 8 9 0 0]
 [7 6 0 1 2 0 8 3 9]
 [8 9 1 5 7 0 6 2 4]
 [4 3 2 8 6 9 7 1 5]
 [2 1 5 9 8 6 4 7 0]
 [9 0 7 3 1 4 5 6 8]
 [0 8 6 2 0 7 1 9 3]]
Number of cells unfilled: 11
Accuracy: 86.41975308641975
Sample: 73424
Question:
[[0 5 0 0 0 8 0 0 0]
 [3 0 0 4 0 0 6 0 0]
 [0 0 0 0 2 0 0 0 8]
 [0 7 0 0 0 0 0 0 0]
 [1 0 2 0 5 0 0 0 7]
 [9 0 0 3 0 0 1 0 0]
 [0 0 0 0 0 4 9 0 0]
 [4 0 0 0 0 0 0 6 1]
 [0 9 0 1 0 0 0 4 3]]
Solution:
[[2 0 8 6 9 0 3 5 1]
 [5 7 9 0 4 3 2 8 6]
 [1 4 3 7 0 8 9 0 0]
 [7 6 0 1 2 0 8 3 9]
 [8 9 1 5 7 0 6 2 4]
 [4 3 2 8 6 9 7 1 5]
 [3 1 5 9 8 6 4 7 2]
 [9 2 7 3 1 4 5 6 8]
 [0 8 6 2 5 7 1 9 3]]
Number of cells unfilled: 10
Accuracy: 87.65432098765432
Sample: 73425
Question:
[[0 6 0 9 0 0 0 0 5]
 [0 0 9 0 0 0 0 1 0]
 [2 0 0 0 1 0 7 0 0]
 [0 0 0 0 2 0 0 0 0]
 [8 0 0 1 0 3 0 0 2]
 [0 0 2 7 0 8 1 0 0]
 [0 0 5 0 0 0 0 4 0]
 [0 0 0 4 0 0 0 0 6]
 [7 0 0 0 3 0 8 0 0]]
Solution:
[[0 2 8 6 9 1 3 5 7]
 [5 7 9 0 4 3 2 8 6]
 [1 4 3 7 0 8 9 0 0]
 [7 6 0 1 2 0 8 3 9]
 [8 9 1 5 7 0 6 2 4]
 [4 3 2 8 6 9 7 1 5]
 [2 1 5 9 8 6 4 7 0]
 [9 0 7 3 1 4 5 6 8]
 [0 8 6 2 5 7 1 9 3]]
Number of cells unfilled: 11
Accuracy: 86.41975308641975
Sample: 73426
Question:
[[2 0 0 0 0 9 7 0 0]
 [0 0 4 3 0 0 0 0 1]
 [0 0 0 0 4 0 0 2 0]
 [0 0 6 8 0 0 0 0 3]
 [5 0 0 0 0 7 8 0 0]
 [0 0 0 0 5 0 0 9 0]
 [0 0 1 0 0 0 0 0 0]
 [3 8 0 4 0 0 0 1 0]
 [4 6 0 0 0 0 0 0 8]]
Solution:
[[0 2 8 6 9 1 3 5 7]
 [5 7 9 0 4 3 2 8 6]
 [1 4 3 7 5 8 9 0 0]
 [7 6 0 1 2 0 8 3 9]
 [8 9 1 5 7 0 6 2 4]
 [4 3 2 8 6 9 7 1 5]
 [3 1 5 9 8 6 4 7 2]
 [9 0 7 3 1 4 5 6 8]
 [2 8 6 0 0 7 1 9 3]]
Number of cells unfilled: 10
Accuracy: 87.65432098765432
Sample: 73427
Question:
[[8 0 0 0 0 0 3 0 0]
 [0 1 4 0 0 5 0 0 6]
 [0 0 2 0 0 0 0 5 0]
 [0 4 0 9 0 0 0 0 5]
 [0 0 0 0 4 1 0 0 0]
 [2 0 0 0 5 6 7 0 0]
 [0 0 0 0 0 0 8 0 0]
 [0 0 3 0 0 9 0 7 0]
 [0 6 0 0 1 0 0 0 9]]
Solution:
[[0 2 8 6 9 0 3 5 1]
 [5 7 9 0 4 3 2 8 6]
 [1 4 3 7 0 8 9 0 0]
 [7 6 0 1 2 0 8 3 9]
 [8 9 1 5 7 0 6 2 4]
 [4 3 2 8 6 9 7 1 5]
 [2 1 5 9 8 6 4 7 0]
 [9 0 7 3 1 4 5 6 8]
 [0 8 6 2 5 7 1 9 3]]
Number of cells unfilled: 12
Accuracy: 85.18518518518519
Sample: 73428
Question:
[[0 0 8 0 0 3 7 0 0]
 [3 0 0 8 0 6 5 0 0]
 [6 0 0 0 0 0 0 0 1]
 [4 0 6 0 3 0 0 5 0]
 [0 1 0 0 0 0 0 0 0]
 [9 8 2 0 0 0 0 0 0]
 [0 3 0 1 0 8 0 0 4]
 [0 0 0 6 5 0 9 0 0]
 [8 0 0 0 0 7 0 0 0]]
Solution:
[[0 2 8 6 9 1 3 5 7]
 [5 7 9 0 4 3 2 8 6]
 [1 4 3 7 5 8 9 0 0]
 [7 6 0 1 2 0 8 3 9]
 [8 9 1 5 7 0 6 2 4]
 [4 3 2 8 6 9 7 1 5]
 [2 1 5 9 8 6 4 7 0]
 [9 0 7 3 1 4 5 6 2]
 [0 8 6 2 0 5 1 9 3]]
Number of cells unfilled: 11
Accuracy: 86.41975308641975
Sample: 73429
Question:
[[0 0 0 0 0 0 0 4 0]
 [0 0 9 0 0 8 0 7 6]
 [0 8 1 0 4 0 9 0 0]
 [0 0 0 0 0 5 0 8 1]
 [0 0 0 3 2 4 0 0 0]
 [0 2 0 0 9 0 0 0 0]
 [4 0 0 0 0 0 7 1 0]
 [5 0 0 0 0 9 0 0 0]
 [0 0 0 0 0 3 8 0 4]]
Solution:
[[0 2 8 6 9 1 3 5 7]
 [5 7 9 0 4 3 2 0 6]
 [1 4 3 7 0 8 9 0 0]
 [7 6 0 1 2 0 8 3 9]
 [8 9 1 5 7 0 6 2 4]
 [4 3 2 8 6 9 7 1 5]
 [2 1 5 9 8 6 4 7 0]
 [9 0 7 3 1 4 5 8 2]
 [0 8 6 2 5 7 1 9 3]]
Number of cells unfilled: 12
Accuracy: 85.18518518518519
Sample: 73430
Question:
[[0 6 0 1 0 0 8 7 9]
 [5 0 0 0 0 0 0 0 0]
 [0 0 9 0 0 3 4 2 0]
 [0 0 0 9 2 0 0 0 0]
 [0 0 0 0 0 0 6 0 0]
 [0 0 6 8 3 0 7 0 0]
 [0 8 0 7 9 0 3 0 4]
 [0 0 3 5 0 0 0 1 0]
 [0 2 0 0 6 0 0 0 0]]
Solution:
[[0 2 8 6 9 1 3 5 7]
 [5 7 9 0 4 3 2 8 6]
 [1 4 3 7 5 8 9 0 0]
 [7 6 0 1 2 0 8 3 9]
 [8 9 1 5 7 0 6 2 4]
 [4 3 2 8 6 9 7 1 5]
 [3 1 5 9 8 6 4 7 2]
 [9 0 7 3 1 4 5 6 8]
 [2 8 6 0 0 5 1 9 3]]
Number of cells unfilled: 10
Accuracy: 87.65432098765432
Sample: 73431
Question:
[[4 2 1 8 6 0 0 0 0]
 [0 5 6 0 9 0 0 0 0]
 [0 0 0 0 0 0 0 0 5]
 [0 4 0 3 8 0 0 2 0]
 [0 0 0 0 0 0 0 0 0]
 [0 3 2 4 0 6 0 0 0]
 [0 0 0 0 0 0 2 5 0]
 [3 0 0 0 0 0 0 9 8]
 [0 0 5 1 0 8 0 6 7]]
Solution:
[[0 2 8 6 9 1 3 5 7]
 [5 7 9 0 4 3 2 8 6]
 [1 4 3 7 5 8 9 0 0]
 [7 6 0 1 2 0 8 3 9]
 [8 9 1 5 7 0 6 2 4]
 [4 3 2 8 6 9 7 1 5]
 [2 1 5 9 8 6 4 7 0]
 [9 0 7 3 1 4 5 6 2]
 [0 8 6 2 0 5 1 9 3]]
Number of cells unfilled: 11
Accuracy: 86.41975308641975
Sample: 73432
Question:
[[0 0 0 0 6 7 0 0 9]
 [0 0 1 4 0 0 0 8 0]
 [0 0 0 0 0 8 2 0 0]
 [9 0 0 6 0 0 0 4 0]
 [0 6 0 0 0 0 0 0 5]
 [0 0 3 0 0 2 7 0 0]
 [4 0 8 0 0 0 0 0 1]
 [3 0 6 0 9 0 0 0 0]
 [0 5 0 8 0 0 0 3 0]]
Solution:
[[2 0 8 6 9 0 3 5 1]
 [5 7 9 0 4 3 2 8 6]
 [1 4 3 7 0 8 9 0 0]
 [7 6 0 1 2 0 8 3 9]
 [8 9 1 5 7 0 6 2 4]
 [4 3 2 8 6 9 7 1 5]
 [3 1 5 9 8 6 4 7 2]
 [9 2 7 3 1 4 5 6 8]
 [0 8 6 2 5 7 1 9 3]]
Number of cells unfilled: 10
Accuracy: 87.65432098765432
Sample: 73433
Question:
[[0 0 8 1 5 0 0 0 0]
 [0 0 0 6 0 9 0 0 0]
 [3 0 0 0 0 8 0 0 6]
 [6 0 0 0 0 0 0 5 0]
 [0 2 0 4 0 0 0 9 0]
 [0 0 0 0 0 0 3 0 7]
 [7 0 2 0 3 0 4 0 9]
 [0 4 0 0 0 0 0 2 0]
 [9 0 0 0 0 0 0 0 1]]
Solution:
[[2 0 8 6 9 0 3 5 1]
 [5 7 9 0 4 3 2 8 6]
 [1 4 3 7 0 8 9 0 0]
 [7 6 0 1 2 0 8 3 9]
 [8 9 1 5 7 0 6 2 4]
 [4 3 2 8 6 9 7 1 5]
 [3 1 5 9 8 6 4 7 2]
 [9 2 7 3 1 4 5 6 8]
 [0 8 6 2 5 7 1 9 3]]
Number of cells unfilled: 10
Accuracy: 87.65432098765432
Sample: 73434
Question:
[[0 0 9 0 0 4 0 2 3]
 [4 0 0 0 3 0 0 0 7]
 [0 0 0 9 0 0 4 0 0]
 [0 0 3 0 9 0 7 0 0]
 [5 0 0 1 0 0 0 0 0]
 [0 0 0 0 0 0 0 5 6]
 [8 0 0 6 0 0 0 0 4]
 [0 0 4 0 7 0 2 0 0]
 [0 1 0 0 0 8 0 0 0]]
Solution:
[[0 2 8 6 9 1 3 5 7]
 [5 7 9 0 4 3 2 8 6]
 [1 4 3 7 0 8 9 0 0]
 [7 6 0 1 2 0 8 3 9]
 [8 9 1 5 7 0 6 2 4]
 [4 3 2 8 6 9 7 1 5]
 [2 1 5 9 8 6 4 7 0]
 [9 0 7 3 1 4 5 6 8]
 [0 8 6 2 5 7 1 9 3]]
Number of cells unfilled: 11
Accuracy: 86.41975308641975
Sample: 73435
Question:
[[0 2 0 0 6 0 0 0 0]
 [0 0 4 0 0 7 0 1 0]
 [0 0 0 0 0 0 3 0 2]
 [0 0 8 0 4 1 0 9 0]
 [0 5 0 0 3 0 0 0 0]
 [6 0 0 5 0 0 0 0 0]
 [0 0 7 8 0 0 4 0 9]
 [0 0 0 0 7 0 0 8 0]
 [0 8 0 0 0 4 1 0 0]]
Solution:
[[0 2 8 6 9 1 3 5 7]
 [5 7 9 0 4 3 2 8 6]
 [1 4 3 7 0 8 9 0 0]
 [7 6 0 1 2 0 8 3 9]
 [8 9 1 5 7 0 6 2 4]
 [4 3 2 8 6 9 7 1 5]
 [2 1 5 9 8 6 4 7 0]
 [9 0 7 3 1 4 5 6 8]
 [0 8 6 2 5 7 1 9 3]]
Number of cells unfilled: 11
Accuracy: 86.41975308641975
Sample: 73436
Question:
[[0 6 0 0 0 2 0 3 0]
 [0 0 2 0 7 0 1 0 0]
 [9 0 0 0 0 0 0 0 0]
 [0 0 0 0 5 0 0 0 3]
 [0 0 5 2 0 0 4 0 0]
 [0 0 0 0 1 4 0 5 8]
 [6 0 0 0 2 0 0 0 0]
 [0 8 0 7 0 0 0 9 0]
 [0 0 4 0 0 1 7 0 0]]
Solution:
[[2 0 8 6 9 0 3 5 1]
 [5 7 9 0 4 3 2 8 6]
 [1 4 3 7 0 8 9 0 0]
 [7 6 0 1 2 0 8 3 9]
 [8 9 1 5 7 0 6 2 4]
 [4 3 2 8 6 9 7 1 5]
 [3 1 5 9 8 6 4 7 2]
 [9 2 7 3 1 4 5 6 8]
 [0 8 6 2 5 7 1 9 3]]
Number of cells unfilled: 10
Accuracy: 87.65432098765432
Sample: 73437
Question:
[[5 7 0 0 9 0 0 0 2]
 [0 0 2 7 0 0 0 9 0]
 [0 1 0 0 0 2 7 0 0]
 [6 8 0 0 0 0 0 0 0]
 [0 0 0 0 0 6 0 3 0]
 [0 0 1 0 7 0 9 0 0]
 [0 0 0 3 0 0 0 0 4]
 [0 0 5 0 2 0 1 0 0]
 [0 0 0 0 0 4 0 8 0]]
Solution:
[[0 2 8 6 9 0 3 5 1]
 [5 7 9 0 4 3 2 8 6]
 [1 4 3 7 5 8 9 0 0]
 [7 6 0 1 2 0 8 3 9]
 [8 9 1 5 7 0 6 2 4]
 [4 3 2 8 6 9 7 1 5]
 [3 1 5 9 8 6 4 7 2]
 [9 0 7 3 1 4 5 6 8]
 [2 8 6 0 0 7 1 9 3]]
Number of cells unfilled: 11
Accuracy: 86.41975308641975
Sample: 73438
Question:
[[9 0 0 0 4 0 7 0 0]
 [0 0 0 7 1 0 0 0 0]
 [0 5 0 0 0 3 0 0 6]
 [0 6 0 0 3 0 2 0 0]
 [5 0 0 0 0 2 0 0 0]
 [0 0 0 4 6 0 0 0 5]
 [6 3 0 0 0 4 0 0 2]
 [1 0 0 0 0 0 8 0 0]
 [0 0 8 0 0 0 0 9 0]]
Solution:
[[2 0 8 6 9 0 3 5 1]
 [5 7 9 0 4 3 2 8 6]
 [1 4 3 7 0 8 9 0 0]
 [7 6 0 1 2 0 8 3 9]
 [8 9 1 5 7 0 6 2 4]
 [4 3 2 8 6 9 7 1 5]
 [3 1 5 9 8 6 4 7 2]
 [9 2 7 3 1 4 5 6 8]
 [0 8 6 2 5 7 1 9 3]]
Number of cells unfilled: 10
Accuracy: 87.65432098765432
Sample: 73439
Question:
[[3 0 8 9 4 0 0 0 7]
 [0 1 0 0 3 5 4 0 0]
 [0 0 0 7 0 0 0 0 0]
 [1 0 0 0 7 3 8 0 0]
 [0 8 4 0 9 0 0 0 5]
 [0 0 3 0 0 0 0 0 0]
 [0 0 0 6 0 0 0 0 0]
 [0 0 1 0 5 4 7 0 0]
 [5 0 0 0 0 0 0 0 2]]
Solution:
[[0 2 8 6 9 1 3 5 7]
 [5 7 9 0 4 3 2 8 6]
 [1 4 3 7 5 8 9 0 0]
 [7 6 0 1 2 0 8 3 9]
 [8 9 1 5 7 0 6 2 4]
 [4 3 2 8 6 9 7 1 5]
 [3 1 5 9 8 6 4 7 2]
 [9 0 7 3 1 4 5 6 8]
 [2 8 6 0 0 7 1 9 3]]
Number of cells unfilled: 10
Accuracy: 87.65432098765432
Sample: 73440
Question:
[[0 2 0 6 0 0 4 5 0]
 [0 0 0 0 0 5 0 0 0]
 [3 0 0 0 1 0 0 8 9]
 [2 0 3 0 0 0 5 0 0]
 [0 4 0 0 0 0 0 0 0]
 [0 0 0 0 9 0 7 3 4]
 [0 0 0 0 0 8 2 0 6]
 [0 0 0 0 0 0 0 4 0]
 [6 8 7 0 0 0 0 0 3]]
Solution:
[[0 2 8 6 9 1 3 5 7]
 [5 7 9 0 4 3 2 8 6]
 [1 4 3 7 5 8 9 0 0]
 [7 6 0 1 2 0 8 3 9]
 [8 9 1 5 7 0 6 2 4]
 [4 3 2 8 6 9 7 1 5]
 [2 1 5 9 8 6 4 7 0]
 [9 0 7 3 1 4 5 6 2]
 [0 8 6 2 0 7 1 9 3]]
Number of cells unfilled: 11
Accuracy: 86.41975308641975
Sample: 73441
Question:
[[0 0 0 0 2 5 0 8 0]
 [8 0 0 0 0 0 0 0 0]
 [0 4 0 6 0 0 7 0 0]
 [0 0 0 0 6 0 0 0 2]
 [0 0 5 0 0 9 0 3 0]
 [0 6 0 7 0 0 9 0 0]
 [7 0 0 0 1 0 4 0 0]
 [0 1 0 0 0 0 0 0 9]
 [6 0 4 9 0 0 0 0 0]]
Solution:
[[2 0 8 6 9 0 3 5 1]
 [5 7 9 0 4 3 2 8 6]
 [1 4 3 7 0 8 9 0 0]
 [7 6 0 1 2 0 8 3 9]
 [8 9 1 5 7 0 6 2 4]
 [4 3 2 8 6 9 7 1 5]
 [3 1 5 9 8 6 4 7 2]
 [9 2 7 3 1 4 5 6 8]
 [0 8 6 2 5 7 1 9 3]]
Number of cells unfilled: 10
Accuracy: 87.65432098765432
Sample: 73442
Question:
[[5 1 7 0 6 0 0 0 0]
 [0 0 0 0 9 0 5 0 0]
 [0 0 6 0 4 8 0 3 0]
 [9 0 8 0 0 0 2 0 0]
 [0 0 4 8 1 6 0 0 0]
 [0 0 0 0 0 5 0 0 0]
 [0 7 0 0 0 0 0 4 1]
 [0 0 0 1 8 9 0 0 0]
 [0 0 0 0 5 0 8 0 0]]
Solution:
[[0 2 8 6 9 1 3 5 7]
 [5 7 9 0 4 3 2 8 6]
 [1 4 3 7 0 8 9 0 0]
 [7 6 0 1 2 0 8 3 9]
 [8 9 1 5 7 0 6 2 4]
 [4 3 2 8 6 9 7 1 5]
 [3 1 5 9 8 6 4 7 2]
 [9 0 7 3 1 4 5 6 8]
 [2 8 6 0 5 7 1 9 3]]
Number of cells unfilled: 10
Accuracy: 87.65432098765432
Sample: 73443
Question:
[[0 0 5 0 0 0 0 3 0]
 [0 4 0 0 0 3 8 0 0]
 [6 0 0 9 8 0 0 2 0]
 [0 0 9 0 2 0 7 4 0]
 [0 0 0 0 0 5 1 0 0]
 [0 6 0 4 0 7 2 5 0]
 [0 0 8 0 5 0 0 0 0]
 [0 9 0 1 0 0 0 0 0]
 [0 0 6 0 0 0 0 8 1]]
Solution:
[[0 2 8 6 9 1 3 5 7]
 [5 7 9 0 4 3 2 8 6]
 [1 4 3 7 5 8 9 0 0]
 [7 6 0 1 2 0 8 3 9]
 [8 9 1 5 7 0 6 2 4]
 [4 3 2 8 6 9 7 1 5]
 [2 1 5 9 8 6 4 7 0]
 [9 0 7 3 1 4 5 6 8]
 [0 8 6 2 0 7 1 9 3]]
Number of cells unfilled: 11
Accuracy: 86.41975308641975
Sample: 73444
Question:
[[8 0 0 0 0 0 0 4 5]
 [0 0 0 0 2 0 0 0 8]
 [0 4 0 0 0 0 9 7 0]
 [0 3 0 1 0 0 0 0 0]
 [6 0 0 0 7 0 0 2 0]
 [0 0 9 0 0 5 0 0 0]
 [0 5 0 3 0 0 0 0 0]
 [7 0 0 0 4 0 0 0 6]
 [0 0 1 0 0 9 0 0 0]]
Solution:
[[0 2 8 6 9 1 3 5 7]
 [5 7 9 0 4 3 2 8 6]
 [1 4 3 7 0 8 9 0 0]
 [7 6 0 1 2 0 8 3 9]
 [8 9 1 5 7 0 6 2 4]
 [4 3 2 8 6 9 7 1 5]
 [2 1 5 9 8 6 4 7 0]
 [9 0 7 3 1 4 5 6 8]
 [0 8 6 2 5 7 1 9 3]]
Number of cells unfilled: 11
Accuracy: 86.41975308641975
Sample: 73445
Question:
[[0 0 0 8 1 0 0 7 0]
 [0 0 4 0 0 7 5 1 0]
 [0 0 0 0 0 0 0 8 0]
 [0 0 5 0 0 1 9 4 0]
 [0 6 0 0 0 0 0 0 0]
 [9 0 0 4 3 0 0 0 0]
 [0 0 2 1 5 0 4 0 0]
 [0 0 0 0 0 2 0 0 0]
 [0 5 0 7 0 0 1 2 0]]
Solution:
[[0 2 8 6 9 1 3 5 7]
 [5 7 9 0 4 3 2 8 6]
 [1 4 3 7 5 8 9 0 0]
 [7 6 0 1 2 0 8 3 9]
 [8 9 1 5 7 0 6 2 4]
 [4 3 2 8 6 9 7 1 5]
 [2 1 5 9 8 6 4 7 0]
 [9 0 7 3 1 4 5 6 2]
 [0 8 6 2 0 5 1 9 3]]
Number of cells unfilled: 11
Accuracy: 86.41975308641975
Sample: 73446
Question:
[[0 1 0 0 0 0 0 0 0]
 [7 0 0 0 9 0 6 0 0]
 [0 0 2 6 0 7 0 0 0]
 [0 0 0 0 5 8 0 0 4]
 [5 0 0 9 0 0 8 0 0]
 [0 3 0 0 0 0 0 0 5]
 [1 0 0 0 6 5 7 0 0]
 [6 0 0 0 0 9 5 4 0]
 [0 0 0 7 0 0 0 1 0]]
Solution:
[[0 2 8 6 9 1 3 5 7]
 [5 7 9 0 4 3 2 8 6]
 [1 4 3 7 0 8 9 0 0]
 [7 6 0 1 2 0 8 3 9]
 [8 9 1 5 7 0 6 2 4]
 [4 3 2 8 6 9 7 1 5]
 [3 1 5 9 8 6 4 7 2]
 [9 0 7 3 1 4 5 6 8]
 [0 8 6 2 5 7 1 9 3]]
Number of cells unfilled: 10
Accuracy: 87.65432098765432
Sample: 73447
Question:
[[0 2 0 0 0 0 6 0 0]
 [0 0 6 2 0 0 0 7 4]
 [0 3 7 4 0 0 0 1 0]
 [0 0 9 7 0 0 1 0 0]
 [3 0 0 0 4 0 0 9 7]
 [7 0 0 0 5 0 0 0 0]
 [0 0 4 6 0 0 0 0 1]
 [0 0 0 0 0 8 0 6 0]
 [0 0 0 0 2 0 0 0 0]]
Solution:
[[0 2 8 6 9 1 3 5 7]
 [5 7 9 0 4 3 2 8 6]
 [1 4 3 7 5 8 9 0 0]
 [7 6 0 1 2 0 8 3 9]
 [8 9 1 5 7 0 6 2 4]
 [4 3 2 8 6 9 7 1 5]
 [3 1 5 9 8 6 4 7 2]
 [9 0 7 3 1 4 5 6 8]
 [0 8 6 2 0 7 1 9 3]]
Number of cells unfilled: 10
Accuracy: 87.65432098765432
Sample: 73448
Question:
[[0 3 0 0 1 0 0 0 6]
 [0 5 0 0 6 7 0 0 9]
 [0 0 0 5 0 3 1 0 0]
 [0 1 0 0 5 0 0 9 0]
 [8 0 0 0 0 0 5 0 1]
 [0 0 3 0 0 0 0 0 0]
 [0 0 0 7 0 0 0 6 2]
 [0 6 0 0 2 0 9 0 0]
 [0 0 4 6 0 0 0 0 0]]
Solution:
[[0 2 8 6 9 1 3 5 7]
 [5 7 9 0 4 3 2 8 6]
 [1 4 3 7 5 8 9 0 0]
 [7 6 0 1 2 0 8 3 9]
 [8 9 1 5 7 0 6 2 4]
 [4 3 2 8 6 9 7 1 5]
 [2 1 5 9 8 6 4 7 0]
 [9 0 7 3 1 4 5 6 2]
 [0 8 6 2 0 7 1 9 3]]
Number of cells unfilled: 11
Accuracy: 86.41975308641975
Sample: 73449
Question:
[[0 5 7 0 0 0 0 0 0]
 [0 9 0 0 0 2 0 0 0]
 [3 0 0 0 4 0 0 9 5]
 [0 0 0 0 0 0 9 0 1]
 [5 0 0 0 8 0 0 3 4]
 [0 0 0 1 0 4 0 0 0]
 [6 0 0 4 0 0 0 5 0]
 [0 0 0 0 6 0 3 0 0]
 [0 0 3 8 0 0 0 4 6]]
Solution:
[[0 2 8 6 9 0 3 5 1]
 [5 7 9 0 4 3 2 8 6]
 [1 4 3 7 0 8 9 0 0]
 [7 6 0 1 2 0 8 3 9]
 [8 9 1 5 7 0 6 2 4]
 [4 3 2 8 6 9 7 1 5]
 [2 1 5 9 8 6 4 7 0]
 [9 0 7 3 1 4 5 6 2]
 [0 8 6 2 5 7 1 9 3]]
Number of cells unfilled: 12
Accuracy: 85.18518518518519
Sample: 73450
Question:
[[0 9 3 0 0 0 0 0 2]
 [1 0 0 0 3 2 7 0 0]
 [0 0 0 0 0 0 0 4 0]
 [0 0 6 0 5 1 0 7 0]
 [0 7 1 0 0 3 5 0 0]
 [5 0 0 0 0 0 0 0 0]
 [0 1 8 0 0 0 0 0 0]
 [0 0 0 2 8 0 0 0 0]
 [6 0 0 0 1 7 3 0 0]]
Solution:
[[0 2 8 6 9 1 3 5 7]
 [5 7 9 0 4 3 2 8 6]
 [1 4 3 7 5 8 9 0 0]
 [7 6 0 1 2 0 8 3 9]
 [8 9 1 5 7 0 6 2 4]
 [4 3 2 8 6 9 7 1 5]
 [2 1 5 9 8 6 4 7 0]
 [9 0 7 3 1 4 5 6 8]
 [0 8 6 2 0 5 1 9 3]]
Number of cells unfilled: 11
Accuracy: 86.41975308641975
Sample: 73451
Question:
[[4 5 2 9 0 0 7 0 0]
 [0 0 0 0 0 0 0 0 0]
 [0 3 0 5 0 7 8 0 0]
 [0 0 0 3 7 0 0 0 6]
 [0 7 0 0 0 9 3 0 0]
 [0 0 0 0 0 0 0 8 0]
 [2 0 0 4 0 5 0 0 0]
 [5 0 0 0 0 3 0 1 0]
 [0 4 0 0 9 0 5 0 0]]
Solution:
[[0 2 8 6 9 1 3 5 7]
 [5 7 9 0 4 3 2 8 6]
 [1 4 3 7 5 8 9 0 0]
 [7 6 0 1 2 0 8 3 9]
 [8 9 1 5 7 0 6 2 4]
 [4 3 2 8 6 9 7 1 5]
 [2 1 5 9 8 6 4 7 0]
 [9 0 7 3 1 4 5 6 8]
 [0 8 6 2 0 5 1 9 3]]
Number of cells unfilled: 11
Accuracy: 86.41975308641975
Sample: 73452
Question:
[[6 0 0 0 1 7 0 0 3]
 [0 0 0 6 0 0 0 0 0]
 [0 1 0 0 0 2 0 6 7]
 [1 0 0 7 0 0 0 3 5]
 [0 4 3 0 0 0 0 0 0]
 [0 0 5 0 8 0 0 0 0]
 [3 0 0 2 0 0 0 7 1]
 [0 0 0 0 0 0 5 9 0]
 [0 0 0 0 7 9 0 0 0]]
Solution:
[[0 2 8 6 9 1 3 5 7]
 [5 7 9 0 4 3 2 8 6]
 [1 4 3 7 5 8 9 0 0]
 [7 6 0 1 2 0 8 3 9]
 [8 9 1 5 7 0 6 2 4]
 [4 3 2 8 6 9 7 1 5]
 [3 1 5 9 8 6 4 7 2]
 [9 0 7 3 1 4 5 6 8]
 [2 8 6 0 0 7 1 9 3]]
Number of cells unfilled: 10
Accuracy: 87.65432098765432
Sample: 73453
Question:
[[6 0 0 0 3 5 0 4 0]
 [0 0 0 0 0 4 7 0 5]
 [0 0 0 0 0 7 0 0 0]
 [3 0 0 0 8 6 0 5 0]
 [0 8 0 0 0 0 0 0 1]
 [0 6 9 0 0 0 0 0 0]
 [0 0 3 0 5 2 4 0 0]
 [2 0 0 0 6 0 5 0 3]
 [0 0 0 0 0 0 0 2 0]]
Solution:
[[0 2 8 6 9 1 3 5 7]
 [5 7 9 0 4 3 2 8 6]
 [1 4 3 7 5 8 9 0 0]
 [7 6 0 1 2 0 8 3 9]
 [8 9 1 5 7 0 6 2 4]
 [4 3 2 8 6 9 7 1 5]
 [2 1 5 9 8 6 4 7 0]
 [9 0 7 3 1 4 5 6 2]
 [0 8 6 2 0 5 1 9 3]]
Number of cells unfilled: 11
Accuracy: 86.41975308641975
Sample: 73454
Question:
[[7 0 0 0 0 0 6 0 4]
 [5 0 6 0 0 0 0 0 0]
 [0 1 4 7 0 0 0 3 0]
 [0 0 0 0 9 0 0 0 0]
 [0 5 7 1 0 0 0 4 0]
 [0 0 0 0 0 5 0 0 2]
 [0 4 8 0 1 0 3 0 0]
 [0 0 0 0 7 0 0 8 0]
 [0 0 0 8 0 0 4 0 1]]
Solution:
[[2 0 8 6 9 1 3 5 7]
 [5 7 9 0 4 3 2 8 6]
 [1 4 3 7 0 8 9 0 0]
 [7 6 0 1 2 0 8 3 9]
 [8 9 1 5 7 0 6 2 4]
 [4 3 2 8 6 9 7 1 5]
 [3 1 5 9 8 6 4 7 2]
 [9 2 7 3 1 4 5 6 8]
 [0 8 6 2 5 7 1 9 3]]
Number of cells unfilled: 9
Accuracy: 88.88888888888889
Sample: 73455
Question:
[[8 0 0 0 0 7 0 0 1]
 [4 0 0 0 0 0 5 0 8]
 [0 0 5 0 8 0 0 3 0]
 [0 0 0 6 0 0 1 9 0]
 [0 0 0 0 0 2 0 0 0]
 [0 0 9 0 1 0 0 0 3]
 [0 4 8 0 9 0 3 0 0]
 [0 2 0 0 0 0 0 0 0]
 [0 0 1 0 2 0 8 0 9]]
Solution:
[[0 2 8 6 9 1 3 5 7]
 [5 7 9 0 4 3 2 8 6]
 [1 4 3 7 5 8 9 0 0]
 [7 6 0 1 2 0 8 3 9]
 [8 9 1 5 7 0 6 2 4]
 [4 3 2 8 6 9 7 1 5]
 [2 1 5 9 8 6 4 7 0]
 [9 0 7 3 1 4 5 6 8]
 [0 8 6 2 0 7 1 9 3]]
Number of cells unfilled: 11
Accuracy: 86.41975308641975
Sample: 73456
Question:
[[0 0 0 1 6 8 0 0 0]
 [0 1 0 3 0 0 0 4 0]
 [0 0 0 0 0 9 6 0 0]
 [0 3 1 5 2 0 0 0 0]
 [0 0 0 0 0 7 3 0 0]
 [0 0 0 0 0 6 0 2 0]
 [0 7 3 0 0 0 8 5 0]
 [0 4 8 0 5 0 2 0 7]
 [0 0 0 0 0 0 0 6 0]]
Solution:
[[2 0 8 6 9 0 3 5 1]
 [5 7 9 0 4 3 2 8 6]
 [1 4 3 7 5 8 9 0 0]
 [7 6 0 1 2 0 8 3 9]
 [8 9 1 5 7 0 6 2 4]
 [4 3 2 8 6 9 7 1 5]
 [3 1 5 9 8 6 4 7 2]
 [9 2 7 3 1 4 5 6 8]
 [0 8 6 2 0 7 1 9 3]]
Number of cells unfilled: 10
Accuracy: 87.65432098765432
Sample: 73457
Question:
[[0 1 0 0 0 2 6 0 0]
 [0 0 6 9 0 0 0 5 0]
 [4 0 3 0 0 0 0 0 2]
 [3 6 0 0 7 0 0 0 0]
 [0 0 9 8 0 0 0 6 0]
 [7 0 0 0 0 0 3 0 1]
 [0 0 0 4 0 0 0 0 6]
 [0 0 0 0 5 8 0 4 0]
 [0 0 4 0 9 0 5 0 0]]
Solution:
[[2 0 8 6 9 0 3 5 1]
 [5 7 9 0 4 3 2 8 6]
 [1 4 3 7 0 8 9 0 0]
 [7 6 0 1 2 0 8 3 9]
 [8 9 1 5 7 0 6 2 4]
 [4 3 2 8 6 9 7 1 5]
 [3 1 5 9 8 6 4 7 2]
 [9 2 7 3 1 4 5 6 8]
 [0 8 6 2 5 7 1 9 3]]
Number of cells unfilled: 10
Accuracy: 87.65432098765432
Sample: 73458
Question:
[[9 2 0 7 0 0 0 0 0]
 [8 0 0 0 0 0 0 0 0]
 [1 3 0 0 8 2 0 0 7]
 [0 0 0 2 0 0 0 9 0]
 [0 0 0 4 3 0 7 0 0]
 [5 0 0 0 1 0 0 3 0]
 [0 0 0 0 0 0 8 7 0]
 [0 1 0 0 0 0 0 0 3]
 [4 0 0 0 6 8 0 5 0]]
Solution:
[[0 2 8 6 9 1 3 5 7]
 [5 7 9 0 4 3 2 8 6]
 [1 4 3 7 5 8 9 0 0]
 [7 6 0 1 2 0 8 3 9]
 [8 9 1 5 7 0 6 2 4]
 [4 3 2 8 6 9 7 1 5]
 [2 1 5 9 8 6 4 7 0]
 [9 0 7 3 1 4 5 6 8]
 [0 8 6 2 0 7 1 9 3]]
Number of cells unfilled: 11
Accuracy: 86.41975308641975
Sample: 73459
Question:
[[0 7 0 0 0 9 0 0 0]
 [4 0 0 0 1 0 0 0 0]
 [0 0 9 4 8 0 7 0 0]
 [0 0 5 2 0 0 3 0 0]
 [1 4 0 0 0 8 9 0 0]
 [0 2 0 0 0 0 0 5 0]
 [7 0 0 0 0 4 8 0 0]
 [0 3 0 8 0 0 0 0 6]
 [0 0 0 0 6 0 0 3 0]]
Solution:
[[0 2 8 6 9 0 3 5 1]
 [5 7 9 0 4 3 2 8 6]
 [1 4 3 7 0 8 9 0 0]
 [7 6 0 1 2 0 8 3 9]
 [8 9 1 5 7 0 6 2 4]
 [4 3 2 8 6 9 7 1 5]
 [2 1 5 9 8 6 4 7 0]
 [9 0 7 3 1 4 5 6 8]
 [0 8 6 2 5 7 1 9 3]]
Number of cells unfilled: 12
Accuracy: 85.18518518518519
Sample: 73460
Question:
[[0 0 3 0 0 7 0 0 0]
 [0 2 0 1 0 0 6 0 0]
 [1 0 0 0 9 0 0 0 8]
 [0 6 0 0 5 0 0 0 0]
 [0 0 9 0 0 1 0 7 0]
 [3 0 0 2 0 9 4 0 0]
 [4 9 0 0 0 0 0 5 0]
 [0 0 0 0 0 8 0 0 0]
 [0 0 2 9 0 0 1 0 0]]
Solution:
[[2 0 8 6 9 1 3 5 7]
 [5 7 9 0 4 3 2 8 6]
 [1 4 3 7 5 8 9 0 0]
 [7 6 0 1 2 0 8 3 9]
 [8 9 1 5 7 0 6 2 4]
 [4 3 2 8 6 9 7 1 5]
 [3 1 5 9 8 6 4 7 2]
 [9 2 7 3 1 4 5 6 8]
 [0 8 6 2 0 5 1 9 3]]
Number of cells unfilled: 9
Accuracy: 88.88888888888889
Sample: 73461
Question:
[[0 0 7 6 0 0 0 0 0]
 [0 0 4 8 5 9 0 0 0]
 [0 0 0 0 7 0 0 1 9]
 [0 0 0 0 0 0 0 5 3]
 [0 0 8 0 0 0 0 0 0]
 [9 0 0 5 0 0 8 6 0]
 [0 0 3 0 1 0 0 0 0]
 [4 2 0 0 0 0 0 8 0]
 [0 5 0 3 6 2 0 0 4]]
Solution:
[[2 0 8 6 9 1 3 5 7]
 [5 7 9 0 4 3 2 8 6]
 [1 4 3 7 5 8 9 0 0]
 [7 6 0 1 2 0 8 3 9]
 [8 9 1 5 7 0 6 2 4]
 [4 3 2 8 6 9 7 1 5]
 [3 1 5 9 8 6 4 7 2]
 [9 2 7 3 1 4 5 6 8]
 [0 8 6 2 0 5 1 9 3]]
Number of cells unfilled: 9
Accuracy: 88.88888888888889
Sample: 73462
Question:
[[0 0 4 3 0 0 0 7 0]
 [0 0 0 0 1 0 2 0 0]
 [8 0 0 0 0 7 0 0 5]
 [6 9 0 7 0 0 0 0 0]
 [0 4 0 0 0 9 0 6 0]
 [0 0 3 0 0 0 7 0 0]
 [0 5 0 0 8 0 0 0 0]
 [0 0 0 0 0 2 1 0 0]
 [0 0 6 4 0 0 0 3 0]]
Solution:
[[0 2 8 6 9 1 3 5 7]
 [5 7 9 0 4 3 2 8 6]
 [1 4 3 7 0 8 9 0 0]
 [7 6 0 1 2 0 8 3 9]
 [8 9 1 5 7 0 6 2 4]
 [4 3 2 8 6 9 7 1 5]
 [2 1 5 9 8 6 4 7 0]
 [9 0 7 3 1 4 5 6 2]
 [0 8 6 2 5 7 1 9 3]]
Number of cells unfilled: 11
Accuracy: 86.41975308641975
Sample: 73463
Question:
[[0 9 0 0 0 0 0 0 0]
 [4 6 0 0 0 1 3 0 0]
 [0 0 7 0 0 0 0 0 5]
 [0 0 0 0 1 6 0 3 0]
 [6 7 0 2 0 0 4 0 0]
 [0 0 9 0 0 4 0 0 0]
 [7 2 0 0 6 0 1 0 0]
 [0 0 0 0 0 7 0 0 3]
 [0 5 0 1 0 2 0 0 8]]
Solution:
[[2 0 8 6 9 1 3 5 7]
 [5 7 9 0 4 3 2 8 6]
 [1 4 3 7 5 8 9 0 0]
 [7 6 0 1 2 0 8 3 9]
 [8 9 1 5 7 0 6 2 4]
 [4 3 2 8 6 9 7 1 5]
 [3 1 5 9 8 6 4 7 2]
 [9 2 7 3 1 4 5 6 8]
 [0 8 6 2 0 7 1 9 3]]
Number of cells unfilled: 9
Accuracy: 88.88888888888889
Sample: 73464
Question:
[[0 0 0 3 0 0 6 0 0]
 [7 0 0 0 5 0 0 1 0]
 [0 0 3 0 0 9 0 0 4]
 [0 1 0 0 0 0 8 0 0]
 [0 0 2 0 7 0 0 0 5]
 [9 0 0 0 0 2 0 4 0]
 [2 0 0 0 4 0 0 0 9]
 [0 8 0 6 0 0 0 0 0]
 [0 0 5 0 0 3 0 0 0]]
Solution:
[[0 2 8 6 9 0 3 5 1]
 [5 7 9 0 4 3 2 8 6]
 [1 4 3 7 5 8 9 0 0]
 [7 6 0 1 2 0 8 3 9]
 [8 9 1 5 7 0 6 2 4]
 [4 3 2 8 6 9 7 1 5]
 [3 1 5 9 8 6 4 7 2]
 [9 0 7 3 1 4 5 6 8]
 [2 8 6 0 0 7 1 9 3]]
Number of cells unfilled: 11
Accuracy: 86.41975308641975
Sample: 73465
Question:
[[0 0 7 5 0 0 0 0 0]
 [0 8 5 0 0 0 0 7 0]
 [0 0 0 0 0 9 6 0 0]
 [0 9 4 8 0 0 1 0 5]
 [0 0 0 0 0 7 8 0 0]
 [0 1 0 0 4 0 0 6 9]
 [0 7 0 9 0 0 3 0 0]
 [0 0 0 0 8 0 0 2 0]
 [0 0 3 4 0 0 0 9 0]]
Solution:
[[0 2 8 6 9 1 3 5 7]
 [5 7 9 0 4 3 2 8 6]
 [1 4 3 7 5 8 9 0 0]
 [7 6 0 1 2 0 8 3 9]
 [8 9 1 5 7 0 6 2 4]
 [4 3 2 8 6 9 7 1 5]
 [2 1 5 9 8 6 4 7 0]
 [9 0 7 3 1 4 5 6 2]
 [0 8 6 2 0 5 1 9 3]]
Number of cells unfilled: 11
Accuracy: 86.41975308641975
Sample: 73466
Question:
[[3 0 0 0 0 2 0 0 7]
 [0 0 0 5 0 0 0 4 0]
 [0 6 4 0 0 0 0 0 0]
 [0 0 3 0 1 0 0 0 0]
 [9 0 0 0 0 8 0 0 3]
 [0 1 0 0 0 0 5 8 0]
 [6 0 0 7 0 0 0 2 0]
 [0 7 9 8 0 0 0 0 6]
 [0 3 0 0 0 6 7 0 0]]
Solution:
[[0 2 8 6 9 1 3 5 7]
 [5 7 9 0 4 3 2 8 6]
 [1 4 3 7 5 8 9 0 0]
 [7 6 0 1 2 0 8 3 9]
 [8 9 1 5 7 0 6 2 4]
 [4 3 2 8 6 9 7 1 5]
 [2 1 5 9 8 6 4 7 0]
 [9 0 7 3 1 4 5 6 2]
 [0 8 6 2 0 7 1 9 3]]
Number of cells unfilled: 11
Accuracy: 86.41975308641975
Sample: 73467
Question:
[[4 0 0 0 0 5 0 3 0]
 [0 0 7 0 9 2 0 0 0]
 [0 2 0 0 0 0 4 0 0]
 [8 0 1 2 6 0 0 0 0]
 [0 0 2 0 3 1 7 0 0]
 [0 0 0 0 0 0 0 0 0]
 [0 8 3 1 0 0 5 0 7]
 [0 0 0 0 0 0 9 0 0]
 [6 0 5 0 0 0 0 8 0]]
Solution:
[[0 2 8 6 9 1 3 5 7]
 [5 7 9 0 4 3 2 8 6]
 [1 4 3 7 5 8 9 0 0]
 [7 6 0 1 2 0 8 3 9]
 [8 9 1 5 7 0 6 2 4]
 [4 3 2 8 6 9 7 1 5]
 [2 1 5 9 8 6 4 7 0]
 [9 0 7 3 1 4 5 6 8]
 [0 8 6 2 0 5 1 9 3]]
Number of cells unfilled: 11
Accuracy: 86.41975308641975
Sample: 73468
Question:
[[0 6 0 0 8 0 0 0 0]
 [0 0 7 5 0 0 4 0 0]
 [1 0 0 0 0 0 0 7 0]
 [0 0 0 0 0 2 0 5 0]
 [0 0 5 3 0 0 0 0 4]
 [8 0 0 0 0 0 9 0 0]
 [2 0 0 0 6 5 0 0 3]
 [0 1 0 0 0 0 0 0 9]
 [0 0 3 9 0 0 0 4 0]]
Solution:
[[0 2 8 6 9 1 3 5 7]
 [5 7 9 0 4 3 2 8 6]
 [1 4 3 7 0 8 9 0 0]
 [7 6 0 1 2 0 8 3 9]
 [8 9 1 5 7 0 6 2 4]
 [4 3 2 8 6 9 7 1 5]
 [3 1 5 9 8 6 4 7 2]
 [9 0 7 3 1 4 5 6 8]
 [0 8 6 2 5 7 1 9 3]]
Number of cells unfilled: 10
Accuracy: 87.65432098765432
Sample: 73469
Question:
[[0 0 0 0 4 0 7 0 3]
 [0 0 0 0 2 0 0 0 8]
 [5 0 0 0 0 7 0 4 0]
 [4 0 0 0 9 0 0 8 0]
 [0 0 0 0 0 0 1 0 0]
 [1 0 0 7 5 0 0 2 9]
 [0 0 1 0 0 5 0 0 0]
 [9 0 0 2 0 0 0 7 0]
 [0 6 0 0 7 9 8 0 0]]
Solution:
[[0 2 8 6 9 1 3 5 7]
 [5 7 9 0 4 3 2 8 6]
 [1 4 3 7 5 8 9 0 0]
 [7 6 0 1 2 0 8 3 9]
 [8 9 1 5 7 0 6 2 4]
 [4 3 2 8 6 9 7 1 5]
 [2 1 5 9 8 6 4 7 0]
 [9 0 7 3 1 4 5 6 8]
 [0 8 6 2 0 5 1 9 3]]
Number of cells unfilled: 11
Accuracy: 86.41975308641975
Sample: 73470
Question:
[[0 0 1 0 0 2 7 0 0]
 [0 2 0 0 0 0 0 8 0]
 [7 0 6 8 0 1 0 2 0]
 [0 1 0 6 0 5 8 0 0]
 [0 0 0 0 2 0 0 0 5]
 [0 0 0 0 0 0 0 4 0]
 [0 6 0 9 0 7 2 0 0]
 [9 0 3 0 0 0 0 0 0]
 [0 0 0 0 5 0 0 9 0]]
Solution:
[[0 2 8 6 9 1 3 5 7]
 [5 7 9 0 4 3 2 0 6]
 [1 4 3 7 0 8 9 0 0]
 [7 6 0 1 2 0 8 3 9]
 [8 9 1 5 7 0 6 2 4]
 [4 3 2 8 6 9 7 1 5]
 [3 1 5 9 8 6 4 7 2]
 [9 0 7 3 1 4 5 8 0]
 [2 8 6 0 5 7 1 9 3]]
Number of cells unfilled: 12
Accuracy: 85.18518518518519
Sample: 73471
Question:
[[0 0 4 9 0 0 0 0 0]
 [0 5 0 0 4 7 6 0 0]
 [1 0 0 0 0 0 0 0 0]
 [9 0 0 0 6 5 0 8 7]
 [5 0 0 0 0 0 9 0 0]
 [0 8 0 0 0 0 0 0 6]
 [3 0 0 4 0 0 0 0 0]
 [0 9 0 0 8 3 7 0 0]
 [0 0 8 0 0 0 0 3 2]]
Solution:
[[2 0 8 6 9 0 3 5 1]
 [5 7 9 0 4 3 2 8 6]
 [1 4 3 7 0 8 9 0 0]
 [7 6 0 1 2 0 8 3 9]
 [8 9 1 5 7 0 6 2 4]
 [4 3 2 8 6 9 7 1 5]
 [3 1 5 9 8 6 4 7 2]
 [9 2 7 3 1 4 5 6 8]
 [0 8 6 2 5 7 1 9 3]]
Number of cells unfilled: 10
Accuracy: 87.65432098765432
Sample: 73472
Question:
[[0 0 9 0 6 0 0 0 0]
 [4 0 0 9 0 1 8 0 0]
 [0 0 0 0 0 0 0 5 9]
 [0 6 0 0 0 0 0 0 0]
 [7 0 0 8 0 6 2 0 0]
 [0 0 3 0 0 0 0 0 0]
 [1 0 0 0 0 4 0 2 0]
 [0 2 7 0 0 0 4 0 0]
 [0 0 4 7 0 2 0 8 1]]
Solution:
[[2 0 8 6 9 1 3 5 7]
 [5 7 9 0 4 3 2 8 6]
 [1 4 3 7 5 8 9 0 0]
 [7 6 0 1 2 0 8 3 9]
 [8 9 1 5 7 0 6 2 4]
 [4 3 2 8 6 9 7 1 5]
 [3 1 5 9 8 6 4 7 2]
 [9 2 7 3 1 4 5 6 8]
 [0 8 6 2 0 5 1 9 3]]
Number of cells unfilled: 9
Accuracy: 88.88888888888889
Sample: 73473
Question:
[[0 2 0 0 0 0 0 0 0]
 [9 0 0 0 0 1 8 0 0]
 [0 0 5 8 9 0 0 0 3]
 [6 0 0 0 8 0 7 0 0]
 [0 0 0 1 0 0 0 3 0]
 [0 0 0 7 0 6 0 4 0]
 [2 0 0 6 0 8 1 0 0]
 [0 0 9 0 0 0 0 0 2]
 [7 0 0 9 0 0 3 0 0]]
Solution:
[[0 2 8 6 9 1 3 5 7]
 [5 7 9 0 4 3 2 8 6]
 [1 4 3 7 0 8 9 0 0]
 [7 6 0 1 2 0 8 3 9]
 [8 9 1 5 7 0 6 2 4]
 [4 3 2 8 6 9 7 1 5]
 [2 1 5 9 8 6 4 7 0]
 [9 0 7 3 1 4 5 6 8]
 [0 8 6 2 5 7 1 9 3]]
Number of cells unfilled: 11
Accuracy: 86.41975308641975
Sample: 73474
Question:
[[1 7 0 0 0 0 0 0 0]
 [0 0 9 0 2 0 1 0 3]
 [0 2 0 1 0 0 0 8 0]
 [0 0 0 0 3 0 0 0 2]
 [3 9 0 2 0 0 5 0 6]
 [0 0 2 5 0 6 0 0 0]
 [0 0 0 0 0 8 0 0 4]
 [0 0 0 4 0 0 0 0 0]
 [0 0 6 0 5 0 9 0 8]]
Solution:
[[2 0 8 6 9 1 3 5 7]
 [5 7 9 0 4 3 2 8 6]
 [1 4 3 7 0 8 9 0 0]
 [7 6 0 1 2 0 8 3 9]
 [8 9 1 5 7 0 6 2 4]
 [4 3 2 8 6 9 7 1 5]
 [3 1 5 9 8 6 4 7 2]
 [9 2 7 3 1 4 5 6 8]
 [0 8 6 2 5 7 1 9 3]]
Number of cells unfilled: 9
Accuracy: 88.88888888888889
Sample: 73475
Question:
[[6 0 0 0 0 2 0 0 0]
 [0 0 0 1 0 0 6 0 9]
 [0 1 0 6 8 0 0 7 0]
 [0 0 2 0 0 1 0 0 0]
 [4 0 0 0 0 0 0 0 0]
 [0 3 0 7 2 0 0 5 0]
 [1 0 0 3 5 0 8 0 7]
 [3 0 0 0 0 0 0 1 0]
 [0 8 0 0 0 0 0 0 5]]
Solution:
[[0 2 8 6 9 1 3 5 7]
 [5 7 9 0 4 3 2 0 6]
 [1 4 3 7 0 8 9 0 0]
 [7 6 0 1 2 0 8 3 9]
 [8 9 1 5 7 0 6 2 4]
 [4 3 2 8 6 9 7 1 5]
 [2 1 5 9 8 6 4 7 0]
 [9 0 7 3 1 4 5 8 2]
 [0 8 6 2 5 7 1 9 3]]
Number of cells unfilled: 12
Accuracy: 85.18518518518519
Sample: 73476
Question:
[[0 3 0 1 0 0 0 0 4]
 [0 0 0 0 5 0 8 0 0]
 [0 0 0 0 0 2 0 6 0]
 [0 1 0 7 0 0 0 0 3]
 [0 0 0 0 8 0 2 0 0]
 [0 0 6 0 0 0 0 5 0]
 [0 9 0 0 3 7 0 4 0]
 [0 0 1 4 0 0 0 0 0]
 [7 0 0 0 0 0 0 0 9]]
Solution:
[[2 0 8 6 9 1 3 5 7]
 [5 7 9 0 4 3 2 8 6]
 [1 4 3 7 0 8 9 0 0]
 [7 6 0 1 2 0 8 3 9]
 [8 9 1 5 7 0 6 2 4]
 [4 3 2 8 6 9 7 1 5]
 [3 1 5 9 8 6 4 7 2]
 [9 2 7 3 1 4 5 6 8]
 [0 8 6 2 5 7 1 9 3]]
Number of cells unfilled: 9
Accuracy: 88.88888888888889
Sample: 73477
Question:
[[0 8 0 0 0 2 0 0 1]
 [0 0 5 0 0 0 0 0 0]
 [6 0 0 9 0 0 4 0 0]
 [0 0 0 0 0 0 0 9 0]
 [1 0 0 6 0 0 0 0 3]
 [0 0 0 0 7 0 6 0 0]
 [0 2 0 0 0 5 0 0 6]
 [0 0 7 0 8 0 0 0 4]
 [4 0 0 1 0 0 0 3 0]]
Solution:
[[2 0 8 6 9 1 3 5 7]
 [5 7 9 0 4 3 2 8 6]
 [1 4 3 7 5 8 9 0 0]
 [7 6 0 1 2 0 8 3 9]
 [8 9 1 5 7 0 6 2 4]
 [4 3 2 8 6 9 7 1 5]
 [3 1 5 9 8 6 4 7 2]
 [9 2 7 3 1 4 5 6 8]
 [0 8 6 2 0 7 1 9 3]]
Number of cells unfilled: 9
Accuracy: 88.88888888888889
Sample: 73478
Question:
[[2 0 0 0 0 9 7 0 0]
 [0 0 0 4 0 0 0 0 8]
 [0 0 6 0 1 0 0 9 0]
 [0 6 3 0 0 0 0 0 7]
 [5 0 0 0 7 0 0 3 0]
 [0 7 0 0 0 3 2 0 0]
 [0 4 0 8 0 0 0 0 0]
 [0 0 0 0 5 0 1 0 0]
 [0 0 9 0 0 1 0 0 6]]
Solution:
[[0 2 8 6 9 1 3 5 7]
 [5 7 9 0 4 3 2 8 6]
 [1 4 3 7 5 8 9 0 0]
 [7 6 0 1 2 0 8 3 9]
 [8 9 1 5 7 0 6 2 4]
 [4 3 2 8 6 9 7 1 5]
 [2 1 5 9 8 6 4 7 0]
 [9 0 7 3 1 4 5 6 2]
 [0 8 6 2 0 7 1 9 3]]
Number of cells unfilled: 11
Accuracy: 86.41975308641975
Sample: 73479
Question:
[[1 0 0 0 0 0 0 9 2]
 [0 3 0 0 7 0 0 0 0]
 [0 2 0 0 4 0 0 0 6]
 [0 6 0 8 0 0 0 4 5]
 [0 0 0 3 1 0 0 6 0]
 [0 0 0 0 9 0 8 0 1]
 [0 1 6 0 0 2 0 0 3]
 [0 4 0 9 0 1 0 0 0]
 [5 0 0 0 0 0 0 2 0]]
Solution:
[[0 2 8 6 9 1 3 5 7]
 [5 7 9 0 4 3 2 8 6]
 [1 4 3 7 5 8 9 0 0]
 [7 6 0 1 2 0 8 3 9]
 [8 9 1 5 7 0 6 2 4]
 [4 3 2 8 6 9 7 1 5]
 [2 1 5 9 8 6 4 7 0]
 [9 0 7 3 1 4 5 6 8]
 [0 8 6 2 0 7 1 9 3]]
Number of cells unfilled: 11
Accuracy: 86.41975308641975
Sample: 73480
Question:
[[0 0 0 0 4 7 0 2 0]
 [0 0 0 0 8 1 0 9 4]
 [4 0 0 6 0 0 7 0 1]
 [7 0 0 0 0 4 1 0 8]
 [0 3 0 0 0 0 0 0 0]
 [0 0 0 0 6 0 0 0 0]
 [6 0 0 0 1 0 2 0 7]
 [0 0 2 0 0 6 0 0 3]
 [0 5 0 0 0 0 0 1 0]]
Solution:
[[2 0 8 6 9 1 3 5 7]
 [5 7 9 0 4 3 2 8 6]
 [1 4 3 7 0 8 9 0 0]
 [7 6 0 1 2 0 8 3 9]
 [8 9 1 5 7 0 6 2 4]
 [4 3 2 8 6 9 7 1 5]
 [3 1 5 9 8 6 4 7 2]
 [9 2 7 3 1 4 5 6 8]
 [0 8 6 2 5 7 1 9 3]]
Number of cells unfilled: 9
Accuracy: 88.88888888888889
Sample: 73481
Question:
[[8 0 4 0 0 6 0 0 0]
 [0 9 0 8 5 0 0 4 0]
 [5 0 7 0 4 1 0 0 0]
 [0 0 5 6 8 0 0 9 0]
 [9 0 0 0 2 0 0 0 6]
 [0 0 0 0 0 5 3 0 0]
 [0 0 0 0 0 8 0 0 0]
 [0 0 0 0 0 0 2 0 0]
 [4 0 0 5 7 0 0 8 0]]
Solution:
[[2 0 8 6 9 1 3 5 7]
 [5 7 9 0 4 3 2 0 6]
 [1 4 3 7 0 8 9 0 0]
 [7 6 0 1 2 0 8 3 9]
 [8 9 1 5 7 0 6 2 4]
 [4 3 2 8 6 9 7 1 5]
 [3 1 5 9 8 6 4 7 2]
 [9 2 7 3 1 4 5 8 0]
 [0 8 6 2 5 7 1 9 3]]
Number of cells unfilled: 11
Accuracy: 86.41975308641975
Sample: 73482
Question:
[[0 0 2 3 0 0 0 0 0]
 [0 0 0 0 1 8 0 0 9]
 [0 1 0 0 0 0 5 0 0]
 [0 4 0 0 5 0 0 0 8]
 [0 0 8 0 0 2 0 7 0]
 [0 0 0 0 0 0 1 0 0]
 [0 8 0 0 9 0 4 0 0]
 [0 0 0 0 0 3 0 6 0]
 [3 0 7 6 0 0 0 0 0]]
Solution:
[[0 2 8 6 9 1 3 5 7]
 [5 7 9 0 4 3 2 8 6]
 [1 4 3 7 5 8 9 0 0]
 [7 6 0 1 2 0 8 3 9]
 [8 9 1 5 7 0 6 2 4]
 [4 3 2 8 6 9 7 1 5]
 [2 1 5 9 8 6 4 7 0]
 [9 0 7 3 1 4 5 6 8]
 [0 8 6 2 0 5 1 9 3]]
Number of cells unfilled: 11
Accuracy: 86.41975308641975
Sample: 73483
Question:
[[0 0 0 0 0 0 0 5 0]
 [0 0 5 0 2 0 8 0 3]
 [3 0 0 5 0 0 2 0 6]
 [0 0 2 8 0 0 0 6 0]
 [0 0 0 0 0 0 7 0 0]
 [8 7 0 0 0 1 0 0 0]
 [9 0 0 0 0 0 0 0 4]
 [0 0 3 6 0 0 0 8 0]
 [0 1 0 0 9 4 0 0 0]]
Solution:
[[0 2 8 6 9 1 3 5 7]
 [5 7 9 0 4 3 2 8 6]
 [1 4 3 7 5 8 9 0 0]
 [7 6 0 1 2 0 8 3 9]
 [8 9 1 5 7 0 6 2 4]
 [4 3 2 8 6 9 7 1 5]
 [2 1 5 9 8 6 4 7 0]
 [9 0 7 3 1 4 5 6 2]
 [0 8 6 2 0 5 1 9 3]]
Number of cells unfilled: 11
Accuracy: 86.41975308641975
Sample: 73484
Question:
[[0 0 7 5 0 0 0 1 0]
 [0 0 6 0 0 0 0 3 0]
 [8 0 0 0 9 0 0 0 7]
 [0 8 0 0 4 0 0 0 6]
 [0 0 9 2 0 0 0 5 0]
 [6 0 0 0 0 0 3 0 0]
 [4 0 0 0 0 2 0 0 0]
 [0 0 0 0 0 0 1 8 0]
 [0 0 8 0 7 0 0 0 9]]
Solution:
[[0 2 8 6 9 1 3 5 7]
 [5 7 9 0 4 3 2 8 6]
 [1 4 3 7 5 8 9 0 0]
 [7 6 0 1 2 0 8 3 9]
 [8 9 1 5 7 0 6 2 4]
 [4 3 2 8 6 9 7 1 5]
 [2 1 5 9 8 6 4 7 0]
 [9 0 7 3 1 4 5 6 8]
 [0 8 6 2 0 5 1 9 3]]
Number of cells unfilled: 11
Accuracy: 86.41975308641975
Sample: 73485
Question:
[[0 0 8 0 0 0 2 0 0]
 [0 0 9 0 0 7 0 0 0]
 [1 0 0 5 0 0 0 0 3]
 [0 0 7 0 0 6 0 0 0]
 [0 8 0 0 0 0 0 0 4]
 [4 0 0 2 0 0 3 0 0]
 [5 0 0 1 0 0 0 3 0]
 [0 9 0 0 5 0 4 0 1]
 [0 0 0 0 6 0 5 0 2]]
Solution:
[[0 2 8 6 9 1 3 5 7]
 [5 7 9 0 4 3 2 8 6]
 [1 4 3 7 0 8 9 0 0]
 [7 6 0 1 2 0 8 3 9]
 [8 9 1 5 7 0 6 2 4]
 [4 3 2 8 6 9 7 1 5]
 [3 1 5 9 8 6 4 7 2]
 [9 0 7 3 1 4 5 6 8]
 [0 8 6 2 5 7 1 9 3]]
Number of cells unfilled: 10
Accuracy: 87.65432098765432
Sample: 73486
Question:
[[0 4 0 0 6 0 0 0 7]
 [2 0 0 0 0 0 9 6 0]
 [0 0 0 0 0 2 0 0 0]
 [0 1 0 8 0 7 0 4 0]
 [0 0 0 0 1 0 0 0 0]
 [0 0 8 6 0 4 0 0 1]
 [9 0 0 0 0 0 3 5 0]
 [0 8 0 0 7 0 0 0 6]
 [0 0 5 3 0 0 0 0 0]]
Solution:
[[0 2 8 6 9 1 3 5 7]
 [5 7 9 0 4 3 2 8 6]
 [1 4 3 7 0 8 9 0 0]
 [7 6 0 1 2 0 8 3 9]
 [8 9 1 5 7 0 6 2 4]
 [4 3 2 8 6 9 7 1 5]
 [2 1 5 9 8 6 4 7 0]
 [9 0 7 3 1 4 5 6 2]
 [0 8 6 2 5 7 1 9 3]]
Number of cells unfilled: 11
Accuracy: 86.41975308641975
Sample: 73487
Question:
[[0 0 0 7 0 0 0 0 5]
 [0 0 0 0 0 0 8 1 0]
 [0 0 5 4 0 0 0 0 2]
 [0 0 2 0 0 0 1 8 0]
 [5 9 0 2 0 0 0 0 0]
 [6 0 0 1 0 0 0 0 9]
 [0 0 0 8 9 0 0 3 0]
 [7 6 0 0 0 4 0 0 0]
 [0 1 0 5 0 7 2 0 0]]
Solution:
[[0 2 8 6 9 1 3 5 7]
 [5 7 9 0 4 3 2 8 6]
 [1 4 3 7 0 8 9 0 0]
 [7 6 0 1 2 0 8 3 9]
 [8 9 1 5 7 0 6 2 4]
 [4 3 2 8 6 9 7 1 5]
 [2 1 5 9 8 6 4 7 0]
 [9 0 7 3 1 4 5 6 2]
 [0 8 6 2 5 7 1 9 3]]
Number of cells unfilled: 11
Accuracy: 86.41975308641975
Sample: 73488
Question:
[[5 4 6 0 0 2 9 0 0]
 [0 0 0 0 0 9 0 5 2]
 [0 2 0 0 1 0 0 0 8]
 [4 0 0 0 9 0 0 7 0]
 [0 0 2 3 0 0 5 9 0]
 [0 0 0 0 0 6 0 0 0]
 [0 0 0 0 0 8 0 6 0]
 [9 0 0 7 0 0 0 0 1]
 [0 3 0 1 2 0 0 0 0]]
Solution:
[[0 2 8 6 9 1 3 5 7]
 [5 7 9 0 4 3 2 8 6]
 [1 4 3 7 0 8 9 0 0]
 [7 6 0 1 2 0 8 3 9]
 [8 9 1 5 7 0 6 2 4]
 [4 3 2 8 6 9 7 1 5]
 [2 1 5 9 8 6 4 7 0]
 [9 0 7 3 1 4 5 6 2]
 [0 8 6 2 5 7 1 9 3]]
Number of cells unfilled: 11
Accuracy: 86.41975308641975
Sample: 73489
Question:
[[0 0 1 0 0 0 0 5 0]
 [9 0 0 0 2 0 0 4 3]
 [5 0 0 0 0 0 0 7 0]
 [4 0 0 0 0 2 0 9 6]
 [0 9 0 4 0 0 0 0 0]
 [0 6 0 9 0 0 0 0 0]
 [0 0 0 0 0 3 8 0 0]
 [6 0 0 2 0 0 0 3 4]
 [0 0 0 0 0 6 7 0 0]]
Solution:
[[0 2 8 6 9 1 3 5 7]
 [5 7 9 0 4 3 2 8 6]
 [1 4 3 7 5 8 9 0 0]
 [7 6 0 1 2 0 8 3 9]
 [8 9 1 5 7 0 6 2 4]
 [4 3 2 8 6 9 7 1 5]
 [2 1 5 9 8 6 4 7 0]
 [9 0 7 3 1 4 5 6 8]
 [0 8 6 2 0 5 1 9 3]]
Number of cells unfilled: 11
Accuracy: 86.41975308641975
Sample: 73490
Question:
[[0 0 6 0 2 0 8 3 0]
 [0 9 0 0 3 5 0 0 0]
 [5 0 0 0 0 1 0 0 9]
 [0 7 0 0 0 0 0 4 1]
 [0 0 0 7 1 0 5 0 6]
 [0 0 0 5 0 0 3 0 0]
 [0 0 8 0 0 7 0 0 3]
 [3 2 0 0 0 4 6 0 0]
 [0 0 0 0 5 0 0 0 0]]
Solution:
[[2 0 8 6 9 0 3 5 1]
 [5 7 9 0 4 3 2 8 6]
 [1 4 3 7 0 8 9 0 0]
 [7 6 0 1 2 0 8 3 9]
 [8 9 1 5 7 0 6 2 4]
 [4 3 2 8 6 9 7 1 5]
 [3 1 5 9 8 6 4 7 2]
 [9 2 7 3 1 4 5 6 8]
 [0 8 6 2 5 7 1 9 3]]
Number of cells unfilled: 10
Accuracy: 87.65432098765432
Sample: 73491
Question:
[[0 1 0 3 0 5 0 7 4]
 [4 3 0 0 0 0 0 2 0]
 [5 0 0 0 0 0 0 0 0]
 [0 0 0 5 0 0 0 0 0]
 [0 4 0 0 0 3 0 0 7]
 [8 0 0 0 6 0 0 1 0]
 [0 2 0 0 0 1 7 0 0]
 [0 0 0 6 0 0 0 3 1]
 [1 0 0 9 0 0 0 4 2]]
Solution:
[[2 0 8 6 9 0 3 5 1]
 [5 7 9 0 4 3 2 8 6]
 [1 4 3 7 0 8 9 0 0]
 [7 6 0 1 2 0 8 3 9]
 [8 9 1 5 7 0 6 2 4]
 [4 3 2 8 6 9 7 1 5]
 [3 1 5 9 8 6 4 7 2]
 [9 2 7 3 1 4 5 6 8]
 [0 8 6 2 5 7 1 9 3]]
Number of cells unfilled: 10
Accuracy: 87.65432098765432
Sample: 73492
Question:
[[0 1 0 0 0 0 0 4 0]
 [0 5 3 0 0 0 1 0 6]
 [7 0 0 0 0 9 0 2 0]
 [0 0 0 4 0 8 0 0 0]
 [0 0 0 0 0 0 4 1 0]
 [0 0 7 2 0 0 0 0 9]
 [0 7 8 9 0 4 0 0 0]
 [0 0 1 0 0 3 9 0 0]
 [4 0 2 5 0 0 0 0 0]]
Solution:
[[0 2 8 6 9 1 3 5 7]
 [5 7 9 0 4 3 2 8 6]
 [1 4 3 7 0 8 9 0 0]
 [7 6 0 1 2 0 8 3 9]
 [8 9 1 5 7 0 6 2 4]
 [4 3 2 8 6 9 7 1 5]
 [2 1 5 9 8 6 4 7 0]
 [9 0 7 3 1 4 5 6 8]
 [0 8 6 2 5 7 1 9 3]]
Number of cells unfilled: 11
Accuracy: 86.41975308641975
Sample: 73493
Question:
[[0 3 0 0 1 5 0 0 0]
 [1 0 0 6 0 0 5 0 3]
 [0 0 0 0 3 2 0 0 0]
 [5 0 0 0 0 1 2 0 6]
 [0 9 0 0 0 0 0 0 8]
 [0 0 4 0 0 0 0 7 0]
 [0 0 8 0 0 0 7 0 0]
 [3 0 0 0 2 0 6 0 1]
 [0 0 0 0 0 6 0 0 4]]
Solution:
[[0 2 8 6 9 0 3 5 1]
 [5 7 9 0 4 3 2 8 6]
 [1 4 3 7 0 8 9 0 0]
 [7 6 0 1 2 0 8 3 9]
 [8 9 1 5 7 0 6 2 4]
 [4 3 2 8 6 9 7 1 5]
 [3 1 5 9 8 6 4 7 2]
 [9 0 7 3 1 4 5 6 8]
 [2 8 6 0 5 7 1 9 3]]
Number of cells unfilled: 11
Accuracy: 86.41975308641975
Sample: 73494
Question:
[[0 3 0 0 0 5 0 6 0]
 [0 0 0 9 0 0 0 0 7]
 [0 7 0 0 0 0 4 0 8]
 [0 0 8 0 0 0 0 0 0]
 [9 0 0 0 0 6 7 0 5]
 [0 5 0 4 0 7 0 0 2]
 [3 0 5 0 0 0 0 0 1]
 [0 0 0 0 8 0 0 0 0]
 [0 0 4 0 0 9 0 3 0]]
Solution:
[[0 2 8 6 9 1 3 5 7]
 [5 7 9 0 4 3 2 0 6]
 [1 4 3 7 0 8 9 0 0]
 [7 6 0 1 2 0 8 3 9]
 [8 9 1 5 7 0 6 2 4]
 [4 3 2 8 6 9 7 1 5]
 [3 1 5 9 8 6 4 7 2]
 [9 0 7 3 1 4 5 8 0]
 [2 8 6 0 5 7 1 9 3]]
Number of cells unfilled: 12
Accuracy: 85.18518518518519
Sample: 73495
Question:
[[3 0 4 0 0 0 5 9 0]
 [0 8 0 6 3 0 7 0 0]
 [0 0 2 0 0 1 3 0 6]
 [0 0 0 3 0 4 0 6 8]
 [0 0 0 7 0 9 0 1 0]
 [8 9 5 2 0 0 0 0 0]
 [5 7 6 0 0 0 0 4 0]
 [0 0 1 5 0 8 0 0 3]
 [4 0 0 9 0 7 0 0 0]]
Solution:
[[0 2 8 6 9 1 3 5 7]
 [5 7 9 0 4 3 2 8 6]
 [1 4 3 7 5 8 9 0 0]
 [7 6 0 1 2 0 8 3 9]
 [8 9 1 5 7 0 6 2 4]
 [4 3 2 8 6 9 7 1 5]
 [2 1 5 9 8 6 4 7 0]
 [9 0 7 3 1 4 5 6 8]
 [0 8 6 2 0 7 1 9 3]]
Number of cells unfilled: 11
Accuracy: 86.41975308641975
Sample: 73496
Question:
[[0 0 7 0 0 0 0 0 0]
 [8 3 5 0 0 1 6 0 2]
 [0 0 0 0 0 0 0 3 0]
 [0 0 0 0 0 0 0 6 0]
 [7 0 0 2 0 0 8 4 0]
 [9 0 4 5 0 0 7 0 3]
 [0 0 2 4 0 0 0 0 0]
 [0 7 3 0 0 5 2 0 0]
 [5 0 0 0 0 9 3 0 0]]
Solution:
[[0 2 8 6 9 1 3 5 7]
 [5 7 9 0 4 3 2 8 6]
 [1 4 3 7 5 8 9 0 0]
 [7 6 0 1 2 0 8 3 9]
 [8 9 1 5 7 0 6 2 4]
 [4 3 2 8 6 9 7 1 5]
 [2 1 5 9 8 6 4 7 0]
 [9 0 7 3 1 4 5 6 2]
 [0 8 6 2 0 7 1 9 3]]
Number of cells unfilled: 11
Accuracy: 86.41975308641975
Sample: 73497
Question:
[[0 6 0 5 0 0 1 0 0]
 [0 0 5 0 7 0 0 3 0]
 [9 0 0 0 0 0 2 0 5]
 [0 5 0 0 0 0 6 0 0]
 [1 0 0 2 0 0 0 0 9]
 [0 0 8 0 3 0 0 1 0]
 [0 0 0 7 0 8 0 4 0]
 [0 0 0 0 2 0 0 0 0]
 [0 0 7 3 0 4 0 0 0]]
Solution:
[[2 0 8 6 9 1 3 5 7]
 [5 7 9 0 4 3 2 8 6]
 [1 4 3 7 5 8 9 0 0]
 [7 6 0 1 2 0 8 3 9]
 [8 9 1 5 7 0 6 2 4]
 [4 3 2 8 6 9 7 1 5]
 [3 1 5 9 8 6 4 7 2]
 [9 2 7 3 1 4 5 6 8]
 [0 8 6 2 0 5 1 9 3]]
Number of cells unfilled: 9
Accuracy: 88.88888888888889
Sample: 73498
Question:
[[0 0 5 9 0 0 0 0 6]
 [0 0 0 0 0 0 0 5 7]
 [0 0 0 0 0 0 8 1 4]
 [0 5 0 0 6 0 0 0 0]
 [7 6 0 5 1 2 0 0 0]
 [4 2 0 0 0 0 0 0 0]
 [2 0 8 3 4 0 0 0 0]
 [0 0 0 0 2 6 0 0 9]
 [0 4 0 0 0 0 7 0 0]]
Solution:
[[0 2 8 6 9 1 3 5 7]
 [5 7 9 0 4 3 2 8 6]
 [1 4 3 7 0 8 9 0 0]
 [7 6 0 1 2 0 8 3 9]
 [8 9 1 5 7 0 6 2 4]
 [4 3 2 8 6 9 7 1 5]
 [2 1 5 9 8 6 4 7 0]
 [9 0 7 3 1 4 5 6 8]
 [0 8 6 2 5 7 1 9 3]]
Number of cells unfilled: 11
Accuracy: 86.41975308641975
Sample: 73499
Question:
[[0 0 4 0 0 0 0 0 1]
 [0 1 0 0 0 5 8 6 0]
 [6 0 0 0 1 0 2 0 0]
 [8 0 0 0 0 0 0 7 0]
 [0 2 0 0 5 0 0 0 8]
 [0 0 0 1 0 0 6 0 0]
 [3 0 0 9 0 0 0 0 0]
 [0 0 9 0 4 0 0 0 6]
 [0 0 7 0 0 3 9 0 0]]
Solution:
[[0 2 8 6 9 1 3 5 7]
 [5 7 9 0 4 3 2 0 6]
 [1 4 3 7 0 8 9 0 0]
 [7 6 0 1 2 0 8 3 9]
 [8 9 1 5 7 0 6 2 4]
 [4 3 2 8 6 9 7 1 5]
 [3 1 5 9 8 6 4 7 2]
 [9 0 7 3 1 4 5 8 0]
 [2 8 6 0 5 7 1 9 3]]
Number of cells unfilled: 12
Accuracy: 85.18518518518519
Sample: 73500
Question:
[[0 0 0 0 0 0 0 5 0]
 [5 0 0 0 0 0 2 0 0]
 [0 4 3 0 0 8 9 0 0]
 [7 0 0 1 2 0 0 3 0]
 [0 0 0 0 0 0 0 2 0]
 [0 0 2 8 0 9 0 1 5]
 [0 1 5 9 0 6 4 0 0]
 [9 0 0 3 0 4 0 0 0]
 [0 0 6 0 0 0 1 0 3]]
Solution:
[[2 0 8 6 9 0 3 5 1]
 [5 7 9 0 4 3 2 8 6]
 [1 4 3 7 0 8 9 0 0]
 [7 6 0 1 2 0 8 3 9]
 [8 9 1 5 7 0 6 2 4]
 [4 3 2 8 6 9 7 1 5]
 [3 1 5 9 8 6 4 7 2]
 [9 2 7 3 1 4 5 6 8]
 [0 8 6 2 5 7 1 9 3]]
Number of cells unfilled: 10
Accuracy: 87.65432098765432
