2025-10-22 16:14:26.723093: I tensorflow/core/util/port.cc:153] oneDNN custom operations are on. You may see slightly different numerical results due to floating-point round-off errors from different computation orders. To turn them off, set the environment variable `TF_ENABLE_ONEDNN_OPTS=0`.
2025-10-22 16:14:26.818568: I tensorflow/core/platform/cpu_feature_guard.cc:210] This TensorFlow binary is optimized to use available CPU instructions in performance-critical operations.
To enable the following instructions: AVX2 AVX512F AVX512_VNNI FMA, in other operations, rebuild TensorFlow with the appropriate compiler flags.
2025-10-22 16:14:31.960148: I tensorflow/core/util/port.cc:153] oneDNN custom operations are on. You may see slightly different numerical results due to floating-point round-off errors from different computation orders. To turn them off, set the environment variable `TF_ENABLE_ONEDNN_OPTS=0`.
2025-10-22 16:14:37.903859: E external/local_xla/xla/stream_executor/cuda/cuda_platform.cc:51] failed call to cuInit: INTERNAL: CUDA error: Failed call to cuInit: UNKNOWN ERROR (303)
Sample: 74601
Question:
[[0 0 1 0 0 0 0 0 0]
 [3 0 0 4 1 0 0 7 8]
 [7 0 0 5 0 0 0 0 4]
 [0 6 0 0 0 9 7 0 0]
 [0 0 0 0 0 0 8 0 0]
 [8 0 0 2 0 0 0 0 3]
 [0 0 0 0 2 0 0 0 5]
 [0 0 8 3 0 0 0 0 0]
 [2 0 0 0 4 5 3 0 0]]
Solution:
[[5 7 9 6 0 1 2 3 8]
 [2 0 6 3 0 5 1 0 4]
 [3 4 1 7 2 8 6 5 9]
 [8 1 7 5 0 9 3 0 6]
 [0 9 5 8 6 7 4 1 2]
 [6 3 0 1 4 2 5 7 0]
 [9 8 4 0 5 3 7 2 1]
 [1 5 3 2 9 0 8 4 0]
 [7 2 0 4 1 6 0 9 3]]
Number of cells unfilled: 14
Accuracy: 82.71604938271605
Sample: 74602
Question:
[[0 0 2 0 1 0 0 0 9]
 [0 5 0 0 0 2 0 0 0]
 [0 0 7 8 0 0 2 0 0]
 [0 0 9 0 4 0 1 0 0]
 [0 0 0 3 0 0 0 9 6]
 [0 7 0 0 0 0 0 4 0]
 [8 0 0 0 0 3 0 0 0]
 [7 0 0 0 0 5 0 0 1]
 [0 0 4 0 9 0 0 2 0]]
Solution:
[[5 7 9 6 1 4 2 3 8]
 [2 0 6 3 0 5 1 0 4]
 [3 4 1 7 2 8 6 5 9]
 [8 1 7 2 5 9 3 0 6]
 [0 9 5 8 6 7 4 1 2]
 [6 3 2 1 4 0 5 7 0]
 [9 8 4 5 0 3 7 2 1]
 [1 5 3 0 9 2 8 4 0]
 [7 2 0 4 8 6 0 9 3]]
Number of cells unfilled: 12
Accuracy: 85.18518518518519
Sample: 74603
Question:
[[0 2 0 0 1 0 0 0 0]
 [0 0 5 0 0 7 0 1 0]
 [0 0 0 6 2 0 0 0 9]
 [0 0 0 8 9 0 6 0 0]
 [8 0 0 0 0 0 0 0 1]
 [0 0 4 0 0 1 0 5 0]
 [0 0 3 0 0 0 1 0 5]
 [4 7 0 0 0 0 0 3 0]
 [0 0 0 0 0 3 0 0 7]]
Solution:
[[5 7 9 6 0 1 2 3 0]
 [2 0 6 3 0 5 1 8 4]
 [3 4 1 7 2 8 6 5 9]
 [8 1 7 2 5 9 3 0 6]
 [0 9 5 8 6 7 4 1 2]
 [6 3 2 1 4 0 5 7 8]
 [9 8 4 5 0 3 7 2 1]
 [1 5 3 0 9 2 8 4 0]
 [7 2 0 4 8 6 0 9 3]]
Number of cells unfilled: 12
Accuracy: 85.18518518518519
Sample: 74604
Question:
[[0 5 0 0 0 9 8 0 2]
 [0 0 9 7 0 0 0 0 0]
 [1 0 0 0 0 8 0 0 0]
 [6 0 1 0 0 0 0 0 7]
 [0 2 0 5 6 0 0 0 0]
 [3 0 0 0 0 0 0 2 6]
 [0 0 0 0 0 0 0 0 0]
 [9 7 0 0 3 0 0 0 8]
 [5 3 0 0 8 1 0 9 0]]
Solution:
[[5 7 9 6 1 4 2 3 0]
 [2 0 6 3 0 5 1 8 4]
 [3 4 1 7 2 8 6 5 9]
 [8 1 7 2 5 9 3 0 6]
 [0 9 5 8 6 7 4 1 2]
 [6 3 2 1 4 0 5 7 8]
 [9 8 4 5 0 3 7 2 1]
 [1 5 3 0 9 2 8 4 0]
 [7 2 0 4 8 6 0 9 3]]
Number of cells unfilled: 11
Accuracy: 86.41975308641975
Sample: 74605
Question:
[[0 6 0 9 0 0 7 0 0]
 [8 0 0 0 0 7 0 0 9]
 [0 0 0 0 5 0 0 2 0]
 [0 0 6 0 0 0 0 1 0]
 [0 3 0 0 0 2 6 0 0]
 [7 0 0 8 0 0 0 0 4]
 [0 0 3 0 1 0 0 0 0]
 [0 5 0 0 0 9 0 0 3]
 [6 0 0 7 0 0 4 0 0]]
Solution:
[[5 7 9 6 1 8 2 3 0]
 [2 0 6 3 0 5 1 8 4]
 [3 4 1 7 2 0 6 5 0]
 [8 1 7 2 5 9 3 0 6]
 [0 9 5 8 6 7 4 1 2]
 [6 3 2 1 4 0 5 7 9]
 [9 8 4 5 0 3 7 2 1]
 [1 5 3 0 9 2 8 4 0]
 [7 2 0 4 8 6 0 9 3]]
Number of cells unfilled: 13
Accuracy: 83.9506172839506
Sample: 74606
Question:
[[0 0 9 0 0 0 0 0 4]
 [0 0 0 0 0 6 1 0 0]
 [2 0 0 0 3 0 0 5 0]
 [0 0 0 0 5 0 6 0 0]
 [8 0 0 4 0 0 0 0 7]
 [0 0 0 0 0 1 0 3 0]
 [0 8 0 7 0 0 0 0 2]
 [9 0 2 0 0 0 0 0 0]
 [4 0 7 0 1 0 0 8 0]]
Solution:
[[5 7 9 6 1 4 2 3 0]
 [2 0 6 3 0 5 1 8 4]
 [3 4 1 7 2 8 6 0 5]
 [8 1 7 5 0 9 3 0 6]
 [0 9 5 8 6 7 4 1 2]
 [6 3 2 1 4 0 5 7 8]
 [9 8 4 0 5 3 7 2 1]
 [1 5 3 2 9 0 8 4 0]
 [7 2 0 4 8 6 0 9 3]]
Number of cells unfilled: 13
Accuracy: 83.9506172839506
Sample: 74607
Question:
[[0 5 0 0 0 0 0 0 6]
 [0 2 0 0 5 0 8 3 0]
 [0 0 1 0 0 8 0 9 0]
 [1 0 0 0 8 0 3 2 0]
 [0 3 2 4 0 0 0 0 0]
 [0 0 5 0 0 0 0 0 9]
 [0 0 0 7 0 0 0 0 0]
 [0 0 3 0 1 0 9 5 0]
 [0 1 0 0 0 9 4 0 0]]
Solution:
[[5 7 9 6 1 4 2 3 8]
 [2 0 6 3 0 5 9 0 4]
 [3 4 1 7 2 8 6 0 5]
 [8 1 7 5 0 9 3 0 6]
 [0 9 5 8 6 7 4 1 2]
 [6 3 2 1 4 0 5 7 9]
 [9 8 4 0 5 3 7 2 1]
 [1 5 3 2 9 0 8 4 0]
 [7 2 0 4 8 6 0 9 3]]
Number of cells unfilled: 13
Accuracy: 83.9506172839506
Sample: 74608
Question:
[[0 3 0 9 0 4 0 5 0]
 [0 0 8 0 0 6 9 0 0]
 [9 0 0 0 2 0 0 0 4]
 [0 0 7 0 6 0 0 0 1]
 [0 5 0 0 0 0 0 3 0]
 [8 0 0 0 0 7 4 0 0]
 [1 0 0 0 0 8 0 0 9]
 [0 0 4 0 7 0 2 0 0]
 [0 0 0 6 0 0 0 0 0]]
Solution:
[[5 7 9 6 0 1 2 3 0]
 [2 0 6 3 0 5 1 8 4]
 [3 4 1 7 2 8 6 5 9]
 [8 1 7 2 5 9 3 0 6]
 [0 9 5 8 6 7 4 1 2]
 [6 3 2 1 4 0 5 7 8]
 [9 8 4 5 0 3 7 2 1]
 [1 5 3 0 9 2 8 4 0]
 [7 2 0 4 1 6 0 9 3]]
Number of cells unfilled: 12
Accuracy: 85.18518518518519
Sample: 74609
Question:
[[0 0 0 3 0 0 0 1 0]
 [0 0 7 0 2 6 8 0 9]
 [0 0 6 0 8 0 7 0 0]
 [0 7 0 0 6 0 9 0 0]
 [6 0 0 0 0 9 0 0 8]
 [0 0 9 8 0 0 0 0 1]
 [0 0 0 2 0 0 0 0 5]
 [0 0 2 0 0 8 1 0 0]
 [4 0 0 0 1 0 0 0 0]]
Solution:
[[5 7 9 6 1 8 2 3 0]
 [2 0 6 3 0 5 1 0 4]
 [3 4 1 7 2 0 6 8 9]
 [8 1 7 5 0 9 3 0 6]
 [0 9 5 8 6 7 4 1 2]
 [6 3 0 1 4 2 5 7 8]
 [9 8 4 0 5 3 7 2 1]
 [1 5 3 2 9 0 8 4 0]
 [7 2 0 4 8 6 0 9 3]]
Number of cells unfilled: 14
Accuracy: 82.71604938271605
Sample: 74610
Question:
[[2 0 3 0 0 7 0 6 0]
 [0 8 0 0 0 0 3 2 0]
 [0 0 0 0 0 0 0 0 9]
 [0 0 0 3 0 1 0 0 0]
 [5 0 0 0 9 0 2 0 0]
 [0 0 0 0 0 0 0 9 6]
 [9 0 0 2 0 0 0 5 0]
 [6 7 0 0 0 8 0 0 0]
 [0 2 0 4 1 0 0 0 0]]
Solution:
[[5 7 9 6 0 1 2 3 0]
 [2 0 6 3 0 5 1 8 4]
 [3 4 1 7 2 8 6 5 9]
 [8 1 7 5 0 9 3 0 6]
 [0 9 5 8 6 7 4 1 2]
 [6 3 2 1 4 0 5 7 8]
 [9 8 4 0 5 3 7 2 1]
 [1 5 3 2 9 0 8 4 0]
 [7 2 0 4 8 6 0 9 3]]
Number of cells unfilled: 13
Accuracy: 83.9506172839506
Sample: 74611
Question:
[[0 0 0 0 0 0 0 0 0]
 [9 0 0 0 0 0 7 8 4]
 [0 0 0 0 0 8 0 2 9]
 [0 0 5 3 0 0 0 0 0]
 [0 1 0 0 6 0 0 0 0]
 [7 0 0 0 0 9 2 0 0]
 [0 3 6 1 0 7 0 0 0]
 [0 0 0 0 5 0 0 3 0]
 [2 0 0 0 0 0 4 0 0]]
Solution:
[[5 7 9 6 8 1 2 3 0]
 [2 0 6 3 0 5 9 0 4]
 [3 4 1 7 2 0 6 8 5]
 [8 1 7 2 5 9 3 0 6]
 [0 9 5 8 6 7 4 1 2]
 [6 3 2 1 4 0 5 7 9]
 [9 8 4 5 0 3 7 2 1]
 [1 5 3 0 9 2 8 4 0]
 [7 2 0 4 1 6 0 9 3]]
Number of cells unfilled: 13
Accuracy: 83.9506172839506
Sample: 74612
Question:
[[5 0 0 0 1 0 0 0 0]
 [0 0 1 7 0 4 0 0 5]
 [0 7 0 3 0 0 0 0 0]
 [0 4 0 0 3 0 0 0 1]
 [9 0 0 0 0 0 2 4 0]
 [2 1 5 0 4 0 0 0 3]
 [1 0 0 8 0 0 0 0 0]
 [0 0 8 0 0 0 0 6 0]
 [0 5 0 0 7 0 0 0 8]]
Solution:
[[5 7 9 6 1 4 2 3 8]
 [2 0 6 3 0 5 1 0 4]
 [3 4 1 7 2 8 6 5 9]
 [8 1 7 2 5 9 3 0 6]
 [0 9 5 8 6 7 4 1 2]
 [6 3 2 1 4 0 5 7 0]
 [9 8 4 5 0 3 7 2 1]
 [1 5 3 0 9 2 8 4 0]
 [7 2 0 4 8 6 0 9 3]]
Number of cells unfilled: 12
Accuracy: 85.18518518518519
Sample: 74613
Question:
[[4 0 3 0 7 5 0 0 0]
 [0 7 0 4 0 0 3 0 0]
 [0 0 0 0 9 3 0 7 4]
 [0 0 8 0 2 0 0 1 0]
 [7 0 0 5 0 0 0 0 2]
 [0 0 0 0 0 9 6 0 0]
 [2 0 0 9 0 0 0 0 3]
 [0 0 1 0 0 0 0 0 0]
 [0 6 0 0 0 2 0 8 0]]
Solution:
[[5 7 9 6 8 4 2 3 0]
 [2 0 6 3 1 5 9 0 4]
 [3 4 1 7 2 0 6 5 8]
 [8 1 7 5 0 9 3 0 6]
 [0 9 5 8 6 7 4 1 2]
 [6 3 2 1 4 0 5 7 9]
 [9 8 4 0 5 3 7 2 1]
 [1 5 3 2 9 0 8 4 0]
 [0 2 0 4 7 6 0 9 3]]
Number of cells unfilled: 14
Accuracy: 82.71604938271605
Sample: 74614
Question:
[[0 0 0 0 0 0 0 0 0]
 [9 0 0 0 0 0 3 0 0]
 [0 7 0 3 4 0 0 1 0]
 [0 0 0 0 8 0 0 0 0]
 [3 0 0 0 0 2 0 4 0]
 [0 4 0 1 0 0 5 0 0]
 [0 0 6 0 1 0 4 7 0]
 [0 0 0 0 0 8 1 5 0]
 [0 1 0 4 5 0 0 0 3]]
Solution:
[[5 7 9 6 8 1 2 3 0]
 [2 0 6 3 0 5 9 0 4]
 [3 4 1 7 2 0 6 8 5]
 [8 1 7 2 5 9 3 0 6]
 [0 9 5 8 6 7 4 1 2]
 [6 3 2 1 4 0 5 7 9]
 [9 8 4 5 0 3 7 2 1]
 [1 5 3 0 9 2 8 4 0]
 [7 2 0 4 1 6 0 9 3]]
Number of cells unfilled: 13
Accuracy: 83.9506172839506
Sample: 74615
Question:
[[0 0 4 0 3 0 0 8 9]
 [8 0 0 0 5 0 0 0 3]
 [0 7 0 0 0 0 4 0 0]
 [9 0 0 5 0 0 8 0 0]
 [0 0 0 3 0 0 0 0 5]
 [0 0 0 0 8 0 9 2 0]
 [0 0 0 0 0 0 0 1 0]
 [0 5 0 6 0 0 0 0 0]
 [3 0 0 0 2 0 0 0 8]]
Solution:
[[5 7 9 6 1 8 2 3 0]
 [2 0 6 3 0 5 1 0 4]
 [3 4 1 7 2 0 6 8 5]
 [8 1 7 2 5 9 3 0 6]
 [0 9 5 8 6 7 4 1 2]
 [6 3 2 1 4 0 5 7 9]
 [9 8 4 5 0 3 7 2 1]
 [1 5 3 0 9 2 8 4 0]
 [7 2 0 4 8 6 0 9 3]]
Number of cells unfilled: 13
Accuracy: 83.9506172839506
Sample: 74616
Question:
[[5 0 0 0 7 0 8 0 0]
 [4 0 8 0 0 3 0 0 0]
 [0 7 0 0 0 0 0 0 3]
 [0 5 0 0 0 7 3 0 0]
 [0 0 9 0 0 0 0 0 6]
 [3 8 0 0 0 5 0 9 0]
 [2 0 0 0 0 0 0 0 0]
 [0 0 0 0 1 0 0 0 7]
 [0 3 0 0 0 4 5 0 0]]
Solution:
[[5 7 9 6 0 1 2 3 0]
 [2 0 6 3 0 5 1 8 4]
 [3 4 1 7 2 8 6 5 9]
 [8 1 7 5 0 9 3 0 6]
 [0 9 5 8 6 7 4 1 2]
 [6 3 0 1 4 2 5 7 8]
 [4 8 0 0 5 3 7 2 1]
 [1 5 3 2 9 0 8 4 0]
 [7 2 0 4 1 6 0 9 3]]
Number of cells unfilled: 14
Accuracy: 82.71604938271605
Sample: 74617
Question:
[[2 0 0 7 0 0 0 0 8]
 [0 0 0 0 0 0 0 0 4]
 [5 9 3 0 0 4 0 0 0]
 [3 0 7 0 2 0 4 0 0]
 [0 0 0 0 0 0 3 9 2]
 [0 0 0 0 5 0 0 7 0]
 [7 3 0 2 0 6 1 0 0]
 [1 4 6 0 3 0 0 0 7]
 [0 0 0 0 4 0 0 0 0]]
Solution:
[[5 7 9 6 1 4 2 3 8]
 [2 0 6 3 0 5 9 1 4]
 [3 4 1 7 2 8 6 5 0]
 [8 1 7 2 5 9 3 0 6]
 [0 9 5 8 6 7 4 0 2]
 [6 3 2 1 4 0 5 7 9]
 [9 8 4 5 0 3 7 2 1]
 [1 5 3 0 9 2 8 4 0]
 [7 2 0 4 8 6 0 9 3]]
Number of cells unfilled: 12
Accuracy: 85.18518518518519
Sample: 74618
Question:
[[8 0 0 2 0 0 0 9 0]
 [0 1 0 0 0 7 0 0 2]
 [0 0 0 0 0 0 1 0 0]
 [4 0 0 0 0 6 0 0 3]
 [5 0 0 9 0 0 0 4 0]
 [0 7 6 0 3 0 0 0 0]
 [0 0 5 8 0 0 2 0 9]
 [0 0 8 0 0 0 0 5 0]
 [2 0 0 0 0 0 4 0 0]]
Solution:
[[5 7 9 6 1 8 2 3 0]
 [2 0 6 3 0 5 1 0 4]
 [3 4 1 7 2 0 6 8 9]
 [8 1 7 5 0 9 3 0 6]
 [0 9 5 8 6 7 4 1 2]
 [6 3 0 1 4 2 5 7 8]
 [9 8 4 0 5 3 7 2 1]
 [1 5 3 2 9 0 8 4 0]
 [7 0 2 4 8 6 0 9 3]]
Number of cells unfilled: 14
Accuracy: 82.71604938271605
Sample: 74619
Question:
[[2 4 0 0 0 0 0 1 0]
 [8 6 0 0 0 0 0 4 5]
 [0 0 3 0 0 4 8 0 0]
 [0 8 0 0 7 0 0 0 0]
 [4 0 0 0 0 6 2 0 0]
 [0 0 0 0 0 0 0 9 1]
 [0 0 0 7 0 0 0 0 9]
 [0 2 0 0 0 3 6 0 0]
 [0 0 0 0 5 0 0 3 0]]
Solution:
[[5 7 9 6 1 4 2 3 8]
 [2 0 6 3 0 5 1 0 4]
 [3 4 1 7 2 8 6 5 9]
 [8 1 7 5 0 9 3 0 6]
 [0 9 5 8 6 7 4 1 2]
 [6 3 2 1 4 0 5 7 0]
 [9 8 4 0 5 3 7 2 1]
 [1 5 3 2 9 0 8 4 0]
 [7 2 0 4 8 6 0 9 3]]
Number of cells unfilled: 13
Accuracy: 83.9506172839506
Sample: 74620
Question:
[[0 0 0 5 0 9 0 0 0]
 [0 0 4 0 1 0 0 0 8]
 [6 1 0 0 0 0 9 0 0]
 [0 0 0 0 0 0 0 0 4]
 [7 0 1 0 0 4 2 8 0]
 [0 0 0 0 2 0 1 7 0]
 [0 0 8 0 7 0 0 0 2]
 [3 0 0 0 0 0 0 0 0]
 [0 5 0 0 0 6 8 3 0]]
Solution:
[[5 7 9 6 0 1 2 3 0]
 [2 0 6 3 0 5 1 8 4]
 [3 4 1 7 2 8 6 5 9]
 [8 1 7 2 5 9 3 0 6]
 [0 9 5 8 6 7 4 1 2]
 [6 3 2 1 4 0 5 7 8]
 [9 8 4 5 0 3 7 2 1]
 [1 5 3 0 9 2 8 4 0]
 [7 2 0 4 8 6 0 9 3]]
Number of cells unfilled: 12
Accuracy: 85.18518518518519
Sample: 74621
Question:
[[7 6 0 0 0 0 0 0 0]
 [0 4 0 0 7 0 8 0 0]
 [0 0 3 0 0 9 0 5 0]
 [0 0 7 0 3 0 0 1 0]
 [8 0 0 0 0 0 0 0 2]
 [0 0 0 0 0 0 6 0 5]
 [4 0 0 0 9 3 0 0 0]
 [0 0 0 0 1 5 2 0 0]
 [0 0 1 7 0 0 0 9 0]]
Solution:
[[5 7 9 6 0 1 2 3 8]
 [2 0 6 3 0 5 9 0 4]
 [3 4 1 7 2 8 6 5 0]
 [8 1 7 5 0 9 3 0 6]
 [0 9 5 8 6 7 4 1 2]
 [6 3 0 1 4 2 5 7 9]
 [4 8 0 0 5 3 7 2 1]
 [1 5 3 2 9 0 8 4 0]
 [7 2 0 4 8 6 0 9 3]]
Number of cells unfilled: 15
Accuracy: 81.48148148148148
Sample: 74622
Question:
[[0 6 0 2 0 0 0 0 5]
 [0 0 0 0 9 0 0 0 0]
 [0 0 2 8 5 0 0 0 0]
 [5 0 0 0 0 0 0 0 3]
 [9 3 6 0 0 0 8 0 1]
 [0 0 1 0 0 0 0 7 0]
 [0 9 0 7 0 0 0 0 6]
 [0 0 0 0 0 8 5 0 4]
 [3 0 0 0 0 2 0 0 0]]
Solution:
[[5 7 9 6 1 8 2 3 0]
 [2 0 6 3 0 5 1 0 4]
 [3 4 1 7 2 0 6 8 5]
 [8 1 7 2 5 9 3 0 6]
 [0 9 5 8 6 7 4 1 2]
 [6 3 2 1 4 0 5 7 8]
 [9 8 4 5 0 3 7 2 1]
 [1 5 3 0 9 2 8 4 0]
 [7 2 0 4 8 6 0 9 3]]
Number of cells unfilled: 13
Accuracy: 83.9506172839506
Sample: 74623
Question:
[[3 0 5 0 7 0 0 9 0]
 [0 8 0 0 0 4 0 0 0]
 [0 1 0 2 5 0 0 4 6]
 [8 0 0 5 9 1 2 0 0]
 [0 0 6 0 0 8 0 0 1]
 [0 0 0 6 4 0 3 0 0]
 [5 0 0 0 3 0 4 0 7]
 [1 3 0 7 6 0 0 5 8]
 [0 2 9 0 0 0 0 1 0]]
Solution:
[[5 7 9 6 1 4 2 3 8]
 [2 0 6 3 0 5 1 0 4]
 [3 4 1 7 2 8 6 0 5]
 [8 1 7 5 0 9 3 0 6]
 [0 9 5 8 6 7 4 1 2]
 [6 3 0 1 4 2 5 7 9]
 [9 8 4 0 5 3 7 2 1]
 [1 5 3 2 9 0 8 4 0]
 [7 0 2 4 8 6 0 9 3]]
Number of cells unfilled: 13
Accuracy: 83.9506172839506
Sample: 74624
Question:
[[0 1 2 0 0 0 5 0 4]
 [4 0 8 0 0 1 0 0 0]
 [5 9 0 4 0 0 0 1 0]
 [0 0 0 9 0 0 0 7 0]
 [8 0 0 0 0 7 9 0 0]
 [0 0 0 0 3 0 0 0 6]
 [0 8 0 7 0 0 0 0 0]
 [0 0 4 0 6 0 0 0 3]
 [2 0 0 0 0 5 4 0 0]]
Solution:
[[5 7 9 6 8 1 2 3 0]
 [2 0 6 3 0 5 9 0 4]
 [3 4 1 7 2 0 6 8 5]
 [8 1 7 5 0 9 3 0 6]
 [0 9 5 8 6 7 4 1 2]
 [6 3 2 1 4 0 5 7 8]
 [9 8 4 0 5 3 7 2 1]
 [1 5 3 2 9 0 8 4 0]
 [7 2 0 4 1 6 0 9 3]]
Number of cells unfilled: 14
Accuracy: 82.71604938271605
Sample: 74625
Question:
[[0 6 1 0 2 5 0 0 0]
 [0 3 0 0 0 0 0 7 0]
 [0 0 8 3 0 0 4 0 0]
 [0 0 0 5 9 0 0 2 7]
 [2 0 3 8 7 0 6 0 1]
 [8 0 0 0 0 1 9 0 0]
 [1 5 7 9 3 0 0 0 8]
 [0 0 2 0 8 0 0 0 6]
 [9 0 0 4 0 0 0 0 0]]
Solution:
[[5 7 9 6 0 1 2 3 8]
 [2 0 6 3 0 5 1 0 4]
 [3 4 1 7 2 8 6 5 0]
 [8 1 7 5 0 9 3 0 6]
 [0 9 5 8 6 7 4 1 2]
 [6 3 2 1 4 0 5 7 9]
 [9 8 4 0 5 3 7 2 1]
 [1 5 3 2 9 0 8 4 0]
 [7 2 0 4 1 6 0 9 3]]
Number of cells unfilled: 14
Accuracy: 82.71604938271605
Sample: 74626
Question:
[[0 7 0 0 0 0 0 0 6]
 [8 0 0 0 0 0 4 5 0]
 [0 9 0 8 0 0 3 0 0]
 [7 0 9 0 1 0 0 0 0]
 [0 0 0 9 0 5 0 6 0]
 [0 0 0 0 0 4 0 0 2]
 [0 2 0 0 3 8 6 7 0]
 [0 0 0 0 6 0 0 0 0]
 [0 0 1 2 0 0 0 0 9]]
Solution:
[[5 7 9 6 1 8 2 3 0]
 [2 0 6 3 0 5 1 0 4]
 [3 4 1 7 2 0 6 8 9]
 [8 1 7 2 5 9 3 0 6]
 [0 9 5 8 6 7 4 1 2]
 [6 3 2 1 4 0 5 7 8]
 [9 8 4 5 0 3 7 2 1]
 [1 5 3 0 9 2 8 4 0]
 [7 2 0 4 8 6 0 9 3]]
Number of cells unfilled: 13
Accuracy: 83.9506172839506
Sample: 74627
Question:
[[0 0 6 0 0 0 0 0 0]
 [3 9 0 0 6 0 2 0 0]
 [2 5 0 0 0 9 0 6 0]
 [8 0 2 0 0 0 0 7 0]
 [0 0 5 0 3 0 0 2 0]
 [0 7 0 8 0 0 0 0 9]
 [0 0 0 9 0 0 7 0 0]
 [0 0 0 1 0 0 0 0 4]
 [0 0 9 0 5 0 0 3 0]]
Solution:
[[5 7 9 6 8 1 2 3 0]
 [2 0 6 3 0 5 1 0 4]
 [3 4 1 7 2 0 6 5 8]
 [8 1 7 2 5 9 3 0 6]
 [0 9 5 8 6 7 4 1 2]
 [6 3 2 1 4 0 5 7 9]
 [9 8 4 5 0 3 7 2 1]
 [1 5 3 0 9 2 8 4 0]
 [7 2 0 4 1 6 0 9 3]]
Number of cells unfilled: 13
Accuracy: 83.9506172839506
Sample: 74628
Question:
[[0 0 7 0 0 0 0 0 0]
 [0 4 0 0 6 0 5 0 0]
 [1 0 0 0 0 0 0 2 0]
 [0 9 0 0 5 0 4 0 0]
 [6 0 0 0 0 7 0 8 0]
 [0 7 0 8 9 0 6 0 0]
 [0 3 0 9 0 5 0 0 6]
 [0 0 9 4 0 6 3 0 0]
 [0 0 0 0 3 0 0 0 0]]
Solution:
[[5 7 9 6 1 8 2 3 0]
 [2 0 6 3 0 5 1 0 4]
 [3 4 1 7 2 0 6 8 5]
 [8 1 7 5 0 9 3 0 6]
 [0 9 5 8 6 7 4 1 2]
 [6 3 2 1 4 0 5 7 8]
 [9 8 4 0 5 3 7 2 1]
 [1 5 3 2 9 0 8 4 0]
 [7 2 0 4 8 6 0 9 3]]
Number of cells unfilled: 14
Accuracy: 82.71604938271605
Sample: 74629
Question:
[[0 0 9 3 0 0 0 0 0]
 [0 2 0 0 4 0 0 0 0]
 [6 0 0 0 0 9 0 0 5]
 [0 1 0 0 5 0 0 3 0]
 [9 0 0 0 0 7 0 0 6]
 [5 0 0 0 0 3 1 0 7]
 [0 0 5 0 0 8 7 6 0]
 [0 0 0 0 0 0 0 0 8]
 [8 0 0 0 0 0 9 5 0]]
Solution:
[[5 7 9 6 1 8 2 3 0]
 [2 0 6 3 0 5 1 0 4]
 [3 4 1 7 2 0 6 5 8]
 [8 1 7 5 0 9 3 0 6]
 [0 9 5 8 6 7 4 1 2]
 [6 3 2 1 4 0 5 7 9]
 [9 8 4 0 5 3 7 2 1]
 [1 5 3 2 9 0 8 4 0]
 [7 2 0 4 8 6 0 9 3]]
Number of cells unfilled: 14
Accuracy: 82.71604938271605
Sample: 74630
Question:
[[2 9 0 0 3 0 0 0 1]
 [0 0 0 0 0 0 9 0 0]
 [0 0 6 0 0 0 0 5 0]
 [0 0 9 6 4 0 0 0 0]
 [4 2 0 0 0 3 0 0 6]
 [0 8 0 1 2 0 0 0 0]
 [1 0 0 3 0 0 0 0 4]
 [0 0 8 0 0 0 6 7 0]
 [0 0 0 0 6 0 1 0 0]]
Solution:
[[5 7 9 6 1 4 2 3 8]
 [2 0 6 3 0 5 1 0 4]
 [3 4 1 7 2 8 6 0 5]
 [8 1 7 5 0 9 3 0 6]
 [0 9 5 8 6 7 4 1 2]
 [6 3 0 1 4 2 5 7 9]
 [9 8 4 0 5 3 7 2 1]
 [1 5 3 2 9 0 8 4 0]
 [7 0 2 4 8 6 0 9 3]]
Number of cells unfilled: 13
Accuracy: 83.9506172839506
Sample: 74631
Question:
[[0 1 0 0 6 0 0 3 0]
 [0 0 8 0 0 7 0 0 5]
 [0 0 0 4 0 0 0 0 0]
 [0 3 0 0 0 1 0 4 0]
 [0 0 4 6 0 0 0 0 8]
 [2 0 0 0 0 0 9 0 0]
 [0 4 0 0 0 8 0 5 0]
 [9 0 0 0 0 0 2 0 0]
 [0 0 5 1 0 0 0 0 7]]
Solution:
[[5 7 9 6 1 4 2 3 8]
 [2 0 6 3 0 5 9 0 4]
 [3 4 1 7 2 8 6 0 5]
 [8 1 7 5 0 9 3 0 6]
 [0 9 5 8 6 7 4 1 2]
 [6 3 0 1 4 2 5 7 9]
 [9 8 4 0 5 3 7 2 1]
 [1 5 3 2 9 0 8 4 0]
 [7 2 0 4 8 6 0 9 3]]
Number of cells unfilled: 13
Accuracy: 83.9506172839506
Sample: 74632
Question:
[[3 0 0 0 0 0 0 0 9]
 [9 0 0 5 0 6 0 1 4]
 [0 6 0 2 0 8 0 0 0]
 [0 0 0 1 0 0 0 0 0]
 [6 4 0 0 0 7 0 0 2]
 [0 0 7 0 5 9 3 0 8]
 [0 2 0 0 7 3 4 0 0]
 [1 0 0 0 6 0 9 5 7]
 [0 8 0 4 0 0 2 6 0]]
Solution:
[[5 7 9 6 0 1 2 3 8]
 [2 0 6 3 0 5 9 1 4]
 [3 4 1 7 2 8 6 5 0]
 [8 1 7 5 0 9 3 0 6]
 [0 9 5 8 6 7 4 0 2]
 [6 3 0 1 4 2 5 7 9]
 [4 8 0 0 0 3 7 2 1]
 [1 5 3 2 9 0 8 4 0]
 [7 2 0 4 5 6 0 9 3]]
Number of cells unfilled: 16
Accuracy: 80.24691358024691
Sample: 74633
Question:
[[0 0 5 0 4 0 8 0 0]
 [8 0 2 0 0 0 0 5 3]
 [0 7 0 0 0 0 0 0 0]
 [0 0 1 0 8 0 0 0 0]
 [0 2 0 0 9 0 0 3 1]
 [6 0 0 0 0 0 7 0 9]
 [0 0 0 6 0 9 0 0 0]
 [0 1 6 4 7 0 0 0 0]
 [0 0 7 1 0 0 3 0 0]]
Solution:
[[5 7 9 6 1 8 2 3 0]
 [2 0 6 3 0 5 9 0 4]
 [3 4 1 7 2 0 6 8 5]
 [8 1 7 5 0 9 3 0 6]
 [0 9 5 8 6 7 4 1 2]
 [6 3 0 1 4 2 5 7 9]
 [9 8 4 0 5 3 7 2 1]
 [1 5 3 2 9 0 8 4 0]
 [7 2 0 4 8 6 0 9 3]]
Number of cells unfilled: 14
Accuracy: 82.71604938271605
Sample: 74634
Question:
[[0 6 0 0 0 3 0 0 9]
 [0 0 4 7 0 0 6 0 0]
 [0 0 0 9 0 0 7 4 0]
 [5 0 9 0 0 0 0 0 2]
 [0 3 0 0 8 0 0 1 0]
 [0 4 8 0 0 0 0 0 0]
 [6 0 0 0 0 0 1 0 0]
 [0 0 3 0 0 0 4 0 0]
 [0 2 0 0 0 5 9 6 7]]
Solution:
[[5 7 9 6 1 4 2 3 8]
 [2 0 6 3 0 5 9 1 4]
 [3 4 1 7 2 8 6 5 0]
 [8 1 7 5 0 9 3 0 6]
 [0 9 5 8 6 7 4 0 2]
 [6 3 0 1 4 2 5 7 9]
 [9 8 4 0 5 3 7 2 1]
 [1 5 3 2 9 0 8 4 0]
 [7 2 0 4 8 6 0 9 3]]
Number of cells unfilled: 13
Accuracy: 83.9506172839506
Sample: 74635
Question:
[[2 0 0 0 0 0 0 0 1]
 [0 9 0 0 7 0 0 8 0]
 [0 0 1 4 0 0 5 0 0]
 [0 0 0 0 3 0 0 0 0]
 [0 0 3 7 0 8 0 6 0]
 [0 8 0 9 0 6 0 0 0]
 [0 0 5 8 0 0 0 0 2]
 [0 7 0 0 9 0 0 3 0]
 [0 0 0 0 0 0 4 0 0]]
Solution:
[[5 7 9 6 0 1 2 3 0]
 [2 0 6 3 0 5 1 8 4]
 [3 4 1 7 2 8 6 5 9]
 [8 1 7 5 0 9 3 0 6]
 [0 9 5 8 6 7 4 1 2]
 [6 3 0 1 4 2 5 7 8]
 [9 8 4 0 5 3 7 2 1]
 [1 5 3 2 9 0 8 4 0]
 [7 2 0 4 8 6 0 9 3]]
Number of cells unfilled: 13
Accuracy: 83.9506172839506
Sample: 74636
Question:
[[0 0 8 0 0 0 0 0 0]
 [6 4 0 0 0 8 0 0 0]
 [1 7 0 0 4 0 0 8 0]
 [0 0 4 0 0 6 0 7 0]
 [0 1 6 0 0 4 0 5 2]
 [5 0 0 2 0 0 0 0 0]
 [0 0 0 0 0 0 5 0 7]
 [0 0 1 0 0 7 0 6 0]
 [0 0 0 3 0 0 9 0 0]]
Solution:
[[5 7 9 6 1 4 2 3 8]
 [2 0 6 3 0 5 9 0 4]
 [3 4 1 7 2 8 6 0 5]
 [8 1 7 5 0 9 3 0 6]
 [0 9 5 8 6 7 4 1 2]
 [6 3 0 1 4 2 5 7 9]
 [9 8 4 0 5 3 7 2 1]
 [1 5 3 2 9 0 8 4 0]
 [7 2 0 4 8 6 0 9 3]]
Number of cells unfilled: 13
Accuracy: 83.9506172839506
Sample: 74637
Question:
[[0 9 0 0 0 0 0 0 2]
 [7 0 0 0 0 4 0 3 0]
 [0 5 0 7 9 0 0 4 0]
 [0 0 6 8 1 0 0 0 0]
 [0 0 2 0 0 3 0 9 6]
 [0 0 7 0 0 9 0 0 0]
 [0 0 0 0 0 0 0 0 0]
 [0 0 0 0 0 0 0 0 9]
 [1 4 5 0 0 0 0 2 3]]
Solution:
[[5 7 9 6 1 4 2 3 8]
 [2 0 6 3 0 5 9 1 4]
 [3 4 1 7 2 8 6 5 0]
 [8 1 7 5 0 9 3 0 6]
 [0 9 5 8 6 7 4 0 2]
 [6 3 0 1 4 2 5 7 9]
 [9 8 4 0 5 3 7 2 1]
 [1 5 3 2 9 0 8 4 0]
 [7 2 0 4 8 6 0 9 3]]
Number of cells unfilled: 13
Accuracy: 83.9506172839506
Sample: 74638
Question:
[[0 0 0 0 1 9 0 0 2]
 [0 1 0 0 0 8 7 0 9]
 [0 0 0 3 0 0 5 8 0]
 [0 0 5 0 0 0 0 7 3]
 [9 4 0 0 0 0 0 0 0]
 [0 0 7 9 0 0 0 4 6]
 [0 8 9 6 0 1 0 0 0]
 [4 5 0 0 0 0 0 0 0]
 [0 0 3 0 2 0 0 0 0]]
Solution:
[[5 7 9 6 1 8 2 3 0]
 [2 0 6 3 0 5 1 8 4]
 [3 4 1 7 2 0 6 5 9]
 [8 1 7 2 5 9 3 0 6]
 [0 9 5 8 6 7 4 1 2]
 [6 3 2 1 4 0 5 7 8]
 [9 8 4 5 0 3 7 2 1]
 [1 5 3 0 9 2 8 4 0]
 [7 2 0 4 8 6 0 9 3]]
Number of cells unfilled: 12
Accuracy: 85.18518518518519
Sample: 74639
Question:
[[0 0 0 4 0 0 0 5 3]
 [0 0 0 0 3 0 0 0 7]
 [0 5 3 0 0 2 6 0 0]
 [0 0 0 0 0 0 0 0 1]
 [0 2 6 0 0 9 7 0 0]
 [5 0 0 0 2 0 0 0 0]
 [0 7 8 9 6 0 0 0 2]
 [0 0 0 0 0 8 0 0 0]
 [0 9 0 2 7 0 8 0 0]]
Solution:
[[5 7 9 6 1 8 2 3 0]
 [2 0 6 3 0 5 1 0 4]
 [3 4 1 7 2 0 6 8 9]
 [8 1 7 5 0 9 3 0 6]
 [0 9 5 8 6 7 4 1 2]
 [6 3 0 1 4 2 5 7 8]
 [4 8 0 0 5 3 7 2 1]
 [1 5 3 2 9 0 8 4 0]
 [7 2 0 4 8 6 0 9 3]]
Number of cells unfilled: 15
Accuracy: 81.48148148148148
Sample: 74640
Question:
[[0 3 0 0 0 2 0 0 0]
 [0 0 0 0 3 0 8 0 4]
 [9 0 0 6 0 0 0 1 0]
 [0 0 0 0 0 5 0 4 0]
 [0 7 0 2 0 0 9 0 5]
 [6 0 0 0 0 0 1 0 0]
 [8 0 3 7 0 0 0 0 0]
 [0 9 0 0 2 0 0 0 6]
 [0 0 0 0 0 9 4 0 0]]
Solution:
[[5 7 9 6 1 8 2 3 0]
 [2 0 6 3 0 5 1 8 4]
 [3 4 1 7 2 0 6 5 9]
 [8 1 7 2 5 9 3 0 6]
 [0 9 5 8 6 7 4 1 2]
 [6 3 2 1 4 0 5 7 8]
 [9 8 4 5 0 3 7 2 1]
 [1 5 3 0 9 2 8 4 0]
 [7 2 0 4 8 6 0 9 3]]
Number of cells unfilled: 12
Accuracy: 85.18518518518519
Sample: 74641
Question:
[[0 9 0 0 8 2 1 0 0]
 [0 0 8 1 0 0 0 0 9]
 [5 0 0 0 6 0 0 8 0]
 [1 0 0 0 0 3 6 0 0]
 [0 5 0 6 0 0 0 9 0]
 [0 0 0 0 7 0 0 0 0]
 [7 0 0 0 0 0 4 0 0]
 [0 0 4 0 0 0 0 0 3]
 [0 8 0 2 0 0 0 1 0]]
Solution:
[[5 7 9 6 8 4 2 3 0]
 [2 0 6 3 1 5 9 8 4]
 [3 4 1 7 2 0 6 5 0]
 [8 1 7 2 5 9 3 0 6]
 [0 9 5 8 6 7 4 1 2]
 [6 3 2 1 4 0 5 7 9]
 [9 8 4 5 0 3 7 2 1]
 [1 5 3 0 9 2 8 4 0]
 [0 2 0 4 7 6 0 9 3]]
Number of cells unfilled: 13
Accuracy: 83.9506172839506
Sample: 74642
Question:
[[3 0 0 4 0 0 7 0 0]
 [0 0 6 0 0 7 0 0 2]
 [0 0 0 0 9 0 0 6 0]
 [0 0 0 0 4 0 0 2 0]
 [0 0 8 0 0 2 6 0 0]
 [7 0 0 5 0 0 0 0 8]
 [9 0 0 0 0 0 1 0 0]
 [0 5 0 6 0 0 0 0 3]
 [0 0 3 0 0 1 0 7 0]]
Solution:
[[5 7 9 6 1 4 2 3 0]
 [2 0 6 3 0 5 9 8 4]
 [3 4 1 7 2 8 6 0 5]
 [8 1 7 5 0 9 3 0 6]
 [0 9 5 8 6 7 4 1 2]
 [6 3 0 1 4 2 5 7 8]
 [9 8 4 0 5 3 7 2 1]
 [1 5 3 2 9 0 8 4 0]
 [7 2 0 4 8 6 0 9 3]]
Number of cells unfilled: 13
Accuracy: 83.9506172839506
Sample: 74643
Question:
[[1 8 0 4 0 0 0 2 0]
 [0 4 0 0 2 0 3 0 1]
 [7 0 0 5 0 0 0 0 0]
 [2 7 0 0 5 0 0 4 3]
 [5 0 0 0 0 4 7 0 2]
 [0 0 0 8 0 0 0 5 0]
 [0 2 0 0 0 0 4 3 8]
 [0 0 0 0 0 0 0 9 0]
 [0 5 0 0 0 9 0 0 6]]
Solution:
[[5 7 9 6 0 1 2 3 0]
 [2 0 6 3 0 5 1 8 4]
 [3 4 1 7 2 8 6 5 9]
 [8 1 7 2 5 9 3 0 6]
 [0 9 5 8 6 7 4 1 2]
 [6 3 2 1 4 0 5 7 8]
 [9 8 4 5 0 3 7 2 1]
 [1 5 3 0 9 2 8 4 0]
 [7 2 0 4 8 6 0 9 3]]
Number of cells unfilled: 12
Accuracy: 85.18518518518519
Sample: 74644
Question:
[[0 7 0 0 0 5 4 1 0]
 [0 0 0 0 1 0 0 0 0]
 [0 0 8 0 0 0 0 0 0]
 [6 4 0 0 0 0 7 0 0]
 [0 0 0 6 3 0 0 0 0]
 [0 5 0 0 0 9 1 0 0]
 [0 2 0 0 9 0 0 7 1]
 [0 0 5 1 0 0 2 0 0]
 [7 0 0 0 0 2 0 4 0]]
Solution:
[[5 7 9 6 1 4 2 3 8]
 [2 0 6 3 0 5 1 0 4]
 [3 4 1 7 2 8 6 5 9]
 [8 1 7 2 5 9 3 0 6]
 [0 9 5 8 6 7 4 1 2]
 [6 3 2 1 4 0 5 7 0]
 [9 8 4 5 0 3 7 2 1]
 [1 5 3 0 9 2 8 4 0]
 [7 2 0 4 8 6 0 9 3]]
Number of cells unfilled: 12
Accuracy: 85.18518518518519
Sample: 74645
Question:
[[0 5 0 8 0 0 0 1 0]
 [0 0 2 0 0 5 0 6 7]
 [9 0 1 6 7 0 0 0 4]
 [3 0 0 0 0 6 0 0 0]
 [0 0 4 9 8 0 0 0 0]
 [0 0 6 0 0 1 0 0 0]
 [1 7 0 0 0 0 0 0 0]
 [0 0 0 0 5 0 3 4 0]
 [0 0 8 0 0 0 0 0 0]]
Solution:
[[5 7 9 6 1 4 2 3 0]
 [2 0 6 3 0 5 1 8 4]
 [3 4 1 7 2 8 6 5 9]
 [8 1 7 2 5 9 3 0 6]
 [0 9 5 8 6 7 4 1 2]
 [6 3 2 1 4 0 5 7 8]
 [9 8 4 5 0 3 7 2 1]
 [1 5 3 0 9 2 8 4 0]
 [7 2 0 4 8 6 0 9 3]]
Number of cells unfilled: 11
Accuracy: 86.41975308641975
Sample: 74646
Question:
[[0 0 6 9 0 0 0 7 0]
 [3 7 0 0 0 0 0 0 1]
 [0 0 0 0 0 7 0 0 0]
 [0 0 4 0 9 0 0 0 0]
 [9 0 0 6 0 0 0 0 0]
 [6 2 0 0 4 1 0 9 0]
 [8 0 0 0 0 0 0 1 5]
 [0 0 1 4 0 0 0 2 0]
 [0 0 2 1 0 0 3 6 0]]
Solution:
[[5 7 9 6 0 4 2 3 0]
 [2 0 6 3 1 5 9 8 4]
 [3 4 1 7 2 8 6 5 0]
 [8 1 7 2 5 9 3 0 6]
 [0 9 5 8 6 7 4 1 2]
 [6 3 2 1 4 0 5 7 8]
 [9 8 4 5 0 3 7 2 1]
 [1 5 3 0 9 2 8 4 0]
 [7 2 0 4 8 6 0 9 3]]
Number of cells unfilled: 12
Accuracy: 85.18518518518519
Sample: 74647
Question:
[[0 0 0 0 7 0 0 0 8]
 [1 0 0 4 0 0 5 0 0]
 [0 7 9 0 0 0 0 3 0]
 [2 0 0 0 0 0 0 0 0]
 [0 4 1 5 0 0 0 0 0]
 [0 9 5 0 0 2 4 0 0]
 [9 0 0 1 0 0 2 0 0]
 [0 0 0 0 3 0 0 6 0]
 [0 1 8 0 0 6 0 0 0]]
Solution:
[[5 7 9 6 1 8 2 3 0]
 [2 0 6 3 0 5 1 0 4]
 [3 4 1 7 2 0 6 8 5]
 [8 1 7 5 0 9 3 0 6]
 [0 9 5 8 6 7 4 1 2]
 [6 3 2 1 4 0 5 7 9]
 [9 8 4 0 5 3 7 2 1]
 [1 5 3 2 9 0 8 4 0]
 [7 2 0 4 8 6 0 9 3]]
Number of cells unfilled: 14
Accuracy: 82.71604938271605
Sample: 74648
Question:
[[0 0 7 1 0 0 4 0 0]
 [0 0 0 0 6 0 9 0 7]
 [0 0 0 2 9 0 0 0 0]
 [1 7 0 4 0 0 3 0 8]
 [0 9 0 0 0 0 0 4 0]
 [8 0 0 0 1 6 0 0 2]
 [0 6 2 0 0 3 0 0 0]
 [0 0 0 0 5 0 0 0 0]
 [4 1 0 0 0 0 0 0 9]]
Solution:
[[5 7 9 6 0 1 2 3 0]
 [2 0 6 3 0 5 1 8 4]
 [3 4 1 7 2 8 6 5 9]
 [8 1 7 5 0 9 3 0 6]
 [0 9 5 8 6 7 4 1 2]
 [6 3 0 1 4 2 5 7 8]
 [4 8 0 0 0 3 7 2 1]
 [1 5 3 2 9 0 8 4 0]
 [7 2 0 4 5 6 0 9 3]]
Number of cells unfilled: 15
Accuracy: 81.48148148148148
Sample: 74649
Question:
[[0 0 0 0 6 0 0 4 0]
 [0 0 0 0 0 0 0 0 8]
 [0 7 0 0 0 5 9 0 0]
 [7 0 0 0 0 9 2 0 0]
 [0 5 0 4 0 0 0 0 6]
 [0 0 0 0 3 0 0 8 0]
 [2 9 0 0 0 0 0 0 0]
 [0 0 7 0 0 2 1 5 0]
 [5 1 0 3 0 0 0 0 0]]
Solution:
[[5 7 9 6 1 4 2 3 8]
 [2 0 6 3 0 5 9 1 4]
 [3 4 1 7 2 8 6 5 0]
 [8 1 7 5 0 9 3 0 6]
 [0 9 5 8 6 7 4 0 2]
 [6 3 0 1 4 2 5 7 9]
 [9 8 4 0 5 3 7 2 1]
 [1 5 3 2 9 0 8 4 0]
 [7 0 2 4 8 6 0 9 3]]
Number of cells unfilled: 13
Accuracy: 83.9506172839506
Sample: 74650
Question:
[[3 0 0 0 0 1 0 2 0]
 [0 1 0 0 0 0 0 0 4]
 [0 0 0 0 6 0 5 0 0]
 [0 2 0 0 8 0 4 0 0]
 [0 0 3 0 0 2 0 7 0]
 [1 0 0 5 0 0 0 0 0]
 [0 3 0 0 0 7 0 9 0]
 [0 0 7 0 9 0 6 0 0]
 [9 0 0 8 0 0 0 0 0]]
Solution:
[[5 7 9 6 1 8 2 3 0]
 [2 0 6 3 0 5 1 0 4]
 [3 4 1 7 2 0 6 8 5]
 [8 1 7 5 0 9 3 0 6]
 [0 9 5 8 6 7 4 1 2]
 [6 3 2 1 4 0 5 7 8]
 [9 8 4 0 5 3 7 2 1]
 [1 5 3 2 9 0 8 4 0]
 [7 2 0 4 8 6 0 9 3]]
Number of cells unfilled: 14
Accuracy: 82.71604938271605
Sample: 74651
Question:
[[9 0 0 0 0 5 0 4 6]
 [0 8 0 0 9 0 7 0 0]
 [0 0 4 2 0 0 0 0 0]
 [0 0 8 0 4 0 9 0 0]
 [0 0 0 0 0 1 0 0 2]
 [0 0 0 0 0 0 0 6 0]
 [8 0 0 0 7 0 3 0 0]
 [0 7 0 0 0 3 0 0 1]
 [0 4 3 5 0 0 0 0 0]]
Solution:
[[5 7 9 6 1 4 2 3 8]
 [2 0 6 3 0 5 9 1 4]
 [3 4 1 7 2 8 6 0 5]
 [8 1 7 5 0 9 3 0 6]
 [0 9 5 8 6 7 4 0 2]
 [6 3 0 1 4 2 5 7 9]
 [9 8 4 0 5 3 7 2 1]
 [1 5 3 2 9 0 8 4 0]
 [7 2 0 4 8 6 0 9 3]]
Number of cells unfilled: 13
Accuracy: 83.9506172839506
Sample: 74652
Question:
[[0 2 0 0 0 0 0 3 9]
 [0 0 7 9 0 0 6 0 0]
 [9 0 0 0 8 0 0 0 7]
 [0 0 1 3 0 0 0 0 6]
 [0 0 0 0 4 0 1 0 0]
 [0 5 0 0 0 0 0 9 3]
 [0 4 0 0 5 0 0 0 0]
 [0 0 3 1 0 0 0 6 0]
 [2 0 0 0 0 8 0 0 0]]
Solution:
[[5 7 9 6 1 8 2 3 0]
 [2 0 6 3 0 5 1 8 4]
 [3 4 1 7 2 0 6 5 9]
 [8 1 7 2 5 9 3 0 6]
 [0 9 5 8 6 7 4 1 2]
 [6 3 2 1 4 0 5 7 8]
 [9 8 4 5 0 3 7 2 1]
 [1 5 3 0 9 2 8 4 0]
 [7 2 0 4 8 6 0 9 3]]
Number of cells unfilled: 12
Accuracy: 85.18518518518519
Sample: 74653
Question:
[[3 0 0 0 0 0 0 0 0]
 [0 0 8 0 5 0 0 9 0]
 [0 7 0 0 0 3 0 0 4]
 [1 0 0 0 0 5 0 0 9]
 [0 4 0 1 0 0 7 0 0]
 [0 0 9 0 2 0 0 8 0]
 [0 0 0 0 6 0 0 0 8]
 [0 0 6 9 0 0 5 0 0]
 [0 0 0 5 0 2 0 6 0]]
Solution:
[[5 7 9 6 1 8 2 3 0]
 [2 0 6 3 0 5 1 8 4]
 [3 4 1 7 2 0 6 5 9]
 [8 1 7 2 5 9 3 0 6]
 [0 9 5 8 6 7 4 1 2]
 [6 3 2 1 4 0 5 7 8]
 [9 8 4 5 0 3 7 2 1]
 [1 5 3 0 9 2 8 4 0]
 [7 2 0 4 8 6 0 9 3]]
Number of cells unfilled: 12
Accuracy: 85.18518518518519
Sample: 74654
Question:
[[0 0 1 0 9 0 0 0 4]
 [3 7 0 4 0 0 0 0 0]
 [0 4 0 0 0 1 0 8 0]
 [0 1 5 9 0 0 0 0 2]
 [0 0 0 0 1 0 8 0 0]
 [0 0 0 0 2 5 0 0 0]
 [0 0 6 0 0 0 0 7 0]
 [0 9 0 0 0 0 6 0 8]
 [0 8 4 0 0 9 0 0 1]]
Solution:
[[5 7 9 6 1 4 2 3 8]
 [2 0 6 3 0 5 1 0 4]
 [3 4 1 7 2 8 6 5 9]
 [8 1 7 2 5 9 3 0 6]
 [0 9 5 8 6 7 4 1 2]
 [6 3 2 1 4 0 5 7 0]
 [9 8 4 5 0 3 7 2 1]
 [1 5 3 0 9 2 8 4 0]
 [7 2 0 4 8 6 0 9 3]]
Number of cells unfilled: 12
Accuracy: 85.18518518518519
Sample: 74655
Question:
[[0 0 0 0 0 0 1 4 0]
 [0 1 0 0 4 3 7 0 0]
 [0 0 7 1 0 0 0 0 2]
 [0 0 1 8 0 0 0 2 0]
 [5 0 0 0 9 0 0 1 0]
 [0 6 0 0 0 0 0 0 8]
 [3 0 0 0 5 0 0 0 0]
 [0 9 0 0 0 6 0 0 0]
 [0 0 4 7 0 0 2 0 0]]
Solution:
[[5 7 9 6 1 4 2 3 8]
 [2 0 6 3 0 5 1 0 4]
 [3 4 1 7 2 8 6 5 9]
 [8 1 7 2 5 9 3 0 6]
 [0 9 5 8 6 7 4 1 2]
 [6 3 2 1 4 0 5 7 0]
 [9 8 4 5 0 3 7 2 1]
 [1 5 3 0 9 2 8 4 0]
 [7 2 0 4 8 6 0 9 3]]
Number of cells unfilled: 12
Accuracy: 85.18518518518519
Sample: 74656
Question:
[[0 0 0 0 0 2 0 0 5]
 [0 0 5 0 7 0 0 1 0]
 [2 0 9 0 0 0 3 0 0]
 [0 0 0 0 1 0 0 4 0]
 [0 6 0 0 0 9 0 0 8]
 [0 0 0 3 0 0 7 0 0]
 [6 0 0 0 0 5 0 0 9]
 [0 9 0 4 0 0 0 0 0]
 [0 5 8 0 9 0 0 0 0]]
Solution:
[[5 7 9 6 1 4 2 3 8]
 [2 0 6 3 0 5 1 0 4]
 [3 4 1 7 2 8 6 5 9]
 [8 1 7 5 0 9 3 0 6]
 [0 9 5 8 6 7 4 1 2]
 [6 3 2 1 4 0 5 7 0]
 [9 8 4 0 5 3 7 2 1]
 [1 5 3 2 9 0 8 4 0]
 [7 2 0 4 8 6 0 9 3]]
Number of cells unfilled: 13
Accuracy: 83.9506172839506
Sample: 74657
Question:
[[0 0 0 0 0 2 0 0 6]
 [0 0 5 0 1 0 0 3 0]
 [2 0 0 0 7 0 1 0 0]
 [1 0 0 0 0 7 8 0 0]
 [0 4 0 8 0 0 0 0 0]
 [0 0 0 1 9 0 0 0 0]
 [0 0 3 0 0 0 0 4 0]
 [8 0 0 7 0 0 9 0 0]
 [9 6 0 0 0 0 0 0 5]]
Solution:
[[5 7 9 6 0 1 2 3 0]
 [2 0 6 3 0 5 1 8 4]
 [3 4 1 7 2 8 6 5 9]
 [8 1 7 5 0 9 3 0 6]
 [0 9 5 8 6 7 4 1 2]
 [6 3 2 1 4 0 5 7 8]
 [9 8 4 0 5 3 7 2 1]
 [1 5 3 2 9 0 8 4 0]
 [7 2 0 4 1 6 0 9 3]]
Number of cells unfilled: 13
Accuracy: 83.9506172839506
Sample: 74658
Question:
[[0 0 0 0 6 2 0 9 0]
 [0 0 0 5 0 0 0 0 2]
 [0 0 3 0 0 4 7 0 0]
 [0 0 7 0 0 0 0 0 6]
 [3 0 0 0 0 7 8 0 0]
 [0 4 8 0 0 0 0 0 0]
 [0 8 0 0 9 0 0 5 0]
 [0 3 0 0 0 8 1 0 0]
 [1 0 0 2 0 0 0 0 0]]
Solution:
[[5 7 9 6 8 1 2 3 0]
 [2 0 6 3 0 5 9 8 4]
 [3 4 1 7 2 0 6 5 0]
 [8 1 7 2 5 9 3 0 6]
 [0 9 5 8 6 7 4 1 2]
 [6 3 2 1 4 0 5 7 8]
 [9 8 4 5 0 3 7 2 1]
 [1 5 3 0 9 2 8 4 0]
 [7 2 0 4 1 6 0 9 3]]
Number of cells unfilled: 13
Accuracy: 83.9506172839506
Sample: 74659
Question:
[[4 0 0 5 0 0 0 2 0]
 [0 0 8 0 9 0 6 0 0]
 [0 7 0 0 0 0 0 0 1]
 [0 0 5 9 0 0 8 0 0]
 [0 2 0 0 8 0 0 0 5]
 [0 0 0 0 0 6 0 0 0]
 [1 0 0 0 0 5 0 4 0]
 [0 0 0 3 0 0 0 0 7]
 [0 0 3 0 0 9 5 0 0]]
Solution:
[[5 7 9 6 8 1 2 3 0]
 [2 0 6 3 0 5 9 0 4]
 [3 4 1 7 2 0 6 8 5]
 [8 1 7 2 5 9 3 0 6]
 [0 9 5 8 6 7 4 1 2]
 [6 3 2 1 4 0 5 7 8]
 [9 8 4 5 0 3 7 2 1]
 [1 5 3 0 9 2 8 4 0]
 [7 2 0 4 1 6 0 9 3]]
Number of cells unfilled: 13
Accuracy: 83.9506172839506
Sample: 74660
Question:
[[8 0 5 0 0 0 0 0 4]
 [0 0 0 0 5 0 0 1 8]
 [0 7 0 0 0 0 5 0 0]
 [2 0 0 0 0 3 0 0 0]
 [7 0 8 0 4 0 1 0 0]
 [0 6 0 9 0 0 0 0 0]
 [0 0 0 6 0 0 0 3 0]
 [0 0 7 0 1 0 8 0 0]
 [9 0 0 0 0 2 0 0 1]]
Solution:
[[5 7 9 6 1 4 2 3 8]
 [2 0 6 3 0 5 1 0 4]
 [3 4 1 7 2 8 6 0 5]
 [8 1 7 2 5 9 3 0 6]
 [0 9 5 8 6 7 4 1 2]
 [6 3 2 1 4 0 5 7 9]
 [9 8 4 5 0 3 7 2 1]
 [1 5 3 0 9 2 8 4 0]
 [7 2 0 4 8 6 0 9 3]]
Number of cells unfilled: 12
Accuracy: 85.18518518518519
Sample: 74661
Question:
[[7 0 0 8 0 0 0 6 0]
 [0 2 0 0 7 0 3 0 8]
 [0 0 0 0 0 9 0 0 0]
 [1 3 0 0 0 5 0 0 4]
 [5 7 0 6 0 0 0 0 0]
 [0 0 2 0 3 0 5 0 0]
 [2 0 0 0 5 0 7 0 0]
 [0 1 0 0 0 0 0 0 9]
 [0 0 0 0 0 8 0 4 0]]
Solution:
[[5 7 9 6 1 4 2 3 0]
 [2 0 6 3 8 5 1 0 4]
 [3 4 1 7 2 0 6 8 5]
 [8 1 7 5 0 9 3 0 6]
 [0 9 5 8 6 7 4 1 2]
 [6 3 2 1 4 0 5 7 8]
 [9 8 4 0 5 3 7 2 1]
 [1 5 3 2 9 0 8 4 0]
 [7 2 0 4 0 6 0 9 3]]
Number of cells unfilled: 14
Accuracy: 82.71604938271605
Sample: 74662
Question:
[[0 4 0 0 0 0 0 1 0]
 [1 0 0 0 0 0 7 0 0]
 [0 0 7 9 0 0 0 0 6]
 [5 0 0 6 0 0 9 0 0]
 [6 7 0 0 0 0 0 0 8]
 [0 0 9 0 8 0 0 0 0]
 [0 3 0 0 2 0 0 4 0]
 [0 0 5 8 0 0 0 0 7]
 [0 0 0 0 0 3 2 0 0]]
Solution:
[[5 7 9 6 8 1 2 3 0]
 [2 0 6 3 0 5 9 0 4]
 [3 4 1 7 2 0 6 8 5]
 [8 1 7 2 5 9 3 0 6]
 [0 9 5 8 6 7 4 1 2]
 [6 3 2 1 4 0 5 7 8]
 [9 8 4 5 0 3 7 2 1]
 [1 5 3 0 9 2 8 4 0]
 [7 2 0 4 1 6 0 9 3]]
Number of cells unfilled: 13
Accuracy: 83.9506172839506
Sample: 74663
Question:
[[0 8 2 7 0 0 5 0 0]
 [0 1 0 0 0 2 0 6 0]
 [0 0 0 6 3 0 0 0 4]
 [0 0 0 0 0 0 0 0 0]
 [9 5 1 0 0 0 0 0 0]
 [0 0 4 8 0 0 0 1 0]
 [2 0 0 4 0 0 9 7 0]
 [0 0 5 0 0 0 0 2 0]
 [0 9 0 0 2 0 0 0 8]]
Solution:
[[5 7 9 6 1 4 2 3 0]
 [2 0 6 3 8 5 9 1 4]
 [3 4 1 7 2 0 6 8 5]
 [8 1 7 2 5 9 3 0 6]
 [0 9 5 8 6 7 4 0 2]
 [6 3 2 1 4 0 5 7 8]
 [9 8 4 5 0 3 7 2 1]
 [1 5 3 0 9 2 8 4 0]
 [7 2 0 4 0 6 0 9 3]]
Number of cells unfilled: 13
Accuracy: 83.9506172839506
Sample: 74664
Question:
[[0 0 3 0 7 0 0 0 1]
 [0 7 0 6 0 0 0 0 0]
 [9 0 0 0 3 0 7 0 0]
 [0 0 0 1 0 0 0 0 0]
 [2 0 8 0 0 7 0 0 4]
 [0 5 0 0 2 0 8 0 0]
 [0 0 2 0 5 0 9 0 0]
 [0 9 0 0 0 3 0 4 0]
 [5 0 0 0 0 0 0 0 6]]
Solution:
[[5 7 9 6 1 4 2 3 8]
 [2 0 6 3 0 5 1 0 4]
 [3 4 1 7 2 8 6 0 5]
 [8 1 7 2 5 9 3 0 6]
 [0 9 5 8 6 7 4 1 2]
 [6 3 2 1 4 0 5 7 9]
 [9 8 4 5 0 3 7 2 1]
 [1 5 3 0 9 2 8 4 0]
 [7 2 0 4 8 6 0 9 3]]
Number of cells unfilled: 12
Accuracy: 85.18518518518519
Sample: 74665
Question:
[[3 0 1 0 0 2 9 0 0]
 [0 0 0 0 0 0 0 5 1]
 [0 8 0 0 0 0 0 0 0]
 [0 4 0 0 6 1 0 0 7]
 [0 0 0 0 0 7 0 9 0]
 [7 0 3 2 0 0 6 0 0]
 [4 0 0 7 0 3 0 0 0]
 [1 0 6 0 2 0 7 0 0]
 [0 0 0 0 0 6 0 0 9]]
Solution:
[[5 7 9 6 1 8 2 3 0]
 [2 0 6 3 0 5 1 8 4]
 [3 4 1 7 2 0 6 5 9]
 [8 1 7 5 0 9 3 0 6]
 [0 9 5 8 6 7 4 1 2]
 [6 3 0 1 4 2 5 7 8]
 [9 8 4 0 5 3 7 2 1]
 [1 5 3 2 9 0 8 4 0]
 [7 0 2 4 8 6 0 9 3]]
Number of cells unfilled: 13
Accuracy: 83.9506172839506
Sample: 74666
Question:
[[7 0 0 0 0 1 4 0 5]
 [0 4 0 0 0 0 0 6 0]
 [0 0 0 4 8 0 0 0 0]
 [5 9 0 0 0 0 0 0 2]
 [0 0 7 0 0 9 3 0 4]
 [3 0 0 1 0 0 0 0 0]
 [0 0 3 9 0 0 0 2 0]
 [0 7 0 0 0 3 5 0 9]
 [9 0 0 0 1 0 0 0 0]]
Solution:
[[5 7 9 6 1 4 2 3 8]
 [2 0 6 3 0 5 9 0 4]
 [3 4 1 7 2 8 6 0 5]
 [8 1 7 2 5 9 3 0 6]
 [0 9 5 8 6 7 4 1 2]
 [6 3 2 1 4 0 5 7 9]
 [9 8 4 5 0 3 7 2 1]
 [1 5 3 0 9 2 8 4 0]
 [7 2 0 4 8 6 0 9 3]]
Number of cells unfilled: 12
Accuracy: 85.18518518518519
Sample: 74667
Question:
[[8 0 0 9 0 0 0 0 1]
 [0 5 0 0 7 0 0 0 0]
 [0 0 0 0 0 4 0 2 0]
 [0 0 0 4 0 0 0 9 6]
 [0 0 6 0 0 0 3 0 0]
 [9 0 0 0 8 0 0 1 4]
 [1 0 0 2 0 0 0 6 0]
 [0 7 0 0 4 0 0 0 0]
 [0 0 3 0 0 5 1 0 0]]
Solution:
[[5 7 9 6 0 1 2 3 8]
 [2 0 6 3 0 5 9 1 4]
 [3 4 1 7 2 8 6 5 0]
 [8 1 7 2 5 9 3 0 6]
 [0 9 5 8 6 7 4 0 2]
 [6 3 2 1 4 0 5 7 9]
 [9 8 4 5 0 3 7 2 1]
 [1 5 3 0 9 2 8 4 0]
 [7 2 0 4 1 6 0 9 3]]
Number of cells unfilled: 13
Accuracy: 83.9506172839506
Sample: 74668
Question:
[[0 2 0 0 6 0 3 0 8]
 [0 0 0 0 0 5 6 0 0]
 [0 0 6 8 0 0 0 1 0]
 [0 0 9 6 0 0 0 0 3]
 [7 0 0 0 0 2 0 0 0]
 [0 0 0 0 4 0 0 9 0]
 [0 0 1 3 0 0 9 0 0]
 [0 9 0 0 7 0 0 0 1]
 [5 4 0 0 0 0 0 0 0]]
Solution:
[[5 7 9 6 1 4 2 3 8]
 [2 0 6 3 0 5 1 0 4]
 [3 4 1 7 2 8 6 0 5]
 [8 1 7 2 5 9 3 0 6]
 [0 9 5 8 6 7 4 1 2]
 [6 3 2 1 4 0 5 7 9]
 [9 8 4 5 0 3 7 2 1]
 [1 5 3 0 9 2 8 4 0]
 [7 2 0 4 8 6 0 9 3]]
Number of cells unfilled: 12
Accuracy: 85.18518518518519
Sample: 74669
Question:
[[4 3 7 0 0 0 0 0 0]
 [0 0 0 7 0 4 0 3 0]
 [5 0 0 0 2 0 0 1 0]
 [0 0 2 0 0 0 0 0 9]
 [7 0 0 8 0 5 0 0 0]
 [0 6 5 9 0 0 0 0 3]
 [0 0 0 2 0 1 0 0 0]
 [0 0 0 4 0 0 0 8 6]
 [0 9 0 0 0 0 0 0 0]]
Solution:
[[5 7 9 6 0 1 2 3 8]
 [2 0 6 3 0 5 9 1 4]
 [3 4 1 7 2 8 6 5 0]
 [8 1 7 5 0 9 3 0 6]
 [0 9 5 8 6 7 4 0 2]
 [6 3 0 1 4 2 5 7 9]
 [9 8 4 0 5 3 7 2 1]
 [1 5 3 2 9 0 8 4 0]
 [7 2 0 4 8 6 0 9 3]]
Number of cells unfilled: 14
Accuracy: 82.71604938271605
Sample: 74670
Question:
[[0 0 3 0 0 1 0 0 7]
 [0 4 7 0 0 9 0 0 3]
 [0 0 0 7 0 0 0 8 0]
 [0 0 0 5 9 0 0 0 1]
 [0 1 0 0 0 7 0 3 0]
 [0 0 5 0 1 0 7 0 0]
 [6 0 0 0 0 0 2 0 0]
 [0 0 0 0 4 0 0 0 0]
 [0 0 1 0 0 5 0 0 9]]
Solution:
[[5 7 9 6 1 4 2 3 8]
 [2 0 6 3 0 5 1 0 4]
 [3 4 1 7 2 8 6 0 5]
 [8 1 7 2 5 9 3 0 6]
 [0 9 5 8 6 7 4 1 2]
 [6 3 2 1 4 0 5 7 9]
 [9 8 4 5 0 3 7 2 1]
 [1 5 3 0 9 2 8 4 0]
 [7 2 0 4 8 6 0 9 3]]
Number of cells unfilled: 12
Accuracy: 85.18518518518519
Sample: 74671
Question:
[[0 0 3 8 0 0 0 0 6]
 [0 0 0 7 0 0 0 0 5]
 [5 9 0 0 0 6 0 8 0]
 [6 4 0 0 0 7 0 0 8]
 [0 0 2 0 0 0 0 4 0]
 [0 0 0 0 0 0 0 0 0]
 [0 2 0 1 4 0 0 5 9]
 [0 0 0 0 7 0 0 0 4]
 [4 5 0 0 0 9 8 0 0]]
Solution:
[[5 7 9 6 1 4 2 3 8]
 [2 0 6 3 0 5 9 1 4]
 [3 4 1 7 2 8 6 5 0]
 [8 1 7 2 5 9 3 0 6]
 [0 9 5 8 6 7 4 0 2]
 [6 3 2 1 4 0 5 7 9]
 [9 8 4 5 0 3 7 2 1]
 [1 5 3 0 9 2 8 4 0]
 [7 2 0 4 8 6 0 9 3]]
Number of cells unfilled: 12
Accuracy: 85.18518518518519
Sample: 74672
Question:
[[8 4 0 0 5 2 0 0 9]
 [0 0 0 8 4 0 2 0 0]
 [0 5 0 0 6 0 0 0 4]
 [9 0 5 0 3 0 6 4 0]
 [0 3 0 0 0 0 0 0 0]
 [4 0 0 5 0 0 0 0 3]
 [0 0 1 0 0 0 0 0 0]
 [0 9 0 0 1 0 0 0 6]
 [7 0 0 0 0 0 0 1 0]]
Solution:
[[5 7 9 6 1 4 2 3 8]
 [2 0 6 3 0 5 9 0 4]
 [3 4 1 7 2 8 6 0 5]
 [8 1 7 2 5 9 3 0 6]
 [0 9 5 8 6 7 4 1 2]
 [6 3 2 1 4 0 5 7 9]
 [9 8 4 5 0 3 7 2 1]
 [1 5 3 0 9 2 8 4 0]
 [7 2 0 4 8 6 0 9 3]]
Number of cells unfilled: 12
Accuracy: 85.18518518518519
Sample: 74673
Question:
[[9 0 4 6 7 8 0 0 0]
 [0 6 0 9 0 0 7 0 4]
 [0 0 0 0 1 0 0 0 0]
 [6 0 0 1 0 0 2 0 7]
 [0 0 0 0 0 0 0 0 5]
 [0 0 7 0 0 0 0 3 0]
 [2 0 0 0 0 6 0 5 0]
 [4 0 0 0 0 1 0 0 0]
 [0 0 6 2 0 0 4 0 9]]
Solution:
[[5 7 9 6 8 4 2 3 0]
 [2 0 6 3 0 5 1 0 4]
 [3 4 1 7 2 0 6 8 9]
 [8 1 7 2 5 9 3 0 6]
 [0 9 5 8 6 7 4 1 2]
 [6 3 2 1 4 0 5 7 8]
 [9 8 4 5 0 3 7 2 1]
 [1 5 3 0 9 2 8 4 0]
 [7 2 0 4 1 6 0 9 3]]
Number of cells unfilled: 13
Accuracy: 83.9506172839506
Sample: 74674
Question:
[[0 0 7 9 0 0 0 0 0]
 [1 0 0 0 0 3 0 4 0]
 [0 2 0 0 6 0 0 0 0]
 [0 0 8 0 7 0 0 3 1]
 [5 0 0 0 0 1 4 0 0]
 [0 0 0 0 9 0 0 0 5]
 [0 0 0 0 0 0 0 5 0]
 [3 0 0 0 0 8 0 0 4]
 [0 6 0 2 0 0 8 0 0]]
Solution:
[[5 7 9 6 0 1 2 3 0]
 [2 0 6 3 0 5 1 8 4]
 [3 4 1 7 2 8 6 0 5]
 [8 1 7 2 5 9 3 0 6]
 [0 9 5 8 6 7 4 1 2]
 [6 3 2 1 4 0 5 7 8]
 [9 8 4 5 0 3 7 2 1]
 [1 5 3 0 9 2 8 4 0]
 [7 2 0 4 8 6 0 9 3]]
Number of cells unfilled: 13
Accuracy: 83.9506172839506
Sample: 74675
Question:
[[0 0 2 0 3 0 1 0 0]
 [0 6 0 0 0 0 0 0 0]
 [0 0 0 5 0 0 0 6 9]
 [0 0 1 0 0 7 0 4 0]
 [0 3 0 0 4 0 0 0 1]
 [0 2 0 1 0 0 7 0 0]
 [8 0 0 0 0 9 0 0 7]
 [2 7 0 4 0 0 0 0 5]
 [0 0 3 0 7 0 4 0 0]]
Solution:
[[5 7 9 6 1 8 2 3 0]
 [2 0 6 3 0 5 1 0 4]
 [3 4 1 7 2 0 6 5 8]
 [8 1 7 5 0 9 3 0 6]
 [0 9 5 8 6 7 4 1 2]
 [6 3 2 1 4 0 5 7 9]
 [9 8 4 0 5 3 7 2 1]
 [1 5 3 2 9 0 8 4 0]
 [7 2 0 4 8 6 0 9 3]]
Number of cells unfilled: 14
Accuracy: 82.71604938271605
Sample: 74676
Question:
[[0 0 0 0 0 2 0 0 0]
 [0 0 5 0 9 0 6 2 0]
 [3 0 0 6 0 0 0 0 1]
 [0 0 0 0 0 5 4 0 0]
 [7 0 0 8 0 0 0 0 6]
 [0 9 4 0 6 0 0 0 0]
 [0 3 0 7 0 0 8 6 0]
 [0 0 7 0 0 0 0 0 3]
 [8 0 0 0 0 0 1 7 0]]
Solution:
[[5 7 9 6 8 1 2 3 0]
 [2 0 6 3 0 5 1 0 4]
 [3 4 1 7 2 0 6 5 8]
 [8 1 7 2 5 9 3 0 6]
 [0 9 5 8 6 7 4 1 2]
 [6 3 2 1 4 0 5 7 9]
 [9 8 4 5 0 3 7 2 1]
 [1 5 3 0 9 2 8 4 0]
 [7 2 0 4 1 6 0 9 3]]
Number of cells unfilled: 13
Accuracy: 83.9506172839506
Sample: 74677
Question:
[[0 0 4 7 0 0 0 9 0]
 [5 0 2 0 8 0 0 0 0]
 [0 0 6 0 0 0 0 0 5]
 [0 0 0 0 7 8 0 1 0]
 [8 5 0 0 0 4 0 0 0]
 [0 0 0 3 0 0 0 7 0]
 [7 0 0 0 5 0 2 0 0]
 [0 6 0 9 3 0 0 8 4]
 [0 0 0 0 0 7 0 0 6]]
Solution:
[[5 7 9 6 1 4 2 3 8]
 [2 0 6 3 0 5 1 0 4]
 [3 4 1 7 2 8 6 5 9]
 [8 1 7 2 5 9 3 0 6]
 [0 9 5 8 6 7 4 1 2]
 [6 3 2 1 4 0 5 7 0]
 [9 8 4 5 0 3 7 2 1]
 [1 5 3 0 9 2 8 4 0]
 [7 2 0 4 8 6 0 9 3]]
Number of cells unfilled: 12
Accuracy: 85.18518518518519
Sample: 74678
Question:
[[0 0 0 0 0 0 0 9 1]
 [0 0 0 1 0 5 0 4 0]
 [0 1 0 0 0 8 5 2 6]
 [0 0 7 8 0 3 0 0 0]
 [3 0 0 0 5 0 0 0 0]
 [0 6 9 0 0 1 0 0 0]
 [0 8 0 0 0 4 0 0 0]
 [7 0 0 0 6 0 0 0 9]
 [5 0 2 0 0 0 0 0 0]]
Solution:
[[5 7 9 6 1 4 2 3 0]
 [2 0 6 3 0 5 1 8 4]
 [3 4 1 7 2 8 6 5 9]
 [8 1 7 5 0 9 3 0 6]
 [0 9 5 8 6 7 4 1 2]
 [6 3 2 1 4 0 5 7 8]
 [9 8 4 0 5 3 7 2 1]
 [1 5 3 2 9 0 8 4 0]
 [7 2 0 4 8 6 0 9 3]]
Number of cells unfilled: 12
Accuracy: 85.18518518518519
Sample: 74679
Question:
[[0 8 2 0 7 4 0 9 0]
 [9 7 1 2 0 8 0 4 0]
 [0 0 4 0 0 0 0 2 0]
 [0 0 0 7 0 5 9 0 0]
 [0 0 0 0 8 0 0 5 0]
 [0 0 8 1 0 0 0 0 3]
 [0 0 0 0 0 1 0 0 0]
 [0 6 0 0 0 3 5 0 4]
 [0 4 0 0 0 0 0 0 6]]
Solution:
[[5 7 9 6 0 1 2 3 8]
 [2 0 6 3 0 5 9 0 4]
 [3 4 1 7 2 8 6 5 0]
 [8 1 7 2 5 9 3 0 6]
 [0 9 5 8 6 7 4 1 2]
 [6 3 2 1 4 0 5 7 9]
 [9 8 4 5 0 3 7 2 1]
 [1 5 3 0 9 2 8 4 0]
 [7 2 0 4 1 6 0 9 3]]
Number of cells unfilled: 13
Accuracy: 83.9506172839506
Sample: 74680
Question:
[[0 1 0 9 0 0 0 0 0]
 [0 0 5 0 0 0 0 9 3]
 [9 0 0 0 4 0 1 0 0]
 [7 4 8 0 0 0 6 0 0]
 [0 2 0 7 0 0 0 0 0]
 [0 0 0 0 0 2 0 1 4]
 [0 0 1 6 2 0 4 0 9]
 [0 0 0 0 0 0 0 0 0]
 [6 9 7 0 3 0 2 0 1]]
Solution:
[[5 7 9 6 8 4 2 3 0]
 [2 0 6 3 0 5 9 8 4]
 [3 4 1 7 2 0 6 5 0]
 [8 1 7 2 5 9 3 0 6]
 [0 9 5 8 6 7 4 1 2]
 [6 3 2 1 4 0 5 7 9]
 [9 8 4 5 0 3 7 2 1]
 [1 5 3 0 9 2 8 4 0]
 [7 2 0 4 1 6 0 9 3]]
Number of cells unfilled: 13
Accuracy: 83.9506172839506
Sample: 74681
Question:
[[3 2 9 0 0 0 0 0 5]
 [0 4 0 0 0 0 6 0 9]
 [0 0 6 0 0 0 0 0 0]
 [2 0 0 0 5 0 3 6 0]
 [0 0 0 2 0 4 0 0 0]
 [7 0 0 0 1 0 0 5 0]
 [0 7 0 0 0 0 0 0 8]
 [0 3 0 6 0 7 0 0 0]
 [0 0 0 3 8 1 7 0 0]]
Solution:
[[5 7 9 6 8 1 2 3 0]
 [2 0 6 3 0 5 9 0 4]
 [3 4 1 7 2 0 6 8 5]
 [8 1 7 2 5 9 3 0 6]
 [0 9 5 8 6 7 4 1 2]
 [6 3 2 1 4 0 5 7 9]
 [9 8 4 5 0 3 7 2 1]
 [1 5 3 0 9 2 8 4 0]
 [7 2 0 4 1 6 0 9 3]]
Number of cells unfilled: 13
Accuracy: 83.9506172839506
Sample: 74682
Question:
[[0 0 0 0 0 1 0 3 0]
 [1 0 0 0 0 9 0 0 4]
 [0 0 8 5 0 0 1 0 0]
 [0 6 5 0 7 0 0 0 0]
 [0 8 0 0 0 6 0 4 0]
 [2 0 0 8 0 0 6 0 0]
 [0 0 0 0 3 0 0 9 0]
 [0 0 2 0 0 7 0 0 0]
 [0 1 0 6 0 0 2 0 0]]
Solution:
[[5 7 9 6 1 4 2 3 8]
 [2 0 6 3 0 5 9 1 4]
 [3 4 1 7 2 8 6 5 0]
 [8 1 7 2 5 9 3 0 6]
 [0 9 5 8 6 7 4 0 2]
 [6 3 2 1 4 0 5 7 9]
 [9 8 4 5 0 3 7 2 1]
 [1 5 3 0 9 2 8 4 0]
 [7 2 0 4 8 6 0 9 3]]
Number of cells unfilled: 12
Accuracy: 85.18518518518519
Sample: 74683
Question:
[[0 0 4 7 0 0 0 6 0]
 [9 0 0 0 0 6 0 0 1]
 [0 0 0 0 2 0 3 0 0]
 [0 0 5 4 0 0 0 9 0]
 [0 0 9 0 3 0 2 0 0]
 [7 0 0 0 0 9 0 0 4]
 [0 8 7 0 0 0 0 0 5]
 [5 0 6 1 0 0 4 8 0]
 [0 0 0 0 0 8 0 0 0]]
Solution:
[[5 7 9 6 1 8 2 3 0]
 [2 0 6 3 0 5 9 8 4]
 [3 4 1 7 2 0 6 5 0]
 [8 1 7 5 0 9 3 0 6]
 [0 9 5 8 6 7 4 1 2]
 [6 3 2 1 4 0 5 7 8]
 [9 8 4 0 5 3 7 2 1]
 [1 5 3 2 9 0 8 4 0]
 [7 2 0 4 8 6 0 9 3]]
Number of cells unfilled: 14
Accuracy: 82.71604938271605
Sample: 74684
Question:
[[0 0 0 6 0 4 0 0 7]
 [3 0 0 7 0 0 0 1 0]
 [0 0 0 1 5 0 0 0 0]
 [0 8 0 0 0 0 0 5 0]
 [1 0 0 4 0 0 0 0 6]
 [0 0 2 0 0 7 9 0 0]
 [0 0 9 0 0 0 0 2 0]
 [4 0 0 0 0 0 0 0 3]
 [0 5 0 0 0 0 8 0 0]]
Solution:
[[5 7 9 6 1 4 2 3 0]
 [2 0 6 3 0 5 9 8 4]
 [3 4 1 7 2 8 6 0 5]
 [8 1 7 5 0 9 3 0 6]
 [0 9 5 8 6 7 4 1 2]
 [6 3 0 1 4 2 5 7 8]
 [9 8 4 0 5 3 7 2 1]
 [1 5 3 2 9 0 8 4 0]
 [7 2 0 4 8 6 0 9 3]]
Number of cells unfilled: 13
Accuracy: 83.9506172839506
Sample: 74685
Question:
[[0 0 0 0 2 0 0 9 5]
 [0 0 0 0 0 0 0 0 0]
 [1 8 0 0 0 0 0 0 0]
 [0 0 0 0 0 2 0 0 3]
 [7 0 0 0 0 0 1 0 0]
 [0 0 9 0 5 0 0 0 0]
 [0 0 0 1 0 6 7 0 0]
 [0 0 5 0 0 0 8 0 0]
 [0 0 0 0 0 3 0 0 0]]
Solution:
[[5 7 9 6 1 8 2 3 0]
 [2 0 6 3 0 5 1 8 4]
 [3 4 1 7 2 0 6 5 9]
 [8 1 7 5 0 9 3 0 6]
 [0 9 5 8 6 7 4 1 2]
 [6 3 2 1 4 0 5 7 8]
 [9 8 4 0 5 3 7 2 1]
 [1 5 3 2 9 0 8 4 0]
 [7 2 0 4 8 6 0 9 3]]
Number of cells unfilled: 13
Accuracy: 83.9506172839506
Sample: 74686
Question:
[[0 0 0 0 6 0 5 0 0]
 [0 6 0 7 0 0 0 0 1]
 [8 0 0 0 0 2 9 0 0]
 [0 0 0 0 0 9 0 3 0]
 [0 0 6 0 2 0 0 0 0]
 [4 0 0 6 0 0 2 0 8]
 [7 4 0 0 3 0 0 0 0]
 [6 1 0 0 0 4 0 5 0]
 [0 0 8 1 0 0 0 0 4]]
Solution:
[[5 7 9 6 1 4 2 3 0]
 [2 0 6 3 0 5 9 8 4]
 [3 4 1 7 2 8 6 0 5]
 [8 1 7 2 5 9 3 0 6]
 [0 9 5 8 6 7 4 1 2]
 [6 3 2 1 4 0 5 7 8]
 [9 8 4 5 0 3 7 2 1]
 [1 5 3 0 9 2 8 4 0]
 [7 2 0 4 8 6 0 9 3]]
Number of cells unfilled: 12
Accuracy: 85.18518518518519
Sample: 74687
Question:
[[0 1 0 3 0 0 0 4 0]
 [0 0 0 0 0 0 0 0 9]
 [0 4 2 8 0 7 0 0 0]
 [0 0 0 0 0 8 2 0 0]
 [0 3 0 0 0 0 0 0 5]
 [1 0 0 6 0 5 4 3 0]
 [9 7 0 4 0 2 0 1 0]
 [0 0 0 0 0 0 0 0 0]
 [8 0 4 0 0 0 0 7 0]]
Solution:
[[5 7 9 6 8 1 2 3 0]
 [2 0 6 3 0 5 9 0 4]
 [3 4 1 7 2 0 6 8 5]
 [8 1 7 2 5 9 3 0 6]
 [0 9 5 8 6 7 4 1 2]
 [6 3 2 1 4 0 5 7 8]
 [9 8 4 5 0 3 7 2 1]
 [1 5 3 0 9 2 8 4 0]
 [7 2 0 4 1 6 0 9 3]]
Number of cells unfilled: 13
Accuracy: 83.9506172839506
Sample: 74688
Question:
[[0 0 8 4 7 1 0 0 0]
 [9 0 0 5 0 0 0 0 0]
 [0 0 1 0 3 2 0 0 6]
 [0 0 9 7 0 0 0 0 0]
 [0 2 0 1 0 0 0 4 0]
 [6 0 0 2 0 0 0 7 0]
 [1 0 0 0 0 0 7 0 5]
 [0 0 0 0 0 4 2 0 0]
 [8 5 0 0 0 0 0 0 0]]
Solution:
[[5 7 9 6 1 8 2 3 0]
 [2 0 6 3 0 5 9 8 4]
 [3 4 1 7 2 0 6 5 0]
 [8 1 7 2 5 9 3 0 6]
 [0 9 5 8 6 7 4 1 2]
 [6 3 2 1 4 0 5 7 9]
 [9 8 4 5 0 3 7 2 1]
 [1 5 3 0 9 2 8 4 0]
 [7 2 0 4 8 6 0 9 3]]
Number of cells unfilled: 13
Accuracy: 83.9506172839506
Sample: 74689
Question:
[[7 0 0 0 0 1 6 0 0]
 [0 0 0 0 9 0 3 0 8]
 [5 0 3 8 4 0 0 0 0]
 [0 0 0 0 1 9 0 0 0]
 [0 2 0 0 7 8 0 0 3]
 [0 5 0 0 0 0 0 0 7]
 [0 3 0 0 2 0 0 7 9]
 [0 0 0 1 0 0 5 0 6]
 [4 0 6 0 0 0 0 0 0]]
Solution:
[[5 7 9 6 1 8 2 3 0]
 [2 0 6 3 0 5 9 0 4]
 [3 4 1 7 2 0 6 8 5]
 [8 1 7 2 5 9 3 0 6]
 [0 9 5 8 6 7 4 1 2]
 [6 3 2 1 4 0 5 7 9]
 [9 8 4 5 0 3 7 2 1]
 [1 5 3 0 9 2 8 4 0]
 [7 2 0 4 8 6 0 9 3]]
Number of cells unfilled: 13
Accuracy: 83.9506172839506
Sample: 74690
Question:
[[0 0 0 0 3 0 0 0 0]
 [0 7 0 1 0 0 9 0 3]
 [0 0 0 0 0 4 6 2 5]
 [0 4 0 3 6 0 0 0 0]
 [0 1 3 5 0 0 0 6 4]
 [0 0 0 0 0 9 8 0 0]
 [2 0 0 8 0 0 5 0 0]
 [0 5 8 0 9 0 0 0 2]
 [0 0 7 2 0 0 0 0 0]]
Solution:
[[5 7 9 6 8 4 2 3 0]
 [2 0 6 3 1 5 9 8 4]
 [3 4 1 7 2 0 6 5 0]
 [8 1 7 2 5 9 3 0 6]
 [0 9 5 8 6 7 4 1 2]
 [6 3 2 1 4 0 5 7 8]
 [9 8 4 5 0 3 7 2 1]
 [1 5 3 0 9 2 8 4 0]
 [7 2 0 4 0 6 0 9 3]]
Number of cells unfilled: 13
Accuracy: 83.9506172839506
Sample: 74691
Question:
[[0 3 0 9 0 0 0 0 0]
 [0 0 2 0 4 1 0 9 0]
 [4 0 0 6 8 0 0 0 0]
 [0 0 5 1 0 0 3 0 8]
 [0 0 0 0 0 0 4 0 0]
 [3 0 0 2 0 0 0 0 7]
 [0 0 0 0 9 0 8 0 0]
 [7 8 0 4 2 0 0 1 0]
 [0 0 6 0 0 0 2 4 0]]
Solution:
[[5 7 9 6 1 4 2 3 8]
 [2 0 6 3 0 5 1 0 4]
 [3 4 1 7 2 8 6 0 5]
 [8 1 7 2 5 9 3 0 6]
 [0 9 5 8 6 7 4 1 2]
 [6 3 2 1 4 0 5 7 9]
 [9 8 4 5 0 3 7 2 1]
 [1 5 3 0 9 2 8 4 0]
 [7 2 0 4 8 6 0 9 3]]
Number of cells unfilled: 12
Accuracy: 85.18518518518519
Sample: 74692
Question:
[[0 5 0 0 0 0 0 0 9]
 [0 0 8 9 0 0 2 0 0]
 [0 0 0 0 0 0 0 1 0]
 [5 0 0 6 0 0 0 3 0]
 [0 0 6 0 2 0 4 0 0]
 [0 1 0 0 0 9 0 0 7]
 [0 0 4 0 0 6 8 0 0]
 [0 0 0 2 4 0 0 7 0]
 [0 3 0 8 0 0 0 0 0]]
Solution:
[[5 7 9 6 1 8 2 3 0]
 [2 0 6 3 0 5 9 0 4]
 [3 4 1 7 2 0 6 8 5]
 [8 1 7 5 0 9 3 0 6]
 [0 9 5 8 6 7 4 1 2]
 [6 3 0 1 4 2 5 7 8]
 [9 8 4 0 5 3 7 2 1]
 [1 5 3 2 9 0 8 4 0]
 [7 0 2 4 8 6 0 9 3]]
Number of cells unfilled: 14
Accuracy: 82.71604938271605
Sample: 74693
Question:
[[0 0 0 0 1 0 0 0 0]
 [0 0 8 9 0 0 0 0 2]
 [2 0 5 8 3 0 0 0 1]
 [0 0 0 0 0 0 1 0 0]
 [3 0 0 5 0 0 0 0 7]
 [0 5 2 0 9 0 6 0 0]
 [0 2 0 7 0 0 0 0 8]
 [0 0 7 0 0 0 0 4 0]
 [8 0 3 0 0 9 0 0 0]]
Solution:
[[5 7 9 6 1 8 2 3 0]
 [2 0 6 3 0 5 1 8 4]
 [3 4 1 7 2 0 6 5 9]
 [8 1 7 5 0 9 3 0 6]
 [0 9 5 8 6 7 4 1 2]
 [6 3 2 1 4 0 5 7 8]
 [9 8 4 0 5 3 7 2 1]
 [1 5 3 2 9 0 8 4 0]
 [7 2 0 4 8 6 0 9 3]]
Number of cells unfilled: 13
Accuracy: 83.9506172839506
Sample: 74694
Question:
[[0 0 0 0 0 0 0 5 0]
 [0 2 0 0 0 0 0 7 0]
 [0 0 8 0 0 2 4 0 0]
 [0 0 0 4 3 0 0 0 0]
 [0 0 4 0 0 0 2 0 9]
 [0 8 0 0 9 1 5 0 0]
 [4 0 0 1 0 0 3 0 0]
 [0 1 0 9 0 6 0 0 7]
 [0 0 9 7 0 0 1 2 0]]
Solution:
[[5 7 9 6 8 4 2 3 0]
 [2 0 6 3 1 5 9 8 4]
 [3 4 1 7 2 0 6 5 0]
 [8 1 7 2 5 9 3 0 6]
 [0 9 5 8 6 7 4 1 2]
 [6 3 2 1 4 0 5 7 9]
 [9 8 4 5 0 3 7 2 1]
 [1 5 3 0 9 2 8 4 0]
 [7 2 0 4 0 6 0 9 3]]
Number of cells unfilled: 13
Accuracy: 83.9506172839506
Sample: 74695
Question:
[[4 6 0 0 0 2 0 0 0]
 [0 1 0 5 0 0 6 0 0]
 [0 0 9 0 0 0 0 0 2]
 [0 7 0 0 4 0 0 6 5]
 [0 0 0 6 0 0 0 0 1]
 [0 0 0 0 0 7 4 0 0]
 [0 0 7 0 3 0 0 9 0]
 [0 3 0 7 0 0 5 0 0]
 [9 0 0 0 0 8 0 3 0]]
Solution:
[[5 7 9 6 0 1 2 3 8]
 [2 0 6 3 0 5 9 1 4]
 [3 4 1 7 2 8 6 5 0]
 [8 1 7 5 0 9 3 0 6]
 [0 9 5 8 6 7 4 0 2]
 [6 3 0 1 4 2 5 7 9]
 [4 8 0 0 5 3 7 2 1]
 [1 5 3 2 9 0 8 4 0]
 [7 2 0 4 1 6 0 9 3]]
Number of cells unfilled: 15
Accuracy: 81.48148148148148
Sample: 74696
Question:
[[0 0 0 4 8 0 0 0 0]
 [8 3 0 0 0 1 0 0 5]
 [6 1 2 0 0 0 0 0 0]
 [0 0 1 0 4 0 3 2 0]
 [0 9 0 0 0 2 8 6 0]
 [0 0 0 0 0 7 0 0 0]
 [1 0 0 0 9 0 5 0 0]
 [0 2 0 6 0 5 9 0 0]
 [0 0 0 3 0 0 0 7 6]]
Solution:
[[5 7 9 6 1 8 2 3 0]
 [2 0 6 3 0 5 9 0 4]
 [3 4 1 7 2 0 6 8 5]
 [8 1 7 5 0 9 3 0 6]
 [0 9 5 8 6 7 4 1 2]
 [6 3 2 1 4 0 5 7 8]
 [9 8 4 0 5 3 7 2 1]
 [1 5 3 2 9 0 8 4 0]
 [7 2 0 4 8 6 0 9 3]]
Number of cells unfilled: 14
Accuracy: 82.71604938271605
Sample: 74697
Question:
[[5 0 0 0 0 4 3 0 0]
 [0 3 0 5 6 0 0 1 0]
 [2 0 4 0 0 0 0 0 6]
 [0 2 0 0 0 1 0 0 3]
 [0 0 0 0 2 0 0 9 0]
 [0 0 9 6 0 0 0 0 0]
 [0 5 0 0 0 6 0 0 1]
 [0 0 0 7 0 0 8 0 0]
 [7 0 0 0 8 0 0 0 5]]
Solution:
[[5 7 9 6 1 8 2 3 0]
 [2 0 6 3 0 5 9 1 4]
 [3 4 1 7 2 0 6 5 8]
 [8 1 7 5 0 9 3 0 6]
 [0 9 5 8 6 7 4 0 2]
 [6 3 0 1 4 2 5 7 9]
 [4 8 0 0 5 3 7 2 1]
 [1 5 3 2 9 0 8 4 0]
 [7 2 0 4 8 6 0 9 3]]
Number of cells unfilled: 15
Accuracy: 81.48148148148148
Sample: 74698
Question:
[[0 0 0 0 5 0 1 9 0]
 [0 1 4 0 0 0 5 0 0]
 [7 0 0 0 0 2 0 0 0]
 [0 0 0 0 2 5 0 0 0]
 [0 0 0 3 0 0 0 8 0]
 [3 0 0 0 6 1 0 0 5]
 [0 0 2 9 1 0 0 7 0]
 [0 0 6 0 0 4 0 0 2]
 [0 0 0 0 0 8 0 0 1]]
Solution:
[[5 7 9 6 1 8 2 3 0]
 [2 0 6 3 0 5 1 8 4]
 [3 4 1 7 2 0 6 5 9]
 [8 1 7 2 5 9 3 0 6]
 [0 9 5 8 6 7 4 1 2]
 [6 3 2 1 4 0 5 7 8]
 [9 8 4 5 0 3 7 2 1]
 [1 5 3 0 9 2 8 4 0]
 [7 2 0 4 8 6 0 9 3]]
Number of cells unfilled: 12
Accuracy: 85.18518518518519
Sample: 74699
Question:
[[0 0 0 0 8 0 0 5 0]
 [0 5 0 0 0 0 0 0 3]
 [0 0 6 2 7 0 0 0 0]
 [9 0 0 0 0 0 0 1 0]
 [0 8 5 0 0 1 0 4 6]
 [0 3 0 0 4 7 0 0 0]
 [0 1 0 0 5 6 0 0 0]
 [0 6 0 0 3 0 9 0 1]
 [8 0 0 0 0 4 0 0 0]]
Solution:
[[5 7 9 6 1 4 2 3 0]
 [2 0 6 3 0 5 9 8 4]
 [3 4 1 7 2 8 6 5 0]
 [8 1 7 5 0 9 3 0 6]
 [0 9 5 8 6 7 4 1 2]
 [6 3 0 1 4 2 5 7 9]
 [4 8 0 0 0 3 7 2 1]
 [1 5 3 2 9 0 8 4 0]
 [7 2 0 4 5 6 0 9 3]]
Number of cells unfilled: 15
Accuracy: 81.48148148148148
Sample: 74700
Question:
[[0 7 9 0 0 0 2 0 0]
 [2 0 0 3 0 5 0 0 0]
 [0 4 0 0 2 0 0 0 0]
 [0 1 7 0 0 9 0 0 6]
 [0 0 5 8 0 7 0 0 0]
 [0 0 0 1 4 0 0 0 0]
 [0 8 0 0 0 3 7 0 1]
 [0 0 0 0 9 0 0 4 0]
 [0 0 0 0 0 0 0 9 3]]
Solution:
[[5 7 9 6 1 8 2 3 0]
 [2 0 6 3 0 5 9 1 4]
 [3 4 1 7 2 0 6 8 5]
 [8 1 7 5 0 9 3 0 6]
 [0 9 5 8 6 7 4 0 2]
 [6 3 0 1 4 2 5 7 8]
 [9 8 4 0 5 3 7 2 1]
 [1 5 3 2 9 0 8 4 0]
 [7 2 0 4 8 6 0 9 3]]
Number of cells unfilled: 14
Accuracy: 82.71604938271605
