2025-10-22 16:14:27.685632: I tensorflow/core/util/port.cc:153] oneDNN custom operations are on. You may see slightly different numerical results due to floating-point round-off errors from different computation orders. To turn them off, set the environment variable `TF_ENABLE_ONEDNN_OPTS=0`.
2025-10-22 16:14:28.380822: I tensorflow/core/platform/cpu_feature_guard.cc:210] This TensorFlow binary is optimized to use available CPU instructions in performance-critical operations.
To enable the following instructions: AVX2 AVX512F AVX512_VNNI FMA, in other operations, rebuild TensorFlow with the appropriate compiler flags.
2025-10-22 16:14:32.950561: I tensorflow/core/util/port.cc:153] oneDNN custom operations are on. You may see slightly different numerical results due to floating-point round-off errors from different computation orders. To turn them off, set the environment variable `TF_ENABLE_ONEDNN_OPTS=0`.
2025-10-22 16:14:39.774856: E external/local_xla/xla/stream_executor/cuda/cuda_platform.cc:51] failed call to cuInit: INTERNAL: CUDA error: Failed call to cuInit: UNKNOWN ERROR (303)
Sample: 78601
Question:
[[0 0 0 0 5 0 0 9 0]
 [9 1 0 0 0 0 0 0 0]
 [0 0 2 0 0 6 0 0 4]
 [0 0 7 0 4 0 0 8 0]
 [8 0 0 6 7 0 0 0 2]
 [0 2 0 0 0 8 0 0 0]
 [0 0 0 3 0 0 0 5 0]
 [2 3 0 0 0 0 1 0 0]
 [0 0 6 0 0 4 0 0 8]]
Solution:
[[3 5 4 1 0 8 7 9 6]
 [9 7 6 2 5 0 4 8 3]
 [8 2 1 7 4 6 0 0 5]
 [5 9 7 3 1 4 2 6 8]
 [4 3 8 5 6 2 9 1 7]
 [1 6 0 8 7 0 5 4 0]
 [0 4 9 6 8 7 3 5 1]
 [6 1 2 0 3 9 0 7 4]
 [7 0 5 4 0 1 8 2 9]]
Number of cells unfilled: 12
Accuracy: 85.18518518518519
Sample: 78602
Question:
[[0 0 0 4 0 0 0 0 7]
 [0 0 3 0 9 0 0 5 0]
 [8 4 0 0 0 0 0 0 0]
 [0 0 0 7 0 0 1 0 5]
 [1 0 0 0 0 8 0 0 0]
 [0 0 5 0 6 0 0 9 0]
 [0 6 0 0 3 0 5 0 2]
 [3 0 0 0 0 2 0 6 0]
 [0 0 2 6 0 0 0 0 9]]
Solution:
[[3 5 4 1 0 8 7 9 6]
 [9 7 6 2 0 5 4 8 3]
 [8 0 1 7 9 6 2 0 5]
 [5 2 7 3 1 4 0 6 8]
 [4 3 8 5 6 2 9 1 7]
 [1 6 0 8 7 0 5 4 2]
 [0 4 9 6 8 7 3 5 1]
 [6 1 2 0 3 9 0 7 4]
 [7 0 5 4 0 1 8 2 9]]
Number of cells unfilled: 12
Accuracy: 85.18518518518519
Sample: 78603
Question:
[[2 0 0 0 7 0 8 0 0]
 [0 8 0 0 0 4 0 0 0]
 [0 0 4 0 0 3 0 0 9]
 [0 3 0 1 0 0 2 5 0]
 [1 0 7 2 6 0 0 0 0]
 [0 0 0 0 0 0 1 0 0]
 [0 0 0 0 0 0 0 7 6]
 [0 0 8 0 0 0 9 2 0]
 [0 2 0 3 0 6 5 0 0]]
Solution:
[[3 5 4 1 0 8 7 9 6]
 [9 7 6 2 0 5 4 8 3]
 [8 0 1 7 4 6 2 0 5]
 [5 2 7 3 1 4 0 6 8]
 [4 3 8 5 6 2 9 1 7]
 [1 6 0 8 7 0 5 4 2]
 [0 4 9 6 8 7 3 5 1]
 [6 1 2 0 3 9 0 7 4]
 [7 0 5 4 0 1 8 2 9]]
Number of cells unfilled: 12
Accuracy: 85.18518518518519
Sample: 78604
Question:
[[0 0 4 8 7 0 0 5 0]
 [9 6 0 2 0 0 0 0 0]
 [1 0 0 0 0 0 0 0 9]
 [0 0 0 0 5 2 9 0 0]
 [0 5 0 4 0 0 0 0 0]
 [0 0 0 0 8 0 3 0 0]
 [0 0 0 0 0 0 5 0 8]
 [0 0 3 0 6 0 0 1 0]
 [7 1 0 0 4 0 0 0 6]]
Solution:
[[3 5 4 1 0 8 7 9 6]
 [9 7 6 2 5 0 4 8 3]
 [8 0 1 7 4 6 2 0 5]
 [5 2 7 3 1 4 0 6 8]
 [4 3 8 5 6 2 9 1 7]
 [1 6 0 8 7 0 5 4 2]
 [0 4 9 6 8 7 3 5 1]
 [6 1 2 0 3 9 0 7 4]
 [7 0 5 4 0 1 8 2 9]]
Number of cells unfilled: 12
Accuracy: 85.18518518518519
Sample: 78605
Question:
[[0 0 6 0 1 0 0 0 0]
 [0 7 0 8 0 0 0 0 1]
 [9 0 0 0 0 4 2 0 0]
 [0 3 0 0 0 0 0 6 0]
 [7 0 0 4 0 0 8 0 0]
 [0 0 5 0 0 2 0 0 7]
 [0 0 7 0 0 9 0 3 5]
 [1 0 0 0 4 0 9 0 0]
 [0 0 0 0 0 0 0 0 0]]
Solution:
[[3 5 4 1 0 8 7 9 2]
 [9 7 6 2 5 0 4 8 3]
 [8 2 1 7 9 6 0 0 5]
 [5 9 7 3 1 4 2 6 8]
 [4 3 8 5 6 2 9 1 7]
 [1 6 0 8 7 0 5 4 0]
 [0 4 9 6 8 7 3 5 1]
 [6 1 2 0 3 9 0 7 4]
 [7 0 5 4 0 1 8 2 9]]
Number of cells unfilled: 12
Accuracy: 85.18518518518519
Sample: 78606
Question:
[[2 8 0 0 4 0 1 0 0]
 [4 0 0 0 0 0 0 7 0]
 [0 0 9 0 0 6 0 0 4]
 [0 0 0 0 1 0 4 0 0]
 [0 0 0 0 7 0 0 8 0]
 [0 0 5 0 0 9 0 0 3]
 [0 0 2 0 9 0 5 0 0]
 [0 6 0 0 0 2 0 0 0]
 [3 0 0 0 0 0 0 0 2]]
Solution:
[[3 5 4 1 0 8 7 9 6]
 [9 7 6 2 0 5 4 8 3]
 [8 0 1 7 4 6 2 0 5]
 [5 2 7 3 1 4 0 6 8]
 [4 3 8 5 6 2 9 1 7]
 [1 6 0 8 7 0 5 4 2]
 [0 4 9 6 8 7 3 5 1]
 [6 1 2 0 3 9 0 7 4]
 [7 0 5 4 0 1 8 2 9]]
Number of cells unfilled: 12
Accuracy: 85.18518518518519
Sample: 78607
Question:
[[1 0 0 0 0 0 0 6 0]
 [0 0 0 0 0 0 9 7 0]
 [0 0 0 1 4 0 0 8 3]
 [6 0 7 9 0 5 0 0 0]
 [8 3 0 0 6 7 0 0 0]
 [0 0 0 0 3 0 0 0 0]
 [3 0 0 0 0 0 0 4 0]
 [0 0 9 0 1 0 0 0 0]
 [5 0 0 7 0 0 6 1 0]]
Solution:
[[3 5 4 1 0 8 7 9 6]
 [9 7 6 2 5 0 4 8 3]
 [8 0 1 7 9 6 2 0 5]
 [5 2 7 3 1 4 0 6 8]
 [4 3 8 5 6 2 9 1 7]
 [1 6 0 8 7 0 5 4 2]
 [0 4 9 6 8 7 3 5 1]
 [6 1 2 0 3 9 0 7 4]
 [7 0 5 4 0 1 8 2 9]]
Number of cells unfilled: 12
Accuracy: 85.18518518518519
Sample: 78608
Question:
[[0 0 0 9 0 0 0 6 0]
 [2 0 9 0 0 6 1 0 7]
 [0 0 1 0 0 7 0 0 8]
 [1 3 0 0 2 0 0 0 0]
 [8 0 6 0 0 9 0 0 0]
 [0 2 0 0 0 1 7 0 0]
 [0 0 0 0 0 5 8 0 4]
 [0 0 0 0 0 0 0 0 0]
 [6 0 3 0 4 8 0 0 5]]
Solution:
[[3 5 4 1 0 8 7 9 6]
 [9 7 6 2 0 5 4 8 3]
 [8 2 1 7 4 6 0 0 5]
 [5 9 7 3 1 4 2 6 8]
 [4 3 8 5 6 2 9 1 7]
 [1 6 0 8 7 0 5 4 0]
 [0 4 9 6 8 7 3 5 1]
 [6 1 2 0 3 9 0 7 4]
 [7 0 5 4 0 1 8 2 9]]
Number of cells unfilled: 12
Accuracy: 85.18518518518519
Sample: 78609
Question:
[[0 0 0 9 6 0 0 7 0]
 [0 0 9 0 0 2 6 0 0]
 [0 0 0 0 5 0 0 1 0]
 [0 0 5 2 0 0 0 0 0]
 [9 0 0 0 0 0 0 4 7]
 [0 1 0 0 0 0 0 0 8]
 [0 8 0 5 0 0 0 0 1]
 [0 0 6 0 2 0 3 0 0]
 [4 0 0 0 0 3 0 0 0]]
Solution:
[[3 5 4 1 0 8 7 9 6]
 [9 7 6 2 5 0 4 8 3]
 [8 0 1 7 4 6 2 0 5]
 [5 2 7 3 1 4 0 6 8]
 [4 3 8 5 6 2 9 1 7]
 [1 6 0 8 7 0 5 4 2]
 [0 4 9 6 8 7 3 5 1]
 [6 1 2 0 3 9 0 7 4]
 [7 0 5 4 0 1 8 2 9]]
Number of cells unfilled: 12
Accuracy: 85.18518518518519
Sample: 78610
Question:
[[0 4 0 0 0 6 0 0 7]
 [2 0 0 0 4 0 0 0 0]
 [0 5 0 0 7 0 4 0 0]
 [7 0 0 0 0 0 9 0 0]
 [0 6 0 5 0 0 0 2 3]
 [0 0 0 6 9 0 0 0 0]
 [1 9 0 3 0 0 0 0 0]
 [3 0 0 0 2 0 0 0 0]
 [0 7 0 0 0 4 0 6 8]]
Solution:
[[3 5 4 1 9 8 7 0 6]
 [9 7 6 2 0 5 4 8 3]
 [8 0 1 7 4 6 2 9 5]
 [5 2 7 3 1 4 0 6 8]
 [4 3 8 5 6 2 9 1 7]
 [1 6 0 8 7 0 5 4 2]
 [0 4 9 6 8 7 3 5 1]
 [6 1 2 0 3 9 0 7 4]
 [7 0 5 4 0 1 8 2 9]]
Number of cells unfilled: 11
Accuracy: 86.41975308641975
Sample: 78611
Question:
[[0 0 5 0 9 0 0 0 7]
 [0 0 0 4 0 0 0 8 0]
 [1 0 0 0 0 6 4 0 0]
 [0 0 9 0 0 2 0 4 0]
 [0 7 0 8 0 0 0 0 2]
 [2 0 0 0 1 0 6 0 0]
 [9 0 0 0 3 0 0 0 4]
 [0 2 0 0 0 0 0 3 0]
 [0 0 4 0 0 5 9 0 0]]
Solution:
[[3 5 4 1 0 8 7 9 6]
 [9 7 6 2 0 5 4 8 3]
 [8 2 1 7 4 6 0 0 5]
 [5 9 7 3 1 4 2 6 8]
 [4 3 8 5 6 2 9 1 7]
 [1 6 0 8 7 0 5 4 0]
 [0 4 9 6 8 7 3 5 1]
 [6 1 2 0 3 9 0 7 4]
 [7 0 5 4 0 1 8 2 9]]
Number of cells unfilled: 12
Accuracy: 85.18518518518519
Sample: 78612
Question:
[[0 0 0 0 0 6 0 9 0]
 [0 0 4 1 0 0 6 0 0]
 [0 0 0 7 0 9 5 3 0]
 [4 0 7 0 0 0 0 0 0]
 [0 6 0 9 0 0 0 0 0]
 [1 0 0 0 0 2 8 0 0]
 [3 7 0 0 2 0 0 0 9]
 [0 0 9 5 0 0 0 8 0]
 [0 0 0 8 0 0 0 0 7]]
Solution:
[[3 5 4 1 0 8 7 9 6]
 [9 7 6 2 0 5 4 8 3]
 [8 0 1 7 9 6 2 0 5]
 [5 2 7 3 1 4 0 6 8]
 [4 3 8 5 6 2 9 1 7]
 [1 6 0 8 7 0 5 4 2]
 [0 4 9 6 8 7 3 5 1]
 [6 1 2 0 3 9 0 7 4]
 [7 0 5 4 0 1 8 2 9]]
Number of cells unfilled: 12
Accuracy: 85.18518518518519
Sample: 78613
Question:
[[2 0 0 8 0 0 5 0 0]
 [0 0 4 0 0 2 0 0 0]
 [0 1 0 0 3 0 0 0 2]
 [8 0 0 5 0 0 0 0 9]
 [0 0 6 0 0 4 0 0 0]
 [0 3 0 0 1 0 0 0 0]
 [0 0 0 0 0 0 8 0 5]
 [0 6 0 0 0 0 9 0 7]
 [9 0 0 7 0 0 0 2 0]]
Solution:
[[3 5 4 1 0 8 7 9 6]
 [9 7 6 2 5 0 4 8 3]
 [8 2 1 7 4 6 0 0 5]
 [5 9 7 3 1 4 2 6 8]
 [4 3 8 5 6 2 9 1 7]
 [1 6 0 8 7 0 5 4 0]
 [0 4 9 6 8 7 3 5 1]
 [6 1 2 0 3 9 0 7 4]
 [7 0 5 4 0 1 8 2 9]]
Number of cells unfilled: 12
Accuracy: 85.18518518518519
Sample: 78614
Question:
[[6 0 0 5 0 0 8 4 0]
 [0 0 0 0 8 0 0 0 0]
 [0 8 0 0 7 4 0 0 0]
 [0 5 0 7 0 0 6 1 0]
 [0 0 6 0 0 2 0 0 0]
 [0 0 0 0 0 0 0 0 3]
 [5 1 0 0 0 7 0 0 4]
 [4 0 0 0 1 0 0 0 9]
 [0 0 8 4 0 0 1 5 0]]
Solution:
[[3 5 4 1 0 8 7 9 6]
 [9 7 6 2 5 0 4 8 3]
 [8 2 1 7 9 6 0 0 5]
 [5 9 7 3 1 4 2 6 8]
 [4 3 8 5 6 2 9 1 7]
 [1 6 0 8 7 0 5 4 0]
 [0 4 9 6 8 7 3 5 1]
 [6 1 2 0 3 9 0 7 4]
 [7 0 5 4 0 1 8 2 9]]
Number of cells unfilled: 12
Accuracy: 85.18518518518519
Sample: 78615
Question:
[[0 0 6 3 0 2 0 0 1]
 [0 0 0 5 9 0 0 0 0]
 [0 3 0 0 1 0 0 7 0]
 [0 0 1 0 5 0 0 0 6]
 [8 0 0 0 0 0 0 0 0]
 [0 9 0 2 0 0 4 0 0]
 [0 7 0 0 0 0 3 0 0]
 [4 0 0 0 0 0 0 8 0]
 [0 0 2 9 0 0 0 0 5]]
Solution:
[[3 5 4 1 0 8 7 9 2]
 [9 7 6 2 0 5 4 8 3]
 [8 2 1 7 9 6 0 0 5]
 [5 9 7 3 1 4 2 6 8]
 [4 3 8 5 6 2 9 1 7]
 [1 6 0 8 7 0 5 4 0]
 [0 4 9 6 8 7 3 5 1]
 [6 1 2 0 3 9 0 7 4]
 [7 0 5 4 0 1 8 2 9]]
Number of cells unfilled: 12
Accuracy: 85.18518518518519
Sample: 78616
Question:
[[2 0 0 0 0 9 0 0 8]
 [0 0 0 0 5 2 3 0 0]
 [0 0 6 7 0 0 0 2 0]
 [0 0 5 0 0 0 0 0 9]
 [9 0 0 0 0 6 0 8 0]
 [0 1 0 0 0 0 6 0 0]
 [4 0 0 0 0 3 8 0 0]
 [0 0 1 0 0 0 0 4 0]
 [0 7 0 4 6 0 0 0 2]]
Solution:
[[3 5 4 1 9 8 7 0 6]
 [9 7 6 2 5 0 4 8 3]
 [8 0 1 7 4 6 2 9 5]
 [5 2 7 3 1 4 0 6 8]
 [4 3 8 5 6 2 9 1 7]
 [1 6 0 8 7 0 5 4 2]
 [0 4 9 6 8 7 3 5 1]
 [6 1 2 0 3 9 0 7 4]
 [7 0 5 4 0 1 8 2 9]]
Number of cells unfilled: 11
Accuracy: 86.41975308641975
Sample: 78617
Question:
[[0 0 5 0 0 0 0 0 0]
 [2 9 0 3 0 0 0 0 0]
 [1 0 0 0 2 0 0 0 3]
 [0 0 0 0 0 4 0 6 0]
 [0 0 0 0 5 0 8 0 0]
 [9 0 0 1 0 0 0 0 7]
 [0 0 0 0 8 0 0 4 0]
 [7 0 0 0 0 6 5 0 0]
 [0 1 0 9 0 0 0 0 2]]
Solution:
[[3 5 4 1 0 8 7 9 6]
 [9 7 6 2 5 0 4 8 3]
 [8 0 1 7 4 6 2 0 5]
 [5 2 7 3 1 4 0 6 8]
 [4 3 8 5 6 2 9 1 7]
 [1 6 0 8 7 0 5 4 2]
 [0 4 9 6 8 7 3 5 1]
 [6 1 2 0 3 9 0 7 4]
 [7 0 5 4 0 1 8 2 9]]
Number of cells unfilled: 12
Accuracy: 85.18518518518519
Sample: 78618
Question:
[[0 0 8 0 0 0 4 2 5]
 [0 0 0 7 8 0 0 0 0]
 [0 0 0 0 0 1 0 0 0]
 [0 0 4 0 0 0 0 6 0]
 [0 3 5 0 0 0 0 1 4]
 [0 6 0 0 0 0 2 0 0]
 [0 0 0 4 1 0 6 0 0]
 [0 0 0 9 0 0 0 0 3]
 [9 0 0 8 7 0 0 4 2]]
Solution:
[[3 5 4 1 9 8 7 0 2]
 [9 7 6 2 0 5 4 8 3]
 [8 2 1 7 4 6 0 9 5]
 [5 9 7 3 1 4 2 6 8]
 [4 3 8 5 6 2 9 1 7]
 [1 6 0 8 7 0 5 4 0]
 [0 4 9 6 8 7 3 5 1]
 [6 1 2 0 3 9 0 7 4]
 [7 0 5 4 0 1 8 2 9]]
Number of cells unfilled: 11
Accuracy: 86.41975308641975
Sample: 78619
Question:
[[0 0 0 2 0 0 6 0 7]
 [0 0 0 0 5 0 3 0 0]
 [4 0 5 7 3 0 0 0 0]
 [0 9 0 0 0 0 0 0 0]
 [6 0 8 0 0 0 1 9 0]
 [0 4 2 0 0 0 0 0 8]
 [0 8 4 0 0 0 0 2 5]
 [0 0 0 5 2 0 0 0 0]
 [0 0 1 8 0 4 0 0 3]]
Solution:
[[3 5 4 1 0 8 7 9 6]
 [9 7 6 2 0 5 4 8 3]
 [8 0 1 7 4 6 2 0 5]
 [5 2 7 3 1 4 0 6 8]
 [4 3 8 5 6 2 9 1 7]
 [1 6 0 8 7 0 5 4 2]
 [0 4 9 6 8 7 3 5 1]
 [6 1 2 0 3 9 0 7 4]
 [7 0 5 4 0 1 8 2 9]]
Number of cells unfilled: 12
Accuracy: 85.18518518518519
Sample: 78620
Question:
[[3 0 0 5 0 0 0 6 0]
 [0 0 0 0 0 0 4 0 0]
 [0 0 8 6 0 2 0 0 1]
 [0 0 0 0 9 3 0 0 7]
 [0 1 0 0 4 0 0 0 9]
 [0 0 0 1 0 0 6 2 0]
 [0 0 2 0 0 0 0 0 6]
 [0 0 9 0 0 0 8 4 0]
 [5 3 4 0 0 0 0 1 0]]
Solution:
[[3 5 4 1 0 8 7 9 6]
 [9 7 6 2 5 0 4 8 3]
 [8 2 1 7 4 6 0 0 5]
 [5 9 7 3 1 4 2 6 8]
 [4 3 8 5 6 2 9 1 7]
 [1 6 0 8 7 0 5 4 0]
 [0 4 9 6 8 7 3 5 1]
 [6 1 2 0 3 9 0 7 4]
 [7 0 5 4 0 1 8 2 9]]
Number of cells unfilled: 12
Accuracy: 85.18518518518519
Sample: 78621
Question:
[[0 0 0 0 0 0 7 0 0]
 [0 8 0 0 0 6 0 2 0]
 [2 0 0 1 3 0 0 0 8]
 [0 0 4 9 8 0 0 0 2]
 [0 0 0 0 0 0 0 3 0]
 [9 0 0 6 0 3 0 0 0]
 [0 9 0 3 1 0 0 0 4]
 [1 0 2 0 0 4 0 0 0]
 [4 0 0 0 0 0 0 5 1]]
Solution:
[[3 5 4 1 9 8 7 0 6]
 [9 7 6 2 5 0 4 8 3]
 [8 0 1 7 4 6 2 9 5]
 [5 2 7 3 1 4 0 6 8]
 [4 3 8 5 6 2 9 1 7]
 [1 6 0 8 7 0 5 4 2]
 [0 4 9 6 8 7 3 5 1]
 [6 1 2 0 3 9 0 7 4]
 [7 0 5 4 0 1 8 2 9]]
Number of cells unfilled: 11
Accuracy: 86.41975308641975
Sample: 78622
Question:
[[0 0 0 8 0 0 0 0 9]
 [0 0 0 0 0 0 6 3 0]
 [0 0 1 0 0 2 0 0 0]
 [4 6 0 0 0 0 1 0 8]
 [8 0 9 0 0 0 0 0 0]
 [0 0 0 0 0 9 2 0 0]
 [3 0 0 0 0 1 5 0 0]
 [0 8 0 7 0 6 0 0 0]
 [0 0 2 5 9 0 0 0 1]]
Solution:
[[3 5 4 1 9 8 7 0 2]
 [9 7 6 2 5 0 4 8 3]
 [8 2 1 7 4 6 0 9 5]
 [5 9 7 3 1 4 2 6 8]
 [4 3 8 5 6 2 9 1 7]
 [1 6 0 8 7 0 5 4 0]
 [0 4 9 6 8 7 3 5 1]
 [6 1 2 0 3 9 0 7 4]
 [7 0 5 4 0 1 8 2 9]]
Number of cells unfilled: 11
Accuracy: 86.41975308641975
Sample: 78623
Question:
[[4 0 0 0 2 0 3 0 0]
 [0 0 9 3 0 0 0 0 0]
 [3 8 0 0 0 0 0 7 0]
 [0 0 0 0 0 5 0 0 9]
 [6 0 0 4 0 0 0 8 0]
 [0 2 0 0 8 0 6 0 0]
 [0 0 0 0 0 7 0 0 5]
 [0 4 0 8 0 6 2 0 0]
 [1 0 0 0 4 0 0 6 0]]
Solution:
[[3 5 4 1 0 8 7 9 6]
 [9 7 6 2 5 0 4 8 3]
 [8 2 1 7 4 6 0 0 5]
 [5 9 7 3 1 4 2 6 8]
 [4 3 8 5 6 2 9 1 7]
 [1 6 0 8 7 0 5 4 0]
 [0 4 9 6 8 7 3 5 1]
 [6 1 2 0 3 9 0 7 4]
 [7 0 5 4 0 1 8 2 9]]
Number of cells unfilled: 12
Accuracy: 85.18518518518519
Sample: 78624
Question:
[[0 0 7 6 0 0 0 3 0]
 [0 0 0 0 0 5 0 0 0]
 [0 8 0 3 2 7 6 0 0]
 [6 1 0 0 0 0 9 0 0]
 [8 0 0 0 0 0 0 0 2]
 [9 0 0 8 0 0 0 4 1]
 [0 3 0 0 5 4 0 0 7]
 [0 0 0 0 0 0 0 0 0]
 [5 0 0 0 0 8 2 0 0]]
Solution:
[[3 5 4 1 9 8 7 0 2]
 [9 7 6 2 0 5 4 8 3]
 [8 2 1 7 4 6 0 9 5]
 [5 9 7 3 1 4 2 6 8]
 [4 3 8 5 6 2 9 1 7]
 [1 6 0 8 7 0 5 4 0]
 [0 4 9 6 8 7 3 5 1]
 [6 1 2 0 3 9 0 7 4]
 [7 0 5 4 0 1 8 2 9]]
Number of cells unfilled: 11
Accuracy: 86.41975308641975
Sample: 78625
Question:
[[0 0 0 0 0 0 9 0 0]
 [0 0 7 9 0 0 0 2 0]
 [4 0 0 0 3 0 0 0 1]
 [0 4 1 0 5 0 6 0 0]
 [0 0 5 6 0 0 0 0 4]
 [6 0 0 0 0 3 0 0 0]
 [0 2 0 0 0 8 0 0 0]
 [1 0 0 0 6 0 0 0 5]
 [0 0 0 0 0 0 7 8 0]]
Solution:
[[3 5 4 1 0 8 7 9 6]
 [9 7 6 2 0 5 4 8 3]
 [8 0 1 7 4 6 2 0 5]
 [5 2 7 3 1 4 0 6 8]
 [4 3 8 5 6 2 9 1 7]
 [1 6 0 8 7 0 5 4 2]
 [0 4 9 6 8 7 3 5 1]
 [6 1 2 0 3 9 0 7 4]
 [7 0 5 4 0 1 8 2 9]]
Number of cells unfilled: 12
Accuracy: 85.18518518518519
Sample: 78626
Question:
[[0 6 5 0 0 0 8 0 0]
 [7 0 0 0 0 0 0 1 0]
 [0 8 0 5 0 0 0 0 7]
 [6 0 0 8 0 0 7 0 0]
 [0 0 4 0 0 0 0 2 0]
 [0 0 0 0 9 2 0 0 0]
 [5 0 0 6 0 0 1 0 0]
 [0 0 0 0 3 0 0 0 0]
 [0 9 0 0 0 4 0 7 3]]
Solution:
[[3 5 4 1 9 8 7 0 6]
 [9 7 6 2 5 0 4 8 3]
 [8 2 1 7 4 6 0 9 5]
 [5 9 7 3 1 4 2 6 8]
 [4 3 8 5 6 2 9 1 7]
 [1 6 0 8 7 0 5 4 0]
 [0 4 9 6 8 7 3 5 1]
 [6 1 2 0 3 9 0 7 4]
 [7 0 5 4 0 1 8 2 9]]
Number of cells unfilled: 11
Accuracy: 86.41975308641975
Sample: 78627
Question:
[[2 0 0 0 9 0 0 7 0]
 [0 0 0 2 0 0 6 9 0]
 [0 5 0 0 0 0 1 0 0]
 [6 0 0 0 0 8 9 0 0]
 [0 0 1 7 0 3 8 0 0]
 [0 0 0 6 4 0 0 0 0]
 [0 0 0 0 0 0 0 0 0]
 [7 0 3 9 0 0 0 8 1]
 [0 0 2 0 1 0 0 4 6]]
Solution:
[[3 5 4 1 0 8 7 9 6]
 [9 7 6 2 5 0 4 8 3]
 [8 0 1 7 9 6 2 0 5]
 [5 2 7 3 1 4 0 6 8]
 [4 3 8 5 6 2 9 1 7]
 [1 6 0 8 7 0 5 4 2]
 [0 4 9 6 8 7 3 5 1]
 [6 1 2 0 3 9 0 7 4]
 [7 0 5 4 0 1 8 2 9]]
Number of cells unfilled: 12
Accuracy: 85.18518518518519
Sample: 78628
Question:
[[3 0 4 2 0 0 0 9 0]
 [0 0 2 9 0 0 8 0 0]
 [1 0 0 0 8 0 0 7 6]
 [5 0 6 0 9 0 0 4 0]
 [0 3 8 0 7 6 0 0 0]
 [7 1 0 0 0 2 0 5 0]
 [0 0 0 0 4 9 0 8 3]
 [0 5 7 0 1 0 4 0 0]
 [0 0 0 6 0 5 0 0 9]]
Solution:
[[3 5 4 1 9 8 7 0 6]
 [9 7 6 2 5 0 4 8 3]
 [8 2 1 7 4 6 0 9 5]
 [5 9 7 3 1 4 2 6 8]
 [4 3 8 5 6 2 9 1 7]
 [1 6 0 8 7 0 5 4 0]
 [0 4 9 6 8 7 3 5 1]
 [6 1 2 0 3 9 0 7 4]
 [7 0 5 4 0 1 8 2 9]]
Number of cells unfilled: 11
Accuracy: 86.41975308641975
Sample: 78629
Question:
[[0 5 0 0 3 0 1 6 0]
 [0 0 0 0 9 8 0 0 0]
 [0 1 0 0 0 0 0 0 8]
 [0 0 0 0 0 5 0 0 0]
 [7 6 0 0 0 1 0 9 0]
 [0 4 0 7 0 0 0 5 0]
 [0 0 0 0 8 0 5 0 0]
 [3 0 0 6 0 0 0 1 4]
 [0 0 6 0 0 0 8 2 0]]
Solution:
[[3 5 4 1 9 8 7 0 6]
 [9 7 6 2 5 0 4 8 3]
 [8 0 1 7 4 6 2 9 5]
 [5 2 7 3 1 4 0 6 8]
 [4 3 8 5 6 2 9 1 7]
 [1 6 0 8 7 0 5 4 2]
 [0 4 9 6 8 7 3 5 1]
 [6 1 2 0 3 9 0 7 4]
 [7 0 5 4 0 1 8 2 9]]
Number of cells unfilled: 11
Accuracy: 86.41975308641975
Sample: 78630
Question:
[[0 0 0 0 0 0 0 0 4]
 [3 0 0 9 0 0 7 0 0]
 [0 5 0 0 4 1 0 0 0]
 [0 0 0 0 0 0 0 8 0]
 [6 0 0 7 0 0 9 0 0]
 [0 8 1 0 5 0 0 0 0]
 [0 0 3 0 0 0 2 0 0]
 [0 6 0 2 0 0 0 3 9]
 [2 0 0 0 0 3 0 7 6]]
Solution:
[[3 5 4 1 0 8 7 9 6]
 [9 7 6 2 0 5 4 8 3]
 [8 0 1 7 9 6 2 0 5]
 [5 2 7 3 1 4 0 6 8]
 [4 3 8 5 6 2 9 1 7]
 [1 6 0 8 7 0 5 4 2]
 [0 4 9 6 8 7 3 5 1]
 [6 1 2 0 3 9 0 7 4]
 [7 0 5 4 0 1 8 2 9]]
Number of cells unfilled: 12
Accuracy: 85.18518518518519
Sample: 78631
Question:
[[0 0 0 0 0 0 9 7 0]
 [5 0 0 0 0 7 0 0 3]
 [0 0 0 0 2 0 1 0 0]
 [4 7 0 6 0 0 0 0 0]
 [0 0 5 0 0 3 0 0 7]
 [3 8 0 0 0 0 0 1 0]
 [0 5 0 0 0 8 0 0 4]
 [0 0 4 0 9 0 0 8 0]
 [8 0 0 0 6 0 2 0 0]]
Solution:
[[3 5 4 1 9 8 7 0 2]
 [9 7 6 2 5 0 4 8 3]
 [8 2 1 7 4 6 0 9 5]
 [5 9 7 3 1 4 2 6 8]
 [4 3 8 5 6 2 9 1 7]
 [1 6 0 8 7 0 5 4 0]
 [0 4 9 6 8 7 3 5 1]
 [6 1 2 0 3 9 0 7 4]
 [7 0 5 4 0 1 8 2 9]]
Number of cells unfilled: 11
Accuracy: 86.41975308641975
Sample: 78632
Question:
[[1 0 0 7 0 0 0 5 0]
 [0 4 0 0 0 5 3 0 0]
 [9 0 0 0 8 0 0 0 2]
 [0 0 0 0 7 0 6 0 0]
 [0 0 8 0 0 0 0 0 4]
 [0 6 0 0 0 4 0 2 0]
 [0 2 0 0 0 6 0 0 5]
 [0 0 9 0 0 0 0 3 0]
 [5 0 0 0 1 0 0 0 0]]
Solution:
[[3 5 4 1 0 8 7 9 2]
 [9 7 6 2 5 0 4 8 3]
 [8 2 1 7 4 6 0 0 5]
 [5 9 7 3 1 4 2 6 8]
 [4 3 8 5 6 2 9 1 7]
 [1 6 0 8 7 0 5 4 0]
 [0 4 9 6 8 7 3 5 1]
 [6 1 2 0 3 9 0 7 4]
 [7 0 5 4 0 1 8 2 9]]
Number of cells unfilled: 12
Accuracy: 85.18518518518519
Sample: 78633
Question:
[[0 0 0 0 0 3 1 0 0]
 [4 0 3 0 0 0 0 0 9]
 [0 2 0 9 0 0 0 8 0]
 [0 0 7 2 0 0 9 0 8]
 [0 8 0 0 0 0 5 0 2]
 [0 0 0 0 0 0 0 7 0]
 [0 7 0 8 0 0 0 9 0]
 [6 0 0 0 4 9 0 0 0]
 [0 0 0 0 1 0 0 0 6]]
Solution:
[[3 5 4 1 0 8 7 9 6]
 [9 7 6 2 0 5 4 8 3]
 [8 0 1 7 9 6 2 0 5]
 [5 2 7 3 1 4 0 6 8]
 [4 3 8 5 6 2 9 1 7]
 [1 6 0 8 7 0 5 4 2]
 [0 4 9 6 8 7 3 5 1]
 [6 1 2 0 3 9 0 7 4]
 [7 0 5 4 0 1 8 2 9]]
Number of cells unfilled: 12
Accuracy: 85.18518518518519
Sample: 78634
Question:
[[3 0 0 0 0 0 2 0 0]
 [0 0 2 0 0 8 0 0 9]
 [0 0 0 0 0 0 4 1 0]
 [0 3 0 0 0 5 0 0 0]
 [0 4 0 8 0 0 6 0 0]
 [0 0 8 0 9 0 0 0 5]
 [0 0 9 5 0 0 0 0 2]
 [1 0 0 0 7 2 0 0 0]
 [0 2 0 0 0 9 0 6 0]]
Solution:
[[3 5 4 1 0 8 7 9 6]
 [9 7 6 2 0 5 4 8 3]
 [8 0 1 7 9 6 2 0 5]
 [5 2 7 3 1 4 0 6 8]
 [4 3 8 5 6 2 9 1 7]
 [1 6 0 8 7 0 5 4 2]
 [0 4 9 6 8 7 3 5 1]
 [6 1 2 0 3 9 0 7 4]
 [7 0 5 4 0 1 8 2 9]]
Number of cells unfilled: 12
Accuracy: 85.18518518518519
Sample: 78635
Question:
[[0 0 2 0 8 0 0 0 5]
 [1 0 0 0 0 5 2 0 0]
 [0 3 0 0 0 0 0 9 0]
 [0 9 0 0 0 0 0 0 3]
 [8 0 0 0 0 4 6 0 0]
 [0 0 6 0 7 0 0 0 0]
 [0 0 0 0 0 1 0 2 0]
 [4 0 0 0 5 0 8 0 0]
 [0 0 7 8 0 6 0 0 4]]
Solution:
[[3 5 4 1 0 8 7 9 2]
 [9 7 6 2 0 5 4 8 3]
 [8 2 1 7 9 6 0 0 5]
 [5 9 7 3 1 4 2 6 8]
 [4 3 8 5 6 2 9 1 7]
 [1 6 0 8 7 0 5 4 0]
 [0 4 9 6 8 7 3 5 1]
 [6 1 2 0 3 9 0 7 4]
 [7 0 5 4 0 1 8 2 9]]
Number of cells unfilled: 12
Accuracy: 85.18518518518519
Sample: 78636
Question:
[[8 0 0 7 0 0 0 0 0]
 [0 1 0 0 4 0 0 0 0]
 [0 0 0 5 0 0 0 0 9]
 [4 0 0 0 0 0 0 0 8]
 [0 5 0 1 0 9 2 4 0]
 [9 0 0 0 0 0 0 3 0]
 [3 0 0 2 0 0 0 8 0]
 [5 0 8 0 7 0 9 0 0]
 [0 0 0 9 0 0 4 2 5]]
Solution:
[[3 5 4 1 0 8 7 9 6]
 [9 7 6 2 0 5 4 8 3]
 [8 2 1 7 4 6 0 0 5]
 [5 9 7 3 1 4 2 6 8]
 [4 3 8 5 6 2 9 1 7]
 [1 6 0 8 7 0 5 4 0]
 [0 4 9 6 8 7 3 5 1]
 [6 1 2 0 3 9 0 7 4]
 [7 0 5 4 0 1 8 2 9]]
Number of cells unfilled: 12
Accuracy: 85.18518518518519
Sample: 78637
Question:
[[0 0 4 0 0 0 0 1 5]
 [8 0 0 0 0 0 0 6 0]
 [6 1 0 0 5 0 0 8 0]
 [0 0 0 7 0 1 0 0 0]
 [1 0 9 0 0 0 0 0 6]
 [0 0 0 0 8 0 5 2 0]
 [0 3 0 4 0 0 0 0 2]
 [9 0 0 0 7 3 0 0 0]
 [0 0 1 9 0 0 0 5 7]]
Solution:
[[3 5 4 1 0 8 7 9 6]
 [9 7 6 2 0 5 4 8 3]
 [8 2 1 7 4 6 0 0 5]
 [5 9 7 3 1 4 2 6 8]
 [4 3 8 5 6 2 9 1 7]
 [1 6 0 8 7 0 5 4 0]
 [0 4 9 6 8 7 3 5 1]
 [6 1 2 0 3 9 0 7 4]
 [7 0 5 4 0 1 8 2 9]]
Number of cells unfilled: 12
Accuracy: 85.18518518518519
Sample: 78638
Question:
[[2 0 0 0 6 0 0 0 0]
 [0 5 0 0 0 1 0 0 0]
 [0 0 9 3 0 0 8 0 0]
 [0 0 3 9 0 0 0 7 0]
 [6 0 0 0 5 0 0 0 0]
 [0 0 0 7 0 0 4 0 0]
 [7 0 0 0 0 0 9 0 2]
 [0 0 4 0 0 0 7 3 0]
 [0 2 0 0 0 0 0 0 1]]
Solution:
[[3 5 4 1 0 8 7 9 6]
 [9 7 6 2 5 0 4 8 3]
 [8 0 1 7 4 6 2 0 5]
 [5 2 7 3 1 4 0 6 8]
 [4 3 8 5 6 2 9 1 7]
 [1 6 0 8 7 0 5 4 2]
 [0 4 9 6 8 7 3 5 1]
 [6 1 2 0 3 9 0 7 4]
 [7 0 5 4 0 1 8 2 9]]
Number of cells unfilled: 12
Accuracy: 85.18518518518519
Sample: 78639
Question:
[[0 0 0 8 1 0 0 0 7]
 [0 4 0 6 0 0 2 0 0]
 [0 0 0 0 0 7 0 0 9]
 [0 0 8 0 2 0 0 0 5]
 [2 7 0 4 6 0 0 0 0]
 [3 0 0 0 0 0 0 0 0]
 [0 0 9 0 0 0 0 0 0]
 [6 5 1 0 3 0 0 9 0]
 [0 0 0 1 0 8 0 0 0]]
Solution:
[[3 5 4 1 0 8 7 9 6]
 [9 7 6 2 0 5 4 8 3]
 [8 0 1 7 4 6 2 0 5]
 [5 2 7 3 1 4 0 6 8]
 [4 3 8 5 6 2 9 1 7]
 [1 6 0 8 7 0 5 4 2]
 [0 4 9 6 8 7 3 5 1]
 [6 1 2 0 3 9 0 7 4]
 [7 0 5 4 0 1 8 2 9]]
Number of cells unfilled: 12
Accuracy: 85.18518518518519
Sample: 78640
Question:
[[0 0 0 0 0 8 0 9 5]
 [0 0 6 0 9 0 3 0 0]
 [9 0 0 3 0 0 0 0 0]
 [0 0 1 0 2 0 0 0 8]
 [2 0 0 0 0 3 5 0 0]
 [0 4 0 7 0 0 0 2 0]
 [0 7 0 4 0 0 0 5 0]
 [3 0 0 0 0 6 2 0 0]
 [0 0 5 0 0 0 0 0 1]]
Solution:
[[3 5 4 1 0 8 7 9 6]
 [9 7 6 2 0 5 4 8 3]
 [8 0 1 7 4 6 2 0 5]
 [5 2 7 3 1 4 0 6 8]
 [4 3 8 5 6 2 9 1 7]
 [1 6 0 8 7 0 5 4 2]
 [0 4 9 6 8 7 3 5 1]
 [6 1 2 0 3 9 0 7 4]
 [7 0 5 4 0 1 8 2 9]]
Number of cells unfilled: 12
Accuracy: 85.18518518518519
Sample: 78641
Question:
[[0 0 9 0 8 0 5 0 0]
 [3 0 0 0 0 7 0 0 9]
 [0 1 0 9 4 0 0 2 0]
 [1 0 4 0 0 0 0 6 0]
 [0 2 0 0 0 0 0 0 0]
 [6 0 3 4 0 0 0 0 0]
 [0 3 0 2 0 0 0 4 0]
 [0 0 0 0 9 0 7 0 0]
 [0 0 0 0 5 0 8 0 2]]
Solution:
[[3 5 4 1 0 8 7 9 6]
 [9 7 6 2 0 5 4 8 3]
 [8 0 1 7 9 6 2 0 5]
 [5 2 7 3 1 4 0 6 8]
 [4 3 8 5 6 2 9 1 7]
 [1 6 0 8 7 0 5 4 2]
 [0 4 9 6 8 7 3 5 1]
 [6 1 2 0 3 9 0 7 4]
 [7 0 5 4 0 1 8 2 9]]
Number of cells unfilled: 12
Accuracy: 85.18518518518519
Sample: 78642
Question:
[[0 7 0 0 0 1 6 0 0]
 [0 5 0 6 2 0 0 0 0]
 [9 0 0 0 0 0 0 8 0]
 [1 0 0 2 0 0 0 0 8]
 [0 6 0 5 0 0 1 0 0]
 [0 0 0 3 0 0 0 0 0]
 [2 0 0 0 0 0 0 3 0]
 [0 8 0 7 9 0 4 2 0]
 [7 0 0 0 5 0 0 0 0]]
Solution:
[[3 5 4 1 0 8 7 9 6]
 [9 7 6 2 0 5 4 8 3]
 [8 0 1 7 9 6 2 0 5]
 [5 2 7 3 1 4 0 6 8]
 [4 3 8 5 6 2 9 1 7]
 [1 6 0 8 7 0 5 4 2]
 [0 4 9 6 8 7 3 5 1]
 [6 1 2 0 3 9 0 7 4]
 [7 0 5 4 0 1 8 2 9]]
Number of cells unfilled: 12
Accuracy: 85.18518518518519
Sample: 78643
Question:
[[0 0 0 9 0 0 1 0 7]
 [0 2 0 6 7 0 0 5 8]
 [0 0 0 1 0 2 4 0 0]
 [0 3 8 5 0 0 0 0 0]
 [0 5 7 0 0 0 9 8 0]
 [2 0 9 0 3 0 0 4 0]
 [0 7 5 0 0 1 0 3 6]
 [1 0 0 0 2 5 0 0 0]
 [0 4 0 7 0 8 0 9 0]]
Solution:
[[3 5 4 1 0 8 7 9 2]
 [9 7 6 2 5 0 4 8 3]
 [8 2 1 7 9 6 0 0 5]
 [5 9 7 3 1 4 2 6 8]
 [4 3 8 5 6 2 9 1 7]
 [1 6 0 8 7 0 5 4 0]
 [0 4 9 6 8 7 3 5 1]
 [6 1 2 0 3 9 0 7 4]
 [7 0 5 4 0 1 8 2 9]]
Number of cells unfilled: 12
Accuracy: 85.18518518518519
Sample: 78644
Question:
[[0 0 0 7 6 5 1 0 0]
 [0 0 8 0 1 0 0 0 0]
 [0 4 0 0 0 0 0 9 0]
 [2 0 0 0 5 7 0 1 0]
 [0 7 0 8 0 0 5 0 0]
 [0 0 3 0 0 0 0 0 0]
 [9 0 0 5 0 4 0 0 8]
 [0 0 0 0 7 8 0 0 0]
 [0 5 0 3 0 0 0 6 0]]
Solution:
[[3 5 4 1 0 8 7 9 2]
 [9 7 6 2 5 0 4 8 3]
 [8 2 1 7 9 6 0 0 5]
 [5 9 7 3 1 4 2 6 8]
 [4 3 8 5 6 2 9 1 7]
 [1 6 0 8 7 0 5 4 0]
 [0 4 9 6 8 7 3 5 1]
 [6 1 2 0 3 9 0 7 4]
 [7 0 5 4 0 1 8 2 9]]
Number of cells unfilled: 12
Accuracy: 85.18518518518519
Sample: 78645
Question:
[[0 0 0 0 8 9 0 2 0]
 [0 0 0 1 0 0 6 0 0]
 [0 0 9 6 2 0 7 0 8]
 [0 0 3 2 0 0 0 0 7]
 [9 2 0 0 0 0 0 0 0]
 [5 0 0 0 0 1 0 0 0]
 [0 0 0 0 1 0 3 0 6]
 [3 0 0 0 0 4 8 0 0]
 [0 0 8 3 0 0 0 7 0]]
Solution:
[[3 5 4 1 0 8 7 9 6]
 [9 7 6 2 5 0 4 8 3]
 [8 2 1 7 4 6 0 0 5]
 [5 9 7 3 1 4 2 6 8]
 [4 3 8 5 6 2 9 1 7]
 [1 6 0 8 7 0 5 4 0]
 [0 4 9 6 8 7 3 5 1]
 [6 1 2 0 3 9 0 7 4]
 [7 0 5 4 0 1 8 2 9]]
Number of cells unfilled: 12
Accuracy: 85.18518518518519
Sample: 78646
Question:
[[0 0 1 0 8 0 0 5 0]
 [0 6 0 5 0 0 0 0 0]
 [8 5 0 9 0 2 1 0 0]
 [0 7 0 0 9 0 2 0 0]
 [6 0 0 7 0 5 0 0 0]
 [0 0 3 2 0 0 0 7 0]
 [0 8 0 0 0 9 7 0 0]
 [0 0 6 0 0 0 0 4 0]
 [0 0 0 0 0 0 0 1 8]]
Solution:
[[3 5 4 1 0 8 7 9 6]
 [9 7 6 2 0 5 4 8 3]
 [8 0 1 7 4 6 2 0 5]
 [5 2 7 3 1 4 0 6 8]
 [4 3 8 5 6 2 9 1 7]
 [1 6 0 8 7 0 5 4 2]
 [0 4 9 6 8 7 3 5 1]
 [6 1 2 0 3 9 0 7 4]
 [7 0 5 4 0 1 8 2 9]]
Number of cells unfilled: 12
Accuracy: 85.18518518518519
Sample: 78647
Question:
[[1 0 6 9 0 5 3 0 0]
 [9 0 0 4 0 0 0 0 0]
 [0 5 0 0 3 6 0 9 0]
 [0 0 0 0 0 0 0 3 5]
 [0 0 0 0 4 0 0 8 0]
 [0 0 1 5 0 0 7 0 0]
 [6 0 0 0 2 0 0 0 0]
 [7 0 9 0 0 4 0 0 0]
 [0 1 0 7 0 0 6 0 0]]
Solution:
[[3 5 4 1 9 8 7 0 2]
 [9 7 6 2 5 0 4 8 3]
 [8 2 1 7 4 6 0 9 5]
 [5 9 7 3 1 4 2 6 8]
 [4 3 8 5 6 2 9 1 7]
 [1 6 0 8 7 0 5 4 0]
 [0 4 9 6 8 7 3 5 1]
 [6 1 2 0 3 9 0 7 4]
 [7 0 5 4 0 1 8 2 9]]
Number of cells unfilled: 11
Accuracy: 86.41975308641975
Sample: 78648
Question:
[[5 0 3 7 4 0 0 0 0]
 [0 0 4 5 0 0 0 0 7]
 [0 7 0 0 0 1 0 0 0]
 [0 0 8 1 0 0 0 0 0]
 [6 0 0 0 0 9 8 0 0]
 [0 3 5 4 8 0 0 0 1]
 [0 0 0 0 0 4 2 9 0]
 [0 5 0 9 0 0 0 0 3]
 [0 0 0 0 0 0 0 1 0]]
Solution:
[[3 5 4 1 0 8 7 9 6]
 [9 7 6 2 0 5 4 8 3]
 [8 0 1 7 4 6 2 0 5]
 [5 2 7 3 1 4 0 6 8]
 [4 3 8 5 6 2 9 1 7]
 [1 6 0 8 7 0 5 4 2]
 [0 4 9 6 8 7 3 5 1]
 [6 1 2 0 3 9 0 7 4]
 [7 0 5 4 0 1 8 2 9]]
Number of cells unfilled: 12
Accuracy: 85.18518518518519
Sample: 78649
Question:
[[8 0 7 0 4 0 0 0 0]
 [0 2 0 0 0 9 0 4 0]
 [4 6 0 0 0 0 0 9 8]
 [0 8 0 5 0 0 6 0 3]
 [0 3 0 0 0 6 1 0 0]
 [0 0 0 0 3 0 0 5 9]
 [0 0 1 0 8 7 0 0 4]
 [0 0 0 0 0 0 8 0 0]
 [2 0 0 1 0 5 0 0 0]]
Solution:
[[3 5 4 1 0 8 7 9 6]
 [9 7 6 2 5 0 4 8 3]
 [8 0 1 7 4 6 2 0 5]
 [5 2 7 3 1 4 0 6 8]
 [4 3 8 5 6 2 9 1 7]
 [1 6 0 8 7 0 5 4 2]
 [0 4 9 6 8 7 3 5 1]
 [6 1 2 0 3 9 0 7 4]
 [7 0 5 4 0 1 8 2 9]]
Number of cells unfilled: 12
Accuracy: 85.18518518518519
Sample: 78650
Question:
[[0 0 0 7 0 8 1 0 0]
 [6 0 0 0 3 0 5 0 8]
 [0 0 0 0 0 0 0 0 0]
 [7 0 6 8 2 0 0 0 3]
 [0 9 2 0 0 6 0 0 0]
 [3 8 0 0 7 9 0 0 0]
 [0 0 0 0 0 0 0 0 0]
 [0 2 0 0 9 0 3 0 7]
 [9 0 3 0 0 0 2 6 0]]
Solution:
[[3 5 4 1 0 8 7 9 6]
 [9 7 6 2 0 5 4 8 3]
 [8 0 1 7 9 6 2 0 5]
 [5 2 7 3 1 4 0 6 8]
 [4 3 8 5 6 2 9 1 7]
 [1 6 0 8 7 0 5 4 2]
 [0 4 9 6 8 7 3 5 1]
 [6 1 2 0 3 9 0 7 4]
 [7 0 5 4 0 1 8 2 9]]
Number of cells unfilled: 12
Accuracy: 85.18518518518519
Sample: 78651
Question:
[[0 0 6 4 8 0 0 0 0]
 [0 0 0 1 0 0 0 8 7]
 [0 0 0 0 0 0 0 0 0]
 [0 9 0 5 7 0 3 0 0]
 [5 0 3 9 0 6 8 0 0]
 [0 0 0 0 0 0 0 5 0]
 [9 3 0 0 0 0 0 6 5]
 [6 0 7 0 5 0 9 0 0]
 [0 8 0 0 0 0 7 3 0]]
Solution:
[[3 5 4 1 0 8 7 9 6]
 [9 7 6 2 5 0 4 8 3]
 [8 0 1 7 4 6 2 0 5]
 [5 2 7 3 1 4 0 6 8]
 [4 3 8 5 6 2 9 1 7]
 [1 6 0 8 7 0 5 4 2]
 [0 4 9 6 8 7 3 5 1]
 [6 1 2 0 3 9 0 7 4]
 [7 0 5 4 0 1 8 2 9]]
Number of cells unfilled: 12
Accuracy: 85.18518518518519
Sample: 78652
Question:
[[0 3 0 6 1 0 0 0 0]
 [7 0 6 0 8 0 0 0 0]
 [0 0 0 0 0 0 0 0 0]
 [0 0 0 0 0 0 4 0 0]
 [0 0 0 0 5 4 0 2 3]
 [0 2 0 7 3 0 5 0 0]
 [3 0 4 0 0 0 2 0 5]
 [0 7 2 0 0 0 6 0 0]
 [6 5 0 3 0 0 0 7 4]]
Solution:
[[3 5 4 1 0 8 7 9 6]
 [9 7 6 2 0 5 4 8 3]
 [8 0 1 7 9 6 2 0 5]
 [5 2 7 3 1 4 0 6 8]
 [4 3 8 5 6 2 9 1 7]
 [1 6 0 8 7 0 5 4 2]
 [0 4 9 6 8 7 3 5 1]
 [6 1 2 0 3 9 0 7 4]
 [7 0 5 4 0 1 8 2 9]]
Number of cells unfilled: 12
Accuracy: 85.18518518518519
Sample: 78653
Question:
[[0 4 1 3 0 0 0 0 0]
 [0 0 0 0 0 0 0 0 0]
 [7 0 0 8 4 0 0 6 0]
 [0 6 0 0 0 0 5 0 9]
 [1 9 0 0 0 0 0 7 4]
 [5 0 0 0 7 0 6 1 0]
 [4 0 0 5 0 6 7 9 0]
 [9 0 0 7 1 0 0 0 5]
 [0 0 0 0 0 0 0 0 0]]
Solution:
[[3 5 4 1 9 8 7 0 6]
 [9 7 6 2 5 0 4 8 3]
 [8 0 1 7 4 6 2 9 5]
 [5 2 7 3 1 4 0 6 8]
 [4 3 8 5 6 2 9 1 7]
 [1 6 0 8 7 0 5 4 2]
 [0 4 9 6 8 7 3 5 1]
 [6 1 2 0 3 9 0 7 4]
 [7 0 5 4 0 1 8 2 9]]
Number of cells unfilled: 11
Accuracy: 86.41975308641975
Sample: 78654
Question:
[[2 0 3 0 0 0 0 6 1]
 [0 4 6 0 0 0 0 7 0]
 [7 1 0 0 2 0 4 0 3]
 [0 0 0 1 0 3 6 0 2]
 [0 6 0 2 4 0 0 1 0]
 [0 0 2 0 0 0 0 0 0]
 [0 0 0 9 7 0 3 0 0]
 [0 0 0 0 0 0 0 0 0]
 [4 0 7 8 0 0 0 0 0]]
Solution:
[[3 5 4 1 9 8 7 0 6]
 [9 7 6 2 0 5 4 8 3]
 [8 0 1 7 4 6 2 9 5]
 [5 2 7 3 1 4 0 6 8]
 [4 3 8 5 6 2 9 1 7]
 [1 6 0 8 7 0 5 4 2]
 [0 4 9 6 8 7 3 5 1]
 [6 1 2 0 3 9 0 7 4]
 [7 0 5 4 0 1 8 2 9]]
Number of cells unfilled: 11
Accuracy: 86.41975308641975
Sample: 78655
Question:
[[3 0 9 0 0 7 0 0 0]
 [0 6 0 0 9 8 0 0 0]
 [0 0 0 0 0 0 0 0 0]
 [0 0 0 0 0 0 0 5 0]
 [0 2 0 0 3 6 0 1 0]
 [0 9 0 5 0 1 6 0 2]
 [0 3 2 0 0 0 0 9 0]
 [6 0 5 0 0 0 1 2 0]
 [0 1 0 0 6 0 5 0 3]]
Solution:
[[3 5 4 1 0 8 7 9 6]
 [9 7 6 2 5 0 4 8 3]
 [8 0 1 7 9 6 2 0 5]
 [5 2 7 3 1 4 0 6 8]
 [4 3 8 5 6 2 9 1 7]
 [1 6 0 8 7 0 5 4 2]
 [0 4 9 6 8 7 3 5 1]
 [6 1 2 0 3 9 0 7 4]
 [7 0 5 4 0 1 8 2 9]]
Number of cells unfilled: 12
Accuracy: 85.18518518518519
Sample: 78656
Question:
[[4 0 0 6 0 1 0 0 0]
 [7 0 0 0 0 0 0 0 0]
 [0 9 0 7 3 0 4 0 6]
 [0 0 0 0 1 3 9 0 0]
 [0 0 0 9 7 0 6 0 0]
 [0 0 0 4 0 6 0 1 3]
 [0 4 0 0 9 0 0 0 7]
 [5 8 0 0 0 0 3 0 9]
 [0 0 0 0 0 0 1 0 0]]
Solution:
[[3 5 4 1 0 8 7 9 6]
 [9 7 6 2 0 5 4 8 3]
 [8 0 1 7 4 6 2 0 5]
 [5 2 7 3 1 4 0 6 8]
 [4 3 8 5 6 2 9 1 7]
 [1 6 0 8 7 0 5 4 2]
 [0 4 9 6 8 7 3 5 1]
 [6 1 2 0 3 9 0 7 4]
 [7 0 5 4 0 1 8 2 9]]
Number of cells unfilled: 12
Accuracy: 85.18518518518519
Sample: 78657
Question:
[[8 0 5 0 0 9 0 0 0]
 [0 9 1 8 0 0 0 6 0]
 [2 6 0 0 0 5 0 0 0]
 [0 0 9 2 0 0 0 0 6]
 [1 0 2 0 0 0 0 0 8]
 [6 5 0 0 0 0 0 1 0]
 [0 0 0 3 0 7 0 8 1]
 [0 0 0 0 0 0 0 0 2]
 [0 0 8 5 0 0 0 9 0]]
Solution:
[[3 5 4 1 0 8 7 9 2]
 [9 7 6 2 5 0 4 8 3]
 [8 2 1 7 9 6 0 0 5]
 [5 9 7 3 1 4 2 6 8]
 [4 3 8 5 6 2 9 1 7]
 [1 6 0 8 7 0 5 4 0]
 [0 4 9 6 8 7 3 5 1]
 [6 1 2 0 3 9 0 7 4]
 [7 0 5 4 0 1 8 2 9]]
Number of cells unfilled: 12
Accuracy: 85.18518518518519
Sample: 78658
Question:
[[9 8 0 0 0 4 0 6 0]
 [0 0 0 0 0 0 0 0 0]
 [0 4 5 8 6 0 0 3 0]
 [0 0 0 0 0 0 0 0 0]
 [0 7 0 0 0 0 9 0 3]
 [3 1 0 0 5 0 0 8 0]
 [0 0 0 4 0 6 8 0 5]
 [8 0 0 5 9 0 0 4 0]
 [0 0 0 0 0 3 0 9 6]]
Solution:
[[3 5 4 1 0 8 7 9 6]
 [9 7 6 2 0 5 4 8 3]
 [8 0 1 7 9 6 2 0 5]
 [5 2 7 3 1 4 0 6 8]
 [4 3 8 5 6 2 9 1 7]
 [1 6 0 8 7 0 5 4 2]
 [0 4 9 6 8 7 3 5 1]
 [6 1 2 0 3 9 0 7 4]
 [7 0 5 4 0 1 8 2 9]]
Number of cells unfilled: 12
Accuracy: 85.18518518518519
Sample: 78659
Question:
[[0 0 0 8 0 0 0 4 0]
 [2 0 0 0 0 6 0 0 7]
 [0 9 0 0 0 0 8 0 0]
 [0 5 0 0 0 0 0 0 0]
 [1 0 0 0 0 7 0 5 8]
 [7 0 0 0 0 3 0 0 1]
 [0 2 0 0 0 1 0 0 0]
 [6 0 0 7 0 0 0 0 0]
 [0 0 1 6 3 0 0 0 2]]
Solution:
[[3 5 4 1 0 8 7 9 2]
 [9 7 6 2 0 5 4 8 3]
 [8 2 1 7 9 6 0 0 5]
 [5 9 7 3 1 4 2 6 8]
 [4 3 8 5 6 2 9 1 7]
 [1 6 0 8 7 0 5 4 0]
 [0 4 9 6 8 7 3 5 1]
 [6 1 2 0 3 9 0 7 4]
 [7 0 5 4 0 1 8 2 9]]
Number of cells unfilled: 12
Accuracy: 85.18518518518519
Sample: 78660
Question:
[[7 0 0 0 0 0 0 1 0]
 [0 0 0 0 9 0 0 0 7]
 [0 0 1 7 0 0 6 5 0]
 [5 0 0 6 0 0 0 0 1]
 [1 0 0 9 0 0 0 3 6]
 [0 3 0 0 0 2 0 0 0]
 [9 0 0 4 0 0 0 0 5]
 [0 0 0 0 6 0 4 0 0]
 [0 0 4 0 8 0 1 0 0]]
Solution:
[[3 5 4 1 0 8 7 9 2]
 [9 7 6 2 0 5 4 8 3]
 [8 2 1 7 9 6 0 0 5]
 [5 9 7 3 1 4 2 6 8]
 [4 3 8 5 6 2 9 1 7]
 [1 6 0 8 7 0 5 4 0]
 [0 4 9 6 8 7 3 5 1]
 [6 1 2 0 3 9 0 7 4]
 [7 0 5 4 0 1 8 2 9]]
Number of cells unfilled: 12
Accuracy: 85.18518518518519
Sample: 78661
Question:
[[6 4 0 7 0 0 0 0 0]
 [0 0 7 0 0 0 0 0 0]
 [8 0 0 0 0 0 0 2 0]
 [0 0 8 0 0 0 0 0 0]
 [1 7 0 0 0 3 0 5 0]
 [4 0 5 9 0 6 0 1 0]
 [0 0 0 0 3 0 0 0 0]
 [9 6 4 5 0 2 3 0 0]
 [3 5 0 6 0 0 0 0 2]]
Solution:
[[3 5 4 1 9 8 7 0 6]
 [9 7 6 2 0 5 4 8 3]
 [8 2 1 7 4 6 0 9 5]
 [5 9 7 3 1 4 2 6 8]
 [4 3 8 5 6 2 9 1 7]
 [1 6 0 8 7 0 5 4 0]
 [0 4 9 6 8 7 3 5 1]
 [6 1 2 0 3 9 0 7 4]
 [7 0 5 4 0 1 8 2 9]]
Number of cells unfilled: 11
Accuracy: 86.41975308641975
Sample: 78662
Question:
[[0 0 0 0 0 0 0 0 1]
 [0 0 3 0 0 0 2 0 0]
 [0 0 0 1 0 0 9 6 0]
 [3 0 6 7 5 0 0 0 0]
 [0 0 8 0 6 0 7 3 0]
 [0 1 0 0 0 0 0 0 5]
 [0 8 0 6 0 5 0 0 0]
 [5 0 0 0 1 7 0 0 0]
 [6 0 7 8 3 0 0 0 0]]
Solution:
[[3 5 4 1 9 8 7 0 2]
 [9 7 6 2 0 5 4 8 3]
 [8 2 1 7 4 6 0 9 5]
 [5 9 7 3 1 4 2 6 8]
 [4 3 8 5 6 2 9 1 7]
 [1 6 0 8 7 0 5 4 0]
 [0 4 9 6 8 7 3 5 1]
 [6 1 2 0 3 9 0 7 4]
 [7 0 5 4 0 1 8 2 9]]
Number of cells unfilled: 11
Accuracy: 86.41975308641975
Sample: 78663
Question:
[[0 0 0 0 0 0 0 0 6]
 [0 5 0 0 4 0 0 8 0]
 [4 0 0 0 0 9 5 2 0]
 [0 0 0 0 2 0 6 9 0]
 [0 4 0 5 0 6 0 0 8]
 [0 0 2 0 9 8 0 4 0]
 [0 7 1 0 0 4 0 0 0]
 [0 0 0 0 0 2 0 0 0]
 [5 0 0 6 0 0 9 0 0]]
Solution:
[[3 5 4 1 9 8 7 0 2]
 [9 7 6 2 0 5 4 8 3]
 [8 2 1 7 4 6 0 9 5]
 [5 9 7 3 1 4 2 6 8]
 [4 3 8 5 6 2 9 1 7]
 [1 6 0 8 7 0 5 4 0]
 [0 4 9 6 8 7 3 5 1]
 [6 1 2 0 3 9 0 7 4]
 [7 0 5 4 0 1 8 2 9]]
Number of cells unfilled: 11
Accuracy: 86.41975308641975
Sample: 78664
Question:
[[0 0 0 0 0 0 0 8 9]
 [0 0 0 0 0 3 6 4 0]
 [0 0 0 6 8 0 3 0 7]
 [0 0 0 7 6 0 8 0 0]
 [7 8 0 0 3 4 0 0 0]
 [0 6 4 0 0 9 0 0 0]
 [0 2 0 0 7 0 0 0 0]
 [6 1 0 0 4 0 9 0 0]
 [0 0 9 0 0 0 0 0 0]]
Solution:
[[3 5 4 1 0 8 7 9 6]
 [9 7 6 2 5 0 4 8 3]
 [8 0 1 7 9 6 2 0 5]
 [5 2 7 3 1 4 0 6 8]
 [4 3 8 5 6 2 9 1 7]
 [1 6 0 8 7 0 5 4 2]
 [0 4 9 6 8 7 3 5 1]
 [6 1 2 0 3 9 0 7 4]
 [7 0 5 4 0 1 8 2 9]]
Number of cells unfilled: 12
Accuracy: 85.18518518518519
Sample: 78665
Question:
[[0 0 0 0 0 0 1 0 3]
 [0 2 0 0 0 0 0 9 6]
 [1 0 0 0 0 0 2 8 0]
 [0 0 0 0 0 8 0 0 0]
 [2 0 0 3 0 0 6 0 0]
 [0 4 7 0 0 1 0 0 0]
 [0 1 0 2 0 3 0 0 9]
 [0 0 8 0 6 9 0 1 0]
 [0 0 0 0 8 0 3 6 0]]
Solution:
[[3 5 4 1 9 8 7 0 2]
 [9 7 6 2 5 0 4 8 3]
 [8 2 1 7 4 6 0 9 5]
 [5 9 7 3 1 4 2 6 8]
 [4 3 8 5 6 2 9 1 7]
 [1 6 0 8 7 0 5 4 0]
 [0 4 9 6 8 7 3 5 1]
 [6 1 2 0 3 9 0 7 4]
 [7 0 5 4 0 1 8 2 9]]
Number of cells unfilled: 11
Accuracy: 86.41975308641975
Sample: 78666
Question:
[[0 0 0 0 0 0 8 0 5]
 [0 3 0 2 0 0 0 4 0]
 [0 0 6 0 5 4 0 0 3]
 [0 0 0 0 0 6 0 0 0]
 [2 0 0 8 0 0 5 0 0]
 [0 1 7 0 0 3 0 6 0]
 [3 0 0 0 8 5 2 0 6]
 [0 0 0 0 0 0 0 8 0]
 [0 2 0 0 3 0 0 0 4]]
Solution:
[[3 5 4 1 0 8 7 9 6]
 [9 7 6 2 5 0 4 8 3]
 [8 0 1 7 4 6 2 0 5]
 [5 2 7 3 1 4 0 6 8]
 [4 3 8 5 6 2 9 1 7]
 [1 6 0 8 7 0 5 4 2]
 [0 4 9 6 8 7 3 5 1]
 [6 1 2 0 3 9 0 7 4]
 [7 0 5 4 0 1 8 2 9]]
Number of cells unfilled: 12
Accuracy: 85.18518518518519
Sample: 78667
Question:
[[0 0 0 0 0 0 9 0 0]
 [8 0 0 0 2 0 0 0 1]
 [0 0 0 7 0 5 3 0 0]
 [0 4 8 0 0 0 0 3 0]
 [0 0 1 0 0 0 2 0 0]
 [2 9 0 0 3 0 0 0 0]
 [1 8 0 2 0 0 0 0 0]
 [0 3 0 9 0 0 4 8 0]
 [9 0 4 0 0 3 1 0 2]]
Solution:
[[3 5 4 1 0 8 7 9 2]
 [9 7 6 2 0 5 4 8 3]
 [8 2 1 7 4 6 0 0 5]
 [5 9 7 3 1 4 2 6 8]
 [4 3 8 5 6 2 9 1 7]
 [1 6 0 8 7 0 5 4 0]
 [0 4 9 6 8 7 3 5 1]
 [6 1 2 0 3 9 0 7 4]
 [7 0 5 4 0 1 8 2 9]]
Number of cells unfilled: 12
Accuracy: 85.18518518518519
Sample: 78668
Question:
[[0 0 0 0 0 1 7 8 0]
 [1 0 0 0 0 0 0 0 9]
 [9 7 0 8 6 0 0 0 2]
 [0 0 0 0 0 7 0 0 0]
 [0 0 0 4 9 0 0 0 1]
 [0 0 0 5 0 0 0 0 6]
 [0 1 9 0 0 0 2 0 0]
 [7 8 0 0 0 0 6 1 0]
 [6 0 2 0 0 0 0 9 8]]
Solution:
[[3 5 4 1 0 8 7 9 6]
 [9 7 6 2 5 0 4 8 3]
 [8 0 1 7 9 6 2 0 5]
 [5 2 7 3 1 4 0 6 8]
 [4 3 8 5 6 2 9 1 7]
 [1 6 0 8 7 0 5 4 2]
 [0 4 9 6 8 7 3 5 1]
 [6 1 2 0 3 9 0 7 4]
 [7 0 5 4 0 1 8 2 9]]
Number of cells unfilled: 12
Accuracy: 85.18518518518519
Sample: 78669
Question:
[[0 0 0 0 0 1 9 0 2]
 [1 0 0 4 0 2 7 3 0]
 [0 7 0 0 0 0 0 0 0]
 [2 9 0 0 0 4 0 0 0]
 [0 4 3 7 0 0 0 0 0]
 [7 0 1 0 0 3 0 0 9]
 [0 0 0 0 0 0 0 0 1]
 [0 0 0 2 0 0 8 0 0]
 [0 0 0 3 0 9 6 0 0]]
Solution:
[[3 5 4 1 0 8 7 9 6]
 [9 7 6 2 0 5 4 8 3]
 [8 2 1 7 9 6 0 0 5]
 [5 9 7 3 1 4 2 6 8]
 [4 3 8 5 6 2 9 1 7]
 [1 6 0 8 7 0 5 4 0]
 [0 4 9 6 8 7 3 5 1]
 [6 1 2 0 3 9 0 7 4]
 [7 0 5 4 0 1 8 2 9]]
Number of cells unfilled: 12
Accuracy: 85.18518518518519
Sample: 78670
Question:
[[0 0 0 0 0 2 6 0 0]
 [2 0 0 0 8 0 9 4 0]
 [0 0 8 0 0 0 0 7 0]
 [0 8 7 4 0 0 0 9 6]
 [6 2 0 0 0 0 0 0 7]
 [4 0 9 0 0 0 2 8 0]
 [0 0 0 3 1 0 0 0 0]
 [0 0 6 0 0 0 0 0 0]
 [0 7 0 0 6 8 0 0 4]]
Solution:
[[3 5 4 1 0 8 7 9 6]
 [9 7 6 2 0 5 4 8 3]
 [8 0 1 7 9 6 2 0 5]
 [5 2 7 3 1 4 0 6 8]
 [4 3 8 5 6 2 9 1 7]
 [1 6 0 8 7 0 5 4 2]
 [0 4 9 6 8 7 3 5 1]
 [6 1 2 0 3 9 0 7 4]
 [7 0 5 4 0 1 8 2 9]]
Number of cells unfilled: 12
Accuracy: 85.18518518518519
Sample: 78671
Question:
[[0 0 0 0 0 3 5 0 4]
 [1 0 0 0 0 0 0 8 0]
 [0 5 3 0 0 0 0 1 7]
 [4 0 0 3 8 0 0 0 0]
 [0 0 0 0 5 7 4 0 3]
 [0 0 0 1 0 4 0 7 0]
 [0 0 2 0 0 0 0 0 5]
 [0 4 9 0 0 8 0 0 1]
 [8 0 0 0 0 0 0 0 0]]
Solution:
[[3 5 4 1 0 8 7 9 2]
 [9 7 6 2 0 5 4 8 3]
 [8 2 1 7 4 6 0 0 5]
 [5 9 7 3 1 4 2 6 8]
 [4 3 8 5 6 2 9 1 7]
 [1 6 0 8 7 0 5 4 0]
 [0 4 9 6 8 7 3 5 1]
 [6 1 2 0 3 9 0 7 4]
 [7 0 5 4 0 1 8 2 9]]
Number of cells unfilled: 12
Accuracy: 85.18518518518519
Sample: 78672
Question:
[[0 0 0 0 0 4 2 0 0]
 [0 0 2 3 0 0 0 0 0]
 [0 0 0 0 0 5 0 0 7]
 [0 0 0 6 0 0 3 0 0]
 [2 0 0 0 0 0 0 7 8]
 [0 3 8 0 7 2 6 0 9]
 [9 0 7 0 0 0 0 8 2]
 [0 6 0 0 0 0 9 0 3]
 [0 0 3 8 0 0 0 6 0]]
Solution:
[[3 5 4 1 0 8 7 9 6]
 [9 7 6 2 5 0 4 8 3]
 [8 2 1 7 9 6 0 0 5]
 [5 9 7 3 1 4 2 6 8]
 [4 3 8 5 6 2 9 1 7]
 [1 6 0 8 7 0 5 4 0]
 [0 4 9 6 8 7 3 5 1]
 [6 1 2 0 3 9 0 7 4]
 [7 0 5 4 0 1 8 2 9]]
Number of cells unfilled: 12
Accuracy: 85.18518518518519
Sample: 78673
Question:
[[0 0 0 0 0 6 0 0 0]
 [0 9 6 1 0 0 0 0 0]
 [0 0 0 8 7 0 0 0 0]
 [4 3 0 5 9 0 0 6 7]
 [0 7 0 0 0 0 5 0 0]
 [6 0 0 0 0 4 0 0 0]
 [3 0 0 0 0 0 7 4 0]
 [0 5 7 0 0 0 3 0 9]
 [9 0 4 0 0 0 0 5 6]]
Solution:
[[3 5 4 1 0 8 7 9 6]
 [9 7 6 2 5 0 4 8 3]
 [8 0 1 7 9 6 2 0 5]
 [5 2 7 3 1 4 0 6 8]
 [4 3 8 5 6 2 9 1 7]
 [1 6 0 8 7 0 5 4 2]
 [0 4 9 6 8 7 3 5 1]
 [6 1 2 0 3 9 0 7 4]
 [7 0 5 4 0 1 8 2 9]]
Number of cells unfilled: 12
Accuracy: 85.18518518518519
Sample: 78674
Question:
[[0 0 0 0 0 7 2 0 9]
 [0 0 5 2 0 0 0 7 6]
 [0 0 0 6 9 0 3 5 0]
 [0 4 0 0 0 0 6 0 0]
 [0 0 2 3 0 0 0 0 0]
 [0 1 0 0 0 0 0 0 3]
 [0 0 7 0 0 0 0 0 2]
 [6 3 0 5 0 2 9 0 0]
 [0 0 0 7 3 0 5 0 0]]
Solution:
[[3 5 4 1 0 8 7 9 6]
 [9 7 6 2 5 0 4 8 3]
 [8 0 1 7 4 6 2 0 5]
 [5 2 7 3 1 4 0 6 8]
 [4 3 8 5 6 2 9 1 7]
 [1 6 0 8 7 0 5 4 2]
 [0 4 9 6 8 7 3 5 1]
 [6 1 2 0 3 9 0 7 4]
 [7 0 5 4 0 1 8 2 9]]
Number of cells unfilled: 12
Accuracy: 85.18518518518519
Sample: 78675
Question:
[[0 0 0 0 0 8 0 0 7]
 [0 0 9 3 0 6 0 0 0]
 [0 0 0 0 9 0 0 0 0]
 [0 0 0 7 0 4 0 0 2]
 [0 1 4 0 0 0 0 0 3]
 [0 0 0 0 1 3 0 9 0]
 [4 9 0 0 0 0 1 7 0]
 [1 0 3 0 0 0 0 2 0]
 [0 7 2 0 0 0 3 0 4]]
Solution:
[[3 5 4 1 9 8 7 0 6]
 [9 7 6 2 0 5 4 8 3]
 [8 2 1 7 4 6 0 9 5]
 [5 9 7 3 1 4 2 6 8]
 [4 3 8 5 6 2 9 1 7]
 [1 6 0 8 7 0 5 4 0]
 [0 4 9 6 8 7 3 5 1]
 [6 1 2 0 3 9 0 7 4]
 [7 0 5 4 0 1 8 2 9]]
Number of cells unfilled: 11
Accuracy: 86.41975308641975
Sample: 78676
Question:
[[0 0 0 0 0 9 0 0 0]
 [0 8 9 5 0 0 0 0 0]
 [1 0 6 2 0 0 0 0 0]
 [2 0 0 8 0 5 0 9 4]
 [0 0 0 0 9 0 2 5 0]
 [0 0 0 0 0 4 3 0 8]
 [0 0 0 0 0 8 0 0 5]
 [0 3 0 0 0 0 9 8 0]
 [0 0 0 0 3 0 4 0 2]]
Solution:
[[3 5 4 1 0 8 7 9 2]
 [9 7 6 2 5 0 4 8 3]
 [8 2 1 7 4 6 0 0 5]
 [5 9 7 3 1 4 2 6 8]
 [4 3 8 5 6 2 9 1 7]
 [1 6 0 8 7 0 5 4 0]
 [0 4 9 6 8 7 3 5 1]
 [6 1 2 0 3 9 0 7 4]
 [7 0 5 4 0 1 8 2 9]]
Number of cells unfilled: 12
Accuracy: 85.18518518518519
Sample: 78677
Question:
[[0 0 0 0 0 9 5 0 0]
 [0 0 7 4 5 0 0 0 0]
 [0 0 0 1 0 3 0 7 0]
 [7 0 0 0 0 1 9 0 5]
 [0 4 0 7 0 0 1 3 0]
 [0 5 0 3 9 0 0 0 0]
 [0 0 5 0 3 0 0 0 9]
 [0 0 0 0 0 0 4 0 0]
 [2 6 0 0 0 4 7 0 0]]
Solution:
[[3 5 4 1 0 8 7 9 2]
 [9 7 6 2 0 5 4 8 3]
 [8 2 1 7 9 6 0 0 5]
 [5 9 7 3 1 4 2 6 8]
 [4 3 8 5 6 2 9 1 7]
 [1 6 0 8 7 0 5 4 0]
 [0 4 9 6 8 7 3 5 1]
 [6 1 2 0 3 9 0 7 4]
 [7 0 5 4 0 1 8 2 9]]
Number of cells unfilled: 12
Accuracy: 85.18518518518519
Sample: 78678
Question:
[[0 0 0 0 0 9 7 0 0]
 [0 0 0 2 0 0 0 6 0]
 [0 0 0 4 0 6 0 5 1]
 [0 6 9 0 2 0 0 0 7]
 [0 4 0 8 6 0 0 0 2]
 [8 0 0 9 0 7 0 0 0]
 [6 8 0 0 4 0 0 0 0]
 [0 2 7 0 0 0 0 0 0]
 [9 0 4 7 0 0 0 0 0]]
Solution:
[[3 5 4 1 0 8 7 9 6]
 [9 7 6 2 0 5 4 8 3]
 [8 0 1 7 4 6 2 0 5]
 [5 2 7 3 1 4 0 6 8]
 [4 3 8 5 6 2 9 1 7]
 [1 6 0 8 7 0 5 4 2]
 [0 4 9 6 8 7 3 5 1]
 [6 1 2 0 3 9 0 7 4]
 [7 0 5 4 0 1 8 2 9]]
Number of cells unfilled: 12
Accuracy: 85.18518518518519
Sample: 78679
Question:
[[0 0 0 0 1 0 2 0 0]
 [0 9 0 2 0 0 0 0 5]
 [0 0 1 9 0 0 8 0 3]
 [0 0 9 0 0 1 3 0 0]
 [5 0 0 8 3 0 1 0 9]
 [0 0 0 0 0 0 0 2 8]
 [0 0 0 0 5 0 0 0 0]
 [4 0 6 0 9 0 5 0 0]
 [0 1 0 0 0 2 0 8 0]]
Solution:
[[3 5 4 1 9 8 7 0 6]
 [9 7 6 2 5 0 4 8 3]
 [8 2 1 7 4 6 0 9 5]
 [5 9 7 3 1 4 2 6 8]
 [4 3 8 5 6 2 9 1 7]
 [1 6 0 8 7 0 5 4 0]
 [0 4 9 6 8 7 3 5 1]
 [6 1 2 0 3 9 0 7 4]
 [7 0 5 4 0 1 8 2 9]]
Number of cells unfilled: 11
Accuracy: 86.41975308641975
Sample: 78680
Question:
[[0 0 0 0 1 0 6 0 0]
 [2 0 0 0 0 0 0 3 4]
 [0 0 6 2 0 3 1 0 5]
 [0 0 0 8 0 0 4 0 0]
 [6 0 0 7 3 0 0 0 0]
 [0 2 0 0 6 0 0 0 0]
 [0 0 0 0 4 0 3 1 0]
 [5 3 0 0 0 0 0 0 2]
 [4 0 1 0 0 0 5 0 6]]
Solution:
[[3 5 4 1 0 8 7 9 6]
 [9 7 6 2 5 0 4 8 3]
 [8 0 1 7 4 6 2 0 5]
 [5 2 7 3 1 4 0 6 8]
 [4 3 8 5 6 2 9 1 7]
 [1 6 0 8 7 0 5 4 2]
 [0 4 9 6 8 7 3 5 1]
 [6 1 2 0 3 9 0 7 4]
 [7 0 5 4 0 1 8 2 9]]
Number of cells unfilled: 12
Accuracy: 85.18518518518519
Sample: 78681
Question:
[[0 0 0 0 4 0 1 0 7]
 [0 0 0 0 0 1 0 0 0]
 [0 0 0 0 6 9 3 8 0]
 [6 2 0 9 0 0 7 0 0]
 [4 0 9 0 0 0 0 0 0]
 [0 1 0 0 0 6 0 0 0]
 [7 9 0 0 0 2 4 0 0]
 [2 0 1 0 7 4 0 6 0]
 [0 6 0 1 0 0 0 0 0]]
Solution:
[[3 5 4 1 9 8 7 0 6]
 [9 7 6 2 5 0 4 8 3]
 [8 2 1 7 4 6 0 9 5]
 [5 9 7 3 1 4 2 6 8]
 [4 3 8 5 6 2 9 1 7]
 [1 6 0 8 7 0 5 4 0]
 [0 4 9 6 8 7 3 5 1]
 [6 1 2 0 3 9 0 7 4]
 [7 0 5 4 0 1 8 2 9]]
Number of cells unfilled: 11
Accuracy: 86.41975308641975
Sample: 78682
Question:
[[0 0 0 0 4 0 7 0 0]
 [0 0 0 0 0 3 0 4 6]
 [0 0 0 0 6 1 8 3 0]
 [0 0 0 3 0 0 0 0 7]
 [8 0 0 0 1 7 4 0 0]
 [3 0 0 0 8 0 1 6 0]
 [2 0 5 0 0 4 0 0 0]
 [0 0 1 0 0 8 0 0 0]
 [0 3 0 6 0 0 0 1 0]]
Solution:
[[3 5 4 1 0 8 7 9 6]
 [9 7 6 2 0 5 4 8 3]
 [8 0 1 7 4 6 2 0 5]
 [5 2 7 3 1 4 0 6 8]
 [4 3 8 5 6 2 9 1 7]
 [1 6 0 8 7 0 5 4 2]
 [0 4 9 6 8 7 3 5 1]
 [6 1 2 0 3 9 0 7 4]
 [7 0 5 4 0 1 8 2 9]]
Number of cells unfilled: 12
Accuracy: 85.18518518518519
Sample: 78683
Question:
[[0 0 0 0 4 6 0 2 5]
 [0 0 0 3 0 5 0 8 0]
 [6 0 0 2 0 0 4 0 3]
 [0 1 0 0 0 0 0 0 6]
 [2 0 0 8 0 0 0 0 0]
 [3 9 0 0 0 0 0 0 0]
 [4 0 0 0 0 0 8 0 2]
 [0 0 0 4 0 8 3 6 0]
 [0 0 3 0 2 0 0 5 0]]
Solution:
[[3 5 4 1 0 8 7 9 6]
 [9 7 6 2 5 0 4 8 3]
 [8 0 1 7 9 6 2 0 5]
 [5 2 7 3 1 4 0 6 8]
 [4 3 8 5 6 2 9 1 7]
 [1 6 0 8 7 0 5 4 2]
 [0 4 9 6 8 7 3 5 1]
 [6 1 2 0 3 9 0 7 4]
 [7 0 5 4 0 1 8 2 9]]
Number of cells unfilled: 12
Accuracy: 85.18518518518519
Sample: 78684
Question:
[[0 0 0 0 5 0 0 2 3]
 [0 0 0 7 0 0 9 0 0]
 [0 0 5 0 3 9 0 0 8]
 [0 0 0 0 0 0 2 8 0]
 [0 7 0 0 8 0 3 0 9]
 [0 0 0 0 2 0 0 7 5]
 [7 0 0 2 0 0 0 0 0]
 [0 3 0 0 0 5 0 0 0]
 [0 4 6 3 0 8 0 0 0]]
Solution:
[[3 5 4 1 0 8 7 9 2]
 [9 7 6 2 0 5 4 8 3]
 [8 2 1 7 9 6 0 0 5]
 [5 9 7 3 1 4 2 6 8]
 [4 3 8 5 6 2 9 1 7]
 [1 6 0 8 7 0 5 4 0]
 [0 4 9 6 8 7 3 5 1]
 [6 1 2 0 3 9 0 7 4]
 [7 0 5 4 0 1 8 2 9]]
Number of cells unfilled: 12
Accuracy: 85.18518518518519
Sample: 78685
Question:
[[0 0 0 0 5 0 0 3 7]
 [0 0 0 0 1 0 0 9 0]
 [9 0 0 0 0 4 6 0 0]
 [1 2 0 0 4 6 0 0 0]
 [0 0 5 9 2 0 0 4 1]
 [0 0 9 0 0 0 0 0 0]
 [5 4 0 0 6 0 0 0 0]
 [6 0 1 0 9 0 0 0 0]
 [0 0 2 5 0 0 0 0 0]]
Solution:
[[3 5 4 1 9 8 7 0 2]
 [9 7 6 2 5 0 4 8 3]
 [8 2 1 7 4 6 0 9 5]
 [5 9 7 3 1 4 2 6 8]
 [4 3 8 5 6 2 9 1 7]
 [1 6 0 8 7 0 5 4 0]
 [0 4 9 6 8 7 3 5 1]
 [6 1 2 0 3 9 0 7 4]
 [7 0 5 4 0 1 8 2 9]]
Number of cells unfilled: 11
Accuracy: 86.41975308641975
Sample: 78686
Question:
[[0 0 0 0 5 0 2 0 7]
 [0 0 0 7 0 0 0 0 0]
 [0 0 0 0 8 0 0 4 1]
 [8 0 6 0 0 9 0 0 0]
 [0 2 7 0 0 0 9 0 0]
 [5 0 0 2 0 0 0 0 0]
 [0 5 0 0 0 7 0 0 0]
 [6 7 0 5 2 0 0 8 0]
 [2 0 9 6 0 8 0 0 0]]
Solution:
[[3 5 4 1 9 8 7 0 2]
 [9 7 6 2 0 5 4 8 3]
 [8 2 1 7 4 6 0 9 5]
 [5 9 7 3 1 4 2 6 8]
 [4 3 8 5 6 2 9 1 7]
 [1 6 0 8 7 0 5 4 0]
 [0 4 9 6 8 7 3 5 1]
 [6 1 2 0 3 9 0 7 4]
 [7 0 5 4 0 1 8 2 9]]
Number of cells unfilled: 11
Accuracy: 86.41975308641975
Sample: 78687
Question:
[[0 0 0 0 5 0 7 8 0]
 [8 0 0 0 0 7 1 0 2]
 [0 0 0 1 0 8 0 5 3]
 [0 0 0 8 0 3 0 1 7]
 [7 0 0 0 2 0 0 0 0]
 [0 1 3 5 0 0 2 0 0]
 [2 0 0 0 0 0 0 0 0]
 [0 9 8 0 0 0 0 0 0]
 [0 4 0 3 0 2 0 0 0]]
Solution:
[[3 5 4 1 0 8 7 9 6]
 [9 7 6 2 5 0 4 8 3]
 [8 0 1 7 9 6 2 0 5]
 [5 2 7 3 1 4 0 6 8]
 [4 3 8 5 6 2 9 1 7]
 [1 6 0 8 7 0 5 4 2]
 [0 4 9 6 8 7 3 5 1]
 [6 1 2 0 3 9 0 7 4]
 [7 0 5 4 0 1 8 2 9]]
Number of cells unfilled: 12
Accuracy: 85.18518518518519
Sample: 78688
Question:
[[0 0 0 0 5 0 9 2 0]
 [0 0 8 0 0 9 7 0 5]
 [0 0 0 0 0 2 0 8 3]
 [0 8 3 0 0 7 0 0 0]
 [0 0 0 9 0 0 0 5 0]
 [9 5 0 0 2 3 0 0 7]
 [0 4 0 7 0 8 0 0 0]
 [0 1 9 0 3 0 0 0 0]
 [0 0 7 0 0 0 0 0 0]]
Solution:
[[3 5 4 1 0 8 7 9 6]
 [9 7 6 2 5 0 4 8 3]
 [8 0 1 7 4 6 2 0 5]
 [5 2 7 3 1 4 0 6 8]
 [4 3 8 5 6 2 9 1 7]
 [1 6 0 8 7 0 5 4 2]
 [0 4 9 6 8 7 3 5 1]
 [6 1 2 0 3 9 0 7 4]
 [7 0 5 4 0 1 8 2 9]]
Number of cells unfilled: 12
Accuracy: 85.18518518518519
Sample: 78689
Question:
[[0 0 0 0 5 4 7 0 3]
 [3 0 0 7 9 0 0 0 6]
 [0 0 0 6 0 3 0 4 0]
 [0 0 0 0 0 7 3 0 5]
 [6 0 0 0 0 0 0 9 0]
 [0 5 7 0 0 0 4 6 0]
 [0 3 1 0 0 9 0 0 0]
 [9 0 0 0 0 0 0 0 0]
 [0 0 2 0 0 0 5 0 0]]
Solution:
[[3 5 4 1 0 8 7 9 6]
 [9 7 6 2 5 0 4 8 3]
 [8 0 1 7 4 6 2 0 5]
 [5 2 7 3 1 4 0 6 8]
 [4 3 8 5 6 2 9 1 7]
 [1 6 0 8 7 0 5 4 2]
 [0 4 9 6 8 7 3 5 1]
 [6 1 2 0 3 9 0 7 4]
 [7 0 5 4 0 1 8 2 9]]
Number of cells unfilled: 12
Accuracy: 85.18518518518519
Sample: 78690
Question:
[[0 0 0 0 6 0 0 0 0]
 [7 9 0 0 3 0 0 0 0]
 [0 0 1 0 0 5 0 2 0]
 [0 0 0 6 0 0 2 5 0]
 [0 3 0 0 0 1 0 0 4]
 [6 0 0 2 4 0 3 0 1]
 [0 0 0 0 1 0 0 3 5]
 [0 0 3 5 0 0 6 1 0]
 [0 0 0 0 0 0 4 0 2]]
Solution:
[[3 5 4 1 0 8 7 9 6]
 [9 7 6 2 0 5 4 8 3]
 [8 0 1 7 4 6 2 0 5]
 [5 2 7 3 1 4 0 6 8]
 [4 3 8 5 6 2 9 1 7]
 [1 6 0 8 7 0 5 4 2]
 [0 4 9 6 8 7 3 5 1]
 [6 1 2 0 3 9 0 7 4]
 [7 0 5 4 0 1 8 2 9]]
Number of cells unfilled: 12
Accuracy: 85.18518518518519
Sample: 78691
Question:
[[0 0 0 0 6 0 0 0 9]
 [0 6 0 0 8 1 0 2 3]
 [0 0 0 0 0 2 8 0 0]
 [0 2 0 8 0 0 0 1 0]
 [0 0 0 0 0 3 0 0 0]
 [7 0 5 0 0 0 0 0 0]
 [6 0 0 2 0 0 9 3 0]
 [0 0 3 0 1 9 2 0 6]
 [0 0 0 6 0 0 0 8 1]]
Solution:
[[3 5 4 1 0 8 7 9 2]
 [9 7 6 2 0 5 4 8 3]
 [8 2 1 7 4 6 0 0 5]
 [5 9 7 3 1 4 2 6 8]
 [4 3 8 5 6 2 9 1 7]
 [1 6 0 8 7 0 5 4 0]
 [0 4 9 6 8 7 3 5 1]
 [6 1 2 0 3 9 0 7 4]
 [7 0 5 4 0 1 8 2 9]]
Number of cells unfilled: 12
Accuracy: 85.18518518518519
Sample: 78692
Question:
[[0 0 0 0 6 0 0 4 0]
 [4 0 2 0 3 0 0 6 9]
 [0 0 3 9 0 0 1 0 2]
 [0 1 0 0 0 6 2 0 0]
 [0 0 0 0 0 0 0 0 4]
 [8 0 7 0 0 0 0 0 3]
 [0 3 0 0 4 1 0 0 6]
 [0 0 0 2 0 0 0 0 1]
 [0 0 0 0 9 0 0 3 0]]
Solution:
[[3 5 4 1 9 8 7 0 6]
 [9 7 6 2 0 5 4 8 3]
 [8 2 1 7 4 6 0 9 5]
 [5 9 7 3 1 4 2 6 8]
 [4 3 8 5 6 2 9 1 7]
 [1 6 0 8 7 0 5 4 0]
 [0 4 9 6 8 7 3 5 1]
 [6 1 2 0 3 9 0 7 4]
 [7 0 5 4 0 1 8 2 9]]
Number of cells unfilled: 11
Accuracy: 86.41975308641975
Sample: 78693
Question:
[[0 0 0 0 7 0 2 0 0]
 [0 0 0 9 0 8 0 0 0]
 [0 6 0 0 5 2 0 0 9]
 [0 0 0 0 0 5 8 6 0]
 [7 8 0 0 9 6 5 0 2]
 [0 0 0 0 2 0 0 0 7]
 [3 4 0 0 0 0 9 0 0]
 [0 2 0 0 0 0 7 0 0]
 [0 0 6 0 0 0 0 8 0]]
Solution:
[[3 5 4 1 0 8 7 9 6]
 [9 7 6 2 5 0 4 8 3]
 [8 0 1 7 9 6 2 0 5]
 [5 2 7 3 1 4 0 6 8]
 [4 3 8 5 6 2 9 1 7]
 [1 6 0 8 7 0 5 4 2]
 [0 4 9 6 8 7 3 5 1]
 [6 1 2 0 3 9 0 7 4]
 [7 0 5 4 0 1 8 2 9]]
Number of cells unfilled: 12
Accuracy: 85.18518518518519
Sample: 78694
Question:
[[0 0 0 0 7 1 0 3 0]
 [0 0 0 5 3 0 7 0 9]
 [0 0 3 6 0 9 1 5 0]
 [0 8 0 0 0 0 6 0 0]
 [0 4 0 0 0 0 0 0 1]
 [0 0 9 0 0 6 0 0 0]
 [1 6 0 9 0 0 0 0 7]
 [0 0 5 0 0 0 9 6 0]
 [0 0 0 0 0 5 0 0 3]]
Solution:
[[3 5 4 1 9 8 7 0 6]
 [9 7 6 2 0 5 4 8 3]
 [8 2 1 7 4 6 0 9 5]
 [5 9 7 3 1 4 2 6 8]
 [4 3 8 5 6 2 9 1 7]
 [1 6 0 8 7 0 5 4 0]
 [0 4 9 6 8 7 3 5 1]
 [6 1 2 0 3 9 0 7 4]
 [7 0 5 4 0 1 8 2 9]]
Number of cells unfilled: 11
Accuracy: 86.41975308641975
Sample: 78695
Question:
[[0 0 0 0 7 5 9 2 0]
 [0 0 0 0 8 0 6 0 4]
 [0 0 0 0 0 6 0 0 0]
 [1 0 7 5 0 0 0 0 0]
 [0 5 8 0 0 4 0 0 0]
 [6 4 0 0 0 0 0 0 0]
 [7 0 0 6 0 0 0 4 0]
 [0 6 1 0 4 8 0 7 0]
 [5 0 0 0 0 1 8 0 0]]
Solution:
[[3 5 4 1 0 8 7 9 6]
 [9 7 6 2 5 0 4 8 3]
 [8 0 1 7 4 6 2 0 5]
 [5 2 7 3 1 4 0 6 8]
 [4 3 8 5 6 2 9 1 7]
 [1 6 0 8 7 0 5 4 2]
 [0 4 9 6 8 7 3 5 1]
 [6 1 2 0 3 9 0 7 4]
 [7 0 5 4 0 1 8 2 9]]
Number of cells unfilled: 12
Accuracy: 85.18518518518519
Sample: 78696
Question:
[[0 0 0 0 8 0 4 0 5]
 [0 0 0 5 0 0 8 6 0]
 [0 0 0 0 0 0 0 3 1]
 [0 0 1 0 6 0 0 0 0]
 [2 0 7 0 4 0 0 0 0]
 [0 8 0 0 0 5 1 0 0]
 [8 0 0 6 0 4 5 1 0]
 [0 0 0 0 0 8 0 0 3]
 [6 0 0 1 3 0 0 4 0]]
Solution:
[[3 5 4 1 9 8 7 0 6]
 [9 7 6 2 0 5 4 8 3]
 [8 2 1 7 4 6 0 9 5]
 [5 9 7 3 1 4 2 6 8]
 [4 3 8 5 6 2 9 1 7]
 [1 6 0 8 7 0 5 4 0]
 [0 4 9 6 8 7 3 5 1]
 [6 1 2 0 3 9 0 7 4]
 [7 0 5 4 0 1 8 2 9]]
Number of cells unfilled: 11
Accuracy: 86.41975308641975
Sample: 78697
Question:
[[0 0 0 0 8 2 0 0 9]
 [0 0 0 9 0 0 0 0 0]
 [1 0 0 0 3 0 0 0 0]
 [2 0 0 0 0 0 0 0 6]
 [4 0 7 0 6 1 2 0 0]
 [0 0 9 7 0 0 0 0 0]
 [6 2 0 0 0 0 1 0 4]
 [0 0 4 0 0 0 0 7 0]
 [0 7 1 2 0 0 9 6 0]]
Solution:
[[3 5 4 1 0 8 7 9 6]
 [9 7 6 2 0 5 4 8 3]
 [8 0 1 7 4 6 2 0 5]
 [5 2 7 3 1 4 0 6 8]
 [4 3 8 5 6 2 9 1 7]
 [1 6 0 8 7 0 5 4 2]
 [0 4 9 6 8 7 3 5 1]
 [6 1 2 0 3 9 0 7 4]
 [7 0 5 4 0 1 8 2 9]]
Number of cells unfilled: 12
Accuracy: 85.18518518518519
Sample: 78698
Question:
[[0 0 0 0 9 0 0 0 0]
 [0 9 5 7 0 0 0 0 0]
 [0 0 0 3 0 1 0 0 0]
 [5 4 0 0 1 0 0 9 2]
 [6 0 0 0 0 0 0 0 4]
 [0 1 2 0 0 0 6 5 0]
 [0 0 1 0 0 0 0 4 0]
 [9 2 0 0 4 0 0 0 0]
 [0 0 6 2 0 5 0 1 9]]
Solution:
[[3 5 4 1 0 8 7 9 6]
 [9 7 6 2 0 5 4 8 3]
 [8 0 1 7 9 6 2 0 5]
 [5 2 7 3 1 4 0 6 8]
 [4 3 8 5 6 2 9 1 7]
 [1 6 0 8 7 0 5 4 2]
 [0 4 9 6 8 7 3 5 1]
 [6 1 2 0 3 9 0 7 4]
 [7 0 5 4 0 1 8 2 9]]
Number of cells unfilled: 12
Accuracy: 85.18518518518519
Sample: 78699
Question:
[[0 0 0 1 0 0 0 0 0]
 [0 3 0 0 8 0 0 0 7]
 [0 0 0 5 0 0 6 2 0]
 [3 8 0 0 0 1 0 0 0]
 [0 0 9 0 7 0 5 0 0]
 [5 0 0 9 0 3 8 1 0]
 [9 0 3 0 0 0 0 0 0]
 [1 7 0 0 0 8 0 0 5]
 [0 5 8 7 0 0 0 0 0]]
Solution:
[[3 5 4 1 0 8 7 9 6]
 [9 7 6 2 0 5 4 8 3]
 [8 2 1 7 9 6 0 0 5]
 [5 9 7 3 1 4 2 6 8]
 [4 3 8 5 6 2 9 1 7]
 [1 6 0 8 7 0 5 4 0]
 [0 4 9 6 8 7 3 5 1]
 [6 1 2 0 3 9 0 7 4]
 [7 0 5 4 0 1 8 2 9]]
Number of cells unfilled: 12
Accuracy: 85.18518518518519
Sample: 78700
Question:
[[0 0 0 1 0 0 7 0 0]
 [0 0 0 2 0 0 4 8 0]
 [8 0 0 0 0 6 0 0 0]
 [0 0 0 0 0 4 0 6 0]
 [0 0 8 0 0 0 9 0 0]
 [0 6 0 8 7 0 5 4 0]
 [0 4 9 0 0 0 0 5 0]
 [6 0 0 0 0 9 0 7 0]
 [7 0 5 0 0 0 8 0 9]]
Solution:
[[3 5 4 1 9 8 7 0 6]
 [9 7 6 2 5 0 4 8 3]
 [8 2 1 7 4 6 0 9 5]
 [5 9 7 3 1 4 2 6 8]
 [4 3 8 5 6 2 9 1 7]
 [1 6 0 8 7 0 5 4 0]
 [0 4 9 6 8 7 3 5 1]
 [6 1 2 0 3 9 0 7 4]
 [7 0 5 4 0 1 8 2 9]]
Number of cells unfilled: 11
Accuracy: 86.41975308641975
