2025-10-22 16:14:28.012815: I tensorflow/core/util/port.cc:153] oneDNN custom operations are on. You may see slightly different numerical results due to floating-point round-off errors from different computation orders. To turn them off, set the environment variable `TF_ENABLE_ONEDNN_OPTS=0`.
2025-10-22 16:14:28.778893: I tensorflow/core/platform/cpu_feature_guard.cc:210] This TensorFlow binary is optimized to use available CPU instructions in performance-critical operations.
To enable the following instructions: AVX2 AVX512F AVX512_VNNI FMA, in other operations, rebuild TensorFlow with the appropriate compiler flags.
2025-10-22 16:14:32.883616: I tensorflow/core/util/port.cc:153] oneDNN custom operations are on. You may see slightly different numerical results due to floating-point round-off errors from different computation orders. To turn them off, set the environment variable `TF_ENABLE_ONEDNN_OPTS=0`.
2025-10-22 16:14:39.459314: E external/local_xla/xla/stream_executor/cuda/cuda_platform.cc:51] failed call to cuInit: INTERNAL: CUDA error: Failed call to cuInit: UNKNOWN ERROR (303)
Sample: 79701
Question:
[[0 6 0 0 5 0 0 0 1]
 [0 0 0 0 0 6 0 4 0]
 [0 0 5 1 0 0 7 0 0]
 [0 0 7 0 8 1 0 0 6]
 [0 0 0 0 3 0 0 8 0]
 [0 0 3 0 0 4 0 0 5]
 [2 0 0 0 0 0 9 0 0]
 [0 0 1 0 0 5 0 0 4]
 [0 3 0 0 0 0 0 0 0]]
Solution:
[[5 2 8 1 0 0 6 4 0]
 [0 4 0 6 3 2 1 9 7]
 [6 0 1 7 4 9 3 5 2]
 [8 5 7 9 1 0 2 3 0]
 [3 9 0 2 7 4 8 1 6]
 [1 6 2 3 5 8 4 7 9]
 [4 3 0 5 8 7 9 2 1]
 [2 7 6 4 9 3 0 0 5]
 [9 1 5 0 2 6 7 8 3]]
Number of cells unfilled: 13
Accuracy: 83.9506172839506
Sample: 79702
Question:
[[0 0 3 0 0 9 0 2 0]
 [0 0 0 0 5 0 3 8 0]
 [0 8 0 3 6 0 0 0 1]
 [0 2 0 6 3 0 0 1 0]
 [0 0 7 0 2 5 0 0 6]
 [0 0 0 0 0 0 0 0 0]
 [0 6 0 2 9 0 1 0 0]
 [0 0 4 5 0 0 0 0 0]
 [9 0 0 0 0 0 0 0 2]]
Solution:
[[5 7 8 1 0 9 6 4 2]
 [0 4 0 6 3 2 5 9 7]
 [6 2 1 7 4 5 3 0 8]
 [8 5 7 9 1 0 2 3 0]
 [3 9 0 2 7 4 8 1 6]
 [1 6 2 3 5 8 4 7 9]
 [4 3 0 5 8 7 9 2 1]
 [2 8 6 4 9 3 7 0 5]
 [9 1 5 0 2 6 0 8 4]]
Number of cells unfilled: 11
Accuracy: 86.41975308641975
Sample: 79703
Question:
[[0 2 0 3 0 0 0 1 0]
 [0 5 1 0 9 0 0 0 0]
 [7 0 0 0 8 1 0 0 5]
 [0 0 7 0 3 2 0 0 8]
 [0 0 0 0 0 9 2 6 0]
 [0 0 0 0 0 0 3 0 0]
 [0 0 2 0 0 0 0 0 0]
 [0 7 0 0 1 8 0 0 2]
 [8 0 0 9 0 0 0 4 0]]
Solution:
[[5 7 8 1 0 0 6 4 2]
 [0 4 0 6 3 2 1 9 7]
 [6 2 1 7 4 9 3 0 8]
 [8 5 7 9 1 0 2 3 0]
 [3 9 0 2 7 4 8 5 6]
 [1 6 2 3 5 8 4 7 9]
 [4 3 0 5 8 7 9 2 1]
 [2 8 6 4 9 1 7 0 5]
 [9 1 5 0 2 6 0 8 3]]
Number of cells unfilled: 12
Accuracy: 85.18518518518519
Sample: 79704
Question:
[[0 0 6 0 9 0 0 0 5]
 [0 4 0 0 0 0 0 9 0]
 [0 7 9 1 0 0 6 0 0]
 [0 0 0 0 6 0 0 1 0]
 [0 0 0 8 0 0 0 0 2]
 [6 0 1 0 2 0 5 0 0]
 [2 0 3 0 1 0 0 5 0]
 [0 0 0 2 0 0 3 0 0]
 [0 0 4 0 0 3 0 0 1]]
Solution:
[[5 7 8 1 0 9 6 4 0]
 [0 4 0 6 3 2 5 9 7]
 [6 2 1 7 4 5 3 0 8]
 [8 5 7 9 1 0 0 3 2]
 [3 9 0 2 7 4 8 1 6]
 [1 6 2 3 5 8 4 7 9]
 [4 3 0 5 8 7 9 2 1]
 [2 8 6 4 9 1 7 0 5]
 [9 1 5 0 2 6 0 8 4]]
Number of cells unfilled: 12
Accuracy: 85.18518518518519
Sample: 79705
Question:
[[0 5 0 1 9 0 0 0 0]
 [8 0 0 0 0 6 3 9 0]
 [3 4 0 5 0 8 0 0 0]
 [1 8 6 0 0 7 5 0 2]
 [0 2 0 8 0 0 0 0 0]
 [5 0 3 4 0 0 7 0 1]
 [4 0 0 2 5 0 9 0 0]
 [9 0 0 0 0 0 2 1 8]
 [0 7 1 0 0 9 0 0 6]]
Solution:
[[5 0 8 1 0 9 6 4 2]
 [0 4 0 6 3 2 1 9 7]
 [6 2 1 7 4 5 3 0 8]
 [8 5 7 9 1 0 2 3 0]
 [3 9 0 2 7 4 8 5 6]
 [1 6 2 3 5 8 4 7 9]
 [4 3 0 5 8 7 9 2 1]
 [2 7 6 4 9 3 0 0 5]
 [9 1 5 0 2 6 7 8 4]]
Number of cells unfilled: 12
Accuracy: 85.18518518518519
Sample: 79706
Question:
[[0 0 5 3 4 0 6 0 0]
 [0 7 0 0 0 6 0 5 0]
 [0 0 0 0 5 0 0 0 4]
 [0 0 2 0 0 5 0 0 3]
 [0 0 0 0 8 0 2 0 0]
 [0 0 6 0 0 3 0 8 5]
 [0 2 0 1 0 0 0 0 0]
 [0 0 7 0 0 4 0 0 6]
 [0 0 0 0 0 0 9 0 0]]
Solution:
[[5 2 8 1 0 9 6 4 0]
 [0 4 0 6 3 2 5 9 7]
 [6 0 1 7 4 5 3 0 8]
 [8 5 7 9 1 0 2 3 0]
 [3 9 0 2 7 4 8 1 6]
 [1 6 2 3 5 8 4 7 9]
 [4 3 0 5 8 7 9 2 1]
 [2 7 6 4 9 1 0 0 5]
 [9 1 5 0 2 6 7 8 4]]
Number of cells unfilled: 13
Accuracy: 83.9506172839506
Sample: 79707
Question:
[[1 0 0 0 0 6 0 2 0]
 [0 8 0 1 0 0 0 6 0]
 [0 0 0 8 4 0 0 0 1]
 [0 0 0 0 5 0 0 3 0]
 [0 0 9 0 0 0 0 0 0]
 [0 6 0 0 0 8 0 0 2]
 [0 4 0 0 0 1 0 0 3]
 [0 0 3 7 0 0 0 0 0]
 [7 1 0 0 0 4 0 0 6]]
Solution:
[[5 7 8 1 0 0 6 4 0]
 [0 4 0 6 3 2 5 9 7]
 [6 2 1 7 4 9 3 0 8]
 [8 5 7 9 1 0 0 3 2]
 [3 9 0 2 7 4 8 5 6]
 [1 6 2 3 5 8 4 7 9]
 [4 3 0 5 8 7 9 2 1]
 [2 8 6 4 9 3 7 0 5]
 [9 1 5 0 2 6 0 8 3]]
Number of cells unfilled: 13
Accuracy: 83.9506172839506
Sample: 79708
Question:
[[0 0 0 0 6 0 0 0 0]
 [0 8 0 7 9 3 0 0 1]
 [0 6 7 0 0 0 0 3 0]
 [5 0 0 0 4 0 0 0 7]
 [0 0 0 0 0 0 4 2 0]
 [0 0 0 2 0 9 0 0 0]
 [4 0 5 3 0 0 0 0 6]
 [0 0 0 0 5 1 0 0 0]
 [3 7 0 0 0 0 8 0 0]]
Solution:
[[5 2 8 1 0 0 6 4 0]
 [0 4 0 6 3 2 1 9 7]
 [6 0 1 7 4 9 3 5 2]
 [8 5 7 9 1 0 2 3 0]
 [3 9 0 2 7 4 8 1 6]
 [1 6 2 3 5 8 4 7 9]
 [4 3 0 5 8 7 9 2 1]
 [2 8 6 4 9 1 7 0 5]
 [9 1 5 0 2 6 0 8 3]]
Number of cells unfilled: 13
Accuracy: 83.9506172839506
Sample: 79709
Question:
[[5 0 0 0 0 0 0 0 0]
 [2 0 6 0 8 0 0 1 0]
 [3 4 0 0 0 7 0 0 9]
 [0 0 0 0 0 0 0 0 0]
 [0 1 7 0 0 0 0 9 0]
 [4 0 0 1 6 0 0 0 7]
 [0 9 0 0 0 0 3 5 0]
 [0 5 0 2 0 8 0 0 0]
 [0 2 0 7 0 3 0 0 0]]
Solution:
[[5 7 8 1 0 9 6 4 0]
 [0 4 0 6 3 2 1 9 7]
 [6 2 1 7 4 5 3 0 8]
 [8 5 7 9 1 0 0 3 2]
 [3 9 0 2 7 4 8 5 6]
 [1 6 2 3 5 8 4 7 9]
 [4 3 0 5 8 7 9 2 1]
 [2 8 6 4 9 3 7 0 5]
 [9 1 5 0 2 6 0 8 3]]
Number of cells unfilled: 12
Accuracy: 85.18518518518519
Sample: 79710
Question:
[[0 0 0 0 0 3 0 0 0]
 [2 0 3 6 0 0 0 9 0]
 [0 0 0 0 2 7 0 0 1]
 [0 0 0 0 0 6 0 0 0]
 [0 3 0 9 0 0 0 0 5]
 [6 0 9 0 7 0 0 2 0]
 [5 4 0 7 0 0 0 0 0]
 [0 0 0 0 0 0 8 0 0]
 [3 0 6 0 0 9 0 7 0]]
Solution:
[[5 2 8 1 0 9 6 4 0]
 [0 4 0 6 3 2 5 9 7]
 [6 0 1 7 4 5 3 0 2]
 [8 5 7 9 1 0 2 3 0]
 [3 9 0 2 7 4 8 5 6]
 [1 6 2 3 5 8 4 7 9]
 [4 3 0 5 8 7 9 2 1]
 [2 8 6 4 9 1 7 0 5]
 [9 1 5 0 2 6 0 8 4]]
Number of cells unfilled: 13
Accuracy: 83.9506172839506
Sample: 79711
Question:
[[0 0 1 2 0 0 0 0 3]
 [2 0 0 0 0 7 8 0 0]
 [0 0 0 0 0 9 0 2 0]
 [0 6 0 0 0 0 0 4 0]
 [8 0 0 9 0 0 0 0 1]
 [0 0 2 0 5 0 7 0 0]
 [7 0 0 1 0 0 3 0 0]
 [0 0 5 0 9 0 0 0 0]
 [0 4 0 0 0 2 0 6 0]]
Solution:
[[5 2 8 1 0 0 6 4 0]
 [0 4 0 6 3 2 1 9 7]
 [6 0 1 7 4 9 3 5 2]
 [8 5 7 9 1 0 2 3 0]
 [3 9 0 2 7 4 8 1 6]
 [1 6 2 3 5 8 4 7 9]
 [4 3 0 5 8 7 9 2 1]
 [2 8 6 4 9 1 7 0 5]
 [9 1 5 0 2 6 0 8 3]]
Number of cells unfilled: 13
Accuracy: 83.9506172839506
Sample: 79712
Question:
[[0 0 0 0 6 0 0 2 0]
 [0 0 0 2 0 1 9 0 0]
 [6 0 2 0 0 8 0 0 7]
 [0 0 0 3 0 0 0 5 0]
 [3 0 9 0 0 7 0 0 0]
 [0 0 8 1 0 9 0 0 0]
 [0 0 3 0 0 0 0 1 0]
 [0 1 4 6 9 0 8 0 0]
 [5 0 0 4 0 0 0 0 0]]
Solution:
[[5 0 8 1 0 9 6 4 0]
 [0 4 0 6 3 2 5 9 7]
 [6 2 1 7 4 5 3 0 8]
 [8 5 7 9 1 0 0 3 2]
 [3 9 0 2 7 4 8 1 6]
 [1 6 2 3 5 8 4 7 9]
 [4 3 0 5 8 7 9 2 1]
 [2 7 6 4 9 3 0 0 5]
 [9 1 5 0 2 6 7 8 4]]
Number of cells unfilled: 13
Accuracy: 83.9506172839506
Sample: 79713
Question:
[[3 1 0 0 2 0 7 0 0]
 [0 0 0 0 0 0 0 2 4]
 [0 0 0 0 0 0 0 5 0]
 [8 3 1 0 0 5 0 0 0]
 [7 2 0 0 6 0 0 0 0]
 [0 0 5 0 7 0 0 0 8]
 [5 0 0 1 4 0 0 6 7]
 [0 0 0 3 0 0 0 4 0]
 [0 0 0 0 8 0 0 0 9]]
Solution:
[[5 0 8 1 0 0 6 4 2]
 [0 4 0 6 3 2 1 9 7]
 [6 2 1 7 4 9 3 0 8]
 [8 5 7 9 1 0 2 3 0]
 [3 9 0 2 7 4 8 5 6]
 [1 6 2 3 5 8 4 7 9]
 [4 3 0 5 8 7 9 2 1]
 [2 7 6 4 9 3 0 0 5]
 [9 1 5 0 2 6 7 8 3]]
Number of cells unfilled: 13
Accuracy: 83.9506172839506
Sample: 79714
Question:
[[7 0 0 0 0 0 0 0 0]
 [0 3 0 7 9 0 0 0 6]
 [0 0 0 0 0 4 7 3 0]
 [1 0 0 0 8 0 0 0 0]
 [0 0 4 0 0 0 0 2 0]
 [0 8 0 6 4 0 0 0 3]
 [0 9 0 0 5 0 3 6 0]
 [6 0 0 9 3 0 5 8 0]
 [0 0 0 0 0 0 0 0 9]]
Solution:
[[5 0 8 1 0 9 6 4 0]
 [0 4 0 6 3 2 5 9 7]
 [6 2 1 7 4 5 3 0 8]
 [8 5 7 9 1 0 0 3 2]
 [3 9 0 2 7 4 8 5 6]
 [1 6 2 3 5 8 4 7 9]
 [4 3 0 5 8 7 9 2 1]
 [2 7 6 4 9 1 0 0 5]
 [9 1 5 0 2 6 7 8 3]]
Number of cells unfilled: 13
Accuracy: 83.9506172839506
Sample: 79715
Question:
[[0 0 0 9 1 0 0 6 4]
 [0 0 5 0 2 0 0 8 0]
 [4 0 0 0 0 5 0 3 0]
 [0 0 0 0 0 9 2 0 6]
 [0 0 0 0 3 7 0 1 0]
 [8 0 0 0 5 0 0 0 0]
 [2 3 0 0 0 0 0 5 0]
 [0 0 8 0 0 1 9 0 0]
 [9 0 0 0 0 0 0 0 0]]
Solution:
[[5 7 8 1 0 0 6 4 0]
 [0 4 0 6 3 2 5 9 7]
 [6 2 1 7 4 9 3 0 8]
 [8 5 7 9 1 0 0 3 2]
 [3 9 0 2 7 4 8 5 6]
 [1 6 2 3 5 8 4 7 9]
 [4 3 0 5 8 7 9 2 1]
 [2 8 6 4 9 1 7 0 5]
 [9 1 5 0 2 6 0 8 3]]
Number of cells unfilled: 13
Accuracy: 83.9506172839506
Sample: 79716
Question:
[[0 0 0 4 3 0 0 0 0]
 [0 0 0 0 5 0 0 0 0]
 [0 0 8 0 0 7 0 1 0]
 [0 1 0 6 0 0 3 0 0]
 [8 0 0 0 1 2 0 6 0]
 [0 2 0 0 0 0 0 0 0]
 [6 0 0 0 7 0 0 0 9]
 [7 0 0 5 0 0 2 0 0]
 [0 8 0 0 0 6 0 7 0]]
Solution:
[[5 2 8 1 0 9 6 4 0]
 [0 4 0 6 3 2 5 9 7]
 [6 0 1 7 4 5 3 0 2]
 [8 5 7 9 1 0 2 3 0]
 [3 9 0 2 7 4 8 1 6]
 [1 6 2 3 5 8 4 7 9]
 [4 3 0 5 8 7 9 2 1]
 [2 7 6 4 9 1 0 0 5]
 [9 1 5 0 2 6 7 8 4]]
Number of cells unfilled: 13
Accuracy: 83.9506172839506
Sample: 79717
Question:
[[0 1 3 0 0 0 0 0 0]
 [9 0 0 0 8 0 0 0 3]
 [0 0 6 0 0 0 7 0 0]
 [0 0 2 0 0 4 3 0 0]
 [6 9 0 2 0 7 0 0 8]
 [0 0 0 0 9 0 0 0 6]
 [0 3 9 0 0 0 0 0 5]
 [5 0 0 0 0 0 8 6 0]
 [0 0 0 0 5 0 0 0 0]]
Solution:
[[5 7 8 1 0 0 6 4 0]
 [0 4 0 6 3 2 1 9 7]
 [6 0 1 7 4 9 3 5 2]
 [8 5 7 9 1 0 2 3 0]
 [3 9 0 2 7 4 8 1 6]
 [1 6 2 3 5 8 4 7 9]
 [4 3 0 5 8 7 9 2 1]
 [2 8 6 4 9 1 7 0 5]
 [9 1 5 0 2 6 0 8 4]]
Number of cells unfilled: 13
Accuracy: 83.9506172839506
Sample: 79718
Question:
[[0 2 0 0 0 0 0 9 0]
 [0 0 6 3 0 0 5 0 0]
 [4 5 0 0 0 0 0 0 0]
 [6 0 0 5 9 1 3 0 0]
 [0 0 0 6 0 0 2 0 0]
 [0 1 0 0 7 0 0 5 0]
 [5 6 0 0 0 0 8 0 0]
 [0 0 0 8 0 0 0 0 0]
 [0 0 8 0 0 0 0 3 2]]
Solution:
[[5 2 8 1 0 9 6 4 0]
 [0 4 0 6 3 2 1 9 7]
 [6 0 1 7 4 5 3 0 2]
 [8 5 7 9 1 0 2 3 0]
 [3 9 0 2 7 4 8 5 6]
 [1 6 2 3 5 8 4 7 9]
 [4 3 0 5 8 7 9 2 1]
 [2 7 6 4 9 3 0 0 5]
 [9 1 5 0 2 6 7 8 4]]
Number of cells unfilled: 13
Accuracy: 83.9506172839506
Sample: 79719
Question:
[[0 7 6 0 0 1 0 5 0]
 [0 0 8 0 0 0 0 0 0]
 [2 0 3 0 0 0 0 0 0]
 [0 0 0 0 4 6 0 0 0]
 [0 4 5 1 0 0 0 6 0]
 [0 0 0 0 5 0 0 0 3]
 [8 0 0 7 0 0 6 0 0]
 [0 0 7 6 0 4 9 0 0]
 [0 6 4 0 1 0 0 7 0]]
Solution:
[[5 7 8 1 0 9 6 4 0]
 [0 4 0 6 3 2 1 9 7]
 [6 2 1 7 4 5 3 0 8]
 [8 5 7 9 1 0 0 3 2]
 [3 9 0 2 7 4 8 5 6]
 [1 6 2 3 5 8 4 7 9]
 [4 3 0 5 8 7 9 2 1]
 [2 8 6 4 9 1 7 0 5]
 [9 1 5 0 2 6 0 8 4]]
Number of cells unfilled: 12
Accuracy: 85.18518518518519
Sample: 79720
Question:
[[2 0 0 0 4 0 0 5 0]
 [0 0 9 3 0 0 2 0 0]
 [5 3 0 2 0 0 0 8 0]
 [0 0 0 6 7 0 0 0 0]
 [0 9 0 0 0 2 1 0 0]
 [0 0 0 4 0 0 0 0 0]
 [9 0 0 1 0 3 5 0 0]
 [0 0 1 0 5 0 0 0 6]
 [0 0 3 0 0 0 0 0 0]]
Solution:
[[5 2 8 1 0 0 6 4 0]
 [0 4 0 6 3 2 1 9 7]
 [6 0 1 7 4 9 3 5 2]
 [8 5 7 9 1 0 2 3 0]
 [3 9 0 2 7 4 8 1 6]
 [1 6 2 3 5 8 4 7 9]
 [4 3 0 5 8 7 9 2 1]
 [2 7 6 4 9 1 0 0 5]
 [9 1 5 0 2 6 7 8 4]]
Number of cells unfilled: 13
Accuracy: 83.9506172839506
Sample: 79721
Question:
[[5 2 8 0 6 0 0 7 0]
 [0 3 0 0 0 0 5 0 0]
 [0 0 7 0 9 0 0 0 8]
 [0 0 1 0 0 8 0 0 0]
 [0 0 0 0 1 0 7 8 0]
 [0 0 0 6 0 9 0 0 1]
 [0 0 6 0 8 0 0 0 7]
 [0 0 0 0 0 0 0 4 0]
 [0 0 0 2 0 0 9 0 0]]
Solution:
[[5 0 8 1 0 0 6 4 0]
 [0 4 0 6 3 2 5 9 7]
 [6 2 1 7 4 9 3 0 8]
 [8 5 7 9 1 0 0 3 2]
 [3 9 0 2 7 4 8 5 6]
 [1 6 2 3 5 8 4 7 9]
 [4 3 0 5 8 7 9 2 1]
 [2 7 6 4 9 1 0 0 5]
 [9 1 5 0 2 6 7 8 4]]
Number of cells unfilled: 14
Accuracy: 82.71604938271605
Sample: 79722
Question:
[[0 3 0 0 0 2 0 9 8]
 [0 6 0 0 0 0 0 0 5]
 [0 0 8 0 4 0 2 0 0]
 [0 9 0 0 0 0 0 0 0]
 [7 0 0 4 0 0 0 6 0]
 [0 0 4 0 0 3 8 0 0]
 [0 0 1 2 0 0 3 0 0]
 [0 7 0 0 3 0 0 0 0]
 [0 0 0 0 8 1 0 5 0]]
Solution:
[[5 7 8 1 0 9 6 4 0]
 [0 4 0 6 3 2 1 9 7]
 [6 2 1 7 4 5 3 0 8]
 [8 5 7 9 1 0 0 3 2]
 [3 9 0 2 7 4 8 5 6]
 [1 6 2 3 5 8 4 7 9]
 [4 3 0 5 8 7 9 2 1]
 [2 8 6 4 9 1 7 0 5]
 [9 1 5 0 2 6 0 8 4]]
Number of cells unfilled: 12
Accuracy: 85.18518518518519
Sample: 79723
Question:
[[7 0 0 0 0 2 9 0 0]
 [0 0 2 0 9 0 1 0 0]
 [5 1 0 7 4 0 0 0 3]
 [0 0 0 5 0 0 7 0 4]
 [0 2 0 0 0 0 0 8 0]
 [0 0 0 0 8 0 0 5 0]
 [0 0 0 0 0 0 0 1 0]
 [0 3 0 0 7 0 0 0 0]
 [0 0 8 4 5 9 0 0 0]]
Solution:
[[5 2 8 1 0 9 6 4 0]
 [0 4 0 6 3 2 5 9 7]
 [6 0 1 7 4 5 3 0 8]
 [8 5 7 9 1 0 2 3 0]
 [3 9 0 2 7 4 8 5 6]
 [1 6 2 3 5 8 4 7 9]
 [4 3 0 5 8 7 9 2 1]
 [2 7 6 4 9 3 0 0 5]
 [9 1 5 0 2 6 7 8 3]]
Number of cells unfilled: 13
Accuracy: 83.9506172839506
Sample: 79724
Question:
[[0 0 8 0 6 0 0 0 0]
 [0 1 5 0 0 0 7 0 0]
 [0 0 3 0 0 1 2 0 4]
 [0 8 0 0 5 0 0 4 0]
 [0 2 4 0 7 0 0 9 0]
 [7 9 0 8 0 0 0 0 0]
 [0 0 0 0 0 0 0 0 6]
 [0 0 0 0 4 0 5 0 0]
 [0 0 2 0 0 9 0 0 0]]
Solution:
[[5 7 8 1 0 0 6 4 0]
 [0 4 0 6 3 2 1 9 7]
 [6 2 1 7 4 9 3 0 8]
 [8 5 7 9 1 0 0 3 2]
 [3 9 0 2 7 4 8 5 6]
 [1 6 2 3 5 8 4 7 9]
 [4 3 0 5 8 7 9 2 1]
 [2 8 6 4 9 1 7 0 5]
 [9 1 5 0 2 6 0 8 3]]
Number of cells unfilled: 13
Accuracy: 83.9506172839506
Sample: 79725
Question:
[[5 0 7 1 0 0 0 0 0]
 [1 0 9 0 0 6 0 0 0]
 [0 2 0 0 0 0 5 0 0]
 [0 0 6 0 0 0 0 2 8]
 [0 0 4 0 9 0 0 0 0]
 [0 0 2 0 0 0 0 5 4]
 [0 0 5 8 2 0 6 0 0]
 [0 0 0 6 4 0 0 1 0]
 [0 7 0 5 0 0 0 0 0]]
Solution:
[[5 2 8 1 0 0 6 4 0]
 [0 4 0 6 3 2 1 9 7]
 [6 0 1 7 4 9 3 5 2]
 [8 5 7 9 1 0 2 3 0]
 [3 9 0 2 7 4 8 1 6]
 [1 6 2 3 5 8 4 7 9]
 [4 3 0 5 8 7 9 2 1]
 [2 7 6 4 9 1 0 0 5]
 [9 1 5 0 2 6 7 8 4]]
Number of cells unfilled: 13
Accuracy: 83.9506172839506
Sample: 79726
Question:
[[0 0 2 9 0 0 0 8 0]
 [0 4 0 0 0 0 0 0 3]
 [0 0 0 0 1 4 0 0 6]
 [0 0 9 6 0 0 0 1 0]
 [0 2 0 0 0 1 5 0 0]
 [3 0 0 0 5 0 0 0 0]
 [2 6 0 0 8 0 0 7 0]
 [0 9 0 7 0 0 0 0 0]
 [0 0 7 0 0 6 8 0 0]]
Solution:
[[5 7 8 0 0 1 6 4 0]
 [0 4 0 6 3 2 5 9 7]
 [6 2 1 7 4 9 3 0 8]
 [8 5 7 9 1 0 0 3 2]
 [3 9 0 2 7 4 8 1 6]
 [1 6 2 3 5 8 4 7 9]
 [4 3 0 5 8 7 9 2 1]
 [2 8 6 4 9 3 7 0 5]
 [9 1 5 0 2 6 0 8 3]]
Number of cells unfilled: 13
Accuracy: 83.9506172839506
Sample: 79727
Question:
[[3 0 0 0 8 0 0 4 0]
 [0 9 0 0 0 0 0 0 0]
 [0 0 0 6 0 2 0 0 0]
 [0 0 9 3 0 0 0 8 0]
 [6 0 0 0 1 0 0 0 4]
 [0 3 0 7 0 0 6 0 0]
 [1 0 0 0 5 0 4 0 0]
 [0 0 2 0 0 0 0 5 8]
 [0 5 0 0 0 7 0 6 1]]
Solution:
[[5 7 8 1 0 0 6 4 0]
 [0 4 0 6 3 2 1 9 7]
 [6 2 1 7 4 9 3 5 8]
 [8 5 7 9 1 0 0 3 2]
 [3 9 0 2 7 4 8 1 6]
 [1 6 2 3 5 8 4 7 9]
 [4 3 0 5 8 7 9 2 1]
 [2 8 6 4 9 3 7 0 5]
 [9 1 5 0 2 6 0 8 3]]
Number of cells unfilled: 12
Accuracy: 85.18518518518519
Sample: 79728
Question:
[[1 0 0 0 0 2 0 0 9]
 [8 0 0 0 0 6 0 0 0]
 [6 0 5 0 7 0 0 0 0]
 [0 0 0 0 0 0 0 9 0]
 [0 7 8 6 0 0 1 4 0]
 [0 4 1 0 0 0 0 0 7]
 [0 0 0 5 0 0 7 0 1]
 [0 0 0 0 0 1 0 0 2]
 [0 0 0 0 2 3 0 0 0]]
Solution:
[[5 0 8 1 0 0 6 4 0]
 [0 4 0 6 3 2 1 9 7]
 [6 2 1 7 4 9 3 5 8]
 [8 5 7 9 1 0 0 3 2]
 [3 9 0 2 7 4 8 1 6]
 [1 6 2 3 5 8 4 7 9]
 [4 3 0 5 8 7 9 2 1]
 [2 7 6 4 9 1 0 0 5]
 [9 1 5 0 2 6 7 8 4]]
Number of cells unfilled: 13
Accuracy: 83.9506172839506
Sample: 79729
Question:
[[0 0 0 0 0 0 0 0 0]
 [0 0 0 0 8 0 1 0 4]
 [0 0 7 0 0 0 0 0 2]
 [8 5 0 0 7 0 9 0 0]
 [0 7 1 0 0 9 0 3 0]
 [3 0 0 1 5 0 0 0 0]
 [7 0 0 0 9 8 0 0 0]
 [0 9 0 5 1 0 8 0 7]
 [0 0 0 3 0 0 0 1 0]]
Solution:
[[5 7 8 1 0 0 6 4 2]
 [0 4 0 6 3 2 1 9 7]
 [6 2 1 7 4 9 3 5 8]
 [8 5 7 9 1 0 2 3 0]
 [3 9 0 2 7 4 8 1 6]
 [1 6 2 3 5 8 4 7 9]
 [4 3 0 5 8 7 9 2 1]
 [2 8 6 4 9 1 7 0 5]
 [9 1 5 0 2 6 0 8 4]]
Number of cells unfilled: 11
Accuracy: 86.41975308641975
Sample: 79730
Question:
[[0 0 0 0 0 0 0 0 0]
 [0 0 0 0 9 0 0 8 0]
 [5 0 0 0 0 0 0 4 2]
 [9 0 0 7 0 5 0 0 1]
 [7 2 0 0 0 6 0 0 0]
 [0 0 1 9 2 0 6 0 0]
 [1 0 5 0 0 0 0 0 0]
 [0 6 9 0 0 0 2 0 0]
 [2 7 0 1 0 0 0 9 5]]
Solution:
[[5 0 8 1 0 0 6 4 0]
 [0 4 0 6 3 2 5 9 7]
 [6 2 1 7 4 9 3 0 8]
 [8 5 7 9 1 0 0 3 2]
 [3 9 0 2 7 4 8 1 6]
 [1 6 2 3 5 8 4 7 9]
 [4 3 0 5 8 7 9 2 1]
 [2 7 6 4 9 1 0 0 5]
 [9 1 5 0 2 6 7 8 4]]
Number of cells unfilled: 14
Accuracy: 82.71604938271605
Sample: 79731
Question:
[[0 0 0 0 0 0 0 0 0]
 [0 0 4 0 0 0 0 2 0]
 [0 9 0 0 0 5 1 3 0]
 [0 0 0 0 0 8 0 0 0]
 [0 0 0 4 9 0 0 0 1]
 [0 8 9 0 7 1 5 4 0]
 [0 0 8 0 1 7 0 0 0]
 [5 7 0 0 0 4 8 0 0]
 [0 4 1 0 5 0 0 0 9]]
Solution:
[[5 0 8 1 0 0 6 4 0]
 [0 4 0 6 3 2 1 9 7]
 [6 2 1 7 4 9 3 0 8]
 [8 5 7 9 1 0 0 3 2]
 [3 9 0 2 7 4 8 5 6]
 [1 6 2 3 5 8 4 7 9]
 [4 3 0 5 8 7 9 2 1]
 [2 7 6 4 9 3 0 0 5]
 [9 1 5 0 2 6 7 8 4]]
Number of cells unfilled: 14
Accuracy: 82.71604938271605
Sample: 79732
Question:
[[0 0 0 0 0 0 0 0 0]
 [0 9 5 0 2 0 0 4 0]
 [0 3 0 0 0 0 0 0 8]
 [0 0 0 0 7 2 8 0 0]
 [5 0 0 4 0 0 0 0 0]
 [0 8 2 6 5 0 0 7 4]
 [4 0 0 0 0 7 0 8 5]
 [0 0 0 5 6 0 0 0 0]
 [0 0 7 0 8 0 2 6 0]]
Solution:
[[5 0 8 1 0 0 6 4 0]
 [0 4 0 6 3 2 1 9 7]
 [6 2 1 7 4 9 3 5 8]
 [8 5 7 9 1 0 0 3 2]
 [3 9 0 2 7 4 8 1 6]
 [1 6 2 3 5 8 4 7 9]
 [4 3 0 5 8 7 9 2 1]
 [2 7 6 4 9 1 0 0 5]
 [9 1 5 0 2 6 7 8 3]]
Number of cells unfilled: 13
Accuracy: 83.9506172839506
Sample: 79733
Question:
[[0 0 0 0 0 0 0 0 6]
 [0 0 0 3 0 0 5 0 0]
 [1 0 0 9 0 0 0 2 0]
 [5 0 0 6 4 0 0 8 1]
 [8 6 0 0 0 0 0 0 0]
 [0 0 4 0 0 2 0 5 0]
 [6 8 0 5 1 0 2 4 0]
 [0 2 0 0 0 6 0 0 0]
 [4 0 1 0 0 0 0 0 5]]
Solution:
[[5 7 8 1 0 9 6 4 2]
 [0 4 0 6 3 2 1 9 7]
 [6 2 1 7 4 5 3 0 8]
 [8 5 7 9 1 0 2 3 0]
 [3 9 0 2 7 4 8 5 6]
 [1 6 2 3 5 8 4 7 9]
 [4 3 0 5 8 7 9 2 1]
 [2 8 6 4 9 1 7 0 5]
 [9 1 5 0 2 6 0 8 4]]
Number of cells unfilled: 11
Accuracy: 86.41975308641975
Sample: 79734
Question:
[[0 0 0 0 0 0 2 0 0]
 [6 0 0 0 0 0 0 0 8]
 [1 0 0 7 0 0 0 4 0]
 [0 0 0 3 0 0 8 0 0]
 [8 7 0 2 5 0 0 3 4]
 [0 0 2 0 4 0 0 0 0]
 [0 0 0 5 2 0 0 0 0]
 [0 0 4 0 7 3 0 8 2]
 [0 3 0 8 0 0 7 5 0]]
Solution:
[[5 0 8 1 0 0 6 4 2]
 [0 4 0 6 3 2 5 9 7]
 [6 2 1 7 4 9 3 0 8]
 [8 5 7 9 1 0 2 3 0]
 [3 9 0 2 7 4 8 5 6]
 [1 6 2 3 5 8 4 7 9]
 [4 3 0 5 8 7 9 2 1]
 [2 7 6 4 9 1 0 0 5]
 [9 1 5 0 2 6 7 8 4]]
Number of cells unfilled: 13
Accuracy: 83.9506172839506
Sample: 79735
Question:
[[0 0 0 0 0 2 0 0 5]
 [0 0 0 0 0 0 0 0 0]
 [6 0 0 0 4 7 1 0 0]
 [3 4 0 0 0 0 0 0 9]
 [0 0 0 1 0 0 5 0 4]
 [5 0 1 0 9 0 3 6 0]
 [9 0 6 0 0 0 0 5 0]
 [4 3 0 0 6 5 9 0 0]
 [0 1 0 4 0 0 0 0 0]]
Solution:
[[5 0 8 1 0 9 6 4 0]
 [0 4 0 6 3 2 5 9 7]
 [6 2 1 7 4 5 3 0 8]
 [8 5 7 9 1 0 0 3 2]
 [3 9 0 2 7 4 8 5 6]
 [1 6 2 3 5 8 4 7 9]
 [4 3 0 5 8 7 9 2 1]
 [2 7 6 4 9 1 0 0 5]
 [9 1 5 0 2 6 7 8 4]]
Number of cells unfilled: 13
Accuracy: 83.9506172839506
Sample: 79736
Question:
[[0 0 0 0 0 8 0 5 0]
 [0 2 0 0 0 9 6 0 0]
 [0 0 0 0 0 0 0 0 1]
 [1 3 0 0 0 0 0 4 0]
 [0 5 0 4 0 0 3 0 2]
 [0 0 0 0 6 0 5 1 0]
 [6 0 0 0 1 0 0 0 0]
 [3 1 0 2 0 5 4 6 0]
 [0 4 2 0 0 0 0 0 5]]
Solution:
[[5 7 8 1 0 0 6 4 0]
 [0 4 0 6 3 2 1 9 7]
 [6 2 1 7 4 9 3 5 8]
 [8 5 7 9 1 0 0 3 2]
 [3 9 0 2 7 4 8 1 6]
 [1 6 2 3 5 8 4 7 9]
 [4 3 0 5 8 7 9 2 1]
 [2 8 6 4 9 1 7 0 5]
 [9 1 5 0 2 6 0 8 3]]
Number of cells unfilled: 12
Accuracy: 85.18518518518519
Sample: 79737
Question:
[[0 0 0 0 1 9 2 0 0]
 [0 6 0 0 0 0 0 5 0]
 [8 0 0 0 0 0 3 0 0]
 [4 2 0 0 0 6 8 0 0]
 [3 0 6 5 0 0 0 0 0]
 [0 5 8 0 2 0 0 0 0]
 [0 0 5 0 0 0 4 6 0]
 [0 0 0 0 0 0 0 2 3]
 [2 0 4 0 0 3 5 0 8]]
Solution:
[[5 7 8 1 0 0 6 4 0]
 [0 4 0 6 3 2 1 9 7]
 [6 2 1 7 4 9 3 5 8]
 [8 5 7 9 1 0 0 3 2]
 [3 9 0 2 7 4 8 1 6]
 [1 6 2 3 5 8 4 7 9]
 [4 3 0 5 8 7 9 2 1]
 [2 8 6 4 9 1 7 0 5]
 [9 1 5 0 2 6 0 8 3]]
Number of cells unfilled: 12
Accuracy: 85.18518518518519
Sample: 79738
Question:
[[0 0 0 3 0 1 0 6 0]
 [0 2 0 0 7 0 0 0 0]
 [1 0 6 2 9 0 7 0 3]
 [0 0 4 1 0 0 0 0 7]
 [0 0 0 0 0 0 0 2 0]
 [0 0 8 0 0 0 6 0 0]
 [0 7 0 0 0 0 0 0 6]
 [3 0 2 6 0 0 0 1 9]
 [0 0 0 9 2 0 3 0 0]]
Solution:
[[5 0 8 0 0 1 6 4 2]
 [0 4 0 6 3 2 1 9 7]
 [6 2 1 7 4 9 3 0 8]
 [8 5 7 9 1 0 2 3 0]
 [3 9 0 2 7 4 8 5 6]
 [1 6 2 3 5 8 4 7 9]
 [4 3 0 5 8 7 9 2 1]
 [2 7 6 4 9 3 0 0 5]
 [9 1 5 0 2 6 7 8 4]]
Number of cells unfilled: 13
Accuracy: 83.9506172839506
Sample: 79739
Question:
[[0 0 0 5 9 0 0 0 0]
 [8 0 0 0 3 2 0 0 0]
 [2 9 0 1 0 8 5 0 0]
 [0 2 9 0 0 1 0 0 0]
 [1 0 8 0 0 0 0 0 9]
 [3 5 0 0 0 0 0 0 0]
 [0 0 0 0 0 9 7 0 4]
 [0 0 3 0 8 0 0 0 0]
 [0 1 0 0 0 5 8 0 0]]
Solution:
[[5 0 8 1 0 0 6 4 2]
 [0 4 0 6 3 2 1 9 7]
 [6 2 1 7 4 9 3 0 8]
 [8 5 7 9 1 0 2 3 0]
 [3 9 0 2 7 4 8 5 6]
 [1 6 2 3 5 8 4 7 9]
 [4 3 0 5 8 7 9 2 1]
 [2 7 6 4 9 1 0 0 5]
 [9 1 5 0 2 6 7 8 3]]
Number of cells unfilled: 13
Accuracy: 83.9506172839506
Sample: 79740
Question:
[[0 0 0 5 9 0 3 0 0]
 [0 0 0 0 8 7 0 0 0]
 [7 5 0 1 0 3 0 8 9]
 [9 3 0 0 0 0 5 0 0]
 [1 0 8 0 0 9 0 7 0]
 [0 7 0 3 0 1 0 0 0]
 [0 9 0 0 0 0 0 0 6]
 [0 0 0 0 0 0 0 0 0]
 [5 0 0 0 0 8 0 3 4]]
Solution:
[[5 7 8 1 0 9 6 4 2]
 [0 4 0 6 3 2 5 9 7]
 [6 2 1 7 4 5 3 0 8]
 [8 5 7 9 1 0 2 3 0]
 [3 9 0 2 7 4 8 5 6]
 [1 6 2 3 5 8 4 7 9]
 [4 3 0 5 8 7 9 2 1]
 [2 8 6 4 9 1 7 0 5]
 [9 1 5 0 2 6 0 8 3]]
Number of cells unfilled: 11
Accuracy: 86.41975308641975
Sample: 79741
Question:
[[0 0 0 7 0 0 3 0 0]
 [3 0 6 0 2 4 8 0 7]
 [0 4 0 0 0 0 0 0 6]
 [0 7 0 0 0 0 0 0 0]
 [4 0 0 0 0 9 0 0 0]
 [0 0 3 0 0 1 0 0 2]
 [0 2 8 0 6 7 0 0 4]
 [0 0 4 3 0 0 2 6 0]
 [0 0 0 0 0 0 7 0 8]]
Solution:
[[5 7 8 1 0 0 6 4 0]
 [0 4 0 6 3 2 5 9 7]
 [6 2 1 7 4 9 3 0 8]
 [8 5 7 9 1 0 0 3 2]
 [3 9 0 2 7 4 8 5 6]
 [1 6 2 3 5 8 4 7 9]
 [4 3 0 5 8 7 9 2 1]
 [2 8 6 4 9 3 7 0 5]
 [9 1 5 0 2 6 0 8 3]]
Number of cells unfilled: 13
Accuracy: 83.9506172839506
Sample: 79742
Question:
[[0 0 1 0 0 0 0 0 0]
 [0 8 9 0 5 4 0 1 6]
 [5 6 0 9 0 0 0 0 0]
 [0 0 0 0 2 0 0 0 5]
 [0 0 0 0 0 0 9 0 0]
 [0 0 4 0 3 0 0 6 0]
 [0 9 8 0 0 0 0 0 0]
 [0 0 5 0 0 1 4 8 0]
 [1 4 0 6 0 0 0 5 9]]
Solution:
[[5 7 8 1 0 9 6 4 2]
 [0 4 0 6 3 2 1 9 7]
 [6 2 1 7 4 5 3 0 8]
 [8 5 7 9 1 0 2 3 0]
 [3 9 0 2 7 4 8 5 6]
 [1 6 2 3 5 8 4 7 9]
 [4 3 0 5 8 7 9 2 1]
 [2 8 6 4 9 1 7 0 5]
 [9 1 5 0 2 6 0 8 4]]
Number of cells unfilled: 11
Accuracy: 86.41975308641975
Sample: 79743
Question:
[[0 0 2 0 0 5 0 6 7]
 [7 0 0 0 0 2 5 0 0]
 [0 4 0 0 0 0 0 9 0]
 [0 0 0 0 7 0 0 0 0]
 [0 0 9 5 0 4 6 7 0]
 [0 0 0 0 2 6 4 0 9]
 [3 0 1 0 0 7 0 4 0]
 [0 0 0 0 0 9 0 5 0]
 [0 0 0 0 4 0 0 0 2]]
Solution:
[[5 0 8 0 0 1 6 4 0]
 [0 4 0 6 3 2 5 9 7]
 [6 2 1 7 4 5 3 0 8]
 [8 5 7 9 1 0 0 3 2]
 [3 9 0 2 7 4 8 1 6]
 [1 6 2 3 5 8 4 7 9]
 [4 3 0 5 8 7 9 2 1]
 [2 7 6 4 9 3 0 0 5]
 [9 1 5 0 2 6 7 8 4]]
Number of cells unfilled: 14
Accuracy: 82.71604938271605
Sample: 79744
Question:
[[0 0 3 0 0 0 9 0 0]
 [0 0 0 0 0 6 0 0 2]
 [0 0 1 0 9 8 0 3 0]
 [0 9 0 0 1 0 0 0 0]
 [1 0 2 8 0 9 0 6 0]
 [0 3 8 2 6 0 0 0 0]
 [0 0 9 0 0 2 7 4 0]
 [0 0 6 0 0 1 0 0 0]
 [0 2 0 0 3 0 0 0 0]]
Solution:
[[5 7 8 1 0 0 6 4 0]
 [0 4 0 6 3 2 5 9 7]
 [6 2 1 7 4 9 3 0 8]
 [8 5 7 9 1 0 0 3 2]
 [3 9 0 2 7 4 8 1 6]
 [1 6 2 3 5 8 4 7 9]
 [4 3 0 5 8 7 9 2 1]
 [2 8 6 4 9 1 7 0 5]
 [9 1 5 0 2 6 0 8 3]]
Number of cells unfilled: 13
Accuracy: 83.9506172839506
Sample: 79745
Question:
[[0 0 5 0 3 0 0 2 0]
 [0 0 1 0 0 0 0 0 7]
 [0 0 0 0 0 0 9 0 0]
 [0 2 0 8 0 3 0 7 0]
 [0 0 0 0 4 9 2 0 0]
 [8 0 9 0 7 0 3 4 0]
 [0 9 0 0 0 2 0 0 0]
 [3 0 7 0 9 4 0 8 0]
 [0 0 0 0 8 0 7 0 0]]
Solution:
[[5 2 8 1 0 0 6 4 0]
 [0 4 0 6 3 2 5 9 7]
 [6 0 1 7 4 9 3 0 2]
 [8 5 7 9 1 0 2 3 0]
 [3 9 0 2 7 4 8 5 6]
 [1 6 2 3 5 8 4 7 9]
 [4 3 0 5 8 7 9 2 1]
 [2 7 6 4 9 1 0 0 5]
 [9 1 5 0 2 6 7 8 4]]
Number of cells unfilled: 14
Accuracy: 82.71604938271605
Sample: 79746
Question:
[[0 0 5 8 0 0 6 0 0]
 [8 0 0 4 2 0 0 1 5]
 [4 1 0 0 6 0 0 0 0]
 [0 0 0 0 1 0 0 0 0]
 [2 0 0 6 0 0 0 7 0]
 [0 0 0 0 0 8 0 3 0]
 [1 4 0 5 0 0 0 8 2]
 [0 6 0 0 0 0 1 0 0]
 [5 0 2 0 8 0 0 0 0]]
Solution:
[[5 7 8 1 0 0 6 4 0]
 [0 4 0 6 3 2 1 9 7]
 [6 2 1 7 4 9 3 5 8]
 [8 5 7 9 1 0 0 3 2]
 [3 9 0 2 7 4 8 1 6]
 [1 6 2 3 5 8 4 7 9]
 [4 3 0 5 8 7 9 2 1]
 [2 8 6 4 9 1 7 0 5]
 [9 1 5 0 2 6 0 8 4]]
Number of cells unfilled: 12
Accuracy: 85.18518518518519
Sample: 79747
Question:
[[0 0 6 0 0 0 0 0 5]
 [4 0 0 3 0 2 0 0 0]
 [0 1 3 6 5 0 2 4 0]
 [0 6 0 4 1 0 0 0 0]
 [0 0 0 0 0 5 0 0 2]
 [0 0 4 2 0 3 6 1 0]
 [6 0 0 0 0 0 7 0 0]
 [0 2 0 0 0 0 0 0 0]
 [0 0 5 1 0 0 9 0 0]]
Solution:
[[5 7 8 1 0 0 6 4 0]
 [0 4 0 6 3 2 1 9 7]
 [6 0 1 7 4 9 3 5 2]
 [8 5 7 9 1 0 2 3 0]
 [3 9 0 2 7 4 8 1 6]
 [1 6 2 3 5 8 4 7 9]
 [4 3 0 5 8 7 9 2 1]
 [2 8 6 4 9 1 7 0 5]
 [9 1 5 0 2 6 0 8 3]]
Number of cells unfilled: 13
Accuracy: 83.9506172839506
Sample: 79748
Question:
[[0 0 6 0 0 0 8 0 7]
 [2 0 0 0 0 0 0 3 5]
 [3 7 0 0 8 0 6 2 0]
 [0 2 0 0 4 9 0 7 0]
 [0 0 5 0 0 0 0 0 2]
 [0 6 0 0 0 0 0 8 0]
 [0 3 7 0 5 0 0 6 0]
 [0 0 0 0 0 7 0 0 0]
 [5 8 0 2 0 0 0 0 0]]
Solution:
[[5 7 8 1 0 9 6 4 0]
 [0 4 0 6 3 2 1 9 7]
 [6 0 1 7 4 5 3 0 2]
 [8 5 7 9 1 0 2 3 0]
 [3 9 0 2 7 4 8 5 6]
 [1 6 2 3 5 8 4 7 9]
 [4 3 0 5 8 7 9 2 1]
 [2 8 6 4 9 3 7 0 5]
 [9 1 5 0 2 6 0 8 4]]
Number of cells unfilled: 13
Accuracy: 83.9506172839506
Sample: 79749
Question:
[[0 0 6 0 0 5 0 0 4]
 [5 0 0 0 0 0 2 0 0]
 [0 0 7 0 1 9 0 0 0]
 [0 0 0 0 7 0 5 0 0]
 [0 0 0 0 0 0 0 2 6]
 [0 0 4 0 0 0 7 0 3]
 [0 4 5 0 0 6 0 3 7]
 [2 0 3 0 0 0 6 5 0]
 [7 0 0 0 0 0 4 0 0]]
Solution:
[[5 0 8 1 0 9 6 4 0]
 [0 4 0 6 3 2 5 9 7]
 [6 2 1 7 4 5 3 0 8]
 [8 5 7 9 1 0 0 3 2]
 [3 9 0 2 7 4 8 5 6]
 [1 6 2 3 5 8 4 7 9]
 [4 3 0 5 8 7 9 2 1]
 [2 7 6 4 9 3 0 0 5]
 [9 1 5 0 2 6 7 8 4]]
Number of cells unfilled: 13
Accuracy: 83.9506172839506
Sample: 79750
Question:
[[0 0 6 7 2 0 9 1 0]
 [0 0 0 0 0 9 0 8 0]
 [0 7 0 0 0 0 6 0 2]
 [9 0 7 0 0 8 0 0 0]
 [6 0 0 0 0 0 1 9 0]
 [0 2 1 0 6 0 7 0 8]
 [0 9 0 0 0 0 0 0 0]
 [7 0 0 5 0 0 0 0 0]
 [0 0 8 4 0 0 2 0 0]]
Solution:
[[5 2 8 1 0 9 6 4 0]
 [0 4 0 6 3 2 5 9 7]
 [6 0 1 7 4 5 3 0 2]
 [8 5 7 9 1 0 2 3 0]
 [3 9 0 2 7 4 8 5 6]
 [1 6 2 3 5 8 4 7 9]
 [4 3 0 5 8 7 9 2 1]
 [2 8 6 4 9 3 7 0 5]
 [9 1 5 0 2 6 0 8 3]]
Number of cells unfilled: 13
Accuracy: 83.9506172839506
Sample: 79751
Question:
[[0 0 9 0 0 8 0 0 0]
 [8 2 0 3 9 0 0 0 6]
 [0 3 6 2 0 1 0 0 0]
 [9 0 0 6 0 0 0 0 0]
 [3 0 0 8 0 0 0 4 7]
 [0 0 1 0 0 3 0 0 0]
 [2 0 8 9 0 0 0 0 1]
 [0 0 0 0 0 0 0 8 0]
 [6 1 0 0 0 0 3 0 0]]
Solution:
[[5 0 8 1 0 0 6 4 2]
 [0 4 0 6 3 2 5 9 7]
 [6 2 1 7 4 9 3 0 8]
 [8 5 7 9 1 0 2 3 0]
 [3 9 0 2 7 4 8 1 6]
 [1 6 2 3 5 8 4 7 9]
 [4 3 0 5 8 7 9 2 1]
 [2 7 6 4 9 1 0 0 5]
 [9 1 5 0 2 6 7 8 4]]
Number of cells unfilled: 13
Accuracy: 83.9506172839506
Sample: 79752
Question:
[[0 0 9 8 0 7 0 0 0]
 [6 0 0 9 4 0 0 7 0]
 [0 0 0 0 3 0 0 0 0]
 [8 0 0 0 7 0 0 3 0]
 [1 0 2 0 0 0 0 9 0]
 [0 0 0 6 0 0 0 0 8]
 [0 0 0 0 0 8 0 4 6]
 [0 0 0 0 6 0 3 0 9]
 [3 0 0 0 9 4 7 8 0]]
Solution:
[[5 2 8 1 0 9 6 4 0]
 [0 4 0 6 3 2 5 9 7]
 [6 0 1 7 4 5 3 0 2]
 [8 5 7 9 1 0 2 3 0]
 [3 9 0 2 7 4 8 1 6]
 [1 6 2 3 5 8 4 7 9]
 [4 3 0 5 8 7 9 2 1]
 [2 8 6 4 9 3 7 0 5]
 [9 1 5 0 2 6 0 8 4]]
Number of cells unfilled: 13
Accuracy: 83.9506172839506
Sample: 79753
Question:
[[0 1 5 6 0 9 8 0 0]
 [0 2 0 0 5 0 0 0 0]
 [0 0 8 0 0 0 0 0 6]
 [0 0 0 0 0 0 0 0 0]
 [0 0 9 7 0 5 0 0 0]
 [0 0 0 3 0 0 0 6 0]
 [0 0 6 0 0 8 1 0 9]
 [0 5 1 0 0 0 0 0 2]
 [8 9 0 0 2 0 6 5 0]]
Solution:
[[5 0 8 1 0 9 6 4 0]
 [0 4 0 6 3 2 5 9 7]
 [6 2 1 7 4 5 3 0 8]
 [8 5 7 9 1 0 0 3 2]
 [3 9 0 2 7 4 8 1 6]
 [1 6 2 3 5 8 4 7 9]
 [4 3 0 5 8 7 9 2 1]
 [2 7 6 4 9 1 0 0 5]
 [9 1 5 0 2 6 7 8 4]]
Number of cells unfilled: 13
Accuracy: 83.9506172839506
Sample: 79754
Question:
[[0 1 6 0 7 4 0 8 0]
 [4 2 0 1 0 0 7 0 0]
 [0 0 0 2 0 6 0 0 0]
 [0 0 0 0 0 0 0 0 0]
 [0 0 1 0 0 0 0 0 9]
 [0 8 0 4 0 0 6 0 3]
 [1 0 0 7 0 0 0 0 0]
 [0 7 8 6 0 2 4 0 1]
 [0 0 0 0 0 8 0 6 0]]
Solution:
[[5 0 8 1 0 0 6 4 0]
 [0 4 0 6 3 2 5 9 7]
 [6 2 1 7 4 9 3 0 8]
 [8 5 7 9 1 0 0 3 2]
 [3 9 0 2 7 4 8 5 6]
 [1 6 2 3 5 8 4 7 9]
 [4 3 0 5 8 7 9 2 1]
 [2 7 6 4 9 3 0 0 5]
 [9 1 5 0 2 6 7 8 3]]
Number of cells unfilled: 14
Accuracy: 82.71604938271605
Sample: 79755
Question:
[[0 2 0 0 0 0 4 8 0]
 [3 8 0 0 0 1 0 9 0]
 [4 0 9 2 0 0 3 0 1]
 [1 0 0 0 5 0 9 0 0]
 [0 0 8 0 0 0 0 0 0]
 [0 3 0 0 6 0 0 0 0]
 [0 0 0 0 0 8 0 1 0]
 [0 0 3 0 0 0 2 0 0]
 [2 0 0 9 3 0 8 4 0]]
Solution:
[[5 2 8 1 0 9 6 4 0]
 [0 4 0 6 3 2 5 9 7]
 [6 0 1 7 4 5 3 0 8]
 [8 5 7 9 1 0 2 3 0]
 [3 9 0 2 7 4 8 5 6]
 [1 6 2 3 5 8 4 7 9]
 [4 3 0 5 8 7 9 2 1]
 [2 7 6 4 9 3 0 0 5]
 [9 1 5 0 2 6 7 8 4]]
Number of cells unfilled: 13
Accuracy: 83.9506172839506
Sample: 79756
Question:
[[0 3 0 0 0 0 0 0 2]
 [2 0 0 6 0 0 7 0 0]
 [7 5 0 4 0 0 0 6 0]
 [0 0 2 5 0 6 0 0 0]
 [0 7 5 2 4 0 0 3 0]
 [4 0 0 0 3 7 0 0 0]
 [6 0 0 0 0 2 0 0 0]
 [0 0 0 7 0 0 9 8 0]
 [0 4 0 3 0 0 0 0 0]]
Solution:
[[5 7 8 1 0 9 6 4 2]
 [0 4 0 6 3 2 1 9 7]
 [6 2 1 7 4 5 3 0 8]
 [8 5 7 9 1 0 2 3 0]
 [3 9 0 2 7 4 8 5 6]
 [1 6 2 3 5 8 4 7 9]
 [4 3 0 5 8 7 9 2 1]
 [2 8 6 4 9 1 7 0 5]
 [9 1 5 0 2 6 0 8 4]]
Number of cells unfilled: 11
Accuracy: 86.41975308641975
Sample: 79757
Question:
[[0 3 2 0 0 1 0 7 8]
 [0 0 0 0 3 8 2 0 0]
 [5 0 0 0 0 0 0 0 1]
 [0 6 0 0 0 0 1 0 0]
 [0 9 0 0 0 7 0 0 5]
 [0 0 0 0 0 0 0 3 0]
 [3 0 0 1 5 0 0 0 0]
 [0 0 0 7 0 2 0 0 0]
 [0 1 7 0 8 3 5 0 2]]
Solution:
[[5 0 8 1 0 9 6 4 0]
 [0 4 0 6 3 2 5 9 7]
 [6 2 1 7 4 5 3 0 8]
 [8 5 7 9 1 0 0 3 2]
 [3 9 0 2 7 4 8 1 6]
 [1 6 2 3 5 8 4 7 9]
 [4 3 0 5 8 7 9 2 1]
 [2 7 6 4 9 1 0 0 5]
 [9 1 5 0 2 6 7 8 4]]
Number of cells unfilled: 13
Accuracy: 83.9506172839506
Sample: 79758
Question:
[[0 5 0 0 0 9 0 0 0]
 [0 0 6 0 0 0 0 0 0]
 [8 0 0 0 0 2 0 0 4]
 [1 8 0 0 4 5 0 7 6]
 [0 0 0 6 0 0 5 8 0]
 [0 0 0 0 0 0 4 0 1]
 [0 1 0 0 0 0 0 6 7]
 [5 6 0 8 0 0 0 0 0]
 [7 0 4 0 1 0 0 0 5]]
Solution:
[[5 0 8 1 0 9 6 4 0]
 [0 4 0 6 3 2 5 9 7]
 [6 2 1 7 4 5 3 0 8]
 [8 5 7 9 1 0 0 3 2]
 [3 9 0 2 7 4 8 1 6]
 [1 6 2 3 5 8 4 7 9]
 [4 3 0 5 8 7 9 2 1]
 [2 7 6 4 9 3 0 0 5]
 [9 1 5 0 2 6 7 8 3]]
Number of cells unfilled: 13
Accuracy: 83.9506172839506
Sample: 79759
Question:
[[0 5 0 7 0 0 0 4 0]
 [0 0 0 8 1 0 0 3 0]
 [9 0 0 0 0 0 7 0 0]
 [4 0 7 0 0 0 9 2 0]
 [0 3 2 4 0 0 0 7 5]
 [0 0 0 0 0 0 0 0 0]
 [7 0 5 0 3 0 0 9 0]
 [0 4 0 0 0 0 0 0 3]
 [3 2 0 9 0 0 0 5 0]]
Solution:
[[5 0 8 1 0 9 6 4 2]
 [0 4 0 6 3 2 5 9 7]
 [6 2 1 7 4 5 3 0 8]
 [8 5 7 9 1 0 2 3 0]
 [3 9 0 2 7 4 8 5 6]
 [1 6 2 3 5 8 4 7 9]
 [4 3 0 5 8 7 9 2 1]
 [2 7 6 4 9 3 0 0 5]
 [9 1 5 0 2 6 7 8 3]]
Number of cells unfilled: 12
Accuracy: 85.18518518518519
Sample: 79760
Question:
[[0 6 0 0 0 8 0 0 0]
 [0 0 4 0 1 0 0 0 0]
 [0 0 0 0 2 0 9 0 5]
 [4 8 0 0 0 0 0 0 2]
 [6 0 1 2 0 0 0 8 0]
 [0 2 7 0 4 0 6 0 0]
 [0 0 0 0 0 0 0 0 0]
 [8 1 0 0 7 6 0 0 0]
 [7 0 2 4 8 0 1 0 0]]
Solution:
[[5 7 8 1 0 9 6 4 0]
 [0 4 0 6 3 2 5 9 7]
 [6 2 1 7 4 5 3 0 8]
 [8 5 7 9 1 0 0 3 2]
 [3 9 0 2 7 4 8 5 6]
 [1 6 2 3 5 8 4 7 9]
 [4 3 0 5 8 7 9 2 1]
 [2 8 6 4 9 1 7 0 5]
 [9 1 5 0 2 6 0 8 3]]
Number of cells unfilled: 12
Accuracy: 85.18518518518519
Sample: 79761
Question:
[[0 6 0 9 1 0 0 7 8]
 [0 0 0 6 0 7 0 0 0]
 [0 0 0 0 2 8 9 0 0]
 [0 2 0 7 0 0 0 0 5]
 [9 0 0 0 0 0 0 0 0]
 [0 0 8 0 0 0 0 0 3]
 [0 8 9 0 0 0 2 0 0]
 [0 0 6 1 9 0 0 0 0]
 [7 1 0 8 0 2 0 6 0]]
Solution:
[[5 7 8 1 0 9 6 4 0]
 [0 4 0 6 3 2 1 9 7]
 [6 2 1 7 4 5 3 0 8]
 [8 5 7 9 1 0 0 3 2]
 [3 9 0 2 7 4 8 5 6]
 [1 6 2 3 5 8 4 7 9]
 [4 3 0 5 8 7 9 2 1]
 [2 8 6 4 9 3 7 0 5]
 [9 1 5 0 2 6 0 8 4]]
Number of cells unfilled: 12
Accuracy: 85.18518518518519
Sample: 79762
Question:
[[0 7 0 9 4 0 8 0 1]
 [0 0 0 5 0 0 0 4 0]
 [8 0 0 0 7 1 0 0 0]
 [4 0 0 0 0 0 0 0 0]
 [0 5 0 0 1 0 2 0 0]
 [0 0 8 0 0 0 3 0 0]
 [5 0 0 4 9 0 0 0 0]
 [1 9 0 0 8 0 0 0 7]
 [0 8 4 0 0 7 0 5 0]]
Solution:
[[5 0 8 1 0 9 6 4 0]
 [0 4 0 6 3 2 5 9 7]
 [6 2 1 7 4 5 3 0 8]
 [8 5 7 9 1 0 0 3 2]
 [3 9 0 2 7 4 8 5 6]
 [1 6 2 3 5 8 4 7 9]
 [4 3 0 5 8 7 9 2 1]
 [2 7 6 4 9 3 0 0 5]
 [9 1 5 0 2 6 7 8 4]]
Number of cells unfilled: 13
Accuracy: 83.9506172839506
Sample: 79763
Question:
[[0 8 0 0 0 0 0 0 0]
 [1 3 0 0 4 6 0 7 8]
 [7 0 6 3 0 0 0 0 0]
 [0 0 0 0 0 5 0 6 0]
 [0 0 0 0 0 0 3 0 0]
 [0 4 0 0 0 9 0 0 7]
 [3 1 0 0 0 0 0 8 0]
 [0 6 0 0 8 0 4 0 1]
 [4 0 0 7 0 0 0 3 6]]
Solution:
[[5 7 8 1 0 0 6 4 0]
 [0 4 0 6 3 2 1 9 7]
 [6 2 1 7 4 9 3 5 8]
 [8 5 7 9 1 0 0 3 2]
 [3 9 0 2 7 4 8 1 6]
 [1 6 2 3 5 8 4 7 9]
 [4 3 0 5 8 7 9 2 1]
 [2 8 6 4 9 1 0 0 5]
 [9 1 5 0 2 6 7 8 4]]
Number of cells unfilled: 12
Accuracy: 85.18518518518519
Sample: 79764
Question:
[[0 9 0 0 0 6 0 0 2]
 [0 0 0 0 0 4 3 0 0]
 [0 0 0 0 0 0 0 5 0]
 [2 0 3 0 5 0 0 0 0]
 [0 1 9 0 0 0 0 0 0]
 [7 5 0 9 0 3 0 0 1]
 [0 3 0 1 0 5 0 9 7]
 [0 0 0 0 2 0 0 0 3]
 [5 7 0 0 0 0 1 2 0]]
Solution:
[[5 0 8 1 0 9 6 4 2]
 [0 4 0 6 3 2 1 9 7]
 [6 2 1 7 4 5 3 0 8]
 [8 5 7 9 1 0 2 3 0]
 [3 9 0 2 7 4 8 5 6]
 [1 6 2 3 5 8 4 7 9]
 [4 3 0 5 8 7 9 2 1]
 [2 7 6 4 9 1 0 0 5]
 [9 1 5 0 2 6 7 8 3]]
Number of cells unfilled: 12
Accuracy: 85.18518518518519
Sample: 79765
Question:
[[0 9 0 0 4 0 2 1 0]
 [0 0 0 3 0 2 0 0 0]
 [4 0 0 1 0 0 0 3 7]
 [0 0 5 0 0 0 1 0 0]
 [0 0 0 0 0 0 0 0 0]
 [2 0 8 7 0 0 0 9 0]
 [0 2 0 0 1 9 0 0 0]
 [7 0 1 2 0 3 9 4 0]
 [0 0 0 4 7 0 0 0 0]]
Solution:
[[5 0 8 1 0 0 6 4 0]
 [0 4 0 6 3 2 1 9 7]
 [6 2 1 7 4 9 3 5 8]
 [8 5 7 9 1 0 0 3 2]
 [3 9 0 2 7 4 8 1 6]
 [1 6 2 3 5 8 4 7 9]
 [4 3 0 5 8 7 9 2 1]
 [2 7 6 4 9 1 0 0 5]
 [9 1 5 0 2 6 7 8 3]]
Number of cells unfilled: 13
Accuracy: 83.9506172839506
Sample: 79766
Question:
[[0 9 0 3 0 0 0 0 0]
 [0 0 6 0 7 5 0 0 0]
 [8 0 5 9 0 6 0 3 0]
 [0 6 0 0 0 7 8 0 0]
 [3 0 0 8 0 0 0 0 6]
 [5 8 0 0 0 9 0 7 0]
 [9 0 0 0 0 3 0 0 0]
 [0 0 0 0 0 8 2 4 0]
 [0 7 0 0 6 0 0 0 0]]
Solution:
[[5 7 8 1 0 0 6 4 2]
 [0 4 0 6 3 2 1 9 7]
 [6 2 1 7 4 9 3 5 8]
 [8 5 7 9 1 0 2 3 0]
 [3 9 0 2 7 4 8 1 6]
 [1 6 2 3 5 8 4 7 9]
 [4 3 0 5 8 7 9 2 1]
 [2 8 6 4 9 3 7 0 5]
 [9 1 5 0 2 6 0 8 3]]
Number of cells unfilled: 11
Accuracy: 86.41975308641975
Sample: 79767
Question:
[[0 9 2 0 0 0 0 0 0]
 [1 0 5 0 9 3 0 2 0]
 [6 3 0 5 0 0 0 0 0]
 [0 0 0 0 0 0 5 0 0]
 [0 0 9 0 0 4 0 6 0]
 [0 0 0 0 0 7 0 0 3]
 [5 0 1 0 0 0 0 0 2]
 [0 6 3 0 2 5 9 1 0]
 [0 0 0 6 0 0 0 3 0]]
Solution:
[[5 2 8 1 0 0 6 4 0]
 [0 4 0 6 3 2 1 9 7]
 [6 0 1 7 4 9 3 5 2]
 [8 5 7 9 1 0 2 3 0]
 [3 9 0 2 7 4 8 1 6]
 [1 6 2 3 5 8 4 7 9]
 [4 3 0 5 8 7 9 2 1]
 [2 7 6 4 9 1 0 0 5]
 [9 1 5 0 2 6 7 8 3]]
Number of cells unfilled: 13
Accuracy: 83.9506172839506
Sample: 79768
Question:
[[0 9 6 7 0 1 4 0 0]
 [1 0 0 0 9 4 0 0 0]
 [0 0 7 6 8 0 0 0 0]
 [7 0 0 0 0 0 0 0 9]
 [0 4 8 0 0 0 0 7 0]
 [9 6 0 1 0 0 8 0 0]
 [0 1 0 4 0 0 0 0 0]
 [8 0 0 0 7 0 0 0 0]
 [0 0 0 9 0 0 5 0 2]]
Solution:
[[5 7 8 1 0 9 6 4 2]
 [0 4 0 6 3 2 5 9 7]
 [6 2 1 7 4 5 3 0 8]
 [8 5 7 9 1 0 2 3 0]
 [3 9 0 2 7 4 8 1 6]
 [1 6 2 3 5 8 4 7 9]
 [4 3 0 5 8 7 9 2 1]
 [2 8 6 4 9 3 7 0 5]
 [9 1 5 0 2 6 0 8 3]]
Number of cells unfilled: 11
Accuracy: 86.41975308641975
Sample: 79769
Question:
[[1 0 0 0 0 0 0 0 0]
 [0 9 8 7 0 0 0 0 0]
 [7 0 2 0 9 4 1 8 0]
 [9 0 0 0 0 1 2 0 4]
 [0 1 4 8 0 0 9 7 0]
 [2 0 7 0 0 0 0 0 0]
 [0 0 0 0 0 0 0 0 0]
 [4 0 0 0 6 7 8 0 0]
 [0 0 0 0 5 0 0 9 0]]
Solution:
[[5 7 8 1 0 9 6 4 2]
 [0 4 0 6 3 2 5 9 7]
 [6 2 1 7 4 5 3 0 8]
 [8 5 7 9 1 0 2 3 0]
 [3 9 0 2 7 4 8 5 6]
 [1 6 2 3 5 8 4 7 9]
 [4 3 0 5 8 7 9 2 1]
 [2 8 6 4 9 3 7 0 5]
 [9 1 5 0 2 6 0 8 4]]
Number of cells unfilled: 11
Accuracy: 86.41975308641975
Sample: 79770
Question:
[[2 0 0 0 0 0 0 0 8]
 [5 0 0 4 0 0 3 0 0]
 [0 0 0 0 0 0 0 9 0]
 [0 0 0 6 9 0 0 0 1]
 [0 3 0 0 4 0 8 0 9]
 [0 0 1 8 0 0 6 4 0]
 [8 0 4 9 6 0 1 0 3]
 [0 0 0 1 0 0 0 8 0]
 [0 9 0 0 3 0 0 0 0]]
Solution:
[[5 7 8 1 0 0 6 4 2]
 [0 4 0 6 3 2 1 9 7]
 [6 2 1 7 4 9 3 5 8]
 [8 5 7 9 1 0 2 3 0]
 [3 9 0 2 7 4 8 1 6]
 [1 6 2 3 5 8 4 7 9]
 [4 3 0 5 8 7 9 2 1]
 [2 8 6 4 9 1 7 0 5]
 [9 1 5 0 2 6 0 8 4]]
Number of cells unfilled: 11
Accuracy: 86.41975308641975
Sample: 79771
Question:
[[2 0 0 4 9 0 0 0 5]
 [0 5 0 0 0 0 6 0 0]
 [1 0 0 0 0 0 0 0 7]
 [3 6 0 0 0 0 0 5 0]
 [0 2 1 0 0 0 7 0 0]
 [5 0 7 0 1 0 0 3 2]
 [7 0 0 0 6 0 2 0 3]
 [6 0 0 2 0 0 0 0 0]
 [0 0 0 0 0 5 0 0 1]]
Solution:
[[5 7 8 1 0 0 6 4 2]
 [0 4 0 6 3 2 5 9 7]
 [6 2 1 7 4 9 3 0 8]
 [8 5 7 9 1 0 2 3 0]
 [3 9 0 2 7 4 8 1 6]
 [1 6 2 3 5 8 4 7 9]
 [4 3 0 5 8 7 9 2 1]
 [2 8 6 4 9 1 7 0 5]
 [9 1 5 0 2 6 0 8 3]]
Number of cells unfilled: 12
Accuracy: 85.18518518518519
Sample: 79772
Question:
[[3 1 0 0 0 0 4 0 0]
 [0 0 6 0 0 0 0 0 0]
 [0 4 8 0 0 6 1 0 7]
 [0 0 7 0 4 0 3 0 6]
 [0 0 0 7 0 0 8 0 0]
 [0 8 0 0 0 3 0 7 1]
 [0 7 0 5 0 2 0 0 4]
 [4 0 0 0 0 0 0 3 0]
 [0 6 0 0 0 0 0 0 8]]
Solution:
[[5 7 8 1 0 0 6 4 2]
 [0 4 0 6 3 2 1 9 7]
 [6 2 1 7 4 9 3 5 8]
 [8 5 7 9 1 0 2 3 0]
 [3 9 0 2 7 4 8 1 6]
 [1 6 2 3 5 8 4 7 9]
 [4 3 0 5 8 7 9 2 1]
 [2 8 6 4 9 1 7 0 5]
 [9 1 5 0 2 6 0 8 4]]
Number of cells unfilled: 11
Accuracy: 86.41975308641975
Sample: 79773
Question:
[[4 0 0 2 0 0 0 0 0]
 [6 0 0 0 8 0 0 7 0]
 [0 0 0 0 0 3 0 0 0]
 [2 0 7 0 1 0 0 3 9]
 [0 0 0 0 0 0 0 1 0]
 [0 3 0 0 0 0 2 0 8]
 [0 0 0 0 0 8 0 9 3]
 [0 8 0 3 2 0 1 0 7]
 [0 0 1 0 9 7 0 2 0]]
Solution:
[[5 7 8 1 0 9 6 4 0]
 [0 4 0 6 3 2 1 9 7]
 [6 2 1 7 4 5 3 0 8]
 [8 5 7 9 1 0 0 3 2]
 [3 9 0 2 7 4 8 5 6]
 [1 6 2 3 5 8 4 7 9]
 [4 3 0 5 8 7 9 2 1]
 [2 8 6 4 9 1 7 0 5]
 [9 1 5 0 2 6 0 8 4]]
Number of cells unfilled: 12
Accuracy: 85.18518518518519
Sample: 79774
Question:
[[4 1 0 0 0 5 0 0 0]
 [7 0 0 0 0 9 3 0 0]
 [0 0 0 0 7 0 0 0 8]
 [0 0 0 9 0 0 0 0 0]
 [0 0 0 0 8 2 0 7 0]
 [9 0 0 3 0 7 5 2 0]
 [8 0 0 0 0 3 2 0 5]
 [0 5 0 0 0 8 0 3 7]
 [0 0 0 5 0 0 9 0 0]]
Solution:
[[5 0 8 1 0 9 6 4 2]
 [0 4 0 6 3 2 5 9 7]
 [6 2 1 7 4 5 3 0 8]
 [8 5 7 9 1 0 2 3 0]
 [3 9 0 2 7 4 8 1 6]
 [1 6 2 3 5 8 4 7 9]
 [4 3 0 5 8 7 9 2 1]
 [2 7 6 4 9 1 0 0 5]
 [9 1 5 0 2 6 7 8 3]]
Number of cells unfilled: 12
Accuracy: 85.18518518518519
Sample: 79775
Question:
[[4 3 0 1 6 0 2 5 0]
 [0 0 1 0 2 0 0 0 0]
 [0 0 0 5 0 0 0 0 3]
 [0 0 0 6 1 0 5 0 0]
 [0 0 2 0 4 0 0 3 0]
 [5 1 0 3 0 0 0 6 4]
 [0 8 0 4 0 0 0 2 0]
 [0 0 0 0 0 0 0 0 1]
 [0 9 0 0 0 0 3 0 0]]
Solution:
[[5 0 8 0 0 1 6 4 0]
 [0 4 0 6 3 2 1 9 7]
 [6 2 1 7 4 9 3 0 8]
 [8 5 7 9 1 0 0 3 2]
 [3 9 0 2 7 4 8 5 6]
 [1 6 2 3 5 8 4 7 9]
 [4 3 0 5 8 7 9 2 1]
 [2 7 6 4 9 3 0 0 5]
 [9 1 5 0 2 6 7 8 4]]
Number of cells unfilled: 14
Accuracy: 82.71604938271605
Sample: 79776
Question:
[[6 5 0 7 3 0 0 0 8]
 [0 2 0 0 0 6 0 0 0]
 [8 0 0 0 0 0 0 7 0]
 [0 0 0 0 0 0 0 6 0]
 [3 0 0 1 0 0 0 0 2]
 [0 0 0 9 0 0 7 0 0]
 [5 6 0 0 0 0 0 2 0]
 [7 0 0 0 8 0 0 3 5]
 [0 3 8 0 0 2 6 0 7]]
Solution:
[[5 0 8 1 0 0 6 4 2]
 [0 4 0 6 3 2 1 9 7]
 [6 2 1 7 4 9 3 5 8]
 [8 5 7 9 1 0 2 3 0]
 [3 9 0 2 7 4 8 1 6]
 [1 6 2 3 5 8 4 7 9]
 [4 3 0 5 8 7 9 2 1]
 [2 7 6 4 9 1 0 0 5]
 [9 1 5 0 2 6 7 8 4]]
Number of cells unfilled: 12
Accuracy: 85.18518518518519
Sample: 79777
Question:
[[8 0 2 0 1 0 3 9 0]
 [0 9 0 0 0 2 8 0 7]
 [3 7 0 0 0 0 0 0 1]
 [0 0 0 5 0 0 0 0 8]
 [0 0 0 0 0 0 0 7 0]
 [9 0 0 6 0 0 2 0 0]
 [1 0 0 0 0 0 0 0 0]
 [7 3 0 8 9 0 1 0 0]
 [0 2 8 0 0 7 0 0 0]]
Solution:
[[5 0 8 0 0 1 6 4 0]
 [0 4 0 6 3 2 5 9 7]
 [6 2 1 7 4 9 3 0 8]
 [8 5 7 9 1 0 0 3 2]
 [3 9 0 2 7 4 8 5 6]
 [1 6 2 3 5 8 4 7 9]
 [4 3 0 5 8 7 9 2 1]
 [2 7 6 4 9 3 0 0 5]
 [9 1 5 0 2 6 7 8 3]]
Number of cells unfilled: 14
Accuracy: 82.71604938271605
Sample: 79778
Question:
[[8 0 4 1 0 3 0 7 0]
 [0 0 0 0 0 7 0 0 0]
 [0 0 1 4 2 0 0 0 0]
 [3 0 0 7 0 0 0 1 0]
 [0 0 0 8 0 0 9 5 0]
 [0 2 0 0 1 0 0 0 0]
 [7 0 2 0 0 8 0 0 0]
 [0 1 3 0 0 0 8 0 0]
 [4 8 0 3 0 0 0 0 0]]
Solution:
[[5 2 8 1 0 9 6 4 0]
 [0 4 0 6 3 2 5 9 7]
 [6 0 1 7 4 5 3 0 2]
 [8 5 7 9 1 0 2 3 0]
 [3 9 0 2 7 4 8 5 6]
 [1 6 2 3 5 8 4 7 9]
 [4 3 0 5 8 7 9 2 1]
 [2 7 6 4 9 3 0 0 5]
 [9 1 5 0 2 6 7 8 3]]
Number of cells unfilled: 13
Accuracy: 83.9506172839506
Sample: 79779
Question:
[[8 0 4 3 7 0 0 0 0]
 [0 3 2 5 0 0 0 0 8]
 [7 5 0 0 2 0 0 4 0]
 [0 0 0 8 0 0 0 0 0]
 [0 0 0 0 4 5 0 7 0]
 [0 8 0 7 3 0 5 0 2]
 [0 4 0 2 0 0 1 0 0]
 [5 0 0 0 0 0 6 0 0]
 [0 0 7 0 0 0 0 0 0]]
Solution:
[[5 2 8 1 0 9 6 4 0]
 [0 4 0 6 3 2 5 9 7]
 [6 0 1 7 4 5 3 0 2]
 [8 5 7 9 1 0 2 3 0]
 [3 9 0 2 7 4 8 5 6]
 [1 6 2 3 5 8 4 7 9]
 [4 3 0 5 8 7 9 2 1]
 [2 7 6 4 9 1 0 0 5]
 [9 1 5 0 2 6 7 8 3]]
Number of cells unfilled: 13
Accuracy: 83.9506172839506
Sample: 79780
Question:
[[9 7 0 0 0 0 0 5 6]
 [0 5 8 0 9 0 0 0 0]
 [2 0 6 0 0 7 0 0 8]
 [0 0 7 8 0 2 0 6 5]
 [0 0 0 0 5 0 0 9 0]
 [8 0 0 0 0 0 2 0 7]
 [0 8 0 4 0 0 0 0 0]
 [0 0 9 1 0 0 0 0 2]
 [5 0 0 0 0 0 0 0 0]]
Solution:
[[5 0 8 0 0 1 6 4 0]
 [0 4 0 6 3 2 1 9 7]
 [6 2 1 7 4 9 3 0 8]
 [8 5 7 9 1 0 0 3 2]
 [3 9 0 2 7 4 8 5 6]
 [1 6 2 3 5 8 4 7 9]
 [4 3 0 5 8 7 9 2 1]
 [2 7 6 4 9 3 0 0 5]
 [9 1 5 0 2 6 7 8 4]]
Number of cells unfilled: 14
Accuracy: 82.71604938271605
Sample: 79781
Question:
[[0 6 0 0 0 0 0 3 0]
 [8 0 0 6 0 0 0 0 7]
 [0 9 2 0 7 0 0 0 0]
 [0 0 0 0 0 9 4 0 3]
 [9 0 0 0 6 0 0 8 5]
 [0 2 0 5 0 0 0 1 0]
 [0 0 0 0 5 0 3 0 0]
 [0 4 0 8 1 0 0 0 0]
 [5 0 0 0 0 6 0 0 1]]
Solution:
[[5 7 8 0 0 1 6 4 2]
 [0 4 0 6 3 2 5 9 7]
 [6 2 1 7 4 5 3 0 8]
 [8 5 7 9 1 0 2 3 0]
 [3 9 0 2 7 4 8 5 6]
 [1 6 2 3 5 8 4 7 9]
 [4 3 0 5 8 7 9 2 1]
 [2 8 6 4 9 3 7 0 5]
 [9 1 5 0 2 6 0 8 3]]
Number of cells unfilled: 12
Accuracy: 85.18518518518519
Sample: 79782
Question:
[[0 9 0 0 0 0 0 6 1]
 [0 0 4 0 0 0 0 2 8]
 [0 8 0 2 0 0 7 0 0]
 [3 0 0 0 4 0 0 0 0]
 [0 0 9 0 0 5 0 0 0]
 [0 6 0 1 0 0 0 7 0]
 [0 2 0 8 1 0 0 0 7]
 [0 0 7 0 5 0 0 1 0]
 [9 0 0 0 0 3 0 0 0]]
Solution:
[[5 7 8 1 0 0 6 4 2]
 [0 4 0 6 3 2 5 9 7]
 [6 2 1 7 4 9 3 0 8]
 [8 5 7 9 1 0 2 3 0]
 [3 9 0 2 7 4 8 1 6]
 [1 6 2 3 5 8 4 7 9]
 [4 3 0 5 8 7 9 2 1]
 [2 8 6 4 9 3 7 0 5]
 [9 1 5 0 2 6 0 8 4]]
Number of cells unfilled: 12
Accuracy: 85.18518518518519
Sample: 79783
Question:
[[6 0 0 7 0 0 0 9 0]
 [0 4 0 0 0 0 0 0 5]
 [0 0 8 0 3 0 0 0 0]
 [0 0 0 0 0 2 0 0 0]
 [1 0 0 9 0 0 0 7 0]
 [7 0 3 1 0 8 0 6 0]
 [0 0 0 0 1 7 0 8 0]
 [8 0 0 0 0 0 0 0 0]
 [0 0 0 8 0 0 9 0 6]]
Solution:
[[5 7 8 1 0 9 6 4 2]
 [0 4 0 6 3 2 5 9 7]
 [6 2 1 7 4 5 3 0 8]
 [8 5 7 9 1 0 2 3 0]
 [3 9 0 2 7 4 8 5 6]
 [1 6 2 3 5 8 4 7 9]
 [4 3 0 5 8 7 9 2 1]
 [2 8 6 4 9 3 7 0 5]
 [9 1 5 0 2 6 0 8 4]]
Number of cells unfilled: 11
Accuracy: 86.41975308641975
Sample: 79784
Question:
[[0 5 0 7 0 9 1 0 0]
 [0 7 0 1 0 0 0 9 0]
 [0 0 0 0 0 0 0 0 6]
 [7 9 3 0 5 0 8 0 0]
 [0 0 0 0 0 0 0 0 0]
 [0 0 2 0 7 0 0 0 0]
 [1 2 0 0 8 4 9 5 0]
 [0 8 0 0 1 0 0 0 4]
 [5 0 4 0 0 0 7 0 8]]
Solution:
[[5 7 8 1 0 0 6 4 0]
 [0 4 0 6 3 2 1 9 7]
 [6 2 1 7 4 9 3 0 8]
 [8 5 7 9 1 0 0 3 2]
 [3 9 0 2 7 4 8 5 6]
 [1 6 2 3 5 8 4 7 9]
 [4 3 0 5 8 7 9 2 1]
 [2 8 6 4 9 3 7 0 5]
 [9 1 5 0 2 6 0 8 4]]
Number of cells unfilled: 13
Accuracy: 83.9506172839506
Sample: 79785
Question:
[[0 0 0 0 0 0 3 0 0]
 [0 0 0 7 0 0 0 1 0]
 [1 0 0 0 3 0 0 0 8]
 [4 0 0 6 0 9 0 0 0]
 [0 0 9 0 0 8 0 0 4]
 [0 1 8 0 4 0 0 0 0]
 [8 0 0 0 6 0 0 0 1]
 [9 0 0 0 8 0 0 3 6]
 [0 5 0 0 0 0 0 2 0]]
Solution:
[[5 7 8 0 0 1 6 4 2]
 [0 4 0 6 3 2 1 9 7]
 [6 2 1 7 4 9 3 5 8]
 [8 5 7 9 1 0 2 3 0]
 [3 9 0 2 7 4 8 1 6]
 [1 6 2 3 5 8 4 7 9]
 [4 3 0 5 8 7 9 2 1]
 [2 8 6 4 9 3 7 0 5]
 [9 1 5 0 2 6 0 8 4]]
Number of cells unfilled: 11
Accuracy: 86.41975308641975
Sample: 79786
Question:
[[0 0 0 0 7 4 0 0 0]
 [0 0 0 0 6 0 0 5 0]
 [0 4 6 3 0 0 0 0 2]
 [0 0 0 0 0 7 0 0 0]
 [8 0 0 9 0 0 0 0 0]
 [0 7 4 0 3 0 0 0 9]
 [0 0 0 0 0 0 2 0 0]
 [0 6 9 0 0 3 0 0 4]
 [1 2 0 0 4 0 0 9 0]]
Solution:
[[5 0 8 1 0 0 6 4 0]
 [0 4 0 6 3 2 1 9 7]
 [6 2 1 7 4 9 3 5 8]
 [8 5 7 9 1 0 0 3 2]
 [3 9 0 2 7 4 8 1 6]
 [1 6 2 3 5 8 4 7 9]
 [4 3 0 5 8 7 9 2 1]
 [2 7 6 4 9 3 0 0 5]
 [9 1 5 0 2 6 7 8 3]]
Number of cells unfilled: 13
Accuracy: 83.9506172839506
Sample: 79787
Question:
[[0 0 9 0 0 0 2 0 0]
 [6 0 0 0 2 0 0 0 4]
 [0 0 4 0 0 0 0 6 0]
 [5 0 0 2 0 4 0 0 0]
 [0 3 8 0 5 0 0 0 0]
 [0 0 0 0 0 3 0 0 5]
 [0 0 0 1 0 0 7 0 0]
 [8 0 0 0 4 0 0 0 2]
 [4 0 0 0 3 0 6 0 8]]
Solution:
[[5 0 8 1 0 9 6 4 2]
 [0 4 0 6 3 2 1 9 7]
 [6 2 1 7 4 5 3 0 8]
 [8 5 7 9 1 0 2 3 0]
 [3 9 0 2 7 4 8 5 6]
 [1 6 2 3 5 8 4 7 9]
 [4 3 0 5 8 7 9 2 1]
 [2 7 6 4 9 1 0 0 5]
 [9 1 5 0 2 6 7 8 3]]
Number of cells unfilled: 12
Accuracy: 85.18518518518519
Sample: 79788
Question:
[[0 3 0 0 0 0 0 0 6]
 [2 7 0 0 6 0 0 0 0]
 [0 0 6 3 0 4 0 0 0]
 [0 0 0 0 0 0 5 0 0]
 [0 0 0 0 0 9 0 2 0]
 [0 0 2 0 5 0 0 0 7]
 [0 0 3 0 7 0 0 5 4]
 [1 0 0 6 0 0 0 8 0]
 [0 0 7 0 4 0 0 0 2]]
Solution:
[[5 0 8 1 0 9 6 4 0]
 [0 4 0 6 3 2 1 9 7]
 [6 2 1 7 4 5 3 0 8]
 [8 5 7 9 1 0 0 3 2]
 [3 9 0 2 7 4 8 5 6]
 [1 6 2 3 5 8 4 7 9]
 [4 3 0 5 8 7 9 2 1]
 [2 7 6 4 9 1 0 0 5]
 [9 1 5 0 2 6 7 8 3]]
Number of cells unfilled: 13
Accuracy: 83.9506172839506
Sample: 79789
Question:
[[0 3 0 7 0 0 0 9 0]
 [0 0 0 0 5 0 0 0 8]
 [0 7 0 6 0 0 0 3 1]
 [9 0 0 0 0 0 1 0 0]
 [0 0 4 0 0 0 0 0 9]
 [0 1 0 9 0 0 0 7 0]
 [0 2 0 0 9 7 0 0 0]
 [6 0 3 2 0 0 0 0 0]
 [0 0 0 0 0 6 0 2 0]]
Solution:
[[5 2 8 1 0 0 6 4 0]
 [0 4 0 6 3 2 1 9 7]
 [6 0 1 7 4 9 3 5 2]
 [8 5 7 9 1 0 2 3 0]
 [3 9 0 2 7 4 8 1 6]
 [1 6 2 3 5 8 4 7 9]
 [4 3 0 5 8 7 9 2 1]
 [2 8 6 4 9 1 7 0 5]
 [9 1 5 0 2 6 0 8 3]]
Number of cells unfilled: 13
Accuracy: 83.9506172839506
Sample: 79790
Question:
[[3 0 1 0 9 0 0 0 4]
 [0 0 6 5 0 0 0 8 0]
 [2 0 0 0 3 0 0 0 9]
 [0 1 0 0 0 0 0 0 0]
 [9 0 0 0 1 0 0 4 2]
 [0 0 2 0 0 7 0 0 0]
 [0 0 0 4 0 3 0 0 5]
 [5 0 0 0 0 0 0 0 0]
 [0 0 0 0 5 0 9 2 0]]
Solution:
[[5 7 8 1 0 0 6 4 0]
 [0 4 0 6 3 2 1 9 7]
 [6 0 1 7 4 9 3 5 2]
 [8 5 7 9 1 0 2 3 0]
 [3 9 0 2 7 4 8 1 6]
 [1 6 2 3 5 8 4 7 9]
 [4 3 0 5 8 7 9 2 1]
 [2 8 6 4 9 3 7 0 5]
 [9 1 5 0 2 6 0 8 3]]
Number of cells unfilled: 13
Accuracy: 83.9506172839506
Sample: 79791
Question:
[[0 1 2 8 0 0 0 6 0]
 [0 0 8 0 2 0 7 0 0]
 [3 7 0 9 0 0 0 8 0]
 [0 0 0 0 0 0 0 3 0]
 [0 0 0 1 0 0 9 0 8]
 [0 8 0 0 3 0 1 0 6]
 [7 0 0 0 0 5 0 0 0]
 [0 0 4 0 0 0 0 0 0]
 [0 6 0 3 0 0 0 9 0]]
Solution:
[[5 0 8 1 0 9 6 4 0]
 [0 4 0 6 3 2 5 9 7]
 [6 2 1 7 4 5 3 0 8]
 [8 5 7 9 1 0 0 3 2]
 [3 9 0 2 7 4 8 1 6]
 [1 6 2 3 5 8 4 7 9]
 [4 3 0 5 8 7 9 2 1]
 [2 7 6 4 9 3 0 0 5]
 [9 1 5 0 2 6 7 8 3]]
Number of cells unfilled: 13
Accuracy: 83.9506172839506
Sample: 79792
Question:
[[9 0 0 0 0 4 0 5 0]
 [0 0 0 8 0 0 0 0 1]
 [0 0 2 0 6 0 0 4 9]
 [0 0 0 0 0 3 0 0 0]
 [0 9 0 0 5 0 0 7 2]
 [0 0 5 0 0 0 1 0 0]
 [5 0 0 0 7 0 0 2 6]
 [0 2 6 0 0 0 0 0 0]
 [0 7 0 0 0 0 4 0 0]]
Solution:
[[5 2 8 1 0 0 6 4 0]
 [0 4 0 6 3 2 1 9 7]
 [6 0 1 7 4 9 3 5 2]
 [8 5 7 9 1 0 2 3 0]
 [3 9 0 2 7 4 8 1 6]
 [1 6 2 3 5 8 4 7 9]
 [4 3 0 5 8 7 9 2 1]
 [2 7 6 4 9 1 0 0 5]
 [9 1 5 0 2 6 7 8 4]]
Number of cells unfilled: 13
Accuracy: 83.9506172839506
Sample: 79793
Question:
[[0 0 7 0 0 0 0 5 0]
 [0 4 0 0 8 0 0 0 2]
 [2 0 0 1 0 0 6 0 0]
 [0 0 0 0 2 0 0 0 3]
 [0 0 0 6 0 0 0 4 0]
 [0 0 9 0 0 5 2 0 0]
 [0 0 5 0 6 0 0 0 7]
 [0 8 0 0 0 3 0 0 0]
 [6 0 0 9 0 0 1 0 0]]
Solution:
[[5 7 8 1 0 0 6 4 2]
 [0 4 0 6 3 2 1 9 7]
 [6 2 1 7 4 9 3 0 8]
 [8 5 7 9 1 0 2 3 0]
 [3 9 0 2 7 4 8 5 6]
 [1 6 2 3 5 8 4 7 9]
 [4 3 0 5 8 7 9 2 1]
 [2 8 6 4 9 1 7 0 5]
 [9 1 5 0 2 6 0 8 4]]
Number of cells unfilled: 12
Accuracy: 85.18518518518519
Sample: 79794
Question:
[[2 0 0 5 0 0 0 0 6]
 [0 0 0 0 0 7 1 0 0]
 [0 0 0 0 4 0 0 7 0]
 [8 6 0 0 0 4 0 2 0]
 [0 3 0 0 9 0 0 6 0]
 [0 0 2 8 0 0 0 0 3]
 [0 2 0 6 0 0 0 0 7]
 [0 0 5 0 0 9 0 0 0]
 [0 0 8 0 0 0 0 1 0]]
Solution:
[[5 7 8 1 0 9 6 4 2]
 [0 4 0 6 3 2 1 9 7]
 [6 2 1 7 4 5 3 0 8]
 [8 5 7 9 1 0 2 3 0]
 [3 9 0 2 7 4 8 5 6]
 [1 6 2 3 5 8 4 7 9]
 [4 3 0 5 8 7 9 2 1]
 [2 8 6 4 9 1 7 0 5]
 [9 1 5 0 2 6 0 8 3]]
Number of cells unfilled: 11
Accuracy: 86.41975308641975
Sample: 79795
Question:
[[0 5 0 0 0 0 6 0 0]
 [7 4 0 0 0 0 0 0 3]
 [3 0 9 0 2 0 0 0 0]
 [0 0 0 0 0 2 4 0 0]
 [8 0 0 0 9 0 3 5 0]
 [0 0 5 7 0 8 9 0 0]
 [0 8 0 0 0 1 0 0 4]
 [0 1 0 0 0 0 2 7 9]
 [5 0 0 0 0 0 0 0 0]]
Solution:
[[5 0 8 1 0 9 6 4 0]
 [0 4 0 6 3 2 1 9 7]
 [6 2 1 7 4 5 3 0 8]
 [8 5 7 9 1 0 0 3 2]
 [3 9 0 2 7 4 8 5 6]
 [1 6 2 3 5 8 4 7 9]
 [4 3 0 5 8 7 9 2 1]
 [2 7 6 4 9 1 0 0 5]
 [9 1 5 0 2 6 7 8 4]]
Number of cells unfilled: 13
Accuracy: 83.9506172839506
Sample: 79796
Question:
[[0 0 3 0 0 0 0 6 7]
 [0 0 4 0 0 0 0 0 0]
 [0 0 1 0 5 0 8 9 0]
 [0 0 0 0 0 9 0 2 0]
 [7 0 6 0 0 0 0 0 0]
 [3 5 0 0 7 8 0 0 0]
 [6 2 0 0 0 3 5 0 0]
 [0 0 0 0 2 0 3 0 0]
 [4 0 0 1 0 5 0 7 0]]
Solution:
[[5 2 8 0 0 1 6 4 0]
 [0 4 0 6 3 2 5 9 7]
 [6 0 1 7 4 5 3 0 2]
 [8 5 7 9 1 0 2 3 0]
 [3 9 0 2 7 4 8 5 6]
 [1 6 2 3 5 8 4 7 9]
 [4 3 0 5 8 7 9 2 1]
 [2 7 6 4 9 3 0 0 5]
 [9 1 5 0 2 6 7 8 3]]
Number of cells unfilled: 14
Accuracy: 82.71604938271605
Sample: 79797
Question:
[[0 0 0 0 0 0 0 9 0]
 [7 0 0 0 0 0 4 0 1]
 [0 0 0 9 5 8 0 0 3]
 [0 0 0 0 0 0 0 3 0]
 [0 0 9 0 8 0 1 6 0]
 [0 6 8 4 2 0 0 0 0]
 [0 4 0 0 0 0 7 0 0]
 [0 8 0 0 0 2 0 0 0]
 [5 0 0 1 0 0 0 2 9]]
Solution:
[[5 7 8 1 0 9 6 4 2]
 [0 4 0 6 3 2 1 9 7]
 [6 2 1 7 4 5 3 0 8]
 [8 5 7 9 1 0 2 3 0]
 [3 9 0 2 7 4 8 5 6]
 [1 6 2 3 5 8 4 7 9]
 [4 3 0 5 8 7 9 2 1]
 [2 8 6 4 9 3 7 0 5]
 [9 1 5 0 2 6 0 8 3]]
Number of cells unfilled: 11
Accuracy: 86.41975308641975
Sample: 79798
Question:
[[0 0 8 6 0 4 0 0 1]
 [0 2 0 0 1 3 0 0 8]
 [0 0 3 0 8 0 9 6 0]
 [0 0 6 8 0 0 5 3 0]
 [0 0 0 0 0 0 0 0 2]
 [3 0 0 9 0 0 0 4 0]
 [0 8 0 0 0 0 0 9 0]
 [2 0 0 3 0 0 0 0 7]
 [0 0 1 0 0 0 0 0 0]]
Solution:
[[5 0 8 1 0 0 6 4 2]
 [0 4 0 6 3 2 1 9 7]
 [6 2 1 7 4 9 3 5 8]
 [8 5 7 9 1 0 2 3 0]
 [3 9 0 2 7 4 8 1 6]
 [1 6 2 3 5 8 4 7 9]
 [4 3 0 5 8 7 9 2 1]
 [2 7 6 4 9 3 0 0 5]
 [9 1 5 0 2 6 7 8 4]]
Number of cells unfilled: 12
Accuracy: 85.18518518518519
Sample: 79799
Question:
[[0 2 0 0 9 0 0 5 0]
 [1 0 0 0 0 3 0 0 8]
 [4 0 0 0 0 1 7 0 0]
 [6 0 0 0 3 0 9 0 0]
 [0 3 0 0 0 5 6 0 4]
 [0 0 2 6 0 0 0 3 0]
 [0 6 0 0 5 0 0 4 0]
 [0 0 7 0 0 0 0 0 0]
 [0 0 0 8 0 0 3 0 0]]
Solution:
[[5 0 8 1 0 9 6 4 2]
 [0 4 0 6 3 2 5 9 7]
 [6 2 1 7 4 5 3 0 8]
 [8 5 7 9 1 0 2 3 0]
 [3 9 0 2 7 4 8 5 6]
 [1 6 2 3 5 8 4 7 9]
 [4 3 0 5 8 7 9 2 1]
 [2 7 6 4 9 1 0 0 5]
 [9 1 5 0 2 6 7 8 4]]
Number of cells unfilled: 12
Accuracy: 85.18518518518519
Sample: 79800
Question:
[[0 0 8 0 0 0 6 0 0]
 [0 4 0 6 0 0 0 9 7]
 [6 0 0 0 0 0 3 0 0]
 [0 5 0 9 0 0 0 0 0]
 [3 0 0 0 0 0 0 0 0]
 [0 0 2 3 5 0 4 7 0]
 [0 3 0 5 0 7 0 0 0]
 [0 0 6 4 9 0 0 0 5]
 [9 1 0 0 0 0 0 8 0]]
Solution:
[[5 0 8 1 0 0 6 4 0]
 [0 4 0 6 3 2 1 9 7]
 [6 2 1 7 4 9 3 5 8]
 [8 5 7 9 1 0 0 3 2]
 [3 9 0 2 7 4 8 1 6]
 [1 6 2 3 5 8 4 7 9]
 [4 3 0 5 8 7 9 2 1]
 [2 7 6 4 9 1 0 0 5]
 [9 1 5 0 2 6 7 8 3]]
Number of cells unfilled: 13
Accuracy: 83.9506172839506
