2025-10-22 16:37:46.626990: I tensorflow/core/util/port.cc:153] oneDNN custom operations are on. You may see slightly different numerical results due to floating-point round-off errors from different computation orders. To turn them off, set the environment variable `TF_ENABLE_ONEDNN_OPTS=0`.
2025-10-22 16:37:46.840982: I tensorflow/core/platform/cpu_feature_guard.cc:210] This TensorFlow binary is optimized to use available CPU instructions in performance-critical operations.
To enable the following instructions: AVX2 AVX512F AVX512_VNNI FMA, in other operations, rebuild TensorFlow with the appropriate compiler flags.
2025-10-22 16:37:52.533803: I tensorflow/core/util/port.cc:153] oneDNN custom operations are on. You may see slightly different numerical results due to floating-point round-off errors from different computation orders. To turn them off, set the environment variable `TF_ENABLE_ONEDNN_OPTS=0`.
2025-10-22 16:37:58.986594: E external/local_xla/xla/stream_executor/cuda/cuda_platform.cc:51] failed call to cuInit: INTERNAL: CUDA error: Failed call to cuInit: UNKNOWN ERROR (303)
Sample: 82201
Question:
[[0 5 0 8 0 0 0 0 0]
 [0 0 6 0 0 7 0 3 0]
 [2 0 0 1 0 0 4 0 0]
 [0 3 0 0 0 6 0 0 9]
 [6 0 0 0 8 0 7 0 0]
 [0 0 9 5 0 0 0 6 0]
 [4 0 0 0 0 0 2 0 0]
 [0 8 0 6 0 0 0 0 1]
 [0 0 1 0 0 8 0 7 0]]
Solution:
[[4 5 8 7 2 0 0 1 9]
 [9 6 0 0 4 1 0 3 2]
 [1 2 7 5 9 3 6 4 8]
 [6 7 0 8 1 5 3 2 4]
 [8 9 3 2 7 4 5 0 6]
 [5 4 0 9 6 0 1 7 0]
 [0 0 2 3 5 9 7 8 1]
 [7 0 4 1 8 2 9 6 3]
 [3 8 9 4 0 6 2 5 0]]
Number of cells unfilled: 15
Accuracy: 81.48148148148148
Sample: 82202
Question:
[[0 0 0 9 0 0 0 2 0]
 [6 0 0 0 0 0 0 0 4]
 [0 0 3 0 8 0 9 0 7]
 [4 0 0 3 0 0 0 0 0]
 [0 3 1 0 0 8 7 0 0]
 [0 0 0 1 7 0 0 0 0]
 [0 0 5 8 0 0 1 0 0]
 [0 0 6 0 0 5 0 0 0]
 [0 2 0 0 1 0 0 5 3]]
Solution:
[[4 5 8 7 2 0 0 1 0]
 [9 6 0 0 4 1 8 3 2]
 [1 2 7 5 9 3 6 4 0]
 [6 7 0 8 1 5 3 2 9]
 [8 9 3 2 7 4 5 0 6]
 [5 4 0 9 6 0 1 7 8]
 [0 0 2 3 5 9 7 8 1]
 [0 0 4 1 8 7 9 6 3]
 [7 8 9 4 0 6 2 5 0]]
Number of cells unfilled: 16
Accuracy: 80.24691358024691
Sample: 82203
Question:
[[2 0 9 0 0 3 7 0 0]
 [0 7 0 0 2 0 0 4 0]
 [0 0 0 0 8 0 0 0 2]
 [0 0 0 0 0 0 5 7 0]
 [0 0 7 6 0 0 0 9 0]
 [0 5 0 0 7 9 0 0 4]
 [3 0 0 0 0 0 0 1 0]
 [0 0 6 8 0 0 0 0 0]
 [0 1 0 0 9 0 4 0 0]]
Solution:
[[4 5 8 7 2 0 0 1 0]
 [9 6 0 0 4 1 8 3 2]
 [1 2 7 5 9 3 6 4 0]
 [6 7 0 8 1 5 3 2 9]
 [8 9 3 2 7 4 5 0 6]
 [5 4 0 9 6 0 1 7 8]
 [0 0 2 3 5 9 7 8 1]
 [7 0 4 1 8 2 9 6 3]
 [3 8 9 4 0 6 2 5 0]]
Number of cells unfilled: 15
Accuracy: 81.48148148148148
Sample: 82204
Question:
[[0 0 0 0 0 3 0 0 0]
 [0 0 9 0 0 0 0 0 4]
 [7 6 0 0 0 0 0 2 0]
 [5 3 0 0 0 6 8 0 0]
 [0 7 0 0 0 0 0 9 0]
 [0 1 6 0 0 5 0 0 0]
 [3 0 0 0 7 0 0 6 9]
 [0 0 0 0 0 0 0 8 0]
 [0 0 2 0 6 4 1 3 0]]
Solution:
[[4 5 8 7 2 0 0 1 9]
 [9 6 0 0 4 1 8 3 2]
 [1 2 7 5 9 3 6 4 0]
 [0 7 6 8 1 5 3 2 4]
 [8 9 3 2 7 4 5 0 6]
 [5 4 0 9 6 0 1 7 8]
 [6 0 2 3 5 9 7 8 1]
 [7 0 4 1 8 2 9 6 3]
 [3 8 9 4 0 6 2 5 0]]
Number of cells unfilled: 13
Accuracy: 83.9506172839506
Sample: 82205
Question:
[[0 0 0 0 4 7 0 0 0]
 [2 0 0 0 6 8 0 0 0]
 [0 4 0 5 0 0 7 0 0]
 [0 8 2 0 0 4 5 0 0]
 [0 0 0 0 0 0 0 0 9]
 [0 9 0 0 7 5 6 0 0]
 [0 6 0 0 5 0 8 0 0]
 [9 0 0 0 0 0 0 0 6]
 [0 0 1 0 0 6 0 3 0]]
Solution:
[[4 5 8 7 2 0 0 1 0]
 [9 6 0 5 4 1 8 3 2]
 [1 2 7 0 9 3 6 4 5]
 [6 7 0 8 1 5 3 2 9]
 [8 9 3 2 7 4 5 0 6]
 [5 4 0 9 6 0 1 7 8]
 [0 0 2 3 5 9 7 8 1]
 [7 0 4 1 8 2 9 6 3]
 [3 8 9 4 0 6 2 5 0]]
Number of cells unfilled: 14
Accuracy: 82.71604938271605
Sample: 82206
Question:
[[6 0 2 0 0 0 0 5 0]
 [0 9 0 0 7 0 0 0 8]
 [0 0 0 2 0 0 4 1 0]
 [0 0 0 0 0 6 2 0 0]
 [1 0 0 0 5 0 6 0 3]
 [0 0 3 0 0 0 9 0 0]
 [7 4 0 9 8 0 0 0 0]
 [0 5 0 0 0 0 0 0 0]
 [0 0 0 0 0 3 0 0 0]]
Solution:
[[4 5 8 7 2 0 0 1 9]
 [9 6 0 5 4 1 8 3 2]
 [1 2 7 0 9 3 6 4 5]
 [6 7 0 8 1 5 3 2 4]
 [8 9 3 2 7 4 5 0 6]
 [5 4 0 9 6 0 1 7 8]
 [0 0 2 3 0 9 7 8 1]
 [0 0 4 1 8 7 9 6 3]
 [7 8 9 4 5 6 2 0 0]]
Number of cells unfilled: 15
Accuracy: 81.48148148148148
Sample: 82207
Question:
[[0 0 0 9 6 0 0 0 0]
 [0 0 8 0 1 3 5 0 7]
 [1 0 0 0 0 5 0 0 0]
 [0 7 0 0 0 0 0 0 3]
 [5 9 1 7 0 8 0 0 0]
 [0 0 6 5 0 0 7 0 0]
 [0 0 0 2 0 0 0 0 9]
 [3 0 0 0 0 1 4 0 0]
 [6 0 4 0 5 0 0 0 0]]
Solution:
[[4 5 8 7 2 0 0 1 9]
 [9 6 0 0 4 1 8 3 2]
 [1 2 7 5 9 3 6 4 0]
 [6 7 0 8 1 5 3 2 4]
 [8 9 3 2 7 4 5 0 6]
 [5 4 0 9 6 0 1 7 8]
 [0 0 2 3 5 9 7 8 1]
 [7 0 4 1 8 2 9 6 3]
 [3 8 9 4 0 6 2 5 0]]
Number of cells unfilled: 14
Accuracy: 82.71604938271605
Sample: 82208
Question:
[[5 0 0 0 0 8 4 3 0]
 [0 0 0 0 7 0 0 0 8]
 [0 9 0 0 3 0 2 0 7]
 [0 0 7 0 0 0 0 0 0]
 [0 0 1 0 0 0 0 9 0]
 [6 8 0 1 0 9 0 0 0]
 [0 0 0 0 0 0 0 6 0]
 [0 0 0 0 0 3 0 8 5]
 [0 3 9 0 8 6 7 2 0]]
Solution:
[[4 5 8 7 2 0 0 1 9]
 [9 6 0 5 4 1 8 3 2]
 [1 2 7 0 9 3 6 4 5]
 [6 7 0 8 1 5 3 2 4]
 [8 9 3 2 7 4 5 0 6]
 [5 4 0 9 6 0 1 7 8]
 [0 0 2 3 5 9 7 8 1]
 [0 0 4 1 8 7 9 6 3]
 [3 8 9 4 0 6 2 5 0]]
Number of cells unfilled: 14
Accuracy: 82.71604938271605
Sample: 82209
Question:
[[0 3 0 0 0 6 0 5 9]
 [0 0 6 0 0 0 8 0 0]
 [0 0 8 1 2 9 0 6 0]
 [4 0 9 5 0 0 0 0 0]
 [0 0 0 0 7 3 0 0 5]
 [0 5 3 0 0 0 2 0 8]
 [6 0 0 0 0 1 4 0 2]
 [0 7 0 6 8 0 0 0 0]
 [0 9 2 0 3 5 0 0 7]]
Solution:
[[4 5 8 7 2 0 0 1 9]
 [9 6 0 0 4 1 0 3 2]
 [1 2 7 5 9 3 6 4 8]
 [6 7 0 8 1 5 3 2 4]
 [8 9 3 2 7 4 5 0 6]
 [5 4 0 9 6 0 1 7 0]
 [0 0 2 3 5 9 7 8 1]
 [0 0 4 1 8 7 9 6 3]
 [7 8 9 4 0 6 2 5 0]]
Number of cells unfilled: 16
Accuracy: 80.24691358024691
Sample: 82210
Question:
[[0 0 0 1 9 0 0 4 0]
 [0 0 0 0 0 0 0 0 3]
 [0 0 0 0 0 6 5 0 0]
 [4 0 0 2 0 0 0 8 0]
 [9 0 8 0 1 0 0 0 0]
 [0 3 0 0 0 0 6 0 0]
 [0 7 0 0 0 5 0 0 0]
 [0 0 1 8 4 0 0 2 0]
 [8 0 0 0 0 0 0 0 0]]
Solution:
[[4 5 8 7 2 0 0 1 9]
 [9 6 0 0 4 1 8 3 2]
 [1 2 7 5 9 3 6 4 0]
 [0 7 6 8 1 5 3 2 4]
 [8 9 3 2 7 4 5 0 6]
 [5 4 0 9 6 0 1 7 8]
 [6 0 2 3 5 9 7 8 1]
 [7 0 4 1 8 2 9 6 3]
 [3 8 9 4 0 6 2 5 0]]
Number of cells unfilled: 13
Accuracy: 83.9506172839506
Sample: 82211
Question:
[[0 0 0 4 0 0 0 0 1]
 [0 0 2 0 0 3 5 0 0]
 [7 0 0 0 5 0 9 0 0]
 [0 0 5 3 0 0 4 0 0]
 [8 0 0 0 0 0 0 9 5]
 [1 0 0 0 0 0 0 7 0]
 [0 8 0 0 0 2 0 6 0]
 [0 0 6 0 3 0 2 0 0]
 [0 0 0 6 0 4 0 0 9]]
Solution:
[[4 5 8 7 2 0 0 1 9]
 [9 6 0 5 4 1 8 3 2]
 [1 2 7 0 9 3 6 4 5]
 [0 7 6 8 1 5 3 2 4]
 [8 9 3 2 7 4 5 0 6]
 [5 4 0 9 6 0 1 7 8]
 [6 0 2 3 5 9 7 8 1]
 [0 0 4 1 8 7 9 6 3]
 [7 8 9 4 0 6 2 5 0]]
Number of cells unfilled: 13
Accuracy: 83.9506172839506
Sample: 82212
Question:
[[0 2 0 0 9 0 0 0 0]
 [0 0 5 0 0 0 0 6 0]
 [7 0 0 0 0 3 8 0 0]
 [4 0 0 0 0 8 0 0 3]
 [0 0 0 9 0 0 7 4 0]
 [0 0 1 0 4 0 0 8 0]
 [0 5 0 0 0 0 0 0 6]
 [0 1 0 2 0 0 0 0 0]
 [6 0 0 0 0 4 0 3 0]]
Solution:
[[4 5 8 7 2 0 0 1 9]
 [9 6 0 5 4 1 8 3 2]
 [1 2 7 0 9 3 6 4 5]
 [6 7 0 8 1 5 3 2 4]
 [8 9 3 2 7 4 5 0 6]
 [5 4 0 9 6 0 1 7 8]
 [0 0 2 3 5 9 7 8 1]
 [7 0 4 1 8 2 9 6 3]
 [3 8 9 4 0 6 2 5 0]]
Number of cells unfilled: 13
Accuracy: 83.9506172839506
Sample: 82213
Question:
[[5 1 7 0 0 2 0 9 0]
 [0 9 0 0 6 0 8 0 5]
 [0 0 3 0 0 0 0 0 4]
 [0 0 0 0 2 8 7 0 3]
 [0 0 0 0 1 0 0 6 0]
 [0 2 0 3 0 9 1 0 0]
 [0 0 9 0 8 1 6 3 0]
 [0 7 4 0 0 0 0 8 0]
 [0 0 6 7 3 0 0 0 9]]
Solution:
[[4 5 8 7 2 0 0 1 0]
 [9 6 0 0 4 1 8 3 2]
 [1 2 7 5 9 3 6 0 4]
 [0 7 6 8 1 5 3 2 9]
 [8 9 3 2 7 4 5 0 6]
 [5 4 0 9 6 0 1 7 8]
 [6 0 2 3 5 9 7 8 1]
 [7 0 4 1 8 2 9 6 3]
 [3 8 9 4 0 6 2 5 0]]
Number of cells unfilled: 14
Accuracy: 82.71604938271605
Sample: 82214
Question:
[[0 0 0 0 1 0 8 0 0]
 [0 9 0 3 0 0 0 0 5]
 [0 0 8 0 0 7 0 6 0]
 [0 0 1 0 0 0 0 2 0]
 [0 3 0 5 0 0 0 0 6]
 [7 0 0 0 0 2 0 0 0]
 [0 0 0 4 0 0 6 5 0]
 [0 6 0 0 9 0 3 0 0]
 [0 0 4 0 0 0 0 0 9]]
Solution:
[[4 5 8 7 2 0 0 1 9]
 [9 6 0 0 4 1 8 3 2]
 [1 2 7 5 9 3 6 4 0]
 [6 7 0 8 1 5 3 2 4]
 [8 9 3 2 7 4 5 0 6]
 [5 4 0 9 6 0 1 7 8]
 [0 0 2 3 5 9 7 8 1]
 [7 0 4 1 8 2 9 6 3]
 [3 8 9 4 0 6 2 5 0]]
Number of cells unfilled: 14
Accuracy: 82.71604938271605
Sample: 82215
Question:
[[0 0 0 3 0 0 0 0 0]
 [0 2 0 0 0 9 0 0 5]
 [0 0 8 0 1 0 0 7 0]
 [0 0 6 0 7 0 0 0 8]
 [2 0 0 0 0 0 7 1 0]
 [0 0 0 1 0 4 6 0 0]
 [0 0 1 0 6 0 5 0 0]
 [0 3 0 4 0 0 0 0 0]
 [9 0 0 0 0 0 0 8 0]]
Solution:
[[4 5 8 7 2 0 0 1 0]
 [9 6 0 5 4 1 8 3 2]
 [1 2 7 0 9 3 6 4 5]
 [6 7 0 8 1 5 3 2 9]
 [8 9 3 2 7 4 5 0 6]
 [5 4 0 9 6 0 1 7 8]
 [0 0 2 3 5 9 7 8 1]
 [0 0 4 1 8 7 9 6 3]
 [3 8 9 4 0 6 2 5 0]]
Number of cells unfilled: 15
Accuracy: 81.48148148148148
Sample: 82216
Question:
[[0 0 0 0 1 0 0 0 0]
 [0 2 0 7 0 0 1 0 0]
 [3 0 0 0 0 0 2 0 0]
 [0 0 4 6 0 0 0 0 0]
 [0 9 5 0 0 0 6 8 4]
 [0 3 2 8 0 0 0 9 0]
 [0 6 0 0 7 4 0 2 0]
 [0 8 0 0 0 9 0 6 0]
 [0 0 0 1 6 0 0 5 0]]
Solution:
[[4 5 8 7 2 0 0 1 0]
 [9 6 0 5 4 1 8 3 2]
 [1 2 7 0 9 3 6 4 5]
 [6 7 0 8 1 5 3 2 9]
 [8 9 3 2 7 4 5 0 6]
 [5 4 0 9 6 0 1 7 8]
 [0 0 2 3 5 9 7 8 1]
 [7 0 4 1 8 2 9 6 3]
 [3 8 9 4 0 6 2 5 0]]
Number of cells unfilled: 14
Accuracy: 82.71604938271605
Sample: 82217
Question:
[[1 0 0 2 0 0 0 0 5]
 [0 7 2 1 0 0 0 8 0]
 [3 0 0 0 6 0 0 0 0]
 [0 4 7 8 0 0 0 0 0]
 [0 0 9 3 1 0 0 5 0]
 [0 0 3 0 5 4 0 0 0]
 [0 0 0 0 0 0 0 4 2]
 [0 0 0 0 0 9 0 0 6]
 [0 0 0 7 0 0 9 3 0]]
Solution:
[[4 5 8 7 2 0 0 1 0]
 [9 6 0 0 4 1 8 3 2]
 [1 2 7 5 9 3 6 4 0]
 [0 7 6 8 1 5 3 2 9]
 [8 9 3 2 7 4 5 0 6]
 [5 4 0 9 6 0 1 7 8]
 [6 0 2 3 5 9 7 8 1]
 [7 0 4 1 8 2 9 6 3]
 [3 8 9 4 0 6 2 5 0]]
Number of cells unfilled: 14
Accuracy: 82.71604938271605
Sample: 82218
Question:
[[8 0 0 6 0 0 9 0 4]
 [0 5 0 0 0 3 0 1 0]
 [1 0 0 8 0 0 0 0 2]
 [2 0 0 0 0 0 0 0 0]
 [0 6 8 4 0 0 0 2 0]
 [0 4 1 0 0 0 0 0 8]
 [0 0 0 0 9 0 7 0 0]
 [6 0 0 7 0 0 0 0 1]
 [0 0 7 0 0 6 0 0 0]]
Solution:
[[4 5 8 7 2 0 0 1 9]
 [9 6 0 5 4 1 8 3 2]
 [1 2 7 0 9 3 6 4 5]
 [6 7 0 8 1 5 3 2 4]
 [8 9 3 2 7 4 5 0 6]
 [5 4 0 9 6 0 1 7 8]
 [0 0 2 3 5 9 7 8 1]
 [0 0 4 1 8 7 9 6 3]
 [7 8 9 4 0 6 2 5 0]]
Number of cells unfilled: 14
Accuracy: 82.71604938271605
Sample: 82219
Question:
[[0 0 8 0 0 4 0 0 7]
 [0 0 0 0 0 0 3 0 0]
 [0 7 0 3 6 0 0 0 4]
 [0 1 0 0 0 7 4 3 0]
 [0 0 0 0 1 0 0 0 9]
 [0 6 0 0 0 3 8 0 0]
 [0 0 0 0 5 0 0 0 0]
 [0 8 0 0 0 6 7 0 0]
 [0 0 1 0 0 0 0 2 0]]
Solution:
[[4 5 8 7 2 0 0 1 9]
 [9 6 0 0 4 1 8 3 2]
 [1 2 7 5 9 3 6 4 0]
 [0 7 6 8 1 5 3 2 4]
 [8 9 3 2 7 4 5 0 6]
 [5 4 0 9 6 0 1 7 8]
 [6 0 2 3 5 9 7 8 1]
 [7 0 4 1 8 2 9 6 3]
 [3 8 9 4 0 6 2 5 0]]
Number of cells unfilled: 13
Accuracy: 83.9506172839506
Sample: 82220
Question:
[[6 7 0 8 0 0 4 0 0]
 [0 0 2 0 0 0 0 8 0]
 [0 0 0 0 5 0 0 6 0]
 [2 0 0 0 4 0 7 0 0]
 [7 6 0 9 0 0 0 4 0]
 [0 0 3 0 0 0 1 0 0]
 [9 0 0 4 0 0 0 0 0]
 [1 8 0 7 0 0 0 0 4]
 [0 0 0 0 9 0 0 0 0]]
Solution:
[[4 5 8 7 2 0 0 1 0]
 [9 6 0 0 4 1 8 3 2]
 [1 2 7 5 9 3 6 0 4]
 [6 7 0 8 1 5 3 2 9]
 [8 9 3 2 7 4 5 0 6]
 [5 4 0 9 6 0 1 7 8]
 [0 0 2 3 5 9 7 8 1]
 [7 0 4 1 8 2 9 6 3]
 [3 8 9 4 0 6 2 5 0]]
Number of cells unfilled: 15
Accuracy: 81.48148148148148
Sample: 82221
Question:
[[8 0 0 0 7 1 0 4 0]
 [0 2 0 0 0 0 8 0 0]
 [0 0 4 0 0 5 0 9 0]
 [0 0 0 0 0 3 0 0 0]
 [9 1 0 0 0 0 0 3 0]
 [0 0 3 0 0 0 5 0 4]
 [0 0 0 7 0 0 0 0 6]
 [0 0 7 0 3 9 0 5 0]
 [0 9 0 0 0 0 0 0 0]]
Solution:
[[4 5 8 7 2 0 0 1 0]
 [9 6 0 0 4 1 8 3 2]
 [1 2 7 5 9 3 6 4 0]
 [0 7 6 8 1 5 3 2 9]
 [8 9 3 2 7 4 5 0 6]
 [5 4 0 9 6 0 1 7 8]
 [6 0 2 3 5 9 7 8 1]
 [7 0 4 1 8 2 9 6 3]
 [3 8 9 4 0 6 2 5 0]]
Number of cells unfilled: 14
Accuracy: 82.71604938271605
Sample: 82222
Question:
[[0 0 8 0 0 2 5 0 0]
 [6 0 0 8 0 0 0 2 0]
 [0 3 0 0 7 0 0 8 4]
 [0 7 0 0 0 0 0 1 0]
 [0 0 0 9 0 0 0 0 0]
 [0 0 4 0 0 3 0 0 5]
 [0 0 0 0 6 0 3 0 0]
 [0 9 0 4 0 0 0 0 2]
 [0 0 1 0 0 5 0 4 0]]
Solution:
[[4 5 8 7 2 0 0 1 9]
 [9 6 0 0 4 1 8 5 2]
 [1 2 7 5 9 3 6 4 0]
 [6 7 0 8 1 5 3 2 4]
 [8 9 3 2 7 4 5 0 6]
 [5 4 0 9 6 0 1 7 8]
 [0 0 2 3 0 9 7 8 1]
 [0 0 4 1 8 7 9 6 3]
 [7 8 9 4 5 6 2 0 0]]
Number of cells unfilled: 16
Accuracy: 80.24691358024691
Sample: 82223
Question:
[[0 0 2 3 0 0 0 0 6]
 [0 8 0 0 0 4 7 0 0]
 [9 0 0 0 0 0 0 4 0]
 [0 1 0 0 0 0 0 9 0]
 [7 0 0 0 1 0 0 0 0]
 [0 0 9 5 0 0 0 0 2]
 [0 0 0 8 0 0 0 6 0]
 [0 9 0 0 5 3 0 0 8]
 [0 0 8 0 2 0 3 0 0]]
Solution:
[[4 5 8 7 2 0 0 1 9]
 [9 6 0 0 4 1 8 3 2]
 [1 2 7 5 9 3 6 4 0]
 [6 7 0 8 1 5 3 2 4]
 [8 9 3 2 7 4 5 0 6]
 [5 4 0 9 6 0 1 7 8]
 [0 0 2 3 5 9 7 8 1]
 [7 0 4 1 8 2 9 6 3]
 [3 8 9 4 0 6 2 5 0]]
Number of cells unfilled: 14
Accuracy: 82.71604938271605
Sample: 82224
Question:
[[5 0 6 4 0 0 3 0 0]
 [0 8 0 0 5 7 0 0 2]
 [0 1 0 3 8 0 0 0 0]
 [0 5 0 0 6 9 1 0 0]
 [1 0 0 0 0 0 5 0 0]
 [0 0 0 0 0 4 0 2 9]
 [0 4 0 0 0 5 0 6 0]
 [8 0 0 0 0 0 7 0 0]
 [0 6 0 9 0 0 0 5 0]]
Solution:
[[4 5 8 7 2 0 0 1 9]
 [9 6 0 0 4 1 8 5 2]
 [1 2 7 5 9 3 6 4 0]
 [0 7 6 8 1 5 3 2 4]
 [8 9 3 2 7 4 5 0 6]
 [5 4 0 9 6 0 1 7 8]
 [6 0 2 3 0 9 7 8 1]
 [7 0 4 1 8 2 9 6 3]
 [3 8 9 4 5 6 2 0 0]]
Number of cells unfilled: 14
Accuracy: 82.71604938271605
Sample: 82225
Question:
[[0 2 0 0 0 0 0 1 0]
 [0 0 8 0 0 0 6 0 3]
 [1 0 0 0 0 3 0 0 8]
 [0 0 0 0 0 0 4 0 0]
 [0 5 0 7 0 0 0 0 0]
 [0 0 2 0 0 6 0 8 0]
 [0 0 1 0 0 8 0 7 0]
 [0 0 6 0 7 2 0 3 0]
 [0 0 0 3 0 0 0 0 9]]
Solution:
[[4 5 8 7 2 0 0 1 9]
 [9 6 0 0 4 1 8 3 2]
 [1 2 7 5 9 3 6 4 0]
 [0 7 6 8 1 5 3 2 4]
 [8 9 3 2 7 4 5 0 6]
 [5 4 0 9 6 0 1 7 8]
 [6 0 2 3 5 9 7 8 1]
 [7 0 4 1 8 2 9 6 3]
 [3 8 9 4 0 6 2 5 0]]
Number of cells unfilled: 13
Accuracy: 83.9506172839506
Sample: 82226
Question:
[[1 8 0 0 4 0 0 0 5]
 [0 0 0 7 0 9 0 4 0]
 [0 9 0 8 5 0 0 0 3]
 [0 0 0 0 0 0 0 0 1]
 [0 0 1 0 3 0 5 8 0]
 [0 5 0 0 0 0 9 3 0]
 [2 0 0 0 0 4 0 0 0]
 [0 0 9 6 0 0 0 0 0]
 [0 1 0 0 8 0 0 0 9]]
Solution:
[[4 5 8 7 2 0 0 1 9]
 [9 6 0 0 4 1 8 3 2]
 [1 2 7 5 9 3 6 4 0]
 [6 7 0 8 1 5 3 2 4]
 [8 9 3 2 7 4 5 0 6]
 [5 4 0 9 6 0 1 7 8]
 [0 0 2 3 5 9 7 8 1]
 [0 0 4 1 8 7 9 6 3]
 [3 8 9 4 0 6 2 5 0]]
Number of cells unfilled: 15
Accuracy: 81.48148148148148
Sample: 82227
Question:
[[5 0 0 8 0 0 0 0 2]
 [0 0 0 0 0 7 4 0 0]
 [2 0 0 5 6 0 0 0 8]
 [0 0 0 0 0 0 1 3 0]
 [1 0 0 2 0 0 0 0 6]
 [0 9 0 0 0 0 0 0 0]
 [8 0 0 0 0 2 0 0 0]
 [3 2 0 0 0 0 0 0 1]
 [0 1 5 6 0 0 8 0 0]]
Solution:
[[4 5 8 7 2 0 0 1 0]
 [9 6 0 0 4 1 8 3 2]
 [1 2 7 5 9 3 6 0 4]
 [6 7 0 8 1 5 3 2 9]
 [8 9 3 2 7 4 5 0 6]
 [5 4 0 9 6 0 1 7 8]
 [0 0 2 3 5 9 7 8 1]
 [0 0 4 1 8 7 9 6 3]
 [3 8 9 4 0 6 2 5 0]]
Number of cells unfilled: 16
Accuracy: 80.24691358024691
Sample: 82228
Question:
[[0 0 0 3 0 7 4 0 0]
 [6 9 0 0 4 0 0 5 0]
 [0 0 7 0 0 0 1 0 2]
 [0 0 3 7 0 2 6 0 9]
 [0 5 0 0 1 0 0 0 0]
 [7 0 6 0 0 0 0 1 8]
 [1 0 0 2 8 0 0 0 4]
 [0 0 8 0 9 5 3 6 0]
 [3 4 0 6 0 0 8 0 0]]
Solution:
[[4 5 8 7 2 0 0 1 9]
 [9 6 0 0 4 1 8 3 2]
 [1 2 7 5 9 3 6 4 0]
 [0 7 6 8 1 5 3 2 4]
 [8 9 3 2 7 4 5 0 6]
 [5 4 0 9 6 0 1 7 8]
 [6 0 2 3 5 9 7 8 1]
 [0 0 4 1 8 7 9 6 3]
 [7 8 9 4 0 6 2 5 0]]
Number of cells unfilled: 14
Accuracy: 82.71604938271605
Sample: 82229
Question:
[[8 0 0 0 6 0 0 0 2]
 [0 0 7 0 0 0 6 0 0]
 [0 0 0 0 0 0 8 9 0]
 [0 3 0 4 0 0 0 0 0]
 [7 0 0 0 2 0 0 8 0]
 [0 0 5 0 0 7 0 0 1]
 [0 7 0 0 0 3 0 0 0]
 [9 0 0 0 1 0 2 0 0]
 [0 4 1 5 0 0 0 0 0]]
Solution:
[[4 5 8 7 2 0 0 1 0]
 [9 6 0 5 4 1 8 3 2]
 [1 2 7 0 9 3 6 4 5]
 [0 7 6 8 1 5 3 2 9]
 [8 9 3 2 7 4 5 0 6]
 [5 4 0 9 6 0 1 7 8]
 [6 0 2 3 5 9 7 8 1]
 [7 0 4 1 8 2 9 6 3]
 [3 8 9 4 0 6 2 5 0]]
Number of cells unfilled: 13
Accuracy: 83.9506172839506
Sample: 82230
Question:
[[0 0 5 4 0 0 9 0 0]
 [0 1 0 0 0 0 7 0 0]
 [3 0 0 0 6 0 0 5 0]
 [0 0 0 7 0 0 0 0 0]
 [4 0 0 5 3 6 2 0 0]
 [0 3 0 0 4 0 0 6 0]
 [8 0 0 0 0 0 0 0 2]
 [1 6 0 0 0 0 0 0 9]
 [0 0 3 0 8 0 0 1 0]]
Solution:
[[4 5 8 7 2 0 0 1 9]
 [9 6 0 0 4 1 8 3 2]
 [1 2 7 5 9 3 6 4 0]
 [0 7 6 8 1 5 3 2 4]
 [8 9 3 2 7 4 5 0 6]
 [5 4 0 9 6 0 1 7 8]
 [6 0 2 3 0 9 7 8 1]
 [7 0 4 1 8 2 9 6 3]
 [3 8 9 4 5 6 2 0 0]]
Number of cells unfilled: 14
Accuracy: 82.71604938271605
Sample: 82231
Question:
[[0 4 0 0 0 0 1 0 0]
 [0 0 3 0 1 0 0 8 0]
 [8 0 0 6 0 0 0 0 5]
 [0 9 0 0 6 0 0 7 0]
 [6 0 0 2 0 0 0 0 8]
 [0 0 7 0 0 9 4 0 0]
 [0 0 0 3 0 0 8 0 0]
 [0 0 0 0 2 5 0 0 3]
 [3 0 0 0 0 6 0 2 0]]
Solution:
[[4 5 8 7 2 0 0 1 0]
 [9 6 0 0 4 1 8 3 2]
 [1 2 7 5 9 3 6 4 0]
 [6 7 0 8 1 5 3 2 9]
 [8 9 3 2 7 4 5 0 6]
 [5 4 0 9 6 0 1 7 8]
 [0 0 2 3 5 9 7 8 1]
 [7 0 4 1 8 2 9 6 3]
 [3 8 9 4 0 6 2 5 0]]
Number of cells unfilled: 15
Accuracy: 81.48148148148148
Sample: 82232
Question:
[[0 9 0 0 0 0 0 6 0]
 [0 0 0 7 0 0 0 0 9]
 [0 0 0 0 0 9 5 4 0]
 [0 0 9 0 0 0 1 5 0]
 [0 7 0 0 0 4 0 0 6]
 [3 0 0 1 0 0 4 0 0]
 [0 6 0 0 0 7 0 0 5]
 [0 0 2 3 0 0 0 8 0]
 [8 0 0 0 2 0 0 0 0]]
Solution:
[[4 5 8 7 2 0 0 1 0]
 [9 6 0 5 4 1 8 3 2]
 [1 2 7 0 9 3 6 4 5]
 [6 7 0 8 1 5 3 2 9]
 [8 9 3 2 7 4 5 0 6]
 [5 4 0 9 6 0 1 7 8]
 [0 0 2 3 5 9 7 8 1]
 [0 0 4 1 8 7 9 6 3]
 [3 8 9 4 0 6 2 5 0]]
Number of cells unfilled: 15
Accuracy: 81.48148148148148
Sample: 82233
Question:
[[8 0 0 0 0 0 0 7 0]
 [0 0 5 0 7 0 9 0 0]
 [0 7 0 0 0 0 1 0 5]
 [0 1 4 0 8 0 0 9 0]
 [0 0 8 0 0 0 0 0 6]
 [6 0 0 4 0 0 0 0 0]
 [4 0 0 0 0 3 2 0 0]
 [0 8 0 0 9 0 0 5 0]
 [0 5 3 2 0 0 0 0 0]]
Solution:
[[4 5 8 7 2 0 0 1 0]
 [9 6 0 5 4 1 8 3 2]
 [1 2 7 0 9 3 6 4 5]
 [6 7 0 8 1 5 3 2 9]
 [8 9 3 2 7 4 5 0 6]
 [5 0 0 9 6 0 1 7 4]
 [0 0 2 3 5 9 7 8 1]
 [7 0 4 1 8 2 9 6 3]
 [3 8 9 4 0 6 2 5 0]]
Number of cells unfilled: 15
Accuracy: 81.48148148148148
Sample: 82234
Question:
[[8 0 0 0 7 2 0 0 4]
 [0 0 0 9 0 0 0 1 0]
 [0 0 0 0 5 0 0 0 0]
 [0 8 0 7 0 4 0 0 6]
 [7 0 0 5 0 0 4 0 0]
 [0 0 4 0 1 0 0 3 0]
 [0 0 8 0 0 7 0 0 2]
 [2 6 0 0 9 0 0 0 0]
 [0 7 0 0 0 0 3 0 0]]
Solution:
[[4 5 8 7 2 0 0 1 9]
 [9 6 0 0 4 1 8 3 2]
 [1 2 7 5 9 3 6 4 0]
 [6 7 0 8 1 5 3 2 4]
 [8 9 3 2 7 4 5 0 6]
 [5 4 0 9 6 0 1 7 8]
 [0 0 2 3 5 9 7 8 1]
 [0 0 4 1 8 7 9 6 3]
 [7 8 9 4 0 6 2 5 0]]
Number of cells unfilled: 15
Accuracy: 81.48148148148148
Sample: 82235
Question:
[[8 7 0 0 9 0 1 0 0]
 [0 6 1 0 0 0 0 0 0]
 [2 0 0 0 0 5 0 0 9]
 [0 0 0 0 0 0 0 3 8]
 [0 1 0 5 6 0 0 0 2]
 [3 5 0 0 0 0 6 0 1]
 [0 0 4 2 0 1 7 0 5]
 [0 0 0 0 5 0 0 0 0]
 [0 0 0 7 0 0 2 0 0]]
Solution:
[[4 5 8 7 2 0 0 1 9]
 [9 6 0 5 4 1 8 3 2]
 [1 2 7 0 9 3 6 4 5]
 [0 7 6 8 1 5 3 2 4]
 [8 9 3 2 7 4 5 0 6]
 [5 4 0 9 6 0 1 7 8]
 [6 0 2 3 5 9 7 8 1]
 [7 0 4 1 8 2 9 6 3]
 [3 8 9 4 0 6 2 5 0]]
Number of cells unfilled: 12
Accuracy: 85.18518518518519
Sample: 82236
Question:
[[2 0 3 0 0 1 0 0 0]
 [0 8 0 6 0 0 0 0 3]
 [9 0 6 0 3 0 0 7 0]
 [6 0 0 0 0 0 5 0 0]
 [0 0 8 3 0 0 0 0 2]
 [0 2 0 0 4 0 0 0 0]
 [0 0 0 0 7 0 4 0 0]
 [0 0 0 0 0 5 0 1 0]
 [8 0 0 2 0 0 0 0 9]]
Solution:
[[4 5 8 7 2 0 0 1 0]
 [9 6 0 0 4 1 0 3 2]
 [1 2 7 5 9 3 6 4 8]
 [6 7 0 8 1 5 3 2 9]
 [8 9 3 2 7 4 5 0 6]
 [5 0 0 9 6 0 1 7 4]
 [0 0 2 3 5 9 7 8 1]
 [7 0 4 1 8 2 9 6 3]
 [3 8 9 4 0 6 2 5 0]]
Number of cells unfilled: 16
Accuracy: 80.24691358024691
Sample: 82237
Question:
[[0 4 0 0 0 0 0 0 0]
 [0 7 0 4 1 0 2 0 0]
 [0 0 0 0 0 0 0 3 8]
 [0 0 0 9 8 0 3 6 4]
 [0 0 5 0 6 0 0 8 7]
 [0 0 0 1 0 0 0 0 0]
 [0 8 2 0 3 0 0 0 0]
 [7 0 0 0 0 0 0 9 0]
 [0 0 6 0 0 0 5 4 3]]
Solution:
[[4 5 8 7 2 0 0 1 9]
 [9 6 0 0 4 1 8 3 2]
 [1 2 7 5 9 3 6 4 0]
 [6 7 0 8 1 5 3 2 4]
 [8 9 3 2 7 4 5 0 6]
 [5 4 0 9 6 0 1 7 8]
 [0 0 2 3 5 9 7 8 1]
 [7 0 4 1 8 2 9 6 3]
 [3 8 9 4 0 6 2 5 0]]
Number of cells unfilled: 14
Accuracy: 82.71604938271605
Sample: 82238
Question:
[[5 0 0 0 6 0 2 0 0]
 [0 0 8 5 0 0 0 1 0]
 [0 3 0 0 0 4 0 0 0]
 [0 0 5 6 0 1 0 0 9]
 [9 0 0 0 7 0 0 5 0]
 [0 0 0 0 0 0 8 0 0]
 [0 0 7 0 9 0 6 0 0]
 [0 4 0 0 0 0 0 0 3]
 [8 0 0 2 0 0 0 7 0]]
Solution:
[[4 5 8 7 2 0 0 1 0]
 [9 6 0 0 4 1 0 3 2]
 [1 2 7 5 9 3 6 4 8]
 [6 7 0 8 1 5 3 2 9]
 [8 9 3 2 7 4 5 0 6]
 [5 0 0 9 6 0 1 7 4]
 [0 0 2 3 5 9 7 8 1]
 [7 0 4 1 8 2 9 6 3]
 [3 8 9 4 0 6 2 5 0]]
Number of cells unfilled: 16
Accuracy: 80.24691358024691
Sample: 82239
Question:
[[0 3 0 0 9 0 0 0 0]
 [2 0 9 0 0 5 7 0 0]
 [0 8 0 2 0 0 0 1 0]
 [0 0 8 0 5 0 2 0 0]
 [0 0 0 9 0 8 0 3 0]
 [6 0 0 0 0 0 0 0 0]
 [0 0 0 0 0 4 0 7 1]
 [0 0 4 5 0 0 8 0 0]
 [0 6 0 0 7 0 0 0 4]]
Solution:
[[4 5 8 7 2 0 0 1 0]
 [9 6 0 0 4 1 0 3 2]
 [1 2 7 5 9 3 6 4 8]
 [6 7 0 8 1 5 3 2 9]
 [8 9 3 2 7 4 5 0 6]
 [5 0 0 9 6 0 1 7 4]
 [0 0 2 3 5 9 7 8 1]
 [7 0 4 1 8 2 9 6 3]
 [3 8 9 4 0 6 2 5 0]]
Number of cells unfilled: 16
Accuracy: 80.24691358024691
Sample: 82240
Question:
[[0 0 0 0 1 0 0 8 0]
 [0 4 0 5 0 0 1 0 0]
 [0 0 2 0 0 0 0 0 9]
 [8 0 0 0 0 0 0 7 0]
 [0 5 0 0 3 0 4 0 0]
 [0 0 0 1 0 0 0 0 0]
 [2 0 0 6 5 0 0 0 0]
 [0 3 0 0 0 1 6 0 0]
 [0 0 9 3 4 0 0 0 7]]
Solution:
[[4 5 8 7 2 0 0 1 0]
 [9 6 0 5 4 1 8 3 2]
 [1 2 7 0 9 3 6 4 5]
 [6 7 0 8 1 5 3 2 9]
 [8 9 3 2 7 4 5 0 6]
 [5 4 0 9 6 0 1 7 8]
 [0 0 2 3 5 9 7 8 1]
 [7 0 4 1 8 2 9 6 3]
 [3 8 9 4 0 6 2 5 0]]
Number of cells unfilled: 14
Accuracy: 82.71604938271605
Sample: 82241
Question:
[[0 9 0 0 0 0 0 2 0]
 [8 0 0 0 0 9 4 0 0]
 [0 4 7 0 3 0 0 0 5]
 [0 0 4 0 0 7 6 0 0]
 [0 8 0 0 0 0 0 0 0]
 [6 0 0 3 0 0 0 1 0]
 [0 0 0 0 5 0 0 0 2]
 [0 6 0 0 0 8 7 0 0]
 [0 0 8 1 0 0 0 0 0]]
Solution:
[[4 5 8 7 2 0 0 1 0]
 [9 6 0 0 4 1 0 3 2]
 [1 2 7 5 9 3 6 4 8]
 [6 7 0 8 1 5 3 2 9]
 [8 9 3 2 7 4 5 0 6]
 [5 0 0 9 6 0 1 7 4]
 [0 0 2 3 5 9 7 8 1]
 [7 0 4 1 8 2 9 6 3]
 [3 8 9 4 0 6 2 5 0]]
Number of cells unfilled: 16
Accuracy: 80.24691358024691
Sample: 82242
Question:
[[0 0 1 0 0 0 5 0 0]
 [0 0 0 0 0 4 0 1 0]
 [4 0 0 0 1 0 7 0 8]
 [0 0 5 0 8 0 0 4 0]
 [9 0 0 6 0 0 0 0 0]
 [0 3 0 0 0 2 0 0 0]
 [2 0 0 3 0 0 0 0 6]
 [0 0 8 0 0 0 0 7 0]
 [0 6 0 0 0 9 4 0 0]]
Solution:
[[4 5 8 7 2 0 0 1 0]
 [9 6 0 0 4 1 8 3 2]
 [1 2 7 5 9 3 6 0 4]
 [6 7 0 8 1 5 3 2 9]
 [8 9 3 2 7 4 5 0 6]
 [5 4 0 9 6 0 1 7 8]
 [0 0 2 3 5 9 7 8 1]
 [7 0 4 1 8 2 9 6 3]
 [3 8 9 4 0 6 2 5 0]]
Number of cells unfilled: 15
Accuracy: 81.48148148148148
Sample: 82243
Question:
[[0 7 1 0 4 6 0 0 5]
 [6 0 0 8 0 5 0 1 0]
 [0 0 0 0 0 0 0 0 0]
 [9 0 0 0 5 0 0 0 2]
 [0 5 0 0 0 0 4 0 0]
 [0 0 7 0 0 3 0 0 0]
 [0 0 9 0 0 4 3 0 0]
 [7 0 0 0 6 0 0 0 9]
 [0 2 0 1 0 0 0 8 0]]
Solution:
[[4 5 8 7 2 0 0 1 0]
 [9 6 0 0 4 1 0 3 2]
 [1 2 7 5 9 3 6 4 8]
 [6 7 0 8 1 5 3 2 9]
 [8 9 3 2 7 4 5 0 6]
 [5 0 0 9 6 0 1 7 4]
 [0 0 2 3 5 9 7 8 1]
 [0 0 4 1 8 7 9 6 3]
 [3 8 9 4 0 6 2 5 0]]
Number of cells unfilled: 17
Accuracy: 79.01234567901234
Sample: 82244
Question:
[[0 0 8 9 0 0 0 0 4]
 [0 0 0 5 0 0 0 1 0]
 [6 0 0 0 2 0 7 0 0]
 [0 0 0 0 0 8 2 0 0]
 [0 0 3 0 0 2 0 9 0]
 [2 0 0 0 9 0 0 0 7]
 [0 0 9 0 0 5 4 0 0]
 [0 3 0 0 0 0 0 0 6]
 [4 0 0 0 1 0 0 7 0]]
Solution:
[[4 5 8 7 2 0 0 1 9]
 [9 6 0 0 4 1 8 3 2]
 [1 2 7 5 9 3 6 4 0]
 [0 7 6 8 1 5 3 2 4]
 [8 9 3 2 7 4 5 0 6]
 [5 4 0 9 6 0 1 7 8]
 [6 0 2 3 5 9 7 8 1]
 [0 0 4 1 8 7 9 6 3]
 [3 8 9 4 0 6 2 5 0]]
Number of cells unfilled: 14
Accuracy: 82.71604938271605
Sample: 82245
Question:
[[0 0 0 0 0 0 9 6 0]
 [0 1 2 4 0 0 0 5 0]
 [0 0 8 0 1 9 0 0 3]
 [5 2 7 0 0 1 0 8 0]
 [0 9 4 0 0 0 0 0 0]
 [1 0 0 0 0 0 0 0 2]
 [0 5 0 0 7 0 0 0 0]
 [0 6 0 0 0 2 0 0 7]
 [0 0 0 8 0 0 0 0 5]]
Solution:
[[4 5 8 7 2 0 0 1 9]
 [9 6 0 0 4 1 8 3 2]
 [1 2 7 5 9 3 6 4 0]
 [6 7 0 8 1 5 3 2 4]
 [8 9 3 2 7 4 5 0 6]
 [5 4 0 9 6 0 1 7 8]
 [0 0 2 3 5 9 7 8 1]
 [0 0 4 1 8 7 9 6 3]
 [7 8 9 4 0 6 2 5 0]]
Number of cells unfilled: 15
Accuracy: 81.48148148148148
Sample: 82246
Question:
[[0 9 0 0 0 0 2 0 0]
 [6 0 0 0 7 0 0 9 0]
 [0 0 4 0 0 1 0 5 0]
 [0 8 0 3 0 0 0 2 0]
 [3 0 0 0 6 0 8 0 0]
 [0 0 0 0 0 0 0 0 3]
 [7 0 0 0 4 3 0 0 0]
 [0 0 1 0 0 6 0 0 0]
 [0 3 0 5 0 0 0 0 2]]
Solution:
[[4 5 8 7 2 0 0 1 0]
 [9 6 0 0 4 1 8 3 2]
 [1 2 7 5 9 3 6 4 0]
 [6 7 0 8 1 5 3 2 9]
 [8 9 3 2 7 4 5 0 6]
 [5 4 0 9 6 0 1 7 8]
 [0 0 2 3 5 9 7 8 1]
 [7 0 4 1 8 2 9 6 3]
 [3 8 9 4 0 6 2 5 0]]
Number of cells unfilled: 15
Accuracy: 81.48148148148148
Sample: 82247
Question:
[[2 0 0 0 1 0 0 5 0]
 [0 8 0 0 0 9 0 0 7]
 [0 0 3 0 0 0 6 0 0]
 [4 0 0 9 0 2 0 0 0]
 [0 0 0 1 0 0 0 4 0]
 [0 0 0 0 4 0 0 0 5]
 [0 0 7 0 0 0 3 0 0]
 [0 6 0 7 0 0 0 0 8]
 [9 0 0 0 2 0 5 0 0]]
Solution:
[[4 5 8 7 2 0 0 1 9]
 [9 6 0 0 4 1 8 3 2]
 [1 2 7 5 9 3 6 4 0]
 [0 7 6 8 1 5 3 2 4]
 [8 9 3 2 7 4 5 0 6]
 [5 4 0 9 6 0 1 7 8]
 [6 0 2 3 5 9 7 8 1]
 [7 0 4 1 8 2 9 6 3]
 [3 8 9 4 0 6 2 5 0]]
Number of cells unfilled: 13
Accuracy: 83.9506172839506
Sample: 82248
Question:
[[0 0 4 8 0 0 0 0 1]
 [7 0 0 0 0 0 4 0 0]
 [0 6 0 0 0 4 0 2 0]
 [9 0 0 0 0 0 0 3 0]
 [0 5 0 0 6 0 0 0 9]
 [0 0 7 0 0 8 2 0 0]
 [0 1 0 0 5 0 0 8 0]
 [0 0 2 0 8 1 6 0 0]
 [0 0 0 3 0 0 0 0 0]]
Solution:
[[4 5 8 7 2 0 0 1 0]
 [9 6 0 0 4 1 8 3 2]
 [1 2 7 5 9 3 6 4 0]
 [6 7 0 8 1 5 3 2 9]
 [8 9 3 2 7 4 5 0 6]
 [5 4 0 9 6 0 1 7 8]
 [0 0 2 3 5 9 7 8 1]
 [0 0 4 1 8 7 9 6 3]
 [7 8 9 4 0 6 2 5 0]]
Number of cells unfilled: 16
Accuracy: 80.24691358024691
Sample: 82249
Question:
[[3 0 0 6 0 0 0 2 0]
 [0 0 1 0 0 5 0 0 0]
 [0 8 0 0 7 0 0 0 0]
 [0 3 0 0 8 0 0 0 5]
 [0 0 7 0 0 1 0 0 0]
 [6 0 0 9 0 0 0 3 0]
 [2 0 0 0 0 0 3 0 0]
 [0 4 3 0 0 0 0 6 0]
 [0 0 0 4 0 0 9 0 2]]
Solution:
[[4 5 8 7 2 0 0 1 0]
 [9 6 0 0 4 1 8 3 2]
 [1 2 7 5 9 3 6 0 4]
 [6 7 0 8 1 5 3 2 9]
 [8 9 3 2 7 4 5 0 6]
 [5 4 0 9 6 0 1 7 8]
 [0 0 2 3 5 9 7 8 1]
 [7 0 4 1 8 2 9 6 3]
 [3 8 9 4 0 6 2 5 0]]
Number of cells unfilled: 15
Accuracy: 81.48148148148148
Sample: 82250
Question:
[[0 4 0 0 0 0 7 0 0]
 [1 0 0 9 7 0 0 6 0]
 [0 0 0 0 6 1 0 0 9]
 [0 6 0 0 0 0 1 0 0]
 [8 0 0 1 2 0 0 7 0]
 [0 0 0 0 0 0 0 0 5]
 [3 0 0 0 0 7 0 0 2]
 [0 8 0 2 0 0 0 3 0]
 [0 0 6 3 8 0 0 0 0]]
Solution:
[[4 5 8 7 2 0 0 1 9]
 [9 6 0 0 4 1 8 3 2]
 [1 2 7 5 9 3 6 4 0]
 [6 7 0 8 1 5 3 2 4]
 [8 9 3 2 7 4 5 0 6]
 [5 4 0 9 6 0 1 7 8]
 [0 0 2 3 5 9 7 8 1]
 [0 0 4 1 8 7 9 6 3]
 [7 8 9 4 0 6 2 5 0]]
Number of cells unfilled: 15
Accuracy: 81.48148148148148
Sample: 82251
Question:
[[3 0 4 0 0 7 0 5 0]
 [0 0 0 2 0 0 4 0 0]
 [0 0 0 0 0 0 0 0 8]
 [0 5 0 0 0 1 0 0 3]
 [7 0 1 0 2 0 0 0 0]
 [0 0 3 7 0 0 0 1 0]
 [0 4 0 0 0 0 0 0 6]
 [0 0 0 9 0 2 5 0 0]
 [5 0 6 0 0 4 0 2 0]]
Solution:
[[4 5 8 7 2 0 0 1 9]
 [9 6 0 0 4 1 8 3 2]
 [1 2 7 5 9 3 6 4 0]
 [6 7 0 8 1 5 3 2 4]
 [8 9 3 2 7 4 5 0 6]
 [5 4 0 9 6 0 1 7 8]
 [0 0 2 3 5 9 7 8 1]
 [7 0 4 1 8 2 9 6 3]
 [3 8 9 4 0 6 2 5 0]]
Number of cells unfilled: 14
Accuracy: 82.71604938271605
Sample: 82252
Question:
[[0 0 1 0 2 0 0 0 0]
 [0 0 0 0 0 0 8 7 0]
 [2 0 0 0 0 6 0 9 0]
 [5 0 0 0 0 0 3 0 0]
 [6 0 0 7 0 0 0 0 0]
 [0 2 0 0 5 3 0 8 6]
 [7 8 0 4 9 0 0 0 0]
 [0 4 0 0 6 1 0 0 0]
 [0 0 0 0 0 0 5 0 0]]
Solution:
[[4 5 8 7 2 0 0 1 9]
 [9 6 0 0 4 1 8 3 2]
 [1 2 7 5 9 3 6 4 0]
 [6 7 0 8 1 5 3 2 4]
 [8 9 3 2 7 4 5 0 6]
 [5 4 0 9 6 0 1 7 8]
 [0 0 2 3 5 9 7 8 1]
 [7 0 4 1 8 2 9 6 3]
 [3 8 9 4 0 6 2 5 0]]
Number of cells unfilled: 14
Accuracy: 82.71604938271605
Sample: 82253
Question:
[[0 0 8 2 0 0 0 1 3]
 [0 0 0 0 0 8 7 0 0]
 [7 0 0 0 0 4 0 2 0]
 [0 6 1 5 0 0 0 0 8]
 [0 0 0 0 0 0 0 9 0]
 [4 0 0 0 0 1 2 0 0]
 [0 1 4 0 0 2 0 0 0]
 [0 7 0 8 0 0 1 0 0]
 [8 0 0 0 1 0 0 0 2]]
Solution:
[[4 5 8 7 2 0 0 1 0]
 [9 6 0 5 4 1 8 3 2]
 [1 2 7 0 9 3 6 4 5]
 [6 7 0 8 1 5 3 2 9]
 [8 9 3 2 7 4 5 0 6]
 [5 0 0 9 6 0 1 7 4]
 [0 0 2 3 5 9 7 8 1]
 [7 0 4 1 8 2 9 6 3]
 [3 8 9 4 0 6 2 5 0]]
Number of cells unfilled: 15
Accuracy: 81.48148148148148
Sample: 82254
Question:
[[0 2 0 0 5 0 0 9 7]
 [0 9 1 0 0 6 0 2 0]
 [5 0 0 0 0 0 0 0 6]
 [2 0 0 0 7 0 0 0 9]
 [0 8 0 0 0 0 0 0 0]
 [0 0 6 3 0 9 0 4 0]
 [0 0 2 0 6 0 0 0 0]
 [9 0 0 5 0 0 0 6 0]
 [0 0 0 9 0 7 0 0 2]]
Solution:
[[4 5 8 7 2 0 0 1 9]
 [9 6 0 0 4 1 8 5 2]
 [1 2 7 5 9 3 6 4 0]
 [6 7 0 8 1 5 3 2 4]
 [8 9 3 2 7 4 5 0 6]
 [5 4 0 9 6 0 1 7 8]
 [0 0 2 3 0 9 7 8 1]
 [7 0 4 1 8 2 9 6 3]
 [3 8 9 4 5 6 2 0 0]]
Number of cells unfilled: 15
Accuracy: 81.48148148148148
Sample: 82255
Question:
[[0 0 0 0 0 2 5 0 0]
 [0 0 0 6 0 0 0 1 0]
 [0 7 0 0 3 0 0 0 9]
 [9 8 0 0 0 0 1 0 0]
 [0 0 7 0 8 0 0 0 4]
 [4 0 0 0 0 6 0 0 0]
 [8 0 0 0 7 0 0 0 3]
 [7 0 3 5 0 0 0 0 1]
 [0 0 4 0 0 3 0 2 0]]
Solution:
[[4 5 8 7 2 0 0 1 9]
 [9 6 0 0 4 1 8 3 2]
 [1 2 7 5 9 3 6 4 0]
 [6 7 0 8 1 5 3 2 4]
 [8 9 3 2 7 4 5 0 6]
 [5 4 0 9 6 0 1 7 8]
 [0 0 2 3 5 9 7 8 1]
 [0 0 4 1 8 7 9 6 3]
 [3 8 9 4 0 6 2 5 0]]
Number of cells unfilled: 15
Accuracy: 81.48148148148148
Sample: 82256
Question:
[[0 0 0 3 0 0 0 8 0]
 [0 0 0 0 0 9 0 0 6]
 [6 0 0 8 7 0 1 0 9]
 [0 0 7 0 0 0 2 0 0]
 [8 0 0 0 0 7 0 9 0]
 [0 2 0 4 0 0 0 0 0]
 [0 0 6 0 5 0 9 1 0]
 [0 5 0 6 0 0 0 0 4]
 [1 0 0 0 0 3 0 6 0]]
Solution:
[[4 5 8 7 2 0 0 1 9]
 [9 6 0 0 4 1 8 3 2]
 [1 2 7 5 9 3 6 4 0]
 [6 7 0 8 1 5 3 2 4]
 [8 9 3 2 7 4 5 0 6]
 [5 4 0 9 6 0 1 7 8]
 [0 0 2 3 5 9 7 8 1]
 [0 0 4 1 8 7 9 6 3]
 [3 8 9 4 0 6 2 5 0]]
Number of cells unfilled: 15
Accuracy: 81.48148148148148
Sample: 82257
Question:
[[0 1 0 6 0 0 0 9 0]
 [0 0 0 0 0 4 1 0 8]
 [3 0 0 0 0 0 7 0 6]
 [0 9 0 8 0 5 0 0 7]
 [0 0 0 0 3 0 9 8 0]
 [0 0 2 0 0 9 5 0 0]
 [0 7 0 5 0 0 8 0 0]
 [0 0 1 0 0 8 0 0 0]
 [2 0 0 0 4 0 0 0 0]]
Solution:
[[4 5 8 7 2 0 0 1 0]
 [9 6 0 0 4 1 0 3 2]
 [1 2 7 5 9 3 6 4 8]
 [6 7 0 8 1 5 3 2 9]
 [8 9 3 2 7 4 5 0 6]
 [5 0 0 9 6 0 1 7 4]
 [0 0 2 3 5 9 7 8 1]
 [0 0 4 1 8 7 9 6 3]
 [7 8 9 4 0 6 2 5 0]]
Number of cells unfilled: 17
Accuracy: 79.01234567901234
Sample: 82258
Question:
[[0 1 0 0 0 0 0 0 0]
 [7 0 0 0 8 0 0 4 0]
 [0 0 5 7 0 0 0 0 3]
 [5 0 0 0 0 6 2 0 0]
 [1 0 0 9 0 0 0 0 7]
 [0 0 3 0 5 0 0 8 0]
 [0 0 0 0 0 0 6 0 0]
 [0 0 1 0 4 0 3 0 0]
 [8 0 0 3 0 2 0 9 0]]
Solution:
[[4 5 8 7 2 0 0 1 0]
 [9 6 0 0 4 1 8 3 2]
 [1 2 7 5 9 3 6 4 0]
 [0 7 6 8 1 5 3 2 9]
 [8 9 3 2 7 4 5 0 6]
 [5 4 0 9 6 0 1 7 8]
 [6 0 2 3 5 9 7 8 1]
 [0 0 4 1 8 7 9 6 3]
 [7 8 9 4 0 6 2 5 0]]
Number of cells unfilled: 15
Accuracy: 81.48148148148148
Sample: 82259
Question:
[[0 0 0 9 7 0 0 0 4]
 [3 7 0 0 0 5 0 8 0]
 [0 0 0 0 0 1 5 0 0]
 [8 0 0 0 4 0 0 0 0]
 [9 0 0 2 0 0 0 1 0]
 [0 6 0 7 5 3 0 0 0]
 [7 0 0 0 0 0 0 9 1]
 [6 5 0 0 0 0 0 0 0]
 [0 0 2 0 0 0 0 0 5]]
Solution:
[[4 5 8 7 2 0 0 1 0]
 [9 6 0 0 4 1 8 3 2]
 [1 2 7 5 9 3 6 4 0]
 [6 7 0 8 1 5 3 2 9]
 [8 9 3 2 7 4 5 0 6]
 [5 4 0 9 6 0 1 7 8]
 [0 0 2 3 5 9 7 8 1]
 [0 0 4 1 8 7 9 6 3]
 [7 8 9 4 0 6 2 5 0]]
Number of cells unfilled: 16
Accuracy: 80.24691358024691
Sample: 82260
Question:
[[0 0 9 0 0 0 0 5 0]
 [0 0 0 0 3 0 0 8 0]
 [0 4 0 6 7 0 0 0 0]
 [0 9 0 0 0 0 0 2 0]
 [1 0 4 9 0 0 0 0 0]
 [0 3 8 0 1 7 9 0 0]
 [4 0 0 0 0 0 3 9 0]
 [0 0 2 3 0 0 8 1 0]
 [0 1 0 0 0 8 0 0 6]]
Solution:
[[4 5 8 7 2 0 0 1 9]
 [9 6 0 0 4 1 8 3 2]
 [1 2 7 5 9 3 6 4 0]
 [0 7 6 8 1 5 3 2 4]
 [8 9 3 2 7 4 5 0 6]
 [5 4 0 9 6 0 1 7 8]
 [6 0 2 3 5 9 7 8 1]
 [0 0 4 1 8 7 9 6 3]
 [7 8 9 4 0 6 2 5 0]]
Number of cells unfilled: 14
Accuracy: 82.71604938271605
Sample: 82261
Question:
[[0 1 3 5 0 0 0 0 0]
 [0 0 0 0 0 4 0 6 0]
 [4 6 8 2 1 0 0 0 9]
 [2 0 0 8 0 0 0 7 4]
 [0 9 0 0 4 7 8 0 6]
 [0 0 0 0 6 0 5 0 3]
 [7 5 0 0 0 0 0 0 8]
 [0 2 0 7 3 0 9 1 0]
 [0 0 1 0 5 0 0 4 0]]
Solution:
[[4 5 8 7 2 0 0 1 0]
 [9 6 0 0 4 1 8 3 2]
 [1 2 7 5 9 3 6 4 0]
 [0 7 6 8 1 5 3 2 9]
 [8 9 3 2 7 4 5 0 6]
 [5 4 0 9 6 0 1 7 8]
 [6 0 2 3 5 9 7 8 1]
 [7 0 4 1 8 2 9 6 3]
 [3 8 9 4 0 6 2 5 0]]
Number of cells unfilled: 14
Accuracy: 82.71604938271605
Sample: 82262
Question:
[[0 0 5 0 0 0 0 4 7]
 [0 0 0 0 7 9 3 1 0]
 [0 0 8 0 0 0 0 2 0]
 [0 8 0 0 0 0 2 0 0]
 [0 0 7 0 5 2 0 9 0]
 [0 0 6 0 9 0 0 0 0]
 [0 0 0 0 1 0 0 0 0]
 [0 4 0 2 0 0 0 0 0]
 [6 0 0 5 0 0 0 7 9]]
Solution:
[[4 5 8 7 2 0 0 1 9]
 [9 6 0 0 4 1 8 5 2]
 [1 2 7 5 9 3 6 4 0]
 [6 7 0 8 1 5 3 2 4]
 [8 9 3 2 7 4 5 0 6]
 [5 4 0 9 6 0 1 7 8]
 [0 0 2 3 0 9 7 8 1]
 [0 0 4 1 8 7 9 6 3]
 [3 8 9 4 5 6 2 0 0]]
Number of cells unfilled: 16
Accuracy: 80.24691358024691
Sample: 82263
Question:
[[5 3 0 0 0 0 4 8 0]
 [0 0 0 2 0 0 0 0 0]
 [7 0 8 0 0 9 1 0 0]
 [0 0 0 0 9 0 0 0 0]
 [1 4 0 0 0 0 0 0 5]
 [0 0 0 6 1 4 0 7 0]
 [2 0 0 0 5 0 7 0 6]
 [0 0 0 0 0 0 3 0 0]
 [0 1 9 0 0 8 0 0 0]]
Solution:
[[4 5 8 7 2 0 0 1 0]
 [9 6 0 0 4 1 8 3 2]
 [1 2 7 5 9 3 6 4 0]
 [6 7 0 8 1 5 3 2 9]
 [8 9 3 2 7 4 5 0 6]
 [5 4 0 9 6 0 1 7 8]
 [0 0 2 3 5 9 7 8 1]
 [0 0 4 1 8 7 9 6 3]
 [3 8 9 4 0 6 2 5 0]]
Number of cells unfilled: 16
Accuracy: 80.24691358024691
Sample: 82264
Question:
[[0 0 5 6 0 0 0 1 0]
 [4 0 0 0 0 0 6 0 0]
 [0 6 0 0 0 3 0 5 2]
 [3 0 9 0 0 0 0 0 1]
 [0 0 0 0 7 0 0 0 9]
 [0 2 0 3 0 0 5 0 0]
 [8 0 3 0 2 0 0 0 0]
 [0 0 0 0 0 8 0 7 0]
 [0 1 0 5 0 0 2 0 0]]
Solution:
[[4 5 8 7 2 0 0 1 0]
 [9 6 0 0 4 1 8 3 2]
 [1 2 7 5 9 3 6 0 4]
 [6 7 0 8 1 5 3 2 9]
 [8 9 3 2 7 4 5 0 6]
 [5 4 0 9 6 0 1 7 8]
 [0 0 2 3 5 9 7 8 1]
 [0 0 4 1 8 7 9 6 3]
 [3 8 9 4 0 6 2 5 0]]
Number of cells unfilled: 16
Accuracy: 80.24691358024691
Sample: 82265
Question:
[[0 0 0 0 0 1 0 2 8]
 [0 2 0 0 4 0 9 0 0]
 [7 0 0 0 2 0 0 0 0]
 [8 0 9 0 0 6 3 0 0]
 [4 0 0 0 0 3 0 8 0]
 [0 0 2 5 0 9 0 0 0]
 [0 0 0 0 0 0 0 0 0]
 [0 6 4 0 9 0 7 0 1]
 [0 3 0 0 0 7 0 0 0]]
Solution:
[[4 5 8 7 2 0 0 1 9]
 [9 6 0 0 4 1 8 3 2]
 [1 2 7 5 9 3 6 4 0]
 [6 7 0 8 1 5 3 2 4]
 [8 9 3 2 7 4 5 0 6]
 [5 4 0 9 6 0 1 7 8]
 [0 0 2 3 5 9 7 8 1]
 [0 0 4 1 8 7 9 6 3]
 [7 8 9 4 0 6 2 5 0]]
Number of cells unfilled: 15
Accuracy: 81.48148148148148
Sample: 82266
Question:
[[0 0 0 0 0 0 1 0 0]
 [4 0 0 0 8 0 0 5 0]
 [0 0 7 5 6 0 0 0 9]
 [0 0 6 7 0 0 0 9 0]
 [7 0 0 0 3 0 6 0 0]
 [0 4 0 0 1 0 0 0 7]
 [0 2 0 0 0 3 0 0 8]
 [0 0 0 0 2 0 0 6 0]
 [0 0 1 8 0 0 9 0 0]]
Solution:
[[4 5 8 7 2 0 0 1 9]
 [9 6 0 0 4 1 8 3 2]
 [1 2 7 5 9 3 6 4 0]
 [6 7 0 8 1 5 3 2 4]
 [8 9 3 2 7 4 5 0 6]
 [5 4 0 9 6 0 1 7 8]
 [0 0 2 3 0 9 7 8 1]
 [0 0 4 1 8 7 9 6 3]
 [3 8 9 4 5 6 2 0 0]]
Number of cells unfilled: 16
Accuracy: 80.24691358024691
Sample: 82267
Question:
[[0 4 5 7 1 0 0 0 0]
 [0 0 0 5 8 0 0 0 0]
 [0 0 0 6 0 9 0 7 2]
 [0 0 0 0 0 0 0 0 0]
 [9 0 0 0 7 0 1 0 0]
 [7 0 1 0 6 5 0 0 9]
 [0 0 0 0 0 0 0 1 0]
 [4 0 3 0 0 0 6 2 0]
 [5 0 9 0 0 0 0 4 0]]
Solution:
[[4 5 8 7 2 0 0 1 0]
 [9 6 0 0 4 1 8 3 2]
 [1 2 7 5 9 3 6 4 0]
 [6 7 0 8 1 5 3 2 9]
 [8 9 3 2 7 4 5 0 6]
 [5 4 0 9 6 0 1 7 8]
 [0 0 2 3 5 9 7 8 1]
 [7 0 4 1 8 2 9 6 3]
 [3 8 9 4 0 6 2 5 0]]
Number of cells unfilled: 15
Accuracy: 81.48148148148148
Sample: 82268
Question:
[[6 0 0 5 0 0 0 0 0]
 [7 0 0 2 0 0 0 1 0]
 [0 0 3 0 0 1 0 6 4]
 [0 6 0 0 0 5 0 0 7]
 [4 0 9 0 0 0 0 0 0]
 [0 5 0 0 6 0 9 0 3]
 [0 0 0 0 2 0 0 9 5]
 [0 0 0 0 0 7 1 4 2]
 [0 0 8 0 0 0 0 0 0]]
Solution:
[[4 5 8 7 2 0 0 1 9]
 [9 6 0 5 4 1 8 3 2]
 [1 2 7 0 9 3 6 4 5]
 [6 7 0 8 1 5 3 2 4]
 [8 9 3 2 7 4 5 0 6]
 [5 4 0 9 6 0 1 7 8]
 [0 0 2 3 5 9 7 8 1]
 [0 0 4 1 8 7 9 6 3]
 [3 8 9 4 0 6 2 5 0]]
Number of cells unfilled: 14
Accuracy: 82.71604938271605
Sample: 82269
Question:
[[0 0 0 0 6 0 4 3 0]
 [0 0 0 1 0 0 6 0 0]
 [0 3 8 0 4 0 1 0 5]
 [0 2 1 0 7 5 0 0 0]
 [0 0 6 4 0 8 0 0 7]
 [0 7 0 6 0 0 5 8 0]
 [1 8 0 0 0 0 0 6 2]
 [0 0 2 0 0 0 0 5 0]
 [7 0 0 0 0 0 8 0 0]]
Solution:
[[4 5 8 7 2 0 0 1 0]
 [9 6 0 5 4 1 8 3 2]
 [1 2 7 0 9 3 6 4 5]
 [6 7 0 8 1 5 3 2 9]
 [8 9 3 2 7 4 5 0 6]
 [5 4 0 9 6 0 1 7 8]
 [0 0 2 3 5 9 7 8 1]
 [7 0 4 1 8 2 9 6 3]
 [3 8 9 4 0 6 2 5 0]]
Number of cells unfilled: 14
Accuracy: 82.71604938271605
Sample: 82270
Question:
[[0 0 1 0 0 0 2 0 0]
 [0 0 8 3 0 0 0 5 7]
 [2 0 4 8 9 0 1 0 0]
 [4 0 0 0 0 0 8 0 0]
 [0 0 3 6 0 0 0 0 0]
 [0 0 9 7 0 0 0 0 2]
 [1 0 0 9 0 0 0 7 0]
 [7 0 0 4 1 0 0 0 3]
 [0 0 0 0 0 5 0 0 0]]
Solution:
[[4 5 8 7 2 0 0 1 9]
 [9 6 0 0 4 1 8 3 2]
 [1 2 7 5 9 3 6 4 0]
 [6 7 0 8 1 5 3 2 4]
 [8 9 3 2 7 4 5 0 6]
 [5 4 0 9 6 0 1 7 8]
 [0 0 2 3 5 9 7 8 1]
 [0 0 4 1 8 7 9 6 3]
 [3 8 9 4 0 6 2 5 0]]
Number of cells unfilled: 15
Accuracy: 81.48148148148148
Sample: 82271
Question:
[[0 0 4 0 0 0 0 0 0]
 [0 6 8 3 0 0 0 0 9]
 [7 0 0 0 0 0 0 4 0]
 [0 0 0 9 0 0 8 2 0]
 [0 8 9 0 6 0 0 0 5]
 [0 7 0 0 0 8 0 0 0]
 [0 0 0 6 3 0 0 5 0]
 [0 4 5 0 0 9 0 0 3]
 [0 0 0 0 5 0 1 0 0]]
Solution:
[[4 5 8 7 2 0 0 1 0]
 [9 6 0 0 4 1 8 3 2]
 [1 2 7 5 9 3 6 4 0]
 [6 7 0 8 1 5 3 2 9]
 [8 9 3 2 7 4 5 0 6]
 [5 4 0 9 6 0 1 7 8]
 [0 0 2 3 5 9 7 8 1]
 [7 0 4 1 8 2 9 6 3]
 [3 8 9 4 0 6 2 5 0]]
Number of cells unfilled: 15
Accuracy: 81.48148148148148
Sample: 82272
Question:
[[0 2 0 0 0 8 0 0 6]
 [0 0 6 0 7 0 0 2 0]
 [8 0 3 0 6 0 1 0 0]
 [0 0 8 0 0 6 0 0 2]
 [0 0 0 0 0 0 5 1 0]
 [2 0 0 9 0 0 0 0 0]
 [0 0 5 0 9 0 0 0 0]
 [3 0 0 0 0 5 0 0 4]
 [0 4 0 0 0 0 7 0 0]]
Solution:
[[4 5 8 7 2 0 0 1 9]
 [9 6 0 0 4 1 8 3 2]
 [1 2 7 5 9 3 6 4 0]
 [6 7 0 8 1 5 3 2 4]
 [8 9 3 2 7 4 5 0 6]
 [5 4 0 9 6 0 1 7 8]
 [0 0 2 3 5 9 7 8 1]
 [7 0 4 1 8 2 9 6 3]
 [3 8 9 4 0 6 2 5 0]]
Number of cells unfilled: 14
Accuracy: 82.71604938271605
Sample: 82273
Question:
[[7 0 0 0 8 0 0 0 6]
 [0 6 0 0 0 9 0 8 0]
 [0 0 0 0 0 7 5 1 0]
 [8 0 0 3 0 0 0 0 0]
 [0 0 6 0 7 0 0 0 8]
 [4 7 0 8 0 0 1 0 0]
 [0 4 0 0 5 0 0 0 2]
 [5 0 0 9 0 0 0 0 0]
 [0 0 2 0 0 0 3 0 0]]
Solution:
[[4 5 8 7 2 0 0 1 9]
 [9 6 0 5 4 1 8 3 2]
 [1 2 7 0 9 3 6 4 5]
 [6 7 0 8 1 5 3 2 4]
 [8 9 3 2 7 4 5 0 6]
 [5 4 0 9 6 0 1 7 8]
 [0 0 2 3 5 9 7 8 1]
 [0 0 4 1 8 7 9 6 3]
 [3 8 9 4 0 6 2 5 0]]
Number of cells unfilled: 14
Accuracy: 82.71604938271605
Sample: 82274
Question:
[[8 9 0 0 0 0 0 0 0]
 [0 0 0 0 0 1 0 9 0]
 [0 0 5 0 8 0 3 0 2]
 [0 6 0 8 0 0 0 0 3]
 [0 0 0 0 6 0 4 0 0]
 [0 0 8 3 0 5 0 2 0]
 [0 0 6 0 5 0 0 0 4]
 [7 5 0 0 0 0 0 0 0]
 [2 0 0 7 0 0 1 0 0]]
Solution:
[[4 5 8 7 2 0 0 1 9]
 [9 6 0 0 4 1 8 3 2]
 [1 2 7 5 9 3 6 4 0]
 [6 7 0 8 1 5 3 2 4]
 [8 9 3 2 7 4 5 0 6]
 [5 4 0 9 6 0 1 7 8]
 [0 0 2 3 5 9 7 8 1]
 [0 0 4 1 8 7 9 6 3]
 [3 8 9 4 0 6 2 5 0]]
Number of cells unfilled: 15
Accuracy: 81.48148148148148
Sample: 82275
Question:
[[9 0 0 0 0 2 4 0 0]
 [8 0 0 0 1 6 2 0 0]
 [1 0 0 0 0 0 0 5 8]
 [0 0 0 0 0 5 0 0 0]
 [7 0 0 0 0 0 9 0 4]
 [0 0 3 6 0 0 0 0 0]
 [0 8 0 0 4 3 0 0 0]
 [0 0 7 5 0 9 0 0 0]
 [4 0 0 1 0 0 0 3 0]]
Solution:
[[4 5 8 7 2 0 0 1 9]
 [9 6 0 5 4 1 8 3 2]
 [1 2 7 0 9 3 6 4 5]
 [6 7 0 8 1 5 3 2 4]
 [8 9 3 2 7 4 5 0 6]
 [5 4 0 9 6 0 1 7 8]
 [0 0 2 3 0 9 7 8 1]
 [0 0 4 1 8 7 9 6 3]
 [3 8 9 4 5 6 2 0 0]]
Number of cells unfilled: 15
Accuracy: 81.48148148148148
Sample: 82276
Question:
[[0 0 0 4 0 0 0 0 0]
 [5 0 0 0 0 0 0 0 4]
 [0 3 0 0 0 0 2 5 0]
 [0 5 0 7 0 6 0 0 8]
 [0 6 9 0 0 0 0 1 0]
 [0 0 1 9 0 3 4 0 0]
 [0 0 0 6 2 0 0 0 7]
 [0 0 8 0 0 0 0 0 0]
 [0 4 0 8 0 0 9 0 1]]
Solution:
[[4 5 8 7 2 0 0 1 0]
 [9 6 0 0 4 1 0 3 2]
 [1 2 7 5 9 3 6 4 8]
 [6 7 0 8 1 5 3 2 9]
 [8 9 3 2 7 4 5 0 6]
 [5 0 0 9 6 0 1 7 4]
 [0 0 2 3 5 9 7 8 1]
 [7 0 4 1 8 2 9 6 3]
 [3 8 9 4 0 6 2 5 0]]
Number of cells unfilled: 16
Accuracy: 80.24691358024691
Sample: 82277
Question:
[[0 0 4 0 0 0 0 0 2]
 [0 1 0 0 2 0 0 0 0]
 [0 0 2 0 3 8 1 7 0]
 [7 0 0 0 0 0 9 0 0]
 [0 3 0 0 7 6 2 0 0]
 [0 0 5 0 0 0 3 0 0]
 [0 5 0 0 0 1 8 0 0]
 [0 0 0 2 6 0 0 4 9]
 [0 0 0 3 0 0 0 1 0]]
Solution:
[[4 5 8 7 2 0 0 1 9]
 [9 6 0 0 4 1 8 3 2]
 [1 2 7 5 9 3 6 4 0]
 [6 7 0 8 1 5 3 2 4]
 [8 9 3 2 7 4 5 0 6]
 [5 4 0 9 6 0 1 7 8]
 [0 0 2 3 5 9 7 8 1]
 [7 0 4 1 8 2 9 6 3]
 [3 8 9 4 0 6 2 5 0]]
Number of cells unfilled: 14
Accuracy: 82.71604938271605
Sample: 82278
Question:
[[6 0 5 0 0 0 0 8 0]
 [2 0 3 0 8 1 6 0 0]
 [0 7 0 0 0 0 0 0 2]
 [0 0 4 7 0 3 8 0 0]
 [0 0 0 0 1 6 0 0 9]
 [0 0 0 0 9 0 0 0 3]
 [0 0 8 0 0 0 0 2 6]
 [0 5 2 0 0 0 0 0 0]
 [9 0 0 0 0 4 0 0 0]]
Solution:
[[4 5 8 7 2 0 0 1 9]
 [9 6 0 5 4 1 8 3 2]
 [1 2 7 0 9 3 6 4 5]
 [6 7 0 8 1 5 3 2 4]
 [8 9 3 2 7 4 5 0 6]
 [5 4 0 9 6 0 1 7 8]
 [0 0 2 3 5 9 7 8 1]
 [7 0 4 1 8 2 9 6 3]
 [3 8 9 4 0 6 2 5 0]]
Number of cells unfilled: 13
Accuracy: 83.9506172839506
Sample: 82279
Question:
[[4 0 0 2 0 0 0 0 1]
 [0 7 0 0 0 6 0 3 0]
 [0 0 0 0 7 0 8 0 0]
 [0 0 4 0 0 0 9 0 0]
 [0 0 5 0 0 0 0 0 8]
 [0 6 0 0 2 0 0 1 0]
 [0 3 0 7 0 0 0 6 0]
 [0 0 9 0 6 0 0 0 0]
 [0 0 0 0 1 3 0 0 5]]
Solution:
[[4 5 8 7 2 0 0 1 0]
 [9 6 0 0 4 1 0 3 2]
 [1 2 7 5 9 3 6 4 8]
 [0 7 6 8 1 5 3 2 9]
 [8 9 3 2 7 4 5 0 6]
 [5 0 0 9 6 0 1 7 4]
 [6 0 2 3 5 9 7 8 1]
 [0 0 4 1 8 7 9 6 3]
 [7 8 9 4 0 6 2 5 0]]
Number of cells unfilled: 16
Accuracy: 80.24691358024691
Sample: 82280
Question:
[[0 0 9 3 0 0 0 0 5]
 [4 7 0 0 2 0 0 3 0]
 [0 0 0 0 0 1 0 0 0]
 [6 0 0 0 0 0 8 0 0]
 [3 8 0 0 0 2 0 7 0]
 [0 9 0 0 0 0 0 0 1]
 [7 4 0 2 0 0 0 1 0]
 [0 0 0 0 4 7 6 0 0]
 [0 0 8 0 1 3 0 0 0]]
Solution:
[[4 5 8 7 2 0 0 1 9]
 [9 6 0 0 4 1 8 3 2]
 [1 2 7 5 9 3 6 4 0]
 [6 7 0 8 1 5 3 2 4]
 [8 9 3 2 7 4 5 0 6]
 [5 4 0 9 6 0 1 7 8]
 [0 0 2 3 0 9 7 8 1]
 [0 0 4 1 8 7 9 6 3]
 [7 8 9 4 5 6 2 0 0]]
Number of cells unfilled: 16
Accuracy: 80.24691358024691
Sample: 82281
Question:
[[7 0 3 0 0 0 8 0 0]
 [0 2 8 0 5 0 0 0 0]
 [0 0 5 0 4 0 2 0 0]
 [0 0 2 1 0 0 0 0 0]
 [8 0 0 0 0 0 5 2 7]
 [0 0 0 0 0 8 4 0 0]
 [0 0 0 0 1 2 6 4 0]
 [0 7 0 0 0 4 1 0 0]
 [0 0 0 9 0 5 0 7 0]]
Solution:
[[4 5 8 7 2 0 0 1 9]
 [9 6 0 0 4 1 8 3 2]
 [1 2 7 5 9 3 6 4 0]
 [0 7 6 8 1 5 3 2 4]
 [8 9 3 2 7 4 5 0 6]
 [5 4 0 9 6 0 1 7 8]
 [6 0 2 3 5 9 7 8 1]
 [7 0 4 1 8 2 9 6 3]
 [3 8 9 4 0 6 2 5 0]]
Number of cells unfilled: 13
Accuracy: 83.9506172839506
Sample: 82282
Question:
[[0 0 0 0 0 6 0 0 0]
 [6 4 0 5 0 0 7 0 0]
 [0 0 1 0 0 7 0 0 0]
 [0 0 0 8 0 0 0 0 9]
 [1 0 0 4 0 0 0 0 0]
 [4 8 0 0 0 5 6 0 0]
 [0 0 2 0 0 0 0 3 6]
 [0 1 0 0 0 0 0 0 7]
 [7 6 0 0 5 0 8 0 0]]
Solution:
[[4 5 8 7 2 0 0 1 9]
 [9 6 0 0 4 1 8 3 2]
 [1 2 7 5 9 3 6 4 0]
 [6 7 0 8 1 5 3 2 4]
 [8 9 3 2 7 4 5 0 6]
 [5 4 0 9 6 0 1 7 8]
 [0 0 2 3 5 9 7 8 1]
 [0 0 4 1 8 7 9 6 3]
 [7 8 9 4 0 6 2 5 0]]
Number of cells unfilled: 15
Accuracy: 81.48148148148148
Sample: 82283
Question:
[[0 0 0 5 9 0 0 0 2]
 [0 0 0 0 7 0 9 1 0]
 [0 6 0 0 0 1 5 0 0]
 [0 0 0 0 0 0 0 0 1]
 [1 0 0 0 0 7 0 0 3]
 [0 0 3 9 0 0 2 0 0]
 [0 0 5 0 3 0 0 2 0]
 [8 1 0 0 0 4 0 0 0]
 [0 0 0 7 0 0 0 0 0]]
Solution:
[[4 5 8 7 2 0 0 1 9]
 [9 6 0 0 4 1 8 3 2]
 [1 2 7 5 9 3 6 4 0]
 [6 7 0 8 1 5 3 2 4]
 [8 9 3 2 7 4 5 0 6]
 [5 4 0 9 6 0 1 7 8]
 [0 0 2 3 0 9 7 8 1]
 [0 0 4 1 8 7 9 6 3]
 [3 8 9 4 5 6 2 0 0]]
Number of cells unfilled: 16
Accuracy: 80.24691358024691
Sample: 82284
Question:
[[0 0 3 0 0 0 0 1 0]
 [0 0 6 0 4 0 7 0 0]
 [5 0 0 7 0 0 0 3 6]
 [0 5 0 6 0 0 0 2 0]
 [0 0 0 0 7 9 8 0 0]
 [0 0 0 0 0 0 0 0 1]
 [7 0 0 0 0 0 0 0 0]
 [2 0 0 0 0 0 1 0 0]
 [0 0 5 2 0 0 0 7 3]]
Solution:
[[4 5 8 7 2 0 0 1 9]
 [9 6 0 0 4 1 8 3 2]
 [1 2 7 5 9 3 6 4 0]
 [0 7 6 8 1 5 3 2 4]
 [8 9 3 2 7 4 5 0 6]
 [5 4 0 9 6 0 1 7 8]
 [6 0 2 3 5 9 7 8 1]
 [7 0 4 1 8 2 9 6 3]
 [3 8 9 4 0 6 2 5 0]]
Number of cells unfilled: 13
Accuracy: 83.9506172839506
Sample: 82285
Question:
[[0 0 8 0 0 0 0 6 0]
 [0 0 0 3 0 0 0 0 5]
 [0 7 0 0 2 0 4 0 3]
 [0 4 0 2 0 0 0 0 1]
 [0 0 0 0 0 3 0 0 0]
 [0 0 3 0 0 4 0 5 0]
 [9 0 0 7 0 0 0 3 0]
 [0 3 0 0 0 2 1 0 7]
 [0 0 0 1 0 0 5 0 0]]
Solution:
[[4 5 8 7 2 0 0 1 9]
 [9 6 0 5 4 1 8 3 2]
 [1 2 7 0 9 3 6 4 5]
 [6 7 0 8 1 5 3 2 4]
 [8 9 3 2 7 4 5 0 6]
 [5 4 0 9 6 0 1 7 8]
 [0 0 2 3 0 9 7 8 1]
 [0 0 4 1 8 7 9 6 3]
 [7 8 9 4 5 6 2 0 0]]
Number of cells unfilled: 15
Accuracy: 81.48148148148148
Sample: 82286
Question:
[[0 0 8 0 0 2 4 0 1]
 [0 0 0 0 8 0 0 0 0]
 [3 2 0 0 0 0 0 8 0]
 [0 0 2 0 3 0 5 4 0]
 [5 0 0 6 0 0 0 0 2]
 [0 0 4 0 2 5 0 1 0]
 [0 0 3 0 1 0 0 2 0]
 [0 0 0 7 0 0 0 0 0]
 [0 0 0 0 0 0 0 0 9]]
Solution:
[[4 5 8 7 2 0 0 1 0]
 [9 6 0 0 4 1 0 3 2]
 [1 2 7 5 9 3 6 4 8]
 [6 7 0 8 1 5 3 2 9]
 [8 9 3 2 7 4 5 0 6]
 [5 0 0 9 6 0 1 7 4]
 [0 0 2 3 5 9 7 8 1]
 [0 0 4 1 8 7 9 6 3]
 [3 8 9 4 0 6 2 5 0]]
Number of cells unfilled: 17
Accuracy: 79.01234567901234
Sample: 82287
Question:
[[0 1 0 0 0 0 3 0 0]
 [0 0 5 4 0 0 0 7 1]
 [0 0 7 5 0 1 0 6 0]
 [0 0 0 0 0 0 0 8 0]
 [0 0 8 0 4 5 0 0 7]
 [7 6 0 8 0 0 0 0 0]
 [0 0 6 7 0 0 0 4 0]
 [0 0 0 0 9 0 0 0 6]
 [0 0 0 0 0 0 2 0 0]]
Solution:
[[4 5 8 7 2 0 0 1 9]
 [9 6 0 0 4 1 8 3 2]
 [1 2 7 5 9 3 6 4 0]
 [0 7 6 8 1 5 3 2 4]
 [8 9 3 2 7 4 5 0 6]
 [5 4 0 9 6 0 1 7 8]
 [6 0 2 3 5 9 7 8 1]
 [0 0 4 1 8 7 9 6 3]
 [7 8 9 4 0 6 2 5 0]]
Number of cells unfilled: 14
Accuracy: 82.71604938271605
Sample: 82288
Question:
[[0 2 0 9 0 7 0 8 0]
 [0 0 0 0 0 5 2 0 7]
 [0 0 1 0 2 0 0 0 9]
 [0 9 0 0 0 6 8 0 0]
 [3 0 2 0 4 0 0 0 0]
 [0 0 0 5 0 0 0 0 2]
 [0 0 0 0 0 0 0 0 0]
 [0 6 0 7 0 2 0 0 8]
 [0 0 0 0 5 0 0 6 0]]
Solution:
[[4 5 8 7 2 0 0 1 9]
 [9 6 0 0 4 1 8 3 2]
 [1 2 7 5 9 3 6 4 0]
 [6 7 0 8 1 5 3 2 4]
 [8 9 3 2 7 4 5 0 6]
 [5 4 0 9 6 0 1 7 8]
 [0 0 2 3 5 9 7 8 1]
 [7 0 4 1 8 2 9 6 3]
 [3 8 9 4 0 6 2 5 0]]
Number of cells unfilled: 14
Accuracy: 82.71604938271605
Sample: 82289
Question:
[[0 3 0 0 0 7 0 0 0]
 [5 0 0 0 1 0 7 0 0]
 [0 7 0 0 0 0 0 4 0]
 [0 0 0 7 0 1 9 0 0]
 [0 0 0 0 9 0 0 5 6]
 [9 0 0 0 0 0 0 0 0]
 [0 0 8 0 6 0 5 0 0]
 [0 2 0 0 0 8 0 7 0]
 [1 0 0 0 0 0 6 0 8]]
Solution:
[[4 5 8 7 2 0 0 1 9]
 [9 6 0 0 4 1 8 3 2]
 [1 2 7 5 9 3 6 4 0]
 [0 7 6 8 1 5 3 2 4]
 [8 9 3 2 7 4 5 0 6]
 [5 4 0 9 6 0 1 7 8]
 [6 0 2 3 5 9 7 8 1]
 [0 0 4 1 8 7 9 6 3]
 [7 8 9 4 0 6 2 5 0]]
Number of cells unfilled: 14
Accuracy: 82.71604938271605
Sample: 82290
Question:
[[2 0 0 0 0 0 0 7 5]
 [0 0 8 4 0 0 6 0 0]
 [0 1 0 0 0 5 0 0 0]
 [0 6 3 0 4 0 0 0 0]
 [0 0 1 5 0 3 0 0 0]
 [5 0 0 0 0 6 0 0 9]
 [0 3 5 0 0 4 8 0 0]
 [1 0 0 0 8 0 0 5 0]
 [0 0 0 0 0 0 0 0 0]]
Solution:
[[4 5 8 7 2 0 0 1 0]
 [9 6 0 0 4 1 0 3 2]
 [1 2 7 5 9 3 6 4 8]
 [6 7 0 8 1 5 3 2 9]
 [8 9 3 2 7 4 5 0 6]
 [5 0 0 9 6 0 1 7 4]
 [0 0 2 3 5 9 7 8 1]
 [7 0 4 1 8 2 9 6 3]
 [3 8 9 4 0 6 2 5 0]]
Number of cells unfilled: 16
Accuracy: 80.24691358024691
Sample: 82291
Question:
[[5 0 0 0 0 2 0 0 0]
 [0 7 0 9 0 0 2 1 0]
 [0 0 0 0 0 1 0 3 0]
 [0 2 0 0 9 0 7 8 0]
 [0 0 4 0 0 0 0 0 6]
 [8 0 0 0 0 0 3 0 0]
 [0 8 0 0 0 9 1 7 0]
 [0 0 7 8 0 0 0 0 3]
 [0 0 0 7 0 0 0 0 0]]
Solution:
[[4 5 8 7 2 0 0 1 0]
 [9 6 0 0 4 1 0 3 2]
 [1 2 7 5 9 3 6 4 8]
 [0 7 6 8 1 5 3 2 9]
 [8 9 3 2 7 4 5 0 6]
 [5 0 0 9 6 0 1 7 4]
 [6 0 2 3 5 9 7 8 1]
 [0 0 4 1 8 7 9 6 3]
 [7 8 9 4 0 6 2 5 0]]
Number of cells unfilled: 16
Accuracy: 80.24691358024691
Sample: 82292
Question:
[[8 0 0 4 0 7 1 0 0]
 [0 0 5 0 8 0 0 0 0]
 [0 0 0 0 0 1 0 0 8]
 [7 0 0 0 4 0 2 0 1]
 [0 0 2 0 0 0 0 3 0]
 [1 0 0 0 7 2 0 0 5]
 [5 0 0 0 1 0 0 0 4]
 [0 0 0 0 0 0 0 9 0]
 [0 0 0 6 0 0 0 0 0]]
Solution:
[[4 5 8 7 2 0 0 1 0]
 [9 6 0 5 4 1 8 3 2]
 [1 2 7 0 9 3 6 4 5]
 [6 7 0 8 1 5 3 2 9]
 [8 9 3 2 7 4 5 0 6]
 [5 4 0 9 6 0 1 7 8]
 [0 0 2 3 5 9 7 8 1]
 [0 0 4 1 8 7 9 6 3]
 [7 8 9 4 0 6 2 5 0]]
Number of cells unfilled: 15
Accuracy: 81.48148148148148
Sample: 82293
Question:
[[9 0 0 0 0 0 0 0 0]
 [0 6 0 0 0 0 3 0 7]
 [3 0 1 0 5 0 0 4 0]
 [4 0 8 0 0 5 0 3 0]
 [0 0 9 8 3 0 0 0 0]
 [0 0 0 4 0 0 2 0 0]
 [8 0 3 5 0 0 0 1 0]
 [0 9 0 0 0 1 0 0 0]
 [0 0 0 0 0 3 0 0 0]]
Solution:
[[4 5 8 7 2 0 0 1 0]
 [9 6 0 0 4 1 8 3 2]
 [1 2 7 5 9 3 6 4 0]
 [0 7 6 8 1 5 3 2 9]
 [8 9 3 2 7 4 5 0 6]
 [5 4 0 9 6 0 1 7 8]
 [6 0 2 3 5 9 7 8 1]
 [7 0 4 1 8 2 9 6 3]
 [3 8 9 4 0 6 2 5 0]]
Number of cells unfilled: 14
Accuracy: 82.71604938271605
Sample: 82294
Question:
[[2 0 0 0 7 0 0 3 0]
 [0 7 0 0 0 0 0 0 6]
 [0 0 4 0 0 3 9 0 0]
 [0 0 0 0 0 1 0 0 0]
 [4 8 0 0 0 0 1 0 0]
 [0 0 1 0 0 0 0 9 3]
 [0 0 0 0 6 0 0 2 5]
 [5 0 0 0 0 0 0 0 0]
 [0 0 8 0 0 4 3 0 9]]
Solution:
[[4 5 8 7 2 0 0 1 0]
 [9 6 0 0 4 1 8 3 2]
 [1 2 7 5 9 3 6 4 0]
 [6 7 0 8 1 5 3 2 9]
 [8 9 3 2 7 4 5 0 6]
 [5 4 0 9 6 0 1 7 8]
 [0 0 2 3 5 9 7 8 1]
 [7 0 4 1 8 2 9 6 3]
 [3 8 9 4 0 6 2 5 0]]
Number of cells unfilled: 15
Accuracy: 81.48148148148148
Sample: 82295
Question:
[[4 0 9 7 0 0 0 0 0]
 [0 0 0 0 0 0 6 0 0]
 [5 0 0 0 0 2 0 4 0]
 [6 0 0 0 8 0 0 3 0]
 [0 0 2 0 0 7 0 0 8]
 [9 0 0 0 0 0 4 5 7]
 [0 0 0 0 5 3 7 1 0]
 [0 0 0 4 0 0 3 0 0]
 [0 0 4 0 1 6 0 0 0]]
Solution:
[[4 5 8 7 2 0 0 1 9]
 [9 6 0 0 4 1 8 3 2]
 [1 2 7 5 9 3 6 4 0]
 [6 7 0 8 1 5 3 2 4]
 [8 9 3 2 7 4 5 0 6]
 [5 4 0 9 6 0 1 7 8]
 [0 0 2 3 0 9 7 8 1]
 [0 0 4 1 8 7 9 6 3]
 [3 8 9 4 5 6 2 0 0]]
Number of cells unfilled: 16
Accuracy: 80.24691358024691
Sample: 82296
Question:
[[0 1 0 0 6 2 5 0 0]
 [0 9 0 0 0 5 0 0 0]
 [0 6 0 0 8 0 0 0 4]
 [2 0 0 0 7 8 0 0 5]
 [0 0 0 5 0 0 0 9 3]
 [0 0 0 0 0 4 7 0 0]
 [0 0 3 0 0 9 6 0 0]
 [1 0 0 8 0 0 0 0 9]
 [0 7 4 0 0 0 0 0 1]]
Solution:
[[4 5 8 7 2 0 0 1 9]
 [9 6 0 0 4 1 8 3 2]
 [1 2 7 5 9 3 6 4 0]
 [6 7 0 8 1 5 3 2 4]
 [8 9 3 2 7 4 5 0 6]
 [5 4 0 9 6 0 1 7 8]
 [0 0 2 3 5 9 7 8 1]
 [7 0 4 1 8 2 9 6 3]
 [3 8 9 4 0 6 2 5 0]]
Number of cells unfilled: 14
Accuracy: 82.71604938271605
Sample: 82297
Question:
[[9 0 0 0 0 0 4 0 0]
 [0 0 7 0 0 0 0 0 0]
 [0 3 0 0 0 0 5 0 9]
 [0 4 0 5 7 0 0 8 0]
 [0 0 0 0 0 2 6 0 0]
 [8 0 0 6 4 0 0 9 0]
 [4 7 0 2 0 0 3 0 8]
 [2 0 8 0 0 3 0 0 0]
 [0 0 0 0 0 4 9 0 0]]
Solution:
[[4 5 8 7 2 0 0 1 9]
 [9 6 0 0 4 1 8 3 2]
 [1 2 7 5 9 3 6 4 0]
 [6 7 0 8 1 5 3 2 4]
 [8 9 3 2 7 4 5 0 6]
 [5 4 0 9 6 0 1 7 8]
 [0 0 2 3 5 9 7 8 1]
 [7 0 4 1 8 2 9 6 3]
 [3 8 9 4 0 6 2 5 0]]
Number of cells unfilled: 14
Accuracy: 82.71604938271605
Sample: 82298
Question:
[[0 5 0 0 0 0 0 6 8]
 [0 0 0 0 6 0 4 0 3]
 [0 8 0 0 0 1 0 0 0]
 [7 0 0 0 9 0 0 0 0]
 [0 0 0 7 5 0 0 9 2]
 [0 0 3 4 0 0 0 0 5]
 [0 0 0 0 0 0 0 2 0]
 [0 2 0 0 8 0 0 0 7]
 [6 0 1 5 0 0 0 0 0]]
Solution:
[[4 5 8 7 2 0 0 1 9]
 [9 6 0 5 4 1 8 3 2]
 [1 2 7 0 9 3 6 4 5]
 [6 7 0 8 1 5 3 2 4]
 [8 9 3 2 7 4 5 0 6]
 [5 4 0 9 6 0 1 7 8]
 [0 0 2 3 5 9 7 8 1]
 [0 0 4 1 8 7 9 6 3]
 [3 8 9 4 0 6 2 5 0]]
Number of cells unfilled: 14
Accuracy: 82.71604938271605
Sample: 82299
Question:
[[0 0 0 0 0 4 1 7 0]
 [0 0 0 8 0 0 3 0 9]
 [0 0 0 0 1 6 0 4 0]
 [0 9 0 7 0 0 0 0 5]
 [0 6 5 0 0 8 0 0 0]
 [0 0 0 0 9 0 0 0 0]
 [0 0 1 0 6 0 0 0 8]
 [0 0 8 4 0 0 0 0 0]
 [9 5 0 2 0 0 0 1 0]]
Solution:
[[4 5 8 7 2 0 0 1 9]
 [9 6 0 0 4 1 8 3 2]
 [1 2 7 5 9 3 6 4 0]
 [6 7 0 8 1 5 3 2 4]
 [8 9 3 2 7 4 5 0 6]
 [5 4 0 9 6 0 1 7 8]
 [0 0 2 3 5 9 7 8 1]
 [0 0 4 1 8 7 9 6 3]
 [3 8 9 4 0 6 2 5 0]]
Number of cells unfilled: 15
Accuracy: 81.48148148148148
Sample: 82300
Question:
[[4 0 0 7 0 0 0 1 0]
 [0 6 0 0 0 1 0 0 2]
 [0 0 7 0 9 0 0 0 0]
 [0 7 0 0 0 5 0 2 0]
 [0 0 3 0 0 0 5 0 6]
 [5 0 0 9 0 0 1 0 0]
 [0 0 0 3 0 0 0 8 0]
 [0 0 4 0 8 0 0 6 0]
 [0 8 0 0 0 6 2 0 0]]
Solution:
[[4 5 8 7 2 0 0 1 9]
 [9 6 0 5 4 1 8 3 2]
 [1 2 7 0 9 3 6 4 5]
 [6 7 0 8 1 5 3 2 4]
 [8 9 3 2 7 4 5 0 6]
 [5 4 0 9 6 0 1 7 8]
 [0 0 2 3 0 9 7 8 1]
 [0 0 4 1 8 7 9 6 3]
 [3 8 9 4 5 6 2 0 0]]
Number of cells unfilled: 15
Accuracy: 81.48148148148148
