2025-10-22 16:37:46.671897: I tensorflow/core/util/port.cc:153] oneDNN custom operations are on. You may see slightly different numerical results due to floating-point round-off errors from different computation orders. To turn them off, set the environment variable `TF_ENABLE_ONEDNN_OPTS=0`.
2025-10-22 16:37:46.853235: I tensorflow/core/platform/cpu_feature_guard.cc:210] This TensorFlow binary is optimized to use available CPU instructions in performance-critical operations.
To enable the following instructions: AVX2 AVX512F AVX512_VNNI FMA, in other operations, rebuild TensorFlow with the appropriate compiler flags.
2025-10-22 16:37:51.992848: I tensorflow/core/util/port.cc:153] oneDNN custom operations are on. You may see slightly different numerical results due to floating-point round-off errors from different computation orders. To turn them off, set the environment variable `TF_ENABLE_ONEDNN_OPTS=0`.
2025-10-22 16:37:57.548737: E external/local_xla/xla/stream_executor/cuda/cuda_platform.cc:51] failed call to cuInit: INTERNAL: CUDA error: Failed call to cuInit: UNKNOWN ERROR (303)
Sample: 82801
Question:
[[0 3 0 0 8 0 0 0 1]
 [0 0 0 0 0 0 5 0 0]
 [9 0 0 4 0 0 0 0 0]
 [0 2 0 0 7 0 0 0 5]
 [0 8 0 0 3 0 6 0 7]
 [0 0 5 0 0 6 2 0 0]
 [2 0 0 7 0 0 0 0 8]
 [0 1 0 3 0 8 0 0 0]
 [0 0 0 0 2 0 1 0 0]]
Solution:
[[8 5 9 6 4 1 0 3 2]
 [7 3 6 5 9 2 1 8 4]
 [2 1 4 8 3 7 6 0 9]
 [3 0 7 0 1 6 4 0 8]
 [1 8 2 3 7 4 9 5 6]
 [9 6 5 2 8 0 7 1 3]
 [6 7 3 4 0 5 8 2 1]
 [4 9 1 7 2 8 3 6 5]
 [5 2 8 9 6 3 0 4 7]]
Number of cells unfilled: 8
Accuracy: 90.12345679012346
Sample: 82802
Question:
[[0 2 0 4 7 0 0 0 9]
 [0 4 0 0 5 9 0 0 2]
 [0 0 9 0 0 8 0 4 0]
 [0 1 0 0 0 0 0 7 0]
 [2 0 5 7 0 0 0 0 1]
 [4 0 0 0 1 0 5 0 0]
 [0 5 0 0 4 0 0 0 7]
 [0 0 0 0 0 0 0 6 0]
 [3 0 0 0 0 0 9 0 0]]
Solution:
[[8 5 9 6 4 1 0 3 2]
 [7 3 6 5 9 2 0 1 4]
 [2 1 4 8 3 7 6 0 9]
 [3 0 7 0 1 6 4 9 8]
 [0 8 2 3 7 4 1 5 6]
 [9 6 5 2 8 0 7 0 3]
 [6 7 3 4 0 5 8 2 1]
 [4 9 1 7 2 8 3 6 5]
 [5 2 8 9 6 3 0 4 7]]
Number of cells unfilled: 10
Accuracy: 87.65432098765432
Sample: 82803
Question:
[[0 0 3 2 0 0 1 9 0]
 [0 4 2 0 0 3 0 0 0]
 [0 0 0 7 0 0 0 0 0]
 [0 0 0 0 1 2 6 0 0]
 [1 0 8 3 0 6 0 2 7]
 [0 0 0 0 7 0 0 0 5]
 [0 0 1 9 0 0 7 0 0]
 [8 0 0 0 0 0 0 5 0]
 [4 0 0 0 0 0 0 0 3]]
Solution:
[[8 5 9 6 4 1 0 3 2]
 [7 3 6 5 9 2 1 8 4]
 [2 1 4 8 3 7 6 0 9]
 [3 0 7 0 1 6 4 0 8]
 [1 8 2 3 7 4 9 5 6]
 [9 6 5 2 8 0 7 1 3]
 [6 7 3 4 0 5 8 2 1]
 [4 9 1 7 2 8 3 6 5]
 [5 2 8 9 6 3 0 4 7]]
Number of cells unfilled: 8
Accuracy: 90.12345679012346
Sample: 82804
Question:
[[0 4 0 0 0 0 5 0 8]
 [8 0 0 0 0 4 2 0 3]
 [0 0 3 0 0 0 0 4 0]
 [0 8 0 0 0 5 0 2 0]
 [0 0 1 6 0 0 0 0 0]
 [0 0 6 0 7 0 9 0 0]
 [7 0 0 1 0 0 0 0 0]
 [0 0 0 0 9 0 3 0 0]
 [0 3 0 0 0 2 0 5 0]]
Solution:
[[8 5 9 6 4 1 0 3 2]
 [1 3 6 5 9 2 0 7 4]
 [2 4 0 8 3 7 6 1 9]
 [3 0 7 0 1 6 4 9 8]
 [0 8 2 3 7 4 1 5 6]
 [9 6 4 2 8 0 7 0 3]
 [6 7 3 4 0 5 8 2 1]
 [4 9 1 7 2 8 3 6 5]
 [5 2 8 9 6 3 0 4 7]]
Number of cells unfilled: 10
Accuracy: 87.65432098765432
Sample: 82805
Question:
[[6 0 0 8 0 0 0 0 5]
 [0 0 0 3 0 9 0 0 2]
 [0 0 0 4 0 6 8 0 1]
 [0 1 0 0 0 0 9 0 0]
 [0 7 0 0 0 3 0 0 0]
 [3 0 5 7 0 2 0 0 0]
 [7 6 3 0 0 0 0 0 0]
 [1 5 0 0 0 4 0 0 0]
 [0 0 0 0 0 1 6 0 3]]
Solution:
[[8 5 9 6 4 1 0 3 2]
 [7 3 6 5 0 2 1 8 4]
 [2 1 4 8 3 9 6 7 0]
 [3 0 7 0 1 6 4 0 8]
 [1 8 2 3 7 4 9 5 6]
 [9 6 5 2 8 0 7 1 3]
 [6 7 3 4 0 5 8 2 1]
 [4 9 1 7 2 8 3 6 5]
 [5 2 8 9 6 3 0 4 7]]
Number of cells unfilled: 9
Accuracy: 88.88888888888889
Sample: 82806
Question:
[[0 4 0 0 0 0 0 0 0]
 [0 0 0 0 7 0 0 0 0]
 [6 0 0 8 0 0 4 3 0]
 [0 0 9 3 0 0 6 4 0]
 [8 6 0 0 0 2 0 0 0]
 [0 0 0 0 9 0 0 5 0]
 [3 0 0 0 0 1 0 9 5]
 [0 8 0 9 0 0 3 6 0]
 [9 0 0 0 0 0 0 0 0]]
Solution:
[[8 5 9 6 4 1 0 3 2]
 [7 3 6 5 9 2 1 8 4]
 [2 1 4 8 3 7 6 0 9]
 [3 0 7 0 1 6 4 0 8]
 [1 8 2 3 7 4 9 5 6]
 [9 6 5 2 8 0 7 1 3]
 [6 7 3 4 0 5 8 2 1]
 [4 9 1 7 2 8 3 6 5]
 [5 2 8 9 6 3 0 4 7]]
Number of cells unfilled: 8
Accuracy: 90.12345679012346
Sample: 82807
Question:
[[0 1 7 0 0 0 0 0 0]
 [0 0 4 7 0 3 8 6 0]
 [8 0 0 0 0 0 0 0 0]
 [2 3 1 0 0 0 0 7 0]
 [0 5 0 0 3 0 6 0 0]
 [0 0 0 2 0 0 4 0 0]
 [0 0 8 0 6 0 5 0 0]
 [0 0 0 4 0 5 0 1 9]
 [9 0 0 0 0 0 0 0 0]]
Solution:
[[8 5 9 6 4 1 0 3 2]
 [7 3 6 5 9 2 1 8 4]
 [2 4 0 8 3 7 6 0 9]
 [3 0 7 0 1 6 4 0 8]
 [1 8 2 3 7 4 9 5 6]
 [9 6 4 2 8 0 7 1 3]
 [6 7 3 4 0 5 8 2 1]
 [4 9 1 7 2 8 3 6 5]
 [5 2 8 9 6 3 0 4 7]]
Number of cells unfilled: 9
Accuracy: 88.88888888888889
Sample: 82808
Question:
[[0 0 7 0 3 0 6 0 8]
 [0 0 0 1 0 0 0 4 0]
 [4 2 0 0 0 0 0 0 0]
 [2 6 0 0 0 3 1 0 0]
 [0 0 0 0 0 8 0 5 0]
 [0 0 0 0 7 0 0 8 0]
 [0 4 0 0 1 0 0 9 0]
 [0 0 6 0 9 0 0 0 0]
 [0 0 9 2 0 0 0 0 5]]
Solution:
[[8 5 9 6 4 1 0 3 2]
 [1 3 6 5 9 2 0 7 4]
 [2 4 0 8 3 7 6 1 9]
 [3 0 7 0 1 6 4 9 8]
 [0 8 2 3 7 4 1 5 6]
 [9 6 4 2 8 0 7 0 3]
 [6 7 3 4 0 5 8 2 1]
 [4 9 1 7 2 8 3 6 5]
 [5 2 8 9 6 3 0 4 7]]
Number of cells unfilled: 10
Accuracy: 87.65432098765432
Sample: 82809
Question:
[[0 0 2 0 0 0 0 0 9]
 [7 3 0 0 0 6 1 0 0]
 [8 0 0 0 1 0 0 0 0]
 [0 0 0 7 0 4 0 0 5]
 [0 0 0 0 0 3 0 9 0]
 [0 4 0 0 6 0 3 0 0]
 [5 0 0 0 0 2 0 0 6]
 [0 0 8 0 3 0 0 0 0]
 [0 2 0 6 0 0 7 0 0]]
Solution:
[[8 5 9 6 4 1 0 3 2]
 [7 3 6 5 9 2 1 8 4]
 [2 4 0 8 3 7 6 0 9]
 [3 0 7 0 1 6 4 0 8]
 [1 8 2 3 7 4 9 5 6]
 [9 6 4 2 8 0 7 1 3]
 [6 7 3 4 0 5 8 2 1]
 [4 9 1 7 2 8 3 6 5]
 [5 2 8 9 6 3 0 4 7]]
Number of cells unfilled: 9
Accuracy: 88.88888888888889
Sample: 82810
Question:
[[0 0 3 9 0 8 0 0 0]
 [0 0 0 0 1 0 0 0 0]
 [8 9 4 0 0 7 6 0 0]
 [0 0 9 0 0 3 0 2 0]
 [1 0 0 7 8 0 0 0 0]
 [0 7 0 0 0 0 0 0 0]
 [0 3 0 4 0 0 1 0 0]
 [0 0 0 0 5 2 0 3 0]
 [7 0 0 8 0 0 2 0 4]]
Solution:
[[8 5 9 6 4 1 0 3 2]
 [7 3 6 5 9 2 1 8 4]
 [2 1 4 8 3 7 6 0 9]
 [3 0 7 0 1 6 4 0 8]
 [1 8 2 3 7 4 9 5 6]
 [9 6 5 2 8 0 7 1 3]
 [6 7 3 4 0 5 8 2 1]
 [4 9 1 7 2 8 3 6 5]
 [5 2 8 9 6 3 0 4 7]]
Number of cells unfilled: 8
Accuracy: 90.12345679012346
Sample: 82811
Question:
[[0 7 0 0 0 0 0 2 0]
 [0 5 0 2 0 7 0 0 1]
 [0 0 6 0 0 0 0 0 8]
 [0 0 5 0 2 6 0 0 0]
 [8 0 4 0 7 0 3 0 9]
 [0 0 0 3 9 0 0 0 0]
 [0 0 0 0 0 0 6 0 0]
 [0 0 3 9 0 4 0 0 0]
 [4 0 0 0 0 0 0 5 0]]
Solution:
[[8 5 9 6 4 1 0 3 2]
 [7 3 6 5 9 2 0 1 4]
 [2 4 0 8 3 7 6 0 9]
 [3 0 7 0 1 6 4 9 8]
 [0 8 2 3 7 4 1 5 6]
 [9 6 4 2 8 0 7 0 3]
 [6 7 3 4 0 5 8 2 1]
 [4 9 1 7 2 8 3 6 5]
 [5 2 8 9 6 3 0 4 7]]
Number of cells unfilled: 11
Accuracy: 86.41975308641975
Sample: 82812
Question:
[[0 0 5 0 6 0 0 0 0]
 [0 0 3 5 0 0 0 6 0]
 [8 0 0 0 0 4 0 0 2]
 [1 0 0 0 2 0 4 0 0]
 [0 0 0 4 7 0 0 0 1]
 [0 0 0 0 0 1 0 8 0]
 [2 0 0 0 0 7 0 0 8]
 [0 0 0 9 4 0 0 0 0]
 [0 9 0 0 8 0 0 3 0]]
Solution:
[[8 5 9 6 4 1 0 3 2]
 [7 3 6 5 9 2 1 8 4]
 [2 1 0 8 3 7 6 0 9]
 [3 0 7 0 1 6 4 0 8]
 [1 8 2 3 7 4 9 5 6]
 [9 6 4 2 8 0 7 1 3]
 [6 7 3 4 0 5 8 2 1]
 [4 9 1 7 2 8 3 6 5]
 [5 2 8 9 6 3 0 4 7]]
Number of cells unfilled: 9
Accuracy: 88.88888888888889
Sample: 82813
Question:
[[0 3 7 0 0 2 0 0 4]
 [0 2 0 0 0 1 8 0 0]
 [1 0 0 6 0 0 0 2 0]
 [0 0 0 7 0 0 4 0 5]
 [7 0 0 0 6 0 0 9 0]
 [0 0 3 0 0 0 0 0 0]
 [0 0 0 0 2 0 0 0 0]
 [0 0 5 9 0 0 0 0 8]
 [9 0 0 0 0 6 0 7 0]]
Solution:
[[8 5 9 6 4 1 0 3 2]
 [7 3 6 5 0 2 1 8 4]
 [2 1 4 8 3 9 6 7 0]
 [3 0 7 0 1 6 4 0 8]
 [1 8 2 3 7 4 9 5 6]
 [9 6 5 2 8 0 7 1 3]
 [0 7 3 4 0 5 8 2 1]
 [6 9 1 7 2 8 3 0 5]
 [5 2 8 9 6 3 0 4 7]]
Number of cells unfilled: 11
Accuracy: 86.41975308641975
Sample: 82814
Question:
[[0 0 8 6 0 0 1 7 0]
 [4 2 0 0 0 0 9 3 0]
 [5 0 6 9 0 0 4 0 0]
 [1 0 0 7 0 6 2 0 0]
 [0 6 0 0 8 5 0 9 0]
 [0 4 7 0 0 0 0 5 8]
 [0 3 9 2 1 0 0 6 0]
 [0 5 0 0 6 4 0 0 0]
 [0 0 0 0 0 0 3 0 7]]
Solution:
[[8 5 9 6 4 1 0 3 2]
 [7 3 6 5 0 2 1 9 4]
 [2 1 4 8 3 9 6 7 0]
 [3 0 7 0 1 6 4 0 8]
 [1 8 2 3 7 4 9 5 6]
 [9 6 5 2 8 0 7 1 3]
 [6 7 3 4 0 5 8 2 1]
 [4 9 1 7 2 8 3 6 5]
 [5 2 8 9 6 3 0 4 7]]
Number of cells unfilled: 9
Accuracy: 88.88888888888889
Sample: 82815
Question:
[[0 3 8 1 0 0 0 0 9]
 [5 0 0 0 0 0 4 0 0]
 [9 1 6 0 0 0 0 0 3]
 [0 6 0 0 0 7 0 2 0]
 [0 0 0 0 0 6 0 4 1]
 [3 5 0 0 0 0 0 0 0]
 [0 0 3 4 0 0 1 0 0]
 [7 0 0 0 3 0 0 0 6]
 [0 0 0 0 8 0 0 0 0]]
Solution:
[[8 5 9 6 4 1 0 3 2]
 [7 3 6 5 0 2 1 8 4]
 [2 1 4 8 3 9 6 7 0]
 [3 0 7 0 1 6 4 0 8]
 [1 8 2 3 7 4 9 5 6]
 [9 6 5 2 8 0 7 1 3]
 [0 7 3 4 0 5 8 2 1]
 [6 9 1 7 2 8 3 0 5]
 [5 2 8 9 6 3 0 4 7]]
Number of cells unfilled: 11
Accuracy: 86.41975308641975
Sample: 82816
Question:
[[0 0 0 0 0 0 0 0 6]
 [0 0 6 0 0 0 0 0 0]
 [5 0 0 6 0 2 0 4 0]
 [0 0 0 0 9 0 4 2 0]
 [2 0 0 7 0 4 0 0 5]
 [0 0 0 0 0 0 0 7 0]
 [0 5 0 8 3 0 0 0 0]
 [6 0 0 4 0 5 7 0 0]
 [8 0 1 0 0 0 0 5 0]]
Solution:
[[8 5 9 6 4 1 0 3 2]
 [7 3 6 5 9 2 0 8 4]
 [2 4 0 8 3 7 6 1 9]
 [3 0 7 0 1 6 4 9 8]
 [0 8 2 3 7 4 1 5 6]
 [9 6 4 2 5 0 7 0 3]
 [6 7 3 4 0 5 8 2 1]
 [4 9 1 7 2 8 3 6 5]
 [5 2 8 9 6 3 0 4 7]]
Number of cells unfilled: 10
Accuracy: 87.65432098765432
Sample: 82817
Question:
[[4 5 0 0 0 0 0 7 0]
 [0 0 0 0 9 0 0 0 5]
 [0 3 0 7 2 0 1 0 4]
 [0 4 8 2 3 0 9 0 6]
 [0 0 0 0 0 0 0 0 7]
 [0 9 0 4 0 0 0 8 0]
 [0 0 6 0 5 3 0 0 0]
 [9 2 0 0 0 0 0 0 0]
 [0 0 0 0 0 0 0 0 3]]
Solution:
[[8 5 9 6 4 1 0 3 2]
 [7 3 6 5 9 2 1 8 4]
 [2 1 0 8 3 7 6 0 9]
 [3 0 7 0 1 6 4 0 8]
 [1 8 2 3 7 4 9 5 6]
 [9 6 4 2 5 0 7 1 3]
 [6 7 3 4 0 5 8 2 1]
 [4 9 1 7 2 8 3 6 5]
 [5 2 8 9 6 3 0 4 7]]
Number of cells unfilled: 9
Accuracy: 88.88888888888889
Sample: 82818
Question:
[[0 4 0 7 0 0 0 0 3]
 [0 0 0 0 8 0 2 0 0]
 [0 0 1 0 0 6 5 0 0]
 [0 0 3 0 0 0 0 0 0]
 [0 0 0 0 0 9 3 8 2]
 [1 2 0 0 6 0 0 0 0]
 [0 6 7 4 3 0 0 0 0]
 [3 0 0 0 1 2 6 0 0]
 [0 0 5 0 0 0 0 0 0]]
Solution:
[[8 5 9 6 4 1 0 3 2]
 [7 3 6 5 9 2 1 8 4]
 [2 4 0 8 3 7 6 0 9]
 [3 0 7 0 1 6 4 0 8]
 [1 8 2 3 7 4 9 5 6]
 [9 6 4 2 5 0 7 1 3]
 [6 7 3 4 0 5 8 2 1]
 [4 9 1 7 2 8 3 6 5]
 [5 2 8 9 6 3 0 4 7]]
Number of cells unfilled: 9
Accuracy: 88.88888888888889
Sample: 82819
Question:
[[0 0 0 0 0 0 0 0 0]
 [7 0 0 0 0 0 8 9 5]
 [0 0 1 2 6 0 0 0 0]
 [0 0 0 6 5 0 9 0 0]
 [0 0 6 3 0 9 0 4 0]
 [0 0 0 7 0 2 0 3 0]
 [6 0 7 0 1 0 0 0 9]
 [9 0 3 5 0 0 1 0 4]
 [0 0 0 0 0 0 0 0 0]]
Solution:
[[8 5 9 6 4 1 0 3 2]
 [7 3 6 5 9 2 1 8 4]
 [2 1 0 8 3 7 6 0 9]
 [3 0 7 0 1 6 4 0 8]
 [1 8 2 3 7 4 9 5 6]
 [9 6 4 2 8 0 7 1 3]
 [6 7 3 4 0 5 8 2 1]
 [4 9 1 7 2 8 3 6 5]
 [5 2 8 9 6 3 0 4 7]]
Number of cells unfilled: 9
Accuracy: 88.88888888888889
Sample: 82820
Question:
[[0 0 1 0 0 0 0 0 8]
 [0 9 0 0 0 8 5 0 0]
 [8 0 0 2 0 0 0 0 0]
 [0 7 0 0 0 6 0 0 3]
 [6 0 2 0 1 0 9 0 0]
 [0 0 0 4 0 0 0 6 0]
 [0 5 0 0 0 0 0 0 7]
 [0 0 0 3 0 0 0 4 0]
 [3 0 0 0 0 7 6 0 9]]
Solution:
[[8 5 9 6 4 1 0 3 2]
 [7 3 6 5 9 2 1 8 4]
 [2 1 4 8 3 7 6 0 9]
 [3 0 7 0 1 6 4 0 8]
 [1 8 2 3 7 4 9 5 6]
 [9 6 5 2 8 0 7 1 3]
 [6 7 3 4 0 5 8 2 1]
 [4 9 1 7 2 8 3 6 5]
 [5 2 8 9 6 3 0 4 7]]
Number of cells unfilled: 8
Accuracy: 90.12345679012346
Sample: 82821
Question:
[[0 0 0 1 0 6 0 8 0]
 [0 0 0 0 5 0 0 1 0]
 [0 1 7 0 0 9 3 0 0]
 [5 0 9 7 0 0 0 3 0]
 [0 0 0 5 0 2 0 7 0]
 [7 0 4 0 0 0 0 0 0]
 [4 0 0 0 3 5 0 0 9]
 [3 0 0 0 0 0 0 0 0]
 [0 0 2 6 0 0 8 0 0]]
Solution:
[[8 5 9 6 4 1 0 3 2]
 [7 3 6 5 8 2 9 1 4]
 [2 4 0 0 3 7 6 8 0]
 [3 0 7 0 1 6 4 9 8]
 [0 8 2 3 7 4 1 5 6]
 [9 6 4 2 5 0 7 0 3]
 [6 7 3 4 0 5 8 2 1]
 [4 9 1 7 2 8 3 6 5]
 [5 2 8 9 6 3 0 4 7]]
Number of cells unfilled: 11
Accuracy: 86.41975308641975
Sample: 82822
Question:
[[7 0 8 0 0 0 0 0 0]
 [0 0 0 0 0 6 9 0 0]
 [0 2 0 7 0 0 0 4 0]
 [1 0 4 0 7 0 0 3 0]
 [0 0 0 0 0 0 0 0 0]
 [3 0 2 1 0 0 0 0 0]
 [0 4 0 2 0 0 3 1 0]
 [2 0 7 0 0 1 0 0 5]
 [0 1 0 4 5 0 0 7 0]]
Solution:
[[8 5 9 6 4 1 0 3 2]
 [7 3 6 5 0 2 1 9 4]
 [2 1 4 8 3 9 6 7 0]
 [3 0 7 0 1 6 4 0 8]
 [1 8 2 3 7 4 9 5 6]
 [9 6 5 2 8 0 7 1 3]
 [6 7 3 4 0 5 8 2 1]
 [4 9 1 7 2 8 3 6 5]
 [5 2 8 9 6 3 0 4 7]]
Number of cells unfilled: 9
Accuracy: 88.88888888888889
Sample: 82823
Question:
[[8 9 0 0 0 7 0 4 1]
 [0 5 3 4 0 0 7 0 0]
 [7 0 0 1 0 9 0 0 5]
 [3 0 0 0 0 0 0 0 9]
 [0 0 0 0 0 0 0 3 8]
 [0 0 1 2 0 0 5 0 0]
 [9 0 0 0 0 0 0 8 0]
 [0 2 0 3 0 1 0 0 0]
 [0 3 0 0 0 0 4 0 0]]
Solution:
[[8 5 9 6 4 1 0 3 2]
 [7 3 6 5 0 2 1 8 4]
 [2 1 4 8 3 9 6 7 0]
 [3 0 7 0 1 6 4 0 8]
 [1 8 2 3 7 4 9 5 6]
 [9 6 5 2 8 0 7 1 3]
 [6 7 3 4 0 5 8 2 1]
 [4 9 1 7 2 8 3 6 5]
 [5 2 8 9 6 3 0 4 7]]
Number of cells unfilled: 9
Accuracy: 88.88888888888889
Sample: 82824
Question:
[[0 0 2 3 0 0 0 9 0]
 [0 7 0 0 0 0 0 0 5]
 [8 0 0 0 0 0 1 0 0]
 [0 0 4 0 0 3 0 6 0]
 [1 0 0 0 9 0 0 0 0]
 [0 3 0 0 4 0 8 0 0]
 [0 0 0 0 0 6 0 0 7]
 [0 0 6 0 3 0 0 2 0]
 [0 5 0 0 0 2 6 0 0]]
Solution:
[[8 5 9 6 4 1 0 3 2]
 [1 3 6 5 8 2 9 7 4]
 [2 4 0 0 3 7 6 1 0]
 [3 0 7 0 1 6 4 9 8]
 [0 8 2 3 7 4 1 5 6]
 [9 6 4 2 5 0 7 0 3]
 [6 7 3 4 0 5 8 2 1]
 [4 9 1 7 2 8 3 6 5]
 [5 2 8 9 6 3 0 4 7]]
Number of cells unfilled: 11
Accuracy: 86.41975308641975
Sample: 82825
Question:
[[0 0 9 0 0 8 0 7 0]
 [0 3 0 0 6 0 0 0 0]
 [0 0 0 5 0 0 4 0 0]
 [6 0 0 0 3 0 0 0 0]
 [0 9 0 4 0 0 0 0 5]
 [0 0 8 0 0 2 0 9 0]
 [0 0 1 0 0 0 2 0 7]
 [0 2 0 0 0 1 0 0 0]
 [9 8 0 0 0 0 0 1 0]]
Solution:
[[8 5 9 6 4 1 0 3 2]
 [1 3 6 5 9 2 0 7 4]
 [2 4 0 8 3 7 6 1 9]
 [3 0 7 0 1 6 4 9 8]
 [0 8 2 3 7 4 1 5 6]
 [9 6 4 2 8 0 7 0 3]
 [6 7 3 4 0 5 8 2 1]
 [4 9 1 7 2 8 3 6 5]
 [5 2 8 9 6 3 0 4 7]]
Number of cells unfilled: 10
Accuracy: 87.65432098765432
Sample: 82826
Question:
[[5 4 0 0 0 2 0 0 6]
 [0 0 0 0 0 9 0 0 2]
 [0 7 0 0 0 0 0 4 0]
 [0 0 0 0 0 0 1 0 3]
 [8 0 0 2 6 0 0 0 0]
 [7 0 1 0 0 0 0 0 0]
 [1 3 0 8 0 0 0 9 0]
 [6 0 0 0 2 5 0 0 0]
 [0 0 0 9 0 0 0 5 8]]
Solution:
[[8 5 9 6 4 1 0 3 2]
 [7 3 6 5 8 2 1 9 4]
 [2 1 0 0 3 7 6 8 0]
 [3 0 7 0 1 6 4 0 8]
 [1 8 2 3 7 4 9 5 6]
 [9 6 4 2 5 0 7 1 3]
 [6 7 3 4 0 5 8 2 1]
 [4 9 1 7 2 8 3 6 5]
 [5 2 8 9 6 3 0 4 7]]
Number of cells unfilled: 10
Accuracy: 87.65432098765432
Sample: 82827
Question:
[[0 0 0 5 0 0 0 0 0]
 [0 1 0 0 0 4 0 3 0]
 [0 0 0 3 9 0 8 7 2]
 [0 0 2 1 0 7 5 0 0]
 [1 0 0 0 0 0 0 0 8]
 [0 3 5 0 4 0 0 0 0]
 [0 4 3 0 0 5 6 0 0]
 [0 0 0 0 0 0 0 8 0]
 [7 2 0 0 0 6 0 0 9]]
Solution:
[[8 5 9 6 4 1 0 3 2]
 [7 3 6 5 9 2 1 8 4]
 [2 1 0 8 3 7 6 0 9]
 [3 0 7 0 1 6 4 0 8]
 [1 8 2 3 7 4 9 5 6]
 [9 6 4 2 8 0 7 1 3]
 [6 7 3 4 0 5 8 2 1]
 [4 9 1 7 2 8 3 6 5]
 [5 2 8 9 6 3 0 4 7]]
Number of cells unfilled: 9
Accuracy: 88.88888888888889
Sample: 82828
Question:
[[7 0 0 0 0 0 0 0 0]
 [0 0 6 0 8 0 0 0 9]
 [0 2 0 0 0 7 5 0 0]
 [0 0 0 0 0 0 0 4 0]
 [0 5 0 4 0 8 2 0 0]
 [0 0 1 0 9 0 0 0 8]
 [0 0 3 8 0 9 0 0 0]
 [0 0 0 0 0 6 0 0 3]
 [1 6 0 0 3 0 0 0 0]]
Solution:
[[8 5 9 6 4 1 0 3 2]
 [7 3 6 5 8 2 0 1 4]
 [2 1 0 0 3 7 6 8 9]
 [3 0 7 0 1 6 4 9 8]
 [0 8 2 3 7 4 1 5 6]
 [9 6 4 2 5 0 7 0 3]
 [6 7 3 4 0 5 8 2 1]
 [4 9 1 7 2 8 3 6 5]
 [5 2 8 9 6 3 0 4 7]]
Number of cells unfilled: 11
Accuracy: 86.41975308641975
Sample: 82829
Question:
[[0 0 8 0 3 2 0 0 1]
 [5 3 0 0 0 0 0 0 0]
 [0 9 0 1 7 0 0 0 0]
 [0 0 0 3 0 0 5 7 0]
 [0 0 5 0 6 0 0 1 0]
 [0 0 0 9 0 7 0 0 0]
 [0 0 0 0 0 1 4 0 3]
 [0 0 3 4 0 0 0 2 0]
 [0 6 0 0 0 0 0 0 0]]
Solution:
[[8 5 9 6 4 1 0 3 2]
 [7 3 6 5 0 2 1 9 4]
 [2 1 4 8 3 9 6 7 0]
 [3 0 7 0 1 6 4 0 8]
 [1 8 2 3 7 4 9 5 6]
 [9 6 5 2 8 0 7 1 3]
 [6 7 3 4 0 5 8 2 1]
 [4 9 1 7 2 8 3 6 5]
 [5 2 8 9 6 3 0 4 7]]
Number of cells unfilled: 9
Accuracy: 88.88888888888889
Sample: 82830
Question:
[[0 1 9 0 0 4 0 0 0]
 [8 0 0 0 3 0 9 0 0]
 [0 0 0 0 0 5 0 7 0]
 [3 9 0 2 0 0 0 1 0]
 [0 0 8 0 1 0 3 0 0]
 [1 6 0 0 0 0 0 0 7]
 [0 8 0 0 6 0 1 0 0]
 [0 0 0 0 8 2 0 5 0]
 [0 0 0 4 0 0 0 0 0]]
Solution:
[[8 5 9 6 4 1 0 3 2]
 [7 3 6 5 9 2 1 8 4]
 [2 1 4 8 3 7 6 0 9]
 [3 0 7 0 1 6 4 0 8]
 [1 8 2 3 7 4 9 5 6]
 [9 6 5 2 8 0 7 1 3]
 [0 7 3 4 0 5 8 2 1]
 [6 9 1 7 2 8 3 0 5]
 [5 2 8 9 6 3 0 4 7]]
Number of cells unfilled: 10
Accuracy: 87.65432098765432
Sample: 82831
Question:
[[6 0 0 4 3 0 0 9 0]
 [0 2 0 0 0 0 4 0 0]
 [0 0 4 2 0 1 0 0 0]
 [0 0 0 0 0 0 0 7 0]
 [7 0 0 9 0 0 5 0 6]
 [0 0 0 0 7 0 3 0 9]
 [9 0 0 0 5 0 0 3 0]
 [0 0 0 0 0 0 0 0 8]
 [0 0 1 0 0 8 9 0 0]]
Solution:
[[8 5 9 6 4 1 0 3 2]
 [7 3 6 5 9 2 1 8 4]
 [2 1 4 8 3 7 6 0 9]
 [3 0 7 0 1 6 4 0 8]
 [1 8 2 3 7 4 9 5 6]
 [9 6 5 2 8 0 7 1 3]
 [6 7 3 4 0 5 8 2 1]
 [4 9 1 7 2 8 3 6 5]
 [5 2 8 9 6 3 0 4 7]]
Number of cells unfilled: 8
Accuracy: 90.12345679012346
Sample: 82832
Question:
[[5 1 2 0 0 0 9 0 0]
 [0 0 0 3 8 0 6 0 0]
 [0 0 0 0 0 9 2 0 4]
 [0 0 9 8 0 0 5 0 0]
 [6 2 0 0 0 3 0 0 1]
 [1 0 5 0 0 0 0 3 7]
 [9 0 4 6 0 0 0 5 2]
 [0 0 0 9 0 4 0 6 0]
 [7 8 0 1 0 0 3 0 0]]
Solution:
[[8 5 9 6 4 1 0 3 2]
 [7 3 6 5 9 2 1 8 4]
 [2 1 0 8 3 7 6 0 9]
 [3 0 7 0 1 6 4 0 8]
 [1 8 2 3 7 4 9 5 6]
 [9 6 4 2 8 0 7 1 3]
 [6 7 3 4 0 5 8 2 1]
 [4 9 1 7 2 8 3 6 5]
 [5 2 8 9 6 3 0 4 7]]
Number of cells unfilled: 9
Accuracy: 88.88888888888889
Sample: 82833
Question:
[[0 0 0 0 0 0 7 0 0]
 [9 0 0 0 2 7 0 0 6]
 [0 0 3 1 0 0 0 0 0]
 [8 0 0 0 7 0 9 0 0]
 [0 0 6 5 0 0 0 2 0]
 [0 0 0 0 0 1 0 0 0]
 [0 4 7 0 0 0 8 0 9]
 [0 0 0 0 0 0 6 0 0]
 [2 0 0 0 6 8 0 7 0]]
Solution:
[[8 5 9 6 4 1 0 3 2]
 [7 3 6 5 9 2 0 1 4]
 [2 1 4 8 3 7 6 0 9]
 [3 0 7 0 1 6 4 9 8]
 [0 8 2 3 7 4 1 5 6]
 [9 6 5 2 8 0 7 0 3]
 [6 7 3 4 0 5 8 2 1]
 [4 9 1 7 2 8 3 6 5]
 [5 2 8 9 6 3 0 4 7]]
Number of cells unfilled: 10
Accuracy: 87.65432098765432
Sample: 82834
Question:
[[0 0 3 0 0 0 0 4 0]
 [0 0 0 1 0 0 0 0 0]
 [0 7 0 0 9 0 0 0 5]
 [0 9 0 0 4 0 0 0 2]
 [0 0 8 0 0 2 0 6 0]
 [0 2 0 0 5 0 8 0 0]
 [2 0 0 5 0 4 0 0 7]
 [0 0 0 0 2 0 0 9 0]
 [0 4 0 7 0 0 0 0 0]]
Solution:
[[8 5 9 6 4 1 0 3 2]
 [7 3 6 5 0 2 9 8 4]
 [2 1 4 8 3 9 6 7 0]
 [3 0 7 0 1 6 4 9 8]
 [0 8 2 3 7 4 1 5 6]
 [9 6 5 2 8 0 7 0 3]
 [6 7 3 4 0 5 8 2 1]
 [4 9 1 7 2 8 3 6 5]
 [5 2 8 9 6 3 0 4 7]]
Number of cells unfilled: 10
Accuracy: 87.65432098765432
Sample: 82835
Question:
[[0 0 0 1 0 2 5 0 0]
 [0 1 0 0 6 0 0 0 9]
 [8 0 0 4 0 9 1 0 0]
 [0 0 7 0 0 0 0 5 0]
 [0 9 0 0 0 6 0 0 2]
 [3 0 0 0 0 0 0 0 7]
 [0 0 8 0 0 1 0 3 5]
 [0 0 0 0 2 0 7 0 0]
 [0 4 0 6 0 0 0 0 1]]
Solution:
[[8 5 9 6 4 1 0 3 2]
 [7 3 6 5 9 2 1 8 4]
 [2 1 0 8 3 7 6 0 9]
 [3 0 7 0 1 6 4 0 8]
 [1 8 2 3 7 4 9 5 6]
 [9 6 4 2 8 0 7 1 3]
 [6 7 3 4 0 5 8 2 1]
 [4 9 1 7 2 8 3 6 5]
 [5 2 8 9 6 3 0 4 7]]
Number of cells unfilled: 9
Accuracy: 88.88888888888889
Sample: 82836
Question:
[[0 0 9 0 0 6 4 0 0]
 [3 0 0 0 0 1 0 0 0]
 [0 1 0 0 2 0 0 0 0]
 [0 5 0 0 3 0 7 0 0]
 [0 0 8 0 0 7 0 0 4]
 [0 0 0 1 0 0 0 6 0]
 [5 0 0 0 0 0 9 0 8]
 [0 0 7 0 0 9 0 4 0]
 [0 9 0 2 0 0 6 0 7]]
Solution:
[[8 5 9 6 4 1 0 3 2]
 [7 3 6 5 9 2 1 8 4]
 [2 1 0 8 3 7 6 0 9]
 [3 0 7 0 1 6 4 0 8]
 [1 8 2 3 7 4 9 5 6]
 [9 6 4 2 5 0 7 1 3]
 [6 7 3 4 0 5 8 2 1]
 [4 9 1 7 2 8 3 6 5]
 [5 2 8 9 6 3 0 4 7]]
Number of cells unfilled: 9
Accuracy: 88.88888888888889
Sample: 82837
Question:
[[3 7 0 2 0 0 0 0 0]
 [0 0 0 8 0 0 1 4 0]
 [9 0 4 0 1 6 0 0 2]
 [8 0 0 9 0 7 2 0 5]
 [0 1 0 0 0 3 0 0 8]
 [0 0 6 0 0 5 0 0 0]
 [0 6 2 0 0 1 0 5 9]
 [1 5 0 0 0 0 3 0 7]
 [0 0 8 0 9 0 4 6 0]]
Solution:
[[8 5 9 6 4 1 0 3 2]
 [7 3 6 5 9 2 1 8 4]
 [2 1 0 8 3 7 6 0 9]
 [3 0 7 0 1 6 4 0 8]
 [1 8 2 3 7 4 9 5 6]
 [9 6 4 2 8 0 7 1 3]
 [6 7 3 4 0 5 8 2 1]
 [4 9 1 7 2 8 3 6 5]
 [5 2 8 9 6 3 0 4 7]]
Number of cells unfilled: 9
Accuracy: 88.88888888888889
Sample: 82838
Question:
[[1 0 5 0 0 6 0 8 0]
 [0 0 0 0 3 0 9 2 0]
 [7 0 0 4 0 5 6 0 1]
 [3 0 9 0 0 8 7 5 0]
 [0 7 0 6 0 0 3 0 0]
 [8 0 4 0 7 9 0 6 0]
 [0 0 6 0 9 2 0 0 0]
 [4 0 0 0 0 1 2 7 0]
 [0 0 0 8 4 0 0 0 0]]
Solution:
[[8 5 9 6 4 1 0 3 2]
 [7 3 6 5 9 2 1 8 4]
 [2 4 0 8 3 7 6 0 9]
 [3 0 7 0 1 6 4 0 8]
 [1 8 2 3 7 4 9 5 6]
 [9 6 4 2 8 0 7 1 3]
 [0 7 3 4 0 5 8 2 1]
 [6 9 1 7 2 8 3 0 5]
 [5 2 8 9 6 3 0 4 7]]
Number of cells unfilled: 11
Accuracy: 86.41975308641975
Sample: 82839
Question:
[[1 6 0 0 0 0 0 2 0]
 [0 0 7 0 2 0 0 0 0]
 [5 2 0 0 0 1 0 0 7]
 [0 0 0 0 9 0 3 0 6]
 [0 0 6 0 0 7 0 5 0]
 [3 0 0 0 0 0 0 0 4]
 [0 0 1 0 0 2 0 6 0]
 [0 0 0 0 8 0 0 0 0]
 [0 0 0 4 0 0 8 0 9]]
Solution:
[[8 5 9 6 4 1 0 3 2]
 [7 3 6 5 0 2 1 8 4]
 [2 1 4 8 3 9 6 7 0]
 [3 0 7 0 1 6 4 0 8]
 [1 8 2 3 7 4 9 5 6]
 [9 6 5 2 8 0 7 1 3]
 [6 7 3 4 0 5 8 2 1]
 [4 9 1 7 2 8 3 6 5]
 [5 2 8 9 6 3 0 4 7]]
Number of cells unfilled: 9
Accuracy: 88.88888888888889
Sample: 82840
Question:
[[7 0 0 9 8 0 0 0 0]
 [0 9 0 1 0 0 7 0 0]
 [0 0 6 0 0 7 0 0 0]
 [8 0 0 0 0 9 1 0 0]
 [9 7 4 0 0 1 3 0 0]
 [0 0 2 0 3 0 0 0 0]
 [0 0 0 0 0 0 0 5 0]
 [6 0 0 0 0 8 9 0 0]
 [0 0 0 4 0 0 0 3 0]]
Solution:
[[8 5 9 6 4 1 0 3 2]
 [7 3 6 5 9 2 0 8 4]
 [2 1 4 8 3 7 6 0 9]
 [3 0 7 0 1 6 4 9 8]
 [0 8 2 3 7 4 1 5 6]
 [9 6 5 2 8 0 7 0 3]
 [6 7 3 4 0 5 8 2 1]
 [4 9 1 7 2 8 3 6 5]
 [5 2 8 9 6 3 0 4 7]]
Number of cells unfilled: 10
Accuracy: 87.65432098765432
Sample: 82841
Question:
[[0 0 0 0 0 2 3 0 0]
 [0 0 1 0 0 0 0 0 9]
 [0 9 0 0 6 0 0 4 0]
 [0 5 0 0 8 0 4 6 0]
 [0 0 0 7 0 0 0 0 0]
 [0 8 0 0 5 6 0 9 0]
 [0 0 0 0 9 0 0 0 0]
 [0 6 0 0 0 5 0 0 4]
 [8 0 9 6 0 0 0 5 0]]
Solution:
[[8 5 9 6 4 1 0 3 2]
 [7 3 6 5 0 2 9 8 4]
 [2 1 4 8 3 9 6 7 0]
 [3 0 7 0 1 6 4 9 8]
 [0 8 2 3 7 4 1 5 6]
 [9 6 5 2 8 0 7 0 3]
 [6 7 3 4 0 5 8 2 1]
 [4 9 1 7 2 8 3 6 5]
 [5 2 8 9 6 3 0 4 7]]
Number of cells unfilled: 10
Accuracy: 87.65432098765432
Sample: 82842
Question:
[[0 9 0 0 2 8 0 4 0]
 [0 0 0 0 0 0 0 0 3]
 [0 0 2 0 0 0 0 0 0]
 [4 0 0 0 8 2 0 9 0]
 [0 8 0 4 0 0 7 0 0]
 [0 0 0 1 0 0 0 0 0]
 [0 0 8 0 4 9 0 6 0]
 [0 4 0 0 0 6 5 0 0]
 [9 6 0 0 0 0 0 0 0]]
Solution:
[[8 5 9 6 4 1 0 3 2]
 [7 3 6 5 0 2 1 9 4]
 [2 1 4 8 3 9 6 7 0]
 [3 0 7 0 1 6 4 0 8]
 [1 8 2 3 7 4 9 5 6]
 [9 6 5 2 8 0 7 1 3]
 [6 7 3 4 0 5 8 2 1]
 [4 9 1 7 2 8 3 6 5]
 [5 2 8 9 6 3 0 4 7]]
Number of cells unfilled: 9
Accuracy: 88.88888888888889
Sample: 82843
Question:
[[1 0 4 0 0 0 0 2 0]
 [0 0 0 1 0 0 6 0 0]
 [0 6 0 0 0 2 3 0 0]
 [0 1 0 6 0 0 0 3 0]
 [0 0 0 0 0 9 0 0 7]
 [8 0 0 0 0 0 0 0 0]
 [0 4 0 2 0 0 0 1 0]
 [0 2 1 4 0 0 0 6 3]
 [0 0 0 0 5 0 0 0 0]]
Solution:
[[8 5 9 6 4 1 0 3 2]
 [7 3 6 5 0 2 1 8 4]
 [2 1 4 8 3 9 6 7 0]
 [3 0 7 0 1 6 4 0 8]
 [1 8 2 3 7 4 9 5 6]
 [9 6 5 2 8 0 7 1 3]
 [6 7 3 4 0 5 8 2 1]
 [4 9 1 7 2 8 3 6 5]
 [5 2 8 9 6 3 0 4 7]]
Number of cells unfilled: 9
Accuracy: 88.88888888888889
Sample: 82844
Question:
[[6 0 0 0 0 0 0 0 4]
 [8 0 0 0 0 6 0 3 0]
 [0 0 3 4 5 0 0 0 0]
 [0 1 0 0 0 0 0 7 0]
 [0 0 8 0 0 4 0 0 6]
 [0 0 0 2 0 0 0 0 0]
 [0 8 6 0 0 3 0 0 5]
 [0 0 4 0 0 5 0 0 3]
 [0 0 0 0 0 0 9 4 0]]
Solution:
[[8 5 9 6 4 1 0 3 2]
 [7 3 6 5 9 2 1 8 4]
 [2 4 0 8 3 7 6 0 9]
 [3 0 7 0 1 6 4 0 8]
 [1 8 2 3 7 4 9 5 6]
 [9 6 4 2 5 0 7 1 3]
 [6 7 3 4 0 5 8 2 1]
 [4 9 1 7 2 8 3 6 5]
 [5 2 8 9 6 3 0 4 7]]
Number of cells unfilled: 9
Accuracy: 88.88888888888889
Sample: 82845
Question:
[[6 0 0 0 0 0 5 0 0]
 [0 0 0 0 8 0 0 0 0]
 [0 4 0 2 0 0 0 7 0]
 [0 2 0 0 0 0 0 0 4]
 [0 0 0 0 0 1 0 9 0]
 [9 0 0 4 0 0 2 0 7]
 [0 1 0 9 0 2 7 4 0]
 [0 0 3 0 0 0 0 0 0]
 [0 9 0 1 0 0 0 2 0]]
Solution:
[[8 5 9 6 4 1 0 3 2]
 [7 3 6 5 9 2 1 8 4]
 [2 4 0 8 3 7 6 0 9]
 [3 0 7 0 1 6 4 0 8]
 [1 8 2 3 7 4 9 5 6]
 [9 6 4 2 8 0 7 1 3]
 [6 7 3 4 0 5 8 2 1]
 [4 9 1 7 2 8 3 6 5]
 [5 2 8 9 6 3 0 4 7]]
Number of cells unfilled: 9
Accuracy: 88.88888888888889
Sample: 82846
Question:
[[6 0 7 0 8 0 0 4 0]
 [0 0 0 0 0 6 0 0 2]
 [0 1 0 4 0 0 0 0 0]
 [0 0 0 0 0 9 6 3 0]
 [0 3 0 0 5 0 0 0 9]
 [9 0 0 0 0 0 2 0 0]
 [0 4 0 0 6 0 1 0 0]
 [0 0 8 7 0 0 0 0 0]
 [2 0 0 0 0 5 0 0 3]]
Solution:
[[8 5 9 6 4 1 0 3 2]
 [7 3 6 5 9 2 0 8 4]
 [2 4 0 8 3 7 6 1 9]
 [3 0 7 0 1 6 4 9 8]
 [0 8 2 3 7 4 1 5 6]
 [9 6 4 2 8 0 7 0 3]
 [6 7 3 4 0 5 8 2 1]
 [4 9 1 7 2 8 3 6 5]
 [5 2 8 9 6 3 0 4 7]]
Number of cells unfilled: 10
Accuracy: 87.65432098765432
Sample: 82847
Question:
[[0 0 0 0 5 0 0 0 0]
 [0 0 2 7 4 0 9 0 5]
 [0 0 9 2 0 0 7 0 0]
 [1 0 0 0 0 0 0 0 0]
 [0 0 7 4 0 0 8 0 0]
 [0 0 4 0 0 6 0 3 7]
 [2 4 0 9 0 0 0 0 8]
 [0 0 8 0 0 0 0 0 0]
 [7 9 0 0 8 0 2 0 0]]
Solution:
[[8 5 9 6 4 1 0 3 2]
 [1 3 6 5 9 2 0 8 4]
 [2 4 0 8 3 7 6 1 9]
 [3 0 7 0 1 6 4 9 8]
 [0 8 2 3 7 4 1 5 6]
 [9 6 4 2 8 0 7 0 3]
 [6 7 3 4 0 5 8 2 1]
 [4 9 1 7 2 8 3 6 5]
 [5 2 8 9 6 3 0 4 7]]
Number of cells unfilled: 10
Accuracy: 87.65432098765432
Sample: 82848
Question:
[[7 0 0 0 0 0 0 0 0]
 [0 2 0 0 1 0 7 5 0]
 [0 8 0 0 0 4 0 0 9]
 [0 9 0 0 0 2 0 0 1]
 [0 0 6 0 0 1 0 8 0]
 [0 0 0 6 5 0 0 0 0]
 [0 3 0 1 0 0 4 0 0]
 [9 0 0 0 0 3 0 0 0]
 [0 0 8 2 4 0 0 0 3]]
Solution:
[[8 5 9 6 4 1 0 3 2]
 [7 3 6 5 9 2 0 1 4]
 [2 1 0 8 3 7 6 0 9]
 [3 0 7 0 1 6 4 9 8]
 [0 8 2 3 7 4 1 5 6]
 [9 6 4 2 8 0 7 0 3]
 [6 7 3 4 0 5 8 2 1]
 [4 9 1 7 2 8 3 6 5]
 [5 2 8 9 6 3 0 4 7]]
Number of cells unfilled: 11
Accuracy: 86.41975308641975
Sample: 82849
Question:
[[0 0 0 0 0 0 0 0 0]
 [0 0 0 6 4 0 0 0 0]
 [0 5 0 0 0 0 0 0 3]
 [0 0 0 0 0 0 4 2 0]
 [0 9 0 0 0 0 0 6 0]
 [0 1 8 0 0 9 0 0 0]
 [8 0 0 0 0 0 1 0 0]
 [4 0 0 0 0 0 6 0 0]
 [0 0 0 0 9 3 0 0 0]]
Solution:
[[8 5 9 6 4 1 0 3 2]
 [7 3 6 5 9 2 1 8 4]
 [2 4 0 8 3 7 6 0 9]
 [3 0 7 0 1 6 4 0 8]
 [1 8 2 3 7 4 9 5 6]
 [9 6 4 2 8 0 7 1 3]
 [0 7 3 4 0 5 8 2 1]
 [6 9 1 7 2 8 3 0 5]
 [5 2 8 9 6 3 0 4 7]]
Number of cells unfilled: 11
Accuracy: 86.41975308641975
Sample: 82850
Question:
[[0 0 0 0 0 0 0 0 0]
 [0 0 6 0 0 0 0 0 8]
 [8 0 0 9 0 3 4 0 0]
 [0 4 8 0 1 0 0 0 3]
 [0 0 5 0 0 0 0 0 0]
 [3 0 0 2 0 8 0 4 0]
 [0 7 0 0 9 0 0 8 0]
 [9 0 0 8 0 2 0 0 4]
 [0 0 0 0 0 1 9 2 0]]
Solution:
[[8 5 9 6 4 1 0 3 2]
 [7 3 6 5 9 2 1 8 4]
 [2 1 4 8 3 7 6 0 9]
 [3 0 7 0 1 6 4 0 8]
 [1 8 2 3 7 4 9 5 6]
 [9 6 5 2 8 0 7 1 3]
 [6 7 3 4 0 5 8 2 1]
 [4 9 1 7 2 8 3 6 5]
 [5 2 8 9 6 3 0 4 7]]
Number of cells unfilled: 8
Accuracy: 90.12345679012346
Sample: 82851
Question:
[[0 0 0 0 0 0 0 2 0]
 [0 0 0 3 0 0 0 0 0]
 [7 0 0 0 9 5 3 0 0]
 [3 0 0 0 0 0 0 8 0]
 [0 0 7 0 0 4 9 0 0]
 [0 9 0 1 0 0 0 3 7]
 [5 0 4 0 1 0 0 0 3]
 [0 7 0 0 4 0 5 0 0]
 [0 0 3 5 0 0 0 0 6]]
Solution:
[[8 5 9 6 4 1 0 3 2]
 [7 3 6 5 0 2 1 9 4]
 [2 1 4 8 3 9 6 7 0]
 [3 0 7 0 1 6 4 0 8]
 [1 8 2 3 7 4 9 5 6]
 [9 6 5 2 8 0 7 1 3]
 [6 7 3 4 0 5 8 2 1]
 [4 9 1 7 2 8 3 6 5]
 [5 2 8 9 6 3 0 4 7]]
Number of cells unfilled: 9
Accuracy: 88.88888888888889
Sample: 82852
Question:
[[0 0 0 0 0 2 0 8 0]
 [0 8 3 0 0 7 0 0 0]
 [2 0 0 4 0 0 3 0 0]
 [0 2 0 0 0 0 0 7 0]
 [0 0 0 0 9 0 4 0 5]
 [6 0 4 0 0 0 1 0 0]
 [4 0 8 0 0 0 0 1 0]
 [0 1 0 0 4 0 7 0 0]
 [0 0 2 0 0 1 0 0 4]]
Solution:
[[8 5 9 6 4 1 0 3 2]
 [7 3 6 5 9 2 1 8 4]
 [2 1 0 8 3 7 6 0 9]
 [3 0 7 0 1 6 4 0 8]
 [1 8 2 3 7 4 9 5 6]
 [9 6 4 2 8 0 7 1 3]
 [6 7 3 4 0 5 8 2 1]
 [4 9 1 7 2 8 3 6 5]
 [5 2 8 9 6 3 0 4 7]]
Number of cells unfilled: 9
Accuracy: 88.88888888888889
Sample: 82853
Question:
[[0 0 1 0 9 8 0 4 0]
 [0 0 0 4 0 0 3 0 0]
 [8 4 0 0 0 5 0 0 0]
 [1 0 0 0 8 9 0 6 0]
 [0 0 6 5 0 0 1 0 0]
 [0 9 0 0 0 0 0 0 7]
 [0 1 0 0 4 6 0 9 0]
 [0 0 0 0 0 0 0 0 0]
 [0 0 9 0 0 0 0 0 2]]
Solution:
[[8 5 9 6 4 1 0 3 2]
 [7 3 6 5 9 2 0 8 4]
 [2 1 4 8 3 7 6 0 9]
 [3 0 7 0 1 6 4 9 8]
 [0 8 2 3 7 4 1 5 6]
 [9 6 5 2 8 0 7 0 3]
 [6 7 3 4 0 5 8 2 1]
 [4 9 1 7 2 8 3 6 5]
 [5 2 8 9 6 3 0 4 7]]
Number of cells unfilled: 10
Accuracy: 87.65432098765432
Sample: 82854
Question:
[[0 0 5 0 0 1 0 0 6]
 [3 0 0 0 5 0 0 1 0]
 [8 0 0 0 0 0 5 0 0]
 [0 0 8 0 6 0 0 0 0]
 [0 0 1 0 3 2 8 0 0]
 [0 0 0 1 0 0 0 0 2]
 [1 7 0 0 0 0 0 0 5]
 [0 0 0 0 0 9 0 4 1]
 [0 0 3 0 0 0 6 0 0]]
Solution:
[[8 5 9 6 4 1 0 3 2]
 [7 3 6 5 9 2 1 8 4]
 [2 4 0 8 3 7 6 0 9]
 [3 0 7 0 1 6 4 0 8]
 [1 8 2 3 7 4 9 5 6]
 [9 6 4 2 5 0 7 1 3]
 [6 7 3 4 0 5 8 2 1]
 [4 9 1 7 2 8 3 6 5]
 [5 2 8 9 6 3 0 4 7]]
Number of cells unfilled: 9
Accuracy: 88.88888888888889
Sample: 82855
Question:
[[0 1 0 5 0 9 7 0 0]
 [0 0 5 0 1 0 0 0 8]
 [9 0 0 0 0 4 0 0 0]
 [5 0 0 0 0 0 0 1 6]
 [0 0 0 0 0 0 9 0 0]
 [0 9 0 0 0 3 0 0 0]
 [6 0 8 9 0 0 0 7 0]
 [0 5 0 0 6 0 0 8 9]
 [0 0 0 2 0 0 6 0 0]]
Solution:
[[8 5 9 6 4 1 0 3 2]
 [7 3 6 5 9 2 1 8 4]
 [2 4 0 8 3 7 6 0 9]
 [3 0 7 0 1 6 4 0 8]
 [1 8 2 3 7 4 9 5 6]
 [9 6 4 2 5 0 7 1 3]
 [6 7 3 4 0 5 8 2 1]
 [4 9 1 7 2 8 3 6 5]
 [5 2 8 9 6 3 0 4 7]]
Number of cells unfilled: 9
Accuracy: 88.88888888888889
Sample: 82856
Question:
[[0 3 0 0 1 0 0 0 0]
 [8 0 2 9 0 0 0 0 0]
 [0 0 0 8 0 5 0 0 4]
 [7 0 8 0 9 0 0 0 0]
 [0 9 0 1 0 0 0 0 8]
 [3 0 0 0 0 0 0 9 0]
 [0 0 0 0 7 0 0 3 0]
 [0 0 3 6 0 0 8 0 0]
 [6 7 0 0 8 0 0 1 0]]
Solution:
[[8 5 9 6 4 1 0 3 2]
 [7 3 6 5 9 2 1 8 4]
 [2 1 4 8 3 7 6 0 9]
 [3 0 7 0 1 6 4 0 8]
 [1 8 2 3 7 4 9 5 6]
 [9 6 5 2 8 0 7 1 3]
 [0 7 3 4 0 5 8 2 1]
 [6 9 1 7 2 8 3 0 5]
 [5 2 8 9 6 3 0 4 7]]
Number of cells unfilled: 10
Accuracy: 87.65432098765432
Sample: 82857
Question:
[[0 3 7 0 9 0 0 0 8]
 [0 0 0 0 0 0 0 0 0]
 [0 0 0 0 0 8 0 6 0]
 [5 0 0 0 0 3 9 0 0]
 [0 0 0 0 0 0 0 2 0]
 [0 8 4 9 0 0 0 0 3]
 [0 4 8 0 0 9 0 0 7]
 [0 5 0 4 7 0 8 0 0]
 [7 0 0 8 0 0 1 0 0]]
Solution:
[[8 5 9 6 4 1 0 3 2]
 [7 3 6 5 8 2 9 1 4]
 [2 4 0 0 3 7 6 8 0]
 [3 0 7 0 1 6 4 9 8]
 [0 8 2 3 7 4 1 5 6]
 [9 6 4 2 5 0 7 0 3]
 [6 7 3 4 0 5 8 2 1]
 [4 9 1 7 2 8 3 6 5]
 [5 2 8 9 6 3 0 4 7]]
Number of cells unfilled: 11
Accuracy: 86.41975308641975
Sample: 82858
Question:
[[0 5 0 0 8 0 0 0 7]
 [0 0 0 1 0 0 0 4 0]
 [4 0 9 0 0 7 8 0 0]
 [7 0 2 0 0 4 0 8 0]
 [0 0 0 6 0 0 0 0 0]
 [0 4 0 0 0 0 0 0 0]
 [9 0 4 0 0 2 0 0 8]
 [5 0 0 0 0 0 9 2 0]
 [0 2 0 0 3 0 4 0 0]]
Solution:
[[8 5 9 6 4 1 0 3 2]
 [7 3 6 5 9 2 0 8 4]
 [2 1 4 8 3 7 6 0 9]
 [3 0 7 0 1 6 4 9 8]
 [0 8 2 3 7 4 1 5 6]
 [9 6 5 2 8 0 7 0 3]
 [6 7 3 4 0 5 8 2 1]
 [4 9 1 7 2 8 3 6 5]
 [5 2 8 9 6 3 0 4 7]]
Number of cells unfilled: 10
Accuracy: 87.65432098765432
Sample: 82859
Question:
[[0 7 0 0 0 9 0 0 0]
 [5 0 0 0 0 0 7 3 0]
 [3 0 8 0 7 0 0 0 6]
 [2 0 7 0 8 0 6 0 0]
 [0 8 0 0 0 0 0 0 0]
 [0 0 0 1 0 0 0 0 8]
 [0 5 0 8 0 6 0 0 2]
 [0 0 0 4 0 0 8 0 0]
 [0 0 3 0 2 0 0 6 0]]
Solution:
[[8 5 9 6 4 1 0 3 2]
 [7 3 6 5 9 2 1 8 4]
 [2 4 0 8 3 7 6 0 9]
 [3 0 7 0 1 6 4 0 8]
 [1 8 2 3 7 4 9 5 6]
 [9 6 4 2 5 0 7 1 3]
 [6 7 3 4 0 5 8 2 1]
 [4 9 1 7 2 8 3 6 5]
 [5 2 8 9 6 3 0 4 7]]
Number of cells unfilled: 9
Accuracy: 88.88888888888889
Sample: 82860
Question:
[[2 0 0 4 0 0 7 0 0]
 [0 0 7 0 3 0 0 0 0]
 [8 4 0 0 0 7 0 0 0]
 [6 0 8 0 0 4 3 0 0]
 [0 2 0 0 6 0 0 0 4]
 [0 0 0 0 0 8 2 0 0]
 [0 0 0 9 0 0 0 1 0]
 [4 5 0 0 7 0 0 0 0]
 [0 0 2 0 0 3 4 0 0]]
Solution:
[[8 5 9 6 4 1 0 3 2]
 [7 3 6 5 9 2 0 8 4]
 [2 1 0 8 3 7 6 0 9]
 [3 0 7 0 1 6 4 9 8]
 [0 8 2 3 7 4 1 5 6]
 [9 6 4 2 8 0 7 0 3]
 [6 7 3 4 0 5 8 2 1]
 [4 9 1 7 2 8 3 6 5]
 [5 2 8 9 6 3 0 4 7]]
Number of cells unfilled: 11
Accuracy: 86.41975308641975
Sample: 82861
Question:
[[2 6 0 0 0 1 0 0 4]
 [0 0 0 0 0 2 0 0 9]
 [0 0 9 0 6 0 1 0 0]
 [0 0 0 8 0 0 0 7 0]
 [0 1 3 0 5 0 0 0 0]
 [9 0 0 0 0 4 0 0 1]
 [0 9 0 0 0 0 0 0 5]
 [0 2 1 0 0 5 0 0 0]
 [5 0 0 0 4 0 0 1 0]]
Solution:
[[8 5 9 6 4 1 0 3 2]
 [7 3 6 5 9 2 1 8 4]
 [2 4 0 8 3 7 6 0 9]
 [3 0 7 0 1 6 4 0 8]
 [1 8 2 3 7 4 9 5 6]
 [9 6 4 2 5 0 7 1 3]
 [6 7 3 4 0 5 8 2 1]
 [4 9 1 7 2 8 3 6 5]
 [5 2 8 9 6 3 0 4 7]]
Number of cells unfilled: 9
Accuracy: 88.88888888888889
Sample: 82862
Question:
[[4 0 0 9 0 0 2 0 0]
 [0 8 0 0 0 0 0 3 0]
 [0 0 2 0 0 7 0 8 4]
 [8 0 0 0 0 5 0 0 1]
 [9 5 0 0 7 0 0 0 0]
 [0 0 4 8 9 0 5 0 0]
 [0 4 0 5 2 0 8 0 0]
 [0 0 0 0 0 8 0 0 0]
 [0 0 0 0 0 0 0 6 0]]
Solution:
[[8 5 9 6 4 1 0 3 2]
 [7 3 6 5 0 2 1 8 4]
 [2 1 4 8 3 9 6 7 0]
 [3 0 7 0 1 6 4 0 8]
 [1 8 2 3 7 4 9 5 6]
 [9 6 5 2 8 0 7 1 3]
 [0 7 3 4 0 5 8 2 1]
 [6 9 1 7 2 8 3 0 5]
 [5 2 8 9 6 3 0 4 7]]
Number of cells unfilled: 11
Accuracy: 86.41975308641975
Sample: 82863
Question:
[[5 4 0 0 0 0 1 0 0]
 [0 0 8 0 0 0 0 7 0]
 [0 0 0 0 6 0 4 0 2]
 [0 0 3 7 0 0 0 0 0]
 [0 0 0 0 0 4 9 0 0]
 [0 0 0 8 9 0 0 3 0]
 [0 8 0 1 0 0 0 0 4]
 [0 0 1 0 4 0 7 0 0]
 [4 3 0 0 0 0 0 1 0]]
Solution:
[[8 5 9 6 4 1 0 3 2]
 [7 3 6 5 0 2 1 8 4]
 [2 1 4 8 3 9 6 7 0]
 [3 0 7 0 1 6 4 0 8]
 [1 8 2 3 7 4 9 5 6]
 [9 6 5 2 8 0 7 1 3]
 [0 7 3 4 0 5 8 2 1]
 [6 9 1 7 2 8 3 0 5]
 [5 2 8 9 6 3 0 4 7]]
Number of cells unfilled: 11
Accuracy: 86.41975308641975
Sample: 82864
Question:
[[0 0 9 6 0 0 7 0 0]
 [7 2 0 0 0 0 0 0 0]
 [5 0 0 0 0 0 0 1 0]
 [0 0 0 7 4 0 0 3 0]
 [0 5 0 9 8 0 0 0 0]
 [0 0 7 0 0 6 8 0 0]
 [0 1 0 8 0 0 0 2 0]
 [0 0 0 0 0 9 0 0 3]
 [0 0 8 0 6 0 4 0 0]]
Solution:
[[8 5 9 6 4 1 0 3 2]
 [1 3 6 5 9 2 0 7 4]
 [2 0 4 8 3 7 6 1 9]
 [3 0 7 0 1 6 4 9 8]
 [0 8 2 3 7 4 1 5 6]
 [9 6 5 2 8 0 7 0 3]
 [6 7 3 4 0 5 8 2 1]
 [4 9 1 7 2 8 3 6 5]
 [5 2 8 9 6 3 0 4 7]]
Number of cells unfilled: 10
Accuracy: 87.65432098765432
Sample: 82865
Question:
[[2 0 0 0 4 0 7 0 6]
 [4 0 0 0 7 6 0 3 5]
 [0 0 6 0 0 0 0 9 0]
 [0 0 0 0 1 0 0 4 0]
 [0 8 4 0 0 3 0 0 1]
 [0 0 1 9 0 0 0 0 0]
 [8 3 5 0 0 0 0 0 0]
 [0 0 0 0 0 0 0 0 4]
 [7 0 0 0 3 0 0 1 9]]
Solution:
[[8 5 9 6 4 1 0 3 2]
 [7 3 6 5 9 2 1 8 4]
 [2 4 0 8 3 7 6 0 9]
 [3 0 7 0 1 6 4 0 8]
 [1 8 2 3 7 4 9 5 6]
 [9 6 4 2 8 0 7 1 3]
 [6 7 3 4 0 5 8 2 1]
 [4 9 1 7 2 8 3 6 5]
 [5 2 8 9 6 3 0 4 7]]
Number of cells unfilled: 9
Accuracy: 88.88888888888889
Sample: 82866
Question:
[[0 2 0 0 3 0 0 8 0]
 [3 0 0 2 0 0 5 0 0]
 [0 0 1 0 0 7 0 0 3]
 [5 0 0 0 8 0 0 6 0]
 [0 3 0 4 0 0 8 0 0]
 [0 0 0 0 0 2 0 0 9]
 [6 0 0 0 2 0 4 0 0]
 [0 0 7 0 0 9 0 0 0]
 [0 8 0 6 0 0 0 1 0]]
Solution:
[[8 5 9 6 4 1 0 3 2]
 [7 3 6 5 9 2 1 8 4]
 [2 4 0 8 3 7 6 0 9]
 [3 0 7 0 1 6 4 0 8]
 [1 8 2 3 7 4 9 5 6]
 [9 6 4 2 8 0 7 1 3]
 [6 7 3 4 0 5 8 2 1]
 [4 9 1 7 2 8 3 6 5]
 [5 2 8 9 6 3 0 4 7]]
Number of cells unfilled: 9
Accuracy: 88.88888888888889
Sample: 82867
Question:
[[0 5 0 0 2 0 7 3 0]
 [0 0 0 6 0 0 0 0 2]
 [2 0 0 0 0 7 1 0 0]
 [0 4 0 0 0 9 0 0 3]
 [0 0 0 0 0 0 9 8 0]
 [3 0 0 0 6 0 0 0 7]
 [0 2 0 4 0 6 0 0 0]
 [5 0 0 0 3 0 0 0 1]
 [0 0 8 0 7 0 0 0 0]]
Solution:
[[8 5 9 6 4 1 0 3 2]
 [1 3 6 5 9 2 0 7 4]
 [2 0 4 8 3 7 6 1 9]
 [3 0 7 0 1 6 4 9 8]
 [0 8 2 3 7 4 1 5 6]
 [9 6 5 2 8 0 7 0 3]
 [6 7 3 4 0 5 8 2 1]
 [4 9 1 7 2 8 3 6 5]
 [5 2 8 9 6 3 0 4 7]]
Number of cells unfilled: 10
Accuracy: 87.65432098765432
Sample: 82868
Question:
[[0 1 0 0 7 2 0 0 0]
 [9 0 0 0 0 0 0 4 5]
 [0 0 0 0 0 6 0 0 0]
 [0 2 5 0 0 0 0 0 0]
 [0 0 0 5 0 0 0 9 3]
 [0 0 0 0 0 0 7 0 0]
 [8 0 4 0 0 0 0 0 0]
 [0 0 0 0 0 0 0 0 0]
 [0 0 0 0 0 1 2 0 0]]
Solution:
[[8 5 9 6 4 1 0 3 2]
 [7 3 6 5 0 2 9 1 4]
 [2 1 4 8 3 9 6 7 0]
 [3 0 7 0 1 6 4 9 8]
 [0 8 2 3 7 4 1 5 6]
 [9 6 5 2 8 0 7 0 3]
 [6 7 3 4 0 5 8 2 1]
 [4 9 1 7 2 8 3 6 5]
 [5 2 8 9 6 3 0 4 7]]
Number of cells unfilled: 10
Accuracy: 87.65432098765432
Sample: 82869
Question:
[[4 0 9 6 0 0 0 0 0]
 [6 0 5 0 4 0 0 0 7]
 [0 8 0 5 0 9 0 0 0]
 [0 3 0 0 0 0 0 6 0]
 [9 4 0 8 0 0 2 0 0]
 [2 0 0 0 0 0 0 0 0]
 [8 2 0 3 0 0 0 0 1]
 [0 0 4 0 0 2 8 7 0]
 [0 0 0 0 0 0 4 0 0]]
Solution:
[[8 5 9 6 4 1 0 3 2]
 [7 3 6 5 9 2 1 8 4]
 [2 1 4 8 3 7 6 0 9]
 [3 0 7 0 1 6 4 0 8]
 [1 8 2 3 7 4 9 5 6]
 [9 6 5 2 8 0 7 1 3]
 [6 7 3 4 0 5 8 2 1]
 [4 9 1 7 2 8 3 6 5]
 [5 2 8 9 6 3 0 4 7]]
Number of cells unfilled: 8
Accuracy: 90.12345679012346
Sample: 82870
Question:
[[0 0 5 7 0 0 6 0 9]
 [2 4 6 0 0 1 0 0 0]
 [0 9 0 8 0 0 0 0 0]
 [0 1 0 4 0 3 0 0 6]
 [0 0 2 0 0 0 0 0 3]
 [0 6 0 0 5 0 8 0 0]
 [6 3 0 0 0 0 0 4 8]
 [0 0 0 3 0 0 0 5 0]
 [0 0 1 0 0 0 0 0 0]]
Solution:
[[8 5 9 6 4 1 0 3 2]
 [7 3 6 5 9 2 1 8 4]
 [2 4 0 8 3 7 6 0 9]
 [3 0 7 0 1 6 4 0 8]
 [1 8 2 3 7 4 9 5 6]
 [9 6 4 2 5 0 7 1 3]
 [6 7 3 4 0 5 8 2 1]
 [4 9 1 7 2 8 3 6 5]
 [5 2 8 9 6 3 0 4 7]]
Number of cells unfilled: 9
Accuracy: 88.88888888888889
Sample: 82871
Question:
[[0 0 0 0 8 2 0 5 6]
 [0 0 9 0 0 0 0 0 4]
 [0 0 5 0 0 0 0 9 2]
 [0 0 0 4 0 3 0 0 0]
 [9 5 0 0 2 0 0 3 0]
 [0 1 0 0 0 0 4 2 0]
 [8 0 0 0 0 1 0 0 0]
 [7 0 3 0 0 9 0 8 0]
 [0 4 0 8 0 0 0 0 0]]
Solution:
[[8 5 9 6 4 1 0 3 2]
 [7 3 6 5 8 2 1 9 4]
 [2 1 0 0 3 9 6 8 0]
 [3 0 7 0 1 6 4 0 8]
 [1 8 2 3 7 4 9 5 6]
 [9 6 4 2 5 0 7 1 3]
 [6 7 3 4 0 5 8 2 1]
 [4 9 1 7 2 8 3 6 5]
 [5 2 8 9 6 3 0 4 7]]
Number of cells unfilled: 10
Accuracy: 87.65432098765432
Sample: 82872
Question:
[[3 0 0 6 0 0 9 0 0]
 [2 0 0 0 5 0 0 4 0]
 [0 9 0 0 0 0 0 0 6]
 [0 3 0 0 1 0 0 0 0]
 [0 0 0 4 0 5 0 3 0]
 [5 0 0 2 0 3 1 0 0]
 [0 0 0 0 0 7 4 0 8]
 [1 7 0 0 4 0 0 5 0]
 [0 0 8 5 0 0 0 0 0]]
Solution:
[[8 5 9 6 4 1 0 3 2]
 [7 3 6 5 9 2 1 8 4]
 [2 1 4 8 3 7 6 0 9]
 [3 0 7 0 1 6 4 0 8]
 [1 8 2 3 7 4 9 5 6]
 [9 6 5 2 8 0 7 1 3]
 [6 7 3 4 0 5 8 2 1]
 [4 9 1 7 2 8 3 6 5]
 [5 2 8 9 6 3 0 4 7]]
Number of cells unfilled: 8
Accuracy: 90.12345679012346
Sample: 82873
Question:
[[0 4 7 0 0 0 0 6 8]
 [8 3 0 9 0 0 7 0 0]
 [0 5 0 0 0 0 9 0 3]
 [0 0 5 0 3 4 1 0 0]
 [0 0 0 8 0 0 0 0 0]
 [0 8 0 0 0 0 3 7 2]
 [0 0 0 0 9 0 0 2 0]
 [0 2 0 0 7 8 0 0 0]
 [7 0 9 0 0 6 0 0 0]]
Solution:
[[8 5 9 6 4 1 0 3 2]
 [7 3 6 5 9 2 1 8 4]
 [2 4 0 8 3 7 6 0 9]
 [3 0 7 0 1 6 4 0 8]
 [1 8 2 3 7 4 9 5 6]
 [9 6 4 2 8 0 7 1 3]
 [6 7 3 4 0 5 8 2 1]
 [4 9 1 7 2 8 3 6 5]
 [5 2 8 9 6 3 0 4 7]]
Number of cells unfilled: 9
Accuracy: 88.88888888888889
Sample: 82874
Question:
[[0 0 6 0 0 7 0 0 9]
 [0 7 0 4 0 0 6 0 0]
 [0 0 5 0 6 1 0 0 0]
 [0 3 4 0 0 0 0 9 0]
 [7 0 0 5 0 0 4 0 0]
 [0 0 0 0 0 0 0 0 2]
 [6 0 0 0 2 0 0 0 0]
 [0 0 7 8 0 0 3 0 0]
 [0 8 0 0 1 0 0 0 4]]
Solution:
[[8 5 9 6 4 1 0 3 2]
 [7 3 6 5 9 2 1 8 4]
 [2 1 4 8 3 7 6 0 9]
 [3 0 7 0 1 6 4 0 8]
 [1 8 2 3 7 4 9 5 6]
 [9 6 5 2 8 0 7 1 3]
 [6 7 3 4 0 5 8 2 1]
 [4 9 1 7 2 8 3 6 5]
 [5 2 8 9 6 3 0 4 7]]
Number of cells unfilled: 8
Accuracy: 90.12345679012346
Sample: 82875
Question:
[[3 0 2 0 8 0 7 0 0]
 [0 5 0 4 0 0 0 0 0]
 [0 0 1 0 0 3 6 0 0]
 [0 0 8 9 0 2 0 4 0]
 [0 3 0 0 0 0 9 0 0]
 [0 0 0 8 0 6 0 7 0]
 [0 0 0 5 0 7 0 0 3]
 [5 0 0 6 1 0 0 0 0]
 [0 1 0 0 0 0 0 0 0]]
Solution:
[[8 5 9 6 4 1 0 3 2]
 [7 3 6 5 9 2 1 8 4]
 [2 4 0 8 3 7 6 0 9]
 [3 0 7 0 1 6 4 0 8]
 [1 8 2 3 7 4 9 5 6]
 [9 6 4 2 8 0 7 1 3]
 [6 7 3 4 0 5 8 2 1]
 [4 9 1 7 2 8 3 6 5]
 [5 2 8 9 6 3 0 4 7]]
Number of cells unfilled: 9
Accuracy: 88.88888888888889
Sample: 82876
Question:
[[0 0 0 0 0 6 0 0 3]
 [0 0 9 0 2 0 0 0 1]
 [6 2 0 1 0 0 0 0 0]
 [0 4 0 0 1 0 5 0 0]
 [0 0 7 8 0 0 0 4 0]
 [5 0 0 0 0 4 0 0 8]
 [3 0 0 0 0 0 0 0 5]
 [0 7 0 6 0 0 8 0 0]
 [0 0 1 0 9 0 0 7 0]]
Solution:
[[8 5 9 6 4 1 0 3 2]
 [7 3 6 5 0 2 9 1 4]
 [2 1 4 8 3 9 6 7 0]
 [3 0 7 0 1 6 4 9 8]
 [0 8 2 3 7 4 1 5 6]
 [9 6 5 2 8 0 7 0 3]
 [6 7 3 4 0 5 8 2 1]
 [4 9 1 7 2 8 3 6 5]
 [5 2 8 9 6 3 0 4 7]]
Number of cells unfilled: 10
Accuracy: 87.65432098765432
Sample: 82877
Question:
[[0 0 0 0 4 6 0 8 0]
 [8 0 0 1 0 0 0 0 9]
 [0 6 5 0 0 0 0 0 0]
 [0 5 0 0 0 0 2 0 3]
 [3 0 0 6 0 0 0 9 0]
 [0 9 0 0 0 7 0 0 0]
 [0 7 0 0 6 0 0 1 0]
 [0 0 0 0 0 4 0 0 2]
 [2 0 0 8 0 0 9 0 0]]
Solution:
[[8 5 9 6 4 1 0 3 2]
 [7 3 6 5 0 2 1 8 4]
 [2 1 4 8 3 9 6 7 0]
 [3 0 7 0 1 6 4 0 8]
 [1 8 2 3 7 4 9 5 6]
 [9 6 5 2 8 0 7 1 3]
 [6 7 3 4 0 5 8 2 1]
 [4 9 1 7 2 8 3 6 5]
 [5 2 8 9 6 3 0 4 7]]
Number of cells unfilled: 9
Accuracy: 88.88888888888889
Sample: 82878
Question:
[[0 1 7 0 0 3 0 0 0]
 [0 4 0 0 2 0 1 0 0]
 [8 0 0 0 0 0 0 0 6]
 [0 0 0 0 0 7 0 3 0]
 [0 6 0 9 0 0 2 0 0]
 [5 0 0 0 1 0 0 0 8]
 [0 5 0 0 4 0 0 0 2]
 [1 0 0 8 0 0 5 0 0]
 [0 0 4 0 0 0 0 6 0]]
Solution:
[[8 5 9 6 4 1 0 3 2]
 [7 3 6 5 9 2 1 8 4]
 [2 4 0 8 3 7 6 0 9]
 [3 0 7 0 1 6 4 0 8]
 [1 8 2 3 7 4 9 5 6]
 [9 6 4 2 8 0 7 1 3]
 [6 7 3 4 0 5 8 2 1]
 [4 9 1 7 2 8 3 6 5]
 [5 2 8 9 6 3 0 4 7]]
Number of cells unfilled: 9
Accuracy: 88.88888888888889
Sample: 82879
Question:
[[0 0 0 0 8 0 0 7 1]
 [0 2 5 0 0 7 6 0 8]
 [4 0 0 9 0 0 0 0 0]
 [0 8 0 0 0 9 3 0 6]
 [3 0 0 5 1 0 2 0 0]
 [0 4 0 3 0 0 0 5 9]
 [0 5 9 0 7 4 0 0 0]
 [7 0 0 0 0 3 0 2 0]
 [0 0 6 1 5 2 9 0 0]]
Solution:
[[8 5 9 6 4 1 0 3 2]
 [7 3 6 5 0 2 9 1 4]
 [2 1 4 8 3 9 6 7 0]
 [3 0 7 0 1 6 4 9 8]
 [0 8 2 3 7 4 1 5 6]
 [9 6 5 2 8 0 7 0 3]
 [6 7 3 4 0 5 8 2 1]
 [4 9 1 7 2 8 3 6 5]
 [5 2 8 9 6 3 0 4 7]]
Number of cells unfilled: 10
Accuracy: 87.65432098765432
Sample: 82880
Question:
[[0 8 2 0 6 0 0 1 0]
 [0 0 0 0 0 0 0 0 5]
 [0 0 0 0 3 0 9 0 0]
 [0 0 0 0 0 6 5 2 0]
 [0 0 6 3 0 0 0 0 0]
 [0 1 0 2 0 0 7 0 0]
 [0 9 7 6 0 0 0 0 1]
 [2 0 0 0 0 4 0 7 0]
 [5 3 0 0 1 0 2 0 0]]
Solution:
[[8 5 9 6 4 1 0 3 2]
 [7 3 6 5 9 2 1 8 4]
 [2 4 0 8 3 7 6 0 9]
 [3 0 7 0 1 6 4 0 8]
 [1 8 2 3 7 4 9 5 6]
 [9 6 4 2 8 0 7 1 3]
 [6 7 3 4 0 5 8 2 1]
 [4 9 1 7 2 8 3 6 5]
 [5 2 8 9 6 3 0 4 7]]
Number of cells unfilled: 9
Accuracy: 88.88888888888889
Sample: 82881
Question:
[[0 0 8 0 0 2 9 0 0]
 [0 0 0 0 0 5 0 0 3]
 [0 0 0 0 4 0 0 6 0]
 [7 0 0 0 0 0 0 4 0]
 [0 0 3 0 0 9 0 0 5]
 [0 4 0 0 1 0 0 0 0]
 [6 0 0 0 0 0 0 0 0]
 [0 1 0 0 5 0 0 7 0]
 [0 0 5 8 0 0 0 0 2]]
Solution:
[[8 5 9 6 4 1 0 3 2]
 [1 3 6 5 9 2 0 8 4]
 [2 4 0 8 3 7 6 1 9]
 [3 0 7 0 1 6 4 9 8]
 [0 8 2 3 7 4 1 5 6]
 [9 6 4 2 5 0 7 0 3]
 [6 7 3 4 0 5 8 2 1]
 [4 9 1 7 2 8 3 6 5]
 [5 2 8 9 6 3 0 4 7]]
Number of cells unfilled: 10
Accuracy: 87.65432098765432
Sample: 82882
Question:
[[9 0 0 0 0 5 0 1 0]
 [0 0 7 0 0 0 0 0 0]
 [8 1 0 0 2 0 4 0 0]
 [3 0 2 0 0 0 8 0 0]
 [1 8 0 0 3 0 0 0 9]
 [0 0 0 2 0 8 0 0 0]
 [2 4 0 0 9 0 0 8 0]
 [0 0 0 0 0 0 9 0 4]
 [0 0 0 6 0 0 3 0 0]]
Solution:
[[8 5 9 6 4 1 0 3 2]
 [7 3 6 5 9 2 0 8 4]
 [2 1 4 8 3 7 6 0 9]
 [3 0 7 0 1 6 4 9 8]
 [0 8 2 3 7 4 1 5 6]
 [9 6 5 2 8 0 7 0 3]
 [6 7 3 4 0 5 8 2 1]
 [4 9 1 7 2 8 3 6 5]
 [5 2 8 9 6 3 0 4 7]]
Number of cells unfilled: 10
Accuracy: 87.65432098765432
Sample: 82883
Question:
[[0 0 0 0 0 0 4 5 0]
 [9 0 0 0 3 5 0 0 2]
 [0 0 0 0 0 7 0 0 0]
 [3 0 9 5 0 0 0 0 0]
 [0 6 0 0 9 2 0 0 8]
 [8 0 2 0 0 0 0 0 0]
 [0 0 0 1 0 0 0 7 0]
 [0 0 8 0 2 6 0 0 3]
 [6 0 0 0 0 0 0 0 0]]
Solution:
[[8 5 9 6 4 1 0 3 2]
 [7 3 6 5 9 2 1 8 4]
 [2 1 0 8 3 7 6 0 9]
 [3 0 7 0 1 6 4 0 8]
 [1 8 2 3 7 4 9 5 6]
 [9 6 4 2 5 0 7 1 3]
 [6 7 3 4 0 5 8 2 1]
 [4 9 1 7 2 8 3 6 5]
 [5 2 8 9 6 3 0 4 7]]
Number of cells unfilled: 9
Accuracy: 88.88888888888889
Sample: 82884
Question:
[[0 0 0 0 0 8 0 0 3]
 [8 0 0 4 0 0 2 0 7]
 [0 0 0 0 2 0 0 8 0]
 [0 0 1 7 0 0 0 0 4]
 [6 0 0 0 4 2 0 7 1]
 [0 0 0 0 0 0 6 0 0]
 [0 9 0 0 5 0 0 0 0]
 [2 0 0 6 0 0 1 0 0]
 [1 0 0 2 9 0 7 0 0]]
Solution:
[[8 5 9 6 4 1 0 3 2]
 [7 3 6 5 9 2 1 8 4]
 [2 1 4 8 3 7 6 0 9]
 [3 0 7 0 1 6 4 0 8]
 [1 8 2 3 7 4 9 5 6]
 [9 6 5 2 8 0 7 1 3]
 [6 7 3 4 0 5 8 2 1]
 [4 9 1 7 2 8 3 6 5]
 [5 2 8 9 6 3 0 4 7]]
Number of cells unfilled: 8
Accuracy: 90.12345679012346
Sample: 82885
Question:
[[0 0 3 0 8 0 0 5 0]
 [4 0 0 0 0 1 8 0 0]
 [0 8 0 0 0 0 0 0 0]
 [2 0 0 0 0 5 4 1 0]
 [0 0 0 9 0 0 0 6 0]
 [7 0 0 6 0 4 2 0 0]
 [0 0 1 0 0 7 0 0 2]
 [5 0 0 0 0 0 0 0 0]
 [0 7 2 1 4 0 5 0 0]]
Solution:
[[8 5 9 6 4 1 0 3 2]
 [7 3 6 5 9 2 1 8 4]
 [2 1 4 8 3 7 6 0 9]
 [3 0 7 0 1 6 4 0 8]
 [1 8 2 3 7 4 9 5 6]
 [9 6 5 2 8 0 7 1 3]
 [6 7 3 4 0 5 8 2 1]
 [4 9 1 7 2 8 3 6 5]
 [5 2 8 9 6 3 0 4 7]]
Number of cells unfilled: 8
Accuracy: 90.12345679012346
Sample: 82886
Question:
[[6 0 0 1 0 0 5 0 0]
 [0 4 8 0 0 7 0 0 0]
 [0 0 0 0 9 0 8 4 0]
 [9 0 5 0 0 0 0 3 0]
 [0 6 0 0 4 5 0 0 0]
 [0 0 0 2 0 6 0 0 0]
 [0 0 1 0 0 0 2 5 0]
 [0 0 0 0 0 0 1 0 0]
 [7 0 0 0 0 1 0 0 9]]
Solution:
[[8 5 9 6 4 1 0 3 2]
 [7 3 6 5 9 2 1 8 4]
 [2 1 4 8 3 7 6 0 9]
 [3 0 7 0 1 6 4 0 8]
 [1 8 2 3 7 4 9 5 6]
 [9 6 5 2 8 0 7 1 3]
 [6 7 3 4 0 5 8 2 1]
 [4 9 1 7 2 8 3 6 5]
 [5 2 8 9 6 3 0 4 7]]
Number of cells unfilled: 8
Accuracy: 90.12345679012346
Sample: 82887
Question:
[[0 0 0 0 0 0 0 8 0]
 [0 7 0 6 0 0 0 0 1]
 [0 0 0 2 5 0 4 0 0]
 [0 5 0 0 0 9 1 0 0]
 [1 0 9 5 8 0 0 3 0]
 [0 0 6 3 0 0 0 0 0]
 [0 0 0 0 9 0 0 0 0]
 [5 0 0 0 0 0 0 6 0]
 [0 1 0 0 2 0 0 4 8]]
Solution:
[[8 5 9 6 4 1 0 3 2]
 [7 3 6 5 9 2 0 1 4]
 [2 1 4 8 3 7 6 0 9]
 [3 0 7 0 1 6 4 9 8]
 [0 8 2 3 7 4 1 5 6]
 [9 6 5 2 8 0 7 0 3]
 [6 7 3 4 0 5 8 2 1]
 [4 9 1 7 2 8 3 6 5]
 [5 2 8 9 6 3 0 4 7]]
Number of cells unfilled: 10
Accuracy: 87.65432098765432
Sample: 82888
Question:
[[0 8 0 0 0 0 5 0 7]
 [0 0 0 0 0 8 0 3 0]
 [0 4 1 9 0 3 0 0 0]
 [0 0 0 0 2 0 0 0 0]
 [0 0 0 0 3 0 8 0 0]
 [0 0 5 1 0 0 0 0 0]
 [5 0 8 0 0 0 0 2 3]
 [0 1 2 0 0 0 0 6 5]
 [0 3 6 0 0 0 1 0 0]]
Solution:
[[8 5 9 6 4 1 0 3 2]
 [7 3 6 5 9 2 1 8 4]
 [2 1 0 8 3 7 6 0 9]
 [3 0 7 0 1 6 4 0 8]
 [1 8 2 3 7 4 9 5 6]
 [9 6 4 2 8 0 7 1 3]
 [6 7 3 4 0 5 8 2 1]
 [4 9 1 7 2 8 3 6 5]
 [5 2 8 9 6 3 0 4 7]]
Number of cells unfilled: 9
Accuracy: 88.88888888888889
Sample: 82889
Question:
[[0 3 0 0 8 0 2 0 0]
 [0 0 0 6 0 0 0 0 4]
 [6 0 5 7 0 0 0 0 0]
 [0 0 4 0 0 0 0 0 0]
 [0 8 0 0 2 0 3 0 0]
 [7 0 0 8 0 5 0 0 0]
 [0 0 0 0 9 0 0 2 8]
 [0 0 0 0 0 0 9 0 0]
 [0 9 0 0 0 8 0 1 3]]
Solution:
[[8 5 9 6 4 1 0 3 2]
 [7 3 6 5 9 2 1 8 4]
 [2 1 4 8 3 7 6 0 9]
 [3 0 7 0 1 6 4 0 8]
 [1 8 2 3 7 4 9 5 6]
 [9 6 5 2 8 0 7 1 3]
 [6 7 3 4 0 5 8 2 1]
 [4 9 1 7 2 8 3 6 5]
 [5 2 8 9 6 3 0 4 7]]
Number of cells unfilled: 8
Accuracy: 90.12345679012346
Sample: 82890
Question:
[[0 0 1 0 0 2 0 0 0]
 [8 0 0 0 0 0 0 0 6]
 [0 0 0 0 0 0 0 4 5]
 [0 0 0 0 0 0 3 1 0]
 [0 1 0 0 9 0 0 0 0]
 [0 0 4 1 0 0 0 0 2]
 [0 0 9 3 0 4 0 2 0]
 [4 0 0 0 8 0 0 0 9]
 [0 8 7 2 0 0 5 0 0]]
Solution:
[[8 5 9 6 4 1 0 3 2]
 [7 3 6 5 8 2 1 9 4]
 [2 4 0 0 3 9 6 8 0]
 [3 0 7 0 1 6 4 0 8]
 [1 8 2 3 7 4 9 5 6]
 [9 6 4 2 5 0 7 1 3]
 [6 7 3 4 0 5 8 2 1]
 [4 9 1 7 2 8 3 6 5]
 [5 2 8 9 6 3 0 4 7]]
Number of cells unfilled: 10
Accuracy: 87.65432098765432
Sample: 82891
Question:
[[0 0 6 0 0 8 0 0 0]
 [0 9 0 4 0 0 8 0 0]
 [8 0 0 1 9 0 0 0 2]
 [0 6 0 0 0 0 0 0 5]
 [9 0 0 0 0 2 6 0 0]
 [0 0 3 0 0 0 0 0 7]
 [0 0 2 5 0 0 0 3 0]
 [0 7 0 0 0 0 0 0 8]
 [6 0 0 0 0 4 2 0 0]]
Solution:
[[8 5 9 6 4 1 0 3 2]
 [7 3 6 5 9 2 0 8 4]
 [2 1 0 8 3 7 6 0 9]
 [3 0 7 0 1 6 4 9 8]
 [0 8 2 3 7 4 1 5 6]
 [9 6 4 2 8 0 7 0 3]
 [6 7 3 4 0 5 8 2 1]
 [4 9 1 7 2 8 3 6 5]
 [5 2 8 9 6 3 0 4 7]]
Number of cells unfilled: 11
Accuracy: 86.41975308641975
Sample: 82892
Question:
[[5 0 0 0 0 0 0 9 0]
 [0 0 3 0 0 0 0 4 0]
 [0 2 0 0 0 7 0 0 1]
 [0 0 8 0 6 1 4 0 0]
 [0 0 5 0 8 2 0 7 0]
 [0 6 0 7 0 0 0 0 8]
 [4 0 9 2 0 0 0 0 7]
 [0 8 0 0 7 0 0 0 4]
 [0 0 0 0 0 0 3 0 0]]
Solution:
[[8 5 9 6 4 1 0 3 2]
 [1 3 6 5 9 2 0 8 4]
 [2 4 0 8 3 7 6 1 9]
 [3 0 7 0 1 6 4 9 8]
 [0 8 2 3 7 4 1 5 6]
 [9 6 4 2 8 0 7 0 3]
 [6 7 3 4 0 5 8 2 1]
 [4 9 1 7 2 8 3 6 5]
 [5 2 8 9 6 3 0 4 7]]
Number of cells unfilled: 10
Accuracy: 87.65432098765432
Sample: 82893
Question:
[[0 4 0 0 0 5 0 0 0]
 [0 0 0 0 1 0 0 4 0]
 [0 0 6 7 0 0 0 0 9]
 [3 0 0 2 0 0 9 6 0]
 [0 0 9 0 0 0 0 7 0]
 [0 2 0 0 0 0 0 0 3]
 [0 0 2 9 0 0 0 0 7]
 [0 0 0 0 0 8 1 0 0]
 [0 5 0 0 2 0 8 0 0]]
Solution:
[[8 5 9 6 4 1 0 3 2]
 [7 3 6 5 9 2 1 8 4]
 [2 1 0 8 3 7 6 0 9]
 [3 0 7 0 1 6 4 0 8]
 [1 8 2 3 7 4 9 5 6]
 [9 6 4 2 8 0 7 1 3]
 [6 7 3 4 0 5 8 2 1]
 [4 9 1 7 2 8 3 6 5]
 [5 2 8 9 6 3 0 4 7]]
Number of cells unfilled: 9
Accuracy: 88.88888888888889
Sample: 82894
Question:
[[0 0 0 2 0 0 5 8 4]
 [0 0 0 0 5 0 1 0 0]
 [2 0 0 9 0 0 0 0 0]
 [5 1 0 0 0 0 0 0 6]
 [3 0 4 0 0 0 0 0 2]
 [0 0 0 0 3 4 0 0 0]
 [7 8 2 4 0 6 0 0 0]
 [9 0 0 0 8 2 0 6 0]
 [0 6 0 3 0 0 0 0 0]]
Solution:
[[8 5 9 6 4 1 0 3 2]
 [7 3 6 5 8 2 9 1 4]
 [2 1 0 0 3 9 6 7 0]
 [3 0 7 0 1 6 4 9 8]
 [0 8 2 3 7 4 1 5 6]
 [9 6 4 2 5 0 7 0 3]
 [6 7 3 4 0 5 8 2 1]
 [4 9 1 7 2 8 3 6 5]
 [5 2 8 9 6 3 0 4 7]]
Number of cells unfilled: 11
Accuracy: 86.41975308641975
Sample: 82895
Question:
[[0 0 2 0 0 3 0 0 5]
 [0 6 0 0 4 0 0 0 0]
 [7 0 0 1 0 0 9 0 0]
 [1 0 0 7 0 0 0 0 0]
 [0 0 9 0 0 8 3 0 0]
 [0 0 0 0 6 0 0 0 0]
 [0 4 0 0 0 0 8 0 2]
 [0 0 0 0 0 0 5 0 3]
 [0 0 3 0 0 5 0 9 0]]
Solution:
[[8 5 9 6 4 1 0 3 2]
 [7 3 6 5 9 2 0 8 4]
 [2 1 4 8 3 7 6 0 9]
 [3 0 7 0 1 6 4 9 8]
 [0 8 2 3 7 4 1 5 6]
 [9 6 5 2 8 0 7 0 3]
 [6 7 3 4 0 5 8 2 1]
 [4 9 1 7 2 8 3 6 5]
 [5 2 8 9 6 3 0 4 7]]
Number of cells unfilled: 10
Accuracy: 87.65432098765432
Sample: 82896
Question:
[[9 5 0 8 0 0 0 0 0]
 [0 0 3 0 0 7 4 5 0]
 [0 0 1 0 0 4 0 3 0]
 [7 0 0 0 4 0 0 0 0]
 [0 0 5 1 0 0 7 0 0]
 [0 0 9 0 0 0 0 8 3]
 [6 9 0 7 0 0 0 1 0]
 [0 0 7 0 0 8 0 0 0]
 [4 0 0 0 6 0 8 0 0]]
Solution:
[[8 5 9 6 4 1 0 3 2]
 [7 3 6 5 8 2 1 9 4]
 [2 1 0 0 3 9 6 7 0]
 [3 0 7 0 1 6 4 0 8]
 [1 8 2 3 7 4 9 5 6]
 [9 6 4 2 5 0 7 1 3]
 [6 7 3 4 0 5 8 2 1]
 [4 9 1 7 2 8 3 6 5]
 [5 2 8 9 6 3 0 4 7]]
Number of cells unfilled: 10
Accuracy: 87.65432098765432
Sample: 82897
Question:
[[0 0 7 0 2 0 0 9 3]
 [9 0 0 5 0 0 0 7 0]
 [0 6 0 0 0 0 1 0 0]
 [6 8 0 0 4 0 0 0 9]
 [5 0 0 0 0 3 0 0 0]
 [0 0 9 8 0 0 0 6 0]
 [2 0 0 0 0 0 0 0 1]
 [0 0 0 0 0 4 0 0 6]
 [0 9 0 2 0 0 0 8 0]]
Solution:
[[8 5 9 6 4 1 0 3 2]
 [7 3 6 5 8 2 1 9 4]
 [2 4 0 0 3 7 6 8 0]
 [3 0 7 0 1 6 4 0 8]
 [1 8 2 3 7 4 9 5 6]
 [9 6 4 2 5 0 7 1 3]
 [6 7 3 4 0 5 8 2 1]
 [4 9 1 7 2 8 3 6 5]
 [5 2 8 9 6 3 0 4 7]]
Number of cells unfilled: 10
Accuracy: 87.65432098765432
Sample: 82898
Question:
[[3 0 0 0 2 0 0 0 5]
 [0 0 0 0 0 7 0 8 0]
 [0 0 0 1 0 0 0 0 0]
 [0 2 3 0 0 0 0 0 4]
 [4 0 0 0 0 0 5 6 0]
 [0 5 0 0 4 0 0 0 0]
 [0 0 9 8 0 0 1 0 0]
 [0 7 0 0 0 9 0 0 0]
 [2 0 0 0 5 0 0 0 6]]
Solution:
[[8 5 9 6 4 1 0 3 2]
 [7 3 6 5 9 2 1 8 4]
 [2 1 4 8 3 7 6 0 9]
 [3 0 7 0 1 6 4 0 8]
 [1 8 2 3 7 4 9 5 6]
 [9 6 5 2 8 0 7 1 3]
 [6 7 3 4 0 5 8 2 1]
 [4 9 1 7 2 8 3 6 5]
 [5 2 8 9 6 3 0 4 7]]
Number of cells unfilled: 8
Accuracy: 90.12345679012346
Sample: 82899
Question:
[[0 0 0 0 0 0 5 0 0]
 [0 0 0 8 2 3 0 0 0]
 [4 0 2 6 0 0 0 0 0]
 [0 0 9 0 6 0 4 0 0]
 [0 7 0 0 0 0 0 5 0]
 [5 0 0 0 4 0 1 3 0]
 [0 0 0 7 0 4 0 1 0]
 [0 0 0 0 0 2 6 8 0]
 [0 2 5 0 0 0 3 0 0]]
Solution:
[[8 5 9 6 4 1 0 3 2]
 [1 3 6 5 8 2 0 7 4]
 [2 4 0 0 3 7 6 8 9]
 [3 0 7 0 1 6 4 9 8]
 [0 8 2 3 7 4 1 5 6]
 [9 6 4 2 5 0 7 0 3]
 [6 7 3 4 0 5 8 2 1]
 [4 9 1 7 2 8 3 6 5]
 [5 2 8 9 6 3 0 4 7]]
Number of cells unfilled: 11
Accuracy: 86.41975308641975
Sample: 82900
Question:
[[0 0 9 0 0 1 0 0 0]
 [0 3 0 5 0 0 0 0 4]
 [2 0 0 0 3 0 0 0 0]
 [3 0 0 0 0 6 4 0 8]
 [0 8 0 3 0 0 0 5 0]
 [9 0 0 0 0 0 7 0 3]
 [0 7 0 4 0 0 8 0 0]
 [0 0 1 7 2 0 0 0 5]
 [0 0 0 0 6 0 0 0 0]]
Solution:
[[8 5 9 6 4 1 0 3 2]
 [7 3 6 5 8 2 1 9 4]
 [2 1 0 0 3 7 6 8 0]
 [3 0 7 0 1 6 4 0 8]
 [1 8 2 3 7 4 9 5 6]
 [9 6 4 2 5 0 7 1 3]
 [6 7 3 4 0 5 8 2 1]
 [4 9 1 7 2 8 3 6 5]
 [5 2 8 9 6 3 0 4 7]]
Number of cells unfilled: 10
Accuracy: 87.65432098765432
