2025-10-22 16:37:46.657570: I tensorflow/core/util/port.cc:153] oneDNN custom operations are on. You may see slightly different numerical results due to floating-point round-off errors from different computation orders. To turn them off, set the environment variable `TF_ENABLE_ONEDNN_OPTS=0`.
2025-10-22 16:37:46.794947: I tensorflow/core/platform/cpu_feature_guard.cc:210] This TensorFlow binary is optimized to use available CPU instructions in performance-critical operations.
To enable the following instructions: AVX2 AVX512F AVX512_VNNI FMA, in other operations, rebuild TensorFlow with the appropriate compiler flags.
2025-10-22 16:37:52.132420: I tensorflow/core/util/port.cc:153] oneDNN custom operations are on. You may see slightly different numerical results due to floating-point round-off errors from different computation orders. To turn them off, set the environment variable `TF_ENABLE_ONEDNN_OPTS=0`.
2025-10-22 16:37:58.188971: E external/local_xla/xla/stream_executor/cuda/cuda_platform.cc:51] failed call to cuInit: INTERNAL: CUDA error: Failed call to cuInit: UNKNOWN ERROR (303)
Sample: 84001
Question:
[[0 0 6 3 0 0 7 0 0]
 [0 5 0 0 0 0 0 1 0]
 [3 7 0 0 0 4 0 0 0]
 [0 0 0 0 2 0 0 0 8]
 [0 0 9 0 0 0 0 7 1]
 [7 0 0 9 0 0 5 0 0]
 [0 9 0 5 3 0 6 0 0]
 [6 0 0 0 0 8 0 0 0]
 [0 0 0 0 4 0 0 2 0]]
Solution:
[[0 4 5 6 7 9 1 3 8]
 [9 8 3 4 1 2 7 6 5]
 [1 2 6 3 8 5 4 0 9]
 [5 3 0 7 0 0 6 1 0]
 [8 6 1 5 9 4 2 0 3]
 [0 0 4 2 6 3 5 9 7]
 [6 5 8 1 3 7 9 2 4]
 [4 1 2 9 5 0 3 7 6]
 [7 0 9 0 4 8 0 5 1]]
Number of cells unfilled: 13
Accuracy: 83.9506172839506
Sample: 84002
Question:
[[8 0 0 0 0 0 0 7 9]
 [0 0 0 3 0 0 0 0 4]
 [0 0 7 0 9 0 1 0 0]
 [0 5 0 0 0 6 0 0 0]
 [0 0 0 9 0 3 2 0 0]
 [0 0 2 0 4 0 0 9 0]
 [6 0 0 0 0 0 0 1 0]
 [0 0 4 0 1 9 0 0 2]
 [0 8 0 5 0 0 0 0 0]]
Solution:
[[0 4 5 6 7 9 1 3 8]
 [9 8 3 4 1 2 7 6 5]
 [1 2 6 3 0 5 4 0 9]
 [5 3 4 7 8 0 6 1 0]
 [8 6 1 5 9 4 2 7 3]
 [0 0 7 2 6 3 5 9 0]
 [6 5 8 1 3 7 9 2 4]
 [4 1 2 9 0 0 3 5 6]
 [3 7 9 0 4 8 0 0 1]]
Number of cells unfilled: 13
Accuracy: 83.9506172839506
Sample: 84003
Question:
[[0 0 8 0 0 0 0 0 5]
 [0 9 7 0 0 2 0 0 3]
 [0 6 0 0 1 0 0 2 0]
 [0 0 0 0 0 1 0 0 6]
 [0 2 5 9 0 7 0 0 1]
 [0 0 6 5 3 0 0 0 0]
 [0 0 0 0 0 0 0 0 0]
 [4 0 0 1 0 6 0 0 0]
 [0 0 9 0 0 0 0 3 8]]
Solution:
[[0 4 5 6 7 1 0 3 8]
 [9 7 3 4 0 2 1 6 5]
 [1 2 6 3 8 5 4 0 9]
 [5 3 4 7 0 0 6 1 0]
 [8 6 1 5 9 4 2 7 3]
 [0 0 7 2 6 3 5 9 0]
 [6 5 8 1 3 7 9 2 4]
 [4 1 2 9 0 0 3 5 6]
 [7 0 9 0 4 8 0 0 1]]
Number of cells unfilled: 16
Accuracy: 80.24691358024691
Sample: 84004
Question:
[[0 0 9 0 2 0 3 0 5]
 [1 0 0 0 0 0 6 0 0]
 [0 0 2 0 8 6 0 0 4]
 [0 0 1 0 0 0 0 0 8]
 [4 0 0 5 0 0 9 0 0]
 [0 0 0 3 0 0 0 0 0]
 [0 0 0 8 0 0 5 0 0]
 [7 0 0 0 0 3 1 0 0]
 [0 0 0 0 0 2 0 3 9]]
Solution:
[[0 4 5 6 7 9 1 3 8]
 [9 8 3 4 1 2 0 6 7]
 [1 2 6 3 8 5 4 0 9]
 [5 3 0 7 0 0 6 1 0]
 [8 6 1 5 9 4 2 7 3]
 [7 0 4 2 6 3 5 9 0]
 [6 5 8 1 3 7 9 2 4]
 [4 1 2 9 5 0 3 8 6]
 [3 0 9 0 4 8 7 5 1]]
Number of cells unfilled: 12
Accuracy: 85.18518518518519
Sample: 84005
Question:
[[0 0 0 8 0 0 0 0 0]
 [6 0 0 0 0 0 3 0 0]
 [1 0 0 9 0 0 0 0 4]
 [0 0 0 0 0 0 7 2 0]
 [0 9 0 0 2 0 0 0 6]
 [2 0 8 6 7 0 0 0 1]
 [0 3 6 1 5 0 0 0 0]
 [0 0 0 3 9 7 5 0 0]
 [0 0 0 0 0 0 0 9 0]]
Solution:
[[0 4 5 6 7 1 0 3 8]
 [9 8 3 4 0 2 1 6 5]
 [1 2 6 3 8 5 4 0 9]
 [5 3 4 7 0 0 6 1 0]
 [8 6 1 5 9 4 2 7 3]
 [0 0 7 2 6 3 5 9 0]
 [6 5 8 1 3 7 9 2 4]
 [4 1 2 9 5 0 3 8 6]
 [3 0 9 0 4 8 7 5 1]]
Number of cells unfilled: 13
Accuracy: 83.9506172839506
Sample: 84006
Question:
[[0 6 0 0 0 0 0 3 0]
 [0 0 1 0 0 8 0 2 5]
 [0 0 0 1 0 0 0 0 6]
 [0 0 0 2 0 5 3 0 0]
 [0 4 0 0 0 0 0 0 0]
 [0 0 5 0 1 0 0 7 2]
 [0 5 0 0 7 1 0 0 0]
 [0 0 6 5 0 0 0 8 7]
 [9 0 0 0 8 0 0 0 0]]
Solution:
[[0 4 5 6 7 0 1 3 8]
 [9 7 3 4 1 2 0 6 5]
 [1 2 6 3 0 5 4 0 9]
 [5 3 4 7 8 9 6 1 0]
 [8 6 1 5 0 4 2 7 3]
 [0 0 7 2 6 3 5 9 0]
 [6 5 8 1 3 7 9 2 4]
 [4 1 2 9 5 0 3 8 6]
 [3 0 9 0 4 8 7 5 1]]
Number of cells unfilled: 13
Accuracy: 83.9506172839506
Sample: 84007
Question:
[[8 0 2 0 0 0 0 0 0]
 [0 0 0 1 0 0 0 2 9]
 [0 0 0 0 0 0 1 0 0]
 [0 0 0 0 0 1 0 3 0]
 [0 0 9 0 0 2 0 0 0]
 [0 6 0 4 0 0 5 0 0]
 [0 0 7 0 8 3 6 5 0]
 [5 0 0 0 0 0 0 0 0]
 [4 0 0 9 0 6 0 8 0]]
Solution:
[[0 4 5 6 7 1 0 3 8]
 [9 8 3 4 0 2 1 6 5]
 [1 2 6 3 0 5 4 0 9]
 [5 3 4 7 8 9 6 1 0]
 [8 6 1 5 0 4 2 7 3]
 [0 0 7 2 6 3 5 9 0]
 [6 5 8 1 3 7 9 2 4]
 [4 1 2 9 0 0 3 5 6]
 [3 0 9 0 4 8 7 0 1]]
Number of cells unfilled: 15
Accuracy: 81.48148148148148
Sample: 84008
Question:
[[0 0 3 5 0 0 0 8 9]
 [2 0 0 0 0 7 0 0 0]
 [0 0 0 0 0 0 3 0 0]
 [1 2 0 0 0 4 0 0 0]
 [4 0 0 0 0 6 0 3 8]
 [0 0 0 0 0 0 6 0 0]
 [8 0 0 9 0 2 4 0 6]
 [0 0 0 0 0 0 0 0 1]
 [9 6 5 0 0 0 0 0 0]]
Solution:
[[0 4 5 6 7 9 1 3 8]
 [9 8 3 4 1 2 7 6 5]
 [1 2 6 3 8 5 4 0 9]
 [5 3 0 7 0 0 6 1 0]
 [8 6 1 5 9 4 2 0 3]
 [0 0 4 2 6 3 5 9 7]
 [6 5 8 1 3 7 9 2 4]
 [4 1 2 9 5 0 3 7 6]
 [3 7 9 0 4 8 0 5 1]]
Number of cells unfilled: 12
Accuracy: 85.18518518518519
Sample: 84009
Question:
[[0 0 0 3 0 0 0 0 7]
 [5 0 0 0 2 0 9 0 0]
 [0 0 1 0 0 6 0 2 0]
 [0 0 0 8 0 0 6 0 3]
 [0 0 6 0 0 7 2 0 0]
 [1 0 0 0 6 0 0 5 0]
 [0 9 2 0 4 0 8 0 0]
 [0 1 0 0 0 0 0 0 0]
 [6 0 0 0 0 9 0 4 0]]
Solution:
[[0 4 5 6 7 1 0 3 8]
 [9 8 3 4 0 2 1 6 7]
 [1 2 6 3 8 5 4 0 9]
 [5 3 4 7 0 9 6 1 0]
 [8 6 1 0 5 4 2 7 3]
 [0 0 7 2 6 3 5 9 0]
 [6 5 8 1 3 7 9 2 4]
 [4 1 2 9 0 0 3 5 6]
 [3 7 9 5 4 8 0 0 1]]
Number of cells unfilled: 14
Accuracy: 82.71604938271605
Sample: 84010
Question:
[[8 0 0 7 0 0 0 0 0]
 [0 6 0 5 0 0 0 1 0]
 [7 0 1 0 0 4 9 0 8]
 [0 0 4 8 0 0 0 0 0]
 [0 0 0 0 6 0 0 3 0]
 [0 7 0 0 0 5 0 0 0]
 [3 5 0 0 0 0 0 0 4]
 [0 0 0 0 0 7 0 0 3]
 [0 0 0 0 5 1 0 2 0]]
Solution:
[[0 4 5 6 7 9 1 3 8]
 [9 8 3 4 1 2 7 6 5]
 [1 2 6 3 8 5 4 0 9]
 [5 3 0 7 0 0 6 1 0]
 [8 6 1 5 9 4 2 0 3]
 [0 0 4 2 6 3 5 9 7]
 [6 5 8 1 3 7 9 2 4]
 [4 1 2 9 5 0 3 7 6]
 [7 0 9 0 4 8 0 5 1]]
Number of cells unfilled: 13
Accuracy: 83.9506172839506
Sample: 84011
Question:
[[7 0 9 0 0 0 0 0 2]
 [0 5 0 0 0 0 0 0 0]
 [2 0 1 0 9 0 0 5 0]
 [8 0 0 0 0 4 0 0 0]
 [0 9 0 0 1 0 0 2 7]
 [0 0 0 9 0 0 6 8 0]
 [0 0 3 0 0 6 2 4 0]
 [0 0 0 3 0 0 0 7 0]
 [0 7 0 0 2 0 0 0 5]]
Solution:
[[0 0 5 6 7 9 1 3 8]
 [9 4 3 8 1 2 7 6 5]
 [1 2 6 3 0 5 4 0 9]
 [5 3 0 7 8 0 6 1 0]
 [8 6 1 5 9 4 2 0 3]
 [0 0 4 2 6 3 5 9 7]
 [6 5 8 1 3 7 9 2 4]
 [4 1 2 9 5 0 3 7 6]
 [7 0 9 0 4 8 0 5 1]]
Number of cells unfilled: 14
Accuracy: 82.71604938271605
Sample: 84012
Question:
[[9 0 0 0 0 7 2 0 0]
 [0 0 0 9 4 0 0 5 0]
 [0 6 0 2 3 0 0 0 0]
 [0 1 0 0 0 0 0 8 0]
 [0 0 6 0 0 4 0 0 0]
 [4 0 0 0 2 0 3 0 0]
 [7 0 0 4 0 0 9 0 0]
 [0 4 0 0 0 0 0 0 1]
 [0 8 9 0 7 0 0 0 5]]
Solution:
[[0 4 5 6 7 9 1 3 8]
 [9 7 3 4 1 2 0 6 5]
 [1 2 6 3 0 5 4 0 9]
 [5 3 4 7 8 0 6 1 0]
 [8 6 1 5 9 4 2 7 3]
 [0 0 7 2 6 3 5 9 0]
 [6 5 8 1 3 7 9 2 4]
 [4 1 2 9 5 0 3 8 6]
 [3 0 9 0 4 8 7 5 1]]
Number of cells unfilled: 12
Accuracy: 85.18518518518519
Sample: 84013
Question:
[[0 0 2 0 0 8 0 1 0]
 [3 0 0 0 0 4 6 0 0]
 [0 7 0 6 0 0 0 0 5]
 [0 1 0 0 4 0 0 6 0]
 [0 0 0 1 0 0 5 0 0]
 [0 0 0 0 6 7 0 0 0]
 [0 3 0 4 0 1 0 0 7]
 [0 4 0 7 0 0 1 0 6]
 [0 0 0 0 9 0 3 0 0]]
Solution:
[[0 4 5 6 7 9 1 3 8]
 [9 8 3 4 1 2 0 6 5]
 [1 2 6 3 8 5 4 7 9]
 [5 3 0 7 9 0 6 1 0]
 [8 6 1 0 5 4 2 0 3]
 [0 0 4 2 6 3 5 9 7]
 [6 5 8 1 3 7 9 2 4]
 [4 1 2 9 0 0 3 5 6]
 [3 7 9 5 4 8 0 0 1]]
Number of cells unfilled: 13
Accuracy: 83.9506172839506
Sample: 84014
Question:
[[5 0 0 4 0 8 0 3 0]
 [0 0 0 0 0 1 2 7 0]
 [0 0 0 0 9 0 0 0 0]
 [0 0 6 0 0 3 0 0 0]
 [2 0 0 7 0 5 6 0 0]
 [0 8 0 2 0 0 0 0 0]
 [4 0 2 0 0 0 0 1 0]
 [0 0 1 0 0 0 3 0 0]
 [0 6 0 0 0 9 0 4 5]]
Solution:
[[0 4 5 6 7 9 1 3 8]
 [9 8 3 4 1 2 0 6 5]
 [1 2 6 3 8 5 4 7 9]
 [5 3 0 7 0 0 6 1 0]
 [8 6 1 5 9 4 2 0 3]
 [0 0 4 2 6 3 5 9 7]
 [6 5 8 1 3 7 9 2 4]
 [4 1 2 9 5 0 3 8 6]
 [3 0 9 0 4 8 7 5 1]]
Number of cells unfilled: 12
Accuracy: 85.18518518518519
Sample: 84015
Question:
[[0 0 0 0 9 0 0 5 0]
 [7 0 0 6 0 0 0 0 8]
 [0 3 0 0 0 1 6 0 0]
 [5 0 0 3 0 0 0 8 0]
 [0 9 0 0 0 4 0 0 0]
 [0 0 6 0 1 0 0 0 3]
 [2 0 0 5 0 0 8 0 0]
 [0 0 0 0 0 7 0 0 2]
 [0 0 4 0 2 0 0 7 5]]
Solution:
[[0 4 5 6 7 1 0 3 8]
 [9 8 3 4 0 2 7 6 5]
 [1 2 6 3 8 5 4 0 9]
 [5 3 0 7 0 9 6 1 0]
 [8 6 1 0 5 4 2 7 3]
 [7 0 4 2 6 3 5 9 0]
 [6 5 8 1 3 7 9 2 4]
 [4 1 2 9 0 0 3 5 6]
 [3 7 9 5 4 8 0 0 1]]
Number of cells unfilled: 14
Accuracy: 82.71604938271605
Sample: 84016
Question:
[[0 1 0 2 7 4 5 0 0]
 [0 0 0 0 5 0 0 0 0]
 [5 0 0 0 9 0 7 4 0]
 [0 0 0 0 0 7 0 0 0]
 [0 0 6 4 0 0 0 2 0]
 [2 8 0 0 0 0 0 0 0]
 [0 2 0 0 0 8 1 0 0]
 [0 0 9 1 4 0 0 5 0]
 [6 0 0 5 0 0 0 0 8]]
Solution:
[[0 4 5 6 7 9 1 3 8]
 [9 7 3 8 1 2 0 6 5]
 [1 2 6 3 0 5 4 7 9]
 [5 3 0 7 8 0 6 1 0]
 [8 6 1 0 9 4 2 0 3]
 [0 0 4 2 6 3 5 9 7]
 [6 5 8 1 3 7 9 2 4]
 [4 1 2 9 0 0 3 5 6]
 [3 0 9 5 4 8 7 0 1]]
Number of cells unfilled: 14
Accuracy: 82.71604938271605
Sample: 84017
Question:
[[0 5 6 0 0 0 0 9 0]
 [0 9 0 0 0 3 4 0 0]
 [0 0 0 6 2 0 0 0 7]
 [0 0 0 0 8 0 7 3 1]
 [8 0 5 0 0 0 0 0 0]
 [7 1 0 2 0 0 0 0 0]
 [0 6 0 0 7 0 5 0 8]
 [0 0 0 4 6 2 0 0 0]
 [0 0 0 0 0 0 0 0 3]]
Solution:
[[0 4 5 6 7 9 1 3 8]
 [9 8 3 4 1 2 0 6 5]
 [1 2 6 3 8 5 4 7 9]
 [5 3 4 7 0 0 6 1 0]
 [8 6 1 5 9 4 2 0 3]
 [0 0 7 2 6 3 5 9 0]
 [6 5 8 1 3 7 9 2 4]
 [4 1 2 9 5 0 3 8 6]
 [3 0 9 0 4 8 7 5 1]]
Number of cells unfilled: 12
Accuracy: 85.18518518518519
Sample: 84018
Question:
[[3 0 0 0 0 1 0 7 0]
 [0 7 0 9 0 0 0 0 3]
 [0 0 0 0 0 0 5 0 0]
 [0 0 6 0 2 0 0 0 0]
 [1 0 0 0 0 8 0 0 9]
 [0 4 0 5 0 0 7 0 0]
 [4 0 0 0 9 0 1 0 0]
 [0 1 0 0 0 5 0 0 8]
 [0 0 2 0 0 3 0 6 0]]
Solution:
[[0 4 5 6 7 9 1 3 8]
 [9 8 3 4 1 2 0 6 5]
 [1 2 6 3 8 5 4 7 9]
 [5 3 0 7 9 0 6 1 0]
 [8 6 1 0 5 4 2 0 3]
 [7 0 4 2 6 3 5 9 0]
 [6 5 8 1 3 7 9 2 4]
 [4 1 2 9 0 0 3 8 6]
 [3 7 9 5 4 8 0 0 1]]
Number of cells unfilled: 13
Accuracy: 83.9506172839506
Sample: 84019
Question:
[[0 0 0 0 0 0 3 0 0]
 [0 0 1 0 3 0 0 6 9]
 [0 2 0 0 0 4 0 0 0]
 [0 5 0 1 0 0 8 0 2]
 [0 0 0 0 2 8 0 0 0]
 [7 0 0 4 0 0 0 0 0]
 [0 0 0 5 0 0 0 2 3]
 [0 3 0 0 9 0 4 0 1]
 [4 0 7 2 0 0 0 0 0]]
Solution:
[[0 4 5 6 7 9 1 3 8]
 [9 7 3 4 1 2 0 6 5]
 [1 2 6 3 8 5 4 7 9]
 [5 3 4 7 0 0 6 1 0]
 [8 6 1 0 9 4 2 0 3]
 [0 0 7 2 6 3 5 9 0]
 [6 5 8 1 3 7 9 2 4]
 [4 1 2 9 0 0 3 5 6]
 [7 0 9 5 4 8 0 0 1]]
Number of cells unfilled: 15
Accuracy: 81.48148148148148
Sample: 84020
Question:
[[5 8 0 0 0 0 0 1 0]
 [0 4 6 0 9 0 5 8 0]
 [0 0 2 0 5 0 4 0 0]
 [0 5 0 0 0 7 0 0 0]
 [0 0 4 0 6 0 9 0 0]
 [0 0 0 0 0 0 0 0 3]
 [0 2 0 6 0 9 1 0 0]
 [0 6 0 0 1 0 0 0 4]
 [0 0 1 2 0 0 0 0 0]]
Solution:
[[0 4 5 6 7 9 1 3 8]
 [9 8 3 4 1 2 7 6 5]
 [1 2 6 3 8 5 4 0 9]
 [5 3 0 7 0 0 6 1 0]
 [8 6 1 0 9 4 2 7 3]
 [7 0 4 2 6 3 5 9 0]
 [6 5 8 1 3 7 9 2 4]
 [4 1 2 9 0 0 3 8 6]
 [3 7 9 5 4 8 0 0 1]]
Number of cells unfilled: 13
Accuracy: 83.9506172839506
Sample: 84021
Question:
[[4 1 0 0 0 0 0 0 0]
 [0 0 3 1 0 0 4 0 7]
 [7 5 0 0 6 0 0 0 0]
 [1 0 0 5 0 0 0 0 0]
 [0 3 5 0 4 0 0 9 0]
 [0 0 0 0 3 0 0 8 0]
 [0 7 0 4 0 0 5 0 3]
 [0 0 0 0 0 2 0 7 0]
 [0 0 0 0 0 0 0 0 2]]
Solution:
[[0 4 5 6 7 9 1 3 8]
 [9 8 3 4 1 2 0 6 5]
 [1 2 6 3 8 5 4 0 9]
 [5 3 0 7 0 0 6 1 0]
 [8 6 1 5 9 4 2 7 3]
 [7 0 4 2 6 3 5 9 0]
 [6 5 8 1 3 7 9 2 4]
 [4 1 2 9 0 0 3 5 6]
 [3 0 9 0 4 8 7 0 1]]
Number of cells unfilled: 14
Accuracy: 82.71604938271605
Sample: 84022
Question:
[[3 0 0 0 0 5 0 0 4]
 [0 1 0 7 0 0 6 0 0]
 [4 0 0 0 8 0 0 0 0]
 [0 0 8 0 0 3 0 0 0]
 [0 7 0 1 0 0 9 0 0]
 [5 0 0 0 7 0 0 6 0]
 [0 2 0 0 0 0 0 7 6]
 [0 0 0 0 0 0 1 0 0]
 [0 0 0 6 0 0 0 2 9]]
Solution:
[[0 4 5 6 7 1 0 3 8]
 [9 7 3 8 0 2 1 6 5]
 [1 2 6 3 0 5 4 0 9]
 [5 3 0 7 8 0 6 1 0]
 [8 6 1 5 9 4 2 0 3]
 [0 0 4 2 6 3 5 9 7]
 [6 5 8 1 3 7 9 2 4]
 [4 1 2 9 5 0 3 7 6]
 [7 0 9 0 4 8 0 5 1]]
Number of cells unfilled: 15
Accuracy: 81.48148148148148
Sample: 84023
Question:
[[4 0 0 8 0 0 5 0 0]
 [0 3 0 0 6 0 0 0 0]
 [0 0 8 0 0 3 0 0 0]
 [0 6 0 0 0 7 4 0 0]
 [8 0 0 1 0 0 0 0 7]
 [0 0 9 0 0 0 0 2 0]
 [0 0 0 7 0 0 2 0 4]
 [1 0 0 0 0 4 8 0 5]
 [0 0 0 0 5 0 0 9 0]]
Solution:
[[0 4 5 6 7 9 1 3 8]
 [9 8 3 4 1 2 0 6 7]
 [1 2 6 3 0 5 4 0 9]
 [5 3 4 7 8 0 6 1 0]
 [8 6 1 5 9 4 2 7 3]
 [0 0 7 2 6 3 5 9 0]
 [6 5 8 1 3 7 9 2 4]
 [4 1 2 9 5 0 3 8 6]
 [3 0 9 0 4 8 7 5 1]]
Number of cells unfilled: 12
Accuracy: 85.18518518518519
Sample: 84024
Question:
[[0 8 5 0 4 7 6 1 0]
 [0 4 0 0 0 3 9 8 0]
 [9 0 0 6 0 0 0 0 0]
 [0 0 0 0 7 0 0 0 0]
 [7 0 0 0 0 0 1 9 8]
 [0 3 6 2 0 1 4 5 0]
 [5 9 0 0 3 0 0 7 4]
 [0 0 0 1 2 4 0 0 0]
 [0 6 2 0 0 0 8 0 0]]
Solution:
[[0 4 5 6 7 0 1 3 8]
 [9 7 3 4 1 2 0 6 5]
 [1 2 6 3 0 5 4 7 9]
 [5 3 4 7 8 9 6 1 0]
 [8 6 1 5 0 4 2 0 3]
 [0 0 7 2 6 3 5 9 0]
 [6 5 8 1 3 7 9 2 4]
 [4 1 2 9 5 0 3 8 6]
 [3 0 9 0 4 8 7 5 1]]
Number of cells unfilled: 13
Accuracy: 83.9506172839506
Sample: 84025
Question:
[[5 0 0 0 0 0 2 7 0]
 [1 9 3 0 4 0 8 0 0]
 [0 0 0 0 0 0 0 0 0]
 [0 0 7 4 2 0 0 0 6]
 [6 0 0 3 0 0 0 5 0]
 [0 0 4 0 0 0 0 0 0]
 [0 0 0 0 7 0 0 0 3]
 [9 2 0 0 0 0 1 0 0]
 [0 0 0 0 1 5 0 2 0]]
Solution:
[[0 4 5 6 7 9 1 3 8]
 [9 7 3 4 1 2 0 6 5]
 [1 2 6 3 0 5 4 0 9]
 [5 3 4 7 8 0 6 1 0]
 [8 6 1 5 9 4 2 7 3]
 [0 0 7 2 6 3 5 9 0]
 [6 5 8 1 3 7 9 2 4]
 [4 1 2 9 0 0 3 5 6]
 [3 0 9 0 4 8 7 0 1]]
Number of cells unfilled: 14
Accuracy: 82.71604938271605
Sample: 84026
Question:
[[0 3 0 0 0 7 9 0 0]
 [0 0 1 0 0 0 0 0 4]
 [2 0 0 0 0 0 0 0 6]
 [0 5 0 0 7 0 8 0 0]
 [0 2 0 8 0 3 0 0 0]
 [0 0 0 5 0 0 0 4 0]
 [0 0 6 0 0 5 0 1 0]
 [0 8 0 7 0 0 5 0 0]
 [0 0 2 0 9 0 0 0 0]]
Solution:
[[0 4 5 6 7 9 1 3 8]
 [9 8 3 4 1 2 0 6 5]
 [1 2 6 3 8 5 4 7 9]
 [5 3 0 7 9 0 6 1 0]
 [8 6 1 0 5 4 2 0 3]
 [0 0 4 2 6 3 5 9 7]
 [6 5 8 1 3 7 9 2 4]
 [4 1 2 9 0 0 3 5 6]
 [3 7 9 5 4 8 0 0 1]]
Number of cells unfilled: 13
Accuracy: 83.9506172839506
Sample: 84027
Question:
[[0 0 6 7 0 0 2 0 3]
 [0 0 3 1 2 0 0 0 5]
 [0 2 0 0 0 6 0 7 0]
 [6 0 0 0 0 0 0 0 0]
 [0 9 0 0 1 0 0 0 7]
 [0 0 7 4 0 0 5 0 0]
 [0 0 4 2 0 0 0 5 0]
 [0 8 0 0 0 0 3 0 2]
 [0 0 0 0 0 1 0 0 4]]
Solution:
[[0 4 5 6 7 9 1 3 8]
 [9 8 3 4 1 2 0 6 5]
 [1 2 6 3 8 5 4 7 9]
 [5 3 0 7 9 0 6 1 0]
 [8 6 1 0 5 4 2 0 3]
 [7 0 4 2 6 3 5 9 0]
 [6 5 8 1 3 7 9 2 4]
 [4 1 2 9 0 0 3 8 6]
 [3 7 9 5 4 8 0 0 1]]
Number of cells unfilled: 13
Accuracy: 83.9506172839506
Sample: 84028
Question:
[[0 1 0 0 0 9 0 0 5]
 [0 0 0 6 0 0 0 0 0]
 [0 0 3 0 1 0 2 0 0]
 [0 0 0 0 0 4 0 6 0]
 [0 7 4 0 6 0 1 0 0]
 [0 3 0 0 7 0 5 0 4]
 [0 4 7 0 0 8 0 0 0]
 [0 2 1 0 0 0 0 5 0]
 [3 0 0 0 2 0 4 0 0]]
Solution:
[[0 4 5 6 7 1 0 3 8]
 [9 8 3 4 0 2 1 6 5]
 [1 2 6 3 0 5 4 7 9]
 [5 3 4 7 8 9 6 1 0]
 [8 6 1 0 5 4 2 0 3]
 [0 0 7 2 6 3 5 9 0]
 [6 5 8 1 3 7 9 2 4]
 [4 1 2 9 0 0 3 8 6]
 [3 7 9 5 4 8 0 0 1]]
Number of cells unfilled: 14
Accuracy: 82.71604938271605
Sample: 84029
Question:
[[8 0 2 7 0 0 0 0 0]
 [0 4 0 0 1 0 3 0 0]
 [1 0 0 6 0 0 7 4 0]
 [0 0 0 9 0 1 0 0 5]
 [0 0 6 0 8 0 2 0 0]
 [4 0 0 0 0 0 0 9 8]
 [0 0 1 8 0 9 0 0 0]
 [0 0 0 0 2 0 0 5 0]
 [2 0 0 0 0 7 0 0 0]]
Solution:
[[0 4 5 6 7 9 1 3 8]
 [9 7 3 4 1 2 0 6 5]
 [1 2 6 3 0 5 4 0 9]
 [5 3 4 7 8 0 6 1 0]
 [8 6 1 5 9 4 2 7 3]
 [0 0 7 2 6 3 5 9 0]
 [6 5 8 1 3 7 9 2 4]
 [4 1 2 9 5 0 3 8 6]
 [3 0 9 0 4 8 7 5 1]]
Number of cells unfilled: 12
Accuracy: 85.18518518518519
Sample: 84030
Question:
[[0 6 0 0 8 0 0 4 0]
 [0 0 0 2 9 0 0 0 0]
 [9 0 0 7 0 0 8 0 0]
 [0 8 0 1 0 0 0 0 9]
 [0 4 0 0 0 0 3 5 0]
 [5 0 3 0 0 0 2 0 0]
 [2 0 4 0 0 7 0 0 0]
 [0 9 0 0 0 0 7 1 0]
 [3 0 0 0 0 0 0 0 0]]
Solution:
[[0 4 5 6 7 1 0 3 8]
 [9 7 3 4 0 2 1 6 5]
 [1 2 6 3 0 5 4 7 9]
 [5 3 4 7 8 9 6 1 0]
 [8 6 1 5 0 4 2 0 3]
 [0 0 7 2 6 3 5 9 0]
 [6 5 8 1 3 7 9 2 4]
 [4 1 2 9 0 0 3 5 6]
 [7 0 9 0 4 8 0 0 1]]
Number of cells unfilled: 16
Accuracy: 80.24691358024691
Sample: 84031
Question:
[[2 0 0 0 9 0 0 0 0]
 [0 0 8 5 0 4 0 6 0]
 [0 0 0 0 0 0 0 0 8]
 [0 0 5 3 0 7 0 0 4]
 [0 1 0 0 5 2 0 0 0]
 [3 0 0 9 0 0 0 0 0]
 [0 0 0 0 3 0 0 7 6]
 [0 0 6 7 0 5 8 0 0]
 [0 0 0 0 0 0 0 4 5]]
Solution:
[[0 4 5 6 7 9 1 3 8]
 [9 8 3 4 1 2 0 6 5]
 [1 2 6 3 8 5 4 7 9]
 [5 3 0 7 0 0 6 1 0]
 [8 6 1 0 9 4 2 0 3]
 [7 0 4 2 6 3 5 9 0]
 [6 5 8 1 3 7 9 2 4]
 [4 1 2 9 0 0 3 5 6]
 [3 7 9 5 4 8 0 0 1]]
Number of cells unfilled: 14
Accuracy: 82.71604938271605
Sample: 84032
Question:
[[9 0 0 0 2 0 4 1 0]
 [0 5 0 0 6 0 2 0 7]
 [0 0 1 4 0 0 0 0 9]
 [7 0 0 5 0 0 3 0 1]
 [0 0 0 7 1 0 6 0 0]
 [0 0 0 0 0 3 0 0 0]
 [0 0 0 0 0 0 0 0 5]
 [1 4 0 6 0 0 0 0 0]
 [3 0 0 0 0 9 0 8 0]]
Solution:
[[0 4 5 6 7 9 1 3 8]
 [9 7 3 4 1 2 0 6 5]
 [1 2 6 3 8 5 4 7 9]
 [5 3 4 7 9 0 6 1 0]
 [8 6 1 0 5 4 2 0 3]
 [0 0 7 2 6 3 5 9 0]
 [6 5 8 1 3 7 9 2 4]
 [4 1 2 9 0 0 3 5 6]
 [7 0 9 5 4 8 0 0 1]]
Number of cells unfilled: 14
Accuracy: 82.71604938271605
Sample: 84033
Question:
[[0 0 6 8 0 0 1 0 0]
 [8 0 0 0 0 1 0 0 3]
 [0 1 0 0 5 0 0 9 0]
 [0 4 0 0 0 7 9 0 0]
 [2 0 0 3 0 0 0 0 0]
 [0 0 1 0 4 0 0 5 0]
 [0 7 0 0 0 4 0 1 0]
 [0 0 3 0 2 0 6 0 0]
 [0 0 0 7 0 0 0 0 9]]
Solution:
[[0 4 5 6 7 1 0 3 8]
 [9 7 3 4 0 2 1 6 5]
 [1 2 6 3 0 5 4 0 9]
 [5 3 4 7 8 9 6 1 0]
 [8 6 1 5 0 4 2 7 3]
 [0 0 7 2 6 3 5 9 0]
 [6 5 8 1 3 7 9 2 4]
 [4 1 2 9 0 0 3 5 6]
 [7 0 9 0 4 8 0 0 1]]
Number of cells unfilled: 16
Accuracy: 80.24691358024691
Sample: 84034
Question:
[[0 0 2 8 0 7 4 0 0]
 [0 0 3 0 0 0 0 5 0]
 [8 0 0 0 5 0 0 9 0]
 [9 0 0 0 6 0 0 0 0]
 [0 0 0 0 1 2 0 7 0]
 [4 0 0 7 0 0 0 8 9]
 [0 0 5 0 0 0 0 3 6]
 [0 0 6 0 0 0 0 0 0]
 [7 3 0 0 0 0 8 0 0]]
Solution:
[[0 4 5 6 7 1 0 3 8]
 [9 7 3 4 0 2 1 6 5]
 [1 2 6 3 8 5 4 7 9]
 [5 3 0 7 0 0 6 1 0]
 [8 6 1 5 9 4 2 0 3]
 [0 0 4 2 6 3 5 9 7]
 [6 5 8 1 3 7 9 2 4]
 [4 1 2 9 0 0 3 5 6]
 [7 0 9 0 4 8 0 0 1]]
Number of cells unfilled: 16
Accuracy: 80.24691358024691
Sample: 84035
Question:
[[5 0 0 0 0 8 0 0 0]
 [0 0 8 0 0 0 0 7 6]
 [0 0 0 7 0 4 0 0 2]
 [0 9 0 0 2 0 0 5 0]
 [0 0 0 6 0 3 0 9 7]
 [0 6 0 0 0 1 4 0 8]
 [9 8 0 0 0 0 0 1 0]
 [0 5 6 0 0 0 0 8 0]
 [0 0 3 0 0 0 0 0 0]]
Solution:
[[0 4 5 6 7 0 1 3 8]
 [9 7 3 8 1 2 0 6 5]
 [1 2 6 3 0 5 4 7 9]
 [5 3 4 7 8 9 6 1 0]
 [8 6 1 5 0 4 2 0 3]
 [0 0 7 2 6 3 5 9 0]
 [6 5 8 1 3 7 9 2 4]
 [4 1 2 9 5 0 3 8 6]
 [3 0 9 0 4 8 7 5 1]]
Number of cells unfilled: 13
Accuracy: 83.9506172839506
Sample: 84036
Question:
[[0 0 0 7 0 0 0 0 0]
 [0 0 0 0 9 0 0 0 0]
 [0 9 6 0 0 5 0 0 8]
 [0 6 3 0 0 4 8 0 2]
 [0 0 0 2 0 0 3 0 0]
 [9 0 0 3 0 0 0 1 0]
 [0 4 8 5 0 0 6 2 0]
 [0 5 0 0 0 2 0 8 0]
 [0 0 0 0 4 0 0 0 5]]
Solution:
[[0 0 5 6 7 1 0 3 8]
 [9 4 3 8 0 2 1 6 5]
 [1 2 6 3 0 5 4 0 9]
 [5 3 4 7 8 9 6 1 0]
 [8 6 1 5 0 4 2 7 3]
 [0 0 7 2 6 3 5 9 0]
 [6 5 8 1 3 7 9 2 4]
 [4 1 2 9 0 0 3 5 6]
 [3 0 9 0 4 8 7 0 1]]
Number of cells unfilled: 16
Accuracy: 80.24691358024691
Sample: 84037
Question:
[[4 0 0 0 0 0 0 7 0]
 [0 0 0 0 2 0 0 0 5]
 [0 0 6 7 4 0 0 0 9]
 [1 0 9 0 0 7 0 2 3]
 [0 8 2 0 0 0 0 0 0]
 [0 0 3 0 8 9 0 0 0]
 [0 0 7 0 0 1 0 4 0]
 [0 0 0 0 0 0 0 9 8]
 [0 6 0 5 0 0 0 0 2]]
Solution:
[[0 4 5 6 7 1 0 3 8]
 [9 7 3 4 0 2 1 6 5]
 [1 2 6 3 0 5 4 0 9]
 [5 3 4 7 8 0 6 1 0]
 [8 6 1 5 9 4 2 7 3]
 [0 0 7 2 6 3 5 9 0]
 [6 5 8 1 3 7 9 2 4]
 [4 1 2 9 5 0 3 8 6]
 [7 0 9 0 4 8 0 5 1]]
Number of cells unfilled: 14
Accuracy: 82.71604938271605
Sample: 84038
Question:
[[0 0 0 0 0 0 0 8 3]
 [4 0 0 0 1 8 0 0 6]
 [5 7 0 0 0 0 0 0 0]
 [0 0 5 0 0 0 0 0 0]
 [7 8 0 0 9 0 0 0 1]
 [0 0 0 0 2 0 0 5 4]
 [0 0 1 7 4 0 0 0 0]
 [0 0 0 9 0 3 0 1 5]
 [0 0 3 0 8 0 6 0 0]]
Solution:
[[0 4 5 6 7 9 1 3 8]
 [9 8 3 4 1 2 7 6 5]
 [1 2 6 3 8 5 4 0 9]
 [5 3 4 7 0 0 6 1 0]
 [8 6 1 5 9 4 2 0 3]
 [0 0 7 2 6 3 5 9 0]
 [6 5 8 1 3 7 9 2 4]
 [4 1 2 9 5 0 3 7 6]
 [3 7 9 0 4 8 0 5 1]]
Number of cells unfilled: 12
Accuracy: 85.18518518518519
Sample: 84039
Question:
[[0 0 0 7 0 0 0 0 0]
 [8 0 0 0 3 0 0 0 0]
 [0 0 4 0 8 2 0 0 7]
 [0 0 1 0 9 7 2 0 0]
 [0 0 9 8 0 3 0 0 1]
 [0 5 0 0 0 0 0 0 0]
 [0 6 0 0 0 0 7 0 4]
 [0 0 2 0 7 4 0 1 0]
 [0 0 0 3 0 0 9 0 2]]
Solution:
[[0 4 5 6 7 9 1 3 8]
 [9 8 3 4 1 2 0 6 5]
 [1 2 6 3 8 5 4 7 9]
 [5 3 0 7 0 0 6 1 0]
 [8 6 1 5 9 4 2 0 3]
 [0 0 4 2 6 3 5 9 7]
 [6 5 8 1 3 7 9 2 4]
 [4 1 2 9 5 0 3 8 6]
 [3 0 9 0 4 8 7 5 1]]
Number of cells unfilled: 12
Accuracy: 85.18518518518519
Sample: 84040
Question:
[[0 0 0 6 0 0 0 0 7]
 [9 0 2 0 0 0 0 8 0]
 [4 0 0 0 0 0 0 0 0]
 [2 0 0 0 0 7 3 6 8]
 [0 4 0 8 0 0 0 0 1]
 [0 0 7 0 0 0 0 0 2]
 [0 0 9 0 0 6 2 0 0]
 [0 0 0 0 9 0 0 5 0]
 [6 0 0 0 0 4 0 7 3]]
Solution:
[[0 4 5 6 7 1 0 3 8]
 [9 8 3 4 0 2 1 6 7]
 [1 2 6 3 0 5 4 0 9]
 [5 3 4 7 8 9 6 1 0]
 [8 6 1 5 0 4 2 0 3]
 [0 0 7 2 6 3 5 9 0]
 [6 5 8 1 3 7 9 2 4]
 [4 1 2 9 5 0 3 7 6]
 [3 7 9 0 4 8 0 5 1]]
Number of cells unfilled: 14
Accuracy: 82.71604938271605
Sample: 84041
Question:
[[3 1 0 0 0 7 6 0 8]
 [0 8 0 5 0 0 0 0 0]
 [7 0 0 0 0 3 9 0 0]
 [6 0 0 0 0 9 1 0 0]
 [0 0 0 0 0 0 0 0 6]
 [0 4 1 0 2 0 0 9 0]
 [0 0 0 7 3 0 4 0 0]
 [0 7 0 0 0 4 0 6 9]
 [4 0 0 0 0 0 0 0 0]]
Solution:
[[0 4 5 6 7 9 1 3 8]
 [9 7 3 4 1 2 0 6 5]
 [1 2 6 3 8 5 4 0 9]
 [5 3 0 7 0 0 6 1 0]
 [8 6 1 5 9 4 2 7 3]
 [7 0 4 2 6 3 5 9 0]
 [6 5 8 1 3 7 9 2 4]
 [4 1 2 9 0 0 3 5 6]
 [3 0 9 0 4 8 7 0 1]]
Number of cells unfilled: 14
Accuracy: 82.71604938271605
Sample: 84042
Question:
[[3 0 0 0 0 0 0 0 0]
 [0 8 0 9 0 0 0 0 5]
 [0 0 9 0 0 7 4 0 0]
 [6 0 0 0 0 2 0 0 0]
 [0 0 0 4 0 1 0 2 0]
 [0 4 2 0 9 0 3 0 0]
 [0 0 3 1 0 9 2 7 0]
 [0 0 0 0 7 0 0 0 3]
 [0 0 7 2 0 0 9 0 0]]
Solution:
[[0 4 5 6 7 9 1 3 8]
 [9 7 3 8 1 2 0 6 5]
 [1 2 6 3 0 5 4 0 9]
 [5 3 0 7 8 0 6 1 0]
 [8 6 1 5 9 4 2 7 3]
 [7 0 4 2 6 3 5 9 0]
 [6 5 8 1 3 7 9 2 4]
 [4 1 2 9 0 0 3 5 6]
 [3 0 9 0 4 8 7 0 1]]
Number of cells unfilled: 14
Accuracy: 82.71604938271605
Sample: 84043
Question:
[[2 0 0 5 0 0 6 0 3]
 [0 5 0 0 0 6 0 2 0]
 [0 1 0 0 2 3 0 0 0]
 [0 0 0 0 0 0 8 7 0]
 [0 0 4 9 0 0 0 0 0]
 [1 0 0 0 0 5 9 0 6]
 [9 0 2 0 5 0 3 0 7]
 [0 0 0 0 0 0 0 8 0]
 [0 7 0 3 0 0 0 0 0]]
Solution:
[[0 4 5 6 7 9 1 3 8]
 [9 8 3 4 1 2 0 6 5]
 [1 2 6 3 8 5 4 7 9]
 [5 3 0 7 0 0 6 1 0]
 [8 6 1 0 9 4 2 0 3]
 [7 0 4 2 6 3 5 9 0]
 [6 5 8 1 3 7 9 2 4]
 [4 1 2 9 0 0 3 8 6]
 [3 7 9 5 4 8 0 0 1]]
Number of cells unfilled: 14
Accuracy: 82.71604938271605
Sample: 84044
Question:
[[1 0 0 0 0 5 0 0 0]
 [0 0 7 8 0 0 0 1 0]
 [0 9 0 0 0 4 0 0 0]
 [3 2 0 0 0 9 0 7 0]
 [0 5 0 0 4 0 0 0 0]
 [0 0 1 3 0 0 8 0 0]
 [0 0 0 0 0 0 3 6 0]
 [2 0 0 0 0 0 1 8 0]
 [0 0 3 6 0 0 0 0 7]]
Solution:
[[0 4 5 6 7 1 0 3 8]
 [9 8 3 4 0 2 1 6 5]
 [1 2 6 3 8 5 4 0 9]
 [5 3 0 7 0 9 6 1 0]
 [8 6 1 5 0 4 2 0 3]
 [7 0 4 2 6 3 5 9 0]
 [6 5 8 1 3 7 9 2 4]
 [4 1 2 9 5 0 3 7 6]
 [3 7 9 0 4 8 0 5 1]]
Number of cells unfilled: 14
Accuracy: 82.71604938271605
Sample: 84045
Question:
[[3 0 0 0 0 0 9 0 0]
 [0 0 6 0 7 0 0 2 0]
 [0 5 0 0 0 0 0 0 4]
 [0 0 8 0 0 5 0 7 0]
 [0 1 0 7 6 0 0 0 0]
 [0 0 0 8 2 0 0 0 0]
 [9 0 0 0 0 0 0 0 1]
 [0 0 7 0 5 0 0 8 0]
 [0 4 0 0 0 0 3 0 0]]
Solution:
[[0 4 5 6 7 9 1 3 8]
 [9 8 3 4 1 2 0 6 5]
 [1 2 6 3 8 5 4 7 9]
 [5 3 0 7 0 0 6 1 0]
 [8 6 1 5 9 4 2 0 3]
 [0 0 4 2 6 3 5 9 7]
 [6 5 8 1 3 7 9 2 4]
 [4 1 2 9 5 0 3 8 6]
 [3 0 9 0 4 8 7 5 1]]
Number of cells unfilled: 12
Accuracy: 85.18518518518519
Sample: 84046
Question:
[[9 0 0 0 0 0 4 0 0]
 [0 7 1 0 9 0 3 2 0]
 [0 8 0 1 0 0 0 0 6]
 [6 0 0 0 3 0 8 0 0]
 [8 0 0 9 6 5 0 0 0]
 [3 0 9 2 0 0 0 0 0]
 [0 0 0 3 0 0 0 0 0]
 [0 3 0 0 0 0 6 0 5]
 [0 6 0 0 4 0 2 0 0]]
Solution:
[[0 4 5 6 7 9 1 3 8]
 [9 7 3 4 1 2 0 6 5]
 [1 2 6 3 8 5 4 7 9]
 [5 3 0 7 0 0 6 1 0]
 [8 6 1 5 9 4 2 0 3]
 [0 0 4 2 6 3 5 9 7]
 [6 5 8 1 3 7 9 2 4]
 [4 1 2 9 5 0 3 8 6]
 [3 0 9 0 4 8 7 5 1]]
Number of cells unfilled: 12
Accuracy: 85.18518518518519
Sample: 84047
Question:
[[0 0 0 0 0 0 0 3 0]
 [9 0 0 0 0 0 6 0 4]
 [3 0 4 0 0 8 5 0 0]
 [0 5 0 0 0 0 8 4 0]
 [0 0 0 0 0 3 9 5 0]
 [1 9 0 0 2 0 0 0 6]
 [2 0 0 0 5 0 7 8 0]
 [0 4 0 7 8 0 0 0 0]
 [0 0 0 0 3 1 0 0 0]]
Solution:
[[0 4 5 6 7 1 0 3 8]
 [9 7 3 8 0 2 1 6 5]
 [1 2 6 3 0 5 4 0 9]
 [5 3 0 7 8 0 6 1 0]
 [8 6 1 5 9 4 2 0 3]
 [0 0 4 2 6 3 5 9 7]
 [6 5 8 1 3 7 9 2 4]
 [4 1 2 9 5 0 3 7 6]
 [7 0 9 0 4 8 0 5 1]]
Number of cells unfilled: 15
Accuracy: 81.48148148148148
Sample: 84048
Question:
[[7 8 0 3 0 0 0 0 9]
 [0 5 0 0 8 0 0 3 0]
 [0 0 3 0 0 4 0 0 0]
 [0 0 7 8 0 0 0 5 0]
 [0 6 0 0 1 2 0 0 0]
 [0 0 0 0 0 0 0 0 2]
 [1 0 0 0 0 8 6 0 0]
 [0 4 0 0 7 0 0 0 3]
 [0 0 8 4 0 0 0 9 0]]
Solution:
[[0 4 5 6 7 9 1 3 8]
 [9 8 3 4 1 2 0 6 5]
 [1 2 6 3 8 5 4 7 9]
 [5 3 0 7 9 0 6 1 0]
 [8 6 1 0 5 4 2 0 3]
 [0 0 4 2 6 3 5 9 7]
 [6 5 8 1 3 7 9 2 4]
 [4 1 2 9 0 0 3 8 6]
 [3 7 9 5 4 8 0 0 1]]
Number of cells unfilled: 13
Accuracy: 83.9506172839506
Sample: 84049
Question:
[[8 0 0 3 0 0 1 0 0]
 [0 0 0 0 0 0 0 0 3]
 [0 0 0 0 5 2 0 0 0]
 [0 4 0 0 0 0 0 7 0]
 [1 0 0 5 0 0 9 3 0]
 [9 0 0 8 0 0 5 0 4]
 [0 0 9 0 0 0 6 0 0]
 [6 0 0 0 9 5 0 0 0]
 [0 1 8 6 0 0 0 0 0]]
Solution:
[[0 4 5 6 7 9 1 3 8]
 [9 8 3 4 1 2 0 6 7]
 [1 2 6 3 8 5 4 0 9]
 [5 3 4 7 0 0 6 1 0]
 [8 6 1 5 9 4 2 7 3]
 [0 0 7 2 6 3 5 9 0]
 [6 5 8 1 3 7 9 2 4]
 [4 1 2 9 5 0 3 8 6]
 [3 0 9 0 4 8 7 5 1]]
Number of cells unfilled: 12
Accuracy: 85.18518518518519
Sample: 84050
Question:
[[8 0 0 0 0 0 0 0 0]
 [0 0 0 0 0 0 6 1 0]
 [2 1 0 0 0 5 0 0 9]
 [9 4 0 0 5 0 0 0 2]
 [0 0 1 2 0 0 8 0 0]
 [3 0 0 0 0 4 0 0 0]
 [0 0 3 0 4 6 0 0 0]
 [0 0 0 0 9 0 0 7 0]
 [4 9 0 5 0 0 0 0 6]]
Solution:
[[0 4 5 6 7 1 0 3 8]
 [9 8 3 4 0 2 1 6 5]
 [1 2 6 3 8 5 4 0 9]
 [5 3 4 7 0 9 6 1 0]
 [8 6 1 5 0 4 2 0 3]
 [0 0 7 2 6 3 5 9 0]
 [6 5 8 1 3 7 9 2 4]
 [4 1 2 9 5 0 3 7 6]
 [3 7 9 0 4 8 0 5 1]]
Number of cells unfilled: 14
Accuracy: 82.71604938271605
Sample: 84051
Question:
[[5 0 0 2 0 0 0 0 0]
 [8 0 0 0 0 5 0 0 7]
 [0 7 3 0 0 0 1 0 0]
 [0 3 0 0 0 8 0 6 9]
 [0 0 9 0 0 0 5 7 0]
 [6 0 0 9 4 0 0 0 0]
 [0 6 0 0 9 0 0 8 5]
 [0 0 1 8 0 0 0 0 0]
 [0 0 0 0 0 0 4 2 0]]
Solution:
[[0 4 5 6 7 9 1 3 8]
 [9 7 3 4 1 2 0 6 5]
 [1 2 6 3 0 5 4 0 9]
 [5 3 4 7 8 0 6 1 0]
 [8 6 1 5 9 4 2 7 3]
 [0 0 7 2 6 3 5 9 0]
 [6 5 8 1 3 7 9 2 4]
 [4 1 2 9 5 0 3 8 6]
 [7 0 9 0 4 8 0 5 1]]
Number of cells unfilled: 13
Accuracy: 83.9506172839506
Sample: 84052
Question:
[[0 0 0 8 3 0 7 0 0]
 [0 0 6 0 0 9 0 0 5]
 [4 0 0 0 0 5 0 3 0]
 [0 0 9 0 0 1 0 0 7]
 [0 0 0 4 0 0 0 0 0]
 [0 1 0 0 9 0 8 0 0]
 [0 0 2 1 0 0 5 7 0]
 [7 0 0 0 0 2 6 0 0]
 [0 6 0 9 0 0 0 0 2]]
Solution:
[[0 4 5 6 7 1 0 3 8]
 [9 7 3 4 0 2 1 6 5]
 [1 2 6 3 0 5 4 0 9]
 [5 3 4 7 8 9 6 1 0]
 [8 6 1 5 0 4 2 0 3]
 [0 0 7 2 6 3 5 9 0]
 [6 5 8 1 3 7 9 2 4]
 [4 1 2 9 5 0 3 7 6]
 [7 0 9 0 4 8 0 5 1]]
Number of cells unfilled: 15
Accuracy: 81.48148148148148
Sample: 84053
Question:
[[0 4 3 0 0 8 0 0 5]
 [2 0 0 0 7 0 3 0 0]
 [0 0 7 0 0 0 0 0 9]
 [5 0 6 1 0 0 0 8 0]
 [0 2 0 0 6 0 5 0 3]
 [0 0 0 0 0 5 0 9 0]
 [0 0 2 0 5 0 4 0 0]
 [4 0 0 0 0 6 0 0 0]
 [0 7 0 0 0 0 0 0 1]]
Solution:
[[0 4 5 6 7 9 1 3 8]
 [9 8 3 4 1 2 0 6 5]
 [1 2 6 3 8 5 4 7 9]
 [5 3 0 7 0 0 6 1 0]
 [8 6 1 5 9 4 2 0 3]
 [0 0 4 2 6 3 5 9 7]
 [6 5 8 1 3 7 9 2 4]
 [4 1 2 9 0 0 3 5 6]
 [7 0 9 0 4 8 0 0 1]]
Number of cells unfilled: 15
Accuracy: 81.48148148148148
Sample: 84054
Question:
[[8 4 0 0 0 0 0 7 0]
 [0 0 2 0 9 0 0 0 1]
 [0 0 0 0 0 4 0 6 0]
 [3 0 0 6 0 0 0 0 0]
 [0 8 0 0 0 0 0 3 0]
 [0 0 5 0 1 0 0 0 9]
 [0 0 0 0 0 1 0 0 7]
 [0 2 0 0 7 0 0 9 0]
 [0 0 7 0 0 5 2 0 0]]
Solution:
[[0 4 5 6 7 1 0 3 8]
 [9 8 3 4 0 2 1 6 5]
 [1 2 6 3 0 5 4 0 9]
 [5 3 4 7 8 9 6 1 0]
 [8 6 1 5 0 4 2 0 3]
 [0 0 7 2 6 3 5 9 0]
 [6 5 8 1 3 7 9 2 4]
 [4 1 2 9 5 0 3 7 6]
 [3 7 9 0 4 8 0 5 1]]
Number of cells unfilled: 14
Accuracy: 82.71604938271605
Sample: 84055
Question:
[[0 0 0 0 0 7 5 3 0]
 [0 0 0 6 2 0 0 0 0]
 [0 7 0 0 9 0 0 0 0]
 [1 0 0 0 0 0 0 2 0]
 [5 0 0 0 3 0 0 0 0]
 [0 9 0 8 0 6 4 0 0]
 [4 0 9 0 0 3 1 0 0]
 [0 1 0 0 0 4 9 0 0]
 [0 0 8 0 0 2 0 0 4]]
Solution:
[[0 4 5 6 7 1 0 3 8]
 [9 7 3 8 0 2 1 6 5]
 [1 2 6 3 0 5 4 0 9]
 [5 3 4 7 8 9 6 1 0]
 [8 6 1 5 0 4 2 0 3]
 [0 0 7 2 6 3 5 9 0]
 [6 5 8 1 3 7 9 2 4]
 [4 1 2 9 5 0 3 7 6]
 [7 0 9 0 4 8 0 5 1]]
Number of cells unfilled: 15
Accuracy: 81.48148148148148
Sample: 84056
Question:
[[0 0 0 0 0 0 0 9 0]
 [0 1 5 6 0 0 3 0 0]
 [0 9 0 0 0 0 4 1 5]
 [0 0 3 0 0 0 0 7 0]
 [0 2 0 0 0 0 0 4 0]
 [7 5 0 9 0 0 1 0 6]
 [0 3 0 8 5 0 0 0 0]
 [0 0 0 2 0 4 0 0 0]
 [8 0 0 3 0 7 0 0 4]]
Solution:
[[0 4 5 6 7 9 1 3 8]
 [9 8 3 4 1 2 0 6 5]
 [1 2 6 3 8 5 4 0 9]
 [5 3 0 7 0 0 6 1 0]
 [8 6 1 5 9 4 2 7 3]
 [7 0 4 2 6 3 5 9 0]
 [6 5 8 1 3 7 9 2 4]
 [4 1 2 9 5 0 3 8 6]
 [3 0 9 0 4 8 7 5 1]]
Number of cells unfilled: 12
Accuracy: 85.18518518518519
Sample: 84057
Question:
[[0 0 0 0 4 0 0 0 0]
 [8 0 0 0 0 2 0 5 0]
 [0 7 0 0 0 0 9 0 0]
 [1 0 0 0 0 5 2 8 0]
 [6 0 0 0 2 1 0 9 0]
 [0 0 0 9 0 0 0 0 3]
 [0 1 6 0 0 8 0 0 0]
 [2 0 0 0 5 0 0 0 0]
 [0 0 8 2 0 0 0 6 0]]
Solution:
[[0 4 5 6 7 9 1 3 8]
 [9 8 3 4 1 2 0 6 7]
 [1 2 6 3 0 5 4 0 9]
 [5 3 4 7 8 0 6 1 0]
 [8 6 1 5 9 4 2 7 3]
 [0 0 7 2 6 3 5 9 0]
 [6 5 8 1 3 7 9 2 4]
 [4 1 2 9 5 0 3 8 6]
 [3 0 9 0 4 8 7 5 1]]
Number of cells unfilled: 12
Accuracy: 85.18518518518519
Sample: 84058
Question:
[[0 0 0 7 0 0 0 0 3]
 [0 4 7 0 0 8 2 0 0]
 [0 0 0 4 2 0 0 7 0]
 [0 6 2 0 4 0 9 0 0]
 [0 0 0 0 0 0 0 0 6]
 [5 0 0 0 0 0 0 0 0]
 [0 7 9 2 0 0 8 0 0]
 [0 8 0 0 0 9 0 1 0]
 [6 0 0 0 8 0 0 0 0]]
Solution:
[[0 4 5 6 7 9 1 3 8]
 [9 8 3 4 1 2 0 6 7]
 [1 2 6 3 8 5 4 0 9]
 [5 3 0 7 9 0 6 1 0]
 [8 6 1 0 5 4 2 0 3]
 [7 0 4 2 6 3 5 9 0]
 [6 5 8 1 3 7 9 2 4]
 [4 1 2 9 0 0 3 7 6]
 [3 7 9 5 4 8 0 0 1]]
Number of cells unfilled: 14
Accuracy: 82.71604938271605
Sample: 84059
Question:
[[0 0 0 0 8 5 9 1 0]
 [5 0 2 1 0 0 0 0 0]
 [9 0 0 0 4 0 0 0 5]
 [0 2 0 6 0 0 0 4 0]
 [7 8 0 0 0 0 0 0 0]
 [0 0 0 0 7 0 0 2 0]
 [4 9 0 7 0 0 0 6 0]
 [0 0 0 4 0 0 0 0 1]
 [0 0 0 0 5 0 0 3 0]]
Solution:
[[0 4 5 6 7 9 1 3 8]
 [9 7 3 8 1 2 0 6 5]
 [1 2 6 3 0 5 4 0 9]
 [5 3 4 7 8 0 6 1 0]
 [8 6 1 5 9 4 2 7 3]
 [0 0 7 2 6 3 5 9 0]
 [6 5 8 1 3 7 9 2 4]
 [4 1 2 9 0 0 3 5 6]
 [3 0 9 0 4 8 7 0 1]]
Number of cells unfilled: 14
Accuracy: 82.71604938271605
Sample: 84060
Question:
[[0 0 3 0 0 0 4 0 0]
 [6 0 0 7 0 0 0 0 0]
 [0 9 0 0 0 1 7 0 6]
 [0 0 0 0 0 0 0 0 0]
 [0 6 0 9 0 0 5 0 7]
 [0 0 2 0 6 0 0 4 0]
 [0 5 0 0 7 0 9 0 1]
 [8 0 0 1 0 9 0 0 0]
 [0 0 0 5 0 0 0 0 4]]
Solution:
[[0 4 5 6 7 9 1 3 8]
 [9 8 3 4 1 2 0 6 5]
 [1 2 6 3 8 5 4 7 9]
 [5 3 0 7 0 0 6 1 0]
 [8 6 1 5 9 4 2 0 3]
 [0 0 4 2 6 3 5 9 7]
 [6 5 8 1 3 7 9 2 4]
 [4 1 2 9 5 0 3 8 6]
 [3 0 9 0 4 8 7 5 1]]
Number of cells unfilled: 12
Accuracy: 85.18518518518519
Sample: 84061
Question:
[[0 0 9 0 3 0 2 0 0]
 [0 8 0 0 0 5 0 0 6]
 [0 4 0 0 7 0 0 0 0]
 [1 0 0 3 0 7 0 0 0]
 [0 3 0 0 0 0 8 1 0]
 [0 0 2 0 1 0 4 0 7]
 [0 0 3 4 0 0 0 7 0]
 [0 6 0 0 0 2 0 8 0]
 [0 0 0 0 9 0 0 0 0]]
Solution:
[[0 4 5 6 7 9 1 3 8]
 [9 8 3 4 1 2 0 6 5]
 [1 2 6 3 8 5 4 7 9]
 [5 3 0 7 0 0 6 1 0]
 [8 6 1 5 9 4 2 0 3]
 [0 0 4 2 6 3 5 9 7]
 [6 5 8 1 3 7 9 2 4]
 [4 1 2 9 0 0 3 5 6]
 [7 0 9 0 4 8 0 0 1]]
Number of cells unfilled: 15
Accuracy: 81.48148148148148
Sample: 84062
Question:
[[0 0 2 0 0 8 0 9 0]
 [0 7 0 2 0 0 8 3 0]
 [0 0 0 0 1 0 0 0 2]
 [0 4 0 0 6 0 7 0 0]
 [5 0 0 0 0 0 0 0 0]
 [0 9 7 1 0 0 0 0 3]
 [0 0 9 3 0 0 0 0 8]
 [0 6 0 0 2 4 0 0 0]
 [0 0 0 0 0 0 0 5 0]]
Solution:
[[0 4 5 6 7 9 1 3 8]
 [9 7 3 8 1 2 0 6 5]
 [1 2 6 3 0 5 4 0 9]
 [5 3 4 7 8 0 6 1 0]
 [8 6 1 5 9 4 2 7 3]
 [0 0 7 2 6 3 5 9 0]
 [6 5 8 1 3 7 9 2 4]
 [4 1 2 9 5 0 3 8 6]
 [7 0 9 0 4 8 0 5 1]]
Number of cells unfilled: 13
Accuracy: 83.9506172839506
Sample: 84063
Question:
[[0 1 0 0 0 9 0 7 0]
 [0 0 0 0 7 0 6 0 0]
 [0 0 0 0 0 0 0 0 5]
 [0 2 1 9 0 0 0 8 0]
 [8 0 0 0 2 1 0 0 6]
 [4 0 0 0 8 0 0 0 0]
 [0 0 5 0 0 2 0 0 0]
 [0 8 0 0 9 0 0 1 0]
 [0 7 4 3 0 0 0 0 2]]
Solution:
[[0 4 5 6 7 0 1 3 8]
 [9 7 3 8 1 2 0 6 5]
 [1 2 6 3 0 5 4 7 9]
 [5 3 4 7 8 9 6 1 0]
 [8 6 1 5 0 4 2 0 3]
 [0 0 7 2 6 3 5 9 0]
 [6 5 8 1 3 7 9 2 4]
 [4 1 2 9 0 0 3 5 6]
 [7 0 9 0 4 8 0 0 1]]
Number of cells unfilled: 16
Accuracy: 80.24691358024691
Sample: 84064
Question:
[[0 0 0 0 2 0 0 0 4]
 [0 0 2 7 0 0 1 0 0]
 [0 4 0 3 0 1 0 0 0]
 [0 3 0 0 4 0 2 0 0]
 [0 0 0 0 0 0 0 0 9]
 [0 1 5 0 7 0 4 0 0]
 [0 0 3 6 0 0 0 0 0]
 [0 2 0 0 1 0 3 0 0]
 [8 0 0 0 0 0 0 0 5]]
Solution:
[[0 4 5 6 7 9 1 3 8]
 [9 7 3 4 1 2 0 6 5]
 [1 2 6 3 8 5 4 7 9]
 [5 3 0 7 0 0 6 1 0]
 [8 6 1 5 9 4 2 0 3]
 [0 0 4 2 6 3 5 9 7]
 [6 5 8 1 3 7 9 2 4]
 [4 1 2 9 5 0 3 8 6]
 [3 0 9 0 4 8 7 5 1]]
Number of cells unfilled: 12
Accuracy: 85.18518518518519
Sample: 84065
Question:
[[0 0 0 0 0 0 0 0 0]
 [0 0 0 0 3 6 9 0 0]
 [4 3 0 8 0 0 0 2 0]
 [8 0 3 0 0 7 2 0 0]
 [7 2 0 5 0 0 0 3 0]
 [0 0 0 0 0 0 0 0 7]
 [1 4 0 0 0 5 0 0 2]
 [0 8 0 1 0 0 0 0 5]
 [0 0 0 0 8 4 0 1 0]]
Solution:
[[0 4 5 6 7 9 1 3 8]
 [9 8 3 4 1 2 0 6 5]
 [1 2 6 3 8 5 4 7 9]
 [5 3 4 7 0 0 6 1 0]
 [8 6 1 0 9 4 2 0 3]
 [0 0 7 2 6 3 5 9 0]
 [6 5 8 1 3 7 9 2 4]
 [4 1 2 9 0 0 3 5 6]
 [3 7 9 5 4 8 0 0 1]]
Number of cells unfilled: 14
Accuracy: 82.71604938271605
Sample: 84066
Question:
[[3 0 0 0 0 8 0 0 0]
 [0 0 8 1 0 0 7 0 0]
 [0 0 0 0 4 0 0 8 6]
 [0 5 0 0 0 1 0 0 0]
 [0 0 9 4 0 0 0 7 0]
 [0 0 1 8 0 0 0 9 5]
 [0 0 5 6 0 0 0 0 7]
 [1 0 0 0 0 0 5 0 0]
 [2 0 0 0 0 4 9 6 0]]
Solution:
[[0 4 5 6 7 9 1 3 8]
 [9 8 3 4 1 2 7 6 5]
 [1 2 6 3 8 5 4 0 9]
 [5 3 0 7 9 0 6 1 0]
 [8 6 1 0 5 4 2 0 3]
 [0 0 4 2 6 3 5 9 7]
 [6 5 8 1 3 7 9 2 4]
 [4 1 2 9 0 0 3 7 6]
 [3 7 9 5 4 8 0 0 1]]
Number of cells unfilled: 13
Accuracy: 83.9506172839506
Sample: 84067
Question:
[[0 3 0 0 1 0 5 8 0]
 [0 0 0 0 0 0 0 0 3]
 [0 0 0 3 0 0 6 1 0]
 [0 0 0 0 0 0 0 0 0]
 [0 8 0 6 0 0 0 0 5]
 [5 0 9 0 4 0 0 0 0]
 [0 1 0 5 0 7 4 0 6]
 [0 5 0 1 6 0 0 0 8]
 [7 0 0 0 8 2 0 0 0]]
Solution:
[[0 4 5 6 7 9 1 3 8]
 [9 7 3 4 1 2 0 6 5]
 [1 2 6 3 8 5 4 7 9]
 [5 3 4 7 0 0 6 1 0]
 [8 6 1 5 9 4 2 0 3]
 [0 0 7 2 6 3 5 9 0]
 [6 5 8 1 3 7 9 2 4]
 [4 1 2 9 5 0 3 8 6]
 [3 0 9 0 4 8 7 5 1]]
Number of cells unfilled: 12
Accuracy: 85.18518518518519
Sample: 84068
Question:
[[0 5 0 0 0 6 0 0 0]
 [0 0 7 2 0 0 0 0 5]
 [2 4 0 0 9 0 0 0 0]
 [0 0 3 0 6 0 8 0 0]
 [5 0 0 0 0 0 7 1 0]
 [0 7 0 5 0 0 0 0 4]
 [0 0 0 0 0 8 1 0 0]
 [7 0 0 4 0 0 0 0 3]
 [0 0 0 0 0 0 0 9 0]]
Solution:
[[0 4 5 6 7 9 1 3 8]
 [9 7 3 4 1 2 0 6 5]
 [1 2 6 3 8 5 4 7 9]
 [5 3 0 7 0 0 6 1 0]
 [8 6 1 5 9 4 2 0 3]
 [0 0 4 2 6 3 5 9 7]
 [6 5 8 1 3 7 9 2 4]
 [4 1 2 9 5 0 3 8 6]
 [3 0 9 0 4 8 7 5 1]]
Number of cells unfilled: 12
Accuracy: 85.18518518518519
Sample: 84069
Question:
[[0 0 7 0 0 0 0 0 0]
 [8 0 0 0 2 4 9 0 0]
 [0 9 0 6 0 0 0 0 5]
 [0 0 0 0 0 5 0 3 0]
 [7 0 0 0 0 0 0 0 0]
 [0 0 9 0 7 8 2 0 0]
 [0 0 2 0 0 0 0 1 0]
 [0 7 0 0 4 2 8 0 0]
 [4 0 8 0 0 6 0 0 0]]
Solution:
[[0 4 5 6 7 9 1 3 8]
 [9 8 3 4 1 2 7 6 5]
 [1 2 6 3 0 5 4 0 9]
 [5 3 0 7 8 0 6 1 0]
 [8 6 1 5 9 4 2 0 3]
 [0 0 4 2 6 3 5 9 7]
 [6 5 8 1 3 7 9 2 4]
 [4 1 2 9 5 0 3 7 6]
 [7 0 9 0 4 8 0 5 1]]
Number of cells unfilled: 13
Accuracy: 83.9506172839506
Sample: 84070
Question:
[[0 0 6 0 0 0 0 0 9]
 [0 0 7 0 2 0 0 1 0]
 [1 0 0 3 0 0 4 0 0]
 [9 0 0 2 0 1 0 5 0]
 [6 0 0 5 0 0 9 4 0]
 [0 0 0 0 6 0 0 0 0]
 [3 1 0 6 0 0 0 0 4]
 [0 0 8 0 0 0 5 0 0]
 [0 0 0 0 0 2 1 3 0]]
Solution:
[[0 4 5 6 7 9 1 3 8]
 [9 7 3 4 1 2 0 6 5]
 [1 2 6 3 8 5 4 7 9]
 [5 3 0 7 0 0 6 1 0]
 [8 6 1 5 9 4 2 0 3]
 [0 0 4 2 6 3 5 9 7]
 [6 5 8 1 3 7 9 2 4]
 [4 1 2 9 5 0 3 8 6]
 [3 0 9 0 4 8 7 5 1]]
Number of cells unfilled: 12
Accuracy: 85.18518518518519
Sample: 84071
Question:
[[1 0 4 7 0 0 0 0 0]
 [0 0 0 3 0 6 0 9 0]
 [3 0 0 0 0 0 5 0 1]
 [0 0 0 0 7 2 9 0 0]
 [5 0 8 0 9 0 0 0 0]
 [0 0 7 0 4 0 0 0 0]
 [0 0 1 0 0 0 7 2 0]
 [0 5 0 0 0 4 3 0 0]
 [0 0 0 0 0 0 0 1 4]]
Solution:
[[0 4 5 6 7 9 0 3 8]
 [9 8 3 4 0 2 1 6 5]
 [1 2 6 3 8 5 4 7 9]
 [5 3 0 7 9 0 6 1 0]
 [8 6 1 0 5 4 2 0 3]
 [0 0 4 2 6 3 5 9 7]
 [6 5 8 1 3 7 9 2 4]
 [4 1 2 9 0 0 3 5 6]
 [3 7 9 5 4 8 0 0 1]]
Number of cells unfilled: 14
Accuracy: 82.71604938271605
Sample: 84072
Question:
[[5 0 0 3 0 0 8 0 0]
 [0 1 0 0 0 2 0 0 4]
 [0 7 0 0 5 0 0 0 0]
 [0 0 1 0 0 5 0 0 9]
 [6 0 0 0 3 0 2 0 0]
 [0 4 0 0 0 0 0 7 0]
 [0 0 0 6 8 0 0 0 0]
 [0 0 0 0 0 0 0 9 0]
 [2 0 0 0 0 3 6 0 0]]
Solution:
[[0 4 5 6 7 1 0 3 8]
 [9 8 3 4 0 2 1 6 5]
 [1 2 6 3 0 5 4 0 9]
 [5 3 4 7 8 9 6 1 0]
 [8 6 1 5 0 4 2 0 3]
 [0 0 7 2 6 3 5 9 0]
 [6 5 8 1 3 7 9 2 4]
 [4 1 2 9 5 0 3 7 6]
 [7 0 9 0 4 8 0 5 1]]
Number of cells unfilled: 15
Accuracy: 81.48148148148148
Sample: 84073
Question:
[[6 0 0 1 0 0 0 2 0]
 [8 1 0 2 5 0 0 9 6]
 [0 0 3 0 0 0 0 0 1]
 [9 0 0 4 0 0 0 8 0]
 [0 5 0 0 1 0 0 0 0]
 [0 0 0 0 0 7 0 0 0]
 [4 0 0 0 9 0 2 0 8]
 [0 0 0 0 0 0 0 6 0]
 [0 8 0 6 0 0 9 0 4]]
Solution:
[[0 4 5 6 7 1 0 3 8]
 [9 7 3 4 0 2 1 6 5]
 [1 2 6 3 8 5 4 7 9]
 [5 3 4 7 0 9 6 1 0]
 [8 6 1 5 0 4 2 0 3]
 [0 0 7 2 6 3 5 9 0]
 [6 5 8 1 3 7 9 2 4]
 [4 1 2 9 0 0 3 5 6]
 [3 0 9 0 4 8 7 0 1]]
Number of cells unfilled: 15
Accuracy: 81.48148148148148
Sample: 84074
Question:
[[1 0 0 0 7 0 0 8 0]
 [0 4 0 0 0 0 0 0 9]
 [0 0 3 9 0 0 5 0 0]
 [4 0 0 0 1 0 0 7 0]
 [0 2 0 5 0 0 0 0 0]
 [0 0 0 0 0 0 2 0 3]
 [0 1 4 0 8 0 0 0 0]
 [6 0 0 0 0 0 0 0 8]
 [0 7 0 0 0 4 0 6 0]]
Solution:
[[0 4 5 6 7 9 1 3 8]
 [9 8 3 4 1 2 0 6 5]
 [1 2 6 3 8 5 4 7 9]
 [5 3 0 7 0 0 6 1 0]
 [8 6 1 5 9 4 2 0 3]
 [7 0 4 2 6 3 5 9 0]
 [6 5 8 1 3 7 9 2 4]
 [4 1 2 9 5 0 3 8 6]
 [3 0 9 0 4 8 7 5 1]]
Number of cells unfilled: 12
Accuracy: 85.18518518518519
Sample: 84075
Question:
[[0 4 0 0 6 0 7 0 0]
 [0 0 0 0 0 0 8 0 5]
 [0 5 0 0 0 9 0 2 0]
 [5 0 2 0 0 0 0 0 0]
 [9 0 0 0 7 0 6 0 2]
 [0 1 4 0 0 6 0 0 0]
 [4 0 0 6 0 0 5 9 0]
 [3 0 0 0 0 5 0 7 0]
 [0 0 0 0 0 2 0 0 6]]
Solution:
[[0 4 5 6 7 9 1 3 8]
 [9 8 3 4 1 2 7 6 5]
 [1 2 6 3 8 5 4 0 9]
 [5 3 0 7 0 0 6 1 0]
 [8 6 1 0 9 4 2 7 3]
 [7 0 4 2 6 3 5 9 0]
 [6 5 8 1 3 7 9 2 4]
 [4 1 2 9 0 0 3 5 6]
 [3 7 9 5 4 8 0 0 1]]
Number of cells unfilled: 13
Accuracy: 83.9506172839506
Sample: 84076
Question:
[[0 0 0 0 0 2 0 0 6]
 [8 0 0 0 4 0 7 0 0]
 [0 0 1 5 0 0 0 4 0]
 [0 0 5 2 0 0 0 0 0]
 [0 2 0 0 0 7 8 0 0]
 [4 0 0 0 1 0 0 9 0]
 [7 0 0 0 0 3 4 0 0]
 [0 3 0 0 0 0 0 0 9]
 [0 0 8 0 6 0 0 3 0]]
Solution:
[[0 4 5 6 7 9 1 3 8]
 [9 7 3 4 1 2 0 6 5]
 [1 2 6 3 0 5 4 0 9]
 [5 3 4 7 8 0 6 1 0]
 [8 6 1 5 9 4 2 7 3]
 [0 0 7 2 6 3 5 9 0]
 [6 5 8 1 3 7 9 2 4]
 [4 1 2 9 0 0 3 5 6]
 [7 0 9 0 4 8 0 0 1]]
Number of cells unfilled: 15
Accuracy: 81.48148148148148
Sample: 84077
Question:
[[0 0 0 0 0 0 0 0 0]
 [0 0 0 0 5 0 8 1 0]
 [0 0 1 0 0 0 9 5 2]
 [0 0 9 0 2 0 0 0 1]
 [3 0 0 0 0 7 0 0 0]
 [0 6 0 0 0 8 3 0 0]
 [7 0 0 6 0 0 0 4 0]
 [0 4 0 0 0 2 0 0 0]
 [0 0 5 0 8 0 0 0 9]]
Solution:
[[0 4 5 6 7 1 0 3 8]
 [9 7 3 4 0 2 1 6 5]
 [1 2 6 3 8 5 4 0 9]
 [5 3 0 7 0 0 6 1 0]
 [8 6 1 5 9 4 2 0 3]
 [0 0 4 2 6 3 5 9 7]
 [6 5 8 1 3 7 9 2 4]
 [4 1 2 9 5 0 3 7 6]
 [7 0 9 0 4 8 0 5 1]]
Number of cells unfilled: 15
Accuracy: 81.48148148148148
Sample: 84078
Question:
[[6 0 0 0 0 1 0 2 3]
 [0 3 0 9 6 0 0 1 0]
 [0 0 0 4 0 0 0 0 0]
 [0 0 2 3 0 0 5 0 6]
 [0 0 0 0 2 9 0 0 8]
 [0 0 0 0 0 0 0 0 0]
 [0 0 3 0 9 0 0 0 0]
 [0 1 0 6 0 3 8 0 4]
 [0 4 0 0 0 5 7 0 0]]
Solution:
[[0 4 5 6 7 9 1 3 8]
 [9 8 3 4 1 2 0 6 5]
 [1 2 6 3 8 5 4 7 9]
 [5 3 0 7 0 0 6 1 0]
 [8 6 1 5 9 4 2 0 3]
 [0 0 4 2 6 3 5 9 7]
 [6 5 8 1 3 7 9 2 4]
 [4 1 2 9 0 0 3 5 6]
 [7 0 9 0 4 8 0 0 1]]
Number of cells unfilled: 15
Accuracy: 81.48148148148148
Sample: 84079
Question:
[[0 0 8 0 0 0 0 0 9]
 [0 0 0 6 0 0 0 0 3]
 [0 6 3 8 9 7 0 2 0]
 [0 0 7 0 4 0 2 0 5]
 [0 0 2 0 1 8 0 0 0]
 [6 0 0 0 0 9 0 3 0]
 [0 0 0 0 0 0 7 0 0]
 [2 0 6 0 0 3 0 0 1]
 [0 0 0 4 2 1 0 8 0]]
Solution:
[[0 4 5 6 7 9 1 3 8]
 [9 7 3 4 1 2 0 6 5]
 [1 2 6 3 8 5 4 0 9]
 [5 3 4 7 0 0 6 1 0]
 [8 6 1 5 9 4 2 0 3]
 [0 0 7 2 6 3 5 9 0]
 [6 5 8 1 3 7 9 2 4]
 [4 1 2 9 5 0 3 7 6]
 [7 0 9 0 4 8 0 5 1]]
Number of cells unfilled: 14
Accuracy: 82.71604938271605
Sample: 84080
Question:
[[0 0 0 6 0 0 7 8 0]
 [1 0 0 0 0 0 6 0 4]
 [0 0 3 0 0 4 0 2 0]
 [0 8 0 3 0 0 0 0 0]
 [0 2 7 0 9 8 4 0 0]
 [9 0 0 0 0 0 0 0 0]
 [0 0 0 0 0 0 1 6 9]
 [0 1 0 5 0 0 8 0 0]
 [4 0 0 0 0 6 0 0 2]]
Solution:
[[0 4 5 6 7 9 1 3 8]
 [9 8 3 4 1 2 0 6 5]
 [1 2 6 3 8 5 4 7 9]
 [5 3 0 7 0 0 6 1 0]
 [8 6 1 5 9 4 2 0 3]
 [0 0 4 2 6 3 5 9 7]
 [6 5 8 1 3 7 9 2 4]
 [4 1 2 9 0 0 3 5 6]
 [3 7 9 0 4 8 0 0 1]]
Number of cells unfilled: 14
Accuracy: 82.71604938271605
Sample: 84081
Question:
[[0 0 0 0 0 8 0 0 0]
 [0 0 0 0 0 4 0 6 3]
 [8 4 0 6 0 0 0 0 0]
 [0 7 0 0 1 3 0 0 2]
 [6 0 0 7 0 0 0 8 0]
 [0 2 5 0 6 0 0 7 0]
 [7 3 0 0 0 1 0 4 0]
 [0 0 9 0 0 0 0 0 0]
 [5 6 0 3 0 0 9 0 0]]
Solution:
[[0 4 5 6 7 1 0 3 8]
 [9 7 3 8 0 2 1 6 5]
 [1 2 6 3 0 5 4 0 9]
 [5 3 4 7 8 9 6 1 0]
 [8 6 1 5 0 4 2 7 3]
 [0 0 7 2 6 3 5 9 0]
 [6 5 8 1 3 7 9 2 4]
 [4 1 2 9 0 0 3 5 6]
 [7 0 9 0 4 8 0 0 1]]
Number of cells unfilled: 16
Accuracy: 80.24691358024691
Sample: 84082
Question:
[[1 0 0 0 7 0 0 0 0]
 [0 0 3 0 0 2 1 0 5]
 [0 9 0 0 0 0 0 4 0]
 [0 0 8 0 0 6 0 0 0]
 [0 0 6 0 1 0 3 0 8]
 [7 1 0 0 0 0 0 0 0]
 [0 0 0 0 0 8 5 0 3]
 [0 0 0 5 0 0 6 0 0]
 [0 0 0 0 4 0 0 9 0]]
Solution:
[[0 4 5 6 7 9 1 3 8]
 [9 8 3 4 1 2 0 6 5]
 [1 2 6 3 0 5 4 0 9]
 [5 3 4 7 8 0 6 1 0]
 [8 6 1 5 9 4 2 7 3]
 [0 0 7 2 6 3 5 9 0]
 [6 5 8 1 3 7 9 2 4]
 [4 1 2 9 0 0 3 5 6]
 [3 0 9 0 4 8 7 0 1]]
Number of cells unfilled: 14
Accuracy: 82.71604938271605
Sample: 84083
Question:
[[9 0 0 0 5 0 2 4 0]
 [0 1 0 0 0 9 0 5 0]
 [0 0 5 4 0 3 0 0 0]
 [0 0 6 0 3 0 0 0 0]
 [0 0 0 0 4 8 0 0 6]
 [0 0 0 6 0 0 7 0 0]
 [0 5 0 0 7 0 0 9 0]
 [2 0 0 0 0 0 1 0 0]
 [0 0 8 3 0 0 0 0 2]]
Solution:
[[0 4 5 6 7 1 0 3 8]
 [9 8 3 4 0 2 1 6 5]
 [1 2 6 3 8 5 4 7 9]
 [5 3 0 7 0 9 6 1 0]
 [8 6 1 0 5 4 2 0 3]
 [0 0 4 2 6 3 5 9 7]
 [6 5 8 1 3 7 9 2 4]
 [4 1 2 9 0 0 3 5 6]
 [3 0 9 5 4 8 7 0 1]]
Number of cells unfilled: 14
Accuracy: 82.71604938271605
Sample: 84084
Question:
[[0 0 0 0 0 0 0 0 8]
 [6 8 0 5 0 0 0 0 9]
 [2 7 0 9 0 0 0 6 0]
 [0 9 0 0 0 0 0 0 0]
 [0 0 2 0 0 0 0 0 0]
 [0 3 4 0 0 0 5 0 0]
 [0 0 0 0 0 1 3 0 0]
 [7 0 0 3 8 0 0 0 6]
 [0 0 0 0 0 2 7 0 5]]
Solution:
[[0 4 5 6 7 1 0 3 8]
 [9 8 3 4 0 2 1 6 5]
 [1 2 6 3 0 5 4 0 9]
 [5 3 4 7 8 9 6 1 0]
 [8 6 1 5 0 4 2 0 3]
 [0 0 7 2 6 3 5 9 0]
 [6 5 8 1 3 7 9 2 4]
 [4 1 2 9 5 0 3 7 6]
 [3 7 9 0 4 8 0 5 1]]
Number of cells unfilled: 14
Accuracy: 82.71604938271605
Sample: 84085
Question:
[[0 0 2 0 4 0 6 0 0]
 [0 1 0 3 0 0 0 0 8]
 [8 0 6 1 0 0 0 0 5]
 [0 5 0 9 0 0 3 8 0]
 [0 0 0 0 5 1 0 0 9]
 [9 0 0 0 0 3 0 0 0]
 [1 0 0 5 0 0 0 0 3]
 [0 4 0 0 0 0 0 0 0]
 [0 0 0 0 0 0 0 7 0]]
Solution:
[[0 4 5 6 7 9 1 3 8]
 [9 8 3 4 1 2 7 6 5]
 [1 2 6 3 0 5 4 0 9]
 [5 3 4 7 8 0 6 1 0]
 [8 6 1 5 9 4 2 0 3]
 [0 0 7 2 6 3 5 9 0]
 [6 5 8 1 3 7 9 2 4]
 [4 1 2 9 5 0 3 7 6]
 [7 0 9 0 4 8 0 5 1]]
Number of cells unfilled: 13
Accuracy: 83.9506172839506
Sample: 84086
Question:
[[4 8 0 0 2 0 0 0 0]
 [0 3 0 1 0 0 0 2 0]
 [0 0 2 0 6 0 0 0 5]
 [0 0 0 0 3 0 7 0 0]
 [0 6 3 0 0 1 0 9 0]
 [8 0 0 0 0 0 0 0 0]
 [0 0 0 9 0 2 0 0 0]
 [5 0 0 0 0 6 0 0 0]
 [0 2 9 0 1 0 0 6 0]]
Solution:
[[0 4 5 6 7 1 0 3 8]
 [9 8 3 4 0 2 1 6 7]
 [1 2 6 3 0 5 4 0 9]
 [5 3 4 7 8 9 6 1 0]
 [8 6 1 5 0 4 2 7 3]
 [0 0 7 2 6 3 5 9 0]
 [6 5 8 1 3 7 9 2 4]
 [4 1 2 9 0 0 3 5 6]
 [3 7 9 0 4 8 0 0 1]]
Number of cells unfilled: 15
Accuracy: 81.48148148148148
Sample: 84087
Question:
[[0 1 8 0 0 0 5 6 0]
 [0 7 0 4 5 0 0 0 8]
 [5 2 0 0 8 6 0 0 4]
 [0 0 0 5 7 0 6 0 0]
 [0 0 0 0 0 0 0 0 0]
 [7 0 0 0 0 0 2 5 9]
 [0 8 0 0 0 0 0 0 1]
 [0 0 0 0 9 0 3 4 0]
 [0 3 0 0 4 0 0 9 0]]
Solution:
[[0 4 5 6 7 1 0 3 8]
 [9 8 3 4 0 2 7 6 5]
 [1 2 6 3 0 5 4 0 9]
 [5 3 4 7 8 9 6 1 0]
 [8 6 1 5 0 4 2 0 3]
 [0 0 7 2 6 3 5 9 0]
 [6 5 8 1 3 7 9 2 4]
 [4 1 2 9 5 0 3 7 6]
 [7 0 9 0 4 8 0 5 1]]
Number of cells unfilled: 15
Accuracy: 81.48148148148148
Sample: 84088
Question:
[[6 0 0 0 0 9 0 0 0]
 [0 0 3 2 0 0 5 0 0]
 [0 4 2 0 7 0 0 0 9]
 [0 0 0 0 0 7 0 0 0]
 [0 5 0 8 0 0 0 0 1]
 [0 0 4 0 1 0 3 0 0]
 [0 8 0 0 3 0 9 0 0]
 [4 0 0 0 0 0 0 6 0]
 [0 0 9 1 0 0 0 0 2]]
Solution:
[[0 4 5 6 7 9 1 3 8]
 [9 8 3 4 1 2 7 6 5]
 [1 2 6 3 8 5 4 0 9]
 [5 3 0 7 0 0 6 1 0]
 [8 6 1 0 9 4 2 0 3]
 [0 0 4 2 6 3 5 9 7]
 [6 5 8 1 3 7 9 2 4]
 [4 1 2 9 0 0 3 7 6]
 [3 7 9 5 4 8 0 0 1]]
Number of cells unfilled: 14
Accuracy: 82.71604938271605
Sample: 84089
Question:
[[4 0 0 1 9 0 7 0 0]
 [0 0 0 0 4 5 6 0 0]
 [0 8 0 0 0 7 0 0 0]
 [0 0 0 0 0 0 8 6 4]
 [0 0 0 0 5 0 0 0 9]
 [0 0 2 0 0 0 0 1 0]
 [7 0 8 0 0 3 9 5 0]
 [0 3 0 6 7 0 0 0 2]
 [0 1 0 0 0 2 0 0 0]]
Solution:
[[0 4 5 6 7 9 1 3 8]
 [9 8 3 4 1 2 0 6 5]
 [1 2 6 3 0 5 4 0 9]
 [5 3 4 7 8 0 6 1 0]
 [8 6 1 5 9 4 2 7 3]
 [0 0 7 2 6 3 5 9 0]
 [6 5 8 1 3 7 9 2 4]
 [4 1 2 9 0 0 3 5 6]
 [3 0 9 0 4 8 7 0 1]]
Number of cells unfilled: 14
Accuracy: 82.71604938271605
Sample: 84090
Question:
[[6 0 0 0 0 0 1 7 5]
 [0 0 0 0 0 1 0 0 9]
 [0 9 0 2 0 7 0 0 0]
 [0 3 0 6 0 0 7 0 0]
 [0 0 0 0 0 4 8 0 0]
 [7 0 4 9 0 0 0 6 0]
 [0 0 0 0 0 2 3 0 0]
 [1 5 2 0 8 0 0 0 0]
 [0 0 3 0 0 0 5 0 0]]
Solution:
[[0 4 5 6 7 1 0 3 8]
 [9 8 3 4 0 2 1 6 5]
 [1 2 6 3 8 5 4 7 9]
 [5 3 0 7 0 0 6 1 0]
 [8 6 1 5 9 4 2 0 3]
 [0 0 4 2 6 3 5 9 7]
 [6 5 8 1 3 7 9 2 4]
 [4 1 2 9 5 0 3 8 6]
 [7 0 9 0 4 8 0 5 1]]
Number of cells unfilled: 14
Accuracy: 82.71604938271605
Sample: 84091
Question:
[[0 0 0 0 0 0 1 0 0]
 [0 0 0 0 4 0 0 5 3]
 [5 0 0 7 2 0 0 0 0]
 [0 0 0 0 5 8 0 0 0]
 [0 0 0 0 0 0 0 6 7]
 [4 8 0 0 0 0 0 9 0]
 [1 0 0 0 0 6 0 2 0]
 [0 0 7 0 0 0 9 0 0]
 [0 5 0 0 3 0 0 8 4]]
Solution:
[[0 4 5 6 7 9 1 3 8]
 [9 8 3 4 1 2 0 6 5]
 [1 2 6 3 0 5 4 0 9]
 [5 3 4 7 8 0 6 1 0]
 [8 6 1 5 9 4 2 7 3]
 [0 0 7 2 6 3 5 9 0]
 [6 5 8 1 3 7 9 2 4]
 [4 1 2 9 0 0 3 5 6]
 [3 0 9 0 4 8 7 0 1]]
Number of cells unfilled: 14
Accuracy: 82.71604938271605
Sample: 84092
Question:
[[0 5 0 0 0 7 2 0 0]
 [6 0 0 4 0 0 0 5 0]
 [0 0 8 0 5 0 0 0 3]
 [0 0 1 8 6 0 0 0 0]
 [0 0 4 0 0 0 0 0 2]
 [5 0 0 0 0 4 0 8 0]
 [0 0 0 0 0 9 0 0 1]
 [0 3 6 7 0 0 0 0 0]
 [9 0 0 0 4 0 0 7 0]]
Solution:
[[0 4 5 6 7 9 1 3 8]
 [9 8 3 4 1 2 0 6 5]
 [1 2 6 3 8 5 4 0 9]
 [5 3 4 7 0 0 6 1 0]
 [8 6 1 5 9 4 2 7 3]
 [0 0 7 2 6 3 5 9 0]
 [6 5 8 1 3 7 9 2 4]
 [4 1 2 9 0 0 3 5 6]
 [3 0 9 0 4 8 7 0 1]]
Number of cells unfilled: 14
Accuracy: 82.71604938271605
Sample: 84093
Question:
[[0 9 2 3 0 0 0 5 0]
 [7 4 0 0 0 0 0 0 0]
 [0 3 0 1 0 0 0 0 0]
 [0 0 5 8 0 0 0 0 0]
 [0 0 0 0 0 0 1 0 2]
 [8 7 0 0 0 4 0 0 0]
 [0 0 6 0 7 0 2 0 0]
 [4 8 9 0 0 0 3 0 0]
 [3 0 0 0 8 0 0 0 4]]
Solution:
[[0 4 5 6 7 9 1 3 8]
 [9 7 3 8 1 2 0 6 5]
 [1 2 6 3 0 5 4 7 9]
 [5 3 0 7 9 0 6 1 0]
 [8 6 1 0 5 4 2 0 3]
 [0 0 4 2 6 3 5 9 7]
 [6 5 8 1 3 7 9 2 4]
 [4 1 2 9 0 0 3 5 6]
 [3 0 9 5 4 8 7 0 1]]
Number of cells unfilled: 14
Accuracy: 82.71604938271605
Sample: 84094
Question:
[[0 6 0 0 0 0 0 8 2]
 [0 0 0 0 6 0 0 0 0]
 [4 8 0 0 0 0 3 0 0]
 [0 3 8 4 0 0 0 0 9]
 [9 0 0 5 0 0 0 2 0]
 [0 0 4 0 2 0 0 0 7]
 [0 0 9 1 0 8 0 0 5]
 [0 0 0 0 0 2 0 0 0]
 [8 0 3 0 7 0 0 0 0]]
Solution:
[[0 4 5 6 7 1 0 3 8]
 [9 8 3 4 0 2 1 6 5]
 [1 2 6 3 0 5 4 7 9]
 [5 3 4 7 8 9 6 1 0]
 [8 6 1 0 5 4 2 0 3]
 [0 0 7 2 6 3 5 9 0]
 [6 5 8 1 3 7 9 2 4]
 [4 1 2 9 0 0 3 5 6]
 [7 0 9 5 4 8 0 0 1]]
Number of cells unfilled: 15
Accuracy: 81.48148148148148
Sample: 84095
Question:
[[6 0 0 0 0 0 8 0 0]
 [0 0 0 0 0 0 0 7 0]
 [0 3 0 5 0 0 0 0 1]
 [0 0 6 1 5 0 0 0 0]
 [0 0 0 2 9 0 0 4 0]
 [0 2 0 0 0 3 9 0 5]
 [7 0 0 0 0 0 4 0 0]
 [0 5 0 0 2 0 0 0 9]
 [0 0 9 3 0 0 0 8 0]]
Solution:
[[0 4 5 6 7 9 1 3 8]
 [9 8 3 4 1 2 0 6 7]
 [1 2 6 3 8 5 4 0 9]
 [5 3 0 7 0 0 6 1 0]
 [8 6 1 5 9 4 2 7 3]
 [7 0 4 2 6 3 5 9 0]
 [6 5 8 1 3 7 9 2 4]
 [4 1 2 9 0 0 3 5 6]
 [3 0 9 0 4 8 7 0 1]]
Number of cells unfilled: 14
Accuracy: 82.71604938271605
Sample: 84096
Question:
[[0 2 0 1 0 9 0 0 4]
 [0 5 0 8 0 0 0 0 1]
 [0 0 0 0 0 5 9 3 0]
 [0 1 0 0 8 7 2 4 0]
 [0 0 0 0 1 0 0 0 7]
 [0 0 0 4 0 0 0 0 0]
 [0 0 2 0 0 1 0 6 0]
 [0 4 0 7 0 0 0 0 2]
 [0 0 5 0 0 0 0 7 0]]
Solution:
[[0 4 5 6 7 1 0 3 8]
 [9 7 3 4 0 2 1 6 5]
 [1 2 6 3 8 5 4 7 9]
 [5 3 4 7 0 9 6 1 0]
 [8 6 1 0 5 4 2 0 3]
 [0 0 7 2 6 3 5 9 0]
 [6 5 8 1 3 7 9 2 4]
 [4 1 2 9 0 0 3 5 6]
 [7 0 9 5 4 8 0 0 1]]
Number of cells unfilled: 15
Accuracy: 81.48148148148148
Sample: 84097
Question:
[[7 0 0 6 4 2 0 0 0]
 [0 0 4 7 3 0 0 6 0]
 [0 0 0 0 0 0 0 0 0]
 [4 0 0 0 0 7 0 2 0]
 [0 8 0 0 0 0 9 0 0]
 [0 0 1 0 0 0 0 0 5]
 [0 0 9 0 0 0 1 0 0]
 [0 0 0 0 5 0 0 0 8]
 [2 0 0 0 0 4 0 3 0]]
Solution:
[[0 4 5 6 7 9 1 3 8]
 [9 7 3 4 1 2 0 6 5]
 [1 2 6 3 0 5 4 0 9]
 [5 3 4 7 8 0 6 1 0]
 [8 6 1 5 9 4 2 7 3]
 [0 0 7 2 6 3 5 9 0]
 [6 5 8 1 3 7 9 2 4]
 [4 1 2 9 0 0 3 5 6]
 [3 0 9 0 4 8 7 0 1]]
Number of cells unfilled: 14
Accuracy: 82.71604938271605
Sample: 84098
Question:
[[1 0 9 0 0 0 0 0 0]
 [0 0 8 0 6 0 0 0 0]
 [0 0 0 0 0 7 5 6 0]
 [0 0 0 0 8 0 0 0 0]
 [4 0 0 0 0 0 3 0 0]
 [0 0 0 6 9 0 0 0 5]
 [0 0 0 0 0 0 0 0 9]
 [0 0 0 0 0 0 0 1 0]
 [3 0 0 0 0 4 0 0 0]]
Solution:
[[0 4 5 6 7 9 1 3 8]
 [9 8 3 4 1 2 7 6 5]
 [1 2 6 3 8 5 4 0 9]
 [5 3 0 7 0 0 6 1 0]
 [8 6 1 0 9 4 2 0 3]
 [7 0 4 2 6 3 5 9 0]
 [6 5 8 1 3 7 9 2 4]
 [4 1 2 9 0 0 3 7 6]
 [3 7 9 5 4 8 0 0 1]]
Number of cells unfilled: 14
Accuracy: 82.71604938271605
Sample: 84099
Question:
[[8 6 0 0 0 0 0 0 0]
 [0 0 0 0 0 1 0 8 0]
 [7 5 0 0 0 0 3 9 0]
 [0 0 0 3 0 0 0 0 8]
 [0 0 0 0 4 5 0 0 2]
 [0 1 0 0 0 0 0 0 0]
 [6 0 0 0 0 7 5 0 0]
 [0 4 0 0 0 9 0 6 0]
 [0 0 9 5 0 0 2 0 1]]
Solution:
[[0 4 5 6 7 9 1 3 8]
 [9 7 3 8 1 2 0 6 5]
 [1 2 6 3 0 5 4 0 9]
 [5 3 4 7 8 0 6 1 0]
 [8 6 1 5 9 4 2 7 3]
 [0 0 7 2 6 3 5 9 0]
 [6 5 8 1 3 7 9 2 4]
 [4 1 2 9 0 0 3 5 6]
 [3 0 9 0 4 8 7 0 1]]
Number of cells unfilled: 14
Accuracy: 82.71604938271605
Sample: 84100
Question:
[[0 0 5 0 7 0 0 0 8]
 [0 0 3 0 0 0 0 6 0]
 [0 2 6 0 0 5 4 0 9]
 [0 0 0 7 0 0 0 1 0]
 [0 6 1 0 0 0 2 0 0]
 [0 0 0 0 0 3 0 9 0]
 [0 5 0 0 3 7 0 0 0]
 [4 1 0 9 0 0 0 0 0]
 [0 0 9 0 4 8 0 0 1]]
Solution:
[[0 4 5 6 7 9 1 3 8]
 [9 7 3 4 1 2 0 6 5]
 [1 2 6 3 8 5 4 7 9]
 [5 3 4 7 0 0 6 1 0]
 [8 6 1 5 9 4 2 0 3]
 [0 0 7 2 6 3 5 9 0]
 [6 5 8 1 3 7 9 2 4]
 [4 1 2 9 5 0 3 8 6]
 [3 0 9 0 4 8 7 5 1]]
Number of cells unfilled: 12
Accuracy: 85.18518518518519
