2025-10-22 16:37:46.946013: I tensorflow/core/util/port.cc:153] oneDNN custom operations are on. You may see slightly different numerical results due to floating-point round-off errors from different computation orders. To turn them off, set the environment variable `TF_ENABLE_ONEDNN_OPTS=0`.
2025-10-22 16:37:47.641395: I tensorflow/core/platform/cpu_feature_guard.cc:210] This TensorFlow binary is optimized to use available CPU instructions in performance-critical operations.
To enable the following instructions: AVX2 AVX512F AVX512_VNNI FMA, in other operations, rebuild TensorFlow with the appropriate compiler flags.
2025-10-22 16:37:52.631416: I tensorflow/core/util/port.cc:153] oneDNN custom operations are on. You may see slightly different numerical results due to floating-point round-off errors from different computation orders. To turn them off, set the environment variable `TF_ENABLE_ONEDNN_OPTS=0`.
2025-10-22 16:37:58.812627: E external/local_xla/xla/stream_executor/cuda/cuda_platform.cc:51] failed call to cuInit: INTERNAL: CUDA error: Failed call to cuInit: UNKNOWN ERROR (303)
Sample: 85301
Question:
[[5 0 0 2 0 8 1 0 0]
 [0 0 1 7 0 0 4 8 0]
 [0 8 0 0 0 0 0 0 0]
 [0 0 8 0 7 0 3 0 0]
 [0 0 6 0 0 5 0 0 0]
 [0 2 9 1 0 0 0 0 0]
 [7 0 4 0 0 0 0 3 0]
 [0 0 0 0 2 0 0 4 5]
 [0 0 0 0 0 3 0 6 0]]
Solution:
[[7 3 0 9 1 5 6 4 0]
 [4 8 9 3 2 6 1 7 5]
 [1 5 6 7 0 4 0 2 8]
 [5 0 7 0 0 9 8 6 2]
 [8 6 2 5 4 1 3 9 7]
 [9 1 4 2 6 3 5 0 0]
 [2 9 5 4 0 0 7 3 1]
 [6 7 0 1 3 8 9 5 4]
 [0 4 3 6 9 2 0 8 0]]
Number of cells unfilled: 15
Accuracy: 81.48148148148148
Sample: 85302
Question:
[[0 0 0 0 0 6 0 1 0]
 [0 0 0 9 0 0 0 0 4]
 [0 0 2 0 5 0 7 0 0]
 [0 0 0 0 0 4 0 9 0]
 [0 7 0 0 2 0 8 0 0]
 [0 0 0 1 0 0 0 0 6]
 [0 3 7 0 8 0 0 0 0]
 [9 0 8 0 0 0 0 0 0]
 [2 6 0 0 0 0 5 0 0]]
Solution:
[[7 3 0 8 1 5 6 4 9]
 [4 8 9 3 2 6 1 7 5]
 [1 5 6 7 0 4 0 2 8]
 [5 0 7 9 0 0 8 6 2]
 [8 6 2 5 4 1 3 9 7]
 [9 1 4 2 6 3 5 0 0]
 [2 9 5 4 0 0 7 3 1]
 [6 7 0 1 3 8 9 5 4]
 [0 4 3 6 9 2 0 8 0]]
Number of cells unfilled: 14
Accuracy: 82.71604938271605
Sample: 85303
Question:
[[0 0 0 0 0 0 9 0 0]
 [9 0 0 0 0 0 3 0 8]
 [0 0 0 0 0 1 0 0 0]
 [0 0 0 0 0 5 0 6 0]
 [0 0 3 0 0 0 0 0 0]
 [0 1 2 0 0 0 7 0 0]
 [0 4 0 0 8 0 0 0 0]
 [0 0 0 3 0 0 0 0 0]
 [5 6 0 0 0 0 0 1 0]]
Solution:
[[7 3 0 8 1 5 6 4 9]
 [4 8 9 3 2 6 1 7 5]
 [1 5 6 7 0 4 0 2 8]
 [5 0 7 0 0 9 8 6 2]
 [8 6 2 5 4 1 3 9 7]
 [9 1 4 2 6 3 5 0 0]
 [2 9 5 4 0 0 7 3 1]
 [6 7 0 1 3 8 9 5 4]
 [0 4 3 6 9 2 0 8 0]]
Number of cells unfilled: 14
Accuracy: 82.71604938271605
Sample: 85304
Question:
[[6 1 0 7 0 0 0 2 0]
 [0 0 0 0 0 6 7 0 0]
 [7 0 2 0 0 0 0 0 0]
 [0 0 4 0 0 0 0 3 0]
 [1 0 0 9 0 0 2 0 0]
 [0 0 0 0 3 0 0 1 9]
 [0 0 0 0 6 8 3 0 0]
 [3 6 0 1 0 0 0 0 2]
 [0 0 5 0 0 0 1 6 0]]
Solution:
[[7 3 0 8 1 5 6 4 9]
 [4 8 9 3 2 6 1 7 5]
 [1 5 6 7 0 4 0 2 8]
 [5 0 7 9 0 0 8 6 2]
 [8 6 2 5 4 1 3 9 7]
 [9 1 4 2 6 3 5 0 0]
 [2 9 5 4 0 0 7 3 1]
 [6 7 0 1 3 8 9 5 4]
 [0 4 3 6 9 2 0 8 0]]
Number of cells unfilled: 14
Accuracy: 82.71604938271605
Sample: 85305
Question:
[[0 6 0 0 0 0 0 0 9]
 [0 9 0 2 0 0 3 6 0]
 [0 0 0 0 0 0 5 2 0]
 [0 0 4 3 0 0 1 0 0]
 [3 0 9 4 0 0 0 8 2]
 [0 0 0 0 0 7 0 0 0]
 [0 0 0 0 4 0 0 3 5]
 [0 4 1 0 6 0 0 0 0]
 [0 0 2 0 9 0 0 0 0]]
Solution:
[[7 3 0 8 1 5 6 4 9]
 [4 8 9 3 2 6 1 7 5]
 [1 5 6 7 0 4 0 2 8]
 [5 0 7 9 0 0 8 6 2]
 [8 6 2 5 4 1 3 9 7]
 [9 1 4 2 6 3 5 0 0]
 [2 9 5 4 0 0 7 3 1]
 [6 7 0 1 3 8 9 5 4]
 [0 4 3 6 9 2 0 8 0]]
Number of cells unfilled: 14
Accuracy: 82.71604938271605
Sample: 85306
Question:
[[3 9 0 8 0 0 0 0 2]
 [0 5 0 9 0 0 0 4 0]
 [0 7 0 3 2 0 5 0 0]
 [0 0 0 0 0 0 0 0 1]
 [4 3 1 0 0 0 9 0 0]
 [9 0 0 7 0 6 2 0 0]
 [0 0 0 0 5 0 0 0 0]
 [2 4 0 6 7 9 0 0 0]
 [0 6 0 0 0 0 0 0 0]]
Solution:
[[7 3 0 9 1 5 6 4 0]
 [4 8 9 3 2 6 1 7 5]
 [1 5 6 7 0 4 0 2 8]
 [5 0 7 0 0 9 8 6 2]
 [8 6 2 5 4 1 3 9 7]
 [9 1 4 2 6 3 5 0 0]
 [2 9 5 4 0 0 7 3 1]
 [6 7 0 1 3 8 9 5 4]
 [0 4 3 6 9 2 0 8 0]]
Number of cells unfilled: 15
Accuracy: 81.48148148148148
Sample: 85307
Question:
[[0 0 1 0 0 0 0 8 0]
 [0 2 9 0 0 0 5 0 4]
 [4 0 0 7 2 0 0 0 0]
 [0 3 2 1 0 0 6 0 0]
 [0 0 0 0 0 0 0 0 9]
 [0 0 0 0 8 6 3 0 0]
 [0 0 5 0 4 0 7 0 1]
 [0 4 0 0 7 0 0 2 3]
 [0 0 0 0 1 9 0 0 0]]
Solution:
[[7 3 0 9 8 5 6 4 0]
 [4 8 9 3 2 6 1 7 5]
 [1 5 6 7 0 4 0 2 8]
 [5 0 7 0 0 9 8 6 2]
 [8 6 2 5 4 1 3 9 7]
 [9 1 4 2 6 3 5 0 0]
 [2 9 5 4 0 0 7 3 1]
 [6 7 0 1 3 8 9 5 4]
 [0 4 3 6 9 2 0 8 0]]
Number of cells unfilled: 15
Accuracy: 81.48148148148148
Sample: 85308
Question:
[[0 0 0 0 0 8 2 0 0]
 [0 0 1 4 0 0 0 0 6]
 [3 0 0 0 0 0 0 5 0]
 [0 0 6 0 7 9 0 0 0]
 [0 1 0 0 0 0 0 0 7]
 [4 7 0 1 0 0 0 0 0]
 [0 0 0 0 2 0 8 0 0]
 [0 0 4 6 0 0 0 0 9]
 [5 0 0 0 0 1 0 3 0]]
Solution:
[[7 3 0 8 1 5 6 4 9]
 [4 8 9 3 2 6 1 7 5]
 [1 5 6 7 0 4 0 2 8]
 [5 0 7 9 0 0 8 6 2]
 [8 6 2 5 4 1 3 9 7]
 [9 1 4 2 6 3 5 0 0]
 [2 9 5 4 0 0 7 3 1]
 [6 7 0 1 3 8 9 5 4]
 [0 4 3 6 9 2 0 8 0]]
Number of cells unfilled: 14
Accuracy: 82.71604938271605
Sample: 85309
Question:
[[7 5 0 0 8 6 0 9 0]
 [0 1 8 9 0 0 0 0 5]
 [0 0 6 3 0 5 0 0 8]
 [0 0 0 0 0 9 8 0 0]
 [2 0 0 5 0 0 6 4 0]
 [0 0 0 0 3 0 9 0 0]
 [0 0 7 0 0 0 0 0 0]
 [0 0 2 6 4 0 0 0 0]
 [0 0 0 0 0 7 0 3 0]]
Solution:
[[7 3 0 8 1 5 6 4 9]
 [4 8 9 3 2 6 1 7 5]
 [1 5 6 7 0 4 0 2 8]
 [5 0 7 9 0 0 8 6 2]
 [8 6 2 5 4 1 3 9 7]
 [9 1 4 2 6 3 5 0 0]
 [2 9 5 4 0 0 7 3 1]
 [6 7 0 1 3 8 9 5 4]
 [0 4 3 6 9 2 0 8 0]]
Number of cells unfilled: 14
Accuracy: 82.71604938271605
Sample: 85310
Question:
[[0 0 1 0 0 0 0 4 0]
 [6 0 0 0 0 5 8 0 0]
 [0 7 0 0 9 0 0 0 6]
 [0 0 0 0 2 0 6 0 0]
 [0 2 0 0 0 9 0 0 3]
 [0 0 0 7 3 0 0 9 0]
 [8 0 0 0 0 0 0 6 0]
 [0 3 0 9 0 0 0 0 5]
 [0 0 4 0 0 0 1 0 0]]
Solution:
[[7 3 0 8 1 5 6 4 9]
 [4 8 9 3 2 6 1 7 5]
 [1 5 6 7 0 4 0 2 8]
 [5 0 7 0 0 9 8 6 2]
 [8 6 2 5 4 1 3 9 7]
 [9 1 4 2 6 3 5 0 0]
 [2 9 5 4 0 0 7 3 1]
 [6 7 0 1 3 8 9 5 4]
 [0 4 3 6 9 2 0 8 0]]
Number of cells unfilled: 14
Accuracy: 82.71604938271605
Sample: 85311
Question:
[[0 7 0 0 8 0 0 0 0]
 [3 0 0 0 0 5 0 0 0]
 [0 0 9 2 0 0 0 0 1]
 [0 4 0 0 0 0 0 0 6]
 [0 0 6 0 0 0 1 2 0]
 [0 0 0 6 0 0 0 9 0]
 [0 8 0 0 0 3 7 1 0]
 [0 0 7 4 0 0 0 0 2]
 [5 0 0 0 7 0 0 0 0]]
Solution:
[[7 3 0 8 2 5 6 4 9]
 [4 8 9 3 0 6 1 7 5]
 [1 5 6 7 0 4 0 2 8]
 [5 0 7 9 0 0 8 6 2]
 [8 6 2 5 4 1 3 9 7]
 [9 1 4 2 6 3 5 0 0]
 [2 9 5 4 0 0 7 3 1]
 [6 7 0 1 3 8 9 5 4]
 [0 4 3 6 9 2 0 8 0]]
Number of cells unfilled: 15
Accuracy: 81.48148148148148
Sample: 85312
Question:
[[0 0 0 0 0 0 5 4 0]
 [0 0 3 0 0 4 0 0 0]
 [4 0 0 5 0 7 0 0 8]
 [0 1 0 0 0 0 0 0 0]
 [0 0 0 0 0 0 0 9 0]
 [5 0 0 8 0 9 4 0 0]
 [0 4 0 0 2 0 7 0 0]
 [0 0 5 0 6 0 8 0 0]
 [9 0 0 7 0 0 0 5 0]]
Solution:
[[7 3 0 9 8 5 6 4 0]
 [4 8 9 3 2 6 1 7 5]
 [1 5 6 7 0 4 0 2 8]
 [5 0 7 0 0 9 8 6 2]
 [8 6 2 5 4 1 3 9 7]
 [9 1 4 2 6 3 5 0 0]
 [2 9 5 4 0 0 7 3 1]
 [6 7 0 1 3 8 9 5 4]
 [0 4 3 6 9 2 0 8 0]]
Number of cells unfilled: 15
Accuracy: 81.48148148148148
Sample: 85313
Question:
[[0 0 0 6 0 0 0 0 0]
 [7 0 0 0 0 2 8 0 0]
 [0 0 2 0 0 8 0 4 6]
 [0 5 0 0 0 0 0 2 0]
 [0 0 8 2 0 0 7 0 0]
 [0 0 0 0 9 0 0 0 0]
 [0 0 0 0 0 0 0 1 3]
 [0 0 7 4 2 0 0 8 0]
 [0 0 6 8 0 0 4 0 0]]
Solution:
[[7 3 0 8 1 5 6 4 9]
 [4 8 9 3 2 6 1 7 5]
 [1 5 6 7 0 4 0 2 8]
 [5 0 7 9 0 0 8 6 2]
 [8 6 2 5 4 1 3 9 7]
 [9 1 4 2 6 3 5 0 0]
 [2 9 5 4 0 0 7 3 1]
 [6 7 0 1 3 8 9 5 4]
 [0 4 3 6 9 2 0 8 0]]
Number of cells unfilled: 14
Accuracy: 82.71604938271605
Sample: 85314
Question:
[[0 0 8 4 0 2 0 9 0]
 [0 0 0 3 0 0 1 5 0]
 [0 0 0 0 9 5 0 0 0]
 [0 8 0 0 0 0 0 0 6]
 [0 9 0 0 8 0 0 0 0]
 [0 0 7 0 3 0 0 0 4]
 [0 1 0 0 2 0 0 6 0]
 [0 0 0 7 0 9 2 0 0]
 [3 0 0 0 1 0 0 0 7]]
Solution:
[[7 3 0 9 1 5 6 4 0]
 [4 8 9 3 2 6 1 7 5]
 [1 5 6 7 0 4 0 2 8]
 [5 0 7 0 0 9 8 6 2]
 [8 6 2 5 4 1 3 9 7]
 [9 1 4 2 6 3 5 0 0]
 [2 9 5 4 0 0 7 3 1]
 [6 7 0 1 3 8 9 5 4]
 [0 4 3 6 9 2 0 8 0]]
Number of cells unfilled: 15
Accuracy: 81.48148148148148
Sample: 85315
Question:
[[7 0 0 0 0 0 0 0 5]
 [0 0 0 0 2 5 4 3 0]
 [0 4 9 0 0 0 0 2 0]
 [9 8 0 6 0 0 0 7 0]
 [0 0 0 0 0 1 0 0 0]
 [0 0 0 0 3 9 0 0 1]
 [0 7 6 4 0 0 0 0 0]
 [0 0 0 0 1 0 0 6 0]
 [0 5 0 0 9 0 1 0 0]]
Solution:
[[7 3 0 8 1 5 6 4 9]
 [4 8 9 3 2 6 1 7 5]
 [1 5 6 7 0 4 0 2 8]
 [5 0 7 9 0 0 8 6 2]
 [8 6 2 5 4 1 3 9 7]
 [9 1 4 2 6 3 5 0 0]
 [2 9 5 4 0 0 7 3 1]
 [6 7 0 1 3 8 9 5 4]
 [0 4 3 6 9 2 0 8 0]]
Number of cells unfilled: 14
Accuracy: 82.71604938271605
Sample: 85316
Question:
[[2 0 0 0 0 0 0 0 0]
 [8 0 0 0 0 5 0 0 7]
 [0 7 0 3 0 0 1 0 0]
 [5 0 0 0 9 0 0 0 0]
 [0 0 0 0 0 2 3 0 0]
 [0 1 0 6 0 0 0 0 4]
 [0 4 0 7 0 0 0 6 0]
 [0 0 8 0 0 0 7 0 3]
 [0 0 0 0 0 9 4 0 1]]
Solution:
[[7 3 0 8 2 5 6 4 9]
 [4 8 9 3 0 6 1 7 5]
 [1 5 6 7 0 4 0 2 8]
 [5 0 7 0 0 9 8 6 2]
 [8 6 2 5 4 1 3 9 7]
 [9 1 4 2 6 3 5 0 0]
 [2 9 5 4 0 0 7 3 1]
 [6 7 0 1 3 8 9 5 4]
 [0 4 3 6 9 2 0 8 0]]
Number of cells unfilled: 15
Accuracy: 81.48148148148148
Sample: 85317
Question:
[[0 0 5 0 1 7 8 0 0]
 [0 7 0 0 0 4 0 5 0]
 [0 0 0 3 0 5 7 0 6]
 [1 3 0 0 0 0 0 0 0]
 [4 9 0 8 0 0 0 0 1]
 [2 0 0 6 0 0 0 0 0]
 [0 0 0 0 7 0 0 0 9]
 [0 1 0 0 0 3 0 0 7]
 [0 0 2 0 0 0 5 0 0]]
Solution:
[[7 3 0 9 1 5 6 4 0]
 [4 8 9 3 2 6 1 7 5]
 [1 5 6 7 0 4 0 2 8]
 [5 0 7 0 0 9 8 6 2]
 [8 6 2 5 4 1 3 9 7]
 [9 1 4 2 6 3 5 0 0]
 [2 9 5 4 0 0 7 3 1]
 [6 7 0 1 3 8 9 5 4]
 [0 4 3 6 9 2 0 8 0]]
Number of cells unfilled: 15
Accuracy: 81.48148148148148
Sample: 85318
Question:
[[0 0 0 0 5 0 0 0 0]
 [0 4 0 7 9 0 0 0 0]
 [0 0 5 0 0 4 0 7 0]
 [0 0 7 0 4 0 0 5 0]
 [0 3 0 0 0 0 8 0 0]
 [0 2 0 0 0 0 0 0 1]
 [8 0 0 0 0 0 0 0 2]
 [0 0 4 9 0 0 0 6 0]
 [3 0 0 0 0 6 1 0 0]]
Solution:
[[7 3 0 9 8 5 6 4 0]
 [4 8 9 3 2 6 1 7 5]
 [1 5 6 7 0 4 0 2 8]
 [5 0 7 0 0 9 8 6 2]
 [8 6 2 5 4 1 3 9 7]
 [9 1 4 2 6 3 5 0 0]
 [2 9 5 4 0 0 7 3 1]
 [6 7 0 1 3 8 9 5 4]
 [0 4 3 6 9 2 0 8 0]]
Number of cells unfilled: 15
Accuracy: 81.48148148148148
Sample: 85319
Question:
[[0 0 6 5 0 0 0 0 9]
 [2 0 0 0 1 0 0 7 0]
 [0 0 3 0 0 6 0 0 0]
 [0 8 0 0 0 9 0 1 0]
 [0 0 0 0 8 0 0 0 2]
 [9 0 0 7 0 1 0 0 3]
 [0 4 0 0 0 0 0 0 5]
 [7 0 0 0 9 0 0 2 0]
 [0 0 9 0 0 0 4 0 0]]
Solution:
[[7 3 0 8 1 5 6 4 9]
 [4 8 9 3 2 6 1 5 0]
 [1 5 6 7 0 4 0 2 8]
 [5 0 7 9 0 0 8 6 2]
 [8 6 2 5 4 1 3 9 7]
 [9 1 4 2 6 3 5 0 0]
 [2 9 5 4 0 0 7 3 1]
 [6 7 0 1 3 8 9 0 4]
 [0 4 3 6 9 2 0 8 5]]
Number of cells unfilled: 15
Accuracy: 81.48148148148148
Sample: 85320
Question:
[[0 3 0 2 0 8 0 0 1]
 [9 0 0 0 0 0 0 0 0]
 [0 0 2 0 0 5 0 3 0]
 [0 6 0 8 0 4 1 0 0]
 [5 0 0 0 6 0 0 8 4]
 [0 0 0 0 2 0 0 6 3]
 [0 4 0 3 0 6 0 1 0]
 [0 0 0 4 0 0 0 0 6]
 [0 0 0 0 7 0 0 0 0]]
Solution:
[[7 3 0 8 1 5 6 4 9]
 [4 8 9 3 2 6 1 7 5]
 [1 5 6 7 0 4 0 2 8]
 [5 0 7 0 0 9 8 6 2]
 [8 6 2 5 4 1 3 9 7]
 [9 1 4 2 6 3 5 0 0]
 [2 9 5 4 0 0 7 3 1]
 [6 7 0 1 3 8 9 5 4]
 [0 4 3 6 9 2 0 8 0]]
Number of cells unfilled: 14
Accuracy: 82.71604938271605
Sample: 85321
Question:
[[0 0 5 0 4 0 0 0 9]
 [4 0 0 0 0 0 6 0 0]
 [0 9 0 3 0 6 0 0 0]
 [0 0 0 7 0 0 0 1 0]
 [1 0 0 0 0 0 0 0 7]
 [0 3 0 0 6 0 5 0 8]
 [0 0 2 0 0 4 0 8 0]
 [0 4 0 0 8 0 9 0 0]
 [5 0 0 0 0 0 0 0 2]]
Solution:
[[7 3 0 9 1 5 6 4 0]
 [4 8 9 3 2 6 1 5 0]
 [1 5 6 7 0 4 0 2 8]
 [5 0 7 0 0 9 8 6 2]
 [8 6 2 5 4 1 3 9 7]
 [9 1 4 2 6 3 5 0 0]
 [2 9 5 4 0 0 7 3 1]
 [6 7 0 1 3 8 9 0 4]
 [0 4 3 6 9 2 0 8 5]]
Number of cells unfilled: 16
Accuracy: 80.24691358024691
Sample: 85322
Question:
[[0 0 0 0 0 4 9 0 2]
 [0 0 0 0 0 0 1 0 0]
 [0 8 7 0 6 0 0 0 0]
 [0 0 0 9 0 2 0 0 0]
 [0 0 3 0 0 0 0 8 0]
 [0 0 6 0 0 1 0 0 0]
 [2 0 0 0 0 0 0 0 0]
 [0 0 0 0 7 0 0 3 0]
 [0 0 0 3 0 0 0 0 0]]
Solution:
[[7 3 0 8 2 5 6 4 9]
 [4 8 9 3 0 6 1 7 5]
 [1 5 6 7 0 4 0 2 8]
 [5 0 7 9 0 0 8 6 2]
 [8 6 2 5 4 1 3 9 7]
 [9 1 4 2 6 3 5 0 0]
 [2 9 5 4 0 0 7 3 1]
 [6 7 0 1 3 8 9 5 4]
 [0 4 3 6 9 2 0 8 0]]
Number of cells unfilled: 15
Accuracy: 81.48148148148148
Sample: 85323
Question:
[[3 0 0 1 0 0 7 0 0]
 [9 0 0 0 8 6 0 1 5]
 [0 6 0 0 0 0 0 2 0]
 [0 2 0 0 3 9 0 0 8]
 [0 4 3 0 0 0 1 0 7]
 [0 0 0 4 0 0 0 0 2]
 [0 9 7 0 0 0 0 0 0]
 [0 0 0 0 7 5 6 0 0]
 [0 0 6 0 0 0 0 0 0]]
Solution:
[[7 3 0 8 1 5 6 4 9]
 [4 8 9 3 2 6 1 7 5]
 [1 5 6 7 0 4 0 2 8]
 [5 0 7 9 0 0 8 6 2]
 [8 6 2 5 4 1 3 9 7]
 [9 1 4 2 6 3 5 0 0]
 [2 9 5 4 0 0 7 3 1]
 [6 7 0 1 3 8 9 5 4]
 [0 4 3 6 9 2 0 8 0]]
Number of cells unfilled: 14
Accuracy: 82.71604938271605
Sample: 85324
Question:
[[0 0 4 0 0 0 0 8 0]
 [5 3 0 0 8 0 0 0 0]
 [0 6 0 0 9 0 0 1 0]
 [3 0 0 0 0 5 0 7 6]
 [0 0 0 0 0 0 0 0 2]
 [0 1 6 0 0 0 0 3 0]
 [0 0 0 1 0 4 9 0 3]
 [1 0 0 0 0 6 0 0 0]
 [0 0 0 3 2 9 0 0 0]]
Solution:
[[7 3 0 8 1 5 6 4 9]
 [4 8 9 3 2 6 1 7 5]
 [1 5 6 7 0 4 0 2 8]
 [5 0 7 0 0 9 8 6 2]
 [8 6 2 5 4 1 3 9 7]
 [9 1 4 2 6 3 5 0 0]
 [2 9 5 4 0 0 7 3 1]
 [6 7 0 1 3 8 9 5 4]
 [0 4 3 6 9 2 0 8 0]]
Number of cells unfilled: 14
Accuracy: 82.71604938271605
Sample: 85325
Question:
[[0 1 0 3 0 0 0 0 0]
 [0 0 2 0 1 5 0 0 0]
 [9 0 0 0 2 8 0 0 0]
 [3 6 0 0 0 0 0 0 8]
 [2 0 8 0 0 4 0 3 0]
 [0 0 0 0 0 0 0 6 0]
 [0 0 0 0 8 2 1 9 0]
 [7 0 0 0 0 3 0 0 4]
 [0 0 0 4 0 0 3 7 0]]
Solution:
[[7 3 0 8 1 5 6 4 9]
 [4 8 9 3 2 6 1 7 5]
 [1 5 6 7 0 4 0 2 8]
 [5 0 7 9 0 0 8 6 2]
 [8 6 2 5 4 1 3 9 7]
 [9 1 4 2 6 3 5 0 0]
 [2 9 5 4 0 0 7 3 1]
 [6 7 0 1 3 8 9 5 4]
 [0 4 3 6 9 2 0 8 0]]
Number of cells unfilled: 14
Accuracy: 82.71604938271605
Sample: 85326
Question:
[[4 0 0 0 0 7 0 0 0]
 [0 0 3 0 1 0 0 0 6]
 [6 2 0 0 0 0 0 1 0]
 [0 9 0 0 2 0 1 0 0]
 [0 4 0 0 9 0 8 0 0]
 [2 7 0 5 0 8 9 0 0]
 [0 0 0 0 0 5 7 0 0]
 [7 6 0 1 0 0 0 4 0]
 [0 0 0 8 0 0 0 0 0]]
Solution:
[[7 3 0 9 8 5 6 4 0]
 [4 8 9 3 2 6 1 7 5]
 [1 5 6 7 0 4 0 2 8]
 [5 0 7 0 0 9 8 6 2]
 [8 6 2 5 4 1 3 9 7]
 [9 1 4 2 6 3 5 0 0]
 [2 9 5 4 0 0 7 3 1]
 [6 7 0 1 3 8 9 5 4]
 [0 4 3 6 9 2 0 8 0]]
Number of cells unfilled: 15
Accuracy: 81.48148148148148
Sample: 85327
Question:
[[0 2 0 4 0 0 0 0 9]
 [0 0 1 0 6 9 8 0 0]
 [0 0 0 0 7 2 0 5 0]
 [0 0 8 0 9 0 0 3 0]
 [1 0 0 6 0 0 0 0 0]
 [0 9 0 0 0 4 0 0 6]
 [7 0 0 0 0 0 5 0 0]
 [0 0 3 0 0 0 0 1 0]
 [0 1 0 0 4 0 0 0 7]]
Solution:
[[7 3 0 9 1 5 6 4 0]
 [4 8 9 3 2 6 1 5 0]
 [1 5 6 7 0 4 0 2 8]
 [5 0 7 0 0 9 8 6 2]
 [8 6 2 5 4 1 3 9 7]
 [9 1 4 2 6 3 5 0 0]
 [2 9 5 4 0 0 7 3 1]
 [6 7 0 1 3 8 9 0 4]
 [0 4 3 6 9 2 0 8 5]]
Number of cells unfilled: 16
Accuracy: 80.24691358024691
Sample: 85328
Question:
[[0 0 0 9 0 0 0 0 0]
 [0 2 9 0 6 0 0 7 0]
 [0 0 0 2 0 7 0 0 4]
 [0 1 0 0 0 0 6 0 0]
 [0 7 5 0 0 0 0 2 0]
 [9 0 6 0 0 0 7 0 8]
 [0 0 0 0 0 9 0 0 0]
 [1 0 0 0 5 0 3 0 0]
 [0 5 2 6 0 0 0 9 0]]
Solution:
[[7 3 0 8 1 5 6 4 9]
 [4 8 9 3 2 6 1 5 0]
 [1 5 6 7 0 4 0 2 8]
 [5 0 7 0 0 9 8 6 2]
 [8 6 2 5 4 1 3 9 7]
 [9 1 4 2 6 3 5 0 0]
 [2 9 5 4 0 0 7 3 1]
 [6 7 0 1 3 8 9 0 4]
 [0 4 3 6 9 2 0 8 5]]
Number of cells unfilled: 15
Accuracy: 81.48148148148148
Sample: 85329
Question:
[[0 3 0 0 9 0 0 0 0]
 [0 1 0 0 2 0 0 7 0]
 [8 0 0 0 0 1 0 0 2]
 [0 0 0 2 8 0 0 0 4]
 [0 0 0 0 0 4 0 5 0]
 [4 0 0 0 1 0 2 0 0]
 [0 2 0 0 0 0 0 6 0]
 [5 4 0 0 0 0 0 0 8]
 [1 0 6 0 0 8 0 0 5]]
Solution:
[[7 3 0 8 1 5 6 4 9]
 [4 8 9 3 2 6 1 7 5]
 [1 5 6 7 0 4 0 2 8]
 [5 0 7 9 0 0 8 6 2]
 [8 6 2 5 4 1 3 9 7]
 [9 1 4 2 6 3 5 0 0]
 [2 9 5 4 0 0 7 3 1]
 [6 7 0 1 3 8 9 5 4]
 [0 4 3 6 9 2 0 8 0]]
Number of cells unfilled: 14
Accuracy: 82.71604938271605
Sample: 85330
Question:
[[5 0 0 0 0 0 0 0 4]
 [0 3 0 4 0 0 2 0 0]
 [0 0 4 0 0 0 6 3 0]
 [0 0 0 0 0 9 1 0 0]
 [0 0 3 6 0 0 0 0 2]
 [8 0 0 0 0 2 0 0 0]
 [7 0 0 0 0 3 0 0 0]
 [0 0 5 2 7 0 0 0 6]
 [0 0 6 5 0 4 0 0 3]]
Solution:
[[7 3 0 8 1 5 6 4 9]
 [4 8 9 3 2 6 1 7 5]
 [1 5 6 7 0 4 0 2 8]
 [5 0 7 9 0 0 8 6 2]
 [8 6 2 5 4 1 3 9 7]
 [9 1 4 2 6 3 5 0 0]
 [2 9 5 4 0 0 7 3 1]
 [6 7 0 1 3 8 9 5 4]
 [0 4 3 6 9 2 0 8 0]]
Number of cells unfilled: 14
Accuracy: 82.71604938271605
Sample: 85331
Question:
[[0 1 0 0 0 3 0 0 7]
 [3 0 5 0 0 6 0 0 4]
 [0 7 9 0 0 0 0 0 0]
 [0 0 0 0 9 8 0 0 0]
 [0 9 3 0 0 5 0 8 0]
 [0 0 4 6 0 0 0 0 5]
 [0 0 0 0 0 0 8 0 0]
 [0 0 0 0 5 4 0 6 1]
 [0 5 0 0 2 0 4 0 0]]
Solution:
[[7 3 0 8 1 5 6 4 9]
 [4 8 9 3 2 6 1 7 5]
 [1 5 6 7 0 4 0 2 8]
 [5 0 7 9 0 0 8 6 2]
 [8 6 2 5 4 1 3 9 7]
 [9 1 4 2 6 3 5 0 0]
 [2 9 5 4 0 0 7 3 1]
 [6 7 0 1 3 8 9 5 4]
 [0 4 3 6 9 2 0 8 0]]
Number of cells unfilled: 14
Accuracy: 82.71604938271605
Sample: 85332
Question:
[[0 8 0 0 4 2 3 7 0]
 [0 0 0 0 7 0 2 5 0]
 [7 0 0 0 0 0 4 6 0]
 [0 4 0 0 0 0 0 0 0]
 [0 0 0 0 1 0 0 2 0]
 [3 0 2 6 0 4 1 0 0]
 [9 0 0 0 5 0 0 0 0]
 [0 3 0 2 0 0 8 0 0]
 [0 6 0 1 0 0 0 0 0]]
Solution:
[[7 3 0 8 1 5 6 4 9]
 [4 8 9 3 2 6 1 5 0]
 [1 5 6 7 0 4 0 2 8]
 [5 0 7 9 0 0 8 6 2]
 [8 6 2 5 4 1 3 9 7]
 [9 1 4 2 6 3 5 0 0]
 [2 9 5 4 0 0 7 3 1]
 [6 7 0 1 3 8 9 0 4]
 [0 4 3 6 9 2 0 8 5]]
Number of cells unfilled: 15
Accuracy: 81.48148148148148
Sample: 85333
Question:
[[0 0 0 6 0 8 5 0 7]
 [0 4 0 0 0 0 0 0 0]
 [0 0 0 9 0 5 0 0 0]
 [9 3 0 0 0 4 6 1 0]
 [2 0 0 0 0 0 0 0 0]
 [0 7 0 2 0 9 3 0 0]
 [0 5 2 7 0 0 1 0 3]
 [0 0 8 0 0 0 9 0 0]
 [0 0 0 0 0 3 0 4 0]]
Solution:
[[7 3 0 8 1 5 6 4 9]
 [4 8 9 3 2 6 1 7 5]
 [1 5 6 7 0 4 0 2 8]
 [5 0 7 9 0 0 8 6 2]
 [8 6 2 5 4 1 3 9 7]
 [9 1 4 2 6 3 5 0 0]
 [2 9 5 4 0 0 7 3 1]
 [6 7 0 1 3 8 9 5 4]
 [0 4 3 6 9 2 0 8 0]]
Number of cells unfilled: 14
Accuracy: 82.71604938271605
Sample: 85334
Question:
[[0 0 7 9 0 8 0 0 6]
 [3 0 0 5 0 0 0 0 0]
 [0 0 0 0 3 0 0 8 0]
 [0 0 4 0 0 0 0 7 0]
 [0 5 8 0 0 0 0 6 3]
 [1 3 0 4 0 0 5 9 8]
 [0 0 0 0 0 0 0 1 0]
 [0 0 0 0 0 1 0 0 5]
 [5 0 0 2 7 3 0 0 0]]
Solution:
[[7 3 0 9 1 5 6 4 0]
 [4 8 9 3 2 6 1 5 0]
 [1 5 6 7 0 4 0 2 8]
 [5 0 7 0 0 9 8 6 2]
 [8 6 2 5 4 1 3 9 7]
 [9 1 4 2 6 3 5 0 0]
 [2 9 5 4 0 0 7 3 1]
 [6 7 0 1 3 8 9 0 4]
 [0 4 3 6 9 2 0 8 5]]
Number of cells unfilled: 16
Accuracy: 80.24691358024691
Sample: 85335
Question:
[[1 0 0 0 0 0 0 0 0]
 [0 0 8 0 0 0 0 6 0]
 [0 3 0 0 0 7 2 0 0]
 [0 0 0 0 7 2 0 5 0]
 [0 9 0 3 0 0 7 0 0]
 [0 0 0 0 9 4 0 1 0]
 [0 0 6 0 0 0 0 0 5]
 [3 4 0 0 2 0 9 0 0]
 [8 0 0 0 0 3 0 0 0]]
Solution:
[[7 3 0 8 1 5 6 4 9]
 [4 8 9 3 2 6 1 7 5]
 [1 5 6 7 0 4 0 2 8]
 [5 0 7 9 0 0 8 6 2]
 [8 6 2 5 4 1 3 9 7]
 [9 1 4 2 6 3 5 0 0]
 [2 9 5 4 0 0 7 3 1]
 [6 7 0 1 3 8 9 5 4]
 [0 4 3 6 9 2 0 8 0]]
Number of cells unfilled: 14
Accuracy: 82.71604938271605
Sample: 85336
Question:
[[8 0 0 0 4 5 7 0 0]
 [0 0 0 0 8 6 0 4 0]
 [0 0 0 7 0 0 0 0 0]
 [0 3 0 0 0 0 0 0 1]
 [0 0 9 0 5 0 3 0 0]
 [7 0 0 6 0 0 0 5 0]
 [0 0 0 0 0 0 0 0 2]
 [0 1 0 0 2 9 0 0 0]
 [4 0 0 8 0 0 0 6 0]]
Solution:
[[7 3 0 8 1 5 6 4 9]
 [4 8 9 3 2 6 1 7 5]
 [1 5 6 7 0 4 0 2 8]
 [5 0 7 9 0 0 8 6 2]
 [8 6 2 5 4 1 3 9 7]
 [9 1 4 2 6 3 5 0 0]
 [2 9 5 4 0 0 7 3 1]
 [6 7 0 1 3 8 9 5 4]
 [0 4 3 6 9 2 0 8 0]]
Number of cells unfilled: 14
Accuracy: 82.71604938271605
Sample: 85337
Question:
[[0 8 0 0 0 2 0 9 0]
 [0 0 5 0 3 0 2 0 0]
 [0 0 0 1 0 0 0 0 7]
 [0 0 0 0 2 6 0 0 9]
 [0 0 6 3 0 0 5 0 0]
 [0 4 0 0 5 0 0 0 0]
 [4 0 0 0 0 0 0 0 8]
 [0 7 1 0 0 0 0 0 0]
 [0 0 2 0 0 3 6 0 0]]
Solution:
[[7 3 0 9 8 5 6 4 0]
 [4 8 9 3 2 6 1 5 0]
 [1 5 6 7 0 4 0 2 8]
 [5 0 7 0 0 9 8 6 2]
 [8 6 2 5 4 1 3 9 7]
 [9 1 4 2 6 3 5 0 0]
 [2 9 5 4 0 0 7 3 1]
 [6 7 0 1 3 8 9 0 4]
 [0 4 3 6 9 2 0 8 5]]
Number of cells unfilled: 16
Accuracy: 80.24691358024691
Sample: 85338
Question:
[[0 4 0 0 8 0 0 0 2]
 [0 0 6 7 0 0 0 4 0]
 [9 0 0 0 0 0 0 0 0]
 [7 0 1 0 0 9 0 0 0]
 [0 0 3 6 0 0 0 0 0]
 [0 8 0 0 1 0 5 0 0]
 [3 0 0 0 0 0 1 0 0]
 [0 1 0 0 4 0 0 5 0]
 [0 0 0 0 0 0 2 0 8]]
Solution:
[[7 3 0 9 1 5 6 4 0]
 [4 8 9 3 2 6 1 7 5]
 [1 5 6 7 0 4 0 2 8]
 [5 0 7 0 0 9 8 6 2]
 [8 6 2 5 4 1 3 9 7]
 [9 1 4 2 6 3 5 0 0]
 [2 9 5 4 0 0 7 3 1]
 [6 7 0 1 3 8 9 5 4]
 [0 4 3 6 9 2 0 8 0]]
Number of cells unfilled: 15
Accuracy: 81.48148148148148
Sample: 85339
Question:
[[2 0 0 9 0 0 5 1 0]
 [0 0 0 0 0 2 0 0 8]
 [0 0 5 0 3 0 4 0 0]
 [0 3 0 0 0 0 7 0 0]
 [0 0 6 0 0 0 0 0 4]
 [5 7 0 0 6 0 0 0 0]
 [0 0 4 0 5 0 3 0 0]
 [0 0 0 0 0 8 0 0 9]
 [0 0 0 1 0 0 0 0 0]]
Solution:
[[7 3 0 8 1 5 6 4 9]
 [4 8 9 3 2 6 1 7 5]
 [1 5 6 7 0 4 0 2 8]
 [5 0 7 9 0 0 8 6 2]
 [8 6 2 5 4 1 3 9 7]
 [9 1 4 2 6 3 5 0 0]
 [2 9 5 4 0 0 7 3 1]
 [6 7 0 1 3 8 9 5 4]
 [0 4 3 6 9 2 0 8 0]]
Number of cells unfilled: 14
Accuracy: 82.71604938271605
Sample: 85340
Question:
[[0 0 5 0 0 6 0 4 9]
 [9 6 0 0 0 0 0 0 0]
 [4 7 0 0 0 0 0 0 0]
 [0 0 7 0 2 0 0 0 8]
 [0 0 0 3 0 0 1 0 0]
 [0 9 0 0 0 5 0 2 0]
 [0 0 0 1 0 0 2 0 0]
 [0 0 0 5 8 0 0 0 3]
 [7 0 0 0 0 9 0 5 0]]
Solution:
[[7 3 0 8 2 5 6 4 9]
 [4 8 9 3 0 6 1 7 5]
 [1 5 6 7 0 4 0 2 8]
 [5 0 7 0 0 9 8 6 2]
 [8 6 2 5 4 1 3 9 7]
 [9 1 4 2 6 3 5 0 0]
 [2 9 5 4 0 0 7 3 1]
 [6 7 0 1 3 8 9 5 4]
 [0 4 3 6 9 2 0 8 0]]
Number of cells unfilled: 15
Accuracy: 81.48148148148148
Sample: 85341
Question:
[[0 0 6 0 0 2 5 0 0]
 [0 0 0 0 5 0 0 0 4]
 [5 0 0 1 0 0 0 7 0]
 [0 0 0 2 4 0 0 0 1]
 [0 0 9 0 0 8 2 0 0]
 [0 0 0 7 0 0 0 5 0]
 [3 9 0 0 0 0 8 0 0]
 [6 8 0 0 0 3 0 0 0]
 [0 0 2 0 0 0 0 0 0]]
Solution:
[[7 3 0 8 1 5 6 4 9]
 [4 8 9 3 2 6 1 7 5]
 [1 5 6 7 0 4 0 2 8]
 [5 0 7 9 0 0 8 6 2]
 [8 6 2 5 4 1 3 9 7]
 [9 1 4 2 6 3 5 0 0]
 [2 9 5 4 0 0 7 3 1]
 [6 7 0 1 3 8 9 5 4]
 [0 4 3 6 9 2 0 8 0]]
Number of cells unfilled: 14
Accuracy: 82.71604938271605
Sample: 85342
Question:
[[0 0 0 7 0 0 0 0 0]
 [0 2 0 5 0 1 0 3 0]
 [0 0 0 0 9 0 0 0 8]
 [0 0 3 0 5 0 0 8 0]
 [0 8 0 0 0 0 0 0 4]
 [2 0 0 0 0 8 3 0 1]
 [9 3 0 0 0 5 0 2 0]
 [0 0 6 0 2 0 9 0 0]
 [0 5 0 0 0 9 0 1 0]]
Solution:
[[7 3 0 8 1 5 6 4 9]
 [4 8 9 3 2 6 1 7 5]
 [1 5 6 7 0 4 0 2 8]
 [5 0 7 9 0 0 8 6 2]
 [8 6 2 5 4 1 3 9 7]
 [9 1 4 2 6 3 5 0 0]
 [2 9 5 4 0 0 7 3 1]
 [6 7 0 1 3 8 9 5 4]
 [0 4 3 6 9 2 0 8 0]]
Number of cells unfilled: 14
Accuracy: 82.71604938271605
Sample: 85343
Question:
[[0 0 0 8 4 0 0 1 0]
 [8 7 4 0 5 6 0 0 0]
 [6 0 0 0 0 0 0 0 0]
 [0 1 0 0 3 5 7 0 0]
 [2 0 0 0 0 4 0 0 1]
 [0 4 7 0 0 0 0 0 0]
 [0 0 0 0 2 0 0 5 0]
 [0 0 0 0 0 0 3 0 0]
 [0 2 5 0 9 0 8 6 0]]
Solution:
[[7 3 0 8 2 5 6 4 9]
 [4 8 9 3 0 6 1 7 5]
 [1 5 6 7 0 4 0 2 8]
 [5 0 7 0 0 9 8 6 2]
 [8 6 2 5 4 1 3 9 7]
 [9 1 4 2 6 3 5 0 0]
 [2 9 5 4 0 0 7 3 1]
 [6 7 0 1 3 8 9 5 4]
 [0 4 3 6 9 2 0 8 0]]
Number of cells unfilled: 15
Accuracy: 81.48148148148148
Sample: 85344
Question:
[[5 0 0 0 4 0 0 0 6]
 [0 2 0 0 0 9 0 8 0]
 [0 0 3 7 0 0 1 0 0]
 [0 0 0 0 0 8 0 9 0]
 [0 0 2 4 0 0 5 0 0]
 [6 0 0 0 7 0 0 0 4]
 [0 0 1 0 3 0 0 0 0]
 [7 0 0 5 0 0 2 0 0]
 [0 3 0 0 0 7 0 0 0]]
Solution:
[[7 3 0 8 1 5 6 4 9]
 [4 8 9 3 2 6 1 5 0]
 [1 5 6 7 0 4 0 2 8]
 [5 0 7 0 0 9 8 6 2]
 [8 6 2 5 4 1 3 9 7]
 [9 1 4 2 6 3 5 0 0]
 [2 9 5 4 0 0 7 3 1]
 [6 7 0 1 3 8 9 0 4]
 [0 4 3 6 9 2 0 8 5]]
Number of cells unfilled: 15
Accuracy: 81.48148148148148
Sample: 85345
Question:
[[2 3 0 0 9 0 0 5 0]
 [1 9 0 0 0 2 0 0 0]
 [0 0 5 0 0 0 0 0 0]
 [0 0 9 0 0 3 0 2 0]
 [5 0 0 0 4 0 8 0 0]
 [0 7 0 0 0 0 0 0 6]
 [0 0 0 0 8 0 4 0 0]
 [0 0 1 0 0 9 0 3 0]
 [0 0 0 6 0 0 0 0 7]]
Solution:
[[7 3 0 8 1 5 6 4 9]
 [4 8 9 3 2 6 1 7 5]
 [1 5 6 7 0 4 0 2 8]
 [5 0 7 9 0 0 8 6 2]
 [8 6 2 5 4 1 3 9 7]
 [9 1 4 2 6 3 5 0 0]
 [2 9 5 4 0 0 7 3 1]
 [6 7 0 1 3 8 9 5 4]
 [0 4 3 6 9 2 0 8 0]]
Number of cells unfilled: 14
Accuracy: 82.71604938271605
Sample: 85346
Question:
[[0 0 0 0 4 0 0 0 7]
 [0 0 0 8 0 0 4 0 0]
 [0 3 0 0 0 2 0 1 0]
 [0 1 0 0 0 6 0 9 0]
 [8 0 5 0 0 0 0 0 6]
 [0 0 0 0 7 0 0 0 5]
 [9 0 1 0 0 0 0 6 0]
 [0 2 0 6 0 0 0 0 0]
 [3 0 6 0 0 9 2 0 0]]
Solution:
[[7 3 0 8 1 5 6 4 9]
 [4 8 9 3 2 6 1 7 5]
 [1 5 6 7 0 4 0 2 8]
 [5 0 7 9 0 0 8 6 2]
 [8 6 2 5 4 1 3 9 7]
 [9 1 4 2 6 3 5 0 0]
 [2 9 5 4 0 0 7 3 1]
 [6 7 0 1 3 8 9 5 4]
 [0 4 3 6 9 2 0 8 0]]
Number of cells unfilled: 14
Accuracy: 82.71604938271605
Sample: 85347
Question:
[[0 0 2 0 1 0 0 0 0]
 [0 5 0 0 0 7 4 0 0]
 [9 0 0 2 0 0 0 0 0]
 [0 0 0 0 0 0 5 0 0]
 [0 8 0 5 0 0 0 4 6]
 [0 0 0 0 0 6 0 8 7]
 [5 0 0 0 0 0 0 9 3]
 [0 0 1 0 3 0 0 0 0]
 [0 6 0 0 0 8 7 0 0]]
Solution:
[[7 3 0 8 1 5 6 4 9]
 [4 8 9 3 2 6 1 5 0]
 [1 5 6 7 0 4 0 2 8]
 [5 0 7 0 0 9 8 6 2]
 [8 6 2 5 4 1 3 9 7]
 [9 1 4 2 6 3 5 0 0]
 [2 9 5 4 0 0 7 3 1]
 [6 7 0 1 3 8 9 0 4]
 [0 4 3 6 9 2 0 8 5]]
Number of cells unfilled: 15
Accuracy: 81.48148148148148
Sample: 85348
Question:
[[4 0 0 0 1 8 0 7 0]
 [0 0 7 0 0 0 0 6 0]
 [0 2 0 0 0 0 0 9 0]
 [0 5 0 4 0 0 0 8 0]
 [6 0 8 0 0 0 7 0 0]
 [0 0 0 0 0 0 0 0 5]
 [0 8 0 5 3 9 0 0 0]
 [0 9 1 6 0 0 0 0 4]
 [0 6 0 0 0 2 0 0 0]]
Solution:
[[7 3 0 8 1 5 6 4 9]
 [4 8 9 3 2 6 1 7 5]
 [1 5 6 7 0 4 0 2 8]
 [5 0 7 9 0 0 8 6 2]
 [8 6 2 5 4 1 3 9 7]
 [9 1 4 2 6 3 5 0 0]
 [2 9 5 4 0 0 7 3 1]
 [6 7 0 1 3 8 9 5 4]
 [0 4 3 6 9 2 0 8 0]]
Number of cells unfilled: 14
Accuracy: 82.71604938271605
Sample: 85349
Question:
[[4 0 8 0 0 9 0 0 0]
 [0 0 9 2 0 0 8 0 0]
 [0 1 2 0 0 0 0 6 5]
 [5 0 0 0 0 6 0 0 0]
 [0 7 0 8 0 3 0 1 0]
 [0 0 1 9 7 0 6 0 0]
 [0 0 0 0 9 2 1 0 0]
 [0 0 0 0 6 0 2 0 7]
 [0 0 5 0 0 0 0 3 0]]
Solution:
[[7 3 0 8 1 5 6 4 9]
 [4 8 9 3 2 6 1 7 5]
 [1 5 6 7 0 4 0 2 8]
 [5 0 7 9 0 0 8 6 2]
 [8 6 2 5 4 1 3 9 7]
 [9 1 4 2 6 3 5 0 0]
 [2 9 5 4 0 0 7 3 1]
 [6 7 0 1 3 8 9 5 4]
 [0 4 3 6 9 2 0 8 0]]
Number of cells unfilled: 14
Accuracy: 82.71604938271605
Sample: 85350
Question:
[[0 0 0 0 9 0 0 0 0]
 [0 0 6 5 0 0 4 0 0]
 [1 0 0 0 6 0 0 0 8]
 [0 6 0 2 0 0 0 4 0]
 [3 0 0 0 7 0 2 0 0]
 [0 0 2 0 0 3 0 0 5]
 [0 8 0 0 0 0 0 3 0]
 [0 0 5 0 0 1 0 9 4]
 [0 0 3 7 0 0 5 0 0]]
Solution:
[[7 3 0 8 1 5 6 4 9]
 [4 8 9 3 2 6 1 7 5]
 [1 5 6 7 0 4 0 2 8]
 [5 0 7 9 0 0 8 6 2]
 [8 6 2 5 4 1 3 9 7]
 [9 1 4 2 6 3 5 0 0]
 [2 9 5 4 0 0 7 3 1]
 [6 7 0 1 3 8 9 5 4]
 [0 4 3 6 9 2 0 8 0]]
Number of cells unfilled: 14
Accuracy: 82.71604938271605
Sample: 85351
Question:
[[0 5 1 9 0 0 0 0 0]
 [0 0 0 0 0 0 5 0 0]
 [6 0 0 0 8 0 0 0 3]
 [0 6 0 0 0 0 0 0 2]
 [0 2 8 0 3 0 0 4 0]
 [4 0 0 0 0 0 3 0 0]
 [0 0 0 0 0 7 0 0 0]
 [8 0 0 0 4 0 0 0 6]
 [0 0 0 0 0 9 7 1 0]]
Solution:
[[7 3 0 8 1 5 6 4 9]
 [4 8 9 3 2 6 1 7 5]
 [1 5 6 7 0 4 0 2 8]
 [5 0 7 0 0 9 8 6 2]
 [8 6 2 5 4 1 3 9 7]
 [9 1 4 2 6 3 5 0 0]
 [2 9 5 4 0 0 7 3 1]
 [6 7 0 1 3 8 9 5 4]
 [0 4 3 6 9 2 0 8 0]]
Number of cells unfilled: 14
Accuracy: 82.71604938271605
Sample: 85352
Question:
[[0 0 8 9 0 0 6 0 0]
 [0 4 0 0 0 0 0 3 9]
 [0 0 0 0 0 4 0 0 8]
 [0 0 0 6 0 0 3 0 0]
 [3 6 0 0 7 0 0 1 0]
 [0 9 0 0 5 2 0 0 7]
 [0 7 0 0 3 0 5 0 2]
 [0 0 0 0 0 5 0 0 0]
 [0 0 0 0 0 0 0 8 6]]
Solution:
[[7 3 0 9 2 5 6 4 0]
 [4 8 9 3 0 6 1 7 5]
 [1 5 6 7 0 4 0 2 8]
 [5 0 7 0 0 9 8 6 2]
 [8 6 2 5 4 1 3 9 7]
 [9 1 4 2 6 3 5 0 0]
 [2 9 5 4 0 0 7 3 1]
 [6 7 0 1 3 8 9 5 4]
 [0 4 3 6 9 2 0 8 0]]
Number of cells unfilled: 16
Accuracy: 80.24691358024691
Sample: 85353
Question:
[[0 5 0 0 0 4 2 1 0]
 [6 0 0 0 2 0 0 0 0]
 [0 0 0 5 0 0 0 7 0]
 [8 0 0 0 0 3 0 0 0]
 [0 0 3 0 0 9 0 0 7]
 [0 9 0 0 5 0 1 3 0]
 [0 3 0 9 0 0 4 2 0]
 [0 0 0 0 0 0 0 0 1]
 [0 1 0 0 4 0 0 0 0]]
Solution:
[[7 3 0 9 8 5 6 4 0]
 [4 8 9 3 2 6 1 7 5]
 [1 5 6 7 0 4 0 2 8]
 [5 0 7 0 0 9 8 6 2]
 [8 6 2 5 4 1 3 9 7]
 [9 1 4 2 6 3 5 0 0]
 [2 9 5 4 0 0 7 3 1]
 [6 7 0 1 3 8 9 5 4]
 [0 4 3 6 9 2 0 8 0]]
Number of cells unfilled: 15
Accuracy: 81.48148148148148
Sample: 85354
Question:
[[0 0 0 0 6 0 9 7 0]
 [4 8 0 0 0 0 0 0 0]
 [0 0 2 0 0 0 5 0 1]
 [0 9 0 0 0 0 0 1 0]
 [6 0 0 7 0 2 0 0 5]
 [0 0 5 0 0 0 0 6 0]
 [0 1 0 8 0 0 0 9 0]
 [0 3 8 0 7 5 0 0 0]
 [0 0 6 0 1 0 0 0 0]]
Solution:
[[7 3 0 8 2 5 6 4 9]
 [4 8 9 3 0 6 1 7 5]
 [1 5 6 7 0 4 0 2 8]
 [5 0 7 9 0 0 8 6 2]
 [8 6 2 5 4 1 3 9 7]
 [9 1 4 2 6 3 5 0 0]
 [2 9 5 4 0 0 7 3 1]
 [6 7 0 1 3 8 9 5 4]
 [0 4 3 6 9 2 0 8 0]]
Number of cells unfilled: 15
Accuracy: 81.48148148148148
Sample: 85355
Question:
[[0 0 0 1 0 5 0 0 3]
 [0 0 8 3 0 9 5 0 0]
 [0 0 0 0 4 0 0 0 9]
 [8 0 2 0 0 7 0 5 0]
 [0 6 0 0 0 0 0 0 2]
 [0 1 0 0 0 0 7 0 8]
 [6 0 0 0 0 0 2 0 0]
 [0 0 9 0 0 8 0 0 5]
 [4 0 0 2 0 0 0 9 0]]
Solution:
[[7 3 0 8 1 5 6 4 9]
 [4 8 9 3 2 6 1 5 0]
 [1 5 6 7 0 4 0 2 8]
 [5 0 7 0 0 9 8 6 2]
 [8 6 2 5 4 1 3 9 7]
 [9 1 4 2 6 3 5 0 0]
 [2 9 5 4 0 0 7 3 1]
 [6 7 0 1 3 8 9 0 4]
 [0 4 3 6 9 2 0 8 5]]
Number of cells unfilled: 15
Accuracy: 81.48148148148148
Sample: 85356
Question:
[[4 2 0 0 0 9 0 0 0]
 [0 0 0 3 2 0 0 0 0]
 [0 0 6 0 0 7 9 0 0]
 [0 0 9 0 0 8 6 0 1]
 [0 0 0 0 0 0 5 0 3]
 [1 0 0 0 0 0 0 4 0]
 [6 0 0 0 0 1 0 0 0]
 [0 0 1 9 7 0 0 6 5]
 [0 7 0 8 0 0 1 0 0]]
Solution:
[[7 3 0 8 2 5 6 4 9]
 [4 8 9 3 0 6 1 5 0]
 [1 5 6 7 0 4 0 2 8]
 [5 0 7 9 0 0 8 6 2]
 [8 6 2 5 4 1 3 9 7]
 [9 1 4 2 6 3 5 0 0]
 [2 9 5 4 0 0 7 3 1]
 [6 7 0 1 3 8 9 0 4]
 [0 4 3 6 9 2 0 8 5]]
Number of cells unfilled: 16
Accuracy: 80.24691358024691
Sample: 85357
Question:
[[0 5 0 0 0 0 0 0 4]
 [7 0 0 0 0 0 0 8 0]
 [0 1 8 0 0 0 6 0 0]
 [0 0 5 0 0 3 4 0 8]
 [0 0 3 0 0 6 0 0 5]
 [0 9 6 4 5 0 0 0 0]
 [8 0 7 0 0 0 9 4 0]
 [0 0 9 0 0 7 8 0 0]
 [0 0 0 0 2 0 0 3 0]]
Solution:
[[7 3 0 8 1 5 6 4 9]
 [4 8 9 3 2 6 1 7 5]
 [1 5 6 7 0 4 0 2 8]
 [5 0 7 9 0 0 8 6 2]
 [8 6 2 5 4 1 3 9 7]
 [9 1 4 2 6 3 5 0 0]
 [2 9 5 4 0 0 7 3 1]
 [6 7 0 1 3 8 9 5 4]
 [0 4 3 6 9 2 0 8 0]]
Number of cells unfilled: 14
Accuracy: 82.71604938271605
Sample: 85358
Question:
[[3 0 0 2 0 0 0 0 0]
 [0 4 0 0 0 9 0 0 2]
 [0 0 8 0 6 0 0 0 0]
 [5 0 0 8 0 0 0 0 1]
 [0 0 2 0 1 0 0 9 5]
 [0 1 0 0 0 5 7 0 0]
 [0 0 3 0 0 0 1 0 4]
 [0 0 0 6 0 0 0 0 7]
 [0 7 0 0 0 4 0 5 0]]
Solution:
[[7 3 0 9 1 5 6 4 0]
 [4 8 9 3 2 6 1 7 5]
 [1 5 6 7 0 4 0 2 8]
 [5 0 7 0 0 9 8 6 2]
 [8 6 2 5 4 1 3 9 7]
 [9 1 4 2 6 3 5 0 0]
 [2 9 5 4 0 0 7 3 1]
 [6 7 0 1 3 8 9 5 4]
 [0 4 3 6 9 2 0 8 0]]
Number of cells unfilled: 15
Accuracy: 81.48148148148148
Sample: 85359
Question:
[[0 0 5 1 0 4 0 0 2]
 [3 0 0 0 5 0 0 1 0]
 [0 0 0 3 0 0 4 0 5]
 [0 1 0 0 3 0 0 4 0]
 [0 0 4 9 0 0 2 0 0]
 [8 0 0 0 0 6 0 0 0]
 [0 7 0 0 0 0 5 0 9]
 [1 0 3 5 0 0 0 2 0]
 [0 0 0 0 0 0 1 0 0]]
Solution:
[[7 3 0 8 1 5 6 4 9]
 [4 8 9 3 2 6 1 7 5]
 [1 5 6 7 0 4 0 2 8]
 [5 0 7 9 0 0 8 6 2]
 [8 6 2 5 4 1 3 9 7]
 [9 1 4 2 6 3 5 0 0]
 [2 9 5 4 0 0 7 3 1]
 [6 7 0 1 3 8 9 5 4]
 [0 4 3 6 9 2 0 8 0]]
Number of cells unfilled: 14
Accuracy: 82.71604938271605
Sample: 85360
Question:
[[0 3 2 5 0 0 0 0 6]
 [0 0 0 0 0 0 0 3 0]
 [0 0 8 0 0 0 7 5 0]
 [2 0 0 1 0 0 0 8 0]
 [0 5 1 0 6 0 0 0 0]
 [0 8 0 0 5 2 0 0 1]
 [0 0 5 3 0 0 0 0 8]
 [0 0 0 0 9 0 0 2 0]
 [3 0 0 2 0 0 4 0 0]]
Solution:
[[7 3 0 8 1 5 6 4 9]
 [4 8 9 3 2 6 1 7 5]
 [1 5 6 7 0 4 0 2 8]
 [5 0 7 9 0 0 8 6 2]
 [8 6 2 5 4 1 3 9 7]
 [9 1 4 2 6 3 5 0 0]
 [2 9 5 4 0 0 7 3 1]
 [6 7 0 1 3 8 9 5 4]
 [0 4 3 6 9 2 0 8 0]]
Number of cells unfilled: 14
Accuracy: 82.71604938271605
Sample: 85361
Question:
[[2 0 0 3 0 0 0 4 0]
 [0 0 0 0 0 6 0 0 3]
 [0 5 0 2 0 0 8 0 0]
 [0 3 2 5 0 0 9 8 0]
 [0 0 0 0 0 0 0 0 2]
 [0 8 0 0 0 0 0 1 0]
 [0 0 8 0 3 5 7 0 0]
 [3 0 0 7 0 0 0 0 8]
 [0 7 5 0 0 9 0 0 0]]
Solution:
[[7 3 0 8 1 5 6 4 9]
 [4 8 9 3 2 6 1 7 5]
 [1 5 6 7 0 4 0 2 8]
 [5 0 7 0 0 9 8 6 2]
 [8 6 2 5 4 1 3 9 7]
 [9 1 4 2 6 3 5 0 0]
 [2 9 5 4 0 0 7 3 1]
 [6 7 0 1 3 8 9 5 4]
 [0 4 3 6 9 2 0 8 0]]
Number of cells unfilled: 14
Accuracy: 82.71604938271605
Sample: 85362
Question:
[[3 8 0 0 6 0 0 0 7]
 [0 0 6 0 3 0 0 4 0]
 [0 0 7 5 0 0 0 0 0]
 [6 3 0 0 8 0 0 7 2]
 [0 0 0 0 0 0 6 0 0]
 [0 7 0 0 0 0 0 9 0]
 [0 0 0 8 0 0 0 0 1]
 [8 1 0 2 0 0 0 3 0]
 [0 0 3 0 1 0 7 0 0]]
Solution:
[[7 3 0 8 1 5 6 4 9]
 [4 8 9 3 2 6 1 7 5]
 [1 5 6 7 0 4 0 2 8]
 [5 0 7 9 0 0 8 6 2]
 [8 6 2 5 4 1 3 9 7]
 [9 1 4 2 6 3 5 0 0]
 [2 9 5 4 0 0 7 3 1]
 [6 7 0 1 3 8 9 5 4]
 [0 4 3 6 9 2 0 8 0]]
Number of cells unfilled: 14
Accuracy: 82.71604938271605
Sample: 85363
Question:
[[4 0 0 0 0 2 8 0 9]
 [0 0 0 0 1 0 0 0 0]
 [2 9 0 0 0 8 1 0 0]
 [7 2 0 6 0 0 0 0 0]
 [0 0 4 0 8 1 2 0 0]
 [0 8 0 0 0 0 0 0 0]
 [8 0 0 0 3 0 9 0 5]
 [0 4 0 0 0 9 7 0 0]
 [0 0 9 0 0 0 0 1 0]]
Solution:
[[7 3 0 8 1 5 6 4 9]
 [4 8 9 3 2 6 1 5 0]
 [1 5 6 7 0 4 0 2 8]
 [5 0 7 9 0 0 8 6 2]
 [8 6 2 5 4 1 3 9 7]
 [9 1 4 2 6 3 5 0 0]
 [2 9 5 4 0 0 7 3 1]
 [6 7 0 1 3 8 9 0 4]
 [0 4 3 6 9 2 0 8 5]]
Number of cells unfilled: 15
Accuracy: 81.48148148148148
Sample: 85364
Question:
[[5 0 0 0 3 0 0 6 0]
 [0 2 0 0 0 6 0 0 0]
 [6 0 4 7 0 0 0 0 8]
 [0 0 0 0 0 0 0 0 0]
 [9 0 0 0 0 3 0 2 7]
 [0 0 0 5 9 0 1 0 0]
 [0 0 0 0 0 7 0 0 2]
 [2 0 0 9 6 0 0 7 0]
 [7 0 6 3 0 0 0 9 0]]
Solution:
[[7 3 0 8 1 5 6 4 9]
 [4 8 9 3 2 6 1 7 5]
 [1 5 6 7 0 4 0 2 8]
 [5 0 7 0 0 9 8 6 2]
 [8 6 2 5 4 1 3 9 7]
 [9 1 4 2 6 3 5 0 0]
 [2 9 5 4 0 0 7 3 1]
 [6 7 0 1 3 8 9 5 4]
 [0 4 3 6 9 2 0 8 0]]
Number of cells unfilled: 14
Accuracy: 82.71604938271605
Sample: 85365
Question:
[[0 0 0 0 0 0 0 8 0]
 [0 0 0 0 6 0 0 7 0]
 [0 0 3 0 0 2 1 0 0]
 [0 7 0 0 0 4 9 0 5]
 [0 0 0 0 8 0 2 0 0]
 [5 0 1 2 3 0 8 4 0]
 [0 0 8 0 5 1 0 0 4]
 [2 5 0 0 9 0 7 0 0]
 [0 3 0 0 0 0 0 0 0]]
Solution:
[[7 3 0 8 1 5 6 4 9]
 [4 8 9 3 2 6 1 7 5]
 [1 5 6 7 0 4 0 2 8]
 [5 0 7 9 0 0 8 6 2]
 [8 6 2 5 4 1 3 9 7]
 [9 1 4 2 6 3 5 0 0]
 [2 9 5 4 0 0 7 3 1]
 [6 7 0 1 3 8 9 5 4]
 [0 4 3 6 9 2 0 8 0]]
Number of cells unfilled: 14
Accuracy: 82.71604938271605
Sample: 85366
Question:
[[1 0 0 0 0 0 0 5 0]
 [0 0 0 0 0 0 0 2 0]
 [0 0 8 6 0 0 0 0 0]
 [3 0 0 0 0 0 0 7 0]
 [0 0 0 8 0 9 0 0 6]
 [2 0 0 0 0 4 0 0 9]
 [0 0 0 0 2 0 0 0 0]
 [0 0 0 0 3 0 0 0 0]
 [0 0 9 0 0 0 0 0 4]]
Solution:
[[7 3 0 9 8 5 6 4 0]
 [4 8 9 3 2 6 1 7 5]
 [1 5 6 7 0 4 0 2 8]
 [5 0 7 0 0 9 8 6 2]
 [8 6 2 5 4 1 3 9 7]
 [9 1 4 2 6 3 5 0 0]
 [2 9 5 4 0 0 7 3 1]
 [6 7 0 1 3 8 9 5 4]
 [0 4 3 6 9 2 0 8 0]]
Number of cells unfilled: 15
Accuracy: 81.48148148148148
Sample: 85367
Question:
[[0 0 0 0 0 0 3 0 0]
 [5 0 6 0 3 0 0 0 0]
 [0 8 1 0 0 0 0 9 5]
 [1 7 5 0 8 0 0 0 0]
 [0 2 0 0 0 7 0 5 0]
 [4 0 0 0 1 0 0 0 8]
 [0 0 0 0 0 0 0 8 0]
 [0 0 0 6 0 3 5 0 0]
 [7 0 0 0 5 8 0 4 3]]
Solution:
[[7 3 0 9 8 5 6 4 0]
 [4 8 9 3 2 6 1 7 5]
 [1 5 6 7 0 4 0 2 8]
 [5 0 7 0 0 9 8 6 2]
 [8 6 2 5 4 1 3 9 7]
 [9 1 4 2 6 3 5 0 0]
 [2 9 5 4 0 0 7 3 1]
 [6 7 0 1 3 8 9 5 4]
 [0 4 3 6 9 2 0 8 0]]
Number of cells unfilled: 15
Accuracy: 81.48148148148148
Sample: 85368
Question:
[[0 2 0 5 0 0 4 0 7]
 [0 0 0 0 4 3 8 0 0]
 [3 0 0 7 2 1 0 9 0]
 [0 0 0 0 0 5 3 1 9]
 [0 7 9 0 0 0 5 0 0]
 [0 0 8 1 0 6 0 7 0]
 [7 0 2 3 0 0 1 6 0]
 [4 0 3 0 8 0 0 0 2]
 [0 6 0 0 0 9 0 0 0]]
Solution:
[[7 3 0 8 1 5 6 4 9]
 [4 8 9 3 2 6 1 7 5]
 [1 5 6 7 0 4 0 2 8]
 [5 0 7 0 0 9 8 6 2]
 [8 6 2 5 4 1 3 9 7]
 [9 1 4 2 6 3 5 0 0]
 [2 9 5 4 0 0 7 3 1]
 [6 7 0 1 3 8 9 5 4]
 [0 4 3 6 9 2 0 8 0]]
Number of cells unfilled: 14
Accuracy: 82.71604938271605
Sample: 85369
Question:
[[0 0 0 0 8 0 2 0 0]
 [6 0 0 5 0 0 0 9 0]
 [0 0 0 0 0 3 0 0 4]
 [0 7 9 1 0 0 0 0 0]
 [1 0 0 0 6 0 0 0 0]
 [0 5 0 0 0 0 0 1 0]
 [0 1 5 0 4 0 0 0 3]
 [0 0 2 0 0 0 8 0 0]
 [9 0 0 7 0 0 0 5 0]]
Solution:
[[7 3 0 8 2 5 6 4 9]
 [4 8 9 3 0 6 1 7 5]
 [1 5 6 7 0 4 0 2 8]
 [5 0 7 0 0 9 8 6 2]
 [8 6 2 5 4 1 3 9 7]
 [9 1 4 2 6 3 5 0 0]
 [2 9 5 4 0 0 7 3 1]
 [6 7 0 1 3 8 9 5 4]
 [0 4 3 6 9 2 0 8 0]]
Number of cells unfilled: 15
Accuracy: 81.48148148148148
Sample: 85370
Question:
[[0 4 0 1 0 3 0 0 7]
 [0 0 0 0 5 0 0 0 0]
 [0 0 2 0 0 0 1 0 0]
 [8 0 1 0 9 0 0 0 0]
 [0 3 0 0 0 0 0 0 1]
 [0 6 0 3 0 0 0 7 0]
 [0 0 0 9 0 0 0 0 6]
 [0 1 0 6 0 4 7 0 0]
 [0 0 0 0 0 5 0 4 3]]
Solution:
[[7 3 0 9 1 5 6 4 0]
 [4 8 9 3 2 6 1 7 5]
 [1 5 6 7 0 4 0 2 8]
 [5 0 7 0 0 9 8 6 2]
 [8 6 2 5 4 1 3 9 7]
 [9 1 4 2 6 3 5 0 0]
 [2 9 5 4 0 0 7 3 1]
 [6 7 0 1 3 8 9 5 4]
 [0 4 3 6 9 2 0 8 0]]
Number of cells unfilled: 15
Accuracy: 81.48148148148148
Sample: 85371
Question:
[[0 5 0 0 0 0 0 0 1]
 [8 0 2 0 5 0 0 4 0]
 [0 3 0 0 0 0 0 0 0]
 [0 0 0 2 0 8 0 7 0]
 [0 0 0 0 7 0 0 0 5]
 [0 0 7 0 0 4 0 0 0]
 [0 9 0 0 0 0 6 0 0]
 [0 0 5 0 4 6 0 8 0]
 [0 0 8 9 2 0 0 5 0]]
Solution:
[[7 3 0 9 8 5 6 4 0]
 [4 8 9 3 2 6 1 7 5]
 [1 5 6 7 0 4 0 2 8]
 [5 0 7 0 0 9 8 6 2]
 [8 6 2 5 4 1 3 9 7]
 [9 1 4 2 6 3 5 0 0]
 [2 9 5 4 0 0 7 3 1]
 [6 7 0 1 3 8 9 5 4]
 [0 4 3 6 9 2 0 8 0]]
Number of cells unfilled: 15
Accuracy: 81.48148148148148
Sample: 85372
Question:
[[7 0 3 0 0 5 0 0 6]
 [4 0 0 6 0 0 0 0 0]
 [0 6 0 0 0 0 5 0 0]
 [2 4 0 5 0 0 0 0 7]
 [0 0 0 0 8 0 0 2 0]
 [0 3 8 7 0 0 0 0 5]
 [0 0 0 0 1 0 0 0 0]
 [0 5 0 3 0 7 0 0 4]
 [0 0 0 0 0 0 9 0 0]]
Solution:
[[7 3 0 8 1 5 6 4 9]
 [4 8 9 3 2 6 1 7 5]
 [1 5 6 7 0 4 0 2 8]
 [5 0 7 0 0 9 8 6 2]
 [8 6 2 5 4 1 3 9 7]
 [9 1 4 2 6 3 5 0 0]
 [2 9 5 4 0 0 7 3 1]
 [6 7 0 1 3 8 9 5 4]
 [0 4 3 6 9 2 0 8 0]]
Number of cells unfilled: 14
Accuracy: 82.71604938271605
Sample: 85373
Question:
[[0 0 0 0 5 0 0 0 0]
 [4 0 0 6 0 0 0 9 1]
 [0 1 6 0 0 0 0 3 0]
 [0 0 7 0 0 0 3 0 0]
 [0 4 0 8 0 0 0 1 7]
 [8 0 1 0 0 0 2 0 0]
 [0 0 4 9 0 0 0 0 6]
 [0 9 0 0 0 0 0 2 0]
 [0 0 0 0 0 7 0 5 0]]
Solution:
[[7 3 0 8 1 5 6 4 9]
 [4 8 9 3 2 6 1 7 5]
 [1 5 6 7 0 4 0 2 8]
 [5 0 7 9 0 0 8 6 2]
 [8 6 2 5 4 1 3 9 7]
 [9 1 4 2 6 3 5 0 0]
 [2 9 5 4 0 0 7 3 1]
 [6 7 0 1 3 8 9 5 4]
 [0 4 3 6 9 2 0 8 0]]
Number of cells unfilled: 14
Accuracy: 82.71604938271605
Sample: 85374
Question:
[[0 2 0 0 5 8 3 0 0]
 [8 0 3 1 4 0 0 0 0]
 [0 0 0 0 0 0 0 0 0]
 [5 0 0 0 6 0 0 0 0]
 [0 0 2 0 0 3 5 0 0]
 [0 0 0 0 1 0 0 9 0]
 [2 0 0 0 0 9 7 0 0]
 [0 7 8 6 0 0 0 0 0]
 [0 0 9 4 0 0 0 0 8]]
Solution:
[[7 3 0 9 1 5 6 4 0]
 [4 8 9 3 2 6 1 5 0]
 [1 5 6 7 0 4 0 2 8]
 [5 0 7 0 0 9 8 6 2]
 [8 6 2 5 4 1 3 9 7]
 [9 1 4 2 6 3 5 0 0]
 [2 9 5 4 0 0 7 3 1]
 [6 7 0 1 3 8 9 0 4]
 [0 4 3 6 9 2 0 8 5]]
Number of cells unfilled: 16
Accuracy: 80.24691358024691
Sample: 85375
Question:
[[0 0 1 0 0 5 0 0 4]
 [4 0 0 0 7 0 0 8 0]
 [0 0 0 8 0 4 2 0 0]
 [0 0 5 0 0 7 9 0 0]
 [0 0 2 0 3 0 0 0 6]
 [3 0 0 5 0 0 0 7 0]
 [0 1 0 0 0 0 0 0 0]
 [0 0 0 0 5 0 6 0 9]
 [5 0 0 0 0 3 0 4 0]]
Solution:
[[7 3 0 9 1 5 6 4 0]
 [4 8 9 3 2 6 1 7 5]
 [1 5 6 7 0 4 0 2 8]
 [5 0 7 0 0 9 8 6 2]
 [8 6 2 5 4 1 3 9 7]
 [9 1 4 2 6 3 5 0 0]
 [2 9 5 4 0 0 7 3 1]
 [6 7 0 1 3 8 9 5 4]
 [0 4 3 6 9 2 0 8 0]]
Number of cells unfilled: 15
Accuracy: 81.48148148148148
Sample: 85376
Question:
[[0 0 0 9 8 0 0 0 0]
 [0 3 0 0 6 1 0 0 5]
 [0 0 0 7 0 0 1 0 0]
 [2 0 0 0 0 0 0 5 6]
 [0 0 0 0 7 0 0 4 0]
 [0 4 0 0 0 6 3 0 0]
 [0 0 8 0 9 0 0 0 3]
 [0 6 0 0 0 4 0 1 0]
 [0 0 2 6 0 0 0 0 0]]
Solution:
[[7 3 0 9 1 5 6 4 0]
 [4 8 9 3 2 6 1 5 0]
 [1 5 6 7 0 4 0 2 8]
 [5 0 7 0 0 9 8 6 2]
 [8 6 2 5 4 1 3 9 7]
 [9 1 4 2 6 3 5 0 0]
 [2 9 5 4 0 0 7 3 1]
 [6 7 0 1 3 8 9 0 4]
 [0 4 3 6 9 2 0 8 5]]
Number of cells unfilled: 16
Accuracy: 80.24691358024691
Sample: 85377
Question:
[[0 0 0 0 0 5 0 0 0]
 [0 0 0 6 0 0 0 2 0]
 [7 0 0 0 1 4 0 0 0]
 [0 0 0 0 4 0 9 0 0]
 [0 0 0 2 0 0 7 6 0]
 [0 5 0 0 0 7 1 0 0]
 [6 4 0 5 0 0 2 0 0]
 [1 0 0 3 0 0 0 0 6]
 [5 9 0 0 0 8 0 0 0]]
Solution:
[[7 3 0 8 1 5 6 4 9]
 [4 8 9 3 2 6 1 7 5]
 [1 5 6 7 0 4 0 2 8]
 [5 0 7 0 0 9 8 6 2]
 [8 6 2 5 4 1 3 9 7]
 [9 1 4 2 6 3 5 0 0]
 [2 9 5 4 0 0 7 3 1]
 [6 7 0 1 3 8 9 5 4]
 [0 4 3 6 9 2 0 8 0]]
Number of cells unfilled: 14
Accuracy: 82.71604938271605
Sample: 85378
Question:
[[0 3 0 0 4 0 7 0 8]
 [0 1 0 9 0 0 0 0 0]
 [0 0 8 0 5 0 0 0 4]
 [2 0 0 0 0 1 0 6 0]
 [8 0 1 3 0 0 0 0 0]
 [0 0 0 0 0 6 5 0 0]
 [0 0 0 7 0 0 4 8 0]
 [1 7 0 0 0 0 2 0 0]
 [0 0 5 0 0 0 0 0 9]]
Solution:
[[7 3 0 8 1 5 6 4 9]
 [4 8 9 3 2 6 1 5 0]
 [1 5 6 7 0 4 0 2 8]
 [5 0 7 0 0 9 8 6 2]
 [8 6 2 5 4 1 3 9 7]
 [9 1 4 2 6 3 5 0 0]
 [2 9 5 4 0 0 7 3 1]
 [6 7 0 1 3 8 9 0 4]
 [0 4 3 6 9 2 0 8 5]]
Number of cells unfilled: 15
Accuracy: 81.48148148148148
Sample: 85379
Question:
[[0 8 7 0 9 0 1 0 0]
 [0 0 0 0 0 2 0 0 0]
 [0 9 0 6 0 0 8 0 3]
 [0 0 0 0 7 0 9 0 0]
 [7 0 0 0 5 9 6 1 0]
 [0 0 0 0 0 0 4 0 0]
 [2 0 1 0 3 0 0 8 9]
 [0 0 3 0 0 0 0 0 0]
 [9 4 8 0 0 6 0 0 0]]
Solution:
[[7 3 0 8 1 5 6 4 9]
 [4 8 9 3 2 6 1 5 0]
 [1 5 6 7 0 4 0 2 8]
 [5 0 7 0 0 9 8 6 2]
 [8 6 2 5 4 1 3 9 7]
 [9 1 4 2 6 3 5 0 0]
 [2 9 5 4 0 0 7 3 1]
 [6 7 0 1 3 8 9 0 4]
 [0 4 3 6 9 2 0 8 5]]
Number of cells unfilled: 15
Accuracy: 81.48148148148148
Sample: 85380
Question:
[[0 0 4 0 0 6 0 3 0]
 [0 1 0 0 5 0 0 0 6]
 [9 0 0 3 0 4 0 0 0]
 [8 0 0 7 0 0 0 0 0]
 [0 0 0 0 0 1 8 0 0]
 [0 5 0 0 6 0 0 0 7]
 [0 2 0 0 0 0 6 7 0]
 [1 0 0 0 0 0 0 0 2]
 [0 0 7 0 2 0 5 1 0]]
Solution:
[[7 3 0 9 8 5 6 4 0]
 [4 8 9 3 2 6 1 7 5]
 [1 5 6 7 0 4 0 2 8]
 [5 0 7 0 0 9 8 6 2]
 [8 6 2 5 4 1 3 9 7]
 [9 1 4 2 6 3 5 0 0]
 [2 9 5 4 0 0 7 3 1]
 [6 7 0 1 3 8 9 5 4]
 [0 4 3 6 9 2 0 8 0]]
Number of cells unfilled: 15
Accuracy: 81.48148148148148
Sample: 85381
Question:
[[2 0 0 0 0 0 8 0 0]
 [0 0 3 0 1 2 0 4 0]
 [0 4 0 0 8 0 0 0 9]
 [8 0 2 0 0 4 0 0 0]
 [0 5 6 9 0 0 0 0 0]
 [4 0 0 0 0 0 0 0 6]
 [3 0 8 0 5 0 0 9 7]
 [0 0 5 0 0 0 3 0 0]
 [6 0 0 0 9 0 0 0 2]]
Solution:
[[7 3 0 8 1 5 6 4 9]
 [4 8 9 3 2 6 1 7 5]
 [1 5 6 7 0 4 0 2 8]
 [5 0 7 9 0 0 8 6 2]
 [8 6 2 5 4 1 3 9 7]
 [9 1 4 2 6 3 5 0 0]
 [2 9 5 4 0 0 7 3 1]
 [6 7 0 1 3 8 9 5 4]
 [0 4 3 6 9 2 0 8 0]]
Number of cells unfilled: 14
Accuracy: 82.71604938271605
Sample: 85382
Question:
[[0 0 0 4 0 0 0 0 6]
 [7 0 2 0 0 0 0 0 0]
 [0 0 8 0 2 0 7 0 1]
 [4 7 0 8 1 0 0 9 0]
 [0 3 0 0 0 4 5 1 8]
 [0 2 0 3 0 0 0 0 0]
 [0 5 0 0 0 0 0 0 0]
 [1 0 9 0 0 0 0 0 3]
 [0 0 0 7 0 1 0 0 9]]
Solution:
[[7 3 0 8 1 5 6 4 9]
 [4 8 9 3 2 6 1 5 0]
 [1 5 6 7 0 4 0 2 8]
 [5 0 7 0 0 9 8 6 2]
 [8 6 2 5 4 1 3 9 7]
 [9 1 4 2 6 3 5 0 0]
 [2 9 5 4 0 0 7 3 1]
 [6 7 0 1 3 8 9 0 4]
 [0 4 3 6 9 2 0 8 5]]
Number of cells unfilled: 15
Accuracy: 81.48148148148148
Sample: 85383
Question:
[[0 0 4 0 0 0 6 0 3]
 [0 0 0 0 8 4 0 0 1]
 [2 0 6 0 0 9 0 5 0]
 [0 0 1 9 7 0 0 0 6]
 [0 3 8 0 0 0 0 7 9]
 [0 0 0 0 0 2 0 3 0]
 [4 1 5 0 0 8 0 0 0]
 [0 7 0 0 3 0 0 0 8]
 [8 0 0 0 2 5 4 9 0]]
Solution:
[[7 3 0 9 1 5 6 4 0]
 [4 8 9 3 2 6 1 7 5]
 [1 5 6 7 0 4 0 2 8]
 [5 0 7 0 0 9 8 6 2]
 [8 6 2 5 4 1 3 9 7]
 [9 1 4 2 6 3 5 0 0]
 [2 9 5 4 0 0 7 3 1]
 [6 7 0 1 3 8 9 5 4]
 [0 4 3 6 9 2 0 8 0]]
Number of cells unfilled: 15
Accuracy: 81.48148148148148
Sample: 85384
Question:
[[0 0 0 8 0 0 0 0 6]
 [8 0 0 0 6 0 0 2 0]
 [0 6 0 0 0 9 0 0 8]
 [0 0 9 0 1 0 0 0 0]
 [3 0 0 0 5 0 0 1 0]
 [0 7 1 0 0 4 0 0 5]
 [2 0 0 5 0 0 6 0 3]
 [0 5 0 0 3 0 2 0 1]
 [0 0 0 0 0 0 0 5 0]]
Solution:
[[7 3 0 8 2 5 6 4 9]
 [4 8 9 3 0 6 1 5 0]
 [1 5 6 7 0 4 0 2 8]
 [5 0 7 9 0 0 8 6 2]
 [8 6 2 5 4 1 3 9 7]
 [9 1 4 2 6 3 5 0 0]
 [2 9 5 4 0 0 7 3 1]
 [6 7 0 1 3 8 9 0 4]
 [0 4 3 6 9 2 0 8 5]]
Number of cells unfilled: 16
Accuracy: 80.24691358024691
Sample: 85385
Question:
[[0 0 6 7 0 0 0 2 0]
 [0 2 0 0 5 0 7 0 0]
 [7 0 0 2 0 0 0 0 0]
 [0 0 1 4 0 0 2 9 0]
 [0 4 0 0 8 0 3 0 0]
 [0 8 0 0 0 0 0 0 6]
 [0 0 0 0 4 0 0 0 0]
 [0 3 0 8 0 5 0 4 0]
 [4 0 0 3 0 2 5 0 0]]
Solution:
[[7 3 0 8 1 5 6 4 9]
 [4 8 9 3 2 6 1 5 0]
 [1 5 6 7 0 4 0 2 8]
 [5 0 7 0 0 9 8 6 2]
 [8 6 2 5 4 1 3 9 7]
 [9 1 4 2 6 3 5 0 0]
 [2 9 5 4 0 0 7 3 1]
 [6 7 0 1 3 8 9 0 4]
 [0 4 3 6 9 2 0 8 5]]
Number of cells unfilled: 15
Accuracy: 81.48148148148148
Sample: 85386
Question:
[[0 8 0 2 0 3 0 5 0]
 [0 0 0 0 1 0 0 0 0]
 [0 0 2 4 0 0 0 0 6]
 [0 5 0 0 2 7 6 0 0]
 [0 0 0 0 0 0 0 2 5]
 [0 0 8 6 0 0 0 3 7]
 [8 0 0 0 0 0 0 6 0]
 [0 0 1 9 0 0 0 0 0]
 [0 2 0 0 7 6 0 0 3]]
Solution:
[[7 3 0 8 1 5 6 4 9]
 [4 8 9 3 2 6 1 7 5]
 [1 5 6 7 0 4 0 2 8]
 [5 0 7 0 0 9 8 6 2]
 [8 6 2 5 4 1 3 9 7]
 [9 1 4 2 6 3 5 0 0]
 [2 9 5 4 0 0 7 3 1]
 [6 7 0 1 3 8 9 5 4]
 [0 4 3 6 9 2 0 8 0]]
Number of cells unfilled: 14
Accuracy: 82.71604938271605
Sample: 85387
Question:
[[0 6 0 7 0 0 0 0 0]
 [2 0 3 0 0 1 0 0 0]
 [1 0 0 0 4 0 0 0 0]
 [0 0 0 0 5 0 1 0 0]
 [0 0 0 6 0 0 0 0 4]
 [0 0 8 0 0 9 0 3 0]
 [9 0 0 0 0 8 3 0 0]
 [0 7 0 0 0 0 0 0 5]
 [0 0 1 0 0 0 2 9 0]]
Solution:
[[7 3 0 9 1 5 6 4 0]
 [4 8 9 3 2 6 1 7 5]
 [1 5 6 7 0 4 0 2 8]
 [5 0 7 0 0 9 8 6 2]
 [8 6 2 5 4 1 3 9 7]
 [9 1 4 2 6 3 5 0 0]
 [2 9 5 4 0 0 7 3 1]
 [6 7 0 1 3 8 9 5 4]
 [0 4 3 6 9 2 0 8 0]]
Number of cells unfilled: 15
Accuracy: 81.48148148148148
Sample: 85388
Question:
[[0 5 0 0 0 3 0 0 4]
 [0 0 0 9 0 0 8 0 0]
 [0 0 6 0 2 0 0 5 0]
 [0 0 4 0 0 7 0 0 2]
 [5 0 3 0 0 0 0 0 0]
 [0 2 0 3 1 0 0 4 0]
 [0 6 0 0 0 0 0 0 7]
 [1 4 0 8 0 0 9 0 0]
 [0 0 5 0 0 0 0 1 0]]
Solution:
[[7 3 0 9 8 5 6 4 0]
 [4 8 9 3 2 6 1 5 0]
 [1 5 6 7 0 4 0 2 8]
 [5 0 7 0 0 9 8 6 2]
 [8 6 2 5 4 1 3 9 7]
 [9 1 4 2 6 3 5 0 0]
 [2 9 5 4 0 0 7 3 1]
 [6 7 0 1 3 8 9 0 4]
 [0 4 3 6 9 2 0 8 5]]
Number of cells unfilled: 16
Accuracy: 80.24691358024691
Sample: 85389
Question:
[[9 0 0 0 2 0 7 1 0]
 [0 0 0 0 0 0 0 0 0]
 [0 0 3 9 0 7 0 6 0]
 [0 0 5 0 0 0 0 0 0]
 [0 0 0 0 0 2 0 0 4]
 [7 0 0 6 0 0 2 3 0]
 [6 0 0 0 0 9 1 2 0]
 [0 8 0 0 1 0 0 0 0]
 [0 0 0 2 6 0 5 0 0]]
Solution:
[[7 3 0 8 1 5 6 4 9]
 [4 8 9 3 2 6 1 7 5]
 [1 5 6 7 0 4 0 2 8]
 [5 0 7 0 0 9 8 6 2]
 [8 6 2 5 4 1 3 9 7]
 [9 1 4 2 6 3 5 0 0]
 [2 9 5 4 0 0 7 3 1]
 [6 7 0 1 3 8 9 5 4]
 [0 4 3 6 9 2 0 8 0]]
Number of cells unfilled: 14
Accuracy: 82.71604938271605
Sample: 85390
Question:
[[0 0 2 0 0 0 0 6 0]
 [0 4 0 0 2 0 0 0 7]
 [9 0 0 0 0 1 2 0 0]
 [0 0 0 3 0 0 0 7 0]
 [0 5 0 0 0 7 6 4 0]
 [4 0 0 0 5 0 0 0 9]
 [0 9 0 0 0 0 0 1 0]
 [5 8 0 0 0 3 0 0 0]
 [0 0 4 0 9 0 0 0 8]]
Solution:
[[7 3 0 8 1 5 6 4 9]
 [4 8 9 3 2 6 1 5 0]
 [1 5 6 7 0 4 0 2 8]
 [5 0 7 0 0 9 8 6 2]
 [8 6 2 5 4 1 3 9 7]
 [9 1 4 2 6 3 5 0 0]
 [2 9 5 4 0 0 7 3 1]
 [6 7 0 1 3 8 9 0 4]
 [0 4 3 6 9 2 0 8 5]]
Number of cells unfilled: 15
Accuracy: 81.48148148148148
Sample: 85391
Question:
[[4 0 0 0 7 0 0 9 0]
 [0 8 0 0 0 0 0 0 1]
 [0 0 5 9 0 0 8 0 0]
 [7 0 2 0 4 0 6 0 0]
 [8 0 0 7 0 0 0 2 0]
 [0 5 0 0 0 2 0 0 0]
 [0 0 0 3 9 0 1 0 0]
 [0 6 0 4 0 0 0 0 0]
 [3 0 0 0 0 7 0 4 0]]
Solution:
[[7 3 0 9 1 5 6 4 0]
 [4 8 9 3 2 6 1 7 5]
 [1 5 6 7 0 4 0 2 8]
 [5 0 7 0 0 9 8 6 2]
 [8 6 2 5 4 1 3 9 7]
 [9 1 4 2 6 3 5 0 0]
 [2 9 5 4 0 0 7 3 1]
 [6 7 0 1 3 8 9 5 4]
 [0 4 3 6 9 2 0 8 0]]
Number of cells unfilled: 15
Accuracy: 81.48148148148148
Sample: 85392
Question:
[[0 0 4 0 0 0 0 0 1]
 [0 6 0 0 4 0 5 9 0]
 [0 9 0 0 6 0 2 0 4]
 [7 0 0 0 0 8 0 0 0]
 [0 0 6 4 0 3 0 0 0]
 [0 2 0 0 5 0 9 0 0]
 [0 0 2 0 0 0 3 0 0]
 [0 3 0 5 0 0 0 0 0]
 [6 0 9 0 3 0 0 5 0]]
Solution:
[[7 3 0 8 1 5 6 4 9]
 [4 8 9 3 2 6 1 7 5]
 [1 5 6 7 0 4 0 2 8]
 [5 0 7 9 0 0 8 6 2]
 [8 6 2 5 4 1 3 9 7]
 [9 1 4 2 6 3 5 0 0]
 [2 9 5 4 0 0 7 3 1]
 [6 7 0 1 3 8 9 5 4]
 [0 4 3 6 9 2 0 8 0]]
Number of cells unfilled: 14
Accuracy: 82.71604938271605
Sample: 85393
Question:
[[4 0 0 0 3 0 0 0 1]
 [0 0 3 2 0 0 4 0 0]
 [0 5 0 0 4 0 3 6 0]
 [5 0 0 0 0 0 0 0 6]
 [0 7 0 0 0 0 0 3 0]
 [0 3 8 0 0 2 9 0 0]
 [0 0 9 0 2 0 8 0 0]
 [7 0 0 8 0 0 0 0 0]
 [0 0 0 9 0 0 0 1 0]]
Solution:
[[7 3 0 9 1 5 6 4 0]
 [4 8 9 3 2 6 1 7 5]
 [1 5 6 7 0 4 0 2 8]
 [5 0 7 0 0 9 8 6 2]
 [8 6 2 5 4 1 3 9 7]
 [9 1 4 2 6 3 5 0 0]
 [2 9 5 4 0 0 7 3 1]
 [6 7 0 1 3 8 9 5 4]
 [0 4 3 6 9 2 0 8 0]]
Number of cells unfilled: 15
Accuracy: 81.48148148148148
Sample: 85394
Question:
[[1 3 6 8 0 0 0 0 0]
 [0 8 0 0 0 7 0 9 0]
 [7 0 0 6 3 2 0 0 0]
 [6 0 0 0 0 9 3 1 0]
 [0 0 2 0 6 0 0 7 5]
 [9 7 0 1 0 0 0 8 0]
 [3 0 4 0 0 0 5 0 9]
 [0 2 0 0 4 0 8 0 0]
 [0 0 0 5 2 0 0 6 7]]
Solution:
[[7 3 0 8 1 5 6 4 9]
 [4 8 9 3 2 6 1 7 5]
 [1 5 6 7 0 4 0 2 8]
 [5 0 7 9 0 0 8 6 2]
 [8 6 2 5 4 1 3 9 7]
 [9 1 4 2 6 3 5 0 0]
 [2 9 5 4 0 0 7 3 1]
 [6 7 0 1 3 8 9 5 4]
 [0 4 3 6 9 2 0 8 0]]
Number of cells unfilled: 14
Accuracy: 82.71604938271605
Sample: 85395
Question:
[[0 4 0 6 0 0 0 8 0]
 [0 5 8 0 0 1 0 0 0]
 [6 0 0 0 0 0 0 0 1]
 [0 7 0 0 0 0 0 0 9]
 [8 0 0 0 0 5 0 1 0]
 [0 0 0 0 7 0 3 0 0]
 [0 9 0 5 0 8 1 0 0]
 [5 0 0 0 0 4 0 9 0]
 [0 0 2 3 9 0 0 0 5]]
Solution:
[[7 3 0 8 1 5 6 4 9]
 [4 8 9 3 2 6 1 7 5]
 [1 5 6 7 0 4 0 2 8]
 [5 0 7 9 0 0 8 6 2]
 [8 6 2 5 4 1 3 9 7]
 [9 1 4 2 6 3 5 0 0]
 [2 9 5 4 0 0 7 3 1]
 [6 7 0 1 3 8 9 5 4]
 [0 4 3 6 9 2 0 8 0]]
Number of cells unfilled: 14
Accuracy: 82.71604938271605
Sample: 85396
Question:
[[0 0 3 0 0 2 5 8 0]
 [2 0 0 0 0 0 0 0 0]
 [8 4 6 0 0 0 1 0 0]
 [0 0 0 0 0 0 0 3 0]
 [0 6 0 0 0 0 0 7 0]
 [0 0 7 0 5 3 0 0 0]
 [0 0 9 4 0 0 8 0 0]
 [0 7 8 0 9 5 0 0 1]
 [0 0 0 1 0 0 0 5 0]]
Solution:
[[7 3 0 8 1 5 6 4 9]
 [4 8 9 3 2 6 1 5 0]
 [1 5 6 7 0 4 0 2 8]
 [5 0 7 9 0 0 8 6 2]
 [8 6 2 5 4 1 3 9 7]
 [9 1 4 2 6 3 5 0 0]
 [2 9 5 4 0 0 7 3 1]
 [6 7 0 1 3 8 9 0 4]
 [0 4 3 6 9 2 0 8 5]]
Number of cells unfilled: 15
Accuracy: 81.48148148148148
Sample: 85397
Question:
[[0 0 8 3 0 0 0 2 1]
 [0 3 0 0 0 0 7 0 0]
 [9 0 0 0 0 5 0 0 0]
 [2 0 0 6 0 0 0 0 0]
 [0 0 6 0 3 9 0 1 0]
 [0 9 0 0 8 0 0 0 6]
 [0 0 9 1 0 0 0 0 3]
 [5 4 0 0 7 0 0 0 0]
 [0 0 0 0 0 0 0 4 0]]
Solution:
[[7 3 0 8 1 5 6 4 9]
 [4 8 9 3 2 6 1 7 5]
 [1 5 6 7 0 4 0 2 8]
 [5 0 7 9 0 0 8 6 2]
 [8 6 2 5 4 1 3 9 7]
 [9 1 4 2 6 3 5 0 0]
 [2 9 5 4 0 0 7 3 1]
 [6 7 0 1 3 8 9 5 4]
 [0 4 3 6 9 2 0 8 0]]
Number of cells unfilled: 14
Accuracy: 82.71604938271605
Sample: 85398
Question:
[[0 0 0 0 0 0 0 8 0]
 [7 0 0 0 5 0 0 0 6]
 [0 1 0 0 0 6 7 0 0]
 [3 0 0 0 0 1 2 0 0]
 [0 8 0 0 2 0 0 0 3]
 [2 0 0 4 0 0 0 9 0]
 [0 0 5 9 0 0 0 4 0]
 [6 0 0 0 0 0 8 0 0]
 [0 2 0 0 7 0 0 0 5]]
Solution:
[[7 3 0 8 1 5 6 4 9]
 [4 8 9 3 2 6 1 7 5]
 [1 5 6 7 0 4 0 2 8]
 [5 0 7 9 0 0 8 6 2]
 [8 6 2 5 4 1 3 9 7]
 [9 1 4 2 6 3 5 0 0]
 [2 9 5 4 0 0 7 3 1]
 [6 7 0 1 3 8 9 5 4]
 [0 4 3 6 9 2 0 8 0]]
Number of cells unfilled: 14
Accuracy: 82.71604938271605
Sample: 85399
Question:
[[0 0 0 0 0 0 1 0 0]
 [0 0 1 6 0 0 0 0 2]
 [0 7 0 2 0 0 0 3 0]
 [0 0 9 4 0 0 0 0 8]
 [3 0 0 0 5 0 0 7 0]
 [0 1 0 0 0 2 5 0 0]
 [0 0 6 0 8 4 0 0 0]
 [0 0 0 9 0 0 0 0 0]
 [0 9 0 0 2 6 0 0 4]]
Solution:
[[7 3 0 8 1 5 6 4 9]
 [4 8 9 3 2 6 1 7 5]
 [1 5 6 7 0 4 0 2 8]
 [5 0 7 0 0 9 8 6 2]
 [8 6 2 5 4 1 3 9 7]
 [9 1 4 2 6 3 5 0 0]
 [2 9 5 4 0 0 7 3 1]
 [6 7 0 1 3 8 9 5 4]
 [0 4 3 6 9 2 0 8 0]]
Number of cells unfilled: 14
Accuracy: 82.71604938271605
Sample: 85400
Question:
[[7 0 0 0 0 5 6 0 0]
 [4 8 0 3 0 0 1 0 0]
 [0 0 6 0 0 0 0 2 8]
 [0 0 0 0 0 0 0 0 2]
 [0 0 0 5 4 1 3 0 7]
 [0 0 4 0 0 3 0 0 0]
 [2 9 0 4 0 0 0 0 1]
 [0 0 0 1 0 8 0 0 0]
 [0 0 3 0 9 2 0 0 0]]
Solution:
[[7 3 0 8 1 5 6 4 9]
 [4 8 9 3 2 6 1 7 5]
 [1 5 6 7 0 4 0 2 8]
 [5 0 7 9 0 0 8 6 2]
 [8 6 2 5 4 1 3 9 7]
 [9 1 4 2 6 3 5 0 0]
 [2 9 5 4 0 0 7 3 1]
 [6 7 0 1 3 8 9 5 4]
 [0 4 3 6 9 2 0 8 0]]
Number of cells unfilled: 14
Accuracy: 82.71604938271605
