2025-10-22 16:37:46.985468: I tensorflow/core/util/port.cc:153] oneDNN custom operations are on. You may see slightly different numerical results due to floating-point round-off errors from different computation orders. To turn them off, set the environment variable `TF_ENABLE_ONEDNN_OPTS=0`.
2025-10-22 16:37:47.606149: I tensorflow/core/platform/cpu_feature_guard.cc:210] This TensorFlow binary is optimized to use available CPU instructions in performance-critical operations.
To enable the following instructions: AVX2 AVX512F AVX512_VNNI FMA, in other operations, rebuild TensorFlow with the appropriate compiler flags.
2025-10-22 16:37:52.465940: I tensorflow/core/util/port.cc:153] oneDNN custom operations are on. You may see slightly different numerical results due to floating-point round-off errors from different computation orders. To turn them off, set the environment variable `TF_ENABLE_ONEDNN_OPTS=0`.
2025-10-22 16:37:58.577812: E external/local_xla/xla/stream_executor/cuda/cuda_platform.cc:51] failed call to cuInit: INTERNAL: CUDA error: Failed call to cuInit: UNKNOWN ERROR (303)
Sample: 86301
Question:
[[0 0 0 3 0 0 7 4 0]
 [0 0 4 0 6 0 3 8 0]
 [0 0 0 4 0 8 5 0 0]
 [0 0 1 6 0 0 0 3 0]
 [0 0 0 0 1 0 0 0 7]
 [2 0 0 0 0 3 4 0 0]
 [0 5 0 0 0 0 0 0 0]
 [0 2 0 9 0 0 1 0 0]
 [1 0 3 0 0 6 0 9 0]]
Solution:
[[3 5 6 2 9 1 8 0 4]
 [9 2 7 8 3 4 1 5 6]
 [4 1 8 5 6 7 2 3 0]
 [5 7 0 4 0 2 3 1 9]
 [2 8 4 0 7 3 6 0 0]
 [0 3 9 6 1 8 5 7 2]
 [7 4 0 3 8 0 9 2 5]
 [1 6 5 7 2 0 0 8 3]
 [8 0 2 9 5 6 7 4 1]]
Number of cells unfilled: 13
Accuracy: 83.9506172839506
Sample: 86302
Question:
[[0 0 4 0 0 0 0 0 0]
 [0 0 3 8 9 0 0 0 0]
 [2 9 0 0 0 7 0 8 0]
 [0 0 0 2 0 0 0 7 1]
 [0 0 0 5 0 0 0 0 3]
 [0 2 0 0 7 0 0 6 0]
 [0 6 0 7 0 0 0 5 0]
 [0 0 8 0 6 0 1 0 0]
 [4 0 0 0 0 5 0 0 0]]
Solution:
[[3 5 6 2 9 1 8 0 4]
 [9 2 7 8 3 4 1 5 6]
 [4 1 8 5 6 7 2 3 0]
 [5 7 0 4 0 2 3 1 9]
 [2 8 4 0 7 3 6 0 0]
 [0 3 9 6 1 0 5 7 8]
 [7 4 0 3 8 0 9 2 5]
 [1 6 5 7 2 0 0 8 3]
 [8 0 2 9 5 6 7 4 1]]
Number of cells unfilled: 14
Accuracy: 82.71604938271605
Sample: 86303
Question:
[[0 0 0 0 0 0 0 0 2]
 [0 0 4 0 0 2 9 7 0]
 [0 7 0 0 0 0 4 8 0]
 [0 0 5 0 0 0 0 3 0]
 [6 4 0 1 3 0 0 0 0]
 [0 2 0 0 0 8 0 0 4]
 [0 9 0 0 0 7 0 0 8]
 [1 0 0 0 6 0 0 0 0]
 [0 0 0 5 0 0 0 0 0]]
Solution:
[[3 5 6 2 0 1 8 9 4]
 [9 2 7 8 3 4 1 5 6]
 [4 1 8 5 9 7 2 3 0]
 [5 7 0 4 0 2 3 1 9]
 [2 8 4 0 7 3 6 0 0]
 [0 3 9 6 1 8 5 7 2]
 [7 4 0 3 8 0 9 2 5]
 [1 6 5 7 2 0 0 8 3]
 [8 0 2 9 5 6 7 4 1]]
Number of cells unfilled: 13
Accuracy: 83.9506172839506
Sample: 86304
Question:
[[0 5 0 0 0 7 0 4 0]
 [4 0 0 0 0 0 9 0 0]
 [0 0 0 3 0 2 0 0 6]
 [0 0 0 0 7 0 1 8 0]
 [1 0 0 0 3 0 7 0 0]
 [0 0 0 0 0 8 0 0 5]
 [0 0 3 0 1 6 0 0 0]
 [9 0 8 0 0 4 0 0 0]
 [7 6 0 2 0 0 0 0 0]]
Solution:
[[3 5 6 2 0 1 8 9 4]
 [9 2 7 8 3 4 1 5 6]
 [4 1 8 5 9 7 2 3 0]
 [5 7 0 4 0 2 3 1 9]
 [2 8 4 0 7 3 6 0 0]
 [0 3 0 6 1 9 5 7 8]
 [7 4 0 3 8 0 9 2 5]
 [1 6 5 7 2 0 0 8 3]
 [8 0 2 9 5 6 7 4 1]]
Number of cells unfilled: 14
Accuracy: 82.71604938271605
Sample: 86305
Question:
[[0 0 0 0 0 1 5 0 0]
 [0 0 0 6 7 0 0 3 0]
 [8 0 0 0 0 0 0 7 0]
 [1 3 0 2 0 0 0 6 0]
 [0 4 0 0 0 0 0 0 0]
 [9 0 0 0 8 0 4 0 0]
 [3 0 4 0 9 0 0 1 0]
 [2 0 5 0 0 3 0 0 7]
 [0 0 0 0 0 6 8 0 0]]
Solution:
[[3 5 6 2 0 1 8 9 4]
 [9 2 7 8 3 4 1 5 6]
 [4 1 8 5 9 7 2 3 0]
 [5 7 0 4 0 2 3 1 9]
 [2 8 4 0 7 3 6 0 0]
 [0 3 0 6 1 9 5 7 8]
 [7 4 0 3 8 0 9 2 5]
 [1 6 5 7 2 0 0 8 3]
 [8 0 2 9 5 6 7 4 1]]
Number of cells unfilled: 14
Accuracy: 82.71604938271605
Sample: 86306
Question:
[[0 0 0 8 0 0 3 0 0]
 [6 0 0 0 0 0 4 0 0]
 [0 3 8 0 0 2 0 0 9]
 [0 0 0 0 0 1 0 0 0]
 [0 6 0 0 2 9 1 0 0]
 [0 1 9 7 0 0 0 0 2]
 [3 0 0 0 0 7 0 0 0]
 [0 8 2 0 1 0 0 0 7]
 [0 0 0 0 0 0 0 5 0]]
Solution:
[[3 5 6 2 0 1 8 9 4]
 [9 2 7 8 3 4 1 5 6]
 [4 1 8 5 9 7 2 3 0]
 [5 7 0 4 0 2 3 1 9]
 [2 8 4 0 7 3 6 0 0]
 [0 3 9 6 1 0 5 7 8]
 [7 4 0 3 8 0 9 2 5]
 [1 6 5 7 2 0 0 8 3]
 [8 0 2 9 5 6 7 4 1]]
Number of cells unfilled: 14
Accuracy: 82.71604938271605
Sample: 86307
Question:
[[8 0 0 6 7 0 0 5 0]
 [0 0 0 0 0 0 0 0 7]
 [0 0 0 0 9 0 8 0 6]
 [0 0 2 0 0 9 0 0 0]
 [6 0 0 3 1 0 0 0 8]
 [0 0 1 0 0 0 0 3 0]
 [5 0 0 8 3 0 7 0 0]
 [0 0 0 0 0 1 0 0 5]
 [0 4 0 0 5 0 0 0 0]]
Solution:
[[3 5 6 2 9 1 8 0 4]
 [9 2 7 8 3 4 1 5 6]
 [4 1 8 5 6 7 2 3 0]
 [5 7 0 4 0 2 3 1 9]
 [2 8 4 0 7 3 6 0 0]
 [0 3 0 6 1 9 5 7 2]
 [7 4 0 3 8 0 9 2 5]
 [1 6 5 7 2 0 0 8 3]
 [8 0 2 9 5 6 7 4 1]]
Number of cells unfilled: 14
Accuracy: 82.71604938271605
Sample: 86308
Question:
[[0 0 0 1 0 0 0 0 2]
 [0 0 6 0 3 0 0 9 0]
 [0 0 0 0 0 7 5 0 0]
 [0 0 4 0 8 0 0 3 0]
 [0 0 0 0 0 2 1 0 0]
 [0 0 0 5 0 0 0 0 7]
 [3 0 5 0 0 0 0 0 0]
 [0 6 9 0 0 0 0 4 0]
 [4 8 0 0 6 0 0 0 0]]
Solution:
[[3 5 6 2 9 1 8 0 4]
 [9 2 7 8 3 4 1 5 6]
 [4 1 8 5 6 7 2 3 0]
 [5 7 0 4 0 2 3 1 9]
 [2 8 4 0 7 3 6 0 0]
 [0 3 0 6 1 9 5 7 8]
 [7 4 0 3 8 0 9 2 5]
 [1 6 5 7 2 0 0 8 3]
 [8 0 2 9 5 6 7 4 1]]
Number of cells unfilled: 14
Accuracy: 82.71604938271605
Sample: 86309
Question:
[[0 8 0 0 9 3 6 0 0]
 [9 0 0 0 0 5 0 3 0]
 [0 0 0 4 0 0 0 0 1]
 [0 5 0 0 0 1 0 0 6]
 [0 0 8 0 0 0 4 0 0]
 [6 0 0 7 0 0 0 2 0]
 [0 4 0 5 0 0 0 0 0]
 [0 0 3 0 0 7 0 0 0]
 [8 0 0 0 3 0 2 0 0]]
Solution:
[[3 5 6 2 0 1 8 9 4]
 [9 2 7 8 3 4 1 5 6]
 [4 1 8 5 9 7 2 3 0]
 [5 7 0 4 0 2 3 1 9]
 [2 8 4 0 7 3 6 0 0]
 [0 3 0 6 1 9 5 7 8]
 [7 4 0 3 8 0 9 2 5]
 [1 6 5 7 2 0 0 8 3]
 [8 0 2 9 5 6 7 4 1]]
Number of cells unfilled: 14
Accuracy: 82.71604938271605
Sample: 86310
Question:
[[6 0 0 0 3 0 0 0 0]
 [0 0 0 6 0 0 0 0 0]
 [0 4 2 0 0 8 0 9 0]
 [0 0 0 0 0 0 3 0 5]
 [0 0 4 0 9 3 0 0 8]
 [0 0 0 0 5 0 0 4 0]
 [0 0 7 5 4 0 0 1 0]
 [0 6 0 0 0 7 0 0 0]
 [0 0 1 0 0 0 0 3 2]]
Solution:
[[3 5 6 2 0 1 8 9 4]
 [9 2 7 8 3 4 1 5 6]
 [4 1 8 5 9 7 2 3 0]
 [5 7 0 4 0 2 3 1 9]
 [2 8 4 0 7 3 6 0 0]
 [0 3 9 6 1 0 5 7 8]
 [7 4 0 3 8 0 9 2 5]
 [1 6 5 7 2 0 0 8 3]
 [8 0 2 9 5 6 7 4 1]]
Number of cells unfilled: 14
Accuracy: 82.71604938271605
Sample: 86311
Question:
[[0 2 0 0 0 0 0 0 0]
 [4 0 0 0 0 3 7 0 2]
 [0 0 3 9 0 0 0 5 4]
 [0 0 0 0 1 0 0 0 0]
 [7 1 0 0 9 0 0 0 0]
 [0 0 4 0 0 7 3 0 1]
 [0 4 0 0 0 9 2 0 3]
 [0 0 2 8 0 0 0 0 0]
 [0 0 0 2 0 0 0 6 0]]
Solution:
[[3 5 6 2 9 1 8 0 4]
 [9 2 7 8 3 4 1 5 6]
 [4 1 8 5 6 7 2 3 0]
 [5 7 0 4 0 2 3 1 9]
 [2 8 4 0 7 3 6 0 0]
 [0 3 0 6 1 9 5 7 8]
 [7 4 0 3 8 0 9 2 5]
 [1 6 5 7 2 0 0 8 3]
 [8 0 2 9 5 6 7 4 1]]
Number of cells unfilled: 14
Accuracy: 82.71604938271605
Sample: 86312
Question:
[[1 0 0 0 4 0 0 0 0]
 [0 7 0 0 0 9 0 2 0]
 [0 0 8 7 0 0 5 0 0]
 [0 6 0 0 2 0 9 0 3]
 [0 0 0 0 0 0 0 7 0]
 [0 0 0 0 0 7 6 0 2]
 [0 9 0 0 0 3 0 6 0]
 [4 0 0 8 0 0 0 0 0]
 [5 0 0 0 1 0 0 0 0]]
Solution:
[[3 5 6 2 0 1 8 9 4]
 [9 2 7 8 3 4 1 5 6]
 [4 1 8 5 9 7 2 3 0]
 [5 7 0 4 0 2 3 1 9]
 [2 8 4 0 7 3 6 0 0]
 [0 3 0 6 1 9 5 7 8]
 [7 4 0 3 8 0 9 2 5]
 [1 6 5 7 2 0 0 8 3]
 [8 0 2 9 5 6 7 4 1]]
Number of cells unfilled: 14
Accuracy: 82.71604938271605
Sample: 86313
Question:
[[0 0 0 0 0 0 6 0 0]
 [0 5 0 0 0 0 0 9 2]
 [6 0 0 0 0 2 0 7 5]
 [0 0 8 0 4 0 0 0 7]
 [4 0 0 3 0 0 0 8 0]
 [0 6 0 0 0 7 2 0 0]
 [0 0 1 0 9 0 0 0 3]
 [3 0 0 1 0 0 0 2 0]
 [0 9 0 0 0 3 7 0 0]]
Solution:
[[3 5 6 2 0 1 8 9 4]
 [9 2 7 8 3 4 1 5 6]
 [4 1 8 5 9 7 2 3 0]
 [5 7 0 4 0 2 3 1 9]
 [2 8 4 0 7 3 6 0 0]
 [0 3 9 6 1 0 5 7 8]
 [7 4 0 3 8 0 9 2 5]
 [1 6 5 7 2 0 0 8 3]
 [8 0 2 9 5 6 7 4 1]]
Number of cells unfilled: 14
Accuracy: 82.71604938271605
Sample: 86314
Question:
[[0 9 0 0 0 0 0 5 0]
 [0 0 0 0 3 0 0 9 0]
 [0 0 4 0 0 9 0 0 8]
 [0 0 8 0 0 6 0 0 5]
 [2 0 0 7 0 0 0 0 0]
 [0 5 6 0 0 1 7 0 4]
 [0 6 0 0 0 8 0 4 0]
 [0 0 0 5 0 0 0 0 1]
 [0 0 5 0 1 0 8 0 0]]
Solution:
[[3 5 6 2 0 1 8 9 4]
 [9 2 7 8 3 4 1 5 6]
 [4 1 8 5 9 7 2 3 0]
 [5 7 0 4 0 2 3 1 9]
 [2 8 4 0 7 3 6 0 0]
 [0 3 9 6 1 8 5 7 2]
 [7 4 0 3 8 0 9 2 5]
 [1 6 5 7 2 0 0 8 3]
 [8 0 2 9 5 6 7 4 1]]
Number of cells unfilled: 13
Accuracy: 83.9506172839506
Sample: 86315
Question:
[[0 0 0 0 0 9 0 0 0]
 [0 0 9 2 0 0 4 0 3]
 [5 0 0 0 3 0 0 0 0]
 [0 0 0 1 0 0 9 7 0]
 [0 9 0 4 0 0 8 0 0]
 [0 0 1 0 0 0 2 0 4]
 [0 6 0 0 2 0 0 0 0]
 [0 0 0 9 0 0 0 8 0]
 [0 0 4 0 0 1 3 0 2]]
Solution:
[[3 5 6 2 9 1 8 0 4]
 [9 2 7 8 3 4 1 5 6]
 [4 1 8 5 6 7 2 3 0]
 [5 7 0 4 0 2 3 1 9]
 [2 8 4 0 7 3 6 0 0]
 [0 3 0 6 1 9 5 7 8]
 [7 4 0 3 8 0 9 2 5]
 [1 6 5 7 2 0 0 8 3]
 [8 0 2 9 5 6 7 4 1]]
Number of cells unfilled: 14
Accuracy: 82.71604938271605
Sample: 86316
Question:
[[0 0 0 4 0 0 0 0 0]
 [8 0 3 9 0 0 0 0 0]
 [0 5 0 0 2 0 9 0 0]
 [0 0 0 0 7 0 0 0 1]
 [0 0 0 0 0 2 0 0 0]
 [7 4 0 5 0 0 2 0 0]
 [5 7 0 0 0 9 4 0 0]
 [0 0 4 0 5 0 0 8 0]
 [0 0 6 0 0 0 0 0 9]]
Solution:
[[3 5 6 2 9 1 8 0 4]
 [9 2 7 8 3 4 1 5 6]
 [4 1 8 5 6 7 2 3 0]
 [5 7 0 4 0 2 3 1 9]
 [2 8 4 0 7 3 6 0 0]
 [0 3 0 6 1 9 5 7 8]
 [7 4 0 3 8 0 9 2 5]
 [1 6 5 7 2 0 0 8 3]
 [8 0 2 9 5 6 7 4 1]]
Number of cells unfilled: 14
Accuracy: 82.71604938271605
Sample: 86317
Question:
[[0 0 0 8 0 0 0 5 0]
 [0 0 0 2 0 0 4 9 0]
 [0 2 0 0 0 9 0 1 8]
 [0 9 0 1 0 0 0 8 7]
 [0 0 6 0 0 7 0 0 0]
 [0 0 0 0 9 0 0 0 0]
 [0 8 0 0 2 0 0 7 1]
 [3 0 0 0 0 1 0 0 0]
 [0 0 2 0 0 0 5 0 0]]
Solution:
[[3 5 6 2 9 1 8 0 4]
 [9 2 7 8 3 4 1 5 6]
 [4 1 8 5 6 7 2 3 0]
 [5 7 0 4 0 2 3 1 9]
 [2 8 4 0 7 3 6 0 0]
 [0 3 9 6 1 0 5 7 8]
 [7 4 0 3 8 0 9 2 5]
 [1 6 5 7 2 0 0 8 3]
 [8 0 2 9 5 6 7 4 1]]
Number of cells unfilled: 14
Accuracy: 82.71604938271605
Sample: 86318
Question:
[[0 0 1 0 3 0 0 4 8]
 [0 0 8 7 1 0 0 0 3]
 [0 0 0 6 0 0 5 0 0]
 [0 0 0 0 0 0 0 7 0]
 [0 0 9 0 4 0 0 0 1]
 [2 0 0 0 0 0 0 0 0]
 [0 9 0 0 0 0 0 0 4]
 [8 0 0 0 9 0 0 3 0]
 [0 0 3 4 0 1 0 0 0]]
Solution:
[[3 5 6 2 0 1 8 9 4]
 [9 2 7 8 3 4 1 5 6]
 [4 1 8 5 9 7 2 3 0]
 [5 7 0 4 0 2 3 1 9]
 [2 8 4 0 7 3 6 0 0]
 [0 3 0 6 1 9 5 7 8]
 [7 4 0 3 8 0 9 2 5]
 [1 6 5 7 2 0 0 8 3]
 [8 0 2 9 5 6 7 4 1]]
Number of cells unfilled: 14
Accuracy: 82.71604938271605
Sample: 86319
Question:
[[0 2 0 0 0 0 0 0 4]
 [0 0 9 1 0 2 8 0 0]
 [0 0 1 8 0 0 9 0 3]
 [0 0 5 0 0 3 0 0 0]
 [0 0 0 9 0 0 0 8 5]
 [9 0 0 0 1 0 3 0 0]
 [0 0 8 3 0 0 5 0 0]
 [0 5 0 0 7 0 0 0 0]
 [6 0 0 0 0 0 0 0 0]]
Solution:
[[3 5 6 2 0 1 8 9 4]
 [9 2 7 8 3 4 1 5 6]
 [4 1 8 5 9 7 2 3 0]
 [5 7 0 4 0 2 3 1 9]
 [2 8 4 0 7 3 6 0 0]
 [0 3 0 6 1 9 5 7 8]
 [7 4 0 3 8 0 9 2 5]
 [1 6 5 7 2 0 0 8 3]
 [8 0 2 9 5 6 7 4 1]]
Number of cells unfilled: 14
Accuracy: 82.71604938271605
Sample: 86320
Question:
[[0 2 0 0 0 0 0 4 0]
 [1 0 3 0 0 4 0 0 6]
 [0 0 0 0 0 0 0 1 0]
 [3 0 5 0 0 1 4 0 0]
 [2 0 4 0 8 0 0 0 3]
 [0 9 0 0 0 0 0 0 0]
 [5 0 1 0 0 6 0 3 0]
 [9 0 0 0 0 0 6 0 0]
 [0 0 0 7 0 0 0 0 5]]
Solution:
[[3 5 6 2 9 1 8 0 4]
 [9 2 7 8 3 4 1 5 6]
 [4 1 8 5 6 7 2 3 0]
 [5 7 0 4 0 2 3 1 9]
 [2 8 4 0 7 3 6 0 0]
 [0 3 9 6 1 8 5 7 2]
 [7 4 0 3 8 0 9 2 5]
 [1 6 5 7 2 0 0 8 3]
 [8 0 2 9 5 6 7 4 1]]
Number of cells unfilled: 13
Accuracy: 83.9506172839506
Sample: 86321
Question:
[[0 3 0 8 7 0 0 0 4]
 [0 0 0 1 0 0 3 0 0]
 [0 0 5 0 0 0 0 8 0]
 [0 7 0 4 8 0 6 0 0]
 [9 0 0 0 6 0 0 4 0]
 [0 0 0 5 0 1 0 0 0]
 [0 6 0 7 4 0 0 3 0]
 [0 0 0 0 0 2 0 0 6]
 [0 0 0 0 0 0 0 0 7]]
Solution:
[[3 5 6 2 9 1 8 0 4]
 [9 2 7 8 3 4 1 5 6]
 [4 1 8 5 6 7 2 3 0]
 [5 7 0 4 0 2 3 1 9]
 [2 8 4 0 7 3 6 0 0]
 [0 3 9 6 1 0 5 7 8]
 [7 4 0 3 8 0 9 2 5]
 [1 6 5 7 2 0 0 8 3]
 [8 0 2 9 5 6 7 4 1]]
Number of cells unfilled: 14
Accuracy: 82.71604938271605
Sample: 86322
Question:
[[0 8 0 0 3 1 0 4 0]
 [0 0 0 0 0 0 1 0 0]
 [0 0 9 4 0 0 0 0 8]
 [0 4 0 1 0 0 3 0 0]
 [0 0 7 0 0 3 0 0 0]
 [0 0 0 0 0 0 0 0 2]
 [0 3 0 8 0 0 9 0 0]
 [0 0 0 0 0 6 0 5 3]
 [5 9 0 0 0 0 8 0 6]]
Solution:
[[3 5 6 2 0 1 8 9 4]
 [9 2 7 8 3 4 1 5 6]
 [4 1 8 5 9 7 2 3 0]
 [5 7 0 4 0 2 3 1 9]
 [2 8 4 0 7 3 6 0 0]
 [0 3 0 6 1 9 5 7 2]
 [7 4 0 3 8 0 9 2 5]
 [1 6 5 7 2 0 0 8 3]
 [8 0 2 9 5 6 7 4 1]]
Number of cells unfilled: 14
Accuracy: 82.71604938271605
Sample: 86323
Question:
[[4 0 0 0 0 2 7 0 8]
 [0 1 0 8 0 0 0 0 0]
 [0 0 2 0 0 0 0 6 0]
 [0 0 3 7 0 0 0 0 0]
 [0 0 0 0 0 5 0 0 0]
 [5 0 0 0 8 0 4 0 7]
 [0 0 0 0 2 0 0 9 1]
 [2 0 0 5 0 0 8 0 4]
 [0 0 0 0 4 0 0 0 0]]
Solution:
[[3 5 6 2 9 1 8 0 4]
 [9 2 7 8 3 4 1 5 6]
 [4 1 8 5 6 7 2 3 0]
 [5 7 0 4 0 2 3 1 9]
 [2 8 4 0 7 3 6 0 0]
 [0 3 0 6 1 9 5 7 2]
 [7 4 0 3 8 0 9 2 5]
 [1 6 5 7 2 0 0 8 3]
 [8 0 2 9 5 6 7 4 1]]
Number of cells unfilled: 14
Accuracy: 82.71604938271605
Sample: 86324
Question:
[[8 0 0 0 0 0 0 0 6]
 [0 1 0 6 2 0 8 0 0]
 [0 0 5 0 0 8 0 1 0]
 [0 2 0 8 3 1 0 0 5]
 [0 0 0 4 0 0 3 0 0]
 [0 5 0 0 0 2 0 0 1]
 [0 0 0 0 0 0 0 9 0]
 [0 8 0 0 0 6 0 0 2]
 [0 0 7 0 0 0 0 0 0]]
Solution:
[[3 5 6 2 9 1 8 0 4]
 [9 2 7 8 3 4 1 5 6]
 [4 1 8 5 6 7 2 3 0]
 [5 7 0 4 0 2 3 1 9]
 [2 8 4 0 7 3 6 0 0]
 [0 3 9 6 1 8 5 7 2]
 [7 4 0 3 8 0 9 2 5]
 [1 6 5 7 2 0 0 8 3]
 [8 0 2 9 5 6 7 4 1]]
Number of cells unfilled: 13
Accuracy: 83.9506172839506
Sample: 86325
Question:
[[8 5 0 0 0 3 0 0 0]
 [2 0 1 0 6 0 8 0 0]
 [0 0 6 0 0 4 1 0 0]
 [0 0 2 0 0 0 0 0 9]
 [6 0 0 0 9 0 0 1 0]
 [0 0 0 8 0 2 6 0 0]
 [0 0 8 0 2 0 9 0 0]
 [0 0 0 0 0 0 0 7 0]
 [4 0 0 0 0 0 0 0 0]]
Solution:
[[3 5 6 2 9 1 8 0 4]
 [9 2 7 8 3 4 1 5 6]
 [4 1 8 5 6 7 2 3 0]
 [5 7 0 4 0 2 3 1 9]
 [2 8 4 0 7 3 6 0 0]
 [0 3 9 6 1 8 5 7 2]
 [7 4 0 3 8 0 9 2 5]
 [1 6 5 7 2 0 0 8 3]
 [8 0 2 9 5 6 7 4 1]]
Number of cells unfilled: 13
Accuracy: 83.9506172839506
Sample: 86326
Question:
[[0 0 0 6 0 0 0 0 0]
 [0 5 0 2 0 0 0 9 0]
 [0 7 2 0 0 0 6 0 4]
 [7 8 0 5 0 0 0 0 0]
 [9 0 0 0 0 1 0 0 0]
 [0 6 0 0 3 8 5 0 0]
 [0 2 0 8 6 0 7 0 0]
 [0 0 0 0 0 0 4 5 0]
 [5 0 0 0 0 0 0 6 9]]
Solution:
[[3 5 6 2 9 1 8 0 4]
 [9 2 7 8 3 4 1 5 6]
 [4 1 8 5 6 7 2 3 0]
 [5 7 0 4 0 2 3 1 9]
 [2 8 4 0 7 3 6 0 0]
 [0 3 9 6 1 8 5 7 2]
 [7 4 0 3 8 0 9 2 5]
 [1 6 5 7 2 0 0 8 3]
 [8 0 2 9 5 6 7 4 1]]
Number of cells unfilled: 13
Accuracy: 83.9506172839506
Sample: 86327
Question:
[[0 0 6 0 0 9 0 5 0]
 [0 0 0 7 0 0 0 0 9]
 [0 9 7 5 0 0 8 6 0]
 [0 0 0 0 0 0 1 0 0]
 [2 0 0 4 0 0 0 8 0]
 [0 7 8 0 0 1 0 0 5]
 [0 6 2 0 0 7 0 0 8]
 [0 3 0 0 2 0 0 0 0]
 [0 0 0 1 0 0 0 3 0]]
Solution:
[[3 5 6 2 0 1 8 9 4]
 [9 2 7 8 3 4 1 5 6]
 [4 1 8 5 9 7 2 3 0]
 [5 7 0 4 0 2 3 1 9]
 [2 8 4 0 7 3 6 0 0]
 [0 3 0 6 1 9 5 7 8]
 [7 4 0 3 8 0 9 2 5]
 [1 6 5 7 2 0 0 8 3]
 [8 0 2 9 5 6 7 4 1]]
Number of cells unfilled: 14
Accuracy: 82.71604938271605
Sample: 86328
Question:
[[0 0 5 0 9 1 0 0 2]
 [0 0 0 0 0 8 5 4 0]
 [6 0 0 0 0 0 1 9 0]
 [0 0 1 0 2 5 4 0 0]
 [0 0 0 8 0 0 0 0 0]
 [0 5 0 0 0 0 0 2 0]
 [0 0 0 3 8 0 0 0 0]
 [0 0 9 0 4 2 0 1 0]
 [0 7 0 0 0 9 2 0 0]]
Solution:
[[3 5 6 2 0 1 8 9 4]
 [9 2 7 8 3 4 1 5 6]
 [4 1 8 5 9 7 2 3 0]
 [5 7 0 4 0 2 3 1 9]
 [2 8 4 0 7 3 6 0 0]
 [0 3 9 6 1 8 5 7 2]
 [7 4 0 3 8 0 9 2 5]
 [1 6 5 7 2 0 0 8 3]
 [8 0 2 9 5 6 7 4 1]]
Number of cells unfilled: 13
Accuracy: 83.9506172839506
Sample: 86329
Question:
[[7 0 0 9 0 6 2 0 0]
 [0 0 0 0 7 0 1 6 0]
 [0 0 0 0 0 0 0 0 5]
 [0 2 0 4 0 7 3 0 0]
 [0 0 0 0 6 0 0 1 0]
 [9 0 0 8 0 0 0 0 0]
 [3 4 0 0 8 0 0 0 0]
 [0 0 9 7 0 3 4 0 0]
 [2 7 0 0 0 0 0 0 0]]
Solution:
[[3 5 6 2 0 1 8 9 4]
 [9 2 7 8 3 4 1 5 6]
 [4 1 8 5 9 7 2 3 0]
 [5 7 0 4 0 2 3 1 9]
 [2 8 4 0 7 3 6 0 0]
 [0 3 9 6 1 8 5 7 2]
 [7 4 0 3 8 0 9 2 5]
 [1 6 5 7 2 0 0 8 3]
 [8 0 2 9 5 6 7 4 1]]
Number of cells unfilled: 13
Accuracy: 83.9506172839506
Sample: 86330
Question:
[[0 0 5 0 0 3 0 0 0]
 [2 0 0 0 9 5 0 0 7]
 [0 7 0 2 0 0 0 0 0]
 [0 4 0 0 0 0 0 0 0]
 [0 5 0 0 0 6 0 1 0]
 [0 0 2 9 0 0 0 0 5]
 [0 0 3 5 0 0 6 0 1]
 [0 0 0 0 1 0 0 8 0]
 [0 0 7 3 0 0 0 0 9]]
Solution:
[[3 5 6 2 9 1 8 0 4]
 [9 2 7 8 3 4 1 5 6]
 [4 1 8 5 6 7 2 3 0]
 [5 7 0 4 0 2 3 1 9]
 [2 8 4 0 7 3 6 0 0]
 [0 3 0 6 1 9 5 7 2]
 [7 4 0 3 8 0 9 2 5]
 [1 6 5 7 2 0 0 8 3]
 [8 0 2 9 5 6 7 4 1]]
Number of cells unfilled: 14
Accuracy: 82.71604938271605
Sample: 86331
Question:
[[0 0 0 0 0 0 0 0 6]
 [0 3 4 7 0 0 0 0 0]
 [0 5 6 4 0 0 0 9 0]
 [0 4 2 3 0 1 0 5 0]
 [0 0 0 0 0 5 4 7 0]
 [0 0 0 8 0 0 0 0 0]
 [3 0 7 9 2 0 0 0 0]
 [4 0 5 0 0 3 2 0 0]
 [0 0 0 0 0 0 6 0 0]]
Solution:
[[3 5 6 2 9 1 8 0 4]
 [9 2 7 8 3 4 1 5 6]
 [4 1 8 5 6 7 2 3 0]
 [5 7 0 4 0 2 3 1 9]
 [2 8 4 0 7 3 6 0 0]
 [0 3 9 6 1 8 5 7 2]
 [7 4 0 3 8 0 9 2 5]
 [1 6 5 7 2 0 0 8 3]
 [8 0 2 9 5 6 7 4 1]]
Number of cells unfilled: 13
Accuracy: 83.9506172839506
Sample: 86332
Question:
[[2 0 0 0 0 0 7 0 0]
 [0 0 9 6 7 0 0 0 2]
 [0 8 0 0 0 0 9 0 0]
 [0 0 2 7 3 0 1 0 0]
 [5 0 0 0 0 0 0 0 3]
 [0 0 0 0 0 4 0 0 0]
 [0 0 3 1 2 0 0 9 0]
 [0 0 0 0 0 6 0 0 0]
 [6 0 0 0 4 0 2 0 1]]
Solution:
[[3 5 6 2 0 1 8 9 4]
 [9 2 7 8 3 4 1 5 6]
 [4 1 8 5 9 7 2 3 0]
 [5 7 0 4 0 2 3 1 9]
 [2 8 4 0 7 3 6 0 0]
 [0 3 9 6 1 8 5 7 2]
 [7 4 0 3 8 0 9 2 5]
 [1 6 5 7 2 0 0 8 3]
 [8 0 2 9 5 6 7 4 1]]
Number of cells unfilled: 13
Accuracy: 83.9506172839506
Sample: 86333
Question:
[[0 0 0 2 0 0 0 0 5]
 [0 0 5 0 0 3 4 0 0]
 [0 7 0 0 5 0 0 9 0]
 [6 0 0 1 0 0 0 0 8]
 [0 0 0 0 0 4 0 3 0]
 [0 0 9 0 2 0 1 0 0]
 [0 0 3 0 0 2 0 1 0]
 [8 0 0 6 0 0 0 0 0]
 [0 4 0 0 9 0 7 0 0]]
Solution:
[[3 5 6 2 9 1 8 0 4]
 [9 2 7 8 3 4 1 5 6]
 [4 1 8 5 6 7 2 3 0]
 [5 7 0 4 0 2 3 1 9]
 [2 8 4 0 7 3 6 0 0]
 [0 3 0 6 1 9 5 7 8]
 [7 4 0 3 8 0 9 2 5]
 [1 6 5 7 2 0 0 8 3]
 [8 0 2 9 5 6 7 4 1]]
Number of cells unfilled: 14
Accuracy: 82.71604938271605
Sample: 86334
Question:
[[0 0 4 0 0 8 0 0 9]
 [0 0 0 0 7 0 0 2 0]
 [6 0 0 3 0 0 5 0 0]
 [8 0 0 9 0 0 0 0 3]
 [0 4 0 0 2 0 0 0 0]
 [0 0 5 0 0 0 6 0 0]
 [0 0 9 5 0 0 0 0 1]
 [4 0 0 0 0 1 8 0 0]
 [0 1 0 0 3 0 0 7 0]]
Solution:
[[3 5 6 2 0 1 8 9 4]
 [9 2 7 8 3 4 1 5 6]
 [4 1 8 5 9 7 2 3 0]
 [5 7 0 4 0 2 3 1 9]
 [2 8 4 0 7 3 6 0 0]
 [0 3 9 6 1 8 5 7 2]
 [7 4 0 3 8 0 9 2 5]
 [1 6 5 7 2 0 0 8 3]
 [8 0 2 9 5 6 7 4 1]]
Number of cells unfilled: 13
Accuracy: 83.9506172839506
Sample: 86335
Question:
[[1 0 8 0 2 0 5 0 0]
 [5 7 0 1 0 4 0 0 0]
 [0 0 0 0 0 0 0 0 0]
 [4 0 1 3 0 0 9 0 5]
 [8 0 0 2 0 0 0 0 0]
 [0 9 7 0 4 0 0 1 0]
 [7 0 0 0 0 1 0 0 0]
 [0 0 0 8 0 0 2 3 0]
 [0 0 9 0 0 0 0 6 0]]
Solution:
[[3 5 6 2 0 1 8 9 4]
 [9 2 7 8 3 4 1 5 6]
 [4 1 8 5 9 7 2 3 0]
 [5 7 0 4 0 2 3 1 9]
 [2 8 4 0 7 3 6 0 0]
 [0 3 9 6 1 8 5 7 2]
 [7 4 0 3 8 0 9 2 5]
 [1 6 5 7 2 0 0 8 3]
 [8 0 2 9 5 6 7 4 1]]
Number of cells unfilled: 13
Accuracy: 83.9506172839506
Sample: 86336
Question:
[[9 0 2 0 0 3 0 0 6]
 [0 1 0 0 0 0 3 0 4]
 [0 0 0 0 0 0 0 1 8]
 [0 0 0 9 0 7 0 0 0]
 [3 0 0 2 5 1 0 0 0]
 [0 6 0 0 0 0 0 5 0]
 [0 0 0 5 0 0 0 0 0]
 [0 0 8 0 9 0 0 0 0]
 [0 0 9 1 8 0 0 4 2]]
Solution:
[[3 5 6 2 9 1 8 0 4]
 [9 2 7 8 3 4 1 5 6]
 [4 1 8 5 6 7 2 3 0]
 [5 7 0 4 0 2 3 1 9]
 [2 8 4 0 7 3 6 0 0]
 [0 3 0 6 1 9 5 7 2]
 [7 4 0 3 8 0 9 2 5]
 [1 6 5 7 2 0 0 8 3]
 [8 0 2 9 5 6 7 4 1]]
Number of cells unfilled: 14
Accuracy: 82.71604938271605
Sample: 86337
Question:
[[0 0 0 0 0 0 4 0 0]
 [0 0 0 0 0 7 0 5 6]
 [5 0 0 6 0 0 2 0 0]
 [0 2 7 4 8 0 0 0 5]
 [6 0 0 0 0 0 0 0 0]
 [0 0 4 0 9 0 0 0 8]
 [0 0 0 9 4 0 0 0 0]
 [0 6 0 0 0 5 7 0 0]
 [0 0 0 0 0 1 9 0 0]]
Solution:
[[3 5 6 2 9 1 8 0 4]
 [9 2 7 8 3 4 1 5 6]
 [4 1 8 5 6 7 2 3 0]
 [5 7 0 4 0 2 3 1 9]
 [2 8 4 0 7 3 6 0 0]
 [0 3 9 6 1 8 5 7 2]
 [7 4 0 3 8 0 9 2 5]
 [1 6 5 7 2 0 0 8 3]
 [8 0 2 9 5 6 7 4 1]]
Number of cells unfilled: 13
Accuracy: 83.9506172839506
Sample: 86338
Question:
[[0 0 6 0 0 5 0 2 0]
 [1 0 0 0 0 0 0 0 0]
 [3 2 0 8 0 0 0 0 6]
 [2 0 7 0 0 0 0 1 4]
 [9 0 0 0 0 2 5 0 0]
 [0 6 0 1 0 4 0 0 0]
 [0 3 0 0 0 0 4 0 0]
 [8 0 0 5 0 6 9 3 0]
 [0 0 2 0 0 0 0 8 0]]
Solution:
[[3 5 6 2 9 1 8 0 4]
 [9 2 7 8 3 4 1 5 6]
 [4 1 8 5 6 7 2 3 0]
 [5 7 0 4 0 2 3 1 9]
 [2 8 4 0 7 3 6 0 0]
 [0 3 0 6 1 9 5 7 8]
 [7 4 0 3 8 0 9 2 5]
 [1 6 5 7 2 0 0 8 3]
 [8 0 2 9 5 6 7 4 1]]
Number of cells unfilled: 14
Accuracy: 82.71604938271605
Sample: 86339
Question:
[[6 0 0 1 0 0 0 2 0]
 [0 0 0 0 6 0 8 0 0]
 [0 0 5 0 0 2 7 0 0]
 [0 0 0 0 2 0 0 0 7]
 [3 0 0 0 0 1 0 8 0]
 [0 9 0 8 3 0 0 0 4]
 [8 0 0 0 1 0 0 9 0]
 [0 4 9 0 0 0 0 0 0]
 [0 6 0 0 0 9 5 0 0]]
Solution:
[[3 5 6 2 0 1 8 9 4]
 [9 2 7 8 3 4 1 5 6]
 [4 1 8 5 9 7 2 3 0]
 [5 7 0 4 0 2 3 1 9]
 [2 8 4 0 7 3 6 0 0]
 [0 3 9 6 1 8 5 7 2]
 [7 4 0 3 8 0 9 2 5]
 [1 6 5 7 2 0 0 8 3]
 [8 0 2 9 5 6 7 4 1]]
Number of cells unfilled: 13
Accuracy: 83.9506172839506
Sample: 86340
Question:
[[0 0 0 1 0 0 5 0 0]
 [0 0 0 0 0 8 0 0 7]
 [0 5 0 6 0 0 9 1 0]
 [0 0 0 0 2 0 0 0 0]
 [0 4 6 0 0 5 0 0 0]
 [0 0 3 0 0 0 4 0 0]
 [0 0 7 0 3 0 1 0 9]
 [6 0 2 8 0 7 0 0 5]
 [0 1 5 0 0 0 0 0 0]]
Solution:
[[3 5 6 2 0 1 8 9 4]
 [9 2 7 8 3 4 1 5 6]
 [4 1 8 5 9 7 2 3 0]
 [5 7 0 4 0 2 3 1 9]
 [2 8 4 0 7 3 6 0 0]
 [0 3 0 6 1 9 5 7 8]
 [7 4 0 3 8 0 9 2 5]
 [1 6 5 7 2 0 0 8 3]
 [8 0 2 9 5 6 7 4 1]]
Number of cells unfilled: 14
Accuracy: 82.71604938271605
Sample: 86341
Question:
[[0 6 2 0 0 0 0 3 0]
 [4 0 0 0 5 6 0 7 0]
 [9 0 0 0 0 0 2 0 0]
 [7 0 0 6 4 8 0 0 0]
 [1 0 9 0 0 0 0 0 0]
 [0 0 0 0 9 0 0 2 0]
 [0 0 0 0 0 0 0 9 0]
 [0 0 0 3 6 2 7 0 4]
 [0 0 4 0 1 0 5 0 0]]
Solution:
[[3 5 6 2 9 1 8 0 4]
 [9 2 7 8 3 4 1 5 6]
 [4 1 8 5 6 7 2 3 0]
 [5 7 0 4 0 2 3 1 9]
 [2 8 4 0 7 3 6 0 0]
 [0 3 9 6 1 8 5 7 2]
 [7 4 0 3 8 0 9 2 5]
 [1 6 5 7 2 0 0 8 3]
 [8 0 2 9 5 6 7 4 1]]
Number of cells unfilled: 13
Accuracy: 83.9506172839506
Sample: 86342
Question:
[[0 1 0 0 0 3 0 0 7]
 [8 0 0 0 0 0 9 0 0]
 [0 0 2 7 0 0 0 4 0]
 [0 0 3 0 0 0 0 2 0]
 [0 0 0 0 5 0 7 0 0]
 [0 4 0 1 0 0 0 0 6]
 [9 0 0 0 4 0 8 0 0]
 [0 2 0 0 0 1 0 0 5]
 [0 0 1 6 0 0 0 7 0]]
Solution:
[[3 5 6 2 9 1 8 0 4]
 [9 2 7 8 3 4 1 5 6]
 [4 1 8 5 6 7 2 3 0]
 [5 7 0 4 0 2 3 1 9]
 [2 8 4 0 7 3 6 0 0]
 [0 3 0 6 1 9 5 7 8]
 [7 4 0 3 8 0 9 2 5]
 [1 6 5 7 2 0 0 8 3]
 [8 0 2 9 5 6 7 4 1]]
Number of cells unfilled: 14
Accuracy: 82.71604938271605
Sample: 86343
Question:
[[4 0 0 0 0 0 0 1 0]
 [0 2 0 1 0 0 0 4 7]
 [0 0 7 0 4 0 9 0 0]
 [5 0 0 0 0 6 3 8 0]
 [0 0 0 8 0 0 0 0 0]
 [0 0 4 0 3 0 0 9 0]
 [2 0 0 0 0 0 8 0 0]
 [0 6 0 5 0 0 0 0 0]
 [0 0 3 0 1 0 0 0 9]]
Solution:
[[3 5 6 2 0 1 8 9 4]
 [9 2 7 8 3 4 1 5 6]
 [4 1 8 5 9 7 2 3 0]
 [5 7 0 4 0 2 3 1 9]
 [2 8 4 0 7 3 6 0 0]
 [0 3 9 6 1 8 5 7 2]
 [7 4 0 3 8 0 9 2 5]
 [1 6 5 7 2 0 0 8 3]
 [8 0 2 9 5 6 7 4 1]]
Number of cells unfilled: 13
Accuracy: 83.9506172839506
Sample: 86344
Question:
[[0 0 0 0 0 0 0 0 5]
 [0 5 0 9 1 0 0 8 0]
 [0 6 0 0 2 0 0 1 4]
 [0 0 7 0 6 0 0 0 0]
 [0 2 0 0 0 9 0 6 0]
 [0 0 0 2 8 0 4 0 0]
 [0 1 0 8 0 0 0 2 0]
 [5 0 0 0 0 0 0 0 0]
 [3 0 0 0 9 1 0 0 0]]
Solution:
[[3 5 6 2 0 1 8 9 4]
 [9 2 7 8 3 4 1 5 6]
 [4 1 8 5 9 7 2 3 0]
 [5 7 0 4 0 2 3 1 9]
 [2 8 4 0 7 3 6 0 0]
 [0 3 0 6 1 9 5 7 8]
 [7 4 0 3 8 0 9 2 5]
 [1 6 5 7 2 0 0 8 3]
 [8 0 2 9 5 6 7 4 1]]
Number of cells unfilled: 14
Accuracy: 82.71604938271605
Sample: 86345
Question:
[[0 6 0 0 0 0 0 0 9]
 [1 0 3 0 0 2 5 0 0]
 [0 0 0 8 4 0 7 0 0]
 [0 0 7 0 3 0 0 0 0]
 [0 2 4 0 0 0 0 0 0]
 [0 8 0 0 0 0 9 0 3]
 [0 7 0 0 2 8 0 0 0]
 [0 1 0 6 0 0 0 0 7]
 [0 0 6 7 0 4 0 0 0]]
Solution:
[[3 5 6 2 0 1 8 9 4]
 [9 2 7 8 3 4 1 5 6]
 [4 1 8 5 9 7 2 3 0]
 [5 7 0 4 0 2 3 1 9]
 [2 8 4 0 7 3 6 0 0]
 [0 3 9 6 1 8 5 7 2]
 [7 4 0 3 8 0 9 2 5]
 [1 6 5 7 2 0 0 8 3]
 [8 0 2 9 5 6 7 4 1]]
Number of cells unfilled: 13
Accuracy: 83.9506172839506
Sample: 86346
Question:
[[0 0 0 0 0 0 4 2 0]
 [0 0 0 3 0 0 0 0 8]
 [8 0 0 0 0 5 0 6 7]
 [0 0 4 0 7 1 0 0 9]
 [0 8 0 2 0 0 0 0 0]
 [9 0 3 0 0 0 0 8 0]
 [0 0 0 0 0 2 0 0 0]
 [0 9 0 0 0 7 6 0 4]
 [1 5 0 6 0 0 0 9 0]]
Solution:
[[3 5 6 2 0 1 8 9 4]
 [9 2 7 8 3 4 1 5 6]
 [4 1 8 5 9 7 2 3 0]
 [5 7 0 4 0 2 3 1 9]
 [2 8 4 0 7 3 6 0 0]
 [0 3 9 6 1 0 5 7 8]
 [7 4 0 3 8 0 9 2 5]
 [1 6 5 7 2 0 0 8 3]
 [8 0 2 9 5 6 7 4 1]]
Number of cells unfilled: 14
Accuracy: 82.71604938271605
Sample: 86347
Question:
[[0 8 0 0 2 0 6 0 3]
 [6 0 0 4 0 0 0 0 9]
 [0 0 5 1 0 0 7 8 4]
 [0 0 0 0 4 7 0 0 0]
 [0 7 4 0 9 0 0 5 6]
 [3 6 0 8 0 0 0 0 0]
 [5 0 9 7 0 0 1 0 0]
 [0 0 0 0 5 0 0 7 2]
 [0 3 1 0 8 6 9 0 0]]
Solution:
[[3 5 6 2 9 1 8 0 4]
 [9 2 7 8 3 4 1 5 6]
 [4 1 8 5 6 7 2 3 0]
 [5 7 0 4 0 2 3 1 9]
 [2 8 4 0 7 3 6 0 0]
 [0 3 0 6 1 9 5 7 2]
 [7 4 0 3 8 0 9 2 5]
 [1 6 5 7 2 0 0 8 3]
 [8 0 2 9 5 6 7 4 1]]
Number of cells unfilled: 14
Accuracy: 82.71604938271605
Sample: 86348
Question:
[[0 0 0 0 0 0 0 0 0]
 [0 8 7 0 0 1 0 0 0]
 [0 0 0 4 0 0 0 0 6]
 [0 0 0 0 2 0 3 0 0]
 [0 0 0 0 0 0 8 7 0]
 [4 0 0 9 0 0 0 0 0]
 [0 0 0 0 0 8 0 0 0]
 [9 0 0 0 0 0 0 0 1]
 [0 0 0 2 3 0 0 0 9]]
Solution:
[[3 5 6 2 9 1 8 0 4]
 [9 2 7 8 3 4 1 5 6]
 [4 1 8 5 6 7 2 3 0]
 [5 7 0 4 0 2 3 1 9]
 [2 8 4 0 7 3 6 0 0]
 [0 3 0 6 1 9 5 7 8]
 [7 4 0 3 8 0 9 2 5]
 [1 6 5 7 2 0 0 8 3]
 [8 0 2 9 5 6 7 4 1]]
Number of cells unfilled: 14
Accuracy: 82.71604938271605
Sample: 86349
Question:
[[2 0 0 0 0 9 0 5 0]
 [0 0 4 0 2 0 9 0 0]
 [9 8 0 3 0 0 0 0 0]
 [0 0 7 6 0 0 0 3 0]
 [4 0 0 0 9 0 8 0 0]
 [0 0 0 0 0 1 0 0 5]
 [0 0 2 0 0 6 0 7 0]
 [0 4 0 0 7 0 2 0 0]
 [7 0 0 0 0 0 0 0 1]]
Solution:
[[3 5 6 2 0 1 8 9 4]
 [9 2 7 8 3 4 1 5 6]
 [4 1 8 5 9 7 2 3 0]
 [5 7 0 4 0 2 3 1 9]
 [2 8 4 0 7 3 6 0 0]
 [0 3 9 6 1 8 5 7 2]
 [7 4 0 3 8 0 9 2 5]
 [1 6 5 7 2 0 0 8 3]
 [8 0 2 9 5 6 7 4 1]]
Number of cells unfilled: 13
Accuracy: 83.9506172839506
Sample: 86350
Question:
[[0 0 3 0 5 9 2 0 8]
 [0 0 0 0 7 0 5 1 9]
 [0 0 0 0 0 0 6 0 0]
 [0 9 0 0 0 7 0 0 0]
 [0 1 0 0 6 0 8 0 7]
 [0 0 8 3 9 0 0 0 0]
 [0 5 0 0 3 0 7 0 0]
 [8 0 0 0 0 0 0 5 0]
 [4 0 0 0 0 2 0 0 6]]
Solution:
[[3 5 6 2 0 1 8 9 4]
 [9 2 7 8 3 4 1 5 6]
 [4 1 8 5 9 7 2 3 0]
 [5 7 0 4 0 2 3 1 9]
 [2 8 4 0 7 3 6 0 0]
 [0 3 9 6 1 8 5 7 2]
 [7 4 0 3 8 0 9 2 5]
 [1 6 5 7 2 0 0 8 3]
 [8 0 2 9 5 6 7 4 1]]
Number of cells unfilled: 13
Accuracy: 83.9506172839506
Sample: 86351
Question:
[[0 0 5 0 2 6 0 1 0]
 [0 0 0 3 0 0 0 0 8]
 [3 0 9 0 4 0 0 7 0]
 [0 0 0 0 0 0 0 0 4]
 [0 4 1 0 0 0 0 8 2]
 [0 0 7 1 6 0 0 0 3]
 [0 0 6 0 0 0 0 0 0]
 [0 0 4 0 5 0 0 0 0]
 [0 9 0 6 0 1 0 2 0]]
Solution:
[[3 5 6 2 9 1 8 0 4]
 [9 2 7 8 3 4 1 5 6]
 [4 1 8 5 6 7 2 3 0]
 [5 7 0 4 0 2 3 1 9]
 [2 8 4 0 7 3 6 0 0]
 [0 3 0 6 1 9 5 7 2]
 [7 4 0 3 8 0 9 2 5]
 [1 6 5 7 2 0 0 8 3]
 [8 0 2 9 5 6 7 4 1]]
Number of cells unfilled: 14
Accuracy: 82.71604938271605
Sample: 86352
Question:
[[0 0 0 0 6 0 0 0 0]
 [3 9 1 0 0 0 0 6 0]
 [0 4 6 0 0 1 0 0 0]
 [0 0 0 7 0 0 0 0 8]
 [0 0 0 0 5 0 2 0 0]
 [9 0 0 0 0 4 0 3 0]
 [1 0 0 0 0 0 0 4 0]
 [0 5 0 8 0 0 0 0 7]
 [0 0 0 0 2 0 5 0 0]]
Solution:
[[3 5 6 2 9 1 8 0 4]
 [9 2 7 8 3 4 1 5 6]
 [4 1 8 5 6 7 2 3 0]
 [5 7 0 4 0 2 3 1 9]
 [2 8 4 0 7 3 6 0 0]
 [0 3 0 6 1 9 5 7 2]
 [7 4 0 3 8 0 9 2 5]
 [1 6 5 7 2 0 0 8 3]
 [8 0 2 9 5 6 7 4 1]]
Number of cells unfilled: 14
Accuracy: 82.71604938271605
Sample: 86353
Question:
[[0 7 0 8 0 0 6 0 0]
 [9 0 0 0 5 0 0 1 0]
 [0 0 0 0 0 2 0 0 8]
 [0 3 7 0 0 0 0 0 0]
 [0 6 4 0 8 0 0 0 0]
 [0 0 0 7 0 0 4 0 0]
 [0 0 3 6 0 0 9 0 0]
 [0 0 0 0 0 8 0 0 2]
 [0 0 0 0 1 0 0 5 0]]
Solution:
[[3 5 6 2 9 1 8 0 4]
 [9 2 7 8 3 4 1 5 6]
 [4 1 8 5 6 7 2 3 0]
 [5 7 0 4 0 2 3 1 9]
 [2 8 4 0 7 3 6 0 0]
 [0 3 9 6 1 8 5 7 2]
 [7 4 0 3 8 0 9 2 5]
 [1 6 5 7 2 0 0 8 3]
 [8 0 2 9 5 6 7 4 1]]
Number of cells unfilled: 13
Accuracy: 83.9506172839506
Sample: 86354
Question:
[[2 0 0 0 0 5 0 0 4]
 [0 9 0 0 0 0 1 0 0]
 [0 0 8 0 7 0 0 2 0]
 [6 0 0 2 0 0 0 0 3]
 [0 0 3 7 0 6 0 8 0]
 [0 0 0 0 5 3 0 0 6]
 [0 0 7 5 0 0 0 4 0]
 [0 1 0 4 0 0 9 0 0]
 [4 0 0 0 3 0 0 0 0]]
Solution:
[[3 5 6 2 0 1 8 9 4]
 [9 2 7 8 3 4 1 5 6]
 [4 1 8 5 9 7 2 3 0]
 [5 7 0 4 0 2 3 1 9]
 [2 8 4 0 7 3 6 0 0]
 [0 3 0 6 1 9 5 7 2]
 [7 4 0 3 8 0 9 2 5]
 [1 6 5 7 2 0 0 8 3]
 [8 0 2 9 5 6 7 4 1]]
Number of cells unfilled: 14
Accuracy: 82.71604938271605
Sample: 86355
Question:
[[4 0 0 6 3 0 0 0 5]
 [0 0 9 0 0 0 3 6 0]
 [0 0 0 0 8 0 0 0 0]
 [2 0 6 0 0 0 0 0 0]
 [0 0 0 0 0 0 0 1 0]
 [1 7 0 0 0 0 4 0 2]
 [0 0 0 0 9 0 0 0 4]
 [0 6 0 3 0 0 0 9 1]
 [0 5 0 1 6 7 0 2 0]]
Solution:
[[3 5 6 2 9 1 8 0 4]
 [9 2 7 8 3 4 1 5 6]
 [4 1 8 5 6 7 2 3 0]
 [5 7 0 4 0 2 3 1 9]
 [2 8 4 0 7 3 6 0 0]
 [0 3 0 6 1 9 5 7 2]
 [7 4 0 3 8 0 9 2 5]
 [1 6 5 7 2 0 0 8 3]
 [8 0 2 9 5 6 7 4 1]]
Number of cells unfilled: 14
Accuracy: 82.71604938271605
Sample: 86356
Question:
[[0 0 7 0 2 0 5 0 0]
 [6 0 0 7 0 0 0 0 1]
 [0 0 0 0 0 8 0 9 0]
 [4 0 2 0 0 9 0 0 0]
 [0 6 0 0 7 0 4 0 0]
 [7 0 5 0 0 0 0 3 0]
 [5 0 0 0 4 0 6 0 0]
 [0 0 0 1 0 0 0 0 0]
 [0 0 0 0 0 3 0 0 8]]
Solution:
[[3 5 6 2 9 1 8 0 4]
 [9 2 7 8 3 4 1 5 6]
 [4 1 8 5 6 7 2 3 0]
 [5 7 0 4 0 2 3 1 9]
 [2 8 4 0 7 3 6 0 0]
 [0 3 0 6 1 9 5 7 8]
 [7 4 0 3 8 0 9 2 5]
 [1 6 5 7 2 0 0 8 3]
 [8 0 2 9 5 6 7 4 1]]
Number of cells unfilled: 14
Accuracy: 82.71604938271605
Sample: 86357
Question:
[[6 0 0 5 0 0 4 0 0]
 [0 0 2 0 0 0 0 8 0]
 [0 3 0 0 0 1 0 0 0]
 [7 0 0 4 0 0 9 0 0]
 [0 9 0 0 3 0 0 0 0]
 [0 0 1 9 0 8 0 0 2]
 [0 0 0 0 0 0 5 0 0]
 [0 0 0 6 0 0 0 9 4]
 [9 0 0 0 0 5 0 6 7]]
Solution:
[[3 5 6 2 0 1 8 9 4]
 [9 2 7 8 3 4 1 5 6]
 [4 1 8 5 9 7 2 3 0]
 [5 7 0 4 0 2 3 1 9]
 [2 8 4 0 7 3 6 0 0]
 [0 3 9 6 1 8 5 7 2]
 [7 4 0 3 8 0 9 2 5]
 [1 6 5 7 2 0 0 8 3]
 [8 0 2 9 5 6 7 4 1]]
Number of cells unfilled: 13
Accuracy: 83.9506172839506
Sample: 86358
Question:
[[0 0 0 0 0 7 0 0 5]
 [7 0 9 0 0 4 3 8 0]
 [0 8 0 0 9 0 6 0 0]
 [0 0 6 0 0 0 7 0 2]
 [0 2 0 9 0 0 0 0 0]
 [5 4 0 6 0 0 0 1 0]
 [0 0 0 1 3 0 0 4 0]
 [0 9 0 0 5 0 1 0 0]
 [0 0 0 4 0 0 0 0 8]]
Solution:
[[3 5 6 2 0 1 8 9 4]
 [9 2 7 8 3 4 1 5 6]
 [4 1 8 5 9 7 2 3 0]
 [5 7 0 4 0 2 3 1 9]
 [2 8 4 0 7 3 6 0 0]
 [0 3 0 6 1 9 5 7 2]
 [7 4 0 3 8 0 9 2 5]
 [1 6 5 7 2 0 0 8 3]
 [8 0 2 9 5 6 7 4 1]]
Number of cells unfilled: 14
Accuracy: 82.71604938271605
Sample: 86359
Question:
[[5 0 0 0 0 8 0 0 2]
 [0 7 0 0 0 0 0 9 4]
 [6 0 0 0 7 0 5 0 0]
 [0 0 1 0 0 0 0 4 0]
 [0 3 2 4 0 0 7 0 1]
 [0 5 4 0 2 0 9 0 0]
 [0 0 0 7 0 2 0 8 0]
 [0 0 0 0 8 6 0 0 0]
 [0 0 0 0 0 0 0 0 0]]
Solution:
[[3 5 6 2 9 1 8 0 4]
 [9 2 7 8 3 4 1 5 6]
 [4 1 8 5 6 7 2 3 0]
 [5 7 0 4 0 2 3 1 9]
 [2 8 4 0 7 3 6 0 0]
 [0 3 9 6 1 0 5 7 8]
 [7 4 0 3 8 0 9 2 5]
 [1 6 5 7 2 0 0 8 3]
 [8 0 2 9 5 6 7 4 1]]
Number of cells unfilled: 14
Accuracy: 82.71604938271605
Sample: 86360
Question:
[[0 7 0 0 0 5 0 0 0]
 [0 0 6 3 0 0 5 0 0]
 [8 0 0 0 6 0 0 1 3]
 [0 0 0 0 0 0 0 7 0]
 [0 0 2 0 0 3 6 0 0]
 [0 0 0 1 5 0 0 0 4]
 [0 8 0 2 0 9 0 0 0]
 [4 0 0 5 0 0 0 0 9]
 [0 0 9 0 3 0 1 0 0]]
Solution:
[[3 5 6 2 0 1 8 9 4]
 [9 2 7 8 3 4 1 5 6]
 [4 1 8 5 9 7 2 3 0]
 [5 7 0 4 0 2 3 1 9]
 [2 8 4 0 7 3 6 0 0]
 [0 3 9 6 1 8 5 7 2]
 [7 4 0 3 8 0 9 2 5]
 [1 6 5 7 2 0 0 8 3]
 [8 0 2 9 5 6 7 4 1]]
Number of cells unfilled: 13
Accuracy: 83.9506172839506
Sample: 86361
Question:
[[2 0 0 4 0 0 0 1 5]
 [0 3 0 0 0 7 6 0 0]
 [0 6 0 0 0 5 0 0 0]
 [0 0 6 0 0 1 0 0 2]
 [0 0 0 0 0 0 0 0 9]
 [7 2 0 0 0 0 0 8 0]
 [0 0 0 0 0 2 0 6 0]
 [3 0 0 0 6 0 8 0 4]
 [0 5 4 1 0 3 0 0 0]]
Solution:
[[3 5 6 2 9 1 8 0 4]
 [9 2 7 8 3 4 1 5 6]
 [4 1 8 5 6 7 2 3 0]
 [5 7 0 4 0 2 3 1 9]
 [2 8 4 0 7 3 6 0 0]
 [0 3 9 6 1 8 5 7 2]
 [7 4 0 3 8 0 9 2 5]
 [1 6 5 7 2 0 0 8 3]
 [8 0 2 9 5 6 7 4 1]]
Number of cells unfilled: 13
Accuracy: 83.9506172839506
Sample: 86362
Question:
[[0 0 0 3 0 0 5 7 0]
 [0 0 8 7 0 6 0 3 0]
 [2 0 0 8 0 0 0 0 4]
 [0 2 0 0 3 0 0 5 7]
 [0 0 0 2 8 0 0 4 3]
 [0 9 0 1 0 0 0 0 0]
 [0 0 7 0 0 0 0 0 0]
 [0 8 0 9 0 0 0 0 0]
 [6 0 0 0 0 0 3 0 1]]
Solution:
[[3 5 6 2 0 1 8 9 4]
 [9 2 7 8 3 4 1 5 6]
 [4 1 8 5 9 7 2 3 0]
 [5 7 0 4 0 2 3 1 9]
 [2 8 4 0 7 3 6 0 0]
 [0 3 0 6 1 9 5 7 8]
 [7 4 0 3 8 0 9 2 5]
 [1 6 5 7 2 0 0 8 3]
 [8 0 2 9 5 6 7 4 1]]
Number of cells unfilled: 14
Accuracy: 82.71604938271605
Sample: 86363
Question:
[[0 0 0 0 0 1 5 0 0]
 [9 0 0 0 3 0 0 6 0]
 [0 4 0 5 0 0 0 2 3]
 [0 1 0 0 0 5 0 0 4]
 [0 0 7 2 1 0 8 0 0]
 [0 0 0 0 0 3 0 0 0]
 [6 0 0 0 0 0 0 9 0]
 [0 3 0 1 0 0 0 0 2]
 [0 0 2 0 0 7 0 0 0]]
Solution:
[[3 5 6 2 9 1 8 0 4]
 [9 2 7 8 3 4 1 5 6]
 [4 1 8 5 6 7 2 3 0]
 [5 7 0 4 0 2 3 1 9]
 [2 8 4 0 7 3 6 0 0]
 [0 3 9 6 1 0 5 7 8]
 [7 4 0 3 8 0 9 2 5]
 [1 6 5 7 2 0 0 8 3]
 [8 0 2 9 5 6 7 4 1]]
Number of cells unfilled: 14
Accuracy: 82.71604938271605
Sample: 86364
Question:
[[0 1 0 0 3 8 5 0 0]
 [6 0 0 0 0 0 0 0 0]
 [5 8 0 0 0 0 0 0 1]
 [0 0 0 0 5 0 9 0 0]
 [8 0 0 0 1 0 2 0 0]
 [0 0 0 0 0 4 0 6 5]
 [0 0 8 1 0 0 0 7 0]
 [3 0 0 7 2 6 0 0 0]
 [0 0 1 0 0 0 0 9 0]]
Solution:
[[3 5 6 2 0 1 8 9 4]
 [9 2 7 8 3 4 1 5 6]
 [4 1 8 5 9 7 2 3 0]
 [5 7 0 4 0 2 3 1 9]
 [2 8 4 0 7 3 6 0 0]
 [0 3 9 6 1 8 5 7 2]
 [7 4 0 3 8 0 9 2 5]
 [1 6 5 7 2 0 0 8 3]
 [8 0 2 9 5 6 7 4 1]]
Number of cells unfilled: 13
Accuracy: 83.9506172839506
Sample: 86365
Question:
[[0 0 5 0 0 2 9 0 0]
 [0 1 0 9 0 0 0 0 6]
 [0 0 0 6 7 0 5 2 0]
 [4 0 0 0 0 0 0 7 0]
 [0 8 0 1 0 0 0 0 9]
 [3 0 0 0 4 0 0 0 0]
 [1 0 8 3 0 0 0 0 0]
 [0 3 0 0 9 6 0 0 0]
 [0 0 0 0 0 0 0 0 3]]
Solution:
[[3 5 6 2 0 1 8 9 4]
 [9 2 7 8 3 4 1 5 6]
 [4 1 8 5 9 7 2 3 0]
 [5 7 0 4 0 2 3 1 9]
 [2 8 4 0 7 3 6 0 0]
 [0 3 9 6 1 0 5 7 8]
 [7 4 0 3 8 0 9 2 5]
 [1 6 5 7 2 0 0 8 3]
 [8 0 2 9 5 6 7 4 1]]
Number of cells unfilled: 14
Accuracy: 82.71604938271605
Sample: 86366
Question:
[[0 0 7 0 3 0 0 0 0]
 [0 0 2 0 0 0 6 0 0]
 [0 1 0 0 0 2 0 7 3]
 [0 0 0 0 8 0 0 0 0]
 [1 0 0 0 0 5 0 9 2]
 [0 7 0 2 1 0 0 0 6]
 [0 9 0 0 0 0 4 0 0]
 [0 5 0 3 0 0 0 0 0]
 [0 0 1 0 0 7 0 5 9]]
Solution:
[[3 5 6 2 0 1 8 9 4]
 [9 2 7 8 3 4 1 5 6]
 [4 1 8 5 9 7 2 3 0]
 [5 7 0 4 0 2 3 1 9]
 [2 8 4 0 7 3 6 0 0]
 [0 3 0 6 1 9 5 7 2]
 [7 4 0 3 8 0 9 2 5]
 [1 6 5 7 2 0 0 8 3]
 [8 0 2 9 5 6 7 4 1]]
Number of cells unfilled: 14
Accuracy: 82.71604938271605
Sample: 86367
Question:
[[0 0 8 0 0 1 0 9 7]
 [0 0 0 0 6 0 0 5 0]
 [0 2 0 0 0 0 0 0 0]
 [0 4 0 6 0 0 0 0 9]
 [0 0 9 0 1 0 0 4 6]
 [0 0 0 9 0 0 5 0 0]
 [4 7 0 0 8 0 0 0 0]
 [0 0 0 0 7 0 3 0 0]
 [0 0 6 1 0 0 0 7 8]]
Solution:
[[3 5 6 2 0 1 8 9 4]
 [9 2 7 8 3 4 1 5 6]
 [4 1 8 5 9 7 2 3 0]
 [5 7 0 4 0 2 3 1 9]
 [2 8 4 0 7 3 6 0 0]
 [0 3 0 6 1 9 5 7 2]
 [7 4 0 3 8 0 9 2 5]
 [1 6 5 7 2 0 0 8 3]
 [8 0 2 9 5 6 7 4 1]]
Number of cells unfilled: 14
Accuracy: 82.71604938271605
Sample: 86368
Question:
[[2 0 0 0 0 0 0 0 0]
 [0 0 0 9 7 0 0 2 0]
 [0 7 0 0 0 2 5 0 1]
 [0 0 0 0 0 0 0 0 6]
 [1 0 0 0 0 9 0 7 0]
 [0 0 4 7 6 0 0 0 0]
 [0 8 3 2 0 0 0 0 4]
 [5 0 0 0 0 7 0 1 0]
 [0 0 0 8 0 0 3 0 0]]
Solution:
[[3 5 6 2 9 1 8 0 4]
 [9 2 7 8 3 4 1 5 6]
 [4 1 8 5 6 7 2 3 0]
 [5 7 0 4 0 2 3 1 9]
 [2 8 4 0 7 3 6 0 0]
 [0 3 9 6 1 8 5 7 2]
 [7 4 0 3 8 0 9 2 5]
 [1 6 5 7 2 0 0 8 3]
 [8 0 2 9 5 6 7 4 1]]
Number of cells unfilled: 13
Accuracy: 83.9506172839506
Sample: 86369
Question:
[[5 6 4 9 0 0 7 0 0]
 [0 0 0 0 4 0 0 0 1]
 [7 1 0 0 0 2 0 0 0]
 [6 0 0 0 5 0 0 7 9]
 [0 0 3 0 0 0 0 0 8]
 [0 8 0 0 0 0 1 5 0]
 [0 0 0 0 0 0 2 0 0]
 [2 0 0 3 8 7 0 6 0]
 [0 7 5 2 0 0 0 0 0]]
Solution:
[[3 5 6 2 9 1 8 0 4]
 [9 2 7 8 3 4 1 5 6]
 [4 1 8 5 6 7 2 3 0]
 [5 7 0 4 0 2 3 1 9]
 [2 8 4 0 7 3 6 0 0]
 [0 3 0 6 1 9 5 7 8]
 [7 4 0 3 8 0 9 2 5]
 [1 6 5 7 2 0 0 8 3]
 [8 0 2 9 5 6 7 4 1]]
Number of cells unfilled: 14
Accuracy: 82.71604938271605
Sample: 86370
Question:
[[0 3 0 0 0 2 0 0 5]
 [0 6 7 0 3 8 0 0 9]
 [5 0 0 9 0 0 0 6 8]
 [0 1 0 8 0 0 0 0 3]
 [0 0 0 0 2 0 5 0 0]
 [7 0 2 0 0 0 1 0 6]
 [2 0 6 0 0 0 0 0 7]
 [0 0 0 7 0 0 0 0 0]
 [0 0 0 0 6 0 8 3 0]]
Solution:
[[3 5 6 2 9 1 8 0 4]
 [9 2 7 8 3 4 1 5 6]
 [4 1 8 5 6 7 2 3 0]
 [5 7 0 4 0 2 3 1 9]
 [2 8 4 0 7 3 6 0 0]
 [0 3 0 6 1 9 5 7 8]
 [7 4 0 3 8 0 9 2 5]
 [1 6 5 7 2 0 0 8 3]
 [8 0 2 9 5 6 7 4 1]]
Number of cells unfilled: 14
Accuracy: 82.71604938271605
Sample: 86371
Question:
[[0 0 0 5 0 1 0 0 0]
 [0 4 0 0 0 9 0 0 0]
 [5 6 0 0 7 0 2 0 0]
 [0 9 0 2 0 0 6 0 8]
 [0 0 0 0 0 0 0 0 0]
 [0 0 0 1 0 6 3 9 0]
 [4 0 0 0 1 0 0 3 7]
 [0 0 1 0 0 3 4 0 0]
 [0 8 0 0 0 0 0 0 0]]
Solution:
[[3 5 6 2 0 1 8 9 4]
 [9 2 7 8 3 4 1 5 6]
 [4 1 8 5 9 7 2 3 0]
 [5 7 0 4 0 2 3 1 9]
 [2 8 4 0 7 3 6 0 0]
 [0 3 9 6 1 8 5 7 2]
 [7 4 0 3 8 0 9 2 5]
 [1 6 5 7 2 0 0 8 3]
 [8 0 2 9 5 6 7 4 1]]
Number of cells unfilled: 13
Accuracy: 83.9506172839506
Sample: 86372
Question:
[[5 0 0 8 7 0 0 2 0]
 [3 0 0 5 0 0 0 0 7]
 [0 0 0 0 4 0 3 6 0]
 [0 8 0 0 0 0 0 0 0]
 [7 0 5 0 9 8 0 0 0]
 [4 0 0 0 0 0 0 5 0]
 [0 4 2 9 0 0 0 0 0]
 [0 0 0 0 6 0 2 0 0]
 [0 3 0 4 0 1 0 0 8]]
Solution:
[[3 5 6 2 0 1 8 9 4]
 [9 2 7 8 3 4 1 5 6]
 [4 1 8 5 9 7 2 3 0]
 [5 7 0 4 0 2 3 1 9]
 [2 8 4 0 7 3 6 0 0]
 [0 3 9 6 1 8 5 7 2]
 [7 4 0 3 8 0 9 2 5]
 [1 6 5 7 2 0 0 8 3]
 [8 0 2 9 5 6 7 4 1]]
Number of cells unfilled: 13
Accuracy: 83.9506172839506
Sample: 86373
Question:
[[0 0 0 0 0 6 0 0 7]
 [0 1 0 0 9 0 4 0 0]
 [6 0 8 3 0 0 0 0 0]
 [0 0 0 0 5 0 0 0 0]
 [0 0 0 4 0 3 1 0 0]
 [0 3 0 9 0 1 0 5 0]
 [7 0 0 2 0 0 0 0 0]
 [0 0 3 0 0 0 0 8 2]
 [0 4 0 0 3 0 9 0 0]]
Solution:
[[3 5 6 2 9 1 8 0 4]
 [9 2 7 8 3 4 1 5 6]
 [4 1 8 5 6 7 2 3 0]
 [5 7 0 4 0 2 3 1 9]
 [2 8 4 0 7 3 6 0 0]
 [0 3 0 6 1 9 5 7 2]
 [7 4 0 3 8 0 9 2 5]
 [1 6 5 7 2 0 0 8 3]
 [8 0 2 9 5 6 7 4 1]]
Number of cells unfilled: 14
Accuracy: 82.71604938271605
Sample: 86374
Question:
[[0 0 6 4 7 0 1 0 0]
 [0 0 0 0 0 6 0 0 0]
 [7 0 0 3 1 0 0 0 6]
 [0 0 0 0 0 0 0 5 9]
 [0 2 0 0 9 0 0 0 0]
 [3 0 0 0 0 4 7 0 0]
 [0 8 5 0 0 0 0 1 0]
 [4 0 2 0 0 1 3 0 0]
 [0 0 0 8 4 0 0 0 0]]
Solution:
[[3 5 6 2 0 1 8 9 4]
 [9 2 7 8 3 4 1 5 6]
 [4 1 8 5 9 7 2 3 0]
 [5 7 0 4 0 2 3 1 9]
 [2 8 4 0 7 3 6 0 0]
 [0 3 9 6 1 0 5 7 8]
 [7 4 0 3 8 0 9 2 5]
 [1 6 5 7 2 0 0 8 3]
 [8 0 2 9 5 6 7 4 1]]
Number of cells unfilled: 14
Accuracy: 82.71604938271605
Sample: 86375
Question:
[[0 0 0 0 2 1 0 8 0]
 [0 2 0 0 0 0 0 0 1]
 [0 0 9 4 0 0 5 0 0]
 [0 0 4 3 0 0 6 0 0]
 [0 0 0 0 0 8 0 7 0]
 [7 0 0 0 9 0 0 0 0]
 [3 0 0 0 6 0 9 0 0]
 [9 4 0 5 0 0 0 0 0]
 [0 0 6 0 0 0 0 5 0]]
Solution:
[[3 5 6 2 9 1 8 0 4]
 [9 2 7 8 3 4 1 5 6]
 [4 1 8 5 6 7 2 3 0]
 [5 7 0 4 0 2 3 1 9]
 [2 8 4 0 7 3 6 0 0]
 [0 3 9 6 1 8 5 7 2]
 [7 4 0 3 8 0 9 2 5]
 [1 6 5 7 2 0 0 8 3]
 [8 0 2 9 5 6 7 4 1]]
Number of cells unfilled: 13
Accuracy: 83.9506172839506
Sample: 86376
Question:
[[0 0 8 0 0 0 0 0 0]
 [4 0 0 0 1 0 0 0 9]
 [0 7 0 0 0 0 6 0 0]
 [0 0 5 2 4 0 0 0 0]
 [1 0 0 0 0 9 0 0 2]
 [0 0 0 1 3 0 0 6 0]
 [0 5 0 0 9 0 0 1 0]
 [0 8 0 0 0 0 7 0 0]
 [2 0 0 4 0 0 0 0 3]]
Solution:
[[3 5 6 2 9 1 8 0 4]
 [9 2 7 8 3 4 1 5 6]
 [4 1 8 5 6 7 2 3 0]
 [5 7 0 4 0 2 3 1 9]
 [2 8 4 0 7 3 6 0 0]
 [0 3 9 6 1 8 5 7 2]
 [7 4 0 3 8 0 9 2 5]
 [1 6 5 7 2 0 0 8 3]
 [8 0 2 9 5 6 7 4 1]]
Number of cells unfilled: 13
Accuracy: 83.9506172839506
Sample: 86377
Question:
[[5 0 0 4 0 2 7 0 0]
 [0 8 0 7 3 0 0 0 0]
 [0 0 0 0 0 8 0 0 0]
 [2 0 0 9 0 5 0 0 4]
 [0 1 0 0 0 0 0 0 0]
 [0 0 0 0 0 0 2 9 0]
 [0 0 6 0 0 0 0 0 7]
 [7 0 0 8 0 4 0 2 0]
 [0 2 0 0 0 0 4 0 5]]
Solution:
[[3 5 6 2 9 1 8 0 4]
 [9 2 7 8 3 4 1 5 6]
 [4 1 8 5 6 7 2 3 0]
 [5 7 0 4 0 2 3 1 9]
 [2 8 4 0 7 3 6 0 0]
 [0 3 9 6 1 0 5 7 8]
 [7 4 0 3 8 0 9 2 5]
 [1 6 5 7 2 0 0 8 3]
 [8 0 2 9 5 6 7 4 1]]
Number of cells unfilled: 14
Accuracy: 82.71604938271605
Sample: 86378
Question:
[[0 0 2 0 0 0 0 0 0]
 [3 0 0 0 0 9 0 0 0]
 [0 8 0 3 7 0 0 0 0]
 [0 0 4 0 0 0 0 0 0]
 [0 0 7 1 0 4 0 0 2]
 [6 9 3 0 0 0 7 0 0]
 [0 0 0 0 0 0 8 0 1]
 [0 1 0 2 0 5 4 7 0]
 [0 0 0 6 0 8 0 0 0]]
Solution:
[[3 5 6 2 0 1 8 9 4]
 [9 2 7 8 3 4 1 5 6]
 [4 1 8 5 9 7 2 3 0]
 [5 7 0 4 0 2 3 1 9]
 [2 8 4 0 7 3 6 0 0]
 [0 3 0 6 1 9 5 7 2]
 [7 4 0 3 8 0 9 2 5]
 [1 6 5 7 2 0 0 8 3]
 [8 0 2 9 5 6 7 4 1]]
Number of cells unfilled: 14
Accuracy: 82.71604938271605
Sample: 86379
Question:
[[4 0 0 5 0 0 3 0 0]
 [0 0 0 0 0 1 0 0 7]
 [0 6 0 0 3 0 0 9 0]
 [0 0 8 0 0 4 0 0 0]
 [0 1 0 2 0 0 6 0 0]
 [9 0 0 0 1 0 0 5 0]
 [0 0 7 0 2 0 0 0 5]
 [2 0 0 1 0 0 0 3 0]
 [0 4 0 0 0 8 2 0 0]]
Solution:
[[3 5 6 2 9 1 8 0 4]
 [9 2 7 8 3 4 1 5 6]
 [4 1 8 5 6 7 2 3 0]
 [5 7 0 4 0 2 3 1 9]
 [2 8 4 0 7 3 6 0 0]
 [0 3 0 6 1 9 5 7 8]
 [7 4 0 3 8 0 9 2 5]
 [1 6 5 7 2 0 0 8 3]
 [8 0 2 9 5 6 7 4 1]]
Number of cells unfilled: 14
Accuracy: 82.71604938271605
Sample: 86380
Question:
[[0 0 0 0 0 9 0 6 0]
 [0 9 0 0 2 0 1 0 0]
 [3 0 7 6 0 0 0 0 0]
 [0 0 0 5 0 0 0 0 4]
 [4 7 0 0 9 0 2 0 0]
 [0 0 5 0 0 4 0 3 0]
 [0 0 0 0 8 0 0 0 0]
 [7 0 9 1 0 0 8 0 0]
 [0 8 0 0 0 0 0 2 1]]
Solution:
[[3 5 6 2 9 1 8 0 4]
 [9 2 7 8 3 4 1 5 6]
 [4 1 8 5 6 7 2 3 0]
 [5 7 0 4 0 2 3 1 9]
 [2 8 4 0 7 3 6 0 0]
 [0 3 0 6 1 9 5 7 2]
 [7 4 0 3 8 0 9 2 5]
 [1 6 5 7 2 0 0 8 3]
 [8 0 2 9 5 6 7 4 1]]
Number of cells unfilled: 14
Accuracy: 82.71604938271605
Sample: 86381
Question:
[[3 0 0 0 0 0 0 0 9]
 [0 0 2 0 0 0 7 0 0]
 [0 7 0 5 0 0 0 1 0]
 [2 0 0 0 0 6 0 0 0]
 [0 0 4 0 0 1 9 0 0]
 [0 1 0 0 5 0 0 6 0]
 [0 0 3 0 7 0 0 0 8]
 [0 8 0 0 0 5 0 7 0]
 [0 0 0 6 8 0 0 0 4]]
Solution:
[[3 5 6 2 9 1 8 0 4]
 [9 2 7 8 3 4 1 5 6]
 [4 1 8 5 6 7 2 3 0]
 [5 7 0 4 0 2 3 1 9]
 [2 8 4 0 7 3 6 0 0]
 [0 3 9 6 1 8 5 7 2]
 [7 4 0 3 8 0 9 2 5]
 [1 6 5 7 2 0 0 8 3]
 [8 0 2 9 5 6 7 4 1]]
Number of cells unfilled: 13
Accuracy: 83.9506172839506
Sample: 86382
Question:
[[0 0 6 0 0 5 0 8 0]
 [0 5 0 0 9 0 0 0 2]
 [8 0 0 7 0 0 0 0 0]
 [0 3 0 0 7 0 0 0 5]
 [0 0 2 1 0 6 0 0 0]
 [0 0 0 3 0 0 1 0 0]
 [0 0 7 5 0 0 0 0 4]
 [3 0 0 0 4 0 2 0 0]
 [0 4 0 0 0 7 0 9 0]]
Solution:
[[3 5 6 2 0 1 8 9 4]
 [9 2 7 8 3 4 1 5 6]
 [4 1 8 5 9 7 2 3 0]
 [5 7 0 4 0 2 3 1 9]
 [2 8 4 0 7 3 6 0 0]
 [0 3 9 6 1 8 5 7 2]
 [7 4 0 3 8 0 9 2 5]
 [1 6 5 7 2 0 0 8 3]
 [8 0 2 9 5 6 7 4 1]]
Number of cells unfilled: 13
Accuracy: 83.9506172839506
Sample: 86383
Question:
[[0 0 3 0 6 0 0 7 0]
 [0 2 0 0 0 1 0 0 5]
 [8 0 0 0 0 0 9 0 0]
 [0 0 7 0 0 0 0 3 0]
 [9 0 0 0 0 0 1 0 0]
 [0 4 0 5 0 0 0 0 8]
 [0 0 0 0 5 6 0 0 4]
 [0 0 0 1 0 2 0 0 0]
 [2 6 0 3 4 0 0 0 0]]
Solution:
[[3 5 6 2 0 1 8 9 4]
 [9 2 7 8 3 4 1 5 6]
 [4 1 8 5 9 7 2 3 0]
 [5 7 0 4 0 2 3 1 9]
 [2 8 4 0 7 3 6 0 0]
 [0 3 9 6 1 0 5 7 8]
 [7 4 0 3 8 0 9 2 5]
 [1 6 5 7 2 0 0 8 3]
 [8 0 2 9 5 6 7 4 1]]
Number of cells unfilled: 14
Accuracy: 82.71604938271605
Sample: 86384
Question:
[[0 0 0 0 2 0 3 8 0]
 [6 0 5 3 0 0 0 0 2]
 [0 0 0 9 5 0 0 0 0]
 [0 0 0 0 6 9 2 1 0]
 [0 0 6 0 0 0 4 0 0]
 [4 0 3 0 0 0 0 9 0]
 [7 0 0 5 0 0 1 0 0]
 [0 3 0 0 9 0 0 0 7]
 [0 5 0 0 0 0 0 2 4]]
Solution:
[[3 5 6 2 0 1 8 9 4]
 [9 2 7 8 3 4 1 5 6]
 [4 1 8 5 9 7 2 3 0]
 [5 7 0 4 0 2 3 1 9]
 [2 8 4 0 7 3 6 0 0]
 [0 3 9 6 1 8 5 7 2]
 [7 4 0 3 8 0 9 2 5]
 [1 6 5 7 2 0 0 8 3]
 [8 0 2 9 5 6 7 4 1]]
Number of cells unfilled: 13
Accuracy: 83.9506172839506
Sample: 86385
Question:
[[0 0 0 8 6 0 0 2 7]
 [0 0 6 0 0 0 0 0 0]
 [0 4 7 0 0 0 0 6 0]
 [0 0 9 0 0 2 0 7 0]
 [0 0 0 0 1 0 2 5 0]
 [0 5 0 0 0 0 0 0 3]
 [9 0 3 0 0 8 0 0 2]
 [7 0 0 4 0 5 0 1 0]
 [0 0 5 0 0 9 0 0 6]]
Solution:
[[3 5 6 2 9 1 8 0 4]
 [9 2 7 8 3 4 1 5 6]
 [4 1 8 5 6 7 2 3 0]
 [5 7 0 4 0 2 3 1 9]
 [2 8 4 0 7 3 6 0 0]
 [0 3 9 6 1 8 5 7 2]
 [7 4 0 3 8 0 9 2 5]
 [1 6 5 7 2 0 0 8 3]
 [8 0 2 9 5 6 7 4 1]]
Number of cells unfilled: 13
Accuracy: 83.9506172839506
Sample: 86386
Question:
[[9 0 0 0 3 6 0 0 0]
 [0 0 3 0 0 0 0 0 4]
 [0 2 0 9 0 0 0 8 0]
 [5 0 0 0 4 0 6 0 0]
 [0 0 7 0 0 5 0 0 0]
 [0 9 0 7 0 0 0 1 0]
 [0 0 9 0 0 0 0 2 0]
 [2 0 0 8 0 0 7 0 0]
 [0 7 0 0 0 0 8 0 1]]
Solution:
[[3 5 6 2 0 1 8 9 4]
 [9 2 7 8 3 4 1 5 6]
 [4 1 8 5 9 7 2 3 0]
 [5 7 0 4 0 2 3 1 9]
 [2 8 4 0 7 3 6 0 0]
 [0 3 9 6 1 0 5 7 8]
 [7 4 0 3 8 0 9 2 5]
 [1 6 5 7 2 0 0 8 3]
 [8 0 2 9 5 6 7 4 1]]
Number of cells unfilled: 14
Accuracy: 82.71604938271605
Sample: 86387
Question:
[[0 0 2 5 0 0 0 0 0]
 [4 0 3 0 2 0 0 7 0]
 [0 7 6 0 0 0 0 0 0]
 [0 0 0 0 0 1 2 0 0]
 [0 2 9 0 4 0 0 0 1]
 [0 6 0 0 0 0 0 9 0]
 [8 0 0 0 6 3 0 0 4]
 [0 4 0 0 0 0 0 0 9]
 [0 0 0 8 0 0 1 0 0]]
Solution:
[[3 5 6 2 9 1 8 0 4]
 [9 2 7 8 3 4 1 5 6]
 [4 1 8 5 6 7 2 3 0]
 [5 7 0 4 0 2 3 1 9]
 [2 8 4 0 7 3 6 0 0]
 [0 3 0 6 1 9 5 7 8]
 [7 4 0 3 8 0 9 2 5]
 [1 6 5 7 2 0 0 8 3]
 [8 0 2 9 5 6 7 4 1]]
Number of cells unfilled: 14
Accuracy: 82.71604938271605
Sample: 86388
Question:
[[0 5 0 0 0 0 7 0 6]
 [2 0 0 0 0 3 0 4 0]
 [0 0 1 0 6 4 0 0 0]
 [9 0 0 0 0 2 0 8 0]
 [0 0 0 0 1 0 0 0 0]
 [0 7 0 3 0 0 2 0 0]
 [0 0 0 0 0 8 0 0 2]
 [0 0 0 0 3 0 0 9 0]
 [3 0 0 9 0 0 4 0 8]]
Solution:
[[3 5 6 2 0 1 8 9 4]
 [9 2 7 8 3 4 1 5 6]
 [4 1 8 5 9 7 2 3 0]
 [5 7 0 4 0 2 3 1 9]
 [2 8 4 0 7 3 6 0 0]
 [0 3 0 6 1 9 5 7 2]
 [7 4 0 3 8 0 9 2 5]
 [1 6 5 7 2 0 0 8 3]
 [8 0 2 9 5 6 7 4 1]]
Number of cells unfilled: 14
Accuracy: 82.71604938271605
Sample: 86389
Question:
[[0 0 1 6 0 0 0 5 0]
 [0 5 0 0 3 0 0 0 0]
 [9 0 0 0 0 2 4 0 0]
 [0 9 0 0 1 0 0 0 6]
 [0 6 3 0 0 0 0 7 0]
 [8 0 0 0 0 6 9 0 0]
 [0 0 0 0 0 8 0 4 7]
 [0 0 0 0 0 0 2 0 0]
 [7 0 0 2 0 0 0 9 8]]
Solution:
[[3 5 6 2 9 1 8 0 4]
 [9 2 7 8 3 4 1 5 6]
 [4 1 8 5 6 7 2 3 0]
 [5 7 0 4 0 2 3 1 9]
 [2 8 4 0 7 3 6 0 0]
 [0 3 9 6 1 0 5 7 8]
 [7 4 0 3 8 0 9 2 5]
 [1 6 5 7 2 0 0 8 3]
 [8 0 2 9 5 6 7 4 1]]
Number of cells unfilled: 14
Accuracy: 82.71604938271605
Sample: 86390
Question:
[[0 7 0 5 4 0 0 2 0]
 [4 0 0 0 0 0 0 0 0]
 [0 5 6 7 0 0 0 0 0]
 [9 3 0 4 0 0 6 0 0]
 [0 0 0 0 0 0 0 3 5]
 [6 0 7 0 0 0 0 0 0]
 [0 0 0 0 1 4 9 0 6]
 [0 9 0 3 0 0 0 0 0]
 [0 0 0 0 5 2 0 0 4]]
Solution:
[[3 5 6 2 0 1 8 9 4]
 [9 2 7 8 3 4 1 5 6]
 [4 1 8 5 9 7 2 3 0]
 [5 7 0 4 0 2 3 1 9]
 [2 8 4 0 7 3 6 0 0]
 [0 3 9 6 1 0 5 7 8]
 [7 4 0 3 8 0 9 2 5]
 [1 6 5 7 2 0 0 8 3]
 [8 0 2 9 5 6 7 4 1]]
Number of cells unfilled: 14
Accuracy: 82.71604938271605
Sample: 86391
Question:
[[1 3 0 0 9 0 2 0 0]
 [0 9 6 0 4 0 0 0 5]
 [0 4 0 6 0 0 0 0 0]
 [0 0 0 0 3 0 0 0 9]
 [0 5 0 4 0 0 0 0 3]
 [3 0 0 1 0 6 0 0 0]
 [5 0 0 0 0 0 4 0 0]
 [0 0 0 7 6 0 9 0 0]
 [0 6 0 0 0 2 0 7 1]]
Solution:
[[3 5 6 2 9 1 8 0 4]
 [9 2 7 8 3 4 1 5 6]
 [4 1 8 5 6 7 2 3 0]
 [5 7 0 4 0 2 3 1 9]
 [2 8 4 0 7 3 6 0 0]
 [0 3 9 6 1 0 5 7 8]
 [7 4 0 3 8 0 9 2 5]
 [1 6 5 7 2 0 0 8 3]
 [8 0 2 9 5 6 7 4 1]]
Number of cells unfilled: 14
Accuracy: 82.71604938271605
Sample: 86392
Question:
[[0 0 0 8 5 2 0 7 0]
 [0 0 6 0 0 0 4 0 0]
 [8 0 0 0 0 0 3 0 2]
 [0 9 0 0 4 0 0 5 0]
 [6 0 0 0 0 1 7 0 0]
 [4 0 0 0 7 0 0 0 1]
 [2 0 0 0 9 0 0 0 0]
 [0 0 0 6 0 0 2 0 8]
 [0 0 1 0 0 4 0 0 0]]
Solution:
[[3 5 6 2 0 1 8 9 4]
 [9 2 7 8 3 4 1 5 6]
 [4 1 8 5 9 7 2 3 0]
 [5 7 0 4 0 2 3 1 9]
 [2 8 4 0 7 3 6 0 0]
 [0 3 9 6 1 8 5 7 2]
 [7 4 0 3 8 0 9 2 5]
 [1 6 5 7 2 0 0 8 3]
 [8 0 2 9 5 6 7 4 1]]
Number of cells unfilled: 13
Accuracy: 83.9506172839506
Sample: 86393
Question:
[[0 2 4 0 0 0 0 0 0]
 [3 0 0 0 9 8 0 0 0]
 [0 8 0 0 0 0 5 0 0]
 [4 3 0 9 0 0 0 0 5]
 [0 0 7 0 5 0 0 1 3]
 [6 0 0 0 0 2 0 0 0]
 [0 0 0 0 0 4 0 0 0]
 [2 0 9 0 0 0 6 0 0]
 [1 4 0 7 0 0 8 0 0]]
Solution:
[[3 5 6 2 0 1 8 9 4]
 [9 2 7 8 3 4 1 5 6]
 [4 1 8 5 9 7 2 3 0]
 [5 7 0 4 0 2 3 1 9]
 [2 8 4 0 7 3 6 0 0]
 [0 3 9 6 1 0 5 7 8]
 [7 4 0 3 8 0 9 2 5]
 [1 6 5 7 2 0 0 8 3]
 [8 0 2 9 5 6 7 4 1]]
Number of cells unfilled: 14
Accuracy: 82.71604938271605
Sample: 86394
Question:
[[0 1 8 0 0 0 0 0 0]
 [0 9 0 0 0 5 4 0 3]
 [3 0 0 0 0 0 0 0 6]
 [0 5 0 8 0 0 6 0 2]
 [7 0 9 2 0 0 0 0 5]
 [0 2 0 0 3 0 1 0 0]
 [0 4 1 0 0 0 0 0 0]
 [9 0 6 0 1 3 0 5 0]
 [0 0 0 0 0 0 0 0 0]]
Solution:
[[3 5 6 2 0 1 8 9 4]
 [9 2 7 8 3 4 1 5 6]
 [4 1 8 5 9 7 2 3 0]
 [5 7 0 4 0 2 3 1 9]
 [2 8 4 0 7 3 6 0 0]
 [0 3 0 6 1 9 5 7 2]
 [7 4 0 3 8 0 9 2 5]
 [1 6 5 7 2 0 0 8 3]
 [8 0 2 9 5 6 7 4 1]]
Number of cells unfilled: 14
Accuracy: 82.71604938271605
Sample: 86395
Question:
[[0 0 8 0 0 0 0 0 3]
 [0 5 0 0 2 0 0 7 0]
 [1 0 0 4 0 0 9 0 0]
 [0 0 0 6 5 0 0 0 8]
 [0 0 0 7 4 0 0 0 0]
 [0 6 0 0 0 2 0 4 0]
 [9 0 0 0 0 0 0 0 7]
 [0 0 3 0 0 0 1 0 0]
 [0 7 0 2 0 0 0 6 0]]
Solution:
[[3 5 6 2 9 1 8 0 4]
 [9 2 7 8 3 4 1 5 6]
 [4 1 8 5 6 7 2 3 0]
 [5 7 0 4 0 2 3 1 9]
 [2 8 4 0 7 3 6 0 0]
 [0 3 0 6 1 9 5 7 8]
 [7 4 0 3 8 0 9 2 5]
 [1 6 5 7 2 0 0 8 3]
 [8 0 2 9 5 6 7 4 1]]
Number of cells unfilled: 14
Accuracy: 82.71604938271605
Sample: 86396
Question:
[[0 5 0 0 0 0 0 6 2]
 [3 0 0 2 0 0 1 0 0]
 [0 0 0 0 0 0 0 3 0]
 [0 8 0 7 0 0 0 0 0]
 [5 0 7 0 0 9 0 0 0]
 [6 0 0 3 0 0 0 1 0]
 [0 9 0 0 8 0 0 0 0]
 [4 0 0 6 0 0 0 0 1]
 [0 0 5 0 0 7 4 0 0]]
Solution:
[[3 5 6 2 0 1 8 9 4]
 [9 2 7 8 3 4 1 5 6]
 [4 1 8 5 9 7 2 3 0]
 [5 7 0 4 0 2 3 1 9]
 [2 8 4 0 7 3 6 0 0]
 [0 3 9 6 1 8 5 7 2]
 [7 4 0 3 8 0 9 2 5]
 [1 6 5 7 2 0 0 8 3]
 [8 0 2 9 5 6 7 4 1]]
Number of cells unfilled: 13
Accuracy: 83.9506172839506
Sample: 86397
Question:
[[7 1 0 0 0 9 0 0 0]
 [0 3 2 0 6 7 0 0 0]
 [0 9 0 5 0 0 0 0 0]
 [0 0 0 0 0 0 3 5 0]
 [5 0 0 7 0 0 0 0 0]
 [0 0 9 0 0 2 1 0 0]
 [0 5 0 8 0 0 9 0 0]
 [0 0 4 0 0 0 0 0 6]
 [0 8 0 0 3 0 0 4 7]]
Solution:
[[3 5 6 2 0 1 8 9 4]
 [9 2 7 8 3 4 1 5 6]
 [4 1 8 5 9 7 2 3 0]
 [5 7 0 4 0 2 3 1 9]
 [2 8 4 0 7 3 6 0 0]
 [0 3 0 6 1 9 5 7 8]
 [7 4 0 3 8 0 9 2 5]
 [1 6 5 7 2 0 0 8 3]
 [8 0 2 9 5 6 7 4 1]]
Number of cells unfilled: 14
Accuracy: 82.71604938271605
Sample: 86398
Question:
[[0 0 0 0 9 0 0 0 2]
 [0 5 0 2 0 0 7 0 0]
 [0 0 4 0 0 1 0 6 0]
 [7 0 0 4 1 0 0 0 0]
 [0 9 0 0 0 0 0 0 0]
 [0 0 6 0 0 5 0 3 0]
 [0 0 8 0 5 0 0 0 3]
 [0 0 0 1 0 0 0 8 0]
 [0 4 0 0 0 8 5 0 6]]
Solution:
[[3 5 6 2 0 1 8 9 4]
 [9 2 7 8 3 4 1 5 6]
 [4 1 8 5 9 7 2 3 0]
 [5 7 0 4 0 2 3 1 9]
 [2 8 4 0 7 3 6 0 0]
 [0 3 9 6 1 8 5 7 2]
 [7 4 0 3 8 0 9 2 5]
 [1 6 5 7 2 0 0 8 3]
 [8 0 2 9 5 6 7 4 1]]
Number of cells unfilled: 13
Accuracy: 83.9506172839506
Sample: 86399
Question:
[[0 0 0 3 9 1 0 0 0]
 [8 0 3 0 0 5 0 0 0]
 [0 1 0 2 8 0 0 0 0]
 [0 0 0 0 0 0 0 0 8]
 [1 0 0 0 4 0 7 0 0]
 [0 0 4 0 0 0 2 9 0]
 [7 0 2 0 0 0 0 0 5]
 [0 0 0 0 0 0 4 8 0]
 [6 0 0 9 0 2 0 0 0]]
Solution:
[[3 5 6 2 9 1 8 0 4]
 [9 2 7 8 3 4 1 5 6]
 [4 1 8 5 6 7 2 3 0]
 [5 7 0 4 0 2 3 1 9]
 [2 8 4 0 7 3 6 0 0]
 [0 3 9 6 1 8 5 7 2]
 [7 4 0 3 8 0 9 2 5]
 [1 6 5 7 2 0 0 8 3]
 [8 0 2 9 5 6 7 4 1]]
Number of cells unfilled: 13
Accuracy: 83.9506172839506
Sample: 86400
Question:
[[0 0 0 0 0 1 8 0 4]
 [0 2 0 0 3 0 0 0 0]
 [0 1 8 5 0 7 2 3 0]
 [0 7 0 0 0 2 0 1 9]
 [0 8 4 0 0 0 0 0 0]
 [0 0 0 6 0 0 0 0 0]
 [0 0 0 3 0 0 0 0 5]
 [0 6 0 7 2 0 0 0 3]
 [0 0 2 9 5 0 7 0 0]]
Solution:
[[3 5 6 2 0 1 8 9 4]
 [9 2 7 8 3 4 1 5 6]
 [4 1 8 5 9 7 2 3 0]
 [5 7 0 4 0 2 3 1 9]
 [2 8 4 0 7 3 6 0 0]
 [0 3 9 6 1 8 5 7 2]
 [7 4 0 3 8 0 9 2 5]
 [1 6 5 7 2 0 0 8 3]
 [8 0 2 9 5 6 7 4 1]]
Number of cells unfilled: 13
Accuracy: 83.9506172839506
