2025-10-22 16:37:47.384187: I tensorflow/core/util/port.cc:153] oneDNN custom operations are on. You may see slightly different numerical results due to floating-point round-off errors from different computation orders. To turn them off, set the environment variable `TF_ENABLE_ONEDNN_OPTS=0`.
2025-10-22 16:37:48.307650: I tensorflow/core/platform/cpu_feature_guard.cc:210] This TensorFlow binary is optimized to use available CPU instructions in performance-critical operations.
To enable the following instructions: AVX2 AVX512F AVX512_VNNI FMA, in other operations, rebuild TensorFlow with the appropriate compiler flags.
2025-10-22 16:37:52.246300: I tensorflow/core/util/port.cc:153] oneDNN custom operations are on. You may see slightly different numerical results due to floating-point round-off errors from different computation orders. To turn them off, set the environment variable `TF_ENABLE_ONEDNN_OPTS=0`.
2025-10-22 16:37:58.058225: E external/local_xla/xla/stream_executor/cuda/cuda_platform.cc:51] failed call to cuInit: INTERNAL: CUDA error: Failed call to cuInit: UNKNOWN ERROR (303)
Sample: 87201
Question:
[[0 4 3 0 0 0 0 0 0]
 [0 5 0 0 0 0 0 1 4]
 [6 0 0 0 0 0 2 0 0]
 [0 0 0 0 8 2 0 0 9]
 [0 0 0 0 7 0 0 3 0]
 [7 0 0 6 0 0 4 0 0]
 [0 1 0 4 0 0 0 9 0]
 [4 0 0 0 0 7 8 0 0]
 [0 0 5 0 6 0 0 0 0]]
Solution:
[[9 3 8 5 0 2 0 4 1]
 [2 5 0 8 4 1 7 3 6]
 [4 0 1 6 7 3 5 2 8]
 [0 6 2 3 1 9 8 7 5]
 [8 9 7 0 5 6 4 1 3]
 [1 0 5 4 2 8 0 6 9]
 [5 8 3 2 6 7 9 0 4]
 [0 4 9 1 3 5 6 8 7]
 [6 1 0 9 8 4 3 5 2]]
Number of cells unfilled: 11
Accuracy: 86.41975308641975
Sample: 87202
Question:
[[0 0 1 8 6 3 0 0 0]
 [0 0 0 0 0 0 2 1 0]
 [0 0 9 0 0 0 4 0 0]
 [0 0 0 3 0 0 0 0 1]
 [0 0 0 0 4 7 0 0 0]
 [0 5 3 9 0 0 7 0 8]
 [0 0 0 0 0 0 3 0 0]
 [0 0 8 0 0 0 0 2 0]
 [0 3 0 0 0 4 0 5 9]]
Solution:
[[9 3 8 5 0 2 7 4 1]
 [2 5 0 8 4 1 0 3 6]
 [4 0 1 6 7 3 5 8 2]
 [0 6 2 3 1 9 8 7 5]
 [8 9 7 0 5 6 4 2 3]
 [1 0 0 4 2 8 0 6 9]
 [0 8 3 2 6 7 9 5 4]
 [0 2 9 1 3 5 6 0 7]
 [6 1 5 9 8 4 3 0 0]]
Number of cells unfilled: 14
Accuracy: 82.71604938271605
Sample: 87203
Question:
[[0 3 0 2 0 0 0 9 1]
 [1 0 0 0 0 0 0 2 4]
 [0 0 0 0 0 0 3 0 0]
 [0 5 0 0 6 0 0 0 0]
 [4 0 0 1 0 0 2 0 0]
 [0 0 0 0 0 7 0 0 9]
 [0 0 7 0 8 0 0 0 0]
 [3 0 0 4 0 0 9 0 0]
 [0 0 6 0 0 5 0 8 0]]
Solution:
[[9 3 8 5 0 2 0 4 1]
 [2 5 0 8 4 1 7 3 6]
 [4 0 1 6 7 3 5 9 2]
 [0 6 2 3 1 9 8 7 5]
 [8 9 7 0 5 6 4 2 3]
 [1 0 0 4 2 8 0 6 9]
 [0 8 3 2 6 7 9 1 4]
 [0 2 9 1 3 5 6 8 7]
 [6 1 5 9 8 4 3 0 0]]
Number of cells unfilled: 13
Accuracy: 83.9506172839506
Sample: 87204
Question:
[[0 0 0 7 0 0 9 0 0]
 [0 0 4 0 9 0 0 0 0]
 [0 3 0 4 0 2 0 0 6]
 [0 0 0 0 0 0 0 0 0]
 [4 0 0 9 0 6 0 0 2]
 [0 6 2 0 0 0 8 0 0]
 [0 0 6 5 0 9 0 0 3]
 [5 0 0 0 0 0 1 0 0]
 [3 4 0 0 7 0 0 0 0]]
Solution:
[[9 3 8 5 0 2 0 4 1]
 [2 5 0 8 4 1 7 3 6]
 [4 0 1 6 7 3 5 2 8]
 [0 6 2 3 1 9 8 7 5]
 [8 9 7 0 2 6 4 1 3]
 [1 0 0 4 5 8 2 6 9]
 [0 8 3 2 6 7 9 5 4]
 [0 2 9 1 3 5 6 8 7]
 [6 1 5 9 8 4 3 0 2]]
Number of cells unfilled: 11
Accuracy: 86.41975308641975
Sample: 87205
Question:
[[0 0 7 0 1 0 0 3 9]
 [1 0 0 0 0 3 5 0 0]
 [0 0 0 6 0 0 0 1 0]
 [2 9 0 0 0 0 8 0 0]
 [8 0 0 0 0 9 0 0 5]
 [0 0 4 0 0 0 0 9 0]
 [0 0 2 0 0 0 0 0 0]
 [5 0 0 0 0 1 0 8 0]
 [9 0 0 0 6 2 0 5 3]]
Solution:
[[9 3 8 5 0 2 0 4 1]
 [2 5 0 8 4 1 7 3 6]
 [4 0 1 6 7 3 5 8 2]
 [0 6 2 3 1 9 8 7 5]
 [8 9 7 0 2 6 4 1 3]
 [1 0 0 4 5 8 2 6 9]
 [5 8 3 2 6 7 9 0 4]
 [0 4 9 1 3 5 6 2 7]
 [6 1 0 9 8 4 3 5 0]]
Number of cells unfilled: 12
Accuracy: 85.18518518518519
Sample: 87206
Question:
[[0 0 7 6 2 0 3 5 0]
 [6 0 0 0 0 0 0 0 2]
 [0 2 0 0 3 0 7 0 0]
 [0 0 0 0 0 0 0 4 0]
 [0 7 0 5 8 0 0 0 3]
 [0 0 6 0 4 0 0 0 0]
 [7 0 0 0 0 0 0 0 0]
 [0 0 1 0 0 8 9 0 0]
 [8 6 0 2 7 0 0 0 5]]
Solution:
[[9 3 8 5 0 2 0 4 1]
 [2 5 0 8 4 1 7 3 6]
 [4 0 1 6 7 3 5 9 8]
 [0 6 2 3 1 9 8 7 5]
 [8 9 7 0 2 6 4 1 3]
 [1 0 0 4 5 8 0 6 2]
 [0 8 3 2 6 7 9 5 4]
 [0 2 9 1 3 5 6 8 7]
 [6 1 5 9 8 4 3 2 0]]
Number of cells unfilled: 12
Accuracy: 85.18518518518519
Sample: 87207
Question:
[[0 0 1 0 6 0 0 0 3]
 [6 0 0 7 0 0 2 0 0]
 [0 7 0 0 0 5 0 0 0]
 [0 0 7 0 9 0 4 0 0]
 [0 6 0 0 0 8 0 1 0]
 [1 0 0 6 0 0 0 0 8]
 [0 0 9 2 0 0 6 0 0]
 [0 3 0 0 0 0 0 5 0]
 [7 0 0 0 8 0 0 0 4]]
Solution:
[[9 3 8 5 2 0 0 4 1]
 [2 5 0 8 4 1 7 3 6]
 [4 0 1 6 7 3 5 9 2]
 [0 6 2 3 1 9 8 7 5]
 [8 9 7 0 5 6 4 1 3]
 [1 0 5 4 0 8 2 6 9]
 [5 8 3 2 6 7 9 0 4]
 [0 2 9 1 3 5 6 8 7]
 [6 1 0 9 8 4 3 2 0]]
Number of cells unfilled: 12
Accuracy: 85.18518518518519
Sample: 87208
Question:
[[0 4 7 0 0 2 0 0 8]
 [1 0 0 0 6 0 7 0 0]
 [9 0 0 0 4 0 0 0 3]
 [0 0 0 5 0 0 8 0 0]
 [0 0 0 0 0 0 0 0 7]
 [0 7 0 1 3 0 2 9 0]
 [0 0 0 0 0 4 0 0 0]
 [0 8 0 6 9 0 0 0 0]
 [4 0 0 0 1 8 0 0 0]]
Solution:
[[9 3 8 5 0 2 0 4 1]
 [2 5 0 8 4 1 7 3 6]
 [4 0 1 6 7 3 5 8 9]
 [0 6 2 3 1 9 8 7 5]
 [8 9 7 0 5 6 4 2 3]
 [1 0 5 4 2 8 0 6 0]
 [5 8 3 2 6 7 9 1 4]
 [0 4 9 1 3 5 6 0 7]
 [6 1 0 9 8 4 3 5 2]]
Number of cells unfilled: 12
Accuracy: 85.18518518518519
Sample: 87209
Question:
[[0 4 0 9 0 0 7 0 0]
 [0 0 9 0 0 0 0 0 0]
 [0 0 1 4 0 7 3 5 0]
 [0 3 0 0 0 0 9 6 0]
 [7 0 0 0 0 3 4 0 1]
 [0 0 0 0 0 2 0 0 0]
 [0 0 0 0 0 0 0 0 0]
 [0 9 0 0 2 0 6 0 7]
 [3 0 6 0 0 0 5 0 8]]
Solution:
[[9 3 8 5 0 2 7 4 1]
 [2 5 0 8 4 1 0 3 6]
 [4 0 1 6 7 3 5 8 2]
 [0 6 2 3 1 9 8 7 5]
 [8 9 7 0 5 6 4 2 3]
 [1 0 0 4 2 8 0 6 9]
 [0 8 3 2 6 7 9 1 4]
 [0 4 9 1 3 5 6 0 7]
 [6 1 5 9 8 4 3 0 0]]
Number of cells unfilled: 14
Accuracy: 82.71604938271605
Sample: 87210
Question:
[[0 0 4 3 0 0 0 0 0]
 [6 1 0 0 5 0 0 3 0]
 [0 2 0 0 0 1 0 0 9]
 [4 0 0 0 0 8 9 0 0]
 [0 0 2 0 7 0 0 0 8]
 [0 8 0 0 1 0 0 4 0]
 [0 0 0 0 0 0 6 0 0]
 [2 4 0 0 0 7 0 0 1]
 [0 0 5 1 0 0 0 7 0]]
Solution:
[[9 3 8 5 0 2 0 4 1]
 [2 5 0 8 4 1 7 3 6]
 [4 0 1 6 7 3 5 2 8]
 [0 6 2 3 1 9 8 7 5]
 [8 9 7 0 2 6 4 1 3]
 [1 0 0 4 5 8 2 6 9]
 [5 8 3 2 6 7 9 0 4]
 [0 4 9 1 3 5 6 8 7]
 [6 1 0 9 8 4 3 5 2]]
Number of cells unfilled: 11
Accuracy: 86.41975308641975
Sample: 87211
Question:
[[8 0 0 9 0 0 0 5 0]
 [0 7 3 0 0 0 0 0 0]
 [0 0 9 0 8 6 3 0 4]
 [0 9 0 0 3 0 6 1 0]
 [0 0 5 0 6 0 0 3 0]
 [0 0 0 4 0 0 5 0 0]
 [2 0 0 0 0 0 1 6 0]
 [0 0 0 6 0 0 0 8 0]
 [0 1 0 0 0 0 2 0 0]]
Solution:
[[9 3 8 5 0 2 0 4 1]
 [2 5 0 8 4 1 7 3 6]
 [4 0 1 6 7 3 5 8 9]
 [0 6 2 3 1 9 8 7 5]
 [8 9 7 0 2 6 4 1 3]
 [1 0 0 4 5 8 2 6 0]
 [5 8 3 2 6 7 9 0 4]
 [0 2 9 1 3 5 6 0 7]
 [6 1 0 9 8 4 3 5 2]]
Number of cells unfilled: 13
Accuracy: 83.9506172839506
Sample: 87212
Question:
[[0 0 0 5 0 8 0 3 0]
 [0 0 0 0 0 2 0 5 0]
 [0 0 5 0 0 0 9 0 0]
 [0 0 0 0 0 4 0 0 2]
 [0 5 8 0 0 7 0 0 0]
 [0 6 0 0 0 0 0 0 1]
 [8 1 0 0 7 0 0 2 0]
 [0 2 0 0 8 0 4 0 3]
 [0 7 0 0 9 0 0 0 0]]
Solution:
[[9 3 8 5 0 2 0 4 1]
 [2 5 0 8 4 1 7 3 6]
 [4 0 1 6 7 3 5 8 9]
 [0 6 2 3 1 9 8 7 5]
 [8 9 7 0 2 6 4 1 3]
 [1 0 0 4 5 8 2 6 0]
 [5 8 3 2 6 7 9 0 4]
 [0 2 9 1 3 5 6 0 7]
 [6 1 0 9 8 4 3 5 2]]
Number of cells unfilled: 13
Accuracy: 83.9506172839506
Sample: 87213
Question:
[[7 5 0 0 6 0 0 0 0]
 [0 3 0 0 0 0 2 0 0]
 [0 0 0 0 0 2 4 0 0]
 [4 0 0 0 0 0 8 0 0]
 [0 0 0 0 0 3 0 0 0]
 [6 0 0 0 5 0 0 0 0]
 [0 0 0 0 0 0 0 7 0]
 [1 0 0 0 0 4 0 0 0]
 [0 6 0 0 0 0 0 5 0]]
Solution:
[[9 3 8 5 0 2 7 4 1]
 [2 5 0 8 4 1 0 3 6]
 [4 0 1 6 7 3 5 2 9]
 [0 6 2 3 1 9 8 7 5]
 [8 9 7 0 5 6 4 1 3]
 [1 0 0 4 2 8 0 6 0]
 [0 8 3 2 6 7 9 5 4]
 [0 4 9 1 3 5 6 8 7]
 [6 1 5 9 8 4 3 0 2]]
Number of cells unfilled: 13
Accuracy: 83.9506172839506
Sample: 87214
Question:
[[0 5 8 0 0 0 0 0 2]
 [3 0 0 0 0 5 0 0 0]
 [0 9 0 0 7 0 0 0 0]
 [0 0 0 0 6 0 0 0 3]
 [0 0 0 0 9 2 1 0 5]
 [8 0 0 4 0 0 0 7 0]
 [0 0 0 0 0 4 7 0 0]
 [4 0 0 0 0 0 0 0 6]
 [0 0 3 0 5 7 0 1 0]]
Solution:
[[9 3 8 5 2 0 0 4 1]
 [2 5 0 8 4 1 7 3 6]
 [4 0 1 6 7 3 5 2 8]
 [0 6 2 3 1 9 8 7 5]
 [8 9 7 0 5 6 4 1 3]
 [1 0 0 4 0 2 0 6 9]
 [0 8 3 2 6 7 9 5 4]
 [0 4 9 1 3 5 6 8 7]
 [6 1 5 9 8 4 3 0 2]]
Number of cells unfilled: 13
Accuracy: 83.9506172839506
Sample: 87215
Question:
[[0 0 0 0 0 4 0 1 0]
 [2 0 0 0 0 7 3 0 0]
 [0 0 6 0 1 0 0 0 7]
 [9 0 0 0 8 0 0 0 3]
 [0 2 0 7 0 0 9 0 0]
 [0 0 4 0 0 9 0 0 0]
 [0 8 0 0 0 0 0 0 5]
 [4 0 2 0 0 8 7 0 0]
 [0 5 3 0 0 0 0 6 0]]
Solution:
[[9 3 8 5 0 2 0 4 1]
 [2 5 0 8 4 1 7 3 6]
 [4 0 1 6 7 3 5 2 9]
 [0 6 2 3 1 9 8 7 5]
 [8 9 7 0 5 6 4 1 3]
 [1 0 5 4 2 8 0 6 0]
 [5 8 3 2 6 7 9 0 4]
 [0 4 9 1 3 5 6 8 7]
 [6 1 0 9 8 4 3 5 2]]
Number of cells unfilled: 12
Accuracy: 85.18518518518519
Sample: 87216
Question:
[[0 8 0 0 0 0 2 0 0]
 [6 0 0 0 2 0 0 7 3]
 [0 0 0 0 0 5 0 0 0]
 [0 0 6 4 0 0 0 3 0]
 [0 7 4 0 3 0 1 0 0]
 [3 0 0 0 0 2 0 0 0]
 [4 0 0 0 7 0 0 6 0]
 [0 0 0 9 0 0 0 0 0]
 [7 0 0 0 4 3 0 1 0]]
Solution:
[[9 3 8 5 0 2 0 4 1]
 [2 5 0 8 4 1 7 3 6]
 [4 0 1 6 7 3 5 9 2]
 [0 6 2 3 1 9 8 7 5]
 [8 9 7 0 2 6 4 1 3]
 [1 0 0 4 5 8 2 6 9]
 [5 8 3 2 6 7 9 0 4]
 [0 4 9 1 3 5 6 8 7]
 [6 1 0 9 8 4 3 2 0]]
Number of cells unfilled: 12
Accuracy: 85.18518518518519
Sample: 87217
Question:
[[4 0 0 0 0 6 0 0 5]
 [0 1 0 0 0 0 0 0 0]
 [0 0 0 3 4 0 9 0 0]
 [2 0 0 0 3 0 7 5 0]
 [0 6 0 0 2 0 0 0 3]
 [0 0 0 0 0 5 0 2 0]
 [0 0 8 4 0 0 0 0 0]
 [7 5 0 0 0 2 0 0 4]
 [6 0 0 0 0 3 0 0 7]]
Solution:
[[9 3 8 5 0 2 7 4 1]
 [2 5 0 8 4 1 0 3 6]
 [4 0 1 6 7 3 5 2 9]
 [0 6 2 3 1 9 8 7 5]
 [8 9 7 0 2 6 4 1 3]
 [1 0 0 4 5 8 0 6 2]
 [5 8 3 2 6 7 9 0 4]
 [0 2 9 1 3 5 6 8 7]
 [6 1 0 9 8 4 3 5 0]]
Number of cells unfilled: 13
Accuracy: 83.9506172839506
Sample: 87218
Question:
[[0 0 0 0 2 0 0 3 0]
 [1 0 7 5 0 0 0 0 9]
 [5 2 0 0 0 0 0 0 0]
 [0 6 0 0 1 0 3 0 0]
 [3 0 0 0 0 0 1 0 4]
 [0 0 0 0 6 8 2 0 0]
 [0 4 1 0 0 6 0 0 0]
 [0 7 0 0 0 4 9 0 0]
 [2 0 0 0 7 0 0 0 0]]
Solution:
[[9 3 8 5 0 2 0 4 1]
 [2 5 0 8 4 1 7 3 6]
 [4 0 1 6 7 3 5 9 2]
 [0 6 2 3 1 9 8 7 5]
 [8 9 7 0 5 6 4 2 3]
 [1 0 0 4 2 8 0 6 9]
 [0 8 3 2 6 7 9 5 4]
 [0 4 9 1 3 5 6 8 7]
 [6 1 5 9 8 4 3 0 0]]
Number of cells unfilled: 13
Accuracy: 83.9506172839506
Sample: 87219
Question:
[[0 0 7 4 0 0 0 0 0]
 [0 0 0 2 0 0 0 8 0]
 [0 2 0 0 0 6 0 0 3]
 [0 1 0 0 6 0 3 0 0]
 [0 0 2 0 0 1 9 6 0]
 [0 0 0 5 0 0 0 0 1]
 [0 9 0 0 0 5 0 0 6]
 [8 0 6 0 0 0 5 0 0]
 [0 0 4 0 7 0 0 0 0]]
Solution:
[[9 3 8 5 0 2 7 4 1]
 [2 5 0 8 4 1 0 3 6]
 [4 0 1 6 7 3 5 2 9]
 [0 6 2 3 1 9 8 7 5]
 [8 9 7 0 5 6 4 1 3]
 [1 0 5 4 2 8 0 6 0]
 [5 8 3 2 6 7 9 0 4]
 [0 4 9 1 3 5 6 8 7]
 [6 1 0 9 8 4 3 5 2]]
Number of cells unfilled: 12
Accuracy: 85.18518518518519
Sample: 87220
Question:
[[0 6 3 0 4 8 0 9 0]
 [1 0 0 0 0 6 7 0 0]
 [0 0 2 3 0 0 0 0 4]
 [0 1 0 0 0 0 0 0 0]
 [0 0 5 0 0 0 0 0 8]
 [0 9 0 0 0 0 0 2 6]
 [0 2 0 0 0 0 8 0 0]
 [0 0 0 0 9 0 0 0 5]
 [4 0 8 6 0 3 0 0 9]]
Solution:
[[9 3 8 5 0 2 7 4 1]
 [2 5 0 8 4 1 0 3 6]
 [4 0 1 6 7 3 5 8 2]
 [0 6 2 3 1 9 8 7 5]
 [8 9 7 0 2 6 4 1 3]
 [1 0 0 4 5 8 2 6 9]
 [5 8 3 2 6 7 9 0 4]
 [0 2 9 1 3 5 6 0 7]
 [6 1 0 9 8 4 3 2 0]]
Number of cells unfilled: 13
Accuracy: 83.9506172839506
Sample: 87221
Question:
[[0 0 0 0 0 0 1 0 0]
 [0 8 5 4 0 0 0 0 2]
 [7 0 0 0 9 0 0 8 0]
 [0 0 0 0 3 7 0 6 0]
 [0 0 0 0 0 8 0 0 0]
 [0 5 7 2 0 0 0 0 8]
 [5 0 0 0 0 4 0 0 3]
 [0 4 3 0 0 0 8 2 0]
 [0 0 8 3 0 0 0 0 0]]
Solution:
[[9 3 8 5 0 2 0 4 1]
 [2 5 0 8 4 1 7 3 6]
 [4 0 1 6 7 3 5 2 9]
 [0 6 2 3 1 9 8 7 5]
 [8 9 7 0 5 6 4 1 3]
 [1 0 0 4 2 8 0 6 0]
 [0 8 3 2 6 7 9 5 4]
 [0 2 9 1 3 5 6 8 7]
 [6 1 5 9 8 4 3 0 2]]
Number of cells unfilled: 13
Accuracy: 83.9506172839506
Sample: 87222
Question:
[[0 0 3 0 2 6 0 4 0]
 [0 0 0 7 0 0 9 0 0]
 [0 6 0 0 0 4 0 0 0]
 [0 0 0 2 0 0 0 0 4]
 [4 0 7 0 0 0 8 0 2]
 [0 2 0 0 0 8 0 9 0]
 [0 0 4 0 1 0 0 6 0]
 [5 0 0 0 0 0 0 0 0]
 [0 7 0 8 0 0 4 0 9]]
Solution:
[[9 3 8 5 0 2 7 4 1]
 [2 5 0 8 4 1 0 3 6]
 [4 0 1 6 7 3 5 2 8]
 [0 6 2 3 1 9 8 7 5]
 [8 9 7 0 5 6 4 1 3]
 [1 0 0 4 2 8 0 6 9]
 [0 8 3 2 6 7 9 5 4]
 [0 2 9 1 3 5 6 8 7]
 [6 1 5 9 8 4 3 0 2]]
Number of cells unfilled: 12
Accuracy: 85.18518518518519
Sample: 87223
Question:
[[6 8 0 0 9 0 0 0 4]
 [0 0 3 6 0 0 0 7 0]
 [0 0 0 0 0 1 0 0 0]
 [0 0 0 0 0 0 6 0 0]
 [8 3 0 0 0 0 0 0 9]
 [0 0 6 5 0 0 3 2 0]
 [4 2 0 9 0 6 0 0 0]
 [0 0 8 0 2 0 4 0 0]
 [0 6 0 0 0 0 0 0 2]]
Solution:
[[9 3 8 5 0 2 7 4 1]
 [2 5 0 8 4 1 0 3 6]
 [4 0 1 6 7 3 5 8 2]
 [0 6 2 3 1 9 8 7 5]
 [8 9 7 0 5 6 4 2 3]
 [1 0 0 4 2 8 0 6 9]
 [0 8 3 2 6 7 9 5 4]
 [0 4 9 1 3 5 6 0 7]
 [6 1 5 9 8 4 3 0 0]]
Number of cells unfilled: 14
Accuracy: 82.71604938271605
Sample: 87224
Question:
[[8 0 0 2 0 0 0 0 6]
 [0 6 0 0 1 0 0 0 0]
 [0 7 9 0 0 0 0 2 0]
 [9 0 7 8 0 0 0 6 0]
 [0 0 0 0 0 4 9 0 0]
 [0 3 0 0 9 0 8 0 0]
 [0 0 0 0 7 0 0 5 0]
 [0 0 0 5 0 0 6 0 9]
 [5 0 0 9 0 0 2 0 0]]
Solution:
[[9 3 8 5 0 2 0 4 1]
 [2 5 0 8 4 1 7 3 6]
 [4 0 1 6 7 3 5 2 9]
 [0 6 2 3 1 9 8 7 5]
 [8 9 7 0 5 6 4 1 3]
 [1 0 5 4 2 8 0 6 0]
 [5 8 3 2 6 7 9 0 4]
 [0 4 9 1 3 5 6 8 7]
 [6 1 0 9 8 4 3 5 2]]
Number of cells unfilled: 12
Accuracy: 85.18518518518519
Sample: 87225
Question:
[[0 0 0 0 0 0 0 0 3]
 [0 0 7 5 0 9 4 0 0]
 [2 0 0 0 4 0 9 6 0]
 [0 7 2 9 0 4 5 0 0]
 [8 0 0 0 0 0 0 0 0]
 [0 4 0 0 0 0 0 0 0]
 [7 2 0 0 9 0 1 0 0]
 [9 0 0 7 0 1 0 0 5]
 [0 0 1 0 0 2 0 0 0]]
Solution:
[[9 3 8 5 0 2 7 4 1]
 [2 5 0 8 4 1 0 3 6]
 [4 0 1 6 7 3 5 2 8]
 [0 6 2 3 1 9 8 7 5]
 [8 9 7 0 2 6 4 1 3]
 [1 0 0 4 5 8 2 6 9]
 [5 8 3 2 6 7 9 0 4]
 [0 2 9 1 3 5 6 8 7]
 [6 1 0 9 8 4 3 5 2]]
Number of cells unfilled: 11
Accuracy: 86.41975308641975
Sample: 87226
Question:
[[0 0 0 3 0 0 2 0 1]
 [2 0 7 0 0 1 0 4 0]
 [0 1 0 0 4 0 0 0 7]
 [0 7 2 0 0 3 4 0 6]
 [9 0 0 0 0 0 0 0 0]
 [0 0 6 0 0 0 0 0 0]
 [7 0 0 0 5 0 0 6 0]
 [0 2 0 0 0 6 3 0 4]
 [0 0 4 8 0 0 0 0 0]]
Solution:
[[9 3 8 5 2 0 7 4 1]
 [2 5 0 8 4 1 0 3 6]
 [4 0 1 6 7 3 5 9 8]
 [0 6 2 3 1 9 8 7 5]
 [8 9 7 0 5 6 4 2 3]
 [1 0 0 4 0 8 0 6 9]
 [0 8 3 2 6 7 9 5 4]
 [0 4 9 1 3 5 6 8 7]
 [6 1 5 9 8 4 3 0 2]]
Number of cells unfilled: 13
Accuracy: 83.9506172839506
Sample: 87227
Question:
[[0 1 0 9 0 0 2 0 6]
 [0 6 0 0 0 0 0 0 7]
 [3 0 0 0 0 0 0 0 0]
 [5 0 0 0 0 0 0 7 0]
 [0 0 2 0 0 6 8 0 0]
 [0 9 0 0 1 4 0 0 0]
 [0 7 0 0 0 0 0 0 2]
 [0 0 0 0 2 0 0 0 5]
 [8 0 0 6 7 3 0 0 1]]
Solution:
[[9 3 8 5 0 2 0 4 1]
 [2 5 0 8 4 1 7 3 6]
 [4 0 1 6 7 3 5 9 2]
 [0 6 2 3 1 9 8 7 5]
 [8 9 7 0 2 6 4 1 3]
 [1 0 0 4 5 8 2 6 9]
 [0 8 3 2 6 7 9 5 4]
 [0 4 9 1 3 5 6 8 7]
 [6 1 5 9 8 4 3 2 0]]
Number of cells unfilled: 11
Accuracy: 86.41975308641975
Sample: 87228
Question:
[[0 6 1 9 0 0 3 0 8]
 [0 0 0 3 0 0 0 0 2]
 [9 0 5 0 0 2 6 7 0]
 [7 5 0 4 0 6 0 0 0]
 [0 0 3 2 8 0 9 0 0]
 [0 0 8 0 9 0 0 1 5]
 [3 0 0 0 7 0 0 0 4]
 [0 1 0 6 0 4 8 0 0]
 [0 0 2 0 0 8 0 5 6]]
Solution:
[[9 3 8 5 0 2 7 4 1]
 [2 5 0 8 4 1 0 3 6]
 [4 0 1 6 7 3 5 9 8]
 [0 6 2 3 1 9 8 7 5]
 [8 9 7 0 2 6 4 1 3]
 [1 0 0 4 5 8 0 6 2]
 [0 8 3 2 6 7 9 5 4]
 [0 4 9 1 3 5 6 2 7]
 [6 1 5 9 8 4 3 0 0]]
Number of cells unfilled: 13
Accuracy: 83.9506172839506
Sample: 87229
Question:
[[4 0 0 6 0 5 7 0 0]
 [0 0 6 0 0 3 0 4 0]
 [0 8 0 0 4 0 0 0 0]
 [8 0 0 0 3 6 0 7 0]
 [0 0 1 9 0 4 3 0 0]
 [0 0 0 0 0 0 0 0 9]
 [7 0 0 0 6 0 0 3 0]
 [0 0 5 0 0 1 2 0 0]
 [0 2 0 0 0 0 0 0 0]]
Solution:
[[9 3 8 5 0 2 0 4 1]
 [2 5 0 8 4 1 7 3 6]
 [4 0 1 6 7 3 5 9 8]
 [0 6 2 3 1 9 8 7 5]
 [8 9 7 0 5 6 4 2 3]
 [1 0 5 4 2 8 0 6 9]
 [5 8 3 2 6 7 9 1 4]
 [0 4 9 1 3 5 6 8 7]
 [6 1 0 9 8 4 3 5 2]]
Number of cells unfilled: 10
Accuracy: 87.65432098765432
Sample: 87230
Question:
[[0 0 1 8 7 0 0 5 2]
 [0 0 0 1 0 0 8 0 0]
 [7 0 0 0 0 0 0 0 0]
 [0 2 0 0 0 8 0 0 0]
 [6 9 0 0 0 0 0 0 5]
 [0 5 0 0 1 0 0 4 6]
 [0 0 0 0 0 0 0 7 9]
 [0 0 0 7 5 0 0 0 1]
 [0 0 5 0 2 0 0 0 0]]
Solution:
[[9 3 8 5 0 2 0 4 1]
 [2 5 0 8 4 1 7 3 6]
 [4 0 1 6 7 3 5 9 2]
 [0 6 2 3 1 9 8 7 5]
 [8 9 7 0 5 6 4 1 3]
 [1 0 5 4 2 8 0 6 9]
 [5 8 3 2 6 7 9 0 4]
 [0 2 9 1 3 5 6 8 7]
 [6 1 0 9 8 4 3 5 0]]
Number of cells unfilled: 12
Accuracy: 85.18518518518519
Sample: 87231
Question:
[[0 0 9 1 0 0 0 0 6]
 [4 0 0 0 0 5 0 1 0]
 [0 1 0 0 2 0 8 0 0]
 [9 0 0 0 0 0 5 0 0]
 [0 6 0 0 5 0 0 0 8]
 [0 0 2 3 0 0 0 6 0]
 [0 0 0 6 0 3 2 0 7]
 [0 7 0 0 1 0 0 8 0]
 [0 0 0 0 0 4 0 0 0]]
Solution:
[[9 3 8 5 0 2 7 4 1]
 [2 5 0 8 4 1 0 3 6]
 [4 0 1 6 7 3 5 2 8]
 [0 6 2 3 1 9 8 7 5]
 [8 9 7 0 2 6 4 1 3]
 [1 0 0 4 5 8 0 6 2]
 [5 8 3 2 6 7 9 0 4]
 [0 2 9 1 3 5 6 8 7]
 [6 1 0 9 8 4 3 5 0]]
Number of cells unfilled: 13
Accuracy: 83.9506172839506
Sample: 87232
Question:
[[0 0 0 0 2 0 0 4 0]
 [0 0 0 0 0 1 0 0 6]
 [0 9 0 3 0 0 5 0 0]
 [1 0 0 0 0 8 0 0 0]
 [0 7 9 2 0 0 0 0 0]
 [0 5 8 0 3 0 7 0 0]
 [0 0 5 9 0 0 3 0 0]
 [0 0 0 0 4 0 0 6 5]
 [0 2 0 0 0 0 4 0 0]]
Solution:
[[9 3 8 5 0 2 7 4 1]
 [2 5 0 8 4 1 0 3 6]
 [4 0 1 6 7 3 5 2 9]
 [0 6 2 3 1 9 8 7 5]
 [8 9 7 0 2 6 4 1 3]
 [1 0 0 4 5 8 2 6 0]
 [5 8 3 2 6 7 9 0 4]
 [0 4 9 1 3 5 6 8 7]
 [6 1 0 9 8 4 3 5 2]]
Number of cells unfilled: 12
Accuracy: 85.18518518518519
Sample: 87233
Question:
[[1 0 0 0 4 0 0 9 0]
 [0 0 0 6 0 0 0 0 5]
 [0 8 0 0 0 9 0 0 0]
 [0 0 7 0 0 0 2 0 0]
 [9 0 0 0 1 0 0 0 3]
 [3 1 0 0 0 5 0 4 0]
 [0 3 0 0 9 0 0 8 0]
 [0 0 0 0 0 2 0 0 6]
 [5 0 0 8 0 0 7 0 0]]
Solution:
[[9 3 8 5 0 2 0 4 1]
 [2 5 0 8 4 1 7 3 6]
 [4 0 1 6 7 3 5 2 9]
 [0 6 2 3 1 9 8 7 5]
 [8 9 7 0 5 6 4 1 3]
 [1 0 0 4 2 8 0 6 0]
 [0 8 3 2 6 7 9 5 4]
 [0 4 9 1 3 5 6 8 7]
 [6 1 5 9 8 4 3 0 2]]
Number of cells unfilled: 13
Accuracy: 83.9506172839506
Sample: 87234
Question:
[[0 9 0 7 0 0 0 6 0]
 [0 0 6 0 8 0 9 0 0]
 [5 0 0 0 0 0 0 0 0]
 [0 0 0 0 0 8 6 2 0]
 [0 6 0 2 7 0 0 0 3]
 [0 0 0 6 0 1 4 7 0]
 [9 0 1 0 0 0 0 0 0]
 [0 4 5 0 0 0 0 3 0]
 [0 7 0 4 0 0 2 0 0]]
Solution:
[[9 3 8 5 0 2 0 4 1]
 [2 5 0 8 4 1 7 3 6]
 [4 0 1 6 7 3 5 9 2]
 [0 6 2 3 1 9 8 7 5]
 [8 9 7 0 5 6 4 2 3]
 [1 0 0 4 2 8 0 6 9]
 [0 8 3 2 6 7 9 5 4]
 [0 2 9 1 3 5 6 8 7]
 [6 1 5 9 8 4 3 0 0]]
Number of cells unfilled: 13
Accuracy: 83.9506172839506
Sample: 87235
Question:
[[9 0 0 0 8 0 1 0 0]
 [0 0 7 0 0 5 0 0 0]
 [0 4 0 3 0 0 0 0 0]
 [6 0 0 0 2 0 0 0 9]
 [0 0 4 0 0 0 2 0 0]
 [0 0 0 1 0 0 8 6 0]
 [0 0 5 0 0 0 9 0 0]
 [2 0 0 0 6 0 0 8 0]
 [0 7 0 0 0 3 0 0 1]]
Solution:
[[9 3 8 5 0 2 0 4 1]
 [2 5 0 8 4 1 7 3 6]
 [4 0 1 6 7 3 5 8 9]
 [0 6 2 3 1 9 8 7 5]
 [8 9 7 0 5 6 4 1 3]
 [1 0 5 4 2 8 0 6 0]
 [5 8 3 2 6 7 9 0 4]
 [0 4 9 1 3 5 6 2 7]
 [6 1 0 9 8 4 3 5 0]]
Number of cells unfilled: 13
Accuracy: 83.9506172839506
Sample: 87236
Question:
[[0 0 2 0 5 0 0 9 0]
 [8 5 0 0 0 1 3 0 0]
 [1 0 7 0 2 0 0 4 0]
 [0 0 1 0 0 0 0 0 0]
 [0 0 0 2 0 7 0 1 0]
 [7 0 0 0 1 0 9 0 4]
 [0 0 4 0 7 0 0 5 0]
 [5 0 0 0 0 0 0 0 9]
 [0 7 0 0 0 0 0 0 6]]
Solution:
[[9 3 8 5 0 2 0 4 1]
 [2 5 0 8 4 1 7 3 6]
 [4 0 1 6 7 3 5 9 2]
 [0 6 2 3 1 9 8 7 5]
 [8 9 7 0 5 6 4 1 3]
 [1 0 5 4 2 8 0 6 9]
 [5 8 3 2 6 7 9 0 4]
 [0 4 9 1 3 5 6 2 7]
 [6 1 0 9 8 4 3 5 0]]
Number of cells unfilled: 12
Accuracy: 85.18518518518519
Sample: 87237
Question:
[[0 0 3 0 0 5 0 0 0]
 [8 5 0 0 7 0 0 0 6]
 [0 0 0 0 0 8 4 5 0]
 [2 9 0 7 0 0 0 0 8]
 [0 0 6 0 0 0 2 0 0]
 [7 0 1 0 0 2 0 6 0]
 [9 6 0 0 0 7 0 0 2]
 [0 0 0 0 9 0 0 0 0]
 [0 0 0 0 2 0 6 0 0]]
Solution:
[[9 3 8 5 0 2 0 4 1]
 [2 5 0 8 4 1 7 3 6]
 [4 0 1 6 7 3 5 2 9]
 [0 6 2 3 1 9 8 7 5]
 [8 9 7 0 2 6 4 1 3]
 [1 0 0 4 5 8 0 6 2]
 [5 8 3 2 6 7 9 0 4]
 [0 2 9 1 3 5 6 8 7]
 [6 1 0 9 8 4 3 5 0]]
Number of cells unfilled: 13
Accuracy: 83.9506172839506
Sample: 87238
Question:
[[0 0 6 0 0 0 0 8 0]
 [2 0 0 1 0 0 0 5 0]
 [0 7 0 0 2 0 6 0 0]
 [0 1 0 0 0 0 0 0 0]
 [0 0 2 0 1 0 0 7 8]
 [0 0 0 9 0 2 1 0 0]
 [0 9 0 0 6 0 8 0 0]
 [6 0 4 0 0 0 0 0 3]
 [0 2 1 0 9 0 7 0 0]]
Solution:
[[9 3 8 5 2 0 7 4 1]
 [2 5 0 8 4 1 0 3 6]
 [4 0 1 6 7 3 5 8 9]
 [0 6 2 3 1 9 8 7 5]
 [8 9 7 0 5 6 4 2 3]
 [1 0 5 4 0 2 0 6 0]
 [5 8 3 2 6 7 9 1 4]
 [0 4 9 1 3 5 6 0 7]
 [6 1 0 9 8 4 3 5 2]]
Number of cells unfilled: 13
Accuracy: 83.9506172839506
Sample: 87239
Question:
[[0 1 0 0 0 0 2 7 0]
 [0 6 8 0 0 0 0 0 0]
 [0 0 0 0 0 3 0 0 1]
 [7 0 0 0 4 0 9 0 0]
 [0 0 0 2 5 0 7 8 0]
 [0 0 0 0 0 0 0 1 4]
 [0 0 3 0 0 9 0 0 0]
 [0 0 0 8 0 0 0 0 5]
 [6 0 0 5 7 1 4 0 0]]
Solution:
[[9 3 8 5 2 0 7 4 1]
 [2 5 0 8 4 1 0 3 6]
 [4 0 1 6 7 3 5 8 2]
 [0 6 2 3 1 9 8 7 5]
 [8 9 7 0 5 6 4 1 3]
 [1 0 5 4 0 2 0 6 9]
 [5 8 3 2 6 7 9 0 4]
 [0 4 9 1 3 5 6 2 7]
 [6 1 0 9 8 4 3 5 0]]
Number of cells unfilled: 13
Accuracy: 83.9506172839506
Sample: 87240
Question:
[[4 0 0 1 0 0 0 0 0]
 [0 0 2 0 0 0 6 7 3]
 [5 0 0 0 0 0 2 0 0]
 [0 0 0 0 0 0 0 0 2]
 [8 0 0 4 0 0 9 0 0]
 [0 9 0 0 7 2 0 8 0]
 [0 8 0 0 0 3 0 0 5]
 [0 0 0 0 5 7 0 9 0]
 [6 0 0 0 0 4 0 0 8]]
Solution:
[[9 3 8 5 0 2 0 4 1]
 [2 5 0 8 4 1 7 3 6]
 [4 0 1 6 7 3 5 8 9]
 [0 6 2 3 1 9 8 7 5]
 [8 9 7 0 5 6 4 1 3]
 [1 0 0 4 0 8 0 6 2]
 [0 8 3 2 6 7 9 5 4]
 [0 4 9 1 3 5 6 0 7]
 [6 1 5 9 8 4 3 2 0]]
Number of cells unfilled: 14
Accuracy: 82.71604938271605
Sample: 87241
Question:
[[0 0 0 6 0 9 0 0 0]
 [4 1 0 0 7 0 0 2 0]
 [0 8 9 0 0 4 0 0 0]
 [0 0 0 0 0 0 0 8 0]
 [3 5 0 0 0 0 4 0 0]
 [0 0 0 0 0 0 6 0 7]
 [8 0 7 0 9 0 0 0 2]
 [2 0 0 8 0 3 0 9 5]
 [0 0 0 0 0 2 0 0 0]]
Solution:
[[9 3 8 5 0 2 7 4 1]
 [2 5 0 8 4 1 0 3 6]
 [4 0 1 6 7 3 5 9 2]
 [0 6 2 3 1 9 8 7 5]
 [8 9 7 0 5 6 4 1 3]
 [1 0 0 4 2 8 0 6 9]
 [0 8 3 2 6 7 9 5 4]
 [0 4 9 1 3 5 6 8 7]
 [6 1 5 9 8 4 3 2 0]]
Number of cells unfilled: 12
Accuracy: 85.18518518518519
Sample: 87242
Question:
[[0 0 6 0 5 0 8 1 0]
 [0 0 5 2 0 0 0 0 0]
 [1 9 0 0 0 0 0 0 0]
 [6 0 0 1 0 0 7 0 0]
 [0 0 7 0 0 4 0 0 9]
 [0 0 0 0 0 8 4 5 2]
 [7 0 9 0 0 0 0 0 0]
 [0 0 0 0 0 1 0 7 0]
 [0 0 0 3 7 0 0 0 4]]
Solution:
[[9 3 8 5 2 0 0 4 1]
 [2 5 0 8 4 1 7 3 6]
 [4 0 1 6 7 3 5 9 2]
 [0 6 2 3 1 9 8 7 5]
 [8 9 7 0 5 6 4 2 3]
 [1 0 5 4 0 8 0 6 9]
 [5 8 3 2 6 7 9 1 4]
 [0 4 9 1 3 5 6 8 7]
 [6 1 0 9 8 4 3 5 0]]
Number of cells unfilled: 12
Accuracy: 85.18518518518519
Sample: 87243
Question:
[[3 0 0 9 0 4 0 5 0]
 [0 0 0 0 6 0 0 0 3]
 [0 4 0 0 0 5 0 0 0]
 [0 9 0 0 5 0 0 6 0]
 [0 0 2 0 0 0 1 0 0]
 [7 0 0 2 0 0 0 0 0]
 [0 0 4 0 0 1 0 0 8]
 [0 5 0 0 9 0 0 3 0]
 [8 0 0 0 0 0 7 0 0]]
Solution:
[[9 3 8 5 0 2 0 4 1]
 [2 5 0 8 4 1 7 3 6]
 [4 0 1 6 7 3 5 8 2]
 [0 6 2 3 1 9 8 7 5]
 [8 9 7 0 5 6 4 2 3]
 [1 0 5 4 2 8 0 6 9]
 [5 8 3 2 6 7 9 1 4]
 [0 4 9 1 3 5 6 0 7]
 [6 1 0 9 8 4 3 5 0]]
Number of cells unfilled: 12
Accuracy: 85.18518518518519
Sample: 87244
Question:
[[0 7 9 4 6 0 0 0 0]
 [0 1 0 3 0 0 7 0 0]
 [0 0 0 0 0 0 0 0 6]
 [0 0 0 6 3 0 0 4 0]
 [8 2 0 0 0 0 0 0 0]
 [0 0 0 8 0 0 6 0 1]
 [0 0 0 0 4 0 0 0 5]
 [0 0 1 0 0 2 0 0 0]
 [5 8 0 0 0 0 3 2 0]]
Solution:
[[9 3 8 5 0 2 7 4 1]
 [2 5 0 8 4 1 0 3 6]
 [4 0 1 6 7 3 5 9 2]
 [0 6 2 3 1 9 8 7 5]
 [8 9 7 0 5 6 4 2 3]
 [1 0 0 4 2 8 0 6 9]
 [0 8 3 2 6 7 9 5 4]
 [0 4 9 1 3 5 6 8 7]
 [6 1 5 9 8 4 3 0 0]]
Number of cells unfilled: 13
Accuracy: 83.9506172839506
Sample: 87245
Question:
[[0 0 9 0 0 1 5 0 0]
 [0 5 0 9 0 0 0 0 2]
 [0 6 0 0 5 3 0 9 0]
 [0 0 0 0 3 0 0 0 4]
 [0 0 6 1 0 0 0 2 0]
 [4 0 0 0 0 7 3 0 0]
 [6 0 0 0 0 2 8 0 0]
 [0 0 1 3 0 0 0 5 0]
 [0 8 0 0 0 0 0 0 7]]
Solution:
[[9 3 8 5 2 0 0 4 1]
 [2 5 0 8 4 1 7 3 6]
 [4 0 1 6 7 3 5 2 8]
 [0 6 2 3 1 9 8 7 5]
 [8 9 7 0 5 6 4 1 3]
 [1 0 5 4 0 2 0 6 9]
 [5 8 3 2 6 7 9 0 4]
 [0 2 9 1 3 5 6 8 7]
 [6 1 0 9 8 4 3 5 2]]
Number of cells unfilled: 12
Accuracy: 85.18518518518519
Sample: 87246
Question:
[[0 0 6 0 2 0 0 8 0]
 [0 0 0 6 0 4 9 0 0]
 [0 1 0 5 0 0 0 0 0]
 [7 0 0 0 0 0 0 0 8]
 [0 0 5 2 0 0 0 6 0]
 [0 0 0 0 7 0 3 0 0]
 [0 0 7 0 0 2 0 4 0]
 [0 3 0 0 0 0 8 0 0]
 [1 0 8 0 6 0 0 0 9]]
Solution:
[[9 3 8 5 0 2 7 4 1]
 [2 5 0 8 4 1 0 3 6]
 [4 0 1 6 7 3 5 2 9]
 [0 6 2 3 1 9 8 7 5]
 [8 9 7 0 2 6 4 1 3]
 [1 0 0 4 5 8 2 6 0]
 [5 8 3 2 6 7 9 0 4]
 [0 4 9 1 3 5 6 8 7]
 [6 1 0 9 8 4 3 5 2]]
Number of cells unfilled: 12
Accuracy: 85.18518518518519
Sample: 87247
Question:
[[0 0 9 0 0 7 0 0 4]
 [0 0 0 0 9 0 0 1 0]
 [0 5 0 2 0 0 3 0 7]
 [0 0 7 0 2 0 0 0 9]
 [0 6 0 8 0 4 0 0 0]
 [0 1 0 0 0 0 0 0 0]
 [0 0 8 9 0 0 0 0 2]
 [6 0 0 0 7 0 0 5 0]
 [3 0 0 0 0 0 0 0 0]]
Solution:
[[9 3 8 5 0 2 7 4 1]
 [2 5 0 8 4 1 0 3 6]
 [4 0 1 6 7 3 5 9 2]
 [0 6 2 3 1 9 8 7 5]
 [8 9 7 0 5 6 4 2 3]
 [1 0 5 4 2 8 0 6 9]
 [5 8 3 2 6 7 9 1 4]
 [0 2 9 1 3 5 6 8 7]
 [6 1 0 9 8 4 3 5 0]]
Number of cells unfilled: 11
Accuracy: 86.41975308641975
Sample: 87248
Question:
[[3 0 0 7 0 9 0 5 6]
 [0 5 0 0 0 0 1 0 0]
 [4 0 2 0 0 0 0 9 0]
 [0 0 0 0 9 7 0 3 0]
 [0 0 0 0 0 0 0 0 0]
 [9 0 5 0 8 0 0 0 7]
 [0 0 0 2 5 0 0 1 0]
 [0 3 0 0 0 6 0 0 0]
 [0 0 0 4 1 0 0 7 0]]
Solution:
[[9 3 8 5 0 2 7 4 1]
 [2 5 0 8 4 1 0 3 6]
 [4 0 1 6 7 3 5 9 2]
 [0 6 2 3 1 9 8 7 5]
 [8 9 7 0 5 6 4 2 3]
 [1 0 0 4 2 8 0 6 9]
 [0 8 3 2 6 7 9 5 4]
 [0 2 9 1 3 5 6 8 7]
 [6 1 5 9 8 4 3 0 0]]
Number of cells unfilled: 13
Accuracy: 83.9506172839506
Sample: 87249
Question:
[[0 0 0 0 0 0 2 7 6]
 [0 0 0 4 0 0 0 0 0]
 [0 5 9 0 8 0 0 0 0]
 [6 0 0 0 4 0 5 0 0]
 [0 0 0 8 6 1 0 4 0]
 [0 4 0 7 0 0 1 0 0]
 [5 0 6 3 0 9 0 0 0]
 [0 0 0 0 0 0 7 0 0]
 [4 3 2 5 0 0 0 0 0]]
Solution:
[[9 3 8 5 0 2 7 4 1]
 [2 5 0 8 4 1 0 3 6]
 [4 0 1 6 7 3 5 8 9]
 [0 6 2 3 1 9 8 7 5]
 [8 9 7 0 5 6 4 2 3]
 [1 0 0 4 2 8 0 6 0]
 [0 8 3 2 6 7 9 5 4]
 [0 4 9 1 3 5 6 0 7]
 [6 1 5 9 8 4 3 0 2]]
Number of cells unfilled: 14
Accuracy: 82.71604938271605
Sample: 87250
Question:
[[0 2 6 5 0 0 9 0 0]
 [7 0 0 0 2 9 0 0 0]
 [0 0 0 0 0 6 0 4 0]
 [0 1 9 0 5 0 6 0 0]
 [0 0 0 0 0 1 0 3 4]
 [0 0 0 6 0 2 0 0 0]
 [0 9 2 0 0 5 4 0 0]
 [8 0 0 0 0 0 0 0 0]
 [0 3 0 0 0 0 0 9 0]]
Solution:
[[9 3 8 5 0 2 7 4 1]
 [2 5 0 8 4 1 0 3 6]
 [4 0 1 6 7 3 5 9 8]
 [0 6 2 3 1 9 8 7 5]
 [8 9 7 0 5 6 4 1 3]
 [1 0 5 4 0 8 0 6 2]
 [5 8 3 2 6 7 9 0 4]
 [0 4 9 1 3 5 6 8 7]
 [6 1 0 9 8 4 3 2 0]]
Number of cells unfilled: 13
Accuracy: 83.9506172839506
Sample: 87251
Question:
[[2 1 0 5 0 0 9 0 0]
 [0 0 0 0 0 7 0 8 0]
 [6 0 0 3 0 0 0 0 0]
 [0 0 7 2 0 0 0 0 9]
 [4 0 0 0 0 0 0 5 6]
 [0 0 0 0 5 6 7 0 0]
 [0 8 2 0 0 0 0 6 0]
 [0 0 0 0 0 0 2 0 0]
 [0 9 0 0 0 1 5 0 0]]
Solution:
[[9 3 8 5 0 2 0 4 1]
 [2 5 0 8 4 1 7 3 6]
 [4 0 1 6 7 3 5 8 2]
 [0 6 2 3 1 9 8 7 5]
 [8 9 7 0 2 6 4 1 3]
 [1 0 0 4 5 8 2 6 9]
 [0 8 3 2 6 7 9 5 4]
 [0 2 9 1 3 5 6 0 7]
 [6 1 5 9 8 4 3 2 0]]
Number of cells unfilled: 12
Accuracy: 85.18518518518519
Sample: 87252
Question:
[[0 3 0 0 0 4 0 0 6]
 [7 0 0 0 1 0 0 0 0]
 [0 0 9 0 2 0 0 0 0]
 [0 0 0 0 0 0 0 0 4]
 [0 6 0 0 0 5 0 8 0]
 [0 0 8 2 0 0 9 0 0]
 [3 0 0 0 0 8 0 4 5]
 [0 0 1 0 0 0 7 0 0]
 [0 5 0 0 0 0 0 0 8]]
Solution:
[[9 3 8 5 0 2 7 4 1]
 [2 5 0 8 4 1 0 3 6]
 [4 0 1 6 7 3 5 8 9]
 [0 6 2 3 1 9 8 7 5]
 [8 9 7 0 5 6 4 2 3]
 [1 0 0 4 2 8 0 6 0]
 [0 8 3 2 6 7 9 5 4]
 [0 4 9 1 3 5 6 0 7]
 [6 1 5 9 8 4 3 0 2]]
Number of cells unfilled: 14
Accuracy: 82.71604938271605
Sample: 87253
Question:
[[0 7 3 1 0 8 0 6 0]
 [0 0 6 0 7 0 0 0 0]
 [1 0 0 6 0 0 0 0 0]
 [8 0 0 0 6 0 0 5 0]
 [0 5 0 0 0 0 0 0 3]
 [0 0 0 0 0 5 0 0 2]
 [7 0 0 0 8 0 0 3 0]
 [3 0 0 4 1 0 0 7 6]
 [0 0 4 0 0 0 9 0 0]]
Solution:
[[9 3 8 5 0 2 0 4 1]
 [2 5 0 8 4 1 7 3 6]
 [4 0 1 6 7 3 5 9 2]
 [0 6 2 3 1 9 8 7 5]
 [8 9 7 0 2 6 4 1 3]
 [1 0 0 4 5 8 2 6 9]
 [0 8 3 2 6 7 9 5 4]
 [0 4 9 1 3 5 6 8 7]
 [6 1 5 9 8 4 3 2 0]]
Number of cells unfilled: 11
Accuracy: 86.41975308641975
Sample: 87254
Question:
[[2 9 0 0 4 0 3 5 0]
 [1 0 0 0 3 0 4 0 0]
 [0 0 3 9 0 0 0 0 6]
 [3 0 0 0 0 0 0 0 0]
 [0 5 0 0 2 0 0 0 0]
 [0 2 1 4 0 3 5 0 0]
 [5 0 0 0 1 0 7 0 0]
 [0 0 7 0 0 0 0 8 0]
 [0 0 0 0 0 7 0 4 0]]
Solution:
[[9 3 8 5 0 2 0 4 1]
 [2 5 0 8 4 1 7 3 6]
 [4 0 1 6 7 3 5 8 2]
 [0 6 2 3 1 9 8 7 5]
 [8 9 7 0 2 6 4 1 3]
 [1 0 0 4 5 8 2 6 9]
 [5 8 3 2 6 7 9 0 4]
 [0 4 9 1 3 5 6 2 7]
 [6 1 0 9 8 4 3 5 0]]
Number of cells unfilled: 12
Accuracy: 85.18518518518519
Sample: 87255
Question:
[[6 0 0 0 0 0 2 0 1]
 [0 3 0 0 0 0 0 0 0]
 [9 0 2 6 0 0 0 4 0]
 [0 7 0 2 0 0 0 0 0]
 [0 0 0 9 0 0 4 0 0]
 [2 0 9 0 0 5 0 8 0]
 [0 0 6 8 0 0 0 0 4]
 [5 0 8 0 9 0 0 6 0]
 [7 0 0 5 0 6 0 0 0]]
Solution:
[[9 3 8 5 2 0 0 4 1]
 [2 5 0 8 4 1 7 3 6]
 [4 0 1 6 7 3 5 8 9]
 [0 6 2 3 1 9 8 7 5]
 [8 9 7 0 5 6 4 1 3]
 [1 0 0 4 0 8 0 6 2]
 [0 8 3 2 6 7 9 5 4]
 [0 2 9 1 3 5 6 0 7]
 [6 1 5 9 8 4 3 2 0]]
Number of cells unfilled: 14
Accuracy: 82.71604938271605
Sample: 87256
Question:
[[0 0 8 0 0 0 0 0 9]
 [0 2 0 0 0 6 0 0 0]
 [3 0 0 8 0 0 0 5 0]
 [5 0 0 7 0 0 0 4 0]
 [0 0 6 0 9 0 0 0 1]
 [0 1 0 0 0 0 2 0 0]
 [0 0 0 0 8 5 0 7 0]
 [0 0 0 4 0 0 3 0 0]
 [8 0 0 0 3 7 0 0 0]]
Solution:
[[9 3 8 5 2 0 7 4 1]
 [2 5 0 8 4 1 0 3 6]
 [4 0 1 6 7 3 5 9 2]
 [0 6 2 3 1 9 8 7 5]
 [8 9 7 0 5 6 4 1 3]
 [1 0 5 4 0 2 0 6 9]
 [5 8 3 2 6 7 9 0 4]
 [0 2 9 1 3 5 6 8 7]
 [6 1 0 9 8 4 3 2 0]]
Number of cells unfilled: 13
Accuracy: 83.9506172839506
Sample: 87257
Question:
[[0 7 0 0 3 0 0 0 8]
 [0 0 0 6 0 0 0 0 0]
 [5 0 0 0 7 0 1 9 0]
 [0 8 0 0 0 0 0 7 0]
 [6 0 0 0 5 2 0 8 4]
 [0 9 0 0 0 0 0 0 2]
 [0 0 0 0 0 0 0 1 0]
 [7 0 9 1 0 0 0 2 5]
 [0 0 3 5 6 0 0 0 0]]
Solution:
[[9 3 8 5 2 0 7 4 1]
 [2 5 0 8 4 1 0 3 6]
 [4 0 1 6 7 3 5 9 8]
 [0 6 2 3 1 9 8 7 5]
 [8 9 7 0 5 6 4 2 3]
 [1 0 5 4 0 2 0 6 9]
 [5 8 3 2 6 7 9 1 4]
 [0 4 9 1 3 5 6 8 7]
 [6 1 0 9 8 4 3 5 2]]
Number of cells unfilled: 11
Accuracy: 86.41975308641975
Sample: 87258
Question:
[[0 0 0 0 0 0 0 2 6]
 [0 5 0 1 0 2 0 0 8]
 [0 6 0 9 0 3 0 0 0]
 [0 0 0 4 7 1 9 0 0]
 [0 0 0 0 0 9 0 3 4]
 [0 0 6 0 0 0 0 0 0]
 [0 0 3 0 9 0 4 8 0]
 [7 0 5 0 0 0 0 0 0]
 [0 4 0 0 0 0 0 7 0]]
Solution:
[[9 3 8 5 0 2 7 4 1]
 [2 5 0 8 4 1 0 3 6]
 [4 0 1 6 7 3 5 9 2]
 [0 6 2 3 1 9 8 7 5]
 [8 9 7 0 2 6 4 1 3]
 [1 0 0 4 5 8 2 6 9]
 [5 8 3 2 6 7 9 0 4]
 [0 2 9 1 3 5 6 8 7]
 [6 1 0 9 8 4 3 2 0]]
Number of cells unfilled: 12
Accuracy: 85.18518518518519
Sample: 87259
Question:
[[0 2 0 0 0 5 0 0 6]
 [0 0 0 4 0 0 3 0 0]
 [0 0 0 0 1 0 0 7 0]
 [0 6 0 0 0 0 0 3 0]
 [0 0 9 0 0 6 0 0 8]
 [8 5 0 1 0 0 6 0 0]
 [0 9 0 0 5 0 0 0 0]
 [5 0 0 3 0 8 0 0 9]
 [0 0 2 0 4 0 7 0 0]]
Solution:
[[9 3 8 5 0 2 7 4 1]
 [2 5 0 8 4 1 0 3 6]
 [4 0 1 6 7 3 5 8 9]
 [0 6 2 3 1 9 8 7 5]
 [8 9 7 0 5 6 4 2 3]
 [1 0 0 4 2 8 0 6 0]
 [0 8 3 2 6 7 9 1 4]
 [0 2 9 1 3 5 6 0 7]
 [6 1 5 9 8 4 3 0 2]]
Number of cells unfilled: 14
Accuracy: 82.71604938271605
Sample: 87260
Question:
[[5 0 2 1 0 0 9 0 0]
 [4 3 7 0 0 0 0 0 0]
 [6 0 0 5 8 3 0 0 0]
 [0 0 0 0 0 0 0 0 0]
 [9 0 0 4 5 0 0 0 0]
 [0 1 3 0 2 9 8 4 0]
 [0 0 0 0 0 0 0 0 3]
 [0 0 0 0 9 0 7 6 0]
 [0 0 4 0 7 0 0 0 0]]
Solution:
[[9 3 8 5 0 2 0 4 1]
 [2 5 0 8 4 1 7 3 6]
 [4 0 1 6 7 3 5 8 2]
 [0 6 2 3 1 9 8 7 5]
 [8 9 7 0 2 6 4 1 3]
 [1 0 0 4 5 8 2 6 9]
 [5 8 3 2 6 7 9 0 4]
 [0 2 9 1 3 5 6 0 7]
 [6 1 0 9 8 4 3 5 0]]
Number of cells unfilled: 13
Accuracy: 83.9506172839506
Sample: 87261
Question:
[[2 0 0 0 0 0 0 0 8]
 [1 9 0 0 0 0 0 5 0]
 [0 0 3 4 0 0 1 0 0]
 [0 0 0 6 0 3 0 0 0]
 [0 0 0 0 0 7 0 0 2]
 [0 0 7 0 4 0 6 0 0]
 [0 3 0 0 1 0 0 9 0]
 [5 8 0 0 0 0 0 0 0]
 [0 0 1 0 0 4 3 0 0]]
Solution:
[[9 3 8 5 0 2 7 4 1]
 [2 5 0 8 4 1 0 3 6]
 [4 0 1 6 7 3 5 2 8]
 [0 6 2 3 1 9 8 7 5]
 [8 9 7 0 2 6 4 0 3]
 [1 0 0 4 5 8 2 6 9]
 [0 8 3 2 6 7 9 1 4]
 [0 4 9 1 3 5 6 8 7]
 [6 1 5 9 8 4 3 0 2]]
Number of cells unfilled: 12
Accuracy: 85.18518518518519
Sample: 87262
Question:
[[0 0 0 4 8 0 0 0 0]
 [0 2 9 0 0 6 0 0 0]
 [7 0 0 0 0 0 3 0 5]
 [2 5 0 0 9 0 0 0 4]
 [0 0 0 0 0 1 0 6 0]
 [0 6 1 0 0 0 2 0 0]
 [0 0 8 0 1 0 0 0 0]
 [1 0 0 3 0 0 8 0 0]
 [6 9 0 0 0 0 1 0 0]]
Solution:
[[9 3 8 5 0 2 7 4 1]
 [2 5 0 8 4 1 0 3 6]
 [4 0 1 6 7 3 5 2 9]
 [0 6 2 3 1 9 8 7 5]
 [8 9 7 0 5 6 4 1 3]
 [1 0 5 4 2 8 0 6 0]
 [5 8 3 2 6 7 9 0 4]
 [0 4 9 1 3 5 6 8 7]
 [6 1 0 9 8 4 3 5 2]]
Number of cells unfilled: 12
Accuracy: 85.18518518518519
Sample: 87263
Question:
[[9 0 0 0 5 0 0 8 3]
 [0 0 0 0 0 2 0 0 0]
 [0 0 0 3 7 0 0 0 0]
 [0 4 2 0 0 0 0 0 7]
 [1 3 0 0 0 0 8 0 0]
 [5 6 0 0 2 0 0 9 0]
 [0 0 0 0 0 4 0 0 0]
 [0 8 4 2 0 3 0 7 0]
 [0 0 0 0 0 1 0 6 0]]
Solution:
[[9 3 8 5 0 2 0 4 1]
 [2 5 0 8 4 1 7 3 6]
 [4 0 1 6 7 3 5 8 9]
 [0 6 2 3 1 9 8 7 5]
 [8 9 7 0 2 6 4 1 3]
 [1 0 0 4 5 8 2 6 0]
 [0 8 3 2 6 7 9 5 4]
 [0 4 9 1 3 5 6 0 7]
 [6 1 5 9 8 4 3 0 2]]
Number of cells unfilled: 13
Accuracy: 83.9506172839506
Sample: 87264
Question:
[[0 0 0 0 0 0 7 0 0]
 [0 6 5 4 0 1 0 0 0]
 [7 0 0 8 0 0 0 1 0]
 [0 2 4 3 0 0 0 6 0]
 [3 5 0 0 0 7 8 0 0]
 [0 0 0 0 8 0 0 2 0]
 [0 0 0 7 0 0 5 0 6]
 [0 0 3 0 0 2 4 0 0]
 [0 0 9 0 0 0 0 0 0]]
Solution:
[[9 3 8 5 2 0 7 4 1]
 [2 5 0 8 4 1 0 3 6]
 [4 0 1 6 7 3 5 8 9]
 [0 6 2 3 1 9 8 7 5]
 [8 9 7 0 5 6 4 1 3]
 [1 0 0 4 0 8 0 6 2]
 [0 8 3 2 6 7 9 5 4]
 [0 4 9 1 3 5 6 2 7]
 [6 1 5 9 8 4 3 0 0]]
Number of cells unfilled: 14
Accuracy: 82.71604938271605
Sample: 87265
Question:
[[0 0 7 0 0 0 0 6 0]
 [0 3 0 0 4 0 2 0 0]
 [4 0 0 0 0 1 0 5 3]
 [0 4 0 0 3 0 5 0 0]
 [1 0 0 0 0 5 0 0 8]
 [0 0 6 0 0 0 0 7 0]
 [9 0 4 0 8 0 0 0 5]
 [0 0 0 9 0 0 0 0 0]
 [0 8 0 0 0 2 9 0 0]]
Solution:
[[9 3 8 5 0 2 7 4 1]
 [2 5 0 8 4 1 0 3 6]
 [4 0 1 6 7 3 5 8 9]
 [0 6 2 3 1 9 8 7 5]
 [8 9 7 0 5 6 4 2 3]
 [1 0 0 4 2 8 0 6 0]
 [0 8 3 2 6 7 9 5 4]
 [0 4 9 1 3 5 6 0 7]
 [6 1 5 9 8 4 3 0 2]]
Number of cells unfilled: 14
Accuracy: 82.71604938271605
Sample: 87266
Question:
[[5 0 0 0 0 1 4 0 0]
 [0 0 8 0 2 0 0 0 0]
 [0 9 0 4 0 0 0 6 0]
 [0 1 0 3 0 0 7 0 0]
 [0 0 0 0 0 0 0 0 3]
 [3 0 0 0 0 4 0 1 0]
 [0 6 0 7 0 0 0 9 0]
 [0 0 2 0 8 0 0 0 6]
 [9 0 0 0 4 6 5 0 0]]
Solution:
[[9 3 8 5 0 2 7 4 1]
 [2 5 0 8 4 1 0 3 6]
 [4 0 1 6 7 3 5 9 2]
 [0 6 2 3 1 9 8 7 5]
 [8 9 7 0 5 6 4 2 3]
 [1 0 5 4 2 8 0 6 9]
 [5 8 3 2 6 7 9 1 4]
 [0 4 9 1 3 5 6 8 7]
 [6 1 0 9 8 4 3 5 0]]
Number of cells unfilled: 11
Accuracy: 86.41975308641975
Sample: 87267
Question:
[[0 2 0 0 0 0 3 0 5]
 [9 0 0 0 0 0 0 0 0]
 [3 0 7 0 1 0 0 8 0]
 [0 0 0 4 0 0 0 0 9]
 [0 0 8 0 5 0 0 1 0]
 [0 0 9 0 3 0 8 5 4]
 [0 0 6 0 0 7 5 0 0]
 [0 0 0 1 0 5 0 6 0]
 [0 0 0 0 6 0 0 0 8]]
Solution:
[[9 3 8 5 2 0 0 4 1]
 [2 5 0 8 4 1 7 3 6]
 [4 0 1 6 7 3 5 9 2]
 [0 6 2 3 1 9 8 7 5]
 [8 9 7 0 5 6 4 1 3]
 [1 0 0 4 0 8 2 6 9]
 [0 8 3 2 6 7 9 5 4]
 [0 2 9 1 3 5 6 8 7]
 [6 1 5 9 8 4 3 2 0]]
Number of cells unfilled: 12
Accuracy: 85.18518518518519
Sample: 87268
Question:
[[0 0 0 0 4 1 0 2 3]
 [0 0 0 6 0 0 1 0 0]
 [1 0 0 0 3 0 0 6 4]
 [0 0 7 4 0 0 0 0 0]
 [0 8 0 0 0 0 0 0 7]
 [6 0 0 0 8 7 2 0 0]
 [0 0 5 8 0 4 0 0 0]
 [3 0 0 0 2 6 4 0 0]
 [0 0 0 0 0 0 0 9 0]]
Solution:
[[9 3 8 5 0 2 0 4 1]
 [2 5 0 8 4 1 7 3 6]
 [4 0 1 6 7 3 5 9 8]
 [0 6 2 3 1 9 8 7 5]
 [8 9 7 0 2 6 4 1 3]
 [1 0 0 4 5 8 2 6 9]
 [0 8 3 2 6 7 9 5 4]
 [0 4 9 1 3 5 6 8 7]
 [6 1 5 9 8 4 3 0 2]]
Number of cells unfilled: 11
Accuracy: 86.41975308641975
Sample: 87269
Question:
[[8 4 0 0 9 0 0 0 0]
 [0 2 0 0 0 6 0 0 0]
 [6 0 7 0 2 0 0 0 1]
 [0 1 8 0 0 0 5 6 0]
 [0 0 0 0 7 1 0 0 0]
 [9 0 0 6 0 5 0 0 0]
 [0 0 0 5 0 0 0 0 0]
 [7 0 0 8 0 0 3 0 0]
 [0 0 3 0 0 9 8 0 4]]
Solution:
[[9 3 8 5 0 2 7 4 1]
 [2 5 0 8 4 1 0 3 6]
 [4 0 1 6 7 3 5 9 2]
 [0 6 2 3 1 9 8 7 5]
 [8 9 7 0 2 6 4 1 3]
 [1 0 0 4 5 8 2 6 9]
 [0 8 3 2 6 7 9 5 4]
 [0 4 9 1 3 5 6 2 7]
 [6 1 5 9 8 4 3 0 0]]
Number of cells unfilled: 12
Accuracy: 85.18518518518519
Sample: 87270
Question:
[[0 0 6 0 0 2 1 0 0]
 [0 0 0 0 7 0 5 4 0]
 [4 0 0 1 0 0 0 0 9]
 [0 0 0 0 8 0 0 0 0]
 [3 0 0 5 0 0 4 0 0]
 [0 6 0 0 0 0 0 0 0]
 [0 0 3 0 1 7 9 0 0]
 [0 2 0 0 0 8 3 0 0]
 [9 0 0 3 0 0 0 1 0]]
Solution:
[[9 3 8 5 0 2 7 4 1]
 [2 5 0 8 4 1 0 3 6]
 [4 0 1 6 7 3 5 2 9]
 [0 6 2 3 1 9 8 7 5]
 [8 9 7 0 5 6 4 1 3]
 [1 0 5 4 2 8 0 6 0]
 [5 8 3 2 6 7 9 0 4]
 [0 4 9 1 3 5 6 8 7]
 [6 1 0 9 8 4 3 5 2]]
Number of cells unfilled: 12
Accuracy: 85.18518518518519
Sample: 87271
Question:
[[0 2 0 0 0 0 0 3 0]
 [0 0 4 0 2 3 0 0 0]
 [7 0 0 8 0 0 9 0 0]
 [1 0 0 6 0 0 8 0 0]
 [0 0 5 0 8 0 0 0 9]
 [0 0 0 0 0 4 0 0 5]
 [0 1 0 7 0 0 0 8 0]
 [6 0 0 0 0 0 0 9 7]
 [0 0 7 0 6 0 1 0 0]]
Solution:
[[9 3 8 5 0 2 0 4 1]
 [2 5 0 8 4 1 7 3 6]
 [4 0 1 6 7 3 5 9 2]
 [0 6 2 3 1 9 8 7 5]
 [8 9 7 0 5 6 4 1 3]
 [1 0 0 4 2 8 0 6 9]
 [0 8 3 2 6 7 9 5 4]
 [0 4 9 1 3 5 6 2 7]
 [6 1 5 9 8 4 3 0 0]]
Number of cells unfilled: 13
Accuracy: 83.9506172839506
Sample: 87272
Question:
[[0 3 0 0 0 2 0 0 0]
 [0 0 0 0 0 0 3 0 7]
 [4 0 0 0 3 0 0 6 0]
 [6 0 0 2 0 0 0 0 8]
 [5 0 0 9 0 1 0 0 0]
 [0 0 1 0 6 0 0 5 0]
 [0 0 4 0 0 9 0 0 0]
 [1 0 0 8 0 0 7 0 0]
 [0 5 0 0 1 0 0 4 0]]
Solution:
[[9 3 8 5 0 2 7 4 1]
 [2 5 0 8 4 1 0 3 6]
 [4 0 1 6 7 3 5 9 8]
 [0 6 2 3 1 9 8 7 5]
 [8 9 7 0 2 6 4 1 3]
 [1 0 0 4 5 8 2 6 9]
 [5 8 3 2 6 7 9 0 4]
 [0 2 9 1 3 5 6 8 7]
 [6 1 0 9 8 4 3 5 2]]
Number of cells unfilled: 11
Accuracy: 86.41975308641975
Sample: 87273
Question:
[[0 3 0 0 2 0 0 6 0]
 [0 0 0 0 0 0 7 0 2]
 [2 0 6 4 0 0 0 0 0]
 [0 9 0 0 0 5 0 0 7]
 [0 0 3 1 0 0 0 0 0]
 [8 0 0 0 9 0 0 3 0]
 [0 0 9 0 6 0 0 8 0]
 [0 0 0 0 0 4 5 0 0]
 [0 8 0 9 0 1 0 0 0]]
Solution:
[[9 3 8 5 0 2 7 4 1]
 [2 5 0 8 4 1 0 3 6]
 [4 0 1 6 7 3 5 2 8]
 [0 6 2 3 1 9 8 7 5]
 [8 9 7 0 5 6 4 1 3]
 [1 0 0 4 2 8 0 6 9]
 [0 8 3 2 6 7 9 5 4]
 [0 4 9 1 3 5 6 8 7]
 [6 1 5 9 8 4 3 0 2]]
Number of cells unfilled: 12
Accuracy: 85.18518518518519
Sample: 87274
Question:
[[0 9 0 0 2 0 0 0 5]
 [0 0 1 8 0 0 6 3 0]
 [6 0 0 0 0 3 0 0 0]
 [0 5 0 0 1 0 0 0 7]
 [0 0 4 0 0 0 8 0 0]
 [0 0 9 4 0 0 0 0 0]
 [0 1 0 2 0 0 5 7 0]
 [0 0 0 0 0 1 0 0 2]
 [9 0 0 0 7 0 0 0 0]]
Solution:
[[9 3 8 5 2 0 0 4 1]
 [2 5 0 8 4 1 7 3 6]
 [4 0 1 6 7 3 5 9 2]
 [0 6 2 3 1 9 8 7 5]
 [8 9 7 0 5 6 4 2 3]
 [1 0 5 4 0 2 0 6 9]
 [5 8 3 2 6 7 9 1 4]
 [0 2 9 1 3 5 6 8 7]
 [6 1 0 9 8 4 3 5 0]]
Number of cells unfilled: 12
Accuracy: 85.18518518518519
Sample: 87275
Question:
[[2 0 0 0 3 0 0 0 1]
 [0 6 0 0 0 0 0 2 0]
 [0 0 0 7 0 2 0 8 0]
 [3 0 0 0 4 0 8 0 0]
 [0 0 6 9 0 0 0 0 3]
 [0 0 5 0 0 3 0 0 4]
 [0 5 0 0 0 0 1 0 0]
 [8 0 0 0 1 0 0 4 0]
 [0 0 9 0 0 7 0 0 8]]
Solution:
[[9 3 8 5 0 2 0 4 1]
 [2 5 0 8 4 1 7 3 6]
 [4 0 1 6 7 3 5 9 8]
 [0 6 2 3 1 9 8 7 5]
 [8 9 7 0 2 6 4 1 3]
 [1 0 0 4 5 8 2 6 9]
 [5 8 3 2 6 7 9 0 4]
 [0 2 9 1 3 5 6 8 7]
 [6 1 0 9 8 4 3 5 2]]
Number of cells unfilled: 11
Accuracy: 86.41975308641975
Sample: 87276
Question:
[[0 0 0 0 1 9 5 0 0]
 [0 6 0 0 4 0 0 0 0]
 [2 0 0 7 0 0 0 0 0]
 [0 9 5 0 0 0 4 0 6]
 [4 0 7 0 0 0 0 5 0]
 [6 0 0 1 0 0 0 0 0]
 [0 0 0 0 7 5 8 9 4]
 [0 3 0 0 6 0 0 0 0]
 [5 0 9 0 0 0 0 0 0]]
Solution:
[[9 3 8 5 0 2 7 4 1]
 [2 5 0 8 4 1 0 3 6]
 [4 0 1 6 7 3 5 2 9]
 [0 6 2 3 1 9 8 7 5]
 [8 9 7 0 5 6 4 1 3]
 [1 0 5 4 2 8 0 6 0]
 [5 8 3 2 6 7 9 0 4]
 [0 2 9 1 3 5 6 8 7]
 [6 1 0 9 8 4 3 5 2]]
Number of cells unfilled: 12
Accuracy: 85.18518518518519
Sample: 87277
Question:
[[0 0 0 7 0 0 0 2 0]
 [0 0 0 0 0 9 6 0 0]
 [3 0 0 0 2 0 0 0 8]
 [0 4 0 0 0 0 3 0 0]
 [0 0 0 1 0 7 8 0 2]
 [0 0 5 0 0 0 0 1 0]
 [4 9 1 0 3 0 0 0 7]
 [7 3 0 0 0 5 4 0 0]
 [0 0 0 0 0 0 1 0 0]]
Solution:
[[9 3 8 5 2 0 0 4 1]
 [2 5 0 8 4 1 7 3 6]
 [4 0 1 6 7 3 5 2 9]
 [0 6 2 3 1 9 8 7 5]
 [8 9 7 0 5 6 4 1 3]
 [1 0 0 4 0 8 2 6 0]
 [0 8 3 2 6 7 9 5 4]
 [0 2 9 1 3 5 6 8 7]
 [6 1 5 9 8 4 3 0 2]]
Number of cells unfilled: 13
Accuracy: 83.9506172839506
Sample: 87278
Question:
[[0 0 8 9 1 7 4 0 0]
 [7 0 0 0 0 5 0 0 0]
 [4 6 1 0 0 0 0 0 0]
 [2 7 5 0 0 0 0 3 0]
 [0 0 0 0 0 4 0 0 0]
 [0 0 0 0 9 0 0 0 0]
 [0 0 0 0 5 6 0 0 9]
 [0 0 2 0 0 0 7 0 3]
 [8 0 0 3 0 1 0 0 6]]
Solution:
[[9 3 8 5 0 2 0 4 1]
 [2 5 0 8 4 1 7 3 6]
 [4 0 1 6 7 3 5 2 9]
 [0 6 2 3 1 9 8 7 5]
 [8 9 7 0 2 6 4 1 3]
 [1 0 0 4 5 8 2 6 0]
 [5 8 3 2 6 7 9 0 4]
 [0 4 9 1 3 5 6 8 7]
 [6 1 0 9 8 4 3 5 2]]
Number of cells unfilled: 12
Accuracy: 85.18518518518519
Sample: 87279
Question:
[[9 0 0 0 0 0 4 0 0]
 [0 0 8 7 0 0 3 0 6]
 [0 6 0 0 0 3 5 0 0]
 [5 0 0 0 0 8 9 0 0]
 [0 0 0 0 0 0 0 6 0]
 [0 0 9 0 7 0 8 0 1]
 [0 0 0 0 3 0 0 4 0]
 [0 0 2 0 0 7 1 0 3]
 [0 9 0 2 1 0 0 0 0]]
Solution:
[[9 3 8 5 0 2 0 4 1]
 [2 5 0 8 4 1 7 3 6]
 [4 0 1 6 7 3 5 9 8]
 [0 6 2 3 1 9 8 7 5]
 [8 9 7 0 2 6 4 1 3]
 [1 0 0 4 5 8 2 6 9]
 [5 8 3 2 6 7 9 0 4]
 [0 2 9 1 3 5 6 8 7]
 [6 1 0 9 8 4 3 5 2]]
Number of cells unfilled: 11
Accuracy: 86.41975308641975
Sample: 87280
Question:
[[5 0 0 0 0 0 8 0 0]
 [0 0 0 0 0 0 0 0 3]
 [8 0 0 6 0 0 2 5 0]
 [0 8 0 0 0 0 1 0 9]
 [6 0 1 0 0 0 0 0 0]
 [0 9 5 0 1 0 0 0 0]
 [0 0 7 0 8 0 0 2 1]
 [0 0 0 0 0 4 0 6 0]
 [0 0 9 3 0 7 0 0 8]]
Solution:
[[9 3 8 5 0 2 7 4 1]
 [2 5 0 8 4 1 0 3 6]
 [4 0 1 6 7 3 5 8 2]
 [0 6 2 3 1 9 8 7 5]
 [8 9 7 0 5 6 4 2 3]
 [1 0 0 4 2 8 0 6 9]
 [0 8 3 2 6 7 9 1 4]
 [0 4 9 1 3 5 6 0 7]
 [6 1 5 9 8 4 3 0 0]]
Number of cells unfilled: 14
Accuracy: 82.71604938271605
Sample: 87281
Question:
[[0 9 0 0 0 0 1 7 0]
 [0 2 0 1 0 0 0 0 0]
 [1 0 0 0 8 0 0 0 0]
 [6 7 0 0 2 0 0 8 0]
 [0 0 0 0 0 0 6 0 7]
 [8 0 4 0 0 9 0 0 2]
 [2 0 0 8 0 0 9 0 0]
 [0 0 0 0 5 2 0 0 3]
 [5 3 0 0 0 0 0 0 6]]
Solution:
[[9 3 8 5 0 2 0 4 1]
 [2 5 0 8 4 1 7 3 6]
 [4 0 1 6 7 3 5 9 8]
 [0 6 2 3 1 9 8 7 5]
 [8 9 7 0 2 6 4 1 3]
 [1 0 0 4 5 8 0 6 2]
 [5 8 3 2 6 7 9 0 4]
 [0 2 9 1 3 5 6 8 7]
 [6 1 0 9 8 4 3 5 0]]
Number of cells unfilled: 13
Accuracy: 83.9506172839506
Sample: 87282
Question:
[[0 0 7 0 0 2 0 0 0]
 [9 0 3 8 0 5 0 0 7]
 [0 0 0 7 0 0 0 1 9]
 [0 0 2 0 7 0 3 0 0]
 [5 0 8 2 0 0 0 0 0]
 [3 0 0 0 0 0 0 0 0]
 [0 0 5 3 0 0 0 0 8]
 [1 2 0 0 0 0 6 0 3]
 [0 0 0 0 5 0 0 0 4]]
Solution:
[[9 3 8 5 0 2 0 4 1]
 [2 5 0 8 4 1 7 3 6]
 [4 0 1 6 7 3 5 9 8]
 [0 6 2 3 1 9 8 7 5]
 [8 9 7 0 2 6 4 1 3]
 [1 0 0 4 5 8 0 6 2]
 [5 8 3 2 6 7 9 0 4]
 [0 2 9 1 3 5 6 8 7]
 [6 1 0 9 8 4 3 2 0]]
Number of cells unfilled: 13
Accuracy: 83.9506172839506
Sample: 87283
Question:
[[0 0 0 0 0 1 0 0 0]
 [5 0 0 0 0 0 0 9 8]
 [0 0 0 4 0 0 0 6 0]
 [0 0 2 0 0 0 0 5 0]
 [0 7 1 0 0 2 0 0 0]
 [0 0 0 0 0 0 0 0 4]
 [0 0 0 5 0 0 0 0 0]
 [0 0 0 0 0 0 1 0 7]
 [3 0 0 0 9 0 0 0 0]]
Solution:
[[9 3 8 5 2 0 7 4 1]
 [2 5 0 8 4 1 0 3 6]
 [4 0 1 6 7 3 5 2 9]
 [0 6 2 3 1 9 8 7 5]
 [8 9 7 0 5 6 4 1 3]
 [1 0 5 4 0 8 2 6 0]
 [5 8 3 2 6 7 9 0 4]
 [0 4 9 1 3 5 6 8 7]
 [6 1 0 9 8 4 3 5 2]]
Number of cells unfilled: 12
Accuracy: 85.18518518518519
Sample: 87284
Question:
[[0 0 6 8 0 2 0 0 0]
 [8 7 0 0 4 0 0 0 2]
 [2 0 0 7 0 9 0 0 0]
 [3 0 0 0 0 0 0 1 0]
 [5 2 0 0 0 8 0 0 9]
 [0 0 0 0 0 0 5 0 0]
 [7 4 0 9 0 0 0 0 8]
 [0 0 5 0 0 0 0 0 0]
 [0 0 0 0 0 4 3 7 0]]
Solution:
[[9 3 8 5 0 2 0 4 1]
 [2 5 0 8 4 1 7 3 6]
 [4 0 1 6 7 3 5 2 8]
 [0 6 2 3 1 9 8 7 5]
 [8 9 7 0 5 6 4 1 3]
 [1 0 5 4 2 8 0 6 9]
 [5 8 3 2 6 7 9 0 4]
 [0 4 9 1 3 5 6 8 7]
 [6 1 0 9 8 4 3 5 2]]
Number of cells unfilled: 11
Accuracy: 86.41975308641975
Sample: 87285
Question:
[[0 0 0 0 7 2 0 0 0]
 [0 0 9 1 0 0 0 0 0]
 [0 3 0 4 6 0 0 0 1]
 [0 4 0 3 0 0 1 0 0]
 [9 0 0 0 0 0 0 3 0]
 [0 0 0 0 0 8 0 5 0]
 [0 5 0 6 0 0 0 1 0]
 [0 0 2 0 0 0 4 0 0]
 [7 0 0 0 0 0 6 0 5]]
Solution:
[[9 3 8 5 0 2 7 4 1]
 [2 5 0 8 4 1 0 3 6]
 [4 0 1 6 7 3 5 9 2]
 [0 6 2 3 1 9 8 7 5]
 [8 9 7 0 2 6 4 1 3]
 [1 0 0 4 5 8 2 6 9]
 [5 8 3 2 6 7 9 0 4]
 [0 4 9 1 3 5 6 2 7]
 [6 1 0 9 8 4 3 5 0]]
Number of cells unfilled: 12
Accuracy: 85.18518518518519
Sample: 87286
Question:
[[5 0 0 0 8 0 0 3 9]
 [0 0 0 5 0 0 2 0 0]
 [0 0 4 0 0 9 0 0 0]
 [9 0 0 8 0 0 0 2 6]
 [0 0 0 0 6 3 0 0 0]
 [0 0 0 0 9 0 1 8 0]
 [0 0 5 0 0 0 0 0 0]
 [0 7 0 0 2 0 0 0 1]
 [3 0 0 0 0 8 0 6 2]]
Solution:
[[9 3 8 5 0 2 7 4 1]
 [2 5 0 8 4 1 0 3 6]
 [4 0 1 6 7 3 5 8 2]
 [0 6 2 3 1 9 8 7 5]
 [8 9 7 0 2 6 4 1 3]
 [1 0 0 4 5 8 2 6 9]
 [5 8 3 2 6 7 9 0 4]
 [0 2 9 1 3 5 6 0 7]
 [6 1 0 9 8 4 3 5 0]]
Number of cells unfilled: 13
Accuracy: 83.9506172839506
Sample: 87287
Question:
[[0 2 0 3 0 0 0 9 0]
 [9 0 7 0 0 0 0 0 5]
 [3 0 0 0 0 0 0 0 4]
 [0 0 0 0 0 4 5 0 0]
 [0 0 2 7 0 0 0 8 0]
 [0 0 0 0 6 0 0 0 1]
 [0 0 0 0 1 0 6 0 0]
 [2 0 0 9 0 0 0 7 0]
 [0 8 3 0 7 0 0 0 0]]
Solution:
[[9 3 8 5 0 2 0 4 1]
 [2 5 0 8 4 1 7 3 6]
 [4 0 1 6 7 3 5 9 2]
 [0 6 2 3 1 9 8 7 5]
 [8 9 7 0 2 6 4 1 3]
 [1 0 0 4 5 8 2 6 9]
 [0 8 3 2 6 7 9 5 4]
 [0 4 9 1 3 5 6 8 7]
 [6 1 5 9 8 4 3 2 0]]
Number of cells unfilled: 11
Accuracy: 86.41975308641975
Sample: 87288
Question:
[[0 2 4 0 8 5 6 0 1]
 [0 0 0 4 0 0 9 0 0]
 [6 7 0 0 0 2 0 3 5]
 [5 0 0 0 0 9 0 8 0]
 [0 4 0 0 1 3 7 0 0]
 [0 0 0 6 0 0 0 0 2]
 [2 5 6 0 3 0 0 0 7]
 [0 0 9 2 0 7 0 5 0]
 [3 8 0 9 0 1 0 0 0]]
Solution:
[[9 3 8 5 0 2 0 4 1]
 [2 5 0 8 4 1 7 3 6]
 [4 0 1 6 7 3 5 2 9]
 [0 6 2 3 1 9 8 7 5]
 [8 9 7 0 2 6 4 1 3]
 [1 0 0 4 5 8 2 6 0]
 [0 8 3 2 6 7 9 5 4]
 [0 2 9 1 3 5 6 8 7]
 [6 1 5 9 8 4 3 0 2]]
Number of cells unfilled: 12
Accuracy: 85.18518518518519
Sample: 87289
Question:
[[0 0 0 0 3 0 6 0 4]
 [0 7 0 0 0 5 0 0 9]
 [3 0 4 9 7 0 0 5 0]
 [5 0 6 0 0 0 0 0 0]
 [0 0 0 0 0 0 0 0 6]
 [0 1 0 6 2 0 0 0 0]
 [8 4 7 0 0 0 3 0 0]
 [0 2 0 0 5 0 0 0 0]
 [9 0 3 0 0 0 2 8 0]]
Solution:
[[9 3 8 5 0 2 7 4 1]
 [2 5 0 8 4 1 0 3 6]
 [4 0 1 6 7 3 5 2 9]
 [0 6 2 3 1 9 8 7 5]
 [8 9 7 0 2 6 4 1 3]
 [1 0 0 4 5 8 2 6 0]
 [0 8 3 2 6 7 9 5 4]
 [0 2 9 1 3 5 6 8 7]
 [6 1 5 9 8 4 3 0 2]]
Number of cells unfilled: 12
Accuracy: 85.18518518518519
Sample: 87290
Question:
[[0 5 0 8 0 0 0 0 0]
 [4 0 0 0 0 7 0 9 0]
 [0 0 1 0 6 0 7 0 0]
 [0 0 0 0 0 3 2 0 9]
 [0 7 0 0 0 0 0 3 0]
 [3 0 0 0 0 0 4 0 7]
 [0 6 0 0 1 0 5 0 0]
 [0 0 8 5 0 0 9 0 0]
 [5 0 0 0 0 2 0 4 0]]
Solution:
[[9 3 8 5 0 2 0 4 1]
 [2 5 0 8 4 1 7 3 6]
 [4 0 1 6 7 3 5 2 9]
 [0 6 2 3 1 9 8 7 5]
 [8 9 7 0 5 6 4 1 3]
 [1 0 5 4 2 8 0 6 0]
 [5 8 3 2 6 7 9 0 4]
 [0 2 9 1 3 5 6 8 7]
 [6 1 0 9 8 4 3 5 2]]
Number of cells unfilled: 12
Accuracy: 85.18518518518519
Sample: 87291
Question:
[[4 0 0 0 0 9 0 3 0]
 [0 0 0 0 1 0 2 0 0]
 [0 0 5 6 0 0 0 0 8]
 [5 0 0 0 0 0 0 0 9]
 [0 4 7 0 0 5 0 0 0]
 [0 9 3 0 0 0 0 5 0]
 [3 0 0 0 0 7 0 8 0]
 [0 0 8 0 2 0 0 0 1]
 [0 0 0 8 0 0 6 0 0]]
Solution:
[[9 3 8 5 0 2 0 4 1]
 [2 5 0 8 4 1 7 3 6]
 [4 0 1 6 7 3 5 9 8]
 [0 6 2 3 1 9 8 7 5]
 [8 9 7 0 5 6 4 1 3]
 [1 0 0 4 2 8 0 6 9]
 [0 8 3 2 6 7 9 5 4]
 [0 4 9 1 3 5 6 8 7]
 [6 1 5 9 8 4 3 0 2]]
Number of cells unfilled: 12
Accuracy: 85.18518518518519
Sample: 87292
Question:
[[5 0 0 0 0 0 0 0 6]
 [0 0 7 0 9 0 0 5 0]
 [0 9 0 0 0 0 0 0 0]
 [0 0 8 6 1 0 0 0 2]
 [7 0 0 0 5 0 0 6 0]
 [0 0 0 0 0 3 1 0 0]
 [0 0 0 1 0 0 6 0 0]
 [0 7 0 0 8 0 0 4 0]
 [0 0 4 0 0 2 0 0 3]]
Solution:
[[9 3 8 5 0 2 0 4 1]
 [2 5 0 8 4 1 7 3 6]
 [4 0 1 6 7 3 5 2 8]
 [0 6 2 3 1 9 8 7 5]
 [8 9 7 0 2 6 4 1 3]
 [1 0 0 4 5 8 2 6 9]
 [5 8 3 2 6 7 9 0 4]
 [0 2 9 1 3 5 6 8 7]
 [6 1 0 9 8 4 3 5 2]]
Number of cells unfilled: 11
Accuracy: 86.41975308641975
Sample: 87293
Question:
[[0 0 0 0 0 0 5 0 3]
 [0 3 7 9 0 0 0 8 0]
 [0 0 5 2 0 8 9 0 0]
 [0 0 0 7 0 0 0 4 0]
 [0 0 0 0 0 1 0 0 6]
 [0 0 0 8 0 0 3 0 0]
 [8 0 0 0 4 6 0 0 2]
 [0 0 0 0 0 0 0 0 0]
 [0 9 0 3 0 2 0 0 8]]
Solution:
[[9 3 8 5 0 2 7 4 1]
 [2 5 0 8 4 1 0 3 6]
 [4 0 1 6 7 3 5 8 2]
 [0 6 2 3 1 9 8 7 5]
 [8 9 7 0 2 6 4 1 3]
 [1 0 0 4 5 8 2 6 9]
 [5 8 3 2 6 7 9 0 4]
 [0 4 9 1 3 5 6 2 7]
 [6 1 0 9 8 4 3 5 0]]
Number of cells unfilled: 12
Accuracy: 85.18518518518519
Sample: 87294
Question:
[[3 4 0 0 0 5 0 0 0]
 [0 0 0 0 2 0 0 0 0]
 [6 0 5 0 3 0 4 0 0]
 [0 5 3 0 8 0 0 0 6]
 [0 0 0 0 0 1 0 3 0]
 [4 0 0 0 0 0 0 1 0]
 [7 0 0 0 9 3 2 0 0]
 [0 0 1 2 0 0 0 0 0]
 [0 0 2 7 0 0 0 8 4]]
Solution:
[[9 3 8 5 0 2 0 4 1]
 [2 5 0 8 4 1 7 3 6]
 [4 0 1 6 7 3 5 8 9]
 [0 6 2 3 1 9 8 7 5]
 [8 9 7 0 5 6 4 2 3]
 [1 0 0 4 2 8 0 6 0]
 [0 8 3 2 6 7 9 1 4]
 [0 4 9 1 3 5 6 0 7]
 [6 1 5 9 8 4 3 0 2]]
Number of cells unfilled: 14
Accuracy: 82.71604938271605
Sample: 87295
Question:
[[1 0 0 0 4 0 0 0 0]
 [8 0 0 0 0 0 3 0 9]
 [3 0 0 0 9 0 7 6 0]
 [2 0 0 0 0 9 0 0 0]
 [5 0 4 1 3 0 0 7 0]
 [0 0 0 0 0 0 0 0 0]
 [0 5 8 0 0 4 0 3 0]
 [0 6 0 0 2 0 0 0 0]
 [0 0 0 0 0 1 8 0 0]]
Solution:
[[9 3 8 5 0 2 0 4 1]
 [2 5 0 8 4 1 7 3 6]
 [4 0 1 6 7 3 5 8 9]
 [0 6 2 3 1 9 8 7 5]
 [8 9 7 0 2 6 4 1 3]
 [1 0 0 4 5 8 0 6 2]
 [5 8 3 2 6 7 9 0 4]
 [0 4 9 1 3 5 6 2 7]
 [6 1 0 9 8 4 3 5 0]]
Number of cells unfilled: 13
Accuracy: 83.9506172839506
Sample: 87296
Question:
[[0 0 0 7 0 0 0 9 0]
 [0 0 0 2 0 5 4 6 0]
 [2 0 0 0 3 0 0 0 5]
 [0 0 4 1 0 0 0 0 0]
 [7 1 0 0 0 3 0 0 6]
 [0 8 0 0 0 0 0 0 0]
 [0 0 0 0 6 0 9 0 0]
 [0 0 8 0 0 7 0 2 0]
 [5 0 0 3 0 0 0 0 7]]
Solution:
[[9 3 8 5 0 2 7 4 1]
 [2 5 0 8 4 1 0 3 6]
 [4 0 1 6 7 3 5 9 8]
 [0 6 2 3 1 9 8 7 5]
 [8 9 7 0 5 6 4 1 3]
 [1 0 0 4 2 8 0 6 9]
 [0 8 3 2 6 7 9 5 4]
 [0 2 9 1 3 5 6 8 7]
 [6 1 5 9 8 4 3 0 2]]
Number of cells unfilled: 12
Accuracy: 85.18518518518519
Sample: 87297
Question:
[[0 0 7 8 0 0 0 0 0]
 [6 0 0 0 0 0 0 8 0]
 [0 3 8 0 0 4 0 0 5]
 [0 0 0 2 0 0 4 0 0]
 [0 1 0 0 0 3 0 5 0]
 [7 0 0 0 9 0 0 0 3]
 [0 9 0 0 0 1 5 0 0]
 [0 0 0 0 2 0 0 3 0]
 [0 0 0 6 0 0 0 9 1]]
Solution:
[[9 3 8 5 0 2 0 4 1]
 [2 5 0 8 4 1 7 3 6]
 [4 0 1 6 7 3 5 2 8]
 [0 6 2 3 1 9 8 7 5]
 [8 9 7 0 2 6 4 1 3]
 [1 0 0 4 5 8 2 6 9]
 [5 8 3 2 6 7 9 0 4]
 [0 4 9 1 3 5 6 8 7]
 [6 1 0 9 8 4 3 5 2]]
Number of cells unfilled: 11
Accuracy: 86.41975308641975
Sample: 87298
Question:
[[0 7 0 0 0 9 3 0 0]
 [0 0 0 0 4 0 0 0 6]
 [0 0 0 5 0 0 0 9 7]
 [1 0 0 0 0 0 0 0 0]
 [2 6 0 0 0 8 0 3 0]
 [0 8 5 0 0 0 0 0 2]
 [0 0 1 0 7 0 0 6 0]
 [0 9 0 0 0 6 0 0 3]
 [0 0 0 4 0 0 8 0 0]]
Solution:
[[9 3 8 5 0 2 0 4 1]
 [2 5 0 8 4 1 7 3 6]
 [4 0 1 6 7 3 5 9 2]
 [0 6 2 3 1 9 8 7 5]
 [8 9 7 0 5 6 4 1 3]
 [1 0 0 4 2 8 0 6 9]
 [0 8 3 2 6 7 9 5 4]
 [0 4 9 1 3 5 6 8 7]
 [6 1 5 9 8 4 3 2 0]]
Number of cells unfilled: 12
Accuracy: 85.18518518518519
Sample: 87299
Question:
[[8 0 0 1 0 0 9 0 0]
 [0 1 0 0 0 7 0 0 5]
 [0 0 3 0 4 0 0 0 0]
 [0 0 0 0 0 0 0 9 0]
 [0 0 0 0 0 6 2 0 0]
 [0 4 0 7 0 0 0 6 1]
 [0 0 2 5 0 8 0 0 0]
 [3 0 0 0 0 1 0 0 0]
 [0 5 1 0 7 0 0 0 8]]
Solution:
[[9 3 8 5 0 2 0 4 1]
 [2 5 0 8 4 1 7 3 6]
 [4 0 1 6 7 3 5 9 8]
 [0 6 2 3 1 9 8 7 5]
 [8 9 7 0 5 6 4 2 3]
 [1 0 0 4 2 8 0 6 9]
 [0 8 3 2 6 7 9 1 4]
 [0 4 9 1 3 5 6 8 7]
 [6 1 5 9 8 4 3 0 2]]
Number of cells unfilled: 12
Accuracy: 85.18518518518519
Sample: 87300
Question:
[[9 0 0 5 0 0 0 0 1]
 [2 5 0 0 0 1 0 3 0]
 [0 0 1 0 7 0 5 0 0]
 [0 0 2 0 0 9 0 0 5]
 [0 0 0 0 0 0 4 0 3]
 [0 0 0 4 0 0 0 6 0]
 [0 8 0 2 0 0 0 0 0]
 [0 0 9 0 0 5 0 0 7]
 [6 0 0 0 8 0 0 0 0]]
Solution:
[[9 3 8 5 0 2 7 4 1]
 [2 5 0 8 4 1 0 3 6]
 [4 0 1 6 7 3 5 8 2]
 [0 6 2 3 1 9 8 7 5]
 [8 9 7 0 5 6 4 2 3]
 [1 0 5 4 2 8 0 6 9]
 [5 8 3 2 6 7 9 1 4]
 [0 2 9 1 3 5 6 0 7]
 [6 1 0 9 8 4 3 5 0]]
Number of cells unfilled: 12
Accuracy: 85.18518518518519
