2025-10-22 16:37:46.763573: I tensorflow/core/util/port.cc:153] oneDNN custom operations are on. You may see slightly different numerical results due to floating-point round-off errors from different computation orders. To turn them off, set the environment variable `TF_ENABLE_ONEDNN_OPTS=0`.
2025-10-22 16:37:46.951714: I tensorflow/core/platform/cpu_feature_guard.cc:210] This TensorFlow binary is optimized to use available CPU instructions in performance-critical operations.
To enable the following instructions: AVX2 AVX512F AVX512_VNNI FMA, in other operations, rebuild TensorFlow with the appropriate compiler flags.
2025-10-22 16:37:52.291993: I tensorflow/core/util/port.cc:153] oneDNN custom operations are on. You may see slightly different numerical results due to floating-point round-off errors from different computation orders. To turn them off, set the environment variable `TF_ENABLE_ONEDNN_OPTS=0`.
2025-10-22 16:37:58.153437: E external/local_xla/xla/stream_executor/cuda/cuda_platform.cc:51] failed call to cuInit: INTERNAL: CUDA error: Failed call to cuInit: UNKNOWN ERROR (303)
Sample: 88401
Question:
[[0 0 0 0 0 8 6 3 0]
 [1 6 0 9 0 0 0 0 0]
 [3 0 0 4 0 0 0 0 1]
 [0 0 0 0 0 0 0 4 7]
 [4 0 0 0 0 3 8 1 0]
 [0 0 8 5 0 0 0 0 0]
 [8 0 1 2 0 0 3 0 0]
 [0 0 0 0 0 0 0 0 4]
 [0 4 0 0 0 6 1 8 0]]
Solution:
[[8 5 3 6 0 0 1 4 0]
 [7 1 6 9 4 0 2 8 3]
 [9 4 0 8 2 3 6 7 5]
 [6 0 0 3 7 8 5 0 2]
 [3 9 2 0 1 4 8 6 0]
 [1 8 0 5 6 2 9 3 7]
 [0 6 4 2 8 5 7 1 9]
 [0 2 9 1 0 6 3 5 4]
 [5 3 8 4 9 7 0 2 6]]
Number of cells unfilled: 15
Accuracy: 81.48148148148148
Sample: 88402
Question:
[[0 0 0 3 6 0 0 0 9]
 [0 0 0 0 9 0 5 1 0]
 [0 0 6 0 0 1 0 2 0]
 [9 0 0 0 5 0 0 0 3]
 [0 3 5 0 0 0 0 0 0]
 [0 4 1 7 0 0 8 0 0]
 [0 6 3 9 0 0 0 0 1]
 [0 5 9 0 1 0 0 0 0]
 [0 0 0 6 0 0 0 0 0]]
Solution:
[[8 5 3 6 0 2 1 4 0]
 [0 1 6 7 4 0 2 9 3]
 [9 4 7 8 0 3 6 0 5]
 [6 0 0 3 7 8 5 0 1]
 [3 9 2 0 1 4 8 6 0]
 [1 8 0 5 6 9 4 3 7]
 [0 6 4 2 8 5 7 1 9]
 [7 2 9 1 0 6 3 8 4]
 [5 3 8 4 9 7 0 2 6]]
Number of cells unfilled: 15
Accuracy: 81.48148148148148
Sample: 88403
Question:
[[0 0 2 1 0 0 0 0 5]
 [0 4 0 0 0 8 0 2 0]
 [6 5 0 0 0 0 0 0 0]
 [9 0 0 0 0 5 0 0 1]
 [0 0 0 0 0 7 4 0 9]
 [0 1 4 2 0 0 0 0 0]
 [5 0 0 0 0 0 0 0 0]
 [0 2 9 4 0 0 5 0 0]
 [0 0 1 0 0 3 0 9 2]]
Solution:
[[8 5 3 6 2 9 1 4 0]
 [0 1 6 7 4 0 2 8 3]
 [9 4 7 8 1 3 6 0 5]
 [6 0 0 3 7 8 5 9 2]
 [3 9 2 0 0 4 8 6 1]
 [1 8 0 5 6 2 4 3 7]
 [0 6 4 2 8 5 7 1 9]
 [7 2 9 1 0 6 3 5 4]
 [5 3 8 4 9 7 0 2 6]]
Number of cells unfilled: 12
Accuracy: 85.18518518518519
Sample: 88404
Question:
[[0 0 2 3 0 7 0 0 5]
 [0 0 0 5 9 0 0 0 0]
 [4 0 0 0 0 0 0 7 0]
 [0 0 7 2 0 1 0 5 0]
 [0 0 0 0 3 0 0 0 2]
 [6 0 0 0 0 0 1 0 3]
 [0 0 1 7 0 3 5 0 0]
 [8 0 0 0 1 2 0 3 7]
 [0 0 0 0 0 0 0 0 0]]
Solution:
[[8 5 3 6 0 0 1 4 0]
 [0 1 6 9 4 0 2 7 3]
 [9 4 7 8 2 3 6 0 5]
 [6 0 0 3 7 8 5 9 2]
 [3 9 2 0 1 4 8 6 0]
 [1 8 0 5 6 9 4 3 7]
 [0 6 4 2 8 5 7 1 9]
 [7 2 9 1 0 6 3 8 4]
 [5 3 8 4 9 7 0 2 6]]
Number of cells unfilled: 14
Accuracy: 82.71604938271605
Sample: 88405
Question:
[[0 0 5 0 0 9 0 0 1]
 [0 1 0 4 0 0 3 0 0]
 [6 0 3 0 0 0 0 0 0]
 [0 4 0 0 0 8 1 0 7]
 [3 0 0 0 0 0 0 0 0]
 [0 7 1 5 0 0 0 3 0]
 [0 0 0 1 0 0 0 0 0]
 [0 0 0 0 4 2 7 5 0]
 [7 0 0 0 5 3 4 0 0]]
Solution:
[[8 5 3 6 2 7 1 4 0]
 [0 1 6 9 4 0 2 8 3]
 [9 4 7 8 1 3 6 0 5]
 [6 0 0 3 7 8 5 9 2]
 [3 9 2 0 0 4 8 6 1]
 [1 8 0 5 6 9 4 3 7]
 [0 6 4 2 8 5 7 1 9]
 [7 2 9 1 0 6 3 5 4]
 [5 3 8 4 9 0 0 2 6]]
Number of cells unfilled: 13
Accuracy: 83.9506172839506
Sample: 88406
Question:
[[0 2 9 0 0 0 0 0 0]
 [3 5 0 8 0 0 0 0 2]
 [0 0 0 0 6 0 0 3 0]
 [0 0 0 0 1 0 7 0 5]
 [7 8 0 3 0 0 0 2 0]
 [0 0 5 0 0 7 0 0 8]
 [0 0 0 0 0 0 0 0 0]
 [5 3 0 7 0 0 2 0 0]
 [8 0 0 0 4 0 0 5 3]]
Solution:
[[8 5 3 6 0 2 9 4 1]
 [0 1 6 9 4 0 2 7 3]
 [9 7 0 8 0 3 6 0 5]
 [6 0 0 3 7 8 5 9 2]
 [3 9 2 0 1 4 8 6 0]
 [1 4 0 5 6 9 0 3 7]
 [0 6 4 2 8 5 7 1 9]
 [7 2 9 1 0 6 3 8 4]
 [5 3 8 4 9 7 0 2 6]]
Number of cells unfilled: 15
Accuracy: 81.48148148148148
Sample: 88407
Question:
[[0 3 0 1 0 9 7 0 0]
 [4 0 9 0 0 0 0 0 8]
 [1 0 0 0 4 0 0 0 0]
 [0 7 0 0 0 0 0 0 2]
 [3 0 0 4 0 7 1 0 0]
 [0 0 0 3 6 0 0 0 0]
 [0 0 0 0 3 0 0 0 0]
 [0 0 3 7 0 4 9 0 0]
 [7 4 0 0 0 1 0 0 5]]
Solution:
[[8 5 3 6 0 1 9 4 0]
 [0 1 6 9 4 0 2 7 3]
 [9 4 7 8 2 3 6 0 5]
 [6 0 0 3 7 8 5 9 2]
 [3 9 2 0 1 4 8 6 0]
 [1 8 0 5 6 9 4 3 7]
 [0 6 4 2 8 5 7 1 9]
 [7 2 9 1 0 6 3 5 4]
 [5 3 8 4 9 7 0 2 6]]
Number of cells unfilled: 13
Accuracy: 83.9506172839506
Sample: 88408
Question:
[[0 3 2 0 0 0 0 0 7]
 [0 5 4 0 7 0 2 0 0]
 [0 0 0 0 0 0 5 0 0]
 [0 1 7 0 0 8 9 0 0]
 [2 0 0 0 4 0 0 0 3]
 [0 0 0 0 0 0 0 0 0]
 [3 0 0 0 2 0 4 0 5]
 [0 0 5 6 0 0 0 7 0]
 [4 0 0 7 0 3 0 0 2]]
Solution:
[[8 5 3 6 0 0 9 4 1]
 [0 1 6 7 4 9 2 8 3]
 [9 4 7 8 2 3 6 0 5]
 [6 0 0 3 7 8 5 9 2]
 [3 9 2 0 1 4 8 6 0]
 [1 8 0 5 6 2 4 3 7]
 [0 6 4 2 8 5 7 1 9]
 [7 2 9 1 0 6 3 5 4]
 [5 3 8 4 9 7 0 2 6]]
Number of cells unfilled: 12
Accuracy: 85.18518518518519
Sample: 88409
Question:
[[0 4 0 9 0 0 0 3 6]
 [0 0 0 7 4 0 9 0 0]
 [7 0 0 0 0 3 0 8 0]
 [0 0 0 0 7 0 0 0 0]
 [9 0 6 3 0 0 0 0 0]
 [4 0 7 0 9 0 3 0 0]
 [0 9 0 6 0 0 4 0 0]
 [3 0 1 0 5 0 0 0 2]
 [6 0 0 0 0 0 0 0 0]]
Solution:
[[8 5 3 6 0 1 9 4 0]
 [0 1 6 7 4 0 2 8 3]
 [9 4 7 8 2 3 6 0 5]
 [6 0 0 3 7 8 5 9 2]
 [3 9 2 0 1 4 8 6 0]
 [1 8 0 5 6 9 4 3 7]
 [0 6 4 2 8 5 7 1 9]
 [7 2 9 1 0 6 3 5 4]
 [5 3 8 4 9 7 0 2 6]]
Number of cells unfilled: 13
Accuracy: 83.9506172839506
Sample: 88410
Question:
[[0 7 0 0 4 0 0 0 8]
 [5 0 0 0 0 8 9 0 0]
 [0 0 0 0 0 0 4 1 0]
 [0 0 0 0 0 0 0 4 0]
 [0 9 0 4 0 0 8 0 3]
 [2 0 0 0 8 3 0 0 7]
 [0 8 0 0 0 0 7 0 0]
 [6 0 0 9 3 0 0 0 0]
 [4 0 9 0 7 0 0 3 0]]
Solution:
[[8 5 3 6 0 2 1 4 0]
 [7 1 6 9 4 0 2 8 3]
 [9 4 0 8 0 3 6 7 5]
 [6 0 0 3 7 8 5 9 1]
 [3 9 2 0 1 4 8 6 0]
 [1 8 0 5 6 9 4 3 7]
 [0 6 4 2 8 5 7 1 9]
 [0 2 9 1 0 6 3 5 4]
 [5 3 8 4 9 7 0 2 6]]
Number of cells unfilled: 14
Accuracy: 82.71604938271605
Sample: 88411
Question:
[[0 9 0 0 0 5 3 0 0]
 [0 0 0 0 0 0 0 0 0]
 [2 0 0 6 0 0 0 0 7]
 [0 0 4 0 1 0 0 8 0]
 [0 5 0 0 0 3 1 0 9]
 [0 1 8 0 0 9 5 0 0]
 [0 8 0 1 9 0 0 0 5]
 [0 0 0 3 5 0 8 0 0]
 [0 0 0 0 0 8 0 0 1]]
Solution:
[[8 5 3 6 0 0 1 4 0]
 [7 1 6 9 4 0 2 8 3]
 [9 4 0 8 2 3 6 7 5]
 [6 0 0 3 7 8 5 9 2]
 [3 9 2 0 1 4 8 6 0]
 [1 8 0 5 6 2 4 3 7]
 [0 6 4 2 8 5 7 1 9]
 [0 2 9 1 0 6 3 5 4]
 [5 3 8 4 9 7 0 2 6]]
Number of cells unfilled: 14
Accuracy: 82.71604938271605
Sample: 88412
Question:
[[2 0 0 6 0 0 9 5 0]
 [0 0 8 0 4 0 0 0 1]
 [0 0 0 0 0 0 0 0 0]
 [0 0 1 8 7 0 0 0 4]
 [0 9 7 0 1 0 0 0 8]
 [0 3 0 0 0 0 7 0 0]
 [1 0 0 7 0 0 0 0 9]
 [0 0 0 0 9 0 0 4 0]
 [0 0 9 1 0 0 8 7 0]]
Solution:
[[8 5 3 6 0 2 9 4 1]
 [0 1 6 9 4 0 2 8 3]
 [9 7 0 8 0 3 6 0 5]
 [6 0 0 3 7 8 5 9 2]
 [3 9 2 0 1 4 8 6 0]
 [1 4 0 5 6 9 0 3 7]
 [0 6 4 2 8 5 7 1 9]
 [7 2 9 1 0 6 3 5 4]
 [5 3 8 4 9 7 0 2 6]]
Number of cells unfilled: 15
Accuracy: 81.48148148148148
Sample: 88413
Question:
[[0 0 0 2 4 0 0 7 0]
 [0 0 5 7 0 9 0 4 0]
 [0 0 0 6 0 0 0 0 1]
 [0 0 0 0 0 2 8 0 0]
 [0 7 0 0 6 0 5 3 0]
 [2 3 0 1 0 0 0 0 0]
 [1 0 0 0 0 0 0 0 4]
 [0 0 7 0 0 4 0 0 0]
 [0 4 0 9 1 0 0 5 0]]
Solution:
[[8 5 3 6 2 7 1 4 0]
 [0 1 6 9 4 0 2 7 3]
 [9 4 7 8 1 3 6 0 5]
 [6 0 0 3 7 8 5 9 1]
 [3 9 2 0 0 4 8 6 0]
 [1 8 0 5 6 2 4 3 7]
 [0 6 4 2 8 5 7 1 9]
 [7 2 9 1 0 6 3 8 4]
 [5 3 8 4 9 0 0 2 6]]
Number of cells unfilled: 14
Accuracy: 82.71604938271605
Sample: 88414
Question:
[[0 0 0 6 1 0 8 0 0]
 [0 5 0 0 0 2 0 0 0]
 [0 1 0 0 9 8 2 0 0]
 [6 0 0 2 0 4 5 1 0]
 [0 2 0 0 0 5 6 0 0]
 [0 4 0 1 0 0 0 0 0]
 [0 7 9 0 0 0 0 0 6]
 [5 0 4 7 0 6 0 0 0]
 [0 0 0 0 8 0 0 0 5]]
Solution:
[[8 5 3 6 0 1 9 4 0]
 [0 1 6 7 4 0 2 0 3]
 [9 4 7 8 2 3 6 0 5]
 [6 0 0 3 7 8 5 9 2]
 [3 9 2 0 1 4 8 6 0]
 [1 8 0 5 6 9 4 3 7]
 [0 6 4 2 8 5 7 1 9]
 [7 2 9 1 0 6 3 8 4]
 [5 3 8 4 9 7 0 2 6]]
Number of cells unfilled: 14
Accuracy: 82.71604938271605
Sample: 88415
Question:
[[0 7 5 0 0 6 0 4 0]
 [0 0 0 8 7 0 0 0 1]
 [0 0 0 4 5 0 0 0 0]
 [0 3 6 5 0 0 0 8 0]
 [0 0 9 0 0 0 0 0 0]
 [0 0 0 0 6 0 0 0 3]
 [9 0 0 0 0 0 2 0 0]
 [0 5 8 0 4 0 0 7 0]
 [3 0 7 6 0 0 0 0 0]]
Solution:
[[8 5 3 6 0 1 9 4 0]
 [0 1 6 9 4 0 2 7 3]
 [9 4 7 8 2 3 6 0 5]
 [6 0 0 3 7 8 5 9 1]
 [3 9 2 0 1 4 8 6 0]
 [1 8 0 5 6 2 4 3 7]
 [0 6 4 2 8 5 7 1 9]
 [7 2 9 1 0 6 3 8 4]
 [5 3 8 4 9 7 0 2 6]]
Number of cells unfilled: 13
Accuracy: 83.9506172839506
Sample: 88416
Question:
[[0 4 0 0 5 0 0 0 0]
 [5 0 0 3 0 2 0 0 0]
 [0 0 3 1 0 0 0 5 0]
 [3 6 0 0 1 0 0 4 9]
 [1 5 0 0 3 9 0 2 0]
 [0 9 0 0 0 0 0 0 0]
 [4 0 0 0 2 0 0 1 0]
 [0 0 0 7 0 0 8 0 0]
 [0 0 6 0 0 1 0 0 0]]
Solution:
[[8 5 3 6 2 0 9 4 1]
 [7 1 6 9 4 0 2 8 3]
 [9 4 0 8 0 3 6 7 5]
 [6 0 0 3 7 8 5 9 2]
 [3 9 2 0 1 4 8 6 0]
 [1 8 0 5 6 2 4 3 7]
 [0 6 4 2 8 5 7 1 9]
 [0 2 9 1 0 6 3 5 4]
 [5 3 8 4 9 7 0 2 6]]
Number of cells unfilled: 13
Accuracy: 83.9506172839506
Sample: 88417
Question:
[[4 0 0 6 0 0 0 7 0]
 [0 0 6 0 0 0 8 0 0]
 [0 3 0 0 0 1 0 0 0]
 [5 0 0 4 0 0 0 6 2]
 [6 0 0 7 9 0 0 5 8]
 [0 0 0 0 0 0 0 0 9]
 [2 0 0 0 0 0 0 0 7]
 [0 6 7 2 0 0 5 0 0]
 [0 5 4 0 0 0 0 2 0]]
Solution:
[[8 5 3 6 0 2 9 4 1]
 [0 1 6 9 4 0 2 7 3]
 [9 7 0 8 0 3 6 0 5]
 [6 0 0 3 7 8 5 9 2]
 [3 9 2 0 1 4 8 6 0]
 [1 4 0 5 6 9 0 3 7]
 [0 6 4 2 8 5 7 1 9]
 [7 2 9 1 0 6 3 8 4]
 [5 3 8 4 9 7 0 2 6]]
Number of cells unfilled: 15
Accuracy: 81.48148148148148
Sample: 88418
Question:
[[0 3 0 0 4 0 0 0 7]
 [0 0 0 0 0 0 0 3 8]
 [4 0 0 0 0 0 5 2 0]
 [3 0 0 1 0 9 0 0 0]
 [5 0 1 0 0 0 0 0 0]
 [0 0 8 0 7 2 0 0 5]
 [7 0 4 0 0 3 2 8 0]
 [0 0 0 0 2 0 0 6 0]
 [0 0 3 0 9 6 7 0 0]]
Solution:
[[8 5 3 6 0 2 9 4 1]
 [0 1 6 7 4 0 2 0 3]
 [9 4 7 8 0 3 6 0 5]
 [6 0 0 3 7 8 5 9 2]
 [3 9 2 0 1 4 8 6 0]
 [1 8 0 5 6 9 4 3 7]
 [0 6 4 2 8 5 7 1 9]
 [7 2 9 1 0 6 3 8 4]
 [5 3 8 4 9 7 0 2 6]]
Number of cells unfilled: 14
Accuracy: 82.71604938271605
Sample: 88419
Question:
[[0 0 1 0 0 0 4 0 0]
 [0 0 0 4 0 8 0 0 0]
 [0 7 0 0 3 0 0 6 0]
 [0 6 0 0 5 0 0 0 4]
 [0 0 0 8 0 0 0 5 0]
 [9 0 0 0 0 2 0 7 0]
 [0 3 0 0 2 0 7 0 0]
 [0 0 9 0 0 0 0 0 6]
 [0 0 6 1 0 0 0 3 2]]
Solution:
[[8 5 3 6 2 7 9 4 1]
 [7 1 6 9 4 0 2 8 3]
 [9 4 0 8 1 3 6 7 5]
 [6 0 0 3 7 8 5 9 2]
 [3 9 2 0 0 4 8 6 0]
 [1 8 0 5 6 9 4 3 7]
 [0 6 4 2 8 5 7 1 9]
 [0 2 9 1 0 6 3 5 4]
 [5 3 8 4 9 0 0 2 6]]
Number of cells unfilled: 13
Accuracy: 83.9506172839506
Sample: 88420
Question:
[[6 0 0 0 0 0 0 0 0]
 [0 3 5 0 0 0 0 0 7]
 [0 7 9 3 0 0 0 6 0]
 [0 0 0 0 0 2 0 5 0]
 [0 0 4 0 0 0 8 0 0]
 [5 0 0 9 0 0 0 0 3]
 [9 0 0 2 0 0 0 0 5]
 [0 0 0 0 1 0 2 0 0]
 [3 0 0 7 0 5 0 0 6]]
Solution:
[[8 5 3 6 0 1 0 4 0]
 [7 1 6 9 4 0 2 8 3]
 [9 4 0 8 2 3 6 7 5]
 [6 0 0 3 7 8 5 0 2]
 [3 9 2 0 1 4 8 6 0]
 [1 8 0 5 6 2 9 3 7]
 [0 6 4 2 8 5 7 1 9]
 [0 2 9 1 0 6 3 5 4]
 [5 3 8 4 9 7 0 2 6]]
Number of cells unfilled: 15
Accuracy: 81.48148148148148
Sample: 88421
Question:
[[2 0 3 4 6 0 7 0 0]
 [0 0 0 0 0 1 0 0 8]
 [9 8 6 0 2 5 0 4 0]
 [0 7 0 0 0 0 8 0 0]
 [1 5 0 0 8 0 0 2 6]
 [0 0 0 0 4 9 3 0 5]
 [4 0 2 0 0 6 0 3 0]
 [8 0 5 0 0 3 9 0 0]
 [0 0 0 0 9 0 0 0 0]]
Solution:
[[8 5 3 6 2 0 9 4 1]
 [0 1 6 7 4 9 2 8 3]
 [9 4 7 8 0 3 6 0 5]
 [6 0 0 3 7 8 5 9 2]
 [3 9 2 0 1 4 8 6 0]
 [1 8 0 5 6 2 4 3 7]
 [0 6 4 2 8 5 7 1 9]
 [7 2 9 1 0 6 3 5 4]
 [5 3 8 4 9 7 0 2 6]]
Number of cells unfilled: 12
Accuracy: 85.18518518518519
Sample: 88422
Question:
[[0 0 8 0 0 0 0 0 0]
 [1 7 0 0 3 0 9 8 0]
 [9 0 0 8 0 0 0 2 0]
 [0 0 0 6 7 3 0 0 0]
 [4 9 0 0 0 0 0 0 0]
 [3 0 1 0 0 0 2 0 0]
 [0 0 0 3 0 0 0 9 5]
 [0 8 0 0 0 5 0 0 0]
 [5 0 9 2 0 8 4 0 0]]
Solution:
[[8 5 3 6 0 1 9 4 0]
 [0 1 6 9 4 0 2 7 3]
 [9 4 7 8 2 3 6 0 5]
 [6 0 0 3 7 8 5 9 1]
 [3 9 2 0 1 4 8 6 0]
 [1 8 0 5 6 9 4 3 7]
 [0 6 4 2 8 5 7 1 9]
 [7 2 9 1 0 6 3 8 4]
 [5 3 8 4 9 7 0 2 6]]
Number of cells unfilled: 13
Accuracy: 83.9506172839506
Sample: 88423
Question:
[[0 0 0 0 0 0 7 0 0]
 [0 0 0 0 0 4 0 8 2]
 [2 0 0 7 0 0 0 4 9]
 [0 1 0 0 3 0 0 0 0]
 [4 0 0 0 0 9 8 0 0]
 [0 0 6 0 0 2 0 0 1]
 [7 0 0 0 0 8 9 0 0]
 [0 5 3 9 0 0 0 6 0]
 [0 0 0 0 5 0 0 0 0]]
Solution:
[[8 5 3 6 0 1 0 4 0]
 [0 1 6 9 4 7 2 8 3]
 [9 4 7 8 2 3 6 0 5]
 [6 0 0 3 7 8 5 0 1]
 [3 9 2 0 1 4 8 6 0]
 [1 8 0 5 6 2 9 3 7]
 [0 6 4 2 8 5 7 1 9]
 [7 2 9 1 0 6 3 5 4]
 [5 3 8 4 9 0 0 2 6]]
Number of cells unfilled: 15
Accuracy: 81.48148148148148
Sample: 88424
Question:
[[0 0 9 0 0 8 2 6 0]
 [2 0 0 9 7 0 0 0 0]
 [4 0 0 2 0 0 0 0 3]
 [0 0 8 0 0 7 0 0 0]
 [0 9 2 0 4 6 0 5 0]
 [0 0 0 0 1 0 0 8 0]
 [0 4 6 0 0 0 0 0 0]
 [9 1 0 0 0 0 6 0 4]
 [0 0 0 0 0 0 5 0 0]]
Solution:
[[8 5 3 6 2 0 9 4 1]
 [0 1 6 7 4 9 2 8 3]
 [9 4 7 8 0 3 6 0 5]
 [6 0 0 3 7 8 5 9 2]
 [3 9 2 0 1 4 8 6 0]
 [1 8 0 5 6 2 4 3 7]
 [0 6 4 2 8 5 7 1 9]
 [7 2 9 1 0 6 3 5 4]
 [5 3 8 4 9 7 0 2 6]]
Number of cells unfilled: 12
Accuracy: 85.18518518518519
Sample: 88425
Question:
[[0 3 0 0 9 0 5 0 0]
 [6 0 0 8 0 0 0 0 0]
 [0 0 1 0 0 7 0 0 0]
 [0 2 0 0 4 0 0 3 0]
 [0 0 4 1 0 0 0 0 8]
 [0 0 0 0 0 0 4 9 0]
 [0 4 0 0 5 0 9 2 0]
 [0 0 0 0 0 0 0 0 0]
 [7 0 0 9 0 0 0 0 6]]
Solution:
[[8 5 3 6 0 1 9 4 0]
 [0 1 6 7 4 0 2 0 3]
 [9 4 7 8 2 3 6 0 5]
 [6 0 0 3 7 8 5 9 2]
 [3 9 2 0 1 4 8 6 0]
 [1 8 0 5 6 9 4 3 7]
 [0 6 4 2 8 5 7 1 9]
 [7 2 9 1 0 6 3 8 4]
 [5 3 8 4 9 7 0 2 6]]
Number of cells unfilled: 14
Accuracy: 82.71604938271605
Sample: 88426
Question:
[[2 5 0 0 9 8 0 6 0]
 [0 0 0 4 2 0 0 0 0]
 [0 0 0 0 0 6 0 0 0]
 [7 0 0 0 0 0 0 1 0]
 [0 0 0 2 0 0 0 8 5]
 [5 3 0 0 8 0 0 0 7]
 [0 9 7 0 4 5 0 0 0]
 [0 2 0 9 0 0 7 0 8]
 [6 0 4 0 0 0 0 0 9]]
Solution:
[[8 5 3 6 0 9 1 4 0]
 [0 1 6 7 4 0 2 9 3]
 [9 4 7 8 2 3 6 0 5]
 [6 0 0 3 7 8 5 0 2]
 [3 9 2 0 1 4 8 6 0]
 [1 8 0 5 6 2 9 3 7]
 [0 6 4 2 8 5 7 1 9]
 [7 2 9 1 0 6 3 8 4]
 [5 3 8 4 9 7 0 2 6]]
Number of cells unfilled: 14
Accuracy: 82.71604938271605
Sample: 88427
Question:
[[0 0 0 0 0 2 0 7 0]
 [0 0 8 0 3 0 0 0 9]
 [4 0 0 0 0 0 5 0 0]
 [0 0 3 0 2 6 0 0 1]
 [0 6 0 7 0 0 3 0 0]
 [0 0 1 3 8 0 0 0 7]
 [1 9 0 2 0 0 0 0 8]
 [0 0 2 0 0 0 0 0 0]
 [3 8 0 0 9 0 0 0 0]]
Solution:
[[8 5 3 6 0 2 1 4 0]
 [0 1 6 9 4 0 2 7 3]
 [9 7 0 8 0 3 6 0 5]
 [6 4 0 3 7 8 5 9 2]
 [3 9 2 0 1 4 8 6 0]
 [1 8 0 5 6 9 4 3 7]
 [0 6 4 2 8 5 7 1 9]
 [7 2 9 1 0 6 3 8 4]
 [5 3 8 4 9 7 0 2 6]]
Number of cells unfilled: 14
Accuracy: 82.71604938271605
Sample: 88428
Question:
[[0 0 0 4 9 0 0 0 0]
 [0 0 0 0 0 1 0 0 8]
 [9 0 4 0 0 0 0 6 7]
 [0 8 9 3 0 6 0 0 0]
 [3 0 0 9 0 0 0 1 0]
 [6 0 0 0 5 0 0 0 2]
 [0 0 0 5 0 0 0 2 0]
 [0 0 0 0 4 0 0 7 0]
 [0 0 6 1 0 9 5 0 4]]
Solution:
[[8 5 3 6 2 9 1 4 0]
 [0 1 6 7 4 0 2 9 3]
 [9 4 7 8 1 3 6 0 5]
 [6 0 0 3 7 8 5 0 2]
 [3 9 2 0 0 4 8 6 1]
 [1 8 0 5 6 2 9 3 7]
 [0 6 4 2 8 5 7 1 9]
 [7 2 9 1 0 6 3 5 4]
 [5 3 8 4 9 7 0 2 6]]
Number of cells unfilled: 13
Accuracy: 83.9506172839506
Sample: 88429
Question:
[[0 0 0 0 1 0 2 0 0]
 [0 0 2 0 0 0 5 0 0]
 [7 0 0 8 0 0 0 4 0]
 [0 6 8 0 9 0 0 0 1]
 [0 0 7 0 0 6 0 0 0]
 [5 0 0 7 0 0 0 3 0]
 [0 0 0 9 0 0 3 0 0]
 [0 0 5 0 0 8 0 9 0]
 [9 0 0 0 7 0 8 0 4]]
Solution:
[[8 5 3 6 0 1 0 4 0]
 [0 1 6 7 4 9 2 0 3]
 [9 4 7 8 2 3 6 0 5]
 [6 0 0 3 7 8 5 0 2]
 [3 9 2 0 1 4 8 6 0]
 [1 8 0 5 6 2 9 3 7]
 [0 6 4 2 8 5 7 1 9]
 [7 2 9 1 0 6 3 8 4]
 [5 3 8 4 9 7 0 2 6]]
Number of cells unfilled: 15
Accuracy: 81.48148148148148
Sample: 88430
Question:
[[4 0 0 0 0 0 0 0 8]
 [0 0 3 0 7 0 4 0 0]
 [0 1 8 0 0 4 0 2 0]
 [2 0 0 0 0 1 8 0 0]
 [0 9 0 7 0 0 0 3 0]
 [0 0 6 0 9 0 0 4 0]
 [3 0 0 0 0 7 2 0 0]
 [0 0 0 5 2 0 0 0 6]
 [0 0 2 0 0 0 0 5 0]]
Solution:
[[8 5 3 6 0 0 1 4 0]
 [7 1 6 9 4 0 2 8 3]
 [9 4 0 8 2 3 6 7 5]
 [6 0 0 3 7 8 5 0 2]
 [3 9 2 0 1 4 8 6 0]
 [1 8 0 5 6 2 9 3 7]
 [0 6 4 2 8 5 7 1 9]
 [0 2 9 1 0 6 3 5 4]
 [5 3 8 4 9 7 0 2 6]]
Number of cells unfilled: 15
Accuracy: 81.48148148148148
Sample: 88431
Question:
[[0 0 3 0 0 0 1 0 0]
 [0 7 0 0 9 0 0 0 2]
 [2 0 0 4 0 0 0 6 0]
 [0 0 0 9 0 0 0 0 5]
 [8 0 0 0 0 4 0 9 0]
 [0 0 0 2 8 0 0 0 3]
 [0 0 7 1 0 6 0 0 0]
 [0 5 0 8 0 0 0 0 0]
 [6 0 0 0 4 0 0 2 0]]
Solution:
[[8 5 3 6 0 2 1 4 0]
 [7 1 6 9 4 0 2 0 3]
 [9 4 0 8 0 3 6 7 5]
 [6 0 0 3 7 8 5 9 1]
 [3 9 2 0 1 4 8 6 0]
 [1 8 0 5 6 9 4 3 7]
 [0 6 4 2 8 5 7 1 9]
 [0 2 9 1 0 6 3 8 4]
 [5 3 8 4 9 7 0 2 6]]
Number of cells unfilled: 15
Accuracy: 81.48148148148148
Sample: 88432
Question:
[[0 0 8 0 0 7 0 6 0]
 [0 0 0 0 8 0 2 7 0]
 [0 0 0 3 0 0 0 0 8]
 [0 2 0 0 0 6 0 0 3]
 [6 0 0 0 0 0 5 0 0]
 [0 0 3 9 0 0 0 0 0]
 [0 6 0 0 1 8 0 0 2]
 [4 0 1 0 0 0 0 3 0]
 [0 8 2 0 0 3 0 0 6]]
Solution:
[[8 5 3 6 0 9 1 4 0]
 [0 1 6 7 4 0 2 9 3]
 [9 4 7 8 2 3 6 0 5]
 [6 0 0 3 7 8 5 0 2]
 [3 9 2 0 1 4 8 6 0]
 [1 8 0 5 6 2 9 3 7]
 [0 6 4 2 8 5 7 1 9]
 [7 2 9 1 0 6 3 8 4]
 [5 3 8 4 9 7 0 2 6]]
Number of cells unfilled: 14
Accuracy: 82.71604938271605
Sample: 88433
Question:
[[7 0 3 0 0 8 4 0 0]
 [0 2 9 0 0 0 0 0 0]
 [8 0 0 0 0 3 7 9 0]
 [0 8 0 1 0 0 0 0 0]
 [0 0 4 0 0 0 0 0 6]
 [3 0 0 0 0 4 8 0 0]
 [0 0 7 0 8 0 5 0 0]
 [0 0 0 0 0 7 0 0 4]
 [4 0 0 3 5 0 0 7 0]]
Solution:
[[8 5 3 6 2 7 9 4 1]
 [7 1 6 9 4 0 2 8 3]
 [9 4 0 8 1 3 6 7 5]
 [6 0 0 3 7 8 5 9 2]
 [3 9 2 0 0 4 8 6 0]
 [1 8 0 5 6 9 4 3 7]
 [0 6 4 2 8 5 7 1 9]
 [0 2 9 1 0 6 3 5 4]
 [5 3 8 4 9 0 0 2 6]]
Number of cells unfilled: 13
Accuracy: 83.9506172839506
Sample: 88434
Question:
[[8 2 0 0 7 0 0 5 0]
 [0 3 0 0 0 2 0 0 0]
 [0 0 0 8 0 0 0 0 4]
 [2 5 0 0 0 0 0 1 0]
 [1 0 3 0 2 0 0 0 8]
 [0 8 9 0 0 0 5 0 0]
 [0 0 0 0 5 7 0 0 0]
 [0 0 0 0 0 1 6 0 0]
 [5 1 0 2 0 0 0 8 0]]
Solution:
[[8 5 3 6 2 9 1 4 0]
 [0 1 6 7 4 0 2 8 3]
 [9 4 7 8 1 3 6 0 5]
 [6 0 0 3 7 8 5 0 2]
 [3 9 2 0 0 4 8 6 1]
 [1 8 0 5 6 2 9 3 7]
 [0 6 4 2 8 5 7 1 9]
 [7 2 9 1 0 6 3 5 4]
 [5 3 8 4 9 7 0 2 6]]
Number of cells unfilled: 13
Accuracy: 83.9506172839506
Sample: 88435
Question:
[[7 0 0 3 0 0 0 0 0]
 [0 0 8 0 6 0 0 0 3]
 [0 0 0 4 0 8 1 0 0]
 [0 0 0 0 2 6 9 0 0]
 [0 0 4 8 0 0 0 0 2]
 [2 0 0 0 0 0 5 0 0]
 [0 0 2 0 0 3 0 0 6]
 [0 9 0 0 0 0 0 5 0]
 [0 7 0 0 0 0 0 1 0]]
Solution:
[[8 5 3 6 0 0 9 4 1]
 [0 1 6 7 4 9 2 8 3]
 [9 4 7 8 2 3 6 0 5]
 [6 0 0 3 7 8 5 9 2]
 [3 9 2 0 1 4 8 6 0]
 [1 8 0 5 6 2 4 3 7]
 [0 6 4 2 8 5 7 1 9]
 [7 2 9 1 0 6 3 5 4]
 [5 3 8 4 9 7 0 2 6]]
Number of cells unfilled: 12
Accuracy: 85.18518518518519
Sample: 88436
Question:
[[0 0 0 0 9 0 6 0 8]
 [0 0 5 7 0 0 0 4 3]
 [0 0 0 0 0 2 0 0 0]
 [0 0 0 0 7 0 0 8 0]
 [0 3 0 4 0 0 0 1 5]
 [0 0 1 0 0 0 0 0 0]
 [1 0 0 6 0 0 0 3 4]
 [0 5 6 0 0 0 8 0 0]
 [0 4 3 0 0 7 0 6 0]]
Solution:
[[8 5 3 6 2 0 9 4 1]
 [0 1 6 9 4 0 2 8 3]
 [9 4 7 8 0 3 6 0 5]
 [6 0 0 3 7 8 5 9 2]
 [3 9 2 0 1 4 8 6 0]
 [1 8 0 5 6 2 4 3 7]
 [0 6 4 2 8 5 7 1 9]
 [7 2 9 1 0 6 3 5 4]
 [5 3 8 4 9 7 0 2 6]]
Number of cells unfilled: 13
Accuracy: 83.9506172839506
Sample: 88437
Question:
[[0 0 2 0 0 1 4 0 9]
 [0 0 0 8 4 0 0 2 0]
 [0 5 0 0 2 0 1 0 0]
 [0 0 0 0 0 7 0 6 0]
 [0 0 7 0 8 0 9 0 1]
 [3 0 0 0 0 0 0 0 0]
 [9 0 0 0 0 0 0 0 0]
 [0 7 0 0 1 0 6 9 0]
 [0 0 8 4 0 0 7 0 2]]
Solution:
[[8 5 3 6 2 0 9 4 1]
 [0 1 6 9 4 0 2 7 3]
 [9 4 7 8 0 3 6 0 5]
 [6 0 0 3 7 8 5 9 2]
 [3 9 2 0 1 4 8 6 0]
 [1 8 0 5 6 2 4 3 7]
 [0 6 4 2 8 5 7 1 9]
 [7 2 9 1 0 6 3 8 4]
 [5 3 8 4 9 7 0 2 6]]
Number of cells unfilled: 13
Accuracy: 83.9506172839506
Sample: 88438
Question:
[[8 0 0 0 5 0 0 2 0]
 [0 0 0 0 0 0 0 0 4]
 [0 0 2 1 0 4 0 5 0]
 [3 0 0 0 0 1 0 9 0]
 [0 0 9 5 4 0 0 3 8]
 [0 0 5 0 9 0 0 0 1]
 [0 0 0 6 0 0 0 8 0]
 [0 0 8 0 1 0 0 0 2]
 [0 7 0 0 0 0 9 0 0]]
Solution:
[[8 5 3 6 0 9 1 4 0]
 [0 1 6 7 4 0 2 9 3]
 [9 4 7 8 2 3 6 0 5]
 [6 0 0 3 7 8 5 0 1]
 [3 9 2 0 1 4 8 6 0]
 [1 8 0 5 6 2 9 3 7]
 [0 6 4 2 8 5 7 1 9]
 [7 2 9 1 0 6 3 5 4]
 [5 3 8 4 9 7 0 2 6]]
Number of cells unfilled: 14
Accuracy: 82.71604938271605
Sample: 88439
Question:
[[4 0 0 2 0 0 0 0 1]
 [0 0 0 0 0 0 0 8 0]
 [0 8 2 0 9 0 0 6 0]
 [0 0 9 0 5 0 0 0 0]
 [0 0 0 0 0 6 5 0 0]
 [1 0 0 4 0 0 0 0 3]
 [0 0 0 7 0 0 0 0 0]
 [0 3 4 0 0 0 0 0 7]
 [7 0 0 0 0 0 1 2 0]]
Solution:
[[8 5 3 6 0 2 9 4 1]
 [7 1 6 9 4 0 2 8 3]
 [9 4 0 8 1 3 6 7 5]
 [6 0 0 3 7 8 5 9 2]
 [3 9 2 0 0 4 8 6 0]
 [1 8 0 5 6 9 4 3 7]
 [0 6 4 2 8 5 7 1 9]
 [0 2 9 1 0 6 3 5 4]
 [5 3 8 4 9 7 0 2 6]]
Number of cells unfilled: 13
Accuracy: 83.9506172839506
Sample: 88440
Question:
[[0 0 0 0 0 8 6 0 7]
 [0 9 0 0 0 0 2 0 5]
 [3 0 0 5 0 7 0 8 0]
 [0 7 0 0 0 5 0 0 0]
 [0 5 0 9 0 3 0 0 8]
 [0 0 6 0 0 0 5 0 0]
 [9 2 0 0 7 4 8 0 0]
 [6 0 0 1 0 0 0 2 0]
 [0 0 0 0 0 0 0 4 0]]
Solution:
[[8 5 3 6 0 2 9 4 1]
 [0 1 6 9 4 0 2 7 3]
 [9 7 0 8 0 3 6 0 5]
 [6 0 0 3 7 8 5 9 2]
 [3 9 2 0 1 4 8 6 0]
 [1 4 0 5 6 9 0 3 7]
 [0 6 4 2 8 5 7 1 9]
 [7 2 9 1 0 6 3 5 4]
 [5 3 8 4 9 7 0 2 6]]
Number of cells unfilled: 15
Accuracy: 81.48148148148148
Sample: 88441
Question:
[[2 1 0 0 8 0 7 0 0]
 [0 6 8 0 7 5 0 0 0]
 [0 0 0 0 0 0 0 0 1]
 [4 0 9 0 0 2 0 0 0]
 [0 0 0 0 0 8 4 3 0]
 [0 7 0 3 0 0 0 0 0]
 [0 0 0 0 0 0 1 0 5]
 [7 0 0 6 5 0 9 0 0]
 [0 0 0 0 9 0 6 2 0]]
Solution:
[[8 5 3 6 2 9 0 4 1]
 [0 1 6 7 4 0 2 9 3]
 [9 7 0 8 0 3 6 0 5]
 [6 4 0 3 7 8 5 0 2]
 [3 9 2 0 1 4 8 6 0]
 [1 8 0 5 6 2 9 3 7]
 [0 6 4 2 8 5 7 1 9]
 [7 2 9 1 0 6 3 8 4]
 [5 3 8 4 9 7 0 2 6]]
Number of cells unfilled: 14
Accuracy: 82.71604938271605
Sample: 88442
Question:
[[0 9 0 7 0 0 0 0 5]
 [0 0 3 0 0 6 0 9 0]
 [0 0 0 0 9 0 1 0 0]
 [0 0 4 6 0 0 0 7 0]
 [2 0 0 0 0 0 0 0 8]
 [1 0 0 0 0 0 5 0 0]
 [0 2 0 0 0 3 7 0 0]
 [0 0 7 0 6 0 0 3 0]
 [0 0 0 4 0 7 8 0 0]]
Solution:
[[8 5 3 6 0 2 1 4 0]
 [0 1 6 7 4 0 2 0 3]
 [9 7 0 8 0 3 6 0 5]
 [6 4 0 3 7 8 5 9 1]
 [3 9 2 0 1 4 8 6 0]
 [1 8 0 5 6 9 4 3 7]
 [0 6 4 2 8 5 7 1 9]
 [7 2 9 1 0 6 3 8 4]
 [5 3 8 4 9 7 0 2 6]]
Number of cells unfilled: 15
Accuracy: 81.48148148148148
Sample: 88443
Question:
[[0 2 0 0 0 0 3 0 0]
 [6 0 0 0 2 0 9 0 5]
 [0 0 0 0 0 0 0 0 0]
 [4 7 5 0 0 0 1 0 6]
 [0 0 0 5 0 0 0 0 0]
 [0 0 0 0 6 0 2 0 0]
 [2 0 4 7 0 0 0 0 0]
 [0 3 0 0 1 0 5 0 0]
 [1 0 8 0 9 3 6 2 0]]
Solution:
[[8 5 3 6 0 7 9 4 1]
 [0 1 6 9 4 0 2 7 3]
 [9 4 7 8 2 3 6 0 5]
 [6 0 0 3 7 8 5 9 2]
 [3 9 2 0 1 4 8 6 0]
 [1 8 0 5 6 9 4 3 7]
 [0 6 4 2 8 5 7 1 9]
 [7 2 9 1 0 6 3 8 4]
 [5 3 8 4 9 0 0 2 6]]
Number of cells unfilled: 13
Accuracy: 83.9506172839506
Sample: 88444
Question:
[[2 0 0 0 0 0 0 0 8]
 [0 7 0 0 0 6 0 0 0]
 [0 0 9 1 0 0 4 0 0]
 [0 6 0 0 7 5 0 0 0]
 [0 0 3 4 0 1 0 0 5]
 [0 0 0 6 0 0 1 0 0]
 [8 0 0 9 0 0 0 2 0]
 [0 0 0 5 0 0 0 0 0]
 [0 0 4 0 0 3 9 0 0]]
Solution:
[[8 5 3 6 0 0 1 4 0]
 [7 1 6 9 4 0 2 8 3]
 [9 4 0 8 2 3 6 7 5]
 [6 0 0 3 7 8 5 0 1]
 [3 9 2 0 1 4 8 6 0]
 [1 8 0 5 6 2 9 3 7]
 [0 6 4 2 8 5 7 1 9]
 [0 2 9 1 0 6 3 5 4]
 [5 3 8 4 9 7 0 2 6]]
Number of cells unfilled: 15
Accuracy: 81.48148148148148
Sample: 88445
Question:
[[4 2 0 9 0 0 8 0 0]
 [0 0 9 0 0 3 0 0 0]
 [0 7 0 0 4 0 0 0 9]
 [5 0 0 0 0 8 0 0 0]
 [0 0 7 3 0 0 0 0 4]
 [0 0 0 0 1 0 0 5 0]
 [0 0 8 2 0 0 0 0 3]
 [0 0 0 0 0 6 1 0 0]
 [0 6 0 0 0 4 0 7 0]]
Solution:
[[8 5 3 6 2 7 9 4 1]
 [7 1 6 9 4 0 2 8 3]
 [9 4 0 8 1 3 6 7 5]
 [6 0 0 3 7 8 5 9 2]
 [3 9 2 0 0 4 8 6 0]
 [1 8 0 5 6 2 4 3 7]
 [0 6 4 2 8 5 7 1 9]
 [0 2 9 1 0 6 3 5 4]
 [5 3 8 4 9 0 0 2 6]]
Number of cells unfilled: 13
Accuracy: 83.9506172839506
Sample: 88446
Question:
[[6 0 0 0 0 0 9 0 5]
 [0 4 0 0 0 9 0 2 0]
 [0 0 3 0 5 0 0 0 0]
 [0 0 0 0 2 0 7 0 0]
 [7 0 0 3 0 0 0 0 0]
 [0 1 0 0 0 4 0 6 0]
 [0 0 2 0 0 8 1 0 9]
 [0 8 0 1 0 0 0 0 6]
 [0 0 0 0 4 0 0 8 0]]
Solution:
[[8 5 3 6 2 0 9 4 1]
 [0 1 6 7 4 9 2 8 3]
 [9 4 7 8 1 3 6 0 5]
 [6 0 0 3 7 8 5 9 2]
 [3 9 2 0 0 4 8 6 0]
 [1 8 0 5 6 2 4 3 7]
 [0 6 4 2 8 5 7 1 9]
 [7 2 9 1 0 6 3 5 4]
 [5 3 8 4 9 7 0 2 6]]
Number of cells unfilled: 12
Accuracy: 85.18518518518519
Sample: 88447
Question:
[[0 0 0 0 0 0 9 0 0]
 [5 0 0 6 9 0 3 0 0]
 [0 0 0 0 0 1 0 7 5]
 [0 0 7 0 0 4 0 0 0]
 [3 0 0 2 5 0 0 0 0]
 [2 9 0 0 6 0 0 0 0]
 [0 0 8 0 0 0 0 0 0]
 [0 2 0 3 0 0 5 0 0]
 [0 0 0 0 0 0 0 4 7]]
Solution:
[[8 5 3 6 0 9 1 4 0]
 [0 1 6 7 4 0 2 0 3]
 [9 4 7 8 2 3 6 0 5]
 [6 0 0 3 7 8 5 9 2]
 [3 9 2 0 1 4 8 6 0]
 [1 8 0 5 6 2 4 3 7]
 [0 6 4 2 8 5 7 1 9]
 [7 2 9 1 0 6 3 8 4]
 [5 3 8 4 9 7 0 2 6]]
Number of cells unfilled: 14
Accuracy: 82.71604938271605
Sample: 88448
Question:
[[0 0 1 0 0 0 6 0 0]
 [8 4 0 0 6 0 0 0 9]
 [0 5 0 0 0 0 0 4 0]
 [0 0 0 0 0 0 7 0 0]
 [3 6 0 8 0 0 0 0 5]
 [0 0 2 0 5 0 0 0 0]
 [0 0 0 3 8 0 0 0 0]
 [0 0 0 6 9 0 4 0 0]
 [9 3 0 0 0 5 0 0 6]]
Solution:
[[8 5 3 6 0 2 9 4 1]
 [7 1 6 9 4 0 2 8 3]
 [9 4 0 8 1 3 6 7 5]
 [6 0 0 3 7 8 5 9 2]
 [3 9 2 0 0 4 8 6 0]
 [1 8 0 5 6 9 4 3 7]
 [0 6 4 2 8 5 7 1 9]
 [0 2 9 1 0 6 3 5 4]
 [5 3 8 4 9 7 0 2 6]]
Number of cells unfilled: 13
Accuracy: 83.9506172839506
Sample: 88449
Question:
[[0 3 0 0 0 6 0 2 0]
 [0 0 0 7 0 0 0 0 0]
 [0 0 6 0 3 0 0 0 0]
 [2 0 0 0 6 8 0 0 3]
 [0 0 0 0 9 5 0 1 0]
 [0 0 4 0 0 7 2 0 8]
 [5 0 0 0 0 0 7 0 0]
 [0 0 1 9 0 0 6 0 0]
 [0 4 8 0 0 0 0 3 5]]
Solution:
[[8 5 3 6 0 1 9 4 0]
 [0 1 6 9 4 0 2 7 3]
 [9 4 7 8 2 3 6 0 5]
 [6 0 0 3 7 8 5 9 1]
 [3 9 2 0 1 4 8 6 0]
 [1 8 0 5 6 9 4 3 7]
 [0 6 4 2 8 5 7 1 9]
 [7 2 9 1 0 6 3 5 4]
 [5 3 8 4 9 7 0 2 6]]
Number of cells unfilled: 13
Accuracy: 83.9506172839506
Sample: 88450
Question:
[[0 0 9 0 0 0 0 4 0]
 [6 0 0 3 0 0 0 0 5]
 [0 0 1 0 0 5 0 8 0]
 [0 7 0 2 6 0 0 0 0]
 [0 0 0 0 3 0 8 0 0]
 [2 0 0 0 0 9 0 0 6]
 [0 0 7 0 0 0 1 0 0]
 [0 0 4 9 0 0 0 0 0]
 [3 0 0 0 5 0 0 0 9]]
Solution:
[[8 5 3 6 0 0 1 4 0]
 [0 1 6 9 4 0 2 7 3]
 [9 4 7 8 2 3 6 0 5]
 [6 0 0 3 7 8 5 9 2]
 [3 9 2 0 1 4 8 6 0]
 [1 8 0 5 6 9 4 3 7]
 [0 6 4 2 8 5 7 1 9]
 [7 2 9 1 0 6 3 5 4]
 [5 3 8 4 9 7 0 2 6]]
Number of cells unfilled: 14
Accuracy: 82.71604938271605
Sample: 88451
Question:
[[0 9 0 3 0 0 0 0 8]
 [5 0 0 0 6 0 1 0 0]
 [0 0 0 0 0 7 0 9 0]
 [1 0 0 0 0 4 0 0 0]
 [0 0 5 0 2 0 0 0 0]
 [0 2 6 0 0 0 4 0 0]
 [2 0 0 0 1 0 6 0 0]
 [0 0 0 0 0 6 0 3 0]
 [0 0 0 2 0 8 0 0 7]]
Solution:
[[8 5 3 6 0 2 1 4 0]
 [0 1 6 9 4 0 2 8 3]
 [9 4 7 8 1 3 6 0 5]
 [6 0 0 3 7 8 5 9 2]
 [3 9 2 0 0 4 8 6 1]
 [1 8 0 5 6 9 4 3 7]
 [0 6 4 2 8 5 7 1 9]
 [7 2 9 1 0 6 3 5 4]
 [5 3 8 4 9 7 0 2 6]]
Number of cells unfilled: 13
Accuracy: 83.9506172839506
Sample: 88452
Question:
[[0 0 0 0 3 0 6 0 0]
 [0 1 0 0 0 7 9 0 0]
 [8 2 6 0 0 0 0 0 0]
 [7 8 0 0 4 0 0 0 0]
 [0 0 3 2 0 9 4 0 7]
 [0 0 0 0 8 0 0 0 5]
 [0 6 0 0 2 0 7 0 0]
 [0 7 0 1 0 4 0 0 0]
 [0 0 0 0 0 0 0 4 9]]
Solution:
[[8 5 3 6 1 0 9 4 0]
 [0 1 6 9 4 7 2 8 3]
 [9 4 7 8 2 3 6 0 5]
 [6 0 0 3 7 8 5 9 1]
 [3 9 2 0 0 4 8 6 0]
 [1 8 0 5 6 2 4 3 7]
 [0 6 4 2 8 5 7 1 9]
 [7 2 9 1 0 6 3 5 4]
 [5 3 8 4 9 0 0 2 6]]
Number of cells unfilled: 14
Accuracy: 82.71604938271605
Sample: 88453
Question:
[[3 0 0 0 5 0 0 0 6]
 [0 0 0 0 0 4 2 0 0]
 [0 9 0 2 0 0 0 5 0]
 [1 0 0 0 0 0 7 0 0]
 [0 6 3 4 0 0 0 0 1]
 [0 5 0 0 1 0 0 6 0]
 [6 0 0 0 4 0 0 0 7]
 [0 0 0 8 0 0 0 3 0]
 [0 0 8 0 0 9 6 0 0]]
Solution:
[[8 5 3 6 2 7 9 4 1]
 [7 1 6 9 4 0 2 8 3]
 [9 4 0 8 1 3 6 7 5]
 [6 0 0 3 7 8 5 9 2]
 [3 9 2 0 0 4 8 6 0]
 [1 8 0 5 6 2 4 3 7]
 [0 6 4 2 8 5 7 1 9]
 [0 2 9 1 0 6 3 5 4]
 [5 3 8 4 9 0 0 2 6]]
Number of cells unfilled: 13
Accuracy: 83.9506172839506
Sample: 88454
Question:
[[0 0 4 0 0 3 0 0 0]
 [5 7 0 4 0 0 0 6 0]
 [9 0 0 0 7 0 0 0 4]
 [0 0 6 7 0 0 0 0 9]
 [4 0 0 0 0 1 0 2 0]
 [0 0 0 0 5 0 4 0 0]
 [8 1 0 0 2 0 0 0 0]
 [0 0 9 3 0 0 0 0 5]
 [0 0 0 0 0 7 8 0 0]]
Solution:
[[8 5 3 6 0 9 1 4 0]
 [0 1 6 7 4 0 2 9 3]
 [9 4 7 8 2 3 6 0 5]
 [6 0 0 3 7 8 5 0 2]
 [3 9 2 0 1 4 8 6 0]
 [1 8 0 5 6 2 9 3 7]
 [0 6 4 2 8 5 7 1 9]
 [7 2 9 1 0 6 3 8 4]
 [5 3 8 4 9 7 0 2 6]]
Number of cells unfilled: 14
Accuracy: 82.71604938271605
Sample: 88455
Question:
[[0 5 0 0 0 0 0 0 0]
 [8 0 7 0 6 0 0 0 4]
 [4 0 0 1 0 9 0 0 0]
 [0 0 0 6 0 0 0 0 0]
 [7 9 4 0 0 5 2 0 0]
 [3 0 5 4 0 0 0 0 0]
 [0 3 1 0 5 0 9 0 0]
 [0 0 0 0 0 0 0 0 0]
 [0 0 0 2 3 1 8 0 6]]
Solution:
[[8 5 3 6 0 1 9 4 0]
 [0 1 6 9 4 7 2 0 3]
 [9 4 7 8 2 3 6 0 5]
 [6 0 0 3 7 8 5 9 2]
 [3 9 2 0 1 4 8 6 0]
 [1 8 0 5 6 9 4 3 7]
 [0 6 4 2 8 5 7 1 9]
 [7 2 9 1 0 6 3 8 4]
 [5 3 8 4 9 0 0 2 6]]
Number of cells unfilled: 14
Accuracy: 82.71604938271605
Sample: 88456
Question:
[[0 1 0 6 0 0 0 0 8]
 [0 0 2 0 0 0 3 1 0]
 [8 0 0 0 0 0 4 0 0]
 [0 6 0 0 0 0 0 4 0]
 [0 0 7 0 9 0 0 8 0]
 [1 0 0 7 0 0 0 0 2]
 [5 0 0 0 6 3 0 0 0]
 [0 0 1 2 0 0 0 0 5]
 [0 7 0 0 0 9 0 0 0]]
Solution:
[[8 5 3 6 2 7 1 4 0]
 [7 1 6 9 4 0 2 8 3]
 [9 4 0 8 1 3 6 7 5]
 [6 0 0 3 7 8 5 0 1]
 [3 9 2 0 0 4 8 6 0]
 [1 8 0 5 6 2 9 3 7]
 [0 6 4 2 8 5 7 1 9]
 [0 2 9 1 0 6 3 5 4]
 [5 3 8 4 9 0 0 2 6]]
Number of cells unfilled: 15
Accuracy: 81.48148148148148
Sample: 88457
Question:
[[0 6 0 5 0 0 0 2 0]
 [0 0 0 6 0 0 0 4 3]
 [0 1 4 0 0 0 0 0 0]
 [0 0 2 0 3 0 0 1 8]
 [0 3 5 8 0 7 0 0 2]
 [0 0 0 2 0 0 0 0 9]
 [0 8 0 7 2 0 0 0 0]
 [7 5 3 0 0 0 0 0 0]
 [0 4 1 0 0 8 0 0 0]]
Solution:
[[8 5 3 6 0 9 1 4 0]
 [0 1 6 7 4 0 2 9 3]
 [9 4 7 8 2 3 6 0 5]
 [6 0 0 3 7 8 5 0 1]
 [3 9 2 0 1 4 8 6 0]
 [1 8 0 5 6 2 9 3 7]
 [0 6 4 2 8 5 7 1 9]
 [7 2 9 1 0 6 3 8 4]
 [5 3 8 4 9 7 0 2 6]]
Number of cells unfilled: 14
Accuracy: 82.71604938271605
Sample: 88458
Question:
[[0 6 0 0 0 0 0 0 8]
 [0 0 8 0 0 0 1 0 0]
 [3 0 0 9 0 4 0 0 0]
 [8 0 0 0 5 0 0 0 3]
 [5 0 0 6 1 0 0 7 0]
 [0 1 7 0 0 0 6 0 9]
 [7 0 0 0 4 6 9 0 0]
 [0 4 0 2 0 0 3 0 0]
 [0 0 0 0 0 1 0 0 0]]
Solution:
[[8 5 3 6 1 7 9 4 0]
 [0 1 6 9 4 0 2 7 3]
 [9 7 0 8 2 3 6 0 5]
 [6 0 0 3 7 8 5 9 2]
 [3 9 2 0 0 4 8 6 1]
 [1 4 0 5 6 2 0 3 7]
 [0 6 4 2 8 5 7 1 9]
 [7 2 9 1 0 6 3 8 4]
 [5 3 8 4 9 0 0 2 6]]
Number of cells unfilled: 15
Accuracy: 81.48148148148148
Sample: 88459
Question:
[[0 0 0 0 0 2 0 0 0]
 [0 0 0 1 4 0 2 7 0]
 [2 0 0 0 0 3 6 0 4]
 [5 0 6 0 0 0 8 0 3]
 [0 0 9 0 8 0 0 2 0]
 [0 0 0 0 2 0 5 1 0]
 [7 0 0 0 0 0 0 0 1]
 [0 8 0 6 0 0 0 0 0]
 [6 4 0 0 5 0 0 0 0]]
Solution:
[[8 5 3 6 0 9 1 4 0]
 [0 1 6 7 4 0 2 9 3]
 [9 4 7 8 2 3 6 0 5]
 [6 0 0 3 7 8 5 0 1]
 [3 9 2 0 1 4 8 6 0]
 [1 8 0 5 6 2 9 3 7]
 [0 6 4 2 8 5 7 1 9]
 [7 2 9 1 0 6 3 5 4]
 [5 3 8 4 9 7 0 2 6]]
Number of cells unfilled: 14
Accuracy: 82.71604938271605
Sample: 88460
Question:
[[0 0 0 0 0 0 4 0 5]
 [0 1 0 0 8 0 3 0 0]
 [5 7 2 4 0 0 9 1 0]
 [0 0 0 7 0 0 0 0 3]
 [0 0 0 1 6 0 7 0 0]
 [8 4 0 0 0 0 0 5 0]
 [0 0 3 0 0 9 5 7 0]
 [0 0 0 0 0 1 0 0 0]
 [0 0 5 3 0 0 0 0 0]]
Solution:
[[8 5 3 6 0 7 1 4 0]
 [7 1 6 9 4 0 2 8 3]
 [9 4 0 8 2 3 6 7 5]
 [6 0 0 3 7 8 5 9 1]
 [3 9 2 0 1 4 8 6 0]
 [1 8 0 5 6 9 4 3 7]
 [0 6 4 2 8 5 7 1 9]
 [0 2 9 1 0 6 3 5 4]
 [5 3 8 4 9 0 0 2 6]]
Number of cells unfilled: 14
Accuracy: 82.71604938271605
Sample: 88461
Question:
[[0 0 5 6 0 0 7 8 0]
 [0 0 0 0 0 0 0 0 0]
 [7 0 0 5 1 0 0 0 0]
 [9 0 0 2 0 0 0 0 8]
 [0 0 2 0 0 0 0 6 9]
 [0 0 0 0 0 8 0 4 0]
 [0 5 0 0 9 3 0 0 0]
 [0 0 3 0 0 0 0 0 0]
 [0 6 4 0 0 0 0 9 2]]
Solution:
[[8 5 3 6 0 0 1 4 0]
 [7 1 6 9 4 0 2 8 3]
 [9 4 0 8 2 3 6 7 5]
 [6 0 0 3 7 8 5 0 2]
 [3 9 2 0 1 4 8 6 0]
 [1 8 0 5 6 2 9 3 7]
 [0 6 4 2 8 5 7 1 9]
 [0 2 9 1 0 6 3 5 4]
 [5 3 8 4 9 7 0 2 6]]
Number of cells unfilled: 15
Accuracy: 81.48148148148148
Sample: 88462
Question:
[[0 0 0 7 3 0 0 8 0]
 [0 3 0 0 0 5 1 0 0]
 [9 0 0 0 4 0 0 0 2]
 [2 0 0 0 8 0 0 1 0]
 [0 0 0 3 0 0 0 0 0]
 [0 0 6 0 0 7 0 0 8]
 [0 0 0 5 0 0 0 4 0]
 [4 0 0 0 9 0 8 0 0]
 [0 6 0 0 0 0 0 2 9]]
Solution:
[[8 5 3 6 2 7 1 4 0]
 [0 1 6 9 4 0 2 8 3]
 [9 4 7 8 1 3 6 0 5]
 [6 0 0 3 7 8 5 9 2]
 [3 9 2 0 0 4 8 6 1]
 [1 8 0 5 6 9 4 3 7]
 [0 6 4 2 8 5 7 1 9]
 [7 2 9 1 0 6 3 5 4]
 [5 3 8 4 9 0 0 2 6]]
Number of cells unfilled: 13
Accuracy: 83.9506172839506
Sample: 88463
Question:
[[0 0 0 0 2 0 0 0 0]
 [0 3 0 0 0 5 8 0 6]
 [8 0 7 0 6 0 0 0 0]
 [0 8 0 0 5 0 3 0 1]
 [0 0 0 0 0 8 0 9 0]
 [4 0 0 0 0 1 0 6 0]
 [0 0 0 0 0 0 1 3 0]
 [3 0 0 0 0 0 0 0 0]
 [0 1 0 5 0 0 6 0 2]]
Solution:
[[8 5 3 6 0 2 1 4 0]
 [7 1 6 9 4 0 2 8 3]
 [9 4 0 8 0 3 6 7 5]
 [6 0 0 3 7 8 5 9 2]
 [3 9 2 0 1 4 8 6 0]
 [1 8 0 5 6 9 4 3 7]
 [0 6 4 2 8 5 7 1 9]
 [0 2 9 1 0 6 3 5 4]
 [5 3 8 4 9 7 0 2 6]]
Number of cells unfilled: 14
Accuracy: 82.71604938271605
Sample: 88464
Question:
[[0 0 0 9 0 0 0 2 0]
 [0 9 0 0 8 0 6 0 0]
 [5 0 0 0 0 0 0 0 0]
 [0 0 6 0 3 0 0 0 0]
 [0 3 0 1 0 0 0 8 6]
 [4 0 1 0 0 0 3 0 0]
 [0 0 0 0 0 9 0 0 7]
 [0 4 0 0 1 0 8 0 0]
 [0 6 0 0 4 8 9 0 0]]
Solution:
[[8 5 3 6 0 2 1 4 0]
 [0 1 6 9 4 0 2 7 3]
 [9 4 7 8 1 3 6 0 5]
 [6 0 0 3 7 8 5 9 2]
 [3 9 2 0 0 4 8 6 1]
 [1 8 0 5 6 9 4 3 7]
 [0 6 4 2 8 5 7 1 9]
 [7 2 9 1 0 6 3 8 4]
 [5 3 8 4 9 7 0 2 6]]
Number of cells unfilled: 13
Accuracy: 83.9506172839506
Sample: 88465
Question:
[[0 0 7 0 9 0 8 6 0]
 [0 0 0 0 0 5 0 7 4]
 [0 4 0 0 0 0 0 0 0]
 [0 2 0 7 0 0 0 0 6]
 [0 0 5 0 0 9 7 4 0]
 [0 0 0 0 0 0 0 0 1]
 [0 0 4 9 0 0 6 5 0]
 [3 0 0 0 0 6 0 0 0]
 [0 0 0 0 5 8 0 0 0]]
Solution:
[[8 5 3 6 2 7 9 4 1]
 [0 1 6 9 4 0 2 8 3]
 [9 7 0 8 1 3 6 0 5]
 [6 4 0 3 7 8 5 9 2]
 [3 9 2 0 0 4 8 6 0]
 [1 8 0 5 6 2 4 3 7]
 [0 6 4 2 8 5 7 1 9]
 [7 2 9 1 0 6 3 5 4]
 [5 3 8 4 9 0 0 2 6]]
Number of cells unfilled: 13
Accuracy: 83.9506172839506
Sample: 88466
Question:
[[0 0 8 0 4 3 0 0 0]
 [2 0 0 0 0 0 0 3 0]
 [0 9 0 2 6 0 0 0 4]
 [9 0 0 6 8 0 0 0 3]
 [0 0 6 0 0 0 7 0 0]
 [0 8 2 0 0 0 0 0 0]
 [0 0 0 0 0 5 0 0 0]
 [0 0 9 4 3 0 0 0 8]
 [4 0 0 0 0 0 0 1 0]]
Solution:
[[8 5 3 6 0 0 1 4 0]
 [7 1 6 9 4 0 2 8 3]
 [9 4 0 8 2 3 6 7 5]
 [6 0 0 3 7 8 5 0 2]
 [3 9 2 0 1 4 8 6 0]
 [1 8 0 5 6 2 9 3 7]
 [0 6 4 2 8 5 7 1 9]
 [0 2 9 1 0 6 3 5 4]
 [5 3 8 4 9 7 0 2 6]]
Number of cells unfilled: 15
Accuracy: 81.48148148148148
Sample: 88467
Question:
[[0 1 0 0 0 2 3 0 0]
 [0 7 0 0 0 5 1 0 0]
 [0 0 0 0 4 0 0 5 0]
 [0 6 0 2 7 0 0 0 3]
 [0 0 0 0 0 0 6 0 0]
 [1 0 3 0 0 6 0 0 0]
 [8 0 0 0 0 0 0 0 1]
 [0 0 0 9 2 0 0 0 5]
 [0 5 0 0 0 7 2 0 0]]
Solution:
[[8 5 3 6 0 2 9 4 1]
 [0 1 6 9 4 0 2 7 3]
 [9 4 7 8 0 3 6 0 5]
 [6 0 0 3 7 8 5 9 2]
 [3 9 2 0 1 4 8 6 0]
 [1 8 0 5 6 9 4 3 7]
 [0 6 4 2 8 5 7 1 9]
 [7 2 9 1 0 6 3 8 4]
 [5 3 8 4 9 7 0 2 6]]
Number of cells unfilled: 13
Accuracy: 83.9506172839506
Sample: 88468
Question:
[[3 0 0 0 0 0 0 0 0]
 [0 0 4 0 3 0 0 7 1]
 [0 0 0 9 0 4 3 0 0]
 [0 6 0 0 0 0 0 0 8]
 [4 0 0 0 9 0 7 0 0]
 [9 7 0 0 1 0 6 0 0]
 [0 0 0 2 0 0 0 0 0]
 [0 0 6 1 0 0 0 5 0]
 [7 0 0 0 6 0 1 0 0]]
Solution:
[[8 5 3 6 0 9 1 4 0]
 [0 1 6 7 4 0 2 9 3]
 [9 4 7 8 2 3 6 0 5]
 [6 0 0 3 7 8 5 0 1]
 [3 9 2 0 1 4 8 6 0]
 [1 8 0 5 6 2 4 3 7]
 [0 6 4 2 8 5 7 1 9]
 [7 2 9 1 0 6 3 5 4]
 [5 3 8 4 9 7 0 2 6]]
Number of cells unfilled: 14
Accuracy: 82.71604938271605
Sample: 88469
Question:
[[8 3 0 0 0 0 0 2 0]
 [0 0 2 0 0 0 6 0 5]
 [0 5 0 2 0 0 0 0 0]
 [0 0 7 6 0 0 0 5 0]
 [4 0 0 0 0 0 0 0 0]
 [0 0 0 0 7 0 1 0 0]
 [0 0 0 0 0 7 8 0 9]
 [0 0 5 8 0 6 0 7 0]
 [0 0 8 3 0 0 0 6 0]]
Solution:
[[8 5 3 6 2 0 1 4 0]
 [7 1 6 9 4 0 2 8 3]
 [9 4 0 8 0 3 6 7 5]
 [6 0 0 3 7 8 5 0 1]
 [3 9 2 0 1 4 8 6 0]
 [1 8 0 5 6 2 9 3 7]
 [0 6 4 2 8 5 7 1 9]
 [0 2 9 1 0 6 3 5 4]
 [5 3 8 4 9 7 0 2 6]]
Number of cells unfilled: 15
Accuracy: 81.48148148148148
Sample: 88470
Question:
[[0 4 0 0 0 0 0 0 0]
 [6 0 7 4 0 0 0 9 0]
 [0 9 0 0 0 1 0 2 0]
 [4 0 0 0 0 5 0 0 8]
 [0 0 0 0 8 7 1 0 5]
 [1 0 0 6 4 0 0 0 0]
 [0 0 0 1 0 3 0 0 6]
 [2 0 0 5 0 9 0 0 0]
 [0 0 0 0 0 0 0 5 0]]
Solution:
[[8 5 3 6 2 0 9 4 1]
 [0 1 6 9 4 7 2 8 3]
 [9 4 7 8 1 3 6 0 5]
 [6 0 0 3 7 8 5 9 2]
 [3 9 2 0 0 4 8 6 0]
 [1 8 0 5 6 2 4 3 7]
 [0 6 4 2 8 5 7 1 9]
 [7 2 9 1 0 6 3 5 4]
 [5 3 8 4 9 0 0 2 6]]
Number of cells unfilled: 13
Accuracy: 83.9506172839506
Sample: 88471
Question:
[[0 0 0 0 5 0 0 2 0]
 [0 0 4 0 0 0 8 3 0]
 [2 0 0 0 0 8 0 0 7]
 [0 0 1 0 9 0 3 0 0]
 [3 0 0 0 0 1 0 7 0]
 [0 6 0 5 0 0 0 0 1]
 [0 4 0 0 8 0 0 6 0]
 [6 0 0 0 0 2 7 0 0]
 [0 9 0 0 7 0 0 0 0]]
Solution:
[[8 5 3 6 2 1 9 4 0]
 [0 1 6 7 4 9 2 8 3]
 [9 7 0 8 0 3 6 0 5]
 [6 4 0 3 7 8 5 2 1]
 [3 9 2 0 1 4 8 6 0]
 [1 8 0 5 6 2 4 3 7]
 [0 6 4 2 8 5 7 1 9]
 [7 2 9 1 0 6 3 5 4]
 [5 3 8 4 9 7 0 0 6]]
Number of cells unfilled: 13
Accuracy: 83.9506172839506
Sample: 88472
Question:
[[0 0 7 0 0 0 0 0 9]
 [2 5 0 0 0 3 7 0 0]
 [0 1 0 7 0 0 0 5 0]
 [0 0 0 0 3 0 0 0 4]
 [4 0 0 0 0 1 0 6 0]
 [0 0 1 2 0 0 9 0 0]
 [0 8 0 0 0 0 0 9 0]
 [0 0 2 3 0 0 5 0 0]
 [0 0 0 0 6 8 0 0 3]]
Solution:
[[8 5 3 6 0 1 9 4 0]
 [0 1 6 7 4 0 2 8 3]
 [9 4 7 8 2 3 6 0 5]
 [6 0 0 3 7 8 5 9 2]
 [3 9 2 0 1 4 8 6 0]
 [1 8 0 5 6 9 4 3 7]
 [0 6 4 2 8 5 7 1 9]
 [7 2 9 1 0 6 3 5 4]
 [5 3 8 4 9 7 0 2 6]]
Number of cells unfilled: 13
Accuracy: 83.9506172839506
Sample: 88473
Question:
[[3 0 0 0 0 1 5 2 0]
 [0 0 0 9 0 0 0 0 6]
 [0 7 0 0 0 2 0 0 0]
 [0 0 0 0 8 0 0 0 0]
 [0 0 0 0 0 0 0 6 0]
 [0 5 0 0 0 7 9 1 0]
 [2 3 0 0 9 0 0 0 0]
 [0 0 7 0 0 5 2 3 0]
 [5 1 0 0 0 0 0 0 4]]
Solution:
[[8 5 3 6 2 7 9 4 1]
 [7 1 6 9 4 0 2 8 3]
 [9 4 0 8 1 3 6 7 5]
 [6 0 0 3 7 8 5 9 2]
 [3 9 2 0 0 4 8 6 0]
 [1 8 0 5 6 9 4 3 7]
 [0 6 4 2 8 5 7 1 9]
 [0 2 9 1 0 6 3 5 4]
 [5 3 8 4 9 0 0 2 6]]
Number of cells unfilled: 13
Accuracy: 83.9506172839506
Sample: 88474
Question:
[[0 2 8 0 6 0 0 7 0]
 [0 5 0 0 0 0 0 0 8]
 [0 3 0 0 0 2 0 0 0]
 [0 0 0 0 0 0 8 3 0]
 [0 0 2 4 3 0 0 0 5]
 [0 1 0 0 5 0 9 2 0]
 [5 0 0 0 0 0 0 0 7]
 [7 0 0 6 0 0 3 0 0]
 [0 0 0 0 1 0 0 9 0]]
Solution:
[[8 5 3 6 2 7 1 4 0]
 [0 1 6 9 4 0 2 7 3]
 [9 4 7 8 1 3 6 0 5]
 [6 0 0 3 7 8 5 9 2]
 [3 9 2 0 0 4 8 6 1]
 [1 8 0 5 6 2 4 3 7]
 [0 6 4 2 8 5 7 1 9]
 [7 2 9 1 0 6 3 8 4]
 [5 3 8 4 9 0 0 2 6]]
Number of cells unfilled: 13
Accuracy: 83.9506172839506
Sample: 88475
Question:
[[0 0 6 3 0 0 7 0 0]
 [0 0 0 0 4 8 0 6 0]
 [0 0 0 5 7 0 0 0 3]
 [0 6 0 0 0 0 0 3 9]
 [0 0 3 0 2 0 0 0 0]
 [0 8 4 1 0 0 0 0 0]
 [0 0 2 0 5 9 3 8 0]
 [0 4 0 0 0 0 0 0 5]
 [0 0 0 0 0 0 0 7 6]]
Solution:
[[8 5 3 6 0 2 9 4 1]
 [0 1 6 9 4 0 2 7 3]
 [9 4 7 8 1 3 6 0 5]
 [6 0 0 3 7 8 5 9 2]
 [3 9 2 0 0 4 8 6 0]
 [1 8 0 5 6 9 4 3 7]
 [0 6 4 2 8 5 7 1 9]
 [7 2 9 1 0 6 3 5 4]
 [5 3 8 4 9 7 0 2 6]]
Number of cells unfilled: 13
Accuracy: 83.9506172839506
Sample: 88476
Question:
[[5 7 0 0 0 3 0 0 4]
 [2 3 0 6 0 0 1 0 0]
 [0 0 9 8 0 0 0 0 0]
 [0 0 0 9 0 0 0 0 3]
 [0 0 5 0 0 0 0 0 0]
 [6 0 0 0 0 4 7 1 0]
 [0 0 0 4 0 0 0 0 7]
 [0 1 2 0 0 9 0 6 0]
 [0 5 0 0 0 6 0 0 0]]
Solution:
[[8 5 3 6 2 7 9 4 1]
 [7 1 6 9 4 0 2 8 3]
 [9 4 0 8 1 3 6 7 5]
 [6 0 0 3 7 8 5 9 2]
 [3 9 2 0 0 4 8 6 0]
 [1 8 0 5 6 2 4 3 7]
 [0 6 4 2 8 5 7 1 9]
 [0 2 9 1 0 6 3 5 4]
 [5 3 8 4 9 0 0 2 6]]
Number of cells unfilled: 13
Accuracy: 83.9506172839506
Sample: 88477
Question:
[[0 0 0 0 2 0 8 0 0]
 [0 0 0 6 5 0 4 0 0]
 [2 0 3 0 0 4 0 1 0]
 [0 0 0 0 0 6 0 0 7]
 [3 0 0 0 0 9 0 0 0]
 [0 0 4 2 0 0 0 5 1]
 [0 0 0 0 0 1 0 0 0]
 [8 9 0 0 0 0 1 0 0]
 [0 6 0 9 0 0 0 0 4]]
Solution:
[[8 5 3 6 0 0 1 4 0]
 [0 1 6 7 4 0 2 8 3]
 [9 4 7 8 2 3 6 0 5]
 [6 0 0 3 7 8 5 9 2]
 [3 9 2 0 1 4 8 6 0]
 [1 8 0 5 6 9 4 3 7]
 [0 6 4 2 8 5 7 1 9]
 [7 2 9 1 0 6 3 5 4]
 [5 3 8 4 9 7 0 2 6]]
Number of cells unfilled: 14
Accuracy: 82.71604938271605
Sample: 88478
Question:
[[0 0 0 0 0 0 0 7 0]
 [3 9 0 7 0 0 0 0 0]
 [0 0 2 0 8 0 9 0 5]
 [0 0 0 0 1 0 0 5 0]
 [5 0 0 6 0 8 0 0 1]
 [0 0 1 5 0 2 6 0 0]
 [0 0 8 0 6 0 0 0 2]
 [0 0 0 0 0 0 3 0 0]
 [6 0 0 0 0 4 0 9 0]]
Solution:
[[8 5 3 6 0 9 1 4 0]
 [0 1 6 7 4 0 2 0 3]
 [9 4 7 8 2 3 6 0 5]
 [6 0 0 3 7 8 5 9 1]
 [3 9 2 0 1 4 8 6 0]
 [1 8 0 5 6 2 4 3 7]
 [0 6 4 2 8 5 7 1 9]
 [7 2 9 1 0 6 3 8 4]
 [5 3 8 4 9 7 0 2 6]]
Number of cells unfilled: 14
Accuracy: 82.71604938271605
Sample: 88479
Question:
[[0 0 8 6 0 0 0 0 5]
 [3 0 0 0 4 0 0 0 0]
 [0 1 0 0 2 7 0 0 0]
 [6 0 0 0 0 0 0 0 3]
 [0 8 0 3 0 0 0 5 0]
 [0 0 3 0 0 0 9 8 0]
 [7 0 0 0 1 0 0 0 8]
 [0 2 0 0 0 0 5 4 0]
 [0 0 5 2 0 0 0 0 9]]
Solution:
[[8 5 3 6 0 0 1 4 0]
 [0 1 6 9 4 0 2 7 3]
 [9 4 7 8 2 3 6 0 5]
 [6 0 0 3 7 8 5 9 2]
 [3 9 2 0 1 4 8 6 0]
 [1 8 0 5 6 2 4 3 7]
 [0 6 4 2 8 5 7 1 9]
 [7 2 9 1 0 6 3 8 4]
 [5 3 8 4 9 7 0 2 6]]
Number of cells unfilled: 14
Accuracy: 82.71604938271605
Sample: 88480
Question:
[[0 1 0 0 0 0 0 0 0]
 [0 9 8 2 0 0 0 5 7]
 [3 0 0 6 4 5 0 8 0]
 [0 0 0 0 2 0 0 9 3]
 [0 7 0 8 1 0 4 0 0]
 [0 6 9 0 0 4 7 0 2]
 [0 0 5 0 7 0 3 0 6]
 [0 0 1 0 0 0 9 4 0]
 [0 8 2 0 9 0 0 0 0]]
Solution:
[[8 5 3 6 0 0 1 4 0]
 [0 1 6 9 4 0 2 7 3]
 [9 4 7 8 2 3 6 0 5]
 [6 0 0 3 7 8 5 9 1]
 [3 9 2 0 1 4 8 6 0]
 [1 8 0 5 6 9 4 3 7]
 [0 6 4 2 8 5 7 1 9]
 [7 2 9 1 0 6 3 8 4]
 [5 3 8 4 9 7 0 2 6]]
Number of cells unfilled: 14
Accuracy: 82.71604938271605
Sample: 88481
Question:
[[9 0 0 3 0 0 2 0 0]
 [3 0 0 9 0 0 4 0 0]
 [0 2 0 0 0 6 0 0 0]
 [0 0 3 0 6 0 0 0 0]
 [0 4 0 0 0 5 0 8 0]
 [0 0 0 0 0 3 0 5 0]
 [1 8 0 0 0 0 5 4 0]
 [0 0 2 4 0 0 1 0 3]
 [0 0 0 6 0 9 0 0 8]]
Solution:
[[8 5 3 6 0 9 1 4 0]
 [0 1 6 7 4 0 2 9 3]
 [9 4 7 8 2 3 6 0 5]
 [6 0 0 3 7 8 5 0 2]
 [3 9 2 0 1 4 8 6 0]
 [1 8 0 5 6 2 9 3 7]
 [0 6 4 2 8 5 7 1 9]
 [7 2 9 1 0 6 3 8 4]
 [5 3 8 4 9 7 0 2 6]]
Number of cells unfilled: 14
Accuracy: 82.71604938271605
Sample: 88482
Question:
[[0 0 0 0 7 0 5 0 4]
 [0 0 0 5 0 0 2 0 6]
 [2 0 0 0 6 0 0 9 0]
 [9 0 0 0 4 0 0 0 2]
 [0 0 8 0 0 7 0 0 0]
 [0 1 0 3 0 0 0 0 0]
 [0 3 0 0 0 0 0 0 9]
 [5 0 0 0 9 0 4 0 0]
 [1 0 9 0 0 8 0 0 0]]
Solution:
[[8 5 3 6 0 1 0 4 0]
 [0 1 6 9 4 0 2 8 3]
 [9 7 0 8 2 3 6 0 5]
 [6 4 0 3 7 8 5 0 2]
 [3 9 2 0 1 4 8 6 0]
 [1 8 0 5 6 2 9 3 7]
 [0 6 4 2 8 5 7 1 9]
 [7 2 9 1 0 6 3 5 4]
 [5 3 8 4 9 7 0 2 6]]
Number of cells unfilled: 15
Accuracy: 81.48148148148148
Sample: 88483
Question:
[[0 7 0 0 0 6 2 0 0]
 [0 0 2 8 0 0 0 0 9]
 [3 0 0 0 2 0 0 6 0]
 [0 0 9 7 0 0 0 0 4]
 [2 0 0 0 0 0 1 0 0]
 [0 4 0 0 1 3 0 0 0]
 [0 0 0 0 7 0 0 0 5]
 [0 0 5 0 0 4 9 0 0]
 [0 0 0 5 0 0 8 4 0]]
Solution:
[[8 5 3 6 0 9 1 4 0]
 [0 1 6 7 4 0 2 9 3]
 [9 4 7 8 2 3 6 0 5]
 [6 0 0 3 7 8 5 0 2]
 [3 9 2 0 1 4 8 6 0]
 [1 8 0 5 6 2 9 3 7]
 [0 6 4 2 8 5 7 1 9]
 [7 2 9 1 0 6 3 8 4]
 [5 3 8 4 9 7 0 2 6]]
Number of cells unfilled: 14
Accuracy: 82.71604938271605
Sample: 88484
Question:
[[0 0 0 0 1 3 0 0 0]
 [0 0 0 0 0 8 0 0 7]
 [0 0 8 5 0 0 0 3 0]
 [0 7 0 0 0 0 0 0 4]
 [6 8 0 0 0 0 2 0 0]
 [0 0 3 0 0 5 0 8 0]
 [2 0 0 3 0 0 6 0 0]
 [0 0 1 0 5 0 0 9 0]
 [0 4 0 9 0 0 0 0 0]]
Solution:
[[8 5 3 6 2 9 1 4 0]
 [0 1 6 7 4 0 2 8 3]
 [9 4 7 8 1 3 6 0 5]
 [6 0 0 3 7 8 5 0 1]
 [3 9 2 0 0 4 8 6 0]
 [1 8 0 5 6 2 9 3 7]
 [0 6 4 2 8 5 7 1 9]
 [7 2 9 1 0 6 3 5 4]
 [5 3 8 4 9 7 0 2 6]]
Number of cells unfilled: 14
Accuracy: 82.71604938271605
Sample: 88485
Question:
[[0 0 0 3 0 0 0 0 2]
 [0 0 2 6 5 0 0 0 0]
 [0 8 0 0 0 2 0 5 0]
 [9 0 0 0 0 0 4 0 0]
 [0 1 0 0 0 0 0 7 0]
 [0 0 5 0 0 6 0 0 8]
 [0 7 0 2 0 0 0 1 0]
 [0 0 6 0 0 5 0 0 3]
 [4 0 0 9 0 0 0 0 0]]
Solution:
[[8 5 3 6 2 7 9 4 1]
 [7 1 6 9 4 0 2 8 3]
 [9 4 0 8 1 3 6 7 5]
 [6 0 0 3 7 8 5 9 2]
 [3 9 2 0 0 4 8 6 0]
 [1 8 0 5 6 2 4 3 7]
 [0 6 4 2 8 5 7 1 9]
 [0 2 9 1 0 6 3 5 4]
 [5 3 8 4 9 0 0 2 6]]
Number of cells unfilled: 13
Accuracy: 83.9506172839506
Sample: 88486
Question:
[[7 6 0 9 0 0 0 1 5]
 [0 5 0 0 7 0 6 0 4]
 [0 0 0 0 0 0 0 0 0]
 [0 0 0 0 0 7 0 0 0]
 [5 4 8 2 0 0 0 0 0]
 [0 1 0 8 5 0 0 0 9]
 [4 0 3 6 0 0 0 0 0]
 [6 0 0 5 0 0 0 4 7]
 [0 0 0 0 0 9 1 0 0]]
Solution:
[[8 5 3 6 0 9 1 4 0]
 [0 1 6 7 4 0 2 0 3]
 [9 4 7 8 2 3 6 0 5]
 [6 0 0 3 7 8 5 9 2]
 [3 9 2 0 1 4 8 6 0]
 [1 8 0 5 6 2 4 3 7]
 [0 6 4 2 8 5 7 1 9]
 [7 2 9 1 0 6 3 8 4]
 [5 3 8 4 9 7 0 2 6]]
Number of cells unfilled: 14
Accuracy: 82.71604938271605
Sample: 88487
Question:
[[0 0 7 8 2 0 9 5 0]
 [0 0 0 5 0 0 0 6 8]
 [0 6 0 0 1 4 3 0 0]
 [0 0 0 3 0 9 7 0 0]
 [7 0 0 0 0 0 0 9 5]
 [0 0 0 0 6 0 1 8 0]
 [4 0 0 2 0 8 0 0 0]
 [5 0 1 0 0 7 2 0 4]
 [0 9 3 1 0 0 0 0 6]]
Solution:
[[8 5 3 6 0 9 1 4 0]
 [0 1 6 7 4 0 2 9 3]
 [9 4 7 8 2 3 6 0 5]
 [6 0 0 3 7 8 5 0 1]
 [3 9 2 0 1 4 8 6 0]
 [1 8 0 5 6 2 9 3 7]
 [0 6 4 2 8 5 7 1 9]
 [7 2 9 1 0 6 3 8 4]
 [5 3 8 4 9 7 0 2 6]]
Number of cells unfilled: 14
Accuracy: 82.71604938271605
Sample: 88488
Question:
[[0 0 9 0 3 4 5 0 2]
 [0 0 0 6 0 0 0 0 0]
 [0 7 0 0 2 0 0 0 0]
 [4 8 0 5 0 0 0 1 0]
 [0 0 1 0 0 0 4 0 0]
 [3 0 0 0 0 0 9 7 0]
 [0 0 0 3 0 0 0 0 0]
 [0 0 3 0 6 7 0 8 0]
 [0 0 0 9 1 0 7 0 0]]
Solution:
[[8 5 3 6 0 9 1 4 0]
 [0 1 6 7 4 0 2 9 3]
 [9 4 7 8 2 3 6 0 5]
 [6 0 0 3 7 8 5 0 1]
 [3 9 2 0 1 4 8 6 0]
 [1 8 0 5 6 2 9 3 7]
 [0 6 4 2 8 5 7 1 9]
 [7 2 9 1 0 6 3 5 4]
 [5 3 8 4 9 7 0 2 6]]
Number of cells unfilled: 14
Accuracy: 82.71604938271605
Sample: 88489
Question:
[[0 9 0 0 8 0 6 0 0]
 [0 0 0 0 0 3 0 0 0]
 [8 0 0 2 0 0 0 0 1]
 [4 6 0 3 0 0 0 0 0]
 [0 0 8 0 9 0 4 0 0]
 [9 0 0 0 0 0 0 7 0]
 [0 0 0 1 0 0 0 0 7]
 [6 0 0 0 4 0 8 0 0]
 [0 0 5 0 0 2 0 0 0]]
Solution:
[[8 5 3 6 0 0 1 4 0]
 [7 1 6 9 4 0 2 8 3]
 [9 4 0 8 2 3 6 7 5]
 [6 0 0 3 7 8 5 9 2]
 [3 9 2 0 1 4 8 6 0]
 [1 8 0 5 6 2 4 3 7]
 [0 6 4 2 8 5 7 1 9]
 [0 2 9 1 0 6 3 5 4]
 [5 3 8 4 9 7 0 2 6]]
Number of cells unfilled: 14
Accuracy: 82.71604938271605
Sample: 88490
Question:
[[0 0 0 0 6 0 0 0 2]
 [0 0 2 0 7 0 1 0 6]
 [8 0 6 0 9 0 0 0 0]
 [0 0 0 0 0 2 0 0 8]
 [0 1 0 9 0 0 3 0 4]
 [0 3 0 0 0 0 0 7 0]
 [9 2 0 3 0 7 5 0 0]
 [0 0 7 0 0 0 0 0 0]
 [3 0 0 0 0 0 2 0 0]]
Solution:
[[8 5 3 6 0 1 0 4 0]
 [7 1 6 9 4 0 2 0 3]
 [9 4 0 8 2 3 6 7 5]
 [6 0 0 3 7 8 5 0 1]
 [3 9 2 0 1 4 8 6 0]
 [1 8 0 5 6 2 9 3 7]
 [0 6 4 2 8 5 7 1 9]
 [0 2 9 1 0 6 3 8 4]
 [5 3 8 4 9 7 0 2 6]]
Number of cells unfilled: 16
Accuracy: 80.24691358024691
Sample: 88491
Question:
[[0 0 0 4 9 0 0 8 0]
 [0 0 8 0 0 2 0 0 0]
 [9 0 0 0 3 0 2 0 7]
 [7 0 0 0 0 3 0 2 0]
 [0 3 0 0 1 0 7 0 9]
 [0 0 1 0 0 0 0 0 0]
 [4 0 0 0 0 9 0 7 0]
 [0 6 0 0 0 0 5 0 0]
 [0 0 7 5 0 0 0 0 6]]
Solution:
[[8 5 3 6 0 2 9 4 1]
 [0 1 6 9 4 0 2 8 3]
 [9 4 7 8 1 3 6 0 5]
 [6 0 0 3 7 8 5 9 2]
 [3 9 2 0 0 4 8 6 0]
 [1 8 0 5 6 9 4 3 7]
 [0 6 4 2 8 5 7 1 9]
 [7 2 9 1 0 6 3 5 4]
 [5 3 8 4 9 7 0 2 6]]
Number of cells unfilled: 13
Accuracy: 83.9506172839506
Sample: 88492
Question:
[[9 7 0 0 0 3 5 0 0]
 [0 0 0 0 7 0 4 0 6]
 [0 0 0 0 0 0 1 0 0]
 [0 6 9 0 0 0 2 0 0]
 [0 0 0 0 8 0 0 0 0]
 [0 0 3 4 6 0 7 0 0]
 [2 0 0 0 0 7 6 3 0]
 [0 0 7 3 0 5 0 0 0]
 [0 9 0 0 0 0 0 0 0]]
Solution:
[[8 5 3 6 0 2 1 4 0]
 [7 1 6 9 4 0 2 8 3]
 [9 4 0 8 0 3 6 7 5]
 [6 0 0 3 7 8 5 9 2]
 [3 9 2 0 1 4 8 6 0]
 [1 8 0 5 6 9 4 3 7]
 [0 6 4 2 8 5 7 1 9]
 [0 2 9 1 0 6 3 5 4]
 [5 3 8 4 9 7 0 2 6]]
Number of cells unfilled: 14
Accuracy: 82.71604938271605
Sample: 88493
Question:
[[0 1 0 0 2 0 0 6 0]
 [0 0 0 4 0 0 0 9 0]
 [0 0 5 0 1 0 8 0 0]
 [8 0 0 0 5 0 2 0 0]
 [0 0 7 3 0 0 4 0 0]
 [6 0 0 0 0 2 0 0 9]
 [7 0 0 8 4 0 0 0 0]
 [0 0 6 0 0 9 0 0 5]
 [0 0 3 0 7 0 0 0 0]]
Solution:
[[8 5 3 6 0 7 1 4 0]
 [0 1 6 9 4 0 2 7 3]
 [9 4 7 8 2 3 6 0 5]
 [6 0 0 3 7 8 5 0 1]
 [3 9 2 0 1 4 8 6 0]
 [1 8 0 5 6 2 9 3 7]
 [0 6 4 2 8 5 7 1 9]
 [7 2 9 1 0 6 3 8 4]
 [5 3 8 4 9 0 0 2 6]]
Number of cells unfilled: 15
Accuracy: 81.48148148148148
Sample: 88494
Question:
[[0 0 8 0 4 0 6 0 0]
 [0 9 0 0 0 6 1 0 8]
 [0 7 0 0 0 0 0 4 0]
 [0 0 0 0 0 0 0 0 2]
 [0 0 7 0 0 4 0 6 0]
 [0 0 0 9 0 0 3 0 0]
 [0 8 1 3 5 0 0 0 0]
 [2 5 0 0 0 0 0 0 0]
 [0 0 9 0 0 8 0 1 0]]
Solution:
[[8 5 3 6 0 0 1 4 0]
 [0 1 6 7 4 0 2 8 3]
 [9 4 7 8 2 3 6 0 5]
 [6 0 0 3 7 8 5 9 2]
 [3 9 2 0 1 4 8 6 0]
 [1 8 0 5 6 9 4 3 7]
 [0 6 4 2 8 5 7 1 9]
 [7 2 9 1 0 6 3 5 4]
 [5 3 8 4 9 7 0 2 6]]
Number of cells unfilled: 14
Accuracy: 82.71604938271605
Sample: 88495
Question:
[[8 0 3 4 0 0 1 0 0]
 [0 2 0 0 3 0 0 8 0]
 [6 0 0 0 0 9 0 0 3]
 [5 0 0 0 0 0 9 0 7]
 [0 0 2 0 5 0 0 4 0]
 [0 6 0 0 0 0 0 0 0]
 [2 0 0 0 6 0 0 3 0]
 [0 0 6 0 0 0 7 0 0]
 [0 4 0 1 0 0 0 0 5]]
Solution:
[[8 5 3 6 2 0 9 4 1]
 [0 1 6 7 4 9 2 8 3]
 [9 4 7 8 1 3 6 0 5]
 [6 0 0 3 7 8 5 9 2]
 [3 9 2 0 0 4 8 6 0]
 [1 8 0 5 6 2 4 3 7]
 [0 6 4 2 8 5 7 1 9]
 [7 2 9 1 0 6 3 5 4]
 [5 3 8 4 9 7 0 2 6]]
Number of cells unfilled: 12
Accuracy: 85.18518518518519
Sample: 88496
Question:
[[0 3 0 0 8 5 0 0 1]
 [9 0 0 0 0 0 0 5 0]
 [0 0 0 0 0 0 3 0 8]
 [0 0 0 9 1 3 0 0 0]
 [0 0 6 0 0 0 0 0 0]
 [0 0 0 2 0 0 4 7 0]
 [4 0 0 0 7 0 1 0 0]
 [7 0 5 0 0 0 9 0 0]
 [8 0 0 0 2 0 6 4 0]]
Solution:
[[8 5 3 6 0 1 9 4 0]
 [7 1 6 9 4 0 2 8 3]
 [9 4 0 8 2 3 6 7 5]
 [6 0 0 3 7 8 5 9 2]
 [3 9 2 0 1 4 8 6 0]
 [1 8 0 5 6 9 4 3 7]
 [0 6 4 2 8 5 7 1 9]
 [0 2 9 1 0 6 3 5 4]
 [5 3 8 4 9 7 0 2 6]]
Number of cells unfilled: 13
Accuracy: 83.9506172839506
Sample: 88497
Question:
[[0 7 0 0 0 0 0 0 0]
 [6 0 0 0 0 8 0 5 0]
 [0 0 0 1 0 0 4 0 0]
 [0 0 7 0 0 5 0 6 0]
 [5 6 0 0 0 0 0 0 2]
 [8 0 0 0 9 0 0 0 0]
 [0 8 0 0 0 3 0 7 0]
 [0 0 0 0 1 0 9 0 0]
 [0 0 3 0 2 0 0 0 4]]
Solution:
[[8 5 3 6 2 1 9 4 0]
 [7 1 6 9 4 0 2 8 3]
 [9 4 0 8 0 3 6 7 5]
 [6 0 0 3 7 8 5 9 2]
 [3 9 2 0 1 4 8 6 0]
 [1 8 0 5 6 2 4 3 7]
 [0 6 4 2 8 5 7 1 9]
 [0 2 9 1 0 6 3 5 4]
 [5 3 8 4 9 7 0 2 6]]
Number of cells unfilled: 13
Accuracy: 83.9506172839506
Sample: 88498
Question:
[[8 0 0 9 0 0 0 0 0]
 [0 0 5 0 8 0 0 0 6]
 [9 1 0 0 0 0 2 0 0]
 [2 0 0 4 0 0 0 0 0]
 [0 4 0 0 0 0 0 1 0]
 [0 0 3 0 6 0 0 0 7]
 [0 0 8 0 0 3 5 7 0]
 [0 0 0 0 7 0 8 6 0]
 [0 0 0 0 0 0 0 0 3]]
Solution:
[[8 5 3 6 0 2 9 4 1]
 [0 1 6 9 4 0 2 7 3]
 [9 4 7 8 0 3 6 0 5]
 [6 0 0 3 7 8 5 9 2]
 [3 9 2 0 1 4 8 6 0]
 [1 8 0 5 6 9 4 3 7]
 [0 6 4 2 8 5 7 1 9]
 [7 2 9 1 0 6 3 8 4]
 [5 3 8 4 9 7 0 2 6]]
Number of cells unfilled: 13
Accuracy: 83.9506172839506
Sample: 88499
Question:
[[0 6 0 0 0 0 0 3 0]
 [8 0 0 0 0 5 0 0 9]
 [0 0 7 4 0 0 0 0 0]
 [5 0 0 0 4 0 0 0 1]
 [0 1 0 5 0 8 2 0 0]
 [0 0 0 9 0 1 0 0 0]
 [0 2 0 0 0 0 6 0 0]
 [0 0 3 0 0 0 0 7 0]
 [1 0 0 8 0 0 0 0 4]]
Solution:
[[8 5 3 6 2 7 1 4 0]
 [0 1 6 9 4 0 2 7 3]
 [9 4 7 8 1 3 6 0 5]
 [6 0 0 3 7 8 5 9 2]
 [3 9 2 0 0 4 8 6 1]
 [1 8 0 5 6 9 4 3 7]
 [0 6 4 2 8 5 7 1 9]
 [7 2 9 1 0 6 3 8 4]
 [5 3 8 4 9 0 0 2 6]]
Number of cells unfilled: 13
Accuracy: 83.9506172839506
Sample: 88500
Question:
[[0 0 3 0 0 0 0 4 0]
 [0 1 0 0 0 0 2 0 0]
 [9 0 0 8 0 0 0 0 5]
 [6 0 0 0 7 8 0 0 0]
 [0 0 0 0 0 4 0 0 0]
 [0 0 0 5 6 0 0 0 7]
 [0 0 4 0 0 0 0 1 0]
 [0 2 0 0 0 0 3 0 0]
 [5 0 0 0 9 0 0 0 6]]
Solution:
[[8 5 3 6 0 9 1 4 0]
 [0 1 6 7 4 0 2 9 3]
 [9 4 7 8 2 3 6 0 5]
 [6 0 0 3 7 8 5 0 1]
 [3 9 2 0 1 4 8 6 0]
 [1 8 0 5 6 2 4 3 7]
 [0 6 4 2 8 5 7 1 9]
 [7 2 9 1 0 6 3 8 4]
 [5 3 8 4 9 7 0 2 6]]
Number of cells unfilled: 14
Accuracy: 82.71604938271605
