2025-10-22 16:59:31.687093: I tensorflow/core/util/port.cc:153] oneDNN custom operations are on. You may see slightly different numerical results due to floating-point round-off errors from different computation orders. To turn them off, set the environment variable `TF_ENABLE_ONEDNN_OPTS=0`.
2025-10-22 16:59:31.782457: I tensorflow/core/platform/cpu_feature_guard.cc:210] This TensorFlow binary is optimized to use available CPU instructions in performance-critical operations.
To enable the following instructions: AVX2 AVX512F AVX512_VNNI FMA, in other operations, rebuild TensorFlow with the appropriate compiler flags.
2025-10-22 16:59:38.215375: I tensorflow/core/util/port.cc:153] oneDNN custom operations are on. You may see slightly different numerical results due to floating-point round-off errors from different computation orders. To turn them off, set the environment variable `TF_ENABLE_ONEDNN_OPTS=0`.
2025-10-22 16:59:45.874399: E external/local_xla/xla/stream_executor/cuda/cuda_platform.cc:51] failed call to cuInit: INTERNAL: CUDA error: Failed call to cuInit: UNKNOWN ERROR (303)
Sample: 92101
Question:
[[0 8 7 0 0 0 6 0 0]
 [0 9 0 4 0 0 0 0 0]
 [2 0 0 0 7 0 0 9 0]
 [0 0 0 0 0 4 0 0 3]
 [0 1 0 0 9 0 0 7 0]
 [0 0 0 5 0 0 0 0 6]
 [0 2 0 0 0 3 0 0 0]
 [0 0 8 0 1 0 0 2 9]
 [1 0 0 0 4 0 0 0 5]]
Solution:
[[3 1 8 6 5 9 0 4 7]
 [4 7 0 1 0 2 3 6 8]
 [6 0 0 7 0 4 1 9 2]
 [7 6 0 5 8 1 2 3 9]
 [9 3 0 2 4 6 7 8 5]
 [1 2 5 3 9 7 4 0 6]
 [0 0 9 4 2 0 5 7 1]
 [2 5 7 9 3 8 6 0 4]
 [0 8 4 0 1 5 9 2 3]]
Number of cells unfilled: 15
Accuracy: 81.48148148148148
Sample: 92102
Question:
[[0 0 9 7 0 0 0 0 5]
 [0 7 0 0 0 3 9 0 2]
 [4 0 0 0 0 0 0 7 0]
 [3 0 0 0 0 6 0 0 1]
 [0 0 0 0 0 0 8 0 0]
 [0 9 0 5 0 0 0 2 0]
 [0 5 0 2 0 0 0 3 0]
 [8 0 6 0 4 0 0 0 0]
 [0 0 0 0 0 1 0 0 0]]
Solution:
[[3 1 8 6 5 9 0 4 7]
 [4 9 0 1 0 2 3 6 8]
 [6 0 0 7 0 4 1 9 2]
 [7 6 0 5 8 1 2 3 9]
 [9 3 0 2 4 6 7 8 5]
 [1 2 5 3 9 7 4 0 6]
 [0 0 9 4 2 0 5 7 1]
 [2 5 7 9 3 8 6 0 4]
 [0 8 4 0 1 5 9 2 3]]
Number of cells unfilled: 15
Accuracy: 81.48148148148148
Sample: 92103
Question:
[[0 0 0 0 8 0 0 1 0]
 [0 3 0 0 0 6 4 0 0]
 [0 0 0 2 0 0 0 0 0]
 [4 0 0 9 0 0 0 8 0]
 [0 0 7 0 0 4 5 0 0]
 [0 0 0 0 1 0 0 0 0]
 [0 4 3 0 0 7 0 0 0]
 [0 7 0 0 0 0 0 2 0]
 [0 5 6 0 0 0 3 0 0]]
Solution:
[[3 1 8 6 5 9 0 4 7]
 [4 7 0 1 0 2 3 6 8]
 [6 9 0 7 0 4 1 5 2]
 [7 6 0 5 8 1 2 3 9]
 [9 3 0 2 4 6 7 8 5]
 [1 2 5 3 9 7 4 0 6]
 [0 0 9 4 2 0 5 7 1]
 [2 5 7 9 3 8 6 0 4]
 [0 8 4 0 1 5 9 2 3]]
Number of cells unfilled: 14
Accuracy: 82.71604938271605
Sample: 92104
Question:
[[0 0 7 0 0 2 0 6 8]
 [0 0 0 0 0 7 9 4 0]
 [2 8 9 0 0 0 0 7 0]
 [0 0 0 0 0 0 0 0 0]
 [0 5 2 0 3 0 0 0 0]
 [4 0 0 5 0 6 0 0 0]
 [7 0 0 2 0 0 0 8 0]
 [0 0 5 7 0 8 1 0 0]
 [9 0 0 4 0 0 0 0 0]]
Solution:
[[3 1 8 6 5 9 0 4 7]
 [4 7 0 8 0 2 3 9 0]
 [6 9 0 7 0 4 8 1 2]
 [7 6 0 5 8 1 2 3 9]
 [9 3 0 2 4 6 7 8 5]
 [1 2 5 3 9 7 4 0 6]
 [0 0 9 4 2 0 5 7 1]
 [2 5 7 9 3 8 6 0 4]
 [0 8 4 0 1 5 9 2 3]]
Number of cells unfilled: 15
Accuracy: 81.48148148148148
Sample: 92105
Question:
[[0 0 0 0 1 0 0 0 2]
 [5 0 0 0 0 7 0 8 0]
 [0 3 0 8 0 0 4 0 0]
 [0 0 3 0 0 8 0 6 0]
 [8 5 0 0 0 0 2 0 0]
 [6 7 0 0 9 0 0 0 0]
 [0 6 0 0 0 5 0 3 0]
 [0 0 0 9 0 0 1 0 0]
 [3 0 0 7 4 0 0 2 0]]
Solution:
[[3 1 8 6 5 9 0 4 7]
 [4 7 0 8 0 2 3 9 0]
 [6 9 0 7 0 4 1 5 2]
 [7 6 0 5 8 1 2 3 9]
 [9 3 0 2 4 6 7 8 5]
 [1 2 5 3 9 7 4 0 6]
 [0 0 9 4 2 0 5 7 1]
 [2 5 7 9 3 8 6 0 4]
 [0 8 4 0 1 5 9 2 3]]
Number of cells unfilled: 15
Accuracy: 81.48148148148148
Sample: 92106
Question:
[[0 0 0 0 0 0 5 0 0]
 [0 0 5 0 7 0 0 9 8]
 [0 8 0 0 0 0 0 7 3]
 [0 7 0 0 5 0 8 0 0]
 [4 0 0 1 0 0 0 2 0]
 [0 0 1 2 0 0 0 0 0]
 [0 0 0 0 0 4 0 8 6]
 [0 3 0 0 9 0 7 0 0]
 [6 0 0 7 0 0 0 0 0]]
Solution:
[[3 1 8 6 5 9 0 4 7]
 [4 7 0 8 0 2 3 9 0]
 [6 9 0 7 0 4 1 5 2]
 [7 6 0 5 8 1 2 3 9]
 [9 3 0 2 4 6 7 8 5]
 [1 2 5 3 9 7 4 0 6]
 [0 0 9 4 2 0 5 7 1]
 [2 5 7 9 3 8 6 0 4]
 [0 8 4 0 1 5 9 2 3]]
Number of cells unfilled: 15
Accuracy: 81.48148148148148
Sample: 92107
Question:
[[0 0 0 9 2 0 7 0 5]
 [0 9 0 0 0 1 0 6 0]
 [0 0 3 0 0 0 9 0 1]
 [0 8 4 0 0 0 0 0 0]
 [0 7 0 0 0 5 0 0 9]
 [3 0 0 8 0 0 0 0 0]
 [4 0 7 2 0 0 0 0 6]
 [0 6 0 0 0 7 1 0 0]
 [0 0 8 0 0 0 0 0 0]]
Solution:
[[3 1 8 6 5 9 0 4 7]
 [4 7 0 1 0 2 3 6 8]
 [6 9 0 7 0 4 1 5 2]
 [7 6 0 5 8 1 2 3 9]
 [9 3 0 2 4 6 7 8 5]
 [1 2 5 3 9 7 4 0 6]
 [0 0 9 4 2 0 5 7 1]
 [2 5 7 9 3 8 6 0 4]
 [0 8 4 0 1 5 9 2 3]]
Number of cells unfilled: 14
Accuracy: 82.71604938271605
Sample: 92108
Question:
[[0 0 0 5 9 0 0 1 0]
 [0 6 0 7 3 0 0 0 0]
 [0 0 5 0 0 8 3 0 7]
 [0 0 9 0 0 0 0 2 0]
 [4 0 6 0 0 0 0 0 0]
 [0 0 8 0 5 0 9 0 3]
 [0 0 0 0 8 0 1 0 0]
 [0 0 7 3 0 0 8 0 9]
 [0 0 0 0 0 0 0 3 2]]
Solution:
[[3 1 8 6 5 9 0 4 7]
 [4 7 0 8 0 2 3 9 0]
 [6 9 0 7 0 4 1 5 2]
 [7 6 0 5 8 1 2 3 9]
 [9 3 0 2 4 6 7 8 5]
 [1 2 5 3 9 7 4 0 6]
 [0 0 9 4 2 0 5 7 1]
 [2 5 7 9 3 8 6 0 4]
 [0 8 4 0 1 5 9 2 3]]
Number of cells unfilled: 15
Accuracy: 81.48148148148148
Sample: 92109
Question:
[[8 4 0 5 0 0 0 1 0]
 [0 0 1 0 0 9 0 0 0]
 [0 3 0 0 0 7 4 6 0]
 [2 0 8 0 1 4 0 0 7]
 [0 9 0 0 0 8 2 4 6]
 [0 5 0 7 0 6 9 0 0]
 [0 0 6 0 0 0 3 0 5]
 [0 0 3 0 0 0 1 2 0]
 [0 0 9 0 3 2 0 7 8]]
Solution:
[[3 1 8 6 5 9 0 4 7]
 [4 9 0 1 0 2 3 6 8]
 [6 0 0 7 0 4 1 5 2]
 [7 6 0 5 8 1 2 3 9]
 [9 3 0 2 4 6 7 8 5]
 [1 2 5 3 9 7 4 0 6]
 [0 0 9 4 2 0 5 7 1]
 [2 5 7 9 3 8 6 0 4]
 [0 8 4 0 1 5 9 2 3]]
Number of cells unfilled: 15
Accuracy: 81.48148148148148
Sample: 92110
Question:
[[5 1 0 0 4 0 0 7 0]
 [8 0 2 6 0 0 0 0 0]
 [7 0 0 0 0 2 3 0 9]
 [0 0 4 2 0 0 1 0 7]
 [1 0 3 0 8 0 0 5 6]
 [0 0 7 3 9 0 8 0 0]
 [3 0 0 0 0 6 0 0 0]
 [0 0 0 7 0 0 2 9 1]
 [0 0 0 0 1 4 5 0 0]]
Solution:
[[3 1 8 6 5 9 0 4 7]
 [4 9 0 1 0 2 3 5 8]
 [6 0 0 7 0 4 1 9 2]
 [7 6 0 5 8 1 2 3 9]
 [9 3 0 2 4 6 7 8 5]
 [1 2 5 3 9 7 4 0 6]
 [0 0 9 4 2 0 5 7 1]
 [2 5 7 9 3 8 6 0 4]
 [0 8 4 0 1 5 9 2 3]]
Number of cells unfilled: 15
Accuracy: 81.48148148148148
Sample: 92111
Question:
[[0 0 0 0 0 0 7 0 5]
 [0 1 0 0 0 4 0 8 0]
 [7 4 0 2 0 0 0 0 0]
 [0 2 0 9 0 0 4 0 6]
 [0 0 0 7 0 0 0 0 0]
 [0 0 0 3 4 0 9 0 0]
 [0 0 9 0 0 0 0 5 4]
 [1 0 2 0 0 0 0 0 0]
 [3 6 0 0 0 9 8 1 0]]
Solution:
[[3 1 8 6 5 9 0 4 7]
 [4 7 0 8 0 2 3 6 0]
 [6 9 0 7 0 4 8 5 2]
 [7 6 0 5 8 1 2 3 9]
 [9 3 0 2 4 6 7 8 5]
 [1 2 5 3 9 7 4 0 6]
 [0 0 9 4 2 0 5 7 1]
 [2 5 7 9 3 8 6 0 4]
 [0 8 4 0 1 5 9 2 3]]
Number of cells unfilled: 15
Accuracy: 81.48148148148148
Sample: 92112
Question:
[[0 0 0 0 0 0 2 9 0]
 [4 0 0 3 0 0 0 1 0]
 [0 0 0 0 0 0 0 0 0]
 [0 0 5 0 0 1 7 0 9]
 [0 0 1 0 6 0 3 0 0]
 [3 0 0 0 0 7 0 0 8]
 [6 7 9 0 0 8 0 0 0]
 [0 0 2 9 0 0 0 8 0]
 [8 0 0 1 0 0 0 0 6]]
Solution:
[[3 1 8 6 5 9 0 4 7]
 [4 9 0 8 0 2 3 5 0]
 [6 0 0 7 0 4 8 9 2]
 [7 6 0 5 8 1 2 3 9]
 [9 3 0 2 4 6 7 8 5]
 [1 2 5 3 9 7 4 0 6]
 [0 0 9 4 2 0 5 7 1]
 [2 5 7 9 3 8 6 0 4]
 [0 8 4 0 1 5 9 2 3]]
Number of cells unfilled: 16
Accuracy: 80.24691358024691
Sample: 92113
Question:
[[4 0 0 0 8 0 1 0 0]
 [0 6 0 0 0 0 0 0 8]
 [0 0 5 0 0 7 0 0 0]
 [0 5 0 0 0 0 4 0 0]
 [0 0 0 2 0 0 9 0 0]
 [9 0 0 0 4 0 0 8 0]
 [0 0 0 0 7 2 0 1 0]
 [7 0 0 0 1 0 0 0 9]
 [0 1 0 0 0 6 7 3 0]]
Solution:
[[3 1 8 6 5 9 0 4 7]
 [4 7 0 8 0 2 3 9 0]
 [6 9 0 7 0 4 1 5 2]
 [7 6 0 5 8 1 2 3 9]
 [9 3 0 2 4 6 7 8 5]
 [1 2 5 3 9 7 4 0 6]
 [0 0 9 4 2 0 5 7 1]
 [2 5 7 9 3 8 6 0 4]
 [0 8 4 0 1 5 9 2 3]]
Number of cells unfilled: 15
Accuracy: 81.48148148148148
Sample: 92114
Question:
[[3 0 0 6 0 4 0 8 0]
 [0 0 0 0 3 0 0 0 6]
 [0 1 0 0 0 0 3 0 0]
 [9 0 0 4 0 0 0 6 0]
 [4 0 0 0 0 5 0 9 0]
 [0 0 5 0 0 0 0 0 7]
 [0 0 0 2 0 6 0 0 4]
 [0 0 0 0 0 8 0 2 0]
 [2 0 0 0 4 9 6 0 8]]
Solution:
[[3 1 8 6 5 9 0 4 7]
 [4 7 0 1 0 2 3 6 8]
 [6 9 0 7 0 4 1 5 2]
 [7 6 0 5 8 1 2 3 9]
 [9 3 0 2 4 6 7 8 5]
 [1 2 5 3 9 7 4 0 6]
 [0 0 9 4 2 0 5 7 1]
 [2 5 7 9 3 8 6 0 4]
 [0 8 4 0 1 5 9 2 3]]
Number of cells unfilled: 14
Accuracy: 82.71604938271605
Sample: 92115
Question:
[[4 0 0 2 0 0 8 0 0]
 [8 6 0 0 3 0 0 0 0]
 [0 0 2 0 0 0 0 0 3]
 [7 0 0 0 0 1 0 8 0]
 [0 0 0 0 0 0 0 5 7]
 [0 0 6 0 8 0 3 0 0]
 [0 0 4 0 6 0 2 0 0]
 [0 0 0 0 0 0 0 9 0]
 [0 5 0 0 0 9 0 0 1]]
Solution:
[[3 1 8 6 5 9 0 4 7]
 [4 7 0 8 0 2 3 5 0]
 [6 9 0 7 0 4 8 1 2]
 [7 6 0 5 8 1 2 3 9]
 [9 3 0 2 4 6 7 8 5]
 [1 2 5 3 9 7 4 0 6]
 [0 0 9 4 2 0 5 7 1]
 [2 5 7 9 3 8 6 0 4]
 [0 8 4 0 1 5 9 2 3]]
Number of cells unfilled: 15
Accuracy: 81.48148148148148
Sample: 92116
Question:
[[7 0 0 0 9 0 0 3 0]
 [0 0 0 7 0 0 0 0 4]
 [0 1 0 2 0 3 0 0 0]
 [0 0 4 9 0 0 5 0 0]
 [0 0 1 0 6 0 0 0 8]
 [6 0 0 0 0 2 0 9 0]
 [2 0 0 6 0 0 0 7 0]
 [0 8 0 0 0 0 0 0 5]
 [0 0 0 0 0 9 0 0 0]]
Solution:
[[3 1 8 6 5 9 0 4 7]
 [4 9 0 8 0 2 3 1 0]
 [6 0 0 7 0 4 8 9 2]
 [7 6 0 5 8 1 2 3 9]
 [9 3 0 2 4 6 7 8 5]
 [1 2 5 3 9 7 4 0 6]
 [0 0 9 4 2 0 5 7 1]
 [2 5 7 9 3 8 6 0 4]
 [0 8 4 0 1 5 9 2 3]]
Number of cells unfilled: 16
Accuracy: 80.24691358024691
Sample: 92117
Question:
[[0 0 0 0 8 2 0 0 0]
 [9 0 4 0 0 0 0 0 0]
 [0 8 0 0 0 7 0 0 3]
 [0 3 0 5 0 4 0 8 0]
 [0 1 0 0 9 0 0 0 0]
 [8 0 0 3 0 0 5 0 0]
 [0 0 2 0 0 0 0 0 7]
 [7 0 0 0 0 0 3 4 8]
 [0 0 0 6 0 5 1 0 0]]
Solution:
[[3 1 8 6 5 9 0 4 7]
 [4 9 0 1 0 2 3 6 8]
 [6 0 0 7 0 4 1 5 2]
 [7 6 0 5 8 1 2 3 9]
 [9 3 0 2 4 6 7 8 5]
 [1 2 5 3 9 7 4 0 6]
 [0 0 9 4 2 0 5 7 1]
 [2 5 7 9 3 8 6 0 4]
 [0 8 4 0 1 5 9 2 3]]
Number of cells unfilled: 15
Accuracy: 81.48148148148148
Sample: 92118
Question:
[[0 5 9 0 2 3 0 8 0]
 [0 0 6 9 0 0 0 0 0]
 [0 0 7 0 0 1 0 0 6]
 [0 8 0 1 6 0 2 0 9]
 [0 0 0 4 9 0 0 0 0]
 [0 0 0 0 0 0 5 6 0]
 [7 0 0 8 1 9 0 0 0]
 [5 1 0 0 0 0 9 0 0]
 [6 0 0 0 0 0 0 7 0]]
Solution:
[[3 1 8 6 5 9 0 4 7]
 [4 7 0 8 0 2 3 9 0]
 [6 9 0 7 0 4 1 5 2]
 [7 6 0 5 8 1 2 3 9]
 [9 3 0 2 4 6 7 8 5]
 [1 2 5 3 9 7 4 0 6]
 [0 0 9 4 2 0 5 7 1]
 [2 5 7 9 3 8 6 0 4]
 [0 8 4 0 1 5 9 2 3]]
Number of cells unfilled: 15
Accuracy: 81.48148148148148
Sample: 92119
Question:
[[1 0 0 8 0 0 0 0 0]
 [0 8 0 0 0 9 0 0 0]
 [0 0 6 0 3 0 0 0 5]
 [0 0 4 3 0 0 6 5 0]
 [7 0 0 0 0 0 0 0 4]
 [0 6 0 0 4 0 2 0 0]
 [0 4 0 0 0 0 0 9 0]
 [0 0 7 0 6 0 0 0 2]
 [0 5 0 7 0 0 1 0 0]]
Solution:
[[3 1 8 6 5 9 0 4 7]
 [4 7 0 8 0 2 3 6 0]
 [6 9 0 7 0 4 1 5 2]
 [7 6 0 5 8 1 2 3 9]
 [9 3 0 2 4 6 7 8 5]
 [1 2 5 3 9 7 4 0 6]
 [0 0 9 4 2 0 5 7 1]
 [2 5 7 9 3 8 6 0 4]
 [0 8 4 0 1 5 9 2 3]]
Number of cells unfilled: 15
Accuracy: 81.48148148148148
Sample: 92120
Question:
[[5 0 0 8 0 0 0 6 0]
 [1 0 0 0 0 0 9 0 0]
 [0 3 0 0 0 4 8 0 5]
 [9 0 0 0 0 0 0 0 0]
 [0 4 0 3 0 0 0 0 8]
 [0 0 0 0 0 0 6 7 0]
 [0 0 1 4 0 3 0 0 0]
 [0 5 0 0 8 0 3 0 2]
 [0 0 0 2 0 5 0 0 0]]
Solution:
[[3 1 8 6 5 9 0 4 7]
 [4 7 0 8 0 2 3 6 0]
 [6 9 0 7 0 4 1 5 2]
 [7 6 0 5 8 1 2 3 9]
 [9 3 0 2 4 6 7 8 5]
 [1 2 5 3 9 7 4 0 6]
 [0 0 9 4 2 0 5 7 1]
 [2 5 7 9 3 8 6 0 4]
 [0 8 4 0 1 5 9 2 3]]
Number of cells unfilled: 15
Accuracy: 81.48148148148148
Sample: 92121
Question:
[[0 0 0 0 0 5 0 0 0]
 [9 0 0 2 0 0 4 6 8]
 [1 0 0 0 9 3 0 7 0]
 [0 7 0 0 0 0 9 0 5]
 [0 0 0 0 1 0 0 0 6]
 [4 0 2 0 0 0 0 0 0]
 [7 6 0 0 0 0 0 0 0]
 [0 0 0 9 0 2 3 0 0]
 [0 0 3 0 0 0 0 0 0]]
Solution:
[[3 1 8 6 5 9 0 4 7]
 [4 7 0 1 0 2 3 9 8]
 [6 9 0 7 0 4 1 5 2]
 [7 6 0 5 8 1 2 3 9]
 [9 3 0 2 4 6 7 8 5]
 [1 2 5 3 9 7 4 0 6]
 [0 0 9 4 2 0 5 7 1]
 [2 5 7 9 3 8 6 0 4]
 [0 8 4 0 1 5 9 2 3]]
Number of cells unfilled: 14
Accuracy: 82.71604938271605
Sample: 92122
Question:
[[9 0 0 7 1 0 5 6 0]
 [1 0 0 0 0 0 0 8 0]
 [0 0 3 0 8 0 0 7 0]
 [0 2 4 0 0 0 0 9 5]
 [0 9 0 0 0 0 0 0 0]
 [0 3 0 0 0 4 7 0 0]
 [0 0 0 1 0 0 0 0 0]
 [0 0 0 5 0 7 6 0 0]
 [7 0 0 0 2 3 0 0 8]]
Solution:
[[3 1 8 6 5 9 0 4 7]
 [4 9 0 1 0 2 3 6 8]
 [6 0 0 7 0 4 1 5 2]
 [7 6 0 5 8 1 2 3 9]
 [9 3 0 2 4 6 7 8 5]
 [1 2 5 3 9 7 4 0 6]
 [0 0 9 4 2 0 5 7 1]
 [2 5 7 9 3 8 6 0 4]
 [0 8 4 0 1 5 9 2 3]]
Number of cells unfilled: 15
Accuracy: 81.48148148148148
Sample: 92123
Question:
[[0 0 5 0 0 0 0 2 0]
 [0 8 0 7 1 0 3 0 0]
 [0 0 6 4 0 0 0 0 7]
 [6 0 0 0 0 0 0 9 0]
 [9 0 0 0 0 7 0 0 2]
 [0 5 0 0 0 0 0 0 0]
 [0 0 1 0 0 5 0 0 0]
 [0 2 0 0 0 0 0 0 8]
 [0 3 9 0 6 0 0 5 4]]
Solution:
[[3 1 8 6 5 9 0 4 7]
 [4 7 0 1 0 2 3 9 8]
 [6 9 0 7 0 4 1 5 2]
 [7 6 0 5 8 1 2 3 9]
 [9 3 0 2 4 6 7 8 5]
 [1 2 5 3 9 7 4 0 6]
 [0 0 9 4 2 0 5 7 1]
 [2 5 7 9 3 8 6 0 4]
 [0 8 4 0 1 5 9 2 3]]
Number of cells unfilled: 14
Accuracy: 82.71604938271605
Sample: 92124
Question:
[[2 0 0 9 5 0 0 0 0]
 [0 0 4 0 0 2 1 5 0]
 [0 0 0 0 0 0 0 2 0]
 [9 0 0 0 0 3 4 1 0]
 [0 4 1 6 0 0 0 0 0]
 [0 3 0 0 0 0 0 0 5]
 [0 0 0 8 0 0 0 0 0]
 [0 0 9 0 0 0 0 0 7]
 [0 2 0 0 0 9 3 4 0]]
Solution:
[[3 1 8 6 5 9 0 4 7]
 [4 9 0 1 0 2 3 6 8]
 [6 0 0 7 0 4 1 5 2]
 [7 6 0 5 8 1 2 3 9]
 [9 3 0 2 4 6 7 8 5]
 [1 2 5 3 9 7 4 0 6]
 [0 0 9 4 2 0 5 7 1]
 [2 5 7 9 3 8 6 0 4]
 [0 8 4 0 1 5 9 2 3]]
Number of cells unfilled: 15
Accuracy: 81.48148148148148
Sample: 92125
Question:
[[7 0 0 5 0 4 9 1 0]
 [0 4 0 0 1 3 0 0 2]
 [6 8 0 2 0 0 0 0 0]
 [0 0 3 0 7 8 0 0 0]
 [0 1 0 9 0 0 5 0 0]
 [0 0 0 0 0 0 4 8 9]
 [1 0 5 0 8 0 7 4 3]
 [0 0 8 3 0 9 2 0 0]
 [0 2 6 0 0 0 0 0 5]]
Solution:
[[3 1 8 6 5 9 0 4 7]
 [4 7 0 8 0 2 3 6 0]
 [6 9 0 7 0 4 1 5 2]
 [7 6 0 5 8 1 2 3 9]
 [9 3 0 2 4 6 7 8 5]
 [1 2 5 3 9 7 4 0 6]
 [0 0 9 4 2 0 5 7 1]
 [2 5 7 9 3 8 6 0 4]
 [0 8 4 0 1 5 9 2 3]]
Number of cells unfilled: 15
Accuracy: 81.48148148148148
Sample: 92126
Question:
[[3 0 0 0 8 0 0 0 0]
 [0 5 0 0 0 2 1 0 0]
 [0 0 7 0 0 0 0 0 0]
 [5 0 0 0 0 0 6 0 1]
 [0 4 1 0 0 5 0 2 0]
 [0 0 0 9 0 0 5 0 4]
 [0 3 0 7 0 0 2 0 0]
 [0 6 0 0 0 4 0 0 5]
 [8 0 0 0 9 0 0 0 0]]
Solution:
[[3 1 8 6 5 9 0 4 7]
 [4 7 0 8 0 2 3 6 0]
 [6 9 0 7 0 4 8 1 2]
 [7 6 0 5 8 1 2 3 9]
 [9 3 0 2 4 6 7 8 5]
 [1 2 5 3 9 7 4 0 6]
 [0 0 9 4 2 0 5 7 1]
 [2 5 7 9 3 8 6 0 4]
 [0 8 4 0 1 5 9 2 3]]
Number of cells unfilled: 15
Accuracy: 81.48148148148148
Sample: 92127
Question:
[[0 0 8 9 0 7 0 1 0]
 [0 0 0 0 5 6 0 0 9]
 [9 0 0 0 0 0 6 0 0]
 [0 0 2 0 0 0 0 0 0]
 [7 8 0 0 0 3 0 0 0]
 [3 1 0 2 0 0 0 7 0]
 [0 0 0 6 0 0 4 0 0]
 [0 0 3 0 0 1 0 2 0]
 [0 4 0 0 8 0 0 0 5]]
Solution:
[[3 1 8 6 5 9 0 4 7]
 [4 9 0 1 0 2 3 5 8]
 [6 0 0 7 0 4 1 9 2]
 [7 6 0 5 8 1 2 3 9]
 [9 3 0 2 4 6 7 8 5]
 [1 2 5 3 9 7 4 0 6]
 [0 0 9 4 2 0 5 7 1]
 [2 5 7 9 3 8 6 0 4]
 [0 8 4 0 1 5 9 2 3]]
Number of cells unfilled: 15
Accuracy: 81.48148148148148
Sample: 92128
Question:
[[0 3 0 0 4 0 7 0 8]
 [0 0 4 0 0 0 0 9 0]
 [8 0 0 0 0 0 0 0 6]
 [9 0 0 1 0 0 0 0 0]
 [0 7 0 0 2 0 5 0 0]
 [0 4 0 0 7 0 9 0 0]
 [0 0 3 7 0 5 2 0 0]
 [0 5 0 4 0 2 0 3 0]
 [0 0 0 0 3 0 0 0 0]]
Solution:
[[3 1 8 6 5 9 0 4 7]
 [4 7 0 1 0 2 3 9 8]
 [6 9 0 7 0 4 1 5 2]
 [7 6 0 5 8 1 2 3 9]
 [9 3 0 2 4 6 7 8 5]
 [1 2 5 3 9 7 4 0 6]
 [0 0 9 4 2 0 5 7 1]
 [2 5 7 9 3 8 6 0 4]
 [0 8 4 0 1 5 9 2 3]]
Number of cells unfilled: 14
Accuracy: 82.71604938271605
Sample: 92129
Question:
[[0 0 0 0 6 7 5 0 0]
 [0 0 8 0 4 0 0 0 1]
 [6 0 0 8 0 0 0 4 0]
 [8 0 0 0 2 0 0 7 0]
 [0 0 9 0 0 3 0 0 0]
 [0 3 0 0 0 8 0 0 0]
 [0 9 0 0 0 0 0 0 7]
 [4 0 0 0 0 6 0 2 0]
 [0 0 5 2 0 0 1 0 0]]
Solution:
[[3 1 8 6 5 9 0 4 7]
 [4 7 0 1 0 2 3 9 8]
 [6 9 0 7 0 4 1 5 2]
 [7 6 0 5 8 1 2 3 9]
 [9 3 0 2 4 6 7 8 5]
 [1 2 5 3 9 7 4 0 6]
 [0 0 9 4 2 0 5 7 1]
 [2 5 7 9 3 8 6 0 4]
 [0 8 4 0 1 5 9 2 3]]
Number of cells unfilled: 14
Accuracy: 82.71604938271605
Sample: 92130
Question:
[[0 0 4 0 0 8 0 0 0]
 [6 0 0 0 3 0 5 0 0]
 [0 0 2 1 0 0 0 0 0]
 [7 0 0 0 6 0 0 0 5]
 [0 0 0 8 0 0 7 9 0]
 [0 4 0 7 0 0 0 6 0]
 [0 1 0 0 0 0 9 0 0]
 [0 2 7 0 0 9 0 0 3]
 [9 0 0 0 7 0 0 5 0]]
Solution:
[[3 1 8 6 5 9 0 4 7]
 [4 9 0 1 0 2 3 5 8]
 [6 0 0 7 0 4 1 9 2]
 [7 6 0 5 8 1 2 3 9]
 [9 3 0 2 4 6 7 8 5]
 [1 2 5 3 9 7 4 0 6]
 [0 0 9 4 2 0 5 7 1]
 [2 5 7 9 3 8 6 0 4]
 [0 8 4 0 1 5 9 2 3]]
Number of cells unfilled: 15
Accuracy: 81.48148148148148
Sample: 92131
Question:
[[0 7 0 0 0 0 4 0 0]
 [5 0 0 7 0 0 0 1 0]
 [0 9 1 0 6 0 0 0 0]
 [3 0 0 0 0 9 8 0 1]
 [0 0 9 0 0 0 2 0 0]
 [0 5 0 1 0 0 0 9 3]
 [0 0 0 0 2 0 0 0 8]
 [0 0 5 3 0 0 0 7 0]
 [0 0 0 0 0 6 0 0 4]]
Solution:
[[3 1 8 6 5 9 0 4 7]
 [4 7 0 8 0 2 3 9 0]
 [6 9 0 7 0 4 1 5 2]
 [7 6 0 5 8 1 2 3 9]
 [9 3 0 2 4 6 7 8 5]
 [1 2 5 3 9 7 4 0 6]
 [0 0 9 4 2 0 5 7 1]
 [2 5 7 9 3 8 6 0 4]
 [0 8 4 0 1 5 9 2 3]]
Number of cells unfilled: 15
Accuracy: 81.48148148148148
Sample: 92132
Question:
[[0 0 0 0 6 0 0 0 0]
 [0 0 3 7 0 0 1 0 4]
 [4 0 7 0 0 1 0 9 0]
 [0 8 0 0 0 0 0 0 9]
 [0 0 0 5 0 0 0 0 0]
 [7 0 9 0 0 4 2 0 0]
 [0 0 0 0 0 0 9 2 0]
 [9 0 2 0 0 7 0 0 1]
 [0 3 0 0 0 0 0 7 0]]
Solution:
[[3 1 8 6 5 9 0 4 7]
 [4 7 0 8 0 2 3 9 0]
 [6 9 0 7 0 4 1 5 2]
 [7 6 0 5 8 1 2 3 9]
 [9 3 0 2 4 6 7 8 5]
 [1 2 5 3 9 7 4 0 6]
 [0 0 9 4 2 0 5 7 1]
 [2 5 7 9 3 8 6 0 4]
 [0 8 4 0 1 5 9 2 3]]
Number of cells unfilled: 15
Accuracy: 81.48148148148148
Sample: 92133
Question:
[[0 0 0 5 0 0 0 0 1]
 [5 8 0 0 3 0 7 0 0]
 [0 2 0 0 7 0 8 0 0]
 [0 7 0 8 0 3 0 0 0]
 [2 0 0 0 6 0 0 0 7]
 [6 0 0 0 0 0 3 0 0]
 [8 0 0 7 0 0 0 4 0]
 [0 0 9 0 0 0 0 0 0]
 [0 6 0 0 8 0 2 0 0]]
Solution:
[[3 1 8 6 5 9 0 4 7]
 [4 7 0 8 0 2 3 9 0]
 [6 9 0 7 0 4 1 5 2]
 [7 6 0 5 8 1 2 3 9]
 [9 3 0 2 4 6 7 8 5]
 [1 2 5 3 9 7 4 0 6]
 [0 0 9 4 2 0 5 7 1]
 [2 5 7 9 3 8 6 0 4]
 [0 8 4 0 1 5 9 2 3]]
Number of cells unfilled: 15
Accuracy: 81.48148148148148
Sample: 92134
Question:
[[0 0 0 6 0 9 0 0 0]
 [1 0 0 0 4 0 6 0 0]
 [0 0 0 1 0 8 0 0 7]
 [0 0 7 0 0 0 0 3 0]
 [8 0 0 0 0 6 9 0 0]
 [0 5 0 0 0 0 0 0 2]
 [0 8 0 0 0 0 0 5 0]
 [6 0 0 8 0 0 4 0 0]
 [0 3 2 0 0 4 0 0 0]]
Solution:
[[3 1 8 6 5 9 0 4 7]
 [4 7 0 8 0 2 3 5 0]
 [6 9 0 7 0 4 8 1 2]
 [7 6 0 5 8 1 2 3 9]
 [9 3 0 2 4 6 7 8 5]
 [1 2 5 3 9 7 4 0 6]
 [0 0 9 4 2 0 5 7 1]
 [2 5 7 9 3 8 6 0 4]
 [0 8 4 0 1 5 9 2 3]]
Number of cells unfilled: 15
Accuracy: 81.48148148148148
Sample: 92135
Question:
[[0 0 7 0 0 2 0 0 4]
 [0 0 0 0 0 0 5 2 0]
 [0 0 0 8 0 0 3 7 0]
 [1 6 0 0 0 0 0 0 0]
 [3 0 0 0 9 0 0 0 0]
 [0 0 2 0 0 4 0 3 0]
 [0 0 3 0 0 5 2 0 0]
 [9 0 0 6 0 0 0 4 0]
 [0 8 0 0 1 0 0 0 0]]
Solution:
[[3 1 8 6 5 9 0 4 7]
 [4 7 0 8 0 2 3 6 0]
 [6 9 0 7 0 4 1 5 2]
 [7 6 0 5 8 1 2 3 9]
 [9 3 0 2 4 6 7 8 5]
 [1 2 5 3 9 7 4 0 6]
 [0 0 9 4 2 0 5 7 1]
 [2 5 7 9 3 8 6 0 4]
 [0 8 4 0 1 5 9 2 3]]
Number of cells unfilled: 15
Accuracy: 81.48148148148148
Sample: 92136
Question:
[[0 0 7 0 8 0 0 4 9]
 [5 0 0 9 0 0 0 0 0]
 [0 0 0 4 0 7 0 3 0]
 [0 0 5 7 0 0 0 2 8]
 [0 0 2 0 0 0 1 0 0]
 [6 0 0 0 2 8 0 0 0]
 [0 0 0 0 0 0 3 0 0]
 [0 5 0 0 7 0 0 0 0]
 [0 0 9 0 0 4 0 7 2]]
Solution:
[[3 1 8 6 5 9 0 4 7]
 [4 7 0 1 0 2 3 9 8]
 [6 9 0 7 0 4 1 5 2]
 [7 6 0 5 8 1 2 3 9]
 [9 3 0 2 4 6 7 8 5]
 [1 2 5 3 9 7 4 0 6]
 [0 0 9 4 2 0 5 7 1]
 [2 5 7 9 3 8 6 0 4]
 [0 8 4 0 1 5 9 2 3]]
Number of cells unfilled: 14
Accuracy: 82.71604938271605
Sample: 92137
Question:
[[0 0 0 0 1 0 0 0 0]
 [2 0 0 4 0 7 0 0 0]
 [0 1 0 2 0 8 0 0 4]
 [0 0 0 6 0 0 0 0 0]
 [0 0 9 0 0 0 3 8 0]
 [1 0 0 0 8 0 0 0 2]
 [0 3 0 0 0 5 4 0 0]
 [4 6 0 0 0 0 9 5 0]
 [7 0 0 0 4 0 0 0 8]]
Solution:
[[3 1 8 6 5 9 0 4 7]
 [4 7 0 8 0 2 3 6 0]
 [6 9 0 7 0 4 8 5 2]
 [7 6 0 5 8 1 2 3 9]
 [9 3 0 2 4 6 7 8 5]
 [1 2 5 3 9 7 4 0 6]
 [0 0 9 4 2 0 5 7 1]
 [2 5 7 9 3 8 6 0 4]
 [0 8 4 0 1 5 9 2 3]]
Number of cells unfilled: 15
Accuracy: 81.48148148148148
Sample: 92138
Question:
[[0 4 0 8 0 0 9 0 0]
 [0 0 0 0 0 6 0 0 1]
 [0 0 3 0 0 0 0 2 0]
 [0 8 5 0 0 7 0 0 0]
 [3 0 0 4 0 0 5 0 0]
 [0 9 4 0 0 5 0 0 2]
 [0 0 0 0 7 0 0 0 6]
 [0 0 9 5 0 0 4 0 0]
 [0 0 0 0 0 8 0 1 0]]
Solution:
[[3 1 8 6 5 9 0 4 7]
 [4 7 0 8 0 2 3 6 0]
 [6 9 0 7 0 4 8 1 2]
 [7 6 0 5 8 1 2 3 9]
 [9 3 0 2 4 6 7 8 5]
 [1 2 5 3 9 7 4 0 6]
 [0 0 9 4 2 0 5 7 1]
 [2 5 7 9 3 8 6 0 4]
 [0 8 4 0 1 5 9 2 3]]
Number of cells unfilled: 15
Accuracy: 81.48148148148148
Sample: 92139
Question:
[[9 2 0 0 0 0 0 7 4]
 [0 0 0 0 1 0 0 5 0]
 [7 1 0 9 0 5 0 0 0]
 [3 0 0 0 0 0 0 4 1]
 [6 0 2 0 0 0 0 0 9]
 [0 8 0 0 0 6 0 0 0]
 [2 0 0 0 9 0 3 0 0]
 [0 0 0 0 5 0 0 9 7]
 [0 0 0 0 0 0 0 0 6]]
Solution:
[[3 1 8 6 5 9 0 4 7]
 [4 7 0 8 0 2 3 9 0]
 [6 9 0 7 0 4 8 1 2]
 [7 6 0 5 8 1 2 3 9]
 [9 3 0 2 4 6 7 8 5]
 [1 2 5 3 9 7 4 0 6]
 [0 0 9 4 2 0 5 7 1]
 [2 5 7 9 3 8 6 0 4]
 [0 8 4 0 1 5 9 2 3]]
Number of cells unfilled: 15
Accuracy: 81.48148148148148
Sample: 92140
Question:
[[9 0 0 6 0 3 0 4 0]
 [0 0 0 0 5 0 3 0 0]
 [0 0 5 0 0 2 0 0 0]
 [0 9 0 0 0 7 0 2 0]
 [2 0 0 0 6 0 7 0 0]
 [0 0 3 2 0 0 0 0 4]
 [0 0 9 0 0 0 8 0 1]
 [3 0 0 7 0 0 0 9 0]
 [0 8 0 0 0 1 0 0 0]]
Solution:
[[3 1 8 6 5 9 0 4 7]
 [4 7 0 8 0 2 3 6 0]
 [6 9 0 7 0 4 1 5 2]
 [7 6 0 5 8 1 2 3 9]
 [9 3 0 2 4 6 7 8 5]
 [1 2 5 3 9 7 4 0 6]
 [0 0 9 4 2 0 5 7 1]
 [2 5 7 9 3 8 6 0 4]
 [0 8 4 0 1 5 9 2 3]]
Number of cells unfilled: 15
Accuracy: 81.48148148148148
Sample: 92141
Question:
[[6 0 0 0 0 0 5 0 0]
 [2 0 7 0 6 0 0 0 8]
 [0 0 0 3 0 8 0 0 0]
 [0 0 3 0 9 0 0 0 0]
 [0 6 0 2 0 0 3 0 5]
 [0 0 0 0 0 0 0 4 0]
 [0 4 0 0 7 0 0 0 0]
 [0 8 0 0 2 0 4 1 0]
 [0 0 0 0 0 1 0 7 0]]
Solution:
[[3 1 8 6 5 9 0 4 7]
 [4 7 5 1 0 2 3 9 8]
 [6 9 0 7 0 4 1 5 2]
 [7 6 0 5 8 1 2 3 9]
 [9 3 0 2 4 6 7 8 5]
 [1 2 0 3 9 7 4 0 6]
 [0 0 9 4 2 0 5 7 1]
 [2 5 7 9 3 8 6 0 4]
 [0 8 4 0 1 5 9 2 3]]
Number of cells unfilled: 14
Accuracy: 82.71604938271605
Sample: 92142
Question:
[[0 0 4 2 0 0 0 0 0]
 [8 0 0 0 3 0 0 0 6]
 [0 3 0 0 0 6 0 2 0]
 [0 9 0 0 6 0 0 1 0]
 [0 0 8 0 0 2 0 0 7]
 [3 0 0 1 0 0 0 0 5]
 [0 0 0 0 0 9 0 0 4]
 [0 7 0 6 0 0 0 9 0]
 [0 0 0 0 7 0 5 0 0]]
Solution:
[[3 1 8 6 5 9 0 4 7]
 [4 9 0 1 0 2 3 5 8]
 [6 0 0 7 0 4 1 9 2]
 [7 6 0 5 8 1 2 3 9]
 [9 3 0 2 4 6 7 8 5]
 [1 2 5 3 9 7 4 0 6]
 [0 0 9 4 2 0 5 7 1]
 [2 5 7 9 3 8 6 0 4]
 [0 8 4 0 1 5 9 2 3]]
Number of cells unfilled: 15
Accuracy: 81.48148148148148
Sample: 92143
Question:
[[7 0 0 0 0 0 2 0 0]
 [0 0 8 0 0 0 0 3 0]
 [0 3 0 0 0 2 0 0 5]
 [0 0 0 0 8 0 0 0 9]
 [0 9 0 0 0 6 0 5 0]
 [0 0 0 1 0 0 6 0 0]
 [0 0 2 4 1 0 0 9 0]
 [0 4 0 0 0 3 5 0 0]
 [0 0 7 6 0 0 0 0 4]]
Solution:
[[3 1 8 6 5 9 0 4 7]
 [4 7 0 1 0 2 3 5 8]
 [6 0 0 7 0 4 1 9 2]
 [7 6 0 5 8 1 2 3 9]
 [9 3 0 2 4 6 7 8 5]
 [1 2 5 3 9 7 4 0 6]
 [0 0 9 4 2 0 5 7 1]
 [2 5 7 9 3 8 6 0 4]
 [0 8 4 0 1 5 9 2 3]]
Number of cells unfilled: 15
Accuracy: 81.48148148148148
Sample: 92144
Question:
[[0 2 1 0 0 0 0 0 0]
 [0 4 0 0 2 3 5 0 0]
 [0 0 0 0 0 1 0 0 7]
 [0 0 0 0 0 8 0 0 5]
 [6 0 0 0 0 0 8 0 0]
 [0 9 3 0 5 0 0 4 0]
 [5 1 0 0 9 0 0 0 4]
 [0 0 0 0 0 0 0 9 3]
 [0 0 0 0 6 7 0 0 0]]
Solution:
[[3 1 8 6 5 9 0 4 7]
 [4 7 0 1 0 2 3 5 8]
 [6 9 0 7 0 4 1 0 2]
 [7 6 0 5 8 1 2 3 9]
 [9 3 0 2 4 6 7 8 5]
 [1 2 5 3 9 7 4 0 6]
 [0 0 9 4 2 0 5 7 1]
 [2 5 7 9 3 8 6 0 4]
 [0 8 4 0 1 5 9 2 3]]
Number of cells unfilled: 15
Accuracy: 81.48148148148148
Sample: 92145
Question:
[[3 0 0 0 0 9 0 1 0]
 [0 2 6 0 0 7 0 0 0]
 [4 0 0 0 0 0 3 0 7]
 [0 0 0 0 5 2 7 0 0]
 [0 5 0 0 8 0 0 0 0]
 [0 0 0 6 0 0 0 4 0]
 [2 0 0 0 7 5 4 0 0]
 [0 0 0 3 0 0 2 9 0]
 [0 0 0 2 0 1 0 0 8]]
Solution:
[[3 1 8 6 5 9 0 4 7]
 [4 9 0 1 0 2 3 5 8]
 [6 0 0 7 0 4 1 9 2]
 [7 6 0 5 8 1 2 3 9]
 [9 3 0 2 4 6 7 8 5]
 [1 2 5 3 9 7 4 0 6]
 [0 0 9 4 2 0 5 7 1]
 [2 5 7 9 3 8 6 0 4]
 [0 8 4 0 1 5 9 2 3]]
Number of cells unfilled: 15
Accuracy: 81.48148148148148
Sample: 92146
Question:
[[0 0 0 2 7 0 0 0 0]
 [0 9 0 0 0 0 0 0 8]
 [0 0 1 0 3 8 0 4 0]
 [5 0 0 0 0 0 0 0 0]
 [0 0 4 0 6 7 0 0 3]
 [0 7 0 3 0 0 4 0 0]
 [0 0 0 7 0 0 0 3 6]
 [0 0 6 0 1 3 8 0 0]
 [0 0 0 0 8 0 0 1 0]]
Solution:
[[3 1 8 6 5 9 0 4 7]
 [4 7 0 1 0 2 3 9 8]
 [6 9 0 7 0 4 1 5 2]
 [7 6 0 5 8 1 2 3 9]
 [9 3 0 2 4 6 7 8 5]
 [1 2 5 3 9 7 4 0 6]
 [0 0 9 4 2 0 5 7 1]
 [2 5 7 9 3 8 6 0 4]
 [0 8 4 0 1 5 9 2 3]]
Number of cells unfilled: 14
Accuracy: 82.71604938271605
Sample: 92147
Question:
[[2 4 0 3 0 0 8 0 6]
 [1 0 0 6 0 0 3 0 0]
 [0 0 0 0 0 7 0 1 0]
 [5 0 0 8 0 0 2 0 0]
 [0 9 0 0 0 0 0 0 0]
 [0 0 1 0 4 0 0 0 0]
 [0 0 0 5 0 0 0 3 8]
 [0 0 5 0 0 0 6 0 0]
 [3 0 0 0 6 0 0 2 0]]
Solution:
[[3 1 8 6 5 9 0 4 7]
 [4 7 0 1 0 2 3 6 8]
 [6 9 0 7 0 4 1 5 2]
 [7 6 0 5 8 1 2 3 9]
 [9 3 0 2 4 6 7 8 5]
 [1 2 5 3 9 7 4 0 6]
 [0 0 9 4 2 0 5 7 1]
 [2 5 7 9 3 8 6 0 4]
 [0 8 4 0 1 5 9 2 3]]
Number of cells unfilled: 14
Accuracy: 82.71604938271605
Sample: 92148
Question:
[[0 0 8 5 0 0 6 9 0]
 [3 0 0 0 0 0 5 0 0]
 [0 9 0 0 1 0 0 0 4]
 [0 0 0 0 0 2 0 0 0]
 [0 0 6 0 0 0 3 2 0]
 [0 8 0 0 4 0 0 0 7]
 [8 0 0 4 0 1 0 0 9]
 [0 0 0 0 8 0 0 0 0]
 [0 1 0 9 0 7 0 0 0]]
Solution:
[[3 1 8 6 5 9 0 4 7]
 [4 7 0 8 0 2 3 6 0]
 [6 9 0 7 0 4 1 5 2]
 [7 6 0 5 8 1 2 3 9]
 [9 3 0 2 4 6 7 8 5]
 [1 2 5 3 9 7 4 0 6]
 [0 0 9 4 2 0 5 7 1]
 [2 5 7 9 3 8 6 0 4]
 [0 8 4 0 1 5 9 2 3]]
Number of cells unfilled: 15
Accuracy: 81.48148148148148
Sample: 92149
Question:
[[0 9 7 0 0 0 2 0 0]
 [3 0 0 0 0 0 0 0 0]
 [0 8 2 9 0 0 0 0 3]
 [0 0 0 0 0 1 0 0 6]
 [2 0 0 8 0 0 9 1 0]
 [0 1 0 0 9 4 0 0 0]
 [8 0 0 7 0 0 3 0 0]
 [0 0 0 0 5 6 0 4 0]
 [0 0 5 0 0 0 0 0 0]]
Solution:
[[3 1 8 6 5 9 0 4 7]
 [4 7 0 8 0 2 3 6 0]
 [6 9 0 7 0 4 1 5 2]
 [7 6 0 5 8 1 2 3 9]
 [9 3 0 2 4 6 7 8 5]
 [1 2 5 3 9 7 4 0 6]
 [0 0 9 4 2 0 5 7 1]
 [2 5 7 9 3 8 6 0 4]
 [0 8 4 0 1 5 9 2 3]]
Number of cells unfilled: 15
Accuracy: 81.48148148148148
Sample: 92150
Question:
[[8 0 0 0 0 0 1 0 0]
 [0 5 9 0 0 1 0 0 8]
 [0 0 4 0 0 0 0 9 0]
 [0 2 0 1 6 0 8 0 0]
 [0 0 0 0 2 0 0 0 3]
 [9 0 0 0 0 5 0 1 0]
 [5 0 0 0 0 4 0 8 0]
 [0 0 0 7 3 0 6 0 0]
 [0 0 7 0 0 0 0 0 0]]
Solution:
[[3 1 8 6 5 9 0 4 7]
 [4 9 0 8 0 2 3 6 0]
 [6 0 0 7 0 4 1 9 2]
 [7 6 0 5 8 1 2 3 9]
 [9 3 0 2 4 6 7 8 5]
 [1 2 5 3 9 7 4 0 6]
 [0 0 9 4 2 0 5 7 1]
 [2 5 7 9 3 8 6 0 4]
 [0 8 4 0 1 5 9 2 3]]
Number of cells unfilled: 16
Accuracy: 80.24691358024691
Sample: 92151
Question:
[[0 0 0 0 0 0 0 2 0]
 [9 0 0 0 0 5 4 0 3]
 [0 0 0 0 1 4 0 9 0]
 [0 0 5 0 0 3 0 7 0]
 [7 0 0 8 0 0 0 0 0]
 [3 8 0 0 6 0 0 0 0]
 [0 0 4 1 7 0 5 0 0]
 [5 0 0 0 9 2 0 0 6]
 [0 0 0 0 4 0 0 0 9]]
Solution:
[[3 1 8 6 5 9 0 4 7]
 [4 7 0 1 0 2 3 6 8]
 [6 9 0 7 0 4 1 5 2]
 [7 6 0 5 8 1 2 3 9]
 [9 3 0 2 4 6 7 8 5]
 [1 2 5 3 9 7 4 0 6]
 [0 0 9 4 2 0 5 7 1]
 [2 5 7 9 3 8 6 0 4]
 [0 8 4 0 1 5 9 2 3]]
Number of cells unfilled: 14
Accuracy: 82.71604938271605
Sample: 92152
Question:
[[0 0 5 0 0 0 0 0 6]
 [7 0 0 5 0 2 3 0 0]
 [0 3 0 0 0 4 0 0 0]
 [0 2 0 9 0 0 0 3 1]
 [3 0 0 0 0 0 0 9 0]
 [0 0 0 0 0 7 2 0 0]
 [9 5 0 7 0 0 1 0 0]
 [0 0 8 0 0 0 0 0 0]
 [1 0 0 2 0 0 9 0 0]]
Solution:
[[3 1 8 6 5 9 0 4 7]
 [4 9 0 1 0 2 3 5 8]
 [6 0 0 7 0 4 1 9 2]
 [7 6 0 5 8 1 2 3 9]
 [9 3 0 2 4 6 7 8 5]
 [1 2 5 3 9 7 4 0 6]
 [0 0 9 4 2 0 5 7 1]
 [2 5 7 9 3 8 6 0 4]
 [0 8 4 0 1 5 9 2 3]]
Number of cells unfilled: 15
Accuracy: 81.48148148148148
Sample: 92153
Question:
[[0 5 0 9 0 0 0 0 0]
 [0 0 1 0 0 3 0 0 9]
 [7 0 0 0 5 0 4 0 0]
 [2 0 0 3 9 0 0 0 8]
 [0 0 8 1 2 0 3 0 0]
 [0 0 0 0 0 8 0 0 0]
 [0 0 0 4 0 0 6 0 0]
 [0 0 3 0 0 9 0 0 2]
 [0 6 0 0 0 0 9 7 0]]
Solution:
[[3 1 8 6 5 9 0 4 7]
 [4 9 0 1 0 2 3 6 8]
 [6 0 0 7 0 4 1 5 2]
 [7 6 0 5 8 1 2 3 9]
 [9 3 0 2 4 6 7 8 5]
 [1 2 5 3 9 7 4 0 6]
 [0 0 9 4 2 0 5 7 1]
 [2 5 7 9 3 8 6 0 4]
 [0 8 4 0 1 5 9 2 3]]
Number of cells unfilled: 15
Accuracy: 81.48148148148148
Sample: 92154
Question:
[[0 4 8 0 0 0 0 0 0]
 [0 7 0 0 0 5 4 0 2]
 [3 0 0 0 8 0 0 0 0]
 [5 0 0 8 0 1 0 0 0]
 [0 0 0 0 0 0 6 2 0]
 [2 0 0 0 0 7 0 0 1]
 [1 0 0 0 4 3 2 5 0]
 [0 0 3 0 0 0 0 0 6]
 [0 2 0 0 7 0 0 0 0]]
Solution:
[[3 1 8 6 5 9 0 4 7]
 [4 7 0 8 0 2 3 6 0]
 [6 9 0 7 0 4 8 5 2]
 [7 6 0 5 8 1 2 3 9]
 [9 3 0 2 4 6 7 8 5]
 [1 2 5 3 9 7 4 0 6]
 [0 0 9 4 2 0 5 7 1]
 [2 5 7 9 3 8 6 0 4]
 [0 8 4 0 1 5 9 2 3]]
Number of cells unfilled: 15
Accuracy: 81.48148148148148
Sample: 92155
Question:
[[3 0 0 0 0 9 4 0 0]
 [0 0 7 3 0 0 0 0 0]
 [0 9 0 0 0 0 0 6 3]
 [0 5 0 0 0 2 0 0 0]
 [0 0 2 1 0 8 0 7 0]
 [1 0 0 0 9 0 2 0 0]
 [4 0 0 9 0 0 8 0 0]
 [0 1 0 0 0 4 0 0 6]
 [0 0 5 0 2 0 0 0 0]]
Solution:
[[3 1 8 6 5 9 0 4 7]
 [4 7 0 8 0 2 3 6 0]
 [6 9 0 7 0 4 8 5 2]
 [7 6 0 5 8 1 2 3 9]
 [9 3 0 2 4 6 7 8 5]
 [1 2 5 3 9 7 4 0 6]
 [0 0 9 4 2 0 5 7 1]
 [2 5 7 9 3 8 6 0 4]
 [0 8 4 0 1 5 9 2 3]]
Number of cells unfilled: 15
Accuracy: 81.48148148148148
Sample: 92156
Question:
[[0 0 4 0 0 9 0 7 5]
 [0 0 7 3 0 6 0 8 9]
 [8 0 6 0 2 0 0 0 0]
 [1 0 0 8 9 7 0 2 3]
 [0 7 0 5 0 1 0 0 0]
 [9 0 0 4 6 0 0 5 0]
 [2 4 3 0 0 0 1 0 0]
 [0 5 0 0 1 0 0 0 6]
 [0 0 0 9 0 0 0 4 0]]
Solution:
[[3 1 8 6 5 9 0 4 7]
 [4 7 0 8 0 2 3 9 0]
 [6 9 0 7 0 4 8 1 2]
 [7 6 0 5 8 1 2 3 9]
 [9 3 0 2 4 6 7 8 5]
 [1 2 5 3 9 7 4 0 6]
 [0 0 9 4 2 0 5 7 1]
 [2 5 7 9 3 8 6 0 4]
 [0 8 4 0 1 5 9 2 3]]
Number of cells unfilled: 15
Accuracy: 81.48148148148148
Sample: 92157
Question:
[[0 0 0 0 0 0 0 6 0]
 [0 0 7 9 0 4 0 8 0]
 [6 0 2 3 0 8 0 0 9]
 [0 0 0 0 0 0 0 0 7]
 [9 6 0 0 5 0 0 0 0]
 [0 0 0 0 0 0 4 3 0]
 [8 0 5 0 0 0 0 1 0]
 [3 0 0 1 8 0 0 9 0]
 [2 0 0 0 0 9 0 0 0]]
Solution:
[[3 1 8 6 5 9 0 4 7]
 [4 9 0 8 0 2 3 1 0]
 [6 0 0 7 0 4 8 9 2]
 [7 6 0 5 8 1 2 3 9]
 [9 3 0 2 4 6 7 8 5]
 [1 2 5 3 9 7 4 0 6]
 [0 0 9 4 2 0 5 7 1]
 [2 5 7 9 3 8 6 0 4]
 [0 8 4 0 1 5 9 2 3]]
Number of cells unfilled: 16
Accuracy: 80.24691358024691
Sample: 92158
Question:
[[0 0 7 0 2 0 0 0 0]
 [3 0 0 6 0 0 0 1 0]
 [0 5 0 0 0 0 9 0 0]
 [4 0 0 3 0 0 0 8 0]
 [0 2 0 0 0 7 0 0 0]
 [0 0 9 0 0 0 0 0 5]
 [0 0 0 8 0 0 1 0 4]
 [1 0 0 0 0 3 8 0 0]
 [0 0 0 0 0 6 0 3 0]]
Solution:
[[3 1 8 6 5 9 0 4 7]
 [4 7 0 1 0 2 3 6 8]
 [6 9 0 7 0 4 1 5 2]
 [7 6 0 5 8 1 2 3 9]
 [9 3 0 2 4 6 7 8 5]
 [1 2 5 3 9 7 4 0 6]
 [0 0 9 4 2 0 5 7 1]
 [2 5 7 9 3 8 6 0 4]
 [0 8 4 0 1 5 9 2 3]]
Number of cells unfilled: 14
Accuracy: 82.71604938271605
Sample: 92159
Question:
[[0 7 0 0 0 3 0 1 0]
 [0 0 0 9 0 0 0 0 4]
 [0 0 8 0 0 0 2 0 0]
 [0 0 0 5 0 0 0 3 0]
 [0 5 0 3 6 0 1 0 0]
 [7 0 0 0 0 1 0 0 0]
 [0 0 0 0 4 0 9 0 0]
 [2 0 0 0 0 0 0 0 8]
 [0 1 0 0 0 5 0 6 0]]
Solution:
[[3 1 8 6 5 9 0 4 7]
 [4 9 0 1 0 2 3 5 8]
 [6 0 0 7 0 4 1 9 2]
 [7 6 0 5 8 1 2 3 9]
 [9 3 0 2 4 6 7 8 5]
 [1 2 5 3 9 7 4 0 6]
 [0 0 9 4 2 0 5 7 1]
 [2 5 7 9 3 8 6 0 4]
 [0 8 4 0 1 5 9 2 3]]
Number of cells unfilled: 15
Accuracy: 81.48148148148148
Sample: 92160
Question:
[[0 2 0 4 0 0 0 6 0]
 [1 0 0 0 0 3 0 0 0]
 [0 0 6 0 7 0 0 0 5]
 [2 0 0 0 0 7 9 0 0]
 [0 4 0 0 3 0 0 2 0]
 [0 0 3 2 0 0 0 0 7]
 [9 0 0 0 0 0 8 0 0]
 [0 5 0 7 0 0 0 0 2]
 [0 0 0 0 0 1 0 4 0]]
Solution:
[[3 1 8 6 5 9 0 4 7]
 [4 7 0 8 0 2 3 6 0]
 [6 9 0 7 0 4 8 1 2]
 [7 6 0 5 8 1 2 3 9]
 [9 3 0 2 4 6 7 8 5]
 [1 2 5 3 9 7 4 0 6]
 [0 0 9 4 2 0 5 7 1]
 [2 5 7 9 3 8 6 0 4]
 [0 8 4 0 1 5 9 2 3]]
Number of cells unfilled: 15
Accuracy: 81.48148148148148
Sample: 92161
Question:
[[6 0 1 0 0 0 0 0 0]
 [0 0 0 3 2 0 8 5 0]
 [0 5 3 0 0 0 0 0 0]
 [0 1 0 0 0 7 0 0 4]
 [0 0 0 1 0 9 0 6 0]
 [5 0 0 0 3 8 0 7 0]
 [0 6 5 0 0 0 0 4 0]
 [0 2 4 8 0 0 0 0 9]
 [0 9 0 0 0 0 0 8 0]]
Solution:
[[3 1 8 6 5 9 0 4 7]
 [4 7 0 8 0 2 3 6 0]
 [6 9 0 7 0 4 1 5 2]
 [7 6 0 5 8 1 2 3 9]
 [9 3 0 2 4 6 7 8 5]
 [1 2 5 3 9 7 4 0 6]
 [0 0 9 4 2 0 5 7 1]
 [2 5 7 9 3 8 6 0 4]
 [0 8 4 0 1 5 9 2 3]]
Number of cells unfilled: 15
Accuracy: 81.48148148148148
Sample: 92162
Question:
[[0 9 0 7 3 0 6 0 0]
 [4 0 0 0 0 9 0 0 0]
 [7 0 0 0 6 0 0 0 9]
 [0 0 5 0 7 0 8 1 0]
 [0 7 0 0 0 3 0 0 4]
 [0 0 0 1 0 0 0 0 0]
 [8 0 0 0 0 0 5 2 0]
 [0 0 0 0 2 0 0 0 0]
 [0 3 0 0 0 7 0 0 6]]
Solution:
[[3 1 8 6 5 9 0 4 7]
 [4 7 0 8 0 2 3 9 0]
 [6 9 0 7 0 4 8 1 2]
 [7 6 0 5 8 1 2 3 9]
 [9 3 0 2 4 6 7 8 5]
 [1 2 5 3 9 7 4 0 6]
 [0 0 9 4 2 0 5 7 1]
 [2 5 7 9 3 8 6 0 4]
 [0 8 4 0 1 5 9 2 3]]
Number of cells unfilled: 15
Accuracy: 81.48148148148148
Sample: 92163
Question:
[[0 0 4 0 0 7 0 9 0]
 [5 0 0 0 0 0 3 0 7]
 [0 7 0 0 2 0 6 0 4]
 [0 0 0 2 0 0 0 0 0]
 [0 0 6 0 0 3 9 0 0]
 [8 0 0 0 1 0 0 0 3]
 [0 0 0 1 0 0 0 0 0]
 [1 0 3 7 0 6 0 0 9]
 [0 5 0 0 8 0 0 0 0]]
Solution:
[[3 1 8 6 5 9 0 4 7]
 [4 9 0 1 0 2 3 5 8]
 [6 0 0 7 0 4 1 9 2]
 [7 6 0 5 8 1 2 3 9]
 [9 3 0 2 4 6 7 8 5]
 [1 2 5 3 9 7 4 0 6]
 [0 0 9 4 2 0 5 7 1]
 [2 5 7 9 3 8 6 0 4]
 [0 8 4 0 1 5 9 2 3]]
Number of cells unfilled: 15
Accuracy: 81.48148148148148
Sample: 92164
Question:
[[0 0 0 4 0 0 6 9 5]
 [0 0 0 0 1 0 0 7 2]
 [0 0 0 3 0 0 0 4 0]
 [0 0 0 0 6 0 4 0 0]
 [4 0 5 0 0 2 0 0 9]
 [0 0 3 0 0 9 0 1 0]
 [6 3 0 8 0 7 0 0 0]
 [0 0 2 0 0 0 0 0 0]
 [9 8 0 0 0 0 0 0 0]]
Solution:
[[3 1 8 6 5 9 0 4 7]
 [4 7 0 8 0 2 3 6 0]
 [6 9 0 7 0 4 8 1 2]
 [7 6 0 5 8 1 2 3 9]
 [9 3 0 2 4 6 7 8 5]
 [1 2 5 3 9 7 4 0 6]
 [0 0 9 4 2 0 5 7 1]
 [2 5 7 9 3 8 6 0 4]
 [0 8 4 0 1 5 9 2 3]]
Number of cells unfilled: 15
Accuracy: 81.48148148148148
Sample: 92165
Question:
[[0 3 0 0 0 1 0 0 4]
 [0 0 5 9 0 0 0 0 0]
 [6 1 0 0 0 0 9 0 0]
 [5 0 0 0 3 0 0 0 8]
 [0 8 0 2 0 0 0 0 0]
 [1 0 3 0 0 8 0 4 0]
 [8 5 0 0 0 2 0 0 3]
 [0 0 7 0 0 0 0 5 0]
 [0 0 0 0 7 0 8 6 0]]
Solution:
[[3 1 8 6 5 9 0 4 7]
 [4 7 0 8 0 2 3 9 0]
 [6 9 0 7 0 4 8 1 2]
 [7 6 0 5 8 1 2 3 9]
 [9 3 0 2 4 6 7 8 5]
 [1 2 5 3 9 7 4 0 6]
 [0 0 9 4 2 0 5 7 1]
 [2 5 7 9 3 8 6 0 4]
 [0 8 4 0 1 5 9 2 3]]
Number of cells unfilled: 15
Accuracy: 81.48148148148148
Sample: 92166
Question:
[[0 2 0 0 6 8 1 0 0]
 [0 1 9 4 0 0 2 7 0]
 [0 0 0 9 0 0 0 5 0]
 [0 0 1 5 0 2 0 3 0]
 [0 5 0 0 0 0 9 8 0]
 [8 0 6 0 0 0 0 0 4]
 [1 0 0 2 0 4 0 0 3]
 [0 3 7 0 0 6 0 0 0]
 [0 4 8 1 0 5 0 6 0]]
Solution:
[[3 1 8 6 5 9 0 4 7]
 [4 9 0 1 0 2 3 6 8]
 [6 0 0 7 0 4 1 5 2]
 [7 6 0 5 8 1 2 3 9]
 [9 3 0 2 4 6 7 8 5]
 [1 2 5 3 9 7 4 0 6]
 [0 0 9 4 2 0 5 7 1]
 [2 5 7 9 3 8 6 0 4]
 [0 8 4 0 1 5 9 2 3]]
Number of cells unfilled: 15
Accuracy: 81.48148148148148
Sample: 92167
Question:
[[0 4 0 8 0 0 0 0 0]
 [0 0 1 0 0 9 8 0 0]
 [2 0 0 0 3 0 0 0 7]
 [0 0 0 0 6 0 0 0 0]
 [0 0 0 7 0 3 0 0 5]
 [3 0 0 2 0 5 0 6 0]
 [6 0 0 0 5 0 0 0 2]
 [0 0 0 0 0 0 1 0 0]
 [0 9 0 0 0 7 0 4 0]]
Solution:
[[3 1 8 6 5 9 0 4 7]
 [4 7 0 1 0 2 3 6 8]
 [6 9 0 7 0 4 1 5 2]
 [7 6 0 5 8 1 2 3 9]
 [9 3 0 2 4 6 7 8 5]
 [1 2 5 3 9 7 4 0 6]
 [0 0 9 4 2 0 5 7 1]
 [2 5 7 9 3 8 6 0 4]
 [0 8 4 0 1 5 9 2 3]]
Number of cells unfilled: 14
Accuracy: 82.71604938271605
Sample: 92168
Question:
[[0 1 0 6 0 0 3 0 0]
 [2 0 0 0 4 0 0 9 0]
 [0 0 5 0 0 0 0 0 2]
 [0 0 1 0 0 6 5 0 0]
 [0 5 0 0 1 8 0 3 0]
 [7 0 0 5 0 0 0 0 0]
 [1 0 4 0 0 0 0 0 0]
 [0 7 0 1 0 0 8 0 0]
 [0 0 8 0 6 9 0 0 7]]
Solution:
[[3 1 8 6 5 9 0 4 7]
 [4 7 0 1 0 2 3 6 8]
 [6 9 0 7 0 4 1 5 2]
 [7 6 0 5 8 1 2 3 9]
 [9 3 0 2 4 6 7 8 5]
 [1 2 5 3 9 7 4 0 6]
 [0 0 9 4 2 0 5 7 1]
 [2 5 7 9 3 8 6 0 4]
 [0 8 4 0 1 5 9 2 3]]
Number of cells unfilled: 14
Accuracy: 82.71604938271605
Sample: 92169
Question:
[[8 0 0 6 0 3 0 0 0]
 [0 0 0 4 0 1 0 0 0]
 [0 0 1 0 2 0 0 3 6]
 [0 8 0 0 0 0 0 5 0]
 [7 0 0 0 0 0 0 0 0]
 [0 0 2 1 0 0 0 4 8]
 [0 9 0 0 0 0 5 0 0]
 [0 0 3 0 0 4 0 6 1]
 [0 0 8 2 0 0 0 0 0]]
Solution:
[[3 1 8 6 5 9 0 4 7]
 [4 7 0 8 0 2 3 9 0]
 [6 9 0 7 0 4 1 5 2]
 [7 6 0 5 8 1 2 3 9]
 [9 3 0 2 4 6 7 8 5]
 [1 2 5 3 9 7 4 0 6]
 [0 0 9 4 2 0 5 7 1]
 [2 5 7 9 3 8 6 0 4]
 [0 8 4 0 1 5 9 2 3]]
Number of cells unfilled: 15
Accuracy: 81.48148148148148
Sample: 92170
Question:
[[2 0 0 0 0 0 0 4 0]
 [0 9 0 0 0 0 0 0 1]
 [0 6 0 2 0 4 0 0 8]
 [0 0 0 0 0 8 4 0 5]
 [0 0 0 0 0 1 0 7 0]
 [0 8 5 0 0 7 3 0 0]
 [0 4 2 0 0 0 0 0 3]
 [1 0 0 0 3 5 0 0 0]
 [9 0 0 0 0 0 5 0 0]]
Solution:
[[3 1 8 6 5 9 0 4 7]
 [4 7 0 8 0 2 3 9 0]
 [6 9 0 7 0 4 8 5 2]
 [7 6 0 5 8 1 2 3 9]
 [9 3 0 2 4 6 7 8 5]
 [1 2 5 3 9 7 4 0 6]
 [0 0 9 4 2 0 5 7 1]
 [2 5 7 9 3 8 6 0 4]
 [0 8 4 0 1 5 9 2 3]]
Number of cells unfilled: 15
Accuracy: 81.48148148148148
Sample: 92171
Question:
[[0 0 9 2 4 0 6 0 0]
 [0 0 6 9 8 1 2 0 0]
 [2 0 0 0 0 3 0 0 0]
 [0 0 8 0 9 0 4 7 0]
 [0 1 0 0 0 0 0 5 0]
 [0 0 0 0 0 0 0 0 2]
 [8 6 0 4 0 0 7 0 0]
 [0 0 7 0 0 0 0 0 4]
 [0 9 0 0 7 0 0 0 0]]
Solution:
[[3 1 8 6 5 9 0 4 7]
 [4 7 0 1 0 2 3 6 8]
 [6 9 0 7 0 4 1 5 2]
 [7 6 0 5 8 1 2 3 9]
 [9 3 0 2 4 6 7 8 5]
 [1 2 5 3 9 7 4 0 6]
 [0 0 9 4 2 0 5 7 1]
 [2 5 7 9 3 8 6 0 4]
 [0 8 4 0 1 5 9 2 3]]
Number of cells unfilled: 14
Accuracy: 82.71604938271605
Sample: 92172
Question:
[[2 0 7 0 0 3 9 0 1]
 [5 0 0 8 9 0 0 6 0]
 [0 0 0 7 0 0 5 0 3]
 [0 0 0 0 0 0 0 7 4]
 [7 0 0 2 0 1 0 0 0]
 [0 0 9 0 0 0 0 0 0]
 [0 0 1 0 2 9 0 0 5]
 [0 0 0 0 0 0 3 0 0]
 [9 3 0 0 5 7 0 0 0]]
Solution:
[[3 1 8 6 5 9 0 4 7]
 [4 9 0 1 0 2 3 6 8]
 [6 0 0 7 0 4 1 5 2]
 [7 6 0 5 8 1 2 3 9]
 [9 3 0 2 4 6 7 8 5]
 [1 2 5 3 9 7 4 0 6]
 [0 0 9 4 2 0 5 7 1]
 [2 5 7 9 3 8 6 0 4]
 [0 8 4 0 1 5 9 2 3]]
Number of cells unfilled: 15
Accuracy: 81.48148148148148
Sample: 92173
Question:
[[4 0 0 8 0 0 2 6 0]
 [0 0 0 0 0 0 0 0 0]
 [0 9 0 0 6 0 0 0 0]
 [3 0 0 2 0 0 5 0 0]
 [2 0 0 0 1 0 4 3 0]
 [0 0 7 3 0 0 0 0 0]
 [0 0 0 1 0 0 0 4 0]
 [6 0 0 0 0 3 8 1 0]
 [0 0 4 0 8 0 0 0 5]]
Solution:
[[3 1 8 6 5 9 0 4 7]
 [4 9 0 1 0 2 3 6 8]
 [6 0 0 7 0 4 1 9 2]
 [7 6 0 5 8 1 2 3 9]
 [9 3 0 2 4 6 7 8 5]
 [1 2 5 3 9 7 4 0 6]
 [0 0 9 4 2 0 5 7 1]
 [2 5 7 9 3 8 6 0 4]
 [0 8 4 0 1 5 9 2 3]]
Number of cells unfilled: 15
Accuracy: 81.48148148148148
Sample: 92174
Question:
[[5 0 0 0 3 6 0 8 0]
 [0 0 8 0 0 9 0 3 0]
 [0 7 3 0 0 0 2 0 0]
 [0 3 0 0 5 7 0 4 0]
 [0 0 5 0 6 0 0 0 0]
 [0 0 0 9 0 0 6 0 0]
 [0 0 0 0 0 0 0 0 0]
 [0 0 7 0 4 8 0 6 0]
 [4 0 0 0 0 0 0 0 1]]
Solution:
[[3 1 8 6 5 9 0 4 7]
 [4 7 0 1 0 2 3 9 8]
 [6 9 0 7 0 4 1 5 2]
 [7 6 0 5 8 1 2 3 9]
 [9 3 0 2 4 6 7 8 5]
 [1 2 5 3 9 7 4 0 6]
 [0 0 9 4 2 0 5 7 1]
 [2 5 7 9 3 8 6 0 4]
 [0 8 4 0 1 5 9 2 3]]
Number of cells unfilled: 14
Accuracy: 82.71604938271605
Sample: 92175
Question:
[[0 0 1 0 0 0 0 0 8]
 [0 5 0 0 0 8 9 0 0]
 [4 0 0 0 0 7 0 2 5]
 [0 3 4 0 0 0 0 0 0]
 [0 0 0 0 1 9 0 0 0]
 [2 0 0 0 0 6 0 7 0]
 [0 0 6 0 0 0 1 8 7]
 [0 4 0 0 0 1 0 0 6]
 [9 0 0 0 6 0 0 0 0]]
Solution:
[[3 1 8 6 5 9 0 4 7]
 [4 7 5 1 0 2 3 9 8]
 [6 9 0 7 0 4 1 5 2]
 [7 6 0 5 8 1 2 3 9]
 [9 3 0 2 4 6 7 8 5]
 [1 2 0 3 9 7 4 0 6]
 [0 0 9 4 2 0 5 7 1]
 [2 5 7 9 3 8 6 0 4]
 [0 8 4 0 1 5 9 2 3]]
Number of cells unfilled: 14
Accuracy: 82.71604938271605
Sample: 92176
Question:
[[6 0 4 5 0 0 2 8 0]
 [0 0 0 0 0 9 0 0 0]
 [0 1 0 0 0 0 9 0 7]
 [0 0 0 1 0 0 0 0 0]
 [4 6 0 0 2 0 1 0 0]
 [3 0 0 0 0 6 8 9 0]
 [0 0 8 0 0 0 7 0 0]
 [0 0 9 2 0 0 6 5 0]
 [0 0 0 3 0 0 0 0 0]]
Solution:
[[3 1 8 6 5 9 0 4 7]
 [4 7 0 8 0 2 3 6 0]
 [6 9 0 7 0 4 8 1 2]
 [7 6 0 5 8 1 2 3 9]
 [9 3 0 2 4 6 7 8 5]
 [1 2 5 3 9 7 4 0 6]
 [0 0 9 4 2 0 5 7 1]
 [2 5 7 9 3 8 6 0 4]
 [0 8 4 0 1 5 9 2 3]]
Number of cells unfilled: 15
Accuracy: 81.48148148148148
Sample: 92177
Question:
[[1 0 0 0 8 5 0 0 0]
 [0 0 0 0 0 0 0 7 0]
 [0 0 3 9 0 0 0 0 2]
 [8 0 0 0 4 0 0 0 0]
 [0 0 6 3 0 0 0 2 0]
 [0 0 0 0 5 0 0 0 0]
 [0 0 9 6 0 0 2 0 0]
 [0 0 0 0 0 4 0 9 7]
 [0 1 0 0 0 0 0 3 6]]
Solution:
[[3 1 8 6 5 9 0 4 7]
 [4 9 0 1 0 2 3 6 8]
 [6 0 0 7 0 4 1 9 2]
 [7 6 0 5 8 1 2 3 9]
 [9 3 0 2 4 6 7 8 5]
 [1 2 5 3 9 7 4 0 6]
 [0 0 9 4 2 0 5 7 1]
 [2 5 7 9 3 8 6 0 4]
 [0 8 4 0 1 5 9 2 3]]
Number of cells unfilled: 15
Accuracy: 81.48148148148148
Sample: 92178
Question:
[[0 0 0 0 9 0 0 6 4]
 [0 6 1 0 4 0 2 0 0]
 [0 0 0 2 0 0 0 8 0]
 [2 0 0 0 0 9 0 1 0]
 [7 0 0 6 0 0 5 0 0]
 [1 9 0 3 0 0 0 0 0]
 [6 0 0 8 0 0 0 0 0]
 [0 0 0 0 0 2 0 0 3]
 [0 2 8 4 0 7 6 0 0]]
Solution:
[[3 1 8 6 5 9 0 4 7]
 [4 7 0 8 0 2 3 6 0]
 [6 9 0 7 0 4 1 5 2]
 [7 6 0 5 8 1 2 3 9]
 [9 3 0 2 4 6 7 8 5]
 [1 2 5 3 9 7 4 0 6]
 [0 0 9 4 2 0 5 7 1]
 [2 5 7 9 3 8 6 0 4]
 [0 8 4 0 1 5 9 2 3]]
Number of cells unfilled: 15
Accuracy: 81.48148148148148
Sample: 92179
Question:
[[9 5 0 8 1 0 0 6 0]
 [2 0 0 0 3 0 0 0 0]
 [0 8 3 0 0 5 2 0 0]
 [0 0 0 0 0 9 0 0 0]
 [0 0 1 0 8 6 0 0 4]
 [0 0 5 0 4 0 9 0 3]
 [0 0 7 0 0 0 8 5 0]
 [6 0 0 0 0 0 7 0 1]
 [0 0 0 0 0 0 0 0 6]]
Solution:
[[3 1 8 6 5 9 0 4 7]
 [4 7 0 8 0 2 3 1 0]
 [6 9 0 7 0 4 8 5 2]
 [7 6 0 5 8 1 2 3 9]
 [9 3 0 2 4 6 7 8 5]
 [1 2 5 3 9 7 4 0 6]
 [0 0 9 4 2 0 5 7 1]
 [2 5 7 9 3 8 6 0 4]
 [0 8 4 0 1 5 9 2 3]]
Number of cells unfilled: 15
Accuracy: 81.48148148148148
Sample: 92180
Question:
[[0 0 0 0 0 0 1 0 0]
 [0 0 0 4 0 9 7 0 0]
 [0 0 0 0 3 5 0 0 4]
 [9 0 0 6 0 0 0 4 0]
 [8 6 0 1 0 0 0 0 0]
 [4 0 0 0 2 7 5 0 0]
 [3 0 4 0 0 0 0 0 6]
 [0 0 7 0 0 0 8 0 0]
 [0 0 1 0 0 0 0 0 5]]
Solution:
[[3 1 8 6 5 9 0 4 7]
 [4 7 0 8 0 2 3 9 0]
 [6 9 0 7 0 4 1 5 2]
 [7 6 0 5 8 1 2 3 9]
 [9 3 0 2 4 6 7 8 5]
 [1 2 5 3 9 7 4 0 6]
 [0 0 9 4 2 0 5 7 1]
 [2 5 7 9 3 8 6 0 4]
 [0 8 4 0 1 5 9 2 3]]
Number of cells unfilled: 15
Accuracy: 81.48148148148148
Sample: 92181
Question:
[[0 2 0 0 0 5 0 9 0]
 [0 0 0 6 8 0 0 0 3]
 [0 0 0 2 9 0 0 0 7]
 [6 0 0 0 0 0 0 0 4]
 [0 0 1 0 0 0 3 0 0]
 [0 9 0 0 2 0 0 8 0]
 [0 5 0 8 0 0 0 6 0]
 [7 0 0 0 5 0 0 0 1]
 [0 0 4 0 0 0 0 0 0]]
Solution:
[[3 1 8 6 5 9 0 4 7]
 [4 7 0 8 0 2 3 6 0]
 [6 9 0 7 0 4 8 5 2]
 [7 6 0 5 8 1 2 3 9]
 [9 3 0 2 4 6 7 8 5]
 [1 2 5 3 9 7 4 0 6]
 [0 0 9 4 2 0 5 7 1]
 [2 5 7 9 3 8 6 0 4]
 [0 8 4 0 1 5 9 2 3]]
Number of cells unfilled: 15
Accuracy: 81.48148148148148
Sample: 92182
Question:
[[0 0 1 0 0 0 8 0 0]
 [0 2 3 0 1 9 0 0 0]
 [0 5 0 0 0 6 0 0 0]
 [5 0 0 0 0 0 6 1 7]
 [0 0 0 0 0 0 2 0 0]
 [0 0 0 0 7 8 4 0 5]
 [0 0 0 0 6 0 1 0 0]
 [9 6 0 0 0 0 0 0 0]
 [0 0 8 4 0 2 0 3 0]]
Solution:
[[3 1 8 6 5 9 0 4 7]
 [4 9 0 1 0 2 3 5 8]
 [6 0 0 7 0 4 1 9 2]
 [7 6 0 5 8 1 2 3 9]
 [9 3 0 2 4 6 7 8 5]
 [1 2 5 3 9 7 4 0 6]
 [0 0 9 4 2 0 5 7 1]
 [2 5 7 9 3 8 6 0 4]
 [0 8 4 0 1 5 9 2 3]]
Number of cells unfilled: 15
Accuracy: 81.48148148148148
Sample: 92183
Question:
[[0 0 0 0 1 7 4 0 0]
 [0 0 0 6 0 0 0 0 0]
 [0 0 1 0 8 0 2 7 0]
 [0 0 5 8 0 0 0 0 0]
 [0 0 0 0 0 0 0 0 9]
 [0 2 0 0 3 0 1 5 0]
 [0 1 2 0 0 0 0 0 7]
 [5 0 0 0 2 0 3 4 0]
 [0 4 3 0 0 8 0 0 0]]
Solution:
[[3 1 8 6 5 9 0 4 7]
 [4 9 0 8 0 2 3 1 0]
 [6 0 0 7 0 4 8 5 2]
 [7 6 0 5 8 1 2 3 9]
 [9 3 0 2 4 6 7 8 5]
 [1 2 5 3 9 7 4 0 6]
 [0 0 9 4 2 0 5 7 1]
 [2 5 7 9 3 8 6 0 4]
 [0 8 4 0 1 5 9 2 3]]
Number of cells unfilled: 16
Accuracy: 80.24691358024691
Sample: 92184
Question:
[[0 5 0 0 0 0 0 0 0]
 [2 0 6 0 5 8 0 0 0]
 [8 0 7 6 0 0 0 0 5]
 [6 0 0 4 0 0 9 0 0]
 [0 7 0 0 0 2 0 0 8]
 [0 0 0 0 0 0 0 1 0]
 [0 6 0 0 0 7 0 0 2]
 [0 0 0 1 0 0 0 3 0]
 [0 0 3 0 9 0 4 0 0]]
Solution:
[[3 1 8 6 5 9 0 4 7]
 [4 7 0 1 0 2 3 9 8]
 [6 9 0 7 0 4 1 5 2]
 [7 6 0 5 8 1 2 3 9]
 [9 3 0 2 4 6 7 8 5]
 [1 2 5 3 9 7 4 0 6]
 [0 0 9 4 2 0 5 7 1]
 [2 5 7 9 3 8 6 0 4]
 [0 8 4 0 1 5 9 2 3]]
Number of cells unfilled: 14
Accuracy: 82.71604938271605
Sample: 92185
Question:
[[2 9 0 0 0 0 0 0 0]
 [0 0 8 0 2 0 0 4 0]
 [0 7 0 0 1 4 9 0 0]
 [0 2 0 0 0 0 0 5 6]
 [0 0 6 0 0 3 0 0 7]
 [0 0 0 0 0 6 3 0 0]
 [0 0 0 6 3 7 0 0 9]
 [0 8 0 4 0 0 0 7 0]
 [5 0 0 0 0 8 0 0 0]]
Solution:
[[3 1 8 6 5 9 0 4 7]
 [4 9 0 1 0 2 3 5 8]
 [6 0 0 7 0 4 1 9 2]
 [7 6 0 5 8 1 2 3 9]
 [9 3 0 2 4 6 7 8 5]
 [1 2 5 3 9 7 4 0 6]
 [0 0 9 4 2 0 5 7 1]
 [2 5 7 9 3 8 6 0 4]
 [0 8 4 0 1 5 9 2 3]]
Number of cells unfilled: 15
Accuracy: 81.48148148148148
Sample: 92186
Question:
[[0 0 0 0 0 0 0 3 0]
 [0 0 0 0 8 0 0 4 2]
 [0 4 0 3 7 2 5 0 0]
 [0 0 1 0 0 0 6 0 0]
 [0 0 0 0 0 0 0 0 0]
 [0 7 0 5 0 6 0 2 0]
 [7 0 0 0 9 0 0 0 0]
 [0 0 4 7 0 0 0 5 0]
 [0 6 0 2 0 4 0 0 3]]
Solution:
[[3 1 8 6 5 9 0 4 7]
 [4 7 0 8 0 2 3 1 0]
 [6 9 0 7 0 4 8 5 2]
 [7 6 0 5 8 1 2 3 9]
 [9 3 0 2 4 6 7 8 5]
 [1 2 5 3 9 7 4 0 6]
 [0 0 9 4 2 0 5 7 1]
 [2 5 7 9 3 8 6 0 4]
 [0 8 4 0 1 5 9 2 3]]
Number of cells unfilled: 15
Accuracy: 81.48148148148148
Sample: 92187
Question:
[[0 0 0 0 0 3 0 0 0]
 [8 3 1 9 0 0 4 0 0]
 [0 0 2 0 5 0 0 0 0]
 [1 9 0 5 0 0 0 8 0]
 [0 5 0 0 0 0 1 0 0]
 [0 0 0 0 0 7 0 0 9]
 [0 0 6 0 0 0 8 3 0]
 [4 8 0 3 0 0 0 0 1]
 [0 0 0 0 0 0 0 4 0]]
Solution:
[[3 1 8 6 5 9 0 4 7]
 [4 7 0 8 0 2 3 6 0]
 [6 9 0 7 0 4 8 5 2]
 [7 6 0 5 8 1 2 3 9]
 [9 3 0 2 4 6 7 8 5]
 [1 2 5 3 9 7 4 0 6]
 [0 0 9 4 2 0 5 7 1]
 [2 5 7 9 3 8 6 0 4]
 [0 8 4 0 1 5 9 2 3]]
Number of cells unfilled: 15
Accuracy: 81.48148148148148
Sample: 92188
Question:
[[0 0 0 0 0 8 0 0 0]
 [0 0 3 1 0 4 0 0 0]
 [1 8 0 0 7 0 4 0 0]
 [6 0 0 7 0 0 0 0 0]
 [9 7 0 0 0 1 6 0 0]
 [0 0 1 0 9 0 0 0 5]
 [0 0 0 0 0 0 0 0 0]
 [0 0 2 0 0 0 0 6 0]
 [4 1 7 8 0 0 9 0 0]]
Solution:
[[3 1 8 6 5 9 0 4 7]
 [4 7 0 8 0 2 3 9 0]
 [6 9 0 7 0 4 8 1 2]
 [7 6 0 5 8 1 2 3 9]
 [9 3 0 2 4 6 7 8 5]
 [1 2 5 3 9 7 4 0 6]
 [0 0 9 4 2 0 5 7 1]
 [2 5 7 9 3 8 6 0 4]
 [0 8 4 0 1 5 9 2 3]]
Number of cells unfilled: 15
Accuracy: 81.48148148148148
Sample: 92189
Question:
[[0 0 3 1 0 0 0 0 0]
 [9 0 0 0 0 0 0 6 0]
 [5 6 0 0 0 9 3 0 0]
 [0 0 0 0 0 0 0 0 4]
 [0 0 5 0 0 4 0 1 0]
 [0 0 0 7 0 0 0 0 0]
 [2 0 4 9 0 0 0 0 8]
 [0 0 6 0 0 3 4 9 0]
 [0 0 9 0 0 1 0 5 0]]
Solution:
[[3 1 8 6 5 9 0 4 7]
 [4 7 0 8 0 2 3 1 0]
 [6 9 0 7 0 4 8 5 2]
 [7 6 0 5 8 1 2 3 9]
 [9 3 0 2 4 6 7 8 5]
 [1 2 5 3 9 7 4 0 6]
 [0 0 9 4 2 0 5 7 1]
 [2 5 7 9 3 8 6 0 4]
 [0 8 4 0 1 5 9 2 3]]
Number of cells unfilled: 15
Accuracy: 81.48148148148148
Sample: 92190
Question:
[[0 0 4 0 0 0 0 1 8]
 [0 0 0 0 0 0 0 0 0]
 [0 1 0 0 0 5 6 7 0]
 [0 0 0 6 0 7 0 0 2]
 [0 6 0 0 3 0 7 5 0]
 [4 0 0 5 0 0 0 0 0]
 [0 0 0 0 0 3 0 0 0]
 [0 4 0 7 0 0 1 3 0]
 [9 0 0 0 1 0 0 0 7]]
Solution:
[[3 1 8 6 5 9 0 4 7]
 [4 7 0 1 0 2 3 6 8]
 [6 9 0 7 0 4 1 5 2]
 [7 6 0 5 8 1 2 3 9]
 [9 3 0 2 4 6 7 8 5]
 [1 2 5 3 9 7 4 0 6]
 [0 0 9 4 2 0 5 7 1]
 [2 5 7 9 3 8 6 0 4]
 [0 8 4 0 1 5 9 2 3]]
Number of cells unfilled: 14
Accuracy: 82.71604938271605
Sample: 92191
Question:
[[0 0 5 4 0 0 0 8 0]
 [0 0 0 0 8 0 0 0 0]
 [8 0 0 0 0 0 0 0 3]
 [0 1 0 0 9 0 0 0 6]
 [0 0 6 5 0 0 0 4 0]
 [0 0 7 6 0 8 0 2 0]
 [7 5 0 0 0 0 0 6 0]
 [0 6 0 7 0 0 2 0 0]
 [0 0 2 0 0 0 0 0 4]]
Solution:
[[3 1 8 6 5 9 0 4 7]
 [4 7 0 1 0 2 3 9 8]
 [6 9 0 7 0 4 1 5 2]
 [7 6 0 5 8 1 2 3 9]
 [9 3 0 2 4 6 7 8 5]
 [1 2 5 3 9 7 4 0 6]
 [0 0 9 4 2 0 5 7 1]
 [2 5 7 9 3 8 6 0 4]
 [0 8 4 0 1 5 9 2 3]]
Number of cells unfilled: 14
Accuracy: 82.71604938271605
Sample: 92192
Question:
[[0 0 7 0 0 0 9 0 0]
 [0 8 0 0 0 4 0 2 0]
 [0 6 0 0 0 3 0 8 0]
 [0 3 0 0 0 5 0 6 0]
 [0 0 5 0 0 0 0 0 0]
 [6 0 0 0 1 0 0 0 5]
 [0 0 0 0 3 0 0 4 0]
 [0 2 0 4 0 0 8 0 0]
 [0 0 0 0 0 8 6 0 2]]
Solution:
[[3 1 8 6 5 9 0 4 7]
 [4 9 0 1 0 2 3 6 8]
 [6 0 0 7 0 4 1 5 2]
 [7 6 0 5 8 1 2 3 9]
 [9 3 0 2 4 6 7 8 5]
 [1 2 5 3 9 7 4 0 6]
 [0 0 9 4 2 0 5 7 1]
 [2 5 7 9 3 8 6 0 4]
 [0 8 4 0 1 5 9 2 3]]
Number of cells unfilled: 15
Accuracy: 81.48148148148148
Sample: 92193
Question:
[[0 0 8 6 0 0 0 0 0]
 [0 0 0 0 0 0 6 0 0]
 [0 6 0 0 7 0 0 8 1]
 [0 3 0 5 0 7 0 0 0]
 [4 0 0 0 0 3 0 0 5]
 [0 0 1 0 4 0 0 0 0]
 [0 0 3 0 0 9 2 0 0]
 [0 1 0 0 3 0 0 0 7]
 [0 4 0 0 5 0 0 0 3]]
Solution:
[[3 1 8 6 5 9 0 4 7]
 [4 7 0 1 0 2 3 9 8]
 [6 9 0 7 0 4 1 5 2]
 [7 6 0 5 8 1 2 3 9]
 [9 3 0 2 4 6 7 8 5]
 [1 2 5 3 9 7 4 0 6]
 [0 0 9 4 2 0 5 7 1]
 [2 5 7 9 3 8 6 0 4]
 [0 8 4 0 1 5 9 2 3]]
Number of cells unfilled: 14
Accuracy: 82.71604938271605
Sample: 92194
Question:
[[0 0 9 0 7 0 0 8 0]
 [4 0 0 0 0 2 7 0 0]
 [7 0 0 9 0 6 3 0 0]
 [0 0 0 0 1 0 0 0 5]
 [0 0 5 0 0 0 0 0 0]
 [2 0 0 0 0 5 4 0 0]
 [0 0 0 0 0 7 0 4 3]
 [0 0 0 0 2 0 6 0 0]
 [3 0 0 6 0 0 0 7 0]]
Solution:
[[3 1 8 6 5 9 0 4 7]
 [4 9 0 1 0 2 3 5 8]
 [6 0 0 7 0 4 1 9 2]
 [7 6 0 5 8 1 2 3 9]
 [9 3 0 2 4 6 7 8 5]
 [1 2 5 3 9 7 4 0 6]
 [0 0 9 4 2 0 5 7 1]
 [2 5 7 9 3 8 6 0 4]
 [0 8 4 0 1 5 9 2 3]]
Number of cells unfilled: 15
Accuracy: 81.48148148148148
Sample: 92195
Question:
[[0 4 8 0 0 2 0 0 7]
 [0 0 2 0 0 0 0 4 0]
 [7 0 0 0 1 0 0 0 0]
 [2 0 0 9 0 1 0 8 0]
 [4 0 0 0 0 7 0 2 9]
 [0 0 5 0 2 0 3 0 0]
 [0 0 0 0 0 0 9 0 0]
 [8 0 0 0 0 9 0 1 0]
 [0 0 0 0 6 0 0 0 0]]
Solution:
[[3 1 8 6 5 9 0 4 7]
 [4 7 0 1 0 2 3 6 8]
 [6 9 0 7 0 4 1 5 2]
 [7 6 0 5 8 1 2 3 9]
 [9 3 0 2 4 6 7 8 5]
 [1 2 5 3 9 7 4 0 6]
 [0 0 9 4 2 0 5 7 1]
 [2 5 7 9 3 8 6 0 4]
 [0 8 4 0 1 5 9 2 3]]
Number of cells unfilled: 14
Accuracy: 82.71604938271605
Sample: 92196
Question:
[[0 6 0 0 0 7 9 0 0]
 [0 0 0 1 0 0 0 6 0]
 [0 0 0 0 0 0 0 0 7]
 [5 0 0 0 0 0 8 0 0]
 [6 0 0 0 0 5 0 2 0]
 [0 2 0 9 8 0 0 0 0]
 [0 8 0 0 0 2 5 7 0]
 [4 0 0 0 0 0 0 0 3]
 [0 5 0 0 0 9 6 0 0]]
Solution:
[[3 1 8 6 5 9 0 4 7]
 [4 7 0 1 0 2 3 9 8]
 [6 9 0 7 0 4 1 5 2]
 [7 6 0 5 8 1 2 3 9]
 [9 3 0 2 4 6 7 8 5]
 [1 2 5 3 9 7 4 0 6]
 [0 0 9 4 2 0 5 7 1]
 [2 5 7 9 3 8 6 0 4]
 [0 8 4 0 1 5 9 2 3]]
Number of cells unfilled: 14
Accuracy: 82.71604938271605
Sample: 92197
Question:
[[2 0 0 0 8 0 0 9 0]
 [0 0 6 0 0 0 2 0 0]
 [0 9 0 0 0 2 0 1 8]
 [0 0 0 4 0 0 0 0 0]
 [0 0 7 0 0 0 0 0 4]
 [0 4 0 0 6 0 1 0 0]
 [0 0 9 5 0 0 0 3 0]
 [0 6 0 0 1 0 9 0 0]
 [0 2 0 0 9 0 8 0 0]]
Solution:
[[3 1 8 6 5 9 0 4 7]
 [4 7 0 8 0 2 3 9 0]
 [6 9 0 7 0 4 1 5 2]
 [7 6 0 5 8 1 2 3 9]
 [9 3 0 2 4 6 7 8 5]
 [1 2 5 3 9 7 4 0 6]
 [0 0 9 4 2 0 5 7 1]
 [2 5 7 9 3 8 6 0 4]
 [0 8 4 0 1 5 9 2 3]]
Number of cells unfilled: 15
Accuracy: 81.48148148148148
Sample: 92198
Question:
[[4 8 0 0 0 0 0 0 6]
 [0 0 1 0 8 0 2 4 0]
 [0 2 0 0 0 0 0 0 0]
 [0 0 0 0 0 0 0 3 0]
 [0 4 0 0 3 0 1 5 0]
 [0 0 5 7 0 0 0 0 0]
 [0 0 0 0 0 3 0 0 9]
 [0 1 0 8 0 0 3 0 0]
 [2 0 0 0 5 0 4 8 0]]
Solution:
[[3 1 8 6 5 9 0 4 7]
 [4 7 0 8 0 2 3 6 0]
 [6 9 0 7 0 4 1 5 2]
 [7 6 0 5 8 1 2 3 9]
 [9 3 0 2 4 6 7 8 5]
 [1 2 5 3 9 7 4 0 6]
 [0 0 9 4 2 0 5 7 1]
 [2 5 7 9 3 8 6 0 4]
 [0 8 4 0 1 5 9 2 3]]
Number of cells unfilled: 15
Accuracy: 81.48148148148148
Sample: 92199
Question:
[[0 0 9 0 0 6 8 0 0]
 [0 2 0 7 0 0 0 0 6]
 [0 5 0 3 0 0 0 0 0]
 [0 0 0 5 0 0 6 0 1]
 [0 7 0 0 0 0 0 0 4]
 [0 0 6 0 0 4 0 8 0]
 [0 0 0 0 3 0 4 0 0]
 [0 0 4 0 0 1 0 0 8]
 [2 0 0 0 0 0 0 9 0]]
Solution:
[[3 1 8 6 5 9 0 4 7]
 [4 7 0 8 0 2 3 9 0]
 [6 9 0 7 0 4 8 1 2]
 [7 6 0 5 8 1 2 3 9]
 [9 3 0 2 4 6 7 8 5]
 [1 2 5 3 9 7 4 0 6]
 [0 0 9 4 2 0 5 7 1]
 [2 5 7 9 3 8 6 0 4]
 [0 8 4 0 1 5 9 2 3]]
Number of cells unfilled: 15
Accuracy: 81.48148148148148
Sample: 92200
Question:
[[0 1 0 6 0 0 0 0 7]
 [0 0 0 0 0 2 3 0 0]
 [6 0 0 0 0 4 0 0 2]
 [7 0 0 5 0 1 0 3 0]
 [9 0 0 2 0 0 0 8 0]
 [0 0 0 0 9 7 4 0 6]
 [0 0 9 0 2 0 5 0 0]
 [0 0 7 0 0 0 6 0 0]
 [0 0 4 0 1 5 0 0 0]]
Solution:
[[3 1 8 6 5 9 0 4 7]
 [4 7 0 8 0 2 3 6 0]
 [6 9 0 7 0 4 8 5 2]
 [7 6 0 5 8 1 2 3 9]
 [9 3 0 2 4 6 7 8 5]
 [1 2 5 3 9 7 4 0 6]
 [0 0 9 4 2 0 5 7 1]
 [2 5 7 9 3 8 6 0 4]
 [0 8 4 0 1 5 9 2 3]]
Number of cells unfilled: 15
Accuracy: 81.48148148148148
