2025-10-22 16:59:32.180114: I tensorflow/core/util/port.cc:153] oneDNN custom operations are on. You may see slightly different numerical results due to floating-point round-off errors from different computation orders. To turn them off, set the environment variable `TF_ENABLE_ONEDNN_OPTS=0`.
2025-10-22 16:59:32.815142: I tensorflow/core/platform/cpu_feature_guard.cc:210] This TensorFlow binary is optimized to use available CPU instructions in performance-critical operations.
To enable the following instructions: AVX2 AVX512F AVX512_VNNI FMA, in other operations, rebuild TensorFlow with the appropriate compiler flags.
2025-10-22 16:59:38.957521: I tensorflow/core/util/port.cc:153] oneDNN custom operations are on. You may see slightly different numerical results due to floating-point round-off errors from different computation orders. To turn them off, set the environment variable `TF_ENABLE_ONEDNN_OPTS=0`.
2025-10-22 16:59:46.130014: E external/local_xla/xla/stream_executor/cuda/cuda_platform.cc:51] failed call to cuInit: INTERNAL: CUDA error: Failed call to cuInit: UNKNOWN ERROR (303)
Sample: 93001
Question:
[[0 7 0 0 0 5 0 0 0]
 [8 0 0 1 0 0 7 0 0]
 [1 0 0 0 8 0 0 0 9]
 [0 0 3 7 0 0 8 0 0]
 [0 0 0 0 3 0 0 2 0]
 [0 8 0 5 0 0 0 4 0]
 [0 0 7 0 0 0 1 0 0]
 [6 0 9 8 0 0 0 3 0]
 [0 0 0 0 9 4 0 0 2]]
Solution:
[[3 2 8 6 5 9 0 4 1]
 [9 0 6 7 3 1 0 2 8]
 [0 7 1 4 0 2 3 5 9]
 [8 0 4 9 1 3 7 6 2]
 [2 5 7 8 4 0 9 0 3]
 [0 9 3 2 6 5 8 1 4]
 [6 3 2 0 8 4 5 9 7]
 [5 4 9 1 7 0 2 8 6]
 [7 8 0 3 2 6 4 0 0]]
Number of cells unfilled: 14
Accuracy: 82.71604938271605
Sample: 93002
Question:
[[0 0 0 2 7 0 0 0 0]
 [0 0 0 0 0 0 7 9 0]
 [0 0 5 0 0 4 0 0 1]
 [0 1 0 0 0 5 0 0 8]
 [5 0 0 8 0 0 9 0 0]
 [8 0 4 0 6 0 0 0 0]
 [4 0 0 0 0 3 0 0 7]
 [0 0 1 0 2 0 3 0 0]
 [0 3 0 4 0 0 6 0 0]]
Solution:
[[3 2 8 6 5 9 1 4 0]
 [9 4 6 7 3 1 8 2 0]
 [0 7 1 4 2 8 3 5 9]
 [8 0 4 9 1 3 7 6 5]
 [2 5 7 8 4 0 9 0 3]
 [0 9 3 2 6 5 0 1 4]
 [1 3 2 0 8 4 5 9 7]
 [5 0 9 1 7 2 0 8 6]
 [7 8 0 3 9 6 4 0 1]]
Number of cells unfilled: 13
Accuracy: 83.9506172839506
Sample: 93003
Question:
[[0 0 9 0 0 1 7 0 0]
 [0 3 0 0 0 0 0 4 0]
 [7 0 0 9 0 0 0 0 6]
 [2 0 0 6 0 8 0 0 1]
 [0 0 6 5 0 0 8 0 0]
 [0 8 0 0 0 2 0 0 0]
 [0 0 2 0 0 0 5 0 0]
 [0 4 0 0 0 0 0 3 0]
 [5 0 0 1 0 0 0 0 7]]
Solution:
[[3 2 8 6 0 9 1 4 0]
 [9 0 6 7 3 1 0 2 8]
 [0 7 1 4 2 8 3 5 9]
 [8 0 4 9 1 3 7 6 5]
 [2 5 7 8 4 0 9 0 3]
 [0 9 3 2 6 5 8 1 4]
 [6 3 2 0 8 4 5 0 7]
 [5 4 9 1 7 2 0 3 6]
 [7 8 0 3 5 6 4 9 1]]
Number of cells unfilled: 13
Accuracy: 83.9506172839506
Sample: 93004
Question:
[[0 0 7 0 9 8 0 0 0]
 [2 0 0 1 0 0 0 0 0]
 [0 0 0 0 0 6 0 0 1]
 [9 0 4 8 6 0 0 0 0]
 [0 8 0 0 3 0 7 4 0]
 [0 0 0 0 0 0 3 0 0]
 [0 1 0 0 0 0 4 9 6]
 [0 6 5 0 0 4 0 1 0]
 [0 0 0 0 0 0 0 7 0]]
Solution:
[[3 2 8 6 5 9 0 4 1]
 [9 4 6 7 3 1 8 2 0]
 [0 7 1 4 2 8 3 5 9]
 [8 0 4 9 1 3 7 6 5]
 [2 5 7 8 4 0 9 0 3]
 [0 9 3 2 6 5 0 1 8]
 [1 3 2 0 8 4 5 9 7]
 [5 0 9 1 7 2 0 3 6]
 [7 8 0 3 9 6 4 0 2]]
Number of cells unfilled: 13
Accuracy: 83.9506172839506
Sample: 93005
Question:
[[0 9 0 0 6 0 0 7 0]
 [2 0 0 0 0 0 4 0 0]
 [8 0 1 9 0 0 0 3 0]
 [7 0 0 0 1 0 0 0 0]
 [6 0 8 2 0 0 0 0 3]
 [0 5 2 0 0 0 0 0 0]
 [0 0 0 0 0 7 0 0 8]
 [0 0 0 0 2 6 3 9 5]
 [1 0 0 0 3 0 6 0 0]]
Solution:
[[3 2 8 6 0 9 0 4 1]
 [9 0 6 5 3 7 0 2 0]
 [0 7 1 4 2 8 3 5 9]
 [8 0 4 9 1 3 7 6 5]
 [2 5 7 8 4 0 9 0 3]
 [0 9 3 2 6 5 0 1 8]
 [1 3 2 0 8 4 5 9 7]
 [5 4 9 1 7 2 8 3 6]
 [7 8 0 3 5 6 4 0 2]]
Number of cells unfilled: 14
Accuracy: 82.71604938271605
Sample: 93006
Question:
[[0 0 2 0 6 0 3 0 0]
 [0 0 0 5 0 7 0 6 0]
 [0 0 0 1 0 0 0 0 0]
 [3 0 0 8 0 5 1 0 4]
 [8 0 0 0 0 0 0 0 0]
 [0 4 0 9 0 0 0 0 5]
 [2 9 0 6 0 0 0 5 0]
 [0 0 0 0 0 8 0 1 0]
 [4 0 0 7 0 0 0 0 3]]
Solution:
[[3 0 8 6 2 9 0 4 1]
 [9 0 6 7 3 1 0 2 5]
 [0 7 1 4 5 8 3 0 9]
 [8 0 4 9 1 3 7 6 2]
 [2 5 7 8 4 0 9 0 3]
 [0 9 3 2 6 5 8 1 4]
 [6 3 2 0 8 4 5 9 7]
 [5 4 9 1 7 2 0 8 6]
 [7 8 0 3 9 6 4 0 0]]
Number of cells unfilled: 15
Accuracy: 81.48148148148148
Sample: 93007
Question:
[[0 0 0 0 0 0 0 0 6]
 [1 0 0 0 0 7 0 4 0]
 [0 0 5 4 9 0 0 0 0]
 [4 0 8 7 0 0 0 1 0]
 [0 3 0 0 1 0 0 0 0]
 [5 0 0 0 0 8 0 0 9]
 [9 0 0 0 7 0 0 2 4]
 [0 5 0 0 0 2 0 0 0]
 [2 0 6 9 0 0 3 0 0]]
Solution:
[[3 2 8 6 5 9 1 4 0]
 [9 0 6 7 3 1 8 2 5]
 [0 7 1 4 2 8 3 0 9]
 [8 0 4 9 1 3 7 6 2]
 [2 5 7 8 4 0 9 0 3]
 [0 9 3 2 6 5 0 1 8]
 [1 3 2 0 8 4 5 9 7]
 [5 4 9 1 7 2 0 3 6]
 [7 8 0 3 9 6 4 0 1]]
Number of cells unfilled: 13
Accuracy: 83.9506172839506
Sample: 93008
Question:
[[7 0 0 8 6 5 0 3 0]
 [0 0 0 0 7 0 2 0 0]
 [0 0 0 0 0 0 6 0 0]
 [0 0 0 0 5 2 0 1 4]
 [0 8 0 0 0 1 0 0 0]
 [2 0 0 0 9 0 0 0 0]
 [0 0 9 5 0 0 0 7 0]
 [3 0 0 0 2 0 4 0 5]
 [0 2 0 0 3 0 0 0 0]]
Solution:
[[3 2 8 6 0 9 0 4 1]
 [9 0 6 5 3 1 0 2 0]
 [0 7 1 4 2 8 3 5 9]
 [8 0 4 9 1 3 7 6 5]
 [2 5 7 8 4 0 9 0 3]
 [0 9 3 2 6 5 0 1 8]
 [6 3 2 0 8 4 5 9 7]
 [5 4 9 1 7 2 8 3 6]
 [1 8 0 3 5 6 4 0 2]]
Number of cells unfilled: 14
Accuracy: 82.71604938271605
Sample: 93009
Question:
[[6 0 0 0 0 3 0 0 0]
 [9 4 0 0 6 0 0 2 0]
 [0 0 1 0 0 0 6 0 0]
 [0 0 0 0 3 0 0 0 0]
 [8 7 0 0 2 0 9 0 0]
 [0 0 0 0 7 5 0 0 0]
 [2 9 0 0 4 0 0 0 6]
 [0 0 8 0 0 0 7 4 0]
 [0 0 4 0 0 0 2 9 0]]
Solution:
[[3 2 8 6 5 9 1 4 0]
 [9 4 6 7 3 1 8 2 5]
 [0 7 1 4 0 2 3 0 9]
 [8 0 4 9 1 3 7 6 2]
 [2 5 7 8 4 0 9 0 3]
 [0 9 3 2 6 5 0 1 4]
 [1 3 2 0 8 4 5 9 7]
 [5 0 9 1 7 0 2 3 6]
 [7 8 0 3 2 6 4 0 1]]
Number of cells unfilled: 14
Accuracy: 82.71604938271605
Sample: 93010
Question:
[[0 4 0 3 9 0 0 6 0]
 [8 3 0 0 0 0 0 0 0]
 [0 0 1 0 7 0 0 0 4]
 [3 0 0 4 0 0 0 0 7]
 [0 0 0 0 3 9 0 2 0]
 [0 2 0 0 0 0 0 0 0]
 [0 0 0 0 0 7 0 9 2]
 [0 9 0 0 0 5 0 8 0]
 [0 0 4 0 2 0 5 0 0]]
Solution:
[[3 0 8 6 2 9 0 4 1]
 [9 4 6 7 3 1 0 2 8]
 [0 7 1 4 5 8 3 0 9]
 [8 0 4 9 1 3 7 6 5]
 [2 5 7 8 4 0 9 0 3]
 [0 9 3 2 6 5 8 1 4]
 [6 3 2 0 8 4 5 9 7]
 [5 0 9 1 7 2 0 8 6]
 [7 8 0 3 9 6 4 0 2]]
Number of cells unfilled: 14
Accuracy: 82.71604938271605
Sample: 93011
Question:
[[7 0 0 2 0 0 0 0 3]
 [0 0 0 5 0 0 2 0 0]
 [0 0 4 0 0 3 0 6 0]
 [9 0 0 0 0 1 3 0 6]
 [0 0 0 0 0 0 0 1 0]
 [0 0 1 0 3 0 9 0 4]
 [0 0 0 0 0 0 0 0 8]
 [0 0 3 0 0 6 0 9 0]
 [5 8 0 0 7 0 0 0 0]]
Solution:
[[3 2 8 6 0 9 1 4 0]
 [9 4 6 7 3 1 8 2 5]
 [0 7 1 4 5 8 3 0 9]
 [8 0 4 9 1 3 7 6 2]
 [2 5 7 8 4 0 9 0 3]
 [0 9 3 2 6 5 0 1 8]
 [1 3 2 0 8 4 5 0 7]
 [5 0 9 1 7 0 2 8 6]
 [7 8 0 3 2 6 4 9 1]]
Number of cells unfilled: 14
Accuracy: 82.71604938271605
Sample: 93012
Question:
[[4 0 0 0 0 3 0 7 9]
 [0 0 0 0 2 0 3 5 0]
 [0 0 0 0 0 8 0 0 1]
 [0 0 8 0 9 0 0 2 0]
 [2 0 3 0 4 5 0 0 7]
 [0 0 5 0 0 0 9 0 3]
 [0 0 0 0 0 0 0 0 0]
 [0 0 0 0 1 0 6 0 0]
 [8 2 1 9 0 0 7 0 0]]
Solution:
[[3 2 8 6 0 9 0 4 0]
 [9 0 6 5 3 7 1 2 8]
 [0 7 1 4 2 8 3 5 9]
 [8 0 4 9 1 3 7 6 5]
 [2 5 7 8 4 0 9 0 3]
 [0 9 3 2 6 5 0 1 4]
 [6 3 2 0 8 4 5 9 7]
 [5 4 9 1 7 2 8 3 6]
 [7 8 0 3 5 6 4 0 1]]
Number of cells unfilled: 13
Accuracy: 83.9506172839506
Sample: 93013
Question:
[[0 0 0 0 0 0 0 0 0]
 [0 8 2 1 9 0 4 0 3]
 [0 0 4 0 6 0 0 0 2]
 [0 0 1 7 0 0 6 0 0]
 [0 0 8 0 4 0 5 0 0]
 [0 6 0 0 0 0 0 0 4]
 [3 0 9 0 0 0 2 0 0]
 [0 1 5 0 7 0 0 8 0]
 [0 0 0 0 0 1 0 3 0]]
Solution:
[[3 2 8 6 0 9 1 4 0]
 [9 0 6 5 3 1 0 2 8]
 [0 7 1 4 2 8 3 5 9]
 [8 0 4 9 1 3 7 6 5]
 [2 5 7 8 4 0 9 0 3]
 [0 9 3 2 6 5 0 1 4]
 [1 3 2 0 8 4 5 9 7]
 [5 4 9 1 7 2 8 3 6]
 [7 8 0 3 5 6 4 0 1]]
Number of cells unfilled: 13
Accuracy: 83.9506172839506
Sample: 93014
Question:
[[7 2 0 3 0 0 4 0 0]
 [0 0 3 0 0 0 7 0 1]
 [0 1 4 6 0 0 5 0 0]
 [0 0 0 7 0 0 3 9 8]
 [0 0 0 0 0 0 0 0 4]
 [0 0 0 1 5 0 0 0 0]
 [0 0 5 2 8 3 0 0 0]
 [0 7 1 5 0 0 0 0 0]
 [8 0 0 0 0 0 0 0 0]]
Solution:
[[3 2 8 6 0 9 0 4 1]
 [9 0 6 5 3 7 0 2 8]
 [0 7 1 4 2 8 3 5 9]
 [8 0 4 9 1 3 7 6 2]
 [2 5 7 8 4 0 9 0 3]
 [0 9 3 2 6 5 8 1 4]
 [6 3 2 0 8 4 5 9 7]
 [5 4 9 1 7 2 0 3 6]
 [7 8 0 3 5 6 4 0 0]]
Number of cells unfilled: 14
Accuracy: 82.71604938271605
Sample: 93015
Question:
[[0 4 0 5 0 0 6 0 0]
 [0 0 7 0 0 0 0 0 0]
 [8 0 0 0 0 9 0 0 3]
 [7 0 0 0 0 0 5 0 6]
 [0 0 0 0 0 2 1 0 4]
 [0 1 0 6 0 0 0 3 0]
 [9 0 0 0 0 6 3 0 0]
 [0 6 0 3 0 0 0 0 1]
 [0 0 0 0 2 8 0 0 0]]
Solution:
[[3 0 8 6 2 9 0 4 1]
 [9 0 6 7 3 1 0 2 5]
 [0 7 1 4 5 8 3 0 9]
 [8 0 4 9 1 3 7 6 2]
 [2 5 7 8 4 0 9 0 3]
 [0 9 3 2 6 5 8 1 4]
 [6 3 2 0 8 4 5 9 7]
 [5 4 9 1 7 2 0 8 6]
 [1 8 0 3 9 6 4 0 0]]
Number of cells unfilled: 15
Accuracy: 81.48148148148148
Sample: 93016
Question:
[[0 5 0 3 0 0 1 0 0]
 [4 0 0 0 0 0 0 0 0]
 [6 0 3 0 0 4 0 0 2]
 [3 0 0 5 0 0 0 0 0]
 [0 8 0 0 0 9 0 0 5]
 [0 0 5 0 1 8 3 0 0]
 [0 0 2 0 7 0 0 0 6]
 [0 0 0 0 0 0 0 7 0]
 [0 3 0 8 0 0 9 0 0]]
Solution:
[[3 2 8 6 5 9 1 4 0]
 [9 0 6 7 3 1 0 2 8]
 [0 7 1 4 2 8 3 5 9]
 [8 0 0 9 1 3 7 6 4]
 [2 5 7 8 4 0 9 0 3]
 [4 9 3 2 6 5 0 1 0]
 [6 3 2 0 8 4 5 9 7]
 [5 4 9 1 7 2 8 3 6]
 [7 8 0 3 9 6 4 0 2]]
Number of cells unfilled: 13
Accuracy: 83.9506172839506
Sample: 93017
Question:
[[3 8 0 0 0 0 0 0 0]
 [0 1 0 0 0 0 0 9 3]
 [0 0 0 6 0 0 0 0 0]
 [0 0 0 0 8 4 0 0 1]
 [0 0 6 0 0 0 7 0 0]
 [0 0 2 0 0 9 0 0 0]
 [0 9 0 0 0 1 0 0 0]
 [0 0 7 0 0 0 0 0 0]
 [0 0 0 0 0 0 2 0 0]]
Solution:
[[3 2 8 6 5 9 1 4 0]
 [9 0 6 7 3 1 8 2 5]
 [0 7 1 4 0 2 3 0 9]
 [8 0 4 9 1 3 7 6 2]
 [2 5 7 8 4 0 9 0 3]
 [0 9 3 2 6 5 0 1 8]
 [6 3 2 0 8 4 5 9 7]
 [5 4 9 1 7 0 2 3 6]
 [7 8 0 3 2 6 4 0 1]]
Number of cells unfilled: 14
Accuracy: 82.71604938271605
Sample: 93018
Question:
[[0 0 4 0 5 0 0 2 3]
 [7 0 0 0 0 0 0 6 0]
 [6 0 0 0 7 0 0 0 0]
 [0 0 0 1 0 6 0 3 8]
 [0 0 0 0 3 0 9 0 0]
 [0 0 1 4 0 0 0 0 0]
 [0 8 6 0 0 0 0 0 0]
 [0 7 5 0 0 0 0 0 1]
 [0 0 0 0 0 2 0 4 5]]
Solution:
[[3 0 8 6 2 9 0 4 1]
 [9 4 6 7 3 1 8 2 5]
 [0 7 1 4 0 8 3 0 9]
 [8 0 4 9 1 3 7 6 2]
 [2 5 7 8 4 0 9 0 3]
 [0 9 3 2 6 5 0 1 8]
 [1 3 2 0 8 4 5 9 7]
 [5 0 9 1 7 2 0 8 6]
 [7 8 0 3 5 6 4 0 0]]
Number of cells unfilled: 16
Accuracy: 80.24691358024691
Sample: 93019
Question:
[[0 0 1 0 0 4 0 3 0]
 [0 3 0 1 5 0 2 0 0]
 [8 7 0 3 0 0 0 0 0]
 [2 0 0 9 0 1 0 0 0]
 [0 0 3 0 4 0 0 9 0]
 [0 9 0 5 0 3 0 0 1]
 [0 6 0 0 0 0 0 0 0]
 [0 0 9 4 0 0 0 5 0]
 [7 0 0 0 0 0 0 0 8]]
Solution:
[[3 2 8 6 5 9 1 4 0]
 [9 0 6 7 3 1 0 2 8]
 [0 7 1 4 0 2 3 5 9]
 [8 0 0 9 1 3 7 6 4]
 [2 5 7 8 4 0 9 0 3]
 [4 9 3 2 6 5 0 1 0]
 [6 3 2 0 8 4 5 9 7]
 [5 4 9 1 7 0 8 3 6]
 [7 8 0 3 2 6 4 0 1]]
Number of cells unfilled: 15
Accuracy: 81.48148148148148
Sample: 93020
Question:
[[0 0 8 0 0 4 0 0 0]
 [0 1 0 6 0 0 3 0 0]
 [0 0 0 0 0 7 0 8 4]
 [0 9 0 1 0 0 2 0 0]
 [0 0 5 0 0 0 0 0 0]
 [1 0 0 0 5 0 0 0 7]
 [2 0 0 0 6 0 9 0 0]
 [0 3 0 0 9 1 0 0 2]
 [0 0 0 2 0 0 0 0 3]]
Solution:
[[3 0 8 6 2 9 1 4 5]
 [9 0 6 7 3 1 0 2 8]
 [0 7 1 4 5 8 3 0 9]
 [8 0 4 9 1 3 7 6 2]
 [2 5 7 8 4 0 9 0 3]
 [0 9 3 2 6 5 0 1 4]
 [1 3 2 0 8 4 5 9 7]
 [5 4 9 1 7 2 8 3 6]
 [7 8 0 3 9 6 4 0 1]]
Number of cells unfilled: 13
Accuracy: 83.9506172839506
Sample: 93021
Question:
[[0 0 7 0 0 4 0 9 6]
 [4 3 0 0 5 8 7 1 0]
 [2 0 0 1 0 0 3 4 0]
 [0 6 0 8 7 0 4 0 0]
 [0 4 0 0 0 9 0 3 5]
 [1 0 8 2 0 0 0 0 9]
 [0 0 0 0 0 0 0 0 0]
 [9 0 1 0 0 6 0 5 3]
 [0 8 3 7 0 0 1 0 0]]
Solution:
[[3 2 8 6 5 9 1 4 0]
 [9 0 6 7 3 1 0 2 8]
 [0 7 1 4 2 8 3 5 9]
 [8 0 4 9 1 3 7 6 2]
 [2 5 7 8 4 0 9 0 3]
 [0 9 3 2 6 5 8 1 4]
 [6 3 2 0 8 4 5 9 7]
 [5 4 9 1 7 2 0 8 6]
 [1 8 0 3 9 6 4 0 0]]
Number of cells unfilled: 13
Accuracy: 83.9506172839506
Sample: 93022
Question:
[[6 0 0 0 8 0 0 0 9]
 [0 9 0 0 0 3 1 0 0]
 [0 0 7 2 0 0 0 5 0]
 [0 0 0 0 0 0 0 4 0]
 [1 0 0 0 3 0 9 0 0]
 [0 4 9 0 0 6 0 0 3]
 [0 6 0 0 0 1 8 0 0]
 [9 0 0 0 4 0 0 0 5]
 [0 0 2 7 0 0 0 0 0]]
Solution:
[[3 2 8 6 5 9 0 4 1]
 [9 0 6 7 3 1 8 2 5]
 [0 7 1 4 0 2 3 0 9]
 [8 0 4 9 1 3 7 6 2]
 [2 5 7 8 4 0 9 0 3]
 [0 9 3 2 6 5 0 1 8]
 [6 3 2 0 8 4 5 9 7]
 [5 4 9 1 7 0 2 3 6]
 [7 8 0 3 2 6 4 0 0]]
Number of cells unfilled: 15
Accuracy: 81.48148148148148
Sample: 93023
Question:
[[1 0 0 5 0 0 9 0 0]
 [0 0 0 0 0 2 0 4 0]
 [0 6 0 0 3 0 0 0 0]
 [5 0 0 1 0 0 8 0 0]
 [0 0 7 0 0 4 0 0 0]
 [0 0 0 7 0 0 0 0 6]
 [8 0 0 0 0 0 0 3 0]
 [0 9 3 0 7 0 5 0 0]
 [0 5 1 0 0 0 0 0 8]]
Solution:
[[3 2 8 6 5 9 1 4 0]
 [9 0 6 7 3 1 0 2 8]
 [0 7 1 4 0 8 3 5 9]
 [8 0 4 9 1 3 7 6 5]
 [2 5 7 8 4 0 9 0 3]
 [0 9 3 2 6 5 8 1 4]
 [6 3 2 0 8 4 5 9 7]
 [5 4 9 1 7 0 2 8 6]
 [1 8 0 3 2 6 4 0 0]]
Number of cells unfilled: 14
Accuracy: 82.71604938271605
Sample: 93024
Question:
[[0 2 0 8 0 0 0 0 1]
 [0 0 0 0 0 0 0 3 0]
 [0 0 0 0 5 0 8 9 0]
 [4 0 0 6 0 0 0 0 8]
 [0 1 0 0 0 0 9 0 0]
 [0 8 6 0 0 0 0 7 0]
 [2 0 0 4 0 7 0 5 0]
 [0 0 1 2 0 0 0 0 4]
 [0 4 0 0 3 0 0 0 0]]
Solution:
[[3 0 8 6 2 9 1 4 0]
 [9 0 6 0 3 7 0 2 0]
 [0 7 1 4 5 8 3 0 9]
 [8 0 4 9 1 3 7 6 5]
 [2 5 7 8 4 0 9 0 3]
 [0 9 3 2 6 5 0 1 8]
 [1 3 2 0 8 4 5 9 7]
 [5 4 9 1 7 2 8 3 6]
 [7 8 0 3 9 6 4 0 1]]
Number of cells unfilled: 16
Accuracy: 80.24691358024691
Sample: 93025
Question:
[[0 0 0 8 0 0 0 4 0]
 [0 1 0 6 0 0 0 0 0]
 [3 0 0 0 0 5 0 0 2]
 [0 0 0 0 6 0 0 9 0]
 [0 0 0 9 0 0 4 2 0]
 [0 2 0 0 0 3 0 0 1]
 [5 3 0 0 9 0 0 0 0]
 [0 0 1 0 0 7 0 0 5]
 [2 7 0 0 0 0 0 0 0]]
Solution:
[[3 2 8 6 0 9 0 4 1]
 [9 4 6 7 3 1 0 2 5]
 [0 7 1 4 5 2 3 8 9]
 [8 0 4 9 1 3 7 6 2]
 [2 5 7 8 4 0 9 0 3]
 [0 9 3 2 6 5 8 1 4]
 [1 3 2 0 8 4 5 9 7]
 [5 0 9 1 7 0 2 3 6]
 [7 8 0 3 2 6 4 0 0]]
Number of cells unfilled: 14
Accuracy: 82.71604938271605
Sample: 93026
Question:
[[0 0 6 0 0 9 0 0 0]
 [0 4 9 1 6 0 0 0 7]
 [2 0 0 7 0 0 6 0 5]
 [0 0 0 8 0 0 0 0 0]
 [0 0 0 0 0 1 0 3 0]
 [0 0 3 6 0 4 0 1 8]
 [7 1 0 0 0 0 0 0 9]
 [0 0 0 0 0 0 0 5 0]
 [6 0 0 2 0 0 4 0 0]]
Solution:
[[3 2 8 6 0 9 1 4 0]
 [9 0 6 5 3 1 0 2 8]
 [0 7 1 4 2 8 3 5 9]
 [8 0 4 9 1 3 7 6 5]
 [2 5 7 8 4 0 9 0 3]
 [0 9 3 2 6 5 8 1 4]
 [6 3 2 0 8 4 5 9 7]
 [5 4 9 1 7 2 0 8 6]
 [7 8 0 3 5 6 4 0 1]]
Number of cells unfilled: 13
Accuracy: 83.9506172839506
Sample: 93027
Question:
[[7 0 1 2 4 0 0 3 0]
 [0 0 5 7 6 0 0 0 1]
 [8 0 0 0 3 0 6 0 0]
 [3 0 0 0 0 1 0 5 4]
 [0 0 2 0 9 0 8 0 0]
 [0 0 0 5 0 0 9 1 0]
 [4 5 0 0 7 0 0 8 6]
 [0 9 0 0 0 4 3 7 0]
 [1 0 8 0 0 6 2 0 0]]
Solution:
[[3 2 8 6 5 9 1 4 0]
 [9 0 6 0 3 7 0 2 8]
 [0 7 1 4 2 8 3 5 9]
 [8 0 4 9 1 3 7 6 5]
 [2 5 7 8 4 0 9 0 3]
 [0 9 3 2 6 5 0 1 4]
 [6 3 2 0 8 4 5 9 7]
 [5 4 9 1 7 2 8 3 6]
 [7 8 0 3 9 6 4 0 2]]
Number of cells unfilled: 13
Accuracy: 83.9506172839506
Sample: 93028
Question:
[[0 0 6 0 0 9 0 0 0]
 [0 5 0 0 3 0 0 0 9]
 [9 0 0 4 0 0 1 0 0]
 [0 0 0 8 0 0 0 0 1]
 [0 0 0 0 0 7 2 0 0]
 [1 0 0 0 0 0 0 8 4]
 [0 3 0 0 0 5 0 0 0]
 [0 0 9 0 6 0 0 0 0]
 [2 0 0 7 0 0 4 0 0]]
Solution:
[[3 2 8 6 0 9 0 4 1]
 [9 0 6 5 3 1 0 2 8]
 [0 7 1 4 2 8 3 5 9]
 [8 0 4 9 1 3 7 6 2]
 [2 5 7 8 4 0 9 0 3]
 [0 9 3 2 6 5 8 1 4]
 [1 3 2 0 8 4 5 9 7]
 [5 4 9 1 7 2 0 8 6]
 [7 8 0 3 5 6 4 0 0]]
Number of cells unfilled: 14
Accuracy: 82.71604938271605
Sample: 93029
Question:
[[0 1 0 0 0 7 4 0 0]
 [0 0 0 0 8 5 2 9 0]
 [0 0 6 0 0 2 0 0 8]
 [1 0 4 2 0 0 8 3 0]
 [0 0 0 7 0 0 0 0 2]
 [0 8 0 0 4 0 6 0 0]
 [0 0 0 0 0 0 0 0 0]
 [8 0 0 0 0 0 0 0 0]
 [3 9 0 0 1 0 0 0 0]]
Solution:
[[3 2 8 6 0 9 0 4 1]
 [9 0 6 7 3 1 0 2 0]
 [0 7 1 4 5 2 3 8 9]
 [8 0 4 9 1 3 7 6 5]
 [2 5 7 8 4 0 9 0 3]
 [0 9 3 2 6 5 0 1 8]
 [1 3 2 0 8 4 5 9 7]
 [5 4 9 1 7 0 8 3 6]
 [7 8 0 3 2 6 4 0 0]]
Number of cells unfilled: 16
Accuracy: 80.24691358024691
Sample: 93030
Question:
[[0 1 0 0 0 4 3 0 0]
 [2 4 0 6 0 8 1 0 0]
 [9 0 0 0 5 0 0 4 8]
 [0 0 0 2 9 6 0 0 3]
 [1 0 7 3 0 0 0 0 0]
 [6 0 3 1 0 0 5 2 4]
 [0 0 0 0 7 2 8 5 0]
 [0 5 0 0 0 0 6 9 7]
 [0 0 1 0 0 0 0 0 0]]
Solution:
[[3 2 8 6 0 9 1 4 0]
 [9 0 6 5 3 7 0 2 8]
 [0 7 1 4 2 8 3 5 9]
 [8 0 0 9 1 3 7 6 4]
 [2 5 7 8 4 0 9 0 3]
 [4 9 3 2 6 5 0 1 0]
 [6 3 2 0 8 4 5 9 7]
 [5 4 9 1 7 2 8 3 6]
 [1 8 0 3 5 6 4 0 2]]
Number of cells unfilled: 14
Accuracy: 82.71604938271605
Sample: 93031
Question:
[[0 0 0 0 0 0 0 1 3]
 [0 0 0 0 9 0 2 0 4]
 [0 0 0 2 0 5 0 8 0]
 [4 0 8 0 0 0 0 0 0]
 [0 7 9 0 0 0 0 6 0]
 [0 0 2 0 0 0 0 5 7]
 [9 0 6 5 8 0 0 0 1]
 [0 0 0 0 0 0 0 0 0]
 [0 0 0 3 0 0 7 4 5]]
Solution:
[[3 2 8 6 5 9 0 4 1]
 [9 4 6 7 3 1 0 2 5]
 [0 7 1 4 0 8 3 0 9]
 [8 0 4 9 1 3 7 6 2]
 [2 5 7 8 4 0 9 0 3]
 [0 9 3 2 6 5 8 1 4]
 [6 3 2 0 8 4 5 9 7]
 [5 0 9 1 7 0 2 3 6]
 [1 8 0 3 2 6 4 0 0]]
Number of cells unfilled: 15
Accuracy: 81.48148148148148
Sample: 93032
Question:
[[0 0 1 2 7 0 0 5 8]
 [0 0 0 0 0 4 0 0 0]
 [5 0 0 1 0 0 0 0 0]
 [0 1 0 9 0 0 0 2 7]
 [2 0 0 7 3 0 0 0 0]
 [9 0 7 0 0 0 0 0 0]
 [1 0 0 8 0 0 0 7 9]
 [0 0 9 0 0 0 0 8 0]
 [0 8 0 0 0 0 6 0 5]]
Solution:
[[3 2 8 6 5 9 0 4 1]
 [9 0 6 7 3 1 0 2 8]
 [0 7 1 4 2 8 3 5 9]
 [8 0 4 9 1 3 7 6 2]
 [2 5 7 8 4 0 9 0 3]
 [0 9 3 2 6 5 8 1 4]
 [6 3 2 0 8 4 5 9 7]
 [5 4 9 1 7 2 0 8 6]
 [1 8 0 3 9 6 4 0 0]]
Number of cells unfilled: 13
Accuracy: 83.9506172839506
Sample: 93033
Question:
[[8 0 0 7 0 0 0 0 0]
 [0 0 6 9 1 5 0 2 0]
 [0 9 1 4 0 0 0 0 0]
 [0 7 0 0 0 0 0 0 4]
 [6 0 0 2 0 0 0 7 9]
 [0 0 0 0 0 7 3 1 0]
 [0 5 0 0 2 0 0 0 0]
 [0 0 7 0 9 0 0 0 0]
 [2 0 0 5 0 0 8 6 0]]
Solution:
[[3 2 8 6 0 9 1 4 0]
 [9 0 6 5 3 1 0 2 8]
 [0 7 1 4 2 8 3 5 9]
 [8 0 4 9 1 3 7 6 5]
 [2 5 7 8 4 0 9 0 3]
 [0 9 3 2 6 5 0 1 4]
 [1 3 2 0 8 4 5 9 7]
 [5 4 9 1 7 2 8 3 6]
 [7 8 0 3 5 6 4 0 1]]
Number of cells unfilled: 13
Accuracy: 83.9506172839506
Sample: 93034
Question:
[[0 0 2 0 0 9 0 0 8]
 [9 0 0 0 7 0 0 0 0]
 [0 8 0 2 3 0 0 9 0]
 [0 4 0 0 0 0 0 0 6]
 [2 0 0 0 0 7 0 3 0]
 [0 0 1 0 6 0 4 0 0]
 [0 0 5 7 0 0 0 0 0]
 [6 0 0 5 0 0 1 0 0]
 [8 0 0 0 0 3 0 2 0]]
Solution:
[[3 2 8 6 5 9 0 4 1]
 [9 0 6 7 3 1 0 2 5]
 [0 7 1 4 0 8 3 0 9]
 [8 0 4 9 1 3 7 6 2]
 [2 5 7 8 4 0 9 0 3]
 [0 9 3 2 6 5 8 1 4]
 [6 3 2 0 8 4 5 9 7]
 [5 4 9 1 7 0 2 8 6]
 [1 8 0 3 2 6 4 0 0]]
Number of cells unfilled: 15
Accuracy: 81.48148148148148
Sample: 93035
Question:
[[0 2 0 4 0 0 0 5 0]
 [0 0 5 0 0 0 7 0 0]
 [3 0 0 0 0 0 0 0 9]
 [0 0 1 0 0 2 0 0 3]
 [7 8 0 0 4 0 0 2 0]
 [0 0 0 8 0 0 9 0 0]
 [1 0 6 0 8 0 0 0 0]
 [0 0 0 5 6 0 0 0 7]
 [0 5 0 0 0 4 0 6 0]]
Solution:
[[3 0 8 6 2 9 1 4 0]
 [9 0 6 7 3 1 0 2 8]
 [0 7 1 4 5 8 3 0 9]
 [8 0 4 9 1 3 7 6 5]
 [2 5 7 8 4 0 9 0 3]
 [0 9 3 2 6 5 0 1 4]
 [1 3 2 0 8 4 5 9 7]
 [5 4 9 1 7 2 8 3 6]
 [7 8 0 3 9 6 4 0 1]]
Number of cells unfilled: 14
Accuracy: 82.71604938271605
Sample: 93036
Question:
[[0 8 0 9 0 0 0 0 6]
 [4 0 0 0 0 6 7 8 0]
 [0 0 6 0 2 0 0 0 3]
 [1 5 0 0 7 0 0 0 0]
 [0 0 0 0 0 0 3 0 1]
 [0 0 4 0 0 1 0 5 0]
 [0 4 0 0 0 5 0 6 0]
 [0 0 0 0 9 0 2 0 0]
 [0 0 8 7 0 0 0 0 0]]
Solution:
[[3 2 8 6 5 9 1 4 0]
 [9 0 6 7 3 1 8 2 5]
 [0 7 1 4 2 8 3 0 9]
 [8 0 4 9 1 3 7 6 2]
 [2 5 7 8 4 0 9 0 3]
 [0 9 3 2 6 5 0 1 4]
 [1 3 2 0 8 4 5 9 7]
 [5 4 9 1 7 2 0 3 6]
 [7 8 0 3 9 6 4 0 1]]
Number of cells unfilled: 13
Accuracy: 83.9506172839506
Sample: 93037
Question:
[[0 0 6 0 0 0 0 7 0]
 [0 0 0 0 1 0 0 6 0]
 [0 2 0 6 3 0 0 0 5]
 [0 0 4 0 0 0 6 0 2]
 [8 0 5 7 0 2 1 0 0]
 [0 0 0 0 9 0 0 0 0]
 [0 5 0 0 7 0 0 3 9]
 [0 0 0 2 0 0 0 8 0]
 [0 1 0 0 0 0 0 0 0]]
Solution:
[[3 0 8 6 2 9 1 4 0]
 [9 0 6 7 3 1 0 2 8]
 [0 7 1 4 0 8 3 5 9]
 [8 0 4 9 1 3 7 6 5]
 [2 5 7 8 4 0 9 0 3]
 [0 9 3 2 6 5 0 1 4]
 [6 3 2 0 8 4 5 9 7]
 [5 4 9 1 7 2 8 3 6]
 [7 8 0 3 5 6 4 0 2]]
Number of cells unfilled: 14
Accuracy: 82.71604938271605
Sample: 93038
Question:
[[5 0 1 3 0 0 0 0 9]
 [2 0 0 0 0 9 0 0 4]
 [0 4 0 5 0 0 3 0 0]
 [0 5 0 0 0 2 9 4 3]
 [0 0 3 0 0 0 0 0 0]
 [8 0 0 0 0 0 2 0 0]
 [3 0 0 0 5 0 6 0 0]
 [0 0 0 9 0 0 0 0 7]
 [0 0 0 7 0 0 0 2 0]]
Solution:
[[3 2 8 6 0 9 0 4 0]
 [9 0 6 5 3 7 1 2 8]
 [0 7 1 4 2 8 3 5 9]
 [8 0 4 9 1 3 7 6 5]
 [2 5 7 8 4 0 9 0 3]
 [0 9 3 2 6 5 0 1 4]
 [1 3 2 0 8 4 5 9 7]
 [5 4 9 1 7 2 8 3 6]
 [7 8 0 3 5 6 4 0 2]]
Number of cells unfilled: 13
Accuracy: 83.9506172839506
Sample: 93039
Question:
[[0 0 0 0 9 3 0 8 0]
 [7 0 0 0 0 4 0 0 9]
 [0 0 9 5 0 0 4 0 0]
 [0 0 3 0 0 5 2 0 0]
 [0 8 0 2 0 0 0 0 1]
 [2 0 0 0 3 0 0 4 6]
 [1 0 0 0 0 0 0 0 0]
 [0 7 0 0 0 0 0 6 0]
 [0 0 4 0 5 0 9 0 0]]
Solution:
[[3 2 8 6 5 9 1 4 0]
 [9 0 6 7 3 8 0 2 0]
 [0 7 1 4 0 2 3 5 9]
 [8 0 4 9 1 3 7 6 5]
 [2 5 7 8 4 0 9 0 3]
 [0 9 3 2 6 5 0 1 8]
 [1 3 2 0 8 4 5 9 7]
 [5 4 9 1 7 0 8 3 6]
 [7 8 0 3 2 6 4 0 1]]
Number of cells unfilled: 15
Accuracy: 81.48148148148148
Sample: 93040
Question:
[[4 0 0 0 0 0 3 2 0]
 [0 0 0 1 0 0 7 0 0]
 [0 7 0 0 0 2 0 0 9]
 [0 0 7 5 0 0 0 0 0]
 [6 0 0 0 1 0 0 0 0]
 [0 2 0 0 0 7 0 9 0]
 [7 0 6 8 0 0 0 3 0]
 [0 0 5 0 4 0 0 0 8]
 [0 8 0 0 0 3 9 0 0]]
Solution:
[[3 2 8 6 0 9 1 4 5]
 [9 0 6 7 3 1 0 2 0]
 [0 7 1 4 2 0 3 8 9]
 [8 0 4 9 1 3 7 6 2]
 [2 5 7 8 4 0 9 0 3]
 [0 9 3 2 6 5 0 1 8]
 [1 3 2 0 8 4 5 0 7]
 [5 4 9 1 7 2 8 3 6]
 [7 8 0 3 5 6 4 9 1]]
Number of cells unfilled: 14
Accuracy: 82.71604938271605
Sample: 93041
Question:
[[8 0 0 1 0 0 3 0 9]
 [0 0 0 0 4 0 0 0 7]
 [0 0 0 2 9 0 5 0 0]
 [7 0 0 0 0 1 0 0 0]
 [0 5 3 0 0 0 0 8 0]
 [6 0 0 3 2 0 1 0 0]
 [0 1 0 0 6 0 0 9 0]
 [0 0 0 0 0 4 0 0 1]
 [0 7 0 0 0 0 0 2 0]]
Solution:
[[3 0 8 6 2 9 1 4 0]
 [9 0 6 5 3 7 0 2 8]
 [0 7 1 4 0 8 3 5 9]
 [8 0 4 9 1 3 7 6 5]
 [2 5 7 8 4 0 9 0 3]
 [0 9 3 2 6 5 0 1 4]
 [1 3 2 0 8 4 5 9 7]
 [5 4 9 1 7 2 8 3 6]
 [7 8 0 3 5 6 4 0 2]]
Number of cells unfilled: 14
Accuracy: 82.71604938271605
Sample: 93042
Question:
[[0 0 0 0 0 5 0 3 0]
 [0 0 5 0 2 0 0 0 0]
 [4 2 3 0 0 7 0 0 1]
 [3 0 4 0 0 0 0 6 0]
 [5 0 0 9 0 0 0 0 0]
 [1 9 0 0 0 0 0 8 0]
 [0 0 0 0 8 0 3 0 0]
 [8 0 0 6 3 0 0 0 0]
 [0 0 0 1 0 9 0 7 8]]
Solution:
[[3 2 8 6 5 9 1 4 0]
 [9 0 6 7 3 8 0 2 5]
 [0 7 1 4 0 2 3 8 9]
 [8 0 4 9 1 3 7 6 2]
 [2 5 7 8 4 0 9 0 3]
 [0 9 3 2 6 5 8 1 4]
 [6 3 2 0 8 4 5 0 7]
 [5 4 9 1 7 0 2 3 6]
 [7 8 0 3 2 6 4 9 1]]
Number of cells unfilled: 13
Accuracy: 83.9506172839506
Sample: 93043
Question:
[[9 0 3 0 0 0 0 0 8]
 [0 0 0 5 0 0 0 9 0]
 [0 0 5 7 0 0 3 6 0]
 [0 0 0 0 0 7 4 0 0]
 [0 2 4 0 0 0 0 0 0]
 [0 8 0 0 3 0 9 1 7]
 [3 0 0 0 0 1 0 0 0]
 [4 7 0 0 0 5 2 0 0]
 [0 0 8 0 0 2 0 0 0]]
Solution:
[[3 0 8 6 2 9 0 4 1]
 [9 4 6 7 3 1 0 2 8]
 [0 7 1 4 5 8 3 0 9]
 [8 0 4 9 1 3 7 6 5]
 [2 5 7 8 4 0 9 0 3]
 [0 9 3 2 6 5 8 1 4]
 [1 3 2 0 8 4 5 9 7]
 [5 0 9 1 7 2 0 8 6]
 [7 8 0 3 9 6 4 0 2]]
Number of cells unfilled: 14
Accuracy: 82.71604938271605
Sample: 93044
Question:
[[0 0 8 0 0 9 0 0 6]
 [0 9 0 0 0 0 0 2 0]
 [3 0 0 6 0 0 9 0 8]
 [5 0 0 3 0 0 0 0 1]
 [0 0 7 0 0 8 0 6 0]
 [0 2 0 0 7 0 0 0 0]
 [0 0 5 4 0 0 3 0 0]
 [4 0 0 0 1 0 6 5 0]
 [0 0 0 0 0 0 0 0 4]]
Solution:
[[3 0 8 6 2 9 0 4 1]
 [9 0 6 0 3 7 0 2 0]
 [0 7 1 4 5 8 3 0 9]
 [8 0 4 9 1 3 7 6 5]
 [2 5 7 8 4 0 9 0 3]
 [0 9 3 2 6 5 0 1 8]
 [1 3 2 0 8 4 5 9 7]
 [5 4 9 1 7 2 8 3 6]
 [7 8 0 3 9 6 4 0 2]]
Number of cells unfilled: 16
Accuracy: 80.24691358024691
Sample: 93045
Question:
[[0 0 0 3 0 9 8 0 0]
 [5 0 4 7 0 0 0 6 2]
 [3 8 1 0 0 0 0 0 0]
 [0 3 0 0 8 5 7 1 0]
 [0 6 0 0 0 1 0 5 3]
 [0 0 0 9 4 0 0 0 0]
 [0 1 7 8 9 0 2 0 0]
 [0 0 0 5 0 7 0 0 6]
 [0 0 2 0 0 6 4 0 9]]
Solution:
[[3 0 8 6 2 9 1 4 5]
 [9 0 6 5 3 7 0 2 0]
 [0 7 1 4 0 8 3 0 9]
 [8 0 4 9 1 3 7 6 2]
 [2 5 7 8 4 0 9 0 3]
 [0 9 3 2 6 5 0 1 8]
 [1 3 2 0 8 4 5 9 7]
 [5 4 9 1 7 2 8 3 6]
 [7 8 0 3 5 6 4 0 1]]
Number of cells unfilled: 15
Accuracy: 81.48148148148148
Sample: 93046
Question:
[[0 8 0 2 0 0 7 0 0]
 [9 0 7 0 0 4 0 0 0]
 [1 0 0 0 0 0 0 0 0]
 [0 0 0 0 0 0 0 0 7]
 [5 1 0 7 0 3 4 8 0]
 [3 0 0 0 1 0 0 0 0]
 [4 0 0 0 0 9 0 6 0]
 [0 0 0 6 0 0 0 5 0]
 [2 0 0 4 5 0 1 0 0]]
Solution:
[[3 2 8 6 0 9 0 4 1]
 [9 0 6 7 3 1 0 2 8]
 [0 7 1 4 2 8 3 5 9]
 [8 0 4 9 1 3 7 6 5]
 [2 5 7 8 4 0 9 0 3]
 [0 9 3 2 6 5 0 1 4]
 [6 3 2 0 8 4 5 9 7]
 [5 4 9 1 7 2 8 3 6]
 [7 8 0 3 5 6 4 0 2]]
Number of cells unfilled: 13
Accuracy: 83.9506172839506
Sample: 93047
Question:
[[0 0 3 0 0 0 0 0 7]
 [0 0 0 0 2 0 3 0 6]
 [6 0 0 0 0 8 0 2 0]
 [1 0 0 0 0 0 5 0 0]
 [0 9 0 4 0 0 0 0 0]
 [0 3 2 0 5 0 0 6 0]
 [0 0 8 0 7 0 0 3 0]
 [0 0 0 0 0 1 0 0 0]
 [0 4 0 9 0 5 0 0 0]]
Solution:
[[3 2 8 6 5 9 1 4 0]
 [9 0 6 0 3 7 0 2 8]
 [0 7 1 4 2 8 3 5 9]
 [8 0 4 9 1 3 7 6 5]
 [2 5 7 8 4 0 9 0 3]
 [0 9 3 2 6 5 8 1 4]
 [1 3 2 0 8 4 5 9 7]
 [5 4 9 1 7 2 0 3 6]
 [7 8 0 3 9 6 4 0 1]]
Number of cells unfilled: 13
Accuracy: 83.9506172839506
Sample: 93048
Question:
[[0 6 0 0 0 0 0 0 9]
 [7 0 0 2 9 0 3 0 0]
 [0 0 5 0 6 8 1 0 0]
 [4 0 9 0 0 6 0 5 0]
 [0 0 0 0 0 0 0 0 0]
 [0 1 0 0 0 0 8 4 0]
 [5 0 0 0 0 7 0 0 4]
 [0 3 0 0 0 0 0 0 0]
 [0 0 0 8 0 1 0 0 6]]
Solution:
[[3 2 8 6 5 9 1 4 0]
 [9 0 6 7 3 1 0 2 8]
 [0 7 1 4 2 8 3 5 9]
 [8 0 4 9 1 3 7 6 5]
 [2 5 7 8 4 0 9 0 3]
 [0 9 3 2 6 5 0 1 4]
 [1 3 2 0 8 4 5 9 7]
 [5 4 9 1 7 2 8 3 6]
 [7 8 0 3 9 6 4 0 2]]
Number of cells unfilled: 12
Accuracy: 85.18518518518519
Sample: 93049
Question:
[[0 0 6 1 0 0 8 0 0]
 [8 0 0 0 7 6 0 3 0]
 [0 5 0 0 0 4 0 0 6]
 [0 0 4 0 0 2 0 0 0]
 [6 0 0 0 9 0 0 0 3]
 [0 1 0 0 0 0 0 0 0]
 [0 0 5 0 0 7 0 6 9]
 [0 0 0 2 0 0 0 7 0]
 [7 0 0 0 6 0 3 0 0]]
Solution:
[[3 2 8 6 5 9 0 4 1]
 [9 0 6 0 3 7 0 2 0]
 [0 7 1 4 2 8 3 5 9]
 [8 0 4 9 1 3 7 6 5]
 [2 5 7 8 4 0 9 0 3]
 [0 9 3 2 6 5 0 1 8]
 [1 3 2 0 8 4 5 9 7]
 [5 4 9 1 7 2 8 3 6]
 [7 8 0 3 9 6 4 0 2]]
Number of cells unfilled: 14
Accuracy: 82.71604938271605
Sample: 93050
Question:
[[7 0 0 0 4 0 0 5 0]
 [0 5 0 0 7 9 0 0 0]
 [0 0 6 5 0 0 0 0 0]
 [0 0 3 0 0 2 0 0 0]
 [8 7 0 0 9 0 0 0 2]
 [0 9 0 7 0 0 0 4 0]
 [1 0 0 0 0 7 3 0 0]
 [0 6 0 9 0 0 0 7 0]
 [0 0 0 0 1 0 0 0 8]]
Solution:
[[3 2 8 6 0 9 0 4 1]
 [9 0 6 5 3 8 0 2 0]
 [0 7 1 4 2 0 3 8 9]
 [8 0 4 9 1 3 7 6 5]
 [2 5 7 8 4 0 9 0 3]
 [0 9 3 2 6 5 0 1 8]
 [6 3 2 0 8 4 5 9 7]
 [5 4 9 1 7 2 8 3 6]
 [1 8 0 3 5 6 4 0 2]]
Number of cells unfilled: 15
Accuracy: 81.48148148148148
Sample: 93051
Question:
[[9 0 0 0 8 0 0 0 0]
 [2 0 0 7 0 0 0 0 1]
 [7 0 1 0 6 0 2 0 0]
 [0 0 0 6 0 0 0 1 0]
 [0 0 0 0 1 4 0 3 7]
 [3 0 6 0 0 0 0 8 0]
 [6 7 0 5 0 0 0 2 8]
 [0 0 0 0 0 0 0 5 9]
 [5 0 0 0 0 0 7 0 0]]
Solution:
[[3 2 8 6 5 9 1 4 0]
 [9 0 6 7 3 1 0 2 8]
 [0 7 1 4 2 8 3 5 9]
 [8 0 4 9 1 3 7 6 5]
 [2 5 7 8 4 0 9 0 3]
 [0 9 3 2 6 5 0 1 4]
 [6 3 2 0 8 4 5 9 7]
 [5 4 9 1 7 2 8 3 6]
 [1 8 0 3 9 6 4 0 2]]
Number of cells unfilled: 12
Accuracy: 85.18518518518519
Sample: 93052
Question:
[[0 0 0 0 0 0 4 0 0]
 [0 5 1 0 0 0 0 9 0]
 [2 0 0 7 0 0 0 0 1]
 [0 0 6 1 0 0 0 0 3]
 [3 7 0 0 8 0 1 0 0]
 [0 0 0 0 0 7 0 4 0]
 [0 0 2 0 5 8 0 0 0]
 [0 3 0 6 0 0 0 0 2]
 [6 0 0 0 0 0 9 0 0]]
Solution:
[[3 0 8 6 2 9 0 4 1]
 [9 4 6 7 3 1 8 2 5]
 [0 7 1 4 5 8 3 0 9]
 [8 0 4 9 1 3 7 6 2]
 [2 5 7 8 4 0 9 0 3]
 [0 9 3 2 6 5 0 1 4]
 [1 3 2 0 8 4 5 9 7]
 [5 0 9 1 7 2 0 3 6]
 [7 8 0 3 9 6 4 0 0]]
Number of cells unfilled: 15
Accuracy: 81.48148148148148
Sample: 93053
Question:
[[0 0 0 6 0 0 2 0 8]
 [8 0 0 0 1 0 0 0 7]
 [0 5 2 0 0 0 0 0 9]
 [3 0 0 8 0 5 0 4 0]
 [0 0 0 0 3 4 0 1 0]
 [2 0 8 0 0 0 0 0 0]
 [0 0 0 2 0 0 0 0 0]
 [0 0 0 3 5 0 0 2 0]
 [7 0 0 0 6 0 5 0 0]]
Solution:
[[3 2 8 6 0 9 1 4 0]
 [9 0 6 5 3 1 0 2 0]
 [0 7 1 4 2 8 3 5 9]
 [8 0 4 9 1 3 7 6 5]
 [2 5 7 8 4 0 9 0 3]
 [0 9 3 2 6 5 0 1 8]
 [1 3 2 0 8 4 5 9 7]
 [5 4 9 1 7 2 8 3 6]
 [7 8 0 3 5 6 4 0 1]]
Number of cells unfilled: 14
Accuracy: 82.71604938271605
Sample: 93054
Question:
[[0 5 2 0 0 1 3 0 0]
 [0 0 7 0 0 0 0 0 1]
 [1 0 0 0 7 0 2 0 0]
 [2 0 0 0 0 5 0 0 7]
 [0 0 0 1 8 0 9 0 0]
 [0 4 0 7 0 0 0 0 0]
 [5 8 0 0 0 0 6 0 2]
 [0 0 6 0 0 0 0 8 0]
 [7 0 0 0 0 8 0 0 3]]
Solution:
[[3 2 8 6 0 9 1 4 0]
 [9 0 6 5 3 1 0 2 8]
 [0 7 1 4 2 8 3 5 9]
 [8 0 0 9 1 3 7 6 4]
 [2 5 7 8 4 0 9 0 3]
 [4 9 3 2 6 5 0 1 0]
 [6 3 2 0 8 4 5 9 7]
 [5 4 9 1 7 2 8 3 6]
 [1 8 0 3 5 6 4 0 2]]
Number of cells unfilled: 14
Accuracy: 82.71604938271605
Sample: 93055
Question:
[[0 6 0 4 0 7 0 3 0]
 [5 0 0 0 1 0 7 6 0]
 [0 1 0 0 0 0 0 0 2]
 [0 0 5 0 7 0 8 1 0]
 [1 8 0 0 0 9 0 2 0]
 [0 0 0 0 0 0 0 0 3]
 [7 0 0 0 0 3 0 0 0]
 [0 5 0 0 6 0 3 7 0]
 [0 0 0 0 0 5 0 0 0]]
Solution:
[[3 2 8 6 5 9 0 4 1]
 [9 0 6 7 3 1 0 2 8]
 [0 7 1 4 2 8 3 5 9]
 [8 0 4 9 1 3 7 6 5]
 [2 5 7 8 4 0 9 0 3]
 [0 9 3 2 6 5 0 1 4]
 [6 3 2 0 8 4 5 9 7]
 [5 4 9 1 7 2 8 3 6]
 [1 8 0 3 9 6 4 0 2]]
Number of cells unfilled: 12
Accuracy: 85.18518518518519
Sample: 93056
Question:
[[0 8 0 0 0 0 0 0 0]
 [0 0 0 9 0 0 0 7 3]
 [6 0 0 0 0 4 1 0 0]
 [0 0 2 0 3 0 0 0 0]
 [4 0 0 0 0 5 3 0 0]
 [1 3 0 2 0 6 4 0 0]
 [0 1 6 5 0 0 7 0 0]
 [7 0 0 6 0 0 0 0 4]
 [0 0 4 0 0 7 0 0 0]]
Solution:
[[3 2 8 6 0 9 1 4 0]
 [9 0 6 5 3 7 0 2 8]
 [0 7 1 4 2 8 3 5 9]
 [8 0 4 9 1 3 7 6 5]
 [2 5 7 8 4 0 9 0 3]
 [0 9 3 2 6 5 0 1 4]
 [6 3 2 0 8 4 5 9 7]
 [5 4 9 1 7 2 8 3 6]
 [1 8 0 3 5 6 4 0 2]]
Number of cells unfilled: 13
Accuracy: 83.9506172839506
Sample: 93057
Question:
[[0 0 0 0 0 0 0 4 0]
 [0 0 0 0 0 6 0 0 0]
 [0 3 0 0 9 8 0 0 0]
 [1 0 4 0 0 0 0 0 0]
 [0 0 0 7 0 2 5 0 0]
 [0 0 0 0 0 0 0 2 0]
 [0 0 7 4 1 0 0 0 0]
 [3 0 0 0 0 0 0 0 0]
 [0 0 0 0 0 0 6 0 8]]
Solution:
[[3 0 8 6 2 9 0 4 0]
 [9 0 6 5 3 8 0 2 1]
 [0 7 1 4 0 0 3 5 9]
 [8 0 4 9 1 3 7 6 5]
 [2 5 7 8 4 0 9 0 3]
 [0 9 3 2 6 5 0 1 8]
 [6 3 2 0 8 4 5 9 7]
 [5 4 9 1 7 2 8 3 6]
 [7 8 0 3 5 6 4 0 2]]
Number of cells unfilled: 16
Accuracy: 80.24691358024691
Sample: 93058
Question:
[[0 0 2 6 0 0 0 0 0]
 [1 0 0 0 0 9 0 0 2]
 [0 3 9 0 0 0 0 7 0]
 [0 0 1 0 0 8 0 0 3]
 [0 2 0 0 5 0 0 0 0]
 [8 0 0 4 0 0 7 0 0]
 [0 0 0 5 8 4 0 0 0]
 [0 1 0 0 0 3 0 0 8]
 [0 0 0 0 6 0 0 4 0]]
Solution:
[[3 0 8 6 2 9 0 4 1]
 [9 4 6 7 3 1 0 2 8]
 [0 7 1 4 0 8 3 5 9]
 [8 0 4 9 1 3 7 6 5]
 [2 5 7 8 4 0 9 0 3]
 [0 9 3 2 6 5 8 1 4]
 [1 3 2 0 8 4 5 9 7]
 [5 0 9 1 7 2 0 3 6]
 [7 8 0 3 5 6 4 0 2]]
Number of cells unfilled: 14
Accuracy: 82.71604938271605
Sample: 93059
Question:
[[0 4 0 0 0 1 2 0 0]
 [0 0 2 7 0 0 0 0 0]
 [3 0 0 0 5 0 0 0 6]
 [0 0 5 0 0 0 0 7 0]
 [0 9 0 0 0 0 5 6 0]
 [4 0 0 0 0 0 3 0 9]
 [0 0 4 0 0 3 1 0 0]
 [1 0 0 0 0 0 0 0 3]
 [0 3 0 5 0 0 0 8 0]]
Solution:
[[3 0 8 6 2 9 0 4 1]
 [9 0 6 7 3 1 0 2 5]
 [0 7 1 4 5 8 3 0 9]
 [8 0 4 9 1 3 7 6 2]
 [2 5 7 8 4 0 9 0 3]
 [0 9 3 2 6 5 8 1 4]
 [6 3 2 0 8 4 5 9 7]
 [5 4 9 1 7 2 0 8 6]
 [1 8 0 3 9 6 4 0 0]]
Number of cells unfilled: 15
Accuracy: 81.48148148148148
Sample: 93060
Question:
[[9 0 0 0 0 0 0 0 4]
 [0 0 5 7 0 0 1 0 0]
 [4 0 0 0 0 0 0 3 0]
 [0 0 1 0 2 0 5 0 0]
 [0 0 0 8 0 5 0 0 0]
 [0 0 0 1 0 0 0 2 6]
 [0 0 2 0 0 8 7 0 0]
 [0 3 0 0 7 0 0 6 0]
 [0 0 0 2 0 0 0 0 9]]
Solution:
[[3 0 8 6 2 9 0 4 1]
 [9 0 6 7 3 1 0 2 8]
 [0 7 1 4 5 8 3 0 9]
 [8 0 4 9 1 3 7 6 5]
 [2 5 7 8 4 0 9 0 3]
 [0 9 3 2 6 5 8 1 4]
 [1 3 2 0 8 4 5 9 7]
 [5 4 9 1 7 2 0 3 6]
 [7 8 0 3 9 6 4 0 2]]
Number of cells unfilled: 14
Accuracy: 82.71604938271605
Sample: 93061
Question:
[[6 3 0 0 5 0 0 0 2]
 [4 0 9 2 0 0 0 0 5]
 [0 0 0 0 0 0 0 0 9]
 [3 9 0 0 0 7 0 0 0]
 [2 0 0 0 0 4 0 9 0]
 [0 0 8 6 0 0 0 2 0]
 [0 8 6 0 7 0 0 0 0]
 [0 0 0 4 0 2 0 0 1]
 [0 4 0 0 0 0 7 3 8]]
Solution:
[[3 2 8 6 0 9 0 4 0]
 [9 0 6 5 3 7 1 2 8]
 [0 7 1 4 2 8 3 5 9]
 [8 0 4 9 1 3 7 6 5]
 [2 5 7 8 4 0 9 0 3]
 [0 9 3 2 6 5 0 1 4]
 [6 3 2 0 8 4 5 9 7]
 [5 4 9 1 7 2 8 3 6]
 [1 8 0 3 5 6 4 0 2]]
Number of cells unfilled: 13
Accuracy: 83.9506172839506
Sample: 93062
Question:
[[4 0 0 3 0 0 0 6 0]
 [0 0 0 0 8 0 0 0 5]
 [0 8 7 0 0 0 0 0 0]
 [0 0 0 0 0 0 0 2 0]
 [3 0 0 0 0 2 4 0 9]
 [0 0 0 9 0 0 6 0 3]
 [2 0 0 6 0 0 0 3 0]
 [0 0 5 0 0 0 1 0 0]
 [0 0 1 0 7 0 0 0 0]]
Solution:
[[3 0 8 6 2 9 0 4 1]
 [9 0 6 7 3 8 0 2 0]
 [0 7 1 4 0 0 3 8 9]
 [8 0 4 9 1 3 7 6 5]
 [2 5 7 8 4 0 9 0 3]
 [0 9 3 2 6 5 0 1 8]
 [1 3 2 0 8 4 5 9 7]
 [5 4 9 1 7 2 8 3 6]
 [7 8 0 3 5 6 4 0 2]]
Number of cells unfilled: 16
Accuracy: 80.24691358024691
Sample: 93063
Question:
[[0 0 0 0 0 0 0 0 9]
 [0 0 1 0 2 0 0 4 0]
 [4 0 0 6 0 0 2 0 0]
 [0 8 0 0 7 0 0 0 0]
 [6 0 0 0 0 3 0 0 5]
 [0 0 2 8 0 0 0 1 0]
 [0 3 0 0 8 0 0 7 0]
 [5 0 0 0 0 2 0 0 0]
 [0 0 4 9 0 0 0 0 6]]
Solution:
[[3 2 8 6 5 9 1 4 0]
 [9 4 6 7 3 1 8 2 5]
 [0 7 1 4 2 8 3 0 9]
 [8 0 4 9 1 3 7 6 2]
 [2 5 7 8 4 0 9 0 3]
 [0 9 3 2 6 5 0 1 8]
 [1 3 2 0 8 4 5 9 7]
 [5 0 9 1 7 2 0 8 6]
 [7 8 0 3 9 6 4 0 1]]
Number of cells unfilled: 13
Accuracy: 83.9506172839506
Sample: 93064
Question:
[[0 0 0 0 0 8 0 0 1]
 [5 2 0 0 0 0 0 0 0]
 [0 0 3 0 6 0 0 0 0]
 [1 0 0 5 0 0 0 2 0]
 [9 0 0 0 0 0 0 0 0]
 [3 8 0 9 4 0 6 0 0]
 [0 0 0 0 0 7 0 3 0]
 [0 0 1 4 2 3 5 0 0]
 [0 0 4 0 0 9 0 8 2]]
Solution:
[[3 2 8 6 5 9 1 4 0]
 [9 0 6 0 3 7 0 2 8]
 [0 7 1 4 2 8 3 5 9]
 [8 0 4 9 1 3 7 6 5]
 [2 5 7 8 4 0 9 0 3]
 [0 9 3 2 6 5 0 1 4]
 [6 3 2 0 8 4 5 9 7]
 [5 4 9 1 7 2 8 3 6]
 [1 8 0 3 9 6 4 0 2]]
Number of cells unfilled: 13
Accuracy: 83.9506172839506
Sample: 93065
Question:
[[0 0 0 0 0 0 0 4 0]
 [0 2 0 3 1 0 0 0 8]
 [1 0 8 0 0 9 0 0 0]
 [0 3 0 0 0 0 0 0 0]
 [0 0 2 6 8 0 0 0 3]
 [6 0 0 0 2 0 4 0 0]
 [0 0 3 0 0 5 0 0 0]
 [0 8 0 0 0 0 7 0 0]
 [2 0 0 1 3 0 0 0 4]]
Solution:
[[3 2 8 6 5 9 1 4 0]
 [9 0 6 7 3 1 0 2 8]
 [0 7 1 4 2 8 3 5 9]
 [8 0 0 9 1 3 7 6 4]
 [2 5 7 8 4 0 9 0 3]
 [4 9 3 2 6 5 0 1 0]
 [6 3 2 0 8 4 5 9 7]
 [5 4 9 1 7 2 8 3 6]
 [1 8 0 3 9 6 4 0 2]]
Number of cells unfilled: 13
Accuracy: 83.9506172839506
Sample: 93066
Question:
[[0 0 0 0 2 1 0 3 0]
 [4 0 0 0 0 5 0 0 2]
 [0 0 0 6 3 0 0 0 0]
 [0 4 5 0 0 0 2 0 0]
 [8 2 0 0 0 0 4 0 0]
 [6 0 0 5 0 0 0 0 0]
 [0 0 2 0 9 7 1 0 3]
 [0 0 0 0 0 3 9 0 0]
 [0 0 9 2 1 0 7 0 0]]
Solution:
[[3 2 8 6 0 9 0 4 1]
 [9 0 6 7 3 1 0 2 0]
 [0 7 1 4 2 8 3 5 9]
 [8 0 4 9 1 3 7 6 5]
 [2 5 7 8 4 0 9 0 3]
 [0 9 3 2 6 5 0 1 8]
 [6 3 2 0 8 4 5 0 7]
 [5 4 9 1 7 2 8 3 6]
 [7 8 0 3 5 6 4 9 2]]
Number of cells unfilled: 14
Accuracy: 82.71604938271605
Sample: 93067
Question:
[[0 0 0 6 0 0 7 0 0]
 [0 1 0 7 0 0 0 2 0]
 [0 8 9 0 0 0 0 0 0]
 [0 0 0 0 5 0 0 0 0]
 [1 0 2 0 0 0 0 0 3]
 [0 0 0 0 0 0 5 0 4]
 [8 0 0 3 0 0 0 0 0]
 [0 0 4 0 2 5 0 0 6]
 [5 3 0 0 1 0 0 0 9]]
Solution:
[[3 2 8 6 0 9 1 4 5]
 [9 0 6 7 3 1 0 2 8]
 [0 7 1 4 2 8 3 0 9]
 [8 0 4 9 1 3 7 6 2]
 [2 5 7 8 4 0 9 0 3]
 [0 9 3 2 6 5 8 1 4]
 [6 3 2 0 8 4 5 9 7]
 [5 4 9 1 7 2 0 8 6]
 [1 8 0 3 5 6 4 0 0]]
Number of cells unfilled: 14
Accuracy: 82.71604938271605
Sample: 93068
Question:
[[0 2 0 3 0 0 0 0 5]
 [3 7 1 0 0 8 0 0 0]
 [8 6 0 0 0 0 0 9 0]
 [0 0 0 8 0 0 1 0 0]
 [0 3 0 7 5 0 2 0 0]
 [0 8 0 0 1 0 0 0 0]
 [2 0 0 0 0 9 0 6 7]
 [7 0 0 0 2 0 0 8 1]
 [0 0 0 0 0 0 0 0 0]]
Solution:
[[3 2 8 6 5 9 1 4 0]
 [9 0 6 7 3 8 0 2 0]
 [0 7 1 4 0 2 3 8 9]
 [8 0 4 9 1 3 7 6 5]
 [2 5 7 8 4 0 9 0 3]
 [0 9 3 2 6 5 0 1 4]
 [6 3 2 0 8 4 5 9 7]
 [5 4 9 1 7 0 8 3 6]
 [7 8 0 3 2 6 4 0 1]]
Number of cells unfilled: 15
Accuracy: 81.48148148148148
Sample: 93069
Question:
[[0 3 0 0 8 5 0 9 0]
 [0 0 0 0 0 2 7 0 0]
 [0 0 2 0 0 0 0 5 0]
 [0 0 0 5 4 8 0 0 0]
 [6 0 9 0 1 0 0 0 0]
 [8 0 0 6 0 0 0 0 0]
 [2 0 0 0 0 6 4 7 0]
 [1 0 8 4 0 0 3 0 0]
 [0 0 7 9 0 0 0 0 0]]
Solution:
[[3 0 8 6 2 9 1 4 5]
 [9 0 6 5 3 7 0 2 8]
 [0 7 1 4 0 8 3 0 9]
 [8 0 4 9 1 3 7 6 2]
 [2 5 7 8 4 0 9 0 3]
 [0 9 3 2 6 5 0 1 4]
 [1 3 2 0 8 4 5 9 7]
 [5 4 9 1 7 2 8 3 6]
 [7 8 0 3 5 6 4 0 1]]
Number of cells unfilled: 14
Accuracy: 82.71604938271605
Sample: 93070
Question:
[[4 0 0 0 2 1 0 0 0]
 [0 0 0 4 3 0 0 7 5]
 [0 0 1 7 0 0 0 0 0]
 [0 0 0 0 0 5 0 2 9]
 [7 0 0 6 0 0 0 0 0]
 [0 9 0 3 0 0 5 0 0]
 [0 0 7 0 0 0 0 0 1]
 [0 3 0 0 0 0 7 0 8]
 [2 1 0 0 0 0 3 9 0]]
Solution:
[[3 2 8 6 5 9 1 4 0]
 [9 0 6 7 3 1 0 2 8]
 [0 7 1 4 2 8 3 5 9]
 [8 0 4 9 1 3 7 6 5]
 [2 5 7 8 4 0 9 0 3]
 [0 9 3 2 6 5 0 1 4]
 [6 3 2 0 8 4 5 9 7]
 [5 4 9 1 7 2 8 3 6]
 [7 8 0 3 9 6 4 0 1]]
Number of cells unfilled: 12
Accuracy: 85.18518518518519
Sample: 93071
Question:
[[2 4 0 0 0 0 9 0 0]
 [0 0 9 0 0 0 0 3 0]
 [7 3 0 0 9 0 0 0 0]
 [0 0 0 1 0 0 0 6 0]
 [0 0 0 0 0 5 0 0 8]
 [0 0 7 0 2 0 4 0 0]
 [6 0 0 0 0 0 0 5 0]
 [9 0 0 8 0 0 0 0 1]
 [0 0 4 0 3 0 2 0 0]]
Solution:
[[3 2 8 6 0 9 0 4 1]
 [9 0 6 7 3 1 0 2 8]
 [0 7 1 4 2 8 3 5 9]
 [8 0 4 9 1 3 7 6 5]
 [2 5 7 8 4 0 9 0 3]
 [0 9 3 2 6 5 0 1 4]
 [1 3 2 0 8 4 5 9 7]
 [5 4 9 1 7 2 8 3 6]
 [7 8 0 3 5 6 4 0 2]]
Number of cells unfilled: 13
Accuracy: 83.9506172839506
Sample: 93072
Question:
[[0 0 0 0 9 0 0 0 0]
 [0 0 0 3 0 5 0 8 0]
 [5 0 0 8 0 7 9 0 0]
 [0 0 1 0 0 8 4 0 9]
 [4 0 0 0 3 0 0 7 0]
 [0 0 0 0 0 4 0 0 8]
 [8 2 0 0 5 0 0 3 0]
 [7 0 0 0 8 0 0 9 0]
 [0 6 0 2 0 0 0 0 0]]
Solution:
[[3 2 8 6 5 9 0 4 1]
 [9 0 6 7 3 1 0 2 8]
 [0 7 1 4 0 8 3 5 9]
 [8 0 4 9 1 3 7 6 5]
 [2 5 7 8 4 0 9 0 3]
 [0 9 3 2 6 5 8 1 4]
 [1 3 2 0 8 4 5 9 7]
 [5 4 9 1 7 0 2 3 6]
 [7 8 0 3 2 6 4 0 0]]
Number of cells unfilled: 14
Accuracy: 82.71604938271605
Sample: 93073
Question:
[[9 5 0 0 0 3 0 0 0]
 [0 0 4 2 0 0 0 9 0]
 [2 8 0 0 0 0 7 0 5]
 [5 0 0 9 4 0 0 8 0]
 [0 4 0 0 0 5 0 0 7]
 [0 0 0 0 0 0 5 0 4]
 [0 0 0 0 0 0 0 0 1]
 [0 0 0 3 0 6 0 0 0]
 [0 2 0 5 8 0 0 7 0]]
Solution:
[[3 0 8 6 2 9 0 4 1]
 [9 0 6 7 3 1 0 2 0]
 [0 7 1 4 0 8 3 5 9]
 [8 0 4 9 1 3 7 6 5]
 [2 5 7 8 4 0 9 0 3]
 [0 9 3 2 6 5 0 1 8]
 [6 3 2 0 8 4 5 9 7]
 [5 4 9 1 7 2 8 3 6]
 [1 8 0 3 5 6 4 0 2]]
Number of cells unfilled: 15
Accuracy: 81.48148148148148
Sample: 93074
Question:
[[0 9 0 0 0 6 2 4 0]
 [0 0 0 0 3 0 0 0 6]
 [6 0 0 2 0 0 8 0 0]
 [0 5 0 0 0 0 0 0 0]
 [9 0 0 0 0 8 0 0 4]
 [0 0 1 4 6 0 0 0 0]
 [2 0 0 0 0 3 0 0 9]
 [0 8 0 0 7 0 0 5 0]
 [0 0 0 1 0 0 0 7 0]]
Solution:
[[3 2 8 6 5 9 1 4 0]
 [9 0 6 7 3 1 0 2 8]
 [0 7 1 4 2 8 3 5 9]
 [8 0 0 9 1 3 7 6 4]
 [2 5 7 8 4 0 9 0 3]
 [4 9 3 2 6 5 0 1 0]
 [6 3 2 0 8 4 5 9 7]
 [5 4 9 1 7 2 8 3 6]
 [1 8 0 3 9 6 4 0 2]]
Number of cells unfilled: 13
Accuracy: 83.9506172839506
Sample: 93075
Question:
[[0 1 0 4 8 0 0 0 3]
 [3 0 0 7 1 0 0 9 0]
 [0 0 8 0 0 3 0 0 0]
 [1 0 0 0 0 4 0 0 7]
 [0 0 0 0 0 0 0 2 0]
 [0 2 5 0 0 1 6 0 0]
 [0 7 0 0 6 0 3 0 0]
 [0 0 0 5 0 0 0 0 0]
 [8 0 0 0 0 7 0 0 9]]
Solution:
[[3 0 8 6 2 9 1 4 5]
 [9 0 6 5 3 7 0 2 8]
 [0 7 1 4 0 8 3 0 9]
 [8 0 0 9 1 3 7 6 4]
 [2 5 7 8 4 0 9 0 3]
 [4 9 3 2 6 5 0 1 0]
 [6 3 2 0 8 4 5 9 7]
 [5 4 9 1 7 2 8 3 6]
 [7 8 0 3 5 6 4 0 1]]
Number of cells unfilled: 15
Accuracy: 81.48148148148148
Sample: 93076
Question:
[[8 0 0 0 0 0 0 0 1]
 [0 6 0 0 8 0 0 5 0]
 [0 9 5 0 0 7 8 0 0]
 [0 0 4 8 0 6 0 9 0]
 [9 0 0 0 7 0 1 0 0]
 [0 3 0 0 0 0 0 0 0]
 [0 0 0 0 0 2 0 0 0]
 [0 0 0 4 6 0 0 2 3]
 [6 0 0 0 9 0 5 0 0]]
Solution:
[[3 0 8 6 2 9 1 4 5]
 [9 0 6 7 3 1 0 2 8]
 [0 7 1 4 0 8 3 0 9]
 [8 0 4 9 1 3 7 6 2]
 [2 5 7 8 4 0 9 0 3]
 [0 9 3 2 6 5 8 1 4]
 [6 3 2 0 8 4 5 0 7]
 [5 4 9 1 7 2 0 3 6]
 [7 8 0 3 5 6 4 9 1]]
Number of cells unfilled: 14
Accuracy: 82.71604938271605
Sample: 93077
Question:
[[0 0 0 0 0 0 0 8 0]
 [0 7 0 9 0 2 0 0 0]
 [0 2 6 0 3 0 9 0 0]
 [0 0 0 0 0 0 0 6 4]
 [0 0 0 0 6 0 0 0 0]
 [0 0 1 0 0 3 2 0 0]
 [5 0 0 0 1 6 0 0 0]
 [0 8 0 0 2 0 0 7 0]
 [0 0 2 3 0 0 6 0 0]]
Solution:
[[3 2 8 6 0 9 1 4 5]
 [9 0 6 7 3 1 0 2 8]
 [0 7 1 4 5 2 3 0 9]
 [8 0 4 9 1 3 7 6 2]
 [2 5 7 8 4 0 9 0 3]
 [0 9 3 2 6 5 8 1 4]
 [1 3 2 0 8 4 5 0 7]
 [5 4 9 1 7 0 2 8 6]
 [7 8 0 3 2 6 4 9 1]]
Number of cells unfilled: 13
Accuracy: 83.9506172839506
Sample: 93078
Question:
[[0 0 0 0 0 0 7 0 3]
 [6 0 5 0 0 3 0 0 2]
 [0 0 0 0 0 8 0 5 0]
 [0 2 0 3 0 0 0 0 6]
 [0 0 9 0 0 5 0 3 0]
 [3 0 0 1 0 0 0 0 0]
 [9 3 0 0 0 0 0 4 0]
 [0 0 4 0 0 0 8 0 5]
 [5 0 0 0 0 4 0 0 0]]
Solution:
[[3 0 8 6 2 9 0 4 1]
 [9 0 6 7 3 1 0 2 0]
 [0 7 1 4 5 8 3 0 9]
 [8 0 4 9 1 3 7 6 5]
 [2 5 7 8 4 0 9 0 3]
 [0 9 3 2 6 5 0 1 8]
 [6 3 2 0 8 4 5 9 7]
 [5 4 9 1 7 2 8 3 6]
 [7 8 0 3 9 6 4 0 2]]
Number of cells unfilled: 15
Accuracy: 81.48148148148148
Sample: 93079
Question:
[[0 0 0 0 2 0 0 0 1]
 [7 0 0 9 0 0 0 6 0]
 [0 0 0 3 0 0 9 0 0]
 [2 0 5 0 0 0 0 0 4]
 [0 4 0 0 0 0 1 9 0]
 [0 0 9 0 4 0 2 0 0]
 [6 0 0 0 9 0 7 0 2]
 [9 0 8 0 0 0 0 0 0]
 [0 2 0 0 5 0 0 0 0]]
Solution:
[[3 2 8 6 5 9 1 4 0]
 [9 0 6 7 3 1 0 2 8]
 [0 7 1 4 2 8 3 5 9]
 [8 0 4 9 1 3 7 6 5]
 [2 5 7 8 4 0 9 0 3]
 [0 9 3 2 6 5 0 1 4]
 [6 3 2 0 8 4 5 9 7]
 [5 4 9 1 7 2 8 3 6]
 [1 8 0 3 9 6 4 0 2]]
Number of cells unfilled: 12
Accuracy: 85.18518518518519
Sample: 93080
Question:
[[0 0 0 0 2 0 0 1 0]
 [0 0 9 0 0 3 0 6 0]
 [0 5 0 6 0 0 0 0 8]
 [0 0 3 0 0 0 0 0 5]
 [0 0 0 0 0 9 6 0 7]
 [0 7 0 5 0 6 0 8 0]
 [0 6 0 1 0 5 8 0 0]
 [0 0 0 0 0 0 0 0 0]
 [4 0 5 0 0 0 0 0 0]]
Solution:
[[3 2 8 6 0 9 0 4 0]
 [9 0 6 5 3 7 1 2 8]
 [0 7 1 4 2 8 3 5 9]
 [8 0 0 9 1 3 7 6 4]
 [2 5 7 8 4 0 9 0 3]
 [4 9 3 2 6 5 0 1 0]
 [6 3 2 0 8 4 5 9 7]
 [5 4 9 1 7 2 8 3 6]
 [1 8 0 3 5 6 4 0 2]]
Number of cells unfilled: 14
Accuracy: 82.71604938271605
Sample: 93081
Question:
[[0 0 0 0 5 0 0 0 0]
 [0 2 6 0 0 0 0 0 4]
 [1 0 0 0 0 6 3 0 2]
 [0 0 0 7 0 0 0 0 0]
 [3 0 0 0 0 0 0 0 0]
 [0 1 0 0 0 2 8 0 3]
 [0 0 1 0 0 3 2 0 0]
 [2 0 0 0 4 0 0 0 5]
 [8 3 0 0 0 0 0 9 0]]
Solution:
[[3 0 8 6 2 9 1 4 5]
 [9 0 6 7 3 1 0 2 8]
 [0 7 1 4 0 8 3 0 9]
 [8 0 4 9 1 3 7 6 2]
 [2 5 7 8 4 0 9 0 3]
 [0 9 3 2 6 5 0 1 4]
 [1 3 2 0 8 4 5 9 7]
 [5 4 9 1 7 2 8 3 6]
 [7 8 0 3 5 6 4 0 1]]
Number of cells unfilled: 14
Accuracy: 82.71604938271605
Sample: 93082
Question:
[[0 0 0 5 0 0 0 6 8]
 [5 0 0 0 0 0 0 0 0]
 [0 0 8 0 1 9 5 0 0]
 [0 0 0 0 8 7 0 0 0]
 [9 0 0 1 0 0 0 0 0]
 [8 0 0 0 3 0 1 4 0]
 [0 2 0 0 0 0 0 8 1]
 [1 0 0 8 0 0 6 0 0]
 [0 0 0 0 4 0 0 0 3]]
Solution:
[[3 2 8 6 0 9 1 4 5]
 [9 0 6 7 3 1 0 2 0]
 [0 7 1 4 2 8 3 0 9]
 [8 0 4 9 1 3 7 6 2]
 [2 5 7 8 4 0 9 0 3]
 [0 9 3 2 6 5 0 1 8]
 [1 3 2 0 8 4 5 0 7]
 [5 4 9 1 7 2 8 3 6]
 [7 8 0 3 5 6 4 9 1]]
Number of cells unfilled: 14
Accuracy: 82.71604938271605
Sample: 93083
Question:
[[0 0 4 2 0 6 0 3 0]
 [0 0 1 5 0 0 0 0 0]
 [8 0 0 0 4 0 0 0 2]
 [0 0 8 0 0 4 0 0 9]
 [9 0 0 0 0 3 2 0 0]
 [2 0 0 0 0 0 4 6 0]
 [0 0 0 0 0 0 7 2 0]
 [0 8 0 0 1 2 0 0 4]
 [0 0 0 0 0 0 0 0 0]]
Solution:
[[3 2 8 6 0 9 1 4 0]
 [9 0 6 5 3 7 0 2 8]
 [0 7 1 4 2 8 3 5 9]
 [8 0 4 9 1 3 7 6 5]
 [2 5 7 8 4 0 9 0 3]
 [0 9 3 2 6 5 0 1 4]
 [6 3 2 0 8 4 5 9 7]
 [5 4 9 1 7 2 8 3 6]
 [1 8 0 3 5 6 4 0 2]]
Number of cells unfilled: 13
Accuracy: 83.9506172839506
Sample: 93084
Question:
[[0 0 9 0 0 7 0 0 0]
 [0 0 0 1 8 0 0 0 0]
 [0 0 0 4 0 0 6 7 0]
 [0 1 0 7 9 0 0 3 0]
 [0 0 3 0 1 0 0 0 0]
 [0 0 0 0 0 3 5 0 1]
 [0 0 7 0 0 0 0 5 0]
 [1 0 0 6 0 0 0 0 4]
 [2 0 0 0 0 0 1 0 7]]
Solution:
[[3 0 8 6 2 9 1 4 0]
 [9 4 6 7 3 1 8 2 0]
 [0 7 1 4 0 8 3 5 9]
 [8 0 4 9 1 3 7 6 5]
 [2 5 7 8 4 0 9 0 3]
 [0 9 3 2 6 5 0 1 4]
 [6 3 2 0 8 4 5 9 7]
 [5 0 9 1 7 2 0 3 6]
 [1 8 0 3 5 6 4 0 2]]
Number of cells unfilled: 15
Accuracy: 81.48148148148148
Sample: 93085
Question:
[[0 1 6 0 8 0 2 0 0]
 [0 0 0 2 0 0 0 0 0]
 [2 0 0 0 0 0 0 8 9]
 [0 0 3 0 0 8 0 7 0]
 [0 0 0 0 0 4 0 6 0]
 [8 0 0 6 0 0 9 0 0]
 [0 5 8 0 0 0 0 0 0]
 [0 0 7 0 0 0 6 0 3]
 [6 0 0 1 0 0 8 0 0]]
Solution:
[[3 2 8 6 0 9 1 4 0]
 [9 0 6 7 3 1 0 2 8]
 [0 7 1 4 5 2 3 0 9]
 [8 0 4 9 1 3 7 6 5]
 [2 5 7 8 4 0 9 0 3]
 [0 9 3 2 6 5 8 1 4]
 [6 3 2 0 8 4 5 9 7]
 [5 4 9 1 7 0 2 8 6]
 [7 8 0 3 2 6 4 0 1]]
Number of cells unfilled: 14
Accuracy: 82.71604938271605
Sample: 93086
Question:
[[0 3 0 6 0 0 0 9 2]
 [6 0 0 0 0 0 0 0 3]
 [0 0 0 0 0 7 6 0 0]
 [0 0 3 0 5 0 0 1 0]
 [9 0 0 7 0 0 3 0 0]
 [0 0 4 0 9 0 0 0 0]
 [0 0 0 9 0 1 0 5 0]
 [0 0 0 0 0 0 0 0 8]
 [2 0 0 3 0 0 9 0 0]]
Solution:
[[3 2 8 6 0 9 0 4 0]
 [9 4 6 7 3 8 1 2 0]
 [0 7 1 4 5 2 3 0 9]
 [8 0 4 9 1 3 7 6 5]
 [2 5 7 8 4 0 9 0 3]
 [0 9 3 2 6 5 8 1 4]
 [1 3 2 0 8 4 5 9 7]
 [5 0 9 1 7 0 2 8 6]
 [7 8 0 3 2 6 4 0 1]]
Number of cells unfilled: 15
Accuracy: 81.48148148148148
Sample: 93087
Question:
[[0 3 2 0 1 0 7 0 0]
 [0 0 0 0 0 0 0 0 6]
 [0 0 0 0 0 3 0 0 0]
 [0 0 7 1 0 0 3 0 0]
 [5 0 0 0 0 2 0 7 0]
 [3 4 0 0 0 7 0 9 0]
 [0 7 0 0 0 1 8 0 0]
 [0 9 0 8 0 0 0 0 3]
 [0 0 0 3 0 0 0 4 0]]
Solution:
[[3 2 8 6 0 9 1 4 0]
 [9 0 6 7 3 1 0 2 8]
 [0 7 1 4 2 8 3 5 9]
 [8 0 4 9 1 3 7 6 5]
 [2 5 7 8 4 0 9 0 3]
 [0 9 3 2 6 5 0 1 4]
 [1 3 2 0 8 4 5 9 7]
 [5 4 9 1 7 2 8 3 6]
 [7 8 0 3 5 6 4 0 2]]
Number of cells unfilled: 13
Accuracy: 83.9506172839506
Sample: 93088
Question:
[[0 4 0 9 0 0 0 0 0]
 [7 0 8 0 0 1 0 0 0]
 [0 0 9 0 2 7 0 3 0]
 [0 0 4 7 9 0 0 0 6]
 [9 6 0 0 3 0 7 0 0]
 [0 0 0 0 0 0 0 2 0]
 [0 0 7 0 0 0 0 0 0]
 [0 0 0 0 0 0 5 7 0]
 [4 0 0 8 0 0 0 0 9]]
Solution:
[[3 0 8 6 2 9 0 4 1]
 [9 0 6 0 3 7 0 2 0]
 [0 7 1 4 5 8 3 0 9]
 [8 0 4 9 1 3 7 6 5]
 [2 5 7 8 4 0 9 0 3]
 [0 9 3 2 6 5 0 1 8]
 [6 3 2 0 8 4 5 9 7]
 [5 4 9 1 7 2 8 3 6]
 [7 8 0 3 9 6 4 0 2]]
Number of cells unfilled: 16
Accuracy: 80.24691358024691
Sample: 93089
Question:
[[0 7 0 0 1 4 0 0 5]
 [0 0 0 0 0 0 0 2 7]
 [0 8 0 0 0 0 4 0 0]
 [0 0 0 0 0 9 0 8 4]
 [0 0 0 7 3 0 9 0 0]
 [0 9 0 0 0 0 0 7 0]
 [0 0 6 0 7 0 0 0 0]
 [0 4 0 0 0 3 0 0 0]
 [0 0 7 5 0 0 0 4 1]]
Solution:
[[3 0 8 6 2 9 0 4 1]
 [9 0 6 7 3 1 0 2 5]
 [0 7 1 4 0 8 3 0 9]
 [8 0 4 9 1 3 7 6 2]
 [2 5 7 8 4 0 9 0 3]
 [0 9 3 2 6 5 8 1 4]
 [1 3 2 0 8 4 5 9 7]
 [5 4 9 1 7 2 0 3 6]
 [7 8 0 3 5 6 4 0 0]]
Number of cells unfilled: 16
Accuracy: 80.24691358024691
Sample: 93090
Question:
[[0 7 0 3 0 0 0 0 4]
 [0 0 0 8 0 0 0 0 0]
 [3 0 0 0 0 2 0 6 0]
 [0 3 5 0 0 0 0 0 0]
 [0 4 0 0 0 0 7 2 0]
 [2 0 0 0 0 9 0 3 0]
 [1 0 0 0 0 0 6 0 3]
 [0 0 0 0 0 1 2 0 0]
 [0 2 9 0 3 0 0 1 0]]
Solution:
[[3 2 8 6 0 9 0 4 1]
 [9 0 6 7 3 1 8 2 5]
 [0 7 1 4 5 8 3 0 9]
 [8 0 4 9 1 3 7 6 2]
 [2 5 7 8 4 0 9 0 3]
 [0 9 3 2 6 5 0 1 8]
 [1 3 2 0 8 4 5 9 7]
 [5 4 9 1 7 0 2 8 6]
 [7 8 0 3 2 6 4 0 0]]
Number of cells unfilled: 15
Accuracy: 81.48148148148148
Sample: 93091
Question:
[[0 8 0 0 0 0 1 2 0]
 [2 0 0 0 0 0 0 0 7]
 [0 1 0 0 9 0 0 5 0]
 [0 0 0 3 0 0 7 1 0]
 [3 0 0 0 0 1 0 0 0]
 [0 0 0 0 2 6 0 0 3]
 [6 0 0 2 0 0 0 0 0]
 [0 0 0 0 1 4 0 0 0]
 [1 0 0 0 5 0 9 0 2]]
Solution:
[[3 0 8 6 2 9 1 4 0]
 [9 0 6 7 3 1 0 2 0]
 [0 7 1 4 0 0 3 8 9]
 [8 0 4 9 1 3 7 6 5]
 [2 5 7 8 4 0 9 0 3]
 [0 9 3 2 6 5 0 1 8]
 [1 3 2 0 8 4 5 9 7]
 [5 4 9 1 7 2 8 3 6]
 [7 8 0 3 5 6 4 0 1]]
Number of cells unfilled: 16
Accuracy: 80.24691358024691
Sample: 93092
Question:
[[1 0 0 0 0 0 0 0 0]
 [0 9 0 7 0 3 6 0 0]
 [0 0 0 0 0 0 0 0 3]
 [0 0 0 0 4 0 0 0 7]
 [0 0 5 0 3 2 0 0 9]
 [0 3 0 9 0 0 0 6 0]
 [3 0 0 0 0 5 9 8 0]
 [0 8 0 0 0 9 0 0 6]
 [0 0 2 0 0 0 0 3 0]]
Solution:
[[3 2 8 6 0 9 1 4 0]
 [9 0 6 5 3 1 0 2 8]
 [0 7 1 4 2 8 3 5 9]
 [8 0 4 9 1 3 7 6 2]
 [2 5 7 8 4 0 9 0 3]
 [0 9 3 2 6 5 0 1 4]
 [6 3 2 0 8 4 5 9 7]
 [5 4 9 1 7 2 8 3 6]
 [1 8 0 3 5 6 4 0 0]]
Number of cells unfilled: 14
Accuracy: 82.71604938271605
Sample: 93093
Question:
[[1 0 0 0 9 3 0 0 0]
 [0 0 9 0 0 0 0 8 0]
 [6 5 0 0 0 0 0 0 0]
 [0 6 0 0 0 9 0 7 0]
 [9 8 0 0 7 0 0 0 6]
 [0 0 7 6 0 2 0 0 0]
 [0 0 0 0 2 0 0 9 0]
 [3 0 0 1 0 0 6 0 0]
 [0 0 0 0 0 6 4 0 0]]
Solution:
[[3 2 8 6 0 9 1 4 5]
 [9 0 6 7 3 1 0 2 8]
 [0 7 1 4 5 2 3 0 9]
 [8 0 4 9 1 3 7 6 2]
 [2 5 7 8 4 0 9 0 3]
 [0 9 3 2 6 5 8 1 4]
 [1 3 2 0 8 4 5 0 7]
 [5 4 9 1 7 0 2 8 6]
 [7 8 0 3 2 6 4 9 1]]
Number of cells unfilled: 13
Accuracy: 83.9506172839506
Sample: 93094
Question:
[[4 8 0 0 0 0 0 7 0]
 [0 0 0 0 9 0 0 0 4]
 [0 0 0 0 0 0 2 6 0]
 [0 6 4 3 0 0 0 0 0]
 [0 0 7 6 0 0 0 8 0]
 [1 0 0 0 4 0 0 0 6]
 [0 0 0 0 5 0 0 0 0]
 [0 1 6 0 0 0 0 0 5]
 [5 0 0 0 0 6 9 4 0]]
Solution:
[[3 0 8 6 2 9 1 4 0]
 [9 0 6 7 3 1 0 2 0]
 [0 7 1 4 5 8 3 0 9]
 [8 0 4 9 1 3 7 6 5]
 [2 5 7 8 4 0 9 0 3]
 [0 9 3 2 6 5 0 1 8]
 [6 3 2 0 8 4 5 9 7]
 [5 4 9 1 7 2 8 3 6]
 [7 8 0 3 9 6 4 0 1]]
Number of cells unfilled: 15
Accuracy: 81.48148148148148
Sample: 93095
Question:
[[8 0 0 0 6 0 5 0 1]
 [0 0 1 0 0 7 0 8 0]
 [2 0 0 8 0 0 0 0 0]
 [0 0 9 0 0 0 0 0 0]
 [0 0 0 7 8 0 0 9 0]
 [0 0 0 0 0 9 1 0 3]
 [0 0 0 0 0 0 8 0 4]
 [0 0 3 0 0 0 0 1 0]
 [0 0 8 5 0 1 6 0 0]]
Solution:
[[3 0 8 6 2 9 0 4 1]
 [9 0 6 7 3 1 8 2 5]
 [0 7 1 4 5 8 3 0 9]
 [8 0 4 9 1 3 7 6 2]
 [2 5 7 8 4 0 9 0 3]
 [0 9 3 2 6 5 0 1 8]
 [1 3 2 0 8 4 5 9 7]
 [5 4 9 1 7 2 0 8 6]
 [7 8 0 3 9 6 4 0 0]]
Number of cells unfilled: 15
Accuracy: 81.48148148148148
Sample: 93096
Question:
[[9 0 0 0 0 4 0 0 8]
 [0 0 0 7 0 0 0 0 3]
 [0 0 2 0 8 0 0 5 0]
 [0 0 0 0 0 0 0 0 2]
 [0 0 8 0 3 2 5 0 0]
 [0 1 0 0 0 0 0 0 0]
 [0 0 0 0 0 9 8 6 0]
 [0 0 6 0 2 8 0 0 5]
 [4 0 0 0 0 0 0 2 0]]
Solution:
[[3 2 8 6 0 9 0 4 1]
 [9 4 6 7 3 1 8 2 5]
 [0 7 1 4 5 8 3 0 9]
 [8 0 4 9 1 3 7 6 2]
 [2 5 7 8 4 0 9 0 3]
 [0 9 3 2 6 5 0 1 8]
 [1 3 2 0 8 4 5 9 7]
 [5 0 9 1 7 0 2 3 6]
 [7 8 0 3 2 6 4 0 0]]
Number of cells unfilled: 15
Accuracy: 81.48148148148148
Sample: 93097
Question:
[[9 2 0 0 0 0 0 7 0]
 [0 0 0 0 0 0 8 5 0]
 [5 0 0 0 0 1 0 0 9]
 [0 5 9 0 3 0 0 0 0]
 [4 0 0 0 0 9 0 0 0]
 [0 0 7 0 5 0 0 2 0]
 [6 0 0 5 0 0 1 9 0]
 [0 4 0 0 0 0 0 0 6]
 [0 0 0 0 0 6 5 0 0]]
Solution:
[[3 2 8 6 5 9 0 4 1]
 [9 0 6 7 3 1 8 2 5]
 [0 7 1 4 0 8 3 0 9]
 [8 0 4 9 1 3 7 6 2]
 [2 5 7 8 4 0 9 0 3]
 [0 9 3 2 6 5 0 1 8]
 [6 3 2 0 8 4 5 9 7]
 [5 4 9 1 7 0 2 8 6]
 [1 8 0 3 2 6 4 0 0]]
Number of cells unfilled: 15
Accuracy: 81.48148148148148
Sample: 93098
Question:
[[0 5 0 0 0 0 7 0 0]
 [4 0 0 0 1 0 0 0 8]
 [0 0 0 9 0 0 0 4 0]
 [0 0 0 4 0 0 0 0 9]
 [0 0 0 0 8 0 0 1 0]
 [0 2 0 0 0 6 3 0 0]
 [0 7 0 0 0 0 0 0 0]
 [5 0 6 0 0 0 2 0 3]
 [3 0 2 0 0 5 0 0 0]]
Solution:
[[3 0 8 6 2 9 0 4 0]
 [9 0 6 5 3 7 0 2 1]
 [0 7 1 4 0 8 3 5 9]
 [8 0 4 9 1 3 7 6 5]
 [2 5 7 8 4 0 9 0 3]
 [0 9 3 2 6 5 0 1 8]
 [1 3 2 0 8 4 5 0 7]
 [5 4 9 1 7 2 8 3 6]
 [7 8 0 3 5 6 4 9 2]]
Number of cells unfilled: 15
Accuracy: 81.48148148148148
Sample: 93099
Question:
[[0 2 0 0 7 0 0 5 0]
 [0 0 7 0 0 0 6 0 0]
 [8 5 0 0 0 4 0 0 7]
 [0 3 0 0 0 0 0 0 0]
 [2 0 8 0 5 0 0 0 6]
 [0 0 0 9 0 8 0 0 0]
 [0 0 4 0 6 2 1 0 5]
 [1 0 0 0 0 0 4 0 0]
 [0 0 2 0 4 0 0 0 8]]
Solution:
[[3 0 8 6 2 9 0 4 1]
 [9 0 6 7 3 1 8 2 5]
 [0 7 1 4 5 8 3 0 9]
 [8 0 4 9 1 3 7 6 2]
 [2 5 7 8 4 0 9 0 3]
 [0 9 3 2 6 5 0 1 8]
 [6 3 2 0 8 4 5 9 7]
 [5 4 9 1 7 2 0 8 6]
 [1 8 0 3 9 6 4 0 0]]
Number of cells unfilled: 15
Accuracy: 81.48148148148148
Sample: 93100
Question:
[[0 0 0 0 0 9 0 0 0]
 [0 0 6 0 3 0 0 2 0]
 [0 7 0 4 0 0 3 0 9]
 [8 0 0 9 0 3 0 0 0]
 [0 5 0 0 4 0 9 0 3]
 [0 0 0 0 0 5 0 1 0]
 [0 3 0 0 0 4 5 0 7]
 [0 0 9 0 7 0 0 0 6]
 [0 0 0 0 0 0 0 0 0]]
Solution:
[[3 2 8 6 0 9 0 4 0]
 [9 4 6 7 3 8 0 2 1]
 [0 7 1 4 5 2 3 8 9]
 [8 0 4 9 1 3 7 6 5]
 [2 5 7 8 4 0 9 0 3]
 [0 9 3 2 6 5 0 1 8]
 [1 3 2 0 8 4 5 9 7]
 [5 0 9 1 7 0 8 3 6]
 [7 8 0 3 2 6 4 0 0]]
Number of cells unfilled: 16
Accuracy: 80.24691358024691
