2025-10-22 16:59:32.439322: I tensorflow/core/util/port.cc:153] oneDNN custom operations are on. You may see slightly different numerical results due to floating-point round-off errors from different computation orders. To turn them off, set the environment variable `TF_ENABLE_ONEDNN_OPTS=0`.
2025-10-22 16:59:33.066991: I tensorflow/core/platform/cpu_feature_guard.cc:210] This TensorFlow binary is optimized to use available CPU instructions in performance-critical operations.
To enable the following instructions: AVX2 AVX512F AVX512_VNNI FMA, in other operations, rebuild TensorFlow with the appropriate compiler flags.
2025-10-22 16:59:37.611590: I tensorflow/core/util/port.cc:153] oneDNN custom operations are on. You may see slightly different numerical results due to floating-point round-off errors from different computation orders. To turn them off, set the environment variable `TF_ENABLE_ONEDNN_OPTS=0`.
2025-10-22 16:59:42.819595: E external/local_xla/xla/stream_executor/cuda/cuda_platform.cc:51] failed call to cuInit: INTERNAL: CUDA error: Failed call to cuInit: UNKNOWN ERROR (303)
Sample: 93101
Question:
[[0 2 0 9 0 0 0 0 4]
 [0 0 9 0 0 6 7 0 0]
 [4 0 0 0 0 0 0 9 0]
 [0 0 4 2 0 0 0 7 0]
 [0 5 0 0 0 0 1 0 0]
 [0 0 7 6 0 8 0 4 0]
 [0 0 2 7 0 0 0 6 0]
 [0 7 0 0 0 4 8 0 0]
 [3 0 0 0 0 0 0 0 0]]
Solution:
[[0 2 5 6 7 3 9 4 8]
 [8 4 6 2 1 9 7 5 3]
 [7 9 3 5 8 4 6 2 0]
 [1 0 7 3 6 5 4 9 2]
 [4 6 9 1 0 2 8 3 5]
 [5 3 8 4 9 0 0 7 1]
 [3 0 2 9 4 6 5 1 7]
 [9 8 1 7 3 0 2 6 4]
 [6 7 4 8 2 1 3 0 9]]
Number of cells unfilled: 9
Accuracy: 88.88888888888889
Sample: 93102
Question:
[[0 5 0 0 1 0 0 6 0]
 [1 0 2 3 0 0 0 0 5]
 [3 0 0 0 0 5 0 0 0]
 [7 0 0 0 0 0 0 0 0]
 [0 0 0 0 9 0 0 3 0]
 [0 2 0 0 0 6 0 0 1]
 [0 3 0 0 0 1 0 0 2]
 [0 0 8 0 4 0 0 0 0]
 [0 1 0 8 0 3 4 0 6]]
Solution:
[[0 2 5 6 7 8 1 4 0]
 [8 1 6 2 0 0 9 5 3]
 [0 9 3 5 1 4 6 2 7]
 [1 0 7 3 6 5 4 9 2]
 [4 6 9 1 0 2 8 3 5]
 [5 3 8 4 9 0 0 7 1]
 [7 0 2 9 4 6 5 1 8]
 [9 8 1 7 3 0 2 6 4]
 [6 5 4 8 2 1 3 0 9]]
Number of cells unfilled: 12
Accuracy: 85.18518518518519
Sample: 93103
Question:
[[0 0 9 5 0 0 0 0 0]
 [0 0 0 0 3 0 0 2 0]
 [0 0 0 2 0 7 0 0 9]
 [0 9 4 0 0 8 0 1 0]
 [0 5 0 0 0 3 0 0 0]
 [7 1 0 0 4 0 0 5 0]
 [0 8 2 0 0 1 7 0 0]
 [0 0 0 3 0 0 0 0 8]
 [4 7 0 0 8 0 0 0 0]]
Solution:
[[0 2 5 6 7 9 1 4 8]
 [8 1 6 2 0 0 9 5 3]
 [7 9 3 5 8 4 6 2 0]
 [1 0 7 3 6 5 4 9 2]
 [4 6 9 0 1 2 8 3 5]
 [5 3 8 4 9 0 0 7 1]
 [3 0 2 9 4 6 5 1 7]
 [9 8 1 7 3 0 2 6 4]
 [6 5 4 0 2 1 3 8 9]]
Number of cells unfilled: 11
Accuracy: 86.41975308641975
Sample: 93104
Question:
[[7 0 0 0 0 0 0 0 0]
 [0 1 0 0 0 0 0 0 0]
 [0 0 0 2 1 0 4 0 0]
 [8 0 0 0 0 6 0 0 0]
 [0 0 2 3 0 7 1 0 9]
 [0 7 0 0 0 5 3 0 0]
 [0 0 0 4 0 0 5 0 3]
 [0 3 0 7 5 0 0 2 8]
 [0 0 9 0 0 0 0 0 1]]
Solution:
[[0 2 5 6 7 3 9 4 8]
 [8 9 6 2 0 0 1 5 3]
 [7 1 3 8 5 4 6 2 0]
 [1 0 7 3 6 5 4 9 2]
 [4 6 9 0 1 2 8 3 5]
 [5 3 8 4 9 0 0 7 1]
 [3 0 2 9 4 8 5 1 7]
 [9 8 1 7 3 0 2 6 4]
 [6 7 4 5 2 1 3 8 9]]
Number of cells unfilled: 10
Accuracy: 87.65432098765432
Sample: 93105
Question:
[[3 1 0 0 4 0 0 0 0]
 [0 0 7 1 0 5 8 0 0]
 [0 0 0 0 6 0 0 0 0]
 [0 0 0 0 0 0 5 0 2]
 [0 0 2 4 0 1 0 8 0]
 [0 7 0 0 0 0 1 0 4]
 [0 0 4 5 0 2 0 0 8]
 [7 0 0 3 0 0 2 0 0]
 [0 0 0 6 9 0 0 0 0]]
Solution:
[[0 2 5 6 7 3 1 4 8]
 [8 4 6 2 1 9 7 5 3]
 [0 1 3 5 8 4 6 2 0]
 [1 0 7 3 6 5 4 9 2]
 [4 6 9 1 0 2 8 3 5]
 [5 3 8 4 9 0 0 7 1]
 [7 0 2 9 4 6 5 8 0]
 [9 8 1 7 3 0 2 6 4]
 [6 5 4 8 2 1 3 0 9]]
Number of cells unfilled: 11
Accuracy: 86.41975308641975
Sample: 93106
Question:
[[8 3 0 0 0 0 0 0 0]
 [0 2 4 5 0 0 0 1 0]
 [0 6 0 0 0 7 4 0 0]
 [0 0 0 0 0 0 2 4 0]
 [0 0 0 0 7 0 9 5 0]
 [0 5 9 4 0 0 0 0 1]
 [5 0 0 0 0 6 0 0 0]
 [0 9 2 7 0 0 1 0 0]
 [3 0 0 0 0 0 0 9 0]]
Solution:
[[0 2 5 6 7 9 1 4 0]
 [8 1 6 2 0 0 9 5 3]
 [0 9 3 5 1 4 6 2 8]
 [1 0 7 3 6 5 4 9 2]
 [4 6 9 1 0 2 8 3 5]
 [5 3 8 4 9 0 0 7 1]
 [7 0 2 9 4 6 5 8 0]
 [9 8 1 7 3 0 2 6 4]
 [6 0 4 8 5 1 3 0 9]]
Number of cells unfilled: 14
Accuracy: 82.71604938271605
Sample: 93107
Question:
[[0 0 0 0 3 0 4 0 6]
 [0 6 0 8 0 0 0 0 0]
 [3 0 0 0 0 2 0 8 0]
 [6 4 0 0 7 0 0 3 0]
 [0 0 0 9 0 0 0 0 0]
 [7 0 0 0 0 0 1 0 0]
 [0 3 0 0 8 0 0 7 5]
 [0 8 0 0 2 0 0 4 0]
 [0 0 7 0 0 5 0 0 0]]
Solution:
[[0 2 5 6 7 3 1 4 8]
 [8 4 6 2 1 0 9 5 3]
 [7 9 3 8 5 4 6 2 0]
 [1 0 7 3 6 5 4 9 2]
 [4 6 9 1 0 2 8 3 5]
 [5 3 8 4 9 0 0 7 1]
 [3 0 2 9 4 6 5 1 7]
 [9 8 1 7 3 0 2 6 4]
 [6 7 4 5 2 1 3 8 9]]
Number of cells unfilled: 9
Accuracy: 88.88888888888889
Sample: 93108
Question:
[[0 9 0 0 0 0 0 0 0]
 [1 0 4 2 0 0 0 0 3]
 [0 3 0 0 1 0 9 0 0]
 [9 0 3 0 4 0 0 0 1]
 [0 4 0 0 0 3 8 0 0]
 [5 0 0 0 0 2 0 0 0]
 [0 5 0 0 7 0 0 0 0]
 [0 0 0 4 0 0 0 6 0]
 [4 0 7 0 0 1 0 0 9]]
Solution:
[[0 2 5 6 7 3 9 4 8]
 [8 4 6 2 1 9 7 5 3]
 [7 9 3 8 5 4 6 2 0]
 [1 0 7 3 6 5 4 9 2]
 [4 6 9 1 0 2 8 3 5]
 [5 3 8 4 9 0 0 7 1]
 [3 0 2 9 4 6 5 1 7]
 [9 8 1 7 3 0 2 6 4]
 [6 7 4 5 2 1 3 8 9]]
Number of cells unfilled: 8
Accuracy: 90.12345679012346
Sample: 93109
Question:
[[0 0 0 1 0 0 0 0 0]
 [0 0 0 0 5 4 0 0 3]
 [0 0 4 0 2 0 1 9 0]
 [7 0 8 0 9 0 4 0 0]
 [0 0 0 0 0 0 0 7 0]
 [0 0 6 7 0 2 9 0 8]
 [0 0 0 0 0 0 0 0 1]
 [0 0 2 0 1 0 3 0 9]
 [5 1 0 3 0 0 8 0 0]]
Solution:
[[0 2 5 6 7 3 9 4 8]
 [8 4 6 2 1 9 7 5 3]
 [7 1 3 8 5 4 6 2 0]
 [1 0 7 3 6 5 4 9 2]
 [4 6 9 1 0 2 8 3 5]
 [5 3 8 4 9 0 0 7 1]
 [3 0 2 9 4 6 5 1 7]
 [9 8 1 7 3 0 2 6 4]
 [6 7 4 5 2 1 3 8 9]]
Number of cells unfilled: 8
Accuracy: 90.12345679012346
Sample: 93110
Question:
[[0 2 0 6 7 0 9 0 0]
 [8 0 0 0 0 0 5 7 0]
 [0 4 0 0 0 2 3 0 0]
 [0 0 2 0 3 7 0 0 5]
 [1 0 9 0 0 6 0 0 0]
 [0 0 4 0 0 0 0 0 0]
 [7 0 0 0 8 0 0 0 0]
 [0 0 0 0 0 3 0 4 0]
 [0 0 1 0 6 0 0 0 3]]
Solution:
[[0 2 5 6 7 9 1 4 8]
 [8 9 6 2 1 0 7 5 3]
 [0 7 3 5 8 4 6 2 0]
 [1 0 7 3 6 5 4 9 2]
 [4 6 9 1 0 2 8 3 5]
 [5 3 8 4 9 0 0 7 1]
 [7 0 2 9 4 6 5 8 0]
 [9 8 1 7 3 0 2 6 4]
 [6 5 4 8 2 1 3 0 9]]
Number of cells unfilled: 12
Accuracy: 85.18518518518519
Sample: 93111
Question:
[[0 0 0 0 0 0 4 0 0]
 [0 3 0 6 7 0 0 9 0]
 [0 7 0 0 0 2 0 0 5]
 [0 0 0 0 0 0 0 0 3]
 [0 0 9 0 0 7 0 1 0]
 [7 2 0 0 0 8 0 5 0]
 [3 0 0 0 6 9 8 0 0]
 [0 8 5 0 0 0 0 0 0]
 [0 0 1 0 8 0 0 6 7]]
Solution:
[[0 2 5 6 7 3 9 4 8]
 [8 4 6 2 1 9 7 5 3]
 [7 9 3 5 8 4 6 2 0]
 [1 0 7 3 6 5 4 9 2]
 [4 6 9 1 0 2 8 3 5]
 [5 3 8 4 9 0 0 7 1]
 [3 0 2 9 4 6 5 8 7]
 [9 8 1 7 3 0 2 6 4]
 [6 7 4 8 5 1 3 0 9]]
Number of cells unfilled: 9
Accuracy: 88.88888888888889
Sample: 93112
Question:
[[0 0 3 0 0 6 0 0 0]
 [7 0 0 2 0 0 6 0 3]
 [0 5 0 0 0 0 4 1 0]
 [8 0 0 0 2 0 3 0 6]
 [0 0 0 3 0 8 0 4 0]
 [0 0 0 6 0 7 0 0 0]
 [0 0 0 0 0 0 5 0 0]
 [0 0 9 0 0 0 0 0 0]
 [3 0 0 0 0 2 7 0 8]]
Solution:
[[0 2 5 6 7 3 9 4 8]
 [8 9 6 2 0 0 7 5 3]
 [0 1 3 5 8 4 6 2 0]
 [1 0 7 3 6 5 4 9 2]
 [4 6 9 0 1 2 8 3 5]
 [5 3 8 4 9 0 0 7 1]
 [7 0 2 9 4 8 5 1 0]
 [9 8 1 7 3 0 2 6 4]
 [6 5 4 0 2 1 3 8 9]]
Number of cells unfilled: 13
Accuracy: 83.9506172839506
Sample: 93113
Question:
[[5 0 0 0 0 6 9 0 0]
 [0 7 0 1 0 0 0 8 0]
 [0 4 0 0 2 0 0 0 0]
 [6 0 0 0 0 5 0 0 9]
 [0 0 5 4 0 0 0 6 0]
 [0 2 0 0 0 0 3 5 0]
 [0 0 7 0 0 0 5 0 0]
 [3 0 0 0 0 8 0 9 0]
 [0 0 0 0 1 0 0 0 3]]
Solution:
[[0 2 5 6 7 9 1 4 8]
 [8 4 6 2 5 0 9 0 3]
 [0 9 3 1 8 4 6 2 7]
 [1 0 7 3 6 5 4 9 2]
 [4 6 9 0 1 2 8 3 5]
 [5 3 8 4 9 0 0 7 1]
 [7 0 2 9 4 6 5 8 0]
 [9 8 1 7 3 0 2 6 4]
 [6 5 4 8 2 1 3 0 9]]
Number of cells unfilled: 12
Accuracy: 85.18518518518519
Sample: 93114
Question:
[[0 3 0 0 0 5 0 9 0]
 [6 0 0 0 0 0 1 0 0]
 [0 0 9 0 4 0 0 0 8]
 [0 0 0 0 1 9 0 0 4]
 [0 0 0 0 0 2 0 5 0]
 [0 0 0 7 5 0 9 0 0]
 [2 0 0 0 7 0 0 0 0]
 [3 5 0 0 2 0 8 0 0]
 [0 0 6 0 0 3 0 2 0]]
Solution:
[[0 2 5 6 7 3 1 4 8]
 [8 4 6 2 0 0 9 5 3]
 [0 9 3 1 5 4 6 2 7]
 [1 0 7 3 6 5 4 9 2]
 [4 6 9 0 1 2 8 3 5]
 [5 3 8 4 9 0 0 7 1]
 [7 0 2 9 4 6 5 1 0]
 [9 8 1 7 3 0 2 6 4]
 [6 5 4 0 2 1 3 8 9]]
Number of cells unfilled: 12
Accuracy: 85.18518518518519
Sample: 93115
Question:
[[0 0 0 0 7 4 0 0 1]
 [0 0 8 0 0 0 0 4 0]
 [0 0 9 0 0 0 0 0 8]
 [4 7 0 0 0 6 2 0 3]
 [0 0 0 0 2 0 0 0 5]
 [0 0 0 0 3 0 6 8 0]
 [0 0 0 6 0 0 0 0 0]
 [1 2 4 5 0 0 0 0 0]
 [3 0 0 0 0 0 5 0 0]]
Solution:
[[0 2 5 6 7 9 1 4 8]
 [8 1 6 2 0 0 7 5 3]
 [0 7 3 5 1 4 6 2 0]
 [1 0 7 3 6 5 4 9 2]
 [4 6 9 1 0 2 8 3 5]
 [5 3 8 4 9 0 0 7 1]
 [7 0 2 9 4 6 5 1 0]
 [9 8 1 7 3 0 2 6 4]
 [6 5 4 0 2 1 3 8 9]]
Number of cells unfilled: 13
Accuracy: 83.9506172839506
Sample: 93116
Question:
[[9 5 6 0 3 0 0 4 8]
 [0 0 0 9 0 0 0 0 0]
 [0 7 0 0 0 0 3 0 0]
 [0 0 0 7 0 0 0 0 0]
 [0 0 0 0 0 0 1 0 6]
 [3 0 4 8 2 0 0 0 0]
 [0 0 0 0 0 9 5 0 2]
 [0 2 0 0 7 0 0 0 4]
 [8 3 0 0 0 0 0 1 0]]
Solution:
[[0 2 5 6 7 9 1 4 8]
 [8 1 6 2 0 0 7 5 3]
 [7 9 3 8 5 4 6 2 0]
 [1 0 7 3 6 5 4 9 2]
 [4 6 9 1 0 2 8 3 5]
 [5 3 8 4 9 0 0 7 1]
 [3 0 2 9 4 6 5 1 7]
 [9 8 1 7 3 0 2 6 4]
 [6 7 4 5 2 1 3 8 9]]
Number of cells unfilled: 10
Accuracy: 87.65432098765432
Sample: 93117
Question:
[[1 2 0 0 0 5 0 0 0]
 [0 0 7 0 0 0 0 0 0]
 [4 5 0 0 7 0 2 0 0]
 [6 0 0 3 0 0 0 1 0]
 [0 0 5 0 0 1 3 0 0]
 [0 0 1 0 0 2 4 0 0]
 [0 8 0 0 1 0 0 9 0]
 [0 0 0 0 0 0 0 0 3]
 [0 0 4 0 0 7 5 0 0]]
Solution:
[[0 2 5 6 7 3 9 4 8]
 [8 4 6 2 0 9 1 5 3]
 [7 9 3 8 5 4 6 2 0]
 [1 0 7 3 6 5 4 9 2]
 [4 6 9 0 1 2 8 3 5]
 [5 3 8 4 9 0 0 7 1]
 [3 0 2 9 4 8 5 1 7]
 [9 8 1 7 3 0 2 6 4]
 [6 7 4 5 2 1 3 8 9]]
Number of cells unfilled: 9
Accuracy: 88.88888888888889
Sample: 93118
Question:
[[4 0 0 7 0 0 0 0 0]
 [0 8 0 0 5 3 0 0 0]
 [0 9 0 0 0 0 0 3 0]
 [0 0 0 9 0 0 2 4 0]
 [1 0 2 8 0 0 0 0 6]
 [0 7 0 0 0 2 0 0 0]
 [0 5 0 0 0 0 8 0 1]
 [7 1 0 0 0 0 0 0 3]
 [0 0 0 2 1 0 0 6 0]]
Solution:
[[0 2 5 6 7 3 1 4 8]
 [8 4 6 2 0 9 7 5 3]
 [7 1 3 8 5 4 6 2 0]
 [1 0 7 3 6 5 4 9 2]
 [4 6 9 0 1 2 8 3 5]
 [5 3 8 4 9 0 0 7 1]
 [3 7 2 9 4 6 5 8 0]
 [9 8 1 7 3 0 2 6 4]
 [6 5 4 0 8 1 3 0 9]]
Number of cells unfilled: 11
Accuracy: 86.41975308641975
Sample: 93119
Question:
[[0 0 2 4 0 0 0 1 0]
 [0 7 0 0 0 0 0 0 6]
 [8 0 0 0 0 0 3 0 0]
 [6 0 0 1 0 9 5 0 0]
 [0 8 0 2 0 5 0 0 0]
 [0 0 5 0 4 0 0 9 0]
 [0 3 0 5 0 0 0 0 0]
 [0 0 8 0 1 0 7 0 0]
 [0 0 1 0 0 4 0 2 0]]
Solution:
[[0 2 5 6 7 3 1 4 8]
 [8 4 6 2 1 9 7 5 3]
 [7 1 3 8 5 4 6 2 0]
 [1 0 7 3 6 5 4 9 2]
 [4 6 9 1 0 2 8 3 5]
 [5 3 8 4 9 0 0 7 1]
 [3 0 2 9 4 8 5 1 7]
 [9 8 1 7 3 0 2 6 4]
 [6 7 4 5 2 1 3 8 9]]
Number of cells unfilled: 8
Accuracy: 90.12345679012346
Sample: 93120
Question:
[[0 0 0 4 0 0 8 0 0]
 [0 2 0 0 8 0 0 0 0]
 [0 0 7 0 0 9 0 3 0]
 [5 0 0 0 0 1 7 0 9]
 [7 0 0 0 0 0 0 1 0]
 [0 0 1 0 0 0 5 0 3]
 [4 0 0 0 2 0 0 0 6]
 [3 0 0 6 0 0 0 0 0]
 [0 6 9 0 0 7 0 5 0]]
Solution:
[[0 2 5 6 7 3 9 4 8]
 [8 4 6 2 0 9 1 5 3]
 [7 1 3 8 5 4 6 2 0]
 [1 0 7 3 6 5 4 9 2]
 [4 6 9 0 1 2 8 3 5]
 [5 3 8 4 9 0 0 7 1]
 [3 0 2 9 4 6 5 1 7]
 [9 8 1 7 3 0 2 6 4]
 [6 5 4 0 2 1 3 8 9]]
Number of cells unfilled: 10
Accuracy: 87.65432098765432
Sample: 93121
Question:
[[4 0 1 2 0 0 0 0 0]
 [0 0 0 6 0 9 0 0 0]
 [0 0 0 0 0 3 0 0 6]
 [0 0 0 0 5 0 2 7 0]
 [9 0 0 3 0 0 0 0 0]
 [0 1 0 8 0 4 0 0 0]
 [0 0 0 0 0 0 5 2 0]
 [0 9 7 0 0 0 8 1 3]
 [5 2 0 1 0 0 9 0 0]]
Solution:
[[0 2 5 6 7 9 1 4 8]
 [8 1 6 2 0 0 7 5 3]
 [7 9 3 1 8 4 6 2 0]
 [1 0 7 3 6 5 4 9 2]
 [4 6 9 0 1 2 8 3 5]
 [5 3 8 4 9 0 0 7 1]
 [3 0 2 9 4 6 5 1 7]
 [9 8 1 7 3 0 2 6 4]
 [6 7 4 5 2 1 3 8 9]]
Number of cells unfilled: 10
Accuracy: 87.65432098765432
Sample: 93122
Question:
[[4 0 0 3 0 0 1 0 0]
 [0 0 0 0 0 0 0 0 4]
 [0 0 6 0 5 0 0 8 0]
 [0 0 5 0 8 0 0 9 0]
 [1 0 0 0 0 2 0 0 3]
 [0 2 0 5 0 0 0 0 0]
 [5 0 0 0 7 0 9 0 0]
 [6 9 0 0 0 0 0 7 0]
 [0 0 7 0 0 0 0 0 8]]
Solution:
[[0 2 5 6 7 3 9 4 8]
 [8 4 6 2 0 9 1 5 3]
 [7 9 3 5 8 4 6 2 0]
 [1 0 7 3 6 5 4 9 2]
 [4 6 9 0 1 2 8 3 5]
 [5 3 8 4 9 0 0 7 1]
 [3 0 2 9 4 6 5 8 7]
 [9 8 1 7 3 0 2 6 4]
 [6 7 4 8 5 1 3 0 9]]
Number of cells unfilled: 10
Accuracy: 87.65432098765432
Sample: 93123
Question:
[[0 0 0 7 0 0 5 0 0]
 [0 7 0 0 0 4 0 2 0]
 [6 0 0 0 2 0 7 0 3]
 [0 0 0 0 9 3 8 0 0]
 [0 0 0 0 0 2 0 0 5]
 [0 3 0 4 0 0 0 9 0]
 [7 2 0 0 4 0 0 1 0]
 [0 0 6 0 0 1 0 0 0]
 [8 0 1 2 0 0 0 0 0]]
Solution:
[[0 2 5 6 7 3 1 4 8]
 [8 4 6 2 1 9 7 5 3]
 [7 1 3 8 5 4 6 2 0]
 [1 0 7 3 6 5 4 9 2]
 [4 6 9 1 0 2 8 3 5]
 [5 3 8 4 9 0 0 7 1]
 [3 0 2 9 4 8 5 1 7]
 [9 8 1 7 3 0 2 6 4]
 [6 7 4 5 2 1 3 8 9]]
Number of cells unfilled: 8
Accuracy: 90.12345679012346
Sample: 93124
Question:
[[0 0 7 0 0 0 0 0 3]
 [6 0 0 0 0 5 2 0 0]
 [0 2 5 0 0 0 0 9 0]
 [0 0 4 1 0 0 0 0 0]
 [0 6 0 0 0 7 4 1 0]
 [0 0 0 4 9 0 0 0 0]
 [8 0 0 0 0 0 0 3 0]
 [0 0 6 0 0 8 7 0 0]
 [0 7 0 0 1 0 0 8 5]]
Solution:
[[0 2 5 6 7 3 1 4 8]
 [8 1 6 2 5 9 7 0 3]
 [0 9 3 8 1 4 6 2 0]
 [1 0 7 3 6 5 4 9 2]
 [4 6 9 1 0 2 8 3 5]
 [5 3 8 4 9 0 0 7 1]
 [7 0 2 9 4 6 5 1 0]
 [9 8 1 7 3 0 2 6 4]
 [6 0 4 5 2 1 3 8 9]]
Number of cells unfilled: 12
Accuracy: 85.18518518518519
Sample: 93125
Question:
[[0 0 9 0 0 4 0 7 0]
 [0 0 0 0 0 0 0 0 0]
 [0 3 0 0 0 0 6 0 0]
 [0 0 0 0 0 7 2 0 0]
 [1 0 0 0 5 8 0 0 7]
 [0 0 7 9 0 0 0 8 0]
 [0 6 0 0 0 9 3 4 0]
 [0 0 4 0 8 0 0 5 0]
 [0 1 0 4 0 0 0 0 2]]
Solution:
[[0 2 5 6 7 9 1 4 0]
 [8 4 6 2 0 0 9 5 3]
 [7 1 3 5 0 4 6 2 8]
 [1 0 7 3 6 5 4 9 2]
 [4 6 9 0 1 2 8 3 5]
 [5 3 8 4 9 0 0 7 1]
 [3 0 2 9 4 8 5 1 7]
 [9 8 1 7 3 0 2 6 4]
 [6 7 4 0 5 1 3 8 9]]
Number of cells unfilled: 12
Accuracy: 85.18518518518519
Sample: 93126
Question:
[[0 0 0 0 6 0 8 0 0]
 [6 0 0 0 0 0 0 7 9]
 [0 8 0 0 0 7 0 0 1]
 [0 0 4 5 3 0 0 0 0]
 [0 0 0 0 0 0 0 0 3]
 [8 0 0 0 0 1 7 0 0]
 [0 5 0 0 0 0 0 2 0]
 [0 6 2 4 0 0 0 0 0]
 [9 0 8 0 0 6 1 0 0]]
Solution:
[[0 2 5 6 7 3 9 4 8]
 [8 4 6 2 0 9 7 5 3]
 [0 7 3 8 5 4 6 2 0]
 [1 0 7 3 6 5 4 9 2]
 [4 6 9 0 1 2 8 3 5]
 [5 3 8 4 9 0 0 7 1]
 [7 0 2 9 4 8 5 1 0]
 [9 8 1 7 3 0 2 6 4]
 [6 5 4 0 2 1 3 8 9]]
Number of cells unfilled: 12
Accuracy: 85.18518518518519
Sample: 93127
Question:
[[0 0 1 4 0 0 0 0 3]
 [5 0 0 0 0 0 2 0 0]
 [0 0 0 0 0 1 0 6 0]
 [0 7 0 3 0 8 0 0 0]
 [0 0 9 0 1 0 0 0 8]
 [0 0 0 9 0 4 0 2 0]
 [7 0 0 1 0 0 0 0 0]
 [0 0 8 0 0 9 0 0 4]
 [6 0 0 0 0 0 5 0 0]]
Solution:
[[0 2 5 6 7 3 9 4 8]
 [8 4 6 2 5 9 7 1 3]
 [7 9 3 1 0 4 6 2 0]
 [1 0 7 3 6 5 4 9 2]
 [4 6 9 0 1 2 8 3 5]
 [5 3 8 4 9 0 0 7 1]
 [3 0 2 9 4 6 5 8 7]
 [9 8 1 7 3 0 2 6 4]
 [6 7 4 5 8 1 3 0 9]]
Number of cells unfilled: 10
Accuracy: 87.65432098765432
Sample: 93128
Question:
[[0 0 6 0 0 0 2 0 7]
 [9 0 0 0 0 7 0 8 0]
 [0 0 3 0 1 0 0 0 0]
 [2 0 0 0 0 4 7 0 0]
 [0 0 0 3 0 0 0 2 0]
 [0 0 1 0 5 0 0 0 0]
 [0 0 0 5 0 0 8 0 0]
 [8 0 0 0 0 9 0 0 2]
 [0 6 0 0 0 0 4 9 0]]
Solution:
[[0 2 5 6 7 3 1 4 8]
 [8 1 6 2 0 9 7 5 3]
 [7 9 3 5 8 4 6 2 0]
 [1 0 7 3 6 5 4 9 2]
 [4 6 9 1 0 2 8 3 5]
 [5 3 8 4 9 0 0 7 1]
 [3 0 2 9 4 6 5 1 7]
 [9 8 1 7 3 0 2 6 4]
 [6 7 4 8 5 1 3 0 9]]
Number of cells unfilled: 10
Accuracy: 87.65432098765432
Sample: 93129
Question:
[[7 1 0 0 0 0 9 0 0]
 [0 0 0 0 1 0 0 0 0]
 [0 0 2 0 0 3 0 5 0]
 [0 0 0 4 0 0 0 0 7]
 [0 0 6 0 0 2 5 8 0]
 [9 0 0 0 0 0 4 2 0]
 [0 0 0 3 8 0 0 6 0]
 [0 6 0 0 0 5 0 0 0]
 [0 0 3 0 2 0 0 0 5]]
Solution:
[[0 2 5 6 7 3 9 4 8]
 [8 4 6 2 0 9 1 5 3]
 [0 9 3 8 1 4 6 2 7]
 [1 0 7 3 6 5 4 9 2]
 [4 6 9 1 0 2 8 3 5]
 [5 3 8 4 9 0 0 7 1]
 [7 0 2 9 4 6 5 1 0]
 [9 8 1 7 3 0 2 6 4]
 [6 0 4 5 2 1 3 8 9]]
Number of cells unfilled: 11
Accuracy: 86.41975308641975
Sample: 93130
Question:
[[0 0 8 1 9 0 7 0 0]
 [0 2 0 0 0 0 5 0 3]
 [4 0 3 0 5 0 0 0 8]
 [7 0 6 0 4 5 1 0 2]
 [9 0 0 3 0 6 0 0 0]
 [0 1 0 2 0 0 4 0 6]
 [0 9 1 0 3 8 0 0 7]
 [5 0 7 0 0 4 0 0 0]
 [0 8 0 0 0 0 2 0 9]]
Solution:
[[0 2 5 6 7 8 1 4 0]
 [8 1 6 2 0 0 9 5 3]
 [7 9 3 5 1 4 6 2 8]
 [1 0 7 3 6 5 4 9 2]
 [4 6 9 1 0 2 8 3 5]
 [5 3 8 4 9 0 0 7 1]
 [3 0 2 9 4 6 5 1 7]
 [9 8 1 7 3 0 2 6 4]
 [6 7 4 8 2 1 3 0 9]]
Number of cells unfilled: 11
Accuracy: 86.41975308641975
Sample: 93131
Question:
[[0 0 0 0 0 1 0 9 0]
 [0 0 0 6 0 0 0 0 5]
 [7 0 0 0 8 2 3 0 0]
 [0 0 8 0 7 4 5 0 0]
 [0 7 0 0 0 0 0 3 0]
 [5 0 0 8 0 0 0 0 0]
 [8 0 4 1 0 0 0 0 0]
 [0 5 0 0 2 8 4 0 0]
 [2 0 7 0 0 0 0 0 3]]
Solution:
[[0 2 5 6 7 3 9 4 8]
 [8 9 6 2 1 0 7 5 3]
 [7 1 3 8 5 4 6 2 0]
 [1 0 7 3 6 5 4 9 2]
 [4 6 9 1 0 2 8 3 5]
 [5 3 8 4 9 0 0 7 1]
 [3 0 2 9 4 6 5 1 7]
 [9 8 1 7 3 0 2 6 4]
 [6 7 4 5 2 1 3 8 9]]
Number of cells unfilled: 9
Accuracy: 88.88888888888889
Sample: 93132
Question:
[[0 0 8 0 7 0 0 0 0]
 [4 0 0 0 0 3 0 1 0]
 [0 3 0 1 0 0 0 0 2]
 [0 0 5 0 0 7 0 0 3]
 [7 0 0 0 3 0 0 6 0]
 [0 6 0 4 0 0 1 0 0]
 [9 0 0 3 0 0 0 4 0]
 [0 0 0 0 9 0 0 0 5]
 [0 2 0 0 0 6 9 0 0]]
Solution:
[[0 2 5 6 7 9 1 4 8]
 [8 9 6 2 0 0 7 5 3]
 [7 1 3 8 5 4 6 2 0]
 [1 0 7 3 6 5 4 9 2]
 [4 6 9 0 1 2 8 3 5]
 [5 3 8 4 9 0 0 7 1]
 [3 0 2 9 4 6 5 1 7]
 [9 8 1 7 3 0 2 6 4]
 [6 7 4 5 2 1 3 8 9]]
Number of cells unfilled: 10
Accuracy: 87.65432098765432
Sample: 93133
Question:
[[0 0 0 0 3 0 2 0 0]
 [0 1 0 0 0 9 0 8 0]
 [0 0 0 6 0 0 0 0 4]
 [0 0 0 2 0 0 0 0 3]
 [0 8 0 0 5 7 0 1 0]
 [0 0 6 0 4 0 0 0 0]
 [8 0 7 0 0 5 0 0 9]
 [0 9 0 0 0 0 0 0 0]
 [5 0 1 0 0 0 0 7 0]]
Solution:
[[0 2 5 6 7 3 1 4 8]
 [8 1 6 2 0 0 9 5 3]
 [7 9 3 1 5 4 6 2 0]
 [1 0 7 3 6 5 4 9 2]
 [4 6 9 0 1 2 8 3 5]
 [5 3 8 4 9 0 0 7 1]
 [3 0 2 9 4 6 5 8 7]
 [9 8 1 7 3 0 2 6 4]
 [6 7 4 5 8 1 3 0 9]]
Number of cells unfilled: 11
Accuracy: 86.41975308641975
Sample: 93134
Question:
[[0 0 0 0 0 0 0 4 0]
 [0 0 8 4 6 0 5 0 3]
 [0 0 0 3 0 9 2 0 1]
 [6 0 0 5 0 0 0 0 0]
 [9 8 0 0 0 0 4 0 0]
 [0 0 3 0 7 0 0 0 0]
 [0 7 0 0 0 3 0 0 9]
 [0 3 0 8 0 0 0 2 0]
 [0 6 0 9 4 5 0 0 0]]
Solution:
[[0 2 5 6 7 3 1 4 0]
 [8 1 6 2 0 9 7 5 3]
 [7 9 3 1 8 4 6 2 0]
 [1 0 7 3 6 5 4 9 2]
 [4 6 9 0 1 2 8 3 5]
 [5 3 8 4 9 0 0 7 1]
 [3 0 2 9 4 6 5 1 8]
 [9 8 1 7 3 0 2 6 4]
 [6 7 4 8 5 1 3 0 9]]
Number of cells unfilled: 11
Accuracy: 86.41975308641975
Sample: 93135
Question:
[[0 0 2 9 0 0 7 0 6]
 [0 0 9 0 1 0 0 0 5]
 [1 0 0 0 0 2 0 8 0]
 [0 0 0 0 0 7 0 5 0]
 [7 0 0 0 2 0 8 3 0]
 [0 0 0 8 0 0 0 0 0]
 [9 0 0 2 0 0 1 7 0]
 [0 0 0 0 9 0 0 0 0]
 [0 4 0 0 7 3 0 0 0]]
Solution:
[[0 2 5 6 7 3 1 4 8]
 [8 1 6 2 0 9 7 5 3]
 [7 9 3 8 5 4 6 2 0]
 [1 0 7 3 6 5 4 9 2]
 [4 6 9 0 1 2 8 3 5]
 [5 3 8 4 9 0 0 7 1]
 [3 0 2 9 4 6 5 8 7]
 [9 8 1 7 3 0 2 6 4]
 [6 7 4 5 8 1 3 0 9]]
Number of cells unfilled: 10
Accuracy: 87.65432098765432
Sample: 93136
Question:
[[0 0 3 0 0 7 2 0 0]
 [0 0 0 3 0 0 0 1 0]
 [0 5 0 0 4 0 0 0 3]
 [6 0 0 0 0 0 0 0 9]
 [0 0 8 4 0 0 1 0 0]
 [0 7 0 0 0 2 0 8 0]
 [0 0 4 0 0 8 0 5 0]
 [9 0 0 0 6 0 0 0 0]
 [0 8 0 1 0 0 7 0 0]]
Solution:
[[0 2 5 6 7 3 9 4 0]
 [8 4 6 2 0 9 1 5 3]
 [7 9 3 1 5 4 6 2 8]
 [1 0 7 3 6 5 4 9 2]
 [4 6 9 0 1 2 8 3 5]
 [5 3 8 4 9 0 0 7 1]
 [3 0 2 9 4 6 5 1 7]
 [9 8 1 7 3 0 2 6 4]
 [6 7 4 5 2 1 3 8 9]]
Number of cells unfilled: 9
Accuracy: 88.88888888888889
Sample: 93137
Question:
[[1 0 0 0 4 0 0 2 0]
 [0 0 7 2 0 0 0 0 0]
 [0 0 0 0 0 1 0 0 3]
 [2 0 0 0 0 8 0 6 0]
 [0 0 3 0 0 0 0 0 7]
 [0 5 0 0 0 0 9 0 0]
 [0 0 5 0 8 4 0 0 0]
 [0 9 0 0 6 0 8 0 0]
 [8 0 0 1 0 0 0 4 0]]
Solution:
[[0 2 5 6 7 3 9 4 0]
 [8 4 6 2 0 9 1 5 3]
 [0 1 3 8 5 4 6 2 7]
 [1 0 7 3 6 5 4 9 2]
 [4 6 9 0 1 2 8 3 5]
 [5 3 8 4 9 0 0 7 1]
 [7 0 2 9 4 6 5 1 8]
 [9 8 1 7 3 0 2 6 4]
 [6 0 4 5 8 1 3 0 9]]
Number of cells unfilled: 12
Accuracy: 85.18518518518519
Sample: 93138
Question:
[[0 6 0 2 0 0 0 4 0]
 [0 0 5 0 0 4 9 0 0]
 [0 0 0 0 0 3 0 0 1]
 [0 5 0 0 0 2 0 8 0]
 [0 0 7 0 0 0 0 0 0]
 [0 0 3 0 5 0 1 0 0]
 [0 0 0 4 0 8 0 0 9]
 [0 3 0 0 2 0 4 6 0]
 [7 0 0 0 0 6 0 0 0]]
Solution:
[[0 2 5 6 7 3 1 4 8]
 [8 4 6 2 1 0 9 5 3]
 [7 1 3 8 5 4 6 2 0]
 [1 0 7 3 6 5 4 9 2]
 [4 6 9 1 0 2 8 3 5]
 [5 3 8 4 9 0 0 7 1]
 [3 0 2 9 4 8 5 1 7]
 [9 8 1 7 3 0 2 6 4]
 [6 7 4 5 2 1 3 8 9]]
Number of cells unfilled: 9
Accuracy: 88.88888888888889
Sample: 93139
Question:
[[0 7 2 1 0 0 0 0 3]
 [0 1 0 0 0 0 0 7 0]
 [0 0 4 0 7 0 0 0 8]
 [0 0 0 0 0 0 4 0 0]
 [1 0 0 2 0 0 3 0 0]
 [6 2 0 0 5 0 0 0 0]
 [0 0 0 8 9 0 0 6 0]
 [0 6 0 0 0 0 0 9 1]
 [4 0 5 0 0 7 0 0 0]]
Solution:
[[0 2 5 6 7 3 1 4 8]
 [8 4 6 2 0 9 7 5 3]
 [0 7 3 1 5 4 6 2 0]
 [1 0 7 3 6 5 4 9 2]
 [4 6 9 0 1 2 8 3 5]
 [5 3 8 4 9 0 0 7 1]
 [7 0 2 9 4 8 5 1 0]
 [9 8 1 7 3 0 2 6 4]
 [6 5 4 0 2 1 3 8 9]]
Number of cells unfilled: 12
Accuracy: 85.18518518518519
Sample: 93140
Question:
[[0 8 3 0 0 9 0 0 0]
 [0 0 0 4 2 0 0 0 0]
 [9 0 0 0 0 6 4 0 5]
 [0 1 0 0 0 4 0 3 2]
 [0 0 0 0 0 0 0 0 6]
 [0 0 6 0 0 0 1 4 0]
 [5 0 0 0 0 0 0 0 3]
 [0 0 0 0 8 0 0 0 0]
 [2 9 0 1 0 5 6 0 0]]
Solution:
[[0 2 5 6 7 9 1 4 8]
 [8 4 6 2 1 0 9 5 3]
 [7 1 3 8 5 4 6 2 0]
 [1 0 7 3 6 5 4 9 2]
 [4 6 9 1 0 2 8 3 5]
 [5 3 8 4 9 0 0 7 1]
 [3 0 2 9 4 6 5 1 7]
 [9 8 1 7 3 0 2 6 4]
 [6 7 4 5 2 1 3 8 9]]
Number of cells unfilled: 9
Accuracy: 88.88888888888889
Sample: 93141
Question:
[[0 7 0 0 0 0 0 4 0]
 [9 0 0 0 0 0 8 0 0]
 [0 0 1 0 2 0 0 0 6]
 [8 0 0 0 0 1 0 7 2]
 [0 0 2 0 0 6 0 0 1]
 [0 0 0 2 0 0 9 0 0]
 [0 0 3 6 0 0 0 0 5]
 [0 4 0 0 5 0 0 0 0]
 [0 0 0 0 1 3 0 0 0]]
Solution:
[[0 2 5 6 7 9 1 4 8]
 [8 1 6 2 0 0 9 5 3]
 [0 9 3 1 5 4 6 2 7]
 [1 0 7 3 6 5 4 9 2]
 [4 6 9 0 1 2 8 3 5]
 [5 3 8 4 9 0 0 7 1]
 [7 0 2 9 4 8 5 1 0]
 [9 8 1 7 3 0 2 6 4]
 [6 5 4 0 2 1 3 8 9]]
Number of cells unfilled: 12
Accuracy: 85.18518518518519
Sample: 93142
Question:
[[0 9 0 0 0 0 1 0 0]
 [0 0 7 0 1 0 0 3 0]
 [0 0 0 2 0 0 0 0 7]
 [0 6 0 0 0 2 0 5 0]
 [0 0 0 5 0 4 8 0 0]
 [0 0 5 0 7 0 0 0 3]
 [0 3 0 9 0 0 0 0 0]
 [0 0 6 0 8 0 3 0 0]
 [0 4 0 0 0 0 0 8 6]]
Solution:
[[0 2 5 6 7 9 1 4 8]
 [8 1 6 2 0 0 9 5 3]
 [7 9 3 5 8 4 6 2 0]
 [1 0 7 3 6 5 4 9 2]
 [4 6 9 1 0 2 8 3 5]
 [5 3 8 4 9 0 0 7 1]
 [3 7 2 9 4 6 5 8 0]
 [9 8 1 7 3 0 2 6 4]
 [6 5 4 8 2 1 3 0 9]]
Number of cells unfilled: 11
Accuracy: 86.41975308641975
Sample: 93143
Question:
[[8 0 0 9 0 2 0 0 0]
 [0 0 0 0 0 8 5 0 1]
 [3 7 0 4 0 0 0 0 9]
 [1 0 8 0 7 0 0 4 0]
 [0 0 0 8 9 4 0 0 2]
 [0 0 0 3 0 0 0 0 7]
 [0 0 3 0 0 0 7 0 0]
 [0 1 0 0 0 0 0 0 0]
 [5 6 0 0 2 0 3 0 0]]
Solution:
[[0 2 5 6 7 3 9 4 8]
 [8 4 6 2 1 9 7 5 3]
 [7 9 3 8 5 4 6 2 0]
 [1 0 7 3 6 5 4 9 2]
 [4 6 9 1 0 2 8 3 5]
 [5 3 8 4 9 0 0 7 1]
 [3 0 2 9 4 8 5 1 7]
 [9 8 1 7 3 0 2 6 4]
 [6 7 4 5 2 1 3 8 9]]
Number of cells unfilled: 8
Accuracy: 90.12345679012346
Sample: 93144
Question:
[[0 0 0 5 0 9 8 3 0]
 [0 0 6 0 3 0 0 0 9]
 [0 0 5 8 0 0 2 6 0]
 [2 0 0 0 0 0 0 0 0]
 [9 0 1 0 0 0 0 5 0]
 [0 8 0 0 0 2 1 0 0]
 [0 0 0 0 0 5 0 1 0]
 [0 0 3 0 4 0 0 2 0]
 [4 0 0 3 0 0 7 0 0]]
Solution:
[[0 2 5 6 7 3 1 4 8]
 [8 4 6 2 1 9 7 5 3]
 [7 1 3 8 5 4 6 2 0]
 [1 0 7 3 6 5 4 9 2]
 [4 6 9 1 0 2 8 3 5]
 [5 3 8 4 9 0 0 7 1]
 [3 0 2 9 4 8 5 1 7]
 [9 8 1 7 3 0 2 6 4]
 [6 7 4 5 2 1 3 8 9]]
Number of cells unfilled: 8
Accuracy: 90.12345679012346
Sample: 93145
Question:
[[0 2 8 0 0 0 0 0 0]
 [3 4 0 0 0 8 0 0 0]
 [0 6 0 0 0 3 4 0 1]
 [8 5 0 0 9 0 0 0 0]
 [7 0 0 1 0 0 0 5 0]
 [0 0 1 0 8 0 9 6 0]
 [0 0 0 0 0 0 0 0 0]
 [0 0 0 7 3 0 8 0 0]
 [0 0 0 0 5 6 7 0 2]]
Solution:
[[0 2 5 6 7 3 9 4 8]
 [8 4 6 2 5 9 1 0 3]
 [7 9 3 1 8 4 6 2 0]
 [1 0 7 3 6 5 4 9 2]
 [4 6 9 0 1 2 8 3 5]
 [5 3 8 4 9 0 0 7 1]
 [3 0 2 9 4 8 5 1 7]
 [9 8 1 7 3 0 2 6 4]
 [6 7 4 5 2 1 3 8 9]]
Number of cells unfilled: 9
Accuracy: 88.88888888888889
Sample: 93146
Question:
[[0 0 0 0 0 9 0 0 2]
 [0 8 0 3 0 0 0 0 0]
 [0 1 2 0 8 6 0 0 9]
 [0 2 0 0 4 0 0 3 1]
 [0 0 0 6 1 0 0 0 0]
 [0 0 0 0 0 0 5 0 8]
 [0 0 6 0 0 0 1 2 0]
 [0 4 0 0 0 1 0 7 6]
 [2 0 0 0 0 0 8 0 0]]
Solution:
[[0 2 5 6 7 3 9 4 0]
 [8 4 6 2 0 9 1 5 3]
 [7 9 3 5 1 4 6 2 8]
 [1 0 7 3 6 5 4 9 2]
 [4 6 9 1 0 2 8 3 5]
 [5 3 8 4 9 0 0 7 1]
 [3 0 2 9 4 6 5 8 7]
 [9 8 1 7 3 0 2 6 4]
 [6 7 4 8 5 1 3 0 9]]
Number of cells unfilled: 10
Accuracy: 87.65432098765432
Sample: 93147
Question:
[[0 7 0 9 0 0 0 0 1]
 [0 0 0 0 8 2 5 0 0]
 [0 0 0 0 7 0 6 0 0]
 [0 8 0 0 9 0 0 0 4]
 [0 0 6 4 0 0 0 8 0]
 [7 0 4 0 0 8 3 0 0]
 [0 0 3 0 0 0 0 0 0]
 [2 0 0 0 1 0 0 5 0]
 [0 1 0 0 0 9 0 0 2]]
Solution:
[[0 2 5 6 7 3 1 4 8]
 [8 4 6 2 1 0 9 5 3]
 [7 9 3 8 5 4 6 2 0]
 [1 0 7 3 6 5 4 9 2]
 [4 6 9 1 0 2 8 3 5]
 [5 3 8 4 9 0 0 7 1]
 [3 0 2 9 4 8 5 1 7]
 [9 8 1 7 3 0 2 6 4]
 [6 7 4 5 2 1 3 8 9]]
Number of cells unfilled: 9
Accuracy: 88.88888888888889
Sample: 93148
Question:
[[0 2 0 6 4 0 0 8 0]
 [0 0 0 5 8 9 0 2 3]
 [6 0 5 0 0 0 0 1 0]
 [7 4 0 0 1 0 0 9 2]
 [0 0 3 2 0 0 0 0 0]
 [1 9 0 0 0 8 0 7 0]
 [8 0 0 0 6 0 0 0 0]
 [0 3 6 0 7 2 0 0 4]
 [0 5 0 0 3 0 9 0 1]]
Solution:
[[0 2 5 6 7 9 1 4 8]
 [8 1 6 2 0 0 9 5 3]
 [7 9 3 1 8 4 6 2 0]
 [1 0 7 3 6 5 4 9 2]
 [4 6 9 0 1 2 8 3 5]
 [5 3 8 4 9 0 0 7 1]
 [3 0 2 9 4 6 5 1 7]
 [9 8 1 7 3 0 2 6 4]
 [6 7 4 0 5 1 3 8 9]]
Number of cells unfilled: 11
Accuracy: 86.41975308641975
Sample: 93149
Question:
[[0 0 0 0 0 0 6 0 0]
 [9 7 0 0 0 3 0 2 0]
 [0 0 8 7 0 0 0 0 0]
 [0 0 5 0 0 0 0 0 0]
 [0 0 0 2 0 1 8 0 0]
 [2 0 0 0 3 0 0 9 0]
 [0 5 0 0 1 0 0 0 4]
 [3 0 0 4 0 0 0 1 0]
 [0 1 0 0 7 9 0 0 6]]
Solution:
[[0 2 5 6 7 9 1 4 8]
 [8 4 6 2 1 0 9 5 3]
 [0 9 3 5 8 4 6 2 7]
 [1 0 7 3 6 5 4 9 2]
 [4 6 9 1 0 2 8 3 5]
 [5 3 8 4 9 0 0 7 1]
 [7 0 2 9 4 6 5 8 0]
 [9 8 1 7 3 0 2 6 4]
 [6 5 4 8 2 1 3 0 9]]
Number of cells unfilled: 11
Accuracy: 86.41975308641975
Sample: 93150
Question:
[[0 0 0 0 1 8 2 0 0]
 [8 0 0 0 0 0 0 0 0]
 [6 0 0 3 0 2 9 0 0]
 [0 0 0 7 0 0 3 4 5]
 [0 5 0 0 0 0 0 0 0]
 [4 0 0 0 0 0 0 0 2]
 [9 0 0 0 8 0 5 0 0]
 [3 1 0 0 0 0 6 2 8]
 [2 0 5 0 3 6 0 0 0]]
Solution:
[[0 2 5 6 7 9 1 4 0]
 [8 9 6 2 1 0 7 5 3]
 [7 1 3 5 8 4 6 2 0]
 [1 0 7 3 6 5 4 9 2]
 [4 6 9 1 0 2 8 3 5]
 [5 3 8 4 9 0 0 7 1]
 [3 0 2 9 4 6 5 1 8]
 [9 8 1 7 3 0 2 6 4]
 [6 7 4 8 2 1 3 0 9]]
Number of cells unfilled: 11
Accuracy: 86.41975308641975
Sample: 93151
Question:
[[0 0 5 0 9 2 0 6 0]
 [8 0 9 0 0 4 0 0 0]
 [0 1 0 8 0 0 0 0 0]
 [0 0 3 0 2 0 0 5 0]
 [6 0 0 0 0 0 0 0 1]
 [0 0 0 9 0 0 4 0 0]
 [9 0 0 0 7 0 3 0 5]
 [0 3 0 0 0 9 0 7 0]
 [0 0 7 2 0 0 6 0 0]]
Solution:
[[0 2 5 6 7 9 1 4 8]
 [8 1 6 2 0 0 9 5 3]
 [7 9 3 8 5 4 6 2 0]
 [1 0 7 3 6 5 4 9 2]
 [4 6 9 1 0 2 8 3 5]
 [5 3 8 4 9 0 0 7 1]
 [3 0 2 9 4 8 5 1 7]
 [9 8 1 7 3 0 2 6 4]
 [6 7 4 5 2 1 3 8 9]]
Number of cells unfilled: 10
Accuracy: 87.65432098765432
Sample: 93152
Question:
[[0 1 0 7 0 0 0 5 0]
 [7 0 0 0 0 5 4 0 0]
 [0 0 5 0 9 0 0 0 2]
 [2 0 0 0 0 0 8 0 0]
 [0 0 0 0 7 0 0 1 6]
 [0 0 1 0 0 9 0 4 0]
 [3 0 0 6 0 0 0 0 0]
 [0 8 0 0 3 0 0 0 4]
 [1 0 4 0 0 7 0 2 0]]
Solution:
[[0 2 5 6 7 3 1 4 8]
 [8 4 6 2 1 0 9 5 3]
 [7 1 3 8 5 4 6 2 0]
 [1 0 7 3 6 5 4 9 2]
 [4 6 9 1 0 2 8 3 5]
 [5 3 8 4 9 0 0 7 1]
 [3 0 2 9 4 6 5 1 7]
 [9 8 1 7 3 0 2 6 4]
 [6 7 4 5 2 1 3 8 9]]
Number of cells unfilled: 9
Accuracy: 88.88888888888889
Sample: 93153
Question:
[[0 2 0 0 6 0 9 0 0]
 [3 0 0 0 0 2 0 0 4]
 [0 0 8 0 0 0 0 0 0]
 [0 0 4 6 0 0 5 0 0]
 [2 0 9 0 5 0 0 0 7]
 [0 5 0 0 0 7 0 9 0]
 [0 0 0 1 0 0 0 3 0]
 [0 4 0 0 7 0 2 0 9]
 [0 0 0 0 0 8 0 0 1]]
Solution:
[[0 2 5 6 7 3 9 4 8]
 [8 4 6 2 1 9 7 5 3]
 [7 9 3 8 5 4 6 2 0]
 [1 0 7 3 6 5 4 9 2]
 [4 6 9 1 0 2 8 3 5]
 [5 3 8 4 9 0 0 7 1]
 [3 0 2 9 4 8 5 1 7]
 [9 8 1 7 3 0 2 6 4]
 [6 7 4 5 2 1 3 8 9]]
Number of cells unfilled: 8
Accuracy: 90.12345679012346
Sample: 93154
Question:
[[0 7 0 0 0 4 0 5 0]
 [8 0 4 0 0 0 0 0 1]
 [5 0 0 0 0 0 3 0 0]
 [0 9 0 1 0 0 0 0 0]
 [7 0 0 0 0 9 0 2 0]
 [0 0 2 0 6 0 0 0 9]
 [0 8 0 0 3 0 0 0 0]
 [9 0 0 6 0 8 4 0 0]
 [0 0 7 0 0 5 0 8 0]]
Solution:
[[0 2 5 6 7 9 1 4 0]
 [8 4 6 2 0 0 9 5 3]
 [7 9 3 1 5 4 6 2 8]
 [1 0 7 3 6 5 4 9 2]
 [4 6 9 0 1 2 8 3 5]
 [5 3 8 4 9 0 0 7 1]
 [3 0 2 9 4 8 5 1 7]
 [9 8 1 7 3 0 2 6 4]
 [6 5 4 0 2 1 3 8 9]]
Number of cells unfilled: 11
Accuracy: 86.41975308641975
Sample: 93155
Question:
[[0 0 0 0 6 0 0 9 2]
 [0 0 0 0 0 0 8 0 0]
 [0 4 0 3 2 0 0 0 6]
 [0 0 0 0 5 6 1 0 0]
 [0 8 1 0 0 0 0 0 0]
 [0 2 0 0 0 0 0 3 4]
 [0 5 7 0 0 0 0 0 0]
 [0 0 3 0 0 5 0 0 9]
 [0 0 0 9 7 0 3 8 0]]
Solution:
[[0 2 5 6 7 3 9 4 8]
 [8 1 6 2 0 9 7 5 3]
 [0 7 3 8 5 4 6 2 0]
 [1 0 7 3 6 5 4 9 2]
 [4 6 9 0 1 2 8 3 5]
 [5 3 8 4 9 0 0 7 1]
 [7 0 2 9 4 6 5 1 0]
 [9 8 1 7 3 0 2 6 4]
 [6 0 4 5 2 1 3 8 9]]
Number of cells unfilled: 12
Accuracy: 85.18518518518519
Sample: 93156
Question:
[[0 0 0 8 3 0 0 6 0]
 [6 0 0 0 0 4 0 0 8]
 [0 0 8 6 0 0 5 0 0]
 [0 0 2 0 0 1 0 9 0]
 [0 1 7 0 6 0 0 0 0]
 [8 0 0 4 0 0 0 0 1]
 [0 7 0 2 0 0 9 0 6]
 [0 0 0 0 0 0 0 5 0]
 [2 0 0 0 4 0 0 0 3]]
Solution:
[[0 2 5 6 7 3 1 4 8]
 [8 1 6 2 0 9 7 5 3]
 [7 9 3 8 5 4 6 2 0]
 [1 0 7 3 6 5 4 9 2]
 [4 6 9 1 0 2 8 3 5]
 [5 3 8 4 9 0 0 7 1]
 [3 0 2 9 4 6 5 1 7]
 [9 8 1 7 3 0 2 6 4]
 [6 7 4 5 2 1 3 8 9]]
Number of cells unfilled: 9
Accuracy: 88.88888888888889
Sample: 93157
Question:
[[0 0 2 0 0 0 0 1 0]
 [7 3 0 9 0 0 0 0 2]
 [0 8 0 0 0 2 7 0 0]
 [0 0 7 0 0 9 0 0 3]
 [0 0 0 0 2 7 5 9 0]
 [0 0 0 5 0 0 1 0 0]
 [4 0 0 6 0 0 0 0 0]
 [0 7 0 0 4 0 0 6 0]
 [0 0 3 0 0 8 0 0 1]]
Solution:
[[0 2 5 6 7 3 9 4 8]
 [8 9 6 2 1 0 7 5 3]
 [7 1 3 8 5 4 6 2 0]
 [1 0 7 3 6 5 4 9 2]
 [4 6 9 1 0 2 8 3 5]
 [5 3 8 4 9 0 0 7 1]
 [3 0 2 9 4 6 5 1 7]
 [9 8 1 7 3 0 2 6 4]
 [6 7 4 5 2 1 3 8 9]]
Number of cells unfilled: 9
Accuracy: 88.88888888888889
Sample: 93158
Question:
[[1 0 0 0 0 2 6 0 0]
 [0 0 0 8 0 1 0 3 0]
 [0 0 8 0 5 0 0 0 0]
 [0 2 0 3 0 0 0 0 6]
 [0 0 1 0 4 0 0 0 5]
 [6 0 0 0 0 7 9 0 0]
 [0 9 6 0 0 0 2 0 0]
 [0 1 0 0 0 9 0 0 7]
 [7 0 0 0 2 0 0 0 0]]
Solution:
[[0 2 5 6 7 3 9 4 0]
 [8 9 6 2 0 0 7 5 3]
 [0 1 3 8 5 4 6 2 0]
 [1 0 7 3 6 5 4 9 2]
 [4 6 9 0 1 2 8 3 5]
 [5 3 8 4 9 0 0 7 1]
 [7 0 2 9 4 6 5 1 8]
 [9 8 1 7 3 0 2 6 4]
 [6 5 4 0 8 1 3 0 9]]
Number of cells unfilled: 14
Accuracy: 82.71604938271605
Sample: 93159
Question:
[[0 5 0 0 0 0 2 0 8]
 [0 4 0 0 0 1 0 6 0]
 [0 0 3 0 7 8 0 0 0]
 [1 3 0 0 4 0 7 0 0]
 [0 0 0 6 0 0 0 9 0]
 [0 0 0 0 0 0 0 8 3]
 [0 0 4 0 0 0 0 2 0]
 [0 6 0 8 0 0 0 7 0]
 [0 0 9 0 0 0 0 0 5]]
Solution:
[[0 2 5 6 7 3 9 4 8]
 [8 4 6 2 1 9 7 5 3]
 [7 9 3 5 8 4 6 2 0]
 [1 0 7 3 6 5 4 9 2]
 [4 6 9 1 0 2 8 3 5]
 [5 3 8 4 9 0 0 7 1]
 [3 0 2 9 4 6 5 1 7]
 [9 8 1 7 3 0 2 6 4]
 [6 7 4 8 5 1 3 0 9]]
Number of cells unfilled: 9
Accuracy: 88.88888888888889
Sample: 93160
Question:
[[0 0 7 9 8 0 0 0 0]
 [0 1 3 7 0 0 9 0 0]
 [0 2 0 0 0 0 0 4 1]
 [2 0 0 0 0 9 3 6 0]
 [0 0 0 0 1 0 0 0 4]
 [0 0 0 6 3 0 0 1 8]
 [3 0 8 1 2 0 0 0 0]
 [4 9 0 8 7 6 0 0 2]
 [0 7 0 0 0 4 0 5 6]]
Solution:
[[0 2 5 6 7 9 1 4 0]
 [8 4 6 2 0 0 9 5 3]
 [7 9 3 5 0 4 6 2 8]
 [1 0 7 3 6 5 4 9 2]
 [4 6 9 0 1 2 8 3 5]
 [5 3 8 4 9 0 0 7 1]
 [3 0 2 9 4 6 5 1 7]
 [9 8 1 7 3 0 2 6 4]
 [6 7 4 0 5 1 3 8 9]]
Number of cells unfilled: 12
Accuracy: 85.18518518518519
Sample: 93161
Question:
[[0 0 7 0 3 0 0 0 0]
 [8 0 0 6 2 0 0 4 5]
 [9 0 0 0 0 4 0 2 0]
 [0 0 0 0 0 0 5 9 0]
 [0 0 0 5 0 0 0 0 2]
 [0 0 0 9 8 0 1 0 0]
 [2 0 4 0 0 0 0 3 0]
 [0 0 0 0 5 0 0 0 6]
 [0 0 1 0 0 3 4 0 8]]
Solution:
[[0 2 5 6 7 3 1 4 8]
 [8 4 6 2 0 9 7 5 3]
 [7 9 3 5 8 4 6 2 0]
 [1 0 7 3 6 5 4 9 2]
 [4 6 9 0 1 2 8 3 5]
 [5 3 8 4 9 0 0 7 1]
 [3 7 2 9 4 8 5 1 0]
 [9 8 1 7 3 0 2 6 4]
 [6 5 4 0 2 1 3 8 9]]
Number of cells unfilled: 10
Accuracy: 87.65432098765432
Sample: 93162
Question:
[[0 6 0 5 0 0 0 0 0]
 [0 0 7 0 0 1 0 9 0]
 [3 0 0 0 8 0 0 0 0]
 [2 0 0 1 0 0 0 4 0]
 [0 0 4 0 0 2 9 0 7]
 [0 0 0 0 0 0 1 0 0]
 [5 0 0 6 0 0 0 0 0]
 [0 8 0 0 0 0 3 0 0]
 [0 0 2 0 0 9 0 1 0]]
Solution:
[[0 2 5 6 7 3 1 4 8]
 [8 9 6 2 1 0 7 5 3]
 [7 1 3 8 5 4 6 2 0]
 [1 0 7 3 6 5 4 9 2]
 [4 6 9 1 0 2 8 3 5]
 [5 3 8 4 9 0 0 7 1]
 [3 0 2 9 4 6 5 1 7]
 [9 8 1 7 3 0 2 6 4]
 [6 7 4 5 2 1 3 8 9]]
Number of cells unfilled: 9
Accuracy: 88.88888888888889
Sample: 93163
Question:
[[0 0 6 0 0 4 0 0 1]
 [0 0 0 0 6 0 5 2 0]
 [2 0 0 1 0 0 0 0 0]
 [4 0 0 0 5 1 0 0 6]
 [0 0 5 0 0 0 9 0 0]
 [0 0 7 0 0 3 0 0 0]
 [6 0 2 0 1 0 0 0 7]
 [0 8 0 0 0 0 0 0 0]
 [5 7 0 0 4 0 0 0 2]]
Solution:
[[0 2 5 6 7 3 1 4 0]
 [8 1 6 2 0 9 7 5 3]
 [7 9 3 5 1 4 6 2 8]
 [1 0 7 3 6 5 4 9 2]
 [4 6 9 1 0 2 8 3 5]
 [5 3 8 4 9 0 0 7 1]
 [3 7 2 9 4 8 5 1 0]
 [9 8 1 7 3 0 2 6 4]
 [6 5 4 0 2 1 3 8 9]]
Number of cells unfilled: 10
Accuracy: 87.65432098765432
Sample: 93164
Question:
[[0 0 4 0 7 0 0 0 6]
 [3 0 7 0 0 0 9 0 0]
 [0 0 8 0 0 0 0 7 0]
 [7 0 0 0 8 0 0 0 4]
 [0 6 0 5 0 0 0 1 0]
 [0 0 0 0 0 2 0 0 0]
 [0 0 0 9 0 0 0 2 0]
 [0 0 6 0 3 0 0 0 8]
 [0 0 0 0 0 1 5 0 0]]
Solution:
[[0 2 5 6 7 3 1 4 8]
 [8 4 6 2 1 9 7 5 3]
 [7 9 3 8 5 4 6 2 0]
 [1 0 7 3 6 5 4 9 2]
 [4 6 9 1 0 2 8 3 5]
 [5 3 8 4 9 0 0 7 1]
 [3 0 2 9 4 8 5 1 7]
 [9 8 1 7 3 0 2 6 4]
 [6 7 4 5 2 1 3 8 9]]
Number of cells unfilled: 8
Accuracy: 90.12345679012346
Sample: 93165
Question:
[[2 0 0 1 0 0 0 9 8]
 [0 8 0 0 0 0 0 7 0]
 [0 0 0 0 0 0 3 0 0]
 [1 0 0 0 9 0 4 2 0]
 [0 0 7 2 0 0 0 0 9]
 [0 2 0 0 0 1 0 3 0]
 [0 5 0 9 0 0 0 0 0]
 [0 0 0 6 4 0 0 0 3]
 [4 0 0 0 0 2 9 6 0]]
Solution:
[[0 2 5 6 7 3 9 4 8]
 [8 4 6 2 5 9 1 0 3]
 [7 9 3 1 8 4 6 2 0]
 [1 0 7 3 6 5 4 9 2]
 [4 6 9 0 1 2 8 3 5]
 [5 3 8 4 9 0 0 7 1]
 [3 0 2 9 4 8 5 1 7]
 [9 8 1 7 3 0 2 6 4]
 [6 7 4 5 2 1 3 8 9]]
Number of cells unfilled: 9
Accuracy: 88.88888888888889
Sample: 93166
Question:
[[0 0 0 0 0 0 7 0 0]
 [0 0 9 5 0 0 0 8 0]
 [0 4 0 0 1 0 0 0 5]
 [0 9 0 0 0 6 0 0 7]
 [0 0 7 9 0 0 8 0 0]
 [1 0 0 0 3 0 0 0 0]
 [0 0 5 2 0 0 0 0 8]
 [4 6 0 0 0 5 2 9 0]
 [0 0 0 0 0 3 0 0 0]]
Solution:
[[0 2 5 6 7 3 0 4 8]
 [8 4 6 2 0 0 9 1 3]
 [7 9 3 1 8 4 6 2 0]
 [1 0 7 3 6 5 4 9 2]
 [4 6 9 0 1 2 8 3 5]
 [5 3 8 4 9 0 0 7 1]
 [3 0 2 9 4 6 5 8 7]
 [9 8 1 7 3 0 2 6 4]
 [6 7 4 8 5 1 3 0 9]]
Number of cells unfilled: 12
Accuracy: 85.18518518518519
Sample: 93167
Question:
[[0 0 0 0 0 0 0 0 8]
 [0 0 0 0 0 0 0 4 0]
 [0 2 0 6 0 0 0 0 0]
 [0 0 8 7 0 4 0 5 0]
 [0 6 0 0 0 0 3 0 0]
 [0 0 0 0 0 0 2 0 0]
 [2 0 0 0 1 0 0 0 0]
 [7 3 0 0 0 0 6 0 0]
 [0 0 0 0 4 0 0 0 0]]
Solution:
[[0 2 5 6 7 3 1 4 0]
 [8 1 6 2 0 9 7 5 3]
 [7 9 3 1 5 4 6 2 8]
 [1 0 7 3 6 5 4 9 2]
 [4 6 9 0 1 2 8 3 5]
 [5 3 8 4 9 0 0 7 1]
 [3 0 2 9 4 6 5 1 7]
 [9 8 1 7 3 0 2 6 4]
 [6 7 4 5 2 1 3 8 9]]
Number of cells unfilled: 9
Accuracy: 88.88888888888889
Sample: 93168
Question:
[[0 4 0 0 0 7 0 5 0]
 [0 0 9 0 0 0 0 0 0]
 [0 0 0 0 3 0 7 0 0]
 [3 0 0 9 0 0 0 0 0]
 [0 6 0 0 0 1 0 0 7]
 [8 0 0 0 2 0 0 4 0]
 [2 0 0 0 0 0 0 0 6]
 [0 1 0 0 0 5 4 0 0]
 [0 0 8 0 0 0 0 1 5]]
Solution:
[[0 2 5 6 7 3 9 4 8]
 [8 7 6 2 0 9 1 5 3]
 [0 9 3 8 5 4 6 2 7]
 [1 0 7 3 6 5 4 9 2]
 [4 6 9 0 1 2 8 3 5]
 [5 3 8 4 9 0 0 7 1]
 [7 0 2 9 4 6 5 8 0]
 [9 8 1 7 3 0 2 6 4]
 [6 0 4 5 2 1 3 0 9]]
Number of cells unfilled: 12
Accuracy: 85.18518518518519
Sample: 93169
Question:
[[0 7 0 0 1 4 0 0 0]
 [0 1 0 0 3 0 0 0 8]
 [3 0 0 0 8 6 0 2 0]
 [0 0 0 0 0 8 5 0 0]
 [0 0 0 3 0 1 0 0 0]
 [0 0 4 0 0 0 6 0 2]
 [0 4 0 0 0 0 0 5 1]
 [0 0 3 0 0 0 2 0 0]
 [1 0 0 0 7 0 0 9 0]]
Solution:
[[0 2 5 6 7 3 1 4 8]
 [8 4 6 2 1 9 7 5 3]
 [7 9 3 5 8 4 6 2 0]
 [1 0 7 3 6 5 4 9 2]
 [4 6 9 1 0 2 8 3 5]
 [5 3 8 4 9 0 0 7 1]
 [3 7 2 9 4 6 5 8 0]
 [9 8 1 7 3 0 2 6 4]
 [6 5 4 8 2 1 3 0 9]]
Number of cells unfilled: 9
Accuracy: 88.88888888888889
Sample: 93170
Question:
[[0 0 8 6 0 0 0 3 0]
 [0 3 0 0 0 7 0 0 2]
 [4 0 0 0 0 0 5 0 0]
 [5 0 0 0 0 0 4 0 0]
 [0 1 0 0 0 9 0 0 6]
 [0 0 3 7 0 0 0 2 0]
 [0 0 1 0 8 0 0 9 0]
 [0 6 0 2 0 0 0 0 1]
 [0 0 0 0 0 1 0 0 0]]
Solution:
[[0 2 5 6 7 3 9 4 8]
 [8 1 6 2 0 9 7 5 3]
 [7 9 3 1 8 4 6 2 0]
 [1 0 7 3 6 5 4 9 2]
 [4 6 9 0 1 2 8 3 5]
 [5 3 8 4 9 0 0 7 1]
 [3 0 2 9 4 8 5 1 7]
 [9 8 1 7 3 0 2 6 4]
 [6 5 4 0 2 1 3 8 9]]
Number of cells unfilled: 10
Accuracy: 87.65432098765432
Sample: 93171
Question:
[[0 2 0 0 4 0 1 0 0]
 [0 0 3 7 0 0 0 2 0]
 [5 0 0 0 0 2 0 8 0]
 [0 0 0 0 0 0 2 9 0]
 [9 0 0 0 0 6 8 0 0]
 [0 4 0 0 9 0 0 6 1]
 [0 0 0 0 1 0 9 0 0]
 [8 0 0 0 0 5 0 0 0]
 [0 0 7 3 0 0 0 0 0]]
Solution:
[[0 2 5 6 7 3 9 4 8]
 [8 9 6 2 0 0 1 5 3]
 [7 1 3 8 5 4 6 2 0]
 [1 0 7 3 6 5 4 9 2]
 [4 6 9 1 0 2 8 3 5]
 [5 3 8 4 9 0 0 7 1]
 [3 0 2 9 4 8 5 1 7]
 [9 8 1 7 3 0 2 6 4]
 [6 7 4 5 2 1 3 8 9]]
Number of cells unfilled: 10
Accuracy: 87.65432098765432
Sample: 93172
Question:
[[5 1 0 0 0 0 0 0 0]
 [3 0 0 0 5 6 7 4 0]
 [0 0 4 0 0 0 8 0 0]
 [0 0 0 0 8 1 5 0 2]
 [0 0 0 0 0 2 0 0 9]
 [0 5 0 0 6 0 0 7 3]
 [0 0 0 8 0 0 2 0 7]
 [0 7 0 0 0 5 0 9 0]
 [8 0 0 0 1 0 0 0 0]]
Solution:
[[0 2 5 6 7 3 1 4 0]
 [8 7 6 2 1 9 0 5 3]
 [0 9 3 5 8 4 6 2 7]
 [1 0 7 3 6 5 4 9 2]
 [4 6 9 1 0 2 8 3 5]
 [5 3 8 4 9 0 0 7 1]
 [7 0 2 9 4 6 5 1 8]
 [9 8 1 7 3 0 2 6 4]
 [6 0 4 8 5 1 3 0 9]]
Number of cells unfilled: 12
Accuracy: 85.18518518518519
Sample: 93173
Question:
[[0 5 0 0 9 1 0 0 0]
 [0 1 4 6 0 0 0 5 0]
 [6 0 0 0 0 0 0 0 0]
 [0 0 0 0 0 6 0 0 8]
 [0 0 8 1 0 0 5 0 0]
 [5 0 0 0 3 0 0 1 6]
 [0 0 0 0 0 2 0 8 0]
 [7 2 0 0 0 0 4 0 0]
 [0 8 6 4 0 0 0 0 5]]
Solution:
[[0 2 5 6 7 3 1 4 0]
 [8 4 6 2 1 9 7 5 3]
 [7 1 3 8 5 4 6 2 0]
 [1 0 7 3 6 5 4 9 2]
 [4 6 9 1 0 2 8 3 5]
 [5 3 8 4 9 0 0 7 1]
 [3 0 2 9 4 6 5 1 8]
 [9 8 1 7 3 0 2 6 4]
 [6 7 4 5 8 1 3 0 9]]
Number of cells unfilled: 10
Accuracy: 87.65432098765432
Sample: 93174
Question:
[[0 7 0 2 0 0 0 0 4]
 [0 9 0 0 0 3 0 0 0]
 [0 0 2 0 7 0 0 5 0]
 [2 0 0 0 0 0 8 0 0]
 [0 6 7 0 0 0 4 1 0]
 [0 0 5 0 1 0 0 2 6]
 [0 0 0 0 6 0 5 0 0]
 [0 0 0 1 0 2 0 6 0]
 [0 0 6 0 0 7 0 0 1]]
Solution:
[[0 2 5 6 7 3 9 4 8]
 [8 1 6 2 0 9 7 5 3]
 [7 9 3 8 5 4 6 2 0]
 [1 0 7 3 6 5 4 9 2]
 [4 6 9 1 0 2 8 3 5]
 [5 3 8 4 9 0 0 7 1]
 [3 0 2 9 4 6 5 8 7]
 [9 8 1 7 3 0 2 6 4]
 [6 7 4 5 8 1 3 0 9]]
Number of cells unfilled: 10
Accuracy: 87.65432098765432
Sample: 93175
Question:
[[2 0 0 0 0 1 0 0 7]
 [3 0 0 0 4 0 0 0 0]
 [0 0 1 2 0 0 0 9 0]
 [0 0 0 5 0 0 9 0 0]
 [0 0 5 0 2 0 0 0 8]
 [0 0 0 0 1 8 0 5 0]
 [0 1 0 0 0 0 6 0 0]
 [0 0 9 8 0 0 0 1 5]
 [0 6 2 0 0 0 0 8 0]]
Solution:
[[0 2 5 6 7 3 1 4 8]
 [8 4 6 2 1 9 7 5 3]
 [0 7 3 8 5 4 6 2 0]
 [1 0 7 3 6 5 4 9 2]
 [4 6 9 1 0 2 8 3 5]
 [5 3 8 4 9 0 0 7 1]
 [7 0 2 9 4 6 5 1 0]
 [9 8 1 7 3 0 2 6 4]
 [6 0 4 5 2 1 3 8 9]]
Number of cells unfilled: 11
Accuracy: 86.41975308641975
Sample: 93176
Question:
[[4 0 3 0 0 0 0 5 0]
 [0 5 0 0 0 0 0 0 1]
 [2 0 0 0 5 0 3 0 0]
 [5 0 0 0 0 4 0 0 8]
 [0 0 0 5 2 8 0 3 0]
 [0 3 0 0 1 0 0 4 0]
 [7 0 0 9 0 0 0 0 0]
 [0 2 0 0 4 0 0 1 0]
 [0 0 4 2 0 0 6 0 0]]
Solution:
[[0 2 5 6 7 3 9 4 8]
 [8 4 6 2 0 9 7 5 3]
 [0 1 3 5 8 4 6 2 0]
 [1 0 7 3 6 5 4 9 2]
 [4 6 9 0 1 2 8 3 5]
 [5 3 8 4 9 0 0 7 1]
 [7 0 2 9 4 8 5 1 0]
 [9 8 1 7 3 0 2 6 4]
 [6 5 4 0 2 1 3 8 9]]
Number of cells unfilled: 12
Accuracy: 85.18518518518519
Sample: 93177
Question:
[[0 0 4 5 0 0 0 7 0]
 [0 0 5 0 3 0 0 0 4]
 [3 2 0 6 7 0 0 0 8]
 [0 0 0 0 0 0 9 0 0]
 [4 0 0 7 0 0 0 0 0]
 [7 0 8 0 0 3 0 0 6]
 [8 0 0 4 0 0 0 5 9]
 [0 0 7 8 0 0 6 0 0]
 [0 0 0 0 9 0 0 0 0]]
Solution:
[[0 2 5 6 7 9 1 4 8]
 [8 1 6 2 0 0 9 5 3]
 [7 9 3 8 5 4 6 2 0]
 [1 0 7 3 6 5 4 9 2]
 [4 6 9 0 1 2 8 3 5]
 [5 3 8 4 9 0 0 7 1]
 [3 0 2 9 4 6 5 1 7]
 [9 8 1 7 3 0 2 6 4]
 [6 5 4 0 2 1 3 8 9]]
Number of cells unfilled: 11
Accuracy: 86.41975308641975
Sample: 93178
Question:
[[5 0 0 0 2 0 0 4 8]
 [0 0 3 0 5 0 2 0 0]
 [0 0 0 4 0 0 0 0 0]
 [0 0 6 0 0 7 0 0 4]
 [0 0 0 0 0 0 0 0 9]
 [7 3 0 5 0 0 8 0 0]
 [0 1 0 0 7 0 0 0 0]
 [3 0 0 8 1 0 4 0 0]
 [2 0 8 3 0 0 7 0 0]]
Solution:
[[0 2 5 6 7 8 9 4 0]
 [8 1 6 2 0 9 7 5 3]
 [7 9 3 5 1 4 6 2 0]
 [1 0 7 3 6 5 4 9 2]
 [4 6 9 1 0 2 8 3 5]
 [5 3 8 4 9 0 0 7 1]
 [3 0 2 9 4 6 5 1 8]
 [9 8 1 7 3 0 2 6 4]
 [6 7 4 8 5 1 3 0 9]]
Number of cells unfilled: 11
Accuracy: 86.41975308641975
Sample: 93179
Question:
[[0 0 0 0 7 0 9 5 0]
 [0 0 8 0 0 0 0 0 0]
 [4 0 0 0 0 3 6 0 0]
 [0 1 0 4 0 0 2 0 0]
 [0 0 3 0 5 0 0 0 0]
 [0 6 4 0 3 0 1 0 5]
 [6 0 0 0 0 2 0 9 8]
 [0 0 0 3 4 0 5 0 1]
 [0 0 0 0 0 6 0 0 0]]
Solution:
[[0 2 5 6 7 3 9 4 8]
 [8 4 6 2 5 9 1 0 3]
 [7 9 3 8 1 4 6 2 0]
 [1 0 7 3 6 5 4 9 2]
 [4 6 9 1 0 2 8 3 5]
 [5 3 8 4 9 0 0 7 1]
 [3 0 2 9 4 8 5 1 7]
 [9 8 1 7 3 0 2 6 4]
 [6 7 4 5 2 1 3 8 9]]
Number of cells unfilled: 9
Accuracy: 88.88888888888889
Sample: 93180
Question:
[[0 0 0 0 0 7 5 0 8]
 [5 0 0 3 8 0 0 4 0]
 [0 0 0 0 0 2 3 0 1]
 [0 9 0 0 0 0 4 0 0]
 [4 0 0 8 0 0 0 0 5]
 [0 0 2 0 6 0 0 0 0]
 [0 0 9 0 0 0 0 0 4]
 [3 0 0 1 0 0 8 0 0]
 [0 6 0 0 7 0 0 0 0]]
Solution:
[[0 2 5 6 7 3 9 4 8]
 [8 4 6 2 5 9 7 0 3]
 [7 9 3 8 1 4 6 2 0]
 [1 0 7 3 6 5 4 9 2]
 [4 6 9 1 0 2 8 3 5]
 [5 3 8 4 9 0 0 7 1]
 [3 0 2 9 4 6 5 1 7]
 [9 8 1 7 3 0 2 6 4]
 [6 7 4 5 2 1 3 8 9]]
Number of cells unfilled: 9
Accuracy: 88.88888888888889
Sample: 93181
Question:
[[0 0 4 0 3 0 0 0 1]
 [0 0 0 0 0 5 3 0 0]
 [0 7 0 2 0 0 0 0 0]
 [2 0 0 0 0 0 8 0 9]
 [6 0 0 8 0 0 1 0 4]
 [0 0 8 0 1 0 0 3 0]
 [0 6 0 0 0 7 0 0 0]
 [0 0 0 5 0 0 0 0 3]
 [0 0 9 0 8 0 4 0 0]]
Solution:
[[0 2 5 6 7 3 1 4 8]
 [8 7 6 2 0 0 9 5 3]
 [0 9 3 8 5 4 6 2 7]
 [1 0 7 3 6 5 4 9 2]
 [4 6 9 0 1 2 8 3 5]
 [5 3 8 4 9 0 0 7 1]
 [7 0 2 9 4 8 5 1 0]
 [9 8 1 7 3 0 2 6 4]
 [6 5 4 0 2 1 3 8 9]]
Number of cells unfilled: 12
Accuracy: 85.18518518518519
Sample: 93182
Question:
[[8 0 0 0 0 7 1 0 0]
 [0 0 6 0 0 0 0 3 0]
 [0 4 0 0 6 0 0 0 2]
 [0 0 0 3 0 0 0 0 0]
 [9 0 0 0 0 5 7 0 0]
 [0 0 0 0 2 0 0 4 0]
 [0 0 7 0 0 8 0 0 1]
 [0 9 8 0 0 0 5 0 0]
 [1 0 0 0 5 0 0 0 0]]
Solution:
[[0 2 5 6 7 3 1 4 0]
 [8 1 6 2 5 9 0 0 3]
 [0 9 3 8 1 4 6 2 7]
 [1 0 7 3 6 5 4 9 2]
 [4 6 9 1 0 2 8 3 5]
 [5 3 8 4 9 0 0 7 1]
 [7 0 2 9 4 6 5 1 8]
 [9 8 1 7 3 0 2 6 4]
 [6 0 4 5 8 1 3 0 9]]
Number of cells unfilled: 13
Accuracy: 83.9506172839506
Sample: 93183
Question:
[[8 0 0 0 4 0 5 0 0]
 [0 3 0 0 0 5 0 0 0]
 [0 0 6 8 0 0 0 0 0]
 [0 0 0 0 2 0 0 0 7]
 [0 0 3 0 1 0 0 5 0]
 [1 0 0 5 0 9 4 0 0]
 [0 0 9 0 0 0 0 0 0]
 [3 0 0 2 0 1 0 4 6]
 [2 0 0 0 0 4 8 0 0]]
Solution:
[[0 2 5 6 7 3 9 4 8]
 [8 4 6 2 0 9 1 5 3]
 [0 9 3 8 1 4 6 2 7]
 [1 0 7 3 6 5 4 9 2]
 [4 6 9 1 0 2 8 3 5]
 [5 3 8 4 9 0 0 7 1]
 [7 0 2 9 4 6 5 1 0]
 [9 8 1 7 3 0 2 6 4]
 [6 5 4 0 2 1 3 8 9]]
Number of cells unfilled: 11
Accuracy: 86.41975308641975
Sample: 93184
Question:
[[6 0 0 0 0 8 9 0 0]
 [0 0 0 0 2 0 0 5 0]
 [0 0 2 5 0 0 6 0 8]
 [0 0 3 8 0 0 0 0 7]
 [4 0 0 0 0 3 8 0 0]
 [0 7 0 0 4 0 0 0 0]
 [1 0 0 3 0 0 0 6 9]
 [0 0 4 0 0 0 1 0 0]
 [0 0 6 0 0 1 0 8 0]]
Solution:
[[0 2 5 6 7 3 1 4 8]
 [8 4 6 2 1 9 7 5 3]
 [0 7 3 8 5 4 6 2 0]
 [1 0 7 3 6 5 4 9 2]
 [4 6 9 1 0 2 8 3 5]
 [5 3 8 4 9 0 0 7 1]
 [7 0 2 9 4 8 5 1 0]
 [9 8 1 7 3 0 2 6 4]
 [6 0 4 5 2 1 3 8 9]]
Number of cells unfilled: 11
Accuracy: 86.41975308641975
Sample: 93185
Question:
[[0 0 0 0 7 0 2 0 0]
 [8 0 6 0 4 3 0 1 5]
 [0 0 0 6 0 0 0 3 0]
 [0 6 9 5 0 0 0 0 0]
 [0 3 0 0 0 7 0 0 2]
 [7 0 0 0 0 0 0 0 0]
 [0 0 8 0 5 0 0 4 0]
 [0 2 5 0 1 0 8 0 7]
 [9 0 0 0 0 8 0 0 0]]
Solution:
[[0 2 5 6 7 9 1 4 8]
 [8 4 6 2 0 0 7 5 3]
 [7 9 3 8 1 4 6 2 0]
 [1 0 7 3 6 5 4 9 2]
 [4 6 9 1 0 2 8 3 5]
 [5 3 8 4 9 0 0 7 1]
 [3 0 2 9 4 8 5 1 7]
 [9 8 1 7 3 0 2 6 4]
 [6 7 4 5 2 1 3 8 9]]
Number of cells unfilled: 10
Accuracy: 87.65432098765432
Sample: 93186
Question:
[[0 9 0 0 7 3 0 0 0]
 [0 0 5 9 8 0 0 1 6]
 [0 0 0 0 0 0 0 0 0]
 [0 0 6 5 1 0 0 0 0]
 [1 5 0 0 0 2 0 0 0]
 [0 0 9 0 0 0 0 0 7]
 [0 0 8 0 3 0 0 0 5]
 [0 1 0 2 0 0 0 0 0]
 [0 2 0 0 5 6 0 4 0]]
Solution:
[[0 2 5 6 7 3 1 4 8]
 [8 1 6 2 0 0 9 5 3]
 [7 9 3 5 1 4 6 2 0]
 [1 0 7 3 6 5 4 9 2]
 [4 6 9 1 0 2 8 3 5]
 [5 3 8 4 9 0 0 7 1]
 [3 0 2 9 4 6 5 8 7]
 [9 8 1 7 3 0 2 6 4]
 [6 7 4 8 2 1 3 0 9]]
Number of cells unfilled: 11
Accuracy: 86.41975308641975
Sample: 93187
Question:
[[0 0 0 5 8 0 0 0 0]
 [0 0 6 7 0 0 0 0 0]
 [7 0 0 0 0 2 0 8 0]
 [0 0 1 0 0 0 6 0 0]
 [6 0 0 9 0 0 0 2 0]
 [0 3 0 0 0 0 0 0 4]
 [2 0 0 0 5 0 0 7 0]
 [0 6 7 0 0 9 0 0 3]
 [0 0 4 0 0 0 1 0 0]]
Solution:
[[0 2 5 6 7 3 9 4 8]
 [8 1 6 2 0 9 7 5 3]
 [7 9 3 1 5 4 6 2 0]
 [1 0 7 3 6 5 4 9 2]
 [4 6 9 0 1 2 8 3 5]
 [5 3 8 4 9 0 0 7 1]
 [3 0 2 9 4 6 5 8 7]
 [9 8 1 7 3 0 2 6 4]
 [6 7 4 5 8 1 3 0 9]]
Number of cells unfilled: 10
Accuracy: 87.65432098765432
Sample: 93188
Question:
[[0 0 1 0 7 0 0 0 0]
 [0 6 0 2 0 0 0 0 0]
 [3 0 0 0 0 6 0 0 5]
 [4 0 0 0 0 9 0 3 0]
 [0 0 0 6 0 0 0 0 9]
 [0 0 0 0 0 0 4 0 8]
 [9 0 0 7 0 3 8 0 0]
 [0 2 0 1 0 0 0 0 0]
 [0 0 7 0 6 0 0 5 0]]
Solution:
[[0 2 5 6 7 3 9 4 8]
 [8 4 6 2 1 9 7 5 3]
 [7 9 3 8 5 4 6 2 0]
 [1 0 7 3 6 5 4 9 2]
 [4 6 9 1 0 2 8 3 5]
 [5 3 8 4 9 0 0 7 1]
 [3 0 2 9 4 8 5 1 7]
 [9 8 1 7 3 0 2 6 4]
 [6 7 4 5 2 1 3 8 9]]
Number of cells unfilled: 8
Accuracy: 90.12345679012346
Sample: 93189
Question:
[[0 0 1 3 0 0 0 0 8]
 [0 6 0 0 7 0 0 4 0]
 [9 0 0 0 0 2 0 0 0]
 [0 0 6 1 0 0 4 0 0]
 [2 0 0 7 0 6 0 0 0]
 [0 7 0 0 9 0 0 0 0]
 [0 0 3 5 0 0 0 1 0]
 [6 0 0 0 0 0 3 0 0]
 [0 0 0 0 0 0 8 0 5]]
Solution:
[[0 2 5 6 7 3 9 4 8]
 [8 4 6 2 1 9 7 5 3]
 [0 1 3 8 5 4 6 2 0]
 [1 0 7 3 6 5 4 9 2]
 [4 6 9 1 0 2 8 3 5]
 [5 3 8 4 9 0 0 7 1]
 [7 0 2 9 4 8 5 1 0]
 [9 8 1 7 3 0 2 6 4]
 [6 0 4 5 2 1 3 8 9]]
Number of cells unfilled: 11
Accuracy: 86.41975308641975
Sample: 93190
Question:
[[6 8 0 4 0 0 0 0 5]
 [0 4 0 0 0 0 8 0 0]
 [0 0 5 0 0 9 0 4 0]
 [0 0 8 7 0 0 5 0 0]
 [0 7 0 0 9 0 0 0 0]
 [2 0 0 0 0 1 0 7 0]
 [0 0 0 0 3 0 0 0 7]
 [0 0 7 6 0 0 9 0 0]
 [0 0 6 9 0 0 4 5 0]]
Solution:
[[0 2 5 6 7 3 1 4 8]
 [8 1 6 2 5 9 7 0 3]
 [7 9 3 8 1 4 6 2 5]
 [1 0 7 3 6 5 4 9 2]
 [4 6 9 1 0 2 8 3 0]
 [5 3 8 4 9 0 0 7 1]
 [3 0 2 9 4 6 5 8 7]
 [9 8 1 7 3 0 2 6 4]
 [6 7 4 5 8 1 3 0 9]]
Number of cells unfilled: 10
Accuracy: 87.65432098765432
Sample: 93191
Question:
[[0 2 4 6 7 0 0 0 9]
 [0 0 0 2 0 0 4 5 0]
 [0 1 0 0 0 0 8 0 0]
 [0 0 9 0 0 0 5 0 8]
 [4 0 5 0 0 3 0 0 0]
 [0 0 2 0 1 0 0 0 0]
 [0 7 0 4 0 0 9 0 0]
 [8 0 0 0 0 0 0 0 0]
 [0 0 3 0 0 0 6 8 0]]
Solution:
[[0 2 5 6 7 3 1 4 0]
 [8 9 6 2 0 0 7 5 3]
 [0 7 3 8 5 4 6 2 0]
 [1 0 7 3 6 5 4 9 2]
 [4 6 9 0 1 2 8 3 5]
 [5 3 8 4 9 0 0 7 1]
 [7 0 2 9 4 6 5 1 8]
 [9 8 1 7 3 0 2 6 4]
 [6 0 4 5 8 1 3 0 9]]
Number of cells unfilled: 14
Accuracy: 82.71604938271605
Sample: 93192
Question:
[[3 0 0 0 0 0 9 0 4]
 [0 4 0 0 0 0 2 0 5]
 [0 2 8 0 0 9 0 6 0]
 [0 0 0 0 0 0 0 0 0]
 [0 0 0 2 0 8 0 5 0]
 [0 5 2 1 0 0 0 0 6]
 [4 0 0 0 0 0 0 0 1]
 [0 3 0 0 1 0 0 0 0]
 [8 0 0 9 4 6 0 0 0]]
Solution:
[[0 2 5 6 7 3 9 4 8]
 [8 4 6 2 5 9 7 1 3]
 [7 9 3 8 1 4 6 2 0]
 [1 0 7 3 6 5 4 9 2]
 [4 6 9 1 0 2 8 3 5]
 [5 3 8 4 9 0 0 7 1]
 [3 0 2 9 4 6 5 8 7]
 [9 8 1 7 3 0 2 6 4]
 [6 7 4 5 8 1 3 0 9]]
Number of cells unfilled: 9
Accuracy: 88.88888888888889
Sample: 93193
Question:
[[8 0 0 0 2 0 0 0 5]
 [0 0 0 0 0 4 3 0 0]
 [0 3 4 0 0 0 0 7 0]
 [0 9 6 0 0 7 0 0 0]
 [2 0 0 0 5 0 0 0 1]
 [0 0 0 6 0 0 0 0 0]
 [0 0 0 0 9 0 1 2 0]
 [0 0 0 8 0 5 0 0 9]
 [9 0 0 0 0 0 0 0 0]]
Solution:
[[0 2 5 6 7 3 9 4 8]
 [8 4 6 2 0 9 7 1 3]
 [7 9 3 1 8 4 6 2 0]
 [1 0 7 3 6 5 4 9 2]
 [4 6 9 0 1 2 8 3 5]
 [5 3 8 4 9 0 0 7 1]
 [3 0 2 9 4 6 5 8 7]
 [9 8 1 7 3 0 2 6 4]
 [6 7 4 8 5 1 3 0 9]]
Number of cells unfilled: 10
Accuracy: 87.65432098765432
Sample: 93194
Question:
[[9 0 0 0 0 0 6 5 7]
 [0 0 3 5 0 0 0 0 2]
 [6 0 0 0 0 0 3 0 8]
 [0 3 0 6 0 0 5 0 0]
 [0 0 0 0 5 1 8 0 6]
 [0 0 0 0 7 0 0 1 0]
 [4 0 9 0 0 7 0 0 0]
 [3 0 0 0 0 0 0 6 0]
 [0 6 5 0 0 0 7 0 9]]
Solution:
[[0 2 5 6 7 3 1 4 8]
 [8 4 6 2 1 9 7 5 3]
 [7 1 3 5 8 4 6 2 0]
 [1 0 7 3 6 5 4 9 2]
 [4 6 9 1 0 2 8 3 5]
 [5 3 8 4 9 0 0 7 1]
 [3 0 2 9 4 6 5 1 7]
 [9 8 1 7 3 0 2 6 4]
 [6 7 4 8 5 1 3 0 9]]
Number of cells unfilled: 9
Accuracy: 88.88888888888889
Sample: 93195
Question:
[[0 0 0 0 4 0 3 0 0]
 [0 0 0 0 0 8 7 0 4]
 [0 0 9 3 0 0 0 5 0]
 [9 0 5 0 8 0 0 0 0]
 [0 0 6 0 2 0 0 4 7]
 [4 2 0 0 0 5 0 0 1]
 [0 0 4 0 5 0 2 0 0]
 [0 8 0 2 0 0 0 0 0]
 [0 0 0 8 0 1 0 0 0]]
Solution:
[[0 2 5 6 7 3 1 4 8]
 [8 4 6 2 1 0 9 5 3]
 [7 1 3 8 5 4 6 2 0]
 [1 0 7 3 6 5 4 9 2]
 [4 6 9 1 0 2 8 3 5]
 [5 3 8 4 9 0 0 7 1]
 [3 0 2 9 4 6 5 1 7]
 [9 8 1 7 3 0 2 6 4]
 [6 7 4 5 2 1 3 8 9]]
Number of cells unfilled: 9
Accuracy: 88.88888888888889
Sample: 93196
Question:
[[0 0 0 0 4 0 0 0 8]
 [0 4 0 0 5 0 9 0 0]
 [6 0 0 0 0 0 0 7 0]
 [0 0 0 0 0 0 8 0 0]
 [4 0 0 3 0 0 6 0 1]
 [0 0 2 0 1 0 3 0 7]
 [8 0 0 0 0 9 0 0 0]
 [2 0 0 0 0 5 0 0 0]
 [0 5 9 0 7 0 0 4 3]]
Solution:
[[0 2 5 6 7 3 9 4 8]
 [8 4 6 2 5 9 7 1 3]
 [0 9 3 1 0 4 6 2 0]
 [1 0 7 3 6 5 4 9 2]
 [4 6 9 0 1 2 8 3 5]
 [5 3 8 4 9 0 0 7 1]
 [7 0 2 9 4 6 5 8 0]
 [9 8 1 7 3 0 2 6 4]
 [6 0 4 5 8 1 3 0 9]]
Number of cells unfilled: 13
Accuracy: 83.9506172839506
Sample: 93197
Question:
[[9 0 0 0 0 2 8 0 0]
 [0 3 0 0 0 0 5 0 9]
 [0 0 4 9 0 0 0 7 0]
 [0 4 0 1 0 0 0 3 0]
 [3 0 0 0 0 5 0 0 8]
 [0 0 8 0 0 9 6 0 0]
 [0 0 0 0 2 0 0 0 0]
 [4 0 0 7 0 0 0 8 0]
 [0 1 7 0 0 0 0 0 6]]
Solution:
[[0 2 5 6 7 3 9 4 8]
 [8 4 6 2 1 9 7 5 3]
 [0 1 3 8 5 4 6 2 0]
 [1 0 7 3 6 5 4 9 2]
 [4 6 9 1 0 2 8 3 5]
 [5 3 8 4 9 0 0 7 1]
 [7 0 2 9 4 8 5 1 0]
 [9 8 1 7 3 0 2 6 4]
 [6 5 4 0 2 1 3 8 9]]
Number of cells unfilled: 11
Accuracy: 86.41975308641975
Sample: 93198
Question:
[[9 0 0 0 5 0 6 0 0]
 [0 0 2 0 0 6 0 0 0]
 [0 0 0 4 0 9 0 8 0]
 [0 0 9 0 0 0 0 7 0]
 [5 0 0 9 0 0 8 1 0]
 [7 0 0 5 0 1 4 0 0]
 [0 3 0 6 0 0 0 0 8]
 [0 0 7 0 1 0 0 0 0]
 [4 0 0 0 0 5 1 0 0]]
Solution:
[[0 2 5 6 7 3 9 4 8]
 [8 4 6 2 0 9 7 5 3]
 [0 9 3 8 5 4 6 2 0]
 [1 0 7 3 6 5 4 9 2]
 [4 6 9 0 1 2 8 3 5]
 [5 3 8 4 9 0 0 7 1]
 [7 0 2 9 4 6 5 1 0]
 [9 8 1 7 3 0 2 6 4]
 [6 5 4 0 2 1 3 8 9]]
Number of cells unfilled: 12
Accuracy: 85.18518518518519
Sample: 93199
Question:
[[0 0 2 0 0 4 0 0 0]
 [9 0 5 0 0 0 0 8 0]
 [3 7 0 0 9 0 0 0 0]
 [0 0 0 0 0 2 0 0 6]
 [0 0 0 1 0 0 4 0 0]
 [7 0 0 0 3 0 0 5 0]
 [0 0 0 6 0 0 0 0 1]
 [0 0 0 0 0 3 2 0 0]
 [0 8 0 0 7 0 0 9 0]]
Solution:
[[0 2 5 6 7 3 1 4 8]
 [8 9 6 2 0 0 7 5 3]
 [7 1 3 5 8 4 6 2 0]
 [1 0 7 3 6 5 4 9 2]
 [4 6 9 0 1 2 8 3 5]
 [5 3 8 4 9 0 0 7 1]
 [3 0 2 9 4 8 5 1 7]
 [9 8 1 7 3 0 2 6 4]
 [6 7 4 0 5 1 3 8 9]]
Number of cells unfilled: 11
Accuracy: 86.41975308641975
Sample: 93200
Question:
[[0 2 0 0 7 0 0 0 0]
 [8 0 6 2 0 0 0 0 0]
 [0 0 3 0 0 4 0 2 0]
 [1 0 0 0 0 5 4 0 0]
 [0 6 0 0 0 0 0 3 0]
 [0 0 8 0 9 0 0 0 1]
 [0 0 0 0 4 0 5 0 0]
 [0 8 0 7 0 0 0 6 0]
 [6 0 0 0 0 1 0 0 9]]
Solution:
[[0 2 5 6 7 3 1 4 8]
 [8 9 6 2 1 0 7 5 3]
 [7 1 3 8 5 4 6 2 0]
 [1 0 7 3 6 5 4 9 2]
 [4 6 9 1 0 2 8 3 5]
 [5 3 8 4 9 0 0 7 1]
 [3 0 2 9 4 6 5 1 7]
 [9 8 1 7 3 0 2 6 4]
 [6 7 4 5 2 1 3 8 9]]
Number of cells unfilled: 9
Accuracy: 88.88888888888889
