2025-10-22 16:59:31.647804: I tensorflow/core/util/port.cc:153] oneDNN custom operations are on. You may see slightly different numerical results due to floating-point round-off errors from different computation orders. To turn them off, set the environment variable `TF_ENABLE_ONEDNN_OPTS=0`.
2025-10-22 16:59:31.743655: I tensorflow/core/platform/cpu_feature_guard.cc:210] This TensorFlow binary is optimized to use available CPU instructions in performance-critical operations.
To enable the following instructions: AVX2 AVX512F AVX512_VNNI FMA, in other operations, rebuild TensorFlow with the appropriate compiler flags.
2025-10-22 16:59:36.703846: I tensorflow/core/util/port.cc:153] oneDNN custom operations are on. You may see slightly different numerical results due to floating-point round-off errors from different computation orders. To turn them off, set the environment variable `TF_ENABLE_ONEDNN_OPTS=0`.
2025-10-22 16:59:42.969516: E external/local_xla/xla/stream_executor/cuda/cuda_platform.cc:51] failed call to cuInit: INTERNAL: CUDA error: Failed call to cuInit: UNKNOWN ERROR (303)
Sample: 94901
Question:
[[0 5 0 0 0 0 1 8 0]
 [7 0 0 0 0 0 6 0 0]
 [0 0 4 0 0 6 0 0 2]
 [4 0 0 0 0 9 0 0 0]
 [0 0 0 2 3 0 0 0 0]
 [0 0 2 6 0 0 0 0 9]
 [8 0 0 0 6 0 0 7 0]
 [0 0 7 0 0 3 0 0 6]
 [0 1 0 7 0 0 5 0 0]]
Solution:
[[6 5 7 8 9 0 4 1 0]
 [8 0 0 2 4 1 7 5 3]
 [4 9 1 6 5 3 2 0 8]
 [0 0 3 0 1 8 6 7 4]
 [9 8 2 7 0 6 1 0 0]
 [1 7 6 4 0 9 5 3 2]
 [7 4 9 5 3 2 0 8 1]
 [0 2 0 9 8 4 3 6 5]
 [5 6 8 1 0 0 9 4 7]]
Number of cells unfilled: 17
Accuracy: 79.01234567901234
Sample: 94902
Question:
[[0 5 0 7 0 0 0 0 0]
 [0 0 2 0 0 6 0 0 0]
 [4 0 3 0 0 9 5 0 0]
 [3 0 0 0 9 0 0 8 6]
 [0 7 0 0 6 4 0 5 2]
 [0 8 0 0 0 0 0 0 0]
 [0 0 7 0 0 0 4 0 0]
 [6 0 0 0 0 2 0 0 9]
 [0 0 0 0 0 5 0 0 1]]
Solution:
[[6 5 7 8 9 0 4 1 0]
 [8 0 0 2 4 1 7 9 3]
 [4 9 1 6 7 3 2 5 8]
 [0 0 3 0 1 9 6 7 4]
 [9 8 2 7 5 6 1 0 0]
 [1 7 4 0 2 8 5 3 9]
 [7 4 9 5 3 2 0 8 1]
 [0 2 0 9 8 4 3 6 5]
 [5 6 8 1 0 0 9 4 7]]
Number of cells unfilled: 15
Accuracy: 81.48148148148148
Sample: 94903
Question:
[[0 5 4 9 8 0 0 0 0]
 [7 0 1 0 0 5 0 9 0]
 [0 0 9 0 2 0 0 0 0]
 [0 0 0 8 3 0 0 0 6]
 [0 0 0 0 4 7 0 0 0]
 [2 0 0 0 0 0 0 0 1]
 [0 7 0 5 1 0 8 0 0]
 [0 0 3 0 0 0 0 0 0]
 [0 0 0 3 0 0 9 5 0]]
Solution:
[[6 5 7 8 9 0 4 1 0]
 [8 0 0 2 4 5 7 9 3]
 [4 9 1 6 7 3 2 5 8]
 [0 0 3 0 1 9 6 7 4]
 [9 8 2 7 5 6 1 0 0]
 [1 7 4 0 0 8 5 3 2]
 [7 4 9 5 3 2 0 8 1]
 [0 2 0 9 8 4 3 6 5]
 [5 6 8 1 0 0 9 4 7]]
Number of cells unfilled: 16
Accuracy: 80.24691358024691
Sample: 94904
Question:
[[7 0 0 0 1 0 0 0 0]
 [0 6 9 0 0 0 0 3 1]
 [0 0 0 0 0 4 7 0 9]
 [6 9 0 0 0 0 0 0 7]
 [1 0 4 0 0 8 0 0 0]
 [8 0 0 2 0 0 0 0 0]
 [0 0 0 5 0 7 0 0 4]
 [9 0 5 0 0 2 0 6 0]
 [0 0 0 6 0 0 0 0 2]]
Solution:
[[6 5 0 8 9 0 4 1 0]
 [8 0 7 2 4 5 0 9 3]
 [4 9 1 6 7 3 2 5 8]
 [0 0 3 0 1 9 6 7 4]
 [9 8 2 7 5 6 1 0 0]
 [1 7 4 0 0 8 5 3 2]
 [7 4 9 5 3 2 0 8 1]
 [0 2 0 9 8 4 3 6 5]
 [5 6 8 1 0 0 9 4 7]]
Number of cells unfilled: 17
Accuracy: 79.01234567901234
Sample: 94905
Question:
[[6 0 0 0 2 0 0 0 0]
 [0 0 9 3 0 0 0 6 0]
 [0 0 0 0 0 1 8 0 9]
 [0 0 3 0 0 0 0 0 2]
 [0 6 0 4 0 0 0 5 0]
 [0 0 0 0 0 8 6 0 7]
 [0 9 4 0 1 0 0 0 0]
 [0 5 0 0 0 0 7 0 0]
 [3 0 0 5 0 0 0 9 0]]
Solution:
[[6 5 7 8 9 0 4 1 0]
 [8 0 0 2 4 5 7 9 3]
 [4 9 1 6 7 3 2 5 8]
 [0 0 3 0 1 9 6 7 4]
 [9 8 2 7 5 6 1 0 0]
 [1 7 6 4 2 8 5 3 9]
 [0 4 9 5 3 2 0 8 1]
 [7 2 0 9 8 4 3 6 5]
 [5 6 8 1 0 0 9 4 7]]
Number of cells unfilled: 14
Accuracy: 82.71604938271605
Sample: 94906
Question:
[[0 0 0 0 1 0 2 0 8]
 [2 9 0 3 0 0 0 7 0]
 [0 1 4 7 0 0 0 3 0]
 [0 0 0 0 0 5 0 0 0]
 [0 0 5 0 9 0 4 0 0]
 [0 6 0 1 0 0 0 5 0]
 [0 3 0 0 6 1 0 0 0]
 [0 0 9 0 3 7 0 6 0]
 [0 0 0 9 0 0 0 0 0]]
Solution:
[[6 5 0 8 9 7 4 1 0]
 [8 0 7 2 4 1 0 5 3]
 [4 9 1 6 5 3 2 0 8]
 [0 0 3 0 1 5 6 7 4]
 [9 8 2 7 0 6 1 0 0]
 [1 7 4 0 8 9 5 3 2]
 [7 4 9 5 3 2 0 8 1]
 [0 2 0 9 7 4 3 6 5]
 [5 6 8 1 0 0 9 4 7]]
Number of cells unfilled: 17
Accuracy: 79.01234567901234
Sample: 94907
Question:
[[0 8 0 0 0 0 0 0 2]
 [0 0 7 1 0 4 0 0 0]
 [0 2 0 8 0 0 0 9 0]
 [8 0 1 3 6 0 0 7 0]
 [0 7 0 0 8 9 0 0 0]
 [0 0 0 0 0 1 0 4 0]
 [3 0 0 0 0 0 0 8 0]
 [0 0 9 0 0 0 0 3 6]
 [4 5 0 0 0 0 9 0 0]]
Solution:
[[6 5 7 8 9 0 4 1 0]
 [8 0 0 2 4 5 7 9 3]
 [4 9 1 6 7 3 2 5 8]
 [0 0 3 0 1 9 6 7 4]
 [9 8 2 7 5 6 1 0 0]
 [1 7 6 4 2 8 5 3 9]
 [7 4 9 5 3 2 0 8 1]
 [0 2 0 9 8 4 3 6 5]
 [5 6 8 1 0 0 9 4 7]]
Number of cells unfilled: 14
Accuracy: 82.71604938271605
Sample: 94908
Question:
[[8 4 0 0 0 0 0 0 1]
 [0 0 9 1 0 0 0 0 0]
 [7 0 0 0 4 0 0 9 0]
 [2 0 0 0 1 0 6 0 0]
 [0 0 4 0 7 0 0 0 8]
 [0 0 0 0 0 5 0 2 0]
 [0 3 0 6 0 0 0 5 0]
 [0 0 0 0 0 0 3 8 0]
 [0 0 8 0 9 0 0 0 4]]
Solution:
[[6 5 7 8 9 0 4 1 0]
 [8 0 0 2 4 5 7 9 3]
 [4 9 1 6 7 3 2 5 8]
 [0 0 3 0 1 9 6 7 4]
 [9 8 2 7 5 6 1 0 0]
 [1 7 6 4 0 8 5 3 2]
 [0 4 9 5 3 2 0 8 1]
 [7 2 0 9 8 4 3 6 5]
 [5 6 8 1 0 0 9 4 7]]
Number of cells unfilled: 15
Accuracy: 81.48148148148148
Sample: 94909
Question:
[[9 0 0 0 0 0 3 0 6]
 [0 0 8 3 0 9 0 0 0]
 [0 1 0 0 6 4 7 8 0]
 [0 0 0 1 3 0 0 0 0]
 [6 0 0 2 0 8 0 7 0]
 [0 3 2 0 4 7 0 0 0]
 [1 0 9 7 0 0 0 0 2]
 [0 0 0 9 0 0 0 0 0]
 [0 7 0 0 0 6 0 0 0]]
Solution:
[[6 5 0 8 9 7 4 1 0]
 [8 0 7 2 4 1 0 9 3]
 [4 9 1 6 5 3 2 0 8]
 [0 0 3 0 1 9 6 7 4]
 [9 8 2 7 0 6 1 0 0]
 [1 7 4 0 0 8 5 3 2]
 [7 4 9 5 3 2 0 8 1]
 [0 2 0 9 7 4 3 6 5]
 [5 6 8 1 0 0 9 4 7]]
Number of cells unfilled: 18
Accuracy: 77.77777777777779
Sample: 94910
Question:
[[0 3 0 0 0 0 0 7 9]
 [0 0 0 3 0 0 0 4 5]
 [0 0 0 0 5 0 3 0 0]
 [0 9 0 5 0 0 7 0 0]
 [0 0 8 6 0 0 0 0 1]
 [1 0 0 0 2 0 0 0 0]
 [2 0 0 0 0 8 0 6 0]
 [0 7 0 4 6 0 9 0 0]
 [9 0 6 0 0 5 0 0 0]]
Solution:
[[6 5 7 8 9 0 4 1 0]
 [8 0 0 2 4 5 7 9 3]
 [4 9 1 6 7 3 2 5 8]
 [0 0 3 0 1 8 6 7 4]
 [9 8 2 7 5 6 1 0 0]
 [1 7 6 4 0 9 5 3 2]
 [0 4 9 5 3 2 0 8 1]
 [7 2 0 9 8 4 3 6 5]
 [5 6 8 1 0 0 9 4 7]]
Number of cells unfilled: 15
Accuracy: 81.48148148148148
Sample: 94911
Question:
[[9 0 0 0 0 6 0 0 2]
 [0 5 6 0 2 0 4 0 0]
 [0 1 0 0 0 0 0 0 0]
 [0 0 8 0 0 2 3 0 0]
 [0 0 0 0 4 0 0 7 0]
 [0 6 0 3 0 0 0 0 9]
 [0 0 0 0 5 8 0 0 7]
 [0 0 0 0 0 4 0 1 0]
 [0 0 5 2 0 0 8 0 0]]
Solution:
[[6 5 7 8 9 0 4 1 0]
 [8 0 0 2 4 5 7 9 3]
 [4 9 1 6 7 3 2 5 8]
 [0 0 3 0 1 9 6 7 4]
 [9 8 2 7 5 6 1 0 0]
 [1 7 6 4 2 8 5 3 9]
 [0 4 9 5 3 2 0 8 1]
 [7 2 0 9 8 4 3 6 5]
 [5 6 8 1 0 0 9 4 7]]
Number of cells unfilled: 14
Accuracy: 82.71604938271605
Sample: 94912
Question:
[[4 0 0 8 0 0 7 0 0]
 [0 0 2 0 0 0 0 0 3]
 [0 1 0 0 0 4 0 5 0]
 [0 0 3 6 8 0 0 0 0]
 [0 0 0 0 9 0 0 0 0]
 [6 0 0 0 0 7 8 0 0]
 [0 0 1 7 0 0 0 0 5]
 [0 6 0 0 0 0 0 0 2]
 [9 0 0 0 4 0 6 0 0]]
Solution:
[[6 5 0 8 9 7 4 1 0]
 [8 0 7 2 4 1 0 5 3]
 [4 9 1 6 5 3 2 0 8]
 [0 0 3 0 1 9 6 7 4]
 [9 8 2 7 0 6 1 0 0]
 [1 7 6 4 8 0 5 3 9]
 [7 4 9 5 3 2 0 8 1]
 [0 2 0 9 7 4 3 6 5]
 [5 6 8 1 0 0 9 4 7]]
Number of cells unfilled: 17
Accuracy: 79.01234567901234
Sample: 94913
Question:
[[0 0 8 0 4 3 0 0 9]
 [0 4 0 0 1 8 0 0 3]
 [0 3 0 6 0 0 0 0 0]
 [6 5 4 8 0 0 0 0 0]
 [0 0 0 1 0 0 3 6 0]
 [0 0 0 0 7 0 0 0 0]
 [5 0 0 0 0 0 2 0 0]
 [3 0 0 0 5 0 7 0 0]
 [0 0 6 9 0 0 5 0 0]]
Solution:
[[6 5 7 8 9 0 4 1 0]
 [8 0 0 2 4 1 7 9 3]
 [4 9 1 6 7 3 2 5 8]
 [0 0 3 0 1 8 6 7 4]
 [9 8 2 7 5 6 1 0 0]
 [1 7 4 0 0 9 5 3 2]
 [7 4 9 5 3 2 0 8 1]
 [0 2 0 9 8 4 3 6 5]
 [5 6 8 1 0 0 9 4 7]]
Number of cells unfilled: 16
Accuracy: 80.24691358024691
Sample: 94914
Question:
[[0 6 0 0 9 0 0 0 0]
 [0 0 1 0 0 8 3 0 0]
 [0 9 0 3 4 0 0 0 7]
 [0 0 0 0 0 4 0 0 2]
 [0 0 7 0 0 0 0 3 0]
 [0 0 0 5 6 0 0 0 1]
 [1 0 0 4 0 0 2 0 0]
 [0 0 2 0 0 9 0 0 3]
 [0 5 0 0 0 0 0 8 0]]
Solution:
[[6 5 7 8 9 0 4 1 0]
 [8 0 0 2 4 1 7 9 3]
 [4 9 1 6 5 3 2 0 8]
 [0 0 3 0 1 9 6 7 4]
 [9 8 2 7 0 6 1 0 0]
 [1 7 6 4 0 8 5 3 2]
 [0 4 9 5 3 2 0 8 1]
 [7 2 0 9 8 4 3 6 5]
 [5 6 8 1 0 0 9 4 7]]
Number of cells unfilled: 17
Accuracy: 79.01234567901234
Sample: 94915
Question:
[[0 5 0 0 1 0 0 2 0]
 [9 0 0 0 0 2 0 0 5]
 [0 0 2 3 0 0 4 0 0]
 [0 0 0 0 0 0 0 4 0]
 [0 0 7 0 4 0 6 0 0]
 [0 2 0 0 0 9 0 0 8]
 [0 0 6 0 0 7 0 0 4]
 [0 8 0 0 2 0 0 1 0]
 [0 0 0 8 0 0 3 0 0]]
Solution:
[[6 5 7 8 9 0 4 1 0]
 [8 0 0 2 4 1 7 9 3]
 [4 9 1 6 5 3 2 0 8]
 [0 0 3 0 1 8 6 7 4]
 [9 8 2 7 0 6 1 0 0]
 [1 7 4 0 0 9 5 3 2]
 [0 4 9 5 3 2 0 8 1]
 [7 2 0 9 8 4 3 6 5]
 [5 6 8 1 0 0 9 4 7]]
Number of cells unfilled: 18
Accuracy: 77.77777777777779
Sample: 94916
Question:
[[0 5 0 0 0 6 0 0 7]
 [0 0 0 0 4 1 0 8 0]
 [0 0 0 7 9 0 2 0 0]
 [0 0 5 0 0 3 0 0 1]
 [1 2 0 4 0 0 0 0 0]
 [3 6 0 0 0 0 7 0 0]
 [0 0 6 0 8 0 0 7 0]
 [0 0 0 0 0 0 9 0 0]
 [5 0 0 0 0 2 0 0 3]]
Solution:
[[6 5 7 8 9 0 4 1 0]
 [8 0 0 2 4 1 7 9 3]
 [4 9 1 6 5 3 2 0 8]
 [0 0 3 0 1 8 6 7 4]
 [9 8 2 7 0 6 1 0 0]
 [1 7 4 0 0 9 5 3 2]
 [0 4 9 5 3 2 0 8 1]
 [7 2 0 9 8 4 3 6 5]
 [5 6 8 1 0 0 9 4 7]]
Number of cells unfilled: 18
Accuracy: 77.77777777777779
Sample: 94917
Question:
[[0 0 9 0 0 0 4 0 0]
 [0 4 0 6 0 0 0 0 1]
 [0 0 0 0 4 0 0 8 0]
 [0 0 7 0 3 0 0 0 0]
 [0 1 0 5 0 0 0 4 2]
 [0 9 0 2 0 0 0 0 6]
 [0 5 0 0 2 0 0 0 0]
 [9 0 0 0 6 5 0 0 0]
 [0 0 4 9 0 0 1 0 0]]
Solution:
[[6 5 7 8 9 0 4 1 0]
 [8 0 0 2 4 1 7 9 3]
 [4 9 1 6 7 3 2 5 8]
 [0 0 3 0 1 9 6 7 4]
 [9 8 2 7 5 6 1 0 0]
 [1 7 4 0 2 8 5 3 9]
 [0 4 9 5 3 2 0 8 1]
 [7 2 0 9 8 4 3 6 5]
 [5 6 8 1 0 0 9 4 7]]
Number of cells unfilled: 15
Accuracy: 81.48148148148148
Sample: 94918
Question:
[[1 0 0 7 4 0 9 0 0]
 [0 0 0 0 0 0 0 0 3]
 [0 0 7 0 0 8 0 4 0]
 [3 7 0 0 0 5 0 0 0]
 [0 0 6 0 8 0 0 5 0]
 [2 0 0 6 0 0 0 0 0]
 [0 0 0 0 0 1 0 0 9]
 [0 0 4 8 0 0 0 1 0]
 [7 0 0 0 5 0 2 0 0]]
Solution:
[[6 5 0 8 9 7 4 1 0]
 [8 0 7 2 4 1 0 5 3]
 [4 9 1 6 5 3 2 0 0]
 [0 0 3 0 1 8 6 7 4]
 [9 8 2 7 0 6 1 0 0]
 [1 7 6 4 2 9 5 3 8]
 [7 4 9 5 3 2 0 8 1]
 [0 2 0 9 8 4 3 6 5]
 [5 6 8 1 0 0 9 4 7]]
Number of cells unfilled: 17
Accuracy: 79.01234567901234
Sample: 94919
Question:
[[0 0 7 0 0 8 0 2 0]
 [0 0 0 9 6 0 0 8 3]
 [0 0 4 0 2 1 6 5 0]
 [5 0 0 4 1 0 0 9 0]
 [0 3 0 0 0 0 5 0 6]
 [0 9 8 0 0 6 0 0 7]
 [0 0 0 1 0 0 0 6 8]
 [0 5 0 3 8 2 0 0 4]
 [0 2 0 0 4 7 3 0 0]]
Solution:
[[6 5 7 8 9 0 4 1 0]
 [8 0 0 2 4 1 7 9 3]
 [4 9 1 6 7 3 2 5 8]
 [0 0 3 0 1 9 6 7 4]
 [9 8 2 7 5 6 1 0 0]
 [1 7 4 0 0 8 5 3 2]
 [7 4 9 5 3 2 0 8 1]
 [0 2 0 9 8 4 3 6 5]
 [5 6 8 1 0 0 9 4 7]]
Number of cells unfilled: 16
Accuracy: 80.24691358024691
Sample: 94920
Question:
[[6 0 0 0 0 5 0 0 0]
 [0 3 0 6 0 0 0 0 0]
 [9 0 5 7 0 0 8 6 0]
 [0 0 2 0 0 0 0 0 8]
 [7 0 3 0 1 8 2 0 0]
 [1 0 0 2 0 0 0 0 9]
 [5 0 0 0 0 2 0 0 0]
 [0 0 0 1 4 7 3 0 0]
 [0 0 0 8 0 9 0 0 1]]
Solution:
[[6 5 7 8 9 0 4 1 0]
 [8 0 0 2 4 1 7 9 3]
 [4 9 1 6 7 3 2 5 8]
 [0 0 3 0 1 8 6 7 4]
 [9 8 2 7 5 6 1 0 0]
 [1 7 6 4 0 9 5 3 2]
 [7 4 9 5 3 2 0 8 1]
 [0 2 0 9 8 4 3 6 5]
 [5 6 8 1 0 0 9 4 7]]
Number of cells unfilled: 15
Accuracy: 81.48148148148148
Sample: 94921
Question:
[[0 4 6 0 5 0 0 0 0]
 [0 3 0 8 0 0 7 9 0]
 [0 0 0 0 9 0 0 0 4]
 [0 1 8 9 0 6 0 0 0]
 [0 6 0 0 4 0 2 7 0]
 [0 0 0 0 0 0 0 0 0]
 [3 0 0 7 0 0 4 0 0]
 [0 0 0 0 0 0 8 5 0]
 [0 9 0 0 2 0 0 1 0]]
Solution:
[[6 5 7 8 9 0 4 1 0]
 [8 0 0 2 4 1 7 5 3]
 [4 9 1 6 5 3 2 0 8]
 [0 0 3 0 1 5 6 7 4]
 [9 8 2 7 0 6 1 0 0]
 [1 7 4 0 0 9 5 3 2]
 [0 4 9 5 3 2 0 8 1]
 [7 2 0 9 8 4 3 6 5]
 [5 6 8 1 0 0 9 4 7]]
Number of cells unfilled: 18
Accuracy: 77.77777777777779
Sample: 94922
Question:
[[8 0 0 7 0 0 0 5 0]
 [0 0 0 0 9 0 0 0 6]
 [0 0 0 0 0 2 1 0 0]
 [0 0 0 0 6 0 0 0 2]
 [0 0 0 0 0 1 9 0 5]
 [0 3 0 5 0 0 0 7 0]
 [0 7 6 0 0 0 0 0 0]
 [2 5 0 8 0 0 0 0 0]
 [3 0 0 0 0 0 0 4 0]]
Solution:
[[6 5 0 8 9 7 4 1 0]
 [8 0 7 2 4 1 0 9 3]
 [4 9 1 6 5 3 2 0 8]
 [0 0 3 0 1 5 6 7 4]
 [9 8 2 7 0 6 1 0 0]
 [1 7 6 4 0 9 5 3 2]
 [0 4 9 5 3 2 0 8 1]
 [7 2 0 9 8 4 3 6 5]
 [5 6 8 1 0 0 9 4 7]]
Number of cells unfilled: 17
Accuracy: 79.01234567901234
Sample: 94923
Question:
[[0 0 3 4 0 0 8 0 0]
 [0 8 0 0 0 0 0 4 0]
 [0 2 0 0 0 8 6 0 3]
 [0 0 6 0 0 3 0 8 0]
 [0 0 8 0 0 6 0 3 4]
 [0 5 0 0 8 0 9 0 0]
 [0 0 0 0 7 0 0 0 1]
 [1 0 0 0 0 0 4 0 0]
 [0 0 2 0 0 1 0 6 0]]
Solution:
[[6 5 0 8 9 7 4 1 0]
 [8 0 7 2 4 1 0 5 3]
 [4 9 1 6 5 3 2 0 8]
 [0 0 3 0 1 5 6 7 4]
 [9 8 2 7 0 6 1 0 0]
 [1 7 6 4 0 8 5 3 2]
 [0 4 9 5 3 2 0 8 1]
 [7 2 0 9 8 4 3 6 5]
 [5 6 8 1 0 0 9 4 7]]
Number of cells unfilled: 17
Accuracy: 79.01234567901234
Sample: 94924
Question:
[[0 0 9 0 0 8 0 0 0]
 [0 8 0 6 0 0 0 9 0]
 [2 0 0 0 9 0 0 0 0]
 [0 5 0 0 0 0 0 0 4]
 [3 0 0 0 0 4 5 0 0]
 [0 2 0 0 5 0 8 3 0]
 [0 1 0 0 0 0 7 8 0]
 [5 0 0 0 8 0 0 0 3]
 [8 0 0 0 3 0 0 1 5]]
Solution:
[[6 5 7 8 9 0 4 1 0]
 [8 0 0 2 4 5 7 9 3]
 [4 9 1 6 7 3 2 5 8]
 [0 0 3 0 1 8 6 7 4]
 [9 8 2 7 5 6 1 0 0]
 [1 7 4 0 0 9 5 3 2]
 [7 4 9 5 3 2 0 8 1]
 [0 2 0 9 8 4 3 6 5]
 [5 6 8 1 0 0 9 4 7]]
Number of cells unfilled: 16
Accuracy: 80.24691358024691
Sample: 94925
Question:
[[0 3 0 0 7 0 0 2 6]
 [0 7 0 0 6 0 0 0 3]
 [0 0 0 5 0 0 8 0 0]
 [0 0 9 0 0 1 3 0 0]
 [0 1 0 0 3 0 0 0 2]
 [3 0 0 0 0 6 0 1 0]
 [0 6 0 3 0 7 2 0 0]
 [4 0 0 0 0 0 0 0 7]
 [0 0 0 0 4 0 6 0 0]]
Solution:
[[6 5 7 8 9 0 4 1 0]
 [8 0 0 2 4 5 7 9 3]
 [4 9 1 6 7 3 2 5 8]
 [0 0 3 0 1 9 6 7 4]
 [9 8 2 7 5 6 1 0 0]
 [1 7 6 4 2 8 5 3 9]
 [0 4 9 5 3 2 0 8 1]
 [7 2 0 9 8 4 3 6 5]
 [5 6 8 1 0 0 9 4 7]]
Number of cells unfilled: 14
Accuracy: 82.71604938271605
Sample: 94926
Question:
[[0 9 0 5 0 0 0 0 0]
 [0 4 8 0 9 0 0 0 2]
 [7 0 0 0 0 8 9 4 0]
 [6 0 0 0 0 0 8 0 0]
 [8 0 0 4 0 5 2 0 0]
 [0 2 4 0 0 0 0 1 0]
 [0 0 0 0 0 3 0 0 0]
 [0 0 0 8 0 0 0 0 1]
 [0 8 2 0 5 0 4 0 0]]
Solution:
[[6 5 7 8 9 0 4 1 0]
 [8 0 0 2 4 1 7 5 3]
 [4 9 1 6 5 3 2 0 0]
 [0 0 3 0 1 5 6 7 4]
 [9 8 2 7 0 6 1 0 0]
 [1 7 4 0 2 9 5 3 8]
 [7 4 9 5 3 2 0 8 1]
 [0 2 0 9 8 4 3 6 5]
 [5 6 8 1 0 0 9 4 7]]
Number of cells unfilled: 18
Accuracy: 77.77777777777779
Sample: 94927
Question:
[[0 9 6 0 0 5 0 0 7]
 [0 0 7 0 0 6 0 0 5]
 [2 0 0 0 0 0 3 0 0]
 [0 0 9 0 0 0 0 0 0]
 [7 0 0 9 0 0 0 0 6]
 [5 6 0 0 0 7 8 0 0]
 [0 7 0 5 0 0 0 4 0]
 [0 0 5 0 0 4 0 0 8]
 [0 4 0 0 1 0 0 7 0]]
Solution:
[[6 5 7 8 9 0 4 1 0]
 [8 0 0 2 4 1 7 9 3]
 [4 9 1 6 7 3 2 5 8]
 [0 0 3 0 1 9 6 7 4]
 [9 8 2 7 5 6 1 0 0]
 [1 7 6 4 2 8 5 3 9]
 [0 4 9 5 3 2 0 8 1]
 [7 2 0 9 8 4 3 6 5]
 [5 6 8 1 0 0 9 4 7]]
Number of cells unfilled: 14
Accuracy: 82.71604938271605
Sample: 94928
Question:
[[3 0 0 0 0 0 0 0 1]
 [0 9 0 3 0 4 2 0 0]
 [0 0 5 0 0 0 0 0 0]
 [0 0 0 0 8 0 3 0 0]
 [2 0 9 1 0 0 4 0 0]
 [0 3 0 4 0 2 0 1 0]
 [0 0 0 0 6 0 7 2 0]
 [0 7 0 2 0 3 0 0 4]
 [9 0 2 0 0 0 0 0 0]]
Solution:
[[6 5 7 8 9 0 4 1 0]
 [8 0 0 2 4 1 7 5 3]
 [4 9 1 6 5 3 2 0 0]
 [0 0 3 0 1 8 6 7 4]
 [9 8 2 7 0 6 1 0 0]
 [1 7 6 4 2 9 5 3 8]
 [0 4 9 5 3 2 0 8 1]
 [7 2 0 9 8 4 3 6 5]
 [5 6 8 1 0 0 9 4 7]]
Number of cells unfilled: 17
Accuracy: 79.01234567901234
Sample: 94929
Question:
[[4 0 0 0 0 0 0 1 0]
 [9 0 0 0 0 4 2 0 8]
 [0 2 0 1 0 0 0 0 0]
 [0 4 0 0 0 8 1 2 0]
 [0 8 0 0 0 2 0 4 0]
 [7 0 0 0 0 0 0 0 6]
 [0 9 0 0 0 5 0 8 0]
 [0 0 5 8 0 0 4 0 0]
 [8 0 0 0 3 0 5 0 0]]
Solution:
[[6 5 7 8 9 0 4 1 0]
 [8 0 0 2 4 1 7 9 3]
 [4 9 1 6 7 3 2 5 8]
 [0 0 3 0 1 8 6 7 4]
 [9 8 2 7 5 6 1 0 0]
 [1 7 4 0 0 9 5 3 2]
 [7 4 9 5 3 2 0 8 1]
 [0 2 0 9 8 4 3 6 5]
 [5 6 8 1 0 0 9 4 7]]
Number of cells unfilled: 16
Accuracy: 80.24691358024691
Sample: 94930
Question:
[[8 0 4 0 2 0 7 0 0]
 [0 0 0 0 0 6 0 0 0]
 [0 1 0 8 0 0 0 2 4]
 [0 0 5 0 0 0 0 4 1]
 [1 0 0 0 6 4 2 0 5]
 [2 0 0 0 0 0 9 0 0]
 [4 0 0 6 0 0 0 1 2]
 [0 0 0 0 3 0 0 0 0]
 [0 5 0 0 0 2 0 0 0]]
Solution:
[[6 5 7 8 9 0 4 1 0]
 [8 0 0 2 4 1 7 5 3]
 [4 9 1 6 5 3 2 0 8]
 [0 0 3 0 1 9 6 7 4]
 [9 8 2 7 0 6 1 0 0]
 [1 7 6 4 2 8 5 3 9]
 [7 4 9 5 3 2 0 8 1]
 [0 2 0 9 8 4 3 6 5]
 [5 6 8 1 0 0 9 4 7]]
Number of cells unfilled: 16
Accuracy: 80.24691358024691
Sample: 94931
Question:
[[0 0 0 0 8 5 1 4 0]
 [1 4 5 0 0 0 0 0 0]
 [0 0 0 0 0 0 0 0 0]
 [0 0 6 0 0 1 2 9 0]
 [0 0 8 0 9 0 0 0 0]
 [0 7 0 0 0 0 0 0 1]
 [0 0 0 0 4 3 8 0 9]
 [0 0 0 9 0 8 0 0 0]
 [0 2 0 0 1 6 3 5 0]]
Solution:
[[6 5 7 8 9 0 4 1 0]
 [8 0 0 2 4 1 7 9 3]
 [4 9 1 6 7 3 2 5 8]
 [0 0 3 0 1 8 6 7 4]
 [9 8 2 7 5 6 1 0 0]
 [1 7 6 4 0 9 5 3 2]
 [0 4 9 5 3 2 0 8 1]
 [7 2 0 9 8 4 3 6 5]
 [5 6 8 1 0 0 9 4 7]]
Number of cells unfilled: 15
Accuracy: 81.48148148148148
Sample: 94932
Question:
[[0 0 0 0 0 1 7 0 0]
 [0 0 1 0 4 0 0 6 0]
 [2 0 0 5 0 0 0 0 0]
 [4 0 0 0 0 0 0 3 0]
 [5 1 0 0 3 0 0 0 6]
 [0 0 3 0 0 8 1 0 0]
 [0 0 4 0 1 0 6 0 0]
 [1 0 0 7 0 0 0 0 9]
 [0 7 0 0 0 9 2 0 0]]
Solution:
[[6 5 7 8 9 0 4 1 0]
 [8 0 0 2 4 1 7 5 3]
 [4 9 1 6 5 3 2 0 0]
 [0 0 3 0 1 5 6 7 4]
 [9 8 2 7 0 6 1 0 0]
 [1 7 6 4 2 9 5 3 8]
 [0 4 9 5 3 2 0 8 1]
 [7 2 0 9 8 4 3 6 5]
 [5 6 8 1 0 0 9 4 7]]
Number of cells unfilled: 17
Accuracy: 79.01234567901234
Sample: 94933
Question:
[[0 0 0 7 0 0 6 0 0]
 [0 0 3 0 8 0 0 4 0]
 [0 5 0 0 0 4 0 0 9]
 [0 4 0 0 7 0 0 0 0]
 [0 0 5 0 6 9 0 0 4]
 [9 6 0 0 0 0 1 0 0]
 [0 0 4 0 1 0 0 7 0]
 [5 0 0 0 0 0 0 0 2]
 [0 2 0 8 0 0 4 0 0]]
Solution:
[[6 5 0 8 9 7 4 1 0]
 [8 0 7 2 4 1 0 5 3]
 [4 9 1 6 5 3 2 0 8]
 [0 0 3 0 1 5 6 7 4]
 [9 8 2 7 0 6 1 0 0]
 [1 7 4 0 0 8 5 3 2]
 [0 4 9 5 3 2 0 8 1]
 [7 2 0 9 8 4 3 6 5]
 [5 6 8 1 0 0 9 4 7]]
Number of cells unfilled: 18
Accuracy: 77.77777777777779
Sample: 94934
Question:
[[2 0 0 4 0 0 0 0 9]
 [0 0 0 0 0 8 0 0 0]
 [0 0 3 0 6 0 4 0 0]
 [5 0 0 6 0 0 0 9 0]
 [9 0 1 0 7 0 6 0 5]
 [0 3 0 0 0 5 0 0 4]
 [0 0 0 0 8 0 0 1 6]
 [0 7 0 0 0 0 0 0 2]
 [1 0 0 2 0 0 9 0 0]]
Solution:
[[6 5 0 8 9 7 4 1 0]
 [8 0 7 2 4 1 0 9 3]
 [4 9 1 6 5 3 2 0 8]
 [0 0 3 0 1 5 6 7 4]
 [9 8 2 7 0 6 1 0 0]
 [1 7 4 0 8 9 5 3 2]
 [7 4 9 5 3 2 0 8 1]
 [0 2 0 9 7 4 3 6 5]
 [5 6 8 1 0 0 9 4 7]]
Number of cells unfilled: 17
Accuracy: 79.01234567901234
Sample: 94935
Question:
[[0 0 0 0 0 3 0 9 2]
 [3 0 0 0 0 0 6 0 0]
 [0 0 2 6 0 0 0 3 8]
 [0 2 0 1 5 0 0 0 0]
 [0 0 8 0 0 2 9 0 0]
 [7 0 0 9 0 0 0 0 5]
 [0 0 0 0 0 0 0 4 0]
 [0 0 6 0 0 9 8 0 0]
 [0 1 0 4 7 0 0 0 0]]
Solution:
[[6 5 7 8 9 0 4 1 0]
 [8 0 0 2 4 1 7 5 3]
 [4 9 1 6 5 3 2 0 8]
 [0 0 3 0 1 5 6 7 4]
 [9 8 2 7 0 6 1 0 0]
 [1 7 6 4 0 9 5 3 2]
 [0 4 9 5 3 2 0 8 1]
 [7 2 0 9 8 4 3 6 5]
 [5 6 8 1 0 0 9 4 7]]
Number of cells unfilled: 17
Accuracy: 79.01234567901234
Sample: 94936
Question:
[[0 5 0 6 0 0 7 0 0]
 [0 0 2 0 0 1 0 0 0]
 [6 0 9 0 0 8 0 3 0]
 [2 0 0 0 0 0 5 4 0]
 [0 6 0 4 0 0 0 0 3]
 [0 0 4 0 8 0 6 7 0]
 [0 0 5 0 0 9 0 0 0]
 [1 0 0 0 0 0 0 0 0]
 [0 4 0 3 0 0 0 5 0]]
Solution:
[[6 5 7 8 9 0 4 1 0]
 [8 0 0 2 4 1 7 9 3]
 [4 9 1 6 5 3 2 0 8]
 [0 0 3 0 1 5 6 7 4]
 [9 8 2 7 0 6 1 0 0]
 [1 7 6 4 0 9 5 3 2]
 [0 4 9 5 3 2 0 8 1]
 [7 2 0 9 8 4 3 6 5]
 [5 6 8 1 0 0 9 4 7]]
Number of cells unfilled: 17
Accuracy: 79.01234567901234
Sample: 94937
Question:
[[0 0 8 3 0 0 0 0 4]
 [9 0 0 0 0 0 3 0 0]
 [0 6 0 0 0 2 0 8 0]
 [0 0 4 1 0 0 7 3 5]
 [0 0 0 0 7 0 0 4 0]
 [0 0 1 5 0 0 0 0 6]
 [0 0 6 0 0 5 4 0 0]
 [0 0 0 0 0 0 0 0 8]
 [8 1 0 4 0 0 6 0 0]]
Solution:
[[6 5 7 8 9 0 4 1 0]
 [8 0 0 2 4 7 0 9 3]
 [4 9 1 6 5 3 2 0 8]
 [0 0 3 0 1 5 6 7 4]
 [9 8 2 7 0 6 1 0 0]
 [1 7 6 4 2 8 5 3 9]
 [7 4 9 5 3 2 0 8 1]
 [0 2 0 9 7 4 3 6 5]
 [5 6 8 1 0 0 9 4 7]]
Number of cells unfilled: 17
Accuracy: 79.01234567901234
Sample: 94938
Question:
[[0 2 0 0 0 0 0 0 0]
 [0 0 1 3 9 5 0 0 0]
 [0 9 5 4 0 0 0 1 0]
 [7 0 0 8 0 0 6 0 0]
 [0 6 4 0 1 3 9 0 0]
 [0 0 0 0 0 0 4 0 0]
 [0 1 0 0 0 6 3 0 2]
 [0 0 0 1 7 0 0 0 4]
 [0 0 0 0 0 0 0 0 0]]
Solution:
[[6 5 0 8 9 7 4 1 0]
 [8 0 7 2 4 1 0 9 3]
 [4 9 1 6 5 3 2 0 8]
 [0 0 3 0 1 5 6 7 4]
 [9 8 2 7 0 6 1 0 0]
 [1 7 4 0 0 9 5 3 2]
 [0 4 9 5 3 2 0 8 1]
 [7 2 0 9 8 4 3 6 5]
 [5 6 8 1 0 0 9 4 7]]
Number of cells unfilled: 18
Accuracy: 77.77777777777779
Sample: 94939
Question:
[[9 0 0 0 6 0 0 8 0]
 [0 6 4 0 0 0 2 0 0]
 [0 8 3 0 0 7 0 0 0]
 [3 0 0 7 0 0 0 0 2]
 [0 4 0 0 3 0 0 9 0]
 [0 0 8 0 0 1 5 0 0]
 [0 0 0 5 0 0 0 0 0]
 [0 0 0 0 0 0 1 0 0]
 [0 0 9 1 8 0 0 6 0]]
Solution:
[[6 5 7 8 9 0 4 1 0]
 [8 0 0 2 4 5 7 9 3]
 [4 9 1 6 7 3 2 5 8]
 [0 0 3 0 1 8 6 7 4]
 [9 8 2 7 5 6 1 0 0]
 [1 7 4 0 0 9 5 3 2]
 [0 4 9 5 3 2 0 8 1]
 [7 2 0 9 8 4 3 6 5]
 [5 6 8 1 0 0 9 4 7]]
Number of cells unfilled: 16
Accuracy: 80.24691358024691
Sample: 94940
Question:
[[6 7 0 9 0 0 0 3 0]
 [0 0 0 0 4 0 0 0 0]
 [0 0 8 0 0 0 7 0 0]
 [0 0 0 0 0 4 9 2 0]
 [9 0 0 6 0 0 0 0 7]
 [0 1 5 0 0 9 0 6 0]
 [0 0 0 0 8 5 0 0 3]
 [5 0 0 3 0 0 2 0 0]
 [0 0 1 0 0 0 0 0 0]]
Solution:
[[6 5 0 8 9 7 4 1 0]
 [8 0 7 2 4 1 0 5 3]
 [4 9 1 6 5 3 2 0 8]
 [0 0 3 0 1 9 6 7 4]
 [9 8 2 7 0 6 1 0 0]
 [1 7 6 4 0 8 5 3 2]
 [7 4 9 5 3 2 0 8 1]
 [0 2 0 9 7 4 3 6 5]
 [5 6 8 1 0 0 9 4 7]]
Number of cells unfilled: 17
Accuracy: 79.01234567901234
Sample: 94941
Question:
[[8 0 0 0 4 9 0 0 0]
 [6 0 0 7 0 0 0 0 2]
 [0 1 2 0 0 0 3 0 0]
 [0 0 0 0 0 4 2 0 6]
 [1 0 8 0 6 0 0 0 0]
 [0 4 0 5 0 0 0 0 0]
 [0 0 5 0 0 0 0 0 0]
 [0 0 0 0 9 0 0 5 3]
 [4 0 1 0 0 0 6 7 0]]
Solution:
[[6 5 7 8 9 0 4 1 0]
 [8 0 0 2 4 7 0 9 3]
 [4 9 1 6 5 3 2 0 8]
 [0 0 3 0 1 5 6 7 4]
 [9 8 2 7 0 6 1 0 0]
 [1 7 6 4 2 8 5 3 9]
 [0 4 9 5 3 2 0 8 1]
 [7 2 0 9 8 4 3 6 5]
 [5 6 8 1 0 0 9 4 7]]
Number of cells unfilled: 17
Accuracy: 79.01234567901234
Sample: 94942
Question:
[[7 8 0 0 0 0 0 0 0]
 [0 0 5 3 0 0 0 7 0]
 [0 9 0 0 0 7 0 0 1]
 [0 0 6 0 3 9 0 0 0]
 [9 0 0 0 5 2 0 6 0]
 [0 0 0 6 0 0 0 0 0]
 [0 0 9 2 0 0 0 3 0]
 [1 0 0 0 4 0 7 0 2]
 [0 4 0 0 0 0 0 0 8]]
Solution:
[[6 5 0 8 9 7 4 1 0]
 [8 0 7 2 4 1 0 9 3]
 [4 9 1 6 5 3 2 0 8]
 [0 0 3 0 1 5 6 7 4]
 [9 8 2 7 0 6 1 0 0]
 [1 7 4 0 8 9 5 3 2]
 [7 4 9 5 3 2 0 8 1]
 [0 2 0 9 7 4 3 6 5]
 [5 6 8 1 0 0 9 4 7]]
Number of cells unfilled: 17
Accuracy: 79.01234567901234
Sample: 94943
Question:
[[0 4 0 0 0 0 6 0 0]
 [3 0 5 0 0 6 0 0 8]
 [0 0 7 0 0 0 3 5 0]
 [0 0 1 6 2 0 0 3 0]
 [2 0 0 0 0 3 8 0 0]
 [0 7 0 0 0 0 0 0 2]
 [5 0 0 0 6 9 0 8 0]
 [0 0 0 0 4 0 9 0 0]
 [0 0 0 1 0 0 0 0 0]]
Solution:
[[6 5 7 8 9 0 4 1 0]
 [8 0 0 2 4 5 7 9 3]
 [4 9 1 6 7 3 2 5 8]
 [0 0 3 0 1 9 6 7 4]
 [9 8 2 7 5 6 1 0 0]
 [1 7 4 0 0 8 5 3 2]
 [0 4 9 5 3 2 0 8 1]
 [7 2 0 9 8 4 3 6 5]
 [5 6 8 1 0 0 9 4 7]]
Number of cells unfilled: 16
Accuracy: 80.24691358024691
Sample: 94944
Question:
[[0 2 0 1 4 0 9 0 0]
 [7 0 0 8 0 0 0 0 5]
 [0 0 0 0 3 0 0 2 0]
 [0 0 0 0 0 0 0 3 0]
 [8 0 0 5 0 0 0 0 1]
 [0 7 0 0 0 9 4 0 0]
 [0 0 7 0 0 0 0 0 6]
 [6 0 0 0 0 1 0 0 0]
 [0 8 5 6 0 0 0 0 0]]
Solution:
[[6 5 7 8 9 0 4 1 0]
 [8 0 0 2 4 5 7 9 3]
 [4 9 1 6 7 3 2 5 8]
 [0 0 3 0 1 9 6 7 4]
 [9 8 2 7 5 6 1 0 0]
 [1 7 6 4 2 8 5 3 9]
 [0 4 9 5 3 2 0 8 1]
 [7 2 0 9 8 4 3 6 5]
 [5 6 8 1 0 0 9 4 7]]
Number of cells unfilled: 14
Accuracy: 82.71604938271605
Sample: 94945
Question:
[[0 7 0 0 0 0 3 4 0]
 [0 0 0 0 0 0 0 0 6]
 [3 0 6 0 0 4 1 7 0]
 [0 3 0 0 0 8 0 0 0]
 [0 6 0 9 0 1 0 0 3]
 [8 0 0 0 0 0 2 9 0]
 [0 0 0 0 8 0 4 6 0]
 [0 4 0 0 0 7 0 0 1]
 [0 0 5 0 0 0 0 0 0]]
Solution:
[[6 5 7 8 9 0 4 1 0]
 [8 0 0 2 4 1 7 9 3]
 [4 9 1 6 5 3 2 0 8]
 [0 0 3 0 1 5 6 7 4]
 [9 8 2 7 0 6 1 0 0]
 [1 7 6 4 2 8 5 3 9]
 [7 4 9 5 3 2 0 8 1]
 [0 2 0 9 8 4 3 6 5]
 [5 6 8 1 0 0 9 4 7]]
Number of cells unfilled: 16
Accuracy: 80.24691358024691
Sample: 94946
Question:
[[5 0 0 9 0 0 0 3 7]
 [0 9 0 0 0 3 0 5 8]
 [0 0 0 0 0 0 9 0 0]
 [0 1 0 0 6 0 0 0 0]
 [0 0 4 2 0 0 0 0 1]
 [8 0 0 0 0 1 7 0 0]
 [0 5 0 0 4 0 0 7 0]
 [3 0 0 0 0 5 8 0 0]
 [0 0 2 1 0 0 0 0 0]]
Solution:
[[6 5 7 8 9 0 4 1 0]
 [8 0 0 2 4 7 0 5 3]
 [4 9 1 6 5 3 2 0 8]
 [0 0 3 0 1 5 6 7 4]
 [9 8 2 7 0 6 1 0 0]
 [1 7 6 4 8 9 5 3 2]
 [7 4 9 5 3 2 0 8 1]
 [0 2 0 9 7 4 3 6 5]
 [5 6 8 1 0 0 9 4 7]]
Number of cells unfilled: 17
Accuracy: 79.01234567901234
Sample: 94947
Question:
[[0 0 0 0 0 0 1 0 0]
 [9 0 0 0 8 0 0 5 0]
 [0 0 4 7 0 0 0 0 2]
 [3 0 0 9 0 2 0 0 0]
 [0 2 0 8 0 5 0 3 0]
 [0 0 5 0 3 0 0 0 0]
 [2 0 0 0 9 0 0 1 0]
 [0 1 6 3 0 0 0 0 0]
 [5 0 0 0 2 0 0 8 0]]
Solution:
[[6 5 7 8 9 0 4 1 0]
 [8 0 0 2 4 7 0 9 3]
 [4 9 1 6 5 3 2 0 0]
 [0 0 3 0 1 8 6 7 4]
 [9 8 2 7 0 6 1 0 0]
 [1 7 4 0 2 9 5 3 8]
 [7 4 9 5 3 2 0 8 1]
 [0 2 0 9 7 4 3 6 5]
 [5 6 8 1 0 0 9 4 7]]
Number of cells unfilled: 19
Accuracy: 76.5432098765432
Sample: 94948
Question:
[[0 6 0 7 9 0 0 0 0]
 [2 0 1 0 0 5 8 0 0]
 [7 5 4 0 1 0 6 0 0]
 [0 0 0 0 0 0 0 0 0]
 [0 0 0 0 3 0 0 0 7]
 [0 0 0 0 5 1 3 4 0]
 [1 0 0 0 6 0 0 0 0]
 [0 0 0 5 2 8 4 0 0]
 [5 4 0 0 0 0 0 8 0]]
Solution:
[[6 5 7 8 9 0 4 1 0]
 [8 0 0 2 4 1 7 9 3]
 [4 9 1 6 7 3 2 5 8]
 [0 0 3 0 1 8 6 7 4]
 [9 8 2 7 5 6 1 0 0]
 [1 7 4 0 0 9 5 3 2]
 [7 4 9 5 3 2 0 8 1]
 [0 2 0 9 8 4 3 6 5]
 [5 6 8 1 0 0 9 4 7]]
Number of cells unfilled: 16
Accuracy: 80.24691358024691
Sample: 94949
Question:
[[0 0 7 0 0 0 0 0 1]
 [1 0 0 0 0 9 0 8 0]
 [0 8 0 1 0 0 2 0 0]
 [0 6 3 5 0 0 0 2 0]
 [4 0 0 0 9 0 0 3 0]
 [0 0 0 4 0 3 7 0 0]
 [0 0 6 0 8 0 0 0 0]
 [0 1 0 0 0 5 0 0 2]
 [5 0 0 9 0 0 0 4 0]]
Solution:
[[6 5 7 8 9 0 4 1 0]
 [8 0 0 2 4 5 7 9 3]
 [4 9 1 6 7 3 2 5 8]
 [0 0 3 0 1 9 6 7 4]
 [9 8 2 7 5 6 1 0 0]
 [1 7 4 0 2 8 5 3 9]
 [7 4 9 5 3 2 0 8 1]
 [0 2 0 9 8 4 3 6 5]
 [5 6 8 1 0 0 9 4 7]]
Number of cells unfilled: 15
Accuracy: 81.48148148148148
Sample: 94950
Question:
[[6 0 7 2 0 0 0 0 9]
 [0 5 0 0 6 3 0 0 7]
 [2 0 0 0 7 0 0 0 0]
 [3 0 0 0 0 2 0 8 0]
 [0 0 0 1 3 0 0 0 0]
 [0 8 1 5 0 0 0 0 0]
 [0 6 0 3 0 0 4 0 1]
 [9 0 0 0 0 0 0 7 2]
 [0 0 0 0 0 1 0 0 0]]
Solution:
[[6 5 7 8 9 0 4 1 0]
 [8 0 0 2 4 1 7 9 3]
 [4 9 1 6 7 3 2 5 8]
 [0 0 3 0 1 9 6 7 4]
 [9 8 2 7 5 6 1 0 0]
 [1 7 4 0 2 8 5 3 9]
 [0 4 9 5 3 2 0 8 1]
 [7 2 0 9 8 4 3 6 5]
 [5 6 8 1 0 0 9 4 7]]
Number of cells unfilled: 15
Accuracy: 81.48148148148148
Sample: 94951
Question:
[[0 0 0 0 0 0 4 0 0]
 [0 5 9 0 0 2 0 0 0]
 [1 0 0 7 9 0 0 0 5]
 [0 0 5 8 1 0 0 0 7]
 [8 0 0 0 0 0 0 0 0]
 [7 1 0 0 0 0 3 0 0]
 [0 8 0 9 5 0 0 0 1]
 [0 0 0 2 0 1 0 0 0]
 [0 0 0 0 7 0 0 6 0]]
Solution:
[[6 5 7 8 9 0 4 1 0]
 [8 0 0 2 4 1 7 9 3]
 [4 9 1 6 7 3 2 5 8]
 [0 0 3 0 1 9 6 7 4]
 [9 8 2 7 5 6 1 0 0]
 [1 7 4 0 2 8 5 3 9]
 [7 4 9 5 3 2 0 8 1]
 [0 2 0 9 8 4 3 6 5]
 [5 6 8 1 0 0 9 4 7]]
Number of cells unfilled: 15
Accuracy: 81.48148148148148
Sample: 94952
Question:
[[0 0 8 0 0 4 9 0 1]
 [0 2 0 0 0 0 6 4 0]
 [0 0 0 0 0 0 0 0 5]
 [0 0 9 0 8 0 1 0 6]
 [0 0 0 1 0 9 0 5 0]
 [7 0 0 0 0 0 0 0 0]
 [3 0 0 0 6 8 0 0 0]
 [0 0 0 0 4 0 0 0 0]
 [0 0 6 9 0 0 8 0 4]]
Solution:
[[6 5 0 8 9 7 4 1 0]
 [8 0 7 2 4 1 0 9 3]
 [4 9 1 6 5 3 2 0 8]
 [0 0 3 0 1 9 6 7 4]
 [9 8 2 7 0 6 1 0 0]
 [1 7 4 0 2 8 5 3 9]
 [7 4 9 5 3 2 0 8 1]
 [0 2 0 9 8 4 3 6 5]
 [5 6 8 1 0 0 9 4 7]]
Number of cells unfilled: 17
Accuracy: 79.01234567901234
Sample: 94953
Question:
[[0 8 0 5 0 7 3 0 0]
 [0 0 9 0 0 0 0 0 0]
 [0 0 0 0 6 0 0 7 0]
 [0 0 1 0 0 0 5 0 3]
 [0 0 0 0 0 0 4 0 0]
 [0 5 0 4 0 3 0 8 0]
 [0 0 0 6 0 0 8 0 0]
 [0 3 0 7 0 8 0 0 4]
 [2 0 0 0 0 0 0 0 0]]
Solution:
[[6 5 7 8 9 0 4 1 0]
 [8 0 0 2 4 7 0 9 3]
 [4 9 1 6 5 3 2 0 8]
 [0 0 3 0 1 9 6 7 4]
 [9 8 2 7 0 6 1 0 0]
 [1 7 6 4 2 8 5 3 9]
 [0 4 9 5 3 2 0 8 1]
 [7 2 0 9 8 4 3 6 5]
 [5 6 8 1 0 0 9 4 7]]
Number of cells unfilled: 17
Accuracy: 79.01234567901234
Sample: 94954
Question:
[[5 0 0 8 0 0 0 0 9]
 [0 0 1 0 0 0 0 2 0]
 [0 0 0 0 3 0 0 0 0]
 [0 5 0 7 0 0 0 0 0]
 [8 0 0 0 0 0 7 9 0]
 [0 6 0 0 8 0 0 0 5]
 [6 0 0 5 9 0 0 0 8]
 [0 4 0 0 0 0 0 0 0]
 [9 0 0 6 0 4 0 0 7]]
Solution:
[[6 5 7 8 9 0 4 1 0]
 [8 0 0 2 4 5 7 9 3]
 [4 9 1 6 7 3 2 5 8]
 [0 0 3 0 1 9 6 7 4]
 [9 8 2 7 5 6 1 0 0]
 [1 7 6 4 2 8 5 3 9]
 [0 4 9 5 3 2 0 8 1]
 [7 2 0 9 8 4 3 6 5]
 [5 6 8 1 0 0 9 4 7]]
Number of cells unfilled: 14
Accuracy: 82.71604938271605
Sample: 94955
Question:
[[6 0 5 0 0 0 0 4 0]
 [0 0 0 0 2 0 0 0 0]
 [0 9 0 6 0 0 5 0 7]
 [0 0 6 7 0 0 9 0 1]
 [0 1 0 0 0 0 0 0 0]
 [9 7 0 0 8 0 0 0 0]
 [0 0 0 0 0 0 0 0 4]
 [0 0 0 0 6 3 0 0 0]
 [1 0 0 9 0 0 6 0 5]]
Solution:
[[6 5 7 8 9 0 4 1 0]
 [8 0 0 2 4 1 7 5 3]
 [4 9 1 6 5 3 2 0 8]
 [0 0 3 0 1 9 6 7 4]
 [9 8 2 7 0 6 1 0 0]
 [1 7 4 0 0 8 5 3 2]
 [7 4 9 5 3 2 0 8 1]
 [0 2 0 9 8 4 3 6 5]
 [5 6 8 1 0 0 9 4 7]]
Number of cells unfilled: 18
Accuracy: 77.77777777777779
Sample: 94956
Question:
[[0 0 9 8 6 0 0 0 0]
 [0 0 0 0 0 0 9 0 0]
 [2 1 0 0 0 0 0 0 0]
 [0 5 0 0 4 2 0 9 0]
 [0 0 0 0 0 3 6 0 4]
 [0 0 4 7 0 0 0 0 0]
 [3 0 0 0 0 0 0 0 8]
 [0 0 0 0 9 0 0 1 5]
 [0 0 8 6 3 0 0 0 0]]
Solution:
[[6 5 0 8 9 0 4 1 0]
 [8 0 7 2 4 1 0 9 3]
 [4 9 1 6 7 3 2 5 8]
 [0 0 3 0 1 9 6 7 4]
 [9 8 2 7 5 6 1 0 0]
 [1 7 4 0 0 8 5 3 2]
 [0 4 9 5 3 2 0 8 1]
 [7 2 0 9 8 4 3 6 5]
 [5 6 8 1 0 0 9 4 7]]
Number of cells unfilled: 17
Accuracy: 79.01234567901234
Sample: 94957
Question:
[[2 0 0 7 0 1 0 9 0]
 [0 0 0 0 0 0 0 5 0]
 [0 0 0 0 4 0 7 0 0]
 [0 8 3 9 6 0 0 2 0]
 [9 0 0 0 0 7 5 0 3]
 [0 0 6 0 0 0 0 0 1]
 [6 0 0 0 9 0 0 0 0]
 [0 0 8 4 0 3 0 0 0]
 [0 7 0 0 0 6 0 0 0]]
Solution:
[[6 5 7 8 9 0 4 1 0]
 [8 0 0 2 4 1 7 5 3]
 [4 9 1 6 5 3 2 0 8]
 [0 0 3 0 1 5 6 7 4]
 [9 8 2 7 0 6 1 0 0]
 [1 7 6 4 2 8 5 3 9]
 [7 4 9 5 3 2 0 8 1]
 [0 2 0 9 8 4 3 6 5]
 [5 6 8 1 0 0 9 4 7]]
Number of cells unfilled: 16
Accuracy: 80.24691358024691
Sample: 94958
Question:
[[0 0 0 0 0 7 0 1 2]
 [0 0 0 0 0 0 7 4 0]
 [2 1 0 0 3 6 0 0 0]
 [0 5 0 1 0 0 0 6 0]
 [0 3 4 0 0 2 0 0 9]
 [0 7 9 6 0 8 5 0 3]
 [0 0 0 0 0 0 8 9 0]
 [3 4 8 5 0 0 6 0 0]
 [5 9 0 0 7 1 0 0 4]]
Solution:
[[6 5 7 8 9 0 4 1 0]
 [8 0 0 2 4 1 7 9 3]
 [4 9 1 6 7 3 2 5 8]
 [0 0 3 0 1 8 6 7 4]
 [9 8 2 7 5 6 1 0 0]
 [1 7 6 4 0 9 5 3 2]
 [0 4 9 5 3 2 0 8 1]
 [7 2 0 9 8 4 3 6 5]
 [5 6 8 1 0 0 9 4 7]]
Number of cells unfilled: 15
Accuracy: 81.48148148148148
Sample: 94959
Question:
[[0 1 0 0 0 5 3 0 0]
 [0 0 7 9 0 0 0 0 6]
 [2 0 0 0 0 3 0 0 0]
 [1 0 0 0 8 0 0 0 9]
 [0 0 8 0 0 0 7 0 0]
 [0 9 0 1 0 0 0 6 0]
 [4 0 0 0 0 1 0 0 0]
 [0 5 0 0 2 0 0 4 0]
 [0 0 1 6 0 0 0 0 7]]
Solution:
[[6 5 7 8 9 0 4 1 0]
 [8 0 0 2 4 7 0 5 3]
 [4 9 1 6 5 3 2 0 8]
 [0 0 3 0 1 5 6 7 4]
 [9 8 2 7 0 6 1 0 0]
 [1 7 4 0 8 9 5 3 2]
 [7 4 9 5 3 2 0 8 1]
 [0 2 0 9 7 4 3 6 5]
 [5 6 8 1 0 0 9 4 7]]
Number of cells unfilled: 18
Accuracy: 77.77777777777779
Sample: 94960
Question:
[[4 0 2 8 1 0 5 0 0]
 [0 1 0 0 0 4 0 7 0]
 [0 0 0 6 2 0 8 0 0]
 [1 0 4 9 5 2 0 3 6]
 [3 0 9 7 0 0 0 0 0]
 [0 0 0 0 0 0 0 0 4]
 [0 0 0 0 0 0 0 5 0]
 [0 7 0 3 6 0 0 9 0]
 [0 9 8 4 0 1 0 2 3]]
Solution:
[[6 5 0 8 9 7 4 1 0]
 [8 0 7 2 4 1 0 9 3]
 [4 9 1 6 5 3 2 0 0]
 [0 0 3 0 1 8 6 7 4]
 [9 8 2 7 0 6 1 0 0]
 [1 7 6 4 2 9 5 3 8]
 [0 4 9 5 3 2 0 8 1]
 [7 2 0 9 8 4 3 6 5]
 [5 6 8 1 0 0 9 4 7]]
Number of cells unfilled: 17
Accuracy: 79.01234567901234
Sample: 94961
Question:
[[8 7 0 0 2 0 0 6 0]
 [0 0 0 0 0 4 7 0 0]
 [0 0 0 6 0 0 8 0 0]
 [0 3 0 0 0 0 0 5 0]
 [1 0 0 0 0 0 0 0 3]
 [5 8 0 0 3 0 2 0 0]
 [2 5 0 0 6 0 0 0 7]
 [0 6 0 9 0 0 0 2 0]
 [0 0 1 0 0 2 6 0 0]]
Solution:
[[6 5 0 8 9 7 4 1 0]
 [8 0 7 2 4 1 0 9 3]
 [4 9 1 6 5 3 2 0 8]
 [0 0 3 0 1 9 6 7 4]
 [9 8 2 7 0 6 1 0 0]
 [1 7 6 4 2 8 5 3 9]
 [7 4 9 5 3 2 0 8 1]
 [0 2 0 9 8 4 3 6 5]
 [5 6 8 1 0 0 9 4 7]]
Number of cells unfilled: 16
Accuracy: 80.24691358024691
Sample: 94962
Question:
[[0 0 0 0 0 1 0 8 0]
 [4 0 0 0 0 0 0 0 6]
 [0 5 0 0 0 0 0 0 0]
 [6 0 0 0 0 0 0 0 5]
 [9 0 0 4 0 3 0 0 0]
 [0 0 0 0 0 0 0 1 0]
 [0 0 0 2 0 0 9 0 4]
 [0 0 0 0 0 0 0 0 0]
 [0 1 8 0 0 7 0 0 0]]
Solution:
[[6 5 7 8 9 0 4 1 0]
 [8 0 0 2 4 1 7 9 3]
 [4 9 1 6 7 3 2 5 8]
 [0 0 3 0 1 9 6 7 4]
 [9 8 2 7 5 6 1 0 0]
 [1 7 4 0 2 8 5 3 9]
 [0 4 9 5 3 2 0 8 1]
 [7 2 0 9 8 4 3 6 5]
 [5 6 8 1 0 0 9 4 7]]
Number of cells unfilled: 15
Accuracy: 81.48148148148148
Sample: 94963
Question:
[[0 0 8 5 0 0 0 0 3]
 [0 3 0 0 0 0 2 0 0]
 [0 0 0 0 3 0 0 7 0]
 [0 7 0 0 2 0 0 0 8]
 [0 0 6 8 0 0 0 0 0]
 [8 0 0 4 0 0 0 0 0]
 [0 0 0 0 5 0 1 0 2]
 [0 5 0 0 8 0 0 6 7]
 [9 0 0 6 0 1 0 0 0]]
Solution:
[[6 5 0 8 9 7 4 1 0]
 [8 0 7 2 4 1 0 5 3]
 [4 9 1 6 5 3 2 0 8]
 [0 0 3 0 1 5 6 7 4]
 [9 8 2 7 0 6 1 0 0]
 [1 7 6 4 8 9 5 3 2]
 [7 4 9 5 3 2 0 8 1]
 [0 2 0 9 7 4 3 6 5]
 [5 6 8 1 0 0 9 4 7]]
Number of cells unfilled: 16
Accuracy: 80.24691358024691
Sample: 94964
Question:
[[0 0 6 0 4 0 0 0 5]
 [0 1 0 0 0 0 0 0 0]
 [0 0 2 0 0 7 0 0 1]
 [0 2 0 8 0 0 0 0 4]
 [0 7 0 0 0 3 8 0 0]
 [0 0 0 0 0 0 9 3 0]
 [0 0 0 0 0 1 0 0 7]
 [9 6 0 0 0 0 0 1 3]
 [4 0 0 0 0 0 0 2 9]]
Solution:
[[6 5 7 8 9 0 4 1 0]
 [8 0 0 2 4 5 7 9 3]
 [4 9 1 6 7 3 2 5 8]
 [0 0 3 0 1 9 6 7 4]
 [9 8 2 7 5 6 1 0 0]
 [1 7 4 0 0 8 5 3 2]
 [7 4 9 5 3 2 0 8 1]
 [0 2 0 9 8 4 3 6 5]
 [5 6 8 1 0 0 9 4 7]]
Number of cells unfilled: 16
Accuracy: 80.24691358024691
Sample: 94965
Question:
[[0 0 1 0 7 0 0 0 0]
 [2 0 0 0 0 0 0 8 5]
 [0 4 0 0 0 2 1 0 0]
 [0 0 0 3 6 0 0 0 4]
 [0 5 0 0 0 0 0 7 0]
 [0 0 4 0 0 9 2 0 0]
 [0 1 8 0 9 0 0 0 3]
 [0 9 0 6 0 0 0 0 0]
 [4 0 0 0 0 8 9 0 0]]
Solution:
[[6 5 7 8 9 0 4 1 0]
 [8 0 0 2 4 7 0 9 3]
 [4 9 1 6 5 3 2 0 8]
 [0 0 3 0 1 5 6 7 4]
 [9 8 2 7 0 6 1 0 0]
 [1 7 6 4 2 8 5 3 9]
 [0 4 9 5 3 2 0 8 1]
 [7 2 0 9 8 4 3 6 5]
 [5 6 8 1 0 0 9 4 7]]
Number of cells unfilled: 17
Accuracy: 79.01234567901234
Sample: 94966
Question:
[[0 0 0 0 3 0 0 0 0]
 [0 2 0 0 0 8 0 0 5]
 [0 0 4 7 0 0 0 0 0]
 [0 8 0 6 0 0 0 9 0]
 [0 0 0 0 0 0 0 0 6]
 [6 0 5 0 0 9 2 8 0]
 [0 5 0 0 0 2 0 0 9]
 [0 0 1 0 0 0 3 0 0]
 [7 0 0 0 4 0 1 5 0]]
Solution:
[[6 5 7 8 9 0 4 1 0]
 [8 0 0 2 4 5 7 9 3]
 [4 9 1 6 7 3 2 5 8]
 [0 0 3 0 1 9 6 7 4]
 [9 8 2 7 5 6 1 0 0]
 [1 7 4 0 2 8 5 3 9]
 [0 4 9 5 3 2 0 8 1]
 [7 2 0 9 8 4 3 6 5]
 [5 6 8 1 0 0 9 4 7]]
Number of cells unfilled: 15
Accuracy: 81.48148148148148
Sample: 94967
Question:
[[2 9 5 0 4 0 0 7 8]
 [7 0 0 0 0 6 0 0 3]
 [0 0 0 0 0 2 0 5 0]
 [0 0 0 6 0 0 5 0 0]
 [0 0 9 0 0 0 0 0 0]
 [0 8 0 0 0 0 1 3 0]
 [0 0 7 0 0 1 3 0 5]
 [0 0 3 0 7 0 9 0 2]
 [0 4 0 2 0 0 0 0 0]]
Solution:
[[6 5 7 8 9 0 4 1 0]
 [8 0 0 2 4 1 7 9 3]
 [4 9 1 6 5 3 2 0 8]
 [0 0 3 0 1 5 6 7 4]
 [9 8 2 7 0 6 1 0 0]
 [1 7 6 4 2 8 5 3 9]
 [7 4 9 5 3 2 0 8 1]
 [0 2 0 9 7 4 3 6 5]
 [5 6 8 1 0 0 9 4 7]]
Number of cells unfilled: 16
Accuracy: 80.24691358024691
Sample: 94968
Question:
[[0 0 8 0 9 0 0 0 3]
 [6 0 5 0 0 1 2 9 0]
 [0 0 0 0 0 0 0 0 0]
 [5 0 0 0 0 7 0 0 6]
 [7 0 0 0 8 0 9 0 0]
 [1 0 0 9 5 0 0 8 0]
 [0 0 0 0 0 8 0 2 0]
 [0 0 0 3 0 4 5 0 0]
 [0 7 4 0 0 0 6 0 0]]
Solution:
[[6 5 7 8 9 0 4 1 0]
 [8 0 0 2 4 5 7 9 3]
 [4 9 1 6 7 3 2 5 8]
 [0 0 3 0 1 9 6 7 4]
 [9 8 2 7 5 6 1 0 0]
 [1 7 6 4 2 8 5 3 9]
 [7 4 9 5 3 2 0 8 1]
 [0 2 0 9 8 4 3 6 5]
 [5 6 8 1 0 0 9 4 7]]
Number of cells unfilled: 14
Accuracy: 82.71604938271605
Sample: 94969
Question:
[[0 5 0 4 0 0 0 0 2]
 [2 0 0 0 0 7 9 0 0]
 [0 0 0 0 0 0 0 1 0]
 [0 0 7 0 6 0 8 0 0]
 [0 6 0 8 0 0 0 0 1]
 [8 0 0 0 0 3 0 9 0]
 [6 0 0 0 0 8 1 0 0]
 [0 0 3 0 2 0 0 0 9]
 [0 4 0 5 0 0 0 3 0]]
Solution:
[[6 5 7 8 9 0 4 1 0]
 [8 0 0 2 4 1 7 9 3]
 [4 9 1 6 7 3 2 5 8]
 [0 0 3 0 1 9 6 7 4]
 [9 8 2 7 5 6 1 0 0]
 [1 7 4 0 0 8 5 3 2]
 [0 4 9 5 3 2 0 8 1]
 [7 2 0 9 8 4 3 6 5]
 [5 6 8 1 0 0 9 4 7]]
Number of cells unfilled: 16
Accuracy: 80.24691358024691
Sample: 94970
Question:
[[0 0 0 2 0 0 0 0 9]
 [9 0 0 0 5 4 0 0 0]
 [0 0 0 0 6 9 0 4 0]
 [6 0 0 4 0 0 0 5 0]
 [0 0 3 0 8 0 0 0 0]
 [0 7 0 0 0 6 1 0 0]
 [0 1 0 0 0 0 7 0 0]
 [0 0 2 0 0 3 0 0 8]
 [4 0 0 6 0 0 0 2 0]]
Solution:
[[6 5 7 8 9 0 4 1 0]
 [8 0 0 2 4 7 0 5 3]
 [4 9 1 6 5 3 2 0 0]
 [0 0 3 0 1 5 6 7 4]
 [9 8 2 7 0 6 1 0 0]
 [1 7 4 0 2 9 5 3 8]
 [7 4 9 5 3 2 0 8 1]
 [0 2 0 9 8 4 3 6 5]
 [5 6 8 1 0 0 9 4 7]]
Number of cells unfilled: 19
Accuracy: 76.5432098765432
Sample: 94971
Question:
[[0 0 0 5 0 8 7 0 0]
 [0 0 0 0 4 3 0 0 0]
 [0 0 9 0 0 0 1 0 0]
 [0 0 6 0 0 0 8 3 0]
 [5 0 4 0 0 0 0 0 0]
 [0 9 0 0 1 0 0 0 0]
 [0 3 0 7 0 0 0 0 2]
 [0 0 1 0 2 0 0 0 0]
 [2 8 0 3 0 0 0 4 1]]
Solution:
[[6 5 7 8 9 0 4 1 0]
 [8 0 0 2 4 1 7 9 3]
 [4 9 1 6 5 3 2 0 8]
 [0 0 3 0 1 5 6 7 4]
 [9 8 2 7 0 6 1 0 0]
 [1 7 4 0 8 0 5 3 9]
 [7 4 9 5 3 2 0 8 1]
 [0 2 0 9 7 4 3 6 5]
 [5 6 8 1 0 0 9 4 7]]
Number of cells unfilled: 18
Accuracy: 77.77777777777779
Sample: 94972
Question:
[[0 8 0 5 0 6 0 0 0]
 [0 0 0 0 1 0 0 9 0]
 [6 0 0 0 2 4 0 0 1]
 [3 4 0 2 7 0 0 8 0]
 [5 7 0 9 0 0 3 0 0]
 [1 0 0 0 0 0 0 0 0]
 [0 0 0 0 5 0 0 0 4]
 [0 1 0 0 0 0 9 5 0]
 [0 0 0 0 0 9 8 0 3]]
Solution:
[[6 5 7 8 9 0 4 1 0]
 [8 0 0 2 4 1 7 9 3]
 [4 9 1 6 5 3 2 0 8]
 [0 0 3 0 1 5 6 7 4]
 [9 8 2 7 0 6 1 0 0]
 [1 7 6 4 0 8 5 3 2]
 [0 4 9 5 3 2 0 8 1]
 [7 2 0 9 8 4 3 6 5]
 [5 6 8 1 0 0 9 4 7]]
Number of cells unfilled: 17
Accuracy: 79.01234567901234
Sample: 94973
Question:
[[0 0 0 0 0 5 9 0 2]
 [0 0 0 8 0 0 0 6 1]
 [0 0 1 9 0 2 7 0 5]
 [0 0 0 0 5 7 4 0 0]
 [4 0 0 0 0 0 0 0 0]
 [1 2 0 0 0 8 0 0 7]
 [3 8 0 0 0 0 0 1 0]
 [0 4 0 3 2 0 0 0 0]
 [0 0 6 0 0 0 0 0 0]]
Solution:
[[6 5 0 8 9 7 4 1 0]
 [8 0 7 2 4 1 0 9 3]
 [4 9 1 6 5 3 2 0 8]
 [0 0 3 0 1 9 6 7 4]
 [9 8 2 7 0 6 1 0 0]
 [1 7 4 0 2 8 5 3 9]
 [0 4 9 5 3 2 0 8 1]
 [7 2 0 9 8 4 3 6 5]
 [5 6 8 1 0 0 9 4 7]]
Number of cells unfilled: 17
Accuracy: 79.01234567901234
Sample: 94974
Question:
[[0 0 3 0 7 0 9 0 0]
 [8 0 0 1 0 0 0 4 0]
 [0 0 6 0 2 0 0 0 8]
 [1 0 0 0 4 0 0 2 0]
 [0 0 0 2 0 0 0 0 7]
 [0 2 8 0 0 0 0 0 0]
 [0 8 0 0 5 0 0 1 0]
 [0 0 0 0 0 9 3 0 0]
 [6 0 0 4 0 0 0 0 5]]
Solution:
[[6 5 7 8 9 0 4 1 0]
 [8 0 0 2 4 1 7 9 3]
 [4 9 1 6 5 3 2 0 0]
 [0 0 3 0 1 8 6 7 4]
 [9 8 2 7 0 6 1 0 0]
 [1 7 4 0 2 9 5 3 8]
 [0 4 9 5 3 2 0 8 1]
 [7 2 0 9 8 4 3 6 5]
 [5 6 8 1 0 0 9 4 7]]
Number of cells unfilled: 18
Accuracy: 77.77777777777779
Sample: 94975
Question:
[[0 0 0 0 2 9 0 0 6]
 [1 0 0 0 0 6 4 0 0]
 [0 0 0 1 0 7 0 0 8]
 [0 1 5 0 0 0 9 0 0]
 [0 9 8 0 0 1 0 6 3]
 [4 0 3 9 0 0 7 0 0]
 [2 0 0 0 0 0 0 0 0]
 [5 0 1 0 0 0 0 0 0]
 [0 0 9 0 3 0 0 5 0]]
Solution:
[[6 5 7 8 9 0 4 1 0]
 [8 0 0 2 4 1 7 9 3]
 [4 9 1 6 7 3 2 5 8]
 [0 0 3 0 1 9 6 7 4]
 [9 8 2 7 5 6 1 0 0]
 [1 7 4 0 0 8 5 3 2]
 [0 4 9 5 3 2 0 8 1]
 [7 2 0 9 8 4 3 6 5]
 [5 6 8 1 0 0 9 4 7]]
Number of cells unfilled: 16
Accuracy: 80.24691358024691
Sample: 94976
Question:
[[0 0 0 0 5 0 0 0 4]
 [0 0 6 0 0 0 0 7 3]
 [9 4 0 7 0 3 1 6 0]
 [0 0 3 0 6 1 8 0 0]
 [0 0 7 0 0 0 2 3 0]
 [1 0 0 0 0 0 6 0 0]
 [0 7 0 2 9 0 0 0 8]
 [0 0 0 0 0 0 0 0 0]
 [0 0 8 0 1 0 7 0 0]]
Solution:
[[6 5 7 8 9 0 4 1 0]
 [8 0 0 2 4 5 7 9 3]
 [4 9 1 6 7 3 2 5 8]
 [0 0 3 0 1 9 6 7 4]
 [9 8 2 7 5 6 1 0 0]
 [1 7 6 4 0 8 5 3 2]
 [0 4 9 5 3 2 0 8 1]
 [7 2 0 9 8 4 3 6 5]
 [5 6 8 1 0 0 9 4 7]]
Number of cells unfilled: 15
Accuracy: 81.48148148148148
Sample: 94977
Question:
[[0 0 6 0 5 0 0 0 4]
 [2 0 0 6 0 0 0 3 0]
 [0 9 0 0 0 1 0 0 0]
 [9 0 0 2 0 0 0 0 3]
 [0 0 3 0 6 0 0 5 0]
 [0 7 0 0 0 0 1 0 0]
 [0 4 0 0 9 0 0 8 0]
 [0 0 9 8 0 0 0 0 5]
 [8 0 0 0 0 3 7 0 0]]
Solution:
[[6 5 7 8 9 0 4 1 0]
 [8 0 0 2 4 1 7 9 3]
 [4 9 1 6 5 3 2 0 8]
 [0 0 3 0 1 5 6 7 4]
 [9 8 2 7 0 6 1 0 0]
 [1 7 6 4 8 9 5 3 2]
 [7 4 9 5 3 2 0 8 1]
 [0 2 0 9 7 4 3 6 5]
 [5 6 8 1 0 0 9 4 7]]
Number of cells unfilled: 16
Accuracy: 80.24691358024691
Sample: 94978
Question:
[[0 2 0 0 0 9 0 0 1]
 [0 7 3 0 0 0 0 6 0]
 [9 0 0 0 0 0 0 4 7]
 [2 0 0 8 0 0 0 9 0]
 [4 0 0 0 0 0 0 0 0]
 [0 3 0 0 5 2 0 0 0]
 [0 0 0 3 0 1 0 0 8]
 [0 0 0 0 6 7 1 0 0]
 [0 1 0 0 0 0 6 7 5]]
Solution:
[[6 5 0 8 9 0 4 1 0]
 [8 0 7 2 4 5 0 9 3]
 [4 9 1 6 7 3 2 5 8]
 [0 0 3 0 1 9 6 7 4]
 [9 8 2 7 5 6 1 0 0]
 [1 7 6 4 2 8 5 3 9]
 [0 4 9 5 3 2 0 8 1]
 [7 2 0 9 8 4 3 6 5]
 [5 6 8 1 0 0 9 4 7]]
Number of cells unfilled: 15
Accuracy: 81.48148148148148
Sample: 94979
Question:
[[0 0 4 0 0 0 0 0 0]
 [0 0 1 0 9 0 0 0 2]
 [0 3 0 2 0 0 7 0 0]
 [0 0 0 0 2 0 0 6 0]
 [5 1 0 0 0 0 0 0 3]
 [0 0 8 0 0 1 0 2 0]
 [1 6 0 5 0 0 0 0 8]
 [0 8 3 0 1 4 0 0 0]
 [0 7 0 0 0 0 0 0 9]]
Solution:
[[6 5 0 8 9 0 7 1 0]
 [8 0 7 2 4 1 0 9 3]
 [4 9 1 6 7 3 2 5 8]
 [0 0 3 0 1 9 6 7 4]
 [9 8 2 7 5 6 1 0 0]
 [1 7 6 4 2 8 5 3 9]
 [0 4 9 5 3 2 0 8 1]
 [7 2 0 9 8 4 3 6 5]
 [5 6 8 1 0 0 9 4 7]]
Number of cells unfilled: 15
Accuracy: 81.48148148148148
Sample: 94980
Question:
[[0 3 0 6 0 0 0 0 2]
 [0 0 6 0 0 5 0 8 0]
 [1 0 0 0 7 0 9 6 0]
 [0 0 7 5 0 0 0 4 0]
 [0 5 0 0 4 8 0 0 7]
 [0 0 0 0 3 0 0 0 0]
 [0 0 4 0 0 2 0 3 0]
 [0 6 0 0 0 0 0 0 8]
 [9 0 0 0 0 0 1 0 0]]
Solution:
[[6 5 7 8 9 0 4 1 0]
 [8 0 0 2 4 7 0 9 3]
 [4 9 1 6 5 3 2 0 8]
 [0 0 3 0 1 5 6 7 4]
 [9 8 2 7 0 6 1 0 0]
 [1 7 6 4 8 9 5 3 2]
 [7 4 9 5 3 2 0 8 1]
 [0 2 0 9 7 4 3 6 5]
 [5 6 8 1 0 0 9 4 7]]
Number of cells unfilled: 17
Accuracy: 79.01234567901234
Sample: 94981
Question:
[[0 2 6 0 9 0 0 8 0]
 [0 0 0 2 8 0 9 0 0]
 [0 0 0 0 3 0 7 0 0]
 [0 0 2 0 7 0 5 0 0]
 [7 6 4 0 0 0 0 0 0]
 [0 1 0 4 0 0 6 9 0]
 [0 0 9 3 0 0 0 1 0]
 [4 0 0 0 0 0 0 0 0]
 [0 0 1 9 0 0 4 0 5]]
Solution:
[[6 5 7 8 9 0 4 1 0]
 [8 0 0 2 4 5 7 9 3]
 [4 9 1 6 7 3 2 5 8]
 [0 0 3 0 1 8 6 7 4]
 [9 8 2 7 5 6 1 0 0]
 [1 7 4 0 0 9 5 3 2]
 [0 4 9 5 3 2 0 8 1]
 [7 2 0 9 8 4 3 6 5]
 [5 6 8 1 0 0 9 4 7]]
Number of cells unfilled: 16
Accuracy: 80.24691358024691
Sample: 94982
Question:
[[0 0 7 0 0 0 0 5 0]
 [0 6 4 5 0 0 2 0 3]
 [0 0 5 0 0 0 0 1 4]
 [0 0 6 0 0 2 4 9 8]
 [0 0 0 1 0 0 0 3 0]
 [0 0 0 0 6 0 0 0 0]
 [0 0 0 3 0 0 8 4 0]
 [0 0 0 2 8 1 0 0 0]
 [0 3 0 4 7 0 0 0 2]]
Solution:
[[6 5 7 8 9 0 4 1 0]
 [8 0 0 2 4 5 7 9 3]
 [4 9 1 6 7 3 2 5 8]
 [0 0 3 0 1 9 6 7 4]
 [9 8 2 7 5 6 1 0 0]
 [1 7 6 4 2 8 5 3 9]
 [7 4 9 5 3 2 0 8 1]
 [0 2 0 9 8 4 3 6 5]
 [5 6 8 1 0 0 9 4 7]]
Number of cells unfilled: 14
Accuracy: 82.71604938271605
Sample: 94983
Question:
[[5 0 0 0 1 0 0 4 0]
 [0 0 0 0 5 0 0 0 6]
 [3 0 0 0 0 2 0 0 0]
 [6 0 1 0 3 0 4 8 0]
 [0 8 0 0 0 5 0 0 0]
 [0 0 0 1 0 8 0 0 2]
 [0 0 7 0 4 0 2 0 0]
 [0 0 3 8 0 0 9 0 0]
 [0 0 0 0 9 0 0 1 7]]
Solution:
[[6 5 0 8 9 0 7 1 0]
 [8 0 7 2 4 1 0 9 3]
 [4 9 1 6 7 3 2 5 8]
 [0 0 3 0 1 8 6 7 4]
 [9 8 2 7 5 6 1 0 0]
 [1 7 4 0 0 9 5 3 2]
 [0 4 9 5 3 2 0 8 1]
 [7 2 0 9 8 4 3 6 5]
 [5 6 8 1 0 0 9 4 7]]
Number of cells unfilled: 17
Accuracy: 79.01234567901234
Sample: 94984
Question:
[[5 0 0 0 6 0 0 0 2]
 [1 0 0 0 0 5 0 8 0]
 [0 3 0 8 0 0 5 0 0]
 [0 4 0 0 0 8 0 0 0]
 [2 0 0 9 0 0 3 5 0]
 [0 0 0 0 7 0 0 0 6]
 [7 0 0 0 0 1 0 0 0]
 [0 0 3 0 0 0 2 0 0]
 [0 5 0 4 0 0 0 9 0]]
Solution:
[[6 5 7 8 9 0 4 1 0]
 [8 0 0 2 4 7 0 9 3]
 [4 9 1 6 5 3 2 0 0]
 [0 0 3 0 1 5 6 7 4]
 [9 8 2 7 0 6 1 0 0]
 [1 7 4 0 2 9 5 3 8]
 [0 4 9 5 3 2 0 8 1]
 [7 2 0 9 8 4 3 6 5]
 [5 6 8 1 0 0 9 4 7]]
Number of cells unfilled: 19
Accuracy: 76.5432098765432
Sample: 94985
Question:
[[0 9 5 0 0 0 1 0 7]
 [3 0 0 0 0 2 0 0 4]
 [0 7 0 0 0 0 0 0 0]
 [0 0 9 1 7 0 3 0 0]
 [0 0 0 0 0 0 0 0 1]
 [5 0 0 0 4 3 0 7 6]
 [0 1 0 0 0 4 0 0 0]
 [4 8 0 0 3 0 2 0 0]
 [9 0 0 8 0 0 0 0 0]]
Solution:
[[6 5 7 8 9 0 4 1 0]
 [8 0 0 2 4 7 0 5 3]
 [4 9 1 6 5 3 2 0 8]
 [0 0 3 0 1 9 6 7 4]
 [9 8 2 7 0 6 1 0 0]
 [1 7 6 4 2 8 5 3 9]
 [0 4 9 5 3 2 0 8 1]
 [7 2 0 9 8 4 3 6 5]
 [5 6 8 1 0 0 9 4 7]]
Number of cells unfilled: 17
Accuracy: 79.01234567901234
Sample: 94986
Question:
[[5 7 0 9 0 0 4 0 0]
 [0 0 0 0 0 0 0 3 0]
 [2 0 0 5 4 1 0 0 0]
 [0 0 0 6 0 0 5 0 0]
 [0 4 0 0 0 0 0 0 0]
 [0 0 0 0 3 0 0 6 4]
 [0 6 0 0 0 0 0 9 0]
 [0 9 0 7 0 0 0 0 0]
 [3 0 0 0 0 0 2 0 1]]
Solution:
[[6 5 7 8 9 0 4 1 0]
 [8 0 0 2 4 1 7 9 3]
 [4 9 1 6 5 3 2 0 0]
 [0 0 3 0 1 8 6 7 4]
 [9 8 2 7 0 6 1 0 0]
 [1 7 6 4 2 9 5 3 8]
 [7 4 9 5 3 2 0 8 1]
 [0 2 0 9 7 4 3 6 5]
 [5 6 8 1 0 0 9 4 7]]
Number of cells unfilled: 17
Accuracy: 79.01234567901234
Sample: 94987
Question:
[[0 4 0 8 0 0 0 0 5]
 [0 2 6 5 3 0 0 1 0]
 [0 5 0 0 7 9 4 0 0]
 [0 9 0 1 0 0 6 7 0]
 [0 0 1 0 0 0 0 9 0]
 [0 0 0 0 2 7 8 4 0]
 [5 7 0 0 1 0 0 2 8]
 [0 3 0 0 0 2 0 0 0]
 [4 0 0 3 8 0 0 0 9]]
Solution:
[[6 5 7 8 9 0 4 1 0]
 [8 0 0 2 4 5 7 9 3]
 [4 9 1 6 7 3 2 5 8]
 [0 0 3 0 1 9 6 7 4]
 [9 8 2 7 5 6 1 0 0]
 [1 7 6 4 2 8 5 3 9]
 [0 4 9 5 3 2 0 8 1]
 [7 2 0 9 8 4 3 6 5]
 [5 6 8 1 0 0 9 4 7]]
Number of cells unfilled: 14
Accuracy: 82.71604938271605
Sample: 94988
Question:
[[0 5 0 0 9 0 8 0 0]
 [0 0 2 0 0 0 0 0 0]
 [6 0 0 2 0 5 0 0 0]
 [0 6 0 0 4 0 5 0 0]
 [0 0 0 0 0 0 0 3 7]
 [3 0 0 0 0 7 0 0 6]
 [5 0 0 0 0 1 6 0 0]
 [4 0 6 0 5 0 0 0 8]
 [0 1 0 9 0 0 0 0 0]]
Solution:
[[6 5 7 8 9 0 4 1 0]
 [8 0 0 2 4 1 7 9 3]
 [4 9 1 6 7 3 2 5 8]
 [0 0 3 0 1 9 6 7 4]
 [9 8 2 7 5 6 1 0 0]
 [1 7 6 4 0 8 5 3 2]
 [0 4 9 5 3 2 0 8 1]
 [7 2 0 9 8 4 3 6 5]
 [5 6 8 1 0 0 9 4 7]]
Number of cells unfilled: 15
Accuracy: 81.48148148148148
Sample: 94989
Question:
[[0 6 0 0 0 0 0 0 1]
 [7 0 0 0 0 1 5 0 0]
 [0 2 0 0 9 0 0 7 4]
 [2 0 0 0 0 4 0 0 7]
 [0 0 7 0 3 0 0 5 0]
 [0 0 6 0 0 0 2 0 0]
 [0 0 0 9 0 0 0 0 0]
 [8 0 0 0 0 7 0 1 0]
 [0 0 0 3 1 0 0 0 8]]
Solution:
[[6 5 7 8 9 0 4 1 0]
 [8 0 0 2 4 1 7 9 3]
 [4 9 1 6 7 3 2 5 8]
 [0 0 3 0 1 9 6 7 4]
 [9 8 2 7 5 6 1 0 0]
 [1 7 6 4 2 8 5 3 9]
 [7 4 9 5 3 2 0 8 1]
 [0 2 0 9 8 4 3 6 5]
 [5 6 8 1 0 0 9 4 7]]
Number of cells unfilled: 14
Accuracy: 82.71604938271605
Sample: 94990
Question:
[[8 0 0 0 1 0 9 0 0]
 [0 0 0 0 0 0 0 5 0]
 [0 5 9 0 0 0 0 0 1]
 [0 2 6 0 0 1 8 0 0]
 [0 0 8 0 2 0 0 0 4]
 [4 0 0 0 0 0 0 9 0]
 [2 0 0 0 8 0 6 0 0]
 [0 0 0 7 0 3 0 0 0]
 [0 0 7 0 0 2 0 0 3]]
Solution:
[[6 5 7 8 9 0 4 1 0]
 [8 0 0 2 4 1 7 9 3]
 [4 9 1 6 5 3 2 0 8]
 [0 0 3 0 1 5 6 7 4]
 [9 8 2 7 0 6 1 0 0]
 [1 7 4 0 2 8 5 3 9]
 [7 4 9 5 3 2 0 8 1]
 [0 2 0 9 8 4 3 6 5]
 [5 6 8 1 0 0 9 4 7]]
Number of cells unfilled: 17
Accuracy: 79.01234567901234
Sample: 94991
Question:
[[0 0 1 0 6 4 0 0 0]
 [0 7 0 8 0 0 3 0 0]
 [3 0 0 2 7 0 0 0 9]
 [0 9 6 0 0 0 0 0 2]
 [2 0 3 7 0 0 0 8 4]
 [0 0 0 5 9 0 1 0 0]
 [0 0 2 9 0 0 0 1 0]
 [4 6 0 0 0 5 0 0 3]
 [8 0 0 0 0 0 5 4 7]]
Solution:
[[6 5 7 8 9 0 4 1 0]
 [8 0 0 2 4 1 7 9 3]
 [4 9 1 6 7 3 2 5 8]
 [0 0 3 0 1 8 6 7 4]
 [9 8 2 7 5 6 1 0 0]
 [1 7 4 0 0 9 5 3 2]
 [0 4 9 5 3 2 0 8 1]
 [7 2 0 9 8 4 3 6 5]
 [5 6 8 1 0 0 9 4 7]]
Number of cells unfilled: 16
Accuracy: 80.24691358024691
Sample: 94992
Question:
[[0 9 0 0 0 0 0 3 2]
 [3 0 0 0 6 7 9 0 0]
 [0 0 0 2 0 0 4 7 0]
 [0 6 0 4 0 1 0 0 0]
 [0 0 0 0 0 9 0 0 0]
 [0 5 0 0 8 0 0 1 0]
 [6 0 0 8 0 0 0 0 0]
 [0 7 0 0 0 0 0 0 3]
 [0 0 3 0 7 0 0 8 4]]
Solution:
[[6 5 7 8 9 0 4 1 0]
 [8 0 0 2 4 1 7 5 3]
 [4 9 1 6 5 3 2 0 8]
 [0 0 3 0 1 5 6 7 4]
 [9 8 2 7 0 6 1 0 0]
 [1 7 6 4 8 0 5 3 9]
 [7 4 9 5 3 2 0 8 1]
 [0 2 0 9 7 4 3 6 5]
 [5 6 8 1 0 0 9 4 7]]
Number of cells unfilled: 17
Accuracy: 79.01234567901234
Sample: 94993
Question:
[[4 6 0 0 0 0 0 2 9]
 [7 0 0 8 0 0 0 0 0]
 [0 0 0 0 0 2 8 1 6]
 [0 0 0 0 0 5 0 0 0]
 [0 0 7 2 0 0 4 0 0]
 [0 5 0 9 0 6 0 8 0]
 [0 0 0 0 0 0 0 0 2]
 [0 0 4 5 8 0 0 0 0]
 [3 0 5 0 0 0 0 0 0]]
Solution:
[[6 5 7 8 9 0 4 1 0]
 [8 0 0 2 4 7 0 9 3]
 [4 9 1 6 5 3 2 0 0]
 [0 0 3 0 1 8 6 7 4]
 [9 8 2 7 0 6 1 0 0]
 [1 7 6 4 2 9 5 3 8]
 [0 4 9 5 3 2 0 8 1]
 [7 2 0 9 8 4 3 6 5]
 [5 6 8 1 0 0 9 4 7]]
Number of cells unfilled: 18
Accuracy: 77.77777777777779
Sample: 94994
Question:
[[0 8 0 0 0 0 0 3 0]
 [3 0 0 0 0 0 0 0 6]
 [0 0 1 9 0 0 7 0 0]
 [0 0 2 7 0 0 1 0 0]
 [0 4 0 0 6 0 0 9 0]
 [0 0 0 0 0 8 0 0 7]
 [4 0 0 0 0 2 5 0 0]
 [0 1 0 5 0 0 0 0 9]
 [0 0 5 0 4 0 0 7 0]]
Solution:
[[6 5 7 8 9 0 4 1 0]
 [8 0 0 2 4 7 0 9 3]
 [4 9 1 6 5 3 2 0 8]
 [0 0 3 0 1 5 6 7 4]
 [9 8 2 7 0 6 1 0 0]
 [1 7 6 4 0 8 5 3 2]
 [0 4 9 5 3 2 0 8 1]
 [7 2 0 9 8 4 3 6 5]
 [5 6 8 1 0 0 9 4 7]]
Number of cells unfilled: 18
Accuracy: 77.77777777777779
Sample: 94995
Question:
[[0 0 3 5 0 0 4 0 8]
 [0 5 0 0 0 0 3 0 9]
 [8 0 0 0 0 0 0 5 0]
 [0 8 0 4 0 0 0 9 0]
 [0 0 0 0 6 0 1 0 0]
 [0 0 7 0 0 2 0 0 0]
 [2 0 0 0 1 0 0 0 0]
 [0 0 6 0 0 7 0 0 0]
 [0 4 0 8 0 0 0 3 0]]
Solution:
[[6 5 7 8 9 0 4 1 0]
 [8 0 0 2 4 1 7 9 3]
 [4 9 1 6 5 3 2 0 8]
 [0 0 3 0 1 5 6 7 4]
 [9 8 2 7 0 6 1 0 0]
 [1 7 6 4 8 9 5 3 2]
 [7 4 9 5 3 2 0 8 1]
 [0 2 0 9 7 4 3 6 5]
 [5 6 8 1 0 0 9 4 7]]
Number of cells unfilled: 16
Accuracy: 80.24691358024691
Sample: 94996
Question:
[[0 7 0 0 5 0 4 0 0]
 [0 9 0 6 0 0 0 3 0]
 [0 0 1 0 0 2 0 0 7]
 [8 0 2 0 0 0 0 0 0]
 [0 1 0 0 0 9 0 0 8]
 [9 0 0 0 0 0 5 0 0]
 [0 0 0 4 0 0 0 6 0]
 [0 0 0 0 3 0 0 0 0]
 [1 0 0 0 0 7 0 0 2]]
Solution:
[[6 5 7 8 9 0 4 1 0]
 [8 0 0 2 4 7 0 9 3]
 [4 9 1 6 5 3 2 0 0]
 [0 0 3 0 1 8 6 7 4]
 [9 8 2 7 0 6 1 0 0]
 [1 7 6 4 2 9 5 3 8]
 [7 4 9 5 3 2 0 8 1]
 [0 2 0 9 8 4 3 6 5]
 [5 6 8 1 0 0 9 4 7]]
Number of cells unfilled: 18
Accuracy: 77.77777777777779
Sample: 94997
Question:
[[4 0 0 0 0 5 0 0 7]
 [9 6 0 0 0 0 4 8 0]
 [7 0 5 0 0 1 6 0 3]
 [5 1 0 2 0 0 9 0 0]
 [0 0 3 8 0 0 5 4 0]
 [0 0 0 6 0 0 0 3 0]
 [6 7 9 0 0 0 0 0 0]
 [0 0 0 0 4 3 8 0 0]
 [0 8 0 0 0 0 0 2 1]]
Solution:
[[6 5 7 8 9 0 4 1 0]
 [8 0 0 2 4 5 7 9 3]
 [4 9 1 6 7 3 2 5 8]
 [0 0 3 0 1 8 6 7 4]
 [9 8 2 7 5 6 1 0 0]
 [1 7 4 0 0 9 5 3 2]
 [7 4 9 5 3 2 0 8 1]
 [0 2 0 9 8 4 3 6 5]
 [5 6 8 1 0 0 9 4 7]]
Number of cells unfilled: 16
Accuracy: 80.24691358024691
Sample: 94998
Question:
[[0 0 0 2 0 0 0 1 0]
 [0 0 9 0 1 0 7 0 0]
 [0 0 0 0 7 8 0 0 4]
 [3 0 0 0 0 0 4 0 0]
 [0 0 1 7 0 0 0 5 0]
 [0 5 0 0 0 6 0 0 8]
 [2 0 0 5 0 0 3 0 0]
 [0 0 5 0 9 0 0 4 0]
 [0 6 0 0 0 7 0 0 5]]
Solution:
[[6 5 7 8 9 0 4 1 0]
 [8 0 0 2 4 5 7 9 3]
 [4 9 1 6 7 3 2 5 8]
 [0 0 3 0 1 9 6 7 4]
 [9 8 2 7 5 6 1 0 0]
 [1 7 6 4 2 8 5 3 9]
 [0 4 9 5 3 2 0 8 1]
 [7 2 0 9 8 4 3 6 5]
 [5 6 8 1 0 0 9 4 7]]
Number of cells unfilled: 14
Accuracy: 82.71604938271605
Sample: 94999
Question:
[[1 0 2 0 0 0 0 0 0]
 [7 0 0 5 0 3 0 2 0]
 [0 5 0 0 6 2 0 0 4]
 [0 1 0 0 4 9 0 0 0]
 [0 0 8 0 0 0 0 0 3]
 [0 0 6 0 5 0 0 7 1]
 [0 0 0 4 9 0 0 0 0]
 [3 9 1 0 0 0 0 0 0]
 [0 0 0 7 0 1 0 0 0]]
Solution:
[[6 5 7 8 9 0 4 1 0]
 [8 0 0 2 4 5 7 9 3]
 [4 9 1 6 7 3 2 5 8]
 [0 0 3 0 1 9 6 7 4]
 [9 8 2 7 5 6 1 0 0]
 [1 7 4 0 2 8 5 3 9]
 [0 4 9 5 3 2 0 8 1]
 [7 2 0 9 8 4 3 6 5]
 [5 6 8 1 0 0 9 4 7]]
Number of cells unfilled: 15
Accuracy: 81.48148148148148
Sample: 95000
Question:
[[6 0 0 8 9 0 0 1 0]
 [8 0 0 2 0 0 0 0 0]
 [0 0 0 0 0 0 2 0 0]
 [0 0 3 0 0 0 0 0 4]
 [9 8 0 7 0 6 0 0 0]
 [0 7 0 0 0 0 0 0 0]
 [0 0 9 0 0 2 0 8 1]
 [0 2 0 0 0 4 3 6 0]
 [5 6 0 1 0 0 0 0 7]]
Solution:
[[6 5 7 8 9 0 4 1 0]
 [8 0 0 2 4 5 7 9 3]
 [4 9 1 6 7 3 2 5 8]
 [0 0 3 0 1 9 6 7 4]
 [9 8 2 7 5 6 1 0 0]
 [1 7 6 4 2 8 5 3 9]
 [7 4 9 5 3 2 0 8 1]
 [0 2 0 9 8 4 3 6 5]
 [5 6 8 1 0 0 9 4 7]]
Number of cells unfilled: 14
Accuracy: 82.71604938271605
