2025-10-22 16:59:31.684286: I tensorflow/core/util/port.cc:153] oneDNN custom operations are on. You may see slightly different numerical results due to floating-point round-off errors from different computation orders. To turn them off, set the environment variable `TF_ENABLE_ONEDNN_OPTS=0`.
2025-10-22 16:59:31.817930: I tensorflow/core/platform/cpu_feature_guard.cc:210] This TensorFlow binary is optimized to use available CPU instructions in performance-critical operations.
To enable the following instructions: AVX2 AVX512F AVX512_VNNI FMA, in other operations, rebuild TensorFlow with the appropriate compiler flags.
2025-10-22 16:59:37.556516: I tensorflow/core/util/port.cc:153] oneDNN custom operations are on. You may see slightly different numerical results due to floating-point round-off errors from different computation orders. To turn them off, set the environment variable `TF_ENABLE_ONEDNN_OPTS=0`.
2025-10-22 16:59:43.605301: E external/local_xla/xla/stream_executor/cuda/cuda_platform.cc:51] failed call to cuInit: INTERNAL: CUDA error: Failed call to cuInit: UNKNOWN ERROR (303)
Sample: 95501
Question:
[[0 0 9 0 0 5 1 0 0]
 [2 0 0 0 8 0 0 6 0]
 [0 0 0 2 0 0 0 0 0]
 [0 3 0 9 5 0 4 0 0]
 [7 0 0 0 0 4 0 0 1]
 [0 0 4 0 0 0 0 5 0]
 [0 0 7 0 0 1 5 0 0]
 [0 6 0 5 0 0 0 0 3]
 [0 0 0 0 4 0 0 0 8]]
Solution:
[[0 5 4 6 7 8 1 2 9]
 [7 6 1 9 3 2 0 5 4]
 [3 8 9 4 1 0 0 0 6]
 [8 4 5 3 6 9 7 1 2]
 [2 9 6 7 5 4 8 3 0]
 [1 3 7 2 8 0 4 6 5]
 [6 1 2 8 0 5 9 4 3]
 [9 7 3 0 4 0 5 8 1]
 [4 0 8 1 9 6 2 7 0]]
Number of cells unfilled: 12
Accuracy: 85.18518518518519
Sample: 95502
Question:
[[0 0 0 2 0 0 0 0 7]
 [4 0 0 0 5 3 0 0 0]
 [0 0 1 0 8 0 3 6 5]
 [0 0 0 0 7 9 0 0 3]
 [6 0 0 0 0 0 9 0 0]
 [0 0 3 0 0 0 0 0 0]
 [3 0 0 0 0 8 4 0 0]
 [0 2 0 5 0 0 6 0 1]
 [1 0 0 0 0 0 0 0 9]]
Solution:
[[0 5 4 6 7 8 1 2 9]
 [7 6 1 9 3 2 0 5 4]
 [3 2 9 4 1 0 0 0 6]
 [8 4 5 3 6 9 7 1 2]
 [2 9 6 7 5 4 8 3 0]
 [1 3 7 2 8 0 4 6 5]
 [6 1 2 8 0 5 9 4 3]
 [9 0 3 0 4 7 5 8 1]
 [5 0 8 1 9 6 2 7 0]]
Number of cells unfilled: 12
Accuracy: 85.18518518518519
Sample: 95503
Question:
[[0 0 9 0 0 3 0 0 0]
 [1 0 0 5 0 0 3 0 0]
 [0 0 0 0 0 0 0 0 2]
 [0 8 0 6 0 0 0 0 0]
 [0 0 1 0 0 9 8 0 0]
 [9 0 0 0 0 0 0 6 5]
 [5 0 0 8 3 0 9 0 0]
 [0 0 7 0 4 0 0 0 0]
 [8 0 0 1 0 0 6 0 0]]
Solution:
[[0 5 4 6 7 8 3 2 9]
 [0 6 1 9 3 2 0 5 4]
 [3 7 9 4 1 0 0 0 6]
 [8 4 5 3 6 9 7 1 2]
 [2 9 6 7 5 4 8 3 0]
 [1 3 7 2 8 0 4 6 5]
 [7 1 2 8 0 5 9 4 3]
 [9 0 3 0 4 7 5 8 1]
 [5 0 8 1 9 6 2 7 0]]
Number of cells unfilled: 13
Accuracy: 83.9506172839506
Sample: 95504
Question:
[[9 0 0 0 0 0 0 0 0]
 [0 8 0 0 0 5 0 1 0]
 [0 0 1 0 6 0 0 4 0]
 [0 0 7 0 3 0 0 0 1]
 [0 0 0 0 0 0 3 7 0]
 [0 0 0 7 0 2 4 6 0]
 [5 0 0 9 0 0 0 0 0]
 [0 0 3 0 4 0 7 0 0]
 [0 2 0 0 0 8 0 0 0]]
Solution:
[[0 5 4 6 7 8 3 2 9]
 [0 6 1 9 3 2 0 5 4]
 [3 8 9 4 1 0 0 0 6]
 [8 4 5 3 6 9 7 1 2]
 [2 9 6 7 5 4 8 3 0]
 [1 3 7 2 8 0 4 6 5]
 [7 1 2 8 0 5 9 4 3]
 [9 0 3 0 4 7 5 8 1]
 [4 0 8 1 9 6 2 7 0]]
Number of cells unfilled: 13
Accuracy: 83.9506172839506
Sample: 95505
Question:
[[8 0 0 0 0 0 0 0 2]
 [3 2 0 6 0 5 0 0 0]
 [0 7 5 9 0 0 0 4 0]
 [5 0 1 0 0 8 0 0 6]
 [0 0 0 3 0 7 0 8 0]
 [0 0 0 0 6 0 0 0 0]
 [0 6 3 0 0 0 0 7 0]
 [0 4 0 0 0 0 9 5 0]
 [0 0 0 0 4 0 0 0 0]]
Solution:
[[0 5 4 6 7 8 1 2 9]
 [7 6 1 9 3 2 0 5 4]
 [3 8 9 4 1 0 0 0 6]
 [8 4 5 3 6 9 7 1 2]
 [2 9 6 7 5 4 8 3 0]
 [1 3 7 2 8 0 4 6 5]
 [6 1 2 8 0 5 9 4 3]
 [9 7 3 0 4 0 5 8 1]
 [4 0 8 1 2 6 0 7 0]]
Number of cells unfilled: 13
Accuracy: 83.9506172839506
Sample: 95506
Question:
[[0 0 1 0 7 0 0 6 0]
 [0 6 0 3 0 0 0 0 0]
 [7 0 5 0 0 0 3 0 0]
 [0 7 0 0 3 0 5 0 0]
 [0 5 0 0 8 2 7 0 6]
 [2 0 0 5 0 0 0 8 0]
 [0 0 0 0 0 9 0 0 4]
 [0 1 0 0 5 0 6 0 0]
 [0 0 0 8 0 0 0 0 0]]
Solution:
[[0 5 4 6 7 8 3 2 9]
 [0 6 1 9 3 2 0 5 4]
 [3 8 9 4 1 0 0 0 6]
 [8 4 5 3 6 9 7 1 2]
 [2 9 6 7 5 4 8 3 0]
 [1 3 7 2 8 0 4 6 5]
 [7 1 2 8 0 5 9 4 3]
 [9 0 3 0 4 7 5 8 1]
 [5 0 8 1 2 6 0 7 0]]
Number of cells unfilled: 14
Accuracy: 82.71604938271605
Sample: 95507
Question:
[[0 0 9 0 0 0 0 3 0]
 [0 3 0 5 0 0 0 0 0]
 [1 7 0 0 3 0 8 0 0]
 [0 0 0 0 0 9 0 0 8]
 [8 0 0 0 1 0 0 7 0]
 [0 4 7 2 0 0 0 0 0]
 [9 0 0 0 0 0 1 6 0]
 [0 0 4 0 0 0 7 0 0]
 [0 1 0 0 6 0 0 0 3]]
Solution:
[[0 5 4 6 7 8 1 2 9]
 [0 6 1 9 3 2 0 0 4]
 [3 7 9 4 1 0 0 5 6]
 [8 4 5 3 6 9 7 1 2]
 [2 9 6 7 5 4 8 3 0]
 [1 3 7 2 8 0 4 6 5]
 [7 1 2 8 0 5 9 4 3]
 [9 0 3 0 4 7 5 8 1]
 [5 0 8 1 2 6 0 7 0]]
Number of cells unfilled: 14
Accuracy: 82.71604938271605
Sample: 95508
Question:
[[1 0 0 0 0 0 2 3 0]
 [0 0 8 3 0 0 9 0 0]
 [0 0 0 0 0 1 0 0 8]
 [0 0 6 0 0 2 0 5 0]
 [2 0 0 1 0 0 0 0 3]
 [3 8 0 6 5 0 0 0 0]
 [0 0 0 0 0 6 0 0 0]
 [8 0 0 2 0 0 0 0 9]
 [0 7 0 0 4 0 0 2 0]]
Solution:
[[0 5 4 6 7 8 3 2 9]
 [7 6 1 9 3 2 0 5 4]
 [3 8 9 4 1 0 0 0 6]
 [8 4 5 3 6 9 7 1 2]
 [2 9 6 7 5 4 8 3 0]
 [1 3 7 2 8 0 4 6 5]
 [6 1 2 8 0 5 9 4 3]
 [9 7 3 0 4 0 5 8 1]
 [4 0 8 1 2 6 0 7 0]]
Number of cells unfilled: 13
Accuracy: 83.9506172839506
Sample: 95509
Question:
[[2 0 0 0 1 0 0 0 7]
 [0 8 0 2 0 0 0 1 0]
 [0 0 4 0 0 3 0 0 0]
 [0 0 0 0 8 0 2 0 9]
 [0 0 0 3 0 0 7 0 0]
 [9 0 0 0 7 2 0 6 0]
 [6 0 0 0 2 7 1 0 0]
 [0 0 5 0 0 6 0 0 0]
 [0 0 0 8 0 0 0 0 6]]
Solution:
[[0 5 4 6 7 8 3 2 9]
 [7 6 1 9 3 2 0 5 4]
 [3 8 9 4 1 0 0 0 6]
 [8 4 5 3 6 9 7 1 2]
 [2 9 6 7 5 4 8 3 0]
 [1 3 7 2 8 0 4 6 5]
 [6 1 2 8 0 5 9 4 3]
 [9 7 3 0 4 0 5 8 1]
 [4 0 8 1 9 6 2 7 0]]
Number of cells unfilled: 12
Accuracy: 85.18518518518519
Sample: 95510
Question:
[[4 7 0 0 0 3 0 0 0]
 [0 0 0 5 0 0 0 0 2]
 [5 0 2 0 1 0 7 0 0]
 [0 5 0 0 0 0 8 0 0]
 [8 0 0 0 0 9 0 0 0]
 [7 0 1 0 8 0 0 2 0]
 [0 0 0 0 0 0 6 1 0]
 [0 4 0 0 0 0 0 7 0]
 [1 0 7 0 6 0 0 0 8]]
Solution:
[[0 5 4 6 7 8 1 2 9]
 [0 6 1 9 3 2 0 5 4]
 [3 8 9 4 1 0 0 0 6]
 [8 4 5 3 6 9 7 1 2]
 [2 9 6 7 5 4 8 3 0]
 [1 3 7 2 8 0 4 6 5]
 [7 1 2 8 0 5 9 4 3]
 [9 0 3 0 4 7 5 8 1]
 [4 0 8 1 2 6 0 7 0]]
Number of cells unfilled: 14
Accuracy: 82.71604938271605
Sample: 95511
Question:
[[0 0 8 9 0 0 0 0 0]
 [5 0 2 0 0 0 0 7 0]
 [0 1 0 0 2 0 0 0 8]
 [0 0 0 0 0 6 0 0 0]
 [8 0 0 0 3 0 0 0 4]
 [0 3 0 1 0 4 7 0 0]
 [0 0 0 0 0 9 0 4 0]
 [1 0 0 0 0 0 6 0 0]
 [0 0 3 0 5 0 0 0 2]]
Solution:
[[0 5 4 6 7 8 1 2 9]
 [7 6 1 9 3 2 0 5 4]
 [3 8 9 4 1 0 0 0 6]
 [8 4 5 3 6 9 7 1 2]
 [2 9 6 7 5 4 8 3 0]
 [1 3 7 2 8 0 4 6 5]
 [6 1 2 8 0 5 9 4 3]
 [9 7 3 0 4 0 5 8 1]
 [5 0 8 1 9 6 2 7 0]]
Number of cells unfilled: 12
Accuracy: 85.18518518518519
Sample: 95512
Question:
[[0 0 4 0 0 0 0 0 0]
 [9 0 0 0 2 0 1 0 6]
 [0 3 0 1 0 0 0 7 0]
 [8 0 0 0 0 1 6 0 7]
 [0 0 0 2 8 0 0 5 0]
 [0 9 0 7 6 0 8 0 0]
 [1 0 0 8 0 0 7 0 2]
 [0 8 9 0 0 0 5 0 0]
 [0 0 0 0 0 0 0 0 0]]
Solution:
[[0 5 4 6 7 8 1 2 9]
 [0 6 1 9 3 2 0 0 4]
 [3 7 9 4 1 0 0 5 6]
 [8 4 5 3 6 9 7 1 2]
 [2 9 6 7 5 4 8 3 0]
 [1 3 7 2 8 0 4 6 5]
 [7 1 2 8 0 5 9 4 3]
 [9 0 3 0 4 7 5 8 1]
 [4 0 8 1 2 6 0 7 0]]
Number of cells unfilled: 14
Accuracy: 82.71604938271605
Sample: 95513
Question:
[[0 7 0 0 0 8 0 0 1]
 [6 0 4 9 0 0 0 0 0]
 [0 0 0 0 2 0 0 0 0]
 [0 5 0 0 0 7 0 1 0]
 [0 0 9 0 0 0 7 0 0]
 [0 0 0 0 6 0 0 0 3]
 [0 3 0 0 0 5 1 0 0]
 [0 0 0 4 0 0 0 3 0]
 [0 0 0 2 0 0 0 5 8]]
Solution:
[[0 5 4 6 7 8 3 2 9]
 [0 6 1 9 3 2 0 5 4]
 [3 7 9 4 1 0 0 0 6]
 [8 4 5 3 6 9 7 1 2]
 [2 9 6 7 5 4 8 3 0]
 [1 3 7 2 8 0 4 6 5]
 [7 1 2 8 0 5 9 4 3]
 [9 0 3 0 4 7 5 8 1]
 [4 0 8 1 2 6 0 7 0]]
Number of cells unfilled: 14
Accuracy: 82.71604938271605
Sample: 95514
Question:
[[0 0 6 0 0 7 0 2 0]
 [0 9 0 0 6 0 0 0 8]
 [3 0 0 0 0 0 6 0 0]
 [0 6 0 0 4 0 0 0 0]
 [8 0 2 0 0 0 4 0 3]
 [0 0 9 0 0 2 0 5 0]
 [0 0 0 7 2 0 0 1 0]
 [0 0 1 9 0 0 0 0 7]
 [0 0 0 0 0 1 5 0 0]]
Solution:
[[0 5 4 6 7 8 3 2 9]
 [0 6 1 9 3 2 0 0 4]
 [3 7 9 4 1 0 0 5 6]
 [8 4 5 3 6 9 7 1 2]
 [2 9 6 7 5 4 8 3 0]
 [1 3 7 2 8 0 4 6 5]
 [7 1 2 8 0 5 9 4 3]
 [9 0 3 0 4 7 5 8 1]
 [4 0 8 1 2 6 0 7 0]]
Number of cells unfilled: 14
Accuracy: 82.71604938271605
Sample: 95515
Question:
[[0 0 3 0 4 7 6 0 0]
 [4 0 0 1 0 0 0 0 0]
 [0 5 0 0 0 3 0 0 0]
 [0 0 2 0 0 0 0 6 0]
 [5 0 0 0 0 0 0 8 0]
 [0 3 0 0 7 2 5 0 0]
 [0 4 7 9 0 0 0 0 0]
 [0 0 0 0 0 0 0 0 6]
 [3 0 0 0 2 5 4 0 0]]
Solution:
[[0 5 4 6 7 8 1 2 9]
 [0 6 1 9 3 2 0 5 4]
 [3 2 9 4 1 0 0 0 6]
 [8 4 5 3 6 9 7 1 2]
 [2 9 6 7 5 4 8 3 0]
 [1 3 7 2 8 0 4 6 5]
 [7 1 2 8 0 5 9 4 3]
 [9 0 3 0 4 7 5 8 1]
 [4 0 8 1 2 6 0 7 0]]
Number of cells unfilled: 14
Accuracy: 82.71604938271605
Sample: 95516
Question:
[[7 0 0 2 0 0 0 0 4]
 [0 0 8 0 7 0 0 5 0]
 [0 9 0 0 3 0 7 0 0]
 [0 0 5 0 0 8 0 0 0]
 [9 0 0 0 6 0 4 0 0]
 [0 3 0 9 0 0 0 0 1]
 [0 0 0 0 0 3 6 0 0]
 [0 0 0 6 0 0 0 2 0]
 [1 0 0 0 9 0 0 0 7]]
Solution:
[[0 5 4 6 7 8 3 2 9]
 [7 6 1 9 3 2 0 5 4]
 [3 2 9 4 1 0 0 0 6]
 [8 4 5 3 6 9 7 1 2]
 [2 9 6 7 5 4 8 3 0]
 [1 3 7 2 8 0 4 6 5]
 [6 1 2 8 0 5 9 4 3]
 [9 7 3 0 4 0 5 8 1]
 [5 0 8 1 9 6 2 7 0]]
Number of cells unfilled: 12
Accuracy: 85.18518518518519
Sample: 95517
Question:
[[0 0 0 0 1 0 4 0 0]
 [0 5 0 0 0 6 0 0 9]
 [7 0 0 2 0 0 0 0 0]
 [0 0 3 5 0 0 0 2 0]
 [0 0 0 0 4 0 0 0 1]
 [0 0 0 0 0 9 6 0 0]
 [3 0 7 0 0 0 8 0 0]
 [0 0 8 0 0 0 0 0 6]
 [2 0 0 8 0 0 0 3 0]]
Solution:
[[0 5 4 6 7 8 1 2 9]
 [7 6 1 9 3 2 0 5 4]
 [3 8 9 4 1 0 0 0 6]
 [8 4 5 3 6 9 7 1 2]
 [2 9 6 7 5 4 8 3 0]
 [1 3 7 2 8 0 4 6 5]
 [6 1 2 8 0 5 9 4 3]
 [9 7 3 0 4 0 5 8 1]
 [5 0 8 1 2 6 0 7 0]]
Number of cells unfilled: 13
Accuracy: 83.9506172839506
Sample: 95518
Question:
[[8 0 0 0 0 0 0 0 0]
 [0 0 0 1 5 0 6 0 0]
 [0 0 5 0 0 4 0 7 1]
 [0 3 0 0 0 9 0 0 0]
 [0 0 0 0 0 7 0 0 0]
 [0 0 9 0 1 0 0 4 7]
 [0 2 0 0 0 0 0 9 0]
 [9 0 0 0 4 0 0 0 6]
 [0 0 4 9 0 0 0 1 5]]
Solution:
[[0 5 4 6 7 8 1 2 9]
 [0 6 1 9 3 2 0 5 4]
 [3 7 9 4 1 0 0 0 6]
 [8 4 5 3 6 9 7 1 2]
 [2 9 6 7 5 4 8 3 0]
 [1 3 7 2 8 0 4 6 5]
 [7 1 2 8 0 5 9 4 3]
 [9 0 3 0 4 7 5 8 1]
 [5 0 8 1 2 6 0 7 0]]
Number of cells unfilled: 14
Accuracy: 82.71604938271605
Sample: 95519
Question:
[[0 8 0 0 0 0 1 6 0]
 [0 0 6 0 7 0 0 5 3]
 [1 0 0 0 0 0 8 0 0]
 [0 0 1 0 0 6 5 0 0]
 [6 0 2 0 8 0 0 3 0]
 [0 3 0 4 0 0 0 7 0]
 [3 0 0 1 6 0 0 0 0]
 [0 0 0 0 3 0 0 0 5]
 [5 0 0 2 0 0 0 1 0]]
Solution:
[[0 5 4 6 7 8 1 2 9]
 [7 6 1 9 3 2 0 5 4]
 [3 2 9 4 1 0 0 0 6]
 [8 4 5 3 6 9 7 1 2]
 [2 9 6 7 5 4 8 3 0]
 [1 3 7 2 8 0 4 6 5]
 [6 1 2 8 0 5 9 4 3]
 [9 7 3 0 4 0 5 8 1]
 [4 0 8 1 2 6 0 7 0]]
Number of cells unfilled: 13
Accuracy: 83.9506172839506
Sample: 95520
Question:
[[4 0 0 0 0 0 0 0 0]
 [0 0 9 2 0 5 0 0 4]
 [0 6 5 0 0 1 0 0 9]
 [0 0 0 0 1 0 4 0 0]
 [0 0 1 7 0 0 0 0 2]
 [6 0 0 0 5 2 0 3 0]
 [0 0 7 0 2 0 0 0 5]
 [0 8 0 0 0 9 0 1 0]
 [0 0 0 0 0 7 0 0 0]]
Solution:
[[0 5 4 6 7 8 3 2 9]
 [0 6 1 9 3 2 0 0 4]
 [3 8 9 4 1 0 0 5 6]
 [8 4 5 3 6 9 7 1 2]
 [2 9 6 7 5 4 8 3 0]
 [1 3 7 2 8 0 4 6 5]
 [7 1 2 8 0 5 9 4 3]
 [9 0 3 0 4 7 5 8 1]
 [5 0 8 1 9 6 2 7 0]]
Number of cells unfilled: 13
Accuracy: 83.9506172839506
Sample: 95521
Question:
[[0 7 4 0 0 2 5 0 0]
 [0 0 3 1 0 0 0 0 0]
 [2 1 0 0 0 0 0 0 9]
 [0 3 2 0 0 7 9 0 0]
 [0 0 0 0 8 0 0 0 2]
 [0 0 0 0 0 0 0 6 0]
 [0 0 0 0 0 4 0 0 7]
 [0 4 7 3 0 0 0 5 0]
 [0 0 9 0 5 0 4 0 0]]
Solution:
[[0 5 4 6 7 8 3 2 9]
 [7 6 1 9 3 2 0 5 4]
 [3 8 9 4 1 0 0 0 6]
 [8 4 5 3 6 9 7 1 2]
 [2 9 6 7 5 4 8 3 0]
 [1 3 7 2 8 0 4 6 5]
 [6 1 2 8 0 5 9 4 3]
 [9 7 3 0 4 0 5 8 1]
 [4 0 8 1 9 6 2 7 0]]
Number of cells unfilled: 12
Accuracy: 85.18518518518519
Sample: 95522
Question:
[[3 0 6 0 5 0 0 2 0]
 [0 0 0 0 1 0 0 0 3]
 [0 0 1 3 0 0 5 6 0]
 [6 0 3 5 0 0 0 0 7]
 [0 0 2 0 0 3 0 4 0]
 [4 7 0 0 0 0 0 0 0]
 [0 0 0 0 9 0 0 0 0]
 [2 0 7 1 0 0 0 0 6]
 [0 0 0 0 0 7 8 0 0]]
Solution:
[[0 5 4 6 7 8 3 2 9]
 [7 6 1 9 3 2 0 5 4]
 [3 2 9 4 1 0 0 0 6]
 [8 4 5 3 6 9 7 1 2]
 [2 9 6 7 5 4 8 3 0]
 [1 3 7 2 8 0 4 6 5]
 [6 1 2 8 0 5 9 4 3]
 [9 7 3 0 4 0 5 8 1]
 [4 0 8 1 2 6 0 7 0]]
Number of cells unfilled: 13
Accuracy: 83.9506172839506
Sample: 95523
Question:
[[0 0 0 0 6 0 9 1 0]
 [0 0 0 0 9 8 0 4 0]
 [0 0 9 2 0 0 0 0 8]
 [0 5 0 0 0 0 0 0 0]
 [0 0 8 0 0 2 0 0 6]
 [3 0 0 0 7 0 1 0 0]
 [0 4 0 3 0 0 0 0 0]
 [5 0 3 0 0 6 0 9 0]
 [0 0 6 0 2 0 0 0 3]]
Solution:
[[0 5 4 6 7 8 1 2 9]
 [7 6 1 9 3 2 0 5 4]
 [3 8 9 4 1 0 0 0 6]
 [8 4 5 3 6 9 7 1 2]
 [2 9 6 7 5 4 8 3 0]
 [1 3 7 2 8 0 4 6 5]
 [6 1 2 8 0 5 9 4 3]
 [9 7 3 0 4 0 5 8 1]
 [4 0 8 1 9 6 2 7 0]]
Number of cells unfilled: 12
Accuracy: 85.18518518518519
Sample: 95524
Question:
[[0 1 0 7 0 0 0 2 0]
 [3 0 0 0 1 0 7 0 0]
 [0 0 7 0 0 6 3 0 0]
 [0 0 3 0 0 5 0 6 0]
 [8 0 0 0 4 0 0 0 0]
 [0 9 0 1 0 0 0 0 2]
 [0 3 0 0 0 0 0 0 9]
 [4 0 0 0 8 0 2 0 0]
 [0 0 2 0 0 1 0 5 0]]
Solution:
[[0 5 4 6 7 8 1 2 9]
 [0 6 1 9 3 2 0 0 4]
 [3 2 9 4 1 0 0 5 6]
 [8 4 5 3 6 9 7 1 2]
 [2 9 6 7 5 4 8 3 0]
 [1 3 7 2 8 0 4 6 5]
 [7 1 2 8 0 5 9 4 3]
 [9 0 3 0 4 7 5 8 1]
 [5 0 8 1 9 6 2 7 0]]
Number of cells unfilled: 13
Accuracy: 83.9506172839506
Sample: 95525
Question:
[[0 0 6 0 1 0 0 0 2]
 [0 0 1 2 6 0 0 0 0]
 [3 0 4 0 9 5 0 0 0]
 [0 0 0 0 0 0 6 0 0]
 [9 0 0 0 7 2 4 0 3]
 [0 0 0 3 4 0 0 0 7]
 [0 0 0 0 0 0 0 0 0]
 [0 3 0 0 0 1 9 5 4]
 [8 0 0 0 0 0 0 3 6]]
Solution:
[[0 5 4 6 7 8 3 2 9]
 [7 6 1 9 3 2 0 5 4]
 [3 2 9 4 1 0 0 0 6]
 [8 4 5 3 6 9 7 1 2]
 [2 9 6 7 5 4 8 3 0]
 [1 3 7 2 8 0 4 6 5]
 [6 1 2 8 0 5 9 4 3]
 [9 7 3 0 4 0 5 8 1]
 [4 0 8 1 2 6 0 7 0]]
Number of cells unfilled: 13
Accuracy: 83.9506172839506
Sample: 95526
Question:
[[1 0 0 5 0 0 0 0 6]
 [0 0 0 0 0 3 1 0 0]
 [0 0 9 0 0 1 2 5 0]
 [0 0 0 0 0 8 4 0 0]
 [4 0 0 7 0 0 0 1 0]
 [0 0 3 0 0 0 0 0 7]
 [6 0 0 2 0 0 5 0 0]
 [0 2 0 0 8 0 0 6 0]
 [0 0 4 0 9 0 0 0 0]]
Solution:
[[0 5 4 6 7 8 1 2 9]
 [0 6 1 9 3 2 0 5 4]
 [3 2 9 4 1 0 0 0 6]
 [8 4 5 3 6 9 7 1 2]
 [2 9 6 7 5 4 8 3 0]
 [1 3 7 2 8 0 4 6 5]
 [7 1 2 8 0 5 9 4 3]
 [9 0 3 0 4 7 5 8 1]
 [5 0 8 1 2 6 0 7 0]]
Number of cells unfilled: 14
Accuracy: 82.71604938271605
Sample: 95527
Question:
[[0 5 0 0 0 9 4 0 2]
 [0 0 4 0 1 0 0 0 0]
 [0 9 0 4 0 0 0 8 0]
 [5 0 0 0 8 0 0 3 0]
 [3 0 0 0 0 0 1 0 0]
 [0 2 0 0 0 7 0 0 9]
 [0 6 0 7 0 0 0 0 0]
 [0 0 2 0 5 0 0 0 6]
 [9 0 5 0 0 6 0 0 0]]
Solution:
[[0 5 4 6 7 8 1 2 9]
 [7 6 1 9 3 2 0 5 4]
 [3 2 9 4 1 0 0 0 6]
 [8 4 5 3 6 9 7 1 2]
 [2 9 6 7 5 4 8 3 0]
 [1 3 7 2 8 0 4 6 5]
 [6 1 2 8 0 5 9 4 3]
 [9 7 3 0 4 0 5 8 1]
 [5 0 8 1 9 6 2 7 0]]
Number of cells unfilled: 12
Accuracy: 85.18518518518519
Sample: 95528
Question:
[[7 0 0 0 0 6 0 0 0]
 [0 6 0 0 8 0 0 2 0]
 [8 0 9 0 0 0 6 0 0]
 [0 7 0 0 0 2 9 0 0]
 [0 0 5 0 1 0 0 0 0]
 [0 0 0 4 0 0 0 3 0]
 [1 0 0 5 2 0 0 0 0]
 [0 9 0 0 0 8 2 0 0]
 [0 0 6 0 3 0 0 0 4]]
Solution:
[[0 5 4 6 7 8 3 2 9]
 [7 6 1 9 3 2 0 5 4]
 [3 2 9 4 1 0 0 0 6]
 [8 4 5 3 6 9 7 1 2]
 [2 9 6 7 5 4 8 3 0]
 [1 3 7 2 8 0 4 6 5]
 [6 1 2 8 0 5 9 4 3]
 [9 7 3 0 4 0 5 8 1]
 [4 0 8 1 9 6 2 7 0]]
Number of cells unfilled: 12
Accuracy: 85.18518518518519
Sample: 95529
Question:
[[8 0 0 0 6 0 0 1 0]
 [1 7 0 0 0 0 0 0 6]
 [0 0 6 0 0 0 0 5 0]
 [0 0 8 0 5 0 0 0 7]
 [0 4 0 3 0 0 0 0 0]
 [0 0 0 0 0 9 0 2 0]
 [3 0 0 0 0 4 0 0 0]
 [0 6 0 2 0 0 9 0 0]
 [0 0 7 0 1 0 0 0 5]]
Solution:
[[0 5 4 6 7 8 1 2 9]
 [7 6 1 9 3 2 0 5 4]
 [3 8 9 4 1 0 0 0 6]
 [8 4 5 3 6 9 7 1 2]
 [2 9 6 7 5 4 8 3 0]
 [1 3 7 2 8 0 4 6 5]
 [6 1 2 8 0 5 9 4 3]
 [9 7 3 0 4 0 5 8 1]
 [5 0 8 1 2 6 0 7 0]]
Number of cells unfilled: 13
Accuracy: 83.9506172839506
Sample: 95530
Question:
[[9 0 0 0 0 1 0 0 0]
 [0 0 7 0 5 0 1 0 0]
 [5 0 0 6 0 0 0 0 4]
 [0 8 0 0 0 4 0 0 6]
 [0 0 0 0 7 0 5 0 0]
 [3 0 0 2 0 0 0 1 0]
 [6 0 0 0 0 9 0 0 1]
 [0 0 2 3 0 0 0 8 0]
 [0 5 0 0 0 0 3 0 0]]
Solution:
[[0 5 4 6 7 8 3 2 9]
 [7 6 1 9 3 2 0 5 4]
 [3 8 9 4 1 0 0 0 6]
 [8 4 5 3 6 9 7 1 2]
 [2 9 6 7 5 4 8 3 0]
 [1 3 7 2 8 0 4 6 5]
 [6 1 2 8 0 5 9 4 3]
 [9 7 3 0 4 0 5 8 1]
 [5 0 8 1 9 6 2 7 0]]
Number of cells unfilled: 12
Accuracy: 85.18518518518519
Sample: 95531
Question:
[[0 6 0 0 0 0 8 0 4]
 [0 8 0 2 0 3 0 5 0]
 [0 4 0 0 0 0 2 1 0]
 [0 0 0 8 0 0 9 0 0]
 [1 0 0 0 0 0 0 0 0]
 [9 0 2 0 0 0 0 0 1]
 [0 0 0 0 2 8 0 0 7]
 [0 0 0 0 5 0 0 9 0]
 [3 0 6 0 0 7 0 0 0]]
Solution:
[[0 5 4 6 7 8 3 2 9]
 [7 6 1 9 3 2 0 5 4]
 [3 2 9 4 1 0 0 0 6]
 [8 4 5 3 6 9 7 1 2]
 [2 9 6 7 5 4 8 3 0]
 [1 3 7 2 8 0 4 6 5]
 [6 1 2 8 0 5 9 4 3]
 [9 7 3 0 4 0 5 8 1]
 [4 0 8 1 9 6 2 7 0]]
Number of cells unfilled: 12
Accuracy: 85.18518518518519
Sample: 95532
Question:
[[5 0 0 1 6 0 4 9 2]
 [0 0 8 2 5 0 0 0 0]
 [0 0 4 0 0 0 0 0 1]
 [0 0 0 9 0 0 0 6 7]
 [8 0 1 0 0 7 0 0 0]
 [0 9 0 0 0 2 3 0 0]
 [0 0 5 0 0 3 0 0 6]
 [2 6 0 5 4 0 0 3 9]
 [4 0 0 8 0 0 7 1 0]]
Solution:
[[0 5 4 6 7 8 1 2 9]
 [7 6 1 9 3 2 0 5 4]
 [3 2 9 4 1 0 0 0 6]
 [8 4 5 3 6 9 7 1 2]
 [2 9 6 7 5 4 8 3 0]
 [1 3 7 2 8 0 4 6 5]
 [6 1 2 8 0 5 9 4 3]
 [9 0 3 0 4 7 5 8 1]
 [5 0 8 1 9 6 2 7 0]]
Number of cells unfilled: 12
Accuracy: 85.18518518518519
Sample: 95533
Question:
[[0 0 9 0 0 0 0 0 8]
 [8 0 0 0 0 0 0 4 0]
 [0 4 0 8 0 0 6 3 0]
 [0 7 0 0 9 0 2 0 0]
 [3 9 0 6 0 0 0 0 4]
 [0 0 2 0 0 1 0 0 0]
 [0 1 0 0 0 5 0 0 0]
 [0 0 3 0 7 0 0 5 0]
 [9 0 0 3 0 0 0 0 6]]
Solution:
[[0 5 4 6 7 8 3 2 9]
 [0 6 1 9 3 2 0 5 4]
 [3 8 9 4 1 0 0 0 6]
 [8 4 5 3 6 9 7 1 2]
 [2 9 6 7 5 4 8 3 0]
 [1 3 7 2 8 0 4 6 5]
 [7 1 2 8 0 5 9 4 3]
 [9 0 3 0 4 7 5 8 1]
 [5 0 8 1 9 6 2 7 0]]
Number of cells unfilled: 13
Accuracy: 83.9506172839506
Sample: 95534
Question:
[[5 0 0 3 0 0 0 0 0]
 [0 0 4 0 5 0 6 0 0]
 [0 9 0 0 0 2 0 8 0]
 [0 7 0 9 0 0 0 0 0]
 [0 0 5 0 1 0 0 6 0]
 [2 0 0 0 0 4 0 0 0]
 [7 0 0 0 0 0 8 5 0]
 [0 0 1 0 8 0 0 0 6]
 [0 0 0 0 0 3 4 1 0]]
Solution:
[[0 5 4 6 7 8 3 2 9]
 [7 6 1 9 3 2 0 5 4]
 [3 2 9 4 1 0 0 0 6]
 [8 4 5 3 6 9 7 1 2]
 [2 9 6 7 5 4 8 3 0]
 [1 3 7 2 8 0 4 6 5]
 [6 1 2 8 0 5 9 4 3]
 [9 7 3 0 4 0 5 8 1]
 [5 0 8 1 9 6 2 7 0]]
Number of cells unfilled: 12
Accuracy: 85.18518518518519
Sample: 95535
Question:
[[0 0 8 0 0 0 0 5 0]
 [5 0 0 0 9 6 8 0 0]
 [0 0 7 8 0 0 0 3 9]
 [4 8 0 0 7 3 0 2 0]
 [0 0 3 0 2 8 0 0 0]
 [0 0 0 4 0 0 0 0 0]
 [0 1 0 0 3 0 0 0 0]
 [0 0 4 2 0 0 0 7 0]
 [3 0 0 0 0 0 5 0 0]]
Solution:
[[0 5 4 6 7 8 1 2 9]
 [7 6 1 9 3 2 0 5 4]
 [3 8 9 4 1 0 0 0 6]
 [8 4 5 3 6 9 7 1 2]
 [2 9 6 7 5 4 8 3 0]
 [1 3 7 2 8 0 4 6 5]
 [6 1 2 8 0 5 9 4 3]
 [9 7 3 0 4 0 5 8 1]
 [4 0 8 1 9 6 2 7 0]]
Number of cells unfilled: 12
Accuracy: 85.18518518518519
Sample: 95536
Question:
[[0 0 0 6 0 9 3 0 0]
 [0 0 3 0 1 0 0 0 7]
 [0 5 0 0 0 7 1 0 0]
 [0 0 6 0 9 0 0 3 1]
 [0 9 0 0 0 0 6 0 0]
 [1 0 2 0 6 0 0 7 0]
 [0 0 0 0 0 8 0 0 6]
 [4 0 0 0 0 0 0 2 0]
 [0 0 9 0 2 0 7 0 0]]
Solution:
[[0 5 4 6 7 8 3 2 9]
 [7 6 1 9 3 2 0 5 4]
 [3 2 9 4 1 0 0 0 6]
 [8 4 5 3 6 9 7 1 2]
 [2 9 6 7 5 4 8 3 0]
 [1 3 7 2 8 0 4 6 5]
 [6 1 2 8 0 5 9 4 3]
 [9 7 3 0 4 0 5 8 1]
 [4 0 8 1 9 6 2 7 0]]
Number of cells unfilled: 12
Accuracy: 85.18518518518519
Sample: 95537
Question:
[[0 0 2 1 0 4 0 0 3]
 [0 0 0 7 0 3 0 5 6]
 [3 0 0 0 8 0 4 0 0]
 [0 0 0 0 0 8 0 0 0]
 [0 0 6 0 0 0 0 0 9]
 [1 0 0 3 0 0 7 0 0]
 [8 0 0 0 0 7 3 0 0]
 [0 0 5 0 0 0 0 2 0]
 [0 9 0 0 0 0 0 0 0]]
Solution:
[[0 5 4 6 7 8 1 2 9]
 [7 6 1 9 3 2 0 5 4]
 [3 2 9 4 1 0 0 0 6]
 [8 4 5 3 6 9 7 1 2]
 [2 9 6 7 5 4 8 3 0]
 [1 3 7 2 8 0 4 6 5]
 [6 1 2 8 0 5 9 4 3]
 [9 7 3 0 4 0 5 8 1]
 [5 0 8 1 9 6 2 7 0]]
Number of cells unfilled: 12
Accuracy: 85.18518518518519
Sample: 95538
Question:
[[0 0 0 7 0 0 0 0 0]
 [0 5 0 0 1 0 0 4 0]
 [2 0 0 0 0 0 9 0 7]
 [5 0 8 0 3 0 0 0 0]
 [0 0 0 0 0 0 0 3 0]
 [0 3 0 4 0 1 5 0 0]
 [0 0 0 0 0 0 6 0 0]
 [0 8 0 0 4 0 0 1 0]
 [0 0 6 0 0 2 0 0 9]]
Solution:
[[0 5 4 6 7 8 3 2 9]
 [7 6 1 9 3 2 0 5 4]
 [3 8 9 4 1 0 0 0 6]
 [8 4 5 3 6 9 7 1 2]
 [2 9 6 7 5 4 8 3 0]
 [1 3 7 2 8 0 4 6 5]
 [6 1 2 8 0 5 9 4 3]
 [9 7 3 0 4 0 5 8 1]
 [4 0 8 1 2 6 0 7 0]]
Number of cells unfilled: 13
Accuracy: 83.9506172839506
Sample: 95539
Question:
[[0 0 0 0 0 7 0 0 2]
 [5 0 0 8 0 0 0 0 0]
 [0 7 0 5 9 0 8 0 0]
 [0 0 1 0 0 0 0 0 0]
 [7 0 0 0 0 5 9 0 0]
 [0 0 0 0 0 0 0 4 6]
 [9 0 0 0 0 8 2 0 7]
 [2 0 0 0 0 9 4 0 0]
 [0 4 0 0 3 0 0 0 0]]
Solution:
[[0 5 4 6 7 8 1 2 9]
 [0 6 1 9 3 2 0 5 4]
 [3 7 9 4 1 0 0 0 6]
 [8 4 5 3 6 9 7 1 2]
 [2 9 6 7 5 4 8 3 0]
 [1 3 7 2 8 0 4 6 5]
 [7 1 2 8 0 5 9 4 3]
 [9 0 3 0 4 7 5 8 1]
 [5 0 8 1 2 6 0 7 0]]
Number of cells unfilled: 14
Accuracy: 82.71604938271605
Sample: 95540
Question:
[[0 0 0 0 0 8 2 0 0]
 [0 0 8 4 0 0 0 6 0]
 [0 5 0 0 6 9 0 0 0]
 [0 0 5 0 0 4 0 0 3]
 [1 8 0 7 0 0 0 0 0]
 [0 9 4 0 8 0 0 7 0]
 [5 0 0 0 0 0 1 0 0]
 [0 0 9 0 0 7 0 4 0]
 [0 3 0 0 0 0 0 0 2]]
Solution:
[[0 5 4 6 7 8 3 2 9]
 [0 6 1 9 3 2 0 5 4]
 [3 8 9 4 1 0 0 0 6]
 [8 4 5 3 6 9 7 1 2]
 [2 9 6 7 5 4 8 3 0]
 [1 3 7 2 8 0 4 6 5]
 [7 1 2 8 0 5 9 4 3]
 [9 0 3 0 4 7 5 8 1]
 [4 0 8 1 9 6 2 7 0]]
Number of cells unfilled: 13
Accuracy: 83.9506172839506
Sample: 95541
Question:
[[0 0 9 0 0 0 0 6 0]
 [6 0 1 0 0 4 7 0 0]
 [0 3 0 6 0 0 8 2 4]
 [1 0 0 4 0 0 0 0 0]
 [0 0 0 0 9 0 0 8 5]
 [0 0 0 0 8 5 0 0 0]
 [3 0 0 0 0 2 0 0 0]
 [2 0 0 9 5 0 6 0 0]
 [0 9 0 7 0 0 2 0 0]]
Solution:
[[0 5 4 6 7 8 3 2 9]
 [7 6 1 9 3 2 0 5 4]
 [3 2 9 4 1 0 0 0 6]
 [8 4 5 3 6 9 7 1 2]
 [2 9 6 7 5 4 8 3 0]
 [1 3 7 2 8 0 4 6 5]
 [6 1 2 8 0 5 9 4 3]
 [9 7 3 0 4 0 5 8 1]
 [4 0 8 1 9 6 2 7 0]]
Number of cells unfilled: 12
Accuracy: 85.18518518518519
Sample: 95542
Question:
[[0 7 0 0 0 1 0 8 0]
 [0 0 0 9 8 0 3 0 0]
 [0 0 0 4 0 0 0 0 0]
 [0 2 0 0 9 0 4 0 0]
 [0 0 1 0 6 4 0 0 0]
 [7 0 0 0 0 8 0 5 0]
 [2 8 0 0 0 0 0 0 3]
 [0 0 7 0 0 2 0 4 0]
 [5 0 0 0 0 0 6 0 0]]
Solution:
[[0 5 4 6 7 8 3 2 9]
 [0 6 1 9 3 2 0 0 4]
 [3 8 9 4 1 0 0 5 6]
 [8 4 5 3 6 9 7 1 2]
 [2 9 6 7 5 4 8 3 0]
 [1 3 7 2 8 0 4 6 5]
 [7 1 2 8 0 5 9 4 3]
 [9 0 3 0 4 7 5 8 1]
 [5 0 8 1 9 6 2 7 0]]
Number of cells unfilled: 13
Accuracy: 83.9506172839506
Sample: 95543
Question:
[[0 7 0 4 0 3 0 0 6]
 [0 0 5 0 0 8 4 0 0]
 [0 0 0 0 0 0 0 3 0]
 [0 9 0 0 8 0 0 0 0]
 [0 4 6 0 0 9 0 8 0]
 [8 0 0 5 0 0 6 0 7]
 [2 6 4 0 0 0 9 0 1]
 [0 0 0 2 0 0 0 4 0]
 [0 0 0 0 0 0 8 0 0]]
Solution:
[[0 5 4 6 7 8 1 2 9]
 [0 6 1 9 3 2 0 0 4]
 [3 7 9 4 1 0 0 5 6]
 [8 4 5 3 6 9 7 1 2]
 [2 9 6 7 5 4 8 3 0]
 [1 3 7 2 8 0 4 6 5]
 [7 1 2 8 0 5 9 4 3]
 [9 0 3 0 4 7 5 8 1]
 [5 0 8 1 2 6 0 7 0]]
Number of cells unfilled: 14
Accuracy: 82.71604938271605
Sample: 95544
Question:
[[0 0 9 0 0 3 0 7 0]
 [0 8 0 2 0 0 5 0 0]
 [1 0 0 0 4 0 0 0 0]
 [5 0 0 0 3 0 0 0 6]
 [0 0 0 0 0 0 2 0 0]
 [0 6 0 8 0 0 0 5 0]
 [0 0 0 0 0 9 0 0 0]
 [3 0 4 0 1 0 0 8 0]
 [0 7 0 3 0 0 0 0 5]]
Solution:
[[0 5 4 6 7 8 3 2 9]
 [7 6 1 9 3 2 0 5 4]
 [3 8 9 4 1 0 0 0 6]
 [8 4 5 3 6 9 7 1 2]
 [2 9 6 7 5 4 8 3 0]
 [1 3 7 2 8 0 4 6 5]
 [6 1 2 8 0 5 9 4 3]
 [9 7 3 0 4 0 5 8 1]
 [4 0 8 1 9 6 2 7 0]]
Number of cells unfilled: 12
Accuracy: 85.18518518518519
Sample: 95545
Question:
[[6 0 0 0 1 0 8 0 0]
 [0 0 3 2 0 8 0 0 7]
 [0 0 0 0 0 0 0 4 0]
 [0 6 0 0 3 0 9 0 4]
 [0 0 0 0 0 7 0 0 2]
 [0 0 1 4 0 0 0 8 0]
 [0 9 0 0 0 0 0 0 0]
 [5 0 0 9 0 0 0 0 8]
 [0 0 6 0 5 0 3 0 0]]
Solution:
[[0 5 4 6 7 8 1 2 9]
 [7 6 1 9 3 2 0 5 4]
 [3 2 9 4 1 0 0 0 6]
 [8 4 5 3 6 9 7 1 2]
 [2 9 6 7 5 4 8 3 0]
 [1 3 7 2 8 0 4 6 5]
 [6 1 2 8 0 5 9 4 3]
 [9 7 3 0 4 0 5 8 1]
 [5 0 8 1 2 6 0 7 0]]
Number of cells unfilled: 13
Accuracy: 83.9506172839506
Sample: 95546
Question:
[[0 0 2 9 0 0 8 0 0]
 [0 5 8 0 2 0 0 0 0]
 [9 0 0 7 0 0 0 0 0]
 [0 4 0 6 0 0 0 0 0]
 [0 0 0 0 0 0 0 3 0]
 [8 0 0 0 5 0 7 0 0]
 [5 0 6 0 9 1 2 0 0]
 [0 0 0 0 0 0 0 0 1]
 [2 0 0 0 7 0 9 8 0]]
Solution:
[[0 5 4 6 7 8 1 2 9]
 [7 6 1 9 3 2 0 5 4]
 [3 2 9 4 1 0 0 0 6]
 [8 4 5 3 6 9 7 1 2]
 [2 9 6 7 5 4 8 3 0]
 [1 3 7 2 8 0 4 6 5]
 [6 1 2 8 0 5 9 4 3]
 [9 7 3 0 4 0 5 8 1]
 [4 0 8 1 9 6 2 7 0]]
Number of cells unfilled: 12
Accuracy: 85.18518518518519
Sample: 95547
Question:
[[0 9 0 0 3 0 0 0 0]
 [0 0 6 0 0 0 0 0 7]
 [0 0 2 0 0 0 9 0 4]
 [6 5 0 3 0 2 0 0 0]
 [0 2 0 0 9 0 4 0 0]
 [9 3 0 0 1 0 0 7 0]
 [7 0 0 0 5 8 0 0 0]
 [0 0 0 1 0 0 5 0 8]
 [0 0 0 0 0 0 0 1 6]]
Solution:
[[0 5 4 6 7 8 3 2 9]
 [0 6 1 9 3 2 0 0 4]
 [3 2 9 4 1 0 0 5 6]
 [8 4 5 3 6 9 7 1 2]
 [2 9 6 7 5 4 8 3 0]
 [1 3 7 2 8 0 4 6 5]
 [7 1 2 8 0 5 9 4 3]
 [9 0 3 0 4 7 5 8 1]
 [4 0 8 1 9 6 2 7 0]]
Number of cells unfilled: 13
Accuracy: 83.9506172839506
Sample: 95548
Question:
[[7 8 0 6 0 5 3 0 0]
 [0 0 0 0 0 0 7 0 0]
 [0 0 0 0 0 0 0 0 4]
 [4 0 0 0 0 7 0 0 0]
 [0 0 0 1 0 6 0 2 8]
 [0 0 3 0 0 0 6 0 7]
 [0 5 0 0 0 9 0 0 1]
 [0 1 2 4 0 0 8 0 0]
 [0 0 7 5 0 1 0 0 6]]
Solution:
[[0 5 4 6 7 8 3 2 9]
 [0 6 1 9 3 2 0 0 4]
 [3 2 9 4 1 0 0 5 6]
 [8 4 5 3 6 9 7 1 2]
 [2 9 6 7 5 4 8 3 0]
 [1 3 7 2 8 0 4 6 5]
 [7 1 2 8 0 5 9 4 3]
 [9 0 3 0 4 7 5 8 1]
 [4 0 8 1 9 6 2 7 0]]
Number of cells unfilled: 13
Accuracy: 83.9506172839506
Sample: 95549
Question:
[[3 0 0 5 0 7 4 8 0]
 [0 1 0 0 0 3 0 0 0]
 [0 8 0 2 1 0 0 5 0]
 [0 0 0 0 0 0 9 6 0]
 [0 7 0 9 8 0 1 0 2]
 [0 0 5 6 0 2 0 0 3]
 [4 0 7 0 0 9 6 0 0]
 [0 2 0 1 0 0 0 0 4]
 [0 3 0 0 0 6 7 0 9]]
Solution:
[[0 5 4 6 7 8 3 2 9]
 [0 6 1 9 3 2 0 5 4]
 [3 8 9 4 1 0 0 0 6]
 [8 4 5 3 6 9 7 1 2]
 [2 9 6 7 5 4 8 3 0]
 [1 3 7 2 8 0 4 6 5]
 [7 1 2 8 0 5 9 4 3]
 [9 0 3 0 4 7 5 8 1]
 [4 0 8 1 2 6 0 7 0]]
Number of cells unfilled: 14
Accuracy: 82.71604938271605
Sample: 95550
Question:
[[0 0 0 0 3 0 0 0 0]
 [0 4 9 0 0 0 0 0 2]
 [0 0 0 0 0 1 0 0 0]
 [0 0 0 0 6 0 3 0 0]
 [0 0 0 0 0 9 1 6 0]
 [0 2 0 0 0 0 0 0 0]
 [0 0 0 4 0 7 0 0 0]
 [0 0 1 9 0 0 5 0 0]
 [3 0 0 0 0 0 0 0 0]]
Solution:
[[0 5 4 6 7 8 1 2 9]
 [0 6 1 9 3 2 0 5 4]
 [3 2 9 4 1 0 0 0 6]
 [8 4 5 3 6 9 7 1 2]
 [2 9 6 7 5 4 8 3 0]
 [1 3 7 2 8 0 4 6 5]
 [7 1 2 8 0 5 9 4 3]
 [9 0 3 0 4 7 5 8 1]
 [5 0 8 1 2 6 0 7 0]]
Number of cells unfilled: 14
Accuracy: 82.71604938271605
Sample: 95551
Question:
[[0 0 0 0 3 0 0 0 8]
 [0 8 0 0 0 0 3 5 0]
 [0 0 0 8 0 0 6 1 0]
 [0 3 0 1 0 0 0 0 6]
 [7 0 0 0 4 0 0 0 0]
 [2 0 1 0 0 0 0 7 0]
 [0 0 4 0 0 8 9 0 0]
 [9 0 0 0 0 2 0 0 0]
 [8 1 0 3 9 0 0 0 5]]
Solution:
[[0 5 4 6 7 8 3 2 9]
 [7 6 1 9 3 2 0 5 4]
 [3 8 9 4 1 0 0 0 6]
 [8 4 5 3 6 9 7 1 2]
 [2 9 6 7 5 4 8 3 0]
 [1 3 7 2 8 0 4 6 5]
 [6 1 2 8 0 5 9 4 3]
 [9 7 3 0 4 0 5 8 1]
 [5 0 8 1 9 6 2 7 0]]
Number of cells unfilled: 12
Accuracy: 85.18518518518519
Sample: 95552
Question:
[[0 0 0 0 0 0 0 0 0]
 [4 0 7 0 0 0 0 0 0]
 [2 8 0 0 0 3 9 0 0]
 [0 0 1 0 4 0 0 2 0]
 [0 0 0 0 0 0 6 3 0]
 [3 2 0 0 0 6 0 0 9]
 [0 0 0 0 0 0 2 0 6]
 [8 6 0 0 0 2 0 9 0]
 [0 0 0 5 0 0 0 0 8]]
Solution:
[[0 5 4 6 7 8 1 2 9]
 [0 6 1 9 3 2 0 5 4]
 [3 2 9 4 1 0 0 0 6]
 [8 4 5 3 6 9 7 1 2]
 [2 9 6 7 5 4 8 3 0]
 [1 3 7 2 8 0 4 6 5]
 [7 1 2 8 0 5 9 4 3]
 [9 0 3 0 4 7 5 8 1]
 [4 0 8 1 9 6 2 7 0]]
Number of cells unfilled: 13
Accuracy: 83.9506172839506
Sample: 95553
Question:
[[0 0 6 3 0 0 0 0 2]
 [9 0 0 0 6 0 1 0 0]
 [1 0 0 0 8 0 6 0 4]
 [0 0 0 4 0 0 0 0 0]
 [6 0 0 0 9 0 8 0 0]
 [0 0 5 0 0 0 0 0 0]
 [7 0 0 6 0 8 0 0 0]
 [0 9 1 0 7 0 0 0 0]
 [0 0 0 0 0 9 7 0 0]]
Solution:
[[0 5 4 6 7 8 1 2 9]
 [7 6 1 9 3 2 0 5 4]
 [3 2 9 4 1 0 0 0 6]
 [8 4 5 3 6 9 7 1 2]
 [2 9 6 7 5 4 8 3 0]
 [1 3 7 2 8 0 4 6 5]
 [6 1 2 8 0 5 9 4 3]
 [9 7 3 0 4 0 5 8 1]
 [5 0 8 1 9 6 2 7 0]]
Number of cells unfilled: 12
Accuracy: 85.18518518518519
Sample: 95554
Question:
[[1 0 0 0 6 0 0 9 3]
 [0 3 0 0 0 7 0 0 1]
 [0 0 9 0 0 0 5 0 0]
 [0 0 3 0 4 0 0 8 6]
 [0 0 0 6 0 0 0 5 0]
 [4 6 0 0 0 0 0 0 0]
 [0 9 0 0 3 0 0 1 8]
 [0 0 8 2 0 0 0 0 0]
 [3 0 1 0 0 0 0 0 0]]
Solution:
[[0 5 4 6 7 8 3 2 9]
 [7 6 1 9 3 2 0 5 4]
 [3 8 9 4 1 0 0 0 6]
 [8 4 5 3 6 9 7 1 2]
 [2 9 6 7 5 4 8 3 0]
 [1 3 7 2 8 0 4 6 5]
 [6 1 2 8 0 5 9 4 3]
 [9 7 3 0 4 0 5 8 1]
 [4 0 8 1 9 6 2 7 0]]
Number of cells unfilled: 12
Accuracy: 85.18518518518519
Sample: 95555
Question:
[[0 0 0 0 0 0 0 9 0]
 [0 6 0 8 0 5 7 0 0]
 [1 7 0 3 0 0 0 0 0]
 [6 0 0 0 0 7 0 0 9]
 [0 0 0 0 4 0 0 0 0]
 [0 4 2 9 0 1 5 7 0]
 [0 0 0 0 0 6 0 0 2]
 [0 5 0 4 0 9 0 0 0]
 [0 1 0 0 0 0 9 4 5]]
Solution:
[[0 5 4 6 7 8 3 2 9]
 [7 6 1 9 3 2 0 5 4]
 [3 8 9 4 1 0 0 0 6]
 [8 4 5 3 6 9 7 1 2]
 [2 9 6 7 5 4 8 3 0]
 [1 3 7 2 8 0 4 6 5]
 [6 1 2 8 0 5 9 4 3]
 [9 0 3 0 4 7 5 8 1]
 [4 0 8 1 2 6 0 7 0]]
Number of cells unfilled: 13
Accuracy: 83.9506172839506
Sample: 95556
Question:
[[8 0 0 2 0 0 0 0 3]
 [0 0 0 0 1 0 8 0 0]
 [0 0 5 0 0 8 0 2 6]
 [0 0 0 0 0 0 0 0 9]
 [0 5 4 0 0 0 0 0 0]
 [2 6 0 0 0 1 5 0 0]
 [0 0 0 0 7 0 0 0 0]
 [5 8 0 1 0 3 6 0 0]
 [6 0 0 0 5 2 3 0 0]]
Solution:
[[0 5 4 6 7 8 3 2 9]
 [7 6 1 9 3 2 0 5 4]
 [3 8 9 4 1 0 0 0 6]
 [8 4 5 3 6 9 7 1 2]
 [2 9 6 7 5 4 8 3 0]
 [1 3 7 2 8 0 4 6 5]
 [6 1 2 8 0 5 9 4 3]
 [9 7 3 0 4 0 5 8 1]
 [4 0 8 1 2 6 0 7 0]]
Number of cells unfilled: 13
Accuracy: 83.9506172839506
Sample: 95557
Question:
[[0 8 1 0 0 5 7 0 0]
 [0 7 0 0 1 0 0 0 3]
 [0 0 0 0 4 0 0 1 0]
 [0 6 9 0 0 8 0 2 0]
 [7 0 2 0 0 0 0 9 0]
 [0 0 8 0 7 0 0 0 5]
 [0 0 0 0 5 0 0 0 0]
 [0 5 0 0 0 0 1 0 2]
 [0 9 0 7 0 2 0 0 4]]
Solution:
[[0 5 4 6 7 8 1 2 9]
 [7 6 1 9 3 2 0 5 4]
 [3 2 9 4 1 0 0 0 6]
 [8 4 5 3 6 9 7 1 2]
 [2 9 6 7 5 4 8 3 0]
 [1 3 7 2 8 0 4 6 5]
 [6 1 2 8 0 5 9 4 3]
 [9 7 3 0 4 0 5 8 1]
 [4 0 8 1 9 6 2 7 0]]
Number of cells unfilled: 12
Accuracy: 85.18518518518519
Sample: 95558
Question:
[[0 0 0 0 0 4 0 0 5]
 [0 0 5 1 0 0 0 6 0]
 [0 2 0 0 5 0 3 0 0]
 [0 0 8 3 0 0 6 0 0]
 [0 4 0 0 7 0 0 8 0]
 [9 0 0 0 0 0 0 0 2]
 [0 0 0 0 0 0 8 0 0]
 [7 0 0 0 9 0 0 1 0]
 [0 0 1 5 0 0 0 0 6]]
Solution:
[[0 5 4 6 7 8 3 2 9]
 [7 6 1 9 3 2 0 5 4]
 [3 2 9 4 1 0 0 0 6]
 [8 4 5 3 6 9 7 1 2]
 [2 9 6 7 5 4 8 3 0]
 [1 3 7 2 8 0 4 6 5]
 [6 1 2 8 0 5 9 4 3]
 [9 7 3 0 4 0 5 8 1]
 [4 0 8 1 2 6 0 7 0]]
Number of cells unfilled: 13
Accuracy: 83.9506172839506
Sample: 95559
Question:
[[0 3 0 0 0 2 0 6 0]
 [0 0 0 9 0 0 0 0 8]
 [9 4 0 0 6 5 0 3 0]
 [0 0 0 0 0 0 0 2 0]
 [0 5 0 0 2 0 3 0 4]
 [0 0 0 0 0 4 6 0 5]
 [0 0 5 0 0 0 7 0 0]
 [1 0 0 0 0 0 0 0 6]
 [0 2 0 0 0 6 0 5 3]]
Solution:
[[0 5 4 6 7 8 1 2 9]
 [7 6 1 9 3 2 0 5 4]
 [3 8 9 4 1 0 0 0 6]
 [8 4 5 3 6 9 7 1 2]
 [2 9 6 7 5 4 8 3 0]
 [1 3 7 2 8 0 4 6 5]
 [6 1 2 8 0 5 9 4 3]
 [9 7 3 0 4 0 5 8 1]
 [5 0 8 1 9 6 2 7 0]]
Number of cells unfilled: 12
Accuracy: 85.18518518518519
Sample: 95560
Question:
[[2 1 0 7 0 8 0 0 6]
 [0 0 4 2 0 0 7 8 0]
 [8 7 0 0 3 0 0 0 0]
 [0 0 0 0 0 5 0 0 0]
 [0 2 0 4 0 0 1 7 0]
 [0 0 0 0 2 0 6 0 0]
 [0 0 0 0 0 0 0 0 9]
 [1 0 0 8 0 0 2 4 0]
 [0 4 0 0 0 0 8 0 0]]
Solution:
[[0 5 4 6 7 8 3 2 9]
 [7 6 1 9 3 2 0 5 4]
 [3 8 9 4 1 0 0 0 6]
 [8 4 5 3 6 9 7 1 2]
 [2 9 6 7 5 4 8 3 0]
 [1 3 7 2 8 0 4 6 5]
 [6 1 2 8 0 5 9 4 3]
 [9 7 3 0 4 0 5 8 1]
 [5 0 8 1 9 6 2 7 0]]
Number of cells unfilled: 12
Accuracy: 85.18518518518519
Sample: 95561
Question:
[[0 9 0 0 0 2 0 0 0]
 [0 0 7 4 0 0 8 0 0]
 [3 0 0 0 5 0 0 2 0]
 [0 0 0 0 4 0 0 0 1]
 [5 0 0 2 0 0 0 6 0]
 [0 0 0 0 0 5 0 0 7]
 [0 0 3 5 6 0 1 0 8]
 [6 0 0 0 0 4 0 3 0]
 [0 0 9 3 0 0 6 0 0]]
Solution:
[[0 5 4 6 7 8 1 2 9]
 [7 6 1 9 3 2 0 5 4]
 [3 8 9 4 1 0 0 0 6]
 [8 4 5 3 6 9 7 1 2]
 [2 9 6 7 5 4 8 3 0]
 [1 3 7 2 8 0 4 6 5]
 [6 1 2 8 0 5 9 4 3]
 [9 7 3 0 4 0 5 8 1]
 [5 0 8 1 2 6 0 7 0]]
Number of cells unfilled: 13
Accuracy: 83.9506172839506
Sample: 95562
Question:
[[0 3 1 0 9 0 8 0 0]
 [2 0 9 4 7 0 0 1 0]
 [5 4 0 0 0 0 0 0 0]
 [3 0 0 0 2 0 0 5 0]
 [0 0 0 1 5 0 7 0 0]
 [0 0 0 0 0 4 0 0 0]
 [0 2 5 0 1 6 4 0 8]
 [0 0 8 0 0 0 0 0 0]
 [0 0 0 0 0 0 0 2 7]]
Solution:
[[0 5 4 6 7 8 1 2 9]
 [0 6 1 9 3 2 0 0 4]
 [3 8 9 4 1 0 0 5 6]
 [8 4 5 3 6 9 7 1 2]
 [2 9 6 7 5 4 8 3 0]
 [1 3 7 2 8 0 4 6 5]
 [7 1 2 8 0 5 9 4 3]
 [9 0 3 0 4 7 5 8 1]
 [5 0 8 1 9 6 2 7 0]]
Number of cells unfilled: 13
Accuracy: 83.9506172839506
Sample: 95563
Question:
[[0 6 9 0 0 0 0 8 0]
 [0 0 8 0 5 0 2 4 0]
 [0 0 0 0 7 0 0 1 3]
 [0 0 0 7 0 4 3 0 0]
 [2 0 0 0 0 0 0 0 0]
 [0 0 0 8 0 0 5 2 0]
 [1 0 0 3 0 0 0 0 0]
 [0 5 2 0 0 0 0 0 0]
 [0 7 0 0 9 2 8 0 0]]
Solution:
[[0 5 4 6 7 8 3 2 9]
 [0 6 1 9 3 2 0 5 4]
 [3 8 9 4 1 0 0 0 6]
 [8 4 5 3 6 9 7 1 2]
 [2 9 6 7 5 4 8 3 0]
 [1 3 7 2 8 0 4 6 5]
 [7 1 2 8 0 5 9 4 3]
 [9 0 3 0 4 7 5 8 1]
 [4 0 8 1 2 6 0 7 0]]
Number of cells unfilled: 14
Accuracy: 82.71604938271605
Sample: 95564
Question:
[[0 0 4 0 6 0 0 0 1]
 [0 0 0 0 0 3 0 9 0]
 [7 0 0 2 0 0 6 0 0]
 [0 0 7 0 9 0 0 0 5]
 [3 0 0 0 0 2 9 0 0]
 [0 9 0 3 0 0 0 1 0]
 [0 7 0 0 0 1 8 0 0]
 [8 0 0 6 0 0 0 2 0]
 [0 0 5 0 0 0 0 0 4]]
Solution:
[[0 5 4 6 7 8 1 2 9]
 [0 6 1 9 3 2 0 5 4]
 [3 2 9 4 1 0 0 0 6]
 [8 4 5 3 6 9 7 1 2]
 [2 9 6 7 5 4 8 3 0]
 [1 3 7 2 8 0 4 6 5]
 [7 1 2 8 0 5 9 4 3]
 [9 0 3 0 4 7 5 8 1]
 [5 0 8 1 9 6 2 7 0]]
Number of cells unfilled: 13
Accuracy: 83.9506172839506
Sample: 95565
Question:
[[7 0 0 8 0 0 3 0 0]
 [0 0 2 4 0 0 0 0 6]
 [9 1 8 0 0 0 0 4 0]
 [0 0 5 0 1 0 0 0 0]
 [1 0 0 9 0 4 0 0 0]
 [0 0 0 0 6 0 4 1 0]
 [0 0 0 5 0 0 0 0 0]
 [0 9 0 0 0 2 0 6 8]
 [0 8 0 0 0 0 9 2 7]]
Solution:
[[0 5 4 6 7 8 1 2 9]
 [0 6 1 9 3 2 0 0 4]
 [3 7 9 4 1 0 0 5 6]
 [8 4 5 3 6 9 7 1 2]
 [2 9 6 7 5 4 8 3 0]
 [1 3 7 2 8 0 4 6 5]
 [7 1 2 8 0 5 9 4 3]
 [9 0 3 0 4 7 5 8 1]
 [5 0 8 1 2 6 0 7 0]]
Number of cells unfilled: 14
Accuracy: 82.71604938271605
Sample: 95566
Question:
[[0 9 0 8 3 0 0 0 2]
 [2 0 0 0 0 1 0 0 0]
 [0 0 0 0 0 0 0 6 0]
 [0 5 0 0 7 0 0 4 0]
 [7 0 0 5 8 0 0 0 9]
 [0 8 9 0 0 0 0 0 0]
 [0 0 0 0 0 0 5 0 3]
 [0 7 0 3 0 0 0 0 0]
 [0 0 5 2 9 0 0 0 7]]
Solution:
[[0 5 4 6 7 8 3 2 9]
 [0 6 1 9 3 2 0 5 4]
 [3 7 9 4 1 0 0 0 6]
 [8 4 5 3 6 9 7 1 2]
 [2 9 6 7 5 4 8 3 0]
 [1 3 7 2 8 0 4 6 5]
 [7 1 2 8 0 5 9 4 3]
 [9 0 3 0 4 7 5 8 1]
 [4 0 8 1 9 6 2 7 0]]
Number of cells unfilled: 13
Accuracy: 83.9506172839506
Sample: 95567
Question:
[[3 4 0 6 0 0 0 0 7]
 [0 0 0 0 0 0 3 0 8]
 [0 8 7 0 3 0 0 4 0]
 [0 0 0 1 0 0 0 0 0]
 [2 0 0 0 0 0 0 5 0]
 [0 9 8 0 5 0 0 0 3]
 [0 0 9 0 0 0 0 0 4]
 [0 0 0 0 9 0 0 0 0]
 [0 3 5 0 4 0 7 0 0]]
Solution:
[[0 5 4 6 7 8 3 2 9]
 [7 6 1 9 3 2 0 5 4]
 [3 2 9 4 1 0 0 0 6]
 [8 4 5 3 6 9 7 1 2]
 [2 9 6 7 5 4 8 3 0]
 [1 3 7 2 8 0 4 6 5]
 [6 1 2 8 0 5 9 4 3]
 [9 7 3 0 4 0 5 8 1]
 [5 0 8 1 9 6 2 7 0]]
Number of cells unfilled: 12
Accuracy: 85.18518518518519
Sample: 95568
Question:
[[7 0 0 0 0 5 9 0 0]
 [0 0 0 1 0 4 0 0 0]
 [0 0 1 0 9 0 4 5 0]
 [2 0 0 0 0 0 0 0 0]
 [0 0 0 0 6 0 0 0 3]
 [0 0 6 0 0 1 8 4 0]
 [0 0 9 5 0 0 1 6 0]
 [0 0 8 0 0 0 0 0 0]
 [1 0 0 0 0 9 0 8 0]]
Solution:
[[0 5 4 6 7 8 1 2 9]
 [0 6 1 9 3 2 0 0 4]
 [3 2 9 4 1 0 0 5 6]
 [8 4 5 3 6 9 7 1 2]
 [2 9 6 7 5 4 8 3 0]
 [1 3 7 2 8 0 4 6 5]
 [7 1 2 8 0 5 9 4 3]
 [9 0 3 0 4 7 5 8 1]
 [5 0 8 1 2 6 0 7 0]]
Number of cells unfilled: 14
Accuracy: 82.71604938271605
Sample: 95569
Question:
[[0 1 0 9 0 0 0 0 7]
 [0 0 9 0 2 0 0 1 0]
 [7 0 6 1 0 8 0 0 0]
 [0 0 3 4 0 0 0 0 1]
 [4 0 0 0 0 1 5 0 0]
 [1 0 0 0 8 9 0 0 0]
 [0 3 0 0 0 0 0 2 0]
 [9 0 0 6 0 0 0 0 3]
 [0 0 0 0 0 0 7 5 0]]
Solution:
[[0 5 4 6 7 8 1 2 9]
 [7 6 1 9 3 2 0 5 4]
 [3 2 9 4 1 0 0 0 6]
 [8 4 5 3 6 9 7 1 2]
 [2 9 6 7 5 4 8 3 0]
 [1 3 7 2 8 0 4 6 5]
 [6 1 2 8 0 5 9 4 3]
 [9 7 3 0 4 0 5 8 1]
 [4 0 8 1 9 6 2 7 0]]
Number of cells unfilled: 12
Accuracy: 85.18518518518519
Sample: 95570
Question:
[[6 0 0 0 3 9 0 0 0]
 [0 9 0 7 0 0 0 6 0]
 [3 0 4 0 0 0 0 0 0]
 [0 0 9 0 0 0 0 7 0]
 [0 0 0 9 0 0 5 0 2]
 [0 2 0 0 1 7 6 0 0]
 [0 5 0 1 0 0 7 2 0]
 [0 0 0 0 7 2 8 0 0]
 [0 0 0 0 0 8 0 0 4]]
Solution:
[[0 5 4 6 7 8 3 2 9]
 [0 6 1 9 3 2 0 0 4]
 [3 7 9 4 1 0 0 5 6]
 [8 4 5 3 6 9 7 1 2]
 [2 9 6 7 5 4 8 3 0]
 [1 3 7 2 8 0 4 6 5]
 [7 1 2 8 0 5 9 4 3]
 [9 0 3 0 4 7 5 8 1]
 [5 0 8 1 2 6 0 7 0]]
Number of cells unfilled: 14
Accuracy: 82.71604938271605
Sample: 95571
Question:
[[0 0 0 8 0 0 9 0 1]
 [6 7 0 0 9 2 0 4 0]
 [0 0 0 0 0 0 7 2 0]
 [7 1 4 0 6 0 0 0 0]
 [0 0 0 7 0 0 0 9 0]
 [0 9 0 0 5 0 0 0 0]
 [0 0 0 0 2 0 0 8 6]
 [5 3 0 0 0 0 0 0 4]
 [0 0 0 6 0 5 0 0 0]]
Solution:
[[0 5 4 6 7 8 1 2 9]
 [7 6 1 9 3 2 0 5 4]
 [3 2 9 4 1 0 0 0 6]
 [8 4 5 3 6 9 7 1 2]
 [2 9 6 7 5 4 8 3 0]
 [1 3 7 2 8 0 4 6 5]
 [6 1 2 8 0 5 9 4 3]
 [9 7 3 0 4 0 5 8 1]
 [4 0 8 1 9 6 2 7 0]]
Number of cells unfilled: 12
Accuracy: 85.18518518518519
Sample: 95572
Question:
[[5 3 1 0 0 0 0 6 0]
 [0 8 0 0 0 0 0 0 0]
 [0 0 0 0 0 7 0 0 4]
 [0 2 0 8 5 0 0 7 0]
 [0 0 0 0 0 2 0 0 0]
 [0 5 4 7 9 0 0 0 0]
 [0 0 5 0 0 0 0 2 0]
 [9 7 0 0 2 0 8 0 0]
 [2 0 0 0 0 6 0 0 3]]
Solution:
[[0 5 4 6 7 8 3 2 9]
 [7 6 1 9 3 2 0 5 4]
 [3 8 9 4 1 0 0 0 6]
 [8 4 5 3 6 9 7 1 2]
 [2 9 6 7 5 4 8 3 0]
 [1 3 7 2 8 0 4 6 5]
 [6 1 2 8 0 5 9 4 3]
 [9 7 3 0 4 0 5 8 1]
 [5 0 8 1 9 6 2 7 0]]
Number of cells unfilled: 12
Accuracy: 85.18518518518519
Sample: 95573
Question:
[[0 0 9 0 8 0 0 0 5]
 [0 0 7 0 0 0 2 0 1]
 [0 5 0 1 0 0 0 0 4]
 [5 0 0 0 4 0 3 1 6]
 [8 0 0 0 0 9 0 5 0]
 [0 0 1 0 0 0 0 0 0]
 [0 0 0 0 0 0 0 0 0]
 [0 4 0 0 7 8 0 0 0]
 [0 0 0 2 0 4 0 9 0]]
Solution:
[[0 5 4 6 7 8 3 2 9]
 [7 6 1 9 3 2 0 5 4]
 [3 8 9 4 1 0 0 0 6]
 [8 4 5 3 6 9 7 1 2]
 [2 9 6 7 5 4 8 3 0]
 [1 3 7 2 8 0 4 6 5]
 [6 1 2 8 0 5 9 4 3]
 [9 7 3 0 4 0 5 8 1]
 [4 0 8 1 2 6 0 7 0]]
Number of cells unfilled: 13
Accuracy: 83.9506172839506
Sample: 95574
Question:
[[0 0 4 8 0 5 6 0 0]
 [0 2 0 6 1 0 7 0 0]
 [9 0 0 0 3 0 0 0 5]
 [2 8 9 0 5 0 0 0 0]
 [0 0 0 0 0 0 5 1 0]
 [0 0 0 2 4 0 0 0 0]
 [0 5 0 4 0 0 9 6 0]
 [0 1 0 0 0 0 0 0 7]
 [6 0 7 0 0 0 0 5 0]]
Solution:
[[0 5 4 6 7 8 3 2 9]
 [7 6 1 9 3 2 0 5 4]
 [3 8 9 4 1 0 0 0 6]
 [8 4 5 3 6 9 7 1 2]
 [2 9 6 7 5 4 8 3 0]
 [1 3 7 2 8 0 4 6 5]
 [6 1 2 8 0 5 9 4 3]
 [9 7 3 0 4 0 5 8 1]
 [5 0 8 1 9 6 2 7 0]]
Number of cells unfilled: 12
Accuracy: 85.18518518518519
Sample: 95575
Question:
[[0 9 0 0 0 4 0 0 2]
 [0 0 3 0 0 0 7 0 0]
 [0 8 0 0 0 2 6 0 5]
 [1 0 0 0 0 0 8 0 0]
 [0 4 0 0 0 5 0 0 9]
 [0 0 0 0 8 0 0 0 0]
 [0 6 0 5 4 0 0 2 0]
 [0 0 0 2 0 0 0 0 6]
 [9 0 0 0 0 6 5 0 0]]
Solution:
[[0 5 4 6 7 8 3 2 9]
 [0 6 1 9 3 2 0 0 4]
 [3 8 9 4 1 0 0 5 6]
 [8 4 5 3 6 9 7 1 2]
 [2 9 6 7 5 4 8 3 0]
 [1 3 7 2 8 0 4 6 5]
 [7 1 2 8 0 5 9 4 3]
 [9 0 3 0 4 7 5 8 1]
 [4 0 8 1 2 6 0 7 0]]
Number of cells unfilled: 14
Accuracy: 82.71604938271605
Sample: 95576
Question:
[[0 0 0 9 5 7 2 0 0]
 [0 9 0 0 0 0 0 6 1]
 [0 0 0 1 0 0 0 0 0]
 [0 0 7 3 0 4 0 0 0]
 [0 8 0 0 0 6 0 0 0]
 [0 6 0 8 0 0 0 0 0]
 [8 2 0 5 4 0 0 0 9]
 [0 4 0 0 0 2 0 0 0]
 [0 0 3 0 0 0 0 0 6]]
Solution:
[[0 5 4 6 7 8 1 2 9]
 [0 6 1 9 3 2 0 5 4]
 [3 2 9 4 1 0 0 0 6]
 [8 4 5 3 6 9 7 1 2]
 [2 9 6 7 5 4 8 3 0]
 [1 3 7 2 8 0 4 6 5]
 [7 1 2 8 0 5 9 4 3]
 [9 0 3 0 4 7 5 8 1]
 [4 0 8 1 2 6 0 7 0]]
Number of cells unfilled: 14
Accuracy: 82.71604938271605
Sample: 95577
Question:
[[0 0 0 5 0 0 9 6 0]
 [0 9 4 0 0 1 0 0 8]
 [0 0 0 0 2 0 0 0 0]
 [9 0 0 0 0 0 0 3 0]
 [0 1 0 3 0 0 0 0 0]
 [0 5 3 0 0 8 0 0 7]
 [0 0 0 0 0 5 7 0 0]
 [0 4 5 1 0 0 0 8 0]
 [0 7 0 8 4 0 0 0 5]]
Solution:
[[0 5 4 6 7 8 3 2 9]
 [7 6 1 9 3 2 0 5 4]
 [3 2 9 4 1 0 0 0 6]
 [8 4 5 3 6 9 7 1 2]
 [2 9 6 7 5 4 8 3 0]
 [1 3 7 2 8 0 4 6 5]
 [6 1 2 8 0 5 9 4 3]
 [9 7 3 0 4 0 5 8 1]
 [4 0 8 1 2 6 0 7 0]]
Number of cells unfilled: 13
Accuracy: 83.9506172839506
Sample: 95578
Question:
[[9 0 0 0 0 2 0 1 0]
 [7 3 2 4 5 0 6 0 0]
 [0 0 0 3 0 0 0 0 0]
 [0 0 0 0 0 7 0 6 0]
 [0 0 0 0 3 0 0 0 0]
 [0 5 0 0 0 6 3 9 7]
 [0 8 0 0 1 0 5 0 0]
 [4 0 0 0 0 0 0 0 0]
 [0 0 6 0 2 0 7 0 0]]
Solution:
[[0 5 4 6 7 8 1 2 9]
 [0 6 1 9 3 2 0 0 4]
 [3 2 9 4 1 0 0 5 6]
 [8 4 5 3 6 9 7 1 2]
 [2 9 6 7 5 4 8 3 0]
 [1 3 7 2 8 0 4 6 5]
 [7 1 2 8 0 5 9 4 3]
 [9 0 3 0 4 7 5 8 1]
 [4 0 8 1 9 6 2 7 0]]
Number of cells unfilled: 13
Accuracy: 83.9506172839506
Sample: 95579
Question:
[[0 0 0 1 0 7 2 0 0]
 [6 0 9 0 0 0 0 3 0]
 [0 3 0 0 8 0 0 0 0]
 [4 0 0 8 0 0 0 0 6]
 [7 0 0 9 0 0 8 1 0]
 [0 8 0 0 0 0 0 0 0]
 [9 0 0 0 0 6 0 0 0]
 [3 4 5 0 0 0 0 0 0]
 [0 7 0 0 0 4 0 0 5]]
Solution:
[[0 5 4 6 7 8 3 2 9]
 [0 6 1 9 3 2 0 5 4]
 [3 7 9 4 1 0 0 0 6]
 [8 4 5 3 6 9 7 1 2]
 [2 9 6 7 5 4 8 3 0]
 [1 3 7 2 8 0 4 6 5]
 [7 1 2 8 0 5 9 4 3]
 [9 0 3 0 4 7 5 8 1]
 [5 0 8 1 2 6 0 7 0]]
Number of cells unfilled: 14
Accuracy: 82.71604938271605
Sample: 95580
Question:
[[5 2 0 0 0 0 0 9 0]
 [3 0 0 0 0 0 0 0 0]
 [0 0 7 2 3 0 5 0 0]
 [0 3 0 6 0 0 7 0 0]
 [7 0 4 0 0 8 0 0 0]
 [6 0 0 0 0 1 0 0 0]
 [4 0 0 5 6 0 2 0 0]
 [0 0 0 0 0 2 0 0 0]
 [0 5 0 8 0 0 0 6 0]]
Solution:
[[0 5 4 6 7 8 3 2 9]
 [7 6 1 9 3 2 0 5 4]
 [3 8 9 4 1 0 0 0 6]
 [8 4 5 3 6 9 7 1 2]
 [2 9 6 7 5 4 8 3 0]
 [1 3 7 2 8 0 4 6 5]
 [6 1 2 8 0 5 9 4 3]
 [9 7 3 0 4 0 5 8 1]
 [5 0 8 1 9 6 2 7 0]]
Number of cells unfilled: 12
Accuracy: 85.18518518518519
Sample: 95581
Question:
[[0 0 5 0 6 0 0 0 9]
 [0 0 0 3 0 8 0 0 0]
 [0 8 0 0 0 0 3 0 0]
 [0 0 6 0 1 0 0 0 5]
 [4 0 0 0 0 0 0 2 0]
 [0 2 0 7 0 4 0 0 0]
 [1 0 0 0 7 0 6 9 0]
 [0 6 0 0 0 0 0 0 7]
 [0 0 7 0 0 6 5 1 0]]
Solution:
[[0 5 4 6 7 8 3 2 9]
 [7 6 1 9 3 2 0 5 4]
 [3 2 9 4 1 0 0 0 6]
 [8 4 5 3 6 9 7 1 2]
 [2 9 6 7 5 4 8 3 0]
 [1 3 7 2 8 0 4 6 5]
 [6 1 2 8 0 5 9 4 3]
 [9 7 3 0 4 0 5 8 1]
 [5 0 8 1 9 6 2 7 0]]
Number of cells unfilled: 12
Accuracy: 85.18518518518519
Sample: 95582
Question:
[[0 0 9 0 4 0 0 0 7]
 [0 6 0 0 0 0 0 3 0]
 [5 0 0 0 0 2 9 0 0]
 [6 0 0 2 0 0 3 0 0]
 [7 0 0 8 0 0 0 0 0]
 [0 0 3 0 9 0 0 7 0]
 [0 5 0 0 0 0 0 1 3]
 [0 0 4 0 1 0 7 0 0]
 [0 0 0 0 0 8 0 9 4]]
Solution:
[[0 5 4 6 7 8 3 2 9]
 [7 6 1 9 3 2 0 5 4]
 [3 2 9 4 1 0 0 0 6]
 [8 4 5 3 6 9 7 1 2]
 [2 9 6 7 5 4 8 3 0]
 [1 3 7 2 8 0 4 6 5]
 [6 1 2 8 0 5 9 4 3]
 [9 7 3 0 4 0 5 8 1]
 [4 0 8 1 2 6 0 7 0]]
Number of cells unfilled: 13
Accuracy: 83.9506172839506
Sample: 95583
Question:
[[0 2 3 0 0 1 0 0 0]
 [9 0 0 7 0 0 0 0 2]
 [0 6 7 0 0 0 0 8 0]
 [3 0 0 0 0 5 8 0 0]
 [0 9 0 2 0 0 0 0 3]
 [0 0 6 0 0 0 0 4 0]
 [0 0 9 3 0 0 0 0 6]
 [0 0 0 0 5 0 4 0 0]
 [0 0 0 0 1 0 9 3 0]]
Solution:
[[0 5 4 6 7 8 3 2 9]
 [0 6 1 9 3 2 0 5 4]
 [3 2 9 4 1 0 0 0 6]
 [8 4 5 3 6 9 7 1 2]
 [2 9 6 7 5 4 8 3 0]
 [1 3 7 2 8 0 4 6 5]
 [7 1 2 8 0 5 9 4 3]
 [9 0 3 0 4 7 5 8 1]
 [4 0 8 1 9 6 2 7 0]]
Number of cells unfilled: 13
Accuracy: 83.9506172839506
Sample: 95584
Question:
[[2 0 0 0 0 9 0 0 0]
 [0 0 0 3 0 0 2 1 0]
 [0 8 0 0 6 0 0 0 0]
 [0 0 0 0 1 0 8 0 5]
 [0 2 0 0 0 0 4 7 0]
 [0 5 0 4 0 0 0 3 0]
 [9 0 0 5 0 0 0 0 8]
 [0 6 0 0 0 7 3 0 0]
 [3 0 0 0 0 0 5 0 7]]
Solution:
[[0 5 4 6 7 8 1 2 9]
 [0 6 1 9 3 2 0 5 4]
 [3 7 9 4 1 0 0 0 6]
 [8 4 5 3 6 9 7 1 2]
 [2 9 6 7 5 4 8 3 0]
 [1 3 7 2 8 0 4 6 5]
 [7 1 2 8 0 5 9 4 3]
 [9 0 3 0 4 7 5 8 1]
 [4 0 8 1 2 6 0 7 0]]
Number of cells unfilled: 14
Accuracy: 82.71604938271605
Sample: 95585
Question:
[[0 0 0 0 0 6 0 0 0]
 [5 0 0 4 0 0 3 0 0]
 [0 2 0 0 9 0 0 0 0]
 [1 0 0 5 0 0 4 0 0]
 [0 8 0 0 0 0 0 6 0]
 [0 9 0 0 0 2 0 0 8]
 [0 0 1 7 0 0 0 0 4]
 [7 0 0 0 0 0 0 3 1]
 [0 5 0 0 0 0 7 0 0]]
Solution:
[[0 5 4 6 7 8 1 2 9]
 [7 6 1 9 3 2 0 5 4]
 [3 2 9 4 1 0 0 0 6]
 [8 4 5 3 6 9 7 1 2]
 [2 9 6 7 5 4 8 3 0]
 [1 3 7 2 8 0 4 6 5]
 [6 1 2 8 0 5 9 4 3]
 [9 7 3 0 4 0 5 8 1]
 [4 0 8 1 2 6 0 7 0]]
Number of cells unfilled: 13
Accuracy: 83.9506172839506
Sample: 95586
Question:
[[0 0 1 5 0 0 6 0 0]
 [0 0 0 0 0 0 0 1 8]
 [0 9 0 0 1 6 0 0 0]
 [0 4 0 0 0 0 0 0 2]
 [3 5 0 4 0 0 0 8 0]
 [0 0 7 0 0 5 4 0 0]
 [0 0 0 0 0 4 0 3 0]
 [9 2 0 7 0 0 0 0 0]
 [0 0 4 0 5 0 7 0 0]]
Solution:
[[0 5 4 6 7 8 1 2 9]
 [7 6 1 9 3 2 0 5 4]
 [3 8 9 4 1 0 0 0 6]
 [8 4 5 3 6 9 7 1 2]
 [2 9 6 7 5 4 8 3 0]
 [1 3 7 2 8 0 4 6 5]
 [6 1 2 8 0 5 9 4 3]
 [9 7 3 0 4 0 5 8 1]
 [5 0 8 1 9 6 2 7 0]]
Number of cells unfilled: 12
Accuracy: 85.18518518518519
Sample: 95587
Question:
[[0 4 0 3 0 0 9 0 0]
 [0 0 0 0 4 9 0 8 0]
 [9 0 2 0 0 0 0 0 0]
 [6 0 0 0 7 0 0 0 0]
 [0 0 0 5 0 0 0 1 8]
 [0 5 0 0 0 3 7 0 0]
 [2 0 5 7 0 0 0 0 6]
 [0 7 0 0 3 0 5 0 0]
 [0 0 1 0 0 0 0 7 0]]
Solution:
[[0 5 4 6 7 8 1 2 9]
 [7 6 1 9 3 2 0 5 4]
 [3 2 9 4 1 0 0 0 6]
 [8 4 5 3 6 9 7 1 2]
 [2 9 6 7 5 4 8 3 0]
 [1 3 7 2 8 0 4 6 5]
 [6 1 2 8 0 5 9 4 3]
 [9 7 3 0 4 0 5 8 1]
 [5 0 8 1 2 6 0 7 0]]
Number of cells unfilled: 13
Accuracy: 83.9506172839506
Sample: 95588
Question:
[[0 0 8 0 1 0 0 0 0]
 [0 6 0 0 0 4 0 0 8]
 [9 0 0 3 0 8 2 0 0]
 [7 0 0 5 0 0 0 8 0]
 [0 3 0 0 0 0 0 2 0]
 [0 0 6 0 0 3 0 0 7]
 [0 7 0 4 0 0 0 5 0]
 [6 0 0 0 0 9 0 0 4]
 [0 0 4 7 0 0 1 0 0]]
Solution:
[[0 5 4 6 7 8 1 2 9]
 [7 6 1 9 3 2 0 5 4]
 [3 2 9 4 1 0 0 0 6]
 [8 4 5 3 6 9 7 1 2]
 [2 9 6 7 5 4 8 3 0]
 [1 3 7 2 8 0 4 6 5]
 [6 1 2 8 0 5 9 4 3]
 [9 7 3 0 4 0 5 8 1]
 [5 0 8 1 9 6 2 7 0]]
Number of cells unfilled: 12
Accuracy: 85.18518518518519
Sample: 95589
Question:
[[2 0 0 0 6 0 0 0 0]
 [0 0 3 0 0 7 2 0 9]
 [9 5 0 0 0 0 0 0 0]
 [0 0 9 0 0 8 3 0 4]
 [0 0 0 4 0 0 9 0 0]
 [8 4 0 0 0 0 0 2 0]
 [0 0 0 0 0 1 0 9 0]
 [0 0 1 7 0 0 8 0 0]
 [0 0 0 3 8 0 7 0 1]]
Solution:
[[0 5 4 6 7 8 1 2 9]
 [7 6 1 9 3 2 0 5 4]
 [3 8 9 4 1 0 0 0 6]
 [8 4 5 3 6 9 7 1 2]
 [2 9 6 7 5 4 8 3 0]
 [1 3 7 2 8 0 4 6 5]
 [6 1 2 8 0 5 9 4 3]
 [9 7 3 0 4 0 5 8 1]
 [5 0 8 1 2 6 0 7 0]]
Number of cells unfilled: 13
Accuracy: 83.9506172839506
Sample: 95590
Question:
[[3 0 0 0 0 8 0 6 4]
 [0 0 0 3 6 0 9 0 0]
 [0 6 1 0 0 0 0 0 0]
 [0 4 3 0 0 0 0 5 1]
 [0 1 0 0 0 5 0 0 3]
 [5 0 0 0 0 0 8 0 0]
 [0 0 0 8 7 0 0 0 0]
 [0 0 2 9 0 0 0 0 0]
 [1 0 0 0 0 4 0 8 9]]
Solution:
[[0 5 4 6 7 8 3 2 9]
 [0 6 1 9 3 2 0 5 4]
 [3 8 9 4 1 0 0 0 6]
 [8 4 5 3 6 9 7 1 2]
 [2 9 6 7 5 4 8 3 0]
 [1 3 7 2 8 0 4 6 5]
 [7 1 2 8 0 5 9 4 3]
 [9 0 3 0 4 7 5 8 1]
 [5 0 8 1 9 6 2 7 0]]
Number of cells unfilled: 13
Accuracy: 83.9506172839506
Sample: 95591
Question:
[[0 0 3 0 0 2 9 0 7]
 [0 6 0 0 9 0 3 4 0]
 [0 0 0 8 1 0 0 0 0]
 [0 3 0 0 0 0 2 0 0]
 [4 0 7 3 0 0 0 0 0]
 [0 9 0 0 0 0 0 3 0]
 [0 0 0 0 0 8 0 0 5]
 [8 0 4 6 0 0 0 0 0]
 [0 5 0 7 0 0 8 0 6]]
Solution:
[[0 5 4 6 7 8 3 2 9]
 [7 6 1 9 3 2 0 5 4]
 [3 2 9 4 1 0 0 0 6]
 [8 4 5 3 6 9 7 1 2]
 [2 9 6 7 5 4 8 3 0]
 [1 3 7 2 8 0 4 6 5]
 [6 1 2 8 0 5 9 4 3]
 [9 7 3 0 4 0 5 8 1]
 [5 0 8 1 9 6 2 7 0]]
Number of cells unfilled: 12
Accuracy: 85.18518518518519
Sample: 95592
Question:
[[0 4 0 0 9 0 8 1 0]
 [1 0 0 8 4 0 7 0 0]
 [0 0 3 0 0 7 0 0 2]
 [0 0 0 0 0 3 0 8 0]
 [8 9 6 1 0 0 0 0 0]
 [0 2 0 0 7 0 9 5 6]
 [4 0 8 0 0 0 1 6 0]
 [7 0 0 6 5 0 0 0 0]
 [0 0 2 0 0 4 0 3 9]]
Solution:
[[0 5 4 6 7 8 3 2 9]
 [7 6 1 9 3 2 0 5 4]
 [3 2 9 4 1 0 0 0 6]
 [8 4 5 3 6 9 7 1 2]
 [2 9 6 7 5 4 8 3 0]
 [1 3 7 2 8 0 4 6 5]
 [6 1 2 8 0 5 9 4 3]
 [9 7 3 0 4 0 5 8 1]
 [5 0 8 1 9 6 2 7 0]]
Number of cells unfilled: 12
Accuracy: 85.18518518518519
Sample: 95593
Question:
[[0 0 9 2 0 0 0 0 8]
 [0 7 0 0 0 0 0 0 5]
 [8 0 0 0 0 4 9 0 0]
 [0 0 0 8 0 0 4 2 0]
 [0 1 0 0 0 0 0 9 0]
 [0 0 2 0 6 0 0 0 0]
 [2 0 0 9 0 0 0 5 0]
 [4 0 0 0 0 5 1 0 0]
 [0 5 3 0 0 7 0 0 0]]
Solution:
[[0 5 4 6 7 8 3 2 9]
 [0 6 1 9 3 2 0 0 4]
 [3 7 9 4 1 0 0 5 6]
 [8 4 5 3 6 9 7 1 2]
 [2 9 6 7 5 4 8 3 0]
 [1 3 7 2 8 0 4 6 5]
 [7 1 2 8 0 5 9 4 3]
 [9 0 3 0 4 7 5 8 1]
 [4 0 8 1 2 6 0 7 0]]
Number of cells unfilled: 14
Accuracy: 82.71604938271605
Sample: 95594
Question:
[[0 0 4 7 0 0 0 0 0]
 [0 7 0 0 9 0 0 0 8]
 [9 0 0 0 0 1 0 7 0]
 [0 8 0 0 6 0 0 9 0]
 [0 0 0 3 0 0 2 0 0]
 [6 0 0 0 0 9 0 0 5]
 [5 0 0 0 1 0 0 0 4]
 [0 0 0 2 0 0 3 0 0]
 [0 4 0 0 0 6 0 1 0]]
Solution:
[[0 5 4 6 7 8 1 2 9]
 [7 6 1 9 3 2 0 5 4]
 [3 2 9 4 1 0 0 0 6]
 [8 4 5 3 6 9 7 1 2]
 [2 9 6 7 5 4 8 3 0]
 [1 3 7 2 8 0 4 6 5]
 [6 1 2 8 0 5 9 4 3]
 [9 7 3 0 4 0 5 8 1]
 [5 0 8 1 2 6 0 7 0]]
Number of cells unfilled: 13
Accuracy: 83.9506172839506
Sample: 95595
Question:
[[0 0 0 4 0 0 0 0 9]
 [6 0 0 0 0 8 0 0 0]
 [4 0 0 6 0 0 0 0 0]
 [0 0 0 5 2 0 0 0 4]
 [3 0 1 7 4 0 0 0 0]
 [0 0 0 0 0 3 0 5 0]
 [0 2 8 0 0 0 9 6 0]
 [0 7 0 0 0 2 0 1 5]
 [5 4 0 0 0 0 8 0 0]]
Solution:
[[0 5 4 6 7 8 3 2 9]
 [7 6 1 9 3 2 0 5 4]
 [3 2 9 4 1 0 0 0 6]
 [8 4 5 3 6 9 7 1 2]
 [2 9 6 7 5 4 8 3 0]
 [1 3 7 2 8 0 4 6 5]
 [6 1 2 8 0 5 9 4 3]
 [9 7 3 0 4 0 5 8 1]
 [5 0 8 1 9 6 2 7 0]]
Number of cells unfilled: 12
Accuracy: 85.18518518518519
Sample: 95596
Question:
[[7 0 4 2 0 0 6 8 0]
 [1 0 0 3 7 0 0 2 4]
 [0 0 9 0 0 0 1 0 0]
 [0 1 0 0 0 2 3 0 0]
 [4 8 0 0 0 0 5 7 0]
 [0 0 0 1 0 0 0 0 0]
 [0 0 0 7 0 0 0 9 0]
 [5 0 0 0 0 8 0 0 0]
 [0 0 0 9 1 0 0 0 0]]
Solution:
[[0 5 4 6 7 8 3 2 9]
 [7 6 1 9 3 2 0 5 4]
 [3 2 9 4 1 0 0 0 6]
 [8 4 5 3 6 9 7 1 2]
 [2 9 6 7 5 4 8 3 0]
 [1 3 7 2 8 0 4 6 5]
 [6 1 2 8 0 5 9 4 3]
 [9 7 3 0 4 0 5 8 1]
 [5 0 8 1 9 6 2 7 0]]
Number of cells unfilled: 12
Accuracy: 85.18518518518519
Sample: 95597
Question:
[[6 0 0 3 0 1 0 9 0]
 [0 0 0 4 2 0 0 0 0]
 [0 0 0 9 0 0 7 0 0]
 [0 4 2 0 0 0 0 0 0]
 [0 0 5 0 0 0 6 0 2]
 [7 0 0 0 0 2 5 0 0]
 [0 0 0 1 3 0 9 0 0]
 [0 3 0 0 9 7 0 0 0]
 [0 2 6 0 0 0 0 0 3]]
Solution:
[[0 5 4 6 7 8 1 2 9]
 [7 6 1 9 3 2 0 5 4]
 [3 2 9 4 1 0 0 0 6]
 [8 4 5 3 6 9 7 1 2]
 [2 9 6 7 5 4 8 3 0]
 [1 3 7 2 8 0 4 6 5]
 [6 1 2 8 0 5 9 4 3]
 [9 7 3 0 4 0 5 8 1]
 [5 0 8 1 9 6 2 7 0]]
Number of cells unfilled: 12
Accuracy: 85.18518518518519
Sample: 95598
Question:
[[0 5 0 0 0 1 0 0 6]
 [9 0 0 0 0 0 0 0 0]
 [0 0 0 8 7 0 0 0 0]
 [0 0 9 0 0 0 0 0 5]
 [0 0 8 3 0 0 0 6 0]
 [0 4 0 0 0 6 1 0 0]
 [0 0 1 7 0 0 4 0 2]
 [0 2 0 0 0 4 0 5 0]
 [0 0 0 0 3 0 0 0 1]]
Solution:
[[0 5 4 6 7 8 3 2 9]
 [0 6 1 9 3 2 0 5 4]
 [3 7 9 4 1 0 0 0 6]
 [8 4 5 3 6 9 7 1 2]
 [2 9 6 7 5 4 8 3 0]
 [1 3 7 2 8 0 4 6 5]
 [7 1 2 8 0 5 9 4 3]
 [9 0 3 0 4 7 5 8 1]
 [4 0 8 1 2 6 0 7 0]]
Number of cells unfilled: 14
Accuracy: 82.71604938271605
Sample: 95599
Question:
[[0 5 0 0 0 7 0 2 4]
 [0 0 0 4 0 0 0 0 0]
 [8 0 0 0 3 0 0 6 0]
 [0 2 0 9 0 0 0 0 0]
 [0 0 0 7 5 6 0 3 0]
 [0 0 0 0 4 0 0 8 6]
 [0 0 0 6 0 4 0 0 8]
 [9 0 4 5 0 0 0 0 1]
 [0 0 8 0 2 0 0 0 0]]
Solution:
[[0 5 4 6 7 8 1 2 9]
 [7 6 1 9 3 2 0 5 4]
 [3 8 9 4 1 0 0 0 6]
 [8 4 5 3 6 9 7 1 2]
 [2 9 6 7 5 4 8 3 0]
 [1 3 7 2 8 0 4 6 5]
 [6 1 2 8 0 5 9 4 3]
 [9 7 3 0 4 0 5 8 1]
 [4 0 8 1 2 6 0 7 0]]
Number of cells unfilled: 13
Accuracy: 83.9506172839506
Sample: 95600
Question:
[[0 5 4 0 0 0 0 2 0]
 [0 6 0 9 0 0 0 0 0]
 [3 0 0 0 1 0 0 0 6]
 [8 0 0 0 0 9 0 1 0]
 [0 0 6 7 0 0 0 0 0]
 [0 3 0 0 8 0 0 0 5]
 [0 1 0 0 0 0 0 4 3]
 [0 0 3 0 4 0 5 0 1]
 [0 0 0 0 0 0 0 7 0]]
Solution:
[[0 5 4 6 7 8 3 2 9]
 [7 6 1 9 3 2 0 5 4]
 [3 2 9 4 1 0 0 0 6]
 [8 4 5 3 6 9 7 1 2]
 [2 9 6 7 5 4 8 3 0]
 [1 3 7 2 8 0 4 6 5]
 [6 1 2 8 0 5 9 4 3]
 [9 7 3 0 4 0 5 8 1]
 [5 0 8 1 9 6 2 7 0]]
Number of cells unfilled: 12
Accuracy: 85.18518518518519
