2025-10-22 16:59:32.027916: I tensorflow/core/util/port.cc:153] oneDNN custom operations are on. You may see slightly different numerical results due to floating-point round-off errors from different computation orders. To turn them off, set the environment variable `TF_ENABLE_ONEDNN_OPTS=0`.
2025-10-22 16:59:32.625703: I tensorflow/core/platform/cpu_feature_guard.cc:210] This TensorFlow binary is optimized to use available CPU instructions in performance-critical operations.
To enable the following instructions: AVX2 AVX512F AVX512_VNNI FMA, in other operations, rebuild TensorFlow with the appropriate compiler flags.
2025-10-22 16:59:37.561397: I tensorflow/core/util/port.cc:153] oneDNN custom operations are on. You may see slightly different numerical results due to floating-point round-off errors from different computation orders. To turn them off, set the environment variable `TF_ENABLE_ONEDNN_OPTS=0`.
2025-10-22 16:59:42.403186: E external/local_xla/xla/stream_executor/cuda/cuda_platform.cc:51] failed call to cuInit: INTERNAL: CUDA error: Failed call to cuInit: UNKNOWN ERROR (303)
Sample: 96601
Question:
[[0 9 4 0 0 2 0 0 0]
 [0 7 0 0 0 0 0 6 9]
 [3 0 0 9 0 0 4 0 0]
 [0 0 3 8 0 0 7 0 0]
 [7 0 0 0 0 6 0 8 0]
 [0 0 0 0 1 0 0 0 5]
 [4 0 0 6 0 0 0 2 0]
 [0 1 0 0 5 0 0 0 0]
 [0 0 7 0 0 4 8 0 0]]
Solution:
[[9 3 8 6 7 1 2 5 4]
 [7 5 6 0 2 4 1 8 3]
 [4 0 1 3 0 8 6 9 7]
 [8 0 4 2 1 3 7 6 5]
 [6 9 3 0 4 0 8 0 2]
 [0 2 0 7 6 5 4 1 9]
 [0 6 2 9 5 7 0 3 1]
 [0 7 5 1 3 2 9 4 6]
 [1 4 9 8 0 6 5 2 0]]
Number of cells unfilled: 14
Accuracy: 82.71604938271605
Sample: 96602
Question:
[[6 0 0 0 0 1 7 0 0]
 [0 0 0 8 0 0 0 5 0]
 [0 0 5 0 9 0 0 0 2]
 [4 0 0 1 8 0 0 0 0]
 [0 6 0 0 0 4 0 0 0]
 [0 8 7 0 3 0 4 0 0]
 [0 0 9 0 0 0 0 0 6]
 [0 0 0 2 0 0 0 3 0]
 [7 0 0 0 0 8 1 0 0]]
Solution:
[[9 3 8 6 7 1 2 5 4]
 [7 5 6 0 2 4 1 8 3]
 [4 0 1 3 9 8 6 0 7]
 [8 0 4 2 1 9 7 6 5]
 [6 9 3 0 4 0 8 0 2]
 [0 2 0 7 6 5 4 1 9]
 [0 6 2 9 5 7 0 3 1]
 [0 8 5 1 3 2 9 7 6]
 [3 4 9 8 0 6 5 2 0]]
Number of cells unfilled: 14
Accuracy: 82.71604938271605
Sample: 96603
Question:
[[0 0 0 0 0 0 0 0 0]
 [0 1 6 0 0 3 0 7 0]
 [4 0 0 2 0 0 1 0 0]
 [8 0 0 0 0 6 7 0 0]
 [0 0 1 9 3 0 0 6 0]
 [0 6 0 0 0 0 0 0 9]
 [0 0 0 0 5 0 0 0 0]
 [0 3 0 0 0 9 0 8 0]
 [0 8 0 0 0 1 5 0 4]]
Solution:
[[9 3 8 6 7 1 2 5 4]
 [7 5 6 0 2 4 1 8 3]
 [4 0 1 3 0 8 6 9 7]
 [8 0 4 2 1 3 7 6 5]
 [1 9 3 0 4 0 8 0 2]
 [0 2 0 7 6 5 4 1 9]
 [0 6 2 9 5 0 0 3 1]
 [0 8 5 1 3 7 9 4 6]
 [3 4 9 8 0 6 5 2 0]]
Number of cells unfilled: 15
Accuracy: 81.48148148148148
Sample: 96604
Question:
[[0 0 1 0 0 3 7 8 0]
 [0 8 0 2 0 0 0 0 9]
 [0 0 0 0 0 0 0 5 0]
 [0 0 0 0 0 5 0 0 0]
 [0 0 7 9 0 0 0 0 8]
 [0 9 8 7 1 0 0 0 5]
 [0 1 9 0 0 0 0 4 0]
 [0 7 2 0 6 0 0 0 0]
 [8 0 0 1 0 0 0 0 7]]
Solution:
[[9 3 8 6 7 1 2 5 4]
 [7 5 6 0 2 4 1 8 3]
 [4 0 1 3 9 8 6 0 7]
 [8 0 4 2 1 3 7 6 5]
 [6 9 3 0 4 0 8 0 2]
 [0 2 0 7 6 5 4 1 9]
 [0 6 2 9 5 7 0 3 1]
 [0 8 5 1 3 2 9 7 6]
 [1 4 9 8 0 6 5 2 0]]
Number of cells unfilled: 14
Accuracy: 82.71604938271605
Sample: 96605
Question:
[[0 0 0 0 7 0 0 4 9]
 [0 0 6 0 0 1 5 7 0]
 [7 0 0 0 0 0 0 6 0]
 [1 0 7 8 0 0 0 0 0]
 [3 0 5 0 1 0 0 0 4]
 [0 6 0 0 0 3 7 0 0]
 [0 0 0 0 0 0 0 0 0]
 [6 0 0 0 0 5 1 3 0]
 [0 0 1 2 3 0 0 0 0]]
Solution:
[[9 3 8 6 7 1 2 5 4]
 [7 5 6 0 2 4 1 8 3]
 [4 0 1 3 9 8 6 0 7]
 [8 0 4 2 1 3 7 6 5]
 [5 9 3 0 4 0 8 0 2]
 [0 2 0 7 6 5 4 1 9]
 [0 6 2 9 5 7 0 3 1]
 [0 8 5 1 3 2 9 4 6]
 [1 4 9 8 0 6 5 2 0]]
Number of cells unfilled: 14
Accuracy: 82.71604938271605
Sample: 96606
Question:
[[0 0 5 2 0 3 0 4 0]
 [0 4 0 0 8 7 0 0 3]
 [3 0 0 0 0 5 0 0 0]
 [5 0 0 4 0 6 0 2 0]
 [0 0 0 0 0 0 0 0 0]
 [0 0 0 0 0 0 9 0 6]
 [4 0 3 0 0 0 1 0 0]
 [0 5 0 3 0 0 0 6 0]
 [6 0 2 0 7 0 0 0 4]]
Solution:
[[9 3 8 6 7 1 2 5 4]
 [7 5 6 0 2 4 1 8 3]
 [4 0 1 3 9 8 6 0 7]
 [8 0 4 2 1 9 7 6 5]
 [5 9 3 0 4 0 8 0 2]
 [0 2 0 7 6 5 4 1 9]
 [0 6 2 9 5 7 0 3 1]
 [0 8 5 1 3 2 9 7 6]
 [1 4 9 8 0 6 5 2 0]]
Number of cells unfilled: 14
Accuracy: 82.71604938271605
Sample: 96607
Question:
[[0 1 0 8 0 0 0 6 3]
 [0 0 8 0 0 0 0 5 0]
 [5 0 0 0 0 1 4 8 0]
 [0 0 0 7 2 0 0 0 0]
 [0 0 5 0 0 4 1 7 0]
 [0 0 0 0 0 0 0 0 0]
 [8 0 0 0 9 0 0 0 0]
 [0 5 0 0 0 7 8 1 0]
 [4 0 7 1 0 0 0 0 6]]
Solution:
[[9 3 8 6 7 1 2 5 4]
 [7 5 6 0 2 4 1 8 3]
 [4 0 1 3 0 8 6 9 7]
 [8 0 4 2 1 3 7 6 5]
 [6 9 3 0 4 0 8 0 2]
 [0 2 0 7 6 5 4 1 9]
 [0 6 2 9 5 0 0 3 1]
 [0 8 5 1 3 7 9 4 6]
 [3 4 9 8 0 6 5 2 0]]
Number of cells unfilled: 15
Accuracy: 81.48148148148148
Sample: 96608
Question:
[[0 6 0 0 0 0 4 1 0]
 [0 0 3 0 2 0 6 0 7]
 [0 0 0 6 0 0 2 0 0]
 [0 0 5 0 0 2 3 0 6]
 [8 0 0 3 6 0 0 0 0]
 [0 0 0 5 7 0 0 4 0]
 [0 2 0 0 0 0 0 0 0]
 [0 0 7 2 0 0 5 0 3]
 [9 0 0 0 3 0 0 0 0]]
Solution:
[[9 3 8 6 7 1 2 5 4]
 [7 5 6 0 2 4 1 8 3]
 [4 0 1 3 9 8 6 0 7]
 [8 0 4 2 1 3 7 6 5]
 [1 9 3 0 4 0 8 0 2]
 [0 2 0 7 6 5 4 1 9]
 [6 8 2 9 5 7 0 3 1]
 [0 7 5 1 3 2 9 4 6]
 [3 4 9 8 0 6 5 2 0]]
Number of cells unfilled: 13
Accuracy: 83.9506172839506
Sample: 96609
Question:
[[0 8 0 3 0 0 0 7 2]
 [6 0 0 0 7 0 0 0 0]
 [0 0 3 0 0 0 0 0 0]
 [0 0 5 0 0 0 4 0 1]
 [0 7 0 0 3 0 0 8 5]
 [0 0 0 5 0 0 0 0 3]
 [9 0 0 7 5 0 0 0 0]
 [0 2 0 0 0 3 0 5 0]
 [0 0 7 2 8 0 1 0 0]]
Solution:
[[9 3 8 6 7 1 2 5 4]
 [7 5 6 0 2 4 1 8 3]
 [4 0 1 3 9 8 6 0 7]
 [8 0 4 2 1 3 7 6 5]
 [6 9 3 0 4 0 8 0 2]
 [0 2 0 7 6 5 4 1 9]
 [0 6 2 9 5 7 0 3 1]
 [0 8 5 1 3 2 9 7 6]
 [3 4 9 8 0 6 5 2 0]]
Number of cells unfilled: 14
Accuracy: 82.71604938271605
Sample: 96610
Question:
[[0 9 0 0 0 4 0 0 0]
 [0 0 8 0 3 0 0 4 0]
 [0 0 0 8 0 5 2 0 0]
 [0 8 0 0 0 0 0 7 0]
 [0 0 7 0 0 0 9 0 3]
 [9 0 0 0 7 0 0 0 4]
 [0 0 3 0 8 0 0 9 0]
 [0 6 0 0 0 0 0 0 1]
 [7 1 9 0 4 0 0 8 0]]
Solution:
[[9 3 8 6 7 1 2 5 4]
 [7 5 6 0 2 4 1 8 3]
 [4 0 1 3 9 8 6 0 7]
 [8 0 4 2 1 9 7 6 5]
 [5 9 3 0 4 0 8 0 2]
 [0 2 0 7 6 5 4 1 9]
 [0 6 2 9 5 0 0 3 1]
 [0 8 5 1 3 7 9 4 6]
 [1 4 9 8 0 6 5 2 0]]
Number of cells unfilled: 15
Accuracy: 81.48148148148148
Sample: 96611
Question:
[[5 0 0 0 9 0 2 0 3]
 [0 3 0 0 0 0 0 0 5]
 [0 0 9 3 0 0 0 7 6]
 [0 0 0 0 0 8 0 0 0]
 [0 0 0 5 0 0 0 0 0]
 [0 5 0 0 2 0 9 0 4]
 [3 9 0 0 0 1 0 0 0]
 [2 4 0 9 0 0 0 6 0]
 [0 0 5 0 4 0 3 0 0]]
Solution:
[[9 3 8 6 7 1 2 5 4]
 [7 5 6 0 2 4 1 8 3]
 [4 0 1 3 9 8 6 0 7]
 [8 0 4 2 1 3 7 6 5]
 [1 9 3 0 4 0 8 0 2]
 [0 2 0 7 6 5 4 1 9]
 [0 6 2 9 5 7 0 3 1]
 [0 8 5 1 3 2 9 4 6]
 [3 4 9 8 0 6 5 2 0]]
Number of cells unfilled: 14
Accuracy: 82.71604938271605
Sample: 96612
Question:
[[0 0 8 0 0 0 3 9 0]
 [0 0 0 0 0 1 5 0 0]
 [0 0 9 3 0 0 0 0 1]
 [0 0 0 0 6 0 0 0 0]
 [0 0 0 0 0 5 9 4 8]
 [0 3 0 9 0 0 0 0 0]
 [8 0 1 0 0 0 0 7 4]
 [0 5 4 2 0 0 0 0 0]
 [0 0 3 0 4 0 8 0 6]]
Solution:
[[9 3 8 6 7 1 2 5 4]
 [7 5 6 0 2 4 1 8 3]
 [4 0 1 3 9 8 6 0 7]
 [8 0 4 2 1 3 7 6 5]
 [5 9 3 0 4 0 8 0 2]
 [0 2 0 7 6 5 4 1 9]
 [6 7 2 9 5 0 0 3 1]
 [0 8 5 1 3 7 9 4 6]
 [1 4 9 8 0 6 5 2 0]]
Number of cells unfilled: 14
Accuracy: 82.71604938271605
Sample: 96613
Question:
[[0 0 4 0 0 9 8 0 5]
 [8 0 0 0 2 0 0 3 0]
 [0 0 0 8 0 0 0 0 0]
 [0 0 0 3 0 0 0 1 0]
 [0 0 6 0 1 4 0 0 9]
 [0 1 0 0 0 0 2 0 0]
 [6 4 0 0 0 5 0 9 0]
 [0 7 0 0 0 0 0 0 6]
 [0 0 9 0 0 0 5 0 0]]
Solution:
[[9 3 8 6 7 1 2 5 4]
 [7 5 6 0 2 4 1 8 3]
 [4 0 1 3 9 8 6 0 7]
 [8 0 4 2 1 9 7 6 5]
 [5 9 3 0 4 0 8 0 2]
 [0 2 0 7 6 5 4 1 9]
 [0 6 2 9 5 7 0 3 1]
 [0 8 5 1 3 2 9 7 6]
 [1 4 9 8 0 6 5 2 0]]
Number of cells unfilled: 14
Accuracy: 82.71604938271605
Sample: 96614
Question:
[[0 7 0 4 0 0 0 0 9]
 [0 0 3 0 5 0 0 0 0]
 [9 0 0 6 0 0 0 2 0]
 [2 0 0 9 0 0 0 0 1]
 [0 5 0 0 4 0 0 0 0]
 [0 0 0 0 0 7 0 0 0]
 [0 3 0 0 0 0 0 1 2]
 [0 0 0 0 0 4 0 6 8]
 [6 0 0 1 0 0 9 0 0]]
Solution:
[[9 3 8 6 7 1 2 5 4]
 [7 5 6 0 2 4 1 8 3]
 [4 0 1 3 9 8 6 0 7]
 [8 0 4 2 1 9 7 6 5]
 [1 9 3 0 4 0 8 0 2]
 [0 2 0 7 6 5 4 1 9]
 [6 8 2 9 5 7 0 3 1]
 [0 7 5 1 3 2 9 4 6]
 [3 4 9 8 0 6 5 2 0]]
Number of cells unfilled: 13
Accuracy: 83.9506172839506
Sample: 96615
Question:
[[0 1 0 0 0 6 5 0 0]
 [0 0 8 1 0 0 0 6 9]
 [0 0 0 0 3 0 0 1 7]
 [8 0 6 0 0 0 0 0 0]
 [0 5 0 0 0 9 0 0 6]
 [0 0 2 4 0 0 0 0 0]
 [2 0 0 0 0 0 0 0 5]
 [0 0 4 3 0 0 0 0 0]
 [0 6 0 0 0 7 0 9 0]]
Solution:
[[9 3 8 6 7 1 2 5 4]
 [7 5 6 0 2 4 1 8 3]
 [4 0 1 3 9 8 6 0 7]
 [8 0 4 2 1 9 7 6 5]
 [5 9 3 0 4 0 8 0 2]
 [0 2 0 7 6 5 4 1 9]
 [0 6 2 9 5 7 0 3 1]
 [0 8 5 1 3 2 9 7 6]
 [1 4 9 8 0 6 5 2 0]]
Number of cells unfilled: 14
Accuracy: 82.71604938271605
Sample: 96616
Question:
[[0 5 0 0 0 0 0 0 7]
 [0 0 1 0 0 0 0 6 0]
 [7 2 0 0 0 6 1 0 0]
 [0 6 0 4 0 0 9 0 0]
 [4 0 0 0 9 0 0 8 0]
 [0 0 5 0 0 1 0 0 6]
 [5 0 0 0 8 0 0 3 0]
 [0 0 6 0 0 7 0 0 2]
 [0 3 0 0 0 0 0 0 0]]
Solution:
[[9 3 8 6 7 1 2 5 4]
 [7 5 6 0 2 4 1 8 3]
 [4 0 1 3 9 8 6 0 7]
 [8 0 4 2 1 3 7 6 5]
 [5 9 3 0 4 0 8 0 2]
 [0 2 0 7 6 5 4 1 9]
 [0 6 2 9 5 7 0 3 1]
 [0 8 5 1 3 2 9 4 6]
 [1 4 9 8 0 6 5 2 0]]
Number of cells unfilled: 14
Accuracy: 82.71604938271605
Sample: 96617
Question:
[[0 9 0 0 0 0 0 2 0]
 [0 4 0 2 0 0 1 0 0]
 [3 0 0 0 0 6 0 0 9]
 [9 0 0 0 5 0 3 6 0]
 [0 0 0 9 0 0 0 0 5]
 [0 0 0 0 0 3 0 1 0]
 [0 0 7 0 8 0 0 0 0]
 [0 8 0 4 0 0 7 0 0]
 [5 0 0 0 0 9 0 0 1]]
Solution:
[[9 3 8 6 7 1 2 5 4]
 [7 5 6 0 2 4 1 8 3]
 [4 0 1 3 9 8 6 0 7]
 [8 0 4 2 1 9 7 6 5]
 [5 9 3 0 4 0 8 0 2]
 [0 2 0 7 6 5 4 1 9]
 [0 6 2 9 5 7 0 3 1]
 [0 8 5 1 3 2 9 7 6]
 [3 4 9 8 0 6 5 2 0]]
Number of cells unfilled: 14
Accuracy: 82.71604938271605
Sample: 96618
Question:
[[4 0 0 9 0 0 3 0 0]
 [0 8 0 0 0 0 0 0 7]
 [0 0 2 0 0 6 0 4 0]
 [0 0 0 0 6 0 1 0 9]
 [1 0 0 4 0 0 0 7 0]
 [0 0 5 0 0 1 0 0 3]
 [0 0 8 0 0 2 0 0 0]
 [0 5 4 0 0 0 0 0 0]
 [7 0 0 3 0 0 0 0 4]]
Solution:
[[9 3 8 6 7 1 2 5 4]
 [7 5 6 0 2 4 1 8 3]
 [4 0 1 3 9 8 6 0 7]
 [8 0 4 2 1 3 7 6 5]
 [6 9 3 0 4 0 8 0 2]
 [0 2 0 7 6 5 4 1 9]
 [0 6 2 9 5 7 0 3 1]
 [0 8 5 1 3 2 9 4 6]
 [1 4 9 8 0 6 5 2 0]]
Number of cells unfilled: 14
Accuracy: 82.71604938271605
Sample: 96619
Question:
[[5 9 0 0 0 2 0 0 0]
 [7 6 0 0 9 0 8 0 0]
 [0 0 1 6 0 0 0 0 9]
 [6 0 0 7 0 0 0 0 1]
 [0 0 0 0 0 0 0 8 0]
 [0 0 0 0 4 6 3 0 0]
 [0 7 0 5 0 0 0 0 6]
 [1 0 0 0 0 0 0 3 0]
 [0 0 0 0 2 0 4 0 0]]
Solution:
[[9 3 8 6 7 1 2 5 4]
 [7 5 6 0 2 4 1 8 3]
 [4 0 1 3 9 8 6 0 7]
 [8 0 4 2 1 9 7 6 5]
 [5 9 3 0 4 0 8 0 2]
 [0 2 0 7 6 5 4 1 9]
 [6 7 2 9 5 0 0 3 1]
 [0 8 5 1 3 7 9 4 6]
 [1 4 9 8 0 6 5 2 0]]
Number of cells unfilled: 14
Accuracy: 82.71604938271605
Sample: 96620
Question:
[[6 0 0 1 0 0 2 0 0]
 [0 0 9 0 0 6 0 0 3]
 [0 5 0 0 3 0 0 9 0]
 [0 0 0 2 0 0 0 0 0]
 [0 0 2 0 7 8 6 0 0]
 [7 0 0 0 6 1 0 0 0]
 [0 0 0 0 0 4 0 0 0]
 [0 4 0 0 1 0 0 5 0]
 [8 0 0 6 0 0 7 0 0]]
Solution:
[[9 3 8 6 7 1 2 5 4]
 [7 5 6 0 2 4 1 8 3]
 [4 0 1 3 0 8 6 9 7]
 [8 0 4 2 1 3 7 6 5]
 [5 9 3 0 4 0 8 0 2]
 [0 2 0 7 6 5 4 1 9]
 [0 6 2 9 5 7 0 3 1]
 [0 8 5 1 3 2 9 7 6]
 [1 4 9 8 0 6 5 2 0]]
Number of cells unfilled: 14
Accuracy: 82.71604938271605
Sample: 96621
Question:
[[0 0 3 0 8 0 5 0 0]
 [0 6 1 0 3 0 0 0 9]
 [5 4 0 0 0 0 0 6 0]
 [0 5 0 4 0 8 0 0 0]
 [0 0 0 6 0 2 7 5 0]
 [0 0 9 3 0 0 4 0 2]
 [4 9 0 2 0 1 3 0 8]
 [0 8 6 0 7 5 0 1 0]
 [1 0 2 0 0 0 0 0 0]]
Solution:
[[9 3 8 6 7 1 2 5 4]
 [7 5 6 0 2 4 1 8 3]
 [4 0 1 3 9 8 6 0 7]
 [8 0 4 2 1 9 7 6 5]
 [5 9 3 0 4 0 8 0 2]
 [0 2 0 7 6 5 4 1 9]
 [0 6 2 9 5 7 0 3 1]
 [0 8 5 1 3 2 9 4 6]
 [1 4 9 8 0 6 5 2 0]]
Number of cells unfilled: 14
Accuracy: 82.71604938271605
Sample: 96622
Question:
[[4 0 0 0 0 0 0 2 0]
 [0 9 0 1 0 0 3 0 0]
 [0 0 3 0 6 0 0 0 8]
 [3 0 0 0 7 0 0 0 0]
 [0 0 0 0 5 6 0 0 0]
 [0 0 6 8 0 0 0 0 7]
 [0 3 0 0 0 0 0 8 0]
 [2 0 0 0 0 0 9 4 0]
 [0 0 5 0 0 8 0 0 1]]
Solution:
[[9 3 8 6 7 1 2 5 4]
 [7 5 6 0 2 4 1 8 3]
 [4 0 1 3 9 8 6 0 7]
 [8 0 4 2 1 9 7 6 5]
 [5 9 3 0 4 0 8 0 2]
 [0 2 0 7 6 5 4 1 9]
 [0 6 2 9 5 7 0 3 1]
 [0 8 5 1 3 2 9 4 6]
 [3 4 9 8 0 6 5 2 0]]
Number of cells unfilled: 14
Accuracy: 82.71604938271605
Sample: 96623
Question:
[[0 0 1 0 0 7 0 0 9]
 [0 3 0 0 9 0 0 7 1]
 [0 0 0 2 0 0 0 0 0]
 [0 0 0 0 0 0 8 0 0]
 [0 4 0 9 0 0 0 1 0]
 [1 0 0 0 6 0 0 4 3]
 [5 0 0 0 0 0 7 0 0]
 [3 6 0 0 0 9 0 5 0]
 [0 0 4 0 5 0 0 3 6]]
Solution:
[[9 3 8 6 7 1 2 5 4]
 [7 5 6 0 2 4 1 8 3]
 [4 0 1 3 0 8 6 9 7]
 [8 0 4 2 1 9 7 6 5]
 [5 9 3 0 4 0 8 0 2]
 [0 2 0 7 6 5 4 1 9]
 [6 7 2 9 5 0 0 3 1]
 [0 8 5 1 3 7 9 4 6]
 [1 4 9 8 0 6 5 2 0]]
Number of cells unfilled: 14
Accuracy: 82.71604938271605
Sample: 96624
Question:
[[0 3 0 0 7 0 0 0 0]
 [9 0 6 0 0 0 0 0 7]
 [0 0 1 0 8 2 0 3 0]
 [0 0 0 0 3 0 0 0 0]
 [0 6 8 4 0 1 3 0 0]
 [0 0 0 7 0 0 4 1 0]
 [5 4 3 0 0 0 7 8 0]
 [0 1 0 8 0 0 5 0 0]
 [0 0 0 0 4 0 0 0 0]]
Solution:
[[9 3 8 6 7 1 2 5 4]
 [7 5 6 0 2 4 1 8 3]
 [4 0 1 3 9 8 6 0 7]
 [8 0 4 2 1 3 7 6 5]
 [6 9 3 0 4 0 8 0 2]
 [0 2 0 7 6 5 4 1 9]
 [0 6 2 9 5 7 0 3 1]
 [0 8 5 1 3 2 9 7 6]
 [1 4 9 8 0 6 5 2 0]]
Number of cells unfilled: 14
Accuracy: 82.71604938271605
Sample: 96625
Question:
[[0 0 7 0 0 0 5 0 0]
 [0 0 0 0 0 0 6 0 0]
 [0 0 1 0 3 0 0 0 0]
 [6 0 0 0 0 0 0 0 0]
 [0 4 0 0 0 0 0 0 0]
 [0 0 0 0 0 7 0 0 1]
 [0 7 2 8 0 0 0 0 9]
 [0 0 0 4 6 0 0 0 3]
 [0 0 0 0 5 0 0 0 0]]
Solution:
[[9 3 8 6 7 1 2 5 4]
 [7 5 6 0 2 4 1 8 3]
 [4 0 1 3 9 8 6 0 7]
 [8 0 4 2 1 9 7 6 5]
 [1 9 3 0 4 0 8 0 2]
 [0 2 0 7 6 5 4 1 9]
 [0 6 2 9 5 7 0 3 1]
 [0 7 5 1 3 2 9 4 6]
 [3 4 9 8 0 6 5 2 0]]
Number of cells unfilled: 14
Accuracy: 82.71604938271605
Sample: 96626
Question:
[[0 0 0 7 0 0 0 4 0]
 [0 0 6 0 0 8 0 0 1]
 [0 3 0 0 5 0 8 0 0]
 [4 0 0 0 3 0 0 0 0]
 [0 0 0 0 0 0 7 5 0]
 [0 0 1 0 0 2 0 0 9]
 [6 0 0 0 0 9 2 0 0]
 [9 1 0 0 0 0 0 0 8]
 [0 0 2 0 8 0 0 0 0]]
Solution:
[[9 3 8 6 7 1 2 5 4]
 [7 5 6 0 2 4 1 8 3]
 [4 0 1 3 9 8 6 0 7]
 [8 0 4 2 1 3 7 6 5]
 [5 9 3 0 4 0 8 0 2]
 [0 2 0 7 6 5 4 1 9]
 [0 6 2 9 5 7 0 3 1]
 [0 8 5 1 3 2 9 7 6]
 [1 4 9 8 0 6 5 2 0]]
Number of cells unfilled: 14
Accuracy: 82.71604938271605
Sample: 96627
Question:
[[0 7 0 0 0 1 0 5 0]
 [0 0 0 9 7 0 8 0 0]
 [0 0 3 5 4 0 0 0 0]
 [0 4 0 0 9 0 0 7 0]
 [2 0 0 0 0 0 0 0 3]
 [6 0 7 1 0 0 0 0 0]
 [0 0 0 0 0 0 0 0 6]
 [0 1 0 4 0 0 0 9 0]
 [0 0 8 0 0 9 2 0 0]]
Solution:
[[9 3 8 6 7 1 2 5 4]
 [7 5 6 0 2 4 1 8 3]
 [4 0 1 3 9 8 6 0 7]
 [8 0 4 2 1 3 7 6 5]
 [1 9 3 0 4 0 8 0 2]
 [0 2 0 7 6 5 4 1 9]
 [6 7 2 9 5 0 0 3 1]
 [0 8 5 1 3 7 9 4 6]
 [3 4 9 8 0 6 5 2 0]]
Number of cells unfilled: 14
Accuracy: 82.71604938271605
Sample: 96628
Question:
[[5 0 0 0 0 1 0 0 0]
 [0 0 0 4 0 0 0 0 9]
 [0 0 8 0 3 0 6 0 0]
 [0 0 0 3 0 0 7 0 0]
 [0 0 3 0 0 0 0 2 8]
 [0 7 0 0 2 0 0 6 0]
 [0 0 2 0 7 0 8 0 0]
 [4 1 0 0 0 0 0 0 0]
 [0 8 7 9 0 0 0 5 0]]
Solution:
[[9 3 8 6 7 1 2 5 4]
 [7 5 6 0 2 4 1 8 3]
 [4 0 1 3 9 8 6 0 7]
 [8 0 4 2 1 3 7 6 5]
 [5 9 3 0 4 0 8 0 2]
 [0 2 0 7 6 5 4 1 9]
 [0 6 2 9 5 7 0 3 1]
 [0 8 5 1 3 2 9 7 6]
 [1 4 9 8 0 6 5 2 0]]
Number of cells unfilled: 14
Accuracy: 82.71604938271605
Sample: 96629
Question:
[[0 5 0 2 0 1 0 0 0]
 [0 0 0 0 9 0 0 0 0]
 [9 0 0 0 0 5 2 0 1]
 [0 2 0 0 3 0 0 0 5]
 [7 0 0 0 0 0 4 0 0]
 [0 0 0 8 0 2 6 0 0]
 [0 9 0 0 2 0 0 0 3]
 [4 0 0 0 0 0 7 0 0]
 [0 0 8 6 0 0 0 0 0]]
Solution:
[[9 3 8 6 7 1 2 5 4]
 [7 5 6 0 2 4 1 8 3]
 [4 0 1 3 9 8 6 0 7]
 [8 0 4 2 1 9 7 6 5]
 [5 9 3 0 4 0 8 0 2]
 [0 2 0 7 6 5 4 1 9]
 [0 6 2 9 5 7 0 3 1]
 [0 8 5 1 3 2 9 7 6]
 [1 4 9 8 0 6 5 2 0]]
Number of cells unfilled: 14
Accuracy: 82.71604938271605
Sample: 96630
Question:
[[0 9 0 0 7 0 6 0 0]
 [0 0 5 0 6 1 0 9 0]
 [0 0 3 0 0 0 5 1 8]
 [0 1 0 8 5 0 0 4 0]
 [0 0 7 0 0 9 8 2 0]
 [6 3 0 2 0 4 0 0 0]
 [0 0 0 9 0 0 0 8 7]
 [2 0 6 0 0 3 0 0 0]
 [4 8 0 0 0 5 1 0 3]]
Solution:
[[9 3 8 6 7 1 2 5 4]
 [7 5 6 0 2 4 1 8 3]
 [4 0 1 3 9 8 6 0 7]
 [8 0 4 2 1 3 7 6 5]
 [1 9 3 0 4 0 8 0 2]
 [0 2 0 7 6 5 4 1 9]
 [0 6 2 9 5 7 0 3 1]
 [0 8 5 1 3 2 9 7 6]
 [3 4 9 8 0 6 5 2 0]]
Number of cells unfilled: 14
Accuracy: 82.71604938271605
Sample: 96631
Question:
[[0 8 0 1 0 3 0 0 5]
 [7 0 5 0 0 2 8 0 0]
 [0 0 2 0 0 0 0 9 0]
 [4 0 1 9 0 0 0 0 0]
 [0 0 0 0 0 7 0 6 4]
 [0 0 0 0 5 0 0 0 0]
 [1 0 0 0 0 0 4 0 8]
 [0 9 0 0 0 0 0 5 7]
 [8 0 4 0 7 0 0 0 0]]
Solution:
[[9 3 8 6 7 1 2 5 4]
 [7 5 6 0 2 4 1 8 3]
 [4 0 1 3 9 8 6 0 7]
 [8 0 4 2 1 3 7 6 5]
 [5 9 3 0 4 0 8 0 2]
 [0 2 0 7 6 5 4 1 9]
 [0 6 2 9 5 7 0 3 1]
 [0 8 5 1 3 2 9 7 6]
 [1 4 9 8 0 6 5 2 0]]
Number of cells unfilled: 14
Accuracy: 82.71604938271605
Sample: 96632
Question:
[[3 0 0 0 0 0 0 1 0]
 [0 7 0 0 0 0 6 0 0]
 [0 0 2 0 0 9 0 0 0]
 [9 0 0 6 4 0 0 0 0]
 [4 6 0 7 0 1 0 2 9]
 [0 8 0 0 0 0 0 0 0]
 [2 0 0 0 6 0 8 0 3]
 [0 0 0 0 3 0 0 6 7]
 [8 0 0 4 0 0 0 0 1]]
Solution:
[[9 3 8 6 7 1 2 5 4]
 [7 5 6 0 2 4 1 8 3]
 [4 0 1 3 9 8 6 0 7]
 [8 0 4 2 1 9 7 6 5]
 [6 9 3 0 4 0 8 0 2]
 [0 2 0 7 6 5 4 1 9]
 [0 6 2 9 5 7 0 3 1]
 [0 7 5 1 3 2 9 4 6]
 [3 4 9 8 0 6 5 2 0]]
Number of cells unfilled: 14
Accuracy: 82.71604938271605
Sample: 96633
Question:
[[0 2 0 9 4 0 0 0 8]
 [0 0 1 0 0 0 0 9 0]
 [0 0 0 0 2 0 7 0 0]
 [0 0 0 0 0 9 6 0 0]
 [0 8 0 2 5 0 0 0 3]
 [0 0 0 3 0 0 0 0 0]
 [3 0 8 4 0 0 0 0 5]
 [0 5 0 0 0 0 0 0 0]
 [2 0 4 5 3 0 8 0 0]]
Solution:
[[9 3 8 6 7 1 2 5 4]
 [7 5 6 0 2 4 1 8 3]
 [4 0 1 3 9 8 6 0 7]
 [8 0 4 2 1 9 7 6 5]
 [5 9 3 0 4 0 8 0 2]
 [0 2 0 7 6 5 4 1 9]
 [0 6 2 9 5 7 0 3 1]
 [0 8 5 1 3 2 9 4 6]
 [1 4 9 8 0 6 5 2 0]]
Number of cells unfilled: 14
Accuracy: 82.71604938271605
Sample: 96634
Question:
[[0 0 0 0 0 4 0 0 3]
 [8 0 0 0 9 0 0 1 0]
 [0 4 0 0 0 5 9 0 0]
 [3 0 0 0 7 0 0 9 0]
 [0 0 0 0 0 0 2 0 6]
 [0 5 2 6 0 0 0 3 0]
 [0 0 0 0 0 0 0 8 0]
 [1 0 0 0 0 0 3 0 9]
 [0 0 8 0 3 0 1 0 7]]
Solution:
[[9 3 8 6 7 1 2 5 4]
 [7 5 6 0 2 4 1 8 3]
 [4 0 1 3 9 8 6 0 7]
 [8 0 4 2 1 9 7 6 5]
 [5 9 3 0 4 0 8 0 2]
 [0 2 0 7 6 5 4 1 9]
 [0 6 2 9 5 7 0 3 1]
 [0 8 5 1 3 2 9 7 6]
 [3 4 9 8 0 6 5 2 0]]
Number of cells unfilled: 14
Accuracy: 82.71604938271605
Sample: 96635
Question:
[[4 0 0 1 0 7 0 0 8]
 [5 0 0 0 0 0 0 2 1]
 [0 0 2 4 0 0 0 0 0]
 [0 0 4 0 6 2 0 0 0]
 [2 6 0 0 0 0 3 4 0]
 [0 7 8 0 0 0 0 9 0]
 [0 2 0 8 0 5 0 0 0]
 [0 0 0 0 0 4 0 0 0]
 [0 0 0 0 3 0 6 0 0]]
Solution:
[[9 3 8 6 7 1 2 5 4]
 [7 5 6 0 2 4 1 8 3]
 [4 0 1 3 9 8 6 0 7]
 [8 0 4 2 1 3 7 6 5]
 [1 9 3 0 4 0 8 0 2]
 [0 2 0 7 6 5 4 1 9]
 [0 6 2 9 5 7 0 3 1]
 [0 8 5 1 3 2 9 7 6]
 [3 4 9 8 0 6 5 2 0]]
Number of cells unfilled: 14
Accuracy: 82.71604938271605
Sample: 96636
Question:
[[6 0 7 0 0 0 0 0 0]
 [0 0 9 0 0 1 6 0 0]
 [0 0 0 0 0 2 0 0 0]
 [0 0 0 6 0 0 0 0 0]
 [0 0 0 4 0 0 0 0 5]
 [0 1 0 0 0 0 0 0 0]
 [0 0 3 7 5 0 0 0 0]
 [0 8 0 0 0 0 2 1 0]
 [0 0 0 0 0 0 9 0 0]]
Solution:
[[9 3 8 6 7 1 2 5 4]
 [7 5 6 0 2 4 1 8 3]
 [4 0 1 3 9 8 6 0 7]
 [8 0 4 2 1 9 7 6 5]
 [6 9 3 0 4 0 8 0 2]
 [0 2 0 7 6 5 4 1 9]
 [0 6 2 9 5 7 0 3 1]
 [0 8 5 1 3 2 9 7 6]
 [1 4 9 8 0 6 5 2 0]]
Number of cells unfilled: 14
Accuracy: 82.71604938271605
Sample: 96637
Question:
[[0 0 2 0 0 0 0 0 9]
 [3 0 0 7 0 0 0 4 1]
 [0 4 0 0 5 0 8 0 0]
 [0 0 0 5 8 0 0 0 0]
 [0 8 0 0 0 7 4 0 0]
 [0 0 1 6 4 0 0 0 0]
 [0 0 3 0 0 0 0 0 2]
 [0 7 0 8 0 0 6 0 0]
 [0 0 0 0 0 0 0 9 0]]
Solution:
[[9 3 8 6 7 1 2 5 4]
 [7 5 6 0 2 4 1 8 3]
 [4 0 1 3 9 8 6 0 7]
 [8 0 4 2 1 9 7 6 5]
 [5 9 3 0 4 0 8 0 2]
 [0 2 0 7 6 5 4 1 9]
 [0 6 2 9 5 7 0 3 1]
 [0 8 5 1 3 2 9 7 6]
 [1 4 9 8 0 6 5 2 0]]
Number of cells unfilled: 14
Accuracy: 82.71604938271605
Sample: 96638
Question:
[[0 0 0 0 2 0 0 7 0]
 [0 0 0 8 0 0 0 5 0]
 [0 0 1 0 0 9 0 0 6]
 [9 0 0 0 0 3 0 0 4]
 [0 1 4 0 0 0 0 0 0]
 [0 6 3 0 8 0 7 0 0]
 [0 4 0 0 0 6 0 0 9]
 [0 0 9 0 5 0 0 6 0]
 [0 0 0 0 0 0 2 0 0]]
Solution:
[[9 3 8 6 7 1 2 5 4]
 [7 5 6 0 2 4 1 8 3]
 [4 0 1 3 9 8 6 0 7]
 [8 0 4 2 1 9 7 6 5]
 [6 9 3 0 4 0 8 0 2]
 [0 2 0 7 6 5 4 1 9]
 [0 6 2 9 5 7 0 3 1]
 [0 8 5 1 3 2 9 7 6]
 [1 4 9 8 0 6 5 2 0]]
Number of cells unfilled: 14
Accuracy: 82.71604938271605
Sample: 96639
Question:
[[0 6 0 0 0 0 0 0 0]
 [1 0 0 0 0 9 0 0 6]
 [0 0 8 4 0 0 0 3 0]
 [0 0 0 0 0 7 0 2 0]
 [7 3 0 2 0 0 0 0 0]
 [0 0 2 0 4 8 0 0 0]
 [0 0 0 0 1 0 5 0 9]
 [5 0 0 0 0 0 0 0 0]
 [0 0 7 8 0 0 0 4 0]]
Solution:
[[9 3 8 6 7 1 2 5 4]
 [7 5 6 0 2 4 1 8 3]
 [4 0 1 3 9 8 6 0 7]
 [8 0 4 2 1 9 7 6 5]
 [5 9 3 0 4 0 8 0 2]
 [0 2 0 7 6 5 4 1 9]
 [0 6 2 9 5 7 0 3 1]
 [0 8 5 1 3 2 9 4 6]
 [1 4 9 8 0 6 5 2 0]]
Number of cells unfilled: 14
Accuracy: 82.71604938271605
Sample: 96640
Question:
[[0 0 1 0 0 0 0 0 2]
 [0 0 7 0 5 0 0 0 0]
 [9 0 0 0 0 1 0 7 0]
 [0 0 0 0 8 0 0 0 4]
 [0 0 6 5 0 0 2 0 0]
 [0 9 0 0 0 7 0 3 0]
 [3 7 0 8 0 0 0 0 0]
 [0 0 9 0 0 3 0 6 0]
 [6 0 0 4 0 0 0 0 0]]
Solution:
[[9 3 8 6 7 1 2 5 4]
 [7 5 6 0 2 4 1 8 3]
 [4 0 1 3 9 8 6 0 7]
 [8 0 4 2 1 9 7 6 5]
 [1 9 3 0 4 0 8 0 2]
 [0 2 0 7 6 5 4 1 9]
 [0 6 2 9 5 7 0 3 1]
 [0 8 5 1 3 2 9 7 6]
 [3 4 9 8 0 6 5 2 0]]
Number of cells unfilled: 14
Accuracy: 82.71604938271605
Sample: 96641
Question:
[[0 0 6 0 0 9 2 0 0]
 [2 0 0 4 0 0 0 0 5]
 [0 7 0 0 2 0 0 6 0]
 [0 5 7 0 0 0 0 8 6]
 [4 0 0 0 5 0 7 9 0]
 [0 0 0 0 0 0 0 0 3]
 [7 0 0 0 4 0 6 0 0]
 [0 1 0 0 0 3 0 0 0]
 [0 0 8 1 0 0 0 0 0]]
Solution:
[[9 3 8 6 7 1 2 5 4]
 [7 5 6 0 2 4 1 8 3]
 [4 0 1 3 9 8 6 0 7]
 [8 0 4 2 1 9 7 6 5]
 [5 9 3 0 4 0 8 0 2]
 [0 2 0 7 6 5 4 1 9]
 [6 7 2 9 5 0 0 3 1]
 [0 8 5 1 3 7 9 4 6]
 [1 4 9 8 0 6 5 2 0]]
Number of cells unfilled: 14
Accuracy: 82.71604938271605
Sample: 96642
Question:
[[6 0 9 0 0 0 0 8 0]
 [0 3 0 0 0 9 0 0 7]
 [0 0 7 0 2 0 9 0 0]
 [0 0 1 0 5 6 0 2 0]
 [0 0 0 4 0 0 1 0 0]
 [3 0 0 0 0 1 0 0 6]
 [0 5 0 7 0 0 0 4 0]
 [0 0 3 0 0 5 0 0 9]
 [7 0 0 0 0 0 8 0 0]]
Solution:
[[9 3 8 6 7 1 2 5 4]
 [7 5 6 0 2 4 1 8 3]
 [4 0 1 3 0 8 6 9 7]
 [8 0 4 2 1 3 7 6 5]
 [5 9 3 0 4 0 8 0 2]
 [0 2 0 7 6 5 4 1 9]
 [6 8 2 9 5 7 0 3 1]
 [0 7 5 1 3 2 9 4 6]
 [1 4 9 8 0 6 5 2 0]]
Number of cells unfilled: 13
Accuracy: 83.9506172839506
Sample: 96643
Question:
[[0 0 4 3 0 0 0 0 1]
 [0 0 0 0 4 0 8 0 0]
 [8 7 0 1 0 5 0 4 0]
 [0 0 0 0 0 0 2 0 6]
 [0 0 0 9 0 2 0 0 0]
 [0 0 8 0 7 0 0 3 0]
 [0 0 0 0 0 3 0 0 0]
 [6 9 0 0 0 0 0 0 5]
 [0 0 7 0 5 0 0 1 0]]
Solution:
[[9 3 8 6 7 1 2 5 4]
 [7 5 6 0 2 4 1 8 3]
 [4 0 1 3 9 8 6 0 7]
 [8 0 4 2 1 3 7 6 5]
 [5 9 3 0 4 0 8 0 2]
 [0 2 0 7 6 5 4 1 9]
 [0 6 2 9 5 0 0 3 1]
 [0 8 5 1 3 7 9 4 6]
 [3 4 9 8 0 6 5 2 0]]
Number of cells unfilled: 15
Accuracy: 81.48148148148148
Sample: 96644
Question:
[[0 0 6 0 7 0 0 0 9]
 [0 7 0 4 0 0 0 6 0]
 [3 0 0 0 0 1 7 0 0]
 [0 0 0 0 4 0 0 2 5]
 [0 9 0 0 3 0 4 0 0]
 [0 0 0 8 0 5 0 0 0]
 [8 0 2 0 0 0 0 1 0]
 [0 3 0 0 1 0 6 0 0]
 [0 0 0 0 0 4 0 0 0]]
Solution:
[[9 3 8 6 7 1 2 5 4]
 [7 5 6 0 2 4 1 8 3]
 [4 0 1 3 9 8 6 0 7]
 [8 0 4 2 1 3 7 6 5]
 [1 9 3 0 4 0 8 0 2]
 [0 2 0 7 6 5 4 1 9]
 [0 6 2 9 5 7 0 3 1]
 [0 8 5 1 3 2 9 7 6]
 [3 4 9 8 0 6 5 2 0]]
Number of cells unfilled: 14
Accuracy: 82.71604938271605
Sample: 96645
Question:
[[0 3 0 0 1 0 0 0 9]
 [0 0 1 9 0 0 0 7 0]
 [2 9 0 0 0 6 1 0 0]
 [3 0 0 0 0 0 0 0 0]
 [0 0 0 4 0 8 0 0 2]
 [0 0 2 0 6 0 9 0 0]
 [5 8 0 0 0 0 0 0 0]
 [0 0 0 0 0 0 0 5 4]
 [0 0 6 0 7 0 3 0 0]]
Solution:
[[9 3 8 6 7 1 2 5 4]
 [7 5 6 0 2 4 1 8 3]
 [4 0 1 3 9 8 6 0 7]
 [8 0 4 2 1 3 7 6 5]
 [5 9 3 0 4 0 8 0 2]
 [0 2 0 7 6 5 4 1 9]
 [0 6 2 9 5 7 0 3 1]
 [0 8 5 1 3 2 9 7 6]
 [3 4 9 8 0 6 5 2 0]]
Number of cells unfilled: 14
Accuracy: 82.71604938271605
Sample: 96646
Question:
[[0 6 0 0 5 7 8 0 0]
 [0 0 7 1 0 0 0 0 0]
 [5 0 0 9 0 0 0 0 0]
 [0 0 6 0 2 0 5 0 0]
 [0 4 0 0 0 0 0 9 0]
 [2 0 0 0 0 4 0 3 0]
 [6 0 0 0 7 0 4 0 0]
 [0 0 8 0 0 0 0 0 3]
 [0 7 0 2 0 0 0 0 1]]
Solution:
[[9 3 8 6 7 1 2 5 4]
 [7 5 6 0 2 4 1 8 3]
 [4 0 1 3 9 8 6 0 7]
 [8 0 4 2 1 3 7 6 5]
 [6 9 3 0 4 0 8 0 2]
 [0 2 0 7 6 5 4 1 9]
 [0 6 2 9 5 7 0 3 1]
 [0 8 5 1 3 2 9 7 6]
 [1 4 9 8 0 6 5 2 0]]
Number of cells unfilled: 14
Accuracy: 82.71604938271605
Sample: 96647
Question:
[[1 0 0 0 5 0 0 0 2]
 [0 8 0 0 0 7 0 1 0]
 [0 0 0 0 0 4 8 0 0]
 [0 0 0 7 0 0 0 0 3]
 [0 0 1 9 0 0 6 0 0]
 [6 0 0 0 8 0 0 2 0]
 [0 0 9 0 0 0 0 0 6]
 [0 0 4 6 0 0 0 5 0]
 [5 0 0 0 3 0 2 0 0]]
Solution:
[[9 3 8 6 7 1 2 5 4]
 [7 5 6 0 2 4 1 8 3]
 [4 0 1 3 9 8 6 0 7]
 [8 0 4 2 1 9 7 6 5]
 [1 9 3 0 4 0 8 0 2]
 [0 2 0 7 6 5 4 1 9]
 [6 7 2 9 5 0 0 3 1]
 [0 8 5 1 3 7 9 4 6]
 [3 4 9 8 0 6 5 2 0]]
Number of cells unfilled: 14
Accuracy: 82.71604938271605
Sample: 96648
Question:
[[9 0 0 0 0 0 0 0 3]
 [0 0 6 0 5 0 0 7 0]
 [0 0 0 8 0 0 0 0 4]
 [0 6 0 0 1 5 0 9 0]
 [0 0 1 2 0 0 0 0 0]
 [5 0 0 4 0 0 0 0 0]
 [0 0 8 0 0 7 3 0 0]
 [6 0 0 0 8 0 0 1 0]
 [0 7 5 0 0 0 2 0 0]]
Solution:
[[9 3 8 6 7 1 2 5 4]
 [7 5 6 0 2 4 1 8 3]
 [4 0 1 3 9 8 6 0 7]
 [8 0 4 2 1 9 7 6 5]
 [6 9 3 0 4 0 8 0 2]
 [0 2 0 7 6 5 4 1 9]
 [0 6 2 9 5 7 0 3 1]
 [0 8 5 1 3 2 9 7 6]
 [1 4 9 8 0 6 5 2 0]]
Number of cells unfilled: 14
Accuracy: 82.71604938271605
Sample: 96649
Question:
[[0 7 0 0 8 0 0 0 0]
 [0 0 0 2 4 6 0 0 0]
 [0 0 4 0 9 0 2 0 0]
 [0 0 2 0 0 1 0 6 5]
 [0 0 0 6 7 0 0 0 4]
 [0 0 1 0 0 0 0 7 0]
 [5 0 0 3 0 0 0 0 0]
 [0 0 6 0 0 0 5 0 3]
 [1 8 0 0 0 4 0 0 2]]
Solution:
[[9 3 8 6 7 1 2 5 4]
 [7 5 6 0 2 4 1 8 3]
 [4 0 1 3 9 8 6 0 7]
 [8 0 4 2 1 3 7 6 5]
 [5 9 3 0 4 0 8 0 2]
 [0 2 0 7 6 5 4 1 9]
 [0 6 2 9 5 7 0 3 1]
 [0 8 5 1 3 2 9 7 6]
 [1 4 9 8 0 6 5 2 0]]
Number of cells unfilled: 14
Accuracy: 82.71604938271605
Sample: 96650
Question:
[[0 4 0 1 0 0 0 0 0]
 [9 0 0 0 7 0 0 0 0]
 [0 0 8 0 0 5 2 0 0]
 [0 1 0 0 4 0 0 3 0]
 [0 0 3 0 0 6 0 0 2]
 [4 0 0 0 0 0 0 8 0]
 [0 9 0 0 6 0 0 0 3]
 [0 0 6 0 0 3 0 2 0]
 [0 0 0 7 0 0 6 0 5]]
Solution:
[[9 3 8 6 7 1 2 5 4]
 [7 5 6 0 2 4 1 8 3]
 [4 0 1 3 9 8 6 0 7]
 [8 0 4 2 1 9 7 6 5]
 [6 9 3 0 4 0 8 0 2]
 [0 2 0 7 6 5 4 1 9]
 [0 6 2 9 5 7 0 3 1]
 [0 8 5 1 3 2 9 4 6]
 [1 4 9 8 0 6 5 2 0]]
Number of cells unfilled: 14
Accuracy: 82.71604938271605
Sample: 96651
Question:
[[0 7 3 5 0 4 0 0 0]
 [0 1 4 0 0 0 0 0 7]
 [0 0 0 0 0 0 0 2 3]
 [0 0 0 0 0 0 5 0 0]
 [9 0 1 0 0 6 2 0 0]
 [0 6 0 0 8 3 0 9 0]
 [0 0 0 3 4 1 0 8 0]
 [0 0 0 2 0 0 0 0 1]
 [0 0 0 0 9 0 0 0 0]]
Solution:
[[9 3 8 6 7 1 2 5 4]
 [7 5 6 0 2 4 1 8 3]
 [4 0 1 3 9 8 6 0 7]
 [8 0 4 2 1 9 7 6 5]
 [5 9 3 0 4 0 8 0 2]
 [0 2 0 7 6 5 4 1 9]
 [0 6 2 9 5 0 0 3 1]
 [0 8 5 1 3 7 9 4 6]
 [1 4 9 8 0 6 5 2 0]]
Number of cells unfilled: 15
Accuracy: 81.48148148148148
Sample: 96652
Question:
[[0 9 8 0 0 0 0 6 0]
 [3 0 0 0 0 4 7 0 0]
 [0 0 0 0 8 9 1 0 0]
 [0 0 0 0 1 0 0 9 0]
 [0 0 0 6 4 0 2 0 0]
 [0 2 0 0 0 0 4 0 0]
 [0 5 0 0 0 0 0 0 0]
 [0 6 0 0 0 7 0 0 2]
 [7 0 1 0 5 6 0 0 0]]
Solution:
[[9 3 8 6 7 1 2 5 4]
 [7 5 6 0 2 4 1 8 3]
 [4 0 1 3 9 8 6 0 7]
 [8 0 4 2 1 3 7 6 5]
 [5 9 3 0 4 0 8 0 2]
 [0 2 0 7 6 5 4 1 9]
 [6 7 2 9 5 0 0 3 1]
 [0 8 5 1 3 7 9 4 6]
 [1 4 9 8 0 6 5 2 0]]
Number of cells unfilled: 14
Accuracy: 82.71604938271605
Sample: 96653
Question:
[[0 0 0 0 0 0 3 0 0]
 [0 0 0 0 6 0 0 4 0]
 [4 8 0 9 0 0 0 0 6]
 [0 0 0 0 1 0 0 2 0]
 [0 0 4 8 2 0 0 0 0]
 [1 2 0 0 0 9 0 0 8]
 [2 6 0 0 9 0 0 0 1]
 [3 0 0 0 0 6 5 0 0]
 [0 0 7 1 0 0 0 6 0]]
Solution:
[[9 3 8 6 7 1 2 5 4]
 [7 5 6 0 2 4 1 8 3]
 [4 0 1 3 9 8 6 0 7]
 [8 0 4 2 1 9 7 6 5]
 [6 9 3 0 4 0 8 0 2]
 [0 2 0 7 6 5 4 1 9]
 [0 6 2 9 5 7 0 3 1]
 [0 8 5 1 3 2 9 4 6]
 [1 4 9 8 0 6 5 2 0]]
Number of cells unfilled: 14
Accuracy: 82.71604938271605
Sample: 96654
Question:
[[0 9 0 0 0 4 0 2 0]
 [0 0 2 1 9 0 7 0 0]
 [3 0 0 8 0 0 0 0 9]
 [8 0 0 0 0 0 0 0 0]
 [0 6 7 0 0 0 9 0 0]
 [0 0 9 6 5 0 0 7 0]
 [0 0 5 2 1 0 0 0 7]
 [0 0 0 0 0 0 2 0 0]
 [0 0 0 0 0 6 1 5 0]]
Solution:
[[9 3 8 6 7 1 2 5 4]
 [7 5 6 0 2 4 1 8 3]
 [4 0 1 3 0 8 6 9 7]
 [8 0 4 2 1 3 7 6 5]
 [1 9 3 0 4 0 8 0 2]
 [0 2 0 7 6 5 4 1 9]
 [0 6 2 9 5 7 0 3 1]
 [0 8 5 1 3 2 9 7 6]
 [3 4 9 8 0 6 5 2 0]]
Number of cells unfilled: 14
Accuracy: 82.71604938271605
Sample: 96655
Question:
[[0 0 0 0 2 0 0 7 0]
 [0 5 0 0 0 0 0 4 3]
 [9 0 0 4 0 0 1 0 0]
 [0 0 6 1 0 0 4 0 0]
 [0 0 0 0 3 0 0 0 2]
 [0 0 0 0 0 6 0 8 0]
 [4 0 5 0 0 9 8 0 0]
 [0 7 0 0 8 0 0 0 0]
 [8 0 1 5 0 0 0 0 0]]
Solution:
[[9 3 8 6 7 1 2 5 4]
 [7 5 6 0 2 4 1 8 3]
 [4 0 1 3 9 8 6 0 7]
 [8 0 4 2 1 3 7 6 5]
 [5 9 3 0 4 0 8 0 2]
 [0 2 0 7 6 5 4 1 9]
 [6 8 2 9 5 7 0 3 1]
 [0 7 5 1 3 2 9 4 6]
 [1 4 9 8 0 6 5 2 0]]
Number of cells unfilled: 13
Accuracy: 83.9506172839506
Sample: 96656
Question:
[[0 0 0 0 0 2 5 0 0]
 [1 0 0 0 9 0 0 0 2]
 [0 0 5 7 0 0 0 8 0]
 [0 0 4 0 0 0 0 0 0]
 [7 5 0 0 0 3 0 4 0]
 [8 3 0 4 0 0 7 0 0]
 [0 0 0 0 0 0 6 0 9]
 [5 6 0 0 1 0 0 0 0]
 [0 0 7 3 0 0 0 5 0]]
Solution:
[[9 3 8 6 7 1 2 5 4]
 [7 5 6 0 2 4 1 8 3]
 [4 0 1 3 9 8 6 0 7]
 [8 0 4 2 1 3 7 6 5]
 [1 9 3 0 4 0 8 0 2]
 [0 2 0 7 6 5 4 1 9]
 [0 6 2 9 5 7 0 3 1]
 [0 8 5 1 3 2 9 7 6]
 [3 4 9 8 0 6 5 2 0]]
Number of cells unfilled: 14
Accuracy: 82.71604938271605
Sample: 96657
Question:
[[0 0 0 0 0 0 1 0 0]
 [3 0 0 5 0 0 0 2 0]
 [0 0 9 0 4 0 0 0 7]
 [8 7 0 0 3 0 0 0 0]
 [0 9 0 0 0 0 0 0 3]
 [0 0 3 4 0 0 0 8 0]
 [0 0 8 0 9 0 0 0 4]
 [0 2 0 6 0 0 5 0 0]
 [0 0 0 1 0 0 0 6 0]]
Solution:
[[9 3 8 6 7 1 2 5 4]
 [7 5 6 0 2 4 1 8 3]
 [4 0 1 3 9 8 6 0 7]
 [8 0 4 2 1 9 7 6 5]
 [5 9 3 0 4 0 8 0 2]
 [0 2 0 7 6 5 4 1 9]
 [0 6 2 9 5 7 0 3 1]
 [0 8 5 1 3 2 9 7 6]
 [3 4 9 8 0 6 5 2 0]]
Number of cells unfilled: 14
Accuracy: 82.71604938271605
Sample: 96658
Question:
[[8 0 1 0 2 0 0 0 0]
 [9 0 3 0 0 1 2 0 0]
 [0 2 0 0 0 0 0 0 0]
 [5 0 0 6 0 0 0 3 0]
 [0 1 0 0 3 0 8 0 0]
 [0 3 0 5 1 0 9 2 0]
 [0 0 0 0 0 7 0 4 0]
 [0 8 0 0 9 0 7 0 0]
 [0 0 7 1 0 0 0 0 0]]
Solution:
[[9 3 8 6 7 1 2 5 4]
 [7 5 6 0 2 4 1 8 3]
 [4 0 1 3 9 8 6 0 7]
 [8 0 4 2 1 9 7 6 5]
 [5 9 3 0 4 0 8 0 2]
 [0 2 0 7 6 5 4 1 9]
 [6 7 2 9 5 0 0 3 1]
 [0 8 5 1 3 7 9 4 6]
 [3 4 9 8 0 6 5 2 0]]
Number of cells unfilled: 14
Accuracy: 82.71604938271605
Sample: 96659
Question:
[[0 0 0 1 0 0 6 0 0]
 [0 0 9 0 6 5 0 0 8]
 [0 6 0 0 0 0 0 1 0]
 [0 0 8 0 4 2 0 0 9]
 [2 0 0 0 1 0 0 7 0]
 [0 0 0 5 0 0 2 0 0]
 [0 0 3 0 0 0 0 0 0]
 [9 5 0 0 8 0 0 0 3]
 [4 8 0 0 5 3 0 0 0]]
Solution:
[[9 3 8 6 7 1 2 5 4]
 [7 5 6 0 2 4 1 8 3]
 [4 0 1 3 9 8 6 0 7]
 [8 0 4 2 1 9 7 6 5]
 [6 9 3 0 4 0 8 0 2]
 [0 2 0 7 6 5 4 1 9]
 [0 6 2 9 5 7 0 3 1]
 [0 8 5 1 3 2 9 7 6]
 [1 4 9 8 0 6 5 2 0]]
Number of cells unfilled: 14
Accuracy: 82.71604938271605
Sample: 96660
Question:
[[0 3 0 2 0 0 0 0 4]
 [0 0 0 0 6 0 0 3 0]
 [5 0 1 0 0 0 0 0 0]
 [0 0 0 0 0 2 0 0 7]
 [0 0 9 7 0 0 3 6 0]
 [0 7 0 0 3 0 4 0 0]
 [0 0 6 0 8 5 0 4 0]
 [8 0 0 0 0 0 1 0 0]
 [0 9 0 4 0 0 0 0 6]]
Solution:
[[9 3 8 6 7 1 2 5 4]
 [7 5 6 0 2 4 1 8 3]
 [4 0 1 3 9 8 6 0 7]
 [8 0 4 2 1 3 7 6 5]
 [5 9 3 0 4 0 8 0 2]
 [0 2 0 7 6 5 4 1 9]
 [0 6 2 9 5 0 0 3 1]
 [0 8 5 1 3 7 9 4 6]
 [1 4 9 8 0 6 5 2 0]]
Number of cells unfilled: 15
Accuracy: 81.48148148148148
Sample: 96661
Question:
[[0 2 0 5 0 1 0 9 7]
 [0 0 7 0 0 0 5 0 3]
 [8 0 4 0 0 9 0 6 1]
 [0 0 1 7 4 8 0 2 0]
 [0 0 3 0 0 2 9 4 6]
 [0 0 0 6 0 0 0 7 0]
 [0 1 0 9 2 0 0 0 0]
 [6 0 0 0 0 7 8 5 2]
 [4 0 0 0 3 0 0 0 0]]
Solution:
[[9 3 8 6 7 1 2 5 4]
 [7 5 6 0 2 4 1 8 3]
 [4 0 1 3 9 8 6 0 7]
 [8 0 4 2 1 9 7 6 5]
 [1 9 3 0 4 0 8 0 2]
 [0 2 0 7 6 5 4 1 9]
 [0 6 2 9 5 7 0 3 1]
 [0 8 5 1 3 2 9 7 6]
 [3 4 9 8 0 6 5 2 0]]
Number of cells unfilled: 14
Accuracy: 82.71604938271605
Sample: 96662
Question:
[[0 8 0 0 3 0 0 0 7]
 [0 0 3 6 0 0 8 0 0]
 [7 1 0 0 0 8 0 0 0]
 [0 0 8 0 0 3 2 0 6]
 [0 0 7 0 0 2 0 0 1]
 [0 0 0 4 0 0 0 5 0]
 [9 0 0 0 0 0 0 2 0]
 [0 0 1 0 0 6 0 0 3]
 [0 0 0 0 0 0 0 0 0]]
Solution:
[[9 3 8 6 7 1 2 5 4]
 [7 5 6 0 2 4 1 8 3]
 [4 0 1 3 9 8 6 0 7]
 [8 0 4 2 1 9 7 6 5]
 [6 9 3 0 4 0 8 0 2]
 [0 2 0 7 6 5 4 1 9]
 [0 6 2 9 5 7 0 3 1]
 [0 8 5 1 3 2 9 7 6]
 [1 4 9 8 0 6 5 2 0]]
Number of cells unfilled: 14
Accuracy: 82.71604938271605
Sample: 96663
Question:
[[0 9 0 0 7 0 0 1 8]
 [3 0 0 0 0 0 2 0 0]
 [0 0 0 0 0 6 0 0 3]
 [0 0 0 1 0 0 0 0 5]
 [4 0 0 7 0 0 0 0 0]
 [0 1 0 0 0 9 0 7 6]
 [0 0 0 0 0 8 5 0 0]
 [0 0 0 0 9 0 0 0 0]
 [0 8 0 6 0 0 0 3 9]]
Solution:
[[9 3 8 6 7 1 2 5 4]
 [7 5 6 0 2 4 1 8 3]
 [4 0 1 3 9 8 6 0 7]
 [8 0 4 2 1 3 7 6 5]
 [6 9 3 0 4 0 8 0 2]
 [0 2 0 7 6 5 4 1 9]
 [0 6 2 9 5 7 0 3 1]
 [0 8 5 1 3 2 9 4 6]
 [1 4 9 8 0 6 5 2 0]]
Number of cells unfilled: 14
Accuracy: 82.71604938271605
Sample: 96664
Question:
[[3 9 0 0 0 0 0 0 0]
 [0 0 0 0 0 7 0 0 0]
 [0 0 4 0 9 0 3 0 2]
 [0 3 0 0 5 0 4 0 6]
 [4 0 2 0 0 0 0 0 0]
 [0 0 5 0 0 0 0 8 0]
 [2 0 0 0 4 0 5 0 9]
 [0 0 3 0 0 0 6 0 0]
 [0 0 0 0 0 6 0 1 0]]
Solution:
[[9 3 8 6 7 1 2 5 4]
 [7 5 6 0 2 4 1 8 3]
 [4 0 1 3 9 8 6 0 7]
 [8 0 4 2 1 9 7 6 5]
 [5 9 3 0 4 0 8 0 2]
 [0 2 0 7 6 5 4 1 9]
 [6 8 2 9 5 7 0 3 1]
 [0 7 5 1 3 2 9 4 6]
 [3 4 9 8 0 6 5 2 0]]
Number of cells unfilled: 13
Accuracy: 83.9506172839506
Sample: 96665
Question:
[[0 0 0 0 0 0 7 5 0]
 [0 6 0 9 0 0 0 0 4]
 [0 0 0 0 0 1 0 9 0]
 [3 0 0 0 0 8 1 0 0]
 [0 0 5 0 3 0 0 0 0]
 [0 2 0 7 0 0 0 0 8]
 [0 4 0 0 0 0 0 8 0]
 [2 0 6 0 0 9 0 0 7]
 [7 0 0 4 0 0 2 0 0]]
Solution:
[[9 3 8 6 7 1 2 5 4]
 [7 5 6 0 2 4 1 8 3]
 [4 0 1 3 9 8 6 0 7]
 [8 0 4 2 1 9 7 6 5]
 [5 9 3 0 4 0 8 0 2]
 [0 2 0 7 6 5 4 1 9]
 [0 6 2 9 5 7 0 3 1]
 [0 7 5 1 3 2 9 4 6]
 [1 4 9 8 0 6 5 2 0]]
Number of cells unfilled: 14
Accuracy: 82.71604938271605
Sample: 96666
Question:
[[0 0 0 0 0 4 0 0 8]
 [1 0 0 5 0 7 0 0 0]
 [0 4 3 0 6 0 0 5 0]
 [0 0 0 4 0 0 0 0 0]
 [0 7 4 0 0 6 0 3 0]
 [0 0 0 0 3 0 9 0 0]
 [0 3 5 6 0 0 0 7 0]
 [4 0 0 0 0 0 5 0 0]
 [0 0 7 0 0 0 0 0 2]]
Solution:
[[9 3 8 6 7 1 2 5 4]
 [7 5 6 0 2 4 1 8 3]
 [4 0 1 3 9 8 6 0 7]
 [8 0 4 2 1 9 7 6 5]
 [5 9 3 0 4 0 8 0 2]
 [0 2 0 7 6 5 4 1 9]
 [0 6 2 9 5 7 0 3 1]
 [0 8 5 1 3 2 9 4 6]
 [3 4 9 8 0 6 5 2 0]]
Number of cells unfilled: 14
Accuracy: 82.71604938271605
Sample: 96667
Question:
[[0 6 0 0 7 0 0 0 8]
 [7 0 0 0 0 5 0 0 0]
 [0 0 3 0 0 9 0 0 0]
 [0 7 0 0 6 0 0 4 0]
 [3 0 0 9 0 0 0 0 2]
 [0 0 1 3 0 0 0 0 0]
 [5 0 0 0 0 0 0 2 7]
 [0 4 0 0 2 0 6 0 0]
 [0 0 0 0 0 0 0 8 4]]
Solution:
[[9 3 8 6 7 1 2 5 4]
 [7 5 6 0 2 4 1 8 3]
 [4 0 1 3 9 8 6 0 7]
 [8 0 4 2 1 9 7 6 5]
 [6 9 3 0 4 0 8 0 2]
 [0 2 0 7 6 5 4 1 9]
 [0 6 2 9 5 7 0 3 1]
 [0 8 5 1 3 2 9 7 6]
 [1 4 9 8 0 6 5 2 0]]
Number of cells unfilled: 14
Accuracy: 82.71604938271605
Sample: 96668
Question:
[[9 0 0 0 0 4 0 0 0]
 [0 6 0 0 0 0 0 0 0]
 [0 0 5 1 0 0 7 0 0]
 [0 0 0 0 2 0 8 7 0]
 [0 0 8 7 0 0 0 0 3]
 [0 0 0 0 9 0 1 5 0]
 [0 4 0 0 0 2 0 0 0]
 [6 5 0 0 0 0 3 0 0]
 [0 0 7 5 0 0 0 1 0]]
Solution:
[[9 3 8 6 7 1 2 5 4]
 [7 5 6 0 2 4 1 8 3]
 [4 0 1 3 9 8 6 0 7]
 [8 0 4 2 1 3 7 6 5]
 [6 9 3 0 4 0 8 0 2]
 [0 2 0 7 6 5 4 1 9]
 [0 6 2 9 5 7 0 3 1]
 [0 8 5 1 3 2 9 4 6]
 [1 4 9 8 0 6 5 2 0]]
Number of cells unfilled: 14
Accuracy: 82.71604938271605
Sample: 96669
Question:
[[0 0 0 0 3 0 0 8 0]
 [2 9 0 0 0 8 0 0 0]
 [0 0 0 0 6 1 2 0 9]
 [0 6 0 3 0 0 4 0 0]
 [0 0 0 0 0 0 0 0 0]
 [7 0 5 0 0 0 1 6 0]
 [6 0 4 0 8 0 0 1 3]
 [0 7 0 0 1 0 0 0 0]
 [3 0 0 0 0 0 6 2 0]]
Solution:
[[9 3 8 6 7 1 2 5 4]
 [7 5 6 0 2 4 1 8 3]
 [4 0 1 3 9 8 6 0 7]
 [8 0 4 2 1 3 7 6 5]
 [1 9 3 0 4 0 8 0 2]
 [0 2 0 7 6 5 4 1 9]
 [0 6 2 9 5 7 0 3 1]
 [0 8 5 1 3 2 9 7 6]
 [3 4 9 8 0 6 5 2 0]]
Number of cells unfilled: 14
Accuracy: 82.71604938271605
Sample: 96670
Question:
[[0 0 0 4 2 0 6 0 7]
 [0 0 0 0 9 0 0 0 8]
 [2 0 0 0 0 6 0 0 5]
 [0 0 0 0 0 0 0 0 4]
 [8 0 2 0 0 0 0 0 0]
 [3 0 0 5 1 4 0 0 0]
 [0 8 0 0 0 0 0 0 0]
 [1 0 0 0 0 0 7 0 0]
 [4 0 5 3 0 2 0 9 0]]
Solution:
[[9 3 8 6 7 1 2 5 4]
 [7 5 6 0 2 4 1 8 3]
 [4 0 1 3 9 8 6 0 7]
 [8 0 4 2 1 9 7 6 5]
 [5 9 3 0 4 0 8 0 2]
 [0 2 0 7 6 5 4 1 9]
 [6 8 2 9 5 7 0 3 1]
 [0 7 5 1 3 2 9 4 6]
 [3 4 9 8 0 6 5 2 0]]
Number of cells unfilled: 13
Accuracy: 83.9506172839506
Sample: 96671
Question:
[[0 8 3 0 0 6 0 0 0]
 [4 7 0 0 0 0 0 0 0]
 [1 0 0 0 0 7 8 2 0]
 [0 0 0 7 0 0 0 0 0]
 [0 0 1 4 0 0 3 0 0]
 [0 0 4 0 0 2 0 0 5]
 [0 0 0 0 5 0 0 0 9]
 [0 1 5 0 0 0 2 0 3]
 [0 0 0 9 0 0 0 8 1]]
Solution:
[[9 3 8 6 7 1 2 5 4]
 [7 5 6 0 2 4 1 8 3]
 [4 0 1 3 9 8 6 0 7]
 [8 0 4 2 1 9 7 6 5]
 [6 9 3 0 4 0 8 0 2]
 [0 2 0 7 6 5 4 1 9]
 [0 6 2 9 5 7 0 3 1]
 [0 8 5 1 3 2 9 7 6]
 [1 4 9 8 0 6 5 2 0]]
Number of cells unfilled: 14
Accuracy: 82.71604938271605
Sample: 96672
Question:
[[0 8 0 3 0 0 7 0 1]
 [0 0 0 0 0 4 0 3 0]
 [3 0 0 0 8 0 0 0 0]
 [5 0 0 2 0 0 0 1 0]
 [0 0 0 0 0 8 2 0 7]
 [0 2 0 0 1 7 0 0 5]
 [0 5 9 8 0 0 1 0 3]
 [0 0 0 0 0 0 0 0 0]
 [1 0 6 0 9 0 0 0 0]]
Solution:
[[9 3 8 6 7 1 2 5 4]
 [7 5 6 0 2 4 1 8 3]
 [4 0 1 3 9 8 6 0 7]
 [8 0 4 2 1 9 7 6 5]
 [6 9 3 0 4 0 8 0 2]
 [0 2 0 7 6 5 4 1 9]
 [0 6 2 9 5 7 0 3 1]
 [0 8 5 1 3 2 9 7 6]
 [3 4 9 8 0 6 5 2 0]]
Number of cells unfilled: 14
Accuracy: 82.71604938271605
Sample: 96673
Question:
[[0 5 0 3 0 0 9 0 0]
 [0 0 8 0 0 6 0 0 0]
 [7 0 0 0 2 0 0 0 0]
 [1 0 0 0 6 0 5 3 0]
 [0 3 0 9 0 0 0 0 4]
 [0 0 0 0 0 0 8 9 0]
 [0 0 1 0 0 7 4 0 0]
 [2 0 0 0 0 0 0 0 0]
 [0 4 0 8 0 0 0 5 0]]
Solution:
[[9 3 8 6 7 1 2 5 4]
 [7 5 6 0 2 4 1 8 3]
 [4 0 1 3 9 8 6 0 7]
 [8 0 4 2 1 9 7 6 5]
 [5 9 3 0 4 0 8 0 2]
 [0 2 0 7 6 5 4 1 9]
 [6 8 2 9 5 7 0 3 1]
 [0 7 5 1 3 2 9 4 6]
 [1 4 9 8 0 6 5 2 0]]
Number of cells unfilled: 13
Accuracy: 83.9506172839506
Sample: 96674
Question:
[[0 0 7 0 2 0 8 1 0]
 [0 8 0 0 0 0 0 0 6]
 [0 0 0 8 0 0 0 0 0]
 [0 2 0 0 4 0 0 5 0]
 [0 0 4 0 0 0 0 0 1]
 [7 5 0 1 0 0 4 0 0]
 [0 6 5 0 1 0 7 0 2]
 [0 0 2 0 5 0 1 0 0]
 [9 0 0 0 0 0 0 3 0]]
Solution:
[[9 3 8 6 7 1 2 5 4]
 [7 5 6 0 2 4 1 8 3]
 [4 0 1 3 9 8 6 0 7]
 [8 0 4 2 1 3 7 6 5]
 [5 9 3 0 4 0 8 0 2]
 [0 2 0 7 6 5 4 1 9]
 [6 7 2 9 5 0 0 3 1]
 [0 8 5 1 3 7 9 4 6]
 [1 4 9 8 0 6 5 2 0]]
Number of cells unfilled: 14
Accuracy: 82.71604938271605
Sample: 96675
Question:
[[0 0 2 5 0 0 0 0 0]
 [0 1 0 0 6 0 5 0 0]
 [0 0 0 2 0 7 0 0 6]
 [0 9 0 0 0 0 8 0 0]
 [0 0 5 0 7 0 0 0 1]
 [0 0 0 0 0 0 0 4 0]
 [0 4 0 0 0 3 0 9 0]
 [0 0 1 0 2 0 0 0 5]
 [8 0 0 0 0 0 3 0 0]]
Solution:
[[9 3 8 6 7 1 2 5 4]
 [7 5 6 0 2 4 1 8 3]
 [4 0 1 3 9 8 6 0 7]
 [8 0 4 2 1 9 7 6 5]
 [6 9 3 0 4 0 8 0 2]
 [0 2 0 7 6 5 4 1 9]
 [0 6 2 9 5 0 0 3 1]
 [0 8 5 1 3 7 9 4 6]
 [1 4 9 8 0 6 5 2 0]]
Number of cells unfilled: 15
Accuracy: 81.48148148148148
Sample: 96676
Question:
[[7 0 0 2 0 0 0 0 8]
 [0 4 0 0 0 0 0 0 0]
 [0 0 1 0 0 5 0 0 0]
 [0 0 3 0 6 0 0 4 0]
 [4 0 0 7 0 0 8 0 0]
 [0 0 0 0 0 1 0 0 9]
 [0 5 0 0 0 7 9 0 2]
 [0 3 0 0 2 0 7 0 4]
 [2 0 0 9 0 0 0 8 0]]
Solution:
[[9 3 8 6 7 1 2 5 4]
 [7 5 6 0 2 4 1 8 3]
 [4 0 1 3 9 8 6 0 7]
 [8 0 4 2 1 9 7 6 5]
 [5 9 3 0 4 0 8 0 2]
 [0 2 0 7 6 5 4 1 9]
 [0 6 2 9 5 7 0 3 1]
 [0 8 5 1 3 2 9 7 6]
 [1 4 9 8 0 6 5 2 0]]
Number of cells unfilled: 14
Accuracy: 82.71604938271605
Sample: 96677
Question:
[[0 0 7 0 0 1 0 0 0]
 [0 0 0 0 0 0 0 5 0]
 [0 1 5 0 0 8 0 0 0]
 [0 5 0 0 0 0 0 6 0]
 [1 0 0 0 0 2 0 0 3]
 [0 8 9 0 0 0 0 1 0]
 [6 0 0 0 7 0 0 3 0]
 [9 0 8 0 5 0 7 2 0]
 [0 0 0 8 0 4 0 0 0]]
Solution:
[[9 3 8 6 7 1 2 5 4]
 [7 5 6 0 2 4 1 8 3]
 [4 0 1 3 9 8 6 0 7]
 [8 0 4 2 1 3 7 6 5]
 [5 9 3 0 4 0 8 0 2]
 [0 2 0 7 6 5 4 1 9]
 [0 6 2 9 5 7 0 3 1]
 [0 7 5 1 3 2 9 4 6]
 [1 4 9 8 0 6 5 2 0]]
Number of cells unfilled: 14
Accuracy: 82.71604938271605
Sample: 96678
Question:
[[8 0 0 0 0 4 0 0 0]
 [0 6 0 1 7 0 0 8 0]
 [1 0 0 0 9 0 5 0 0]
 [0 0 8 7 2 0 0 1 0]
 [0 2 0 0 0 0 0 0 7]
 [7 0 0 9 0 0 0 0 5]
 [0 0 0 0 0 9 0 0 0]
 [0 0 6 2 0 0 0 0 3]
 [2 0 0 6 1 0 0 5 0]]
Solution:
[[9 3 8 6 7 1 2 5 4]
 [7 5 6 0 2 4 1 8 3]
 [4 0 1 3 9 8 6 0 7]
 [8 0 4 2 1 9 7 6 5]
 [5 9 3 0 4 0 8 0 2]
 [0 2 0 7 6 5 4 1 9]
 [6 7 2 9 5 0 0 3 1]
 [0 8 5 1 3 7 9 4 6]
 [1 4 9 8 0 6 5 2 0]]
Number of cells unfilled: 14
Accuracy: 82.71604938271605
Sample: 96679
Question:
[[0 0 0 0 0 2 0 0 0]
 [1 0 0 7 0 0 0 0 5]
 [0 0 0 0 0 0 0 4 0]
 [0 0 9 0 5 0 8 0 0]
 [5 0 0 1 8 0 0 0 3]
 [7 0 0 3 0 0 0 0 6]
 [0 0 0 5 0 0 6 3 0]
 [6 0 0 0 7 0 5 0 0]
 [0 5 0 0 0 1 0 0 7]]
Solution:
[[9 3 8 6 7 1 2 5 4]
 [7 5 6 0 2 4 1 8 3]
 [4 0 1 3 9 8 6 0 7]
 [8 0 4 2 1 3 7 6 5]
 [5 9 3 0 4 0 8 0 2]
 [0 2 0 7 6 5 4 1 9]
 [0 6 2 9 5 7 0 3 1]
 [0 8 5 1 3 2 9 7 6]
 [1 4 9 8 0 6 5 2 0]]
Number of cells unfilled: 14
Accuracy: 82.71604938271605
Sample: 96680
Question:
[[0 0 0 0 0 2 0 8 4]
 [4 0 0 1 0 0 0 0 0]
 [0 0 2 0 5 0 1 0 0]
 [0 2 0 0 3 0 0 0 0]
 [5 0 0 0 0 1 2 0 0]
 [0 0 0 0 0 0 0 7 0]
 [1 0 0 0 0 8 4 2 0]
 [0 6 0 2 0 0 0 0 9]
 [0 0 0 9 0 5 8 0 0]]
Solution:
[[9 3 8 6 7 1 2 5 4]
 [7 5 6 0 2 4 1 8 3]
 [4 0 1 3 9 8 6 0 7]
 [8 0 4 2 1 3 7 6 5]
 [5 9 3 0 4 0 8 0 2]
 [0 2 0 7 6 5 4 1 9]
 [0 6 2 9 5 7 0 3 1]
 [0 8 5 1 3 2 9 4 6]
 [3 4 9 8 0 6 5 2 0]]
Number of cells unfilled: 14
Accuracy: 82.71604938271605
Sample: 96681
Question:
[[0 0 0 0 8 0 0 0 0]
 [1 7 0 3 0 0 0 8 0]
 [0 6 0 0 0 1 0 0 2]
 [7 9 0 0 0 8 0 3 0]
 [0 0 5 9 3 0 8 0 0]
 [0 0 0 7 0 0 4 0 0]
 [3 8 0 0 9 0 0 1 0]
 [0 5 6 0 0 0 0 0 0]
 [0 0 0 0 0 0 0 0 0]]
Solution:
[[9 3 8 6 7 1 2 5 4]
 [7 5 6 0 2 4 1 8 3]
 [4 0 1 3 0 8 6 9 7]
 [8 0 4 2 1 3 7 6 5]
 [5 9 3 0 4 0 8 0 2]
 [0 2 0 7 6 5 4 1 9]
 [6 7 2 9 5 0 0 3 1]
 [0 8 5 1 3 7 9 4 6]
 [3 4 9 8 0 6 5 2 0]]
Number of cells unfilled: 14
Accuracy: 82.71604938271605
Sample: 96682
Question:
[[0 0 0 2 0 7 0 0 1]
 [0 2 0 1 0 0 6 0 0]
 [0 0 1 0 6 0 0 4 0]
 [0 4 0 0 1 0 0 0 6]
 [0 0 0 0 0 0 0 3 0]
 [0 0 0 0 0 5 0 1 0]
 [0 1 0 0 7 0 9 0 4]
 [0 6 0 0 2 0 0 0 7]
 [8 0 0 9 0 0 0 0 0]]
Solution:
[[9 3 8 6 7 1 2 5 4]
 [7 5 6 0 2 4 1 8 3]
 [4 0 1 3 9 8 6 0 7]
 [8 0 4 2 1 3 7 6 5]
 [5 9 3 0 4 0 8 0 2]
 [0 2 0 7 6 5 4 1 9]
 [0 6 2 9 5 7 0 3 1]
 [0 8 5 1 3 2 9 7 6]
 [3 4 9 8 0 6 5 2 0]]
Number of cells unfilled: 14
Accuracy: 82.71604938271605
Sample: 96683
Question:
[[0 0 0 7 0 0 0 6 0]
 [5 0 3 0 0 0 0 0 2]
 [0 6 0 2 0 1 3 0 0]
 [0 2 0 3 0 6 0 9 0]
 [0 0 0 9 8 0 0 0 0]
 [0 0 0 0 0 0 0 0 3]
 [0 3 0 1 0 9 0 0 6]
 [0 0 4 0 0 0 1 0 0]
 [0 0 0 0 7 0 9 0 0]]
Solution:
[[9 3 8 6 7 1 2 5 4]
 [7 5 6 0 2 4 1 8 3]
 [4 0 1 3 9 8 6 0 7]
 [8 0 4 2 1 3 7 6 5]
 [6 9 3 0 4 0 8 0 2]
 [0 2 0 7 6 5 4 1 9]
 [0 6 2 9 5 0 0 3 1]
 [0 8 5 1 3 7 9 4 6]
 [3 4 9 8 0 6 5 2 0]]
Number of cells unfilled: 15
Accuracy: 81.48148148148148
Sample: 96684
Question:
[[0 0 2 0 5 0 0 1 0]
 [0 0 0 6 0 0 5 0 0]
 [5 0 0 0 0 0 8 0 0]
 [4 0 0 0 0 3 0 0 5]
 [0 0 1 5 9 0 0 7 0]
 [0 0 0 0 7 0 0 2 3]
 [0 5 0 0 1 0 2 0 0]
 [0 0 9 0 0 0 0 0 1]
 [0 0 0 7 0 9 0 0 0]]
Solution:
[[9 3 8 6 7 1 2 5 4]
 [7 5 6 0 2 4 1 8 3]
 [4 0 1 3 9 8 6 0 7]
 [8 0 4 2 1 3 7 6 5]
 [6 9 3 0 4 0 8 0 2]
 [0 2 0 7 6 5 4 1 9]
 [0 6 2 9 5 0 0 3 1]
 [0 8 5 1 3 7 9 4 6]
 [1 4 9 8 0 6 5 2 0]]
Number of cells unfilled: 15
Accuracy: 81.48148148148148
Sample: 96685
Question:
[[0 0 5 0 7 9 0 0 3]
 [3 1 0 0 0 4 0 7 0]
 [0 0 0 0 0 0 5 0 0]
 [0 0 3 0 9 2 0 5 0]
 [8 0 0 0 0 0 0 0 9]
 [0 0 0 6 0 0 3 0 2]
 [0 0 0 4 0 6 0 0 0]
 [0 0 0 0 0 0 0 0 0]
 [0 0 7 0 3 5 2 0 0]]
Solution:
[[9 3 8 6 7 1 2 5 4]
 [7 5 6 0 2 4 1 8 3]
 [4 0 1 3 9 8 6 0 7]
 [8 0 4 2 1 9 7 6 5]
 [5 9 3 0 4 0 8 0 2]
 [0 2 0 7 6 5 4 1 9]
 [0 6 2 9 5 7 0 3 1]
 [0 8 5 1 3 2 9 7 6]
 [1 4 9 8 0 6 5 2 0]]
Number of cells unfilled: 14
Accuracy: 82.71604938271605
Sample: 96686
Question:
[[0 0 5 0 8 0 0 0 0]
 [0 9 0 0 0 0 7 0 0]
 [4 0 0 0 9 2 0 0 5]
 [0 4 0 0 0 0 0 0 0]
 [0 0 1 0 4 5 0 0 9]
 [0 0 0 3 0 0 4 0 0]
 [2 0 0 0 0 4 0 6 0]
 [0 5 0 0 2 1 0 0 4]
 [1 0 0 8 0 0 0 0 0]]
Solution:
[[9 3 8 6 7 1 2 5 4]
 [7 5 6 0 2 4 1 8 3]
 [4 0 1 3 9 8 6 0 7]
 [8 0 4 2 1 9 7 6 5]
 [6 9 3 0 4 0 8 0 2]
 [0 2 0 7 6 5 4 1 9]
 [0 6 2 9 5 7 0 3 1]
 [0 8 5 1 3 2 9 7 6]
 [1 4 9 8 0 6 5 2 0]]
Number of cells unfilled: 14
Accuracy: 82.71604938271605
Sample: 96687
Question:
[[0 5 0 0 9 0 6 0 0]
 [0 7 0 3 0 0 0 0 0]
 [4 0 0 0 7 5 0 0 9]
 [0 0 4 9 0 3 0 0 0]
 [0 0 0 0 5 2 0 0 4]
 [2 0 0 0 0 0 9 1 0]
 [9 0 0 0 0 0 0 0 0]
 [0 0 7 0 4 9 0 0 2]
 [0 0 0 8 0 0 0 0 0]]
Solution:
[[9 3 8 6 7 1 2 5 4]
 [7 5 6 0 2 4 1 8 3]
 [4 0 1 3 9 8 6 0 7]
 [8 0 4 2 1 9 7 6 5]
 [6 9 3 0 4 0 8 0 2]
 [0 2 0 7 6 5 4 1 9]
 [0 6 2 9 5 7 0 3 1]
 [0 8 5 1 3 2 9 7 6]
 [1 4 9 8 0 6 5 2 0]]
Number of cells unfilled: 14
Accuracy: 82.71604938271605
Sample: 96688
Question:
[[0 5 2 0 0 0 9 0 0]
 [1 0 4 9 0 0 0 0 0]
 [0 0 0 0 6 5 0 4 0]
 [0 0 0 0 0 0 0 5 0]
 [0 7 0 0 0 0 0 0 0]
 [9 0 5 4 0 0 8 0 0]
 [0 0 0 0 0 3 0 0 1]
 [0 2 0 0 0 0 5 0 8]
 [8 0 1 5 0 0 0 9 0]]
Solution:
[[9 3 8 6 7 1 2 5 4]
 [7 5 6 0 2 4 1 8 3]
 [4 0 1 3 9 8 6 0 7]
 [8 0 4 2 1 3 7 6 5]
 [5 9 3 0 4 0 8 0 2]
 [0 2 0 7 6 5 4 1 9]
 [0 6 2 9 5 7 0 3 1]
 [0 8 5 1 3 2 9 7 6]
 [3 4 9 8 0 6 5 2 0]]
Number of cells unfilled: 14
Accuracy: 82.71604938271605
Sample: 96689
Question:
[[0 7 0 0 0 0 0 0 1]
 [0 0 4 0 0 3 0 7 0]
 [8 0 3 0 0 0 4 0 0]
 [0 0 0 4 0 0 0 0 9]
 [2 0 0 0 0 0 0 0 0]
 [0 4 0 0 0 1 7 0 0]
 [0 3 0 0 0 7 8 0 0]
 [0 0 6 5 0 0 0 4 0]
 [0 8 0 0 0 4 1 6 0]]
Solution:
[[9 3 8 6 7 1 2 5 4]
 [7 5 6 0 2 4 1 8 3]
 [4 0 1 3 9 8 6 0 7]
 [8 0 4 2 1 9 7 6 5]
 [6 9 3 0 4 0 8 0 2]
 [0 2 0 7 6 5 4 1 9]
 [0 6 2 9 5 0 0 3 1]
 [0 8 5 1 3 7 9 4 6]
 [3 4 9 8 0 6 5 2 0]]
Number of cells unfilled: 15
Accuracy: 81.48148148148148
Sample: 96690
Question:
[[0 7 0 0 0 1 0 4 0]
 [0 0 3 9 0 0 6 0 0]
 [0 4 2 0 0 0 3 0 0]
 [5 0 0 0 0 7 0 0 0]
 [0 0 9 2 0 0 7 0 0]
 [0 0 0 0 0 0 0 0 8]
 [0 0 7 0 0 0 0 6 3]
 [0 9 0 6 0 0 0 7 0]
 [2 0 0 0 7 0 9 0 0]]
Solution:
[[9 3 8 6 7 1 2 5 4]
 [7 5 6 0 2 4 1 8 3]
 [4 0 1 3 9 8 6 0 7]
 [8 0 4 2 1 3 7 6 5]
 [5 9 3 0 4 0 8 0 2]
 [0 2 0 7 6 5 4 1 9]
 [6 7 2 9 5 0 0 3 1]
 [0 8 5 1 3 7 9 4 6]
 [1 4 9 8 0 6 5 2 0]]
Number of cells unfilled: 14
Accuracy: 82.71604938271605
Sample: 96691
Question:
[[1 0 0 0 0 5 0 0 0]
 [0 0 0 0 0 0 0 0 0]
 [0 9 5 0 6 0 0 0 4]
 [0 0 0 5 0 2 6 0 0]
 [0 0 8 0 0 0 0 0 9]
 [0 7 6 0 9 0 0 5 0]
 [0 4 7 0 5 0 9 0 0]
 [8 0 0 0 0 0 0 4 5]
 [0 0 0 3 0 0 0 7 0]]
Solution:
[[9 3 8 6 7 1 2 5 4]
 [7 5 6 0 2 4 1 8 3]
 [4 0 1 3 9 8 6 0 7]
 [8 0 4 2 1 9 7 6 5]
 [6 9 3 0 4 0 8 0 2]
 [0 2 0 7 6 5 4 1 9]
 [0 6 2 9 5 0 0 3 1]
 [0 8 5 1 3 7 9 4 6]
 [1 4 9 8 0 6 5 2 0]]
Number of cells unfilled: 15
Accuracy: 81.48148148148148
Sample: 96692
Question:
[[2 0 0 0 0 0 0 7 4]
 [0 1 0 0 7 5 0 0 0]
 [0 0 7 2 0 0 6 0 1]
 [0 0 0 0 0 0 0 0 0]
 [8 0 0 1 0 0 2 0 7]
 [0 0 0 0 0 7 0 3 0]
 [0 2 0 0 0 0 8 0 6]
 [7 0 8 0 0 0 0 4 0]
 [0 0 6 0 9 0 0 0 0]]
Solution:
[[9 3 8 6 7 1 2 5 4]
 [7 5 6 0 2 4 1 8 3]
 [4 0 1 3 9 8 6 0 7]
 [8 0 4 2 1 3 7 6 5]
 [5 9 3 0 4 0 8 0 2]
 [0 2 0 7 6 5 4 1 9]
 [0 6 2 9 5 7 0 3 1]
 [0 8 5 1 3 2 9 7 6]
 [1 4 9 8 0 6 5 2 0]]
Number of cells unfilled: 14
Accuracy: 82.71604938271605
Sample: 96693
Question:
[[2 0 0 0 5 0 0 0 0]
 [0 6 0 7 0 0 4 2 0]
 [4 0 0 0 0 0 0 1 8]
 [0 7 0 0 0 0 0 0 0]
 [0 0 4 9 0 0 6 7 0]
 [0 0 0 0 0 7 0 0 1]
 [0 9 0 0 0 3 0 0 0]
 [7 0 0 6 0 0 2 9 0]
 [0 0 6 0 0 0 0 8 0]]
Solution:
[[9 3 8 6 7 1 2 5 4]
 [7 5 6 0 2 4 1 8 3]
 [4 0 1 3 9 8 6 0 7]
 [8 0 4 2 1 9 7 6 5]
 [5 9 3 0 4 0 8 0 2]
 [0 2 0 7 6 5 4 1 9]
 [0 6 2 9 5 7 0 3 1]
 [0 8 5 1 3 2 9 7 6]
 [3 4 9 8 0 6 5 2 0]]
Number of cells unfilled: 14
Accuracy: 82.71604938271605
Sample: 96694
Question:
[[4 0 0 0 0 0 5 7 0]
 [0 1 0 4 0 0 0 0 8]
 [0 0 8 0 0 5 4 0 0]
 [8 0 0 0 0 1 0 0 0]
 [0 3 0 0 4 0 0 0 0]
 [0 4 0 0 0 0 0 2 0]
 [7 0 0 0 0 8 0 4 5]
 [0 0 0 0 6 0 9 0 0]
 [1 0 9 0 0 0 0 0 7]]
Solution:
[[9 3 8 6 7 1 2 5 4]
 [7 5 6 0 2 4 1 8 3]
 [4 0 1 3 9 8 6 0 7]
 [8 0 4 2 1 9 7 6 5]
 [1 9 3 0 4 0 8 0 2]
 [0 2 0 7 6 5 4 1 9]
 [6 7 2 9 5 0 0 3 1]
 [0 8 5 1 3 7 9 4 6]
 [3 4 9 8 0 6 5 2 0]]
Number of cells unfilled: 14
Accuracy: 82.71604938271605
Sample: 96695
Question:
[[4 0 0 0 0 0 8 0 0]
 [0 0 5 0 0 7 0 0 6]
 [0 0 0 0 4 0 0 0 0]
 [0 0 6 4 0 0 0 5 2]
 [3 4 0 0 5 0 0 0 0]
 [0 0 0 0 0 6 0 1 0]
 [0 0 0 7 0 0 1 0 0]
 [0 9 0 2 0 0 0 0 4]
 [0 0 4 0 6 0 0 2 7]]
Solution:
[[9 3 8 6 7 1 2 5 4]
 [7 5 6 0 2 4 1 8 3]
 [4 0 1 3 9 8 6 0 7]
 [8 0 4 2 1 3 7 6 5]
 [5 9 3 0 4 0 8 0 2]
 [0 2 0 7 6 5 4 1 9]
 [0 6 2 9 5 7 0 3 1]
 [0 7 5 1 3 2 9 4 6]
 [1 4 9 8 0 6 5 2 0]]
Number of cells unfilled: 14
Accuracy: 82.71604938271605
Sample: 96696
Question:
[[5 9 0 0 0 0 0 0 7]
 [0 0 1 0 9 0 5 4 0]
 [4 0 0 0 0 3 9 0 0]
 [0 1 0 0 0 0 0 7 0]
 [9 0 0 0 1 0 4 6 0]
 [0 0 6 2 0 0 0 0 0]
 [0 0 0 9 0 0 0 0 8]
 [0 0 0 0 0 0 0 0 0]
 [0 5 0 0 6 0 1 9 0]]
Solution:
[[9 3 8 6 7 1 2 5 4]
 [7 5 6 0 2 4 1 8 3]
 [4 0 1 3 9 8 6 0 7]
 [8 0 4 2 1 9 7 6 5]
 [5 9 3 0 4 0 8 0 2]
 [0 2 0 7 6 5 4 1 9]
 [0 6 2 9 5 7 0 3 1]
 [0 7 5 1 3 2 9 4 6]
 [3 4 9 8 0 6 5 2 0]]
Number of cells unfilled: 14
Accuracy: 82.71604938271605
Sample: 96697
Question:
[[6 0 4 0 0 0 8 0 0]
 [0 0 0 0 0 7 0 4 0]
 [0 0 9 0 0 4 0 5 0]
 [0 0 0 0 0 2 5 0 4]
 [0 0 5 0 9 0 0 0 0]
 [0 2 0 7 0 0 0 9 0]
 [2 9 0 3 0 0 0 0 0]
 [1 0 7 0 0 9 0 2 0]
 [0 0 0 0 7 0 0 0 0]]
Solution:
[[9 3 8 6 7 1 2 5 4]
 [7 5 6 0 2 4 1 8 3]
 [4 0 1 3 0 8 6 9 7]
 [8 0 4 2 1 9 7 6 5]
 [5 9 3 0 4 0 8 0 2]
 [0 2 0 7 6 5 4 1 9]
 [6 8 2 9 5 7 0 3 1]
 [0 7 5 1 3 2 9 4 6]
 [1 4 9 8 0 6 5 2 0]]
Number of cells unfilled: 13
Accuracy: 83.9506172839506
Sample: 96698
Question:
[[6 0 7 3 0 0 1 0 0]
 [0 8 0 0 0 0 0 0 0]
 [0 0 0 0 0 0 0 0 6]
 [3 0 9 7 0 0 0 6 0]
 [2 0 0 0 0 0 7 0 0]
 [0 0 0 0 6 4 0 0 3]
 [0 0 6 0 5 0 0 9 0]
 [9 0 1 6 0 0 0 0 7]
 [0 2 0 0 0 0 0 1 0]]
Solution:
[[9 3 8 6 7 1 2 5 4]
 [7 5 6 0 2 4 1 8 3]
 [4 0 1 3 9 8 6 0 7]
 [8 0 4 2 1 3 7 6 5]
 [5 9 3 0 4 0 8 0 2]
 [0 2 0 7 6 5 4 1 9]
 [0 6 2 9 5 7 0 3 1]
 [0 8 5 1 3 2 9 7 6]
 [1 4 9 8 0 6 5 2 0]]
Number of cells unfilled: 14
Accuracy: 82.71604938271605
Sample: 96699
Question:
[[8 0 2 0 0 9 4 0 0]
 [0 6 0 0 0 0 0 0 5]
 [9 0 0 6 0 3 2 0 0]
 [0 2 0 4 0 0 8 0 0]
 [4 0 0 0 3 0 0 0 0]
 [0 8 9 0 0 2 0 0 0]
 [0 0 0 0 0 4 3 0 0]
 [0 0 0 0 7 0 0 0 2]
 [0 0 1 0 2 0 0 0 0]]
Solution:
[[9 3 8 6 7 1 2 5 4]
 [7 5 6 0 2 4 1 8 3]
 [4 0 1 3 9 8 6 0 7]
 [8 0 4 2 1 3 7 6 5]
 [6 9 3 0 4 0 8 0 2]
 [0 2 0 7 6 5 4 1 9]
 [0 6 2 9 5 7 0 3 1]
 [0 8 5 1 3 2 9 7 6]
 [3 4 9 8 0 6 5 2 0]]
Number of cells unfilled: 14
Accuracy: 82.71604938271605
Sample: 96700
Question:
[[9 0 0 0 0 1 0 5 0]
 [0 5 0 0 2 0 1 8 0]
 [0 0 0 0 0 8 0 0 7]
 [0 0 0 2 0 0 7 0 5]
 [0 0 3 0 4 0 0 0 0]
 [0 2 0 0 0 5 4 1 0]
 [0 0 0 0 5 0 0 0 0]
 [0 0 0 0 0 0 0 0 6]
 [0 4 0 8 0 0 5 2 0]]
Solution:
[[9 3 8 6 7 1 2 5 4]
 [7 5 6 0 2 4 1 8 3]
 [4 0 1 3 9 8 6 0 7]
 [8 0 4 2 1 3 7 6 5]
 [6 9 3 0 4 0 8 0 2]
 [0 2 0 7 6 5 4 1 9]
 [0 6 2 9 5 7 0 3 1]
 [0 8 5 1 3 2 9 7 6]
 [1 4 9 8 0 6 5 2 0]]
Number of cells unfilled: 14
Accuracy: 82.71604938271605
