2025-10-22 16:59:32.221841: I tensorflow/core/util/port.cc:153] oneDNN custom operations are on. You may see slightly different numerical results due to floating-point round-off errors from different computation orders. To turn them off, set the environment variable `TF_ENABLE_ONEDNN_OPTS=0`.
2025-10-22 16:59:32.885160: I tensorflow/core/platform/cpu_feature_guard.cc:210] This TensorFlow binary is optimized to use available CPU instructions in performance-critical operations.
To enable the following instructions: AVX2 AVX512F AVX512_VNNI FMA, in other operations, rebuild TensorFlow with the appropriate compiler flags.
2025-10-22 16:59:38.875050: I tensorflow/core/util/port.cc:153] oneDNN custom operations are on. You may see slightly different numerical results due to floating-point round-off errors from different computation orders. To turn them off, set the environment variable `TF_ENABLE_ONEDNN_OPTS=0`.
2025-10-22 16:59:45.176309: E external/local_xla/xla/stream_executor/cuda/cuda_platform.cc:51] failed call to cuInit: INTERNAL: CUDA error: Failed call to cuInit: UNKNOWN ERROR (303)
Sample: 96701
Question:
[[0 0 0 7 9 4 6 0 0]
 [0 1 0 0 6 0 0 0 0]
 [0 0 0 0 0 0 4 0 5]
 [0 0 0 0 0 0 0 0 0]
 [0 0 0 8 1 0 2 0 6]
 [7 0 0 0 0 0 0 9 1]
 [0 5 0 0 4 0 7 0 0]
 [3 7 0 1 0 0 0 0 9]
 [8 0 6 3 0 0 0 0 2]]
Solution:
[[0 5 3 7 9 6 0 4 2]
 [9 7 6 8 2 0 5 1 3]
 [2 8 1 3 4 5 6 7 9]
 [4 6 7 5 8 3 9 2 0]
 [1 9 0 2 7 4 8 5 6]
 [3 2 5 0 6 9 1 0 4]
 [6 1 9 0 5 2 4 3 8]
 [8 4 0 1 3 7 2 9 5]
 [5 3 2 6 0 8 7 0 1]]
Number of cells unfilled: 11
Accuracy: 86.41975308641975
Sample: 96702
Question:
[[2 0 0 0 0 7 6 0 0]
 [0 4 0 0 0 0 0 0 0]
 [0 0 5 0 4 0 0 7 0]
 [8 0 0 0 0 2 1 0 0]
 [0 0 9 5 0 0 0 0 3]
 [0 0 3 0 9 0 0 0 0]
 [0 0 0 0 0 6 0 1 2]
 [1 0 0 7 0 0 0 8 6]
 [0 0 0 0 0 0 7 0 0]]
Solution:
[[0 5 3 9 1 7 0 4 2]
 [9 7 6 8 2 0 5 1 3]
 [2 4 1 3 0 5 6 7 9]
 [4 6 7 5 8 3 9 2 0]
 [1 9 0 2 7 4 8 5 6]
 [3 2 5 0 6 9 1 0 7]
 [6 1 9 7 5 2 4 3 8]
 [8 0 4 1 3 0 2 6 5]
 [5 3 2 6 4 8 7 9 1]]
Number of cells unfilled: 10
Accuracy: 87.65432098765432
Sample: 96703
Question:
[[0 7 5 0 0 8 4 0 0]
 [0 3 8 0 0 0 0 0 0]
 [1 0 0 0 0 0 5 0 2]
 [0 0 0 0 0 2 0 0 4]
 [0 0 7 0 1 3 0 0 0]
 [8 0 0 5 0 0 1 2 9]
 [0 0 1 0 0 0 0 0 0]
 [7 0 0 0 3 4 8 0 0]
 [0 0 0 0 6 0 0 4 0]]
Solution:
[[0 5 3 9 1 7 0 4 2]
 [9 7 6 4 2 8 5 1 3]
 [0 2 1 3 0 5 6 7 8]
 [4 6 7 5 8 3 9 0 0]
 [1 9 0 2 7 4 8 5 6]
 [3 8 5 0 6 9 1 2 7]
 [6 1 9 7 5 2 4 3 0]
 [8 4 0 1 3 0 2 9 5]
 [5 3 2 6 9 0 7 8 1]]
Number of cells unfilled: 12
Accuracy: 85.18518518518519
Sample: 96704
Question:
[[7 0 0 0 0 2 0 0 3]
 [0 0 0 6 4 0 0 0 0]
 [0 1 0 0 0 0 0 4 0]
 [0 0 0 2 0 0 0 0 9]
 [2 0 0 0 0 0 7 8 0]
 [0 9 0 0 0 8 3 0 0]
 [9 0 0 0 0 7 0 0 8]
 [0 7 0 8 0 0 5 0 0]
 [8 0 6 1 5 0 0 0 0]]
Solution:
[[0 5 3 9 0 1 0 4 2]
 [9 7 6 4 2 8 5 1 3]
 [2 4 1 3 0 5 6 7 9]
 [4 6 7 5 8 3 9 0 0]
 [1 9 0 2 7 4 8 5 6]
 [3 8 5 0 6 9 1 2 4]
 [6 1 9 8 5 2 4 3 7]
 [8 0 4 1 3 7 2 9 5]
 [5 3 2 6 9 0 0 8 1]]
Number of cells unfilled: 11
Accuracy: 86.41975308641975
Sample: 96705
Question:
[[6 0 3 0 0 0 2 0 1]
 [0 5 8 0 0 2 0 0 4]
 [0 0 0 0 0 0 0 9 0]
 [0 0 0 0 0 0 0 8 2]
 [0 0 5 0 3 0 0 0 0]
 [0 0 0 8 0 0 0 3 9]
 [0 9 0 1 0 6 0 0 0]
 [4 0 1 0 0 7 0 0 0]
 [0 7 0 0 0 8 0 2 0]]
Solution:
[[0 5 3 7 9 6 0 4 2]
 [9 7 6 8 2 0 5 1 3]
 [0 2 1 3 0 5 6 7 9]
 [4 6 7 5 8 1 9 0 0]
 [1 9 0 2 7 4 8 5 6]
 [3 8 5 0 6 9 1 2 7]
 [7 1 9 0 5 2 4 3 8]
 [8 4 0 1 3 7 2 6 5]
 [2 3 0 6 4 8 7 9 1]]
Number of cells unfilled: 12
Accuracy: 85.18518518518519
Sample: 96706
Question:
[[0 6 0 0 0 0 0 2 9]
 [0 0 0 8 0 0 0 7 0]
 [0 0 7 0 0 2 5 0 0]
 [0 3 4 0 8 0 2 0 0]
 [0 0 0 4 0 0 0 0 0]
 [0 0 9 0 0 1 0 0 5]
 [3 0 0 0 1 0 0 0 0]
 [0 0 1 0 0 4 0 5 0]
 [0 9 0 6 5 0 1 0 0]]
Solution:
[[0 5 3 7 9 6 0 4 2]
 [9 7 6 8 2 0 5 1 3]
 [2 8 1 3 4 5 6 7 9]
 [4 6 7 5 8 1 9 2 0]
 [1 9 0 2 7 4 8 5 6]
 [3 2 5 0 6 9 1 0 4]
 [7 1 9 0 5 2 4 3 8]
 [8 4 0 1 3 0 2 6 7]
 [5 3 2 6 0 8 0 9 1]]
Number of cells unfilled: 12
Accuracy: 85.18518518518519
Sample: 96707
Question:
[[1 6 0 0 2 0 0 0 0]
 [0 0 3 7 0 0 0 0 1]
 [7 0 0 6 0 1 0 9 0]
 [8 0 0 0 0 0 0 5 0]
 [3 0 0 0 0 4 0 0 0]
 [0 7 0 8 0 0 3 0 6]
 [6 0 0 3 0 0 1 0 8]
 [0 0 0 0 0 0 0 0 0]
 [0 0 8 0 0 0 2 0 0]]
Solution:
[[0 5 3 7 1 6 0 4 2]
 [9 7 6 8 2 0 5 1 3]
 [2 4 1 3 9 5 6 7 8]
 [4 6 7 5 8 1 9 2 0]
 [1 9 0 2 7 4 8 5 6]
 [3 2 5 0 6 9 1 0 7]
 [6 1 9 0 5 8 4 3 0]
 [8 0 4 1 3 7 2 9 5]
 [5 3 0 6 4 2 7 8 1]]
Number of cells unfilled: 11
Accuracy: 86.41975308641975
Sample: 96708
Question:
[[0 0 4 0 0 7 2 0 0]
 [0 6 0 1 0 0 0 0 5]
 [2 0 0 0 0 0 0 3 0]
 [0 0 7 0 0 4 5 0 0]
 [0 1 0 6 0 0 0 0 0]
 [8 0 0 0 0 0 0 2 0]
 [0 0 0 7 0 0 9 5 0]
 [0 0 0 0 9 0 3 0 2]
 [0 0 3 0 0 5 0 8 0]]
Solution:
[[0 5 3 7 1 6 0 4 2]
 [9 7 6 8 2 0 5 1 3]
 [2 4 1 3 9 5 6 7 8]
 [4 6 7 5 8 1 9 2 0]
 [1 9 0 2 7 4 8 5 6]
 [3 2 5 0 6 9 1 0 7]
 [7 1 9 0 5 8 4 3 0]
 [8 0 4 1 3 7 2 9 5]
 [5 3 0 6 4 2 7 8 1]]
Number of cells unfilled: 11
Accuracy: 86.41975308641975
Sample: 96709
Question:
[[0 2 0 7 0 0 0 0 0]
 [0 0 1 0 9 0 8 0 0]
 [3 0 0 0 0 4 0 0 0]
 [0 0 0 0 0 1 9 0 0]
 [0 0 9 6 0 0 0 0 5]
 [0 0 0 0 5 0 0 6 8]
 [0 7 0 2 0 0 0 0 0]
 [0 0 0 0 8 0 5 0 0]
 [4 0 0 0 0 3 0 0 2]]
Solution:
[[0 5 3 7 1 6 0 4 2]
 [9 7 6 4 2 8 5 1 3]
 [2 4 1 3 9 5 6 7 8]
 [4 6 7 5 8 1 9 2 0]
 [1 9 0 2 7 4 8 5 6]
 [3 2 5 0 6 9 1 0 4]
 [7 1 9 8 5 2 4 3 0]
 [8 0 4 1 3 0 2 6 9]
 [5 3 2 6 4 7 0 8 1]]
Number of cells unfilled: 10
Accuracy: 87.65432098765432
Sample: 96710
Question:
[[0 0 7 9 0 0 0 0 4]
 [3 0 0 0 0 7 0 9 0]
 [5 0 0 6 0 0 7 0 0]
 [0 0 5 0 0 4 9 0 0]
 [4 1 0 2 0 0 0 8 0]
 [0 0 0 0 0 0 0 0 1]
 [0 7 0 0 8 0 0 5 0]
 [2 0 0 0 0 0 0 0 0]
 [0 0 3 0 0 6 4 0 0]]
Solution:
[[0 5 3 7 1 6 0 4 2]
 [9 7 6 8 2 0 5 1 3]
 [2 4 1 3 9 5 6 7 8]
 [4 6 7 5 8 1 9 2 0]
 [1 9 0 2 7 4 8 5 6]
 [3 2 5 0 6 9 1 0 7]
 [6 1 9 0 5 8 4 3 0]
 [8 0 4 1 3 7 2 6 9]
 [5 3 0 6 4 2 7 8 1]]
Number of cells unfilled: 11
Accuracy: 86.41975308641975
Sample: 96711
Question:
[[0 9 0 2 0 1 7 0 0]
 [0 0 0 0 6 7 0 0 9]
 [0 0 0 0 9 0 0 2 0]
 [0 0 0 0 0 0 0 8 0]
 [4 0 0 0 0 6 0 0 3]
 [0 5 0 0 2 0 6 0 0]
 [0 0 3 0 0 0 0 1 0]
 [0 7 0 0 1 0 5 0 0]
 [8 0 0 0 0 2 0 0 4]]
Solution:
[[0 5 3 9 1 7 0 4 2]
 [9 7 6 4 2 0 5 1 3]
 [2 4 1 3 0 5 6 7 9]
 [4 6 7 5 8 3 9 0 0]
 [1 9 0 2 7 4 8 5 6]
 [3 8 5 0 6 9 1 2 7]
 [6 1 9 7 5 2 4 3 8]
 [8 0 4 1 3 0 2 9 5]
 [5 3 2 6 4 8 7 0 1]]
Number of cells unfilled: 11
Accuracy: 86.41975308641975
Sample: 96712
Question:
[[5 0 2 0 4 0 0 0 0]
 [0 0 0 8 0 0 0 5 0]
 [0 7 0 0 6 5 0 0 4]
 [8 0 0 0 0 0 0 0 0]
 [0 4 1 0 7 0 0 0 6]
 [0 0 0 0 0 2 0 1 0]
 [0 9 0 0 0 0 3 6 0]
 [7 0 0 3 0 0 0 0 9]
 [0 0 0 0 9 0 7 4 0]]
Solution:
[[0 5 3 8 1 6 0 4 2]
 [9 7 6 4 2 0 5 1 3]
 [2 4 1 3 0 5 6 7 9]
 [4 6 7 5 8 1 9 2 0]
 [1 9 0 2 7 4 8 5 6]
 [3 2 5 0 6 9 1 0 7]
 [6 1 9 7 5 2 4 3 8]
 [8 0 4 1 3 0 2 9 5]
 [5 3 2 6 9 8 7 0 1]]
Number of cells unfilled: 11
Accuracy: 86.41975308641975
Sample: 96713
Question:
[[0 3 5 8 0 0 0 4 0]
 [0 0 9 0 0 0 0 6 5]
 [0 0 0 0 0 0 3 0 7]
 [0 0 8 6 0 0 0 0 0]
 [0 0 0 0 0 2 0 0 0]
 [2 9 0 0 0 0 0 7 0]
 [5 0 6 0 2 8 0 9 0]
 [0 0 7 5 0 1 0 0 2]
 [8 0 0 4 0 9 0 0 0]]
Solution:
[[0 5 3 7 1 6 0 4 2]
 [9 7 6 8 2 0 5 1 3]
 [2 4 1 3 9 5 6 7 8]
 [4 6 7 5 8 1 9 0 0]
 [1 9 0 2 7 4 8 5 6]
 [3 8 5 0 6 9 1 2 7]
 [6 2 9 0 5 8 4 3 0]
 [8 0 4 1 3 7 2 9 5]
 [5 3 0 6 4 2 7 8 1]]
Number of cells unfilled: 11
Accuracy: 86.41975308641975
Sample: 96714
Question:
[[0 0 2 0 4 1 0 0 0]
 [5 6 0 0 0 2 3 0 0]
 [0 0 0 9 0 0 0 0 0]
 [4 0 0 0 0 5 0 0 0]
 [0 0 0 0 0 3 8 0 1]
 [0 0 0 0 8 0 0 9 5]
 [0 0 0 7 0 0 0 5 6]
 [0 0 4 0 6 0 0 0 0]
 [7 8 0 0 0 0 0 0 2]]
Solution:
[[0 5 3 7 1 6 0 4 2]
 [9 7 6 8 2 0 5 1 3]
 [2 8 1 3 4 5 6 7 9]
 [4 6 7 0 8 3 9 2 5]
 [1 9 0 2 7 4 8 0 6]
 [3 2 5 0 6 9 1 0 4]
 [7 1 9 0 5 2 4 3 8]
 [8 4 0 1 3 0 2 5 7]
 [5 3 2 6 0 7 0 9 1]]
Number of cells unfilled: 13
Accuracy: 83.9506172839506
Sample: 96715
Question:
[[0 0 7 0 0 0 0 9 8]
 [6 0 9 0 2 0 0 0 0]
 [4 0 0 0 0 0 3 0 0]
 [0 0 0 0 0 0 0 0 0]
 [2 0 0 0 1 5 0 0 6]
 [9 6 1 0 0 7 2 0 0]
 [0 0 0 3 0 6 0 8 0]
 [0 0 0 7 0 0 0 0 0]
 [8 3 0 5 0 0 0 0 0]]
Solution:
[[0 5 3 7 9 6 0 4 2]
 [9 7 6 8 2 0 5 1 3]
 [2 8 1 3 4 5 6 7 9]
 [4 6 7 5 8 1 9 2 0]
 [1 9 0 2 7 4 8 5 6]
 [3 2 5 0 6 9 1 0 7]
 [7 1 9 0 5 2 4 3 8]
 [8 4 0 1 3 7 2 6 5]
 [5 3 2 6 0 8 7 9 1]]
Number of cells unfilled: 10
Accuracy: 87.65432098765432
Sample: 96716
Question:
[[0 5 0 9 0 0 0 0 0]
 [3 0 0 0 6 0 0 0 9]
 [0 0 0 0 0 0 7 0 0]
 [8 0 0 0 4 0 0 0 6]
 [0 0 0 2 3 5 0 1 0]
 [5 0 0 0 0 0 0 0 4]
 [4 0 0 0 0 8 0 9 0]
 [0 3 0 0 9 0 4 0 0]
 [0 0 0 0 0 6 0 0 3]]
Solution:
[[0 5 3 0 9 7 0 4 2]
 [9 7 6 4 2 8 5 1 3]
 [0 2 1 3 0 5 6 7 9]
 [4 6 7 5 8 3 9 0 0]
 [1 9 0 2 7 4 8 5 6]
 [3 8 5 0 6 9 1 2 4]
 [2 1 9 7 5 0 4 3 8]
 [8 4 0 1 3 0 2 6 7]
 [7 3 0 6 4 2 0 9 1]]
Number of cells unfilled: 14
Accuracy: 82.71604938271605
Sample: 96717
Question:
[[3 0 0 0 0 9 7 0 4]
 [0 2 1 0 0 0 0 8 0]
 [9 0 0 0 0 0 1 0 0]
 [0 0 0 3 0 0 6 0 0]
 [7 0 0 0 0 0 0 0 0]
 [1 5 4 0 0 0 0 9 0]
 [4 0 0 6 0 0 0 0 0]
 [0 0 0 0 0 5 0 6 0]
 [0 0 5 2 0 3 0 4 8]]
Solution:
[[0 5 3 7 1 6 0 4 2]
 [9 7 6 8 2 0 5 1 3]
 [2 4 1 3 9 5 6 7 8]
 [4 6 7 5 8 3 9 2 0]
 [1 9 0 2 7 4 8 5 6]
 [3 8 5 0 6 9 1 0 7]
 [6 1 9 0 5 2 4 3 0]
 [8 0 4 1 3 7 2 6 5]
 [5 3 2 6 4 8 7 9 1]]
Number of cells unfilled: 10
Accuracy: 87.65432098765432
Sample: 96718
Question:
[[0 6 0 0 0 8 0 0 0]
 [0 0 1 2 0 0 0 4 0]
 [9 0 0 0 7 0 5 0 0]
 [5 0 0 0 8 0 0 7 0]
 [0 2 0 0 0 0 0 0 9]
 [0 0 4 9 0 0 3 0 0]
 [0 0 0 0 0 3 0 0 6]
 [2 0 0 1 0 0 0 3 0]
 [0 0 3 0 5 0 1 0 0]]
Solution:
[[0 5 3 9 1 7 0 4 2]
 [9 7 6 8 2 0 5 1 3]
 [2 4 1 3 0 5 6 7 9]
 [4 6 7 5 8 3 9 0 0]
 [1 9 0 2 7 4 8 5 6]
 [3 8 5 0 6 9 1 2 4]
 [7 1 9 0 5 2 4 3 8]
 [8 0 4 1 3 0 2 9 7]
 [5 3 2 6 9 8 0 0 1]]
Number of cells unfilled: 13
Accuracy: 83.9506172839506
Sample: 96719
Question:
[[6 9 0 0 0 0 0 0 0]
 [3 0 0 0 0 0 2 0 0]
 [0 0 5 0 0 0 0 1 0]
 [0 0 8 0 1 5 0 0 3]
 [0 7 0 0 0 9 8 0 2]
 [0 0 3 0 2 0 0 0 9]
 [0 0 0 1 0 0 0 0 0]
 [0 6 0 0 7 0 0 0 8]
 [2 0 0 8 6 0 4 9 0]]
Solution:
[[0 5 3 9 1 6 0 4 2]
 [9 7 6 4 2 8 5 1 3]
 [0 2 1 3 0 5 6 7 9]
 [4 6 7 5 8 3 9 0 0]
 [1 9 0 2 7 4 8 5 6]
 [3 8 5 0 6 9 1 2 7]
 [2 1 9 7 5 0 4 3 8]
 [8 4 0 1 3 0 2 9 5]
 [5 3 0 6 4 2 7 0 1]]
Number of cells unfilled: 13
Accuracy: 83.9506172839506
Sample: 96720
Question:
[[4 0 0 0 6 0 2 0 0]
 [0 0 5 0 0 9 0 3 0]
 [0 0 0 7 0 0 0 0 0]
 [0 0 9 0 0 5 0 6 0]
 [6 0 0 0 8 0 3 0 0]
 [0 1 0 6 0 0 0 0 2]
 [0 0 6 0 0 0 0 7 0]
 [0 4 7 1 0 0 8 0 0]
 [8 0 0 0 7 0 0 0 3]]
Solution:
[[0 5 3 9 1 7 0 4 2]
 [9 7 6 8 2 0 5 1 3]
 [0 2 1 3 4 5 6 7 9]
 [4 6 7 5 8 3 9 0 0]
 [1 9 0 2 7 4 8 5 6]
 [3 8 5 0 6 9 1 2 4]
 [7 1 9 0 5 2 4 3 8]
 [8 4 0 1 3 0 2 9 7]
 [5 3 2 6 9 8 0 0 1]]
Number of cells unfilled: 13
Accuracy: 83.9506172839506
Sample: 96721
Question:
[[0 0 3 7 0 0 0 0 1]
 [0 8 0 0 0 0 9 5 0]
 [4 0 0 0 9 0 0 0 0]
 [0 0 0 3 0 0 0 0 0]
 [0 0 1 0 8 7 0 3 0]
 [0 0 0 0 1 6 0 0 8]
 [2 0 0 0 0 0 0 0 0]
 [0 5 0 0 7 2 4 0 0]
 [0 0 7 8 0 0 0 0 6]]
Solution:
[[0 5 3 7 9 1 0 4 2]
 [9 7 6 8 2 0 5 1 3]
 [2 8 1 3 4 5 6 7 9]
 [4 6 7 5 8 3 9 2 0]
 [1 9 0 2 7 4 8 5 6]
 [3 2 5 0 6 9 1 0 4]
 [6 1 9 0 5 2 4 3 8]
 [8 4 0 1 3 0 2 9 7]
 [7 3 2 6 0 8 0 0 1]]
Number of cells unfilled: 13
Accuracy: 83.9506172839506
Sample: 96722
Question:
[[0 0 0 0 0 9 0 0 0]
 [6 0 9 0 0 0 0 3 0]
 [1 0 0 0 0 8 7 0 0]
 [2 0 1 0 0 5 0 0 3]
 [0 0 0 4 0 0 0 7 0]
 [7 0 0 3 0 0 0 1 8]
 [4 0 6 0 0 0 8 0 0]
 [0 0 0 0 4 3 5 0 0]
 [0 0 0 6 0 0 0 0 7]]
Solution:
[[0 5 3 7 1 6 0 4 2]
 [9 7 6 4 2 8 5 1 3]
 [2 4 1 3 9 5 6 7 8]
 [4 6 7 5 8 1 9 2 0]
 [1 9 0 2 7 4 8 5 6]
 [3 2 5 0 6 9 1 0 7]
 [7 1 9 8 5 2 4 3 0]
 [8 0 4 1 3 0 2 6 5]
 [5 3 2 6 4 7 0 9 1]]
Number of cells unfilled: 10
Accuracy: 87.65432098765432
Sample: 96723
Question:
[[0 0 9 5 6 0 8 0 4]
 [0 0 0 0 0 0 0 0 5]
 [2 0 0 9 0 8 1 0 0]
 [0 0 2 1 0 0 0 4 0]
 [0 6 4 0 0 0 9 0 2]
 [0 8 0 0 0 6 3 0 0]
 [0 5 1 0 0 0 0 0 0]
 [4 0 6 0 0 0 0 0 0]
 [0 0 0 0 1 0 5 0 6]]
Solution:
[[0 5 3 7 1 6 0 4 2]
 [9 7 6 4 2 8 5 1 3]
 [2 4 1 3 0 5 6 7 9]
 [4 6 7 5 8 1 9 0 0]
 [1 9 0 2 7 4 8 5 6]
 [3 8 5 0 6 9 1 2 4]
 [6 2 9 8 5 0 4 3 7]
 [8 0 4 1 3 7 2 9 5]
 [7 3 0 6 9 2 0 8 1]]
Number of cells unfilled: 11
Accuracy: 86.41975308641975
Sample: 96724
Question:
[[3 0 0 6 1 0 0 0 0]
 [1 0 6 8 0 0 2 0 9]
 [8 9 0 0 0 4 0 0 1]
 [0 0 4 0 0 7 9 3 0]
 [5 0 7 0 3 8 0 2 0]
 [0 0 0 0 4 0 6 0 5]
 [0 5 0 1 7 6 0 0 0]
 [0 2 9 0 0 0 4 0 0]
 [0 8 0 0 0 2 0 5 3]]
Solution:
[[0 5 3 7 1 6 0 4 2]
 [9 7 6 0 2 8 5 1 3]
 [0 2 1 3 4 5 6 7 8]
 [4 6 7 0 8 1 9 0 5]
 [1 9 0 2 7 4 8 0 6]
 [3 8 5 0 6 9 1 2 7]
 [6 1 9 8 5 2 4 3 0]
 [8 4 0 1 3 7 2 5 9]
 [5 3 2 6 9 0 7 8 1]]
Number of cells unfilled: 12
Accuracy: 85.18518518518519
Sample: 96725
Question:
[[0 8 0 0 0 0 0 0 0]
 [9 6 0 7 0 0 0 1 8]
 [0 0 0 0 0 0 7 2 0]
 [0 0 9 1 0 0 5 0 3]
 [0 0 0 0 5 4 0 0 0]
 [0 0 8 9 0 0 0 0 0]
 [6 7 3 0 0 0 0 0 0]
 [0 0 1 0 7 0 3 0 0]
 [5 0 0 0 0 6 2 0 0]]
Solution:
[[0 5 3 9 1 6 0 4 2]
 [9 7 6 0 2 8 5 1 3]
 [0 2 1 3 4 5 6 7 9]
 [4 6 7 5 8 3 9 0 0]
 [1 9 0 2 7 4 8 5 6]
 [3 8 5 0 6 9 1 2 4]
 [2 1 9 8 5 0 4 3 7]
 [8 4 0 1 3 7 2 9 5]
 [5 3 0 6 9 2 0 8 1]]
Number of cells unfilled: 12
Accuracy: 85.18518518518519
Sample: 96726
Question:
[[0 7 0 0 0 0 0 0 0]
 [8 0 1 0 0 0 0 9 0]
 [9 0 2 8 0 0 7 0 0]
 [0 1 0 9 0 0 0 2 0]
 [0 0 0 0 6 0 0 4 0]
 [4 0 0 0 0 8 0 0 3]
 [0 0 0 0 8 0 4 0 5]
 [0 0 0 0 0 3 6 0 0]
 [0 8 0 7 5 0 0 1 0]]
Solution:
[[0 5 3 9 1 6 0 4 2]
 [9 7 6 8 2 0 5 1 3]
 [2 4 1 3 0 5 6 7 9]
 [4 6 7 5 8 1 9 2 0]
 [1 9 0 2 7 4 8 5 6]
 [3 2 5 0 6 9 1 0 7]
 [7 1 9 0 5 2 4 3 8]
 [8 0 4 1 3 7 2 6 5]
 [5 3 2 6 4 8 7 9 1]]
Number of cells unfilled: 10
Accuracy: 87.65432098765432
Sample: 96727
Question:
[[0 0 0 0 3 0 0 0 0]
 [0 0 3 7 0 8 4 0 0]
 [8 0 0 4 0 2 7 0 3]
 [0 0 7 0 8 0 6 0 5]
 [0 6 0 5 0 0 0 4 0]
 [5 0 0 0 0 0 2 0 0]
 [9 0 0 0 0 0 0 6 0]
 [0 0 0 0 0 1 0 0 0]
 [0 0 8 0 7 0 3 0 4]]
Solution:
[[0 5 3 9 1 6 0 4 2]
 [9 7 6 8 2 0 5 1 3]
 [2 8 1 3 0 5 6 7 9]
 [4 6 7 0 8 1 9 2 5]
 [1 9 0 2 7 4 8 0 6]
 [3 2 5 0 6 9 1 0 7]
 [6 1 9 7 5 2 4 3 8]
 [8 4 0 1 3 0 2 5 0]
 [7 3 2 6 4 8 0 9 1]]
Number of cells unfilled: 13
Accuracy: 83.9506172839506
Sample: 96728
Question:
[[0 0 0 0 0 5 0 7 0]
 [0 0 3 4 0 0 0 0 1]
 [2 0 0 0 6 0 3 0 0]
 [0 0 0 0 0 4 0 0 0]
 [0 0 0 8 0 0 0 0 5]
 [0 0 1 0 2 0 6 0 0]
 [0 3 0 0 1 0 9 0 0]
 [1 0 2 0 0 0 0 0 7]
 [9 0 6 0 0 8 0 0 0]]
Solution:
[[0 5 3 8 1 7 0 4 2]
 [9 7 6 4 2 0 5 1 3]
 [2 4 1 3 0 5 6 7 9]
 [4 6 7 0 8 1 9 2 5]
 [1 9 0 2 7 4 8 0 6]
 [3 2 5 0 6 9 1 0 7]
 [6 1 9 7 5 2 4 3 8]
 [8 0 0 1 3 0 2 5 0]
 [5 3 4 6 9 8 7 0 1]]
Number of cells unfilled: 14
Accuracy: 82.71604938271605
Sample: 96729
Question:
[[0 8 0 0 0 4 3 0 0]
 [7 0 0 6 0 0 0 0 9]
 [0 0 0 0 7 0 0 0 0]
 [0 0 3 0 0 0 6 0 0]
 [0 4 0 0 0 0 0 0 5]
 [6 0 8 0 0 5 0 4 0]
 [0 0 0 1 0 0 0 0 2]
 [0 0 2 0 9 0 0 1 0]
 [0 6 0 0 0 3 5 0 0]]
Solution:
[[0 5 3 7 1 6 0 4 2]
 [9 7 6 4 2 8 5 1 3]
 [0 2 1 3 0 5 6 7 8]
 [4 6 7 5 8 3 9 0 0]
 [1 9 0 2 7 4 8 5 6]
 [3 8 5 0 6 9 1 2 7]
 [6 1 9 8 5 2 4 3 0]
 [8 4 0 1 3 7 2 9 5]
 [5 3 2 6 9 0 7 8 1]]
Number of cells unfilled: 11
Accuracy: 86.41975308641975
Sample: 96730
Question:
[[7 0 0 0 1 0 8 0 0]
 [0 2 0 7 0 0 0 4 0]
 [0 0 0 0 0 5 0 0 6]
 [0 0 0 0 0 6 0 0 5]
 [0 4 0 5 0 0 0 3 0]
 [0 0 0 0 8 0 1 6 0]
 [0 0 2 3 0 0 0 0 0]
 [4 0 7 0 0 0 0 9 0]
 [0 3 0 0 9 7 0 0 0]]
Solution:
[[0 5 3 7 9 1 0 4 2]
 [9 7 6 8 2 0 5 1 3]
 [2 8 1 3 4 5 6 7 9]
 [4 6 7 5 8 3 9 2 0]
 [1 9 0 2 7 4 8 5 6]
 [3 2 5 0 6 9 1 0 7]
 [6 1 9 0 5 2 4 3 8]
 [8 4 0 1 3 7 2 9 5]
 [7 3 2 6 0 8 0 0 1]]
Number of cells unfilled: 12
Accuracy: 85.18518518518519
Sample: 96731
Question:
[[0 0 0 0 0 2 0 6 5]
 [0 0 0 0 0 0 4 0 0]
 [0 0 4 0 5 0 0 9 2]
 [0 0 9 0 0 6 5 0 0]
 [0 8 0 2 0 0 0 0 0]
 [0 0 0 0 1 0 0 7 0]
 [3 0 0 5 0 0 0 0 0]
 [0 0 2 0 0 4 9 0 0]
 [0 1 0 7 0 0 0 0 8]]
Solution:
[[0 5 3 7 1 6 0 4 2]
 [9 7 6 8 2 0 5 1 3]
 [2 8 1 3 4 5 6 7 9]
 [4 6 7 5 8 1 9 2 0]
 [1 9 0 2 7 4 8 5 6]
 [3 2 5 0 6 9 1 0 7]
 [7 1 9 0 5 8 4 3 0]
 [8 4 0 1 3 7 2 9 5]
 [5 3 0 6 9 2 7 8 1]]
Number of cells unfilled: 11
Accuracy: 86.41975308641975
Sample: 96732
Question:
[[0 7 0 0 0 0 4 0 0]
 [0 0 1 0 0 2 0 0 0]
 [3 0 0 0 9 0 0 0 1]
 [0 1 0 0 6 0 0 0 9]
 [6 0 0 0 0 0 5 0 0]
 [9 0 0 8 0 0 0 0 0]
 [0 3 0 0 0 8 0 2 0]
 [0 0 6 0 7 0 0 0 3]
 [0 0 0 5 0 0 0 4 0]]
Solution:
[[0 5 3 7 9 1 0 4 2]
 [9 7 6 4 2 8 5 1 3]
 [2 4 1 3 0 5 6 7 9]
 [4 6 7 5 8 3 9 0 0]
 [1 9 0 2 7 4 8 5 6]
 [3 8 5 0 6 9 1 2 4]
 [6 1 9 8 5 2 4 3 0]
 [8 0 4 1 3 7 2 6 5]
 [5 3 2 6 4 0 7 8 1]]
Number of cells unfilled: 10
Accuracy: 87.65432098765432
Sample: 96733
Question:
[[6 0 4 5 0 3 0 0 0]
 [0 3 0 0 0 4 0 0 0]
 [0 1 0 9 2 0 0 0 0]
 [9 0 0 6 0 0 4 0 3]
 [8 0 0 0 7 0 0 0 0]
 [0 0 7 2 0 1 0 8 0]
 [0 7 0 0 0 0 0 0 0]
 [4 0 3 0 9 0 0 0 0]
 [0 0 0 0 0 8 6 0 1]]
Solution:
[[0 5 3 9 1 6 0 4 2]
 [9 7 6 4 2 0 5 1 3]
 [2 4 1 3 0 5 6 7 9]
 [4 6 7 5 8 3 9 2 0]
 [1 9 0 2 7 4 8 5 6]
 [3 2 5 0 6 9 1 0 4]
 [7 1 9 0 5 2 4 3 8]
 [8 0 4 1 3 7 2 6 5]
 [5 3 2 6 4 8 7 9 1]]
Number of cells unfilled: 10
Accuracy: 87.65432098765432
Sample: 96734
Question:
[[0 8 0 0 0 0 0 4 0]
 [9 0 0 6 0 0 0 0 8]
 [0 0 0 3 0 5 0 7 0]
 [2 3 0 0 0 6 4 0 0]
 [0 9 0 0 0 0 5 0 1]
 [7 0 0 8 0 2 0 0 0]
 [0 7 0 0 0 8 2 9 6]
 [0 2 0 9 0 0 0 0 0]
 [0 0 0 0 5 0 0 0 0]]
Solution:
[[0 5 3 7 1 6 0 4 2]
 [9 7 6 4 2 8 5 1 3]
 [0 2 1 3 9 5 6 7 8]
 [4 6 7 5 8 3 9 2 0]
 [1 9 0 2 7 4 8 5 6]
 [3 8 5 0 6 9 1 0 4]
 [6 1 9 8 5 2 4 3 0]
 [8 4 0 1 3 7 2 6 5]
 [5 3 2 6 4 0 7 9 1]]
Number of cells unfilled: 10
Accuracy: 87.65432098765432
Sample: 96735
Question:
[[0 0 0 0 0 0 0 1 9]
 [0 7 0 0 8 0 0 0 0]
 [0 0 9 5 0 0 8 7 0]
 [0 0 5 0 3 0 7 0 0]
 [7 0 1 0 0 0 0 3 8]
 [9 3 0 0 0 0 5 0 1]
 [8 0 0 0 0 0 0 0 3]
 [0 1 0 0 6 2 0 0 0]
 [0 9 0 0 0 0 0 5 0]]
Solution:
[[0 5 3 7 1 6 0 4 2]
 [9 7 6 8 2 0 5 1 3]
 [2 4 1 3 9 5 6 7 8]
 [4 6 7 5 8 1 9 0 0]
 [1 9 0 2 7 4 8 5 6]
 [3 8 5 0 6 9 1 2 4]
 [7 2 9 0 5 8 4 3 0]
 [8 0 4 1 3 7 2 9 5]
 [5 3 0 6 4 2 7 8 1]]
Number of cells unfilled: 11
Accuracy: 86.41975308641975
Sample: 96736
Question:
[[0 0 0 0 0 1 0 7 0]
 [0 2 3 0 0 9 0 8 0]
 [0 0 0 0 5 0 9 0 0]
 [0 0 0 0 0 5 4 0 0]
 [0 0 0 1 8 0 0 5 0]
 [0 5 0 4 0 7 0 9 1]
 [1 0 0 9 0 4 0 0 7]
 [0 0 0 0 7 8 0 0 0]
 [0 9 0 0 0 0 8 4 0]]
Solution:
[[0 5 3 9 1 7 0 4 2]
 [9 7 6 8 2 0 5 1 3]
 [2 8 1 3 4 5 6 7 9]
 [4 6 7 5 8 1 9 2 0]
 [1 9 0 2 7 4 8 5 6]
 [3 2 5 0 6 9 1 0 7]
 [6 1 9 7 5 2 4 3 8]
 [8 0 0 1 3 0 2 6 5]
 [5 3 4 6 9 8 7 0 1]]
Number of cells unfilled: 11
Accuracy: 86.41975308641975
Sample: 96737
Question:
[[0 0 0 0 2 3 0 0 0]
 [0 0 5 0 0 0 0 9 3]
 [4 0 0 0 0 9 2 0 0]
 [0 0 0 0 0 4 0 2 0]
 [0 0 0 0 1 0 0 0 5]
 [0 6 8 0 0 0 0 3 0]
 [0 0 0 4 3 0 0 1 0]
 [0 0 1 9 0 2 4 5 0]
 [0 0 0 0 5 1 0 0 9]]
Solution:
[[0 5 3 7 1 6 0 4 2]
 [9 7 6 4 2 8 5 1 3]
 [2 4 1 3 9 5 6 7 8]
 [4 6 7 5 8 1 9 0 0]
 [1 9 0 2 7 4 8 5 6]
 [3 8 5 0 6 9 1 2 4]
 [6 2 9 8 5 7 4 3 0]
 [8 0 4 1 3 0 2 6 5]
 [5 3 0 6 4 2 7 8 1]]
Number of cells unfilled: 10
Accuracy: 87.65432098765432
Sample: 96738
Question:
[[0 0 0 2 6 0 0 0 0]
 [0 0 7 0 3 5 0 0 9]
 [0 2 3 0 0 9 6 0 0]
 [5 0 0 9 0 0 0 4 0]
 [7 0 0 0 0 0 0 1 0]
 [0 6 0 0 0 0 0 0 0]
 [0 0 5 6 0 0 0 0 0]
 [2 0 0 0 9 0 7 3 0]
 [3 0 0 0 7 2 0 0 5]]
Solution:
[[0 5 3 7 9 6 0 4 2]
 [9 7 6 8 2 0 5 1 3]
 [0 2 1 3 0 5 6 7 9]
 [4 6 7 5 8 3 9 0 0]
 [1 9 0 2 7 4 8 5 6]
 [3 8 5 0 6 9 1 2 4]
 [7 1 9 0 5 2 4 3 8]
 [8 4 0 1 3 7 2 6 5]
 [5 3 2 6 4 8 7 9 1]]
Number of cells unfilled: 11
Accuracy: 86.41975308641975
Sample: 96739
Question:
[[0 0 0 4 0 0 8 0 0]
 [0 2 3 7 0 0 0 0 4]
 [0 0 0 0 6 0 0 5 0]
 [0 0 0 0 1 7 5 6 0]
 [0 0 0 5 0 0 0 7 8]
 [0 5 0 0 0 8 4 0 1]
 [0 0 0 0 0 6 7 0 0]
 [0 6 0 1 0 0 0 0 0]
 [8 0 0 0 0 4 1 0 0]]
Solution:
[[0 5 3 7 9 6 0 4 2]
 [9 7 6 8 2 0 5 1 3]
 [2 8 1 3 4 5 6 7 9]
 [4 6 7 5 8 1 9 2 0]
 [1 9 0 2 7 4 8 5 6]
 [3 2 5 0 6 9 1 0 4]
 [6 1 9 0 5 7 4 3 8]
 [8 4 0 1 3 0 2 9 7]
 [7 3 2 6 0 8 0 0 1]]
Number of cells unfilled: 13
Accuracy: 83.9506172839506
Sample: 96740
Question:
[[0 0 0 8 0 0 0 2 0]
 [0 6 4 3 0 7 0 0 0]
 [0 0 0 0 0 1 0 0 3]
 [3 0 0 0 1 0 0 0 5]
 [0 0 8 0 0 5 0 0 0]
 [0 0 0 0 8 0 0 1 7]
 [0 0 0 1 0 2 3 7 0]
 [0 0 0 5 7 0 0 8 2]
 [0 0 2 0 0 0 5 0 0]]
Solution:
[[0 5 3 7 1 6 0 4 2]
 [9 7 6 4 2 8 5 1 3]
 [2 4 1 3 9 5 6 7 8]
 [4 6 7 5 8 1 9 0 0]
 [1 9 0 2 7 4 8 5 6]
 [3 8 5 0 6 9 1 2 7]
 [6 1 9 8 5 7 4 3 0]
 [8 0 4 1 3 0 2 6 5]
 [7 3 0 6 4 2 0 9 1]]
Number of cells unfilled: 11
Accuracy: 86.41975308641975
Sample: 96741
Question:
[[0 0 9 3 0 4 0 0 7]
 [3 0 7 0 8 9 0 5 4]
 [0 8 0 5 0 0 0 0 0]
 [0 7 0 0 4 0 0 0 0]
 [9 0 5 8 0 7 4 0 0]
 [0 0 0 0 5 3 0 0 9]
 [0 0 1 0 0 8 7 0 0]
 [0 0 6 0 0 0 0 0 0]
 [0 0 0 0 0 0 0 0 3]]
Solution:
[[0 5 3 7 1 6 0 4 2]
 [9 7 6 4 2 8 5 1 3]
 [0 2 1 3 0 5 6 7 9]
 [4 6 7 0 8 3 9 0 5]
 [1 9 0 2 7 4 8 0 6]
 [3 8 5 0 6 9 1 2 4]
 [2 1 9 8 5 0 4 3 7]
 [8 4 0 1 3 7 2 5 0]
 [5 3 0 6 4 2 0 9 1]]
Number of cells unfilled: 14
Accuracy: 82.71604938271605
Sample: 96742
Question:
[[0 4 0 0 0 0 6 0 0]
 [8 0 0 6 4 0 0 1 0]
 [0 1 0 0 5 0 0 0 0]
 [0 5 1 8 0 0 2 0 9]
 [0 8 0 0 1 0 0 0 0]
 [0 0 6 0 0 3 0 0 0]
 [5 0 4 0 3 6 0 0 0]
 [0 0 0 4 8 0 3 0 0]
 [0 3 0 1 0 5 0 0 0]]
Solution:
[[0 5 3 7 9 6 0 4 2]
 [9 7 6 8 2 0 5 1 3]
 [2 8 1 3 4 5 6 7 9]
 [4 6 7 5 8 1 9 2 0]
 [1 9 0 2 7 4 8 5 6]
 [3 2 5 0 6 9 1 0 4]
 [7 1 9 0 5 2 4 3 8]
 [8 4 0 1 3 0 2 6 7]
 [5 3 2 6 0 7 0 9 1]]
Number of cells unfilled: 12
Accuracy: 85.18518518518519
Sample: 96743
Question:
[[0 5 0 0 0 0 0 0 4]
 [4 0 7 3 0 0 0 1 0]
 [8 0 0 0 4 1 0 7 0]
 [1 0 3 8 0 0 4 0 0]
 [5 7 0 0 0 0 0 0 3]
 [0 0 8 0 5 0 1 0 7]
 [0 8 0 0 0 2 0 3 0]
 [0 0 0 0 0 6 0 0 0]
 [0 0 0 0 0 0 0 0 5]]
Solution:
[[0 5 3 7 9 1 0 4 2]
 [9 7 6 8 2 0 5 1 3]
 [2 8 1 3 4 5 6 7 9]
 [4 6 7 5 8 3 9 2 0]
 [1 9 0 2 7 4 8 5 6]
 [3 2 5 0 6 9 1 0 4]
 [7 1 9 0 5 2 4 3 8]
 [8 4 0 1 3 7 2 6 5]
 [5 3 2 6 0 8 7 9 1]]
Number of cells unfilled: 10
Accuracy: 87.65432098765432
Sample: 96744
Question:
[[0 7 0 0 0 0 0 0 0]
 [0 0 0 0 0 0 1 0 0]
 [0 5 0 0 0 3 0 8 0]
 [3 0 0 6 8 0 0 0 0]
 [0 2 0 1 0 9 8 0 0]
 [0 0 1 0 3 2 9 0 6]
 [8 0 0 0 9 0 0 0 0]
 [0 6 2 3 0 0 0 9 0]
 [0 0 0 0 6 1 2 0 0]]
Solution:
[[0 5 3 8 1 7 0 4 2]
 [9 7 6 4 2 0 5 1 3]
 [2 4 1 3 9 5 6 7 8]
 [4 6 7 0 8 3 9 0 5]
 [1 9 0 2 7 4 8 0 6]
 [3 8 5 0 6 9 1 2 7]
 [6 1 9 7 5 2 4 3 0]
 [8 0 4 1 3 0 2 6 9]
 [5 3 2 6 4 0 7 8 1]]
Number of cells unfilled: 12
Accuracy: 85.18518518518519
Sample: 96745
Question:
[[0 7 0 0 0 0 5 0 0]
 [0 0 1 0 0 0 0 4 0]
 [0 3 0 0 9 6 0 0 0]
 [5 0 0 0 4 0 0 0 2]
 [0 4 7 0 0 0 0 3 5]
 [0 0 2 0 0 0 4 1 0]
 [7 0 0 5 0 0 2 0 0]
 [1 0 0 0 0 0 3 7 0]
 [0 2 3 0 1 0 0 0 0]]
Solution:
[[0 5 3 7 9 1 0 4 2]
 [9 7 6 8 2 0 5 1 3]
 [2 4 1 3 0 5 6 7 9]
 [4 6 7 5 8 3 9 0 0]
 [1 9 0 2 7 4 8 5 6]
 [3 8 5 0 6 9 1 2 4]
 [6 1 9 0 5 8 4 3 7]
 [8 0 4 1 3 0 2 6 5]
 [5 3 2 6 4 7 0 8 1]]
Number of cells unfilled: 12
Accuracy: 85.18518518518519
Sample: 96746
Question:
[[0 8 0 0 0 0 0 7 6]
 [0 0 6 0 3 0 0 0 0]
 [0 0 0 0 8 0 2 0 0]
 [0 7 0 0 2 0 0 0 0]
 [6 0 0 4 0 0 0 0 0]
 [2 3 0 0 0 7 0 9 1]
 [0 0 0 0 0 8 0 0 4]
 [7 4 0 3 0 2 0 0 0]
 [8 0 3 6 4 0 0 0 0]]
Solution:
[[0 5 3 7 1 6 0 4 2]
 [9 7 6 4 2 8 5 1 3]
 [2 4 1 3 9 5 6 7 8]
 [4 6 7 5 8 3 9 2 0]
 [1 9 0 2 7 4 8 5 6]
 [3 2 5 0 6 9 1 0 4]
 [6 1 9 8 5 2 4 3 7]
 [8 0 4 1 3 7 2 6 9]
 [7 3 2 6 4 0 0 8 1]]
Number of cells unfilled: 9
Accuracy: 88.88888888888889
Sample: 96747
Question:
[[2 0 0 4 0 5 9 0 0]
 [0 0 0 7 6 0 0 0 0]
 [4 0 6 0 2 9 0 0 7]
 [5 0 2 0 0 4 0 0 0]
 [0 6 0 9 0 0 0 4 2]
 [0 0 0 0 0 6 5 7 0]
 [0 0 7 0 0 0 0 0 0]
 [0 5 0 0 9 0 0 3 0]
 [0 0 0 0 0 0 0 1 0]]
Solution:
[[0 5 3 7 1 6 0 4 2]
 [9 7 6 4 2 8 5 1 3]
 [2 4 1 3 0 5 6 7 9]
 [4 6 7 5 8 1 9 0 0]
 [1 9 0 2 7 4 8 5 6]
 [3 8 5 0 6 9 1 2 4]
 [6 1 9 8 5 2 4 3 7]
 [8 0 4 1 3 7 2 6 5]
 [7 3 2 6 9 0 0 8 1]]
Number of cells unfilled: 10
Accuracy: 87.65432098765432
Sample: 96748
Question:
[[3 0 0 0 0 1 4 5 0]
 [0 0 0 0 3 0 6 0 8]
 [0 8 5 0 4 0 0 0 0]
 [8 0 0 1 0 0 9 0 0]
 [5 0 0 0 0 0 7 0 0]
 [0 0 6 0 0 0 0 0 0]
 [0 4 3 5 1 0 0 6 0]
 [0 0 0 0 8 4 0 0 1]
 [0 0 0 3 0 6 5 0 0]]
Solution:
[[0 5 3 8 9 1 0 4 2]
 [9 7 6 4 2 0 5 1 3]
 [2 4 1 3 0 5 6 7 9]
 [4 6 7 5 8 3 9 2 0]
 [1 9 0 2 7 4 8 5 6]
 [3 2 5 0 6 9 1 0 7]
 [6 1 9 7 5 2 4 3 8]
 [8 0 4 1 3 0 2 6 5]
 [5 3 2 6 4 8 7 9 1]]
Number of cells unfilled: 10
Accuracy: 87.65432098765432
Sample: 96749
Question:
[[3 8 0 2 0 0 0 1 0]
 [4 0 7 0 0 8 0 0 0]
 [0 1 0 3 0 7 4 0 0]
 [0 0 1 0 8 0 0 0 6]
 [0 0 0 0 0 4 0 0 0]
 [0 0 0 0 2 0 0 0 9]
 [2 7 0 0 3 0 0 8 0]
 [0 0 4 0 0 0 0 0 0]
 [1 0 0 0 7 0 2 0 3]]
Solution:
[[0 5 3 7 9 1 0 4 2]
 [9 7 6 8 2 0 5 1 3]
 [2 8 1 3 4 5 6 7 9]
 [4 6 7 5 8 3 9 2 0]
 [1 9 0 2 7 4 8 5 6]
 [3 2 5 0 6 9 1 0 4]
 [6 1 9 0 5 7 4 3 8]
 [8 4 0 1 3 0 2 9 7]
 [7 3 2 6 0 8 0 0 1]]
Number of cells unfilled: 13
Accuracy: 83.9506172839506
Sample: 96750
Question:
[[4 0 0 3 0 1 5 8 0]
 [0 0 0 4 0 0 2 0 1]
 [0 0 0 0 2 5 0 4 0]
 [8 0 0 0 0 0 0 1 0]
 [0 0 0 2 3 0 0 0 0]
 [0 0 5 1 0 8 3 0 0]
 [0 0 0 5 0 0 0 3 0]
 [0 0 0 0 4 0 0 0 8]
 [7 9 0 8 0 0 0 2 0]]
Solution:
[[0 5 3 7 9 6 0 4 2]
 [9 7 6 8 2 0 5 1 3]
 [2 8 1 3 4 5 6 7 9]
 [4 6 7 5 8 3 9 2 0]
 [1 9 0 2 7 4 8 5 6]
 [3 2 5 0 6 9 1 0 7]
 [7 1 9 0 5 2 4 3 8]
 [8 4 0 1 3 7 2 9 5]
 [5 3 2 6 0 8 7 0 1]]
Number of cells unfilled: 11
Accuracy: 86.41975308641975
Sample: 96751
Question:
[[5 0 9 0 3 0 0 0 0]
 [0 2 0 6 0 0 5 0 3]
 [0 0 0 0 0 0 9 2 0]
 [0 0 3 0 0 0 0 1 0]
 [9 0 0 0 8 4 0 0 0]
 [2 0 0 0 0 0 6 0 0]
 [0 6 0 0 1 0 2 0 5]
 [0 0 5 0 0 0 1 3 0]
 [1 0 0 0 0 0 0 9 6]]
Solution:
[[0 5 3 7 1 6 0 4 2]
 [9 7 6 4 2 8 5 1 3]
 [2 4 1 3 9 5 6 7 8]
 [4 6 7 5 8 3 9 0 0]
 [1 9 0 2 7 4 8 5 6]
 [3 8 5 0 6 9 1 2 4]
 [6 2 9 8 5 7 4 3 0]
 [8 0 4 1 3 0 2 9 5]
 [5 3 0 6 4 2 7 8 1]]
Number of cells unfilled: 10
Accuracy: 87.65432098765432
Sample: 96752
Question:
[[6 0 0 0 0 0 0 3 0]
 [0 4 0 0 6 0 7 0 9]
 [7 0 2 0 0 9 0 0 0]
 [3 7 0 9 0 0 0 4 0]
 [0 2 6 0 0 3 0 0 0]
 [4 0 9 7 0 6 0 0 2]
 [0 0 0 0 0 2 0 0 0]
 [0 0 0 0 0 0 1 0 0]
 [0 0 4 0 3 0 8 0 0]]
Solution:
[[0 5 3 7 1 6 0 4 2]
 [9 7 6 8 2 0 5 1 3]
 [2 8 1 3 4 5 6 7 9]
 [4 6 7 5 8 1 9 2 0]
 [1 9 0 2 7 4 8 5 6]
 [3 2 5 0 6 9 1 0 7]
 [7 1 9 0 5 8 4 3 0]
 [8 4 0 1 3 7 2 6 5]
 [5 3 0 6 9 2 7 8 1]]
Number of cells unfilled: 11
Accuracy: 86.41975308641975
Sample: 96753
Question:
[[6 0 7 0 0 0 0 8 0]
 [0 3 0 0 7 0 0 0 4]
 [0 4 0 3 0 6 5 0 0]
 [0 0 0 1 0 0 0 0 0]
 [0 7 0 9 0 0 0 5 0]
 [8 0 0 0 0 0 0 0 0]
 [0 0 0 0 0 0 8 4 0]
 [4 0 3 0 0 8 0 6 5]
 [0 0 6 0 5 0 3 0 7]]
Solution:
[[0 5 3 7 9 6 0 4 2]
 [9 7 6 8 2 0 5 1 3]
 [2 8 1 3 4 5 6 7 9]
 [4 6 7 5 8 3 9 2 0]
 [1 9 0 2 7 4 8 5 6]
 [3 2 5 0 6 9 1 0 4]
 [6 1 9 0 5 8 4 3 7]
 [8 4 0 1 3 7 2 9 5]
 [7 3 2 6 0 0 0 8 1]]
Number of cells unfilled: 12
Accuracy: 85.18518518518519
Sample: 96754
Question:
[[7 0 0 3 6 0 0 0 0]
 [0 5 0 0 0 0 9 0 0]
 [1 0 0 0 0 0 0 4 0]
 [0 8 7 0 0 0 5 9 0]
 [5 0 4 0 9 0 0 1 8]
 [9 0 0 0 0 0 7 0 4]
 [8 0 0 0 5 0 0 0 0]
 [0 0 1 0 0 4 0 8 0]
 [0 0 0 0 0 0 1 7 0]]
Solution:
[[0 5 3 7 1 6 0 4 2]
 [9 7 6 8 2 0 5 1 3]
 [0 2 1 3 9 5 6 7 8]
 [4 6 7 5 8 1 9 0 0]
 [1 9 0 2 7 4 8 5 6]
 [3 8 5 0 6 9 1 2 7]
 [6 1 9 0 5 2 4 3 0]
 [8 4 0 1 3 7 2 6 5]
 [5 3 2 6 4 8 7 9 1]]
Number of cells unfilled: 11
Accuracy: 86.41975308641975
Sample: 96755
Question:
[[7 1 0 0 6 4 0 0 0]
 [4 0 3 1 0 0 0 0 0]
 [0 8 6 0 0 3 0 1 0]
 [1 0 0 0 7 0 0 0 0]
 [0 0 0 4 0 0 9 2 0]
 [0 3 0 8 0 0 0 0 0]
 [0 6 0 0 0 8 0 0 3]
 [0 0 0 6 0 0 0 7 0]
 [8 4 0 0 0 7 0 0 0]]
Solution:
[[0 5 3 9 1 6 0 4 2]
 [9 7 6 4 2 8 5 1 3]
 [2 4 1 3 0 5 6 7 8]
 [4 6 7 0 8 3 9 2 5]
 [1 9 0 2 7 4 8 0 6]
 [3 2 5 0 6 9 1 0 4]
 [6 1 9 8 5 2 4 3 7]
 [8 0 4 1 3 7 2 5 9]
 [5 3 2 6 9 0 0 8 1]]
Number of cells unfilled: 11
Accuracy: 86.41975308641975
Sample: 96756
Question:
[[7 5 0 2 0 0 0 0 9]
 [0 0 0 0 0 0 5 2 0]
 [8 0 0 0 0 9 0 7 4]
 [0 0 5 8 7 0 0 9 0]
 [4 8 0 0 0 0 2 0 7]
 [0 0 0 0 0 4 0 8 5]
 [0 0 4 0 6 0 9 0 0]
 [0 2 0 0 0 0 0 0 0]
 [0 0 0 0 1 0 0 0 0]]
Solution:
[[0 5 3 7 9 6 0 4 2]
 [9 7 6 8 2 0 5 1 3]
 [2 4 1 3 0 5 6 7 9]
 [4 6 7 5 8 1 9 2 0]
 [1 9 0 2 7 4 8 5 6]
 [3 2 5 0 6 9 1 0 4]
 [7 1 9 0 5 2 4 3 8]
 [8 0 4 1 3 7 2 9 5]
 [5 3 2 6 4 8 7 0 1]]
Number of cells unfilled: 11
Accuracy: 86.41975308641975
Sample: 96757
Question:
[[8 0 4 9 0 2 0 0 0]
 [0 2 0 8 1 0 0 0 0]
 [0 0 0 0 4 5 0 2 0]
 [9 0 0 0 0 8 0 0 0]
 [0 4 0 1 0 0 0 9 0]
 [5 0 0 0 0 4 0 0 1]
 [0 5 0 0 0 1 0 0 0]
 [0 0 9 2 0 0 0 0 0]
 [0 8 1 0 5 0 3 7 0]]
Solution:
[[0 5 3 7 1 6 0 4 2]
 [9 7 6 4 2 8 5 1 3]
 [2 4 1 3 9 5 6 7 8]
 [4 6 7 5 8 3 9 0 0]
 [1 9 0 2 7 4 8 5 6]
 [3 8 5 0 6 9 1 2 7]
 [6 1 9 8 5 7 4 3 0]
 [8 0 4 1 3 0 2 9 5]
 [7 3 0 6 4 2 0 8 1]]
Number of cells unfilled: 11
Accuracy: 86.41975308641975
Sample: 96758
Question:
[[9 0 4 0 0 8 7 6 0]
 [8 0 0 0 0 0 0 4 3]
 [0 6 3 0 0 0 8 0 9]
 [0 0 7 4 0 0 6 0 0]
 [6 0 0 0 0 9 0 0 0]
 [0 0 0 0 0 0 3 0 0]
 [7 0 0 0 0 0 4 0 0]
 [0 9 0 0 0 0 0 0 8]
 [3 0 0 0 1 5 0 7 0]]
Solution:
[[0 5 3 7 9 6 0 4 2]
 [9 7 6 4 2 8 5 1 3]
 [2 4 1 3 0 5 6 7 9]
 [4 6 7 0 8 3 9 2 5]
 [1 9 0 2 7 4 8 0 6]
 [3 2 5 0 6 9 1 0 4]
 [7 1 9 0 5 2 4 3 8]
 [8 0 4 1 3 0 2 5 7]
 [5 3 2 6 4 7 0 9 1]]
Number of cells unfilled: 12
Accuracy: 85.18518518518519
Sample: 96759
Question:
[[9 8 0 0 0 6 0 0 0]
 [0 7 3 0 5 0 0 6 9]
 [0 0 0 0 0 3 8 7 0]
 [7 0 0 0 0 0 0 0 0]
 [0 0 8 5 0 0 0 4 0]
 [0 0 0 0 0 0 0 1 0]
 [0 0 0 3 7 0 0 9 0]
 [3 6 0 9 0 5 0 0 7]
 [0 0 0 0 6 8 5 0 0]]
Solution:
[[0 5 3 9 1 7 0 4 2]
 [9 7 6 8 2 0 5 1 3]
 [0 2 1 3 4 5 6 7 8]
 [4 6 7 5 8 3 9 0 0]
 [1 9 0 2 7 4 8 5 6]
 [3 8 5 0 6 9 1 2 4]
 [6 1 9 7 5 8 4 3 0]
 [8 4 0 1 3 0 2 9 5]
 [5 3 0 6 9 2 7 8 1]]
Number of cells unfilled: 12
Accuracy: 85.18518518518519
Sample: 96760
Question:
[[0 0 0 1 0 7 0 2 0]
 [5 0 3 0 0 9 0 8 0]
 [0 7 0 0 0 0 0 0 0]
 [4 2 0 8 0 0 7 0 0]
 [3 0 0 6 0 0 4 0 0]
 [7 0 0 0 0 0 0 3 0]
 [0 0 0 0 0 8 6 0 1]
 [9 0 0 0 0 0 0 4 0]
 [0 8 1 0 0 0 0 5 2]]
Solution:
[[0 5 3 7 1 6 0 4 2]
 [9 7 6 4 2 8 5 1 3]
 [0 2 1 3 9 5 6 7 8]
 [4 6 7 5 8 1 9 0 0]
 [1 9 0 2 7 4 8 5 6]
 [3 8 5 0 6 9 1 2 4]
 [2 1 9 8 5 0 4 3 7]
 [8 4 0 1 3 7 2 9 5]
 [5 3 0 6 4 2 0 8 1]]
Number of cells unfilled: 11
Accuracy: 86.41975308641975
Sample: 96761
Question:
[[0 0 6 0 0 0 0 9 0]
 [0 5 2 0 3 0 0 0 0]
 [1 0 0 0 8 0 2 0 5]
 [0 2 0 4 0 0 3 5 0]
 [9 0 3 0 0 6 0 0 0]
 [0 0 0 0 7 0 6 0 0]
 [7 0 0 0 0 0 0 0 0]
 [0 0 8 2 9 0 0 0 4]
 [0 4 0 7 0 8 0 0 0]]
Solution:
[[0 5 3 9 0 1 0 4 2]
 [9 7 6 4 2 8 5 1 3]
 [2 4 1 3 0 5 6 7 8]
 [4 6 7 0 8 3 9 0 5]
 [1 9 0 2 7 4 8 0 6]
 [3 8 5 0 6 9 1 2 4]
 [6 2 9 8 5 0 4 3 7]
 [8 0 4 1 3 7 2 5 9]
 [7 3 0 6 9 2 0 8 1]]
Number of cells unfilled: 13
Accuracy: 83.9506172839506
Sample: 96762
Question:
[[0 0 0 0 0 0 7 0 0]
 [0 0 4 0 0 2 0 1 5]
 [0 7 0 1 0 0 0 2 4]
 [0 0 9 0 3 0 0 6 0]
 [0 5 0 0 0 7 1 0 0]
 [8 0 0 0 0 0 0 0 3]
 [0 0 6 9 0 0 0 0 0]
 [0 0 0 0 8 0 0 0 0]
 [0 2 0 0 0 5 4 0 0]]
Solution:
[[0 5 3 7 1 6 0 4 2]
 [9 7 6 8 2 0 5 1 3]
 [0 2 1 3 4 5 6 7 9]
 [4 6 7 5 8 1 9 0 0]
 [1 9 0 2 7 4 8 5 6]
 [3 8 5 0 6 9 1 2 4]
 [7 1 9 0 5 2 4 3 8]
 [8 4 0 1 3 0 2 9 7]
 [2 3 0 6 9 7 0 0 1]]
Number of cells unfilled: 14
Accuracy: 82.71604938271605
Sample: 96763
Question:
[[6 5 0 0 3 4 0 0 1]
 [0 3 0 1 0 0 2 0 6]
 [0 7 0 0 0 0 0 4 9]
 [5 0 0 0 1 0 0 0 0]
 [0 0 8 0 0 0 0 0 0]
 [0 0 1 8 0 3 6 0 0]
 [0 8 0 5 0 0 1 0 0]
 [0 0 0 9 0 1 0 2 0]
 [0 0 0 0 2 0 0 0 4]]
Solution:
[[0 5 3 9 1 6 0 4 2]
 [9 7 6 4 2 0 5 1 3]
 [2 4 1 3 0 5 6 7 9]
 [4 6 7 5 8 3 9 0 0]
 [1 9 0 2 7 4 8 5 6]
 [3 8 5 0 6 9 1 2 4]
 [7 2 9 0 5 0 4 3 8]
 [8 0 4 1 3 7 2 9 5]
 [5 3 0 6 4 8 7 0 1]]
Number of cells unfilled: 13
Accuracy: 83.9506172839506
Sample: 96764
Question:
[[0 1 0 0 0 6 0 0 3]
 [0 6 4 0 8 0 0 2 0]
 [9 0 8 0 4 0 0 0 0]
 [0 0 0 1 3 0 0 6 0]
 [0 9 0 0 0 0 0 0 4]
 [0 5 0 0 0 0 0 0 1]
 [8 3 5 7 0 0 0 1 0]
 [0 0 6 0 0 4 0 0 0]
 [0 0 0 8 0 0 0 7 0]]
Solution:
[[0 5 3 7 1 6 0 4 2]
 [9 7 6 4 2 8 5 1 3]
 [2 4 1 3 9 5 6 7 8]
 [4 6 7 5 8 1 9 0 0]
 [1 9 0 2 7 4 8 5 6]
 [3 8 5 0 6 9 1 2 4]
 [6 1 9 8 5 7 4 3 0]
 [8 0 4 1 3 0 2 6 5]
 [5 3 0 6 4 2 7 8 1]]
Number of cells unfilled: 10
Accuracy: 87.65432098765432
Sample: 96765
Question:
[[0 0 7 0 0 0 0 9 6]
 [0 3 0 0 0 6 2 0 0]
 [6 8 0 0 0 0 0 0 3]
 [9 0 8 0 0 0 0 0 0]
 [3 0 0 4 7 0 5 0 0]
 [0 5 0 0 0 1 0 3 0]
 [8 0 0 6 0 0 0 2 0]
 [0 9 0 0 0 3 0 0 5]
 [0 0 0 0 4 0 0 1 0]]
Solution:
[[0 5 3 9 1 6 0 4 2]
 [9 7 6 8 2 0 5 1 3]
 [2 4 1 3 0 5 6 7 9]
 [4 6 7 5 8 1 9 2 0]
 [1 9 0 2 7 4 8 5 6]
 [3 2 5 0 6 9 1 0 4]
 [6 1 9 7 5 2 4 3 8]
 [8 0 4 1 3 0 2 6 5]
 [5 3 2 6 4 8 7 9 1]]
Number of cells unfilled: 10
Accuracy: 87.65432098765432
Sample: 96766
Question:
[[9 0 0 0 0 0 8 0 0]
 [0 4 0 0 0 9 0 0 0]
 [0 0 2 6 0 0 0 1 0]
 [0 0 0 2 0 0 0 0 1]
 [2 0 0 0 3 0 0 6 0]
 [0 0 3 0 6 0 0 0 5]
 [0 0 0 0 7 4 0 0 0]
 [8 7 0 0 0 0 0 0 3]
 [0 0 1 3 0 0 0 5 0]]
Solution:
[[0 5 3 7 1 6 0 4 2]
 [9 7 6 4 2 8 5 1 3]
 [2 4 1 3 0 5 6 7 9]
 [4 6 7 5 8 1 9 0 0]
 [1 9 0 2 7 4 8 5 6]
 [3 8 5 0 6 9 1 2 7]
 [7 1 9 8 5 2 4 3 0]
 [8 0 4 1 3 7 2 6 5]
 [5 3 2 6 9 0 7 8 1]]
Number of cells unfilled: 10
Accuracy: 87.65432098765432
Sample: 96767
Question:
[[0 5 0 0 0 6 9 0 0]
 [0 0 7 4 0 0 0 3 0]
 [0 0 0 0 1 0 0 0 2]
 [7 0 0 9 0 0 0 0 1]
 [0 0 4 0 6 0 0 9 0]
 [0 8 0 0 0 5 4 2 0]
 [0 0 0 0 0 8 2 0 0]
 [3 0 0 0 9 0 0 7 0]
 [0 0 6 0 0 0 0 0 0]]
Solution:
[[0 5 3 7 1 6 0 4 2]
 [9 7 6 4 2 8 5 1 3]
 [0 2 1 3 0 5 6 7 8]
 [4 6 7 5 8 1 9 0 0]
 [1 9 0 2 7 4 8 5 6]
 [3 8 5 0 6 9 1 2 7]
 [7 1 9 8 5 2 4 3 0]
 [8 4 0 1 3 7 2 6 5]
 [5 3 2 6 9 0 7 8 1]]
Number of cells unfilled: 11
Accuracy: 86.41975308641975
Sample: 96768
Question:
[[0 9 0 0 4 0 7 0 2]
 [8 0 0 9 0 0 0 6 0]
 [0 4 0 0 0 6 0 0 5]
 [0 0 1 0 0 5 9 0 0]
 [0 6 0 0 1 0 0 4 0]
 [0 0 0 0 0 0 0 8 0]
 [4 0 9 0 0 0 0 0 0]
 [0 8 0 7 0 0 4 0 3]
 [1 5 0 0 0 0 0 0 0]]
Solution:
[[0 5 3 9 1 6 0 4 2]
 [9 7 6 4 2 8 5 1 3]
 [2 4 1 3 0 5 6 7 9]
 [4 6 7 5 8 1 9 0 0]
 [1 9 0 2 7 4 8 5 6]
 [3 8 5 0 6 9 1 2 7]
 [7 2 9 0 5 0 4 3 8]
 [8 0 4 1 3 7 2 9 5]
 [5 3 0 6 4 2 7 0 1]]
Number of cells unfilled: 12
Accuracy: 85.18518518518519
Sample: 96769
Question:
[[3 0 0 0 1 0 0 0 0]
 [0 7 2 0 5 0 0 0 1]
 [0 0 1 0 0 3 0 2 0]
 [8 0 0 0 0 5 9 0 0]
 [0 5 0 0 7 0 0 0 6]
 [0 0 9 8 0 0 0 0 0]
 [0 0 0 0 4 0 5 6 0]
 [0 4 0 5 0 0 1 7 0]
 [0 0 0 0 0 7 0 0 4]]
Solution:
[[0 5 3 7 1 6 0 4 2]
 [9 7 6 8 2 0 5 1 3]
 [2 4 1 3 9 5 6 7 8]
 [4 6 7 5 8 3 9 0 0]
 [1 9 0 2 7 4 8 5 6]
 [3 8 5 0 6 9 1 2 7]
 [7 2 9 0 5 8 4 3 0]
 [8 0 4 1 3 7 2 9 5]
 [5 3 0 6 4 2 7 8 1]]
Number of cells unfilled: 11
Accuracy: 86.41975308641975
Sample: 96770
Question:
[[0 5 0 0 0 0 0 0 0]
 [0 0 9 7 0 0 0 4 8]
 [4 0 0 0 0 6 3 0 0]
 [0 0 8 0 7 0 0 3 6]
 [0 0 0 8 0 9 2 0 0]
 [1 0 0 6 0 3 0 0 0]
 [0 0 0 0 0 0 4 0 0]
 [0 0 6 0 0 7 0 9 3]
 [7 3 0 9 0 0 0 0 0]]
Solution:
[[0 5 3 9 1 6 0 4 2]
 [9 7 6 8 2 0 5 1 3]
 [2 4 1 3 0 5 6 7 9]
 [4 6 7 5 8 1 9 0 0]
 [1 9 0 2 7 4 8 5 6]
 [3 8 5 0 6 9 1 2 4]
 [6 1 9 7 5 2 4 3 8]
 [8 0 4 1 3 0 2 9 7]
 [7 3 2 6 4 8 0 0 1]]
Number of cells unfilled: 12
Accuracy: 85.18518518518519
Sample: 96771
Question:
[[0 9 0 8 0 0 0 4 0]
 [0 0 0 4 0 1 3 0 0]
 [0 0 0 0 7 0 2 0 1]
 [9 0 3 0 0 2 0 6 0]
 [0 0 8 6 0 0 0 0 3]
 [0 6 0 0 0 0 4 0 0]
 [7 0 0 0 0 8 5 0 0]
 [0 8 0 2 0 0 0 3 0]
 [0 0 9 0 5 0 0 0 0]]
Solution:
[[0 5 3 7 1 6 0 4 2]
 [9 7 6 4 2 8 5 1 3]
 [0 2 1 3 9 5 6 7 8]
 [4 6 7 5 8 1 9 0 0]
 [1 9 0 2 7 4 8 5 6]
 [3 8 5 0 6 9 1 2 7]
 [7 1 9 8 5 2 4 3 0]
 [8 4 0 1 3 7 2 6 9]
 [5 3 2 6 4 0 7 8 1]]
Number of cells unfilled: 10
Accuracy: 87.65432098765432
Sample: 96772
Question:
[[0 0 0 0 0 0 7 0 0]
 [0 0 1 0 4 0 0 9 0]
 [3 0 0 0 0 6 0 0 0]
 [1 0 0 0 9 0 0 5 0]
 [0 9 0 0 0 8 0 0 6]
 [0 0 2 7 0 0 0 0 0]
 [5 0 4 0 0 0 3 0 0]
 [0 1 0 0 5 0 0 2 0]
 [2 0 0 8 0 0 0 0 0]]
Solution:
[[0 5 3 7 1 6 0 4 2]
 [9 7 6 4 2 8 5 1 3]
 [2 4 1 3 9 5 6 7 8]
 [4 6 7 5 8 1 9 2 0]
 [1 9 0 2 7 4 8 5 6]
 [3 2 5 0 6 9 1 0 4]
 [6 1 9 8 5 7 4 3 0]
 [8 0 4 1 3 0 2 6 5]
 [5 3 0 6 4 2 7 9 1]]
Number of cells unfilled: 10
Accuracy: 87.65432098765432
Sample: 96773
Question:
[[7 0 0 8 2 0 0 9 0]
 [0 0 0 0 4 0 0 0 8]
 [0 0 0 0 0 0 0 0 7]
 [0 0 1 0 0 6 3 0 0]
 [0 4 0 1 0 0 2 0 0]
 [3 0 0 0 0 9 5 0 0]
 [4 0 6 0 9 0 0 0 0]
 [0 0 0 0 0 0 0 0 0]
 [0 5 2 3 0 4 0 0 0]]
Solution:
[[0 5 3 9 1 7 0 4 2]
 [9 7 6 8 2 0 5 1 3]
 [2 8 1 3 4 5 6 7 9]
 [4 6 7 5 8 1 9 2 0]
 [1 9 0 2 7 4 8 5 6]
 [3 2 5 0 6 9 1 0 4]
 [6 1 9 7 5 2 4 3 8]
 [8 4 0 1 3 0 2 6 5]
 [5 3 2 6 9 8 7 0 1]]
Number of cells unfilled: 10
Accuracy: 87.65432098765432
Sample: 96774
Question:
[[5 0 0 0 4 8 0 0 0]
 [0 0 0 0 0 0 0 5 0]
 [0 3 0 0 0 0 0 0 2]
 [9 0 0 0 0 0 1 0 0]
 [0 6 1 3 0 0 7 0 8]
 [0 0 3 4 0 7 0 0 0]
 [0 9 0 7 0 0 0 6 0]
 [0 0 0 0 3 5 0 9 0]
 [7 4 0 0 0 6 0 0 0]]
Solution:
[[0 5 3 9 1 6 0 4 2]
 [9 7 6 8 2 0 5 1 3]
 [2 4 1 3 0 5 6 7 9]
 [4 6 7 0 8 1 9 2 5]
 [1 9 0 2 7 4 8 0 6]
 [3 2 5 0 6 9 1 0 7]
 [6 1 9 7 5 2 4 3 8]
 [8 0 4 1 3 0 2 6 0]
 [7 3 2 6 4 8 0 9 1]]
Number of cells unfilled: 13
Accuracy: 83.9506172839506
Sample: 96775
Question:
[[6 0 0 0 0 0 0 0 8]
 [5 2 0 9 0 7 0 0 0]
 [0 0 0 0 0 0 0 0 0]
 [0 0 5 0 0 3 4 0 2]
 [0 0 0 7 0 1 0 0 0]
 [1 0 9 0 4 0 3 0 0]
 [3 0 0 0 0 0 0 0 0]
 [0 4 0 1 0 8 9 7 0]
 [0 0 0 0 0 0 0 6 1]]
Solution:
[[0 5 3 7 9 6 0 4 2]
 [9 7 6 8 2 0 5 1 3]
 [2 8 1 3 4 5 6 7 9]
 [4 6 7 5 8 3 9 2 0]
 [1 9 0 2 7 4 8 5 6]
 [3 2 5 0 6 9 1 0 7]
 [7 1 9 0 5 2 4 3 8]
 [8 4 0 1 3 7 2 6 5]
 [5 3 2 6 0 8 7 9 1]]
Number of cells unfilled: 10
Accuracy: 87.65432098765432
Sample: 96776
Question:
[[4 0 0 0 6 0 0 0 0]
 [0 7 0 9 0 0 0 1 0]
 [0 0 3 0 0 5 0 0 0]
 [0 0 0 0 9 0 0 8 0]
 [0 9 0 8 0 0 0 0 7]
 [0 0 0 0 0 4 9 2 0]
 [6 0 7 0 3 0 0 0 0]
 [5 0 0 0 0 0 0 0 1]
 [0 8 0 2 0 0 7 0 0]]
Solution:
[[0 5 3 0 9 6 0 4 2]
 [9 7 6 8 2 0 5 1 3]
 [2 4 1 3 0 5 6 7 9]
 [4 6 7 5 8 3 9 2 0]
 [1 9 0 2 7 4 8 5 6]
 [3 2 5 0 6 9 1 0 7]
 [6 1 9 7 5 2 4 3 8]
 [8 0 4 1 3 0 2 9 5]
 [5 3 2 6 4 8 7 0 1]]
Number of cells unfilled: 12
Accuracy: 85.18518518518519
Sample: 96777
Question:
[[0 2 0 3 4 0 6 0 0]
 [6 0 0 0 0 0 4 0 0]
 [0 0 1 0 0 0 0 0 9]
 [0 0 5 0 0 7 0 0 0]
 [4 8 0 0 2 0 0 0 0]
 [2 0 0 8 6 0 0 0 0]
 [0 0 0 0 0 0 0 7 0]
 [3 0 0 2 0 0 8 0 0]
 [0 9 0 0 0 0 0 0 5]]
Solution:
[[0 5 3 9 1 7 0 4 2]
 [9 7 6 8 2 0 5 1 3]
 [2 8 1 3 4 5 6 7 9]
 [4 6 7 5 8 1 9 2 0]
 [1 9 0 2 7 4 8 5 6]
 [3 2 5 0 6 9 1 0 7]
 [6 1 9 7 5 8 4 3 0]
 [8 0 0 1 3 0 2 9 5]
 [5 3 4 6 9 2 7 8 1]]
Number of cells unfilled: 11
Accuracy: 86.41975308641975
Sample: 96778
Question:
[[8 0 6 0 0 7 0 0 0]
 [0 0 0 0 0 0 8 2 7]
 [0 0 0 0 0 0 0 0 0]
 [0 8 1 9 4 0 0 0 6]
 [9 0 0 0 6 0 2 7 0]
 [0 6 4 0 0 0 0 0 0]
 [0 0 9 0 2 8 0 4 0]
 [0 0 8 0 0 9 0 0 0]
 [0 5 0 1 0 6 0 3 0]]
Solution:
[[0 5 3 7 9 6 0 4 2]
 [9 7 6 8 2 0 5 1 3]
 [0 2 1 3 4 5 6 7 9]
 [4 6 7 5 8 1 9 0 0]
 [1 9 0 2 7 4 8 5 6]
 [3 8 5 0 6 9 1 2 7]
 [2 1 9 0 5 7 4 3 8]
 [8 4 0 1 3 0 2 9 5]
 [5 3 0 6 0 8 7 0 1]]
Number of cells unfilled: 14
Accuracy: 82.71604938271605
Sample: 96779
Question:
[[0 7 3 0 0 0 9 0 0]
 [0 2 0 3 0 8 0 0 0]
 [1 5 0 0 0 0 0 0 0]
 [0 0 0 0 2 1 0 9 4]
 [0 3 0 0 6 0 2 0 0]
 [0 0 4 0 0 0 0 0 5]
 [6 0 2 0 0 9 0 0 0]
 [0 0 0 6 0 7 0 5 0]
 [0 0 0 0 0 0 0 1 0]]
Solution:
[[0 5 3 9 1 6 0 4 2]
 [9 7 6 4 2 8 5 1 3]
 [2 4 1 3 0 5 6 7 9]
 [4 6 7 0 8 1 9 0 5]
 [1 9 0 2 7 4 8 0 6]
 [3 8 5 0 6 9 1 2 4]
 [7 1 9 0 5 2 4 3 8]
 [8 0 4 1 3 0 2 6 7]
 [5 3 2 6 4 7 0 9 1]]
Number of cells unfilled: 12
Accuracy: 85.18518518518519
Sample: 96780
Question:
[[0 6 5 0 0 3 0 0 4]
 [0 1 8 0 4 0 0 0 3]
 [0 0 4 9 0 0 5 0 7]
 [3 0 0 5 1 4 6 0 0]
 [0 0 0 0 0 0 7 0 0]
 [0 9 0 0 0 0 0 0 1]
 [0 0 0 7 0 0 0 0 0]
 [0 0 0 0 0 9 1 8 5]
 [0 0 0 0 5 6 0 0 0]]
Solution:
[[0 5 3 8 9 1 0 4 2]
 [9 7 6 4 2 0 5 1 3]
 [0 2 1 3 0 5 6 7 9]
 [4 6 7 5 8 3 9 0 0]
 [1 9 0 2 7 4 8 5 6]
 [3 8 5 0 6 9 1 2 4]
 [6 1 9 7 5 2 4 3 8]
 [8 4 0 1 3 0 2 6 5]
 [5 3 2 6 4 8 7 9 1]]
Number of cells unfilled: 11
Accuracy: 86.41975308641975
Sample: 96781
Question:
[[0 0 0 0 3 0 0 0 8]
 [0 0 0 0 0 8 4 0 0]
 [0 0 3 0 0 0 9 5 0]
 [0 0 7 0 0 9 0 0 5]
 [0 6 0 7 1 0 0 0 0]
 [2 0 0 0 0 0 0 7 0]
 [0 0 5 0 0 3 0 0 4]
 [0 1 0 0 2 0 0 9 0]
 [7 0 0 6 0 0 0 0 0]]
Solution:
[[0 5 3 7 1 6 0 4 2]
 [9 7 6 4 2 8 5 1 3]
 [2 4 1 3 9 5 6 7 8]
 [4 6 7 5 8 1 9 2 0]
 [1 9 0 2 7 4 8 5 6]
 [3 2 5 0 6 9 1 0 7]
 [6 1 9 8 5 7 4 3 0]
 [8 0 4 1 3 0 2 6 5]
 [7 3 0 6 4 2 0 8 1]]
Number of cells unfilled: 11
Accuracy: 86.41975308641975
Sample: 96782
Question:
[[0 0 0 7 0 0 0 9 8]
 [0 1 0 0 5 0 2 0 0]
 [0 0 0 0 0 0 0 5 0]
 [0 2 8 1 0 6 0 0 0]
 [6 0 0 0 0 2 8 0 0]
 [0 0 9 0 7 0 4 0 0]
 [2 0 0 4 9 8 0 0 6]
 [0 6 1 0 0 7 0 0 0]
 [0 0 0 0 0 0 5 0 0]]
Solution:
[[0 5 3 7 9 6 0 4 2]
 [9 7 6 8 2 0 5 1 3]
 [0 2 1 3 0 5 6 7 9]
 [4 6 7 5 8 3 9 0 0]
 [1 9 0 2 7 4 8 5 6]
 [3 8 5 0 6 9 1 2 7]
 [7 1 9 0 5 2 4 3 8]
 [8 4 0 1 3 7 2 6 5]
 [5 3 2 6 4 8 7 9 1]]
Number of cells unfilled: 11
Accuracy: 86.41975308641975
Sample: 96783
Question:
[[1 0 0 6 0 0 0 0 0]
 [0 2 0 0 4 0 0 9 0]
 [0 0 7 0 0 2 0 0 5]
 [0 1 2 8 0 0 0 0 3]
 [4 0 0 0 0 0 0 0 0]
 [0 3 5 0 0 1 6 0 0]
 [0 0 0 7 0 0 0 4 0]
 [0 0 0 0 5 0 8 0 0]
 [0 8 0 0 0 3 0 0 2]]
Solution:
[[0 5 3 7 9 1 0 4 2]
 [9 7 6 8 2 0 5 1 3]
 [2 8 1 3 4 5 6 7 9]
 [4 6 7 5 8 3 9 2 0]
 [1 9 0 2 7 4 8 5 6]
 [3 2 5 0 6 9 1 0 7]
 [6 1 9 0 5 7 4 3 8]
 [8 4 0 1 3 0 2 6 5]
 [5 3 2 6 0 8 7 9 1]]
Number of cells unfilled: 11
Accuracy: 86.41975308641975
Sample: 96784
Question:
[[0 0 0 8 0 0 7 0 0]
 [0 6 0 0 1 0 0 0 4]
 [0 0 0 0 0 2 0 5 0]
 [0 0 0 0 0 0 3 2 0]
 [6 0 0 0 3 0 0 0 7]
 [0 0 3 5 0 7 0 0 0]
 [9 3 0 0 0 8 0 4 0]
 [0 0 6 0 4 0 0 0 9]
 [1 4 0 0 0 9 0 7 0]]
Solution:
[[0 5 3 7 1 6 0 4 2]
 [9 7 6 8 2 0 5 1 3]
 [2 4 1 3 9 5 6 7 8]
 [4 6 7 5 8 3 9 0 0]
 [1 9 0 2 7 4 8 5 6]
 [3 8 5 0 6 9 1 2 4]
 [7 2 9 0 5 8 4 3 0]
 [8 0 4 1 3 7 2 9 5]
 [5 3 0 6 4 2 7 8 1]]
Number of cells unfilled: 11
Accuracy: 86.41975308641975
Sample: 96785
Question:
[[0 5 0 0 0 0 0 0 2]
 [0 8 7 0 4 0 0 0 0]
 [2 0 0 0 8 0 0 4 0]
 [0 1 0 0 0 0 0 0 0]
 [0 6 0 8 2 0 1 0 3]
 [3 0 0 0 9 0 7 0 0]
 [6 0 8 9 0 2 4 0 1]
 [0 0 0 0 0 0 0 0 9]
 [0 0 0 6 7 0 0 3 0]]
Solution:
[[0 5 3 7 9 6 0 4 2]
 [9 7 6 4 2 8 5 1 3]
 [0 2 1 3 0 5 6 7 9]
 [4 6 7 5 8 1 9 0 0]
 [1 9 0 2 7 4 8 5 6]
 [3 8 5 0 6 9 1 2 4]
 [2 1 9 8 5 0 4 3 7]
 [8 4 0 1 3 7 2 6 5]
 [5 3 0 6 4 2 0 8 1]]
Number of cells unfilled: 12
Accuracy: 85.18518518518519
Sample: 96786
Question:
[[0 7 0 0 0 0 0 9 0]
 [0 0 0 0 2 0 0 0 0]
 [0 3 5 0 0 7 0 6 0]
 [0 8 0 0 4 0 0 7 1]
 [7 0 0 0 0 0 2 8 0]
 [0 0 0 1 0 0 3 0 0]
 [0 0 8 0 5 6 0 0 0]
 [0 0 0 0 0 4 1 0 0]
 [2 0 0 0 3 0 0 0 5]]
Solution:
[[0 5 3 9 1 6 0 4 2]
 [9 7 6 4 2 0 5 1 3]
 [2 4 1 3 0 5 6 7 9]
 [4 6 7 5 8 3 9 0 0]
 [1 9 0 2 7 4 8 5 6]
 [3 8 5 0 6 9 1 2 7]
 [7 1 9 0 5 2 4 3 8]
 [8 0 4 1 3 7 2 6 5]
 [5 3 2 6 4 8 7 9 1]]
Number of cells unfilled: 10
Accuracy: 87.65432098765432
Sample: 96787
Question:
[[0 0 5 1 2 0 0 0 8]
 [8 0 0 0 5 0 0 0 3]
 [0 6 0 3 0 0 0 0 0]
 [2 5 0 0 0 0 0 0 1]
 [0 4 0 0 0 0 0 9 0]
 [0 0 0 0 0 1 0 0 7]
 [0 2 4 0 0 0 8 1 0]
 [0 0 0 5 6 0 0 7 0]
 [6 0 0 0 0 0 0 4 0]]
Solution:
[[0 5 3 7 9 6 0 4 2]
 [9 7 6 8 2 0 5 1 3]
 [2 8 1 3 4 5 6 7 9]
 [4 6 7 5 8 3 9 2 0]
 [1 9 0 2 7 4 8 5 6]
 [3 2 5 0 6 9 1 0 4]
 [6 1 9 0 5 8 4 3 7]
 [8 4 0 1 3 7 2 9 5]
 [7 3 2 6 0 0 0 8 1]]
Number of cells unfilled: 12
Accuracy: 85.18518518518519
Sample: 96788
Question:
[[0 0 2 9 0 0 5 0 0]
 [0 8 0 0 0 0 0 0 3]
 [5 0 0 0 4 0 0 9 0]
 [1 0 0 0 0 6 0 0 7]
 [0 0 6 0 9 0 2 0 0]
 [0 0 0 4 0 0 0 6 0]
 [0 3 0 7 0 0 0 0 8]
 [4 0 0 0 2 0 0 7 0]
 [0 0 7 5 0 0 1 0 0]]
Solution:
[[0 5 3 8 1 6 0 4 2]
 [9 7 6 4 2 0 5 1 3]
 [2 4 1 3 9 5 6 7 8]
 [4 6 7 5 8 3 9 2 0]
 [1 9 0 2 7 4 8 5 6]
 [3 2 5 0 6 9 1 0 4]
 [6 1 9 7 5 2 4 3 0]
 [8 0 4 1 3 0 2 6 5]
 [5 3 2 6 4 8 7 9 1]]
Number of cells unfilled: 10
Accuracy: 87.65432098765432
Sample: 96789
Question:
[[0 5 0 0 1 0 0 0 3]
 [0 0 6 8 0 3 7 0 0]
 [0 0 0 5 0 7 4 1 0]
 [6 0 0 0 0 0 0 0 0]
 [0 8 0 3 0 0 0 0 1]
 [0 0 2 0 0 0 9 0 0]
 [0 0 0 1 0 0 0 2 0]
 [9 0 0 0 0 0 0 4 0]
 [0 3 0 0 0 5 0 0 7]]
Solution:
[[0 5 3 8 9 7 0 4 2]
 [9 7 6 4 2 0 5 1 3]
 [2 4 1 3 0 5 6 7 9]
 [4 6 7 5 8 1 9 2 0]
 [1 9 0 2 7 4 8 5 6]
 [3 2 5 0 6 9 1 0 7]
 [6 1 9 7 5 2 4 3 8]
 [8 0 4 1 3 0 2 6 5]
 [5 3 2 6 4 8 7 9 1]]
Number of cells unfilled: 10
Accuracy: 87.65432098765432
Sample: 96790
Question:
[[9 0 0 0 0 3 2 0 0]
 [0 0 0 0 1 0 0 4 0]
 [0 0 0 6 0 0 0 5 0]
 [2 1 0 0 0 5 9 0 0]
 [0 8 0 0 0 0 0 0 1]
 [3 0 0 0 2 1 5 0 0]
 [0 9 0 0 3 0 7 0 0]
 [0 0 3 0 0 7 0 0 5]
 [7 0 0 0 0 0 0 3 2]]
Solution:
[[0 5 3 9 1 6 0 4 2]
 [9 7 6 4 2 8 5 1 3]
 [2 4 1 3 0 5 6 7 9]
 [4 6 7 5 8 3 9 0 0]
 [1 9 0 2 7 4 8 5 6]
 [3 8 5 0 6 9 1 2 4]
 [7 2 9 0 5 0 4 3 8]
 [8 0 4 1 3 7 2 6 5]
 [5 3 0 6 4 2 7 9 1]]
Number of cells unfilled: 11
Accuracy: 86.41975308641975
Sample: 96791
Question:
[[8 6 0 0 0 0 0 1 0]
 [0 7 2 0 3 0 0 0 0]
 [0 0 0 8 0 1 0 7 0]
 [0 0 0 5 0 0 4 0 0]
 [0 3 1 0 0 0 5 8 0]
 [2 4 0 0 0 0 0 6 0]
 [4 2 0 0 0 7 0 0 1]
 [0 0 0 0 8 0 0 4 6]
 [0 0 9 0 0 6 0 0 0]]
Solution:
[[0 5 3 7 1 6 0 4 2]
 [9 7 6 4 2 8 5 1 3]
 [2 4 1 3 9 5 6 7 8]
 [4 6 7 0 8 3 9 0 5]
 [1 9 0 2 7 4 8 0 6]
 [3 8 5 0 6 9 1 2 7]
 [6 1 9 8 5 2 4 3 0]
 [8 0 4 1 3 7 2 5 9]
 [5 3 2 6 4 0 7 8 1]]
Number of cells unfilled: 10
Accuracy: 87.65432098765432
Sample: 96792
Question:
[[0 4 0 0 0 6 0 0 1]
 [7 0 0 0 4 0 0 5 0]
 [0 0 6 2 0 0 4 0 0]
 [0 0 7 0 9 4 0 3 0]
 [0 0 0 8 0 0 0 0 0]
 [0 0 0 0 2 1 0 0 5]
 [5 0 3 0 0 0 8 0 0]
 [9 0 0 0 0 0 0 1 0]
 [0 7 0 0 3 0 0 9 0]]
Solution:
[[0 5 3 8 1 7 0 4 2]
 [9 7 6 4 2 0 5 1 3]
 [0 2 1 3 9 5 6 7 8]
 [4 6 7 5 8 1 9 0 0]
 [1 9 0 2 7 4 8 5 6]
 [3 8 5 0 6 9 1 2 7]
 [6 1 9 7 5 8 4 3 0]
 [8 4 0 1 3 0 2 9 5]
 [5 3 2 6 4 0 7 8 1]]
Number of cells unfilled: 12
Accuracy: 85.18518518518519
Sample: 96793
Question:
[[0 6 0 1 0 0 0 0 0]
 [0 0 8 0 5 0 0 0 0]
 [0 5 0 7 0 3 0 9 0]
 [0 7 9 8 0 0 4 0 5]
 [0 8 0 0 0 4 0 2 0]
 [0 0 0 0 2 0 8 3 0]
 [0 0 0 0 0 0 5 8 0]
 [0 0 6 0 0 5 1 0 3]
 [0 0 0 4 1 0 0 0 2]]
Solution:
[[0 5 3 7 1 6 0 4 2]
 [9 7 6 4 2 8 5 1 3]
 [2 4 1 3 0 5 6 7 9]
 [4 6 7 5 8 3 9 2 0]
 [1 9 0 2 7 4 8 5 6]
 [3 2 5 0 6 9 1 0 4]
 [6 1 9 8 5 2 4 3 7]
 [8 0 4 1 3 0 2 6 5]
 [5 3 2 6 4 7 0 9 1]]
Number of cells unfilled: 10
Accuracy: 87.65432098765432
Sample: 96794
Question:
[[0 6 0 0 0 8 0 0 0]
 [0 0 0 0 9 0 0 6 0]
 [8 0 0 2 0 0 0 0 5]
 [2 0 0 0 0 0 5 8 0]
 [0 0 3 8 0 0 7 2 0]
 [0 8 0 0 0 0 0 0 3]
 [0 1 0 0 3 4 0 0 2]
 [5 0 0 9 0 0 0 0 7]
 [0 0 9 0 0 0 4 0 0]]
Solution:
[[0 5 3 7 1 6 0 4 2]
 [9 7 6 8 2 0 5 1 3]
 [2 4 1 3 0 5 6 7 9]
 [4 6 7 5 8 3 9 2 0]
 [1 9 0 2 7 4 8 5 6]
 [3 2 5 0 6 9 1 0 7]
 [7 1 9 0 5 2 4 3 8]
 [8 0 4 1 3 7 2 6 5]
 [5 3 2 6 4 8 7 9 1]]
Number of cells unfilled: 10
Accuracy: 87.65432098765432
Sample: 96795
Question:
[[0 0 9 7 0 0 0 0 0]
 [0 2 0 0 0 1 9 0 0]
 [4 1 0 0 9 0 0 0 7]
 [0 0 2 0 0 7 0 0 9]
 [0 0 0 0 3 0 0 8 0]
 [3 0 0 0 0 0 6 0 0]
 [0 5 0 0 0 0 0 0 0]
 [0 0 1 0 0 2 0 0 4]
 [2 0 0 8 6 0 0 5 0]]
Solution:
[[0 5 3 7 1 6 0 4 2]
 [9 7 6 4 2 0 5 1 3]
 [2 4 1 3 9 5 6 7 8]
 [4 6 7 0 8 1 9 2 5]
 [1 9 0 2 7 4 8 0 6]
 [3 2 5 0 6 9 1 0 7]
 [6 1 9 0 5 2 4 3 0]
 [8 0 4 1 3 7 2 6 9]
 [0 3 2 6 4 8 7 5 1]]
Number of cells unfilled: 12
Accuracy: 85.18518518518519
Sample: 96796
Question:
[[0 0 0 0 4 8 0 0 7]
 [0 8 0 0 7 5 0 2 0]
 [0 0 0 2 0 0 0 0 0]
 [0 5 0 4 0 0 0 0 2]
 [0 0 0 0 0 9 3 0 0]
 [9 0 0 0 0 0 0 1 5]
 [1 2 0 0 0 0 6 0 0]
 [0 7 0 8 0 0 0 0 4]
 [0 0 3 0 6 0 0 0 0]]
Solution:
[[0 5 3 9 0 1 0 4 2]
 [9 7 6 4 2 8 5 1 3]
 [0 2 1 3 0 5 6 7 8]
 [4 6 7 5 8 3 9 0 0]
 [1 9 0 2 7 4 8 5 6]
 [3 8 5 0 6 9 1 2 7]
 [6 1 9 8 5 2 4 3 0]
 [8 4 0 1 3 7 2 6 9]
 [5 3 2 6 9 0 7 8 1]]
Number of cells unfilled: 12
Accuracy: 85.18518518518519
Sample: 96797
Question:
[[0 0 6 0 0 1 8 0 0]
 [0 0 7 0 0 0 0 0 4]
 [9 0 0 0 0 0 0 7 6]
 [0 7 0 0 0 8 0 0 0]
 [0 0 1 5 0 0 3 0 0]
 [4 0 0 0 1 0 0 0 2]
 [0 0 0 3 0 5 0 2 0]
 [0 9 0 1 0 6 0 0 0]
 [0 0 5 0 8 0 6 0 0]]
Solution:
[[0 5 3 8 1 7 0 4 2]
 [9 7 6 4 2 0 5 1 3]
 [2 4 1 3 0 5 6 7 9]
 [4 6 7 5 8 1 9 0 0]
 [1 9 0 2 7 4 8 5 6]
 [3 8 5 0 6 9 1 2 7]
 [6 1 9 7 5 2 4 3 8]
 [8 0 4 1 3 0 2 9 5]
 [5 3 2 6 9 8 7 0 1]]
Number of cells unfilled: 11
Accuracy: 86.41975308641975
Sample: 96798
Question:
[[0 0 5 0 6 0 0 4 0]
 [0 0 2 4 0 0 3 0 0]
 [4 0 0 0 0 3 0 0 1]
 [9 0 0 0 0 4 1 0 0]
 [0 0 0 8 0 0 0 0 6]
 [0 0 0 0 2 0 0 0 0]
 [0 5 0 9 0 0 0 0 3]
 [6 0 0 0 0 7 0 1 0]
 [0 0 4 0 8 0 7 0 9]]
Solution:
[[0 5 3 9 1 6 0 4 2]
 [9 7 6 8 2 0 5 1 3]
 [2 8 1 3 4 5 6 7 9]
 [4 6 7 5 8 3 9 2 0]
 [1 9 0 2 7 4 8 5 6]
 [3 2 5 0 6 9 1 0 7]
 [6 1 9 7 5 2 4 3 8]
 [8 4 0 1 3 0 2 6 5]
 [5 3 2 6 9 8 7 0 1]]
Number of cells unfilled: 10
Accuracy: 87.65432098765432
Sample: 96799
Question:
[[0 0 9 8 0 0 0 0 6]
 [0 6 0 0 5 0 9 0 0]
 [0 7 0 0 0 9 0 8 4]
 [0 0 4 0 0 5 7 0 0]
 [0 0 0 0 0 0 0 1 0]
 [0 0 0 3 1 0 0 0 0]
 [0 0 5 0 0 8 6 0 0]
 [0 2 0 5 0 0 0 4 0]
 [3 0 0 0 7 0 0 0 2]]
Solution:
[[0 5 3 8 1 6 0 4 2]
 [9 7 6 4 2 0 5 1 3]
 [2 4 1 3 9 5 6 7 8]
 [4 6 7 5 8 1 9 2 0]
 [1 9 0 2 7 4 8 5 6]
 [3 2 5 0 6 9 1 0 4]
 [6 1 9 7 5 8 4 3 0]
 [8 0 4 1 3 0 2 9 5]
 [5 3 0 6 4 2 7 8 1]]
Number of cells unfilled: 11
Accuracy: 86.41975308641975
Sample: 96800
Question:
[[0 0 3 0 0 0 0 0 2]
 [0 7 0 0 2 0 0 1 0]
 [0 0 0 3 0 0 6 7 0]
 [4 0 0 0 8 0 9 0 0]
 [0 9 0 2 0 0 0 0 6]
 [0 0 5 0 0 9 1 0 0]
 [0 0 9 0 5 0 4 0 0]
 [8 0 0 0 0 0 2 0 0]
 [0 3 0 6 0 0 0 0 1]]
Solution:
[[0 5 3 9 1 6 0 4 2]
 [9 7 6 8 2 0 5 1 3]
 [2 4 1 3 0 5 6 7 9]
 [4 6 7 5 8 1 9 2 0]
 [1 9 0 2 7 4 8 5 6]
 [3 2 5 0 6 9 1 0 4]
 [6 1 9 7 5 2 4 3 8]
 [8 0 4 1 3 0 2 6 7]
 [7 3 2 6 4 8 0 9 1]]
Number of cells unfilled: 11
Accuracy: 86.41975308641975
