2025-10-22 16:59:32.180674: I tensorflow/core/util/port.cc:153] oneDNN custom operations are on. You may see slightly different numerical results due to floating-point round-off errors from different computation orders. To turn them off, set the environment variable `TF_ENABLE_ONEDNN_OPTS=0`.
2025-10-22 16:59:32.843061: I tensorflow/core/platform/cpu_feature_guard.cc:210] This TensorFlow binary is optimized to use available CPU instructions in performance-critical operations.
To enable the following instructions: AVX2 AVX512F AVX512_VNNI FMA, in other operations, rebuild TensorFlow with the appropriate compiler flags.
2025-10-22 16:59:37.680987: I tensorflow/core/util/port.cc:153] oneDNN custom operations are on. You may see slightly different numerical results due to floating-point round-off errors from different computation orders. To turn them off, set the environment variable `TF_ENABLE_ONEDNN_OPTS=0`.
2025-10-22 16:59:42.104760: E external/local_xla/xla/stream_executor/cuda/cuda_platform.cc:51] failed call to cuInit: INTERNAL: CUDA error: Failed call to cuInit: UNKNOWN ERROR (303)
Sample: 97301
Question:
[[0 0 0 0 1 0 0 0 0]
 [0 0 1 0 0 4 5 8 0]
 [0 5 9 0 6 0 0 0 4]
 [1 0 6 0 0 0 0 4 8]
 [8 0 0 0 0 0 6 5 0]
 [0 0 5 0 0 0 9 0 1]
 [0 0 4 0 7 2 0 0 0]
 [0 6 0 0 0 0 0 0 9]
 [0 0 8 0 0 0 0 1 0]]
Solution:
[[7 8 3 5 0 6 2 4 9]
 [9 1 6 7 4 2 5 8 3]
 [5 4 0 9 8 3 6 1 7]
 [2 0 1 4 6 8 7 9 5]
 [8 5 0 2 7 1 4 3 6]
 [3 6 9 0 0 5 8 0 1]
 [1 3 2 6 5 4 9 7 8]
 [4 7 5 8 1 9 3 6 0]
 [6 9 8 3 0 7 1 2 4]]
Number of cells unfilled: 9
Accuracy: 88.88888888888889
Sample: 97302
Question:
[[0 0 0 0 2 0 0 6 0]
 [0 0 0 1 0 0 0 0 7]
 [9 0 5 6 3 0 0 1 0]
 [0 0 0 0 0 2 0 8 0]
 [0 0 0 0 8 0 7 0 6]
 [0 0 0 0 1 0 0 3 2]
 [6 0 0 0 0 0 0 0 1]
 [1 0 0 8 7 0 0 0 3]
 [0 0 3 0 0 0 8 2 0]]
Solution:
[[7 8 3 5 0 6 2 4 9]
 [9 1 6 7 4 2 5 8 3]
 [5 4 0 9 8 3 6 1 7]
 [2 0 1 4 6 8 7 9 5]
 [8 5 0 2 7 1 4 3 6]
 [3 6 9 0 5 0 8 0 1]
 [1 3 2 6 0 4 9 7 8]
 [4 7 5 8 1 9 3 6 0]
 [6 9 8 3 0 5 1 2 4]]
Number of cells unfilled: 10
Accuracy: 87.65432098765432
Sample: 97303
Question:
[[0 0 0 0 4 0 5 0 0]
 [0 0 0 0 0 0 0 0 0]
 [0 0 0 0 2 0 0 9 7]
 [0 6 7 0 0 3 0 5 9]
 [9 0 3 0 0 0 8 0 0]
 [8 5 0 7 0 0 6 0 0]
 [0 0 0 0 0 9 0 8 0]
 [0 0 8 6 5 0 7 3 0]
 [6 7 0 0 0 0 0 0 0]]
Solution:
[[7 8 3 5 0 6 2 4 9]
 [9 1 6 7 4 2 5 8 3]
 [5 4 0 9 8 3 6 1 7]
 [2 0 1 4 6 8 7 9 5]
 [8 5 0 2 7 1 4 3 6]
 [3 6 9 0 0 5 8 0 1]
 [1 3 2 6 5 4 9 7 8]
 [4 7 5 8 1 9 3 6 0]
 [6 9 8 3 0 7 1 2 4]]
Number of cells unfilled: 9
Accuracy: 88.88888888888889
Sample: 97304
Question:
[[0 0 0 0 7 0 0 5 0]
 [0 5 7 0 0 3 4 0 6]
 [6 0 8 0 0 4 0 0 0]
 [0 0 0 4 0 0 3 0 0]
 [3 0 0 0 6 0 8 0 5]
 [0 8 6 5 0 0 0 4 7]
 [0 0 9 7 0 0 0 0 0]
 [0 0 1 0 8 6 0 0 0]
 [0 0 0 0 0 0 0 0 0]]
Solution:
[[7 8 3 5 0 6 2 4 9]
 [9 0 6 1 4 2 5 8 3]
 [5 4 0 9 8 3 6 1 7]
 [2 0 1 4 6 8 7 9 5]
 [8 5 0 2 7 1 4 3 6]
 [3 6 9 0 0 5 8 0 1]
 [1 3 2 6 5 4 9 7 8]
 [4 7 5 8 1 9 3 6 0]
 [6 9 8 3 0 7 1 2 4]]
Number of cells unfilled: 10
Accuracy: 87.65432098765432
Sample: 97305
Question:
[[0 0 0 0 9 1 8 0 0]
 [6 0 0 0 0 0 0 0 2]
 [0 8 0 6 0 2 5 1 0]
 [0 0 0 0 0 3 9 0 1]
 [0 0 0 0 0 4 0 2 0]
 [0 0 0 0 0 0 0 0 0]
 [9 5 0 0 0 0 0 8 0]
 [0 1 6 0 5 0 0 0 9]
 [8 0 2 1 0 0 0 6 0]]
Solution:
[[7 8 3 5 0 6 2 4 9]
 [9 0 6 1 4 2 5 8 3]
 [5 4 0 9 8 3 6 1 7]
 [2 0 1 4 6 8 7 9 5]
 [8 5 0 2 7 1 4 3 6]
 [3 6 9 0 0 5 8 0 2]
 [1 3 2 6 5 4 9 7 8]
 [4 7 5 8 1 9 3 6 0]
 [6 9 8 3 0 7 1 2 4]]
Number of cells unfilled: 10
Accuracy: 87.65432098765432
Sample: 97306
Question:
[[0 0 0 3 0 4 0 0 2]
 [0 0 0 6 2 0 0 4 8]
 [0 0 0 0 8 7 0 3 0]
 [9 5 0 0 0 0 0 6 0]
 [0 0 0 0 7 0 4 0 0]
 [0 0 0 8 0 0 0 2 0]
 [4 0 0 0 0 0 3 7 0]
 [0 6 0 2 0 3 0 8 0]
 [8 0 0 0 0 0 0 0 6]]
Solution:
[[7 8 3 5 0 6 2 4 9]
 [9 0 6 1 4 2 5 8 3]
 [5 4 0 9 8 3 6 1 7]
 [2 0 1 4 6 8 7 9 5]
 [8 5 0 2 7 1 4 3 6]
 [3 6 9 0 0 5 8 0 2]
 [1 3 2 6 5 4 9 7 8]
 [4 7 5 8 1 9 3 6 0]
 [6 9 8 3 0 7 1 2 4]]
Number of cells unfilled: 10
Accuracy: 87.65432098765432
Sample: 97307
Question:
[[0 0 0 5 2 0 4 0 0]
 [0 0 0 0 9 4 0 6 0]
 [0 0 0 6 0 1 0 0 0]
 [0 9 0 1 0 0 2 0 4]
 [1 0 0 0 4 6 5 0 0]
 [0 5 0 9 0 0 0 0 0]
 [0 0 0 2 0 0 0 0 9]
 [7 3 0 0 0 0 1 0 5]
 [0 0 0 0 0 5 6 0 0]]
Solution:
[[7 8 3 5 0 6 2 4 9]
 [9 0 6 1 4 2 5 8 3]
 [5 4 0 9 8 3 6 1 7]
 [2 0 1 4 6 8 7 9 5]
 [8 5 0 2 7 1 4 3 6]
 [3 6 9 0 0 5 8 0 1]
 [1 3 2 6 5 4 9 7 8]
 [4 7 5 8 1 9 3 6 0]
 [6 9 8 3 0 7 1 2 4]]
Number of cells unfilled: 10
Accuracy: 87.65432098765432
Sample: 97308
Question:
[[0 0 0 7 6 0 3 0 0]
 [0 0 7 4 0 8 0 0 6]
 [0 0 8 0 3 2 0 0 0]
 [3 0 6 0 8 0 0 4 7]
 [0 4 2 6 0 7 0 0 0]
 [8 0 0 0 0 0 2 0 0]
 [0 0 0 0 0 0 0 0 0]
 [0 0 4 0 0 0 0 5 0]
 [2 6 0 0 0 0 0 1 0]]
Solution:
[[7 8 3 5 0 6 2 4 9]
 [9 1 6 7 4 2 5 8 3]
 [5 4 0 9 8 3 6 1 7]
 [2 0 1 4 6 8 7 9 5]
 [8 5 0 2 7 1 4 3 6]
 [3 6 9 0 0 5 8 0 2]
 [1 3 2 6 5 4 9 7 8]
 [4 7 5 8 1 9 3 6 0]
 [6 9 8 3 0 7 1 2 4]]
Number of cells unfilled: 9
Accuracy: 88.88888888888889
Sample: 97309
Question:
[[0 0 7 2 1 0 0 0 0]
 [1 0 0 6 0 4 0 2 0]
 [0 0 4 0 7 5 0 0 6]
 [0 2 6 7 0 0 5 0 4]
 [0 7 0 0 0 0 0 1 0]
 [5 0 0 0 4 6 0 0 0]
 [0 0 5 0 0 0 8 0 0]
 [0 0 0 0 0 0 0 0 0]
 [6 1 0 0 0 0 9 0 0]]
Solution:
[[7 8 3 5 0 6 2 4 9]
 [9 1 6 7 4 2 5 8 3]
 [5 4 0 9 8 3 6 1 7]
 [2 0 1 4 6 8 7 9 5]
 [8 5 0 2 7 1 4 3 6]
 [3 6 9 0 0 5 8 0 1]
 [1 3 2 6 5 4 9 7 8]
 [4 7 5 8 1 9 3 6 0]
 [6 9 8 3 0 7 1 2 4]]
Number of cells unfilled: 9
Accuracy: 88.88888888888889
Sample: 97310
Question:
[[0 0 9 3 0 0 0 0 0]
 [2 0 0 0 1 0 0 0 0]
 [3 0 7 0 0 0 5 4 0]
 [0 2 0 9 0 8 0 7 0]
 [0 7 0 0 0 0 3 0 0]
 [8 0 1 0 0 0 2 0 0]
 [0 9 0 8 0 2 0 0 0]
 [0 0 8 0 3 1 0 0 0]
 [0 0 0 7 9 0 0 0 0]]
Solution:
[[7 8 3 5 0 6 2 4 9]
 [9 0 6 1 4 2 5 8 3]
 [5 4 0 9 8 3 6 1 7]
 [2 0 1 4 6 8 7 9 5]
 [8 5 0 2 7 1 4 3 6]
 [3 6 9 0 0 5 8 0 1]
 [1 3 2 6 5 4 9 7 8]
 [4 7 5 8 1 9 3 6 0]
 [6 9 8 3 0 7 1 2 4]]
Number of cells unfilled: 10
Accuracy: 87.65432098765432
Sample: 97311
Question:
[[0 8 0 0 0 9 0 0 0]
 [0 0 0 0 0 0 0 0 0]
 [0 4 0 5 7 0 0 0 0]
 [0 0 5 0 0 1 6 9 0]
 [0 0 0 0 0 6 7 0 3]
 [3 0 0 0 9 0 0 1 5]
 [0 9 1 0 3 5 0 0 6]
 [7 0 0 0 6 0 0 0 0]
 [0 0 0 0 0 7 1 5 0]]
Solution:
[[7 8 3 5 0 6 2 4 9]
 [9 1 6 7 4 2 5 8 3]
 [5 4 0 9 8 3 6 1 7]
 [2 0 1 4 6 8 7 9 5]
 [8 5 0 2 7 1 4 3 6]
 [3 6 9 0 0 5 8 0 1]
 [1 3 2 6 5 4 9 7 8]
 [4 7 5 8 1 9 3 6 0]
 [6 9 8 3 0 7 1 2 4]]
Number of cells unfilled: 9
Accuracy: 88.88888888888889
Sample: 97312
Question:
[[1 0 7 0 0 0 4 0 0]
 [0 9 5 0 0 7 0 1 3]
 [4 3 0 5 0 0 9 0 0]
 [0 0 0 0 2 0 3 0 0]
 [0 0 0 0 6 0 0 5 1]
 [0 0 0 0 0 0 0 0 0]
 [9 5 0 0 0 0 0 0 0]
 [0 0 0 0 5 1 0 0 4]
 [0 0 4 9 3 0 0 0 7]]
Solution:
[[7 8 3 5 0 6 2 4 9]
 [9 0 6 1 4 2 5 8 3]
 [5 4 0 9 8 3 6 1 7]
 [2 0 1 4 6 8 7 9 5]
 [8 5 0 2 7 1 4 3 6]
 [3 6 9 0 0 5 8 0 1]
 [1 3 2 6 5 4 9 7 8]
 [4 7 5 8 1 9 3 6 0]
 [6 9 8 3 0 7 1 2 4]]
Number of cells unfilled: 10
Accuracy: 87.65432098765432
Sample: 97313
Question:
[[2 0 0 0 7 0 9 8 0]
 [0 8 0 0 0 5 0 2 7]
 [9 0 0 0 0 0 6 0 5]
 [0 5 0 8 2 0 0 6 9]
 [0 0 0 0 0 0 2 0 0]
 [0 9 0 7 0 6 0 0 0]
 [8 0 0 3 0 0 0 0 0]
 [0 0 0 0 0 0 0 0 0]
 [0 6 7 1 0 0 0 0 0]]
Solution:
[[7 8 3 5 0 6 2 4 9]
 [9 0 6 1 4 2 5 8 3]
 [5 4 0 9 8 3 6 1 7]
 [2 0 1 4 6 8 7 9 5]
 [8 5 0 2 7 1 4 3 6]
 [3 6 9 0 0 5 8 0 2]
 [1 3 2 6 5 4 9 7 8]
 [4 7 5 8 1 9 3 6 0]
 [6 9 8 3 0 7 1 2 4]]
Number of cells unfilled: 10
Accuracy: 87.65432098765432
Sample: 97314
Question:
[[3 0 0 5 4 0 0 0 8]
 [0 4 0 0 3 8 9 0 0]
 [5 0 0 7 0 9 0 0 0]
 [7 0 0 3 0 0 0 0 0]
 [0 5 0 0 0 0 7 8 0]
 [0 9 0 0 0 5 0 4 3]
 [0 7 8 0 0 0 0 2 0]
 [0 0 0 0 0 0 0 0 0]
 [4 0 0 0 0 0 0 1 0]]
Solution:
[[7 8 3 5 0 6 2 4 9]
 [9 0 6 1 4 2 5 8 3]
 [5 4 0 9 8 3 6 1 7]
 [2 0 1 4 6 8 7 9 5]
 [8 5 0 2 7 1 4 3 6]
 [3 6 9 0 0 5 8 0 1]
 [1 3 2 6 5 4 9 7 8]
 [4 7 5 8 1 9 3 6 0]
 [6 9 8 3 0 7 1 2 4]]
Number of cells unfilled: 10
Accuracy: 87.65432098765432
Sample: 97315
Question:
[[9 0 0 0 5 3 0 2 6]
 [0 0 3 0 0 0 5 0 0]
 [2 0 0 6 0 4 0 0 0]
 [0 5 0 0 4 0 2 0 3]
 [0 2 0 0 0 0 6 9 0]
 [0 0 0 9 0 0 0 4 5]
 [6 0 4 0 0 1 0 0 0]
 [0 0 0 0 0 0 0 0 0]
 [0 3 0 0 0 8 0 0 0]]
Solution:
[[7 8 3 5 0 6 2 4 9]
 [9 0 6 1 4 2 5 8 3]
 [5 4 0 9 8 3 6 1 7]
 [2 0 1 4 6 8 7 9 5]
 [8 5 0 2 7 1 4 3 6]
 [3 6 9 0 5 0 8 0 1]
 [1 3 2 6 0 4 9 7 8]
 [4 7 5 8 1 9 3 6 0]
 [6 9 8 3 0 5 1 2 4]]
Number of cells unfilled: 11
Accuracy: 86.41975308641975
Sample: 97316
Question:
[[0 0 5 0 0 1 6 0 0]
 [0 6 0 0 0 0 0 0 0]
 [0 0 0 4 6 0 0 7 0]
 [0 0 4 1 5 0 0 0 9]
 [0 0 0 0 0 9 0 0 0]
 [0 9 0 8 4 0 1 0 0]
 [2 0 0 0 0 0 0 0 3]
 [0 0 9 0 0 5 8 1 0]
 [0 5 8 0 0 4 9 0 0]]
Solution:
[[7 8 3 5 0 6 2 4 9]
 [9 1 6 7 4 2 5 8 3]
 [5 4 0 9 8 3 6 1 7]
 [2 0 1 4 6 8 7 9 5]
 [8 5 0 2 7 1 4 3 6]
 [3 6 9 0 0 5 8 0 1]
 [1 3 2 6 5 4 9 7 8]
 [4 7 5 8 1 9 3 6 0]
 [6 9 8 3 0 7 1 2 4]]
Number of cells unfilled: 9
Accuracy: 88.88888888888889
Sample: 97317
Question:
[[5 0 8 0 0 6 9 0 0]
 [0 3 0 0 1 0 0 0 0]
 [6 0 0 9 0 5 2 0 0]
 [0 0 0 0 0 0 6 0 0]
 [0 6 0 0 0 2 0 8 9]
 [8 0 0 0 0 0 0 5 2]
 [7 0 0 0 0 9 8 0 0]
 [0 0 0 7 0 0 0 0 0]
 [0 0 4 0 6 0 0 2 7]]
Solution:
[[7 8 3 5 0 6 2 4 9]
 [9 0 6 1 4 2 5 8 3]
 [5 4 0 9 8 3 6 1 7]
 [2 0 1 4 6 8 7 9 5]
 [8 5 0 2 7 1 4 3 6]
 [3 6 9 0 0 5 8 0 2]
 [1 3 2 6 5 4 9 7 8]
 [4 7 5 8 1 9 3 6 0]
 [6 9 8 3 0 7 1 2 4]]
Number of cells unfilled: 10
Accuracy: 87.65432098765432
Sample: 97318
Question:
[[0 7 0 0 5 0 0 0 3]
 [4 0 0 0 0 0 0 0 0]
 [0 0 1 2 0 0 5 0 0]
 [0 8 0 6 0 9 0 5 0]
 [0 0 0 0 0 2 0 0 4]
 [0 0 6 0 1 0 9 0 0]
 [8 0 0 0 0 0 0 0 0]
 [0 3 0 1 0 0 0 7 0]
 [0 0 9 0 0 5 2 0 0]]
Solution:
[[7 8 3 5 0 6 2 4 9]
 [9 0 6 1 4 2 5 8 3]
 [5 4 0 9 8 3 6 1 7]
 [2 0 1 4 6 8 7 9 5]
 [8 5 0 2 7 1 4 3 6]
 [3 6 9 0 0 5 8 0 1]
 [1 3 2 6 5 4 9 7 8]
 [4 7 5 8 1 9 3 6 0]
 [6 9 8 3 0 7 1 2 4]]
Number of cells unfilled: 10
Accuracy: 87.65432098765432
Sample: 97319
Question:
[[0 0 2 0 0 0 0 0 7]
 [0 0 0 1 0 0 6 0 0]
 [0 4 0 0 9 0 0 5 0]
 [8 0 0 9 5 0 0 0 4]
 [2 0 0 4 3 0 0 0 0]
 [0 5 0 0 0 1 0 9 0]
 [0 0 7 0 0 0 0 0 0]
 [6 0 0 0 0 0 8 0 0]
 [0 1 0 5 0 0 0 3 0]]
Solution:
[[7 8 3 5 0 6 2 4 9]
 [9 1 6 7 4 2 5 8 3]
 [5 4 0 9 8 3 6 1 7]
 [2 0 1 4 6 8 7 9 5]
 [8 5 0 2 7 1 4 3 6]
 [3 6 9 0 0 5 8 0 2]
 [1 3 2 6 5 4 9 7 8]
 [4 7 5 8 1 9 3 6 0]
 [6 9 8 3 0 7 1 2 4]]
Number of cells unfilled: 9
Accuracy: 88.88888888888889
Sample: 97320
Question:
[[7 0 0 5 0 0 0 0 9]
 [0 0 0 0 0 1 4 0 0]
 [0 3 0 0 2 0 0 0 0]
 [5 7 0 0 6 0 0 8 0]
 [0 0 3 7 0 0 0 0 5]
 [6 9 0 0 0 0 0 4 0]
 [0 0 0 0 0 0 1 0 0]
 [0 5 0 6 0 0 0 0 3]
 [0 0 0 0 8 0 0 2 0]]
Solution:
[[7 8 3 5 0 6 2 4 9]
 [9 1 6 7 4 2 5 8 3]
 [5 4 0 9 8 3 6 1 7]
 [2 0 1 4 6 8 7 9 5]
 [8 5 0 2 7 1 4 3 6]
 [3 6 9 0 0 5 8 0 1]
 [1 3 2 6 5 4 9 7 8]
 [4 7 5 8 1 9 3 6 0]
 [6 9 8 3 0 7 1 2 4]]
Number of cells unfilled: 9
Accuracy: 88.88888888888889
Sample: 97321
Question:
[[0 0 0 9 0 0 0 0 6]
 [2 0 8 0 1 0 0 0 0]
 [5 0 0 0 0 0 0 0 0]
 [0 0 1 0 8 4 0 0 0]
 [7 0 0 0 0 0 3 0 0]
 [0 0 0 5 9 0 0 0 7]
 [4 2 0 1 0 0 0 9 0]
 [0 0 0 0 0 5 7 0 0]
 [3 0 0 0 0 0 8 0 5]]
Solution:
[[7 8 3 5 0 6 2 4 9]
 [9 0 6 1 4 2 5 8 3]
 [5 4 0 9 8 3 6 1 7]
 [2 0 1 4 6 8 7 9 5]
 [8 5 0 2 7 1 4 3 6]
 [3 6 9 0 0 5 8 0 2]
 [1 3 2 6 5 4 9 7 8]
 [4 7 5 8 1 9 3 6 0]
 [6 9 8 3 0 7 1 2 4]]
Number of cells unfilled: 10
Accuracy: 87.65432098765432
Sample: 97322
Question:
[[0 0 0 0 0 0 0 0 6]
 [0 1 0 0 7 0 0 0 9]
 [0 0 8 0 0 2 1 5 0]
 [0 4 0 3 0 0 0 0 0]
 [0 0 0 0 0 1 0 7 0]
 [0 0 2 0 9 0 8 0 0]
 [6 0 0 0 4 0 2 3 0]
 [0 7 0 0 8 6 5 0 0]
 [0 0 1 2 0 0 0 0 0]]
Solution:
[[7 8 3 5 0 6 2 4 9]
 [9 0 6 1 4 2 5 8 3]
 [5 4 0 9 8 3 6 1 7]
 [2 0 1 4 6 8 7 9 5]
 [8 5 0 2 7 1 4 3 6]
 [3 6 9 0 0 5 8 0 1]
 [1 3 2 6 5 4 9 7 8]
 [4 7 5 8 1 9 3 6 0]
 [6 9 8 3 0 7 1 2 4]]
Number of cells unfilled: 10
Accuracy: 87.65432098765432
Sample: 97323
Question:
[[0 9 0 0 3 0 0 0 0]
 [0 8 0 0 5 0 0 0 9]
 [3 0 1 0 0 8 0 0 0]
 [5 3 0 7 0 0 0 0 0]
 [9 0 0 0 0 0 1 0 0]
 [0 0 0 0 0 3 6 2 0]
 [0 4 0 0 0 0 9 8 0]
 [2 0 0 0 4 0 0 1 0]
 [0 0 0 2 0 9 0 0 7]]
Solution:
[[7 8 3 5 0 6 2 4 9]
 [9 1 6 7 4 2 5 8 3]
 [5 4 0 9 8 3 6 1 7]
 [2 0 1 4 6 8 7 9 5]
 [8 5 0 2 7 1 4 3 6]
 [3 6 9 0 0 5 8 0 2]
 [1 3 2 6 5 4 9 7 8]
 [4 7 5 8 1 9 3 6 0]
 [6 9 8 3 0 7 1 2 4]]
Number of cells unfilled: 9
Accuracy: 88.88888888888889
Sample: 97324
Question:
[[0 5 3 8 0 0 1 0 0]
 [6 9 4 0 0 5 0 2 0]
 [0 0 0 0 2 0 0 0 3]
 [0 0 0 7 9 0 0 0 0]
 [0 1 9 3 0 0 0 7 5]
 [0 2 0 0 0 8 0 4 0]
 [0 3 0 0 5 1 6 0 0]
 [8 0 1 9 0 6 0 0 2]
 [0 0 7 0 0 0 0 0 4]]
Solution:
[[7 8 3 5 0 6 2 4 9]
 [9 1 6 7 4 2 5 8 3]
 [5 4 0 9 8 3 6 1 7]
 [2 0 1 4 6 8 7 9 5]
 [8 5 0 2 7 1 4 3 6]
 [3 6 9 0 0 5 8 0 2]
 [1 3 2 6 5 4 9 7 8]
 [4 7 5 8 1 9 3 6 0]
 [6 9 8 3 0 7 1 2 4]]
Number of cells unfilled: 9
Accuracy: 88.88888888888889
Sample: 97325
Question:
[[2 9 0 0 4 0 0 0 8]
 [0 0 0 1 0 0 0 9 0]
 [0 0 4 0 0 9 0 2 0]
 [0 0 5 0 6 0 0 0 3]
 [0 0 0 0 0 7 0 0 6]
 [6 4 0 0 3 0 0 8 0]
 [3 2 0 0 9 0 8 0 0]
 [0 0 8 0 0 4 0 0 0]
 [0 0 0 0 0 0 0 6 0]]
Solution:
[[7 8 3 5 0 6 2 4 9]
 [9 0 6 1 4 2 5 8 3]
 [5 4 0 9 8 3 6 1 7]
 [2 0 1 4 6 8 7 9 5]
 [8 5 0 2 7 1 4 3 6]
 [3 6 9 0 0 5 8 0 1]
 [1 3 2 6 5 4 9 7 8]
 [4 7 5 8 1 9 3 6 0]
 [6 9 8 3 0 7 1 2 4]]
Number of cells unfilled: 10
Accuracy: 87.65432098765432
Sample: 97326
Question:
[[0 0 7 0 0 0 0 0 6]
 [0 0 0 8 0 0 0 9 1]
 [0 1 0 0 0 6 3 0 0]
 [7 0 2 0 6 0 0 3 0]
 [1 6 0 0 0 9 0 0 5]
 [4 0 0 0 8 0 0 0 0]
 [0 0 0 4 0 0 0 0 0]
 [2 0 0 0 9 0 5 0 0]
 [0 3 0 0 0 5 0 1 0]]
Solution:
[[7 8 3 5 0 6 2 4 9]
 [9 0 6 1 4 2 5 8 3]
 [5 4 0 9 8 3 6 1 7]
 [2 0 1 4 6 8 7 9 5]
 [8 5 0 2 7 1 4 3 6]
 [3 6 9 0 0 5 8 0 2]
 [1 3 2 6 5 4 9 7 8]
 [4 7 5 8 1 9 3 6 0]
 [6 9 8 3 0 7 1 2 4]]
Number of cells unfilled: 10
Accuracy: 87.65432098765432
Sample: 97327
Question:
[[0 8 0 0 0 0 9 6 1]
 [0 0 3 0 1 0 0 0 7]
 [0 0 0 0 0 9 8 0 0]
 [0 0 5 0 7 0 0 0 4]
 [6 0 0 2 0 0 0 0 0]
 [0 4 0 0 0 0 7 2 0]
 [0 0 0 1 0 7 0 0 5]
 [0 0 1 4 0 5 3 0 0]
 [0 0 0 0 3 0 0 0 0]]
Solution:
[[7 8 3 5 0 6 2 4 9]
 [9 1 6 7 4 2 5 8 3]
 [5 4 0 9 8 3 6 1 7]
 [2 0 1 4 6 8 7 9 5]
 [8 5 0 2 7 1 4 3 6]
 [3 6 9 0 5 0 8 0 2]
 [1 3 2 6 0 4 9 7 8]
 [4 7 5 8 1 9 3 6 0]
 [6 9 8 3 0 5 1 2 4]]
Number of cells unfilled: 10
Accuracy: 87.65432098765432
Sample: 97328
Question:
[[9 0 3 7 0 6 0 4 0]
 [0 0 8 0 0 3 0 0 0]
 [6 0 0 0 0 0 0 0 0]
 [0 0 0 0 0 1 3 0 0]
 [0 5 0 9 0 0 1 0 0]
 [0 0 0 0 0 8 0 2 7]
 [2 0 0 0 0 0 0 9 0]
 [3 0 7 8 0 9 0 0 6]
 [0 0 6 0 2 0 0 0 0]]
Solution:
[[7 8 3 5 0 6 2 4 9]
 [9 1 6 7 4 2 5 8 3]
 [5 4 0 9 8 3 6 1 7]
 [2 0 1 4 6 8 7 9 5]
 [8 5 0 2 7 1 4 3 6]
 [3 6 9 0 0 5 8 0 1]
 [1 3 2 6 5 4 9 7 8]
 [4 7 5 8 1 9 3 6 0]
 [6 9 8 3 0 7 1 2 4]]
Number of cells unfilled: 9
Accuracy: 88.88888888888889
Sample: 97329
Question:
[[0 8 0 0 1 4 0 6 0]
 [0 0 4 9 0 0 1 0 0]
 [0 0 0 0 5 0 0 0 8]
 [0 0 9 0 3 0 5 0 0]
 [2 0 0 0 0 0 0 0 7]
 [0 5 0 8 0 0 0 1 0]
 [0 9 0 0 0 6 3 0 0]
 [0 0 6 1 0 0 0 5 0]
 [7 0 0 0 2 0 0 0 0]]
Solution:
[[7 8 3 5 0 6 2 4 9]
 [9 1 6 7 4 2 5 8 3]
 [5 4 0 9 8 3 6 1 7]
 [2 0 1 4 6 8 7 9 5]
 [8 5 0 2 7 1 4 3 6]
 [3 6 9 0 5 0 8 0 1]
 [1 3 2 6 0 4 9 7 8]
 [4 7 5 8 1 9 3 6 0]
 [6 9 8 3 0 5 1 2 4]]
Number of cells unfilled: 10
Accuracy: 87.65432098765432
Sample: 97330
Question:
[[0 9 0 0 0 0 0 0 0]
 [0 0 0 0 6 2 0 8 0]
 [4 7 0 0 0 0 0 0 2]
 [1 0 0 0 0 0 6 5 0]
 [0 0 0 0 0 0 0 0 0]
 [0 0 0 7 2 0 0 0 0]
 [0 0 0 4 0 0 0 0 7]
 [0 0 0 0 0 0 0 3 0]
 [5 0 6 0 0 0 0 0 0]]
Solution:
[[7 8 3 5 0 6 2 4 9]
 [9 1 6 7 4 2 5 8 3]
 [5 4 0 9 8 3 6 1 7]
 [2 0 1 4 6 8 7 9 5]
 [8 5 0 2 7 1 4 3 6]
 [3 6 9 0 0 5 8 0 1]
 [1 3 2 6 5 4 9 7 8]
 [4 7 5 8 1 9 3 6 0]
 [6 9 8 3 0 7 1 2 4]]
Number of cells unfilled: 9
Accuracy: 88.88888888888889
Sample: 97331
Question:
[[7 0 0 0 8 9 0 0 2]
 [0 3 6 2 0 5 0 0 0]
 [0 9 0 0 0 0 0 0 0]
 [0 0 0 4 0 0 0 0 1]
 [0 8 0 0 0 0 0 3 5]
 [9 7 1 0 6 0 0 0 0]
 [0 1 0 0 0 2 9 0 0]
 [0 0 0 0 0 0 0 0 0]
 [0 5 0 0 0 0 8 4 0]]
Solution:
[[7 8 3 5 0 6 2 4 9]
 [9 0 6 1 4 2 5 8 3]
 [5 4 0 9 8 3 6 1 7]
 [2 0 1 4 6 8 7 9 5]
 [8 5 0 2 7 1 4 3 6]
 [3 6 9 0 5 0 8 0 1]
 [1 3 2 6 0 4 9 7 8]
 [4 7 5 8 1 9 3 6 0]
 [6 9 8 3 0 5 1 2 4]]
Number of cells unfilled: 11
Accuracy: 86.41975308641975
Sample: 97332
Question:
[[0 6 0 0 0 0 0 0 0]
 [0 0 5 0 2 0 6 8 0]
 [8 0 0 0 0 6 0 0 0]
 [0 0 0 7 0 0 0 0 0]
 [0 4 0 0 3 0 0 0 8]
 [0 0 1 0 9 0 3 2 0]
 [0 0 2 9 0 0 0 5 0]
 [0 5 0 2 0 3 1 9 0]
 [1 0 0 0 5 0 0 0 0]]
Solution:
[[7 8 3 5 0 6 2 4 9]
 [9 1 6 7 4 2 5 8 3]
 [5 4 0 9 8 3 6 1 7]
 [2 0 1 4 6 8 7 9 5]
 [8 5 0 2 7 1 4 3 6]
 [3 6 9 0 0 5 8 0 1]
 [1 3 2 6 5 4 9 7 8]
 [4 7 5 8 1 9 3 6 0]
 [6 9 8 3 0 7 1 2 4]]
Number of cells unfilled: 9
Accuracy: 88.88888888888889
Sample: 97333
Question:
[[0 0 3 0 2 0 0 6 1]
 [2 0 0 8 0 0 9 0 0]
 [4 0 0 6 7 0 0 0 3]
 [0 0 0 0 0 0 5 0 0]
 [0 0 5 0 4 8 0 0 0]
 [6 2 1 0 0 0 7 8 0]
 [0 0 0 9 0 0 0 1 0]
 [0 0 4 0 0 7 0 0 9]
 [0 3 0 0 0 0 0 0 0]]
Solution:
[[7 8 3 5 0 6 2 4 9]
 [9 0 6 1 4 2 5 8 3]
 [5 4 0 9 8 3 6 1 7]
 [2 0 1 4 6 8 7 9 5]
 [8 5 0 2 7 1 4 3 6]
 [3 6 9 0 0 5 8 0 2]
 [1 3 2 6 5 4 9 7 8]
 [4 7 5 8 1 9 3 6 0]
 [6 9 8 3 0 7 1 2 4]]
Number of cells unfilled: 10
Accuracy: 87.65432098765432
Sample: 97334
Question:
[[0 0 0 0 0 6 0 0 3]
 [0 9 0 0 4 0 2 0 0]
 [6 0 0 2 9 0 0 0 0]
 [0 3 0 0 0 7 0 0 0]
 [2 0 0 0 6 0 4 1 0]
 [0 0 9 0 1 0 0 0 0]
 [5 0 0 0 0 0 0 7 0]
 [0 2 1 8 0 0 3 0 0]
 [3 0 0 0 0 9 0 0 8]]
Solution:
[[7 8 3 5 0 6 2 4 9]
 [9 1 6 7 4 2 5 8 3]
 [5 4 0 9 8 3 6 1 7]
 [2 0 1 4 6 8 7 9 5]
 [8 5 0 2 7 1 4 3 6]
 [3 6 9 0 0 5 8 0 1]
 [1 3 2 6 5 4 9 7 8]
 [4 7 5 8 1 9 3 6 0]
 [6 9 8 3 0 7 1 2 4]]
Number of cells unfilled: 9
Accuracy: 88.88888888888889
Sample: 97335
Question:
[[0 0 0 0 0 4 5 2 9]
 [4 0 0 0 0 8 3 6 0]
 [1 6 0 0 0 9 4 0 0]
 [0 8 0 9 0 5 0 0 0]
 [0 0 7 0 6 0 0 0 5]
 [5 0 0 0 0 0 0 0 2]
 [0 4 0 0 7 0 0 0 0]
 [3 0 0 0 4 0 0 0 0]
 [8 0 0 0 0 3 7 0 0]]
Solution:
[[7 8 3 5 0 6 2 4 9]
 [9 1 6 7 4 2 5 8 3]
 [5 4 0 9 8 3 6 1 7]
 [2 0 1 4 6 8 7 9 5]
 [8 5 0 2 7 1 4 3 6]
 [3 6 9 0 0 5 8 0 1]
 [1 3 2 6 5 4 9 7 8]
 [4 7 5 8 1 9 3 6 0]
 [6 9 8 3 0 7 1 2 4]]
Number of cells unfilled: 9
Accuracy: 88.88888888888889
Sample: 97336
Question:
[[0 0 5 0 0 0 0 9 1]
 [3 0 0 9 0 0 7 0 5]
 [0 0 0 0 8 0 0 0 0]
 [4 0 7 6 0 3 5 0 9]
 [0 2 0 0 0 4 0 0 0]
 [1 0 0 0 0 0 0 0 0]
 [5 0 0 2 0 7 4 1 0]
 [0 3 0 0 0 0 0 0 0]
 [0 0 0 0 6 0 3 0 2]]
Solution:
[[7 8 3 5 0 6 2 4 9]
 [9 1 6 7 4 2 5 8 3]
 [5 4 0 9 8 3 6 1 7]
 [2 0 1 4 6 8 7 9 5]
 [8 5 0 2 7 1 4 3 6]
 [3 6 9 0 0 5 8 0 1]
 [1 3 2 6 5 4 9 7 8]
 [4 7 5 8 1 9 3 6 0]
 [6 9 8 3 0 7 1 2 4]]
Number of cells unfilled: 9
Accuracy: 88.88888888888889
Sample: 97337
Question:
[[0 0 0 1 0 0 0 0 9]
 [0 0 3 0 9 0 2 8 0]
 [0 2 9 0 8 0 6 0 0]
 [2 0 0 0 3 0 0 6 0]
 [0 0 6 5 0 8 0 0 0]
 [3 0 0 0 0 0 5 0 0]
 [0 3 0 0 0 4 0 0 0]
 [0 0 2 0 5 0 8 0 0]
 [0 7 0 0 0 0 0 9 0]]
Solution:
[[7 8 3 5 0 6 2 4 9]
 [9 0 6 1 4 2 5 8 3]
 [5 4 0 9 8 3 6 1 7]
 [2 0 1 4 6 8 7 9 5]
 [8 5 0 2 7 1 4 3 6]
 [3 6 9 0 0 5 8 0 1]
 [1 3 2 6 5 4 9 7 8]
 [4 7 5 8 1 9 3 6 0]
 [6 9 8 3 0 7 1 2 4]]
Number of cells unfilled: 10
Accuracy: 87.65432098765432
Sample: 97338
Question:
[[0 0 1 0 3 0 0 8 0]
 [0 8 7 1 0 0 0 0 9]
 [4 0 0 0 0 0 0 1 0]
 [7 0 0 0 0 0 0 0 0]
 [0 0 8 0 0 7 0 0 5]
 [0 5 2 8 0 0 1 0 0]
 [0 0 0 0 9 6 0 0 0]
 [0 0 0 0 0 0 9 0 2]
 [0 7 9 2 0 0 0 5 0]]
Solution:
[[7 8 3 5 0 6 2 4 9]
 [9 0 6 1 4 2 5 8 3]
 [5 4 0 9 8 3 6 1 7]
 [2 0 1 4 6 8 7 9 5]
 [8 5 0 2 7 1 4 3 6]
 [3 6 9 0 0 5 8 0 2]
 [1 3 2 6 5 4 9 7 8]
 [4 7 5 8 1 9 3 6 0]
 [6 9 8 3 0 7 1 2 4]]
Number of cells unfilled: 10
Accuracy: 87.65432098765432
Sample: 97339
Question:
[[0 8 0 6 2 0 0 0 9]
 [6 0 7 0 0 0 0 0 0]
 [0 0 0 0 0 0 8 6 0]
 [1 0 0 0 0 8 0 0 3]
 [0 0 0 0 0 5 0 0 4]
 [0 4 0 2 3 0 6 0 0]
 [0 0 2 3 0 0 9 0 0]
 [0 0 0 0 0 2 0 0 0]
 [0 3 0 8 9 0 0 4 0]]
Solution:
[[7 8 3 5 0 6 2 4 9]
 [9 0 6 1 4 2 5 8 3]
 [5 4 0 9 8 3 6 1 7]
 [2 0 1 4 6 8 7 9 5]
 [8 5 0 2 7 1 4 3 6]
 [3 6 9 0 0 5 8 0 2]
 [1 3 2 6 0 4 9 7 8]
 [4 7 5 8 1 9 3 6 0]
 [6 9 8 3 5 7 1 2 4]]
Number of cells unfilled: 10
Accuracy: 87.65432098765432
Sample: 97340
Question:
[[3 0 0 7 0 0 0 8 0]
 [0 8 0 0 0 0 7 0 0]
 [6 0 7 0 0 5 0 0 3]
 [9 0 8 0 7 0 0 0 6]
 [0 0 0 0 0 0 9 4 0]
 [0 0 0 6 0 9 0 0 0]
 [8 0 3 9 0 0 0 0 5]
 [0 2 0 0 5 0 0 0 0]
 [0 0 0 0 3 0 1 0 0]]
Solution:
[[7 8 3 5 0 6 2 4 9]
 [9 1 6 7 4 2 5 8 3]
 [5 4 0 9 8 3 6 1 7]
 [2 0 1 4 6 8 7 9 5]
 [8 5 0 2 7 1 4 3 6]
 [3 6 9 0 0 5 8 0 2]
 [1 3 2 6 5 4 9 7 8]
 [4 7 5 8 1 9 3 6 0]
 [6 9 8 3 0 7 1 2 4]]
Number of cells unfilled: 9
Accuracy: 88.88888888888889
Sample: 97341
Question:
[[0 1 0 0 0 0 8 0 3]
 [4 0 3 0 8 0 0 5 0]
 [0 0 0 7 0 3 4 0 9]
 [0 0 5 0 4 0 3 0 0]
 [2 0 0 0 0 7 0 0 0]
 [6 0 0 0 0 8 0 0 5]
 [0 0 0 0 0 2 0 0 0]
 [1 6 0 0 0 0 0 0 0]
 [0 0 8 0 9 0 0 0 4]]
Solution:
[[7 8 3 5 0 6 2 4 9]
 [9 1 6 7 4 2 5 8 3]
 [5 4 0 9 8 3 6 1 7]
 [2 0 1 4 6 8 7 9 5]
 [8 5 0 2 7 1 4 3 6]
 [3 6 9 0 0 5 8 0 1]
 [1 3 2 6 5 4 9 7 8]
 [4 7 5 8 1 9 3 6 0]
 [6 9 8 3 0 7 1 2 4]]
Number of cells unfilled: 9
Accuracy: 88.88888888888889
Sample: 97342
Question:
[[0 0 0 0 4 0 0 0 0]
 [1 8 6 0 0 0 4 7 0]
 [0 0 0 0 0 1 0 0 0]
 [0 0 0 3 0 0 0 8 0]
 [2 1 0 0 5 0 3 0 0]
 [8 0 0 2 0 6 7 0 0]
 [0 3 0 6 0 0 0 2 0]
 [7 4 0 1 3 0 6 0 0]
 [0 0 2 0 0 0 0 0 0]]
Solution:
[[7 8 3 5 0 6 2 4 9]
 [9 1 6 7 4 2 5 8 3]
 [5 4 0 9 8 3 6 1 7]
 [2 0 1 4 6 8 7 9 5]
 [8 5 0 2 7 1 4 3 6]
 [3 6 9 0 0 5 8 0 2]
 [1 3 2 6 5 4 9 7 8]
 [4 7 5 8 1 9 3 6 0]
 [6 9 8 3 0 7 1 2 4]]
Number of cells unfilled: 9
Accuracy: 88.88888888888889
Sample: 97343
Question:
[[0 0 4 0 0 0 7 0 0]
 [7 0 8 5 9 0 0 0 2]
 [0 0 0 7 0 0 0 0 8]
 [3 0 0 0 4 0 6 0 0]
 [2 6 0 0 0 5 0 4 0]
 [0 0 0 2 1 0 0 8 5]
 [0 1 0 3 0 2 0 0 0]
 [5 0 0 4 0 0 0 0 3]
 [0 0 0 0 5 9 0 0 0]]
Solution:
[[7 8 3 5 0 6 2 4 9]
 [9 0 6 1 4 2 5 8 3]
 [5 4 0 9 8 3 6 1 7]
 [2 0 1 4 6 8 7 9 5]
 [8 5 0 2 7 1 4 3 6]
 [3 6 9 0 0 5 8 0 2]
 [1 3 2 6 5 4 9 7 8]
 [4 7 5 8 1 9 3 6 0]
 [6 9 8 3 0 7 1 2 4]]
Number of cells unfilled: 10
Accuracy: 87.65432098765432
Sample: 97344
Question:
[[0 0 0 0 0 0 0 0 0]
 [1 0 0 2 0 0 7 0 0]
 [0 0 0 9 0 7 8 4 3]
 [0 0 0 7 4 5 3 0 0]
 [0 9 0 8 0 0 0 6 0]
 [0 0 0 0 0 0 0 0 0]
 [0 6 7 4 8 0 2 0 1]
 [0 1 0 0 0 0 0 0 0]
 [2 0 3 5 0 0 0 0 8]]
Solution:
[[7 8 3 5 0 6 2 4 9]
 [9 0 6 1 4 2 5 8 3]
 [5 4 0 9 8 3 6 1 7]
 [2 0 1 4 6 8 7 9 5]
 [8 5 0 2 7 1 4 3 6]
 [3 6 9 0 0 5 8 0 1]
 [1 3 2 6 5 4 9 7 8]
 [4 7 5 8 1 9 3 6 0]
 [6 9 8 3 0 7 1 2 4]]
Number of cells unfilled: 10
Accuracy: 87.65432098765432
Sample: 97345
Question:
[[0 0 0 0 1 0 0 6 0]
 [2 0 9 6 0 0 0 0 8]
 [0 0 0 0 0 0 0 0 0]
 [0 8 4 3 0 0 0 0 1]
 [0 0 6 1 8 0 0 0 4]
 [0 0 0 0 7 0 0 3 0]
 [6 0 1 0 0 0 5 0 0]
 [5 2 0 0 4 0 0 0 0]
 [0 0 3 2 5 0 0 1 0]]
Solution:
[[7 8 3 5 0 6 2 4 9]
 [9 0 6 1 4 2 5 8 3]
 [5 4 0 9 8 3 6 1 7]
 [2 0 1 4 6 8 7 9 5]
 [8 5 0 2 7 1 4 3 6]
 [3 6 9 0 0 5 8 0 2]
 [1 3 2 6 5 4 9 7 8]
 [4 7 5 8 1 9 3 6 0]
 [6 9 8 3 0 7 1 2 4]]
Number of cells unfilled: 10
Accuracy: 87.65432098765432
Sample: 97346
Question:
[[0 0 0 0 0 0 0 0 8]
 [0 6 0 0 9 0 0 0 3]
 [7 0 0 0 0 4 0 2 0]
 [0 0 4 2 6 9 0 1 0]
 [0 8 0 0 0 0 0 0 0]
 [0 0 0 0 0 8 0 0 9]
 [0 9 0 4 0 0 0 0 6]
 [8 0 0 0 0 1 0 9 5]
 [5 4 7 0 0 0 0 0 0]]
Solution:
[[7 8 3 5 0 6 2 4 9]
 [9 0 6 1 4 2 5 8 3]
 [5 4 0 9 8 3 6 1 7]
 [2 0 1 4 6 8 7 9 5]
 [8 5 0 2 7 1 4 3 6]
 [3 6 9 0 0 5 8 0 1]
 [1 3 2 6 5 4 9 7 8]
 [4 7 5 8 1 9 3 6 0]
 [6 9 8 3 0 7 1 2 4]]
Number of cells unfilled: 10
Accuracy: 87.65432098765432
Sample: 97347
Question:
[[0 0 1 8 0 0 6 0 0]
 [6 0 0 0 5 0 0 0 0]
 [0 8 0 0 0 6 0 9 2]
 [0 4 0 0 9 0 0 7 0]
 [1 0 0 0 0 4 8 0 0]
 [0 0 3 0 0 0 0 0 0]
 [0 0 2 0 0 5 0 0 3]
 [0 0 0 0 7 0 4 0 0]
 [9 0 0 0 0 1 0 6 0]]
Solution:
[[7 8 3 5 0 6 2 4 9]
 [9 0 6 1 4 2 5 8 3]
 [5 4 0 9 8 3 6 1 7]
 [2 0 1 4 6 8 7 9 5]
 [8 5 0 2 7 1 4 3 6]
 [3 6 9 0 0 5 8 0 2]
 [1 3 2 6 5 4 9 7 8]
 [4 7 5 8 1 9 3 6 0]
 [6 9 8 3 0 7 1 2 4]]
Number of cells unfilled: 10
Accuracy: 87.65432098765432
Sample: 97348
Question:
[[0 0 0 4 0 6 9 0 0]
 [7 0 9 0 3 0 0 0 1]
 [0 0 0 0 0 0 7 3 0]
 [0 8 0 0 0 0 0 0 0]
 [0 0 7 0 0 1 0 0 0]
 [6 0 0 0 9 0 0 1 3]
 [0 9 0 7 6 0 0 0 5]
 [5 0 0 0 1 0 4 0 0]
 [0 4 0 0 0 0 0 0 2]]
Solution:
[[7 8 3 5 0 6 2 4 9]
 [9 0 6 1 4 2 5 8 3]
 [5 4 0 9 8 3 6 1 7]
 [2 0 1 4 6 8 7 9 5]
 [8 5 0 2 7 1 4 3 6]
 [3 6 9 0 0 5 8 0 2]
 [1 3 2 6 5 4 9 7 8]
 [4 7 5 8 1 9 3 6 0]
 [6 9 8 3 0 7 1 2 4]]
Number of cells unfilled: 10
Accuracy: 87.65432098765432
Sample: 97349
Question:
[[0 1 0 0 2 0 0 0 7]
 [0 5 0 0 4 0 0 6 0]
 [0 0 0 0 0 0 3 1 0]
 [6 0 8 0 0 0 0 0 0]
 [2 7 0 9 0 0 0 0 0]
 [0 4 1 0 0 0 0 5 0]
 [5 0 7 0 0 0 4 0 0]
 [0 0 0 6 0 4 2 0 0]
 [0 0 0 2 8 0 0 7 0]]
Solution:
[[7 8 3 5 0 6 2 4 9]
 [9 0 6 1 4 2 5 8 3]
 [5 4 0 9 8 3 6 1 7]
 [2 0 1 4 6 8 7 9 5]
 [8 5 0 2 7 1 4 3 6]
 [3 6 9 0 5 0 8 0 2]
 [1 3 2 6 0 4 9 7 8]
 [4 7 5 8 1 9 3 6 0]
 [6 9 8 3 0 5 1 2 4]]
Number of cells unfilled: 11
Accuracy: 86.41975308641975
Sample: 97350
Question:
[[0 0 0 5 0 0 0 1 8]
 [0 9 0 0 0 3 0 0 7]
 [1 0 7 9 4 6 0 5 0]
 [9 0 0 0 3 1 0 7 0]
 [0 0 2 0 0 4 0 0 0]
 [0 4 0 8 0 7 5 3 0]
 [5 0 3 0 0 0 8 0 1]
 [0 2 6 0 0 0 0 0 0]
 [8 0 0 7 2 0 0 0 4]]
Solution:
[[7 8 3 5 0 6 2 4 9]
 [9 0 6 1 4 2 5 8 3]
 [5 4 0 9 8 3 6 1 7]
 [2 0 1 4 6 8 7 9 5]
 [8 5 0 2 7 1 4 3 6]
 [3 6 9 0 0 5 8 0 2]
 [1 3 2 6 5 4 9 7 8]
 [4 7 5 8 1 9 3 6 0]
 [6 9 8 3 0 7 1 2 4]]
Number of cells unfilled: 10
Accuracy: 87.65432098765432
Sample: 97351
Question:
[[9 0 0 0 0 1 0 0 0]
 [0 0 0 3 0 0 6 0 0]
 [0 0 1 0 0 0 0 0 0]
 [0 0 3 0 0 8 0 0 0]
 [0 0 4 0 0 0 0 0 0]
 [0 0 0 0 9 0 5 1 0]
 [0 0 0 0 0 0 0 9 8]
 [0 0 0 4 2 0 0 0 3]
 [5 0 0 0 0 0 0 0 0]]
Solution:
[[7 8 3 5 0 6 2 4 9]
 [9 1 6 7 4 2 5 8 3]
 [5 4 0 9 8 3 6 1 7]
 [2 0 1 4 6 8 7 9 5]
 [8 5 0 2 7 1 4 3 6]
 [3 6 9 0 0 5 8 0 1]
 [1 3 2 6 5 4 9 7 8]
 [4 7 5 8 1 9 3 6 0]
 [6 9 8 3 0 7 1 2 4]]
Number of cells unfilled: 9
Accuracy: 88.88888888888889
Sample: 97352
Question:
[[5 0 3 1 0 7 0 0 6]
 [7 0 0 0 0 0 0 0 0]
 [0 0 6 9 0 0 2 7 0]
 [0 0 0 5 0 8 0 0 0]
 [0 0 1 3 9 0 0 8 2]
 [9 0 0 7 0 4 0 1 0]
 [3 0 0 8 0 0 0 0 0]
 [0 4 0 0 0 0 0 0 0]
 [0 7 2 0 0 0 5 0 8]]
Solution:
[[7 8 3 5 0 6 2 4 9]
 [9 0 6 1 4 2 5 8 3]
 [5 4 0 9 8 3 6 1 7]
 [2 0 1 4 6 8 7 9 5]
 [8 5 0 2 7 1 4 3 6]
 [3 6 9 0 0 5 8 0 2]
 [1 3 2 6 5 4 9 7 8]
 [4 7 5 8 1 9 3 6 0]
 [6 9 8 3 0 7 1 2 4]]
Number of cells unfilled: 10
Accuracy: 87.65432098765432
Sample: 97353
Question:
[[9 0 0 0 6 7 0 0 5]
 [0 4 6 0 2 0 0 8 0]
 [0 7 5 0 0 3 0 0 0]
 [0 0 0 3 0 0 0 0 0]
 [0 6 0 0 7 9 0 0 4]
 [0 0 9 0 4 0 1 0 0]
 [0 0 7 0 5 4 0 0 9]
 [0 0 0 0 0 0 0 2 0]
 [0 0 0 0 3 0 0 0 0]]
Solution:
[[7 8 3 5 0 6 2 4 9]
 [9 0 6 1 4 2 5 8 3]
 [5 4 0 9 8 3 6 1 7]
 [2 0 1 4 6 8 7 9 5]
 [8 5 0 2 7 1 4 3 6]
 [3 6 9 0 0 5 8 0 1]
 [1 3 2 6 5 4 9 7 8]
 [4 7 5 8 1 9 3 6 0]
 [6 9 8 3 0 7 1 2 4]]
Number of cells unfilled: 10
Accuracy: 87.65432098765432
Sample: 97354
Question:
[[0 4 0 0 0 0 0 0 0]
 [0 0 3 0 0 0 0 7 5]
 [0 0 0 0 0 5 1 0 3]
 [0 0 1 0 0 4 7 0 0]
 [0 9 0 2 0 0 0 0 0]
 [6 0 0 0 9 0 0 0 0]
 [0 0 7 0 0 1 3 0 0]
 [0 0 9 0 6 0 0 8 0]
 [2 0 0 8 0 0 0 0 0]]
Solution:
[[7 8 3 5 0 6 2 4 9]
 [9 1 6 7 4 2 5 8 3]
 [5 4 0 9 8 3 6 1 7]
 [2 0 1 4 6 8 7 9 5]
 [8 5 0 2 7 1 4 3 6]
 [3 6 9 0 0 5 8 0 2]
 [1 3 2 6 5 4 9 7 8]
 [4 7 5 8 1 9 3 6 0]
 [6 9 8 3 0 7 1 2 4]]
Number of cells unfilled: 9
Accuracy: 88.88888888888889
Sample: 97355
Question:
[[0 2 0 0 8 0 7 0 0]
 [0 6 0 0 0 1 0 0 2]
 [0 0 9 0 0 0 3 8 0]
 [0 0 5 6 0 0 0 4 0]
 [0 0 0 0 0 0 2 0 8]
 [0 0 0 2 0 0 5 0 0]
 [6 1 0 0 4 0 0 5 0]
 [0 0 8 0 0 9 0 3 0]
 [9 0 7 0 0 0 0 0 0]]
Solution:
[[7 8 3 5 0 6 2 4 9]
 [9 0 6 1 4 2 5 8 3]
 [5 4 0 9 8 3 6 1 7]
 [2 0 1 4 6 8 7 9 5]
 [8 5 0 2 7 1 4 3 6]
 [3 6 9 0 0 5 8 0 1]
 [1 3 2 6 5 4 9 7 8]
 [4 7 5 8 1 9 3 6 0]
 [6 9 8 3 0 7 1 2 4]]
Number of cells unfilled: 10
Accuracy: 87.65432098765432
Sample: 97356
Question:
[[0 0 0 0 0 8 0 9 0]
 [0 0 0 6 0 0 5 0 0]
 [6 0 0 0 1 0 0 8 4]
 [0 9 4 0 6 0 7 0 0]
 [0 3 1 0 7 0 0 0 0]
 [7 0 6 0 0 1 0 0 8]
 [0 0 3 0 2 0 0 0 0]
 [0 0 0 0 0 4 0 5 0]
 [4 0 0 1 0 0 0 0 2]]
Solution:
[[7 8 3 5 0 6 2 4 9]
 [9 1 6 7 4 2 5 8 3]
 [5 4 0 9 8 3 6 1 7]
 [2 0 1 4 6 8 7 9 5]
 [8 5 0 2 7 1 4 3 6]
 [3 6 9 0 0 5 8 0 2]
 [1 3 2 6 5 4 9 7 8]
 [4 7 5 8 1 9 3 6 0]
 [6 9 8 3 0 7 1 2 4]]
Number of cells unfilled: 9
Accuracy: 88.88888888888889
Sample: 97357
Question:
[[0 0 0 0 0 8 6 0 0]
 [0 7 0 4 5 0 0 8 0]
 [8 0 0 0 9 0 0 0 5]
 [6 8 9 3 0 0 0 0 0]
 [0 3 2 0 0 0 0 0 0]
 [7 0 0 0 0 9 0 6 0]
 [0 0 0 0 1 0 0 5 2]
 [5 0 0 0 0 4 0 9 0]
 [0 0 7 0 0 0 1 0 0]]
Solution:
[[7 8 3 5 0 6 2 4 9]
 [9 0 6 1 4 2 5 8 3]
 [5 4 0 9 8 3 6 1 7]
 [2 0 1 4 6 8 7 9 5]
 [8 5 0 2 7 1 4 3 6]
 [3 6 9 0 5 0 8 0 1]
 [1 3 2 6 0 4 9 7 8]
 [4 7 5 8 1 9 3 6 0]
 [6 9 8 3 0 5 1 2 4]]
Number of cells unfilled: 11
Accuracy: 86.41975308641975
Sample: 97358
Question:
[[0 8 0 7 0 0 0 0 5]
 [0 0 0 0 0 8 6 0 0]
 [0 0 2 5 1 0 0 8 0]
 [0 2 0 0 0 7 0 6 0]
 [7 6 0 0 3 0 5 0 0]
 [4 0 3 0 0 0 0 0 0]
 [2 0 0 0 0 0 9 0 0]
 [0 5 0 0 0 1 0 7 0]
 [0 0 0 9 0 0 0 5 4]]
Solution:
[[7 8 3 5 0 6 2 4 9]
 [9 1 6 7 4 2 5 8 3]
 [5 4 0 9 8 3 6 1 7]
 [2 0 1 4 6 8 7 9 5]
 [8 5 0 2 7 1 4 3 6]
 [3 6 9 0 0 5 8 0 2]
 [1 3 2 6 5 4 9 7 8]
 [4 7 5 8 1 9 3 6 0]
 [6 9 8 3 0 7 1 2 4]]
Number of cells unfilled: 9
Accuracy: 88.88888888888889
Sample: 97359
Question:
[[0 0 0 8 2 0 0 0 1]
 [6 7 0 4 0 0 0 3 8]
 [0 0 0 0 3 6 0 0 0]
 [1 0 0 0 5 0 0 8 0]
 [5 0 0 2 0 0 0 1 0]
 [0 0 6 0 1 0 4 0 0]
 [0 9 0 1 0 2 0 7 0]
 [0 3 0 0 0 0 0 0 9]
 [7 0 0 0 0 9 0 0 0]]
Solution:
[[7 8 3 5 0 6 2 4 9]
 [9 1 6 7 4 2 5 8 3]
 [5 4 0 9 8 3 6 1 7]
 [2 0 1 4 6 8 7 9 5]
 [8 5 0 2 7 1 4 3 6]
 [3 6 9 0 0 5 8 0 2]
 [1 3 2 6 5 4 9 7 8]
 [4 7 5 8 1 9 3 6 0]
 [6 9 8 3 0 7 1 2 4]]
Number of cells unfilled: 9
Accuracy: 88.88888888888889
Sample: 97360
Question:
[[0 0 0 0 0 0 5 4 9]
 [8 0 0 0 0 7 0 0 0]
 [0 5 0 0 0 0 0 0 0]
 [0 0 0 0 0 0 0 8 0]
 [2 0 5 9 0 0 0 0 0]
 [4 7 0 0 3 0 0 0 0]
 [0 0 6 0 0 4 9 0 1]
 [0 9 0 0 2 6 0 0 4]
 [5 0 8 0 7 0 6 0 0]]
Solution:
[[7 8 3 5 0 6 2 4 9]
 [9 0 6 1 4 2 5 8 3]
 [5 4 0 9 8 3 6 1 7]
 [2 0 1 4 6 8 7 9 5]
 [8 5 0 2 7 1 4 3 6]
 [3 6 9 0 5 0 8 0 1]
 [1 3 2 6 0 4 9 7 8]
 [4 7 5 8 1 9 3 6 0]
 [6 9 8 3 0 5 1 2 4]]
Number of cells unfilled: 11
Accuracy: 86.41975308641975
Sample: 97361
Question:
[[0 0 4 0 0 0 5 0 0]
 [0 0 0 2 0 7 1 0 0]
 [0 0 0 0 0 0 8 0 0]
 [0 1 0 0 0 0 6 0 0]
 [0 9 0 0 2 0 0 0 7]
 [0 7 0 0 6 0 9 5 0]
 [3 0 0 1 0 0 0 0 4]
 [0 0 6 0 5 0 0 8 0]
 [1 0 0 8 0 2 0 0 0]]
Solution:
[[7 8 3 5 0 6 2 4 9]
 [9 0 6 1 4 2 5 8 3]
 [5 4 0 9 8 3 6 1 7]
 [2 0 1 4 6 8 7 9 5]
 [8 5 0 2 7 1 4 3 6]
 [3 6 9 0 0 5 8 0 2]
 [1 3 2 6 5 4 9 7 8]
 [4 7 5 8 1 9 3 6 0]
 [6 9 8 3 0 7 1 2 4]]
Number of cells unfilled: 10
Accuracy: 87.65432098765432
Sample: 97362
Question:
[[0 0 9 5 0 0 0 8 0]
 [1 0 0 0 2 0 0 0 0]
 [0 6 0 0 4 0 0 0 7]
 [0 0 6 4 0 0 0 7 0]
 [0 4 0 0 0 0 3 0 0]
 [0 0 7 6 0 0 0 5 0]
 [0 0 5 0 0 0 7 0 8]
 [6 0 0 0 0 0 0 9 0]
 [0 9 0 8 0 0 0 0 5]]
Solution:
[[7 8 3 5 0 6 2 4 9]
 [9 1 6 7 4 2 5 8 3]
 [5 4 0 9 8 3 6 1 7]
 [2 0 1 4 6 8 7 9 5]
 [8 5 0 2 7 1 4 3 6]
 [3 6 9 0 0 5 8 0 1]
 [1 3 2 6 5 4 9 7 8]
 [4 7 5 8 1 9 3 6 0]
 [6 9 8 3 0 7 1 2 4]]
Number of cells unfilled: 9
Accuracy: 88.88888888888889
Sample: 97363
Question:
[[0 0 0 0 8 0 0 0 0]
 [4 8 6 0 0 0 0 9 0]
 [0 9 0 0 0 0 0 0 2]
 [0 0 0 5 0 0 0 8 1]
 [0 0 0 0 9 1 0 0 0]
 [0 7 0 6 0 0 0 2 0]
 [0 0 4 0 0 0 9 0 0]
 [0 0 1 0 5 8 0 6 0]
 [0 0 0 0 0 2 3 0 4]]
Solution:
[[7 8 3 5 0 6 2 4 9]
 [9 1 6 7 4 2 5 8 3]
 [5 4 0 9 8 3 6 1 7]
 [2 0 1 4 6 8 7 9 5]
 [8 5 0 2 7 1 4 3 6]
 [3 6 9 0 5 0 8 0 2]
 [1 3 2 6 0 4 9 7 8]
 [4 7 5 8 1 9 3 6 0]
 [6 9 8 3 0 5 1 2 4]]
Number of cells unfilled: 10
Accuracy: 87.65432098765432
Sample: 97364
Question:
[[0 0 6 5 0 0 3 0 8]
 [0 0 0 6 0 0 0 1 0]
 [3 0 0 0 4 0 5 0 0]
 [1 0 0 0 2 0 0 0 0]
 [0 2 0 0 0 0 4 0 0]
 [0 0 8 9 0 0 0 0 5]
 [0 5 0 7 0 0 0 0 0]
 [0 0 7 0 6 0 8 5 0]
 [9 0 0 0 0 0 0 0 7]]
Solution:
[[7 8 3 5 0 6 2 4 9]
 [9 0 6 1 4 2 5 8 3]
 [5 4 0 9 8 3 6 1 7]
 [2 0 1 4 6 8 7 9 5]
 [8 5 0 2 7 1 4 3 6]
 [3 6 9 0 0 5 8 0 2]
 [1 3 2 6 5 4 9 7 8]
 [4 7 5 8 1 9 3 6 0]
 [6 9 8 3 0 7 1 2 4]]
Number of cells unfilled: 10
Accuracy: 87.65432098765432
Sample: 97365
Question:
[[0 0 5 0 7 0 2 0 0]
 [9 0 8 0 0 0 0 7 1]
 [0 6 0 3 0 0 0 0 0]
 [0 9 0 0 0 0 0 0 0]
 [0 0 0 5 3 0 0 2 0]
 [0 0 1 0 0 2 0 0 0]
 [0 0 0 7 0 0 4 0 0]
 [0 5 0 4 0 3 0 8 0]
 [1 0 0 0 0 5 3 0 9]]
Solution:
[[7 8 3 5 0 6 2 4 9]
 [9 0 6 1 4 2 5 8 3]
 [5 4 0 9 8 3 6 1 7]
 [2 0 1 4 6 8 7 9 5]
 [8 5 0 2 7 1 4 3 6]
 [3 6 9 0 0 5 8 0 1]
 [1 3 2 6 5 4 9 7 8]
 [4 7 5 8 1 9 3 6 0]
 [6 9 8 3 0 7 1 2 4]]
Number of cells unfilled: 10
Accuracy: 87.65432098765432
Sample: 97366
Question:
[[0 0 7 0 2 0 0 6 0]
 [5 0 0 0 0 0 0 0 3]
 [0 0 0 7 8 0 0 0 9]
 [0 0 0 0 1 0 0 0 0]
 [0 0 0 0 0 0 7 2 0]
 [0 0 0 0 3 0 9 0 1]
 [7 0 0 4 0 0 5 0 0]
 [0 0 3 5 0 0 0 0 0]
 [0 6 0 2 0 0 3 9 8]]
Solution:
[[7 8 3 5 0 6 2 4 9]
 [9 0 6 1 4 2 5 8 3]
 [5 4 0 9 8 3 6 1 7]
 [2 0 1 4 6 8 7 9 5]
 [8 5 0 2 7 1 4 3 6]
 [3 6 9 0 0 5 8 0 1]
 [1 3 2 6 5 4 9 7 8]
 [4 7 5 8 1 9 3 6 0]
 [6 9 8 3 0 7 1 2 4]]
Number of cells unfilled: 10
Accuracy: 87.65432098765432
Sample: 97367
Question:
[[3 0 0 6 0 0 0 0 0]
 [0 0 0 0 9 0 0 2 0]
 [0 0 0 5 1 4 8 0 0]
 [0 0 9 0 0 0 0 1 0]
 [0 5 0 0 0 0 0 0 7]
 [8 0 0 1 0 0 0 9 0]
 [0 0 4 0 0 3 7 0 1]
 [0 0 8 4 0 0 2 0 5]
 [0 0 7 0 0 5 0 4 0]]
Solution:
[[7 8 3 5 0 6 2 4 9]
 [9 0 6 1 4 2 5 8 3]
 [5 4 0 9 8 3 6 1 7]
 [2 0 1 4 6 8 7 9 5]
 [8 5 0 2 7 1 4 3 6]
 [3 6 9 0 0 5 8 0 1]
 [1 3 2 6 5 4 9 7 8]
 [4 7 5 8 1 9 3 6 0]
 [6 9 8 3 0 7 1 2 4]]
Number of cells unfilled: 10
Accuracy: 87.65432098765432
Sample: 97368
Question:
[[0 0 0 0 6 4 0 0 3]
 [0 0 0 0 2 0 6 5 7]
 [0 2 0 0 8 0 0 9 0]
 [3 0 1 6 0 0 0 0 2]
 [0 9 2 5 0 0 0 0 0]
 [0 0 4 0 0 3 0 0 0]
 [9 7 0 0 0 0 0 3 0]
 [0 0 0 0 0 0 0 0 4]
 [0 0 0 9 0 0 0 0 6]]
Solution:
[[7 8 3 5 0 6 2 4 9]
 [9 1 6 7 4 2 5 8 3]
 [5 4 0 9 8 3 6 1 7]
 [2 0 1 4 6 8 7 9 5]
 [8 5 0 2 7 1 4 3 6]
 [3 6 9 0 0 5 8 0 1]
 [1 3 2 6 5 4 9 7 8]
 [4 7 5 8 1 9 3 6 0]
 [6 9 8 3 0 7 1 2 4]]
Number of cells unfilled: 9
Accuracy: 88.88888888888889
Sample: 97369
Question:
[[6 0 0 0 0 7 0 1 0]
 [0 0 9 0 6 0 3 0 0]
 [0 1 0 4 8 0 0 0 0]
 [0 0 0 8 0 0 2 0 0]
 [0 0 2 0 0 4 0 0 3]
 [9 0 0 0 2 0 0 6 0]
 [0 5 3 0 4 0 8 0 0]
 [7 0 0 0 0 0 0 0 5]
 [0 9 0 5 0 0 0 3 0]]
Solution:
[[7 8 3 5 0 6 2 4 9]
 [9 1 6 7 4 2 5 8 3]
 [5 4 0 9 8 3 6 1 7]
 [2 0 1 4 6 8 7 9 5]
 [8 5 0 2 7 1 4 3 6]
 [3 6 9 0 0 5 8 0 2]
 [1 3 2 6 5 4 9 7 8]
 [4 7 5 8 1 9 3 6 0]
 [6 9 8 3 0 7 1 2 4]]
Number of cells unfilled: 9
Accuracy: 88.88888888888889
Sample: 97370
Question:
[[0 0 0 0 0 9 3 0 0]
 [2 0 0 0 8 0 5 0 7]
 [0 0 0 0 0 1 0 6 0]
 [0 2 0 0 4 0 0 0 5]
 [0 0 5 0 0 0 9 0 0]
 [7 0 0 0 0 6 0 0 0]
 [5 7 0 0 0 0 0 3 0]
 [8 4 0 1 0 0 0 0 0]
 [0 0 2 0 7 0 0 0 8]]
Solution:
[[7 8 3 5 0 6 2 4 9]
 [9 1 6 7 4 2 5 8 3]
 [5 4 0 9 8 3 6 1 7]
 [2 0 1 4 6 8 7 9 5]
 [8 5 0 2 7 1 4 3 6]
 [3 6 9 0 0 5 8 0 1]
 [1 3 2 6 5 4 9 7 8]
 [4 7 5 8 1 9 3 6 0]
 [6 9 8 3 0 7 1 2 4]]
Number of cells unfilled: 9
Accuracy: 88.88888888888889
Sample: 97371
Question:
[[3 1 0 0 0 9 0 0 0]
 [0 0 8 1 2 0 0 0 6]
 [0 0 0 0 0 0 0 1 0]
 [0 0 6 0 5 0 0 0 8]
 [7 0 0 3 0 0 0 0 0]
 [0 9 0 0 0 0 7 0 0]
 [0 0 0 5 0 0 0 0 4]
 [0 0 0 0 4 0 6 2 0]
 [0 0 4 0 0 6 5 8 0]]
Solution:
[[7 8 3 5 0 6 2 4 9]
 [9 0 6 1 4 2 5 8 3]
 [5 4 0 9 8 3 6 1 7]
 [2 0 1 4 6 8 7 9 5]
 [8 5 0 2 7 1 4 3 6]
 [3 6 9 0 0 5 8 0 1]
 [1 3 2 6 5 4 9 7 8]
 [4 7 5 8 1 9 3 6 0]
 [6 9 8 3 0 7 1 2 4]]
Number of cells unfilled: 10
Accuracy: 87.65432098765432
Sample: 97372
Question:
[[0 0 8 0 0 0 0 5 9]
 [0 0 0 0 0 0 0 7 1]
 [5 0 1 0 9 0 2 0 0]
 [0 4 0 0 0 0 0 0 0]
 [0 0 6 3 0 0 0 0 0]
 [2 0 7 0 5 0 0 9 0]
 [1 0 9 0 2 0 0 0 7]
 [0 0 0 6 0 0 0 0 0]
 [0 8 0 0 1 0 0 2 0]]
Solution:
[[7 8 3 5 0 6 2 4 9]
 [9 1 6 7 4 2 5 8 3]
 [5 4 0 9 8 3 6 1 7]
 [2 0 1 4 6 8 7 9 5]
 [8 5 0 2 7 1 4 3 6]
 [3 6 9 0 0 5 8 0 2]
 [1 3 2 6 5 4 9 7 8]
 [4 7 5 8 1 9 3 6 0]
 [6 9 8 3 0 7 1 2 4]]
Number of cells unfilled: 9
Accuracy: 88.88888888888889
Sample: 97373
Question:
[[0 8 9 4 0 0 5 0 0]
 [0 0 0 0 0 0 0 1 9]
 [7 0 0 0 0 0 0 8 4]
 [0 0 0 0 3 0 0 0 0]
 [0 0 6 0 0 2 0 0 0]
 [0 2 1 8 0 0 0 9 0]
 [0 5 4 9 0 0 0 0 1]
 [0 0 0 0 4 6 0 5 0]
 [2 0 0 0 0 0 0 0 0]]
Solution:
[[7 8 3 5 0 6 2 4 9]
 [9 0 6 1 4 2 5 8 3]
 [5 4 0 9 8 3 6 1 7]
 [2 0 1 4 6 8 7 9 5]
 [8 5 0 2 7 1 4 3 6]
 [3 6 9 0 5 0 8 0 2]
 [1 3 2 6 0 4 9 7 8]
 [4 7 5 8 1 9 3 6 0]
 [6 9 8 3 0 5 1 2 4]]
Number of cells unfilled: 11
Accuracy: 86.41975308641975
Sample: 97374
Question:
[[7 0 0 0 0 0 0 1 0]
 [0 0 0 9 0 0 3 0 7]
 [0 4 0 2 7 0 0 0 6]
 [0 0 4 0 0 8 0 6 0]
 [0 2 8 0 0 9 0 0 0]
 [5 0 0 4 2 0 0 0 8]
 [0 0 0 3 0 0 6 0 0]
 [0 5 0 0 0 0 0 0 0]
 [0 0 7 8 4 0 0 0 5]]
Solution:
[[7 8 3 5 0 6 2 4 9]
 [9 0 6 1 4 2 5 8 3]
 [5 4 0 9 8 3 6 1 7]
 [2 0 1 4 6 8 7 9 5]
 [8 5 0 2 7 1 4 3 6]
 [3 6 9 0 0 5 8 0 2]
 [1 3 2 6 5 4 9 7 8]
 [4 7 5 8 1 9 3 6 0]
 [6 9 8 3 0 7 1 2 4]]
Number of cells unfilled: 10
Accuracy: 87.65432098765432
Sample: 97375
Question:
[[9 0 0 3 1 0 0 2 0]
 [0 4 0 0 0 0 0 0 0]
 [2 0 0 9 0 4 0 8 0]
 [0 2 0 0 0 6 0 9 0]
 [0 3 9 8 0 0 0 0 0]
 [6 0 0 0 0 0 8 0 0]
 [0 0 5 0 0 0 7 6 0]
 [3 0 0 6 0 0 0 5 8]
 [0 0 0 0 5 0 0 0 1]]
Solution:
[[7 8 3 5 0 6 2 4 9]
 [9 0 6 1 4 2 5 8 3]
 [5 4 0 9 8 3 6 1 7]
 [2 0 1 4 6 8 7 9 5]
 [8 5 0 2 7 1 4 3 6]
 [3 6 9 0 0 5 8 0 2]
 [1 3 2 6 5 4 9 7 8]
 [4 7 5 8 1 9 3 6 0]
 [6 9 8 3 0 7 1 2 4]]
Number of cells unfilled: 10
Accuracy: 87.65432098765432
Sample: 97376
Question:
[[0 3 0 0 0 5 0 0 0]
 [0 0 0 0 0 0 3 0 0]
 [7 0 6 0 0 4 0 0 9]
 [0 0 0 0 0 7 1 2 0]
 [0 0 0 0 1 0 5 0 0]
 [0 8 1 4 0 2 6 0 3]
 [0 1 0 0 2 8 0 0 0]
 [5 0 0 0 9 0 0 0 6]
 [0 0 0 0 0 1 0 0 0]]
Solution:
[[7 8 3 5 0 6 2 4 9]
 [9 1 6 7 4 2 5 8 3]
 [5 4 0 9 8 3 6 1 7]
 [2 0 1 4 6 8 7 9 5]
 [8 5 0 2 7 1 4 3 6]
 [3 6 9 0 0 5 8 0 1]
 [1 3 2 6 5 4 9 7 8]
 [4 7 5 8 1 9 3 6 0]
 [6 9 8 3 0 7 1 2 4]]
Number of cells unfilled: 9
Accuracy: 88.88888888888889
Sample: 97377
Question:
[[0 0 0 5 0 0 2 0 0]
 [5 0 0 0 9 2 0 3 0]
 [0 3 1 0 0 0 0 0 0]
 [8 0 3 4 0 0 5 6 0]
 [0 0 0 2 0 6 0 0 7]
 [0 0 7 0 0 0 0 1 0]
 [1 9 0 0 2 7 6 5 0]
 [0 0 0 0 0 0 7 0 0]
 [0 0 4 0 0 8 0 0 0]]
Solution:
[[7 8 3 5 0 6 2 4 9]
 [9 0 6 1 4 2 5 8 3]
 [5 4 0 9 8 3 6 1 7]
 [2 0 1 4 6 8 7 9 5]
 [8 5 0 2 7 1 4 3 6]
 [3 6 9 0 0 5 8 0 1]
 [1 3 2 6 5 4 9 7 8]
 [4 7 5 8 1 9 3 6 0]
 [6 9 8 3 0 7 1 2 4]]
Number of cells unfilled: 10
Accuracy: 87.65432098765432
Sample: 97378
Question:
[[9 0 0 0 4 0 0 0 7]
 [0 2 0 0 0 0 8 0 0]
 [0 0 5 0 0 0 0 3 0]
 [0 7 0 8 0 1 0 0 9]
 [1 0 0 9 0 4 0 0 0]
 [0 0 0 0 7 0 0 0 0]
 [4 0 0 0 9 0 0 0 8]
 [0 0 0 0 0 0 6 5 0]
 [0 6 3 0 0 2 0 0 0]]
Solution:
[[7 8 3 5 0 6 2 4 9]
 [9 0 6 1 4 2 5 8 3]
 [5 4 0 9 8 3 6 1 7]
 [2 0 1 4 6 8 7 9 5]
 [8 5 0 2 7 1 4 3 6]
 [3 6 9 0 0 5 8 0 2]
 [1 3 2 6 5 4 9 7 8]
 [4 7 5 8 1 9 3 6 0]
 [6 9 8 3 0 7 1 2 4]]
Number of cells unfilled: 10
Accuracy: 87.65432098765432
Sample: 97379
Question:
[[0 8 0 0 0 0 0 3 0]
 [0 0 1 0 0 5 6 0 0]
 [3 0 0 1 0 0 0 0 7]
 [0 0 9 6 0 0 5 0 0]
 [0 4 0 0 5 0 0 0 0]
 [8 0 0 0 0 9 0 0 2]
 [0 0 2 0 9 0 3 0 0]
 [0 0 0 0 0 6 0 0 4]
 [0 0 0 2 0 0 0 7 0]]
Solution:
[[7 8 3 5 0 6 2 4 9]
 [9 0 6 1 4 2 5 8 3]
 [5 4 0 9 8 3 6 1 7]
 [2 0 1 4 6 8 7 9 5]
 [8 5 0 2 7 1 4 3 6]
 [3 6 9 0 0 5 8 0 1]
 [1 3 2 6 5 4 9 7 8]
 [4 7 5 8 1 9 3 6 0]
 [6 9 8 3 0 7 1 2 4]]
Number of cells unfilled: 10
Accuracy: 87.65432098765432
Sample: 97380
Question:
[[1 0 0 9 0 0 0 0 0]
 [0 0 0 2 0 0 7 0 0]
 [0 0 0 0 0 0 3 2 0]
 [8 0 0 5 0 0 0 0 0]
 [0 5 0 0 0 0 0 0 0]
 [6 0 0 0 0 0 0 0 9]
 [0 7 0 0 3 0 0 0 0]
 [0 2 0 0 0 0 0 0 0]
 [0 0 0 0 7 8 0 0 6]]
Solution:
[[7 8 3 5 0 6 2 4 9]
 [9 1 6 7 4 2 5 8 3]
 [5 4 0 9 8 3 6 1 7]
 [2 0 1 4 6 8 7 9 5]
 [8 5 0 2 7 1 4 3 6]
 [3 6 9 0 0 5 8 0 1]
 [1 3 2 6 5 4 9 7 8]
 [4 7 5 8 1 9 3 6 0]
 [6 9 8 3 0 7 1 2 4]]
Number of cells unfilled: 9
Accuracy: 88.88888888888889
Sample: 97381
Question:
[[0 0 9 0 0 7 0 2 0]
 [0 0 0 0 6 0 8 0 0]
 [0 0 0 1 4 0 7 0 3]
 [0 3 0 7 0 0 0 0 0]
 [0 0 0 0 9 4 6 0 0]
 [2 0 6 3 0 1 5 0 0]
 [0 1 2 0 7 0 0 0 0]
 [4 0 0 0 0 0 0 5 0]
 [7 8 0 0 0 0 0 0 0]]
Solution:
[[7 8 3 5 0 6 2 4 9]
 [9 0 6 1 4 2 5 8 3]
 [5 4 0 9 8 3 6 1 7]
 [2 0 1 4 6 8 7 9 5]
 [8 5 0 2 7 1 4 3 6]
 [3 6 9 0 5 0 8 0 2]
 [1 3 2 6 0 4 9 7 8]
 [4 7 5 8 1 9 3 6 0]
 [6 9 8 3 0 5 1 2 4]]
Number of cells unfilled: 11
Accuracy: 86.41975308641975
Sample: 97382
Question:
[[0 0 7 0 0 5 0 9 0]
 [0 6 0 0 0 0 0 0 0]
 [0 1 0 0 9 0 2 0 0]
 [0 7 0 0 4 0 0 5 0]
 [0 0 0 0 0 7 3 0 9]
 [0 0 3 0 5 0 0 0 0]
 [0 0 1 0 0 4 0 3 0]
 [2 0 4 0 0 9 0 7 0]
 [0 0 0 1 0 0 0 0 8]]
Solution:
[[7 8 3 5 0 6 2 4 9]
 [9 1 6 7 4 2 5 8 3]
 [5 4 0 9 8 3 6 1 7]
 [2 0 1 4 6 8 7 9 5]
 [8 5 0 2 7 1 4 3 6]
 [3 6 9 0 0 5 8 0 2]
 [1 3 2 6 5 4 9 7 8]
 [4 7 5 8 1 9 3 6 0]
 [6 9 8 3 0 7 1 2 4]]
Number of cells unfilled: 9
Accuracy: 88.88888888888889
Sample: 97383
Question:
[[0 2 1 3 0 0 0 4 0]
 [0 0 0 0 2 4 0 0 0]
 [8 0 0 0 0 0 0 0 0]
 [0 6 3 0 4 0 0 1 0]
 [0 0 0 6 0 0 0 0 7]
 [5 0 0 1 0 0 0 0 3]
 [0 8 2 0 0 6 0 3 0]
 [0 0 0 0 0 0 0 0 0]
 [0 0 6 0 3 0 9 0 8]]
Solution:
[[7 8 3 5 0 6 2 4 9]
 [9 1 6 7 4 2 5 8 3]
 [5 4 0 9 8 3 6 1 7]
 [2 0 1 4 6 8 7 9 5]
 [8 5 0 2 7 1 4 3 6]
 [3 6 9 0 0 5 8 0 1]
 [1 3 2 6 5 4 9 7 8]
 [4 7 5 8 1 9 3 6 0]
 [6 9 8 3 0 7 1 2 4]]
Number of cells unfilled: 9
Accuracy: 88.88888888888889
Sample: 97384
Question:
[[0 9 0 6 0 4 0 0 5]
 [5 0 4 0 0 0 6 0 0]
 [0 0 0 5 2 0 0 0 0]
 [0 0 5 9 0 7 0 0 6]
 [0 7 0 0 0 0 8 0 0]
 [0 6 0 0 3 0 0 0 0]
 [0 0 9 0 0 0 2 1 0]
 [7 0 0 4 0 2 0 0 9]
 [0 0 0 0 0 0 0 0 0]]
Solution:
[[7 8 3 5 0 6 2 4 9]
 [9 1 6 7 4 2 5 8 3]
 [5 4 0 9 8 3 6 1 7]
 [2 0 1 4 6 8 7 9 5]
 [8 5 0 2 7 1 4 3 6]
 [3 6 9 0 0 5 8 0 1]
 [1 3 2 6 5 4 9 7 8]
 [4 7 5 8 1 9 3 6 0]
 [6 9 8 3 0 7 1 2 4]]
Number of cells unfilled: 9
Accuracy: 88.88888888888889
Sample: 97385
Question:
[[3 0 1 0 0 0 0 4 0]
 [0 4 0 5 1 0 9 0 0]
 [0 0 0 0 0 0 0 0 0]
 [0 0 4 0 0 6 0 0 8]
 [0 8 0 4 9 0 0 7 0]
 [0 0 2 0 0 0 0 0 9]
 [0 7 0 8 5 0 0 0 4]
 [0 0 0 7 0 1 0 0 0]
 [0 0 0 0 0 0 7 5 0]]
Solution:
[[7 8 3 5 0 6 2 4 9]
 [9 1 6 7 4 2 5 8 3]
 [5 4 0 9 8 3 6 1 7]
 [2 0 1 4 6 8 7 9 5]
 [8 5 0 2 7 1 4 3 6]
 [3 6 9 0 0 5 8 0 2]
 [1 3 2 6 5 4 9 7 8]
 [4 7 5 8 1 9 3 6 0]
 [6 9 8 3 0 7 1 2 4]]
Number of cells unfilled: 9
Accuracy: 88.88888888888889
Sample: 97386
Question:
[[6 0 0 0 2 0 0 7 0]
 [0 1 0 6 0 0 0 0 4]
 [0 0 0 0 0 0 0 9 0]
 [0 4 0 0 8 6 0 0 0]
 [1 0 0 0 0 0 0 0 8]
 [3 0 0 1 0 0 0 4 0]
 [0 6 0 4 0 0 0 8 3]
 [0 0 7 0 0 5 0 0 0]
 [0 3 0 8 0 0 0 0 7]]
Solution:
[[7 8 3 5 0 6 2 4 9]
 [9 0 6 1 4 2 5 8 3]
 [5 4 0 9 8 3 6 1 7]
 [2 0 1 4 6 8 7 9 5]
 [8 5 0 2 7 1 4 3 6]
 [3 6 9 0 0 5 8 0 1]
 [1 3 2 6 5 4 9 7 8]
 [4 7 5 8 1 9 3 6 0]
 [6 9 8 3 0 7 1 2 4]]
Number of cells unfilled: 10
Accuracy: 87.65432098765432
Sample: 97387
Question:
[[6 0 0 7 0 0 0 0 1]
 [8 0 7 2 0 0 0 0 0]
 [0 3 0 0 6 0 8 7 0]
 [0 0 0 0 0 0 0 0 0]
 [0 0 8 0 7 0 4 5 0]
 [0 0 0 4 0 9 0 0 3]
 [0 5 3 0 0 0 0 0 0]
 [0 0 0 0 0 0 0 0 4]
 [7 0 0 0 3 0 5 6 0]]
Solution:
[[7 8 3 5 0 6 2 4 9]
 [9 0 6 1 4 2 5 8 3]
 [5 4 0 9 8 3 6 1 7]
 [2 0 1 4 6 8 7 9 5]
 [8 5 0 2 7 1 4 3 6]
 [3 6 9 0 0 5 8 0 2]
 [1 3 2 6 5 4 9 7 8]
 [4 7 5 8 1 9 3 6 0]
 [6 9 8 3 0 7 1 2 4]]
Number of cells unfilled: 10
Accuracy: 87.65432098765432
Sample: 97388
Question:
[[0 0 0 0 0 1 0 2 0]
 [6 4 3 5 0 0 0 0 0]
 [0 0 2 3 0 0 0 0 0]
 [0 0 0 0 6 0 0 5 1]
 [0 0 0 0 9 0 0 0 0]
 [0 0 6 1 0 0 0 9 3]
 [0 0 0 0 0 5 8 0 0]
 [5 0 9 4 0 0 2 0 0]
 [3 0 7 0 0 8 0 0 0]]
Solution:
[[7 8 3 5 0 6 2 4 9]
 [9 0 6 1 4 2 5 8 3]
 [5 4 0 9 8 3 6 1 7]
 [2 0 1 4 6 8 7 9 5]
 [8 5 0 2 7 1 4 3 6]
 [3 6 9 0 0 5 8 0 1]
 [1 3 2 6 5 4 9 7 8]
 [4 7 5 8 1 9 3 6 0]
 [6 9 8 3 0 7 1 2 4]]
Number of cells unfilled: 10
Accuracy: 87.65432098765432
Sample: 97389
Question:
[[0 0 2 7 0 0 0 0 0]
 [0 0 1 3 6 0 0 0 2]
 [0 3 0 0 0 5 0 0 0]
 [5 6 0 0 4 9 0 0 1]
 [0 0 0 0 0 0 0 4 0]
 [0 0 0 0 0 6 9 0 0]
 [1 0 5 0 0 0 0 9 0]
 [0 8 0 0 0 0 6 0 3]
 [0 9 6 0 2 0 1 0 0]]
Solution:
[[7 8 3 5 0 6 2 4 9]
 [9 0 6 1 4 2 5 8 3]
 [5 4 0 9 8 3 6 1 7]
 [2 0 1 4 6 8 7 9 5]
 [8 5 0 2 7 1 4 3 6]
 [3 6 9 0 0 5 8 0 1]
 [1 3 2 6 5 4 9 7 8]
 [4 7 5 8 1 9 3 6 0]
 [6 9 8 3 0 7 1 2 4]]
Number of cells unfilled: 10
Accuracy: 87.65432098765432
Sample: 97390
Question:
[[7 3 0 0 0 0 9 0 0]
 [0 0 9 0 0 0 0 4 1]
 [0 0 0 0 9 0 0 0 0]
 [0 2 0 0 0 0 0 0 0]
 [5 0 0 2 0 0 0 6 0]
 [0 0 7 0 3 0 1 0 0]
 [8 0 0 6 0 0 0 0 5]
 [0 0 0 0 0 8 0 0 0]
 [0 0 1 0 7 0 3 0 0]]
Solution:
[[7 8 3 5 0 6 2 4 9]
 [9 1 6 7 4 2 5 8 3]
 [5 4 0 9 8 3 6 1 7]
 [2 0 1 4 6 8 7 9 5]
 [8 5 0 2 7 1 4 3 6]
 [3 6 9 0 0 5 8 0 1]
 [1 3 2 6 5 4 9 7 8]
 [4 7 5 8 1 9 3 6 0]
 [6 9 8 3 0 7 1 2 4]]
Number of cells unfilled: 9
Accuracy: 88.88888888888889
Sample: 97391
Question:
[[0 9 0 0 0 0 0 0 0]
 [0 0 3 0 0 0 0 0 2]
 [5 0 0 8 0 0 0 6 0]
 [0 0 0 6 7 0 4 0 0]
 [0 0 0 1 8 0 0 0 9]
 [1 0 0 0 0 5 0 7 0]
 [0 2 0 5 0 0 0 0 7]
 [7 0 0 0 1 0 0 8 0]
 [0 0 4 0 0 0 3 0 0]]
Solution:
[[7 8 3 5 0 6 2 4 9]
 [9 0 6 1 4 2 5 8 3]
 [5 4 0 9 8 3 6 1 7]
 [2 0 1 4 6 8 7 9 5]
 [8 5 0 2 7 1 4 3 6]
 [3 6 9 0 0 5 8 0 2]
 [1 3 2 6 5 4 9 7 8]
 [4 7 5 8 1 9 3 6 0]
 [6 9 8 3 0 7 1 2 4]]
Number of cells unfilled: 10
Accuracy: 87.65432098765432
Sample: 97392
Question:
[[2 0 0 0 0 0 8 0 0]
 [0 7 0 0 0 4 0 0 5]
 [3 0 1 6 0 0 0 7 0]
 [4 0 3 0 0 5 0 0 0]
 [0 9 0 0 0 0 0 0 0]
 [7 0 5 9 0 0 0 0 3]
 [0 3 0 0 0 9 0 0 7]
 [0 0 0 0 1 0 0 6 0]
 [0 0 0 8 0 0 2 0 0]]
Solution:
[[7 8 3 5 0 6 2 4 9]
 [9 1 6 7 4 2 5 8 3]
 [5 4 0 9 8 3 6 1 7]
 [2 0 1 4 6 8 7 9 5]
 [8 5 0 2 7 1 4 3 6]
 [3 6 9 0 0 5 8 0 1]
 [1 3 2 6 5 4 9 7 8]
 [4 7 5 8 1 9 3 6 0]
 [6 9 8 3 0 7 1 2 4]]
Number of cells unfilled: 9
Accuracy: 88.88888888888889
Sample: 97393
Question:
[[7 0 1 0 3 0 0 0 6]
 [0 3 0 0 0 0 0 4 0]
 [0 0 6 0 0 0 5 0 0]
 [0 0 0 0 0 0 0 0 0]
 [5 6 8 9 0 0 3 0 0]
 [0 0 3 0 0 0 8 6 7]
 [0 8 0 0 1 3 4 0 0]
 [0 0 0 0 5 0 6 0 9]
 [2 0 0 7 9 0 0 0 0]]
Solution:
[[7 8 3 5 0 6 2 4 9]
 [9 1 6 7 4 2 5 8 3]
 [5 4 0 9 8 3 6 1 7]
 [2 0 1 4 6 8 7 9 5]
 [8 5 0 2 7 1 4 3 6]
 [3 6 9 0 5 0 8 0 1]
 [1 3 2 6 0 4 9 7 8]
 [4 7 5 8 1 9 3 6 0]
 [6 9 8 3 0 5 1 2 4]]
Number of cells unfilled: 10
Accuracy: 87.65432098765432
Sample: 97394
Question:
[[0 9 0 5 0 0 2 0 0]
 [0 0 0 0 8 0 0 4 0]
 [1 0 0 0 0 6 0 0 7]
 [0 7 3 6 0 0 0 0 1]
 [6 0 0 0 0 0 0 0 0]
 [0 5 1 0 0 7 0 0 0]
 [0 8 0 4 0 0 0 0 0]
 [3 0 0 0 0 5 0 0 6]
 [0 0 2 0 0 0 0 9 0]]
Solution:
[[7 8 3 5 0 6 2 4 9]
 [9 0 6 1 4 2 5 8 3]
 [5 4 0 9 8 3 6 1 7]
 [2 0 1 4 6 8 7 9 5]
 [8 5 0 2 7 1 4 3 6]
 [3 6 9 0 0 5 8 0 1]
 [1 3 2 6 5 4 9 7 8]
 [4 7 5 8 1 9 3 6 0]
 [6 9 8 3 0 7 1 2 4]]
Number of cells unfilled: 10
Accuracy: 87.65432098765432
Sample: 97395
Question:
[[0 9 0 5 0 0 0 0 7]
 [0 0 2 0 0 9 0 1 0]
 [4 0 0 3 0 0 9 0 0]
 [0 0 0 0 4 0 1 0 5]
 [0 2 0 0 0 1 0 4 0]
 [0 0 0 7 0 0 6 0 0]
 [0 0 9 0 3 0 0 0 0]
 [2 0 0 0 0 8 0 9 0]
 [0 8 1 0 0 0 0 0 6]]
Solution:
[[7 8 3 5 0 6 2 4 9]
 [9 0 6 1 4 2 5 8 3]
 [5 4 0 9 8 3 6 1 7]
 [2 0 1 4 6 8 7 9 5]
 [8 5 0 2 7 1 4 3 6]
 [3 6 9 0 0 5 8 0 1]
 [1 3 2 6 5 4 9 7 8]
 [4 7 5 8 1 9 3 6 0]
 [6 9 8 3 0 7 1 2 4]]
Number of cells unfilled: 10
Accuracy: 87.65432098765432
Sample: 97396
Question:
[[0 0 0 0 0 0 5 3 0]
 [0 0 0 0 0 9 0 0 6]
 [0 0 7 3 0 0 0 0 0]
 [0 0 3 0 8 0 0 2 0]
 [6 0 0 0 9 0 3 0 0]
 [2 0 0 0 0 0 6 7 0]
 [0 0 6 0 0 0 1 0 0]
 [0 7 9 1 0 6 0 4 0]
 [3 0 0 0 7 0 0 0 8]]
Solution:
[[7 8 3 5 0 6 2 4 9]
 [9 1 6 7 4 2 5 8 3]
 [5 4 0 9 8 3 6 1 7]
 [2 0 1 4 6 8 7 9 5]
 [8 5 0 2 7 1 4 3 6]
 [3 6 9 0 0 5 8 0 2]
 [1 3 2 6 5 4 9 7 8]
 [4 7 5 8 1 9 3 6 0]
 [6 9 8 3 0 7 1 2 4]]
Number of cells unfilled: 9
Accuracy: 88.88888888888889
Sample: 97397
Question:
[[9 0 0 0 4 0 8 0 7]
 [0 3 4 1 0 0 0 0 0]
 [0 0 7 0 9 3 1 0 0]
 [0 6 0 0 3 0 9 1 8]
 [0 0 0 0 0 0 0 0 0]
 [0 4 0 0 2 0 0 0 6]
 [7 0 0 0 0 5 6 0 0]
 [0 0 0 0 0 0 0 0 0]
 [3 0 0 0 8 7 5 0 0]]
Solution:
[[7 8 3 5 0 6 2 4 9]
 [9 1 6 7 4 2 5 8 3]
 [5 4 0 9 8 3 6 1 7]
 [2 0 1 4 6 8 7 9 5]
 [8 5 0 2 7 1 4 3 6]
 [3 6 9 0 0 5 8 0 1]
 [1 3 2 6 5 4 9 7 8]
 [4 7 5 8 1 9 3 6 0]
 [6 9 8 3 0 7 1 2 4]]
Number of cells unfilled: 9
Accuracy: 88.88888888888889
Sample: 97398
Question:
[[1 5 0 0 0 0 0 0 0]
 [0 6 9 0 7 0 0 0 0]
 [0 0 0 6 0 0 0 0 0]
 [0 0 0 0 8 0 4 9 0]
 [0 9 0 0 0 0 1 0 2]
 [0 0 0 0 6 4 3 0 0]
 [0 2 0 0 3 0 0 0 0]
 [4 0 0 0 0 0 6 8 0]
 [3 0 0 7 4 6 0 0 0]]
Solution:
[[7 8 3 5 0 6 2 4 9]
 [9 0 6 1 4 2 5 8 3]
 [5 4 0 9 8 3 6 1 7]
 [2 0 1 4 6 8 7 9 5]
 [8 5 0 2 7 1 4 3 6]
 [3 6 9 0 0 5 8 0 1]
 [1 3 2 6 5 4 9 7 8]
 [4 7 5 8 1 9 3 6 0]
 [6 9 8 3 0 7 1 2 4]]
Number of cells unfilled: 10
Accuracy: 87.65432098765432
Sample: 97399
Question:
[[0 0 4 0 0 0 0 9 0]
 [0 6 0 2 0 0 0 0 1]
 [5 0 0 0 0 8 6 0 0]
 [0 0 0 0 3 0 0 4 0]
 [0 1 0 5 0 0 9 0 0]
 [2 0 0 0 0 7 0 5 6]
 [0 9 0 0 0 1 0 0 5]
 [0 0 0 0 7 0 0 0 0]
 [6 0 0 8 0 0 2 0 0]]
Solution:
[[7 8 3 5 0 6 2 4 9]
 [9 1 6 7 4 2 5 8 3]
 [5 4 0 9 8 3 6 1 7]
 [2 0 1 4 6 8 7 9 5]
 [8 5 0 2 7 1 4 3 6]
 [3 6 9 0 0 5 8 0 1]
 [1 3 2 6 5 4 9 7 8]
 [4 7 5 8 1 9 3 6 0]
 [6 9 8 3 0 7 1 2 4]]
Number of cells unfilled: 9
Accuracy: 88.88888888888889
Sample: 97400
Question:
[[0 0 0 5 0 6 0 0 9]
 [0 0 0 0 0 0 5 0 3]
 [0 4 0 9 0 0 6 1 0]
 [2 0 0 0 0 0 7 0 5]
 [0 0 0 2 0 1 0 3 0]
 [3 6 9 0 0 0 0 0 0]
 [1 0 0 0 0 4 0 0 0]
 [4 7 0 8 0 0 0 0 0]
 [0 0 8 3 0 0 0 2 0]]
Solution:
[[7 8 3 5 0 6 2 4 9]
 [9 1 6 7 4 2 5 8 3]
 [5 4 0 9 8 3 6 1 7]
 [2 0 1 4 6 8 7 9 5]
 [8 5 0 2 7 1 4 3 6]
 [3 6 9 0 5 0 8 0 2]
 [1 3 2 6 0 4 9 7 8]
 [4 7 5 8 1 9 3 6 0]
 [6 9 8 3 0 5 1 2 4]]
Number of cells unfilled: 10
Accuracy: 87.65432098765432
