2025-10-22 16:59:32.997891: I tensorflow/core/util/port.cc:153] oneDNN custom operations are on. You may see slightly different numerical results due to floating-point round-off errors from different computation orders. To turn them off, set the environment variable `TF_ENABLE_ONEDNN_OPTS=0`.
2025-10-22 16:59:33.749305: I tensorflow/core/platform/cpu_feature_guard.cc:210] This TensorFlow binary is optimized to use available CPU instructions in performance-critical operations.
To enable the following instructions: AVX2 AVX512F AVX512_VNNI FMA, in other operations, rebuild TensorFlow with the appropriate compiler flags.
2025-10-22 16:59:39.650571: I tensorflow/core/util/port.cc:153] oneDNN custom operations are on. You may see slightly different numerical results due to floating-point round-off errors from different computation orders. To turn them off, set the environment variable `TF_ENABLE_ONEDNN_OPTS=0`.
2025-10-22 16:59:46.212842: E external/local_xla/xla/stream_executor/cuda/cuda_platform.cc:51] failed call to cuInit: INTERNAL: CUDA error: Failed call to cuInit: UNKNOWN ERROR (303)
Sample: 98801
Question:
[[4 1 0 0 6 0 0 0 0]
 [0 6 3 0 0 8 0 2 0]
 [0 0 0 0 0 0 6 0 0]
 [0 0 0 4 7 0 0 0 0]
 [0 2 4 0 0 9 0 3 0]
 [0 0 0 0 0 0 0 0 5]
 [0 8 1 0 9 0 3 0 2]
 [0 0 9 0 0 3 0 0 0]
 [0 0 0 8 1 0 0 9 0]]
Solution:
[[9 5 8 6 7 1 2 3 4]
 [0 3 6 0 4 2 8 9 5]
 [4 0 1 0 9 3 6 0 0]
 [8 4 5 9 1 0 3 7 6]
 [7 6 2 8 3 5 4 1 9]
 [3 1 0 7 6 0 5 8 2]
 [5 7 3 1 0 4 9 2 8]
 [1 2 4 5 8 9 0 6 7]
 [0 8 9 2 0 6 1 4 3]]
Number of cells unfilled: 13
Accuracy: 83.9506172839506
Sample: 98802
Question:
[[0 6 0 3 0 2 0 7 0]
 [3 0 7 5 0 0 0 9 0]
 [0 0 0 0 0 0 5 0 0]
 [0 0 0 1 0 0 0 0 6]
 [9 2 1 0 0 3 0 0 0]
 [0 3 0 2 0 0 7 0 0]
 [0 8 0 0 0 7 2 3 0]
 [0 0 0 8 0 1 0 5 0]
 [4 0 0 0 0 0 0 0 0]]
Solution:
[[9 5 8 6 7 1 2 3 4]
 [0 3 6 0 4 2 8 9 1]
 [4 0 1 0 9 3 6 0 5]
 [8 4 5 9 1 0 3 7 6]
 [7 6 2 8 3 5 4 1 9]
 [3 1 0 7 6 0 5 8 2]
 [5 7 3 1 0 4 9 2 8]
 [1 2 4 5 8 9 0 6 7]
 [0 8 9 2 0 6 1 4 3]]
Number of cells unfilled: 12
Accuracy: 85.18518518518519
Sample: 98803
Question:
[[0 1 0 0 2 0 4 6 0]
 [0 0 7 0 0 0 0 0 1]
 [4 0 0 0 0 1 8 0 0]
 [6 0 0 9 0 0 0 0 0]
 [0 0 5 0 3 0 0 0 0]
 [0 4 0 0 0 6 0 0 2]
 [0 0 0 0 8 0 0 9 0]
 [7 0 0 5 0 0 3 0 0]
 [0 8 0 0 0 7 0 0 4]]
Solution:
[[9 5 8 6 7 1 2 3 4]
 [0 3 6 0 4 2 8 5 1]
 [4 0 1 0 5 3 6 9 0]
 [8 4 5 9 1 0 3 7 6]
 [7 6 2 8 3 5 4 1 9]
 [3 1 0 7 6 0 5 8 2]
 [5 7 3 1 0 4 9 2 8]
 [1 2 4 5 8 9 0 6 7]
 [0 8 9 2 0 6 1 4 3]]
Number of cells unfilled: 12
Accuracy: 85.18518518518519
Sample: 98804
Question:
[[0 0 0 0 2 0 0 0 6]
 [7 0 0 4 0 0 0 0 0]
 [9 2 0 6 0 0 0 0 0]
 [0 0 0 9 3 0 0 2 0]
 [4 0 0 7 0 0 0 0 0]
 [0 3 0 0 6 4 0 0 9]
 [0 6 0 3 0 0 5 1 0]
 [0 7 0 2 0 0 9 0 0]
 [0 0 4 0 9 0 0 0 0]]
Solution:
[[9 5 8 6 7 0 1 3 4]
 [0 3 6 0 4 2 8 9 5]
 [4 0 1 0 9 3 6 0 0]
 [8 4 5 9 1 0 3 7 6]
 [7 6 2 8 3 5 4 1 9]
 [3 1 0 7 6 0 5 8 2]
 [5 7 3 1 0 4 9 2 8]
 [1 2 4 5 8 9 0 6 7]
 [0 8 9 2 0 6 0 4 3]]
Number of cells unfilled: 15
Accuracy: 81.48148148148148
Sample: 98805
Question:
[[0 0 9 0 0 4 0 0 6]
 [0 0 2 0 0 5 7 0 8]
 [3 0 0 6 0 0 0 0 0]
 [0 0 5 2 3 0 0 6 0]
 [0 2 0 5 0 6 4 0 0]
 [0 0 0 0 0 9 0 0 0]
 [0 0 3 4 0 0 0 2 0]
 [0 9 0 0 0 0 0 0 0]
 [0 6 4 0 0 2 0 0 0]]
Solution:
[[9 5 8 6 7 1 2 3 4]
 [0 3 6 0 4 2 8 9 5]
 [4 0 1 0 5 3 6 0 0]
 [8 4 5 9 1 0 3 7 6]
 [7 6 2 8 3 5 4 1 9]
 [3 1 0 7 6 0 5 0 8]
 [5 7 3 1 0 4 9 2 0]
 [1 2 4 5 8 9 0 6 7]
 [0 8 9 2 0 6 1 4 3]]
Number of cells unfilled: 15
Accuracy: 81.48148148148148
Sample: 98806
Question:
[[0 6 0 0 7 0 8 0 0]
 [0 0 0 0 0 0 0 5 0]
 [0 0 7 0 0 0 6 4 0]
 [0 0 6 4 0 0 5 0 0]
 [0 4 0 0 0 0 0 0 8]
 [0 0 9 2 0 3 7 0 0]
 [8 7 0 0 4 0 9 0 0]
 [0 9 4 0 0 6 0 0 0]
 [0 0 5 0 0 0 0 8 0]]
Solution:
[[9 5 8 6 7 1 2 3 4]
 [0 3 6 0 4 2 8 5 1]
 [4 0 1 0 5 3 6 9 0]
 [8 4 5 9 1 0 3 7 6]
 [7 6 2 8 3 5 4 1 9]
 [3 1 0 7 6 0 5 8 2]
 [5 7 3 1 0 4 9 2 8]
 [1 2 4 5 8 9 0 6 7]
 [0 8 9 2 0 6 1 4 3]]
Number of cells unfilled: 12
Accuracy: 85.18518518518519
Sample: 98807
Question:
[[0 8 9 0 2 4 0 0 0]
 [0 0 0 0 3 0 0 2 0]
 [0 0 0 1 0 0 0 5 0]
 [0 0 1 0 0 0 0 8 3]
 [0 0 7 0 4 0 0 0 2]
 [6 9 0 0 0 0 0 0 7]
 [1 6 0 2 9 0 7 0 5]
 [0 0 0 4 0 0 8 0 0]
 [0 7 5 0 0 0 0 0 0]]
Solution:
[[9 5 8 6 7 1 2 3 4]
 [0 3 6 0 4 2 8 5 1]
 [4 0 1 0 5 3 6 9 0]
 [8 4 5 9 1 0 3 7 6]
 [7 6 2 8 3 5 4 1 9]
 [3 1 0 7 6 0 5 8 2]
 [5 7 3 1 0 4 9 2 8]
 [1 2 4 5 8 9 0 6 7]
 [0 8 9 2 0 6 1 4 3]]
Number of cells unfilled: 12
Accuracy: 85.18518518518519
Sample: 98808
Question:
[[0 0 6 0 0 2 0 0 0]
 [0 0 9 0 0 1 0 0 0]
 [1 0 0 0 3 0 0 7 0]
 [0 0 0 1 7 0 5 0 0]
 [0 0 8 0 4 0 0 0 9]
 [7 0 0 0 0 3 0 1 0]
 [0 0 0 0 0 0 0 0 5]
 [0 6 0 0 0 0 8 0 0]
 [2 0 0 3 0 0 0 4 0]]
Solution:
[[9 5 8 6 7 0 1 3 4]
 [0 3 6 0 4 2 8 9 5]
 [4 0 1 0 9 3 6 0 2]
 [8 4 5 9 1 0 3 7 6]
 [7 6 2 8 3 5 4 1 9]
 [3 1 0 7 6 0 5 0 8]
 [5 7 3 1 0 4 9 2 0]
 [1 2 4 5 8 9 0 6 7]
 [0 8 9 2 0 6 0 4 3]]
Number of cells unfilled: 16
Accuracy: 80.24691358024691
Sample: 98809
Question:
[[0 7 0 0 0 3 0 4 0]
 [9 0 2 0 0 0 0 0 8]
 [0 0 0 9 0 0 0 0 7]
 [0 5 0 0 0 0 4 0 6]
 [0 0 0 0 0 5 0 0 0]
 [3 0 7 0 0 0 0 5 0]
 [0 4 0 0 0 6 0 7 0]
 [0 0 0 8 0 0 1 0 0]
 [0 0 0 0 1 0 0 0 2]]
Solution:
[[9 5 8 6 7 1 2 3 4]
 [0 3 6 0 4 2 8 5 1]
 [4 0 1 0 5 3 6 9 0]
 [8 4 5 9 1 0 3 7 6]
 [7 6 2 8 3 5 4 1 9]
 [3 1 0 7 6 0 5 8 2]
 [5 7 3 1 0 4 9 2 8]
 [1 2 4 5 8 9 0 6 7]
 [0 8 9 2 0 6 1 4 3]]
Number of cells unfilled: 12
Accuracy: 85.18518518518519
Sample: 98810
Question:
[[0 0 0 0 0 2 0 0 0]
 [7 0 4 0 3 9 1 0 0]
 [3 0 0 0 6 0 0 5 0]
 [0 4 5 2 7 0 0 0 3]
 [6 0 0 0 0 3 4 0 5]
 [0 7 0 0 0 6 0 0 0]
 [0 5 0 0 0 0 8 1 0]
 [0 0 0 0 8 0 5 4 0]
 [0 0 0 0 0 0 0 0 6]]
Solution:
[[9 5 8 6 7 1 2 3 4]
 [0 3 6 0 4 2 8 5 1]
 [4 0 1 0 5 3 6 9 0]
 [8 4 5 9 1 0 3 7 6]
 [7 6 2 8 3 5 4 1 9]
 [3 1 0 7 6 0 5 8 2]
 [5 7 3 1 0 4 9 2 8]
 [1 2 4 5 8 9 0 6 7]
 [0 8 9 2 0 6 1 4 3]]
Number of cells unfilled: 12
Accuracy: 85.18518518518519
Sample: 98811
Question:
[[0 8 0 0 7 0 0 4 0]
 [7 0 0 0 0 4 0 0 2]
 [3 0 4 9 0 0 0 0 0]
 [0 6 8 0 0 0 2 0 0]
 [4 0 0 0 0 0 0 5 0]
 [0 0 5 0 0 1 0 0 6]
 [0 0 0 6 0 0 0 0 9]
 [8 0 0 1 0 3 0 0 0]
 [0 0 3 0 4 0 0 8 0]]
Solution:
[[9 5 8 6 7 1 2 3 4]
 [0 3 6 0 4 2 8 9 5]
 [4 0 1 0 9 3 6 0 0]
 [8 4 5 9 1 0 3 7 6]
 [7 6 2 8 3 5 4 1 9]
 [3 1 0 7 6 0 5 8 2]
 [5 7 3 1 0 4 9 2 8]
 [1 2 4 5 8 9 0 6 7]
 [0 8 9 2 0 6 1 4 3]]
Number of cells unfilled: 13
Accuracy: 83.9506172839506
Sample: 98812
Question:
[[0 0 6 0 2 0 0 0 0]
 [0 3 0 0 0 9 0 4 0]
 [1 0 0 8 0 0 5 0 0]
 [0 0 5 0 0 0 0 0 7]
 [7 0 0 1 0 0 0 9 0]
 [0 1 0 0 0 7 8 0 0]
 [0 8 0 4 0 0 0 5 0]
 [3 0 0 0 0 0 9 0 0]
 [0 0 1 0 6 0 0 0 2]]
Solution:
[[9 5 8 6 7 1 2 3 4]
 [0 3 6 0 4 2 8 9 5]
 [4 0 1 0 5 3 6 0 0]
 [8 4 5 9 1 0 3 7 6]
 [7 6 2 8 3 5 4 1 9]
 [3 1 0 7 6 0 5 8 2]
 [5 7 3 1 0 4 9 2 8]
 [1 2 4 5 8 9 0 6 7]
 [0 8 9 2 0 6 1 4 3]]
Number of cells unfilled: 13
Accuracy: 83.9506172839506
Sample: 98813
Question:
[[0 3 0 0 9 0 2 7 0]
 [0 6 7 0 0 0 0 3 1]
 [0 0 0 0 0 0 0 0 0]
 [0 0 0 0 3 0 1 4 0]
 [0 0 0 0 0 5 0 6 0]
 [0 0 5 8 0 0 0 0 2]
 [0 0 0 2 0 7 6 1 0]
 [2 0 0 0 0 0 0 0 0]
 [0 7 1 0 5 4 3 0 0]]
Solution:
[[9 5 8 6 7 1 2 3 4]
 [0 3 6 0 4 2 8 9 5]
 [4 0 1 0 5 3 6 0 0]
 [8 4 5 9 1 0 3 7 6]
 [7 6 2 8 3 5 4 1 9]
 [3 1 0 7 6 0 5 8 2]
 [5 7 3 1 0 4 9 2 8]
 [1 2 4 5 8 9 0 6 7]
 [0 8 9 2 0 6 1 4 3]]
Number of cells unfilled: 13
Accuracy: 83.9506172839506
Sample: 98814
Question:
[[0 0 6 1 0 0 0 3 0]
 [0 3 0 0 0 9 0 0 0]
 [9 0 0 0 7 0 0 0 8]
 [0 0 5 0 0 4 0 0 0]
 [3 0 0 0 1 0 0 5 0]
 [1 6 0 5 0 0 0 0 2]
 [5 8 0 0 6 0 0 0 0]
 [0 0 0 0 0 0 7 0 0]
 [0 0 3 4 0 0 0 2 5]]
Solution:
[[9 5 8 6 7 1 2 3 4]
 [0 3 6 0 4 2 8 9 1]
 [4 0 1 0 9 3 6 0 5]
 [8 4 5 9 1 0 3 7 6]
 [7 6 2 8 3 5 4 1 9]
 [3 1 0 7 6 0 5 8 2]
 [5 7 3 1 0 4 9 2 8]
 [1 2 4 5 8 9 0 6 7]
 [0 8 9 2 0 6 1 4 3]]
Number of cells unfilled: 12
Accuracy: 85.18518518518519
Sample: 98815
Question:
[[6 0 0 0 2 0 3 0 0]
 [0 0 5 0 0 8 0 0 1]
 [0 0 0 7 0 0 0 4 0]
 [0 0 1 0 0 9 0 0 8]
 [0 0 0 0 4 0 0 5 0]
 [0 3 0 0 0 0 7 0 0]
 [0 0 2 9 0 0 0 0 0]
 [8 0 0 0 5 0 0 0 2]
 [1 5 0 0 0 2 0 6 0]]
Solution:
[[9 5 8 6 7 1 2 3 4]
 [0 3 6 0 4 2 8 9 1]
 [4 0 1 0 9 3 6 5 0]
 [8 4 5 9 1 0 3 7 6]
 [7 6 2 8 3 5 4 1 9]
 [3 1 0 7 6 0 5 8 2]
 [5 7 3 1 0 4 9 2 8]
 [1 2 4 5 8 9 0 6 7]
 [0 8 9 2 0 6 1 4 3]]
Number of cells unfilled: 12
Accuracy: 85.18518518518519
Sample: 98816
Question:
[[0 1 0 0 0 3 0 9 0]
 [0 0 0 9 0 0 8 0 0]
 [0 0 0 0 4 0 0 0 7]
 [0 0 1 0 3 9 0 5 0]
 [3 5 0 4 0 0 0 0 0]
 [2 9 0 0 6 0 0 0 0]
 [5 0 0 0 0 4 2 1 0]
 [1 3 0 0 0 2 0 8 0]
 [0 0 0 0 8 0 0 0 0]]
Solution:
[[9 5 8 6 7 1 2 3 4]
 [0 3 6 0 4 2 8 9 1]
 [4 0 1 0 9 3 6 0 5]
 [8 4 5 9 1 0 3 7 6]
 [7 6 2 8 3 5 4 1 9]
 [3 1 0 7 6 0 5 8 2]
 [5 7 3 1 0 4 9 2 8]
 [1 2 4 5 8 9 0 6 7]
 [0 8 9 2 0 6 1 4 3]]
Number of cells unfilled: 12
Accuracy: 85.18518518518519
Sample: 98817
Question:
[[4 0 0 0 0 0 1 0 0]
 [7 1 0 0 3 0 0 0 9]
 [0 0 0 0 0 0 0 5 0]
 [3 7 0 4 0 2 0 9 0]
 [0 0 0 0 7 0 0 0 0]
 [0 2 0 9 0 3 0 0 7]
 [6 4 0 0 9 0 0 0 2]
 [0 0 0 0 0 6 9 0 0]
 [0 0 1 8 0 0 0 6 0]]
Solution:
[[9 5 8 6 7 1 2 3 4]
 [0 3 6 0 4 2 8 9 5]
 [4 0 1 0 5 3 6 0 0]
 [8 4 5 9 1 0 3 7 6]
 [7 6 2 8 3 5 4 1 9]
 [3 1 0 7 6 0 5 8 2]
 [5 7 3 1 0 4 9 2 8]
 [1 2 4 5 8 9 0 6 7]
 [0 8 9 2 0 6 1 4 3]]
Number of cells unfilled: 13
Accuracy: 83.9506172839506
Sample: 98818
Question:
[[8 0 0 1 0 0 0 5 2]
 [0 0 5 0 0 9 0 0 0]
 [1 2 0 0 5 0 0 9 0]
 [0 0 0 0 0 4 0 0 8]
 [0 0 2 0 1 0 0 4 5]
 [0 0 0 3 0 0 0 0 0]
 [0 7 0 0 0 1 0 0 0]
 [6 0 0 7 0 0 4 0 0]
 [0 0 1 0 9 0 0 8 7]]
Solution:
[[9 5 8 6 7 1 2 3 4]
 [0 3 6 0 4 2 8 9 1]
 [4 0 1 0 9 3 6 0 5]
 [8 4 5 9 1 0 3 7 6]
 [7 6 2 8 3 5 4 1 9]
 [3 1 0 7 6 0 5 8 2]
 [5 7 3 1 0 4 9 2 8]
 [1 2 4 5 8 9 0 6 7]
 [0 8 9 2 0 6 1 4 3]]
Number of cells unfilled: 12
Accuracy: 85.18518518518519
Sample: 98819
Question:
[[0 0 0 8 0 1 3 0 0]
 [0 0 0 9 0 0 6 0 0]
 [1 0 0 0 4 0 0 0 9]
 [0 5 0 0 7 0 0 6 0]
 [7 0 0 4 0 0 0 0 8]
 [0 0 2 0 0 9 0 0 0]
 [0 0 7 0 0 0 0 0 0]
 [8 1 0 0 0 4 0 0 7]
 [0 2 3 0 0 0 0 5 0]]
Solution:
[[9 5 8 6 7 1 2 3 4]
 [0 3 6 0 4 2 8 9 5]
 [4 0 1 0 5 3 6 0 0]
 [8 4 5 9 1 0 3 7 6]
 [7 6 2 8 3 5 4 1 9]
 [3 1 0 7 6 0 5 8 2]
 [5 7 3 1 0 4 9 2 8]
 [1 2 4 5 8 9 0 6 7]
 [0 8 9 2 0 6 1 4 3]]
Number of cells unfilled: 13
Accuracy: 83.9506172839506
Sample: 98820
Question:
[[0 4 0 0 0 0 0 0 7]
 [0 0 7 5 0 0 6 0 0]
 [0 2 0 0 0 0 0 5 9]
 [0 0 9 3 0 0 0 0 6]
 [0 0 0 0 0 8 0 7 0]
 [4 0 0 0 1 0 3 0 0]
 [1 0 0 0 8 2 0 0 0]
 [0 8 3 9 0 0 0 6 0]
 [0 0 0 0 0 3 0 0 0]]
Solution:
[[9 5 8 6 7 1 2 3 4]
 [0 3 6 0 4 2 8 9 5]
 [4 0 1 0 5 3 6 0 0]
 [8 4 5 9 1 0 3 7 6]
 [7 6 2 8 3 5 4 1 9]
 [3 1 0 7 6 0 5 8 2]
 [5 7 3 1 0 4 9 2 8]
 [1 2 4 5 8 9 0 6 7]
 [0 8 9 2 0 6 1 4 3]]
Number of cells unfilled: 13
Accuracy: 83.9506172839506
Sample: 98821
Question:
[[0 0 7 3 0 0 9 0 0]
 [6 0 0 0 0 0 0 1 5]
 [8 0 0 0 0 5 0 0 0]
 [0 0 4 0 7 0 0 0 2]
 [7 0 0 0 0 3 4 0 0]
 [0 6 0 4 0 0 0 9 0]
 [0 7 0 0 3 0 0 0 0]
 [0 0 6 9 0 0 2 0 0]
 [0 1 0 0 8 6 0 0 0]]
Solution:
[[9 5 8 6 7 1 2 3 4]
 [0 3 6 0 4 2 8 9 1]
 [4 0 1 0 9 3 6 5 0]
 [8 4 5 9 1 0 3 7 6]
 [7 6 2 8 3 5 4 1 9]
 [3 1 0 7 6 0 5 8 2]
 [5 7 3 1 0 4 9 2 8]
 [1 2 4 5 8 9 0 6 7]
 [0 8 9 2 0 6 1 4 3]]
Number of cells unfilled: 12
Accuracy: 85.18518518518519
Sample: 98822
Question:
[[0 0 2 0 0 8 0 0 9]
 [5 0 0 0 3 0 8 0 0]
 [0 8 0 6 0 0 0 2 0]
 [4 0 0 0 0 0 0 3 0]
 [0 0 7 0 0 0 0 0 0]
 [8 6 0 0 0 9 2 0 0]
 [0 0 0 0 0 6 0 7 1]
 [0 0 0 4 1 0 0 0 0]
 [0 5 0 0 0 3 6 0 0]]
Solution:
[[9 5 8 6 7 1 2 3 4]
 [0 3 6 0 4 2 8 9 5]
 [4 0 1 0 9 3 6 0 0]
 [8 4 5 9 1 0 3 7 6]
 [7 6 2 8 3 5 4 1 9]
 [3 1 0 7 6 0 5 8 2]
 [5 7 3 1 0 4 9 2 8]
 [1 2 4 5 8 9 0 6 7]
 [0 8 9 2 0 6 1 4 3]]
Number of cells unfilled: 13
Accuracy: 83.9506172839506
Sample: 98823
Question:
[[7 0 0 6 0 0 0 0 0]
 [0 0 0 4 7 2 0 8 0]
 [6 0 0 0 8 9 0 4 0]
 [0 0 6 8 0 0 0 7 0]
 [0 9 0 0 0 7 6 5 0]
 [0 0 0 0 0 0 3 0 4]
 [9 0 1 0 0 0 0 0 0]
 [0 0 0 0 0 0 5 0 0]
 [0 5 0 9 0 8 0 0 3]]
Solution:
[[9 5 8 6 7 1 2 3 4]
 [0 3 6 0 4 2 8 5 1]
 [4 0 1 0 5 3 6 9 0]
 [8 4 5 9 1 0 3 7 6]
 [7 6 2 8 3 5 4 1 9]
 [3 1 0 7 6 0 5 8 2]
 [5 7 3 1 0 4 9 2 8]
 [1 2 4 5 8 9 0 6 7]
 [0 8 9 2 0 6 1 4 3]]
Number of cells unfilled: 12
Accuracy: 85.18518518518519
Sample: 98824
Question:
[[0 0 1 5 0 0 0 6 0]
 [4 0 0 0 6 0 1 0 0]
 [0 6 5 1 0 9 0 3 0]
 [0 0 0 0 0 0 0 0 8]
 [0 0 3 9 0 0 0 5 0]
 [2 0 0 0 0 0 6 0 0]
 [0 0 7 0 0 1 0 0 0]
 [9 3 0 0 5 7 0 1 0]
 [1 0 0 3 0 0 0 0 0]]
Solution:
[[9 5 8 6 7 0 1 3 4]
 [0 3 6 0 4 2 8 9 5]
 [4 0 1 0 9 3 6 0 2]
 [8 4 5 9 1 0 3 7 6]
 [7 6 2 8 3 5 4 1 9]
 [3 1 0 7 6 0 5 0 8]
 [5 7 3 1 0 4 9 2 0]
 [1 2 4 5 8 9 0 6 7]
 [0 8 9 2 0 6 0 4 3]]
Number of cells unfilled: 16
Accuracy: 80.24691358024691
Sample: 98825
Question:
[[0 0 7 0 5 1 0 0 4]
 [0 0 0 0 7 0 2 5 0]
 [0 0 0 6 0 0 1 0 0]
 [0 0 1 0 4 6 5 0 0]
 [6 0 0 0 0 0 0 0 0]
 [0 9 0 1 0 0 0 0 0]
 [0 0 0 0 6 0 4 0 0]
 [3 0 0 8 0 0 7 0 5]
 [0 0 4 0 1 5 0 2 0]]
Solution:
[[9 5 8 6 7 1 2 3 4]
 [0 3 6 0 4 2 8 9 5]
 [4 0 1 0 5 3 6 0 0]
 [8 4 5 9 1 0 3 7 6]
 [7 6 2 8 3 5 4 1 9]
 [3 1 0 7 6 0 5 8 2]
 [5 7 3 1 0 4 9 2 8]
 [1 2 4 5 8 9 0 6 7]
 [0 8 9 2 0 6 1 4 3]]
Number of cells unfilled: 13
Accuracy: 83.9506172839506
Sample: 98826
Question:
[[7 0 2 0 0 0 0 0 1]
 [0 0 9 1 0 8 0 0 0]
 [6 0 0 0 0 0 5 0 0]
 [0 0 0 0 6 5 0 0 0]
 [3 0 0 0 1 0 0 0 0]
 [2 0 0 0 3 0 0 4 0]
 [0 0 6 0 7 0 1 0 0]
 [8 0 0 0 0 0 7 5 0]
 [0 4 0 0 0 6 3 9 0]]
Solution:
[[9 5 8 6 7 1 2 3 4]
 [0 3 6 0 4 2 8 5 1]
 [4 0 1 0 5 3 6 9 0]
 [8 4 5 9 1 0 3 7 6]
 [7 6 2 8 3 5 4 1 9]
 [3 1 0 7 6 0 5 8 2]
 [5 7 3 1 0 4 9 2 8]
 [1 2 4 5 8 9 0 6 7]
 [0 8 9 2 0 6 1 4 3]]
Number of cells unfilled: 12
Accuracy: 85.18518518518519
Sample: 98827
Question:
[[0 1 0 0 0 9 0 0 0]
 [0 0 5 0 0 0 0 2 0]
 [9 0 0 7 0 0 4 0 0]
 [0 2 0 8 0 0 0 0 0]
 [0 0 8 4 3 0 0 0 6]
 [3 0 0 0 0 7 8 0 0]
 [8 0 0 0 7 0 3 0 0]
 [0 6 0 0 0 0 0 0 1]
 [0 0 0 0 0 4 0 5 0]]
Solution:
[[9 5 8 6 7 1 2 3 4]
 [0 3 6 0 4 2 8 9 5]
 [4 0 1 0 9 3 6 0 0]
 [8 4 5 9 1 0 3 7 6]
 [7 6 2 8 3 5 4 1 9]
 [3 1 0 7 6 0 5 0 8]
 [5 7 3 1 0 4 9 2 0]
 [1 2 4 5 8 9 0 6 7]
 [0 8 9 2 0 6 1 4 3]]
Number of cells unfilled: 15
Accuracy: 81.48148148148148
Sample: 98828
Question:
[[0 3 0 0 7 0 0 5 0]
 [4 0 0 8 0 0 0 0 6]
 [7 0 5 0 0 0 0 0 4]
 [3 0 0 0 2 0 0 4 0]
 [5 2 0 0 0 9 6 0 0]
 [0 0 7 1 0 0 0 0 0]
 [2 0 0 0 0 8 0 0 3]
 [0 5 0 0 0 0 9 0 0]
 [0 0 3 0 1 0 0 2 0]]
Solution:
[[9 5 8 6 7 1 2 3 4]
 [0 3 6 0 4 2 8 5 1]
 [4 0 1 0 5 3 6 9 0]
 [8 4 5 9 1 0 3 7 6]
 [7 6 2 8 3 5 4 1 9]
 [3 1 0 7 6 0 5 8 2]
 [5 7 3 1 0 4 9 2 8]
 [1 2 4 5 8 9 0 6 7]
 [0 8 9 2 0 6 1 4 3]]
Number of cells unfilled: 12
Accuracy: 85.18518518518519
Sample: 98829
Question:
[[0 0 9 8 0 1 0 0 0]
 [0 7 0 0 3 0 0 0 1]
 [5 0 0 6 0 7 2 0 0]
 [0 0 5 0 0 6 1 0 0]
 [0 0 0 7 0 0 0 8 0]
 [0 0 0 0 0 0 0 4 0]
 [9 0 0 3 0 0 0 0 0]
 [0 5 0 0 0 2 9 0 0]
 [2 0 6 0 0 0 0 0 4]]
Solution:
[[9 5 8 6 7 1 2 3 4]
 [0 3 6 0 4 2 8 9 5]
 [4 0 1 0 5 3 6 0 0]
 [8 4 5 9 1 0 3 7 6]
 [7 6 2 8 3 5 4 1 9]
 [3 1 0 7 6 0 5 8 2]
 [5 7 3 1 0 4 9 2 8]
 [1 2 4 5 8 9 0 6 7]
 [0 8 9 2 0 6 1 4 3]]
Number of cells unfilled: 13
Accuracy: 83.9506172839506
Sample: 98830
Question:
[[5 0 6 2 0 0 0 7 0]
 [0 4 0 0 0 0 0 0 0]
 [0 8 0 0 0 6 0 0 2]
 [0 0 1 0 0 2 0 3 0]
 [6 0 0 0 3 0 0 0 9]
 [0 0 0 5 0 0 8 0 0]
 [0 0 0 0 0 5 9 0 7]
 [0 0 5 0 2 0 0 1 0]
 [4 0 0 7 0 1 0 0 0]]
Solution:
[[9 5 8 6 7 1 2 3 4]
 [0 3 6 0 4 2 8 9 5]
 [4 0 1 0 5 3 6 0 0]
 [8 4 5 9 1 0 3 7 6]
 [7 6 2 8 3 5 4 1 9]
 [3 1 0 7 6 0 5 8 2]
 [5 7 3 1 0 4 9 2 8]
 [1 2 4 5 8 9 0 6 7]
 [0 8 9 2 0 6 1 4 3]]
Number of cells unfilled: 13
Accuracy: 83.9506172839506
Sample: 98831
Question:
[[0 0 3 4 0 0 2 0 0]
 [0 7 0 0 0 0 0 0 8]
 [2 0 0 0 7 0 0 5 0]
 [0 0 2 0 9 0 0 0 3]
 [0 0 0 0 0 1 0 9 0]
 [9 0 0 3 0 7 5 0 0]
 [1 0 0 0 5 0 0 3 0]
 [0 0 0 7 0 0 6 0 0]
 [0 6 4 0 0 8 0 0 0]]
Solution:
[[9 5 8 6 7 1 2 3 4]
 [0 3 6 0 4 2 8 9 5]
 [4 0 1 0 9 3 6 0 0]
 [8 4 5 9 1 0 3 7 6]
 [7 6 2 8 3 5 4 1 9]
 [3 1 0 7 6 0 5 8 2]
 [5 7 3 1 0 4 9 2 8]
 [1 2 4 5 8 9 0 6 7]
 [0 8 9 2 0 6 1 4 3]]
Number of cells unfilled: 13
Accuracy: 83.9506172839506
Sample: 98832
Question:
[[0 8 0 9 0 2 0 0 0]
 [0 0 1 0 4 0 0 3 0]
 [7 0 0 0 0 0 2 0 0]
 [0 0 0 0 0 7 0 0 8]
 [0 0 7 0 6 0 0 1 0]
 [9 0 0 3 0 0 6 0 0]
 [0 4 0 0 0 3 0 5 0]
 [0 0 5 6 0 0 0 0 3]
 [0 7 0 0 5 0 1 0 0]]
Solution:
[[9 5 8 6 7 0 1 3 4]
 [0 3 6 0 4 2 8 9 5]
 [4 0 1 0 5 3 6 0 0]
 [8 4 5 9 1 0 3 7 6]
 [7 6 2 8 3 5 4 1 9]
 [3 1 0 7 6 0 5 8 2]
 [5 7 3 1 0 4 9 2 8]
 [1 2 4 5 8 9 0 6 7]
 [0 8 9 2 0 6 0 4 3]]
Number of cells unfilled: 15
Accuracy: 81.48148148148148
Sample: 98833
Question:
[[0 0 0 0 4 0 0 0 9]
 [4 7 0 0 0 3 5 0 0]
 [1 0 0 6 0 0 0 7 0]
 [0 0 0 0 0 0 0 0 2]
 [0 0 1 0 0 5 0 0 7]
 [7 3 0 0 6 0 9 0 0]
 [3 6 0 5 0 0 0 0 0]
 [0 0 8 0 7 0 0 0 0]
 [0 1 7 0 3 0 0 9 0]]
Solution:
[[9 5 8 6 7 1 2 3 4]
 [0 3 6 0 4 2 8 9 5]
 [4 0 1 0 5 3 6 0 0]
 [8 4 5 9 1 0 3 7 6]
 [7 6 2 8 3 5 4 1 9]
 [3 1 0 7 6 0 5 8 2]
 [5 7 3 1 0 4 9 2 8]
 [1 2 4 5 8 9 0 6 7]
 [0 8 9 2 0 6 1 4 3]]
Number of cells unfilled: 13
Accuracy: 83.9506172839506
Sample: 98834
Question:
[[0 0 0 9 0 0 0 2 0]
 [0 9 0 0 0 2 0 0 8]
 [2 0 0 0 8 4 5 0 0]
 [7 0 0 0 0 0 0 0 9]
 [0 0 0 0 7 0 0 4 0]
 [0 4 1 0 0 0 7 0 0]
 [4 0 0 8 0 0 0 3 5]
 [8 0 0 2 0 0 0 0 4]
 [0 3 0 0 4 6 0 0 0]]
Solution:
[[9 5 8 6 7 1 2 3 4]
 [0 3 6 0 4 2 8 9 1]
 [4 0 1 0 9 3 6 5 0]
 [8 4 5 9 1 0 3 7 6]
 [7 6 2 8 3 5 4 1 9]
 [3 1 0 7 6 0 5 8 2]
 [5 7 3 1 0 4 9 2 8]
 [1 2 4 5 8 9 0 6 7]
 [0 8 9 2 0 6 1 4 3]]
Number of cells unfilled: 12
Accuracy: 85.18518518518519
Sample: 98835
Question:
[[0 0 4 6 0 5 0 7 0]
 [0 5 0 9 0 0 8 0 0]
 [1 0 0 0 0 0 0 0 6]
 [0 0 5 7 0 8 4 0 0]
 [0 0 0 0 3 0 0 8 5]
 [0 1 0 0 0 0 0 0 7]
 [0 0 1 5 0 7 0 0 8]
 [2 0 0 0 0 0 0 0 0]
 [0 0 0 0 9 0 0 4 0]]
Solution:
[[9 5 8 6 7 0 1 3 4]
 [0 3 6 0 4 2 8 9 5]
 [4 0 1 0 9 3 6 0 0]
 [8 4 5 9 1 0 3 7 6]
 [7 6 2 8 3 5 4 1 9]
 [3 1 0 7 6 0 5 8 2]
 [5 7 3 1 0 4 9 2 8]
 [1 2 4 5 8 9 0 6 7]
 [0 8 9 2 0 6 0 4 3]]
Number of cells unfilled: 15
Accuracy: 81.48148148148148
Sample: 98836
Question:
[[5 0 0 3 0 0 0 0 0]
 [0 0 3 0 0 8 0 6 0]
 [0 0 0 0 6 0 0 0 3]
 [0 0 7 4 0 0 6 0 1]
 [0 0 0 0 7 0 0 8 0]
 [0 8 0 0 0 1 0 0 0]
 [0 0 1 0 0 6 0 7 9]
 [0 9 0 0 0 0 2 0 0]
 [0 0 6 0 9 4 0 1 0]]
Solution:
[[9 5 8 6 7 1 2 3 4]
 [0 3 6 0 4 2 8 5 1]
 [4 0 1 0 5 3 6 9 0]
 [8 4 5 9 1 0 3 7 6]
 [7 6 2 8 3 5 4 1 9]
 [3 1 0 7 6 0 5 8 2]
 [5 7 3 1 0 4 9 2 8]
 [1 2 4 5 8 9 0 6 7]
 [0 8 9 2 0 6 1 4 3]]
Number of cells unfilled: 12
Accuracy: 85.18518518518519
Sample: 98837
Question:
[[3 0 2 8 0 0 0 9 0]
 [6 0 0 0 3 5 0 0 0]
 [0 8 0 0 0 0 0 0 0]
 [0 0 0 0 7 0 0 0 8]
 [8 0 6 2 0 0 0 1 0]
 [0 0 0 0 0 0 4 0 0]
 [9 0 0 0 0 2 0 3 0]
 [0 0 0 3 0 0 1 0 9]
 [1 0 3 0 0 6 2 0 0]]
Solution:
[[9 5 8 6 7 1 2 3 4]
 [0 3 6 0 4 2 8 5 1]
 [4 0 1 0 5 3 6 9 0]
 [8 4 5 9 1 0 3 7 6]
 [7 6 2 8 3 5 4 1 9]
 [3 1 0 7 6 0 5 8 2]
 [5 7 3 1 0 4 9 2 8]
 [1 2 4 5 8 9 0 6 7]
 [0 8 9 2 0 6 1 4 3]]
Number of cells unfilled: 12
Accuracy: 85.18518518518519
Sample: 98838
Question:
[[0 0 0 0 3 0 0 9 0]
 [9 0 0 0 0 0 3 0 0]
 [0 0 0 4 0 0 7 0 0]
 [6 8 0 0 9 0 4 0 0]
 [0 0 2 0 0 0 0 0 0]
 [0 0 0 0 8 7 0 2 0]
 [0 0 4 0 1 2 0 5 0]
 [8 0 0 0 0 4 2 0 9]
 [0 0 6 0 5 0 0 8 0]]
Solution:
[[9 5 8 6 7 0 1 3 4]
 [0 3 6 0 4 2 8 9 5]
 [4 0 1 0 5 3 6 0 2]
 [8 4 5 9 1 0 3 7 6]
 [7 6 2 8 3 5 4 1 9]
 [3 1 0 7 6 0 5 0 8]
 [5 7 3 1 0 4 9 2 0]
 [1 2 4 5 8 9 0 6 7]
 [0 8 9 2 0 6 0 4 3]]
Number of cells unfilled: 16
Accuracy: 80.24691358024691
Sample: 98839
Question:
[[0 3 0 0 5 0 0 0 8]
 [0 0 2 4 0 0 0 5 0]
 [0 0 0 0 0 9 2 0 0]
 [0 0 3 0 0 0 0 0 1]
 [7 0 0 0 1 0 5 3 0]
 [0 1 0 0 0 0 7 8 0]
 [0 0 9 0 0 0 0 6 0]
 [0 7 0 0 3 0 0 0 5]
 [0 0 4 0 0 6 0 0 0]]
Solution:
[[9 5 8 6 7 1 2 3 4]
 [0 3 6 0 4 2 8 9 1]
 [4 0 1 0 9 3 6 5 0]
 [8 4 5 9 1 0 3 7 6]
 [7 6 2 8 3 5 4 1 9]
 [3 1 0 7 6 0 5 8 2]
 [5 7 3 1 0 4 9 2 8]
 [1 2 4 5 8 9 0 6 7]
 [0 8 9 2 0 6 1 4 3]]
Number of cells unfilled: 12
Accuracy: 85.18518518518519
Sample: 98840
Question:
[[0 5 2 0 0 8 0 6 0]
 [0 0 0 0 6 0 0 0 3]
 [0 0 0 2 0 0 0 0 0]
 [0 0 0 7 0 0 0 0 0]
 [0 6 7 0 8 0 0 5 0]
 [0 1 0 0 0 5 9 0 0]
 [0 0 9 0 0 0 4 0 0]
 [0 2 6 8 0 0 0 7 0]
 [1 0 0 0 2 0 0 0 0]]
Solution:
[[9 5 8 6 7 0 1 3 4]
 [0 3 6 0 4 2 8 9 5]
 [4 0 1 0 5 3 6 0 0]
 [8 4 5 9 1 0 3 7 6]
 [7 6 2 8 3 5 4 1 9]
 [3 1 0 7 6 0 5 8 2]
 [5 7 3 1 0 4 9 2 8]
 [1 2 4 5 8 9 0 6 7]
 [0 8 9 2 0 6 0 4 3]]
Number of cells unfilled: 15
Accuracy: 81.48148148148148
Sample: 98841
Question:
[[1 0 7 0 8 0 0 4 0]
 [0 4 0 0 0 7 1 9 0]
 [9 0 6 0 0 0 0 0 0]
 [6 0 0 0 0 0 0 0 1]
 [0 0 0 2 0 0 0 3 0]
 [0 0 4 0 0 1 7 0 0]
 [0 6 0 0 0 0 0 0 3]
 [0 0 1 0 5 0 0 0 0]
 [4 0 0 0 0 9 6 1 0]]
Solution:
[[9 5 8 6 7 1 2 3 4]
 [0 3 6 0 4 2 8 9 5]
 [4 0 1 0 9 3 6 0 0]
 [8 4 5 9 1 0 3 7 6]
 [7 6 2 8 3 5 4 1 9]
 [3 1 0 7 6 0 5 8 2]
 [5 7 3 1 0 4 9 2 8]
 [1 2 4 5 8 9 0 6 7]
 [0 8 9 2 0 6 1 4 3]]
Number of cells unfilled: 13
Accuracy: 83.9506172839506
Sample: 98842
Question:
[[2 0 0 0 0 0 0 5 0]
 [0 6 0 0 4 0 0 0 8]
 [0 0 4 0 0 1 0 0 0]
 [0 0 9 0 0 0 0 0 3]
 [0 3 0 9 0 0 6 4 0]
 [4 0 0 0 3 0 9 8 0]
 [0 4 0 0 0 7 0 3 6]
 [0 0 7 0 0 0 0 0 0]
 [0 9 0 0 8 0 0 0 4]]
Solution:
[[9 5 8 6 7 0 1 3 4]
 [0 3 6 0 4 2 8 9 5]
 [4 0 1 0 5 3 6 0 0]
 [8 4 5 9 1 0 3 7 6]
 [7 6 2 8 3 5 4 1 9]
 [3 1 0 7 6 0 5 8 2]
 [5 7 3 1 0 4 9 2 8]
 [1 2 4 5 8 9 0 6 7]
 [0 8 9 2 0 6 0 4 3]]
Number of cells unfilled: 15
Accuracy: 81.48148148148148
Sample: 98843
Question:
[[2 0 5 4 0 0 0 0 9]
 [0 7 0 0 0 0 2 0 0]
 [0 0 0 0 0 6 0 5 0]
 [0 0 7 0 3 0 0 0 0]
 [1 0 0 5 0 0 0 9 0]
 [0 0 0 0 0 0 0 0 2]
 [0 0 9 0 0 8 0 1 5]
 [5 0 4 1 0 0 9 0 0]
 [0 0 0 0 0 5 0 2 4]]
Solution:
[[9 5 8 6 7 1 2 3 4]
 [0 3 6 0 4 2 8 5 1]
 [4 0 1 0 5 3 6 9 0]
 [8 4 5 9 1 0 3 7 6]
 [7 6 2 8 3 5 4 1 9]
 [3 1 0 7 6 0 5 8 2]
 [5 7 3 1 0 4 9 2 8]
 [1 2 4 5 8 9 0 6 7]
 [0 8 9 2 0 6 1 4 3]]
Number of cells unfilled: 12
Accuracy: 85.18518518518519
Sample: 98844
Question:
[[0 7 0 0 4 6 5 0 0]
 [9 0 0 0 0 0 0 0 0]
 [0 6 0 1 9 7 2 0 0]
 [7 1 0 3 0 0 0 0 2]
 [0 0 0 0 0 0 0 0 0]
 [0 8 9 0 0 0 0 1 0]
 [0 2 0 0 0 5 0 6 4]
 [3 0 7 0 0 1 0 0 0]
 [0 0 0 0 0 2 0 0 7]]
Solution:
[[9 5 8 6 7 1 2 3 4]
 [0 3 6 0 4 2 8 9 5]
 [4 0 1 0 5 3 6 0 0]
 [8 4 5 9 1 0 3 7 6]
 [7 6 2 8 3 5 4 1 9]
 [3 1 0 7 6 0 5 0 8]
 [5 7 3 1 0 4 9 2 0]
 [1 2 4 5 8 9 0 6 7]
 [0 8 9 2 0 6 1 4 3]]
Number of cells unfilled: 15
Accuracy: 81.48148148148148
Sample: 98845
Question:
[[0 0 0 0 9 8 0 0 0]
 [0 0 0 7 4 0 0 0 0]
 [4 0 0 1 0 5 0 0 9]
 [1 0 0 0 0 0 0 0 0]
 [0 5 7 0 0 9 0 0 0]
 [8 0 0 4 0 7 5 1 0]
 [0 0 4 8 0 0 0 0 0]
 [0 9 0 0 5 0 8 0 0]
 [0 1 0 0 0 0 3 6 0]]
Solution:
[[9 5 8 6 7 1 2 3 4]
 [0 3 6 0 4 2 8 9 1]
 [4 0 1 0 9 3 6 0 5]
 [8 4 5 9 1 0 3 7 6]
 [7 6 2 8 3 5 4 1 9]
 [3 1 0 7 6 0 5 8 2]
 [5 7 3 1 0 4 9 2 8]
 [1 2 4 5 8 9 0 6 7]
 [0 8 9 2 0 6 1 4 3]]
Number of cells unfilled: 12
Accuracy: 85.18518518518519
Sample: 98846
Question:
[[0 0 3 0 0 6 0 0 0]
 [0 0 0 8 2 0 0 0 3]
 [8 7 0 0 0 4 0 0 0]
 [1 0 0 0 8 0 0 0 0]
 [9 2 0 0 4 0 0 0 0]
 [0 0 0 0 0 0 0 0 7]
 [0 4 0 2 0 0 0 3 0]
 [7 0 0 0 3 0 0 6 8]
 [0 0 0 0 6 7 2 0 4]]
Solution:
[[9 5 8 6 7 1 2 3 4]
 [0 3 6 0 4 2 8 9 1]
 [4 0 1 0 9 3 6 0 5]
 [8 4 5 9 1 0 3 7 6]
 [7 6 2 8 3 5 4 1 9]
 [3 1 0 7 6 0 5 8 2]
 [5 7 3 1 0 4 9 2 8]
 [1 2 4 5 8 9 0 6 7]
 [0 8 9 2 0 6 1 4 3]]
Number of cells unfilled: 12
Accuracy: 85.18518518518519
Sample: 98847
Question:
[[6 0 0 0 3 5 0 0 0]
 [0 0 7 9 0 0 0 0 0]
 [5 1 0 7 0 0 3 9 0]
 [3 9 0 1 0 0 0 0 6]
 [0 5 1 0 0 0 0 0 0]
 [7 0 6 0 0 0 0 0 0]
 [0 0 3 0 6 0 7 0 0]
 [0 0 0 0 0 1 0 0 0]
 [0 0 0 0 9 0 8 2 0]]
Solution:
[[9 5 8 6 7 1 2 3 4]
 [0 3 6 0 4 2 8 5 1]
 [4 0 1 0 5 3 6 9 0]
 [8 4 5 9 1 0 3 7 6]
 [7 6 2 8 3 5 4 1 9]
 [3 1 0 7 6 0 5 8 2]
 [5 7 3 1 0 4 9 2 8]
 [1 2 4 5 8 9 0 6 7]
 [0 8 9 2 0 6 1 4 3]]
Number of cells unfilled: 12
Accuracy: 85.18518518518519
Sample: 98848
Question:
[[8 0 5 0 0 0 0 7 0]
 [4 0 0 0 0 0 0 6 0]
 [0 0 0 0 0 9 0 0 0]
 [0 0 7 0 2 0 0 0 0]
 [0 0 0 5 0 7 0 1 9]
 [9 5 0 0 1 6 0 2 0]
 [0 0 0 0 0 2 6 5 0]
 [6 0 9 0 0 0 0 0 7]
 [0 2 0 0 0 0 0 0 1]]
Solution:
[[9 5 8 6 7 1 2 3 4]
 [0 3 6 0 4 2 8 9 1]
 [4 0 1 0 9 3 6 5 0]
 [8 4 5 9 1 0 3 7 6]
 [7 6 2 8 3 5 4 1 9]
 [3 1 0 7 6 0 5 8 2]
 [5 7 3 1 0 4 9 2 8]
 [1 2 4 5 8 9 0 6 7]
 [0 8 9 2 0 6 1 4 3]]
Number of cells unfilled: 12
Accuracy: 85.18518518518519
Sample: 98849
Question:
[[0 3 0 0 0 4 6 0 9]
 [6 0 0 0 0 0 0 0 0]
 [4 0 9 8 0 0 0 0 0]
 [0 0 0 0 0 0 0 2 0]
 [3 0 0 0 5 0 0 0 0]
 [0 0 6 0 0 7 3 0 4]
 [9 0 0 0 0 3 4 0 7]
 [0 7 0 1 0 0 0 0 0]
 [0 0 3 0 0 0 5 0 0]]
Solution:
[[9 5 8 6 7 1 2 3 4]
 [0 3 6 0 4 2 8 5 1]
 [4 0 1 0 5 3 6 9 0]
 [8 4 5 9 1 0 3 7 6]
 [7 6 2 8 3 5 4 1 9]
 [3 1 0 7 6 0 5 8 2]
 [5 7 3 1 0 4 9 2 8]
 [1 2 4 5 8 9 0 6 7]
 [0 8 9 2 0 6 1 4 3]]
Number of cells unfilled: 12
Accuracy: 85.18518518518519
Sample: 98850
Question:
[[0 5 0 1 0 0 7 6 0]
 [3 0 0 0 9 0 8 0 0]
 [0 2 0 0 0 0 0 0 3]
 [0 0 0 9 0 0 0 2 5]
 [4 7 3 0 0 1 0 0 9]
 [0 0 0 0 3 0 0 0 0]
 [5 6 0 0 0 0 9 0 4]
 [0 0 0 6 0 0 0 0 0]
 [1 0 0 0 0 0 0 0 0]]
Solution:
[[9 5 8 6 7 1 2 3 4]
 [0 3 6 0 4 2 8 5 1]
 [4 0 1 0 5 3 6 9 0]
 [8 4 5 9 1 0 3 7 6]
 [7 6 2 8 3 5 4 1 9]
 [3 1 0 7 6 0 5 8 2]
 [5 7 3 1 0 4 9 2 8]
 [1 2 4 5 8 9 0 6 7]
 [0 8 9 2 0 6 1 4 3]]
Number of cells unfilled: 12
Accuracy: 85.18518518518519
Sample: 98851
Question:
[[0 0 0 0 0 0 0 9 0]
 [0 4 0 0 1 0 6 0 0]
 [0 0 0 5 0 0 0 0 8]
 [1 0 0 0 2 0 3 0 0]
 [0 3 0 0 0 7 0 8 0]
 [0 0 0 9 0 0 0 0 5]
 [0 0 3 0 6 0 4 0 0]
 [4 1 0 2 0 0 0 0 0]
 [2 6 0 0 0 0 0 0 7]]
Solution:
[[9 5 8 6 7 1 2 3 4]
 [0 3 6 0 4 2 8 5 1]
 [4 0 1 0 5 3 6 9 0]
 [8 4 5 9 1 0 3 7 6]
 [7 6 2 8 3 5 4 1 9]
 [3 1 0 7 6 0 5 8 2]
 [5 7 3 1 0 4 9 2 8]
 [1 2 4 5 8 9 0 6 7]
 [0 8 9 2 0 6 1 4 3]]
Number of cells unfilled: 12
Accuracy: 85.18518518518519
Sample: 98852
Question:
[[0 8 0 0 0 2 7 0 0]
 [4 0 0 0 8 0 1 0 0]
 [0 0 0 9 3 0 0 0 8]
 [0 6 0 5 0 0 4 0 3]
 [0 3 0 8 9 0 0 0 5]
 [0 0 5 0 0 0 0 0 0]
 [0 0 9 0 0 0 0 6 0]
 [8 0 0 1 7 0 0 0 2]
 [7 0 0 0 0 0 0 0 0]]
Solution:
[[9 5 8 6 7 1 2 3 4]
 [0 3 6 0 4 2 8 9 1]
 [4 0 1 0 9 3 6 5 0]
 [8 4 5 9 1 0 3 7 6]
 [7 6 2 8 3 5 4 1 9]
 [3 1 0 7 6 0 5 8 2]
 [5 7 3 1 0 4 9 2 8]
 [1 2 4 5 8 9 0 6 7]
 [0 8 9 2 0 6 1 4 3]]
Number of cells unfilled: 12
Accuracy: 85.18518518518519
Sample: 98853
Question:
[[9 0 0 0 0 3 6 0 0]
 [0 0 0 7 0 0 8 9 0]
 [0 0 8 0 6 0 0 2 5]
 [0 9 1 0 0 5 0 0 0]
 [7 3 0 9 0 4 0 0 0]
 [0 0 4 0 0 0 0 0 3]
 [0 4 5 0 0 8 0 0 0]
 [0 0 0 0 3 0 0 5 0]
 [0 1 0 0 0 0 0 8 0]]
Solution:
[[9 5 8 6 7 0 1 3 4]
 [0 3 6 0 4 2 8 9 5]
 [4 0 1 0 5 3 6 0 2]
 [8 4 5 9 1 0 3 7 6]
 [7 6 2 8 3 5 4 1 9]
 [3 1 0 7 6 0 5 0 8]
 [5 7 3 1 0 4 9 2 0]
 [1 2 4 5 8 9 0 6 7]
 [0 8 9 2 0 6 0 4 3]]
Number of cells unfilled: 16
Accuracy: 80.24691358024691
Sample: 98854
Question:
[[0 0 7 0 0 0 2 0 4]
 [0 0 3 0 0 5 8 0 1]
 [0 1 0 0 4 0 0 3 0]
 [0 2 0 0 8 0 4 0 0]
 [6 0 0 5 0 0 0 0 0]
 [7 0 8 0 0 9 0 0 0]
 [0 0 0 9 0 0 3 0 0]
 [0 8 0 0 1 0 0 0 2]
 [0 0 6 0 0 2 0 0 0]]
Solution:
[[9 5 8 6 7 1 2 3 4]
 [0 3 6 0 4 2 8 9 5]
 [4 0 1 0 5 3 6 0 0]
 [8 4 5 9 1 0 3 7 6]
 [7 6 2 8 3 5 4 1 9]
 [3 1 0 7 6 0 5 8 2]
 [5 7 3 1 0 4 9 2 8]
 [1 2 4 5 8 9 0 6 7]
 [0 8 9 2 0 6 1 4 3]]
Number of cells unfilled: 13
Accuracy: 83.9506172839506
Sample: 98855
Question:
[[0 0 4 0 0 8 0 0 7]
 [8 0 0 0 0 0 3 4 0]
 [0 0 0 0 7 0 2 0 0]
 [0 5 1 0 0 0 6 2 0]
 [0 3 0 0 0 0 0 0 0]
 [0 0 0 5 0 9 1 0 3]
 [0 0 3 0 9 7 0 0 0]
 [1 0 7 0 4 0 5 9 0]
 [6 0 0 0 0 0 0 0 1]]
Solution:
[[9 5 8 6 7 1 2 3 4]
 [0 3 6 0 4 2 8 9 1]
 [4 0 1 0 9 3 6 0 5]
 [8 4 5 9 1 0 3 7 6]
 [7 6 2 8 3 5 4 1 9]
 [3 1 0 7 6 0 5 8 2]
 [5 7 3 1 0 4 9 2 8]
 [1 2 4 5 8 9 0 6 7]
 [0 8 9 2 0 6 1 4 3]]
Number of cells unfilled: 12
Accuracy: 85.18518518518519
Sample: 98856
Question:
[[0 0 2 0 0 6 0 0 0]
 [0 9 0 7 3 0 0 0 6]
 [6 0 0 0 0 4 1 0 0]
 [0 8 5 0 9 0 0 0 0]
 [0 2 7 3 4 0 0 0 0]
 [0 0 0 0 0 7 0 0 0]
 [0 0 0 4 7 9 5 0 0]
 [5 7 8 0 0 1 3 0 0]
 [0 0 0 0 0 0 0 2 0]]
Solution:
[[9 5 8 6 7 1 2 3 4]
 [0 3 6 0 4 2 8 5 1]
 [4 0 1 0 5 3 6 9 0]
 [8 4 5 9 1 0 3 7 6]
 [7 6 2 8 3 5 4 1 9]
 [3 1 0 7 6 0 5 8 2]
 [5 7 3 1 0 4 9 2 8]
 [1 2 4 5 8 9 0 6 7]
 [0 8 9 2 0 6 1 4 3]]
Number of cells unfilled: 12
Accuracy: 85.18518518518519
Sample: 98857
Question:
[[0 0 0 7 0 0 4 0 0]
 [0 0 0 4 1 3 0 2 0]
 [2 7 0 0 0 0 0 0 0]
 [0 1 0 0 0 0 8 0 5]
 [7 0 0 0 0 6 0 0 0]
 [5 0 0 1 2 0 0 0 0]
 [0 0 0 0 5 0 1 7 0]
 [0 0 0 0 0 0 0 4 0]
 [0 0 8 0 9 0 0 0 6]]
Solution:
[[9 5 8 6 7 1 2 3 4]
 [0 3 6 0 4 2 8 5 1]
 [4 0 1 0 5 3 6 9 0]
 [8 4 5 9 1 0 3 7 6]
 [7 6 2 8 3 5 4 1 9]
 [3 1 0 7 6 0 5 8 2]
 [5 7 3 1 0 4 9 2 8]
 [1 2 4 5 8 9 0 6 7]
 [0 8 9 2 0 6 1 4 3]]
Number of cells unfilled: 12
Accuracy: 85.18518518518519
Sample: 98858
Question:
[[0 0 0 0 0 0 4 0 3]
 [8 0 0 0 4 0 1 9 0]
 [0 7 0 0 0 1 0 8 0]
 [0 0 0 0 0 0 0 0 5]
 [0 2 0 8 0 0 0 0 0]
 [7 0 0 0 0 6 8 1 0]
 [0 0 7 0 0 4 0 0 0]
 [0 0 0 0 6 9 0 0 0]
 [9 0 0 1 0 0 6 4 0]]
Solution:
[[9 5 8 6 7 1 2 3 4]
 [0 3 6 0 4 2 8 9 1]
 [4 0 1 0 9 3 6 5 0]
 [8 4 5 9 1 0 3 7 6]
 [7 6 2 8 3 5 4 1 9]
 [3 1 0 7 6 0 5 8 2]
 [5 7 3 1 0 4 9 2 8]
 [1 2 4 5 8 9 0 6 7]
 [0 8 9 2 0 6 1 4 3]]
Number of cells unfilled: 12
Accuracy: 85.18518518518519
Sample: 98859
Question:
[[0 0 0 0 0 6 0 0 1]
 [0 0 0 3 5 0 0 7 0]
 [0 3 0 0 7 0 6 0 0]
 [9 0 0 0 0 0 0 0 2]
 [0 0 6 9 0 0 0 0 0]
 [0 1 0 0 0 5 0 9 0]
 [0 5 0 0 0 3 0 6 0]
 [0 0 8 0 0 0 4 0 0]
 [0 6 0 0 0 7 0 1 0]]
Solution:
[[9 5 8 6 7 0 1 3 4]
 [0 3 6 0 4 2 8 5 0]
 [4 0 1 0 5 3 6 9 0]
 [8 4 5 9 1 0 3 7 6]
 [7 6 2 8 3 5 4 1 9]
 [3 1 0 7 6 0 5 8 2]
 [5 7 3 1 0 4 9 2 8]
 [1 2 4 5 8 9 0 6 7]
 [0 8 9 2 0 6 0 4 3]]
Number of cells unfilled: 15
Accuracy: 81.48148148148148
Sample: 98860
Question:
[[0 0 4 0 0 3 0 0 0]
 [0 0 6 0 0 0 0 0 8]
 [0 1 0 4 8 0 0 5 0]
 [6 0 0 0 4 0 0 0 5]
 [0 4 0 5 7 0 8 0 0]
 [0 0 0 0 0 0 0 7 4]
 [0 0 2 0 0 0 1 0 0]
 [0 0 0 0 0 9 0 0 0]
 [0 6 0 8 1 0 0 0 7]]
Solution:
[[9 5 8 6 7 1 2 3 4]
 [0 3 6 0 4 2 8 5 1]
 [4 0 1 0 5 3 6 9 0]
 [8 4 5 9 1 0 3 7 6]
 [7 6 2 8 3 5 4 1 9]
 [3 1 0 7 6 0 5 0 8]
 [5 7 3 1 0 4 9 2 0]
 [1 2 4 5 8 9 0 6 7]
 [0 8 9 2 0 6 1 4 3]]
Number of cells unfilled: 14
Accuracy: 82.71604938271605
Sample: 98861
Question:
[[0 0 7 5 0 9 0 0 2]
 [0 0 0 0 0 0 5 7 0]
 [3 0 0 0 0 0 0 9 0]
 [0 0 0 0 4 0 0 0 0]
 [0 8 2 0 0 0 0 0 1]
 [0 0 3 1 0 2 0 5 0]
 [0 0 0 0 6 0 0 0 0]
 [0 0 1 2 0 7 9 0 0]
 [0 3 0 0 0 0 0 2 0]]
Solution:
[[9 5 8 6 7 1 2 3 4]
 [0 3 6 0 4 2 8 9 5]
 [4 0 1 0 9 3 6 0 0]
 [8 4 5 9 1 0 3 7 6]
 [7 6 2 8 3 5 4 1 9]
 [3 1 0 7 6 0 5 8 2]
 [5 7 3 1 0 4 9 2 8]
 [1 2 4 5 8 9 0 6 7]
 [0 8 9 2 0 6 1 4 3]]
Number of cells unfilled: 13
Accuracy: 83.9506172839506
Sample: 98862
Question:
[[0 5 0 0 0 7 0 0 0]
 [7 0 4 0 3 0 0 0 6]
 [0 0 0 0 0 8 4 0 0]
 [0 9 0 0 0 0 0 0 4]
 [4 0 3 0 8 0 1 0 0]
 [0 0 0 0 0 2 0 3 0]
 [6 0 1 0 7 0 0 4 0]
 [0 0 0 8 0 0 6 0 0]
 [0 0 0 0 0 0 7 0 1]]
Solution:
[[9 5 8 6 7 1 2 3 4]
 [0 3 6 0 4 2 8 9 1]
 [4 0 1 0 9 3 6 0 5]
 [8 4 5 9 1 0 3 7 6]
 [7 6 2 8 3 5 4 1 9]
 [3 1 0 7 6 0 5 8 2]
 [5 7 3 1 0 4 9 2 8]
 [1 2 4 5 8 9 0 6 7]
 [0 8 9 2 0 6 1 4 3]]
Number of cells unfilled: 12
Accuracy: 85.18518518518519
Sample: 98863
Question:
[[0 9 0 2 0 6 0 0 0]
 [6 0 0 0 7 0 2 0 0]
 [0 0 0 0 0 0 0 6 0]
 [1 0 0 0 2 7 3 0 0]
 [0 0 4 8 0 0 0 0 0]
 [7 0 0 0 1 0 5 0 0]
 [0 7 0 0 0 0 1 0 0]
 [5 0 0 0 0 1 0 3 2]
 [0 0 0 0 3 0 0 0 5]]
Solution:
[[9 5 8 6 7 1 2 3 4]
 [0 3 6 0 4 2 8 9 1]
 [4 0 1 0 9 3 6 5 0]
 [8 4 5 9 1 0 3 7 6]
 [7 6 2 8 3 5 4 1 9]
 [3 1 0 7 6 0 5 8 2]
 [5 7 3 1 0 4 9 2 8]
 [1 2 4 5 8 9 0 6 7]
 [0 8 9 2 0 6 1 4 3]]
Number of cells unfilled: 12
Accuracy: 85.18518518518519
Sample: 98864
Question:
[[5 0 0 1 0 0 0 0 3]
 [0 0 1 0 0 7 6 0 0]
 [0 2 0 0 0 0 0 0 0]
 [2 0 0 5 0 0 0 0 4]
 [3 1 0 2 0 4 0 0 6]
 [0 8 0 0 9 0 0 0 0]
 [6 0 0 0 0 0 4 0 0]
 [0 0 0 0 0 5 0 0 2]
 [0 0 2 4 0 0 3 6 0]]
Solution:
[[9 5 8 6 7 1 2 3 4]
 [0 3 6 0 4 2 8 9 5]
 [4 0 1 0 9 3 6 0 0]
 [8 4 5 9 1 0 3 7 6]
 [7 6 2 8 3 5 4 1 9]
 [3 1 0 7 6 0 5 8 2]
 [5 7 3 1 0 4 9 2 8]
 [1 2 4 5 8 9 0 6 7]
 [0 8 9 2 0 6 1 4 3]]
Number of cells unfilled: 13
Accuracy: 83.9506172839506
Sample: 98865
Question:
[[6 0 0 4 5 0 7 0 0]
 [0 3 0 0 0 7 0 0 0]
 [0 0 0 6 0 0 0 0 5]
 [3 0 0 0 4 6 0 0 7]
 [7 0 0 0 0 5 0 8 4]
 [0 0 2 0 0 0 0 9 0]
 [0 1 0 0 0 0 8 0 0]
 [0 0 0 0 8 0 0 7 0]
 [8 0 0 0 0 4 0 0 3]]
Solution:
[[9 5 8 6 7 0 1 3 4]
 [0 3 6 0 4 2 8 9 5]
 [4 0 1 0 9 3 6 0 0]
 [8 4 5 9 1 0 3 7 6]
 [7 6 2 8 3 5 4 1 9]
 [3 1 0 7 6 0 5 8 2]
 [5 7 3 1 0 4 9 2 8]
 [1 2 4 5 8 9 0 6 7]
 [0 8 9 2 0 6 0 4 3]]
Number of cells unfilled: 15
Accuracy: 81.48148148148148
Sample: 98866
Question:
[[8 0 0 0 1 0 0 5 9]
 [0 0 0 0 0 0 0 2 0]
 [0 9 0 0 0 6 1 0 7]
 [4 0 0 9 0 0 0 0 0]
 [0 0 0 0 0 0 0 3 0]
 [0 8 0 0 5 0 9 0 1]
 [0 0 0 0 7 5 0 0 0]
 [0 0 8 0 6 0 0 0 0]
 [0 7 0 1 0 0 5 0 6]]
Solution:
[[9 5 8 6 7 0 1 3 4]
 [0 3 6 0 4 2 8 5 0]
 [4 0 1 0 5 3 6 9 0]
 [8 4 5 9 1 0 3 7 6]
 [7 6 2 8 3 5 4 1 9]
 [3 1 0 7 6 0 5 8 2]
 [5 7 3 1 0 4 9 2 8]
 [1 2 4 5 8 9 0 6 7]
 [0 8 9 2 0 6 0 4 3]]
Number of cells unfilled: 15
Accuracy: 81.48148148148148
Sample: 98867
Question:
[[9 0 0 0 5 2 0 0 3]
 [0 0 0 9 0 0 8 0 0]
 [0 5 0 0 0 3 0 0 0]
 [0 0 9 0 6 0 0 0 0]
 [0 8 0 2 0 0 0 0 6]
 [6 0 0 0 0 0 1 0 0]
 [0 0 4 0 0 0 0 7 0]
 [0 9 0 3 0 0 0 0 8]
 [8 2 0 5 0 0 0 0 9]]
Solution:
[[9 5 8 6 7 1 2 3 4]
 [0 3 6 0 4 2 8 9 5]
 [4 0 1 0 9 3 6 0 0]
 [8 4 5 9 1 0 3 7 6]
 [7 6 2 8 3 5 4 1 9]
 [3 1 0 7 6 0 5 8 2]
 [5 7 3 1 0 4 9 2 8]
 [1 2 4 5 8 9 0 6 7]
 [0 8 9 2 0 6 1 4 3]]
Number of cells unfilled: 13
Accuracy: 83.9506172839506
Sample: 98868
Question:
[[0 0 5 1 0 8 0 7 0]
 [0 7 0 2 0 0 0 0 0]
 [0 0 1 0 5 7 0 0 6]
 [0 0 0 0 0 0 0 0 0]
 [2 0 6 9 0 0 0 0 0]
 [0 3 0 0 7 0 1 0 5]
 [0 0 0 5 0 0 8 1 0]
 [7 0 0 0 0 0 3 6 0]
 [0 4 0 0 3 0 0 0 0]]
Solution:
[[9 5 8 6 7 1 2 3 4]
 [0 3 6 0 4 2 8 5 1]
 [4 0 1 0 5 3 6 9 0]
 [8 4 5 9 1 0 3 7 6]
 [7 6 2 8 3 5 4 1 9]
 [3 1 0 7 6 0 5 8 2]
 [5 7 3 1 0 4 9 2 8]
 [1 2 4 5 8 9 0 6 7]
 [0 8 9 2 0 6 1 4 3]]
Number of cells unfilled: 12
Accuracy: 85.18518518518519
Sample: 98869
Question:
[[0 0 8 0 0 0 0 0 2]
 [0 0 9 5 0 3 0 0 0]
 [3 0 0 0 0 8 0 0 0]
 [0 7 0 2 8 0 9 0 1]
 [0 5 0 7 6 0 0 0 0]
 [9 0 0 0 0 0 0 0 7]
 [0 0 4 0 0 1 0 0 8]
 [2 0 0 0 9 0 0 3 0]
 [0 0 0 0 7 0 4 0 0]]
Solution:
[[9 5 8 6 7 1 2 3 4]
 [0 3 6 0 4 2 8 9 5]
 [4 0 1 0 5 3 6 0 0]
 [8 4 5 9 1 0 3 7 6]
 [7 6 2 8 3 5 4 1 9]
 [3 1 0 7 6 0 5 0 8]
 [5 7 3 1 0 4 9 2 0]
 [1 2 4 5 8 9 0 6 7]
 [0 8 9 2 0 6 1 4 3]]
Number of cells unfilled: 15
Accuracy: 81.48148148148148
Sample: 98870
Question:
[[2 0 9 0 4 0 0 0 5]
 [1 0 8 0 0 6 0 3 0]
 [5 0 0 9 0 0 2 7 0]
 [0 1 0 4 0 8 6 0 2]
 [0 4 5 0 7 0 9 0 0]
 [0 8 0 0 0 0 0 0 0]
 [3 9 0 0 1 2 0 6 0]
 [0 0 0 7 3 0 0 2 8]
 [0 0 0 0 5 4 7 0 0]]
Solution:
[[9 5 8 6 7 0 1 3 4]
 [0 3 6 0 4 2 8 9 5]
 [4 0 1 0 9 3 6 0 2]
 [8 4 5 9 1 0 3 7 6]
 [7 6 2 8 3 5 4 1 9]
 [3 1 0 7 6 0 5 0 8]
 [5 7 3 1 0 4 9 2 0]
 [1 2 4 5 8 9 0 6 7]
 [0 8 9 2 0 6 0 4 3]]
Number of cells unfilled: 16
Accuracy: 80.24691358024691
Sample: 98871
Question:
[[3 7 0 9 0 0 0 8 0]
 [0 8 9 5 0 0 0 0 0]
 [0 0 0 0 0 0 4 0 0]
 [0 0 6 0 0 8 9 0 0]
 [0 0 0 0 0 0 0 1 0]
 [8 0 7 4 0 3 0 0 6]
 [0 0 0 8 0 0 0 2 0]
 [0 4 0 0 0 5 0 0 1]
 [2 0 5 7 6 0 3 0 0]]
Solution:
[[9 5 8 6 7 1 2 3 4]
 [0 3 6 0 4 2 8 9 5]
 [4 0 1 0 9 3 6 0 0]
 [8 4 5 9 1 0 3 7 6]
 [7 6 2 8 3 5 4 1 9]
 [3 1 0 7 6 0 5 8 2]
 [5 7 3 1 0 4 9 2 8]
 [1 2 4 5 8 9 0 6 7]
 [0 8 9 2 0 6 1 4 3]]
Number of cells unfilled: 13
Accuracy: 83.9506172839506
Sample: 98872
Question:
[[0 0 0 0 0 0 0 7 0]
 [0 0 0 0 0 6 0 0 3]
 [2 9 0 5 8 0 0 0 0]
 [0 4 0 0 0 0 0 0 5]
 [0 0 3 7 0 0 0 0 0]
 [0 0 0 2 0 0 0 0 0]
 [0 8 0 0 5 0 0 0 0]
 [0 0 0 0 0 0 0 2 0]
 [0 0 0 9 0 0 4 0 0]]
Solution:
[[9 5 8 6 7 1 2 3 4]
 [0 3 6 0 4 2 8 9 1]
 [4 0 1 0 9 3 6 5 0]
 [8 4 5 9 1 0 3 7 6]
 [7 6 2 8 3 5 4 1 9]
 [3 1 0 7 6 0 5 0 8]
 [5 7 3 1 0 4 9 2 0]
 [1 2 4 5 8 9 0 6 7]
 [0 8 9 2 0 6 1 4 3]]
Number of cells unfilled: 14
Accuracy: 82.71604938271605
Sample: 98873
Question:
[[4 0 0 5 3 0 0 0 0]
 [9 3 0 0 8 0 0 0 0]
 [0 0 0 0 0 0 0 0 5]
 [0 0 0 0 5 0 0 0 4]
 [0 6 0 0 0 0 8 9 0]
 [7 0 0 9 2 0 0 0 0]
 [0 0 6 0 0 0 1 0 0]
 [0 5 7 4 0 0 3 0 6]
 [0 0 4 0 0 1 9 0 0]]
Solution:
[[9 5 8 6 7 0 1 3 4]
 [0 3 6 0 4 2 8 5 0]
 [4 0 1 0 5 3 6 9 0]
 [8 4 5 9 1 0 3 7 6]
 [7 6 2 8 3 5 4 1 9]
 [3 1 0 7 6 0 5 8 2]
 [5 7 3 1 0 4 9 2 8]
 [1 2 4 5 8 9 0 6 7]
 [0 8 9 2 0 6 0 4 3]]
Number of cells unfilled: 15
Accuracy: 81.48148148148148
Sample: 98874
Question:
[[6 0 0 2 0 0 0 0 0]
 [0 2 0 0 0 0 7 0 6]
 [9 0 3 0 0 0 0 4 0]
 [0 1 0 0 0 2 9 0 3]
 [3 0 0 0 0 0 4 8 0]
 [4 9 0 0 0 0 0 0 2]
 [0 0 5 3 0 0 0 0 0]
 [0 0 0 1 4 0 8 0 0]
 [0 0 4 5 0 6 0 0 9]]
Solution:
[[9 5 8 6 7 1 2 3 4]
 [0 3 6 0 4 2 8 9 5]
 [4 0 1 0 9 3 6 0 0]
 [8 4 5 9 1 0 3 7 6]
 [7 6 2 8 3 5 4 1 9]
 [3 1 0 7 6 0 5 8 2]
 [5 7 3 1 0 4 9 2 8]
 [1 2 4 5 8 9 0 6 7]
 [0 8 9 2 0 6 1 4 3]]
Number of cells unfilled: 13
Accuracy: 83.9506172839506
Sample: 98875
Question:
[[6 0 0 8 0 0 0 0 0]
 [0 2 0 0 0 6 0 0 9]
 [0 0 4 0 5 0 0 6 0]
 [0 0 0 0 0 1 0 9 0]
 [3 0 0 2 7 0 0 0 1]
 [0 1 0 6 0 0 2 0 0]
 [0 3 0 0 0 7 0 0 6]
 [0 0 5 0 0 0 0 1 0]
 [8 0 0 0 0 0 4 3 0]]
Solution:
[[9 5 8 6 7 1 2 3 4]
 [0 3 6 0 4 2 8 5 1]
 [4 0 1 0 5 3 6 9 0]
 [8 4 5 9 1 0 3 7 6]
 [7 6 2 8 3 5 4 1 9]
 [3 1 0 7 6 0 5 8 2]
 [5 7 3 1 0 4 9 2 8]
 [1 2 4 5 8 9 0 6 7]
 [0 8 9 2 0 6 1 4 3]]
Number of cells unfilled: 12
Accuracy: 85.18518518518519
Sample: 98876
Question:
[[0 0 0 0 0 0 6 0 0]
 [0 3 6 7 0 0 0 1 0]
 [8 0 0 0 4 0 0 0 3]
 [0 0 0 0 0 0 5 0 0]
 [1 0 0 8 0 0 0 0 0]
 [4 0 5 0 6 0 7 0 1]
 [0 0 0 0 2 5 0 7 0]
 [0 1 2 0 0 0 0 3 0]
 [0 0 0 9 0 3 2 0 0]]
Solution:
[[9 5 8 6 7 1 2 3 4]
 [0 3 6 0 4 2 8 9 5]
 [4 0 1 0 9 3 6 0 0]
 [8 4 5 9 1 0 3 7 6]
 [7 6 2 8 3 5 4 1 9]
 [3 1 0 7 6 0 5 8 2]
 [5 7 3 1 0 4 9 2 8]
 [1 2 4 5 8 9 0 6 7]
 [0 8 9 2 0 6 1 4 3]]
Number of cells unfilled: 13
Accuracy: 83.9506172839506
Sample: 98877
Question:
[[3 8 0 9 0 0 0 0 0]
 [1 0 0 0 0 8 2 0 6]
 [0 2 0 0 3 7 5 0 0]
 [0 0 7 0 1 2 0 0 0]
 [0 0 0 5 0 0 3 4 7]
 [5 0 0 0 0 0 0 0 2]
 [6 0 0 0 0 0 0 0 0]
 [0 0 0 0 0 0 0 0 4]
 [2 0 0 0 0 1 0 8 0]]
Solution:
[[9 5 8 6 7 1 2 3 4]
 [0 3 6 0 4 2 8 9 5]
 [4 0 1 0 9 3 6 0 0]
 [8 4 5 9 1 0 3 7 6]
 [7 6 2 8 3 5 4 1 9]
 [3 1 0 7 6 0 5 8 2]
 [5 7 3 1 0 4 9 2 8]
 [1 2 4 5 8 9 0 6 7]
 [0 8 9 2 0 6 1 4 3]]
Number of cells unfilled: 13
Accuracy: 83.9506172839506
Sample: 98878
Question:
[[0 0 0 0 8 0 0 0 0]
 [7 8 0 0 3 0 0 0 0]
 [3 0 9 1 7 0 0 8 0]
 [0 0 0 0 0 0 0 0 1]
 [0 0 4 3 0 0 0 0 2]
 [6 0 0 0 0 0 8 4 0]
 [5 2 0 0 6 0 0 0 0]
 [0 3 0 0 2 0 0 9 0]
 [4 0 1 0 0 0 0 0 7]]
Solution:
[[9 5 8 6 7 1 2 3 4]
 [0 3 6 0 4 2 8 5 1]
 [4 0 1 0 5 3 6 9 0]
 [8 4 5 9 1 0 3 7 6]
 [7 6 2 8 3 5 4 1 9]
 [3 1 0 7 6 0 5 8 2]
 [5 7 3 1 0 4 9 2 8]
 [1 2 4 5 8 9 0 6 7]
 [0 8 9 2 0 6 1 4 3]]
Number of cells unfilled: 12
Accuracy: 85.18518518518519
Sample: 98879
Question:
[[2 0 0 0 0 7 0 0 0]
 [0 0 0 4 0 0 0 7 0]
 [0 0 7 0 9 8 2 0 0]
 [0 3 0 0 0 0 0 0 4]
 [0 0 0 0 5 0 0 8 0]
 [0 4 0 2 0 6 0 0 9]
 [0 0 4 7 0 0 6 0 0]
 [0 0 1 0 0 2 0 9 7]
 [0 0 5 1 0 0 8 0 0]]
Solution:
[[9 5 8 6 7 1 2 3 4]
 [0 3 6 0 4 2 8 5 1]
 [4 0 1 0 5 3 6 9 0]
 [8 4 5 9 1 0 3 7 6]
 [7 6 2 8 3 5 4 1 9]
 [3 1 0 7 6 0 5 8 2]
 [5 7 3 1 0 4 9 2 8]
 [1 2 4 5 8 9 0 6 7]
 [0 8 9 2 0 6 1 4 3]]
Number of cells unfilled: 12
Accuracy: 85.18518518518519
Sample: 98880
Question:
[[0 0 0 0 0 0 0 2 0]
 [0 2 8 0 0 0 3 0 0]
 [7 0 0 0 0 5 0 0 1]
 [3 0 0 0 7 1 2 0 0]
 [0 4 0 2 0 0 0 7 0]
 [0 0 0 0 0 8 0 1 0]
 [0 0 0 9 0 0 5 0 0]
 [0 6 0 0 0 0 0 0 0]
 [5 0 0 0 1 2 0 3 0]]
Solution:
[[9 5 8 6 7 1 2 3 4]
 [0 3 6 0 4 2 8 5 1]
 [4 0 1 0 5 3 6 9 0]
 [8 4 5 9 1 0 3 7 6]
 [7 6 2 8 3 5 4 1 9]
 [3 1 0 7 6 0 5 8 2]
 [5 7 3 1 0 4 9 2 8]
 [1 2 4 5 8 9 0 6 7]
 [0 8 9 2 0 6 1 4 3]]
Number of cells unfilled: 12
Accuracy: 85.18518518518519
Sample: 98881
Question:
[[0 0 1 5 0 9 0 0 0]
 [8 0 0 4 0 0 3 0 0]
 [0 4 5 0 8 0 0 9 0]
 [0 8 7 0 0 5 0 4 0]
 [0 0 0 8 0 0 0 0 0]
 [0 0 0 0 0 0 0 0 1]
 [6 0 0 0 7 0 0 0 0]
 [0 5 8 9 0 0 0 7 0]
 [0 0 0 0 0 0 2 0 0]]
Solution:
[[9 5 8 6 7 1 2 3 4]
 [0 3 6 0 4 2 8 9 1]
 [4 0 1 0 9 3 6 5 0]
 [8 4 5 9 1 0 3 7 6]
 [7 6 2 8 3 5 4 1 9]
 [3 1 0 7 6 0 5 8 2]
 [5 7 3 1 0 4 9 2 8]
 [1 2 4 5 8 9 0 6 7]
 [0 8 9 2 0 6 1 4 3]]
Number of cells unfilled: 12
Accuracy: 85.18518518518519
Sample: 98882
Question:
[[0 0 2 0 0 7 0 0 0]
 [0 6 0 1 0 0 0 0 9]
 [1 0 0 0 6 5 2 0 0]
 [8 0 0 4 0 0 0 0 0]
 [0 2 0 0 5 1 8 0 0]
 [5 0 0 0 0 0 0 0 3]
 [0 0 5 0 1 8 6 0 0]
 [0 0 0 0 0 0 0 7 0]
 [0 1 0 0 0 0 0 0 0]]
Solution:
[[9 5 8 6 7 1 2 3 4]
 [0 3 6 0 4 2 8 9 1]
 [4 0 1 0 9 3 6 5 0]
 [8 4 5 9 1 0 3 7 6]
 [7 6 2 8 3 5 4 1 9]
 [3 1 0 7 6 0 5 8 2]
 [5 7 3 1 0 4 9 2 8]
 [1 2 4 5 8 9 0 6 7]
 [0 8 9 2 0 6 1 4 3]]
Number of cells unfilled: 12
Accuracy: 85.18518518518519
Sample: 98883
Question:
[[1 0 0 0 0 7 4 0 0]
 [0 0 0 0 0 0 0 0 8]
 [0 4 0 8 9 0 0 7 0]
 [0 0 6 0 3 0 0 0 0]
 [0 1 0 0 0 4 0 0 9]
 [0 0 0 0 0 0 5 0 0]
 [0 8 0 0 0 9 0 0 7]
 [0 7 0 5 0 8 0 0 1]
 [2 0 0 0 7 0 0 0 0]]
Solution:
[[9 5 8 6 7 1 2 3 4]
 [0 3 6 0 4 2 8 9 5]
 [4 0 1 0 9 3 6 0 0]
 [8 4 5 9 1 0 3 7 6]
 [7 6 2 8 3 5 4 1 9]
 [3 1 0 7 6 0 5 8 2]
 [5 7 3 1 0 4 9 2 8]
 [1 2 4 5 8 9 0 6 7]
 [0 8 9 2 0 6 1 4 3]]
Number of cells unfilled: 13
Accuracy: 83.9506172839506
Sample: 98884
Question:
[[5 0 4 2 0 0 0 0 6]
 [0 0 0 0 0 4 0 8 0]
 [0 1 0 0 0 6 0 0 0]
 [0 0 0 5 0 0 0 0 0]
 [0 0 0 0 0 2 7 0 0]
 [6 0 5 0 4 0 0 0 9]
 [7 0 0 0 0 0 0 0 0]
 [4 0 9 0 0 5 0 0 2]
 [0 5 0 9 0 0 0 3 0]]
Solution:
[[9 5 8 6 7 1 2 3 4]
 [0 3 6 0 4 2 8 5 1]
 [4 0 1 0 5 3 6 9 0]
 [8 4 5 9 1 0 3 7 6]
 [7 6 2 8 3 5 4 1 9]
 [3 1 0 7 6 0 5 8 2]
 [5 7 3 1 0 4 9 2 8]
 [1 2 4 5 8 9 0 6 7]
 [0 8 9 2 0 6 1 4 3]]
Number of cells unfilled: 12
Accuracy: 85.18518518518519
Sample: 98885
Question:
[[5 0 0 2 0 0 0 0 0]
 [0 9 0 0 0 8 0 0 5]
 [0 0 8 0 5 0 7 0 0]
 [6 0 0 0 0 9 0 0 1]
 [0 1 0 0 3 0 6 0 0]
 [0 0 4 1 0 0 0 8 0]
 [0 0 6 0 0 7 3 0 0]
 [2 0 0 0 0 0 0 4 0]
 [0 3 0 0 4 0 0 0 6]]
Solution:
[[9 5 8 6 7 0 1 3 4]
 [0 3 6 0 4 2 8 5 0]
 [4 0 1 0 5 3 6 9 0]
 [8 4 5 9 1 0 3 7 6]
 [7 6 2 8 3 5 4 1 9]
 [3 1 0 7 6 0 5 8 2]
 [5 7 3 1 0 4 9 2 8]
 [1 2 4 5 8 9 0 6 7]
 [0 8 9 2 0 6 0 4 3]]
Number of cells unfilled: 15
Accuracy: 81.48148148148148
Sample: 98886
Question:
[[3 4 0 0 0 6 2 0 0]
 [5 0 0 0 1 0 0 4 0]
 [0 0 0 7 0 4 0 0 0]
 [0 1 0 0 5 7 3 8 0]
 [2 0 0 8 0 0 0 0 0]
 [0 0 9 0 0 0 0 7 2]
 [0 0 5 0 0 0 0 3 6]
 [0 0 3 1 0 0 0 0 4]
 [1 9 0 6 0 0 0 0 0]]
Solution:
[[9 5 8 6 7 1 2 3 4]
 [0 3 6 0 4 2 8 5 1]
 [4 0 1 0 5 3 6 9 0]
 [8 4 5 9 1 0 3 7 6]
 [7 6 2 8 3 5 4 1 9]
 [3 1 0 7 6 0 5 8 2]
 [5 7 3 1 0 4 9 2 8]
 [1 2 4 5 8 9 0 6 7]
 [0 8 9 2 0 6 1 4 3]]
Number of cells unfilled: 12
Accuracy: 85.18518518518519
Sample: 98887
Question:
[[0 0 9 0 0 0 0 0 0]
 [0 6 0 0 1 0 0 0 0]
 [1 0 0 5 7 0 0 3 9]
 [7 5 0 0 0 0 2 1 0]
 [6 0 0 2 0 0 8 0 0]
 [0 0 8 0 0 7 0 0 5]
 [0 0 6 0 0 0 0 0 0]
 [9 3 0 7 0 0 0 0 0]
 [2 0 5 6 0 0 7 9 0]]
Solution:
[[9 5 8 6 7 1 2 3 4]
 [0 3 6 0 4 2 8 5 1]
 [4 0 1 0 5 3 6 9 0]
 [8 4 5 9 1 0 3 7 6]
 [7 6 2 8 3 5 4 1 9]
 [3 1 0 7 6 0 5 8 2]
 [5 7 3 1 0 4 9 2 8]
 [1 2 4 5 8 9 0 6 7]
 [0 8 9 2 0 6 1 4 3]]
Number of cells unfilled: 12
Accuracy: 85.18518518518519
Sample: 98888
Question:
[[0 0 0 0 0 0 0 0 0]
 [0 8 0 0 2 4 0 0 0]
 [0 3 0 5 9 0 0 8 2]
 [0 0 5 9 6 0 0 0 8]
 [0 4 0 0 0 0 0 1 0]
 [3 6 0 0 8 0 2 0 0]
 [0 0 0 0 0 0 1 0 6]
 [2 5 0 3 0 0 0 0 0]
 [0 0 0 0 5 8 0 0 0]]
Solution:
[[9 5 8 6 7 1 2 3 4]
 [0 3 6 0 4 2 8 9 1]
 [4 0 1 0 9 3 6 5 0]
 [8 4 5 9 1 0 3 7 6]
 [7 6 2 8 3 5 4 1 9]
 [3 1 0 7 6 0 5 8 2]
 [5 7 3 1 0 4 9 2 8]
 [1 2 4 5 8 9 0 6 7]
 [0 8 9 2 0 6 1 4 3]]
Number of cells unfilled: 12
Accuracy: 85.18518518518519
Sample: 98889
Question:
[[0 0 0 0 0 0 0 0 0]
 [0 0 0 0 0 0 3 0 6]
 [0 7 0 0 0 9 0 0 0]
 [0 0 6 0 1 0 0 0 0]
 [0 0 0 0 0 5 0 7 0]
 [4 0 0 0 0 0 0 0 9]
 [0 0 4 0 3 0 1 0 0]
 [0 9 0 0 0 0 0 2 0]
 [0 0 0 6 0 0 5 0 0]]
Solution:
[[9 5 8 6 7 1 2 3 4]
 [0 3 6 0 4 2 8 9 5]
 [4 0 1 0 5 3 6 0 0]
 [8 4 5 9 1 0 3 7 6]
 [7 6 2 8 3 5 4 1 9]
 [3 1 0 7 6 0 5 8 2]
 [5 7 3 1 0 4 9 2 8]
 [1 2 4 5 8 9 0 6 7]
 [0 8 9 2 0 6 1 4 3]]
Number of cells unfilled: 13
Accuracy: 83.9506172839506
Sample: 98890
Question:
[[0 0 0 0 0 7 0 2 0]
 [1 0 0 0 0 0 0 0 8]
 [3 0 0 0 0 4 0 0 6]
 [5 0 0 2 0 0 0 3 0]
 [0 0 7 0 0 9 0 4 2]
 [0 6 0 5 0 0 0 0 7]
 [0 0 9 0 0 0 7 0 0]
 [0 1 0 0 0 0 0 5 0]
 [0 0 0 3 0 2 0 0 0]]
Solution:
[[9 5 8 6 7 1 2 3 4]
 [0 3 6 0 4 2 8 5 1]
 [4 0 1 0 5 3 6 9 0]
 [8 4 5 9 1 0 3 7 6]
 [7 6 2 8 3 5 4 1 9]
 [3 1 0 7 6 0 5 8 2]
 [5 7 3 1 0 4 9 2 8]
 [1 2 4 5 8 9 0 6 7]
 [0 8 9 2 0 6 1 4 3]]
Number of cells unfilled: 12
Accuracy: 85.18518518518519
Sample: 98891
Question:
[[9 0 0 7 0 0 0 2 6]
 [0 0 6 3 0 0 0 0 5]
 [0 1 0 0 0 9 8 0 0]
 [0 0 3 4 2 0 0 1 8]
 [0 2 0 0 0 0 0 0 0]
 [0 0 0 0 0 8 0 0 0]
 [3 0 0 0 0 0 0 5 0]
 [0 5 1 0 7 0 0 0 0]
 [4 0 0 0 0 1 0 7 9]]
Solution:
[[9 5 8 6 7 1 2 3 4]
 [0 3 6 0 4 2 8 5 1]
 [4 0 1 0 5 3 6 9 0]
 [8 4 5 9 1 0 3 7 6]
 [7 6 2 8 3 5 4 1 9]
 [3 1 0 7 6 0 5 8 2]
 [5 7 3 1 0 4 9 2 8]
 [1 2 4 5 8 9 0 6 7]
 [0 8 9 2 0 6 1 4 3]]
Number of cells unfilled: 12
Accuracy: 85.18518518518519
Sample: 98892
Question:
[[1 0 0 7 0 0 0 4 0]
 [0 0 8 0 0 4 1 0 0]
 [0 0 0 0 5 0 7 0 0]
 [0 0 0 0 2 0 0 9 0]
 [9 0 0 6 0 0 0 0 7]
 [0 0 5 0 0 0 6 3 0]
 [0 8 0 0 4 6 0 0 0]
 [0 0 2 0 0 0 0 0 4]
 [4 0 0 9 0 0 3 0 0]]
Solution:
[[9 5 8 6 7 1 2 3 4]
 [0 3 6 0 4 2 8 5 1]
 [4 0 1 0 5 3 6 9 0]
 [8 4 5 9 1 0 3 7 6]
 [7 6 2 8 3 5 4 1 9]
 [3 1 0 7 6 0 5 8 2]
 [5 7 3 1 0 4 9 2 8]
 [1 2 4 5 8 9 0 6 7]
 [0 8 9 2 0 6 1 4 3]]
Number of cells unfilled: 12
Accuracy: 85.18518518518519
Sample: 98893
Question:
[[2 4 0 9 1 0 0 7 0]
 [0 0 0 0 0 8 0 0 0]
 [0 0 1 0 5 0 0 0 9]
 [0 0 0 0 0 0 9 0 6]
 [0 5 0 0 0 0 3 0 0]
 [4 0 3 0 0 0 0 0 1]
 [0 0 0 5 9 0 0 0 4]
 [6 0 0 0 8 0 2 0 0]
 [0 0 0 7 0 6 1 0 3]]
Solution:
[[9 5 8 6 7 1 2 3 4]
 [0 3 6 0 4 2 8 9 5]
 [4 0 1 0 9 3 6 0 0]
 [8 4 5 9 1 0 3 7 6]
 [7 6 2 8 3 5 4 1 9]
 [3 1 0 7 6 0 5 8 2]
 [5 7 3 1 0 4 9 2 8]
 [1 2 4 5 8 9 0 6 7]
 [0 8 9 2 0 6 1 4 3]]
Number of cells unfilled: 13
Accuracy: 83.9506172839506
Sample: 98894
Question:
[[0 0 4 5 0 0 0 0 0]
 [6 0 0 8 0 0 0 9 0]
 [9 2 0 0 1 4 3 0 0]
 [0 0 7 0 0 0 2 4 0]
 [0 8 3 0 0 0 9 0 0]
 [2 0 0 0 0 8 5 0 0]
 [3 9 0 7 0 0 0 0 1]
 [4 0 0 0 8 2 0 0 0]
 [0 0 0 0 3 0 0 0 0]]
Solution:
[[9 5 8 6 7 1 2 3 4]
 [0 3 6 0 4 2 8 9 1]
 [4 0 1 0 9 3 6 5 0]
 [8 4 5 9 1 0 3 7 6]
 [7 6 2 8 3 5 4 1 9]
 [3 1 0 7 6 0 5 8 2]
 [5 7 3 1 0 4 9 2 8]
 [1 2 4 5 8 9 0 6 7]
 [0 8 9 2 0 6 1 4 3]]
Number of cells unfilled: 12
Accuracy: 85.18518518518519
Sample: 98895
Question:
[[0 0 9 0 0 0 0 4 0]
 [0 7 0 4 0 0 3 9 0]
 [0 1 0 0 0 0 5 0 0]
 [0 0 0 8 0 9 2 0 0]
 [0 0 0 0 7 0 0 0 0]
 [8 2 0 6 0 4 0 3 0]
 [0 0 8 3 0 0 1 0 0]
 [0 0 0 0 4 0 0 0 3]
 [0 4 5 0 0 7 0 6 0]]
Solution:
[[9 5 8 6 7 1 2 3 4]
 [0 3 6 0 4 2 8 9 5]
 [4 0 1 0 5 3 6 0 0]
 [8 4 5 9 1 0 3 7 6]
 [7 6 2 8 3 5 4 1 9]
 [3 1 0 7 6 0 5 0 8]
 [5 7 3 1 0 4 9 2 0]
 [1 2 4 5 8 9 0 6 7]
 [0 8 9 2 0 6 1 4 3]]
Number of cells unfilled: 15
Accuracy: 81.48148148148148
Sample: 98896
Question:
[[9 0 0 0 0 0 0 4 7]
 [0 0 0 3 9 0 0 2 0]
 [0 0 2 0 0 8 9 0 0]
 [2 7 0 0 0 0 0 0 0]
 [0 0 9 0 0 0 4 8 0]
 [0 0 3 9 1 0 6 0 0]
 [1 0 0 5 0 0 0 0 8]
 [5 0 0 6 0 0 7 9 0]
 [0 0 7 0 8 1 0 0 0]]
Solution:
[[9 5 8 6 7 0 1 3 4]
 [0 3 6 0 4 2 8 9 5]
 [4 0 1 0 5 3 6 0 2]
 [8 4 5 9 1 0 3 7 6]
 [7 6 2 8 3 5 4 1 9]
 [3 1 0 7 6 0 5 0 8]
 [5 7 3 1 0 4 9 2 0]
 [1 2 4 5 8 9 0 6 7]
 [0 8 9 2 0 6 0 4 3]]
Number of cells unfilled: 16
Accuracy: 80.24691358024691
Sample: 98897
Question:
[[0 0 0 7 0 9 0 0 0]
 [0 5 6 0 3 0 0 7 2]
 [0 0 0 0 2 0 9 0 0]
 [0 0 0 0 9 0 0 5 0]
 [5 0 1 0 0 0 0 3 0]
 [0 0 0 6 0 3 8 2 0]
 [0 0 0 0 0 8 0 0 0]
 [4 6 0 0 0 5 0 0 0]
 [0 0 7 0 6 0 0 0 4]]
Solution:
[[9 5 8 6 7 0 1 3 4]
 [0 3 6 0 4 2 8 9 5]
 [4 0 1 0 9 3 6 0 0]
 [8 4 5 9 1 0 3 7 6]
 [7 6 2 8 3 5 4 1 9]
 [3 1 0 7 6 0 5 8 2]
 [5 7 3 1 0 4 9 2 8]
 [1 2 4 5 8 9 0 6 7]
 [0 8 9 2 0 6 0 4 3]]
Number of cells unfilled: 15
Accuracy: 81.48148148148148
Sample: 98898
Question:
[[0 0 0 5 7 4 0 0 9]
 [7 4 9 0 0 0 0 0 0]
 [0 0 0 0 0 0 0 0 1]
 [0 9 0 3 5 0 0 0 0]
 [0 3 4 0 1 0 5 0 0]
 [0 0 1 0 0 0 7 0 6]
 [0 0 0 0 0 1 0 0 0]
 [1 0 6 0 4 0 0 0 7]
 [9 0 0 0 0 2 0 0 5]]
Solution:
[[9 5 8 6 7 1 2 3 4]
 [0 3 6 0 4 2 8 5 1]
 [4 0 1 0 5 3 6 9 0]
 [8 4 5 9 1 0 3 7 6]
 [7 6 2 8 3 5 4 1 9]
 [3 1 0 7 6 0 5 8 2]
 [5 7 3 1 0 4 9 2 8]
 [1 2 4 5 8 9 0 6 7]
 [0 8 9 2 0 6 1 4 3]]
Number of cells unfilled: 12
Accuracy: 85.18518518518519
Sample: 98899
Question:
[[0 0 6 0 1 4 0 0 0]
 [0 0 0 0 0 3 0 0 5]
 [0 1 7 8 0 0 6 0 2]
 [9 0 0 0 0 0 0 0 0]
 [0 4 1 0 0 9 0 0 0]
 [5 0 0 4 6 1 0 0 9]
 [0 0 0 0 0 0 2 0 0]
 [0 0 0 0 2 0 0 0 6]
 [4 0 8 0 0 0 3 0 0]]
Solution:
[[9 5 8 6 7 1 2 3 4]
 [0 3 6 0 4 2 8 5 1]
 [4 0 1 0 5 3 6 9 0]
 [8 4 5 9 1 0 3 7 6]
 [7 6 2 8 3 5 4 1 9]
 [3 1 0 7 6 0 5 0 8]
 [5 7 3 1 0 4 9 2 0]
 [1 2 4 5 8 9 0 6 7]
 [0 8 9 2 0 6 1 4 3]]
Number of cells unfilled: 14
Accuracy: 82.71604938271605
Sample: 98900
Question:
[[9 0 0 0 0 0 0 3 4]
 [0 0 0 0 0 0 8 0 0]
 [0 0 1 0 0 0 0 0 0]
 [0 4 5 9 0 0 0 0 6]
 [0 0 0 8 0 0 0 1 9]
 [3 1 0 7 6 0 0 0 0]
 [5 7 0 1 0 4 0 2 0]
 [0 2 4 5 8 0 0 0 7]
 [0 0 0 2 0 0 0 0 3]]
Solution:
[[9 5 8 6 7 1 2 3 4]
 [0 3 6 0 4 2 8 5 1]
 [4 0 1 0 5 3 6 9 0]
 [8 4 5 9 1 0 3 7 6]
 [7 6 2 8 3 5 4 1 9]
 [3 1 0 7 6 0 5 8 2]
 [5 7 3 1 0 4 9 2 8]
 [1 2 4 5 8 9 0 6 7]
 [0 8 9 2 0 6 1 4 3]]
Number of cells unfilled: 12
Accuracy: 85.18518518518519
