2025-10-22 13:01:33.350620: I tensorflow/core/util/port.cc:153] oneDNN custom operations are on. You may see slightly different numerical results due to floating-point round-off errors from different computation orders. To turn them off, set the environment variable `TF_ENABLE_ONEDNN_OPTS=0`.
2025-10-22 13:01:33.401660: I tensorflow/core/platform/cpu_feature_guard.cc:210] This TensorFlow binary is optimized to use available CPU instructions in performance-critical operations.
To enable the following instructions: AVX2 AVX512F AVX512_VNNI FMA, in other operations, rebuild TensorFlow with the appropriate compiler flags.
2025-10-22 13:01:34.623392: I tensorflow/core/util/port.cc:153] oneDNN custom operations are on. You may see slightly different numerical results due to floating-point round-off errors from different computation orders. To turn them off, set the environment variable `TF_ENABLE_ONEDNN_OPTS=0`.
2025-10-22 13:01:35.894489: E external/local_xla/xla/stream_executor/cuda/cuda_platform.cc:51] failed call to cuInit: INTERNAL: CUDA error: Failed call to cuInit: UNKNOWN ERROR (303)
Sample: 301
Question:
[[6 0 0 1 0 8 4 0 0]
 [0 0 0 0 0 0 0 0 8]
 [0 0 0 0 6 7 0 1 0]
 [8 0 0 5 0 0 0 4 0]
 [0 6 3 0 0 0 5 0 0]
 [0 0 0 0 0 0 8 0 6]
 [0 9 0 0 7 1 6 0 0]
 [1 0 0 0 0 5 0 0 4]
 [0 0 6 0 2 0 0 0 0]]
Solution:
[[2 5 0 6 0 7 0 4 0]
 [9 1 4 5 8 2 6 3 0]
 [6 0 8 0 9 3 1 5 7]
 [5 8 7 0 0 9 4 6 3]
 [0 9 3 0 1 4 7 0 8]
 [4 6 0 2 7 0 5 1 9]
 [7 4 6 9 5 8 3 2 1]
 [8 2 5 7 3 1 9 0 6]
 [1 3 9 4 6 0 8 7 5]]
Number of cells unfilled: 16
Accuracy: 80.24691358024691
Sample: 302
Question:
[[6 0 7 3 0 0 0 8 0]
 [0 0 0 0 6 2 0 0 0]
 [0 0 4 8 0 0 0 3 0]
 [4 8 0 0 0 0 0 5 0]
 [0 0 5 0 0 0 7 0 3]
 [0 0 0 5 0 0 8 0 0]
 [0 0 8 4 0 0 0 7 0]
 [0 0 0 0 5 0 3 0 1]
 [0 0 0 0 9 0 0 0 0]]
Solution:
[[2 5 0 6 0 7 0 4 0]
 [9 1 0 5 8 2 6 3 0]
 [6 4 8 0 9 3 1 5 7]
 [5 8 7 0 0 9 4 6 3]
 [0 9 3 0 1 4 7 0 8]
 [4 6 0 2 7 0 5 1 9]
 [0 7 6 9 5 8 3 2 1]
 [8 2 5 7 3 1 9 0 6]
 [1 3 9 4 6 0 8 7 5]]
Number of cells unfilled: 17
Accuracy: 79.01234567901234
Sample: 303
Question:
[[6 0 9 5 0 0 0 1 0]
 [0 0 0 0 0 0 0 0 5]
 [0 0 0 0 3 9 0 0 6]
 [0 4 0 0 0 0 0 0 0]
 [0 2 0 0 1 7 0 0 0]
 [9 0 6 8 0 0 1 0 0]
 [0 0 0 0 8 0 0 9 0]
 [0 0 2 0 0 0 0 8 0]
 [8 0 5 9 0 0 0 0 1]]
Solution:
[[2 5 0 6 0 7 0 4 0]
 [9 1 4 5 8 2 6 3 0]
 [6 0 8 0 9 3 1 5 7]
 [5 8 7 0 0 9 4 6 3]
 [0 9 3 0 1 4 7 0 8]
 [4 6 0 2 7 0 5 1 9]
 [7 4 6 9 5 8 3 2 1]
 [8 2 5 7 3 1 9 0 6]
 [1 3 9 4 6 0 8 7 5]]
Number of cells unfilled: 16
Accuracy: 80.24691358024691
Sample: 304
Question:
[[7 0 0 0 0 0 0 1 0]
 [5 0 0 0 0 0 0 0 0]
 [0 2 0 7 0 0 8 0 0]
 [9 0 0 4 0 0 0 0 0]
 [0 4 0 0 7 8 0 2 0]
 [0 0 0 0 2 0 4 0 0]
 [0 9 0 8 0 0 7 0 0]
 [0 7 0 2 0 6 9 8 0]
 [0 0 0 0 0 0 0 6 3]]
Solution:
[[2 5 0 6 0 7 0 4 0]
 [9 1 0 5 8 2 6 3 0]
 [6 4 8 0 9 3 1 5 7]
 [5 8 7 0 0 9 4 6 3]
 [0 9 3 0 1 4 7 0 8]
 [4 6 0 2 7 0 5 1 9]
 [0 7 6 9 5 8 3 2 1]
 [8 2 5 7 3 1 9 0 6]
 [1 3 9 4 6 0 8 7 5]]
Number of cells unfilled: 17
Accuracy: 79.01234567901234
Sample: 305
Question:
[[7 0 0 0 0 3 0 2 0]
 [0 0 6 0 2 0 0 0 0]
 [0 0 2 9 0 0 0 0 0]
 [2 0 0 3 0 8 0 7 4]
 [0 0 0 4 5 0 0 0 2]
 [8 0 0 0 0 0 0 3 0]
 [0 0 0 0 0 1 7 0 0]
 [1 0 0 0 0 0 0 0 3]
 [0 7 8 2 0 0 0 1 0]]
Solution:
[[2 5 0 6 0 7 0 4 0]
 [9 1 4 5 8 2 6 3 0]
 [6 0 8 0 9 3 1 5 7]
 [5 8 7 0 0 9 4 6 3]
 [0 9 3 0 1 4 7 0 8]
 [4 6 0 2 7 0 5 1 9]
 [7 4 6 9 5 8 3 2 1]
 [8 2 5 7 3 1 9 0 6]
 [1 3 9 4 6 0 8 7 5]]
Number of cells unfilled: 16
Accuracy: 80.24691358024691
Sample: 306
Question:
[[7 0 0 0 6 0 0 3 5]
 [0 0 0 0 0 3 1 0 0]
 [0 0 0 2 0 0 4 0 0]
 [3 8 0 0 0 0 0 0 0]
 [0 5 0 0 0 9 0 0 0]
 [0 0 7 0 8 0 0 5 3]
 [0 7 0 0 3 0 0 6 8]
 [0 0 6 0 0 8 0 0 4]
 [0 0 3 0 0 0 0 0 0]]
Solution:
[[2 5 0 6 0 7 0 4 0]
 [9 1 4 5 8 2 6 3 0]
 [6 0 8 0 9 3 1 5 7]
 [5 8 7 0 0 9 4 6 3]
 [0 9 3 0 1 4 7 0 8]
 [4 6 0 2 7 0 5 1 9]
 [0 7 6 9 5 8 3 2 1]
 [8 4 5 7 3 1 9 0 6]
 [1 3 9 4 6 0 8 7 5]]
Number of cells unfilled: 17
Accuracy: 79.01234567901234
Sample: 307
Question:
[[7 0 0 1 3 0 0 0 0]
 [0 3 2 0 0 0 0 0 0]
 [8 0 0 4 0 0 0 7 0]
 [9 0 0 0 0 1 0 0 8]
 [0 0 0 0 4 0 0 9 0]
 [0 8 0 9 0 0 7 0 1]
 [4 0 0 8 0 0 0 1 0]
 [0 5 0 0 0 0 8 0 0]
 [0 0 0 0 0 4 6 0 0]]
Solution:
[[2 5 0 6 0 7 0 4 0]
 [9 1 4 5 8 2 6 3 0]
 [6 0 8 0 9 3 1 5 7]
 [5 8 7 0 0 9 4 6 3]
 [0 9 3 0 1 4 7 0 8]
 [4 6 0 2 7 0 5 1 9]
 [0 7 6 9 5 8 3 2 1]
 [8 4 5 7 3 1 9 0 6]
 [1 3 9 4 6 0 8 7 5]]
Number of cells unfilled: 17
Accuracy: 79.01234567901234
Sample: 308
Question:
[[7 6 0 0 8 0 2 0 0]
 [3 0 0 0 0 6 0 0 0]
 [0 0 0 0 0 2 0 6 0]
 [0 0 0 0 4 0 8 5 0]
 [2 4 0 0 0 8 7 0 0]
 [0 0 0 0 7 0 0 0 0]
 [4 2 0 8 0 0 6 0 0]
 [0 0 3 0 0 0 0 8 1]
 [0 0 9 0 0 0 0 0 0]]
Solution:
[[2 5 0 6 0 7 0 4 0]
 [9 1 4 5 8 2 6 3 0]
 [6 0 8 0 9 3 1 5 7]
 [5 8 7 0 0 9 4 6 3]
 [0 9 3 0 1 4 7 0 8]
 [4 6 0 2 7 0 5 1 9]
 [7 4 6 9 5 8 3 2 1]
 [8 2 5 7 3 1 9 0 6]
 [1 3 9 4 6 0 8 7 5]]
Number of cells unfilled: 16
Accuracy: 80.24691358024691
Sample: 309
Question:
[[8 0 0 0 0 0 0 0 0]
 [7 0 1 6 0 0 5 0 0]
 [0 5 4 0 7 0 0 0 0]
 [2 0 0 0 6 0 1 0 0]
 [0 0 0 2 0 0 0 5 9]
 [0 0 0 1 0 5 0 0 0]
 [0 0 2 0 0 6 7 0 0]
 [0 8 0 0 0 0 0 0 5]
 [0 4 0 5 0 0 0 3 6]]
Solution:
[[2 5 0 6 0 7 0 4 0]
 [9 1 0 5 8 2 6 3 0]
 [6 4 8 0 9 3 1 5 7]
 [5 8 7 0 0 9 4 6 3]
 [0 9 3 0 1 4 7 0 8]
 [4 6 0 2 7 0 5 1 9]
 [0 7 6 9 5 8 3 2 1]
 [8 2 5 7 3 1 9 0 6]
 [1 3 9 4 6 0 8 7 5]]
Number of cells unfilled: 17
Accuracy: 79.01234567901234
Sample: 310
Question:
[[8 0 0 0 2 6 0 0 4]
 [0 7 0 3 0 0 9 0 0]
 [5 0 0 0 0 0 0 6 0]
 [0 6 7 0 3 0 2 0 0]
 [0 0 0 0 0 7 0 1 0]
 [0 0 0 6 0 0 0 0 0]
 [0 0 0 2 0 0 0 0 0]
 [0 2 9 0 0 3 6 0 0]
 [6 8 0 0 9 0 0 0 0]]
Solution:
[[2 5 0 6 0 7 0 4 0]
 [9 1 4 5 8 2 6 3 0]
 [6 0 8 0 9 3 1 5 7]
 [5 8 7 0 0 9 4 6 3]
 [0 9 3 0 1 4 7 0 8]
 [4 6 0 2 7 0 5 1 9]
 [0 7 6 9 5 8 3 2 1]
 [8 4 5 7 3 1 9 0 6]
 [1 3 9 4 6 0 8 7 5]]
Number of cells unfilled: 17
Accuracy: 79.01234567901234
Sample: 311
Question:
[[9 0 0 0 0 0 0 3 0]
 [0 5 0 0 0 9 0 0 7]
 [6 0 1 0 0 0 0 2 0]
 [0 2 0 7 9 0 0 0 0]
 [0 0 0 0 0 0 0 0 2]
 [1 0 5 0 0 2 0 0 0]
 [0 0 0 0 0 0 4 8 0]
 [0 1 0 0 0 7 0 0 9]
 [0 9 0 8 0 5 0 0 1]]
Solution:
[[2 5 0 6 0 7 0 4 0]
 [9 1 4 5 8 2 6 3 0]
 [6 0 8 0 9 3 1 5 7]
 [5 8 7 0 0 9 4 6 3]
 [0 9 3 0 1 4 7 0 8]
 [4 6 0 2 7 0 5 1 9]
 [0 7 6 9 5 8 3 2 1]
 [8 4 5 7 3 1 9 0 6]
 [1 3 9 4 6 0 8 7 5]]
Number of cells unfilled: 17
Accuracy: 79.01234567901234
Sample: 312
Question:
[[9 0 0 0 0 7 0 2 3]
 [0 7 0 3 0 0 0 0 0]
 [0 0 0 9 6 0 7 0 0]
 [5 0 0 0 0 0 0 0 0]
 [0 6 0 0 0 9 3 7 0]
 [0 0 0 6 0 0 0 1 0]
 [4 0 8 0 0 0 0 0 0]
 [0 9 0 0 0 6 2 0 0]
 [0 2 0 0 4 3 9 0 0]]
Solution:
[[2 5 0 6 0 7 0 4 0]
 [9 1 4 5 8 2 6 3 0]
 [6 0 8 0 9 3 1 5 7]
 [5 8 7 0 0 9 4 6 3]
 [0 9 3 0 1 4 7 0 8]
 [4 6 0 2 7 0 5 1 9]
 [0 7 6 9 5 8 3 2 1]
 [8 4 5 7 3 1 9 0 6]
 [1 3 9 4 6 0 8 7 5]]
Number of cells unfilled: 17
Accuracy: 79.01234567901234
Sample: 313
Question:
[[9 0 0 4 8 0 6 0 0]
 [0 6 4 0 0 0 0 0 0]
 [0 8 0 0 0 0 0 0 3]
 [0 0 0 0 0 1 0 5 0]
 [0 0 9 8 4 0 2 0 0]
 [0 0 0 9 0 7 0 0 0]
 [4 0 0 0 0 0 0 0 2]
 [2 0 0 1 0 0 0 0 0]
 [0 9 0 6 2 0 4 0 0]]
Solution:
[[2 5 0 6 0 7 0 4 0]
 [9 1 4 5 8 2 6 3 0]
 [6 0 8 0 9 3 1 5 7]
 [5 8 7 0 0 9 4 6 3]
 [0 9 3 0 1 4 7 0 8]
 [4 6 0 2 7 0 5 1 9]
 [0 7 6 9 5 8 3 2 1]
 [8 4 5 7 3 1 9 0 6]
 [1 3 9 4 6 0 8 7 5]]
Number of cells unfilled: 17
Accuracy: 79.01234567901234
Sample: 314
Question:
[[9 0 2 0 0 0 0 5 0]
 [0 8 0 0 4 0 0 0 3]
 [4 0 0 0 0 0 0 6 0]
 [0 0 4 0 0 0 0 0 5]
 [2 0 8 0 5 0 0 4 0]
 [0 5 0 0 0 3 0 0 0]
 [0 0 0 0 0 0 7 1 0]
 [0 0 0 0 8 1 0 0 2]
 [0 2 0 0 3 0 0 0 4]]
Solution:
[[2 5 0 6 0 7 0 4 0]
 [9 1 4 5 8 2 6 3 0]
 [6 0 8 0 9 3 1 5 7]
 [5 8 7 0 0 9 4 6 3]
 [0 9 3 0 1 4 7 0 8]
 [4 6 0 2 7 0 5 1 9]
 [7 4 6 9 5 8 3 2 1]
 [8 2 5 7 3 1 9 0 6]
 [1 3 9 4 6 0 8 7 5]]
Number of cells unfilled: 16
Accuracy: 80.24691358024691
Sample: 315
Question:
[[9 6 0 0 0 2 4 0 0]
 [0 0 4 0 0 0 0 0 1]
 [2 0 0 0 4 0 0 9 0]
 [0 0 6 0 2 0 1 0 0]
 [0 0 0 5 0 7 0 0 0]
 [0 0 2 0 6 0 9 0 7]
 [0 0 9 0 1 0 2 0 0]
 [6 8 0 0 0 0 0 0 0]
 [0 0 0 0 0 3 0 0 0]]
Solution:
[[2 5 0 6 0 7 0 4 0]
 [9 1 0 5 8 2 6 3 0]
 [6 4 8 0 9 3 1 5 7]
 [5 8 7 0 0 9 4 6 3]
 [0 9 3 0 1 4 7 0 8]
 [4 6 0 2 7 0 5 1 9]
 [0 7 6 9 5 8 3 2 1]
 [8 2 5 7 3 1 9 0 6]
 [1 3 9 4 6 0 8 7 5]]
Number of cells unfilled: 17
Accuracy: 79.01234567901234
Sample: 316
Question:
[[9 7 0 2 0 0 6 0 0]
 [0 0 3 0 0 0 0 0 9]
 [0 0 4 0 0 0 0 5 0]
 [0 0 0 0 8 0 0 0 0]
 [7 9 0 0 0 2 8 0 0]
 [0 0 0 0 7 0 0 9 1]
 [0 4 0 0 0 6 0 0 8]
 [6 8 0 0 2 0 9 0 0]
 [0 0 0 0 0 9 0 0 0]]
Solution:
[[2 5 0 6 0 7 0 4 0]
 [9 1 4 5 8 2 6 3 0]
 [6 0 8 0 9 3 1 5 7]
 [5 8 7 0 0 9 4 6 3]
 [0 9 3 0 1 4 7 0 8]
 [4 6 0 2 7 0 5 1 9]
 [0 7 6 9 5 8 3 2 1]
 [8 4 5 7 3 1 9 0 6]
 [1 3 9 4 6 0 8 7 5]]
Number of cells unfilled: 17
Accuracy: 79.01234567901234
Sample: 317
Question:
[[0 2 9 0 0 0 0 0 0]
 [6 0 0 0 0 7 0 0 9]
 [0 8 0 9 5 0 0 6 0]
 [0 0 0 0 1 0 3 0 0]
 [5 0 0 4 0 0 0 7 0]
 [0 6 0 0 0 8 0 0 2]
 [0 4 0 0 0 6 0 0 7]
 [8 0 0 0 0 0 0 2 0]
 [0 0 0 0 3 0 1 0 0]]
Solution:
[[2 5 0 6 0 7 0 4 0]
 [9 1 0 5 8 2 6 3 0]
 [6 4 8 0 9 3 1 5 7]
 [5 8 7 0 0 9 4 6 3]
 [0 9 3 0 1 4 7 0 8]
 [4 6 0 2 7 0 5 1 9]
 [0 7 6 9 5 8 3 2 1]
 [8 2 5 7 3 1 9 0 6]
 [1 3 9 4 6 0 8 7 5]]
Number of cells unfilled: 17
Accuracy: 79.01234567901234
Sample: 318
Question:
[[0 0 0 7 0 6 0 0 0]
 [0 0 0 1 8 0 0 0 0]
 [0 0 8 0 0 0 0 7 5]
 [0 3 0 0 0 0 0 0 0]
 [0 0 0 4 0 1 5 0 0]
 [0 6 5 0 0 0 9 0 8]
 [3 0 0 8 0 0 0 0 2]
 [9 0 0 5 0 7 8 1 0]
 [4 0 0 0 2 0 7 0 0]]
Solution:
[[2 5 0 6 0 7 0 4 0]
 [9 1 4 5 8 2 6 3 0]
 [6 0 8 0 9 3 1 5 7]
 [5 8 7 0 0 9 4 6 3]
 [0 9 3 0 1 4 7 0 8]
 [4 6 0 2 7 0 5 1 9]
 [0 7 6 9 5 8 3 2 1]
 [8 4 5 7 3 1 9 0 6]
 [1 3 9 4 6 0 8 7 5]]
Number of cells unfilled: 17
Accuracy: 79.01234567901234
Sample: 319
Question:
[[9 0 0 7 0 0 0 0 0]
 [0 4 0 0 3 9 0 0 0]
 [5 0 0 0 0 0 0 4 0]
 [3 0 0 0 0 1 8 2 0]
 [8 0 0 9 0 0 6 0 0]
 [0 9 0 0 0 0 5 0 0]
 [0 0 0 0 5 0 0 0 0]
 [0 0 0 6 0 2 4 0 5]
 [0 7 0 0 8 0 0 0 6]]
Solution:
[[2 5 0 6 0 7 0 4 0]
 [9 1 4 5 8 2 6 3 0]
 [6 0 8 0 9 3 1 5 7]
 [5 8 7 0 0 9 4 6 3]
 [0 9 3 0 1 4 7 0 8]
 [4 6 0 2 7 0 5 1 9]
 [7 4 6 9 5 8 3 2 1]
 [8 2 5 7 3 1 9 0 6]
 [1 3 9 4 6 0 8 7 5]]
Number of cells unfilled: 16
Accuracy: 80.24691358024691
Sample: 320
Question:
[[0 0 0 0 0 0 5 0 3]
 [0 0 0 2 0 7 6 0 0]
 [0 7 0 0 4 0 0 0 0]
 [0 6 1 0 0 0 9 0 0]
 [3 0 2 9 0 0 0 0 7]
 [9 0 0 0 8 0 0 3 0]
 [0 0 5 6 7 0 0 0 0]
 [0 0 0 4 0 0 3 5 0]
 [4 0 0 0 0 3 0 9 0]]
Solution:
[[2 5 0 6 0 7 0 4 0]
 [9 1 0 5 8 2 6 3 0]
 [6 4 8 0 9 3 1 5 7]
 [5 8 7 0 0 9 4 6 3]
 [0 9 3 0 1 4 7 0 8]
 [4 6 0 2 7 0 5 1 9]
 [0 7 6 9 5 8 3 2 1]
 [8 2 5 7 3 1 9 0 6]
 [1 3 9 4 6 0 8 7 5]]
Number of cells unfilled: 17
Accuracy: 79.01234567901234
Sample: 321
Question:
[[0 0 8 0 0 0 6 0 0]
 [1 0 0 0 0 0 0 5 2]
 [0 2 3 0 0 0 0 0 0]
 [2 0 4 0 6 1 0 0 0]
 [0 0 5 9 0 0 0 0 0]
 [0 0 0 0 0 0 0 2 7]
 [5 8 0 0 0 7 4 0 0]
 [0 7 0 0 9 4 0 0 0]
 [4 0 9 0 0 0 5 0 3]]
Solution:
[[2 5 0 6 0 7 0 4 0]
 [9 1 4 5 8 2 6 3 0]
 [6 0 8 0 9 3 1 5 7]
 [5 8 7 0 0 9 4 6 3]
 [0 9 3 0 1 4 7 0 8]
 [4 6 0 2 7 0 5 1 9]
 [7 4 6 9 5 8 3 2 1]
 [8 2 5 7 3 1 9 0 6]
 [1 3 9 4 6 0 8 7 5]]
Number of cells unfilled: 16
Accuracy: 80.24691358024691
Sample: 322
Question:
[[0 0 4 0 0 9 0 0 6]
 [0 0 0 2 0 0 7 0 0]
 [0 0 0 1 0 0 0 3 0]
 [5 0 6 0 0 0 1 0 0]
 [0 9 0 0 0 4 0 0 5]
 [4 0 0 0 0 0 3 0 0]
 [0 8 0 0 7 0 0 0 0]
 [0 0 9 0 2 0 0 0 0]
 [6 0 0 0 0 5 0 0 8]]
Solution:
[[2 5 0 6 0 7 0 4 0]
 [9 1 4 5 8 2 6 3 0]
 [6 0 8 0 9 3 1 5 7]
 [5 8 7 0 0 9 4 6 3]
 [0 9 3 0 1 4 7 0 8]
 [4 6 0 2 7 0 5 1 9]
 [0 7 6 9 5 8 3 2 1]
 [8 4 5 7 3 1 9 0 6]
 [1 3 9 4 6 0 8 7 5]]
Number of cells unfilled: 17
Accuracy: 79.01234567901234
Sample: 323
Question:
[[0 5 0 0 9 0 0 0 0]
 [0 0 4 0 0 6 0 1 0]
 [0 0 0 4 0 0 3 0 0]
 [0 0 0 0 6 8 7 0 0]
 [8 2 0 0 1 0 0 0 0]
 [0 0 6 9 0 0 0 8 0]
 [2 0 0 0 0 0 5 0 0]
 [0 0 0 0 0 9 0 0 3]
 [0 0 1 0 8 0 0 9 4]]
Solution:
[[2 5 0 6 0 7 0 4 0]
 [9 1 4 5 8 2 6 3 0]
 [6 0 8 0 9 3 1 5 7]
 [5 8 7 0 0 9 4 6 3]
 [0 9 3 0 1 4 7 0 8]
 [4 6 0 2 7 0 5 1 9]
 [7 4 6 9 5 8 3 2 1]
 [8 2 5 7 3 1 9 0 6]
 [1 3 9 4 6 0 8 7 5]]
Number of cells unfilled: 16
Accuracy: 80.24691358024691
Sample: 324
Question:
[[0 0 1 0 0 8 9 0 0]
 [0 0 0 2 0 0 0 4 0]
 [0 7 0 0 9 0 0 0 2]
 [8 0 0 3 0 0 0 6 0]
 [0 5 0 0 2 0 0 0 1]
 [0 0 6 0 0 0 3 0 0]
 [0 8 0 9 0 2 0 0 0]
 [4 0 5 0 7 0 0 0 0]
 [1 0 0 0 0 4 0 0 7]]
Solution:
[[2 5 0 6 0 7 0 4 0]
 [9 1 4 5 8 2 6 3 0]
 [6 0 8 0 9 3 1 5 7]
 [5 8 7 0 0 9 4 6 3]
 [0 9 3 0 1 4 7 0 8]
 [4 6 0 2 7 0 5 1 9]
 [0 7 6 9 5 8 3 2 1]
 [8 4 5 7 3 1 9 0 6]
 [1 3 9 4 6 0 8 7 5]]
Number of cells unfilled: 17
Accuracy: 79.01234567901234
Sample: 325
Question:
[[7 5 0 0 0 0 0 0 3]
 [0 0 8 4 0 0 0 2 0]
 [0 0 0 0 9 0 6 0 0]
 [0 3 0 0 1 0 0 6 0]
 [0 0 5 0 0 9 1 0 0]
 [8 0 0 0 0 0 0 0 0]
 [0 0 0 7 0 0 2 9 0]
 [0 2 0 0 4 0 0 0 6]
 [5 0 0 0 0 2 4 0 0]]
Solution:
[[2 5 0 6 0 7 0 4 0]
 [9 1 0 5 8 2 6 3 0]
 [6 4 8 0 9 3 1 5 7]
 [5 8 7 0 0 9 4 6 3]
 [0 9 3 0 1 4 7 0 8]
 [4 6 0 2 7 0 5 1 9]
 [0 7 6 9 5 8 3 2 1]
 [8 2 5 7 3 1 9 0 6]
 [1 3 9 4 6 0 8 7 5]]
Number of cells unfilled: 17
Accuracy: 79.01234567901234
Sample: 326
Question:
[[0 0 9 0 0 8 1 0 0]
 [5 0 0 0 0 6 0 0 4]
 [0 7 0 0 0 0 0 2 0]
 [0 0 0 1 0 0 8 0 0]
 [2 0 0 0 9 0 0 0 5]
 [0 4 0 0 0 0 0 7 0]
 [0 5 0 3 0 0 0 0 0]
 [0 0 6 0 8 0 3 0 0]
 [0 0 0 6 0 1 0 0 0]]
Solution:
[[2 5 0 6 0 7 0 4 0]
 [9 1 4 5 8 2 6 3 0]
 [6 0 8 0 9 3 1 5 7]
 [5 8 7 0 0 9 4 6 3]
 [0 9 3 0 1 4 7 0 8]
 [4 6 0 2 7 0 5 1 9]
 [0 7 6 9 5 8 3 2 1]
 [8 4 5 7 3 1 9 0 6]
 [1 3 9 4 6 0 8 7 5]]
Number of cells unfilled: 17
Accuracy: 79.01234567901234
Sample: 327
Question:
[[0 0 9 0 0 5 1 2 0]
 [0 0 3 6 9 0 5 0 0]
 [8 0 0 0 3 0 0 0 0]
 [3 0 0 0 0 6 0 0 8]
 [0 9 0 4 0 0 0 0 0]
 [6 5 0 0 7 0 2 0 0]
 [0 0 1 0 0 0 0 0 0]
 [0 0 0 0 0 0 6 0 0]
 [0 8 0 9 5 1 0 0 7]]
Solution:
[[2 5 0 6 0 7 0 4 0]
 [9 1 0 5 8 2 6 3 0]
 [6 4 8 0 9 3 1 5 7]
 [5 8 7 0 0 9 4 6 3]
 [0 9 3 0 1 4 7 0 8]
 [4 6 0 2 7 0 5 1 9]
 [0 7 6 9 5 8 3 2 1]
 [8 2 5 7 3 1 9 0 6]
 [1 3 9 4 6 0 8 7 5]]
Number of cells unfilled: 17
Accuracy: 79.01234567901234
Sample: 328
Question:
[[1 0 2 7 5 0 0 6 4]
 [3 7 0 0 0 0 8 0 0]
 [0 0 9 2 0 3 0 5 0]
 [0 0 0 0 0 0 0 0 0]
 [0 3 0 0 4 0 9 7 8]
 [5 6 0 8 0 1 0 3 0]
 [7 0 4 0 3 0 0 0 1]
 [8 0 0 4 0 2 0 0 3]
 [0 1 0 6 0 8 0 0 0]]
Solution:
[[2 5 0 6 0 7 0 4 0]
 [9 1 4 5 8 2 6 3 0]
 [6 0 8 0 9 3 1 5 7]
 [5 8 7 0 0 9 4 6 3]
 [0 9 3 0 1 4 7 0 8]
 [4 6 0 2 7 0 5 1 9]
 [0 7 6 9 5 8 3 2 1]
 [8 4 5 7 3 1 9 0 6]
 [1 3 9 4 6 0 8 7 5]]
Number of cells unfilled: 17
Accuracy: 79.01234567901234
Sample: 329
Question:
[[0 1 0 0 6 0 0 0 5]
 [4 0 0 2 0 0 3 0 0]
 [0 0 0 0 0 3 0 4 0]
 [0 0 9 0 0 0 0 0 0]
 [0 0 0 0 0 0 2 9 0]
 [0 8 0 0 7 0 0 0 6]
 [0 6 0 0 0 5 0 0 0]
 [8 0 0 0 0 6 0 0 1]
 [7 0 1 0 8 0 0 0 0]]
Solution:
[[2 5 0 6 0 7 0 4 0]
 [9 1 4 5 8 2 6 3 0]
 [6 0 8 0 9 3 1 5 7]
 [5 8 7 0 0 9 4 6 3]
 [0 9 3 0 1 4 7 0 8]
 [4 6 0 2 7 0 5 1 9]
 [7 4 6 9 5 8 3 2 1]
 [8 2 5 7 3 1 9 0 6]
 [1 3 9 4 6 0 8 7 5]]
Number of cells unfilled: 16
Accuracy: 80.24691358024691
Sample: 330
Question:
[[0 8 0 5 0 0 0 0 0]
 [0 0 2 0 3 0 0 7 0]
 [0 0 0 4 0 2 1 0 0]
 [6 0 0 0 0 4 0 9 0]
 [8 2 0 0 0 0 0 0 1]
 [0 0 1 0 2 0 7 0 0]
 [0 0 0 0 0 5 3 0 0]
 [0 6 0 0 0 3 9 2 0]
 [0 0 3 0 9 0 0 0 7]]
Solution:
[[2 5 0 6 0 7 0 4 0]
 [9 1 0 5 8 2 6 3 0]
 [6 4 8 0 9 3 1 5 7]
 [5 8 7 0 0 9 4 6 3]
 [0 9 3 0 1 4 7 0 8]
 [4 6 0 2 7 0 5 1 9]
 [0 7 6 9 5 8 3 2 1]
 [8 2 5 7 3 1 9 0 6]
 [1 3 9 4 6 0 8 7 5]]
Number of cells unfilled: 17
Accuracy: 79.01234567901234
Sample: 331
Question:
[[5 0 0 6 0 0 0 3 0]
 [0 0 0 0 0 7 0 0 0]
 [0 8 0 0 1 0 0 0 0]
 [0 6 0 0 4 0 0 2 0]
 [2 0 0 0 0 0 3 0 0]
 [0 0 4 2 0 0 0 0 5]
 [0 0 9 0 0 1 0 0 7]
 [6 0 0 4 0 0 0 1 0]
 [0 1 0 0 0 9 8 0 0]]
Solution:
[[2 5 0 6 0 7 0 4 0]
 [9 1 0 5 8 2 6 3 0]
 [6 4 8 0 9 3 1 5 7]
 [5 8 7 0 0 9 4 6 3]
 [0 9 3 0 1 4 7 0 8]
 [4 6 0 2 7 0 5 1 9]
 [0 7 6 9 5 8 3 2 1]
 [8 2 5 7 3 1 9 0 6]
 [1 3 9 4 6 0 8 7 5]]
Number of cells unfilled: 17
Accuracy: 79.01234567901234
Sample: 332
Question:
[[0 0 0 0 5 0 0 1 0]
 [8 0 0 9 0 0 6 0 0]
 [0 0 2 0 0 0 0 9 8]
 [0 0 7 0 0 0 0 0 1]
 [0 0 1 0 3 5 4 0 0]
 [4 0 0 1 0 0 0 8 0]
 [0 2 0 0 0 0 0 0 0]
 [0 6 0 0 0 7 0 3 0]
 [3 0 0 4 0 0 0 0 6]]
Solution:
[[2 5 0 6 0 7 0 4 0]
 [9 1 4 5 8 2 6 3 0]
 [6 0 8 0 9 3 1 5 7]
 [5 8 7 0 0 9 4 6 3]
 [0 9 3 0 1 4 7 0 8]
 [4 6 0 2 7 0 5 1 9]
 [7 4 6 9 5 8 3 2 1]
 [8 2 5 7 3 1 9 0 6]
 [1 3 9 4 6 0 8 7 5]]
Number of cells unfilled: 16
Accuracy: 80.24691358024691
Sample: 333
Question:
[[0 1 0 0 0 0 0 0 2]
 [4 0 0 0 0 0 0 1 0]
 [0 7 2 0 0 1 9 0 0]
 [0 0 8 6 0 0 0 2 0]
 [0 0 0 0 3 0 0 0 5]
 [7 0 0 0 0 2 1 0 0]
 [0 0 0 8 0 0 0 0 3]
 [9 0 0 0 0 4 2 0 0]
 [0 0 0 0 5 0 0 6 0]]
Solution:
[[2 5 0 6 0 7 0 4 0]
 [9 1 0 5 8 2 6 3 0]
 [6 4 8 0 9 3 1 5 7]
 [5 8 7 0 0 9 4 6 3]
 [0 9 3 0 1 4 7 0 8]
 [4 6 0 2 7 0 5 1 9]
 [0 7 6 9 5 8 3 2 1]
 [8 2 5 7 3 1 9 0 6]
 [1 3 9 4 6 0 8 7 5]]
Number of cells unfilled: 17
Accuracy: 79.01234567901234
Sample: 334
Question:
[[0 0 5 0 0 2 3 4 0]
 [0 4 0 5 0 0 1 2 0]
 [0 0 0 0 0 0 0 0 5]
 [0 6 0 0 7 0 0 0 0]
 [0 0 1 3 0 0 0 0 4]
 [0 3 0 0 2 0 6 0 0]
 [0 0 6 2 0 0 4 0 1]
 [0 0 3 1 0 0 0 0 2]
 [0 0 0 0 9 0 8 0 0]]
Solution:
[[2 5 0 6 0 7 0 4 0]
 [9 1 4 5 8 2 6 3 0]
 [6 0 8 0 9 3 1 5 7]
 [5 8 7 0 0 9 4 6 3]
 [0 9 3 0 1 4 7 0 8]
 [4 6 0 2 7 0 5 1 9]
 [0 7 6 9 5 8 3 2 1]
 [8 4 5 7 3 1 9 0 6]
 [1 3 9 4 6 0 8 7 5]]
Number of cells unfilled: 17
Accuracy: 79.01234567901234
Sample: 335
Question:
[[9 0 0 0 0 4 0 0 0]
 [0 0 5 3 0 0 8 0 0]
 [0 2 0 0 1 0 0 0 0]
 [0 0 0 0 0 2 0 9 0]
 [0 0 0 0 3 0 7 0 8]
 [0 0 0 6 8 0 0 0 3]
 [8 0 6 0 5 0 0 0 7]
 [2 4 0 0 0 0 0 1 0]
 [0 0 7 0 0 0 0 0 0]]
Solution:
[[2 5 0 6 0 7 0 4 0]
 [9 1 4 5 8 2 6 3 0]
 [6 0 8 0 9 3 1 5 7]
 [5 8 7 0 0 9 4 6 3]
 [0 9 3 0 1 4 7 0 8]
 [4 6 0 2 7 0 5 1 9]
 [0 7 6 9 5 8 3 2 1]
 [8 4 5 7 3 1 9 0 6]
 [1 3 9 4 6 0 8 7 5]]
Number of cells unfilled: 17
Accuracy: 79.01234567901234
Sample: 336
Question:
[[0 4 0 0 5 0 0 0 0]
 [2 0 1 4 0 0 0 0 5]
 [8 0 0 0 0 2 0 0 0]
 [0 8 0 0 0 5 0 0 1]
 [0 0 0 6 0 0 3 0 0]
 [0 0 6 0 0 0 5 9 0]
 [0 0 0 0 9 0 0 7 0]
 [0 1 7 0 0 4 0 0 2]
 [3 0 0 0 0 0 4 0 0]]
Solution:
[[2 5 0 6 0 7 0 4 0]
 [9 1 4 5 8 2 6 3 0]
 [6 0 8 0 9 3 1 5 7]
 [5 8 7 0 0 9 4 6 3]
 [0 9 3 0 1 4 7 0 8]
 [4 6 0 2 7 0 5 1 9]
 [7 4 6 9 5 8 3 2 1]
 [8 2 5 7 3 1 9 0 6]
 [1 3 9 4 6 0 8 7 5]]
Number of cells unfilled: 16
Accuracy: 80.24691358024691
Sample: 337
Question:
[[6 0 0 7 0 0 0 0 0]
 [0 5 0 0 0 4 0 0 0]
 [0 0 3 0 8 0 0 0 9]
 [0 0 9 0 0 0 3 1 0]
 [0 0 0 0 0 8 0 0 2]
 [0 2 0 0 1 0 9 0 0]
 [0 4 0 5 0 0 0 0 0]
 [7 0 0 0 0 0 6 0 0]
 [0 0 1 0 2 0 0 0 3]]
Solution:
[[2 5 0 6 0 7 0 4 0]
 [9 1 4 5 8 2 6 3 0]
 [6 0 8 0 9 3 1 5 7]
 [5 8 7 0 0 9 4 6 3]
 [0 9 3 0 1 4 7 0 8]
 [4 6 0 2 7 0 5 1 9]
 [7 4 6 9 5 8 3 2 1]
 [8 2 5 7 3 1 9 0 6]
 [1 3 9 4 6 0 8 7 5]]
Number of cells unfilled: 16
Accuracy: 80.24691358024691
Sample: 338
Question:
[[0 0 0 0 0 0 0 3 0]
 [0 0 0 8 0 0 1 0 0]
 [4 1 0 0 3 0 0 0 6]
 [0 5 0 2 0 3 0 0 4]
 [6 4 0 0 5 0 0 0 0]
 [3 0 9 0 0 0 0 0 5]
 [0 0 4 0 0 7 6 0 0]
 [1 6 0 0 4 0 0 5 0]
 [2 0 0 0 0 0 0 0 1]]
Solution:
[[2 5 0 6 0 7 0 4 0]
 [9 1 4 5 8 2 6 3 0]
 [6 0 8 0 9 3 1 5 7]
 [5 8 7 0 0 9 4 6 3]
 [0 9 3 0 1 4 7 0 8]
 [4 6 0 2 7 0 5 1 9]
 [7 4 6 9 5 8 3 2 1]
 [8 2 5 7 3 1 9 0 6]
 [1 3 9 4 6 0 8 7 5]]
Number of cells unfilled: 16
Accuracy: 80.24691358024691
Sample: 339
Question:
[[0 0 6 0 8 7 0 4 0]
 [7 0 0 0 0 0 0 0 1]
 [0 4 0 0 0 0 6 0 0]
 [0 8 0 0 6 3 0 0 0]
 [4 0 0 8 0 0 0 6 0]
 [6 0 5 4 0 1 0 8 0]
 [0 0 0 0 5 0 9 0 0]
 [0 2 0 0 1 0 0 0 0]
 [8 0 0 7 0 0 0 1 0]]
Solution:
[[2 5 0 6 0 7 0 4 0]
 [9 1 0 5 8 2 6 3 0]
 [6 4 8 0 9 3 1 5 7]
 [5 8 7 0 0 9 4 6 3]
 [0 9 3 0 1 4 7 0 8]
 [4 6 0 2 7 0 5 1 9]
 [0 7 6 9 5 8 3 2 1]
 [8 2 5 7 3 1 9 0 6]
 [1 3 9 4 6 0 8 7 5]]
Number of cells unfilled: 17
Accuracy: 79.01234567901234
Sample: 340
Question:
[[0 0 5 7 0 0 9 0 0]
 [4 0 0 0 9 0 0 0 6]
 [0 9 0 0 0 8 0 0 7]
 [0 5 0 0 7 0 4 0 0]
 [0 0 0 3 0 1 0 0 0]
 [1 0 2 0 0 0 0 0 0]
 [0 4 0 0 8 0 6 0 0]
 [0 0 0 0 0 6 0 0 2]
 [0 0 0 9 0 0 0 3 0]]
Solution:
[[2 5 0 6 0 7 0 4 0]
 [9 1 4 5 8 2 6 3 0]
 [6 0 8 0 9 3 1 5 7]
 [5 8 7 0 0 9 4 6 3]
 [0 9 3 0 1 4 7 0 8]
 [4 6 0 2 7 0 5 1 9]
 [7 4 6 9 5 8 3 2 1]
 [8 2 5 7 3 1 9 0 6]
 [1 3 9 4 6 0 8 7 5]]
Number of cells unfilled: 16
Accuracy: 80.24691358024691
Sample: 341
Question:
[[2 0 0 0 7 0 0 0 0]
 [0 0 0 0 0 4 0 2 9]
 [0 3 0 2 0 0 5 0 0]
 [0 7 0 0 0 0 1 3 0]
 [5 0 0 0 1 0 0 8 0]
 [0 0 8 0 0 6 0 0 7]
 [0 0 6 0 0 0 0 9 0]
 [0 0 0 6 4 0 0 0 8]
 [7 8 0 0 0 9 0 0 0]]
Solution:
[[2 5 0 6 0 7 0 4 0]
 [9 1 4 5 8 2 6 3 0]
 [6 0 8 0 9 3 1 5 7]
 [5 8 7 0 0 9 4 6 3]
 [0 9 3 0 1 4 7 0 8]
 [4 6 0 2 7 0 5 1 9]
 [0 7 6 9 5 8 3 2 1]
 [8 4 5 7 3 1 9 0 6]
 [1 3 9 4 6 0 8 7 5]]
Number of cells unfilled: 17
Accuracy: 79.01234567901234
Sample: 342
Question:
[[0 0 2 0 0 5 0 0 0]
 [0 0 0 1 0 0 3 0 4]
 [9 1 3 6 7 0 0 0 2]
 [0 0 0 0 0 7 8 3 0]
 [0 0 0 0 1 0 0 6 0]
 [6 0 0 8 0 0 0 0 0]
 [0 0 6 0 0 0 7 0 0]
 [5 0 0 0 0 0 4 0 0]
 [2 3 0 5 0 0 0 9 8]]
Solution:
[[2 5 0 6 0 7 0 4 0]
 [9 1 4 5 8 2 6 3 0]
 [6 0 8 0 9 3 1 5 7]
 [5 8 7 0 0 9 4 6 3]
 [0 9 3 0 1 4 7 0 8]
 [4 6 0 2 7 0 5 1 9]
 [0 7 6 9 5 8 3 2 1]
 [8 4 5 7 3 1 9 0 6]
 [1 3 9 4 6 0 8 7 5]]
Number of cells unfilled: 17
Accuracy: 79.01234567901234
Sample: 343
Question:
[[0 0 9 0 0 0 0 0 0]
 [3 1 0 2 0 0 6 0 0]
 [0 0 0 6 0 0 7 5 0]
 [7 0 0 0 0 2 0 0 0]
 [0 0 2 3 9 0 0 0 0]
 [0 0 0 8 0 0 3 9 0]
 [6 0 0 1 0 4 0 0 8]
 [0 4 0 0 0 0 0 0 0]
 [9 0 8 0 0 0 4 0 0]]
Solution:
[[2 5 0 6 0 7 0 4 0]
 [9 1 4 5 8 2 6 3 0]
 [6 0 8 0 9 3 1 5 7]
 [5 8 7 0 0 9 4 6 3]
 [0 9 3 0 1 4 7 0 8]
 [4 6 0 2 7 0 5 1 9]
 [7 4 6 9 5 8 3 2 1]
 [8 2 5 7 3 1 9 0 6]
 [1 3 9 4 6 0 8 7 5]]
Number of cells unfilled: 16
Accuracy: 80.24691358024691
Sample: 344
Question:
[[0 0 6 0 0 8 2 0 0]
 [0 1 0 0 0 0 0 0 5]
 [3 0 0 2 0 0 0 0 0]
 [5 0 0 0 8 0 0 0 6]
 [0 0 8 9 0 0 4 0 0]
 [0 3 0 0 0 0 0 0 7]
 [0 0 9 0 2 0 6 0 0]
 [0 6 0 4 0 9 0 7 0]
 [1 0 0 8 0 6 0 0 0]]
Solution:
[[2 5 0 6 0 7 0 4 0]
 [9 1 4 5 8 2 6 3 0]
 [6 0 8 0 9 3 1 5 7]
 [5 8 7 0 0 9 4 6 3]
 [0 9 3 0 1 4 7 0 8]
 [4 6 0 2 7 0 5 1 9]
 [7 4 6 9 5 8 3 2 1]
 [8 2 5 7 3 1 9 0 6]
 [1 3 9 4 6 0 8 7 5]]
Number of cells unfilled: 16
Accuracy: 80.24691358024691
Sample: 345
Question:
[[0 0 6 8 0 0 0 0 3]
 [0 9 0 0 0 2 1 0 0]
 [8 0 0 0 3 0 0 2 0]
 [0 0 0 0 1 0 5 0 0]
 [0 1 0 5 0 0 0 7 9]
 [0 0 0 0 0 9 0 0 2]
 [0 7 0 0 0 5 2 0 0]
 [4 0 0 0 6 0 0 9 0]
 [0 0 0 0 0 0 0 4 0]]
Solution:
[[2 5 0 6 0 7 0 4 0]
 [9 1 4 5 8 2 6 3 0]
 [6 0 8 0 9 3 1 5 7]
 [5 8 7 0 0 9 4 6 3]
 [0 9 3 0 1 4 7 0 8]
 [4 6 0 2 7 0 5 1 9]
 [7 4 6 9 5 8 3 2 1]
 [8 2 5 7 3 1 9 0 6]
 [1 3 9 4 6 0 8 7 5]]
Number of cells unfilled: 16
Accuracy: 80.24691358024691
Sample: 346
Question:
[[1 0 0 0 0 0 0 0 0]
 [0 5 0 0 0 0 0 0 2]
 [0 0 6 0 3 0 0 8 0]
 [5 0 0 0 4 0 0 0 0]
 [0 7 0 3 0 0 0 0 1]
 [0 0 9 0 0 6 0 4 0]
 [4 0 0 0 8 0 2 0 0]
 [0 0 3 4 0 0 0 9 0]
 [7 0 0 0 6 9 0 0 0]]
Solution:
[[2 5 0 6 0 7 0 4 0]
 [9 1 0 5 8 2 6 3 0]
 [6 4 8 0 9 3 1 5 7]
 [5 8 7 0 0 9 4 6 3]
 [0 9 3 0 1 4 7 0 8]
 [4 6 0 2 7 0 5 1 9]
 [0 7 6 9 5 8 3 2 1]
 [8 2 5 7 3 1 9 0 6]
 [1 3 9 4 6 0 8 7 5]]
Number of cells unfilled: 17
Accuracy: 79.01234567901234
Sample: 347
Question:
[[9 0 0 0 0 4 0 0 0]
 [0 0 6 5 0 0 3 0 0]
 [0 0 0 0 0 0 0 4 0]
 [0 2 0 0 9 0 0 0 8]
 [8 0 0 0 0 2 0 3 0]
 [6 0 3 7 0 0 1 0 0]
 [0 6 0 1 0 0 0 5 7]
 [0 0 7 0 0 0 0 0 3]
 [1 0 0 0 0 0 6 0 0]]
Solution:
[[2 5 0 6 0 7 0 4 0]
 [9 1 0 5 8 2 6 3 0]
 [6 4 8 0 9 3 1 5 7]
 [5 8 7 0 0 9 4 6 3]
 [0 9 3 0 1 4 7 0 8]
 [4 6 0 2 7 0 5 1 9]
 [0 7 6 9 5 8 3 2 1]
 [8 2 5 7 3 1 9 0 6]
 [1 3 9 4 6 0 8 7 5]]
Number of cells unfilled: 17
Accuracy: 79.01234567901234
Sample: 348
Question:
[[7 0 0 0 0 3 0 0 0]
 [0 0 3 6 5 0 0 7 4]
 [0 9 0 4 0 0 2 1 0]
 [2 6 0 0 0 7 9 0 0]
 [5 0 0 0 1 0 0 4 8]
 [0 1 9 3 8 0 0 0 0]
 [0 7 0 8 6 4 0 5 0]
 [0 5 6 0 0 0 0 0 0]
 [8 0 0 7 0 0 3 0 2]]
Solution:
[[2 5 0 6 0 7 0 4 0]
 [9 1 0 5 8 2 6 3 0]
 [6 4 8 0 9 3 1 5 7]
 [5 8 7 0 0 9 4 6 3]
 [0 9 3 0 1 4 7 0 8]
 [4 6 0 2 7 0 5 1 9]
 [0 7 6 9 5 8 3 2 1]
 [8 2 5 7 3 1 9 0 6]
 [1 3 9 4 6 0 8 7 5]]
Number of cells unfilled: 17
Accuracy: 79.01234567901234
Sample: 349
Question:
[[0 2 0 3 0 0 5 0 0]
 [0 0 7 1 0 2 9 0 0]
 [0 9 0 5 0 7 0 6 0]
 [7 0 0 0 0 0 6 0 0]
 [0 0 8 0 0 0 0 2 0]
 [2 1 0 9 6 3 0 7 0]
 [4 0 1 0 0 0 7 0 0]
 [0 0 0 7 0 0 0 9 0]
 [0 0 0 0 0 0 0 0 2]]
Solution:
[[2 5 0 6 0 7 0 4 0]
 [9 1 4 5 8 2 6 3 0]
 [6 0 8 0 9 3 1 5 7]
 [5 8 7 0 0 9 4 6 3]
 [0 9 3 0 1 4 7 0 8]
 [4 6 0 2 7 0 5 1 9]
 [7 4 6 9 5 8 3 2 1]
 [8 2 5 7 3 1 9 0 6]
 [1 3 9 4 6 0 8 7 5]]
Number of cells unfilled: 16
Accuracy: 80.24691358024691
Sample: 350
Question:
[[0 9 0 0 0 0 3 0 5]
 [8 0 0 5 0 4 0 0 0]
 [0 0 0 0 0 0 0 0 4]
 [0 7 0 0 9 0 6 2 3]
 [0 3 0 0 0 0 0 0 1]
 [0 0 0 4 1 0 9 0 0]
 [0 0 0 0 3 1 0 0 0]
 [0 6 0 2 0 0 0 0 9]
 [7 0 2 0 4 0 0 0 0]]
Solution:
[[2 5 0 6 0 7 0 4 0]
 [9 1 4 5 8 2 6 3 0]
 [6 0 8 0 9 3 1 5 7]
 [5 8 7 0 0 9 4 6 3]
 [0 9 3 0 1 4 7 0 8]
 [4 6 0 2 7 0 5 1 9]
 [0 7 6 9 5 8 3 2 1]
 [8 4 5 7 3 1 9 0 6]
 [1 3 9 4 6 0 8 7 5]]
Number of cells unfilled: 17
Accuracy: 79.01234567901234
Sample: 351
Question:
[[0 0 8 0 0 0 1 0 0]
 [0 0 0 1 6 0 7 0 4]
 [0 0 3 4 0 0 2 8 0]
 [6 0 0 2 0 1 0 0 0]
 [0 0 0 0 5 0 0 0 1]
 [0 0 7 0 0 0 5 0 6]
 [7 5 0 0 0 0 0 0 0]
 [8 0 6 0 0 4 0 0 0]
 [9 0 0 0 0 0 0 5 7]]
Solution:
[[2 5 0 6 0 7 0 4 0]
 [9 1 0 5 8 2 6 3 0]
 [6 4 8 0 9 3 1 5 7]
 [5 8 7 0 0 9 4 6 3]
 [0 9 3 0 1 4 7 0 8]
 [4 6 0 2 7 0 5 1 9]
 [0 7 6 9 5 8 3 2 1]
 [8 2 5 7 3 1 9 0 6]
 [1 3 9 4 6 0 8 7 5]]
Number of cells unfilled: 17
Accuracy: 79.01234567901234
Sample: 352
Question:
[[0 7 0 0 0 0 0 0 0]
 [0 0 1 2 0 7 0 0 5]
 [3 0 0 0 4 0 7 0 0]
 [2 0 0 5 0 0 1 0 0]
 [0 0 8 0 0 0 0 5 0]
 [0 0 0 0 8 9 0 0 2]
 [0 0 0 0 0 0 0 6 0]
 [6 0 0 0 0 3 0 4 0]
 [0 0 5 8 0 0 0 0 9]]
Solution:
[[2 5 0 6 0 7 0 4 0]
 [9 1 0 5 8 2 6 3 0]
 [6 4 8 0 9 3 1 5 7]
 [5 8 7 0 0 9 4 6 3]
 [0 9 3 0 1 4 7 0 8]
 [4 6 0 2 7 0 5 1 9]
 [0 7 6 9 5 8 3 2 1]
 [8 2 5 7 3 1 9 0 6]
 [1 3 9 4 6 0 8 7 5]]
Number of cells unfilled: 17
Accuracy: 79.01234567901234
Sample: 353
Question:
[[2 0 0 7 0 0 0 9 0]
 [0 0 0 0 0 2 6 0 3]
 [0 0 8 0 1 0 0 0 0]
 [0 0 0 9 0 7 0 0 4]
 [7 0 0 0 2 0 0 5 0]
 [0 0 3 5 0 0 0 0 0]
 [0 8 0 0 0 0 0 0 0]
 [1 0 7 0 0 5 0 2 0]
 [0 0 4 0 0 0 0 0 6]]
Solution:
[[2 5 0 6 0 7 0 4 0]
 [9 1 4 5 8 2 6 3 0]
 [6 0 8 0 9 3 1 5 7]
 [5 8 7 0 0 9 4 6 3]
 [0 9 3 0 1 4 7 0 8]
 [4 6 0 2 7 0 5 1 9]
 [0 7 6 9 5 8 3 2 1]
 [8 4 5 7 3 1 9 0 6]
 [1 3 9 4 6 0 8 7 5]]
Number of cells unfilled: 17
Accuracy: 79.01234567901234
Sample: 354
Question:
[[2 0 0 0 0 5 8 0 0]
 [0 0 6 0 3 0 0 0 0]
 [0 0 0 7 0 0 0 4 0]
 [0 3 9 0 0 0 0 0 8]
 [5 0 0 0 0 6 4 0 0]
 [0 0 0 0 0 0 0 7 9]
 [0 2 0 0 0 1 0 8 0]
 [0 0 5 2 0 0 1 0 0]
 [1 0 0 6 0 0 0 0 4]]
Solution:
[[2 5 0 6 0 7 0 4 0]
 [9 1 0 5 8 2 6 3 0]
 [6 4 8 0 9 3 1 5 7]
 [5 8 7 0 0 9 4 6 3]
 [0 9 3 0 1 4 7 0 8]
 [4 6 0 2 7 0 5 1 9]
 [0 7 6 9 5 8 3 2 1]
 [8 2 5 7 3 1 9 0 6]
 [1 3 9 4 6 0 8 7 5]]
Number of cells unfilled: 17
Accuracy: 79.01234567901234
Sample: 355
Question:
[[0 0 3 9 0 0 0 0 7]
 [9 0 0 0 0 6 0 2 0]
 [0 0 0 0 7 0 0 9 5]
 [4 0 0 0 1 0 0 0 0]
 [0 6 9 0 0 4 2 0 0]
 [0 3 0 6 0 0 0 4 0]
 [0 0 5 0 0 0 8 0 0]
 [3 8 0 0 0 2 0 1 0]
 [0 0 0 8 6 0 0 0 0]]
Solution:
[[2 5 0 6 0 7 0 4 0]
 [9 1 4 5 8 2 6 3 0]
 [6 0 8 0 9 3 1 5 7]
 [5 8 7 0 0 9 4 6 3]
 [0 9 3 0 1 4 7 0 8]
 [4 6 0 2 7 0 5 1 9]
 [0 7 6 9 5 8 3 2 1]
 [8 4 5 7 3 1 9 0 6]
 [1 3 9 4 6 0 8 7 5]]
Number of cells unfilled: 17
Accuracy: 79.01234567901234
Sample: 356
Question:
[[2 0 0 0 1 0 0 0 9]
 [0 7 8 0 0 0 0 0 0]
 [0 0 0 5 0 0 0 2 0]
 [0 3 0 8 0 0 0 4 0]
 [4 0 0 0 3 0 9 0 0]
 [0 0 1 0 5 0 0 6 3]
 [0 4 0 0 0 5 0 0 6]
 [6 0 0 0 2 0 0 9 0]
 [0 0 7 0 0 6 1 0 0]]
Solution:
[[2 5 0 6 0 7 0 4 0]
 [9 1 4 5 8 2 6 3 0]
 [6 0 8 0 9 3 1 5 7]
 [5 8 7 0 0 9 4 6 3]
 [0 9 3 0 1 4 7 0 8]
 [4 6 0 2 7 0 5 1 9]
 [7 4 6 9 5 8 3 2 1]
 [8 2 5 7 3 1 9 0 6]
 [1 3 9 4 6 0 8 7 5]]
Number of cells unfilled: 16
Accuracy: 80.24691358024691
Sample: 357
Question:
[[0 0 0 7 0 2 0 6 0]
 [0 0 0 0 6 0 7 0 3]
 [0 0 6 0 8 0 0 9 0]
 [0 0 4 0 0 1 0 0 6]
 [1 0 0 8 0 0 0 4 0]
 [0 5 0 0 4 0 9 0 0]
 [2 0 0 0 0 0 0 0 0]
 [0 3 0 5 0 0 0 0 0]
 [0 4 5 0 1 0 0 8 0]]
Solution:
[[2 5 0 6 0 7 0 4 0]
 [9 1 4 5 8 2 6 3 0]
 [6 0 8 0 9 3 1 5 7]
 [5 8 7 0 0 9 4 6 3]
 [0 9 3 0 1 4 7 0 8]
 [4 6 0 2 7 0 5 1 9]
 [0 7 6 9 5 8 3 2 1]
 [8 4 5 7 3 1 9 0 6]
 [1 3 9 4 6 0 8 7 5]]
Number of cells unfilled: 17
Accuracy: 79.01234567901234
Sample: 358
Question:
[[0 7 0 0 0 4 0 3 0]
 [2 0 0 6 0 0 7 0 0]
 [0 0 6 0 7 0 0 0 5]
 [8 0 1 0 0 0 5 0 0]
 [0 2 0 0 5 0 3 0 0]
 [0 5 0 0 0 0 0 8 9]
 [4 0 0 0 0 9 0 0 7]
 [0 6 0 0 4 0 2 0 0]
 [0 0 0 1 0 0 0 0 0]]
Solution:
[[2 5 0 6 0 7 0 4 0]
 [9 1 4 5 8 2 6 3 0]
 [6 0 8 0 9 3 1 5 7]
 [5 8 7 0 0 9 4 6 3]
 [0 9 3 0 1 4 7 0 8]
 [4 6 0 2 7 0 5 1 9]
 [0 7 6 9 5 8 3 2 1]
 [8 4 5 7 3 1 9 0 6]
 [1 3 9 4 6 0 8 7 5]]
Number of cells unfilled: 17
Accuracy: 79.01234567901234
Sample: 359
Question:
[[0 0 3 6 0 9 0 0 0]
 [0 5 0 0 8 0 0 6 0]
 [6 0 0 0 0 0 9 0 0]
 [0 0 7 0 0 0 0 0 1]
 [0 0 0 0 5 0 2 0 0]
 [0 4 0 0 0 3 0 8 0]
 [0 0 1 2 0 0 0 0 7]
 [0 9 0 0 0 4 0 3 0]
 [4 0 0 0 3 0 8 0 0]]
Solution:
[[2 5 0 6 0 7 0 4 0]
 [9 1 4 5 8 2 6 3 0]
 [6 0 8 0 9 3 1 5 7]
 [5 8 7 0 0 9 4 6 3]
 [0 9 3 0 1 4 7 0 8]
 [4 6 0 2 7 0 5 1 9]
 [7 4 6 9 5 8 3 2 1]
 [8 2 5 7 3 1 9 0 6]
 [1 3 9 4 6 0 8 7 5]]
Number of cells unfilled: 16
Accuracy: 80.24691358024691
Sample: 360
Question:
[[8 0 0 0 0 0 9 0 0]
 [0 0 3 0 0 7 0 0 4]
 [0 4 0 0 2 0 0 1 0]
 [1 0 0 7 0 0 0 0 0]
 [0 3 0 0 0 4 0 5 0]
 [0 0 6 2 0 0 0 0 3]
 [9 0 0 3 0 0 8 0 0]
 [3 0 2 0 0 5 0 0 6]
 [0 6 0 0 0 0 0 0 0]]
Solution:
[[2 5 0 6 0 7 0 4 0]
 [9 1 0 5 8 2 6 3 0]
 [6 4 8 0 9 3 1 5 7]
 [5 8 7 0 0 9 4 6 3]
 [0 9 3 0 1 4 7 0 8]
 [4 6 0 2 7 0 5 1 9]
 [0 7 6 9 5 8 3 2 1]
 [8 2 5 7 3 1 9 0 6]
 [1 3 9 4 6 0 8 7 5]]
Number of cells unfilled: 17
Accuracy: 79.01234567901234
Sample: 361
Question:
[[0 2 0 6 0 0 0 0 1]
 [0 0 8 0 5 7 4 0 0]
 [0 0 6 0 0 0 0 7 0]
 [5 0 0 0 0 0 9 0 0]
 [0 0 9 0 0 0 0 4 0]
 [0 4 0 3 0 0 0 0 6]
 [0 8 0 0 2 1 6 0 0]
 [0 0 0 0 6 3 0 0 8]
 [0 0 0 8 0 0 0 1 0]]
Solution:
[[2 5 0 6 0 7 0 4 0]
 [9 1 4 5 8 2 6 3 0]
 [6 0 8 0 9 3 1 5 7]
 [5 8 7 0 0 9 4 6 3]
 [0 9 3 0 1 4 7 0 8]
 [4 6 0 2 7 0 5 1 9]
 [0 7 6 9 5 8 3 2 1]
 [8 4 5 7 3 1 9 0 6]
 [1 3 9 4 6 0 8 7 5]]
Number of cells unfilled: 17
Accuracy: 79.01234567901234
Sample: 362
Question:
[[7 0 2 0 6 0 0 5 0]
 [9 0 0 2 0 0 0 0 0]
 [0 8 6 0 0 0 0 0 2]
 [0 0 0 0 4 0 1 0 0]
 [0 0 0 0 0 9 0 3 0]
 [8 0 0 7 0 0 0 0 6]
 [0 0 8 5 0 0 0 0 7]
 [0 0 0 0 1 0 4 0 0]
 [0 6 0 0 0 3 0 9 0]]
Solution:
[[2 5 0 6 0 7 0 4 0]
 [9 1 4 5 8 2 6 3 0]
 [6 0 8 0 9 3 1 5 7]
 [5 8 7 0 0 9 4 6 3]
 [0 9 3 0 1 4 7 0 8]
 [4 6 0 2 7 0 5 1 9]
 [0 7 6 9 5 8 3 2 1]
 [8 4 5 7 3 1 9 0 6]
 [1 3 9 4 6 0 8 7 5]]
Number of cells unfilled: 17
Accuracy: 79.01234567901234
Sample: 363
Question:
[[0 0 0 4 0 7 0 0 1]
 [8 0 0 0 0 0 5 0 4]
 [0 3 0 1 0 0 0 9 8]
 [0 6 0 0 0 0 0 5 0]
 [9 7 0 0 3 0 4 0 0]
 [4 0 0 0 0 0 0 6 0]
 [0 0 0 7 0 0 0 0 0]
 [2 9 0 5 0 0 0 0 0]
 [0 0 0 0 0 4 2 1 6]]
Solution:
[[2 5 0 6 0 7 0 4 0]
 [9 1 4 5 8 2 6 3 0]
 [6 0 8 0 9 3 1 5 7]
 [5 8 7 0 0 9 4 6 3]
 [0 9 3 0 1 4 7 0 8]
 [4 6 0 2 7 0 5 1 9]
 [7 4 6 9 5 8 3 2 1]
 [8 2 5 7 3 1 9 0 6]
 [1 3 9 4 6 0 8 7 5]]
Number of cells unfilled: 16
Accuracy: 80.24691358024691
Sample: 364
Question:
[[0 0 9 0 0 1 6 0 0]
 [0 8 0 0 0 0 0 0 1]
 [1 0 0 0 8 0 9 2 0]
 [8 0 0 0 0 9 0 0 6]
 [0 7 0 5 0 0 0 0 0]
 [9 0 0 0 0 8 0 7 2]
 [2 0 0 1 0 6 0 0 9]
 [0 0 4 0 3 0 0 0 0]
 [0 0 0 0 0 0 2 0 0]]
Solution:
[[2 5 0 6 0 7 0 4 0]
 [9 1 0 5 8 2 6 3 0]
 [6 4 8 0 9 3 1 5 7]
 [5 8 7 0 0 9 4 6 3]
 [0 9 3 0 1 4 7 0 8]
 [4 6 0 2 7 0 5 1 9]
 [0 7 6 9 5 8 3 2 1]
 [8 2 5 7 3 1 9 0 6]
 [1 3 9 4 6 0 8 7 5]]
Number of cells unfilled: 17
Accuracy: 79.01234567901234
Sample: 365
Question:
[[0 0 9 3 0 0 7 0 0]
 [0 0 0 0 9 0 0 0 6]
 [0 6 0 7 0 1 0 9 0]
 [0 0 0 1 0 0 0 0 0]
 [0 0 3 0 7 0 6 1 0]
 [0 8 0 0 0 0 2 0 0]
 [0 0 7 0 3 0 0 6 0]
 [5 0 0 0 0 0 0 0 4]
 [0 0 6 0 1 4 0 7 0]]
Solution:
[[2 5 0 6 0 7 0 4 0]
 [9 1 4 5 8 2 6 3 0]
 [6 0 8 0 9 3 1 5 7]
 [5 8 7 0 0 9 4 6 3]
 [0 9 3 0 1 4 7 0 8]
 [4 6 0 2 7 0 5 1 9]
 [0 7 6 9 5 8 3 2 1]
 [8 4 5 7 3 1 9 0 6]
 [1 3 9 4 6 0 8 7 5]]
Number of cells unfilled: 17
Accuracy: 79.01234567901234
Sample: 366
Question:
[[0 8 0 0 9 2 0 0 0]
 [2 0 0 7 0 0 0 9 8]
 [0 0 0 0 0 8 0 0 6]
 [0 3 0 0 0 0 4 0 0]
 [0 0 1 0 0 0 0 0 0]
 [9 0 0 0 7 0 0 2 3]
 [0 0 5 0 2 0 0 0 0]
 [0 0 0 3 0 0 6 0 0]
 [8 0 0 0 0 7 0 3 2]]
Solution:
[[2 5 0 6 0 7 0 4 0]
 [9 1 0 5 8 2 6 3 0]
 [6 4 8 0 9 3 1 5 7]
 [5 8 7 0 0 9 4 6 3]
 [0 9 3 0 1 4 7 0 8]
 [4 6 0 2 7 0 5 1 9]
 [0 7 6 9 5 8 3 2 1]
 [8 2 5 7 3 1 9 0 6]
 [1 3 9 4 6 0 8 7 5]]
Number of cells unfilled: 17
Accuracy: 79.01234567901234
Sample: 367
Question:
[[1 0 0 0 4 2 0 8 0]
 [0 0 2 0 0 1 0 0 0]
 [0 0 0 0 0 5 0 0 9]
 [7 5 0 0 0 0 0 4 0]
 [6 0 4 0 0 0 0 0 1]
 [0 0 0 0 7 0 3 0 0]
 [0 0 6 0 3 0 0 0 0]
 [0 9 0 4 5 0 6 3 0]
 [4 0 0 0 0 0 0 5 0]]
Solution:
[[2 5 0 6 0 7 0 4 0]
 [9 1 4 5 8 2 6 3 0]
 [6 0 8 0 9 3 1 5 7]
 [5 8 7 0 0 9 4 6 3]
 [0 9 3 0 1 4 7 0 8]
 [4 6 0 2 7 0 5 1 9]
 [0 7 6 9 5 8 3 2 1]
 [8 4 5 7 3 1 9 0 6]
 [1 3 9 4 6 0 8 7 5]]
Number of cells unfilled: 17
Accuracy: 79.01234567901234
Sample: 368
Question:
[[9 0 6 5 0 0 0 4 0]
 [0 0 0 4 0 0 0 9 0]
 [0 8 0 0 6 0 5 0 0]
 [0 0 0 8 3 0 4 0 0]
 [8 0 0 0 2 6 0 0 7]
 [0 6 0 0 0 5 0 0 0]
 [0 0 0 0 0 0 0 1 5]
 [0 2 7 0 0 8 6 0 0]
 [0 5 0 0 0 0 0 0 0]]
Solution:
[[2 5 0 6 0 7 0 4 0]
 [9 1 4 5 8 2 6 3 0]
 [6 0 8 0 9 3 1 5 7]
 [5 8 7 0 0 9 4 6 3]
 [0 9 3 0 1 4 7 0 8]
 [4 6 0 2 7 0 5 1 9]
 [7 4 6 9 5 8 3 2 1]
 [8 2 5 7 3 1 9 0 6]
 [1 3 9 4 6 0 8 7 5]]
Number of cells unfilled: 16
Accuracy: 80.24691358024691
Sample: 369
Question:
[[0 0 0 0 8 0 0 0 2]
 [7 0 0 0 0 1 4 0 0]
 [3 0 0 0 0 4 8 5 0]
 [0 0 5 0 0 0 0 8 0]
 [1 0 0 0 0 9 3 0 0]
 [0 0 0 0 0 0 0 0 6]
 [9 0 4 7 1 0 0 0 0]
 [0 0 0 0 0 3 0 0 0]
 [0 0 3 4 9 0 7 0 0]]
Solution:
[[2 5 0 6 0 7 0 4 0]
 [9 1 0 5 8 2 6 3 0]
 [6 4 8 0 9 3 1 5 7]
 [5 8 7 0 0 9 4 6 3]
 [0 9 3 0 1 4 7 0 8]
 [4 6 0 2 7 0 5 1 9]
 [0 7 6 9 5 8 3 2 1]
 [8 2 5 7 3 1 9 0 6]
 [1 3 9 4 6 0 8 7 5]]
Number of cells unfilled: 17
Accuracy: 79.01234567901234
Sample: 370
Question:
[[0 0 1 0 0 0 3 0 9]
 [0 0 0 3 0 4 0 0 0]
 [0 2 0 0 9 0 0 5 0]
 [7 0 0 1 0 0 4 0 0]
 [0 6 0 0 2 0 5 9 0]
 [0 0 0 0 0 0 0 0 7]
 [2 0 5 0 8 0 0 0 0]
 [0 8 0 9 0 0 0 0 5]
 [9 0 6 0 0 0 0 8 0]]
Solution:
[[2 5 0 6 0 7 0 4 0]
 [9 1 4 5 8 2 6 3 0]
 [6 0 8 0 9 3 1 5 7]
 [5 8 7 0 0 9 4 6 3]
 [0 9 3 0 1 4 7 0 8]
 [4 6 0 2 7 0 5 1 9]
 [7 4 6 9 5 8 3 2 1]
 [8 2 5 7 3 1 9 0 6]
 [1 3 9 4 6 0 8 7 5]]
Number of cells unfilled: 16
Accuracy: 80.24691358024691
Sample: 371
Question:
[[0 9 0 0 0 0 6 2 0]
 [0 0 6 0 9 0 1 4 0]
 [4 0 0 0 0 0 0 0 9]
 [6 0 5 1 0 0 0 8 0]
 [0 0 0 5 0 3 0 0 0]
 [0 4 0 0 6 0 0 0 1]
 [0 6 4 0 1 0 0 0 2]
 [0 0 3 8 0 0 7 0 0]
 [7 0 0 0 0 0 0 0 0]]
Solution:
[[2 5 0 6 0 7 0 4 0]
 [9 1 4 5 8 2 6 3 0]
 [6 0 8 0 9 3 1 5 7]
 [5 8 7 0 0 9 4 6 3]
 [0 9 3 0 1 4 7 0 8]
 [4 6 0 2 7 0 5 1 9]
 [0 7 6 9 5 8 3 2 1]
 [8 4 5 7 3 1 9 0 6]
 [1 3 9 4 6 0 8 7 5]]
Number of cells unfilled: 17
Accuracy: 79.01234567901234
Sample: 372
Question:
[[0 0 8 0 2 0 0 0 7]
 [0 5 0 0 0 6 9 0 0]
 [2 0 0 0 0 0 0 0 0]
 [4 0 0 0 0 5 0 0 0]
 [0 0 6 4 1 0 5 0 0]
 [0 1 0 6 9 0 0 0 0]
 [7 0 0 0 0 0 0 3 0]
 [0 9 0 0 0 1 4 0 0]
 [0 0 0 3 0 0 0 8 9]]
Solution:
[[2 5 0 6 0 7 0 4 0]
 [9 1 4 5 8 2 6 3 0]
 [6 0 8 0 9 3 1 5 7]
 [5 8 7 0 0 9 4 6 3]
 [0 9 3 0 1 4 7 0 8]
 [4 6 0 2 7 0 5 1 9]
 [0 7 6 9 5 8 3 2 1]
 [8 4 5 7 3 1 9 0 6]
 [1 3 9 4 6 0 8 7 5]]
Number of cells unfilled: 17
Accuracy: 79.01234567901234
Sample: 373
Question:
[[0 6 0 0 0 0 0 0 0]
 [0 3 0 0 0 5 0 0 7]
 [4 0 0 0 7 0 1 0 0]
 [0 9 0 3 0 0 0 1 0]
 [2 0 0 0 9 0 0 0 4]
 [0 0 0 0 0 8 2 9 0]
 [0 0 5 8 0 0 0 0 0]
 [9 0 0 0 1 0 0 7 0]
 [0 0 0 0 0 6 4 0 0]]
Solution:
[[2 5 0 6 0 7 0 4 0]
 [9 1 4 5 8 2 6 3 0]
 [6 0 8 0 9 3 1 5 7]
 [5 8 7 0 0 9 4 6 3]
 [0 9 3 0 1 4 7 0 8]
 [4 6 0 2 7 0 5 1 9]
 [7 4 6 9 5 8 3 2 1]
 [8 2 5 7 3 1 9 0 6]
 [1 3 9 4 6 0 8 7 5]]
Number of cells unfilled: 16
Accuracy: 80.24691358024691
Sample: 374
Question:
[[0 0 0 0 5 7 0 0 0]
 [5 0 0 1 0 0 0 4 0]
 [0 0 0 0 2 4 0 0 3]
 [4 0 0 0 0 2 0 1 0]
 [0 0 0 0 0 0 6 0 0]
 [0 0 9 0 1 0 0 3 8]
 [1 0 0 0 7 0 0 2 0]
 [0 6 0 0 0 0 3 0 0]
 [0 8 0 0 0 0 0 0 9]]
Solution:
[[2 5 0 6 0 7 0 4 0]
 [9 1 4 5 8 2 6 3 0]
 [6 0 8 0 9 3 1 5 7]
 [5 8 7 0 0 9 4 6 3]
 [0 9 3 0 1 4 7 0 8]
 [4 6 0 2 7 0 5 1 9]
 [0 7 6 9 5 8 3 2 1]
 [8 4 5 7 3 1 9 0 6]
 [1 3 9 4 6 0 8 7 5]]
Number of cells unfilled: 17
Accuracy: 79.01234567901234
Sample: 375
Question:
[[0 4 0 0 0 0 0 0 1]
 [9 0 0 0 0 0 0 0 3]
 [0 0 8 0 5 0 6 0 0]
 [7 0 6 8 0 0 2 0 0]
 [0 1 0 0 0 0 0 0 0]
 [3 0 0 0 6 0 0 9 0]
 [0 0 2 0 0 6 7 0 0]
 [4 0 0 2 8 0 0 0 0]
 [0 0 0 5 7 0 0 0 0]]
Solution:
[[2 5 0 6 0 7 0 4 0]
 [9 1 4 5 8 2 6 3 0]
 [6 0 8 0 9 3 1 5 7]
 [5 8 7 0 0 9 4 6 3]
 [0 9 3 0 1 4 7 0 8]
 [4 6 0 2 7 0 5 1 9]
 [7 4 6 9 5 8 3 2 1]
 [8 2 5 7 3 1 9 0 6]
 [1 3 9 4 6 0 8 7 5]]
Number of cells unfilled: 16
Accuracy: 80.24691358024691
Sample: 376
Question:
[[0 0 5 0 6 0 3 0 0]
 [0 6 0 0 0 0 0 0 2]
 [8 0 0 7 0 0 0 0 0]
 [0 0 1 0 5 0 8 0 0]
 [4 0 0 0 0 0 0 0 0]
 [0 8 6 0 9 0 1 0 0]
 [0 1 0 5 0 0 9 0 0]
 [0 0 0 0 1 0 0 3 6]
 [0 0 3 0 0 9 0 0 0]]
Solution:
[[2 5 0 6 0 7 0 4 0]
 [9 1 0 5 8 2 6 3 0]
 [6 4 8 0 9 3 1 5 7]
 [5 8 7 0 0 9 4 6 3]
 [0 9 3 0 1 4 7 0 8]
 [4 6 0 2 7 0 5 1 9]
 [0 7 6 9 5 8 3 2 1]
 [8 2 5 7 3 1 9 0 6]
 [1 3 9 4 6 0 8 7 5]]
Number of cells unfilled: 17
Accuracy: 79.01234567901234
Sample: 377
Question:
[[8 0 0 0 0 9 0 0 0]
 [0 5 2 0 4 0 3 0 0]
 [9 0 0 5 0 0 0 0 7]
 [0 0 0 0 0 1 0 0 0]
 [0 8 5 2 6 0 0 1 0]
 [0 1 9 0 0 0 2 8 0]
 [0 0 0 0 0 7 0 2 0]
 [0 0 0 9 8 0 0 3 0]
 [5 0 4 0 1 0 0 0 8]]
Solution:
[[2 5 0 6 0 7 0 4 0]
 [9 1 4 5 8 2 6 3 0]
 [6 0 8 0 9 3 1 5 7]
 [5 8 7 0 0 9 4 6 3]
 [0 9 3 0 1 4 7 0 8]
 [4 6 0 2 7 0 5 1 9]
 [7 4 6 9 5 8 3 2 1]
 [8 2 5 7 3 1 9 0 6]
 [1 3 9 4 6 0 8 7 5]]
Number of cells unfilled: 16
Accuracy: 80.24691358024691
Sample: 378
Question:
[[0 0 3 0 6 8 7 0 0]
 [0 0 0 5 0 0 0 4 0]
 [8 0 0 9 0 0 0 0 6]
 [3 0 6 0 0 0 0 0 0]
 [0 8 0 0 9 7 6 0 0]
 [9 0 7 0 0 0 0 2 0]
 [0 0 8 0 0 5 0 0 0]
 [7 0 0 0 8 9 3 0 0]
 [0 0 0 0 2 0 0 0 1]]
Solution:
[[2 5 0 6 0 7 0 4 0]
 [9 1 4 5 8 2 6 3 0]
 [6 0 8 0 9 3 1 5 7]
 [5 8 7 0 0 9 4 6 3]
 [0 9 3 0 1 4 7 0 8]
 [4 6 0 2 7 0 5 1 9]
 [0 7 6 9 5 8 3 2 1]
 [8 4 5 7 3 1 9 0 6]
 [1 3 9 4 6 0 8 7 5]]
Number of cells unfilled: 17
Accuracy: 79.01234567901234
Sample: 379
Question:
[[0 0 4 0 0 0 3 0 0]
 [3 0 0 0 4 0 0 1 7]
 [0 1 0 0 0 0 0 2 0]
 [5 0 0 9 0 0 0 0 0]
 [0 0 8 0 0 5 0 0 0]
 [0 2 0 0 3 0 1 0 0]
 [0 0 6 0 0 8 0 0 9]
 [0 0 0 0 0 0 0 6 0]
 [0 4 0 0 7 0 2 0 0]]
Solution:
[[2 5 0 6 0 7 0 4 0]
 [9 1 4 5 8 2 6 3 0]
 [6 0 8 0 9 3 1 5 7]
 [5 8 7 0 0 9 4 6 3]
 [0 9 3 0 1 4 7 0 8]
 [4 6 0 2 7 0 5 1 9]
 [7 4 6 9 5 8 3 2 1]
 [8 2 5 7 3 1 9 0 6]
 [1 3 9 4 6 0 8 7 5]]
Number of cells unfilled: 16
Accuracy: 80.24691358024691
Sample: 380
Question:
[[9 0 0 0 2 0 0 0 4]
 [0 0 5 9 0 4 0 0 0]
 [4 1 0 3 0 6 0 0 0]
 [0 0 0 0 0 0 0 1 0]
 [6 0 0 0 0 3 0 0 2]
 [0 8 0 0 0 0 7 0 0]
 [3 0 0 4 0 0 0 0 9]
 [0 0 0 0 0 2 0 7 0]
 [0 5 0 0 0 0 8 4 0]]
Solution:
[[2 5 0 6 0 7 0 4 0]
 [9 1 4 5 8 2 6 3 0]
 [6 0 8 0 9 3 1 5 7]
 [5 8 7 0 0 9 4 6 3]
 [0 9 3 0 1 4 7 0 8]
 [4 6 0 2 7 0 5 1 9]
 [7 4 6 9 5 8 3 2 1]
 [8 2 5 7 3 1 9 0 6]
 [1 3 9 4 6 0 8 7 5]]
Number of cells unfilled: 16
Accuracy: 80.24691358024691
Sample: 381
Question:
[[0 8 0 0 0 0 0 3 0]
 [4 0 0 0 6 0 0 0 7]
 [0 0 0 8 0 0 1 0 0]
 [0 0 0 9 0 0 0 2 0]
 [5 0 0 0 7 0 0 0 4]
 [0 0 2 0 0 1 0 0 0]
 [9 0 0 0 0 6 0 7 0]
 [0 6 4 0 0 3 0 0 9]
 [0 5 0 0 9 0 6 0 0]]
Solution:
[[2 5 0 6 0 7 0 4 0]
 [9 1 0 5 8 2 6 3 0]
 [6 4 8 0 9 3 1 5 7]
 [5 8 7 0 0 9 4 6 3]
 [0 9 3 0 1 4 7 0 8]
 [4 6 0 2 7 0 5 1 9]
 [0 7 6 9 5 8 3 2 1]
 [8 2 5 7 3 1 9 0 6]
 [1 3 9 4 6 0 8 7 5]]
Number of cells unfilled: 17
Accuracy: 79.01234567901234
Sample: 382
Question:
[[5 0 0 0 0 0 2 0 0]
 [0 9 0 0 7 0 0 0 4]
 [0 0 4 3 0 0 0 0 0]
 [0 1 0 0 8 0 0 4 0]
 [0 0 0 0 0 3 7 0 1]
 [6 0 0 0 0 0 8 0 0]
 [0 0 6 0 0 2 0 9 0]
 [9 0 0 5 0 0 0 0 7]
 [0 8 0 0 9 0 4 0 0]]
Solution:
[[2 5 0 6 0 7 0 4 0]
 [9 1 4 5 8 2 6 3 0]
 [6 0 8 0 9 3 1 5 7]
 [5 8 7 0 0 9 4 6 3]
 [0 9 3 0 1 4 7 0 8]
 [4 6 0 2 7 0 5 1 9]
 [7 4 6 9 5 8 3 2 1]
 [8 2 5 7 3 1 9 0 6]
 [1 3 9 4 6 0 8 7 5]]
Number of cells unfilled: 16
Accuracy: 80.24691358024691
Sample: 383
Question:
[[0 4 0 0 0 5 1 0 0]
 [0 0 9 8 0 0 0 0 7]
 [3 0 0 0 0 0 0 2 0]
 [0 0 0 0 8 6 0 0 5]
 [0 0 0 7 0 0 6 0 0]
 [0 0 8 0 5 9 0 0 0]
 [1 2 0 0 0 0 0 3 0]
 [0 0 6 9 0 0 0 0 1]
 [0 0 0 0 1 0 4 0 0]]
Solution:
[[2 5 0 6 0 7 0 4 0]
 [9 1 4 5 8 2 6 3 0]
 [6 0 8 0 9 3 1 5 7]
 [5 8 7 0 0 9 4 6 3]
 [0 9 3 0 1 4 7 0 8]
 [4 6 0 2 7 0 5 1 9]
 [7 4 6 9 5 8 3 2 1]
 [8 2 5 7 3 1 9 0 6]
 [1 3 9 4 6 0 8 7 5]]
Number of cells unfilled: 16
Accuracy: 80.24691358024691
Sample: 384
Question:
[[0 8 0 3 5 0 0 0 0]
 [0 0 5 0 0 6 7 0 0]
 [0 0 0 7 8 0 0 5 0]
 [0 0 0 2 0 0 4 0 0]
 [1 0 2 0 0 0 0 0 9]
 [0 7 0 0 0 3 0 0 0]
 [0 0 4 0 0 0 1 0 0]
 [0 3 0 0 0 8 0 6 0]
 [9 0 0 0 0 0 0 0 2]]
Solution:
[[2 5 0 6 0 7 0 4 0]
 [9 1 0 5 8 2 6 3 0]
 [6 4 8 0 9 3 1 5 7]
 [5 8 7 0 0 9 4 6 3]
 [0 9 3 0 1 4 7 0 8]
 [4 6 0 2 7 0 5 1 9]
 [0 7 6 9 5 8 3 2 1]
 [8 2 5 7 3 1 9 0 6]
 [1 3 9 4 6 0 8 7 5]]
Number of cells unfilled: 17
Accuracy: 79.01234567901234
Sample: 385
Question:
[[0 0 0 0 0 0 7 0 0]
 [4 0 0 0 0 3 0 0 0]
 [0 0 1 2 0 0 0 8 3]
 [0 0 0 0 0 6 0 1 0]
 [2 1 0 8 0 0 0 0 0]
 [0 0 6 0 5 0 0 0 8]
 [0 0 2 6 0 0 0 5 0]
 [0 3 8 5 0 0 0 6 0]
 [0 6 0 0 9 0 0 0 0]]
Solution:
[[2 5 0 6 0 7 0 4 0]
 [9 1 4 5 8 2 6 3 0]
 [6 0 8 0 9 3 1 5 7]
 [5 8 7 0 0 9 4 6 3]
 [0 9 3 0 1 4 7 0 8]
 [4 6 0 2 7 0 5 1 9]
 [0 7 6 9 5 8 3 2 1]
 [8 4 5 7 3 1 9 0 6]
 [1 3 9 4 6 0 8 7 5]]
Number of cells unfilled: 17
Accuracy: 79.01234567901234
Sample: 386
Question:
[[3 8 6 7 0 0 0 4 0]
 [0 7 0 0 0 0 0 0 0]
 [9 0 0 0 0 0 1 0 0]
 [0 1 0 5 0 0 0 0 4]
 [0 0 0 0 0 1 9 0 0]
 [6 0 0 0 8 2 0 7 0]
 [0 0 0 1 2 8 0 0 3]
 [0 0 1 0 0 0 0 0 0]
 [0 0 3 0 4 5 2 0 0]]
Solution:
[[2 5 0 6 0 7 0 4 0]
 [9 1 4 5 8 2 6 3 0]
 [6 0 8 0 9 3 1 5 7]
 [5 8 7 0 0 9 4 6 3]
 [0 9 3 0 1 4 7 0 8]
 [4 6 0 2 7 0 5 1 9]
 [7 4 6 9 5 8 3 2 1]
 [8 2 5 7 3 1 9 0 6]
 [1 3 9 4 6 0 8 7 5]]
Number of cells unfilled: 16
Accuracy: 80.24691358024691
Sample: 387
Question:
[[0 2 9 3 0 0 0 6 0]
 [0 0 0 0 0 6 0 0 9]
 [0 1 0 0 0 9 4 0 0]
 [0 6 5 0 0 2 0 3 0]
 [8 0 0 5 3 0 0 0 0]
 [0 0 0 0 0 0 0 0 7]
 [1 8 0 0 0 0 0 0 0]
 [0 0 0 2 0 0 0 0 0]
 [0 5 2 0 6 0 0 9 0]]
Solution:
[[2 5 0 6 0 7 0 4 0]
 [9 1 0 5 8 2 6 3 0]
 [6 4 8 0 9 3 1 5 7]
 [5 8 7 0 0 9 4 6 3]
 [0 9 3 0 1 4 7 0 8]
 [4 6 0 2 7 0 5 1 9]
 [0 7 6 9 5 8 3 2 1]
 [8 2 5 7 3 1 9 0 6]
 [1 3 9 4 6 0 8 7 5]]
Number of cells unfilled: 17
Accuracy: 79.01234567901234
Sample: 388
Question:
[[0 0 0 0 0 0 9 6 0]
 [0 0 0 0 0 0 0 0 7]
 [0 1 7 0 9 0 3 0 0]
 [0 9 2 0 0 3 4 0 0]
 [7 0 0 0 4 0 0 0 0]
 [0 0 4 9 2 0 0 0 0]
 [0 4 3 2 0 0 1 0 0]
 [8 0 0 0 1 0 0 0 3]
 [0 7 0 0 3 0 0 5 0]]
Solution:
[[2 5 0 6 0 7 0 4 0]
 [9 1 4 5 8 2 6 3 0]
 [6 0 8 0 9 3 1 5 7]
 [5 8 7 0 0 9 4 6 3]
 [0 9 3 0 1 4 7 0 8]
 [4 6 0 2 7 0 5 1 9]
 [7 4 6 9 5 8 3 2 1]
 [8 2 5 7 3 1 9 0 6]
 [1 3 9 4 6 0 8 7 5]]
Number of cells unfilled: 16
Accuracy: 80.24691358024691
Sample: 389
Question:
[[0 0 0 0 9 0 5 0 0]
 [0 0 0 0 0 0 0 3 0]
 [1 0 0 2 0 0 0 0 4]
 [8 0 0 1 0 0 0 6 2]
 [0 3 0 0 0 7 0 0 0]
 [6 0 1 4 0 0 0 0 3]
 [0 0 8 6 0 0 0 4 0]
 [4 0 0 0 0 0 0 0 0]
 [0 1 6 0 0 2 0 0 8]]
Solution:
[[2 5 0 6 0 7 0 4 0]
 [9 1 4 5 8 2 6 3 0]
 [6 0 8 0 9 3 1 5 7]
 [5 8 7 0 0 9 4 6 3]
 [0 9 3 0 1 4 7 0 8]
 [4 6 0 2 7 0 5 1 9]
 [0 7 6 9 5 8 3 2 1]
 [8 4 5 7 3 1 9 0 6]
 [1 3 9 4 6 0 8 7 5]]
Number of cells unfilled: 17
Accuracy: 79.01234567901234
Sample: 390
Question:
[[0 1 0 0 0 8 7 4 0]
 [7 0 4 0 0 0 0 9 0]
 [8 0 0 0 0 0 0 0 2]
 [4 0 0 0 0 1 2 5 0]
 [0 0 0 0 2 0 0 0 0]
 [0 0 0 3 0 4 0 0 0]
 [5 0 0 0 1 0 0 0 9]
 [0 0 7 0 0 5 1 8 0]
 [1 0 0 6 0 0 0 2 0]]
Solution:
[[2 5 0 6 0 7 0 4 0]
 [9 1 4 5 8 2 6 3 0]
 [6 0 8 0 9 3 1 5 7]
 [5 8 7 0 0 9 4 6 3]
 [0 9 3 0 1 4 7 0 8]
 [4 6 0 2 7 0 5 1 9]
 [7 4 6 9 5 8 3 2 1]
 [8 2 5 7 3 1 9 0 6]
 [1 3 9 4 6 0 8 7 5]]
Number of cells unfilled: 16
Accuracy: 80.24691358024691
Sample: 391
Question:
[[0 3 0 0 0 0 0 0 0]
 [1 0 0 0 0 0 0 0 0]
 [0 0 5 7 0 0 1 0 8]
 [0 0 2 0 0 5 9 0 7]
 [0 0 0 9 7 0 2 0 0]
 [9 0 0 2 0 0 0 1 0]
 [0 0 8 0 9 0 5 0 2]
 [0 6 0 5 0 0 0 0 1]
 [5 0 0 8 0 0 0 4 0]]
Solution:
[[2 5 0 6 0 7 0 4 0]
 [9 1 0 5 8 2 6 3 0]
 [6 4 8 0 9 3 1 5 7]
 [5 8 7 0 0 9 4 6 3]
 [0 9 3 0 1 4 7 0 8]
 [4 6 0 2 7 0 5 1 9]
 [0 7 6 9 5 8 3 2 1]
 [8 2 5 7 3 1 9 0 6]
 [1 3 9 4 6 0 8 7 5]]
Number of cells unfilled: 17
Accuracy: 79.01234567901234
Sample: 392
Question:
[[0 4 0 0 6 0 0 0 0]
 [0 9 1 0 0 2 0 0 0]
 [7 0 0 9 0 1 0 4 0]
 [0 0 0 0 0 0 5 0 0]
 [0 0 7 0 0 0 0 0 6]
 [0 1 0 6 0 8 0 7 0]
 [0 8 0 0 2 0 0 0 0]
 [0 0 9 7 0 4 0 8 0]
 [0 0 0 0 9 0 3 0 0]]
Solution:
[[2 5 0 6 0 7 0 4 0]
 [9 1 4 5 8 2 6 3 0]
 [6 0 8 0 9 3 1 5 7]
 [5 8 7 0 0 9 4 6 3]
 [0 9 3 0 1 4 7 0 8]
 [4 6 0 2 7 0 5 1 9]
 [0 7 6 9 5 8 3 2 1]
 [8 4 5 7 3 1 9 0 6]
 [1 3 9 4 6 0 8 7 5]]
Number of cells unfilled: 17
Accuracy: 79.01234567901234
Sample: 393
Question:
[[0 9 0 6 8 0 0 1 0]
 [8 0 0 0 0 2 0 0 9]
 [0 2 0 0 9 0 6 0 8]
 [0 0 0 0 0 0 0 0 0]
 [0 0 4 0 0 0 0 0 0]
 [0 1 0 7 2 0 0 0 6]
 [0 7 0 9 1 0 8 0 0]
 [0 0 3 2 0 0 0 0 1]
 [1 0 0 0 0 5 0 0 7]]
Solution:
[[2 5 0 6 0 7 0 4 0]
 [9 1 4 5 8 2 6 3 0]
 [6 0 8 0 9 3 1 5 7]
 [5 8 7 0 0 9 4 6 3]
 [0 9 3 0 1 4 7 0 8]
 [4 6 0 2 7 0 5 1 9]
 [7 4 6 9 5 8 3 2 1]
 [8 2 5 7 3 1 9 0 6]
 [1 3 9 4 6 0 8 7 5]]
Number of cells unfilled: 16
Accuracy: 80.24691358024691
Sample: 394
Question:
[[5 0 0 0 0 0 0 0 0]
 [0 0 7 0 0 9 0 0 0]
 [0 4 0 1 0 0 6 0 0]
 [4 0 0 8 0 0 0 3 0]
 [0 0 0 0 0 3 4 0 0]
 [0 3 0 0 1 0 0 8 6]
 [0 0 0 0 2 0 0 0 5]
 [0 1 0 6 0 0 3 2 0]
 [0 5 0 4 0 0 8 0 0]]
Solution:
[[2 5 0 6 0 7 0 4 0]
 [9 1 4 5 8 2 6 3 0]
 [6 0 8 0 9 3 1 5 7]
 [5 8 7 0 0 9 4 6 3]
 [0 9 3 0 1 4 7 0 8]
 [4 6 0 2 7 0 5 1 9]
 [7 4 6 9 5 8 3 2 1]
 [8 2 5 7 3 1 9 0 6]
 [1 3 9 4 6 0 8 7 5]]
Number of cells unfilled: 16
Accuracy: 80.24691358024691
Sample: 395
Question:
[[6 0 0 3 0 0 0 0 0]
 [0 9 4 0 0 7 3 0 0]
 [0 5 0 4 9 0 0 0 0]
 [5 0 0 2 0 0 0 0 0]
 [0 6 0 0 0 0 0 0 8]
 [0 3 7 0 4 0 2 0 0]
 [0 2 6 9 0 0 7 0 0]
 [0 0 0 0 0 0 0 0 1]
 [0 0 0 0 7 0 0 6 0]]
Solution:
[[2 5 0 6 0 7 0 4 0]
 [9 1 4 5 8 2 6 3 0]
 [6 0 8 0 9 3 1 5 7]
 [5 8 7 0 0 9 4 6 3]
 [0 9 3 0 1 4 7 0 8]
 [4 6 0 2 7 0 5 1 9]
 [7 4 6 9 5 8 3 2 1]
 [8 2 5 7 3 1 9 0 6]
 [1 3 9 4 6 0 8 7 5]]
Number of cells unfilled: 16
Accuracy: 80.24691358024691
Sample: 396
Question:
[[0 0 0 0 0 0 0 7 0]
 [0 0 5 2 0 0 0 0 4]
 [0 3 0 0 0 0 8 0 0]
 [0 0 4 6 0 0 0 0 5]
 [0 0 0 0 0 2 9 3 0]
 [0 0 0 0 0 8 0 0 0]
 [5 0 6 0 1 0 0 0 2]
 [1 0 0 5 0 0 0 0 0]
 [0 9 0 0 0 7 0 0 0]]
Solution:
[[2 5 0 6 0 7 0 4 0]
 [9 1 4 5 8 2 6 3 0]
 [6 0 8 0 9 3 1 5 7]
 [5 8 7 0 0 9 4 6 3]
 [0 9 3 0 1 4 7 0 8]
 [4 6 0 2 7 0 5 1 9]
 [0 7 6 9 5 8 3 2 1]
 [8 4 5 7 3 1 9 0 6]
 [1 3 9 4 6 0 8 7 5]]
Number of cells unfilled: 17
Accuracy: 79.01234567901234
Sample: 397
Question:
[[7 0 0 0 0 2 0 0 4]
 [0 5 0 0 7 0 0 0 0]
 [0 0 9 8 0 0 7 0 0]
 [3 0 0 0 0 4 0 0 1]
 [0 0 8 0 9 0 0 6 0]
 [0 7 0 5 0 0 0 0 0]
 [1 0 0 0 0 0 2 0 0]
 [0 0 0 0 3 0 0 0 6]
 [0 0 0 0 0 6 1 4 0]]
Solution:
[[2 5 0 6 0 7 0 4 0]
 [9 1 4 5 8 2 6 3 0]
 [6 0 8 0 9 3 1 5 7]
 [5 8 7 0 0 9 4 6 3]
 [0 9 3 0 1 4 7 0 8]
 [4 6 0 2 7 0 5 1 9]
 [7 4 6 9 5 8 3 2 1]
 [8 2 5 7 3 1 9 0 6]
 [1 3 9 4 6 0 8 7 5]]
Number of cells unfilled: 16
Accuracy: 80.24691358024691
Sample: 398
Question:
[[4 0 0 7 0 0 0 0 0]
 [0 0 3 9 2 0 0 0 4]
 [7 0 0 0 0 6 5 3 0]
 [0 4 0 0 0 0 0 2 0]
 [0 8 5 4 0 0 1 0 9]
 [0 0 7 5 0 1 0 8 0]
 [0 0 0 0 5 9 0 0 0]
 [0 0 1 0 0 0 6 0 2]
 [0 0 0 0 0 0 0 0 3]]
Solution:
[[2 5 0 6 0 7 0 4 0]
 [9 1 0 5 8 2 6 3 0]
 [6 4 8 0 9 3 1 5 7]
 [5 8 7 0 0 9 4 6 3]
 [0 9 3 0 1 4 7 0 8]
 [4 6 0 2 7 0 5 1 9]
 [0 7 6 9 5 8 3 2 1]
 [8 2 5 7 3 1 9 0 6]
 [1 3 9 4 6 0 8 7 5]]
Number of cells unfilled: 17
Accuracy: 79.01234567901234
Sample: 399
Question:
[[7 1 0 0 0 0 2 8 4]
 [0 0 0 0 0 0 0 0 7]
 [3 0 0 0 8 0 0 0 0]
 [0 0 0 9 0 0 8 0 6]
 [1 0 0 0 0 8 4 5 0]
 [0 0 0 4 0 3 0 0 9]
 [4 0 0 0 0 7 0 0 0]
 [6 0 0 1 0 5 0 0 3]
 [0 0 0 0 0 0 9 0 1]]
Solution:
[[2 5 0 6 0 7 0 4 0]
 [9 1 4 5 8 2 6 3 0]
 [6 0 8 0 9 3 1 5 7]
 [5 8 7 0 0 9 4 6 3]
 [0 9 3 0 1 4 7 0 8]
 [4 6 0 2 7 0 5 1 9]
 [0 7 6 9 5 8 3 2 1]
 [8 4 5 7 3 1 9 0 6]
 [1 3 9 4 6 0 8 7 5]]
Number of cells unfilled: 17
Accuracy: 79.01234567901234
Sample: 400
Question:
[[2 0 0 0 0 0 0 0 0]
 [0 1 0 5 8 0 0 0 0]
 [0 0 8 0 9 0 1 0 7]
 [0 0 0 0 0 9 0 0 3]
 [0 0 3 0 1 0 7 0 8]
 [4 0 0 0 0 0 0 1 0]
 [0 0 6 9 0 8 3 0 0]
 [8 0 0 7 0 0 9 0 6]
 [0 3 0 0 6 0 0 0 0]]
Solution:
[[2 5 0 6 0 7 0 4 0]
 [9 1 4 5 8 2 6 3 0]
 [6 0 8 0 9 3 1 5 7]
 [5 8 7 0 0 9 4 6 3]
 [0 9 3 0 1 4 7 0 8]
 [4 6 0 2 7 0 5 1 9]
 [7 4 6 9 5 8 3 2 1]
 [8 2 5 7 3 1 9 0 6]
 [1 3 9 4 6 0 8 7 5]]
Number of cells unfilled: 16
Accuracy: 80.24691358024691
