2025-10-22 13:02:03.275593: I tensorflow/core/util/port.cc:153] oneDNN custom operations are on. You may see slightly different numerical results due to floating-point round-off errors from different computation orders. To turn them off, set the environment variable `TF_ENABLE_ONEDNN_OPTS=0`.
2025-10-22 13:02:03.327732: I tensorflow/core/platform/cpu_feature_guard.cc:210] This TensorFlow binary is optimized to use available CPU instructions in performance-critical operations.
To enable the following instructions: AVX2 AVX512F AVX512_VNNI FMA, in other operations, rebuild TensorFlow with the appropriate compiler flags.
2025-10-22 13:02:04.580904: I tensorflow/core/util/port.cc:153] oneDNN custom operations are on. You may see slightly different numerical results due to floating-point round-off errors from different computation orders. To turn them off, set the environment variable `TF_ENABLE_ONEDNN_OPTS=0`.
2025-10-22 13:02:05.888122: E external/local_xla/xla/stream_executor/cuda/cuda_platform.cc:51] failed call to cuInit: INTERNAL: CUDA error: Failed call to cuInit: UNKNOWN ERROR (303)
Sample: 501
Question:
[[0 2 0 0 8 7 0 0 0]
 [0 0 3 4 0 0 0 0 0]
 [4 0 0 0 0 2 0 0 8]
 [0 4 0 7 0 0 0 0 6]
 [0 0 6 0 0 8 0 0 0]
 [0 0 0 0 0 6 9 0 0]
 [0 7 0 2 0 0 0 0 3]
 [0 0 1 0 0 0 0 5 0]
 [0 3 0 8 0 0 0 6 2]]
Solution:
[[0 7 8 6 2 5 3 4 9]
 [9 2 3 7 4 8 0 1 6]
 [5 1 6 9 0 3 2 7 0]
 [8 0 5 3 1 4 6 9 2]
 [0 6 2 5 7 0 8 3 4]
 [1 3 7 2 9 6 5 0 0]
 [6 5 9 4 3 0 7 2 8]
 [7 8 0 1 6 9 4 5 3]
 [3 0 4 8 5 7 9 6 1]]
Number of cells unfilled: 12
Accuracy: 85.18518518518519
Sample: 502
Question:
[[7 0 5 4 0 0 2 0 0]
 [0 1 0 0 0 6 0 0 5]
 [9 0 0 0 0 5 0 8 0]
 [0 0 3 0 0 0 0 9 0]
 [0 9 0 0 1 0 8 0 0]
 [4 0 0 2 0 0 6 0 0]
 [0 0 0 8 0 0 0 0 0]
 [6 0 0 0 4 7 0 0 8]
 [0 0 0 0 6 2 7 0 0]]
Solution:
[[0 7 8 6 2 1 3 4 9]
 [9 2 3 7 4 8 1 0 6]
 [5 1 6 9 0 3 2 7 0]
 [8 9 5 3 1 4 6 0 7]
 [0 6 2 5 7 0 8 3 4]
 [1 3 7 2 9 6 5 0 0]
 [6 5 9 4 3 0 7 2 8]
 [7 8 0 1 6 9 4 5 3]
 [2 0 4 8 5 7 9 6 1]]
Number of cells unfilled: 12
Accuracy: 85.18518518518519
Sample: 503
Question:
[[0 1 0 0 0 0 0 0 3]
 [0 7 6 1 0 0 5 0 0]
 [8 0 0 0 6 0 0 9 0]
 [0 8 0 0 1 0 0 2 0]
 [2 0 0 9 0 0 3 0 0]
 [0 0 1 0 0 2 0 0 4]
 [0 9 0 5 0 0 0 0 0]
 [0 0 8 0 9 0 0 7 0]
 [1 0 0 0 0 4 0 0 0]]
Solution:
[[0 7 8 6 2 5 3 4 9]
 [9 0 3 7 4 8 2 1 6]
 [5 1 6 9 0 3 0 7 0]
 [8 0 5 3 1 4 6 9 7]
 [0 6 2 5 7 0 8 3 4]
 [1 3 7 2 9 6 5 0 0]
 [6 5 9 4 3 0 7 2 8]
 [7 8 0 1 6 9 4 5 3]
 [3 2 4 8 5 7 9 6 1]]
Number of cells unfilled: 12
Accuracy: 85.18518518518519
Sample: 504
Question:
[[0 6 3 0 0 0 0 4 0]
 [2 7 0 0 0 4 9 0 0]
 [0 0 0 0 2 0 8 3 5]
 [0 0 1 9 6 0 0 0 0]
 [5 4 2 0 0 0 0 0 0]
 [6 9 0 0 0 7 1 2 0]
 [9 0 0 3 0 0 5 1 6]
 [0 0 0 6 1 0 7 0 0]
 [0 8 0 0 7 0 0 0 4]]
Solution:
[[0 7 8 6 2 5 3 4 9]
 [9 2 3 7 4 8 0 1 6]
 [5 1 6 9 0 3 2 7 0]
 [8 9 5 3 1 4 6 0 2]
 [0 6 2 5 7 0 8 3 4]
 [1 3 7 2 9 6 5 0 0]
 [6 5 9 4 3 0 7 2 8]
 [7 8 0 1 6 9 4 5 3]
 [3 0 4 8 5 7 9 6 1]]
Number of cells unfilled: 12
Accuracy: 85.18518518518519
Sample: 505
Question:
[[0 0 4 3 0 5 0 0 0]
 [0 0 2 6 0 0 8 0 0]
 [3 7 0 9 1 0 0 0 0]
 [0 6 0 5 0 0 0 0 0]
 [0 0 0 0 0 6 0 0 5]
 [0 2 1 0 0 7 0 9 6]
 [2 9 0 0 0 0 5 0 1]
 [0 0 3 0 5 0 0 0 0]
 [1 0 0 2 0 0 0 7 0]]
Solution:
[[0 7 8 6 2 5 3 4 9]
 [9 2 3 7 4 8 0 1 6]
 [5 1 6 9 0 3 0 7 2]
 [8 0 5 3 1 4 6 9 7]
 [0 6 2 5 7 0 8 3 4]
 [1 3 7 2 9 6 5 0 0]
 [6 5 9 4 3 0 7 2 8]
 [7 8 0 1 6 9 4 5 3]
 [2 0 4 8 5 7 9 6 1]]
Number of cells unfilled: 12
Accuracy: 85.18518518518519
Sample: 506
Question:
[[8 0 0 0 0 0 0 3 0]
 [0 0 0 9 0 0 7 0 6]
 [0 0 0 0 4 0 0 0 0]
 [0 5 0 8 0 4 6 0 0]
 [0 0 0 0 5 1 0 7 0]
 [0 0 3 2 0 0 0 8 0]
 [7 0 0 0 0 2 0 0 0]
 [0 0 9 5 6 0 0 1 0]
 [2 0 0 0 8 0 5 0 7]]
Solution:
[[0 7 8 6 2 5 3 4 9]
 [9 2 3 7 4 8 0 1 6]
 [5 1 6 9 0 3 0 7 2]
 [8 0 5 3 1 4 6 9 7]
 [0 6 2 5 7 0 8 3 4]
 [1 3 7 2 9 6 5 0 0]
 [6 5 9 4 3 0 7 2 8]
 [7 8 0 1 6 2 4 5 3]
 [2 0 4 8 5 7 9 6 1]]
Number of cells unfilled: 12
Accuracy: 85.18518518518519
Sample: 507
Question:
[[0 0 0 0 7 0 9 0 0]
 [0 2 0 9 0 8 0 3 0]
 [1 0 9 6 0 0 0 0 8]
 [0 0 0 0 0 0 4 0 0]
 [0 8 0 2 0 7 0 1 0]
 [5 0 0 0 0 0 0 0 7]
 [2 0 0 3 0 6 0 0 0]
 [0 6 0 0 0 0 1 0 3]
 [8 0 0 0 0 1 0 6 0]]
Solution:
[[0 7 8 6 2 1 3 4 9]
 [9 2 3 7 4 8 0 1 6]
 [5 1 6 9 0 3 0 7 2]
 [8 0 5 3 1 4 6 9 7]
 [0 6 2 5 7 0 8 3 4]
 [1 3 7 2 9 6 5 0 0]
 [6 5 9 4 3 0 7 2 8]
 [7 8 0 1 6 2 4 5 3]
 [2 0 4 8 5 7 9 6 1]]
Number of cells unfilled: 12
Accuracy: 85.18518518518519
Sample: 508
Question:
[[0 0 5 8 0 0 0 0 6]
 [4 0 0 0 0 6 0 5 0]
 [0 0 0 0 5 0 8 0 0]
 [7 0 0 9 0 0 0 0 2]
 [0 4 9 6 0 0 0 7 0]
 [0 2 0 0 0 7 0 0 0]
 [2 0 0 0 0 4 0 6 0]
 [0 1 0 0 0 0 0 0 3]
 [9 0 0 0 0 8 7 2 0]]
Solution:
[[0 7 8 6 2 1 3 4 5]
 [9 2 3 7 4 8 0 1 6]
 [5 1 6 9 0 3 0 7 2]
 [8 0 5 3 1 4 6 9 7]
 [0 6 2 5 7 0 8 3 4]
 [1 3 7 2 9 6 5 0 0]
 [6 5 9 4 3 0 7 2 8]
 [7 8 0 1 6 2 4 5 3]
 [2 0 4 8 5 7 9 6 1]]
Number of cells unfilled: 12
Accuracy: 85.18518518518519
Sample: 509
Question:
[[9 0 0 0 0 0 3 0 0]
 [0 0 3 0 0 9 0 8 1]
 [0 8 0 3 0 0 0 0 0]
 [0 0 0 0 0 5 0 7 0]
 [7 0 0 0 6 0 0 0 5]
 [0 0 5 0 9 0 6 1 0]
 [0 0 9 0 0 1 0 0 7]
 [0 5 7 0 0 8 0 0 6]
 [4 0 0 0 0 0 0 2 0]]
Solution:
[[0 7 8 6 2 5 3 4 9]
 [9 2 3 7 4 8 0 1 6]
 [5 1 6 9 0 3 2 7 0]
 [8 9 5 3 1 4 6 0 7]
 [0 6 2 5 7 0 8 3 4]
 [1 3 7 2 9 6 5 0 0]
 [6 5 9 4 3 0 7 2 8]
 [7 8 0 1 6 2 4 5 3]
 [3 0 4 8 5 7 9 6 1]]
Number of cells unfilled: 12
Accuracy: 85.18518518518519
Sample: 510
Question:
[[0 5 0 0 0 0 0 0 0]
 [7 0 6 0 8 0 1 0 0]
 [0 0 0 0 9 5 0 0 8]
 [0 4 0 0 0 0 0 0 0]
 [0 0 5 0 4 3 0 7 6]
 [0 0 0 0 0 8 4 5 0]
 [4 0 8 0 5 0 7 1 0]
 [5 9 0 0 7 0 0 0 0]
 [0 7 0 8 0 9 0 0 0]]
Solution:
[[0 7 8 6 2 1 3 4 9]
 [9 0 3 7 4 8 2 1 6]
 [5 1 6 9 0 3 0 7 0]
 [8 0 5 3 1 4 6 9 7]
 [0 6 2 5 7 0 8 3 4]
 [1 3 7 2 9 6 5 0 0]
 [6 5 9 4 3 0 7 2 8]
 [7 8 0 1 6 2 4 5 3]
 [2 0 4 8 5 7 9 6 1]]
Number of cells unfilled: 13
Accuracy: 83.9506172839506
Sample: 511
Question:
[[0 0 9 0 0 5 0 0 0]
 [0 2 0 0 4 0 7 0 6]
 [1 0 0 0 0 0 0 0 2]
 [0 1 0 4 3 7 8 0 0]
 [0 9 0 0 0 0 0 0 3]
 [0 0 4 6 0 0 0 0 0]
 [0 0 0 0 0 1 2 0 0]
 [0 0 0 0 7 0 0 8 0]
 [0 8 5 0 0 3 1 0 0]]
Solution:
[[0 7 8 6 2 1 3 4 5]
 [9 2 3 7 4 8 0 1 6]
 [5 1 6 9 0 3 2 7 0]
 [8 9 5 3 1 4 6 0 2]
 [0 6 2 5 7 0 8 3 4]
 [1 3 7 2 9 6 5 0 0]
 [6 5 9 4 3 0 7 2 8]
 [7 8 0 1 6 9 4 5 3]
 [3 0 4 8 5 7 9 6 1]]
Number of cells unfilled: 12
Accuracy: 85.18518518518519
Sample: 512
Question:
[[0 0 0 0 0 9 3 0 0]
 [0 9 0 0 4 0 0 0 5]
 [0 0 1 6 0 0 0 7 0]
 [8 0 0 0 0 0 0 1 0]
 [0 0 5 0 0 0 0 0 7]
 [1 6 0 7 0 0 0 0 0]
 [0 0 6 8 0 0 0 5 0]
 [7 0 0 0 0 3 2 0 0]
 [2 0 0 0 0 6 0 0 4]]
Solution:
[[0 7 8 6 2 5 3 4 9]
 [9 2 3 7 4 8 1 0 6]
 [5 1 6 9 0 3 2 7 0]
 [8 9 5 3 1 4 6 0 2]
 [0 6 2 5 7 0 8 3 4]
 [1 3 7 2 9 6 5 0 0]
 [6 5 9 4 3 0 7 2 8]
 [7 8 0 1 6 9 4 5 3]
 [2 0 4 8 5 7 9 6 1]]
Number of cells unfilled: 12
Accuracy: 85.18518518518519
Sample: 513
Question:
[[4 0 1 8 0 3 6 5 0]
 [0 5 0 0 6 0 0 2 7]
 [0 0 9 7 0 0 4 0 8]
 [0 0 0 0 7 0 0 0 0]
 [0 0 0 0 5 0 8 4 6]
 [8 2 0 0 0 6 3 0 1]
 [0 9 3 1 0 0 0 0 0]
 [0 1 0 0 0 9 5 0 2]
 [6 0 0 0 4 0 0 0 0]]
Solution:
[[0 7 8 6 2 5 3 4 9]
 [9 2 3 7 4 8 1 0 6]
 [5 1 6 9 0 3 2 7 0]
 [8 9 5 3 1 4 6 0 7]
 [0 6 2 5 7 0 8 3 4]
 [1 3 7 2 9 6 5 0 0]
 [6 5 9 4 3 0 7 2 8]
 [7 8 0 1 6 9 4 5 3]
 [2 0 4 8 5 7 9 6 1]]
Number of cells unfilled: 12
Accuracy: 85.18518518518519
Sample: 514
Question:
[[0 9 0 0 7 0 4 0 2]
 [0 0 0 0 0 5 0 0 0]
 [0 0 4 2 0 0 0 6 0]
 [0 8 3 6 0 0 0 0 0]
 [9 0 0 0 2 0 0 0 3]
 [0 2 7 0 0 3 0 1 0]
 [8 0 0 0 0 0 1 0 0]
 [0 3 0 0 0 4 5 0 0]
 [0 0 9 0 8 0 0 0 7]]
Solution:
[[0 7 8 6 2 5 3 4 9]
 [9 2 3 7 4 8 0 1 6]
 [5 1 6 9 0 3 0 7 2]
 [8 9 5 3 1 4 6 0 7]
 [0 6 2 5 7 0 8 3 4]
 [1 3 7 2 9 6 5 0 0]
 [6 5 9 4 3 0 7 2 8]
 [7 8 0 1 6 2 4 5 3]
 [3 0 4 8 5 7 9 6 1]]
Number of cells unfilled: 12
Accuracy: 85.18518518518519
Sample: 515
Question:
[[0 0 5 0 0 4 0 0 7]
 [0 4 0 8 0 0 6 0 0]
 [9 0 0 0 2 0 0 0 0]
 [5 0 0 0 1 0 0 0 0]
 [0 1 0 0 0 8 4 0 0]
 [0 0 0 2 0 0 0 0 3]
 [0 0 7 0 0 6 0 9 0]
 [3 0 0 7 0 2 0 0 0]
 [4 6 0 0 8 0 7 0 0]]
Solution:
[[0 7 8 6 2 5 3 4 9]
 [9 2 3 7 4 8 1 0 6]
 [5 1 6 9 0 3 2 7 0]
 [8 9 5 3 1 4 6 0 7]
 [0 6 2 5 7 0 8 3 4]
 [1 3 7 2 9 6 5 0 0]
 [6 5 9 4 3 0 7 2 8]
 [7 8 0 1 6 9 4 5 3]
 [2 0 4 8 5 7 9 6 1]]
Number of cells unfilled: 12
Accuracy: 85.18518518518519
Sample: 516
Question:
[[0 7 0 1 0 0 0 0 0]
 [0 0 9 0 0 5 2 0 0]
 [0 6 0 0 9 0 0 0 4]
 [7 0 0 0 0 0 0 9 0]
 [0 0 3 5 0 0 1 0 0]
 [0 0 0 0 0 0 0 0 8]
 [6 0 0 0 0 2 0 4 0]
 [0 0 1 0 5 0 9 0 0]
 [9 0 0 3 0 1 0 8 0]]
Solution:
[[0 7 8 6 2 1 3 4 5]
 [9 2 3 7 4 8 0 1 6]
 [5 1 6 9 0 3 2 7 0]
 [8 0 5 3 1 4 6 9 2]
 [0 6 2 5 7 0 8 3 4]
 [1 3 7 2 9 6 5 0 0]
 [6 5 9 4 3 0 7 2 8]
 [7 8 0 1 6 9 4 5 3]
 [2 0 4 8 5 7 9 6 1]]
Number of cells unfilled: 12
Accuracy: 85.18518518518519
Sample: 517
Question:
[[0 0 7 1 0 0 8 0 0]
 [0 3 0 0 0 0 0 0 6]
 [0 1 5 7 4 0 0 0 0]
 [0 2 3 6 0 9 0 0 7]
 [8 0 0 0 0 3 0 0 0]
 [0 5 0 0 0 0 0 0 0]
 [0 0 0 0 2 0 0 5 4]
 [3 0 0 0 0 4 2 6 0]
 [0 0 0 0 0 7 0 0 0]]
Solution:
[[0 7 8 6 2 5 3 4 9]
 [9 0 3 7 4 8 2 1 6]
 [5 1 6 9 0 3 0 7 0]
 [8 0 5 3 1 4 6 9 2]
 [0 6 2 5 7 0 8 3 4]
 [1 3 7 2 9 6 5 0 0]
 [6 5 9 4 3 0 7 2 8]
 [7 8 0 1 6 2 4 5 3]
 [3 2 4 8 5 7 9 6 1]]
Number of cells unfilled: 12
Accuracy: 85.18518518518519
Sample: 518
Question:
[[0 3 0 0 7 0 0 0 1]
 [5 0 0 3 0 0 0 0 0]
 [7 0 6 0 0 0 0 3 0]
 [0 0 0 0 8 0 0 0 2]
 [0 0 8 0 0 9 6 0 0]
 [0 5 0 7 0 0 0 8 0]
 [0 0 0 0 4 2 9 0 0]
 [0 6 0 5 0 0 0 1 0]
 [4 0 0 0 0 0 0 0 8]]
Solution:
[[0 7 8 6 2 5 3 4 9]
 [9 2 3 7 4 8 1 0 6]
 [5 1 6 9 0 3 2 7 0]
 [8 9 5 3 1 4 6 0 2]
 [0 6 2 5 7 0 8 3 4]
 [1 3 7 2 9 6 5 0 0]
 [6 5 9 4 3 0 7 2 8]
 [7 8 0 1 6 9 4 5 3]
 [2 0 4 8 5 7 9 6 1]]
Number of cells unfilled: 12
Accuracy: 85.18518518518519
Sample: 519
Question:
[[6 0 0 9 8 4 0 0 0]
 [0 0 4 0 0 0 0 0 0]
 [5 0 9 3 0 0 0 6 1]
 [0 0 0 7 4 0 0 0 0]
 [0 0 0 0 9 0 6 1 0]
 [0 0 0 0 0 6 0 2 0]
 [0 0 2 0 0 0 0 0 0]
 [4 0 0 0 0 7 5 8 0]
 [0 0 0 0 5 9 0 7 6]]
Solution:
[[0 7 8 6 2 1 3 4 9]
 [9 2 3 7 4 8 1 0 6]
 [5 1 6 9 0 3 2 7 0]
 [8 9 5 3 1 4 6 0 7]
 [0 6 2 5 7 0 8 3 4]
 [1 3 7 2 9 6 5 0 0]
 [6 5 9 4 3 0 7 2 8]
 [7 8 0 1 6 2 4 5 3]
 [2 0 4 8 5 7 9 6 1]]
Number of cells unfilled: 12
Accuracy: 85.18518518518519
Sample: 520
Question:
[[0 0 4 0 0 3 8 0 6]
 [2 0 1 8 0 0 0 0 7]
 [0 5 0 7 0 6 9 0 0]
 [0 0 6 3 5 0 0 0 4]
 [0 2 9 0 0 0 5 0 8]
 [4 8 0 0 0 0 7 1 0]
 [0 1 0 6 0 7 0 3 0]
 [0 0 0 0 4 9 0 0 5]
 [9 0 8 1 0 0 0 0 0]]
Solution:
[[0 7 8 6 2 5 3 4 9]
 [9 0 3 7 4 8 2 1 6]
 [5 1 6 9 0 3 0 7 0]
 [8 0 5 3 1 4 6 9 2]
 [0 6 2 5 7 0 8 3 4]
 [1 3 7 2 9 6 5 0 0]
 [6 5 9 4 3 0 7 2 8]
 [7 8 0 1 6 9 4 5 3]
 [3 2 4 8 5 7 9 6 1]]
Number of cells unfilled: 12
Accuracy: 85.18518518518519
Sample: 521
Question:
[[5 0 3 0 7 0 0 6 0]
 [0 7 0 6 0 0 1 0 0]
 [6 0 0 0 4 0 0 3 0]
 [3 0 0 0 5 0 0 4 0]
 [0 0 0 2 0 0 0 0 0]
 [0 0 0 0 0 7 9 0 0]
 [0 3 6 0 0 0 0 8 0]
 [8 0 0 0 0 0 4 0 0]
 [0 0 5 0 8 0 0 0 6]]
Solution:
[[0 7 8 6 2 1 3 4 5]
 [9 2 3 7 4 8 0 1 6]
 [5 1 6 9 0 3 0 7 2]
 [8 0 5 3 1 4 6 9 7]
 [0 6 2 5 7 0 8 3 4]
 [1 3 7 2 9 6 5 0 0]
 [6 5 9 4 3 0 7 2 8]
 [7 8 0 1 6 9 4 5 3]
 [2 0 4 8 5 7 9 6 1]]
Number of cells unfilled: 12
Accuracy: 85.18518518518519
Sample: 522
Question:
[[7 0 0 6 0 0 0 9 1]
 [0 0 0 0 0 8 0 0 3]
 [9 8 4 0 0 1 0 0 0]
 [1 0 0 0 3 0 0 0 6]
 [0 4 9 0 5 0 0 0 0]
 [0 0 0 0 0 0 9 1 0]
 [5 2 0 0 0 0 6 0 0]
 [4 0 6 0 0 7 0 5 0]
 [0 0 0 0 0 0 0 0 9]]
Solution:
[[0 7 8 6 2 1 3 4 5]
 [9 2 3 7 4 8 1 0 6]
 [5 1 6 9 0 3 2 7 0]
 [8 9 5 3 1 4 6 0 7]
 [0 6 2 5 7 0 8 3 4]
 [1 3 7 2 9 6 5 0 0]
 [6 5 9 4 3 0 7 2 8]
 [7 8 0 1 6 2 4 5 3]
 [3 0 4 8 5 7 9 6 1]]
Number of cells unfilled: 12
Accuracy: 85.18518518518519
Sample: 523
Question:
[[0 4 9 0 0 6 0 5 0]
 [0 0 0 0 0 0 2 0 0]
 [0 0 2 3 0 0 0 0 0]
 [3 0 0 4 0 0 0 0 0]
 [1 6 0 0 3 7 8 0 0]
 [4 9 0 0 0 0 1 0 7]
 [0 0 0 0 6 1 4 0 0]
 [0 0 0 8 0 0 0 0 0]
 [0 7 0 0 4 0 0 1 3]]
Solution:
[[0 7 8 6 2 5 3 4 9]
 [9 2 3 7 4 8 0 1 6]
 [5 1 6 9 0 3 2 7 0]
 [8 9 5 3 1 4 6 0 2]
 [0 6 2 5 7 0 8 3 4]
 [1 3 7 2 9 6 5 0 0]
 [6 5 9 4 3 0 7 2 8]
 [7 8 0 1 6 9 4 5 3]
 [3 0 4 8 5 7 9 6 1]]
Number of cells unfilled: 12
Accuracy: 85.18518518518519
Sample: 524
Question:
[[1 0 0 0 2 3 0 0 0]
 [0 0 8 9 0 0 3 4 0]
 [0 0 0 0 0 8 0 5 0]
 [0 0 3 0 8 0 7 2 0]
 [0 8 0 0 0 0 0 0 4]
 [4 0 0 0 0 9 0 3 0]
 [7 0 0 0 0 0 0 0 5]
 [0 0 9 0 0 2 4 7 0]
 [0 6 0 7 0 0 0 0 0]]
Solution:
[[0 7 8 6 2 1 3 4 9]
 [9 2 3 7 4 8 0 1 6]
 [5 1 6 9 0 3 2 7 0]
 [8 0 5 3 1 4 6 9 2]
 [0 6 2 5 7 0 8 3 4]
 [1 3 7 2 9 6 5 0 0]
 [6 5 9 4 3 0 7 2 8]
 [7 8 0 1 6 9 4 5 3]
 [3 0 4 8 5 7 9 6 1]]
Number of cells unfilled: 12
Accuracy: 85.18518518518519
Sample: 525
Question:
[[0 0 0 0 0 6 0 5 0]
 [0 0 1 0 0 0 0 0 0]
 [5 7 0 3 0 0 9 0 0]
 [8 5 0 7 0 0 4 0 0]
 [0 0 0 0 0 0 0 6 0]
 [0 0 0 1 0 2 5 3 0]
 [6 2 4 8 0 5 0 0 1]
 [0 1 0 0 0 7 8 0 0]
 [0 0 8 2 0 0 0 0 0]]
Solution:
[[0 7 8 6 2 5 3 4 9]
 [9 2 3 7 4 8 0 1 6]
 [5 1 6 9 0 3 2 7 0]
 [8 9 5 3 1 4 6 0 2]
 [0 6 2 5 7 0 8 3 4]
 [1 3 7 2 9 6 5 0 0]
 [6 5 9 4 3 0 7 2 8]
 [7 8 0 1 6 2 4 5 3]
 [2 0 4 8 5 7 9 6 1]]
Number of cells unfilled: 12
Accuracy: 85.18518518518519
Sample: 526
Question:
[[2 4 0 0 3 0 0 0 0]
 [0 0 7 0 0 0 0 8 0]
 [0 0 9 0 0 4 0 0 2]
 [0 6 0 0 0 3 0 0 9]
 [0 0 0 0 1 0 0 4 0]
 [0 0 0 8 0 0 5 0 0]
 [4 0 0 0 0 2 0 0 6]
 [0 0 6 0 0 0 1 0 0]
 [0 9 0 0 5 0 0 7 0]]
Solution:
[[0 7 8 6 2 5 3 4 9]
 [9 2 3 7 4 8 0 1 6]
 [5 1 6 9 0 3 2 7 0]
 [8 0 5 3 1 4 6 9 2]
 [0 6 2 5 7 0 8 3 4]
 [1 3 7 2 9 6 5 0 0]
 [6 5 9 4 3 0 7 2 8]
 [7 8 0 1 6 2 4 5 3]
 [2 0 4 8 5 7 9 6 1]]
Number of cells unfilled: 12
Accuracy: 85.18518518518519
Sample: 527
Question:
[[2 0 0 0 0 0 6 0 7]
 [0 8 0 6 0 0 0 4 0]
 [6 0 0 0 5 0 8 0 3]
 [9 0 0 0 0 5 0 0 0]
 [0 0 2 0 1 0 0 0 0]
 [0 6 0 4 0 0 7 0 0]
 [1 0 0 0 0 0 0 7 0]
 [0 0 0 0 0 9 4 0 0]
 [0 3 0 7 0 0 0 0 8]]
Solution:
[[0 7 8 6 2 5 3 4 9]
 [9 2 3 7 4 8 1 0 6]
 [5 1 6 9 0 3 2 7 0]
 [8 9 5 3 1 4 6 0 7]
 [0 6 2 5 7 0 8 3 4]
 [1 3 7 2 9 6 5 0 0]
 [6 5 9 4 3 0 7 2 8]
 [7 8 0 1 6 2 4 5 3]
 [3 0 4 8 5 7 9 6 1]]
Number of cells unfilled: 12
Accuracy: 85.18518518518519
Sample: 528
Question:
[[0 0 1 0 5 0 2 0 0]
 [4 0 0 9 0 0 0 0 5]
 [0 5 0 0 0 1 0 0 0]
 [9 0 0 0 0 3 0 0 0]
 [0 4 6 0 9 0 0 0 3]
 [0 0 5 6 0 0 0 8 0]
 [6 0 0 3 0 0 0 0 4]
 [0 0 0 0 7 0 8 0 0]
 [0 2 0 0 0 0 0 7 0]]
Solution:
[[0 7 8 6 2 1 3 4 5]
 [9 0 3 7 4 8 2 1 6]
 [5 1 6 9 0 3 0 7 0]
 [8 0 5 3 1 4 6 9 2]
 [0 6 2 5 7 0 8 3 4]
 [1 3 7 2 9 6 5 0 0]
 [6 5 9 4 3 0 7 2 8]
 [7 8 0 1 6 2 4 5 3]
 [3 2 4 8 5 7 9 6 1]]
Number of cells unfilled: 12
Accuracy: 85.18518518518519
Sample: 529
Question:
[[0 6 5 0 0 0 0 3 0]
 [0 0 9 1 0 6 0 0 2]
 [0 0 0 0 8 0 0 4 0]
 [5 0 0 0 0 0 0 9 0]
 [0 0 0 0 0 0 0 0 0]
 [0 0 1 0 0 9 2 0 0]
 [0 0 7 9 0 0 8 0 5]
 [0 0 0 8 0 4 0 6 0]
 [1 0 0 0 0 2 0 0 9]]
Solution:
[[0 7 8 6 2 1 3 4 9]
 [9 2 3 7 4 8 0 1 6]
 [5 1 6 9 0 3 2 7 0]
 [8 9 5 3 1 4 6 0 7]
 [0 6 2 5 7 0 8 3 4]
 [1 3 7 2 9 6 5 0 0]
 [6 5 9 4 3 0 7 2 8]
 [7 8 0 1 6 9 4 5 3]
 [3 0 4 8 5 7 9 6 1]]
Number of cells unfilled: 12
Accuracy: 85.18518518518519
Sample: 530
Question:
[[0 0 1 0 0 0 8 0 0]
 [5 0 0 0 3 0 0 0 7]
 [0 2 0 6 0 0 0 5 0]
 [1 0 0 8 4 0 0 7 0]
 [0 0 0 0 0 9 2 0 0]
 [0 6 0 7 0 0 0 0 4]
 [0 1 0 0 7 0 0 4 0]
 [0 0 9 0 0 5 0 0 0]
 [2 0 0 1 0 0 0 0 3]]
Solution:
[[0 7 8 6 2 1 3 4 9]
 [9 2 3 7 4 8 0 1 6]
 [5 1 6 9 0 3 0 7 2]
 [8 0 5 3 1 4 6 9 7]
 [0 6 2 5 7 0 8 3 4]
 [1 3 7 2 9 6 5 0 0]
 [6 5 9 4 3 0 7 2 8]
 [7 8 0 1 6 9 4 5 3]
 [2 0 4 8 5 7 9 6 1]]
Number of cells unfilled: 12
Accuracy: 85.18518518518519
Sample: 531
Question:
[[0 0 4 0 0 0 0 8 0]
 [0 1 0 3 0 0 9 0 0]
 [0 0 0 0 7 0 0 0 6]
 [4 0 0 0 0 0 3 0 0]
 [0 8 0 1 0 0 0 9 0]
 [5 0 0 0 2 0 0 0 1]
 [0 0 0 0 0 5 0 0 0]
 [2 0 0 0 3 7 1 0 0]
 [0 3 0 6 0 0 0 0 9]]
Solution:
[[0 7 8 6 2 5 3 4 9]
 [9 2 3 7 4 8 0 1 6]
 [5 1 6 9 0 3 0 7 2]
 [8 0 5 3 1 4 6 9 7]
 [0 6 2 5 7 0 8 3 4]
 [1 3 7 2 9 6 5 0 0]
 [6 5 9 4 3 0 7 2 8]
 [7 8 0 1 6 9 4 5 3]
 [2 0 4 8 5 7 9 6 1]]
Number of cells unfilled: 12
Accuracy: 85.18518518518519
Sample: 532
Question:
[[0 0 5 0 0 2 0 0 0]
 [0 4 0 0 0 9 0 3 0]
 [8 0 0 7 0 0 0 0 4]
 [7 0 0 0 2 0 0 0 0]
 [4 6 0 0 0 0 0 1 0]
 [0 0 8 4 0 0 0 0 5]
 [0 0 0 0 0 3 1 0 0]
 [0 8 0 5 0 0 0 0 6]
 [5 0 0 0 0 0 9 0 0]]
Solution:
[[0 7 8 6 2 5 3 4 9]
 [9 2 3 7 4 8 0 1 6]
 [5 1 6 9 0 3 2 7 0]
 [8 0 5 3 1 4 6 9 7]
 [0 6 2 5 7 0 8 3 4]
 [1 3 7 2 9 6 5 0 0]
 [6 5 9 4 3 0 7 2 8]
 [7 8 0 1 6 9 4 5 3]
 [2 0 4 8 5 7 9 6 1]]
Number of cells unfilled: 12
Accuracy: 85.18518518518519
Sample: 533
Question:
[[0 2 0 0 4 0 0 8 0]
 [0 0 3 0 0 6 5 0 0]
 [0 1 0 0 0 0 0 0 6]
 [0 0 6 0 0 8 0 5 0]
 [2 0 0 0 0 0 3 0 0]
 [0 0 0 7 0 0 0 0 9]
 [0 0 0 8 7 0 0 6 0]
 [0 0 8 0 0 9 0 0 5]
 [4 0 0 0 1 0 0 0 0]]
Solution:
[[0 7 8 6 2 1 3 4 5]
 [9 2 3 7 4 8 0 1 6]
 [5 1 6 9 0 3 2 7 0]
 [8 9 5 3 1 4 6 0 2]
 [0 6 2 5 7 0 8 3 4]
 [1 3 7 2 9 6 5 0 0]
 [6 5 9 4 3 0 7 2 8]
 [7 8 0 1 6 2 4 5 3]
 [3 0 4 8 5 7 9 6 1]]
Number of cells unfilled: 12
Accuracy: 85.18518518518519
Sample: 534
Question:
[[0 4 0 0 7 0 1 0 0]
 [7 0 0 0 0 9 0 0 3]
 [0 0 2 0 0 0 0 0 8]
 [4 0 0 0 5 0 2 0 0]
 [0 0 0 3 0 0 0 0 0]
 [0 0 0 6 0 2 0 0 9]
 [0 1 0 0 0 0 0 8 0]
 [0 0 4 0 2 0 7 0 0]
 [5 7 0 0 0 6 0 0 0]]
Solution:
[[0 7 8 6 2 5 3 4 9]
 [9 2 3 7 4 8 1 0 6]
 [5 1 6 9 0 3 2 7 0]
 [8 9 5 3 1 4 6 0 2]
 [0 6 2 5 7 0 8 3 4]
 [1 3 7 2 9 6 5 0 0]
 [6 5 9 4 3 0 7 2 8]
 [7 8 0 1 6 2 4 5 3]
 [3 0 4 8 5 7 9 6 1]]
Number of cells unfilled: 12
Accuracy: 85.18518518518519
Sample: 535
Question:
[[2 0 0 0 0 3 0 0 7]
 [0 0 0 0 9 0 6 5 0]
 [0 0 6 0 0 0 0 0 0]
 [0 8 0 0 0 0 0 9 0]
 [3 0 0 0 0 4 0 0 2]
 [0 0 0 5 8 0 0 0 0]
 [0 0 7 3 0 0 0 0 1]
 [0 4 0 0 0 1 0 2 0]
 [1 0 0 0 2 0 3 0 0]]
Solution:
[[0 7 8 6 2 1 3 4 9]
 [9 2 3 7 4 8 0 1 6]
 [5 1 6 9 0 3 0 7 2]
 [8 0 5 3 1 4 6 9 7]
 [0 6 2 5 7 0 8 3 4]
 [1 3 7 2 9 6 5 0 0]
 [6 5 9 4 3 0 7 2 8]
 [7 8 0 1 6 2 4 5 3]
 [2 0 4 8 5 7 9 6 1]]
Number of cells unfilled: 12
Accuracy: 85.18518518518519
Sample: 536
Question:
[[0 0 0 0 0 3 0 0 6]
 [0 2 6 8 0 0 3 9 0]
 [5 0 0 0 6 0 0 0 0]
 [8 0 9 0 3 0 5 6 0]
 [0 0 0 0 8 0 0 0 0]
 [0 3 0 9 0 6 0 0 2]
 [0 5 0 0 0 0 2 0 0]
 [0 0 0 0 9 5 0 7 0]
 [0 0 0 0 2 0 0 4 0]]
Solution:
[[0 7 8 6 2 1 3 4 9]
 [9 2 3 7 4 8 1 0 6]
 [5 1 6 9 0 3 2 7 0]
 [8 9 5 3 1 4 6 0 2]
 [0 6 2 5 7 0 8 3 4]
 [1 3 7 2 9 6 5 0 0]
 [6 5 9 4 3 0 7 2 8]
 [7 8 0 1 6 9 4 5 3]
 [2 0 4 8 5 7 9 6 1]]
Number of cells unfilled: 12
Accuracy: 85.18518518518519
Sample: 537
Question:
[[0 0 0 0 0 8 0 0 0]
 [2 0 7 0 0 5 0 0 0]
 [3 0 0 7 0 0 0 0 1]
 [5 0 0 0 0 2 4 9 0]
 [7 0 0 0 0 1 0 0 3]
 [0 2 0 3 0 0 0 0 0]
 [0 0 5 2 0 0 0 0 0]
 [0 0 2 0 8 7 5 0 0]
 [8 3 0 0 1 0 0 0 0]]
Solution:
[[0 7 8 6 2 5 3 4 9]
 [9 2 3 7 4 8 0 1 6]
 [5 1 6 9 0 3 2 7 0]
 [8 0 5 3 1 4 6 9 2]
 [0 6 2 5 7 0 8 3 4]
 [1 3 7 2 9 6 5 0 0]
 [6 5 9 4 3 0 7 2 8]
 [7 8 0 1 6 9 4 5 3]
 [3 0 4 8 5 7 9 6 1]]
Number of cells unfilled: 12
Accuracy: 85.18518518518519
Sample: 538
Question:
[[0 0 0 1 0 0 7 8 0]
 [0 0 0 0 0 0 0 0 1]
 [1 8 0 0 2 7 0 5 0]
 [0 0 0 0 6 0 9 0 2]
 [0 0 0 0 4 0 0 0 0]
 [0 9 0 0 0 8 0 0 0]
 [0 0 0 0 0 0 0 0 5]
 [2 0 5 0 1 9 0 0 7]
 [9 7 0 8 0 0 1 2 0]]
Solution:
[[0 7 8 6 2 5 3 4 9]
 [9 2 3 7 4 8 0 1 6]
 [5 1 6 9 0 3 0 7 2]
 [8 0 5 3 1 4 6 9 7]
 [0 6 2 5 7 0 8 3 4]
 [1 3 7 2 9 6 5 0 0]
 [6 5 9 4 3 0 7 2 8]
 [7 8 0 1 6 9 4 5 3]
 [3 0 4 8 5 7 9 6 1]]
Number of cells unfilled: 12
Accuracy: 85.18518518518519
Sample: 539
Question:
[[0 0 1 5 0 0 0 9 0]
 [5 0 0 0 0 1 8 0 0]
 [0 0 8 0 6 2 0 3 0]
 [0 0 3 0 0 0 0 8 0]
 [0 0 4 0 0 0 0 0 1]
 [9 0 0 0 0 0 0 5 0]
 [8 0 0 0 1 0 9 0 0]
 [3 0 0 0 0 0 5 4 0]
 [0 4 9 0 3 0 0 0 8]]
Solution:
[[0 7 8 6 2 5 3 4 9]
 [9 2 3 7 4 8 0 1 6]
 [5 1 6 9 0 3 2 7 0]
 [8 0 5 3 1 4 6 9 2]
 [0 6 2 5 7 0 8 3 4]
 [1 3 7 2 9 6 5 0 0]
 [6 5 9 4 3 0 7 2 8]
 [7 8 0 1 6 9 4 5 3]
 [2 0 4 8 5 7 9 6 1]]
Number of cells unfilled: 12
Accuracy: 85.18518518518519
Sample: 540
Question:
[[0 0 4 8 0 0 0 6 0]
 [0 0 7 9 0 0 5 0 1]
 [6 0 0 0 0 7 0 0 0]
 [0 2 8 0 7 0 0 0 9]
 [7 0 0 0 0 0 0 0 0]
 [9 4 0 2 0 6 0 0 0]
 [0 0 9 7 8 0 0 0 0]
 [0 0 2 0 0 0 0 0 0]
 [8 0 0 6 0 0 0 4 0]]
Solution:
[[0 7 8 6 2 1 3 4 9]
 [9 0 3 7 4 8 2 1 6]
 [5 1 6 9 0 3 0 7 0]
 [8 0 5 3 1 4 6 9 7]
 [0 6 2 5 7 0 8 3 4]
 [1 3 7 2 9 6 5 0 0]
 [6 5 9 4 3 0 7 2 8]
 [7 8 0 1 6 9 4 5 3]
 [3 2 4 8 5 7 9 6 1]]
Number of cells unfilled: 12
Accuracy: 85.18518518518519
Sample: 541
Question:
[[0 1 0 0 6 0 0 0 0]
 [8 0 0 5 0 0 0 0 6]
 [0 4 0 9 0 3 0 8 0]
 [0 6 0 0 5 0 0 0 1]
 [0 0 5 0 0 0 0 7 0]
 [0 8 0 0 0 0 0 4 0]
 [0 7 0 0 0 0 5 0 0]
 [0 0 8 6 0 4 7 1 0]
 [1 0 4 0 0 0 0 0 8]]
Solution:
[[0 7 8 6 2 5 3 4 9]
 [9 2 3 7 4 8 1 0 6]
 [5 1 6 9 0 3 2 7 0]
 [8 9 5 3 1 4 6 0 7]
 [0 6 2 5 7 0 8 3 4]
 [1 3 7 2 9 6 5 0 0]
 [6 5 9 4 3 0 7 2 8]
 [7 8 0 1 6 9 4 5 3]
 [3 0 4 8 5 7 9 6 1]]
Number of cells unfilled: 12
Accuracy: 85.18518518518519
Sample: 542
Question:
[[0 1 0 3 0 9 0 8 6]
 [0 8 0 0 0 0 0 0 0]
 [6 0 9 0 2 0 1 0 0]
 [8 0 0 1 0 6 2 0 9]
 [0 9 0 0 0 0 0 3 0]
 [2 0 1 0 9 0 0 0 0]
 [0 0 0 0 0 7 0 0 0]
 [0 6 3 0 0 5 0 0 0]
 [0 0 0 2 0 0 3 0 0]]
Solution:
[[0 7 8 6 2 5 3 4 9]
 [9 2 3 7 4 8 1 0 6]
 [5 1 6 9 0 3 2 7 0]
 [8 9 5 3 1 4 6 0 2]
 [0 6 2 5 7 0 8 3 4]
 [1 3 7 2 9 6 5 0 0]
 [6 5 9 4 3 0 7 2 8]
 [7 8 0 1 6 2 4 5 3]
 [3 0 4 8 5 7 9 6 1]]
Number of cells unfilled: 12
Accuracy: 85.18518518518519
Sample: 543
Question:
[[0 2 0 0 0 0 0 0 0]
 [0 0 1 0 0 0 5 6 0]
 [5 0 8 0 0 0 0 2 0]
 [2 0 0 0 0 7 9 0 6]
 [0 0 0 0 0 0 0 4 0]
 [0 5 9 6 4 0 0 7 0]
 [0 7 6 9 0 2 0 0 4]
 [9 0 0 0 0 0 7 0 0]
 [0 0 0 0 5 0 0 9 0]]
Solution:
[[0 7 8 6 2 1 3 4 5]
 [9 2 3 7 4 8 0 1 6]
 [5 1 6 9 0 3 2 7 0]
 [8 0 5 3 1 4 6 9 7]
 [0 6 2 5 7 0 8 3 4]
 [1 3 7 2 9 6 5 0 0]
 [6 5 9 4 3 0 7 2 8]
 [7 8 0 1 6 2 4 5 3]
 [2 0 4 8 5 7 9 6 1]]
Number of cells unfilled: 12
Accuracy: 85.18518518518519
Sample: 544
Question:
[[0 2 0 7 9 0 0 0 1]
 [0 0 1 0 0 2 3 0 0]
 [5 7 0 0 0 0 0 0 0]
 [7 0 0 0 1 3 0 2 9]
 [3 0 0 0 0 0 1 0 0]
 [0 1 9 0 2 0 0 0 0]
 [0 9 0 0 0 0 0 0 6]
 [0 0 0 0 0 5 0 3 0]
 [0 0 0 0 0 0 5 0 8]]
Solution:
[[0 7 8 6 2 1 3 4 9]
 [9 2 3 7 4 8 1 0 6]
 [5 1 6 9 0 3 2 7 0]
 [8 9 5 3 1 4 6 0 2]
 [0 6 2 5 7 0 8 3 4]
 [1 3 7 2 9 6 5 0 0]
 [6 5 9 4 3 0 7 2 8]
 [7 8 0 1 6 2 4 5 3]
 [2 0 4 8 5 7 9 6 1]]
Number of cells unfilled: 12
Accuracy: 85.18518518518519
Sample: 545
Question:
[[0 3 2 0 0 6 8 5 0]
 [0 0 0 3 5 0 0 0 1]
 [5 0 0 2 0 0 0 6 0]
 [0 5 1 0 0 0 0 3 6]
 [0 0 0 0 6 1 0 0 0]
 [8 0 0 5 0 0 2 0 0]
 [0 9 0 0 3 0 0 0 0]
 [0 0 8 0 0 0 1 0 0]
 [0 4 0 0 8 0 0 0 0]]
Solution:
[[0 7 8 6 2 1 3 4 5]
 [9 2 3 7 4 8 0 1 6]
 [5 1 6 9 0 3 2 7 0]
 [8 9 5 3 1 4 6 0 7]
 [0 6 2 5 7 0 8 3 4]
 [1 3 7 2 9 6 5 0 0]
 [6 5 9 4 3 0 7 2 8]
 [7 8 0 1 6 9 4 5 3]
 [3 0 4 8 5 7 9 6 1]]
Number of cells unfilled: 12
Accuracy: 85.18518518518519
Sample: 546
Question:
[[0 5 0 2 0 0 0 3 1]
 [0 4 0 7 0 0 9 0 0]
 [0 0 2 0 0 9 0 0 0]
 [0 0 0 6 0 0 0 0 0]
 [0 9 0 0 0 4 7 0 0]
 [0 2 0 5 0 7 0 0 0]
 [0 6 9 0 0 0 0 0 0]
 [2 0 0 4 6 0 0 5 0]
 [5 0 4 0 0 2 0 7 0]]
Solution:
[[0 7 8 6 2 5 3 4 9]
 [9 2 3 7 4 8 0 1 6]
 [5 1 6 9 0 3 2 7 0]
 [8 9 5 3 1 4 6 0 2]
 [0 6 2 5 7 0 8 3 4]
 [1 3 7 2 9 6 5 0 0]
 [6 5 9 4 3 0 7 2 8]
 [7 8 0 1 6 9 4 5 3]
 [3 0 4 8 5 7 9 6 1]]
Number of cells unfilled: 12
Accuracy: 85.18518518518519
Sample: 547
Question:
[[0 5 4 0 0 6 8 7 0]
 [7 0 0 0 5 8 0 0 0]
 [0 0 0 7 4 0 0 0 0]
 [0 0 9 4 0 0 0 0 0]
 [1 0 3 0 0 0 0 0 0]
 [0 8 0 0 0 0 1 0 0]
 [0 0 0 6 0 1 0 0 0]
 [0 0 7 5 0 0 0 4 6]
 [8 0 0 0 7 0 5 1 0]]
Solution:
[[0 7 8 6 2 5 3 4 9]
 [9 2 3 7 4 8 1 0 6]
 [5 1 6 9 0 3 2 7 0]
 [8 9 5 3 1 4 6 0 2]
 [0 6 2 5 7 0 8 3 4]
 [1 3 7 2 9 6 5 0 0]
 [6 5 9 4 3 0 7 2 8]
 [7 8 0 1 6 2 4 5 3]
 [3 0 4 8 5 7 9 6 1]]
Number of cells unfilled: 12
Accuracy: 85.18518518518519
Sample: 548
Question:
[[0 5 7 6 1 0 0 0 2]
 [1 0 0 0 0 0 0 0 6]
 [0 0 0 0 5 3 0 1 0]
 [0 0 8 0 0 0 3 7 0]
 [0 6 0 0 0 0 0 0 0]
 [3 0 4 0 0 0 0 0 0]
 [0 0 0 0 0 0 0 2 0]
 [6 0 0 5 0 0 1 0 7]
 [0 3 1 0 7 2 0 5 0]]
Solution:
[[0 7 8 6 2 1 3 4 9]
 [9 0 3 7 4 8 2 1 6]
 [5 1 6 9 0 3 0 7 0]
 [8 0 5 3 1 4 6 9 7]
 [0 6 2 5 7 0 8 3 4]
 [1 3 7 2 9 6 5 0 0]
 [6 5 9 4 3 0 7 2 8]
 [7 8 0 1 6 2 4 5 3]
 [3 2 4 8 5 7 9 6 1]]
Number of cells unfilled: 12
Accuracy: 85.18518518518519
Sample: 549
Question:
[[0 6 0 0 0 3 0 0 0]
 [9 0 0 6 0 0 2 0 4]
 [8 0 0 1 0 0 0 3 0]
 [0 0 6 8 5 0 0 0 9]
 [0 8 9 0 0 6 0 0 0]
 [5 3 0 0 1 0 0 0 0]
 [3 0 0 0 0 8 0 1 0]
 [6 0 0 9 0 1 0 0 0]
 [0 0 0 5 0 0 0 0 0]]
Solution:
[[0 7 8 6 2 1 3 4 9]
 [9 2 3 7 4 8 1 0 6]
 [5 1 6 9 0 3 2 7 0]
 [8 9 5 3 1 4 6 0 7]
 [0 6 2 5 7 0 8 3 4]
 [1 3 7 2 9 6 5 0 0]
 [6 5 9 4 3 0 7 2 8]
 [7 8 0 1 6 9 4 5 3]
 [2 0 4 8 5 7 9 6 1]]
Number of cells unfilled: 12
Accuracy: 85.18518518518519
Sample: 550
Question:
[[0 7 0 0 5 0 0 0 0]
 [0 0 5 0 0 0 0 0 9]
 [8 0 0 1 0 7 4 5 0]
 [0 0 4 6 0 0 0 0 0]
 [0 0 0 0 0 4 9 0 0]
 [0 0 1 2 0 0 0 0 0]
 [9 0 8 0 0 0 0 0 0]
 [0 0 7 5 0 9 0 1 8]
 [1 5 0 0 4 0 7 0 0]]
Solution:
[[0 7 8 6 2 5 3 4 9]
 [9 2 3 7 4 8 0 1 6]
 [5 1 6 9 0 3 2 7 0]
 [8 9 5 3 1 4 6 0 2]
 [0 6 2 5 7 0 8 3 4]
 [1 3 7 2 9 6 5 0 0]
 [6 5 9 4 3 0 7 2 8]
 [7 8 0 1 6 2 4 5 3]
 [2 0 4 8 5 7 9 6 1]]
Number of cells unfilled: 12
Accuracy: 85.18518518518519
Sample: 551
Question:
[[1 4 0 9 0 3 0 0 7]
 [0 0 9 0 0 0 0 0 3]
 [0 0 7 0 8 4 0 0 0]
 [0 0 8 0 9 0 0 0 0]
 [9 0 0 0 0 7 0 5 6]
 [3 0 0 0 0 1 8 0 0]
 [4 0 0 0 0 0 0 0 0]
 [7 0 0 1 0 9 0 0 0]
 [0 0 1 0 0 8 3 0 0]]
Solution:
[[0 7 8 6 2 1 3 4 5]
 [9 2 3 7 4 8 1 0 6]
 [5 1 6 9 0 3 2 7 0]
 [8 9 5 3 1 4 6 0 7]
 [0 6 2 5 7 0 8 3 4]
 [1 3 7 2 9 6 5 0 0]
 [6 5 9 4 3 0 7 2 8]
 [7 8 0 1 6 9 4 5 3]
 [3 0 4 8 5 7 9 6 1]]
Number of cells unfilled: 12
Accuracy: 85.18518518518519
Sample: 552
Question:
[[1 9 0 0 3 0 0 4 0]
 [0 0 5 0 0 0 0 8 0]
 [0 7 0 5 0 0 3 0 0]
 [0 0 0 3 0 0 0 0 0]
 [4 0 0 0 8 6 0 0 3]
 [0 0 0 4 0 7 5 6 0]
 [0 0 0 0 4 0 0 3 8]
 [0 0 0 0 6 0 0 0 0]
 [0 0 7 8 0 0 0 5 0]]
Solution:
[[0 7 8 6 2 5 3 4 9]
 [9 2 3 7 4 8 0 1 6]
 [5 1 6 9 0 3 2 7 0]
 [8 9 5 3 1 4 6 0 2]
 [0 6 2 5 7 0 8 3 4]
 [1 3 7 2 9 6 5 0 0]
 [6 5 9 4 3 0 7 2 8]
 [7 8 0 1 6 9 4 5 3]
 [2 0 4 8 5 7 9 6 1]]
Number of cells unfilled: 12
Accuracy: 85.18518518518519
Sample: 553
Question:
[[2 0 0 0 0 5 0 0 4]
 [0 0 5 3 0 0 1 0 8]
 [0 0 0 6 0 0 0 2 0]
 [5 0 0 0 0 6 0 0 0]
 [3 4 0 7 0 0 0 0 0]
 [0 7 6 0 5 0 3 0 2]
 [0 0 7 0 4 0 0 0 0]
 [6 0 0 2 0 0 0 4 0]
 [0 0 3 5 0 0 0 0 0]]
Solution:
[[0 7 8 6 2 1 3 4 5]
 [9 2 3 7 4 8 0 1 6]
 [5 1 6 9 0 3 0 7 2]
 [8 9 5 3 1 4 6 0 7]
 [0 6 2 5 7 0 8 3 4]
 [1 3 7 2 9 6 5 0 0]
 [6 5 9 4 3 0 7 2 8]
 [7 8 0 1 6 9 4 5 3]
 [3 0 4 8 5 7 9 6 1]]
Number of cells unfilled: 12
Accuracy: 85.18518518518519
Sample: 554
Question:
[[3 0 0 0 0 0 0 0 0]
 [0 9 0 4 0 0 0 6 0]
 [8 4 0 0 0 0 0 5 0]
 [5 0 0 0 1 7 0 8 0]
 [0 6 0 0 4 0 0 0 5]
 [0 0 0 6 0 0 0 9 0]
 [0 8 4 0 0 0 0 3 6]
 [0 5 0 0 0 0 0 0 9]
 [9 0 3 0 0 8 5 0 0]]
Solution:
[[0 7 8 6 2 1 3 4 5]
 [9 0 3 7 4 8 2 1 6]
 [5 1 6 9 0 3 0 7 0]
 [8 0 5 3 1 4 6 9 2]
 [0 6 2 5 7 0 8 3 4]
 [1 3 7 2 9 6 5 0 0]
 [6 5 9 4 3 0 7 2 8]
 [7 8 0 1 6 9 4 5 3]
 [2 0 4 8 5 7 9 6 1]]
Number of cells unfilled: 13
Accuracy: 83.9506172839506
Sample: 555
Question:
[[3 0 0 0 0 8 2 4 0]
 [5 0 0 0 0 1 0 0 9]
 [0 9 0 3 0 0 0 0 0]
 [1 0 7 0 3 0 0 8 0]
 [0 0 5 9 0 7 0 0 0]
 [0 3 0 1 8 0 0 0 0]
 [8 0 0 0 0 3 0 0 0]
 [7 0 0 0 5 0 0 0 0]
 [0 1 0 0 0 9 0 0 5]]
Solution:
[[0 7 8 6 2 5 3 4 9]
 [9 2 3 7 4 8 0 1 6]
 [5 1 6 9 0 3 2 7 0]
 [8 0 5 3 1 4 6 9 7]
 [0 6 2 5 7 0 8 3 4]
 [1 3 7 2 9 6 5 0 0]
 [6 5 9 4 3 0 7 2 8]
 [7 8 0 1 6 9 4 5 3]
 [3 0 4 8 5 7 9 6 1]]
Number of cells unfilled: 12
Accuracy: 85.18518518518519
Sample: 556
Question:
[[3 0 0 0 0 9 0 0 8]
 [0 0 0 0 4 0 0 0 5]
 [0 0 0 0 6 0 0 3 0]
 [0 2 1 0 5 0 0 0 4]
 [0 0 0 0 0 8 5 0 0]
 [8 0 0 0 3 0 0 0 9]
 [0 0 0 0 0 5 9 0 0]
 [0 0 4 6 9 0 0 5 0]
 [0 0 0 3 0 4 8 0 6]]
Solution:
[[0 7 8 6 2 1 3 4 5]
 [9 0 3 7 4 8 2 1 6]
 [5 1 6 9 0 3 0 7 0]
 [8 0 5 3 1 4 6 9 2]
 [0 6 2 5 7 0 8 3 4]
 [1 3 7 2 9 6 5 0 0]
 [6 5 9 4 3 0 7 2 8]
 [7 8 0 1 6 9 4 5 3]
 [2 0 4 8 5 7 9 6 1]]
Number of cells unfilled: 13
Accuracy: 83.9506172839506
Sample: 557
Question:
[[3 0 0 0 4 0 6 0 7]
 [0 1 7 0 0 0 0 0 2]
 [4 6 0 0 0 0 0 3 0]
 [0 3 0 0 0 2 0 1 0]
 [0 0 6 1 0 0 0 0 0]
 [0 0 4 0 9 8 3 0 0]
 [0 0 1 2 0 0 0 6 0]
 [2 0 0 0 0 0 7 0 0]
 [0 0 3 0 0 0 4 0 0]]
Solution:
[[0 7 8 6 2 5 3 4 9]
 [9 2 3 7 4 8 0 1 6]
 [5 1 6 9 0 3 0 7 2]
 [8 0 5 3 1 4 6 9 7]
 [0 6 2 5 7 0 8 3 4]
 [1 3 7 2 9 6 5 0 0]
 [6 5 9 4 3 0 7 2 8]
 [7 8 0 1 6 2 4 5 3]
 [2 0 4 8 5 7 9 6 1]]
Number of cells unfilled: 12
Accuracy: 85.18518518518519
Sample: 558
Question:
[[3 2 0 0 0 0 0 7 0]
 [0 0 7 0 6 0 0 0 0]
 [0 4 0 2 0 7 3 0 8]
 [0 0 3 0 4 8 0 0 7]
 [7 8 0 3 0 0 0 2 0]
 [0 6 4 0 0 0 0 0 0]
 [0 0 8 0 0 0 0 0 1]
 [0 0 0 0 0 0 0 6 5]
 [0 0 0 6 0 0 2 0 0]]
Solution:
[[0 7 8 6 2 5 3 4 9]
 [9 2 3 7 4 8 0 1 6]
 [5 1 6 9 0 3 0 7 2]
 [8 9 5 3 1 4 6 0 7]
 [0 6 2 5 7 0 8 3 4]
 [1 3 7 2 9 6 5 0 0]
 [6 5 9 4 3 0 7 2 8]
 [7 8 0 1 6 2 4 5 3]
 [3 0 4 8 5 7 9 6 1]]
Number of cells unfilled: 12
Accuracy: 85.18518518518519
Sample: 559
Question:
[[4 0 0 0 0 9 0 0 0]
 [0 9 0 0 0 0 0 0 7]
 [8 0 0 0 0 6 0 0 0]
 [0 0 0 0 7 5 0 0 0]
 [0 0 9 3 6 0 0 0 2]
 [3 7 0 0 0 0 6 5 0]
 [6 2 0 0 5 0 3 0 9]
 [0 0 0 0 0 3 0 7 0]
 [0 0 3 2 0 0 5 0 0]]
Solution:
[[0 7 8 6 2 5 3 4 9]
 [9 2 3 7 4 8 0 1 6]
 [5 1 6 9 0 3 2 7 0]
 [8 0 5 3 1 4 6 9 7]
 [0 6 2 5 7 0 8 3 4]
 [1 3 7 2 9 6 5 0 0]
 [6 5 9 4 3 0 7 2 8]
 [7 8 0 1 6 9 4 5 3]
 [2 0 4 8 5 7 9 6 1]]
Number of cells unfilled: 12
Accuracy: 85.18518518518519
Sample: 560
Question:
[[4 0 9 3 2 0 6 0 0]
 [0 3 0 0 0 0 2 0 0]
 [0 0 0 9 0 0 0 3 0]
 [5 0 0 0 0 0 0 4 1]
 [0 0 2 0 1 0 0 0 0]
 [7 0 0 0 0 0 0 0 0]
 [0 0 0 0 0 0 0 6 0]
 [3 0 1 4 0 6 0 9 0]
 [0 2 0 1 9 0 4 0 3]]
Solution:
[[0 7 8 6 2 1 3 4 9]
 [9 2 3 7 4 8 0 1 6]
 [5 1 6 9 0 3 2 7 0]
 [8 9 5 3 1 4 6 0 7]
 [0 6 2 5 7 0 8 3 4]
 [1 3 7 2 9 6 5 0 0]
 [6 5 9 4 3 0 7 2 8]
 [7 8 0 1 6 2 4 5 3]
 [2 0 4 8 5 7 9 6 1]]
Number of cells unfilled: 12
Accuracy: 85.18518518518519
Sample: 561
Question:
[[6 0 0 0 0 0 0 0 0]
 [5 9 0 0 0 4 0 0 0]
 [0 7 0 0 0 3 0 0 9]
 [9 0 0 0 0 7 0 0 3]
 [0 3 0 0 4 0 0 0 0]
 [4 0 0 0 0 5 2 1 0]
 [0 5 9 0 3 6 0 0 0]
 [0 4 0 0 7 0 0 0 0]
 [7 0 6 4 0 0 5 0 0]]
Solution:
[[0 7 8 6 2 5 3 4 9]
 [9 2 3 7 4 8 0 1 6]
 [5 1 6 9 0 3 0 7 2]
 [8 9 5 3 1 4 6 0 7]
 [0 6 2 5 7 0 8 3 4]
 [1 3 7 2 9 6 5 0 0]
 [6 5 9 4 3 0 7 2 8]
 [7 8 0 1 6 2 4 5 3]
 [3 0 4 8 5 7 9 6 1]]
Number of cells unfilled: 12
Accuracy: 85.18518518518519
Sample: 562
Question:
[[6 0 0 0 4 2 0 0 0]
 [0 0 1 5 6 0 9 4 0]
 [0 0 5 0 0 0 0 0 6]
 [0 0 0 0 0 0 8 0 0]
 [0 0 0 2 0 0 0 5 0]
 [9 2 0 0 0 0 7 0 0]
 [1 0 0 0 0 0 0 0 0]
 [0 6 9 4 0 0 0 0 5]
 [4 0 0 0 9 1 6 2 0]]
Solution:
[[0 7 8 6 2 1 3 4 5]
 [9 2 3 7 4 8 1 0 6]
 [5 1 6 9 0 3 2 7 0]
 [8 9 5 3 1 4 6 0 2]
 [0 6 2 5 7 0 8 3 4]
 [1 3 7 2 9 6 5 0 0]
 [6 5 9 4 3 0 7 2 8]
 [7 8 0 1 6 9 4 5 3]
 [2 0 4 8 5 7 9 6 1]]
Number of cells unfilled: 12
Accuracy: 85.18518518518519
Sample: 563
Question:
[[7 5 0 0 0 4 9 0 0]
 [0 0 0 0 9 0 0 0 1]
 [0 0 1 0 0 6 8 0 0]
 [0 0 0 0 0 3 0 8 0]
 [0 0 0 4 6 0 0 0 9]
 [4 1 0 9 0 0 6 3 0]
 [0 0 0 0 0 9 4 0 0]
 [0 0 8 0 0 1 0 0 6]
 [0 0 0 8 0 0 3 0 0]]
Solution:
[[0 7 8 6 2 5 3 4 9]
 [9 2 3 7 4 8 0 1 6]
 [5 1 6 9 0 3 2 7 0]
 [8 9 5 3 1 4 6 0 2]
 [0 6 2 5 7 0 8 3 4]
 [1 3 7 2 9 6 5 0 0]
 [6 5 9 4 3 0 7 2 8]
 [7 8 0 1 6 2 4 5 3]
 [2 0 4 8 5 7 9 6 1]]
Number of cells unfilled: 12
Accuracy: 85.18518518518519
Sample: 564
Question:
[[9 0 0 0 1 0 5 0 0]
 [0 2 6 0 5 0 9 0 0]
 [0 0 0 0 0 0 0 7 2]
 [7 0 0 0 0 0 0 9 0]
 [0 0 1 0 0 7 0 0 6]
 [0 0 9 8 3 0 0 0 5]
 [1 0 5 0 0 0 6 0 9]
 [0 0 2 0 0 0 0 0 0]
 [6 0 0 0 0 1 0 0 7]]
Solution:
[[0 7 8 6 2 5 3 4 9]
 [9 2 3 7 4 8 0 1 6]
 [5 1 6 9 0 3 0 7 2]
 [8 9 5 3 1 4 6 0 7]
 [0 6 2 5 7 0 8 3 4]
 [1 3 7 2 9 6 5 0 0]
 [6 5 9 4 3 0 7 2 8]
 [7 8 0 1 6 9 4 5 3]
 [3 0 4 8 5 7 9 6 1]]
Number of cells unfilled: 12
Accuracy: 85.18518518518519
Sample: 565
Question:
[[0 0 0 3 0 0 0 8 0]
 [0 0 0 1 0 0 0 0 9]
 [0 5 0 0 0 7 6 0 0]
 [6 0 0 0 0 1 7 0 0]
 [0 7 0 0 4 0 0 0 0]
 [0 2 1 0 0 0 0 0 8]
 [0 0 2 0 0 5 1 0 0]
 [5 0 0 4 0 0 0 3 0]
 [0 6 0 9 0 0 0 0 5]]
Solution:
[[0 7 8 6 2 5 3 4 9]
 [9 2 3 7 4 8 0 1 6]
 [5 1 6 9 0 3 2 7 0]
 [8 9 5 3 1 4 6 0 2]
 [0 6 2 5 7 0 8 3 4]
 [1 3 7 2 9 6 5 0 0]
 [6 5 9 4 3 0 7 2 8]
 [7 8 0 1 6 9 4 5 3]
 [3 0 4 8 5 7 9 6 1]]
Number of cells unfilled: 12
Accuracy: 85.18518518518519
Sample: 566
Question:
[[0 0 0 5 0 0 0 0 0]
 [0 0 2 0 7 0 0 0 9]
 [5 1 0 0 0 0 6 7 0]
 [0 0 7 0 9 0 0 0 8]
 [6 0 0 0 0 0 3 0 0]
 [0 0 0 0 0 3 0 1 0]
 [0 8 0 9 0 4 0 0 2]
 [0 0 0 0 8 0 0 0 0]
 [0 0 4 2 0 7 0 0 0]]
Solution:
[[0 7 8 6 2 5 3 4 9]
 [9 2 3 7 4 8 0 1 6]
 [5 1 6 9 0 3 2 7 0]
 [8 0 5 3 1 4 6 9 2]
 [0 6 2 5 7 0 8 3 4]
 [1 3 7 2 9 6 5 0 0]
 [6 5 9 4 3 0 7 2 8]
 [7 8 0 1 6 9 4 5 3]
 [2 0 4 8 5 7 9 6 1]]
Number of cells unfilled: 12
Accuracy: 85.18518518518519
Sample: 567
Question:
[[0 0 0 0 0 0 4 0 0]
 [0 0 4 0 1 0 0 0 6]
 [0 2 6 0 0 7 0 5 0]
 [0 0 0 0 0 9 0 0 0]
 [0 9 7 3 2 0 5 0 0]
 [0 0 3 5 7 0 0 9 0]
 [0 3 5 0 0 2 0 7 0]
 [0 0 0 0 0 0 0 0 0]
 [6 0 0 7 3 0 8 0 0]]
Solution:
[[0 7 8 6 2 1 3 4 5]
 [9 2 3 7 4 8 0 1 6]
 [5 1 6 9 0 3 2 7 0]
 [8 9 5 3 1 4 6 0 2]
 [0 6 2 5 7 0 8 3 4]
 [1 3 7 2 9 6 5 0 0]
 [6 5 9 4 3 0 7 2 8]
 [7 8 0 1 6 9 4 5 3]
 [3 0 4 8 5 7 9 6 1]]
Number of cells unfilled: 12
Accuracy: 85.18518518518519
Sample: 568
Question:
[[0 1 4 3 0 0 8 0 5]
 [0 0 8 0 0 1 3 0 4]
 [0 0 0 0 0 0 0 1 0]
 [0 8 3 0 0 4 0 5 0]
 [0 0 0 0 0 0 0 0 0]
 [2 0 1 6 0 0 4 0 0]
 [0 0 7 0 2 0 0 0 9]
 [0 5 2 0 0 3 0 4 0]
 [0 0 0 7 0 0 0 0 0]]
Solution:
[[0 7 8 6 2 1 3 4 9]
 [9 2 3 7 4 8 0 1 6]
 [5 1 6 9 0 3 2 7 0]
 [8 9 5 3 1 4 6 0 2]
 [0 6 2 5 7 0 8 3 4]
 [1 3 7 2 9 6 5 0 0]
 [6 5 9 4 3 0 7 2 8]
 [7 8 0 1 6 9 4 5 3]
 [3 0 4 8 5 7 9 6 1]]
Number of cells unfilled: 12
Accuracy: 85.18518518518519
Sample: 569
Question:
[[0 0 9 0 0 7 0 0 6]
 [0 8 0 0 0 0 7 1 0]
 [0 0 0 4 0 0 9 0 0]
 [8 0 0 2 0 0 0 0 3]
 [0 0 0 0 5 0 6 0 0]
 [0 0 1 0 0 3 0 9 0]
 [5 0 0 0 2 0 0 0 0]
 [0 4 0 0 0 0 0 0 0]
 [7 0 6 0 0 9 3 0 0]]
Solution:
[[0 7 8 6 2 1 3 4 5]
 [9 2 3 7 4 8 0 1 6]
 [5 1 6 9 0 3 2 7 0]
 [8 9 5 3 1 4 6 0 7]
 [0 6 2 5 7 0 8 3 4]
 [1 3 7 2 9 6 5 0 0]
 [6 5 9 4 3 0 7 2 8]
 [7 8 0 1 6 2 4 5 3]
 [2 0 4 8 5 7 9 6 1]]
Number of cells unfilled: 12
Accuracy: 85.18518518518519
Sample: 570
Question:
[[0 0 7 9 0 0 0 5 0]
 [0 9 0 0 0 0 7 0 0]
 [4 0 0 0 7 0 3 0 9]
 [0 4 0 0 0 0 6 0 0]
 [0 0 9 6 0 0 0 0 5]
 [1 0 6 0 2 0 0 0 0]
 [0 8 0 0 0 2 0 0 7]
 [0 0 3 8 0 0 5 0 0]
 [0 0 0 0 6 1 0 8 0]]
Solution:
[[0 7 8 6 2 5 3 4 9]
 [9 2 3 7 4 8 1 0 6]
 [5 1 6 9 0 3 2 7 0]
 [8 9 5 3 1 4 6 0 7]
 [0 6 2 5 7 0 8 3 4]
 [1 3 7 2 9 6 5 0 0]
 [6 5 9 4 3 0 7 2 8]
 [7 8 0 1 6 9 4 5 3]
 [3 0 4 8 5 7 9 6 1]]
Number of cells unfilled: 12
Accuracy: 85.18518518518519
Sample: 571
Question:
[[0 7 0 0 0 0 0 0 4]
 [0 2 8 0 0 0 0 1 0]
 [1 0 0 8 0 7 0 9 0]
 [0 9 0 1 0 6 4 0 3]
 [0 0 0 0 0 0 0 6 0]
 [6 0 0 4 0 0 1 0 9]
 [3 0 0 6 0 9 0 4 0]
 [0 0 0 0 0 0 0 0 0]
 [0 5 0 0 8 0 9 0 0]]
Solution:
[[0 7 8 6 2 5 3 4 9]
 [9 2 3 7 4 8 0 1 6]
 [5 1 6 9 0 3 2 7 0]
 [8 9 5 3 1 4 6 0 2]
 [0 6 2 5 7 0 8 3 4]
 [1 3 7 2 9 6 5 0 0]
 [6 5 9 4 3 0 7 2 8]
 [7 8 0 1 6 9 4 5 3]
 [2 0 4 8 5 7 9 6 1]]
Number of cells unfilled: 12
Accuracy: 85.18518518518519
Sample: 572
Question:
[[0 7 0 4 0 9 3 0 0]
 [0 5 0 7 0 0 6 0 0]
 [3 0 0 0 0 0 0 0 0]
 [0 0 0 9 0 4 0 0 0]
 [0 9 0 0 7 0 5 4 0]
 [0 0 0 2 0 5 0 0 9]
 [0 2 0 0 0 7 4 0 0]
 [1 0 0 5 0 0 0 8 6]
 [0 0 5 0 0 0 0 3 0]]
Solution:
[[0 7 8 6 2 5 3 4 9]
 [9 2 3 7 4 8 0 1 6]
 [5 1 6 9 0 3 2 7 0]
 [8 9 5 3 1 4 6 0 7]
 [0 6 2 5 7 0 8 3 4]
 [1 3 7 2 9 6 5 0 0]
 [6 5 9 4 3 0 7 2 8]
 [7 8 0 1 6 2 4 5 3]
 [2 0 4 8 5 7 9 6 1]]
Number of cells unfilled: 12
Accuracy: 85.18518518518519
Sample: 573
Question:
[[1 0 0 6 0 0 0 7 0]
 [7 0 0 3 0 0 2 4 0]
 [0 3 0 0 0 0 0 0 0]
 [0 8 0 0 9 6 0 1 0]
 [0 0 0 0 3 0 0 0 0]
 [5 0 0 4 0 0 7 0 0]
 [0 1 0 0 0 0 4 2 0]
 [2 0 0 1 4 0 0 0 7]
 [0 0 0 9 0 0 1 5 0]]
Solution:
[[0 7 8 6 2 1 3 4 5]
 [9 2 3 7 4 8 1 0 6]
 [5 1 6 9 0 3 2 7 0]
 [8 9 5 3 1 4 6 0 2]
 [0 6 2 5 7 0 8 3 4]
 [1 3 7 2 9 6 5 0 0]
 [6 5 9 4 3 0 7 2 8]
 [7 8 0 1 6 9 4 5 3]
 [3 0 4 8 5 7 9 6 1]]
Number of cells unfilled: 12
Accuracy: 85.18518518518519
Sample: 574
Question:
[[0 0 0 0 0 7 0 0 2]
 [3 0 0 0 6 0 4 0 0]
 [0 9 0 5 0 0 0 1 0]
 [0 5 0 0 0 2 0 0 0]
 [0 0 1 0 0 0 6 0 0]
 [9 0 0 8 0 0 0 5 0]
 [8 0 0 0 7 0 0 0 0]
 [5 3 0 0 0 0 0 0 4]
 [0 0 9 3 0 0 0 8 0]]
Solution:
[[0 7 8 6 2 5 3 4 9]
 [9 0 3 7 4 8 2 1 6]
 [5 1 6 9 0 3 0 7 0]
 [8 0 5 3 1 4 6 9 2]
 [0 6 2 5 7 0 8 3 4]
 [1 3 7 2 9 6 5 0 0]
 [6 5 9 4 3 0 7 2 8]
 [7 8 0 1 6 2 4 5 3]
 [3 2 4 8 5 7 9 6 1]]
Number of cells unfilled: 12
Accuracy: 85.18518518518519
Sample: 575
Question:
[[0 3 0 7 6 0 0 8 0]
 [0 0 0 0 0 0 0 0 3]
 [0 0 6 0 0 3 2 0 0]
 [0 0 2 0 5 0 3 0 0]
 [9 0 0 0 0 0 0 0 1]
 [0 7 0 0 0 6 0 4 0]
 [0 0 0 0 0 5 0 0 0]
 [1 0 0 8 0 4 0 0 9]
 [0 0 7 0 3 0 4 0 0]]
Solution:
[[0 7 8 6 2 1 3 4 9]
 [9 2 3 7 4 8 1 0 6]
 [5 1 6 9 0 3 2 7 0]
 [8 9 5 3 1 4 6 0 7]
 [0 6 2 5 7 0 8 3 4]
 [1 3 7 2 9 6 5 0 0]
 [6 5 9 4 3 0 7 2 8]
 [7 8 0 1 6 2 4 5 3]
 [3 0 4 8 5 7 9 6 1]]
Number of cells unfilled: 12
Accuracy: 85.18518518518519
Sample: 576
Question:
[[0 6 2 0 0 0 0 5 0]
 [7 0 3 5 0 6 0 0 4]
 [0 0 0 0 7 0 0 6 0]
 [0 0 4 0 0 9 0 0 0]
 [0 5 0 0 0 3 4 0 1]
 [3 0 0 0 0 0 0 2 0]
 [0 0 5 0 0 0 3 0 0]
 [0 9 0 2 0 1 6 0 0]
 [0 0 0 6 8 0 9 0 0]]
Solution:
[[0 7 8 6 2 5 3 4 9]
 [9 2 3 7 4 8 1 0 6]
 [5 1 6 9 0 3 2 7 0]
 [8 9 5 3 1 4 6 0 2]
 [0 6 2 5 7 0 8 3 4]
 [1 3 7 2 9 6 5 0 0]
 [6 5 9 4 3 0 7 2 8]
 [7 8 0 1 6 2 4 5 3]
 [2 0 4 8 5 7 9 6 1]]
Number of cells unfilled: 12
Accuracy: 85.18518518518519
Sample: 577
Question:
[[0 0 7 0 0 0 1 0 3]
 [3 0 4 0 1 0 0 8 0]
 [0 2 0 0 0 8 0 0 4]
 [0 0 0 0 0 7 0 0 9]
 [0 0 8 0 0 6 0 0 0]
 [9 0 0 0 4 0 8 0 0]
 [0 0 2 0 0 0 0 5 0]
 [4 0 0 0 5 0 0 0 8]
 [0 3 5 6 0 0 4 0 0]]
Solution:
[[0 7 8 6 2 5 3 4 9]
 [9 2 3 7 4 8 1 0 6]
 [5 1 6 9 0 3 2 7 0]
 [8 9 5 3 1 4 6 0 2]
 [0 6 2 5 7 0 8 3 4]
 [1 3 7 2 9 6 5 0 0]
 [6 5 9 4 3 0 7 2 8]
 [7 8 0 1 6 9 4 5 3]
 [3 0 4 8 5 7 9 6 1]]
Number of cells unfilled: 12
Accuracy: 85.18518518518519
Sample: 578
Question:
[[0 6 0 9 0 0 0 4 2]
 [0 0 9 0 0 0 1 0 0]
 [0 0 0 0 0 4 0 0 0]
 [0 2 0 0 0 9 0 8 7]
 [0 0 6 8 0 0 0 0 0]
 [0 0 0 2 0 0 5 0 0]
 [6 0 0 7 0 0 0 0 0]
 [0 8 0 0 9 0 0 7 4]
 [0 0 3 4 0 2 0 6 0]]
Solution:
[[0 7 8 6 2 5 3 4 9]
 [9 2 3 7 4 8 0 1 6]
 [5 1 6 9 0 3 2 7 0]
 [8 0 5 3 1 4 6 9 2]
 [0 6 2 5 7 0 8 3 4]
 [1 3 7 2 9 6 5 0 0]
 [6 5 9 4 3 0 7 2 8]
 [7 8 0 1 6 2 4 5 3]
 [2 0 4 8 5 7 9 6 1]]
Number of cells unfilled: 12
Accuracy: 85.18518518518519
Sample: 579
Question:
[[0 0 0 0 0 3 0 0 5]
 [4 0 5 0 6 0 0 7 0]
 [0 9 0 0 0 0 0 0 0]
 [7 0 4 0 8 0 0 0 6]
 [0 2 9 0 0 0 0 8 0]
 [0 0 0 0 0 0 0 4 0]
 [0 0 2 1 0 0 0 6 7]
 [5 0 6 0 4 0 8 0 0]
 [0 0 0 0 0 6 0 0 0]]
Solution:
[[0 7 8 6 2 1 3 4 9]
 [9 2 3 7 4 8 0 1 6]
 [5 1 6 9 0 3 2 7 0]
 [8 0 5 3 1 4 6 9 2]
 [0 6 2 5 7 0 8 3 4]
 [1 3 7 2 9 6 5 0 0]
 [6 5 9 4 3 0 7 2 8]
 [7 8 0 1 6 2 4 5 3]
 [2 0 4 8 5 7 9 6 1]]
Number of cells unfilled: 12
Accuracy: 85.18518518518519
Sample: 580
Question:
[[0 0 0 0 0 4 0 0 7]
 [0 4 0 3 5 0 8 0 0]
 [0 0 5 0 8 0 0 0 0]
 [0 3 0 0 1 0 0 2 0]
 [0 0 7 0 0 8 3 0 1]
 [0 0 4 6 0 3 0 0 0]
 [0 9 0 0 0 0 0 0 0]
 [0 0 3 0 0 5 4 0 0]
 [4 0 0 0 0 0 0 0 6]]
Solution:
[[0 7 8 6 2 5 3 4 9]
 [9 2 3 7 4 8 0 1 6]
 [5 1 6 9 0 3 2 7 0]
 [8 9 5 3 1 4 6 0 2]
 [0 6 2 5 7 0 8 3 4]
 [1 3 7 2 9 6 5 0 0]
 [6 5 9 4 3 0 7 2 8]
 [7 8 0 1 6 2 4 5 3]
 [2 0 4 8 5 7 9 6 1]]
Number of cells unfilled: 12
Accuracy: 85.18518518518519
Sample: 581
Question:
[[0 0 0 1 0 0 0 8 6]
 [0 0 6 0 3 8 4 0 0]
 [0 0 0 0 9 0 0 0 3]
 [0 4 0 0 0 0 0 0 0]
 [0 0 3 0 4 5 0 6 0]
 [7 0 0 0 0 0 0 0 4]
 [0 0 0 2 0 0 0 0 0]
 [0 9 0 0 0 0 5 0 0]
 [0 0 4 0 5 3 0 0 8]]
Solution:
[[0 7 8 6 2 5 3 4 9]
 [9 2 3 7 4 8 0 1 6]
 [5 1 6 9 0 3 2 7 0]
 [8 9 5 3 1 4 6 0 2]
 [0 6 2 5 7 0 8 3 4]
 [1 3 7 2 9 6 5 0 0]
 [6 5 9 4 3 0 7 2 8]
 [7 8 0 1 6 9 4 5 3]
 [3 0 4 8 5 7 9 6 1]]
Number of cells unfilled: 12
Accuracy: 85.18518518518519
Sample: 582
Question:
[[8 0 1 0 0 0 0 0 0]
 [0 6 0 0 0 3 0 2 0]
 [0 7 0 0 4 0 0 0 1]
 [0 1 7 0 9 0 0 4 0]
 [6 0 0 0 0 0 1 0 9]
 [0 0 3 0 0 0 0 0 7]
 [0 0 0 0 0 4 0 0 0]
 [0 0 0 5 0 0 0 0 4]
 [0 2 4 0 7 0 9 0 0]]
Solution:
[[0 7 8 6 2 5 3 4 9]
 [9 2 3 7 4 8 0 1 6]
 [5 1 6 9 0 3 2 7 0]
 [8 9 5 3 1 4 6 0 7]
 [0 6 2 5 7 0 8 3 4]
 [1 3 7 2 9 6 5 0 0]
 [6 5 9 4 3 0 7 2 8]
 [7 8 0 1 6 9 4 5 3]
 [2 0 4 8 5 7 9 6 1]]
Number of cells unfilled: 12
Accuracy: 85.18518518518519
Sample: 583
Question:
[[2 0 0 0 3 8 0 0 0]
 [0 3 0 6 0 1 4 0 0]
 [0 0 6 0 0 7 0 3 5]
 [6 2 0 0 0 0 0 0 0]
 [3 0 7 0 0 0 9 1 0]
 [4 0 9 0 0 0 0 0 0]
 [8 0 0 0 1 0 0 7 0]
 [0 0 0 0 6 0 0 4 9]
 [0 0 0 0 0 3 5 0 0]]
Solution:
[[0 7 8 6 2 1 3 4 9]
 [9 2 3 7 4 8 1 0 6]
 [5 1 6 9 0 3 2 7 0]
 [8 9 5 3 1 4 6 0 2]
 [0 6 2 5 7 0 8 3 4]
 [1 3 7 2 9 6 5 0 0]
 [6 5 9 4 3 0 7 2 8]
 [7 8 0 1 6 9 4 5 3]
 [2 0 4 8 5 7 9 6 1]]
Number of cells unfilled: 12
Accuracy: 85.18518518518519
Sample: 584
Question:
[[4 0 0 2 0 0 0 0 0]
 [0 0 8 0 4 0 5 0 0]
 [0 6 0 0 0 0 0 0 1]
 [0 0 6 5 0 9 0 2 0]
 [8 0 0 0 6 0 9 0 0]
 [0 9 0 4 0 0 0 0 7]
 [0 8 0 0 5 0 3 0 0]
 [5 0 3 0 0 0 0 7 0]
 [0 0 0 1 0 0 0 0 0]]
Solution:
[[0 7 8 6 2 1 3 4 9]
 [9 0 3 7 4 8 2 1 6]
 [5 1 6 9 0 3 0 7 0]
 [8 0 5 3 1 4 6 9 2]
 [0 6 2 5 7 0 8 3 4]
 [1 3 7 2 9 6 5 0 0]
 [6 5 9 4 3 0 7 2 8]
 [7 8 0 1 6 9 4 5 3]
 [3 2 4 8 5 7 9 6 1]]
Number of cells unfilled: 12
Accuracy: 85.18518518518519
Sample: 585
Question:
[[9 0 0 4 0 0 8 0 0]
 [0 8 0 0 0 3 0 5 0]
 [1 0 0 0 8 0 0 0 3]
 [0 0 1 0 0 0 0 0 0]
 [0 9 0 0 4 0 3 0 0]
 [0 0 7 2 0 0 0 4 9]
 [6 0 0 0 0 0 0 0 2]
 [0 1 0 0 9 0 5 0 0]
 [0 0 0 0 0 7 0 6 0]]
Solution:
[[0 7 8 6 2 1 3 4 5]
 [9 2 3 7 4 8 1 0 6]
 [5 1 6 9 0 3 2 7 0]
 [8 9 5 3 1 4 6 0 7]
 [0 6 2 5 7 0 8 3 4]
 [1 3 7 2 9 6 5 0 0]
 [6 5 9 4 3 0 7 2 8]
 [7 8 0 1 6 2 4 5 3]
 [2 0 4 8 5 7 9 6 1]]
Number of cells unfilled: 12
Accuracy: 85.18518518518519
Sample: 586
Question:
[[0 0 9 3 0 0 0 0 0]
 [0 0 4 0 0 0 0 0 7]
 [0 6 0 0 0 4 0 2 0]
 [0 0 0 7 4 0 5 0 0]
 [6 0 0 0 0 9 0 4 0]
 [0 0 0 0 3 0 0 0 1]
 [4 8 0 0 1 0 0 0 0]
 [0 0 6 0 0 2 0 8 0]
 [0 2 0 0 0 0 0 0 5]]
Solution:
[[0 7 8 6 2 5 3 4 9]
 [9 0 3 7 4 8 2 1 6]
 [5 1 6 9 0 3 0 7 0]
 [8 0 5 3 1 4 6 9 2]
 [0 6 2 5 7 0 8 3 4]
 [1 3 7 2 9 6 5 0 0]
 [6 5 9 4 3 0 7 2 8]
 [7 8 0 1 6 9 4 5 3]
 [3 2 4 8 5 7 9 6 1]]
Number of cells unfilled: 12
Accuracy: 85.18518518518519
Sample: 587
Question:
[[1 0 0 0 0 0 5 0 3]
 [0 2 4 0 0 0 0 1 0]
 [0 0 0 0 0 1 0 0 2]
 [0 0 0 6 0 0 0 0 9]
 [0 0 6 0 7 0 0 0 0]
 [2 0 0 0 0 4 0 5 0]
 [0 0 0 0 8 0 0 0 5]
 [0 7 0 9 0 0 8 0 0]
 [5 0 0 0 0 2 0 3 0]]
Solution:
[[0 7 8 6 2 1 3 4 9]
 [9 2 3 7 4 8 1 0 6]
 [5 1 6 9 0 3 2 7 0]
 [8 9 5 3 1 4 6 0 2]
 [0 6 2 5 7 0 8 3 4]
 [1 3 7 2 9 6 5 0 0]
 [6 5 9 4 3 0 7 2 8]
 [7 8 0 1 6 2 4 5 3]
 [3 0 4 8 5 7 9 6 1]]
Number of cells unfilled: 12
Accuracy: 85.18518518518519
Sample: 588
Question:
[[3 0 2 0 0 0 0 0 6]
 [0 0 0 6 0 0 0 3 0]
 [0 6 0 0 0 0 5 4 0]
 [0 5 0 3 0 0 0 0 4]
 [0 0 0 0 0 1 0 0 0]
 [8 0 0 0 7 0 1 0 0]
 [2 0 0 0 9 0 0 7 0]
 [0 3 0 2 0 0 0 0 5]
 [0 0 9 0 0 8 0 0 0]]
Solution:
[[0 7 8 6 2 1 3 4 5]
 [9 2 3 7 4 8 0 1 6]
 [5 1 6 9 0 3 0 7 2]
 [8 0 5 3 1 4 6 9 7]
 [0 6 2 5 7 0 8 3 4]
 [1 3 7 2 9 6 5 0 0]
 [6 5 9 4 3 0 7 2 8]
 [7 8 0 1 6 9 4 5 3]
 [2 0 4 8 5 7 9 6 1]]
Number of cells unfilled: 12
Accuracy: 85.18518518518519
Sample: 589
Question:
[[7 0 0 0 0 4 0 0 5]
 [0 0 9 0 0 0 0 2 0]
 [0 0 0 0 1 0 9 0 0]
 [0 2 0 8 0 0 1 0 0]
 [0 0 0 0 0 0 0 8 0]
 [4 0 0 0 0 3 0 0 7]
 [0 0 5 0 0 6 0 0 0]
 [0 0 0 0 7 0 0 0 6]
 [6 0 0 4 3 0 7 0 0]]
Solution:
[[0 7 8 6 2 1 3 4 9]
 [9 2 3 7 4 8 1 0 6]
 [5 1 6 9 0 3 2 7 0]
 [8 9 5 3 1 4 6 0 7]
 [0 6 2 5 7 0 8 3 4]
 [1 3 7 2 9 6 5 0 0]
 [6 5 9 4 3 0 7 2 8]
 [7 8 0 1 6 9 4 5 3]
 [2 0 4 8 5 7 9 6 1]]
Number of cells unfilled: 12
Accuracy: 85.18518518518519
Sample: 590
Question:
[[7 0 0 8 0 0 0 4 0]
 [0 0 0 2 0 0 0 6 0]
 [0 2 0 0 4 0 0 0 8]
 [0 0 1 0 0 0 6 0 0]
 [0 3 0 0 0 4 0 0 9]
 [5 0 0 0 0 0 0 7 0]
 [0 0 5 0 3 0 0 0 0]
 [0 9 0 4 0 0 0 0 2]
 [3 0 0 0 9 0 0 1 0]]
Solution:
[[0 7 8 6 2 1 3 4 5]
 [9 2 3 7 4 8 0 1 6]
 [5 1 6 9 0 3 2 7 0]
 [8 9 5 3 1 4 6 0 2]
 [0 6 2 5 7 0 8 3 4]
 [1 3 7 2 9 6 5 0 0]
 [6 5 9 4 3 0 7 2 8]
 [7 8 0 1 6 2 4 5 3]
 [3 0 4 8 5 7 9 6 1]]
Number of cells unfilled: 12
Accuracy: 85.18518518518519
Sample: 591
Question:
[[0 0 0 0 0 7 0 0 0]
 [0 0 0 0 0 0 6 2 0]
 [5 0 6 8 0 0 0 3 0]
 [3 0 0 5 0 9 2 0 0]
 [0 0 7 0 0 0 0 6 3]
 [0 0 2 0 0 1 0 0 0]
 [0 0 0 0 0 8 1 0 0]
 [1 0 0 3 0 0 0 7 0]
 [0 2 8 0 9 0 0 5 0]]
Solution:
[[0 7 8 6 2 1 3 4 5]
 [9 2 3 7 4 8 0 1 6]
 [5 1 6 9 0 3 2 7 0]
 [8 9 5 3 1 4 6 0 2]
 [0 6 2 5 7 0 8 3 4]
 [1 3 7 2 9 6 5 0 0]
 [6 5 9 4 3 0 7 2 8]
 [7 8 0 1 6 9 4 5 3]
 [2 0 4 8 5 7 9 6 1]]
Number of cells unfilled: 12
Accuracy: 85.18518518518519
Sample: 592
Question:
[[0 0 7 9 0 0 0 1 0]
 [0 0 0 0 0 1 8 0 0]
 [0 1 0 0 2 0 4 0 9]
 [0 0 2 0 0 0 3 0 6]
 [5 0 0 3 0 0 0 0 0]
 [0 7 0 0 0 2 0 8 0]
 [0 0 9 0 6 0 0 0 8]
 [0 0 0 0 5 0 0 0 0]
 [0 2 0 0 0 8 0 4 0]]
Solution:
[[0 7 8 6 2 5 3 4 9]
 [9 2 3 7 4 8 1 0 6]
 [5 1 6 9 0 3 2 7 0]
 [8 9 5 3 1 4 6 0 2]
 [0 6 2 5 7 0 8 3 4]
 [1 3 7 2 9 6 5 0 0]
 [6 5 9 4 3 0 7 2 8]
 [7 8 0 1 6 9 4 5 3]
 [3 0 4 8 5 7 9 6 1]]
Number of cells unfilled: 12
Accuracy: 85.18518518518519
Sample: 593
Question:
[[0 3 7 0 0 0 6 1 0]
 [0 0 2 0 6 0 0 0 4]
 [0 8 0 0 9 2 0 5 0]
 [3 0 0 0 1 0 0 0 0]
 [0 2 0 0 0 0 0 0 0]
 [0 0 0 8 5 0 1 0 0]
 [0 0 4 5 0 0 0 0 1]
 [0 0 0 0 0 0 4 6 7]
 [0 0 0 0 0 0 5 0 0]]
Solution:
[[0 7 8 6 2 1 3 4 5]
 [9 2 3 7 4 8 0 1 6]
 [5 1 6 9 0 3 2 7 0]
 [8 9 5 3 1 4 6 0 2]
 [0 6 2 5 7 0 8 3 4]
 [1 3 7 2 9 6 5 0 0]
 [6 5 9 4 3 0 7 2 8]
 [7 8 0 1 6 2 4 5 3]
 [2 0 4 8 5 7 9 6 1]]
Number of cells unfilled: 12
Accuracy: 85.18518518518519
Sample: 594
Question:
[[0 7 0 0 0 0 0 0 0]
 [0 0 6 0 3 2 0 5 0]
 [0 0 5 1 7 0 0 0 0]
 [0 0 0 0 5 0 4 0 1]
 [4 0 0 2 0 0 0 0 0]
 [0 0 9 0 0 6 0 3 0]
 [5 9 0 0 0 8 3 0 0]
 [6 0 0 0 0 0 0 8 0]
 [0 0 8 0 2 0 0 0 5]]
Solution:
[[0 7 8 6 2 1 3 4 9]
 [9 2 3 7 4 8 1 0 6]
 [5 1 6 9 0 3 2 7 0]
 [8 9 5 3 1 4 6 0 7]
 [0 6 2 5 7 0 8 3 4]
 [1 3 7 2 9 6 5 0 0]
 [6 5 9 4 3 0 7 2 8]
 [7 8 0 1 6 9 4 5 3]
 [3 0 4 8 5 7 9 6 1]]
Number of cells unfilled: 12
Accuracy: 85.18518518518519
Sample: 595
Question:
[[7 0 2 0 8 0 5 0 0]
 [3 0 0 0 0 5 0 7 0]
 [0 5 0 0 0 0 0 0 8]
 [0 0 0 1 0 0 0 0 0]
 [0 3 0 0 7 2 8 0 0]
 [0 0 6 0 5 0 0 9 0]
 [0 0 3 0 6 0 0 1 4]
 [4 0 0 0 0 0 0 0 0]
 [0 2 0 0 0 7 3 0 0]]
Solution:
[[0 7 8 6 2 5 3 4 9]
 [9 2 3 7 4 8 1 0 6]
 [5 1 6 9 0 3 2 7 0]
 [8 9 5 3 1 4 6 0 2]
 [0 6 2 5 7 0 8 3 4]
 [1 3 7 2 9 6 5 0 0]
 [6 5 9 4 3 0 7 2 8]
 [7 8 0 1 6 9 4 5 3]
 [3 0 4 8 5 7 9 6 1]]
Number of cells unfilled: 12
Accuracy: 85.18518518518519
Sample: 596
Question:
[[8 6 0 0 9 0 0 0 0]
 [0 5 0 1 0 0 0 0 7]
 [0 0 0 0 0 5 0 8 0]
 [0 0 0 9 0 0 3 0 0]
 [0 0 2 0 8 0 0 5 0]
 [0 0 4 0 5 6 0 0 0]
 [0 0 8 0 0 0 0 0 0]
 [3 1 0 0 0 9 8 0 0]
 [0 0 0 0 3 0 0 1 5]]
Solution:
[[0 7 8 6 2 5 3 4 9]
 [9 2 3 7 4 8 1 0 6]
 [5 1 6 9 0 3 2 7 0]
 [8 9 5 3 1 4 6 0 7]
 [0 6 2 5 7 0 8 3 4]
 [1 3 7 2 9 6 5 0 0]
 [6 5 9 4 3 0 7 2 8]
 [7 8 0 1 6 2 4 5 3]
 [3 0 4 8 5 7 9 6 1]]
Number of cells unfilled: 12
Accuracy: 85.18518518518519
Sample: 597
Question:
[[0 0 0 0 0 0 0 0 7]
 [0 0 3 0 2 0 0 8 0]
 [0 0 0 0 0 4 6 0 0]
 [0 3 0 0 8 0 0 9 0]
 [2 0 1 0 0 9 0 0 0]
 [9 0 8 5 0 0 7 0 0]
 [8 0 0 0 0 0 5 0 0]
 [0 0 0 6 0 0 0 0 4]
 [3 0 0 0 9 0 0 2 0]]
Solution:
[[0 7 8 6 2 1 3 4 5]
 [9 2 3 7 4 8 0 1 6]
 [5 1 6 9 0 3 2 7 0]
 [8 9 5 3 1 4 6 0 2]
 [0 6 2 5 7 0 8 3 4]
 [1 3 7 2 9 6 5 0 0]
 [6 5 9 4 3 0 7 2 8]
 [7 8 0 1 6 2 4 5 3]
 [2 0 4 8 5 7 9 6 1]]
Number of cells unfilled: 12
Accuracy: 85.18518518518519
Sample: 598
Question:
[[5 6 0 0 0 0 0 0 0]
 [0 4 2 0 0 0 8 0 0]
 [0 0 0 0 0 1 0 6 0]
 [0 3 0 0 9 0 0 0 7]
 [8 0 0 0 2 0 0 5 6]
 [0 0 0 0 4 0 3 0 1]
 [0 0 0 0 0 0 7 0 0]
 [7 2 0 0 6 9 0 0 0]
 [1 9 0 0 0 4 0 0 0]]
Solution:
[[0 7 8 6 2 1 3 4 9]
 [9 2 3 7 4 8 0 1 6]
 [5 1 6 9 0 3 0 7 2]
 [8 0 5 3 1 4 6 9 7]
 [0 6 2 5 7 0 8 3 4]
 [1 3 7 2 9 6 5 0 0]
 [6 5 9 4 3 0 7 2 8]
 [7 8 0 1 6 9 4 5 3]
 [2 0 4 8 5 7 9 6 1]]
Number of cells unfilled: 12
Accuracy: 85.18518518518519
Sample: 599
Question:
[[0 0 2 0 0 8 0 7 0]
 [8 0 0 0 1 0 5 0 0]
 [0 9 0 6 0 0 0 0 8]
 [0 8 0 1 5 0 0 0 0]
 [2 0 0 0 0 3 0 5 0]
 [0 0 0 2 0 0 4 0 0]
 [0 2 0 0 0 9 0 3 0]
 [3 0 0 0 6 0 2 0 0]
 [0 0 7 0 0 0 0 0 5]]
Solution:
[[0 7 8 6 2 1 3 4 9]
 [9 0 3 7 4 8 2 1 6]
 [5 1 6 9 0 3 0 7 0]
 [8 0 5 3 1 4 6 9 7]
 [0 6 2 5 7 0 8 3 4]
 [1 3 7 2 9 6 5 0 0]
 [6 5 9 4 3 0 7 2 8]
 [7 8 0 1 6 2 4 5 3]
 [3 2 4 8 5 7 9 6 1]]
Number of cells unfilled: 12
Accuracy: 85.18518518518519
Sample: 600
Question:
[[0 0 0 0 2 0 0 0 0]
 [0 0 3 7 0 8 0 0 6]
 [5 1 0 0 0 3 0 7 0]
 [0 0 5 3 0 4 0 0 0]
 [0 6 0 0 0 0 0 3 0]
 [0 0 0 0 9 6 0 0 0]
 [0 5 0 4 0 0 0 0 8]
 [7 0 0 0 0 0 4 0 3]
 [0 0 4 8 0 7 0 6 0]]
Solution:
[[0 7 8 6 2 5 3 4 9]
 [9 2 3 7 4 8 0 1 6]
 [5 1 6 9 0 3 2 7 0]
 [8 9 5 3 1 4 6 0 2]
 [0 6 2 5 7 0 8 3 4]
 [1 3 7 2 9 6 5 0 0]
 [6 5 9 4 3 0 7 2 8]
 [7 8 0 1 6 2 4 5 3]
 [3 0 4 8 5 7 9 6 1]]
Number of cells unfilled: 12
Accuracy: 85.18518518518519
